Test_Spring_2018b/11_17/Temp/20171117_007.txt
ncols	170
nrows	115
xllcorner	350000.000000
yllcorner	4445000.000000
cellsize	1000.000000
nodata_value	-9999.000000
[rows 32 to 63 of 115, columns 72 to 143 of 170]
12.5008 12.1707 12.683 13.1549 12.873 12.6818 13.4579 13.4584 13.1948 12.5749 12.3478 12.1122 11.9679 11.1723 8.93942 6.92637 8.00472 8.02989 7.28346 8.62017 7.91275 6.06864 3.46568 4.87865 4.5093 2.66289 2.20323 -9999 -9999 -9999 -9999 -9999 -9999 -9999 -9999 -9999 -9999 -9999 -9999 -9999 -9999 -9999 -9999 -9999 -9999 -9999 -9999 -9999 -9999 -9999 -9999 -9999 -9999 -9999 -9999 -9999 -9999 -9999 -9999 -9999 -9999 -9999 -9999 -9999 -9999 -9999 -9999 -9999 -9999 -9999 -9999 -9999
12.0593 11.918 12.6792 12.6642 12.6166 12.8959 13.3787 13.4751 13.3726 13.1024 12.8686 12.6198 11.9879 11.0777 9.16669 6.87535 6.35548 7.47652 7.52984 7.70945 7.06478 6.25509 4.9888 6.02386 6.42508 5.20906 3.61889 2.59628 -9999 -9999 -9999 -9999 -9999 -9999 -9999 -9999 -9999 -9999 -9999 -9999 -9999 -9999 -9999 -9999 -9999 -9999 -9999 -9999 -9999 -9999 -9999 -9999 -9999 -9999 -9999 -9999 -9999 -9999 -9999 -9999 -9999 -9999 -9999 -9999 -9999 -9999 -9999 -9999 -9999 -9999 -9999 -9999
11.5324 10.7962 11.2553 11.6004 12.2361 12.4099 12.5059 13.4131 13.3656 13.3241 12.9374 12.6281 12.1154 11.2393 9.99186 8.48977 5.87426 7.48663 8.749 8.71614 8.64633 8.07892 6.86243 7.87843 7.92507 6.3697 4.60625 3.56772 3.13741 -9999 -9999 -9999 -9999 -9999 -9999 -9999 -9999 -9999 -9999 -9999 -9999 -9999 -9999 -9999 -9999 -9999 -9999 -9999 -9999 -9999 -9999 -9999 -9999 -9999 -9999 -9999 -9999 -9999 -9999 -9999 -9999 -9999 -9999 -9999 -9999 -9999 -9999 -9999 -9999 -9999 -9999 -9999
10.9333 10.0338 10.4959 11.1121 11.98 12.4301 12.7788 13.0505 13.3275 13.2953 12.8995 11.7295 11.5626 11.5121 10.6962 8.98378 7.27347 6.8302 8.7562 9.30709 9.19414 9.62357 8.593 9.07867 8.87807 8.32498 6.62546 5.07895 4.43803 3.17282 -9999 -9999 -9999 -9999 -9999 -9999 -9999 -9999 -9999 -9999 -9999 -9999 -9999 -9999 -9999 -9999 -9999 -9999 -9999 -9999 -9999 -9999 -9999 -9999 -9999 -9999 -9999 -9999 -9999 -9999 -9999 -9999 -9999 -9999 -9999 -9999 -9999 -9999 -9999 -9999 -9999 -9999
-9999 -9999 9.4701 10.3075 11.0028 11.8518 12.5903 12.958 13.3151 13.2869 12.4952 12.1081 12.0745 11.5401 10.5982 10.0069 8.93008 7.80802 8.23622 9.87853 9.14722 10.3104 10.211 10.4239 9.64477 8.16505 6.1934 5.04394 4.47041 3.44492 -9999 -9999 -9999 -9999 -9999 -9999 -9999 -9999 -9999 -9999 -9999 -9999 -9999 -9999 -9999 -9999 -9999 -9999 -9999 -9999 -9999 -9999 -9999 -9999 -9999 -9999 -9999 -9999 -9999 -9999 -9999 -9999 -9999 -9999 -9999 -9999 -9999 -9999 -9999 -9999 -9999 -9999
-9999 -9999 -9999 10.1558 10.686 11.8219 12.4137 12.6526 13.2284 13.2302 12.9306 12.7044 12.3759 11.9467 11.2389 10.4578 9.44499 9.35109 10.4016 10.4142 10.1941 10.3659 10.9049 10.7616 9.5529 7.47322 6.37355 4.13912 3.18182 3.27851 2.59977 -9999 -9999 -9999 -9999 -9999 -9999 -9999 -9999 -9999 -9999 -9999 -9999 5.18614 -9999 -9999 -9999 -9999 -9999 -9999 -9999 -9999 -9999 -9999 -9999 -9999 -9999 -9999 -9999 -9999 -9999 -9999 -9999 -9999 1.08929 -9999 -9999 -9999 -9999 -9999 -9999 -9999
-9999 -9999 10.0553 10.7633 11.3164 12.029 12.0988 12.5281 13.1901 13.2003 12.988 12.7479 12.2075 12.0737 11.6708 10.8228 10.6493 10.9929 11.1509 11.33 11.44 11.3497 11.1302 10.8465 10.0647 9.09937 8.45103 6.40901 5.37736 4.3895 2.89511 1.72594 -9999 -9999 -9999 -9999 -9999 -9999 -9999 4.41199 4.35615 4.38219 4.70911 5.61256 5.08032 -9999 -9999 -9999 -9999 -9999 -9999 -9999 -9999 -9999 -9999 -9999 -9999 -9999 -9999 -9999 -9999 -9999 -9999 -9999 1.90794 0.732018 -9999 -9999 -9999 -9999 -9999 -9999
-9999 -9999 10.2471 10.9942 11.3681 12.0605 12.4573 12.7218 12.9518 13.1715 13.1353 12.8695 12.465 12.4678 11.91 11.6093 11.3945 11.8593 11.951 11.7641 11.5297 11.3222 10.7363 10.6676 10.4717 9.85852 8.85274 7.81634 6.31978 4.29134 2.30219 0.69768 -9999 -9999 -9999 -9999 -9999 -9999 4.58387 5.33481 5.78451 4.82732 5.64408 6.39038 6.27005 5.53883 -9999 -9999 -9999 -9999 -9999 -9999 -9999 -9999 -9999 -9999 -9999 -9999 -9999 -9999 7.48436 6.27899 3.84388 2.59581 1.84708 0.777898 -9999 -9999 -9999 -9999 -9999 -9999
-9999 -9999 10.1005 10.9828 11.5812 12.1124 12.199 12.7487 12.985 13.1034 13.0901 13.0378 12.9636 12.4769 12.2676 11.5317 12.2359 12.2092 12.0308 11.325 11.0187 9.80681 9.273 9.1491 10.1665 9.41222 7.83884 5.87229 3.51061 3.354 2.5717 1.13754 -9999 -9999 -9999 -9999 -9999 -9999 4.81958 5.62286 6.29319 6.39045 5.43885 6.76554 6.70831 5.96408 5.79389 6.40107 6.70797 6.47466 7.20074 7.41221 7.08284 7.44159 -9999 -9999 -9999 -9999 7.65299 7.70179 7.73878 7.23674 4.57652 2.75973 1.12822 0.975431 -9999 -9999 -9999 -9999 -9999 -9999
-9999 -9999 10.7114 11.2556 11.5319 11.5786 12.0557 12.537 12.8291 13.0422 13 12.9832 12.9652 12.7989 12.4122 12.4819 12.4506 12.2247 10.8815 9.3136 9.99643 9.06592 7.07225 8.68762 9.57551 8.72095 6.81456 4.60424 3.88062 3.90801 2.8204 1.4212 -9999 -9999 -9999 2.6263 3.77671 3.87701 4.21631 5.28784 6.10282 6.71698 7.1347 7.11807 6.6738 5.94559 5.15403 5.4335 6.85201 7.19636 7.48524 7.70423 7.39819 7.55504 7.93392 8.12949 8.16882 8.07919 8.05869 8.08982 8.04469 7.57626 5.19798 3.83635 2.96769 1.22046 -9999 -9999 -9999 -9999 -9999 -9999
-9999 -9999 10.3714 10.845 11.229 11.8651 11.9343 12.3374 12.5811 12.9351 12.9758 12.5624 12.9051 12.8613 12.7975 12.6619 12.463 11.3292 9.76633 8.19948 7.47577 7.78276 6.5835 7.19569 8.09533 7.76566 6.59487 4.62554 4.34677 3.88843 2.05895 0.299047 -9999 -9999 0.398092 2.60527 4.15956 4.96145 5.21001 5.23397 6.26087 6.34116 7.44619 7.18422 5.71917 5.88185 5.31067 5.67702 6.19421 6.33503 7.08063 7.80039 7.93509 7.93703 8.17786 8.22683 8.23916 8.23264 8.0687 8.14389 8.15572 7.86387 6.14001 5.29959 4.37208 1.24575 -9999 -9999 -9999 -9999 -9999 -9999
-9999 -9999 10.6138 11.1429 11.7222 11.818 12.2477 12.2072 12.0914 12.6886 12.9068 12.6152 12.4053 12.7934 12.7668 12.7154 12.6305 11.565 10.3318 8.46491 7.30457 6.59406 6.08937 5.41262 5.87382 5.73071 5.53943 5.75612 5.21417 4.13365 3.06268 1.05885 -0.0246854 -9999 0.520256 1.51639 3.36499 4.93609 5.93351 5.57511 6.74286 6.95914 7.6303 7.23362 6.34287 5.95755 5.92153 5.80282 6.58724 7.11366 7.48319 7.73089 8.04063 8.1183 8.19662 8.22899 8.24655 8.26462 8.26064 8.25469 8.22019 8.11083 7.31852 6.47858 4.66533 1.35238 -9999 -9999 -9999 -9999 -9999 -9999
-9999 9.07875 10.5557 11.4416 11.7862 12.0355 12.2556 12.4154 12.5863 12.7433 12.851 12.8056 12.0322 12.0958 12.2351 12.6745 12.643 12.5465 11.8721 9.60046 8.81437 7.66552 6.17898 5.55492 5.86362 7.07962 7.02372 6.21595 5.31599 4.07247 3.28098 2.05227 -0.305934 -0.0943892 0.967063 1.75709 3.0136 4.93408 6.28041 6.88119 7.10796 7.57918 7.82424 7.27892 6.75987 6.54083 6.13671 6.07779 6.07861 6.5516 6.91847 7.74115 8.01699 8.14273 8.20639 8.24047 8.26537 8.29017 8.29896 8.28347 8.28481 8.27892 8.22033 7.10358 4.30688 2.20271 -9999 -9999 -9999 -9999 -9999 -9999
-9999 -9999 10.2856 10.6766 10.7807 10.9613 11.3282 11.7508 12.3515 12.4298 12.7592 12.7593 12.0927 11.3229 11.9941 12.2607 12.5369 12.545 12.4577 10.5473 9.54788 8.76069 7.33515 7.84558 8.33198 8.36741 8.07136 6.34105 4.61786 2.63118 0.775346 0.68563 -0.313251 0.214096 0.915276 2.71583 3.98317 4.49733 4.86667 6.81881 7.32536 7.49768 7.99606 7.313 7.13748 6.62329 6.77332 6.72625 6.72693 5.30608 6.72557 6.8079 7.73349 8.14881 8.24245 8.26752 8.29462 8.29901 8.30466 8.30089 8.31091 8.29692 8.28096 7.55509 4.01042 2.23192 -9999 -9999 -9999 -9999 -9999 -9999
-9999 -9999 -9999 -9999 10.4168 10.7159 10.9086 11.2402 12.2533 12.5267 12.7087 12.7254 12.4291 11.6673 11.4668 11.6067 10.8626 11.4846 12.3353 12.3132 12.2089 10.5298 9.6687 10.498 10.2437 8.98077 7.98651 7.00527 4.98803 3.51093 1.38421 -0.212875 -0.273773 1.48719 2.94986 4.77192 5.57616 5.11901 5.61502 6.58343 7.68412 8.21568 8.08879 7.36874 7.2651 6.47321 7.2471 7.31124 6.94796 6.63369 6.7543 7.21107 7.3844 8.10838 8.28298 8.31335 8.31864 8.32169 8.31892 8.31534 8.30614 8.29892 8.28916 8.25681 4.61319 1.77957 -9999 -9999 -9999 -9999 -9999 -9999
-9999 -9999 -9999 -9999 9.7201 9.90344 10.3809 11.6027 12.2457 12.5054 12.4984 12.6191 12.4106 11.7404 11.0522 10.4028 9.56496 10.0438 11.3107 12.0571 12.1409 10.6689 11.4314 11.1431 10.5765 8.92527 7.70796 7.06189 5.12519 3.46687 2.05159 0.0981611 0.932554 1.85188 3.03312 5.02098 6.36252 6.91386 6.45132 7.07094 8.33761 8.34375 7.64937 7.69282 7.26752 6.18607 7.30741 7.62125 7.36401 7.42778 7.32907 7.49789 7.80724 8.10341 8.30022 8.32623 8.32892 8.32248 8.32245 8.32322 8.30959 8.3111 8.30133 8.28321 5.9315 1.72921 -9999 -9999 -9999 -9999 -9999 -9999
-9999 -9999 -9999 -9999 -9999 9.08934 10.1753 11.7963 12.2025 12.1679 12.5038 12.5341 12.2134 11.9349 11.0993 9.95712 7.76262 8.32141 9.48755 11.1691 12.0522 11.9316 11.4367 10.5805 8.51116 6.69995 6.47853 6.18073 4.76697 3.48963 1.91633 2.82626 3.82341 4.91468 5.48816 5.33939 6.48897 7.4262 7.02847 7.7886 8.67506 8.27188 8.03271 7.83147 7.3404 7.30885 7.35762 7.99342 7.54966 7.81871 7.82193 7.80482 7.95449 8.12731 8.30927 8.33852 8.33852 8.3415 8.32039 8.32816 8.31804 8.30813 8.29915 8.28364 8.07125 5.80823 4.45558 -9999 -9999 -9999 -9999 -9999
-9999 -9999 -9999 -9999 -9999 8.09335 8.63633 10.5556 11.152 12.0007 12.4521 12.4743 11.9321 11.6301 10.3847 9.98092 7.95096 7.03182 7.8113 7.51195 9.82748 11.8762 11.4272 7.28754 5.7871 4.71644 4.98945 4.99057 4.59611 2.42244 1.82246 3.76712 4.99155 5.94039 6.66036 6.81031 6.78593 8.25178 8.44652 8.9224 8.81827 8.86145 8.12027 7.66083 8.05759 7.59426 7.51335 8.17031 7.51898 8.10398 8.03116 7.85321 7.84253 8.22809 8.30544 8.34601 8.34789 8.33271 8.31334 8.30249 8.31544 8.3101 8.2892 8.29085 8.27035 8.00215 6.83103 6.42218 6.87672 -9999 -9999 -9999
-9999 -9999 -9999 -9999 -9999 -9999 6.85226 9.51837 10.7398 11.3811 12.2831 12.3931 12.1049 11.582 10.3135 9.19775 7.38313 5.31039 4.21271 7.49763 10.3564 11.8479 11.6489 8.20291 6.84198 6.77746 7.57668 6.89978 6.38621 4.73428 4.23993 3.55339 3.97559 5.29769 6.3781 7.42081 8.17893 8.24094 8.73263 9.01477 9.03727 9.12478 9.03652 8.96401 8.24688 8.73826 8.3178 8.53794 8.39295 8.26191 8.14746 7.73737 8.02463 8.27911 8.34406 8.36273 8.34694 8.34319 8.33237 8.30854 8.29808 8.29686 8.29494 8.28238 8.28271 8.27122 8.1406 7.43624 6.49298 5.30105 -9999 -9999
-9999 -9999 -9999 -9999 -9999 -9999 5.52475 8.17771 9.45947 11.1054 11.9527 12.297 12.2531 11.8295 10.8658 9.41467 8.20554 5.89172 3.48892 6.9375 10.009 11.6659 11.7528 8.85519 9.65638 9.0065 9.26696 8.07841 7.58413 7.19352 6.34018 5.40729 4.3859 3.84575 6.27201 7.51797 8.52062 8.99331 9.2603 9.3932 9.32115 9.13771 8.05904 8.8789 8.83186 8.7482 8.65249 8.60516 8.51818 8.41611 8.35362 8.33108 8.05852 8.36384 8.355 8.35846 8.35941 8.35107 8.33563 8.32225 8.3058 8.3057 8.2962 8.28605 8.2792 8.27669 8.26862 8.23046 8.04371 6.44288 5.48551 5.21615
-9999 -9999 -9999 -9999 -9999 -9999 1.80325 5.66158 8.76475 10.3851 11.7031 12.0665 12.203 11.6343 11.2089 10.1688 9.18358 7.66332 5.38603 3.98351 6.56581 10.3182 11.7012 11.5902 11.5024 10.7514 10.0745 9.98817 10.0381 9.251 8.1026 6.60463 6.13602 5.6111 7.41816 7.66329 7.53118 9.51781 9.52191 9.40831 8.64719 7.7956 7.95576 7.42758 7.82783 7.19793 7.77346 8.27068 8.45521 8.43792 8.36837 8.35737 8.32618 8.37697 8.37511 8.36576 8.3586 8.35466 8.34696 8.32371 8.31053 8.31888 8.30251 8.29085 8.28058 8.28037 8.27659 8.2484 8.2228 7.977 7.6072 6.90056
-9999 -9999 -9999 -9999 -9999 -9999 1.97046 5.21939 7.97214 9.62281 11.2107 11.5801 12.1165 12.0018 11.5562 10.6521 9.52222 8.27102 6.31728 4.86491 6.59104 9.08355 10.8671 11.5037 11.4962 11.4522 11.2816 11.2086 11.0104 10.8692 10.0467 8.63007 7.83047 6.6605 8.67423 8.89998 8.58464 9.58928 9.53822 8.01743 6.84773 6.70087 7.41298 6.73325 6.61055 6.18677 6.66204 7.93885 7.56251 7.63441 8.21078 8.30479 8.36267 8.378 8.37301 8.36947 8.35904 8.36012 8.36128 8.33838 8.32774 8.32248 8.30041 8.29539 8.28016 8.27035 8.26145 8.24644 8.22309 8.15343 8.07615 8.15562
-9999 -9999 -9999 -9999 -9999 -9999 2.03707 4.22582 6.70306 9.13306 10.8285 11.5131 12.0116 12.007 11.4889 11.0396 10.3313 9.23047 8.47516 7.16401 5.36466 8.37947 9.3051 10.1273 10.4716 11.3307 11.3086 10.9134 10.4543 10.8782 10.7506 9.63046 9.26188 8.6399 9.75964 9.76185 9.73026 9.66957 8.38471 6.59892 5.17119 6.19662 5.98072 6.45103 4.98759 6.18661 7.15152 7.46321 6.80524 6.31596 7.82019 8.06629 8.21359 8.30769 8.36933 8.35353 8.3684 8.35916 8.35449 8.34946 8.33642 8.32851 8.31534 8.30189 8.28777 8.2797 8.26286 8.24094 8.23991 8.20405 8.18979 8.17547
-9999 -9999 -9999 -9999 -9999 -9999 -9999 2.93878 6.07697 8.8804 10.4417 11.4239 11.9027 11.8947 11.63 11.3248 10.8855 10.0912 9.09322 7.51643 6.34563 7.08757 7.99457 8.09339 8.695 10.4418 11.0379 10.1906 8.09687 9.32869 10.7053 10.6822 10.5641 10.4321 10.2628 10.1106 9.77822 8.88883 6.1655 5.62921 4.56016 4.68032 4.13106 5.3266 4.87578 6.1033 6.63419 6.83343 5.69493 5.9318 7.26341 7.79079 7.70193 8.02549 8.33514 8.34477 8.35326 8.34498 8.35149 8.35387 8.34869 8.33394 8.32368 8.31615 8.28944 8.29354 8.19264 8.12728 7.99445 8.16007 8.17649 8.18344
-9999 -9999 -9999 -9999 -9999 -9999 -9999 2.31393 5.44732 8.74848 9.80914 10.8678 11.7815 11.7998 11.395 11.0097 10.6126 10.1604 8.95015 7.77643 6.65576 6.27913 6.50409 6.48493 7.45905 9.73524 10.1752 9.98622 7.79729 7.05669 8.89597 10.4417 10.5628 10.422 8.60158 8.98868 8.00636 6.67424 6.30709 5.7235 4.49102 5.08274 4.17942 4.56478 4.45847 5.1547 5.49328 6.32164 5.32932 5.33041 6.63773 7.29809 7.31377 8.00726 8.25424 8.31875 8.33487 8.34649 8.34951 8.36055 8.35436 8.34442 8.33122 8.29843 8.21983 7.97525 6.66062 6.66285 7.02493 7.36769 7.98909 8.16439
-9999 -9999 -9999 -9999 -9999 -9999 -9999 2.67653 4.85114 7.7803 9.95024 10.0874 11.1426 11.6875 11.2472 10.7512 10.2435 10.0214 8.70443 7.25767 6.0886 4.70481 4.93211 5.92472 7.54745 9.01751 9.27968 8.97481 7.79998 8.35247 9.60659 10.2722 10.4681 10.3128 9.91585 9.68625 8.96269 8.64872 7.64392 6.07314 5.45384 5.84445 4.17654 4.29173 4.90666 4.249 5.32686 5.84189 4.56106 5.5716 6.73007 7.32196 7.83949 8.08423 8.1816 8.33127 8.33508 8.34766 8.35458 8.35251 8.35261 8.3285 8.30857 8.16893 7.96288 6.73543 6.22445 6.32534 6.89346 7.39108 7.9098 8.12343
-9999 -9999 -9999 -9999 -9999 -9999 -9999 3.0472 5.0051 7.54489 9.09217 9.36962 10.5397 11.58 11.4642 10.9481 10.791 10.2558 9.13892 7.90516 6.55659 5.90075 4.39343 5.87654 7.04862 8.2935 8.8755 7.90959 7.42547 8.28051 9.1306 9.46976 10.3284 10.3197 10.0391 8.83122 8.24191 8.49015 8.23653 7.79281 6.71126 6.66213 5.96683 5.67809 5.4052 4.51978 5.08114 5.13605 5.28498 6.50116 7.10366 7.50294 7.86618 7.96119 8.11904 8.32409 8.34202 8.34931 8.34837 8.35223 8.33718 8.27883 8.22966 7.94847 7.45064 6.52163 5.01637 6.07829 7.18876 7.5202 7.84181 8.01004
-9999 -9999 -9999 -9999 -9999 -9999 -9999 2.71397 4.79369 6.96437 7.87234 8.02705 10.144 11.4404 11.443 11.1985 10.9127 9.59087 9.66839 9.40387 8.18741 6.41555 4.46953 4.65164 5.80801 7.45356 7.99723 6.4024 5.8394 6.25236 7.53815 8.68909 9.89089 10.1957 9.84244 7.96247 5.96465 6.8904 7.87954 7.87333 7.58211 6.57894 6.25966 5.97044 5.23798 3.99734 4.17686 4.51989 5.89868 6.33558 7.01121 7.5723 7.35984 7.48324 8.02032 8.32843 8.33987 8.34524 8.35531 8.34817 8.32971 8.21338 8.09019 7.88346 6.58531 5.77808 4.60552 5.97042 6.72744 7.12882 7.8498 8.02213
-9999 -9999 -9999 -9999 -9999 -9999 -9999 2.07065 3.58003 5.65474 6.49128 7.82515 9.82567 10.8098 11.2817 11.2716 11.0812 10.4893 10.1334 9.43207 8.16671 6.43649 4.51314 3.2609 3.89696 6.10867 6.62987 5.16049 4.41352 5.34234 6.71267 8.74202 9.90128 10.0573 9.9519 9.5638 8.10505 6.34266 6.34802 7.23096 6.49086 5.63068 6.10235 6.01384 5.29066 4.76426 4.44053 4.63699 5.4229 5.74823 6.52889 7.68158 7.84619 7.81297 8.29818 8.32218 8.33329 8.35143 8.35071 8.34612 8.33143 8.23651 8.024 7.15987 6.4063 5.35795 5.22822 6.44481 6.97708 7.47036 7.82419 7.93977
-9999 -9999 -9999 -9999 -9999 -9999 -9999 0.962899 2.73851 4.68201 6.50177 8.2234 9.70514 9.82003 10.6016 10.6009 11.0103 10.8932 10.3445 9.75383 8.66363 6.44111 4.57217 2.53388 3.07081 5.32529 5.61772 4.63375 2.81644 4.69159 6.75961 8.63384 9.64819 8.85197 9.66687 9.59934 9.05241 8.00303 6.37169 6.40186 5.17904 5.12504 5.75177 5.9545 5.8489 5.45352 4.82163 4.92533 5.40114 5.52219 6.23956 7.13361 8.00775 8.15424 8.32069 8.32755 8.33002 8.34346 8.34505 8.32667 8.28178 8.18247 7.45799 6.59642 6.06559 5.33507 5.24627 6.65139 7.20894 7.5181 7.82373 7.94455
-9999 -9999 -9999 -9999 -9999 -9999 -9999 -9999 2.55685 4.5646 6.05037 6.45083 7.7679 8.47922 9.02966 9.15182 10.7218 10.8084 10.4606 9.91807 8.98827 7.30177 6.1266 4.17152 2.76611 3.33814 3.60699 4.12264 3.9697 4.80561 6.79284 8.86326 9.08858 7.77235 7.9666 8.2413 8.85766 8.54408 6.32149 5.19189 4.25406 4.91885 5.61816 5.7866 5.81944 5.6832 5.52238 5.24989 6.1855 6.87758 7.03738 7.64087 8.08633 8.20898 8.30136 8.31248 8.32389 8.32388 8.29775 8.27878 8.16671 7.9157 7.10529 5.15653 5.24728 5.03625 4.4298 5.79963 6.66231 7.43621 7.84749 7.95376
-9999 -9999 -9999 -9999 -9999 -9999 -9999 -9999 1.88901 4.21187 4.70298 4.66705 3.89864 4.25293 7.10349 7.67764 9.18331 10.6089 10.5043 9.97204 9.10212 8.09764 6.5425 4.34375 2.59656 1.85731 3.73379 5.57926 5.95976 6.54849 7.76594 7.99679 6.65159 5.39008 6.09743 6.52325 8.14739 8.44326 8.12675 6.78722 5.25569 4.45572 5.39788 5.52282 5.57821 5.58814 5.55453 5.51188 6.56641 7.1497 7.55409 7.77393 8.15627 8.25371 8.28463 8.3138 8.30662 8.28667 8.22602 8.1571 7.85404 7.48717 6.15978 5.05304 4.36276 3.48657 5.46007 6.04487 6.85682 7.37871 7.78766 7.87723
