Test_Spring_2018b/11_17/Temp/20171108_004.txt
ncols	170
nrows	115
xllcorner	350000.000000
yllcorner	4445000.000000
cellsize	1000.000000
nodata_value	-9999.000000
[rows 32 to 63 of 115, columns 72 to 143 of 170]
13.5086 13.2144 13.684 14.117 13.868 13.7016 14.4121 14.4176 14.1837 13.6266 13.4257 13.2171 13.0912 12.3748 10.3552 8.53504 9.51804 9.54615 8.87472 10.0923 9.45639 7.78992 5.43545 6.72247 6.39342 4.72971 4.32253 -9999 -9999 -9999 -9999 -9999 -9999 -9999 -9999 -9999 -9999 -9999 -9999 -9999 -9999 -9999 -9999 -9999 -9999 -9999 -9999 -9999 -9999 -9999 -9999 -9999 -9999 -9999 -9999 -9999 -9999 -9999 -9999 -9999 -9999 -9999 -9999 -9999 -9999 -9999 -9999 -9999 -9999 -9999 -9999 -9999
13.1088 12.9857 13.6809 13.6724 13.6363 13.896 14.3406 14.4331 14.3453 14.1054 13.8985 13.6779 13.11 12.2897 10.562 8.48944 8.02322 9.04497 9.09862 9.26687 8.68778 7.95914 6.81654 7.76074 8.13026 7.03749 5.60569 4.68716 -9999 -9999 -9999 -9999 -9999 -9999 -9999 -9999 -9999 -9999 -9999 -9999 -9999 -9999 -9999 -9999 -9999 -9999 -9999 -9999 -9999 -9999 -9999 -9999 -9999 -9999 -9999 -9999 -9999 -9999 -9999 -9999 -9999 -9999 -9999 -9999 -9999 -9999 -9999 -9999 -9999 -9999 -9999 -9999
12.6315 11.9689 12.3903 12.7082 13.2931 13.4573 13.5495 14.3773 14.3393 14.3068 13.9613 13.6859 13.2261 12.4368 11.3108 9.9539 7.58745 9.05464 10.2045 10.18 10.1221 9.61299 8.51543 9.44222 9.4901 8.0928 6.50321 5.56738 5.18302 -9999 -9999 -9999 -9999 -9999 -9999 -9999 -9999 -9999 -9999 -9999 -9999 -9999 -9999 -9999 -9999 -9999 -9999 -9999 -9999 -9999 -9999 -9999 -9999 -9999 -9999 -9999 -9999 -9999 -9999 -9999 -9999 -9999 -9999 -9999 -9999 -9999 -9999 -9999 -9999 -9999 -9999 -9999
12.0888 11.2781 11.702 12.2658 13.0595 13.4762 13.7972 14.0488 14.3052 14.2811 13.9274 12.8716 12.7254 12.6847 11.95 10.4024 8.85667 8.45986 10.2114 10.7161 10.619 11.0137 10.0845 10.5304 10.3539 9.86177 8.33257 6.937 6.36159 5.22007 -9999 -9999 -9999 -9999 -9999 -9999 -9999 -9999 -9999 -9999 -9999 -9999 -9999 -9999 -9999 -9999 -9999 -9999 -9999 -9999 -9999 -9999 -9999 -9999 -9999 -9999 -9999 -9999 -9999 -9999 -9999 -9999 -9999 -9999 -9999 -9999 -9999 -9999 -9999 -9999 -9999 -9999
-9999 -9999 10.7722 11.5382 12.1754 12.9518 13.6265 13.9651 14.2942 14.2738 13.5612 13.2154 13.1901 12.7106 11.8616 11.3306 10.3592 9.34686 9.74021 11.2345 10.5765 11.6364 11.5516 11.7499 11.0489 9.71884 7.94011 6.90453 6.39015 5.46592 -9999 -9999 -9999 -9999 -9999 -9999 -9999 -9999 -9999 -9999 -9999 -9999 -9999 -9999 -9999 -9999 -9999 -9999 -9999 -9999 -9999 -9999 -9999 -9999 -9999 -9999 -9999 -9999 -9999 -9999 -9999 -9999 -9999 -9999 -9999 -9999 -9999 -9999 -9999 -9999 -9999 -9999
-9999 -9999 -9999 11.4008 11.8883 12.9234 13.4666 13.6885 14.2158 14.2228 13.9564 13.7565 13.4638 13.0798 12.443 11.7398 10.8265 10.7463 11.7039 11.7203 11.5258 11.6867 12.1806 12.0559 10.9688 9.09101 8.09942 6.08328 5.22086 5.31411 4.70419 -9999 -9999 -9999 -9999 -9999 -9999 -9999 -9999 -9999 -9999 -9999 -9999 7.12448 -9999 -9999 -9999 -9999 -9999 -9999 -9999 -9999 -9999 -9999 -9999 -9999 -9999 -9999 -9999 -9999 -9999 -9999 -9999 -9999 3.551 -9999 -9999 -9999 -9999 -9999 -9999 -9999
-9999 -9999 11.3033 11.9534 12.46 13.1113 13.1811 13.5757 14.1813 14.1959 14.0087 13.7962 13.3115 13.1953 12.8351 12.0711 11.9187 12.2352 12.3834 12.5507 12.6554 12.5786 12.3846 12.1326 11.4348 10.5649 9.98256 8.13964 7.21074 6.32052 4.97094 3.91622 -9999 -9999 -9999 -9999 -9999 -9999 -9999 6.39587 6.35125 6.38107 6.6839 7.50967 7.03379 -9999 -9999 -9999 -9999 -9999 -9999 -9999 -9999 -9999 -9999 -9999 -9999 -9999 -9999 -9999 -9999 -9999 -9999 -9999 4.29207 3.23174 -9999 -9999 -9999 -9999 -9999 -9999
-9999 -9999 11.4802 12.1626 12.5069 13.1399 13.505 13.7514 13.9654 14.17 14.1425 13.9069 13.5453 13.553 13.0523 12.7845 12.5946 13.021 13.1089 12.9443 12.7366 12.5534 12.0272 11.97 11.8032 11.2526 10.3461 9.4119 8.06431 6.23049 4.43222 2.98268 -9999 -9999 -9999 -9999 -9999 -9999 6.54409 7.23083 7.64463 6.78296 7.53003 8.21341 8.11118 7.46159 -9999 -9999 -9999 -9999 -9999 -9999 -9999 -9999 -9999 -9999 -9999 -9999 -9999 -9999 9.32449 8.23707 6.03468 4.90873 4.23567 3.27216 -9999 -9999 -9999 -9999 -9999 -9999
-9999 -9999 11.3471 12.1522 12.6999 13.1869 13.2708 13.7748 13.9955 14.1083 14.1017 14.0596 13.9976 13.5614 13.3767 12.7143 13.3577 13.3382 13.1812 12.546 12.2731 11.179 10.7 10.5978 11.5257 10.8472 9.42607 7.64842 5.5133 5.37949 4.67546 3.38029 -9999 -9999 -9999 -9999 -9999 -9999 6.75591 7.49009 8.10397 8.19847 7.34218 8.55196 8.51303 7.8456 7.69875 8.25677 8.54246 8.34039 9.00797 9.20643 8.91423 9.24572 -9999 -9999 -9999 -9999 9.46551 9.51513 9.55407 9.10432 6.69778 5.05613 3.58264 3.45287 -9999 -9999 -9999 -9999 -9999 -9999
-9999 -9999 11.9006 12.3992 12.655 12.7027 13.1407 13.5828 13.8541 14.0537 14.0208 14.0109 13.9998 13.8542 13.5085 13.5766 13.553 13.3528 12.1396 10.7226 11.3465 10.5068 8.70585 10.1786 10.989 10.2196 8.49653 6.49784 5.84801 5.88073 4.89979 3.6365 -9999 -9999 -9999 4.74929 5.79758 5.89383 6.20701 7.18437 7.92939 8.4926 8.87804 8.87245 8.47987 7.82722 7.11721 7.37835 8.67223 8.992 9.26522 9.47061 9.19963 9.34828 9.69771 9.8807 9.92183 9.84588 9.83254 9.866 9.83037 9.41099 7.26005 6.0311 5.24934 3.67402 -9999 -9999 -9999 -9999 -9999 -9999
-9999 -9999 11.5922 12.0268 12.3803 12.9632 13.0315 13.4025 13.6293 13.9564 13.9988 13.6293 13.9452 13.9106 13.8577 13.7396 13.564 12.5405 11.128 9.71191 9.06039 9.34511 8.26265 8.82543 9.64658 9.35259 8.2971 6.5169 6.26958 5.86007 4.20845 2.61768 -9999 -9999 2.72214 4.7284 6.14278 6.87511 7.10595 7.13342 8.07062 8.14982 9.15851 8.93016 7.61188 7.76718 7.2579 7.59811 8.07585 8.21117 8.89648 9.5576 9.68624 9.69419 9.91843 9.96843 9.98498 9.98428 9.84075 9.91405 9.92995 9.67061 8.11295 7.35655 6.52349 3.69522 -9999 -9999 -9999 -9999 -9999 -9999
-9999 -9999 11.8124 12.2974 12.828 12.9203 13.3155 13.2842 13.185 13.7321 13.936 13.6769 13.4918 13.8488 13.8296 13.7877 13.7155 12.7539 11.6403 9.95204 8.90455 8.26644 7.81377 7.20828 7.63189 7.5076 7.33963 7.54155 7.05523 6.08149 5.11558 3.30529 2.3276 -9999 2.83118 3.73921 5.42033 6.85004 7.75985 7.44061 8.50555 8.70813 9.32525 8.97294 8.17553 7.83541 7.81083 7.71125 8.43048 8.91666 9.26108 9.49279 9.78151 9.85814 9.935 9.96989 9.99108 10.0126 10.014 10.0135 9.98732 9.89336 9.18033 8.42607 6.78792 3.7905 -9999 -9999 -9999 -9999 -9999 -9999
-9999 10.414 11.759 12.5676 12.8854 13.117 13.3221 13.4727 13.6334 13.7815 13.8846 13.8492 13.1531 13.2158 13.347 13.7502 13.7263 13.6433 13.0363 10.981 10.274 9.23765 7.89476 7.3363 7.62168 8.72978 8.68458 7.95759 7.14695 6.02529 5.31252 4.20339 2.07113 2.26755 3.23461 3.95562 5.09975 6.84617 8.0723 8.62276 8.83451 9.26959 9.49896 9.01342 8.55307 8.36274 8.00464 7.95954 7.96851 8.40544 8.74749 9.50179 9.75872 9.87988 9.94343 9.97979 10.0075 10.035 10.0478 10.0387 10.0448 10.0446 9.99812 8.99129 6.46254 4.56125 -9999 -9999 -9999 -9999 -9999 -9999
-9999 -9999 11.5132 11.8731 11.973 12.1423 12.4806 12.8695 13.42 13.4967 13.8009 13.8065 13.2074 12.5144 13.1279 13.3744 13.6294 13.6412 13.5666 11.8399 10.9385 10.2297 8.94216 9.41232 9.85886 9.89651 9.63358 8.07009 6.51298 4.71741 3.03969 2.96323 2.06217 2.54573 3.18599 4.82318 5.97702 6.4482 6.78839 8.56419 9.03047 9.19462 9.65398 9.04246 8.89373 8.436 8.58061 8.54649 8.55555 7.27547 8.57208 8.6542 9.5005 9.88433 9.97563 10.0038 10.0334 10.0423 10.0521 10.0535 10.0674 10.0606 10.0524 9.4002 6.19229 4.58637 -9999 -9999 -9999 -9999 -9999 -9999
-9999 -9999 -9999 -9999 11.6422 11.9191 12.0995 12.4058 13.3304 13.5839 13.7544 13.775 13.5116 12.826 12.649 12.7806 12.1104 12.679 13.4554 13.4401 13.3503 11.8329 11.0589 11.8164 11.5913 10.4517 9.55569 8.67142 6.84767 5.51411 3.59071 2.1474 2.09688 3.6982 5.02929 6.68588 7.41974 7.01012 7.46514 8.34993 9.35458 9.84369 9.73622 9.0913 9.00785 8.29851 9.00899 9.07588 8.7551 8.47857 8.59751 9.01925 9.18353 9.84661 10.011 10.0446 10.0545 10.062 10.0641 10.0655 10.0628 10.0616 10.0584 10.0351 6.73747 4.17489 -9999 -9999 -9999 -9999 -9999 -9999
-9999 -9999 -9999 -9999 11.0097 11.1816 11.6202 12.7337 13.3227 13.5638 13.563 13.6778 13.4939 12.8913 12.2721 11.6879 10.9329 11.3717 12.5252 13.2068 13.2877 11.9579 12.6562 12.4003 11.8921 10.4004 9.30214 8.72178 6.97105 5.47314 4.19479 2.42832 3.18954 4.02767 5.10323 6.91026 8.13127 8.63616 8.22233 8.79023 9.94542 9.95816 9.3362 9.38368 9.00862 8.03683 9.06249 9.35591 9.1314 9.19776 9.11788 9.27859 9.56625 9.84144 10.026 10.0552 10.0629 10.0618 10.0663 10.072 10.0647 10.0714 10.0681 10.0577 7.93155 4.12798 -9999 -9999 -9999 -9999 -9999 -9999
-9999 -9999 -9999 -9999 -9999 10.4425 11.4329 12.9084 13.2826 13.2568 13.5669 13.5997 13.3141 13.0665 12.3137 11.2827 9.2975 9.80885 10.871 12.4005 13.2062 13.1019 12.66 11.8892 10.0184 8.38164 8.1864 7.92182 6.64524 5.49274 4.07109 4.90093 5.80969 6.8037 7.32815 7.19773 8.24469 9.09949 8.74434 9.43966 10.2501 9.89172 9.68254 9.50817 9.0735 9.05375 9.10688 9.69228 9.29867 9.5512 9.56375 9.5559 9.69878 9.86213 10.0332 10.0654 10.0705 10.0779 10.0635 10.0753 10.0711 10.0675 10.065 10.0569 9.87057 7.82543 6.60567 -9999 -9999 -9999 -9999 -9999
-9999 -9999 -9999 -9999 -9999 9.53853 10.0365 11.7824 12.329 13.1041 13.5188 13.5443 13.0578 12.789 11.6646 11.3031 9.46711 8.63843 9.34998 9.0834 11.1879 13.0507 12.6504 8.90236 7.54742 6.58216 6.83521 6.84167 6.48931 4.52406 3.98494 5.75299 6.86784 7.7327 8.38998 8.53059 8.51304 9.84711 10.0293 10.4669 10.3791 10.4254 9.76103 9.35249 9.72283 9.31151 9.24701 9.85154 9.26967 9.80864 9.75222 9.59849 9.59596 9.9522 10.0284 10.0708 10.0778 10.0688 10.0558 10.0509 10.0677 10.0682 10.0549 10.0623 10.05 9.81366 8.75849 8.39464 8.81375 -9999 -9999 -9999
-9999 -9999 -9999 -9999 -9999 -9999 8.41782 10.8409 11.9542 12.5412 13.3644 13.4694 13.2138 12.7444 11.5989 10.5919 8.95111 7.07635 6.08597 9.06943 11.6666 13.024 12.8506 9.73149 8.50302 8.45005 9.18023 8.57185 8.11147 6.61931 6.17596 5.5582 5.94564 7.14939 8.13373 9.08354 9.77557 9.83675 10.288 10.5502 10.5772 10.6637 10.5912 10.5335 9.8937 10.3479 9.97541 10.1837 10.0608 9.95043 9.8562 9.49191 9.75947 9.99682 10.0618 10.0849 10.0756 10.077 10.0718 10.0549 10.051 10.0552 10.0591 10.0537 10.0603 10.0566 9.94487 9.313 8.4646 7.39075 -9999 -9999
-9999 -9999 -9999 -9999 -9999 -9999 7.21309 9.62417 10.7921 12.29 13.0645 13.382 13.347 12.9677 12.0986 10.7874 9.69574 7.60242 5.42846 8.56039 11.3507 12.8582 12.9421 10.3221 11.0541 10.4703 10.7119 9.63961 9.19669 8.84824 8.07939 7.23827 6.31751 5.83282 8.0371 9.1713 10.0851 10.5188 10.7663 10.8926 10.8336 10.6752 9.70459 10.4558 10.4235 10.3562 10.2779 10.2435 10.173 10.0887 10.0415 10.0285 9.78835 10.0725 10.071 10.0795 10.0854 10.0827 10.0735 10.0661 10.0561 10.0619 10.0594 10.0562 10.0562 10.0606 10.0599 10.032 9.8695 8.42476 7.56347 7.32814
-9999 -9999 -9999 -9999 -9999 -9999 3.83763 7.34159 10.1624 11.6368 12.8375 13.1719 13.3004 12.7896 12.4086 11.4702 10.5816 9.20783 7.14772 5.88086 8.22747 11.635 12.8945 12.8013 12.7272 12.0516 11.4433 11.3703 11.4208 10.7129 9.6778 8.32411 7.90483 7.43319 9.07613 9.30293 9.18792 10.9944 11.0035 10.9064 10.2225 9.45704 9.60941 9.1395 9.51269 8.94975 9.47989 9.939 10.1145 10.1068 10.0531 10.0516 10.0301 10.0834 10.0875 10.0844 10.0831 10.0845 10.0824 10.0662 10.0592 10.072 10.0637 10.0589 10.0566 10.0631 10.0661 10.0472 10.0306 9.81446 9.48579 8.85396
-9999 -9999 -9999 -9999 -9999 -9999 3.98983 6.94144 9.44267 10.9452 12.3899 12.7298 13.221 13.1218 12.7225 11.9074 10.8877 9.75794 7.99124 6.67922 8.24934 10.5147 12.137 12.7219 12.7208 12.6863 12.5369 12.4777 12.3031 12.1809 11.4398 10.1615 9.44091 8.3845 10.215 10.4243 10.1433 11.0594 11.0185 9.64539 8.59098 8.46439 9.11718 8.50817 8.40715 8.03223 8.47119 9.63692 9.30484 9.37783 9.90973 10.002 10.0625 10.0825 10.0838 10.0861 10.0819 10.0879 10.094 10.0782 10.0737 10.0742 10.0596 10.0622 10.0545 10.0522 10.0514 10.0443 10.0297 9.97304 9.90996 9.99106
-9999 -9999 -9999 -9999 -9999 -9999 4.0506 6.03953 8.2909 10.5001 12.0424 12.668 13.1249 13.1256 12.6605 12.2579 11.6204 10.6271 9.94708 8.76312 7.13655 9.87524 10.7199 11.4732 11.7925 12.577 12.5622 12.2091 11.799 12.1882 12.0792 11.0682 10.7385 10.1792 11.1991 11.2059 11.1822 11.1324 9.97287 8.35943 7.07098 8.00724 7.81824 8.25207 6.93522 8.03107 8.91394 9.2045 8.61673 8.18062 9.55375 9.78549 9.92549 10.0169 10.0787 10.0699 10.0887 10.0856 10.0865 10.087 10.0804 10.0786 10.0721 10.0656 10.0606 10.0598 10.0508 10.0376 10.0432 10.018 10.0115 10.0075
-9999 -9999 -9999 -9999 -9999 -9999 -9999 4.87299 7.72444 10.2714 11.692 12.5874 13.0264 13.024 12.7886 12.5168 12.1233 11.4079 10.508 9.08325 8.0267 8.70456 9.53255 9.63006 10.181 11.7702 12.316 11.5529 9.66062 10.7847 12.0377 12.0216 11.9192 11.8042 11.6554 11.5223 11.2259 10.4247 7.96089 7.48061 6.51739 6.63276 6.14143 7.23289 6.83432 7.95494 8.44398 8.63228 7.60751 7.83186 9.04859 9.53354 9.45943 9.75898 10.0459 10.0603 10.0734 10.0712 10.0824 10.0898 10.0904 10.0824 10.0786 10.0775 10.0614 10.0717 9.98643 9.9335 9.81943 9.97598 9.9972 10.0134
-9999 -9999 -9999 -9999 -9999 -9999 -9999 4.30648 7.15272 10.151 11.1177 12.0825 12.9157 12.9372 12.5749 12.2304 11.8752 11.4701 10.3777 9.31841 8.30729 7.97087 8.17996 8.17102 9.05962 11.1288 11.533 11.3668 9.39069 8.72413 10.3968 11.8032 11.9179 11.795 10.1492 10.5052 9.61963 8.41707 8.08972 7.56636 6.45486 6.99771 6.18518 6.54138 6.45559 7.09421 7.40858 8.16706 7.2746 7.28499 8.47977 9.08517 9.10578 9.74073 9.9706 10.0348 10.055 10.071 10.0791 10.0945 10.0943 10.0908 10.0844 10.0605 9.9951 9.78182 8.59632 8.60455 8.93911 9.25615 9.82921 9.99478
-9999 -9999 -9999 -9999 -9999 -9999 -9999 4.63453 6.61139 9.27239 11.2449 11.3742 12.3359 12.8348 12.4404 11.9954 11.54 11.3436 10.1543 8.84748 7.79245 6.54275 6.75392 7.65904 9.13916 10.4774 10.7203 10.449 9.39263 9.89861 11.0407 11.6492 11.8317 11.6958 11.3409 11.1378 10.4869 10.2076 9.30206 7.88353 7.32797 7.68835 6.18239 6.29343 6.85777 6.27233 7.25681 7.73094 6.57663 7.50494 8.56208 9.1053 9.58089 9.80892 9.90313 10.0446 10.0537 10.0706 10.0824 10.086 10.0916 10.0753 10.0629 9.94203 9.76108 8.6541 8.19988 8.29747 8.81874 9.27606 9.75691 9.95635
-9999 -9999 -9999 -9999 -9999 -9999 -9999 4.96993 6.75031 9.05827 10.4662 10.7227 11.7885 12.7367 12.6366 12.1735 12.0359 11.5556 10.5478 9.43407 8.21625 7.62658 6.26486 7.61469 8.68626 9.82024 10.3531 9.48645 9.05256 9.8329 10.6087 10.9212 11.7048 11.7019 11.4526 10.3624 9.83336 10.0638 9.83945 9.44284 8.46807 8.42963 7.80545 7.55008 7.30922 6.5172 7.03312 7.08984 7.23472 8.34663 8.89952 9.268 9.60361 9.69585 9.84491 10.0366 10.0586 10.0708 10.0755 10.0845 10.0765 10.0292 9.99028 9.7411 9.29557 8.45916 7.10351 8.07243 9.08538 9.39304 9.69412 9.85233
-9999 -9999 -9999 -9999 -9999 -9999 -9999 4.66713 6.55798 8.53126 9.35955 9.50479 11.4293 12.6096 12.6169 12.4001 12.1458 10.9522 11.0274 10.7925 9.69447 8.09282 6.33327 6.5034 7.55992 9.05799 9.55609 8.1193 7.6139 7.99342 9.16434 10.213 11.3078 11.5892 11.274 9.57456 7.76835 8.61318 9.51564 9.51571 9.25751 8.35391 8.07058 7.81465 7.15693 6.04167 6.21229 6.53008 7.7926 8.19536 8.81446 9.32957 9.14313 9.26109 9.75401 10.0392 10.0553 10.0658 10.0806 10.0797 10.0686 9.96875 9.86278 9.68111 8.5099 7.78389 6.72716 7.97363 8.66603 9.04085 9.70029 9.86217
-9999 -9999 -9999 -9999 -9999 -9999 -9999 4.08319 5.45691 7.3432 8.10675 9.32122 11.1401 12.0374 12.4702 12.4659 12.2982 11.7665 11.4487 10.8176 9.67521 8.11128 6.37226 5.24176 5.82346 7.8379 8.31838 6.99267 6.32046 7.16775 8.41536 10.2605 11.3168 11.4634 11.373 11.0263 9.70887 8.11626 8.12667 8.93294 8.26767 7.49367 7.92744 7.8534 7.20398 6.73309 6.45047 6.63849 7.36021 7.6617 8.37597 9.42745 9.58287 9.55879 10.0047 10.0323 10.0481 10.0702 10.0752 10.0767 10.069 9.98866 9.80172 9.02397 8.34654 7.4019 7.29026 8.40283 8.89262 9.34957 9.67607 9.78646
-9999 -9999 -9999 -9999 -9999 -9999 -9999 3.07816 4.69332 6.46067 8.11578 9.68188 11.0304 11.1395 11.8531 11.8574 12.2336 12.1322 11.6396 11.1089 10.1253 8.11498 6.42524 4.58196 5.07375 7.126 7.40158 6.51448 4.87174 6.57712 8.45737 10.1619 11.0868 10.37 11.1141 11.0581 10.5675 9.62137 8.14769 8.18069 7.07768 7.03462 7.60893 7.7989 7.7094 7.35722 6.79385 6.89905 7.33951 7.45572 8.11253 8.92945 9.72822 9.86707 10.0239 10.036 10.044 10.0619 10.069 10.058 10.0229 9.93861 9.28745 8.51203 8.03659 7.38013 7.30559 8.58612 9.10196 9.39192 9.67471 9.78986
-9999 -9999 -9999 -9999 -9999 -9999 -9999 -9999 4.52809 6.35373 7.70603 8.0742 9.27346 9.92342 10.4275 10.5432 11.9716 12.055 11.7445 11.2574 10.4192 8.89489 7.83419 6.06633 4.7969 5.32618 5.57775 6.05041 5.91683 6.67989 8.48689 10.3693 10.5788 9.39043 9.57176 9.8261 10.3903 10.1114 8.10156 7.08292 6.2383 6.84696 7.48704 7.64588 7.68187 7.56463 7.43155 7.19492 8.04975 8.68371 8.83494 9.38837 9.79841 9.91564 10.0053 10.0212 10.0373 10.043 10.025 10.0135 9.91755 9.69567 8.9666 7.2054 7.29358 7.10817 6.56428 7.81389 8.60932 9.31678 9.69538 9.79736
-9999 -9999 -9999 -9999 -9999 -9999 -9999 -9999 3.92203 6.03345 6.4839 6.4564 5.76469 6.09094 8.68062 9.20614 10.5763 11.8738 11.7838 11.306 10.522 9.61606 8.21079 6.22196 4.64259 3.98156 5.69082 7.37051 7.72062 8.25954 9.36855 9.58297 8.36833 7.22961 7.87618 8.26753 9.74552 10.0192 9.73768 8.52868 7.1457 6.42618 7.28645 7.40583 7.46226 7.47754 7.45708 7.42984 8.39418 8.9295 9.3025 9.50806 9.86086 9.95522 9.98915 10.0214 10.0207 10.0083 9.95894 9.90211 9.63299 9.30606 8.10823 7.11054 6.49053 5.70203 7.49751 8.03536 8.78135 9.26378 9.64032 9.72721
