Test_Spring_2018b/11_17/Temp/20171114_022.txt
ncols	170
nrows	115
xllcorner	350000.000000
yllcorner	4445000.000000
cellsize	1000.000000
nodata_value	-9999.000000
[rows 32 to 63 of 115, columns 72 to 143 of 170]
13.6099 13.2184 13.8264 14.3864 14.0448 13.8218 14.7382 14.7394 14.4273 13.6926 13.424 13.1455 12.9756 12.033 9.38516 6.99842 8.28018 8.31248 7.42946 9.01849 8.18216 5.99723 2.91197 4.59207 4.15734 1.97046 1.43477 -9999 -9999 -9999 -9999 -9999 -9999 -9999 -9999 -9999 -9999 -9999 -9999 -9999 -9999 -9999 -9999 -9999 -9999 -9999 -9999 -9999 -9999 -9999 -9999 -9999 -9999 -9999 -9999 -9999 -9999 -9999 -9999 -9999 -9999 -9999 -9999 -9999 -9999 -9999 -9999 -9999 -9999 -9999 -9999 -9999
13.0929 12.9255 13.8287 13.811 13.7537 14.0826 14.6512 14.7663 14.6455 14.3259 14.0495 13.7555 13.007 11.9285 9.66271 6.94579 6.3311 7.66373 7.72962 7.94555 7.18359 6.22599 4.72672 5.95833 6.43791 5.00108 3.12189 1.91334 -9999 -9999 -9999 -9999 -9999 -9999 -9999 -9999 -9999 -9999 -9999 -9999 -9999 -9999 -9999 -9999 -9999 -9999 -9999 -9999 -9999 -9999 -9999 -9999 -9999 -9999 -9999 -9999 -9999 -9999 -9999 -9999 -9999 -9999 -9999 -9999 -9999 -9999 -9999 -9999 -9999 -9999 -9999 -9999
12.4747 11.6012 12.146 12.5554 13.3119 13.5077 13.6224 14.6997 14.6442 14.596 14.1383 13.7726 13.1657 12.1278 10.6494 8.86902 5.76767 7.68327 9.18376 9.14753 9.06764 8.39747 6.95725 8.16623 8.22507 6.39093 4.30181 3.07355 2.56694 -9999 -9999 -9999 -9999 -9999 -9999 -9999 -9999 -9999 -9999 -9999 -9999 -9999 -9999 -9999 -9999 -9999 -9999 -9999 -9999 -9999 -9999 -9999 -9999 -9999 -9999 -9999 -9999 -9999 -9999 -9999 -9999 -9999 -9999 -9999 -9999 -9999 -9999 -9999 -9999 -9999 -9999 -9999
11.7706 10.7034 11.2516 11.9827 13.0155 13.5449 13.9529 14.2762 14.6059 14.5687 14.1003 12.7133 12.5168 12.4586 11.4924 9.46241 7.43516 6.91155 9.19949 9.8559 9.72479 10.2375 9.01784 9.59755 9.36307 8.71631 6.70655 4.87425 4.11788 2.62066 -9999 -9999 -9999 -9999 -9999 -9999 -9999 -9999 -9999 -9999 -9999 -9999 -9999 -9999 -9999 -9999 -9999 -9999 -9999 -9999 -9999 -9999 -9999 -9999 -9999 -9999 -9999 -9999 -9999 -9999 -9999 -9999 -9999 -9999 -9999 -9999 -9999 -9999 -9999 -9999 -9999 -9999
-9999 -9999 10.041 11.0373 11.8583 12.8651 13.7358 14.173 14.5977 14.5653 13.6272 13.1693 13.131 12.4986 11.3828 10.6833 9.4077 8.07864 8.58928 10.5408 9.67593 11.0592 10.9447 11.2007 10.2799 8.53478 6.20102 4.84016 4.16393 2.95134 -9999 -9999 -9999 -9999 -9999 -9999 -9999 -9999 -9999 -9999 -9999 -9999 -9999 -9999 -9999 -9999 -9999 -9999 -9999 -9999 -9999 -9999 -9999 -9999 -9999 -9999 -9999 -9999 -9999 -9999 -9999 -9999 -9999 -9999 -9999 -9999 -9999 -9999 -9999 -9999 -9999 -9999
-9999 -9999 -9999 10.8636 11.4889 12.8369 13.5328 13.817 14.5012 14.5044 14.1502 13.8832 13.495 12.9875 12.1494 11.2247 10.0251 9.91604 11.1652 11.1828 10.9246 11.1317 11.7747 11.6082 10.1832 7.72086 6.42038 3.77385 2.64248 2.76169 1.96066 -9999 -9999 -9999 -9999 -9999 -9999 -9999 -9999 -9999 -9999 -9999 -9999 5.07368 -9999 -9999 -9999 -9999 -9999 -9999 -9999 -9999 -9999 -9999 -9999 -9999 -9999 -9999 -9999 -9999 -9999 -9999 -9999 -9999 0.287183 -9999 -9999 -9999 -9999 -9999 -9999 -9999
-9999 -9999 10.7483 11.587 12.2433 13.0889 13.171 13.6754 14.4618 14.4749 14.2242 13.9407 13.3011 13.1441 12.6679 11.6637 11.46 11.8701 12.0603 12.2756 12.4091 12.3052 12.0483 11.7155 10.7982 9.65723 8.89255 6.47534 5.25519 4.08774 2.31911 0.936204 -9999 -9999 -9999 -9999 -9999 -9999 -9999 4.15062 4.08718 4.12098 4.51197 5.58727 4.95921 -9999 -9999 -9999 -9999 -9999 -9999 -9999 -9999 -9999 -9999 -9999 -9999 -9999 -9999 -9999 -9999 -9999 -9999 -9999 1.26632 -0.127264 -9999 -9999 -9999 -9999 -9999 -9999
-9999 -9999 10.981 11.8672 12.3108 13.1322 13.6031 13.9111 14.1848 14.4465 14.4047 14.0907 13.6122 13.6173 12.9573 12.6025 12.3498 12.9038 13.0152 12.7964 12.5213 12.2785 11.5869 11.5094 11.2874 10.5646 9.37607 8.15131 6.38088 3.97897 1.62352 -0.275732 -9999 -9999 -9999 -9999 -9999 -9999 4.35992 5.25359 5.78984 4.65679 5.62888 6.51761 6.37831 5.52256 -9999 -9999 -9999 -9999 -9999 -9999 -9999 -9999 -9999 -9999 -9999 -9999 -9999 -9999 7.88501 6.45626 3.56821 2.08869 1.20173 -0.0653331 -9999 -9999 -9999 -9999 -9999 -9999
-9999 -9999 10.8134 11.8599 12.5695 13.1996 13.3021 13.9493 14.2297 14.3711 14.3564 14.2956 14.209 13.6332 13.3867 12.5155 13.3533 13.3241 13.1151 12.2805 11.9204 10.4859 9.85633 9.71913 10.9312 10.0414 8.17965 5.85153 3.05414 2.87435 1.95122 0.254328 -9999 -9999 -9999 -9999 -9999 -9999 4.64757 5.60315 6.401 6.51897 5.3926 6.96994 6.91305 6.03389 5.83617 6.56113 6.92997 6.66176 7.52623 7.78156 7.395 7.82471 -9999 -9999 -9999 -9999 8.0902 8.14988 8.19526 7.60085 4.44546 2.29088 0.356243 0.181093 -9999 -9999 -9999 -9999 -9999 -9999
-9999 -9999 11.5443 12.1895 12.5168 12.5716 13.1374 13.7034 14.05 14.3054 14.2562 14.2373 14.2173 14.0216 13.5644 13.6492 13.6143 13.3488 11.7577 9.90039 10.7141 9.61193 7.25106 9.17696 10.2358 9.2272 6.97073 4.35371 3.50054 3.53923 2.25411 0.60207 -9999 -9999 -9999 2.04732 3.41525 3.53683 3.94183 5.21562 6.18505 6.91354 7.41186 7.39991 6.87847 6.01843 5.08357 5.4199 7.10802 7.52171 7.87149 8.13603 7.77739 7.97004 8.4233 8.65867 8.70822 8.60432 8.58204 8.62066 8.56852 8.01391 5.19063 3.5759 2.54625 0.476231 -9999 -9999 -9999 -9999 -9999 -9999
-9999 -9999 11.1475 11.7087 12.1637 12.9185 13.0001 13.4779 13.7631 14.1831 14.2321 13.7426 14.1504 14.0998 14.0258 13.8669 13.6332 12.2903 10.4388 8.58282 7.72769 8.09653 6.67797 7.41328 8.48625 8.09955 6.72078 4.3899 4.06494 3.52685 1.36143 -0.721897 -9999 -9999 -0.592177 2.02997 3.87698 4.8309 5.12804 5.1586 6.37931 6.477 7.79092 7.48746 5.75453 5.95172 5.27587 5.71553 6.33787 6.51012 7.40336 8.26048 8.42478 8.43127 8.72085 8.78235 8.79987 8.79455 8.60195 8.69272 8.70798 8.36271 6.31813 5.32185 4.22634 0.515554 -9999 -9999 -9999 -9999 -9999 -9999
-9999 -9999 11.4419 12.069 12.7556 12.8685 13.3777 13.3282 13.1866 13.8955 14.1546 13.8094 13.5614 14.0232 13.9932 13.9342 13.8358 12.5741 11.1138 8.90195 7.52891 6.69056 6.09645 5.30665 5.85985 5.69611 5.47525 5.73843 5.10093 3.82489 2.55974 0.18702 -1.09408 -9999 -0.439844 0.745175 2.94126 4.80774 5.99327 5.56995 6.95764 7.21656 8.01924 7.55189 6.5004 6.05088 6.01287 5.87695 6.81282 7.44096 7.88806 8.18688 8.55756 8.65407 8.75093 8.79279 8.81652 8.84033 8.83744 8.83177 8.7919 8.66297 7.72358 6.73115 4.58067 0.64843 -9999 -9999 -9999 -9999 -9999 -9999
-9999 9.62554 11.3786 12.429 12.8368 13.1317 13.3918 13.5807 13.7794 13.9648 14.0928 14.0394 13.1226 13.1992 13.3661 13.8893 13.8543 13.7424 12.9453 10.2534 9.32499 7.97003 6.21161 5.48031 5.85294 7.30227 7.24239 6.29027 5.2286 3.75925 2.82574 1.37303 -1.42074 -1.16566 0.0973129 1.03765 2.53101 4.81188 6.41125 7.12591 7.39692 7.96111 8.25486 7.61431 7.004 6.74874 6.27414 6.20939 6.21568 6.7823 7.22597 8.20595 8.53801 8.6904 8.76996 8.81388 8.84633 8.87806 8.89023 8.87312 8.87562 8.86931 8.80315 7.47896 4.16403 1.66645 -9999 -9999 -9999 -9999 -9999 -9999
-9999 -9999 11.0635 11.5265 11.649 11.862 12.2962 12.7966 13.5053 13.5979 13.9887 13.9886 13.1982 12.2858 13.0838 13.402 13.7321 13.7444 13.6441 11.3834 10.2025 9.2738 7.58811 8.20319 8.78702 8.83583 8.49127 6.44473 4.40645 2.05548 -0.14085 -0.242054 -1.42256 -0.793008 0.0423751 2.18167 3.68773 4.29972 4.73966 7.05772 7.6626 7.87179 8.46665 7.66007 7.45748 6.85217 7.03533 6.98483 6.99113 5.31072 7.00344 7.10603 8.20891 8.70547 8.81971 8.85296 8.88799 8.89545 8.90381 8.90051 8.91318 8.89911 8.88272 8.02272 3.81805 1.70698 -9999 -9999 -9999 -9999 -9999 -9999
-9999 -9999 -9999 -9999 11.2222 11.5759 11.8032 12.1954 13.3935 13.7173 13.933 13.9529 13.6018 12.6984 12.462 12.6298 11.7492 12.491 13.5044 13.4827 13.3641 11.3775 10.3645 11.3555 11.0606 9.56906 8.39625 7.23874 4.85169 3.10551 0.587798 -1.30204 -1.3697 0.723773 2.46259 4.62728 5.58372 5.04304 5.63319 6.78606 8.09486 8.72875 8.58179 7.73145 7.61425 6.6796 7.60318 7.68479 7.25936 6.89212 7.04359 7.59052 7.8008 8.66408 8.87499 8.9137 8.92283 8.92865 8.92697 8.92381 8.91552 8.90826 8.89799 8.86095 4.5389 1.17591 -9999 -9999 -9999 -9999 -9999 -9999
-9999 -9999 -9999 -9999 10.4007 10.6169 11.182 12.6303 13.3892 13.6967 13.688 13.8312 13.584 12.7895 11.9741 11.2054 10.2138 10.7853 12.2927 13.1831 13.2879 11.5472 12.461 12.1259 11.4608 9.50863 8.07129 7.31158 5.02016 3.059 1.38545 -0.927271 0.0673466 1.16204 2.56685 4.92817 6.52208 7.1782 6.63168 7.36932 8.87514 8.88568 8.06547 8.12125 7.62245 6.34433 7.68032 8.05831 7.75878 7.84017 7.73134 7.93657 8.30822 8.6638 8.901 8.93502 8.9407 8.93521 8.93676 8.93957 8.92482 8.92797 8.91773 8.89765 6.10864 1.12171 -9999 -9999 -9999 -9999 -9999 -9999
-9999 -9999 -9999 -9999 -9999 9.65597 10.9431 12.865 13.343 13.3011 13.6992 13.7351 13.3548 13.0249 12.0346 10.6812 8.07975 8.74618 10.1341 12.1342 13.1876 13.0506 12.4726 11.4637 9.01548 6.87356 6.61795 6.27151 4.60057 3.09142 1.23029 2.31511 3.50274 4.80137 5.48493 5.31089 6.677 7.79108 7.32129 8.22575 9.28051 8.80547 8.52553 8.29108 7.71431 7.68208 7.7454 8.50546 7.98459 8.30955 8.32159 8.30612 8.48819 8.69732 8.91682 8.9546 8.95717 8.96278 8.93951 8.95032 8.9398 8.92949 8.92029 8.90341 8.653 5.96725 4.36372 -9999 -9999 -9999 -9999 -9999
-9999 -9999 -9999 -9999 -9999 8.47935 9.12222 11.3981 12.1016 13.108 13.6431 13.6693 13.0261 12.669 11.1922 10.7148 8.30871 7.22135 8.15047 7.8002 10.5534 12.9905 12.4668 7.56192 5.78873 4.52548 4.85648 4.86464 4.40307 1.83023 1.12387 3.43635 4.89355 6.02307 6.88038 7.06111 7.03413 8.77553 9.00884 9.57612 9.45558 9.5103 8.63479 8.09404 8.57081 8.02625 7.93568 8.7208 7.95355 8.6533 8.57502 8.36856 8.36022 8.82165 8.91691 8.96804 8.97308 8.95703 8.93594 8.92457 8.94151 8.93673 8.91352 8.91713 8.89452 8.57587 7.18782 6.7044 7.24564 -9999 -9999 -9999
-9999 -9999 -9999 -9999 -9999 -9999 7.01071 10.1729 11.6181 12.3784 13.4482 13.5787 13.2383 12.6181 11.1139 9.79179 7.64124 5.18526 3.8866 7.78938 11.1871 12.9629 12.736 8.65404 7.04624 6.97671 7.93194 7.13536 6.53226 4.57832 3.99712 3.18727 3.6924 5.26582 6.551 7.79034 8.69196 8.76767 9.3535 9.69097 9.72082 9.82825 9.72757 9.646 8.80105 9.3893 8.89574 9.16241 8.99583 8.84574 8.71799 8.23589 8.58091 8.88663 8.96705 8.99326 8.97662 8.97415 8.96325 8.93694 8.92564 8.92589 8.92534 8.91222 8.91446 8.90045 8.74712 7.91309 6.7957 5.38337 -9999 -9999
-9999 -9999 -9999 -9999 -9999 -9999 5.44111 8.58794 10.1047 12.0572 13.0626 13.4732 13.4209 12.9187 11.7764 10.0563 8.6242 5.88214 3.03528 7.13182 10.7816 12.7536 12.863 9.43427 10.3918 9.62744 9.94312 8.53917 7.9587 7.5012 6.49381 5.39145 4.18535 3.54868 6.43002 7.91064 9.10252 9.66569 9.98504 10.1456 10.0638 9.84936 8.57352 9.55083 9.50097 9.40678 9.29843 9.24755 9.14961 9.03366 8.96749 8.94502 8.62555 8.99337 8.98655 8.9929 8.99613 8.98827 8.97195 8.95812 8.94072 8.94243 8.93188 8.92177 8.91561 8.91224 8.9044 8.86093 8.64122 6.74364 5.60968 5.29345
-9999 -9999 -9999 -9999 -9999 -9999 1.03099 5.60833 9.28704 11.2092 12.7761 13.207 13.3689 12.6947 12.1911 10.9589 9.7925 7.99203 5.29401 3.63464 6.70363 11.1622 12.8084 12.6861 12.5885 11.7038 10.907 10.8106 10.8755 9.94737 8.59266 6.81915 6.26862 5.64847 7.79517 8.08832 7.93387 10.2936 10.3012 10.1694 9.26969 8.26353 8.45789 7.83473 8.31555 7.57305 8.261 8.85607 9.08006 9.06445 8.98984 8.98405 8.95029 9.01502 9.01527 9.00642 9.00006 8.99746 8.99041 8.96496 8.95153 8.96372 8.94616 8.93469 8.92265 8.92197 8.91929 8.88769 8.85921 8.56947 8.13263 7.29752
-9999 -9999 -9999 -9999 -9999 -9999 1.23643 5.08687 8.35286 10.3152 12.199 12.6373 13.2742 13.1388 12.6114 11.5406 10.2026 8.72132 6.40709 4.68839 6.74177 9.70445 11.8268 12.5917 12.5876 12.5415 12.345 12.268 12.0381 11.876 10.9044 9.23011 8.28447 6.89898 9.29102 9.56134 9.18963 10.3843 10.3266 8.52518 7.14071 6.97028 7.82021 7.01823 6.87861 6.37916 6.94794 8.46782 8.03001 8.1198 8.81156 8.92656 9.00047 9.02132 9.01783 9.01591 9.00571 9.00913 9.01267 8.9877 8.97738 8.97351 8.94975 8.94565 8.93004 8.91794 8.90686 8.89094 8.86512 8.78437 8.69693 8.79457
-9999 -9999 -9999 -9999 -9999 -9999 1.32475 3.9141 6.85344 9.74124 11.7531 12.5656 13.1578 13.1533 12.54 12.0089 11.1712 9.8683 8.97597 7.42463 5.29444 8.87707 9.98062 10.9656 11.384 12.4096 12.3893 11.9258 11.3842 11.8918 11.7482 10.4227 9.98849 9.25334 10.5847 10.5899 10.5551 10.4858 8.96421 6.84844 5.15785 6.37846 6.12639 6.68987 4.95917 6.39086 7.5407 7.9153 7.13685 6.5605 8.35333 8.65127 8.82893 8.94322 9.01879 9.00234 9.02222 9.01347 9.01015 9.00647 8.99336 8.9864 8.97326 8.9598 8.94491 8.93469 8.9168 8.89574 8.89642 8.85269 8.83749 8.82393
-9999 -9999 -9999 -9999 -9999 -9999 -9999 2.39627 6.12495 9.45152 11.3043 12.4701 13.039 13.0306 12.7181 12.3582 11.8396 10.9004 9.72025 7.85371 6.46936 7.35498 8.43658 8.56309 9.28286 11.3614 12.0742 11.0741 8.59533 10.0657 11.7031 11.6792 11.5421 11.3884 11.1878 11.01 10.6184 9.56597 6.33757 5.70726 4.44253 4.58918 3.94173 5.36632 4.8371 6.29836 6.93295 7.17386 5.82722 6.11725 7.70377 8.33255 8.22982 8.61625 8.98385 8.99761 9.00997 9.00241 9.01243 9.01761 9.01387 9.00127 8.99179 8.98557 8.95598 8.95989 8.84232 8.76681 8.6111 8.8094 8.83052 8.84235
-9999 -9999 -9999 -9999 -9999 -9999 -9999 1.66658 5.38502 9.30257 10.5617 11.8186 12.9037 12.9269 12.4482 11.9933 11.5249 10.9916 9.55933 8.17084 6.84567 6.40368 6.67575 6.66191 7.82332 10.5297 11.0569 10.8377 8.25061 7.3761 9.56245 11.4002 11.5471 11.3831 9.22581 9.68802 8.52535 6.94775 6.51539 5.82642 4.36772 5.07382 4.00611 4.46769 4.34872 5.17931 5.58545 6.57263 5.39924 5.40959 6.96744 7.75397 7.7753 8.60071 8.89618 8.97504 8.99646 9.01258 9.01855 9.03412 9.02933 9.02016 9.00717 8.97094 8.88031 8.59216 7.03056 7.03526 7.46682 7.87534 8.61694 8.82608
-9999 -9999 -9999 -9999 -9999 -9999 -9999 2.1037 4.68479 8.16128 10.737 10.9008 12.1542 12.8023 12.2818 11.6955 11.0959 10.8356 9.27652 7.56383 6.18097 4.5436 4.81812 6.00087 7.93537 9.68486 10.0009 9.64392 8.26045 8.92025 10.4123 11.2057 11.4414 11.2603 10.7924 10.523 9.66746 9.29808 8.10912 6.24875 5.5176 5.98496 4.00985 4.15067 4.88454 4.11133 5.39447 6.00965 4.49372 5.70557 7.08334 7.78861 8.40544 8.69842 8.81641 8.99639 9.00328 9.02059 9.03122 9.03126 9.03393 9.00792 8.98692 8.82386 8.58197 7.12804 6.51936 6.64113 7.31721 7.9095 8.52918 8.78406
-9999 -9999 -9999 -9999 -9999 -9999 -9999 2.55035 4.87462 7.88941 9.72658 10.0571 11.447 12.6833 12.548 11.938 11.7543 11.1225 9.80069 8.34056 6.74447 5.97063 4.1866 5.95111 7.35072 8.83276 9.5281 8.39296 7.82297 8.84173 9.85435 10.2605 11.2828 11.2757 10.946 9.51583 8.81974 9.11754 8.81995 8.29692 7.01718 6.96265 6.14149 5.80283 5.48304 4.43954 5.1096 5.17862 5.36289 6.81521 7.53323 8.00993 8.44369 8.55905 8.74886 8.99463 9.01833 9.02941 9.03075 9.03783 9.0225 8.95585 8.9001 8.56904 7.98089 6.88106 5.09242 6.35456 7.67421 8.06909 8.45526 8.65634
-9999 -9999 -9999 -9999 -9999 -9999 -9999 2.16172 4.63082 7.20791 8.28677 8.47195 10.9857 12.5259 12.5312 12.2436 11.9073 10.342 10.4374 10.1272 8.68766 6.58934 4.28454 4.50508 5.88499 7.8432 8.49292 6.61172 5.94807 6.44227 7.97193 9.34136 10.771 11.1361 10.7202 8.49267 6.12532 7.22709 8.40415 8.40022 8.0582 6.87149 6.49636 6.15697 5.29169 3.8241 4.04347 4.4542 6.10392 6.62555 7.43031 8.099 7.84968 7.99877 8.63864 9.00675 9.02279 9.03163 9.04606 9.04008 9.0207 8.88521 8.74159 8.49883 6.961 6.00565 4.61217 6.23336 7.13366 7.61459 8.47171 8.67773
-9999 -9999 -9999 -9999 -9999 -9999 -9999 1.40505 3.19765 5.66112 6.65547 8.24007 10.6158 11.7857 12.348 12.3386 12.1155 11.4163 10.9973 10.1687 8.67098 6.62191 4.34385 2.86225 3.62137 6.25457 6.88286 5.14539 4.26343 5.36979 6.99983 9.41168 10.7909 10.9796 10.8579 10.4007 8.67305 6.58511 6.5948 7.64587 6.77111 5.75395 6.31722 6.21583 5.3614 4.7405 4.36339 4.60402 5.54639 5.93558 6.86495 8.23565 8.43379 8.39708 8.97546 9.0065 9.0222 9.04622 9.04785 9.04489 9.02995 8.91982 8.67017 7.6473 6.75561 5.51414 5.36264 6.80328 7.43638 8.02695 8.44849 8.58726
-9999 -9999 -9999 -9999 -9999 -9999 -9999 0.0971844 2.20593 4.51394 6.67519 8.72009 10.4805 10.6191 11.5489 11.5507 12.0394 11.9034 11.2556 10.5582 9.2683 6.63497 4.42135 2.00694 2.64836 5.33089 5.69079 4.52777 2.3758 4.60513 7.06314 9.29104 10.4984 9.55725 10.5277 10.451 9.8053 8.56341 6.63095 6.67005 5.2224 5.16171 5.90882 6.15288 6.03113 5.56556 4.81975 4.95328 5.52769 5.67446 6.52873 7.59256 8.63267 8.80926 9.00945 9.0202 9.0257 9.04416 9.04852 9.02918 8.97837 8.86298 8.00578 6.98589 6.35847 5.4941 5.39118 7.05583 7.71859 8.09084 8.45528 8.60039
-9999 -9999 -9999 -9999 -9999 -9999 -9999 -9999 1.99704 4.38148 6.14661 6.624 8.18912 9.03557 9.69125 9.83889 11.7047 11.8105 11.401 10.7606 9.66095 7.6636 6.27315 3.95744 2.29409 2.98514 3.31228 3.92877 3.75182 4.7481 7.11037 9.57117 9.84243 8.28432 8.51839 8.84779 9.58249 9.21366 6.57955 5.24238 4.13277 4.92484 5.75793 5.96117 6.00356 5.84539 5.66214 5.35222 6.46557 7.28993 7.48262 8.20171 8.73321 8.88158 8.99394 9.0098 9.02591 9.02843 8.9999 8.97982 8.84925 8.5538 7.59456 5.28458 5.39469 5.14671 4.42956 6.05638 7.08083 8.00105 8.49096 8.61893
-9999 -9999 -9999 -9999 -9999 -9999 -9999 -9999 1.21108 3.96961 4.55464 4.51435 3.60497 4.02788 7.41293 8.09692 9.88639 11.5811 11.4601 10.8319 9.80323 8.61512 6.7738 4.16897 2.10012 1.23439 3.46799 5.66467 6.12084 6.82396 8.27297 8.55111 6.95891 5.46585 6.30883 6.81758 8.74809 9.10237 8.72992 7.14352 5.32928 4.38314 5.50425 5.65572 5.72476 5.73994 5.70748 5.66639 6.92474 7.62004 8.103 8.36692 8.82359 8.94211 8.9816 9.01893 9.01302 8.99188 8.92236 8.84297 8.48571 8.05271 6.47997 5.16907 4.35235 3.31509 5.65928 6.3545 7.31881 7.94028 8.42755 8.53586
