Test_Spring_2018b/11_17/Temp/20171112_002.txt
ncols	170
nrows	115
xllcorner	350000.000000
yllcorner	4445000.000000
cellsize	1000.000000
nodata_value	-9999.000000
[rows 32 to 63 of 115, columns 72 to 143 of 170]
12.9432 12.6168 13.1193 13.5819 13.3017 13.1184 13.8834 13.8826 13.6217 13.0103 12.7852 12.5517 12.4081 11.6237 9.42535 7.44345 8.50318 8.52696 7.79182 9.10638 8.41003 6.59556 4.03464 5.42487 5.06165 3.2477 2.80043 -9999 -9999 -9999 -9999 -9999 -9999 -9999 -9999 -9999 -9999 -9999 -9999 -9999 -9999 -9999 -9999 -9999 -9999 -9999 -9999 -9999 -9999 -9999 -9999 -9999 -9999 -9999 -9999 -9999 -9999 -9999 -9999 -9999 -9999 -9999 -9999 -9999 -9999 -9999 -9999 -9999 -9999 -9999 -9999 -9999
12.5133 12.3726 13.1197 13.1034 13.0577 13.333 13.8097 13.9032 13.801 13.5338 13.3023 13.0561 12.4328 11.5358 9.65425 7.39859 6.88589 7.98774 8.03927 8.21522 7.58038 6.78335 5.53724 6.55541 6.95007 5.7555 4.19643 3.19615 -9999 -9999 -9999 -9999 -9999 -9999 -9999 -9999 -9999 -9999 -9999 -9999 -9999 -9999 -9999 -9999 -9999 -9999 -9999 -9999 -9999 -9999 -9999 -9999 -9999 -9999 -9999 -9999 -9999 -9999 -9999 -9999 -9999 -9999 -9999 -9999 -9999 -9999 -9999 -9999 -9999 -9999 -9999 -9999
11.9993 11.2731 11.7231 12.0608 12.6926 12.8618 12.9551 13.8465 13.7986 13.7565 13.3747 13.0691 12.5633 11.7 10.4713 8.99215 6.41763 8.00276 9.24365 9.21037 9.14089 8.58199 7.38464 8.38385 8.42947 6.90508 5.17719 4.15517 3.73146 -9999 -9999 -9999 -9999 -9999 -9999 -9999 -9999 -9999 -9999 -9999 -9999 -9999 -9999 -9999 -9999 -9999 -9999 -9999 -9999 -9999 -9999 -9999 -9999 -9999 -9999 -9999 -9999 -9999 -9999 -9999 -9999 -9999 -9999 -9999 -9999 -9999 -9999 -9999 -9999 -9999 -9999 -9999
11.4141 10.5272 10.98 11.5845 12.4424 12.8891 13.2276 13.4939 13.7654 13.7327 13.3421 12.1898 12.0244 11.9734 11.1694 9.48328 7.79927 7.36185 9.2555 9.79635 9.68421 10.1058 9.09121 9.56848 9.37071 8.83089 7.16546 5.64527 5.01435 3.76915 -9999 -9999 -9999 -9999 -9999 -9999 -9999 -9999 -9999 -9999 -9999 -9999 -9999 -9999 -9999 -9999 -9999 -9999 -9999 -9999 -9999 -9999 -9999 -9999 -9999 -9999 -9999 -9999 -9999 -9999 -9999 -9999 -9999 -9999 -9999 -9999 -9999 -9999 -9999 -9999 -9999 -9999
-9999 -9999 9.97468 10.8021 11.4881 12.3237 13.0461 13.407 13.7575 13.7288 12.949 12.5671 12.5329 12.0059 11.0779 10.4949 9.43398 8.32861 8.74849 10.3629 9.64223 10.7855 10.6869 10.8956 10.1286 8.68295 6.74347 5.6141 5.04951 4.04021 -9999 -9999 -9999 -9999 -9999 -9999 -9999 -9999 -9999 -9999 -9999 -9999 -9999 -9999 -9999 -9999 -9999 -9999 -9999 -9999 -9999 -9999 -9999 -9999 -9999 -9999 -9999 -9999 -9999 -9999 -9999 -9999 -9999 -9999 -9999 -9999 -9999 -9999 -9999 -9999 -9999 -9999
-9999 -9999 -9999 10.6563 11.18 12.2964 12.8762 13.1105 13.6763 13.6773 13.3818 13.1584 12.8342 12.4108 11.7131 10.9432 9.94524 9.85127 10.8833 10.8941 10.6762 10.844 11.3733 11.2314 10.0458 8.00542 6.92329 4.72709 3.78502 3.87988 3.21173 -9999 -9999 -9999 -9999 -9999 -9999 -9999 -9999 -9999 -9999 -9999 -9999 5.73691 -9999 -9999 -9999 -9999 -9999 -9999 -9999 -9999 -9999 -9999 -9999 -9999 -9999 -9999 -9999 -9999 -9999 -9999 -9999 -9999 1.65467 -9999 -9999 -9999 -9999 -9999 -9999 -9999
-9999 -9999 10.5575 11.2606 11.8035 12.5036 12.5725 12.9918 13.6425 13.652 13.4425 13.2056 12.673 12.5403 12.1427 11.3069 11.1345 11.4708 11.6245 11.799 11.9056 11.8154 11.5982 11.3183 10.5583 9.60822 8.97022 6.96131 5.94829 4.97626 3.50579 2.35515 -9999 -9999 -9999 -9999 -9999 -9999 -9999 4.98662 4.92949 4.95291 5.2724 6.15922 5.63368 -9999 -9999 -9999 -9999 -9999 -9999 -9999 -9999 -9999 -9999 -9999 -9999 -9999 -9999 -9999 -9999 -9999 -9999 -9999 2.46321 1.30171 -9999 -9999 -9999 -9999 -9999 -9999
-9999 -9999 10.7569 11.4906 11.8574 12.5377 12.9274 13.1858 13.4118 13.6277 13.5916 13.3296 12.9307 12.9325 12.3824 12.0849 11.8718 12.3272 12.4155 12.2297 11.9973 11.7916 11.2139 11.1454 10.9613 10.3578 9.36825 8.34874 6.87858 4.88296 2.92591 1.34713 -9999 -9999 -9999 -9999 -9999 -9999 5.16138 5.89787 6.33792 5.39381 6.19506 6.92713 6.80676 6.09095 -9999 -9999 -9999 -9999 -9999 -9999 -9999 -9999 -9999 -9999 -9999 -9999 -9999 -9999 7.97056 6.78052 4.38034 3.14782 2.40644 1.34972 -9999 -9999 -9999 -9999 -9999 -9999
-9999 -9999 10.6151 11.4819 12.0697 12.5917 12.6763 13.2149 13.448 13.5644 13.5511 13.4991 13.4254 12.9455 12.7383 12.0126 12.7035 12.6751 12.4974 11.8009 11.4977 10.3036 9.77707 9.66279 10.6633 9.92115 8.37334 6.43892 4.11812 3.96394 3.19444 1.78343 -9999 -9999 -9999 -9999 -9999 -9999 5.39671 6.1845 6.84141 6.93451 5.9958 7.29874 7.24548 6.51127 6.34205 6.93786 7.23843 7.00956 7.71829 7.92509 7.59978 7.95135 -9999 -9999 -9999 -9999 8.14799 8.19247 8.22489 7.72662 5.10474 3.31242 1.70225 1.54887 -9999 -9999 -9999 -9999 -9999 -9999
-9999 -9999 11.2181 11.7524 12.0236 12.069 12.5381 13.0098 13.2979 13.5101 13.4683 13.4512 13.4327 13.268 12.886 12.9528 12.92 12.6955 11.3717 9.82691 10.4967 9.57729 7.61934 9.21068 10.0839 9.24324 7.368 5.19396 4.48502 4.51202 3.44237 2.06803 -9999 -9999 -9999 3.25015 4.38014 4.47663 4.80801 5.8596 6.65872 7.25841 7.66671 7.6535 7.21329 6.49485 5.71436 5.98785 7.3822 7.71995 8.00095 8.21542 7.91332 8.06813 8.43942 8.63009 8.66665 8.5759 8.55269 8.57978 8.5314 8.06616 5.71969 4.37489 3.51494 1.7861 -9999 -9999 -9999 -9999 -9999 -9999
-9999 -9999 10.8887 11.3537 11.7309 12.3562 12.4241 12.8206 13.0593 13.4077 13.4476 13.0404 13.3767 13.3324 13.2682 13.1328 12.9349 11.817 10.277 8.73309 8.01893 8.32337 7.14227 7.74633 8.63122 8.3053 7.1571 5.22025 4.94674 4.49865 2.6984 0.967039 -9999 -9999 1.06264 3.23266 4.7599 5.54652 5.78845 5.8092 6.81663 6.89278 7.97725 7.72203 6.27753 6.43563 5.87011 6.22918 6.73908 6.87665 7.61106 8.31463 8.44624 8.44713 8.68283 8.72944 8.73958 8.73067 8.56633 8.63672 8.64425 8.35255 6.6516 5.81955 4.90361 1.81619 -9999 -9999 -9999 -9999 -9999 -9999
-9999 -9999 11.1312 11.6512 12.2207 12.3147 12.7372 12.6949 12.58 13.1677 13.3824 13.0951 12.8878 13.2684 13.2406 13.1879 13.1021 12.0512 10.8354 8.99613 7.85229 7.15514 6.65745 5.99621 6.44999 6.30952 6.12189 6.33577 5.80243 4.74235 3.68926 1.71735 0.651213 -9999 1.18578 2.16428 3.98098 5.52424 6.50275 6.14715 7.29297 7.50274 8.16449 7.77191 6.89246 6.51345 6.47644 6.3583 7.12889 7.64451 8.00905 8.25192 8.55279 8.62842 8.70444 8.73491 8.75032 8.76568 8.75873 8.74922 8.71105 8.59872 7.81406 6.98406 5.19447 1.92342 -9999 -9999 -9999 -9999 -9999 -9999
-9999 9.62024 11.0751 11.9464 12.2851 12.5303 12.7467 12.9039 13.0711 13.2239 13.3299 13.2848 12.523 12.5843 12.7196 13.1497 13.1163 13.0186 12.3523 10.1148 9.3421 8.21272 6.74945 6.13722 6.44115 7.63803 7.58379 6.78997 5.90552 4.68494 3.90633 2.69782 0.377046 0.58467 1.62793 2.4036 3.63768 5.52454 6.84618 7.4341 7.65399 8.11783 8.35638 7.81926 7.3057 7.08844 6.68934 6.63013 6.6299 7.09439 7.4562 8.26385 8.53449 8.65507 8.71686 8.74916 8.77192 8.79397 8.7996 8.78066 8.77765 8.76698 8.70555 7.60127 4.84581 2.76448 -9999 -9999 -9999 -9999 -9999 -9999
-9999 -9999 10.8103 11.1948 11.2972 11.4748 11.8359 12.2517 12.8419 12.9188 13.2426 13.2412 12.5844 11.8256 12.4842 12.7442 13.0133 13.0184 12.9298 11.0511 10.0664 9.29086 7.88775 8.39173 8.87067 8.90623 8.61589 6.91461 5.22039 3.26871 1.44347 1.35549 0.372459 0.890283 1.57907 3.34887 4.59351 5.09667 5.45699 7.37431 7.87173 8.03966 8.52771 7.85363 7.67813 7.17055 7.31673 7.26925 7.26898 5.87034 7.2678 7.34801 8.25781 8.66504 8.75469 8.77826 8.80328 8.8053 8.80785 8.80043 8.80588 8.78829 8.7684 8.04889 4.55586 2.79498 -9999 -9999 -9999 -9999 -9999 -9999
-9999 -9999 -9999 -9999 10.9403 11.2347 11.4244 11.7507 12.7468 13.0155 13.1942 13.2098 12.9171 12.1657 11.9665 12.1018 11.367 11.9767 12.8124 12.7889 12.6848 11.032 10.186 11.0021 10.7524 9.51075 8.53362 7.56943 5.58602 4.1357 2.04399 0.472987 0.412911 2.14474 3.58232 5.37322 6.16217 5.70963 6.19449 7.14583 8.22615 8.74668 8.6196 7.90919 7.80448 7.02376 7.78378 7.84577 7.48749 7.17762 7.2972 7.74584 7.91559 8.62696 8.7976 8.82521 8.82884 8.82959 8.82388 8.81663 8.8043 8.79263 8.77801 8.74077 5.15031 2.35142 -9999 -9999 -9999 -9999 -9999 -9999
-9999 -9999 -9999 -9999 10.256 10.4366 10.9064 12.1085 12.7404 12.9957 12.9883 13.1061 12.8996 12.2385 11.5592 10.9179 10.0913 10.5601 11.8045 12.5371 12.6184 11.1694 11.9208 11.6375 11.0807 9.45711 8.26061 7.62623 5.72208 4.09346 2.70166 0.780033 1.60073 2.50445 3.66531 5.61914 6.93666 7.47638 7.0189 7.62586 8.86951 8.87317 8.18783 8.22867 7.80757 6.742 7.84392 8.15162 7.8977 7.95978 7.86357 8.0289 8.33247 8.62293 8.81542 8.83956 8.84016 8.83159 8.8286 8.82614 8.80874 8.80569 8.79108 8.76785 6.44843 2.30305 -9999 -9999 -9999 -9999 -9999 -9999
-9999 -9999 -9999 -9999 -9999 9.6367 10.7052 12.2999 12.6988 12.6643 12.9941 13.0229 12.706 12.4301 11.6058 10.4796 8.31818 8.86571 10.0111 11.6639 12.5316 12.4122 11.9268 11.0848 9.0496 7.26864 7.05194 6.76019 5.37049 4.11662 2.56927 3.46465 4.44537 5.51818 6.08103 5.93276 7.06139 7.98089 7.58695 8.3322 9.20185 8.80288 8.56549 8.36565 7.8799 7.84733 7.89402 8.5185 8.08106 8.34508 8.3491 8.33147 8.47786 8.64692 8.82475 8.85204 8.85016 8.85077 8.82718 8.83144 8.81755 8.80335 8.78959 8.76902 8.55441 6.31703 4.97955 -9999 -9999 -9999 -9999 -9999
-9999 -9999 -9999 -9999 -9999 8.65786 9.19201 11.08 11.6658 12.5004 12.9436 12.9643 12.4292 12.1305 10.9031 10.5033 8.50389 7.59729 8.36234 8.06639 10.3435 12.3585 11.9182 7.84589 6.37043 5.31802 5.5877 5.58996 5.20297 3.06716 2.47726 4.3905 5.59472 6.5273 7.23419 7.38009 7.35365 8.79331 8.98223 9.44791 9.34308 9.38334 8.65214 8.19835 8.58611 8.12876 8.04788 8.69315 8.05145 8.62625 8.55539 8.37941 8.36794 8.74618 8.821 8.85935 8.85945 8.8421 8.82037 8.80611 8.815 8.8054 8.78005 8.7765 8.75083 8.4761 7.31733 6.90856 7.34938 -9999 -9999 -9999
-9999 -9999 -9999 -9999 -9999 -9999 7.43769 10.0603 11.2609 11.8911 12.7775 12.8845 12.6012 12.0841 10.8336 9.73338 7.94587 5.90474 4.82257 8.05308 10.8647 12.3316 12.1374 8.74746 7.40919 7.34657 8.13385 7.46887 6.96452 5.3419 4.85574 4.18014 4.59493 5.89594 6.95723 7.98077 8.72423 8.78279 9.26416 9.53903 9.55888 9.64286 9.55412 9.48108 8.77295 9.2549 8.83993 9.05539 8.91176 8.78197 8.67009 8.26557 8.54708 8.79621 8.8587 8.87609 8.85833 8.8522 8.83888 8.81249 8.79755 8.79214 8.78564 8.76829 8.76332 8.7412 8.60631 7.90695 6.97267 5.79393 -9999 -9999
-9999 -9999 -9999 -9999 -9999 -9999 6.13257 8.74211 10.0018 11.6203 12.4552 12.7934 12.7476 12.3283 11.3777 9.94767 8.75596 6.47774 4.11235 7.50334 10.5241 12.1537 12.2391 9.3903 10.1791 9.54045 9.79748 8.62892 8.14333 7.76152 6.92197 6.00381 5.00044 4.46796 6.85291 8.07647 9.06056 9.52326 9.78364 9.91223 9.83932 9.65611 8.59304 9.39801 9.3491 9.2653 9.1698 9.12203 9.03537 8.93393 8.8731 8.84969 8.58025 8.88045 8.87041 8.87167 8.8703 8.85963 8.84176 8.82567 8.80631 8.80235 8.78661 8.77187 8.76006 8.74681 8.73273 8.68905 8.49923 6.91833 5.97072 5.69968
-9999 -9999 -9999 -9999 -9999 -9999 2.47223 6.26746 9.32276 10.9153 12.2123 12.5676 12.6993 12.1373 11.7164 10.6908 9.71954 8.22215 5.98031 4.59947 7.13833 10.8298 12.1896 12.0823 11.9964 11.258 10.5927 10.5083 10.5578 9.78585 8.65954 7.18465 6.72325 6.20492 7.98071 8.21965 8.0874 10.0397 10.0415 9.92768 9.17694 8.33736 8.49338 7.97089 8.36198 7.74074 8.30556 8.79346 8.97379 8.95561 8.88776 8.87755 8.84507 8.89403 8.89009 8.87864 8.86924 8.86284 8.85258 8.82682 8.81074 8.81557 8.79519 8.77966 8.76158 8.7506 8.74103 8.70742 8.67638 8.4288 8.05939 7.3582
-9999 -9999 -9999 -9999 -9999 -9999 2.64238 5.837 8.5439 10.1689 11.729 12.0902 12.6156 12.5003 12.0596 11.1679 10.0544 8.82177 6.89831 5.46844 7.16602 9.61665 11.3713 11.9997 11.9915 11.9485 11.781 11.7143 11.5192 11.3825 10.5724 9.17891 8.3906 7.23765 9.2168 9.43675 9.12431 10.1106 10.0582 8.56001 7.40737 7.26119 7.96027 7.29013 7.1667 6.74662 7.21274 8.46752 8.09849 8.16777 8.73528 8.82594 8.88217 8.89513 8.888 8.8822 8.86951 8.86801 8.86646 8.84106 8.82753 8.81908 8.79383 8.78425 8.76507 8.74454 8.72666 8.70629 8.67771 8.60365 8.52305 8.59522
-9999 -9999 -9999 -9999 -9999 -9999 2.71341 4.86075 7.29648 9.68851 11.3545 12.0258 12.514 12.5072 11.9952 11.551 10.8523 9.76776 9.02338 7.73243 5.96144 8.92708 9.83619 10.6471 10.9912 11.8368 11.8152 11.4264 10.9755 11.3918 11.267 10.1636 9.79933 9.18555 10.2852 10.2853 10.2521 10.1903 8.9242 7.16535 5.7589 6.76608 6.55212 7.0135 5.57083 6.75182 7.69973 8.00494 7.35394 6.87096 8.35136 8.59303 8.73583 8.82619 8.88452 8.86659 8.87874 8.86706 8.85976 8.85196 8.83612 8.82514 8.80877 8.79188 8.77305 8.75409 8.73241 8.70715 8.70061 8.65595 8.63654 8.61658
-9999 -9999 -9999 -9999 -9999 -9999 -9999 3.60028 6.68948 9.44558 10.9794 11.9434 12.4121 12.4019 12.1392 11.837 11.4031 10.6202 9.63734 8.08527 6.93289 7.66256 8.55354 8.65274 9.24479 10.9635 11.5499 10.7161 8.65911 9.87231 11.2254 11.2011 11.0832 10.9514 10.781 10.6292 10.3002 9.42317 6.74189 6.21444 5.16106 5.27779 4.73601 5.9112 5.46456 6.67077 7.19159 7.38605 6.2643 6.49832 7.80808 8.32472 8.23497 8.55089 8.85124 8.85827 8.8641 8.85334 8.85704 8.85655 8.84849 8.83275 8.81944 8.8086 8.77756 8.77005 8.66587 8.59647 8.46054 8.61816 8.62897 8.62809
-9999 -9999 -9999 -9999 -9999 -9999 -9999 2.99111 6.07211 9.31796 10.3593 11.3986 12.2953 12.3112 11.9107 11.5298 11.1375 10.6912 9.49936 8.34373 7.24051 6.86949 7.09048 7.07211 8.03041 10.2697 10.7023 10.516 8.36781 7.6381 9.44634 10.9656 11.083 10.9426 9.14966 9.52852 8.56011 7.24761 6.88457 6.30869 5.09449 5.67512 4.78494 5.16267 5.05513 5.73854 6.07005 6.88336 5.90534 5.90745 7.19338 7.84082 7.85389 8.53374 8.77423 8.83515 8.84841 8.8572 8.85747 8.86556 8.85661 8.84384 8.8277 8.7921 8.71121 8.46561 7.15968 7.15705 7.50832 7.8405 8.44646 8.61151
-9999 -9999 -9999 -9999 -9999 -9999 -9999 3.35017 5.48787 8.36777 10.5006 10.6334 11.6694 12.2034 11.7682 11.2784 10.7773 10.5574 9.26044 7.83607 6.68508 5.32299 5.54608 6.52217 8.11909 9.56507 9.82257 9.52206 8.3718 8.91422 10.1467 10.8001 10.9911 10.8365 10.4441 10.2163 9.50254 9.19177 8.20141 6.65428 6.04334 6.42605 4.78357 4.89541 5.49893 4.84864 5.90739 6.41234 5.15038 6.14771 7.28527 7.86531 8.37211 8.61045 8.70374 8.84843 8.84958 8.85931 8.86342 8.85863 8.85588 8.8292 8.80651 8.66588 8.45972 7.24848 6.73188 6.82657 7.38083 7.86562 8.36826 8.57359
-9999 -9999 -9999 -9999 -9999 -9999 -9999 3.71733 5.64183 8.1387 9.65898 9.9299 11.079 12.1005 11.9847 11.4751 11.3189 10.7909 9.69078 8.47584 7.1481 6.50203 5.01833 6.47681 7.63016 8.8544 9.42639 8.48219 8.00487 8.84489 9.67988 10.012 10.8552 10.8449 10.567 9.37675 8.79511 9.0375 8.78618 8.34789 7.28213 7.23216 6.5465 6.26085 5.99081 5.11634 5.66684 5.71904 5.86578 7.06347 7.65402 8.04455 8.39954 8.49058 8.64337 8.84256 8.85761 8.86214 8.85852 8.85957 8.84194 8.78161 8.7302 8.4504 7.95729 7.03982 5.5449 6.58534 7.67343 7.99211 8.30374 8.46462
-9999 -9999 -9999 -9999 -9999 -9999 -9999 3.39212 5.43646 7.5702 8.46157 8.61181 10.6926 11.9661 11.9668 11.7244 11.4416 10.1396 10.2145 9.95307 8.75517 7.01095 5.09548 5.27381 6.4123 8.02979 8.56394 7.00109 6.44609 6.85115 8.11479 9.24564 10.4264 10.7246 10.3753 8.52386 6.5565 7.46547 8.43682 8.42894 8.14069 7.15204 6.83625 6.55005 5.82778 4.60314 4.77852 5.1141 6.47424 6.90192 7.56441 8.11413 7.90273 8.02172 8.54764 8.84823 8.8569 8.85956 8.86679 8.85703 8.83607 8.71873 8.59455 8.38806 7.10769 6.31017 5.14416 6.48127 7.22187 7.60929 8.31419 8.47931
-9999 -9999 -9999 -9999 -9999 -9999 -9999 2.7619 4.24512 6.28447 7.10561 8.41601 10.3823 11.3486 11.811 11.7993 11.6103 11.0265 10.6749 9.98352 8.73738 7.03399 5.14068 3.9077 4.53254 6.7085 7.22335 5.78108 5.04504 5.95761 7.30444 9.29954 10.4385 10.5904 10.4849 10.1013 8.6643 6.92857 6.93202 7.79889 7.06895 6.22091 6.68321 6.5944 5.88118 5.36157 5.0394 5.23288 6.00764 6.32553 7.09135 8.22313 8.38273 8.34764 8.82256 8.84367 8.85204 8.86729 8.86391 8.85668 8.83944 8.7432 8.53119 7.678 6.93348 5.89886 5.76791 6.95029 7.46656 7.94788 8.29178 8.40128
-9999 -9999 -9999 -9999 -9999 -9999 -9999 1.67481 3.41996 5.33024 7.11874 8.81069 10.2666 10.3778 11.1449 11.1424 11.5435 11.4266 10.8853 10.3027 9.2288 7.04095 5.20104 3.19459 3.72181 5.94026 6.23391 5.26475 3.47565 5.31928 7.35255 9.19507 10.1915 9.40652 10.2066 10.1384 9.59847 8.56421 6.95738 6.9852 5.78028 5.72532 6.34009 6.53774 6.43205 6.04127 5.4151 5.51811 5.9878 6.10472 6.80827 7.68561 8.54333 8.68509 8.84643 8.8507 8.85062 8.86125 8.86018 8.83939 8.79246 8.69193 7.97625 7.12562 6.60033 5.8785 5.78797 7.15756 7.69711 7.9976 8.2943 8.40919
-9999 -9999 -9999 -9999 -9999 -9999 -9999 -9999 3.24399 5.21749 6.67743 7.06959 8.36354 9.06152 9.60124 9.71963 11.2625 11.346 11.0022 10.4669 9.55065 7.89005 6.73261 4.80794 3.42414 3.98981 4.25762 4.76385 4.61225 5.43345 7.38728 9.42286 9.64306 8.34652 8.53597 8.8045 9.40909 9.09871 6.91013 5.79686 4.87226 5.52439 6.21048 6.37431 6.40476 6.26889 6.1081 5.84277 6.76111 7.43984 7.59488 8.18639 8.62238 8.74074 8.82926 8.83778 8.84651 8.84395 8.81562 8.79427 8.68126 8.43149 7.6313 5.71109 5.7974 5.58676 4.98706 6.32732 7.16235 7.91996 8.32082 8.42162
-9999 -9999 -9999 -9999 -9999 -9999 -9999 -9999 2.58963 4.87318 5.35456 5.3174 4.55959 4.90633 7.70899 8.27202 9.75156 11.1524 11.0477 10.5224 9.66502 8.67533 7.14397 4.97952 3.25942 2.53839 4.38419 6.1989 6.57216 7.15023 8.34678 8.57258 7.24768 6.00503 6.69932 7.11653 8.7126 9.0018 8.68844 7.36856 5.85976 5.07071 5.99565 6.1166 6.16916 6.17703 6.14403 6.10088 7.13752 7.70926 8.10496 8.31907 8.69303 8.78664 8.81475 8.84108 8.83157 8.80942 8.74715 8.67666 8.37575 8.012 6.7032 5.61144 4.92938 4.0644 6.00306 6.57092 7.35807 7.86643 8.26522 8.34985
