Test_Spring_2018b/11_17/Temp/20171101_018.txt
ncols	170
nrows	115
xllcorner	350000.000000
yllcorner	4445000.000000
cellsize	1000.000000
nodata_value	-9999.000000
[rows 32 to 63 of 115, columns 72 to 143 of 170]
11.6938 11.2298 11.9416 12.5968 12.1985 11.9347 13.0155 13.0128 12.6413 11.7724 11.4516 11.119 10.914 9.80006 6.68035 3.86786 5.37079 5.40418 4.36106 6.22602 5.23822 2.66421 -0.968732 1.00393 0.488959 -2.08779 -2.72565 -9999 -9999 -9999 -9999 -9999 -9999 -9999 -9999 -9999 -9999 -9999 -9999 -9999 -9999 -9999 -9999 -9999 -9999 -9999 -9999 -9999 -9999 -9999 -9999 -9999 -9999 -9999 -9999 -9999 -9999 -9999 -9999 -9999 -9999 -9999 -9999 -9999 -9999 -9999 -9999 -9999 -9999 -9999 -9999 -9999
11.089 10.8882 11.9469 11.9224 11.8573 12.2431 12.9152 13.0465 12.9001 12.5198 12.19 11.8394 10.9541 9.68041 7.01013 3.80917 3.08109 4.6437 4.7163 4.9655 4.06449 2.93344 1.16529 2.60956 3.16924 1.47572 -0.7455 -2.16263 -9999 -9999 -9999 -9999 -9999 -9999 -9999 -9999 -9999 -9999 -9999 -9999 -9999 -9999 -9999 -9999 -9999 -9999 -9999 -9999 -9999 -9999 -9999 -9999 -9999 -9999 -9999 -9999 -9999 -9999 -9999 -9999 -9999 -9999 -9999 -9999 -9999 -9999 -9999 -9999 -9999 -9999 -9999 -9999
10.365 9.33327 9.9702 10.4479 11.3406 11.5761 11.7071 12.9704 12.9011 12.8402 12.2974 11.8628 11.1441 9.91837 8.17428 6.07486 2.42147 4.66945 6.42908 6.38105 6.28166 5.48794 3.78846 5.20527 5.26921 3.10293 0.647756 -0.802937 -1.40479 -9999 -9999 -9999 -9999 -9999 -9999 -9999 -9999 -9999 -9999 -9999 -9999 -9999 -9999 -9999 -9999 -9999 -9999 -9999 -9999 -9999 -9999 -9999 -9999 -9999 -9999 -9999 -9999 -9999 -9999 -9999 -9999 -9999 -9999 -9999 -9999 -9999 -9999 -9999 -9999 -9999 -9999 -9999
9.53991 8.28003 8.92067 9.77665 10.9888 11.6196 12.0981 12.4745 12.8586 12.811 12.2558 10.6201 10.3844 10.3112 9.16956 6.77643 4.38624 3.76457 6.44995 7.21604 7.05569 7.65257 6.21178 6.88755 6.60564 5.83399 3.4735 1.31022 0.413888 -1.3539 -9999 -9999 -9999 -9999 -9999 -9999 -9999 -9999 -9999 -9999 -9999 -9999 -9999 -9999 -9999 -9999 -9999 -9999 -9999 -9999 -9999 -9999 -9999 -9999 -9999 -9999 -9999 -9999 -9999 -9999 -9999 -9999 -9999 -9999 -9999 -9999 -9999 -9999 -9999 -9999 -9999 -9999
-9999 -9999 7.49905 8.6676 9.63705 10.8215 11.8448 12.3554 12.8515 12.8098 11.7026 11.16 11.1107 10.362 9.04454 8.21629 6.70999 5.14044 5.73465 8.02348 6.9993 8.61951 8.47776 8.77202 7.68191 5.62694 2.8745 1.26514 0.4624 -0.971193 -9999 -9999 -9999 -9999 -9999 -9999 -9999 -9999 -9999 -9999 -9999 -9999 -9999 -9999 -9999 -9999 -9999 -9999 -9999 -9999 -9999 -9999 -9999 -9999 -9999 -9999 -9999 -9999 -9999 -9999 -9999 -9999 -9999 -9999 -9999 -9999 -9999 -9999 -9999 -9999 -9999 -9999
-9999 -9999 -9999 8.46486 9.20416 10.7861 11.6078 11.9389 12.7404 12.741 12.3209 12.0033 11.5426 10.9411 9.95032 8.85696 7.43981 7.30493 8.76725 8.78063 8.46928 8.70508 9.45361 9.24994 7.561 4.66601 3.12793 0.00583859 -1.33296 -1.20056 -2.15051 -9999 -9999 -9999 -9999 -9999 -9999 -9999 -9999 -9999 -9999 -9999 -9999 1.41582 -9999 -9999 -9999 -9999 -9999 -9999 -9999 -9999 -9999 -9999 -9999 -9999 -9999 -9999 -9999 -9999 -9999 -9999 -9999 -9999 -4.39128 -9999 -9999 -9999 -9999 -9999 -9999 -9999
-9999 -9999 8.33464 9.32464 10.0927 11.084 11.1803 11.7741 12.6964 12.7091 12.4112 12.0745 11.3184 11.1294 10.5644 9.37745 9.13143 9.60677 9.82283 10.068 10.2167 10.0858 9.77489 9.37474 8.29144 6.94015 6.03157 3.17957 1.73462 0.352937 -1.73572 -3.37045 -9999 -9999 -9999 -9999 -9999 -9999 -9999 0.351675 0.269758 0.302082 0.75435 2.01132 1.26438 -9999 -9999 -9999 -9999 -9999 -9999 -9999 -9999 -9999 -9999 -9999 -9999 -9999 -9999 -9999 -9999 -9999 -9999 -9999 -3.24985 -4.89649 -9999 -9999 -9999 -9999 -9999 -9999
-9999 -9999 8.61665 9.65479 10.1728 11.1359 11.6871 12.0529 12.3726 12.6782 12.6265 12.2544 11.6882 11.6901 10.9089 10.4857 10.1818 10.826 10.9488 10.6826 10.3498 10.0547 9.23162 9.13084 8.86405 8.00374 6.59583 5.14552 3.0529 0.218534 -2.56089 -4.80341 -9999 -9999 -9999 -9999 -9999 -9999 0.59678 1.64086 2.26438 0.924129 2.05992 3.09735 2.92518 1.90833 -9999 -9999 -9999 -9999 -9999 -9999 -9999 -9999 -9999 -9999 -9999 -9999 -9999 -9999 4.55257 2.86535 -0.538468 -2.28558 -3.33589 -4.83363 -9999 -9999 -9999 -9999 -9999 -9999
-9999 -9999 8.41933 9.64602 10.4772 11.2156 11.3339 12.0974 12.4271 12.5917 12.5725 12.4987 12.3939 11.7127 11.418 10.3874 11.3659 11.3236 11.0689 10.0777 9.64401 7.94625 7.1952 7.02721 8.44199 7.38435 5.18381 2.4349 -0.866756 -1.08743 -2.18249 -4.18736 -9999 -9999 -9999 -9999 -9999 -9999 0.927112 2.04407 2.97536 3.1067 1.77403 3.62137 3.54477 2.50125 2.25893 3.10165 3.52523 3.19287 4.20081 4.49141 4.02717 4.52342 -9999 -9999 -9999 -9999 4.79631 4.85989 4.90687 4.20134 0.483304 -2.05767 -4.34022 -4.55943 -9999 -9999 -9999 -9999 -9999 -9999
-9999 -9999 9.27826 10.0329 10.4147 10.4767 11.1405 11.8092 12.2168 12.5195 12.46 12.4357 12.4094 12.1754 11.6329 11.7267 11.6785 11.358 9.47725 7.28251 8.22913 6.91826 4.13882 6.38707 7.62064 6.42259 3.75689 0.667428 -0.347834 -0.312088 -1.83342 -3.78714 -9999 -9999 -9999 -2.11899 -0.517086 -0.381105 0.0883348 1.57967 2.71284 3.56322 4.14165 4.12303 3.49608 2.47482 1.36512 1.75032 3.72537 4.20114 4.59704 4.89811 4.4664 4.68243 5.20676 5.47529 5.52578 5.39629 5.36328 5.40229 5.33478 4.67629 1.35003 -0.555691 -1.77355 -4.22312 -9999 -9999 -9999 -9999 -9999 -9999
-9999 -9999 8.81496 9.47112 10.0032 10.8886 10.9832 11.5444 11.883 12.3766 12.4331 11.8556 12.3329 12.27 12.1784 11.9854 11.7032 10.115 7.92735 5.7336 4.71648 5.14675 3.4663 4.31383 5.56359 5.09185 3.45542 0.70208 0.308806 -0.335691 -2.89217 -5.35206 -9999 -9999 -5.22422 -2.14719 0.0183629 1.13355 1.47623 1.50527 2.93411 3.04162 4.5794 4.21723 2.16564 2.3879 1.58307 2.08945 2.80812 2.99971 4.03397 5.03316 5.21651 5.21464 5.54627 5.6102 5.62304 5.60961 5.37644 5.47702 5.48905 5.07708 2.66611 1.48801 0.187882 -4.1859 -9999 -9999 -9999 -9999 -9999 -9999
-9999 -9999 9.16292 9.89695 10.7018 10.8325 11.4301 11.3677 11.2048 12.0384 12.3427 11.9354 11.6417 12.1818 12.142 12.0666 11.9434 10.4503 8.72241 6.10943 4.48242 3.49109 2.7798 1.82981 2.46747 2.26198 1.98962 2.28702 1.52092 0.00796754 -1.49049 -4.29046 -5.80631 -9999 -5.05277 -3.66614 -1.08984 1.09895 2.48681 1.98208 3.60742 3.90463 4.8436 4.28557 3.03569 2.49443 2.43928 2.26857 3.35833 4.08559 4.59495 4.93585 5.36291 5.46672 5.57153 5.61231 5.63249 5.65345 5.64363 5.631 5.57843 5.4212 4.31051 3.13289 0.596582 -4.03755 -9999 -9999 -9999 -9999 -9999 -9999
-9999 7.02893 9.08529 10.3174 10.7946 11.1397 11.4448 11.6665 11.9037 12.1195 12.2701 12.2062 11.1261 11.2134 11.4052 12.0148 11.966 11.8252 10.877 7.69883 6.60017 4.99081 2.90913 2.03064 2.45519 4.14648 4.06282 2.93006 1.66894 -0.0719586 -1.18487 -2.90343 -6.19818 -5.90644 -4.4285 -3.32957 -1.57972 1.09668 2.9715 3.80553 4.1174 4.77579 5.11368 4.34934 3.61855 3.30804 2.73902 2.6517 2.64762 3.3025 3.80804 4.94923 5.32944 5.49992 5.58428 5.62746 5.65794 5.68835 5.69642 5.67056 5.66807 5.65531 5.56865 4.00478 0.0959849 -2.85061 -9999 -9999 -9999 -9999 -9999 -9999
-9999 -9999 8.71098 9.25237 9.39417 9.64331 10.1534 10.7419 11.5793 11.6882 12.1477 12.1458 11.2144 10.1384 11.0728 11.4412 11.8217 11.8268 11.698 9.02893 7.6272 6.52151 4.52487 5.22969 5.90208 5.94534 5.52627 3.10561 0.695215 -2.08312 -4.67805 -4.80764 -6.20821 -5.47553 -4.50048 -1.99109 -0.226144 0.487331 0.998467 3.7187 4.42484 4.66215 5.35385 4.39633 4.14514 3.42263 3.62705 3.55619 3.55182 1.5632 3.53793 3.64757 4.93431 5.50783 5.63377 5.66441 5.69801 5.69998 5.70373 5.6943 5.70398 5.6799 5.65296 4.63473 -0.318304 -2.81024 -9999 -9999 -9999 -9999 -9999 -9999
-9999 -9999 -9999 -9999 8.88852 9.30328 9.57025 10.0317 11.4448 11.8259 12.0795 12.1022 11.6875 10.6217 10.3393 10.5308 9.4872 10.3495 11.5326 11.4953 11.3429 8.99238 7.78262 8.93333 8.57171 6.80257 5.40877 4.03347 1.21243 -0.854797 -3.82803 -6.06178 -6.15115 -3.69745 -1.66063 0.878755 1.99731 1.35504 2.043 3.39273 4.92543 5.66366 5.4827 4.47359 4.32283 3.21271 4.28787 4.37216 3.85971 3.41554 3.57727 4.20946 4.44613 5.45155 5.69038 5.72762 5.73081 5.73096 5.72301 5.71389 5.69682 5.6823 5.66395 5.61374 0.522556 -3.44202 -9999 -9999 -9999 -9999 -9999 -9999
-9999 -9999 -9999 -9999 7.91807 8.17122 8.8356 10.5395 11.4359 11.7978 11.7874 11.955 11.6626 10.7252 9.76158 8.85137 7.67751 8.34058 10.103 11.1385 11.2489 9.18743 10.244 9.8347 9.03716 6.72598 5.02073 4.11309 1.40429 -0.916032 -2.89646 -5.62778 -4.46767 -3.18884 -1.54429 1.22609 3.0946 3.86006 3.21117 4.07245 5.83689 5.84183 4.86883 4.92549 4.3258 2.81151 4.37163 4.80441 4.43992 4.52334 4.3789 4.60909 5.03556 5.44379 5.71357 5.74522 5.74448 5.7314 5.72732 5.72433 5.70111 5.6988 5.68046 5.65012 2.36217 -3.51272 -9999 -9999 -9999 -9999 -9999 -9999
-9999 -9999 -9999 -9999 -9999 7.03651 8.55008 10.811 11.3768 11.3275 11.7954 11.8366 11.3874 10.9964 9.82713 8.22909 5.16146 5.93626 7.55824 9.89916 11.1253 10.9503 10.252 9.05016 6.15513 3.62063 3.30536 2.88372 0.904687 -0.884033 -3.0852 -1.82006 -0.432952 1.08574 1.8819 1.67008 3.27059 4.57491 4.01611 5.07357 6.30737 5.74104 5.40347 5.11862 4.42718 4.37834 4.44136 5.32352 4.69864 5.06857 5.06634 5.03698 5.2405 5.47653 5.72555 5.76171 5.75732 5.75735 5.72386 5.73065 5.71235 5.69414 5.67692 5.65024 5.34833 2.18027 0.285492 -9999 -9999 -9999 -9999 -9999
-9999 -9999 -9999 -9999 -9999 5.64765 6.40318 9.08011 9.91102 11.0944 11.7231 11.7526 10.9939 10.5701 8.82907 8.26147 5.42376 4.13545 5.21794 4.79421 8.02001 10.8732 10.239 4.45432 2.3535 0.852681 1.22752 1.22305 0.666636 -2.37329 -3.21609 -0.506856 1.19733 2.51709 3.5176 3.72307 3.68483 5.72713 5.99501 6.65573 6.50691 6.56362 5.52539 4.88017 5.42794 4.77644 4.65847 5.57018 4.65557 5.46648 5.3581 5.10421 5.08389 5.61682 5.7198 5.77173 5.76993 5.7446 5.71362 5.69426 5.70816 5.69633 5.6625 5.65979 5.62575 5.24203 3.60067 3.02299 3.65021 -9999 -9999 -9999
-9999 -9999 -9999 -9999 -9999 -9999 3.91399 7.63313 9.33607 10.2295 11.4867 11.6384 11.2367 10.5031 8.72878 7.16739 4.63029 1.73265 0.194167 4.77359 8.75788 10.8336 10.5486 5.73232 3.82637 3.73001 4.83937 3.8885 3.16576 0.853981 0.158494 -0.805012 -0.220716 1.62198 3.12492 4.57551 5.62945 5.71223 6.39516 6.78451 6.81243 6.93101 6.80412 6.69899 5.69196 6.37307 5.78118 6.08319 5.87535 5.68683 5.52034 4.94243 5.33797 5.68791 5.77357 5.7949 5.76841 5.75899 5.7399 5.70276 5.68338 5.6773 5.66998 5.64745 5.64254 5.61708 5.42813 4.43805 3.11431 1.44335 -9999 -9999
-9999 -9999 -9999 -9999 -9999 -9999 2.06197 5.76247 7.54932 9.8445 11.0306 11.5081 11.443 10.8479 9.49892 7.46934 5.7774 2.54336 -0.815092 3.99178 8.27264 10.5795 10.6948 6.64305 7.75515 6.84188 7.19931 5.53432 4.83848 4.2872 3.09054 1.78306 0.355955 -0.403407 2.97776 4.71202 6.10719 6.76314 7.13234 7.31463 7.20859 6.9491 5.43978 6.5802 6.50838 6.38688 6.24831 6.17703 6.05021 5.90217 5.80822 5.77126 5.38541 5.80634 5.78898 5.78903 5.78587 5.76999 5.74439 5.72176 5.69485 5.68939 5.67121 5.65209 5.6372 5.62422 5.60642 5.54636 5.27868 3.0371 1.69363 1.30935
-9999 -9999 -9999 -9999 -9999 -9999 -3.13151 2.25114 6.58867 8.84651 10.6832 11.1865 11.3729 10.5751 9.97735 8.52144 7.14206 5.01574 1.83261 -0.129727 3.46726 8.69945 10.6229 10.4609 10.3324 9.27806 8.32727 8.20079 8.26454 7.15988 5.55773 3.46035 2.80062 2.06209 4.57898 4.91624 4.72747 7.49645 7.4986 7.3367 6.2711 5.07588 5.29566 4.55464 5.10702 4.22311 5.02148 5.71033 5.96254 5.9329 5.82911 5.80844 5.75947 5.82508 5.81745 5.7996 5.78506 5.77524 5.76036 5.72387 5.70144 5.70894 5.67995 5.65878 5.63877 5.6289 5.61723 5.57124 5.52866 5.17859 4.65539 3.66087
-9999 -9999 -9999 -9999 -9999 -9999 -2.8867 1.64491 5.48328 7.78416 9.99643 10.5079 11.2525 11.0883 10.4621 9.19601 7.61471 5.86399 3.13255 1.10077 3.5053 6.97629 9.4604 10.3419 10.3244 10.2571 10.013 9.91439 9.63118 9.42754 8.27284 6.28972 5.16751 3.52867 6.33405 6.64424 6.19963 7.59786 7.52287 5.39666 3.7606 3.55219 4.53845 3.58568 3.40789 2.81196 3.47044 5.24748 4.71733 4.8122 5.60989 5.73566 5.81097 5.82716 5.81516 5.8054 5.78625 5.78336 5.78075 5.74464 5.72566 5.71408 5.67884 5.66486 5.6384 5.61483 5.59589 5.56845 5.52919 5.42518 5.30883 5.41166
-9999 -9999 -9999 -9999 -9999 -9999 -2.78135 0.259527 3.71321 7.10178 9.46409 10.4153 11.1069 11.0963 10.3688 9.7374 8.7445 7.20374 6.1451 4.3105 1.79431 5.99749 7.28085 8.4215 8.9069 10.1002 10.0632 9.50517 8.85668 9.44177 9.25774 7.68807 7.16756 6.29369 7.85127 7.84942 7.80078 7.71191 5.91463 3.41836 1.42197 2.84964 2.54457 3.19234 1.14298 2.8125 4.15436 4.58427 3.66095 2.9726 5.06546 5.40337 5.6037 5.72987 5.81088 5.78399 5.8001 5.78274 5.77189 5.76062 5.73817 5.7228 5.69992 5.67641 5.64898 5.62767 5.59801 5.55947 5.55139 5.49471 5.46816 5.44017
-9999 -9999 -9999 -9999 -9999 -9999 -9999 -1.52378 2.85244 6.76071 8.9351 10.3012 10.9647 10.9488 10.5748 10.1445 9.52715 8.41441 7.01754 4.8127 3.17441 4.20568 5.46352 5.59413 6.4284 8.86082 9.68678 8.49794 5.56955 7.28285 9.19786 9.15942 8.98851 8.79854 8.55603 8.33866 7.8701 6.6244 2.81916 2.06753 0.57165 0.735636 -0.0348384 1.62448 0.988197 2.69685 3.43297 3.70598 2.11162 2.43544 4.28842 5.01926 4.89001 5.33649 5.76421 5.7728 5.77996 5.76387 5.76854 5.76751 5.75592 5.73023 5.71127 5.69592 5.65038 5.64565 5.49869 5.40115 5.20928 5.43391 5.45026 5.4504
-9999 -9999 -9999 -9999 -9999 -9999 -9999 -2.39306 1.97602 6.57909 8.05479 9.52765 10.7982 10.8192 10.2495 9.70737 9.14892 8.51357 6.82024 5.17785 3.60939 3.07926 3.38857 3.35053 4.70478 7.87619 8.48438 8.21453 5.15386 4.11387 6.67489 8.82634 8.98948 8.78729 6.24096 6.77623 5.40041 3.53663 3.01999 2.20141 0.477188 1.29918 0.0343215 0.568061 0.40655 1.37364 1.84135 2.99253 1.6023 1.59712 3.41616 4.33269 4.34941 5.31227 5.65203 5.73721 5.75497 5.76658 5.76626 5.77718 5.76405 5.7456 5.72247 5.67182 5.55699 5.20682 3.36062 3.35759 3.85669 4.32876 5.18816 5.42474
-9999 -9999 -9999 -9999 -9999 -9999 -9999 -1.88422 1.14666 5.23059 8.25472 8.44149 9.90967 10.6656 10.0464 9.34967 8.63675 8.32256 6.48006 4.45641 2.82023 0.884187 1.19666 2.57709 4.82998 6.87627 7.23639 6.8049 5.15988 5.92492 7.66934 8.59248 8.86005 8.63773 8.07836 7.75284 6.73813 6.29535 4.88852 2.69183 1.8233 2.36438 0.0321564 0.188638 1.04249 0.110481 1.6101 2.32399 0.531127 1.93442 3.54626 4.36729 5.08455 5.42112 5.55205 5.75609 5.75665 5.76952 5.77457 5.76711 5.76265 5.72434 5.69175 5.49191 5.19918 3.48059 2.75235 2.88715 3.67401 4.36238 5.07655 5.36862
-9999 -9999 -9999 -9999 -9999 -9999 -9999 -1.3638 1.36468 4.90524 7.06037 7.44302 9.07155 10.5191 10.353 9.62815 9.40439 8.65305 7.08969 5.36317 3.47627 2.55615 0.447332 2.51231 4.13584 5.86784 6.67443 5.32128 4.63956 5.82702 7.00763 7.47521 8.66805 8.65038 8.25345 6.5624 5.73501 6.07685 5.71837 5.09465 3.58072 3.50785 2.53301 2.12555 1.7401 0.489637 1.26834 1.34005 1.54203 3.23318 4.06908 4.62134 5.1233 5.25092 5.4663 5.74766 5.76789 5.77335 5.76736 5.76808 5.74238 5.65619 5.58271 5.18525 4.48524 3.18322 1.06683 2.54315 4.08714 4.54136 4.9827 5.21151
-9999 -9999 -9999 -9999 -9999 -9999 -9999 -1.82556 1.07304 4.0985 5.36141 5.57287 8.52321 10.3281 10.3272 9.98143 9.57807 7.72858 7.83224 7.45838 5.75572 3.27768 0.556393 0.805348 2.41061 4.69784 5.45095 3.22002 2.42827 2.99879 4.78764 6.38838 8.06025 8.48033 7.98194 5.35283 2.55939 3.8468 5.22281 5.20961 4.79865 3.39397 2.94381 2.53555 1.50854 -0.231763 0.0075341 0.48141 2.39865 3.00349 3.94153 4.7197 4.41817 4.58548 5.33023 5.75544 5.7666 5.76934 5.77865 5.76394 5.73341 5.56621 5.38934 5.09573 3.27862 2.14659 0.498345 2.39359 3.44435 3.99461 4.995 5.22962
-9999 -9999 -9999 -9999 -9999 -9999 -9999 -2.71991 -0.617278 2.27436 3.43769 5.29514 8.08303 9.4522 10.1064 10.0877 9.81736 8.98664 8.48519 7.5014 5.73028 3.31017 0.620356 -1.13289 -0.250612 2.82325 3.54452 1.48914 0.440635 1.73126 3.63819 6.4651 8.07765 8.29011 8.13771 7.59092 5.54986 3.08511 3.08786 4.3156 3.27793 2.07268 2.72639 2.59814 1.58397 0.844401 0.377068 0.64521 1.73606 2.18521 3.26991 4.87389 5.09874 5.04748 5.71988 5.74855 5.75926 5.7798 5.774 5.76279 5.73743 5.60003 5.29841 4.08716 3.0301 1.5615 1.37497 3.05691 3.79123 4.4725 4.9605 5.11601
-9999 -9999 -9999 -9999 -9999 -9999 -9999 -4.2623 -1.78793 0.920702 3.45655 5.85536 7.91925 8.07523 9.16165 9.15605 9.72294 9.55463 8.7839 7.95443 6.42758 3.32012 0.706027 -2.14455 -1.40077 1.73645 2.13588 0.75653 -1.78593 0.825601 3.70642 6.31688 7.72723 6.61054 7.74277 7.64342 6.87504 5.40543 3.12359 3.16091 1.44935 1.36921 2.2392 2.51735 2.3651 1.80833 0.917124 1.04913 1.70728 1.87134 2.86774 4.11078 5.32606 5.52571 5.75322 5.758 5.75667 5.77062 5.76801 5.73749 5.66991 5.52629 4.50998 3.30221 2.55601 1.53097 1.40156 3.35068 4.116 4.54041 4.9612 5.12408
-9999 -9999 -9999 -9999 -9999 -9999 -9999 -9999 -2.03741 0.761058 2.8309 3.38579 5.21997 6.20852 6.97239 7.13832 9.32494 9.44092 8.95035 8.18784 6.88463 4.52509 2.87913 0.144481 -1.82301 -1.03546 -0.66797 0.0457695 -0.173613 0.987351 3.75543 6.63976 6.94885 5.10637 5.37234 5.75068 6.60598 6.16333 3.05614 1.47456 0.160664 1.08367 2.05484 2.28502 2.3259 2.13077 1.89526 1.50272 2.80373 3.76486 3.98307 4.82061 5.4376 5.60404 5.72824 5.73901 5.75016 5.74534 5.70402 5.67262 5.51119 5.15574 4.0194 1.29406 1.41537 1.11536 0.263368 2.16611 3.35309 4.42747 4.99576 5.13838
-9999 -9999 -9999 -9999 -9999 -9999 -9999 -9999 -2.9654 0.273097 0.954793 0.900754 -0.175804 0.314529 4.28892 5.08571 7.18247 9.1673 9.01593 8.26755 7.04764 5.63978 3.46318 0.388179 -2.0566 -3.0936 -0.48478 2.08148 2.60661 3.42253 5.11617 5.43288 3.54987 1.78382 2.76599 3.35527 5.61721 6.02519 5.57842 3.70374 1.56104 0.439446 1.74947 1.9188 1.99106 1.99986 1.94571 1.87646 3.33709 4.14639 4.70604 5.00815 5.53711 5.66844 5.70691 5.74294 5.72818 5.69554 5.60601 5.50484 5.07676 4.55951 2.70147 1.15132 0.182355 -1.04616 1.70283 2.50963 3.63021 4.34862 4.91366 5.03303
