Test_Spring_2018b/11_17/Temp/20171101_013.txt
ncols	170
nrows	115
xllcorner	350000.000000
yllcorner	4445000.000000
cellsize	1000.000000
nodata_value	-9999.000000
[rows 32 to 63 of 115, columns 72 to 143 of 170]
15.6843 15.3864 15.8369 16.2512 15.9747 15.7933 16.4718 16.4669 16.2275 15.6719 15.4655 15.2519 15.1198 14.4092 12.4216 10.6295 11.5847 11.6041 10.9377 12.1224 11.4905 9.84828 7.53151 8.78316 8.45076 6.78492 6.36851 -9999 -9999 -9999 -9999 -9999 -9999 -9999 -9999 -9999 -9999 -9999 -9999 -9999 -9999 -9999 -9999 -9999 -9999 -9999 -9999 -9999 -9999 -9999 -9999 -9999 -9999 -9999 -9999 -9999 -9999 -9999 -9999 -9999 -9999 -9999 -9999 -9999 -9999 -9999 -9999 -9999 -9999 -9999 -9999 -9999
15.2937 15.1638 15.8354 15.8172 15.7581 15.9853 16.4035 16.4839 16.3879 16.1432 15.9311 15.7059 15.1405 14.3281 12.6266 10.5872 10.1221 11.1152 11.1594 11.3158 10.7396 10.0165 8.88752 9.80338 10.1558 9.06091 7.62885 6.70675 -9999 -9999 -9999 -9999 -9999 -9999 -9999 -9999 -9999 -9999 -9999 -9999 -9999 -9999 -9999 -9999 -9999 -9999 -9999 -9999 -9999 -9999 -9999 -9999 -9999 -9999 -9999 -9999 -9999 -9999 -9999 -9999 -9999 -9999 -9999 -9999 -9999 -9999 -9999 -9999 -9999 -9999 -9999 -9999
14.8276 14.1688 14.5721 14.8738 15.4156 15.5498 15.6299 16.4311 16.384 16.3426 15.9947 15.7159 15.2566 14.4746 13.3627 12.0247 9.69736 11.127 12.2456 12.2131 12.1476 11.6398 10.555 11.454 11.4913 10.0907 8.49948 7.57282 7.18676 -9999 -9999 -9999 -9999 -9999 -9999 -9999 -9999 -9999 -9999 -9999 -9999 -9999 -9999 -9999 -9999 -9999 -9999 -9999 -9999 -9999 -9999 -9999 -9999 -9999 -9999 -9999 -9999 -9999 -9999 -9999 -9999 -9999 -9999 -9999 -9999 -9999 -9999 -9999 -9999 -9999 -9999 -9999
14.2975 13.4936 13.8993 14.4418 15.2002 15.5799 15.8745 16.1109 16.3523 16.3192 15.9633 14.9198 14.7679 14.7196 13.9913 12.4665 10.9435 10.5465 12.2547 12.7409 12.6371 13.015 12.0954 12.523 12.3407 11.8398 10.308 8.91855 8.34544 7.21775 -9999 -9999 -9999 -9999 -9999 -9999 -9999 -9999 -9999 -9999 -9999 -9999 -9999 -9999 -9999 -9999 -9999 -9999 -9999 -9999 -9999 -9999 -9999 -9999 -9999 -9999 -9999 -9999 -9999 -9999 -9999 -9999 -9999 -9999 -9999 -9999 -9999 -9999 -9999 -9999 -9999 -9999
-9999 -9999 12.9899 13.7212 14.3297 15.0679 15.709 16.0306 16.3432 16.3137 15.6062 15.2584 15.2251 14.7468 13.9067 13.3783 12.4183 11.4181 11.7954 13.2514 12.598 13.6279 13.5357 13.7208 13.0243 11.6923 9.92681 8.89024 8.37705 7.46246 -9999 -9999 -9999 -9999 -9999 -9999 -9999 -9999 -9999 -9999 -9999 -9999 -9999 -9999 -9999 -9999 -9999 -9999 -9999 -9999 -9999 -9999 -9999 -9999 -9999 -9999 -9999 -9999 -9999 -9999 -9999 -9999 -9999 -9999 -9999 -9999 -9999 -9999 -9999 -9999 -9999 -9999
-9999 -9999 -9999 13.5882 14.0499 15.0534 15.554 15.7611 16.2679 16.2651 15.9948 15.7901 15.4949 15.1103 14.4783 13.7813 12.8784 12.7919 13.7222 13.73 13.5308 13.6797 14.1547 14.0232 12.9394 11.0799 10.0984 8.08889 7.23466 7.31733 6.7112 -9999 -9999 -9999 -9999 -9999 -9999 -9999 -9999 -9999 -9999 -9999 -9999 8.97625 -9999 -9999 -9999 -9999 -9999 -9999 -9999 -9999 -9999 -9999 -9999 -9999 -9999 -9999 -9999 -9999 -9999 -9999 -9999 -9999 5.25641 -9999 -9999 -9999 -9999 -9999 -9999 -9999
-9999 -9999 13.5141 14.1267 14.6118 15.2388 15.285 15.652 16.2353 16.2399 16.0472 15.8302 15.3468 15.225 14.8642 14.1079 13.9509 14.2533 14.3906 14.5464 14.6405 14.5564 14.3572 14.1008 13.3896 12.5272 11.9465 10.1189 9.18817 8.30708 6.97622 5.93468 -9999 -9999 -9999 -9999 -9999 -9999 -9999 8.30402 8.25159 8.27169 8.55897 9.35842 8.88196 -9999 -9999 -9999 -9999 -9999 -9999 -9999 -9999 -9999 -9999 -9999 -9999 -9999 -9999 -9999 -9999 -9999 -9999 -9999 5.98782 4.93937 -9999 -9999 -9999 -9999 -9999 -9999
-9999 -9999 13.6768 14.3339 14.6593 15.2678 15.6139 15.8254 16.0247 16.2154 16.1791 15.9395 15.577 15.5767 15.0785 14.8087 14.6152 15.0255 15.104 14.9346 14.7227 14.5343 14.0093 13.9438 13.7536 13.2038 12.3053 11.3797 10.0279 8.22209 6.45163 5.02335 -9999 -9999 -9999 -9999 -9999 -9999 8.46288 9.12761 9.52437 8.67066 9.39307 10.0527 9.94207 9.28044 -9999 -9999 -9999 -9999 -9999 -9999 -9999 -9999 -9999 -9999 -9999 -9999 -9999 -9999 10.9602 9.88618 7.71906 6.60653 5.93752 4.98365 -9999 -9999 -9999 -9999 -9999 -9999
-9999 -9999 13.5491 14.3257 14.85 15.3148 15.3847 15.8586 16.0549 16.1555 16.1397 16.0898 16.021 15.586 15.3977 14.7415 15.3649 15.3386 15.1772 14.5468 14.2709 13.1899 12.7111 12.5857 13.4845 12.809 11.4058 9.6534 7.54114 7.39108 6.69309 5.41629 -9999 -9999 -9999 -9999 -9999 -9999 8.67571 9.38698 9.97977 10.063 9.21381 10.389 10.3267 9.66114 9.50575 10.0414 10.3104 10.0931 10.7286 10.9146 10.6204 10.9379 -9999 -9999 -9999 -9999 11.1193 11.1605 11.1907 10.7416 8.37424 6.75608 5.30234 5.16111 -9999 -9999 -9999 -9999 -9999 -9999
-9999 -9999 14.0944 14.57 14.8075 14.8411 15.2575 15.6704 15.9168 16.1041 16.0625 16.0442 16.0255 15.8754 15.5297 15.5898 15.56 15.3571 14.161 12.7648 13.3683 12.5337 10.7527 12.1779 12.9613 12.1963 10.4968 8.52746 7.87102 7.88499 6.91571 5.67428 -9999 -9999 -9999 6.73856 7.75943 7.84695 8.14661 9.09661 9.81827 10.3562 10.7237 10.7025 10.299 9.64728 8.93942 9.18355 10.4402 10.7427 10.9839 11.1767 10.9034 11.046 11.3817 11.5545 11.5884 11.5075 11.4878 11.5135 11.4711 11.0521 8.93042 7.71648 6.94033 5.37945 -9999 -9999 -9999 -9999 -9999 -9999
-9999 -9999 13.796 14.2085 14.5414 15.0975 15.1511 15.5019 15.7055 16.0088 16.0409 15.6702 15.9721 15.931 15.8726 15.7505 15.5721 14.5627 13.1717 11.7766 11.1302 11.3956 10.3252 10.8593 11.653 11.3488 10.3062 8.55085 8.29809 7.87926 6.24451 4.67817 -9999 -9999 4.7614 6.72158 8.10156 8.81276 9.03196 9.05119 9.96123 10.0297 11.0083 10.77 9.45954 9.5995 9.08061 9.40165 9.86151 9.983 10.6373 11.2689 11.3871 11.3877 11.6009 11.6436 11.6537 11.6469 11.4999 11.5649 11.5732 11.311 9.77592 9.02542 8.19671 5.41127 -9999 -9999 -9999 -9999 -9999 -9999
-9999 -9999 14.0137 14.4753 14.9814 15.058 15.4316 15.3854 15.2693 15.7943 15.979 15.7166 15.5276 15.8706 15.8455 15.7985 15.7218 14.7734 13.6756 12.014 10.9797 10.3414 9.88812 9.27903 9.6832 9.55019 9.37432 9.56105 9.06887 8.09733 7.14211 5.35405 4.3893 -9999 4.87102 5.75526 7.397 8.79197 9.67683 9.35645 10.3917 10.581 11.1727 10.8162 10.0161 9.67208 9.63549 9.52544 10.2181 10.6758 10.996 11.2138 11.4826 11.5506 11.6195 11.6477 11.6627 11.6779 11.6732 11.6663 11.6335 11.5335 10.8261 10.0757 8.4601 5.50862 -9999 -9999 -9999 -9999 -9999 -9999
-9999 12.6659 13.964 14.7421 15.039 15.2514 15.4381 15.5718 15.7106 15.8417 15.9324 15.8852 15.1955 15.2503 15.3729 15.7624 15.7335 15.6464 15.0454 13.0244 12.3205 11.2968 9.9713 9.40713 9.67549 10.7499 10.6939 9.9699 9.16415 8.0478 7.33587 6.24094 4.1398 4.32645 5.26874 5.97003 7.08585 8.79152 9.98664 10.5188 10.718 11.133 11.3472 10.8609 10.3915 10.1921 9.82817 9.77097 9.76697 10.1828 10.5006 11.2235 11.4667 11.5736 11.6296 11.6595 11.6813 11.7027 11.7095 11.6943 11.6934 11.6855 11.6301 10.6337 8.14658 6.26957 -9999 -9999 -9999 -9999 -9999 -9999
-9999 -9999 13.7255 14.0633 14.1462 14.2969 14.6136 14.9803 15.501 15.564 15.8513 15.8456 15.2486 14.563 15.1585 15.3947 15.6395 15.6457 15.5667 13.866 12.9749 12.2715 11.0001 11.4441 11.8701 11.8952 11.6255 10.0813 8.54357 6.76681 5.11302 5.02932 4.13593 4.6008 5.22306 6.82249 7.94814 8.40433 8.73148 10.4647 10.9121 11.0637 11.5035 10.8928 10.7288 10.2669 10.3952 10.3483 10.3438 9.0764 10.3295 10.3992 11.2188 11.5826 11.6627 11.6848 11.7086 11.7121 11.7163 11.7116 11.7186 11.7036 11.6876 11.0391 7.88512 6.29745 -9999 -9999 -9999 -9999 -9999 -9999
-9999 -9999 -9999 -9999 13.8232 14.079 14.2405 14.5259 15.413 15.6491 15.8052 15.8155 15.5489 14.8685 14.6896 14.8135 14.1518 14.704 15.458 15.4363 15.3406 13.8448 13.0712 13.8024 13.57 12.441 11.5506 10.6718 8.87246 7.54846 5.65367 4.23023 4.17268 5.7349 7.03114 8.64979 9.36407 8.95731 9.39722 10.2567 11.233 11.703 11.5872 10.9437 10.8436 10.1349 10.8174 10.8691 10.541 10.2566 10.3554 10.7576 10.9085 11.5493 11.7025 11.7262 11.7308 11.7332 11.7301 11.7258 11.7165 11.7079 11.6964 11.6642 8.42239 5.89713 -9999 -9999 -9999 -9999 -9999 -9999
-9999 -9999 -9999 -9999 13.2045 13.3572 13.7715 14.8477 15.4058 15.6297 15.6176 15.7203 15.5316 14.9339 14.3208 13.7434 12.9986 13.4234 14.548 15.2093 15.281 13.9693 14.6386 14.3766 13.8667 12.3925 11.3038 10.7225 8.99454 7.50944 6.2466 4.50629 5.24414 6.05833 7.10613 8.87112 10.0629 10.5526 10.1409 10.6904 11.8144 11.8177 11.1978 11.2329 10.847 9.88096 10.8721 11.1455 10.9115 10.9628 10.8667 11.0127 11.2842 11.5447 11.7175 11.7392 11.7403 11.7344 11.7338 11.7338 11.7203 11.7197 11.7083 11.6889 9.5952 5.85376 -9999 -9999 -9999 -9999 -9999 -9999
-9999 -9999 -9999 -9999 -9999 12.634 13.589 15.0199 15.3676 15.3298 15.6224 15.6447 15.3563 15.1065 14.3627 13.3473 11.3969 11.8929 12.9281 14.4205 15.2026 15.0919 14.6441 13.8775 12.0322 10.4159 10.2121 9.94024 8.67682 7.53016 6.12675 6.93072 7.81303 8.77988 9.28752 9.15418 10.1753 11.0078 10.6539 11.3284 12.1147 11.7544 11.5392 11.357 10.9128 10.8798 10.9178 11.4773 11.0774 11.311 11.3053 11.286 11.4154 11.5661 11.7256 11.75 11.7491 11.7513 11.7322 11.7384 11.7282 11.7176 11.7071 11.6902 11.4977 9.47962 8.27243 -9999 -9999 -9999 -9999 -9999
-9999 -9999 -9999 -9999 -9999 11.7494 12.222 13.9181 14.4348 15.182 15.5772 15.5922 15.1069 14.8363 13.7281 13.3689 11.565 10.7469 11.4385 11.1708 13.2259 15.0431 14.6361 10.9519 9.61234 8.65423 8.88983 8.88368 8.52604 6.58281 6.04422 7.76757 8.85173 9.69189 10.3296 10.4617 10.4395 11.7421 11.914 12.3361 12.2423 12.2788 11.6176 11.2062 11.551 11.1344 11.0573 11.6357 11.0513 11.5657 11.4923 11.3299 11.3167 11.6562 11.7226 11.757 11.7577 11.7437 11.7265 11.7155 11.7259 11.7195 11.6987 11.6973 11.6754 11.4302 10.3844 10.0157 10.414 -9999 -9999 -9999
-9999 -9999 -9999 -9999 -9999 -9999 10.6376 12.9976 14.0698 14.6328 15.4285 15.5216 15.2615 14.7945 13.6659 12.6738 11.0612 9.2193 8.24073 11.1581 13.6961 15.0182 14.8335 11.7659 10.5505 10.4867 11.1901 10.5817 10.1183 8.63865 8.19394 7.57911 7.95031 9.12183 10.0801 11.0053 11.6783 11.7334 12.1707 12.4183 12.4371 12.5132 12.4324 12.365 11.7201 12.1521 11.7734 11.9637 11.8294 11.7075 11.5971 11.2283 11.4797 11.7027 11.7579 11.7731 11.7578 11.7538 11.7441 11.723 11.7105 11.7079 11.7041 11.6902 11.6872 11.6701 11.5493 10.9181 10.0744 9.00955 -9999 -9999
-9999 -9999 -9999 -9999 -9999 -9999 9.45916 11.808 12.9339 14.3898 15.1356 15.4376 15.3951 15.0163 14.1585 12.8681 11.7933 9.73696 7.6015 10.6635 13.3876 14.8569 14.9303 12.3461 13.0524 12.4687 12.6937 11.6308 11.1849 10.826 10.0624 9.22868 8.31672 7.83422 9.98788 11.0935 11.9837 12.4036 12.641 12.7594 12.6926 12.5252 11.5645 12.2902 12.2408 12.1621 12.0722 12.0251 11.9425 11.8465 11.7822 11.7578 11.5117 11.78 11.7701 11.771 11.7704 11.7623 11.7483 11.7364 11.7219 11.7187 11.7055 11.694 11.6848 11.6759 11.6642 11.6253 11.4541 10.0261 9.1698 8.92181
-9999 -9999 -9999 -9999 -9999 -9999 6.15361 9.57408 12.3169 13.7505 14.9169 15.2355 15.3533 14.8454 14.4657 13.5403 12.6642 11.3128 9.28862 8.04151 10.3322 13.6645 14.885 14.7772 14.6939 14.0207 13.4131 13.33 13.368 12.6568 11.6309 10.2951 9.87561 9.40588 11.0092 11.2254 11.107 12.872 12.8756 12.7747 12.0984 11.3372 11.4782 11.0016 11.3496 10.7858 11.2927 11.7297 11.8886 11.8682 11.7976 11.7844 11.7526 11.7952 11.7906 11.78 11.7721 11.7676 11.7603 11.7395 11.7278 11.735 11.7156 11.7036 11.687 11.6802 11.6726 11.6429 11.6152 11.3916 11.0577 10.4212
-9999 -9999 -9999 -9999 -9999 -9999 6.30253 9.17548 11.615 13.0763 14.4823 14.8063 15.2795 15.175 14.7771 13.9723 12.9673 11.8547 10.1179 8.82624 10.3587 12.5682 14.1502 14.7066 14.6896 14.6451 14.4878 14.4176 14.2352 14.0977 13.3617 12.0994 11.3849 10.342 12.1289 12.3277 12.0463 12.9385 12.8928 11.5413 10.5016 10.3706 10.9973 10.3914 10.2747 9.88879 10.3069 11.437 11.0997 11.1585 11.6615 11.7407 11.7893 11.7994 11.792 11.7865 11.7755 11.7754 11.7757 11.755 11.7453 11.7403 11.7201 11.7089 11.6933 11.6781 11.6607 11.6431 11.6177 11.5509 11.4794 11.5413
-9999 -9999 -9999 -9999 -9999 -9999 6.36804 8.29475 10.4899 12.644 14.1459 14.7501 15.1897 15.1829 14.7204 14.3196 13.6889 12.7097 12.0375 10.8712 9.27065 11.9476 12.7635 13.4848 13.7878 14.546 14.5206 14.1634 13.7375 14.1091 13.9919 12.9923 12.661 12.1051 13.0976 13.0976 13.0682 13.0134 11.8711 10.2838 9.01463 9.92516 9.73222 10.1425 8.83417 9.89918 10.7526 11.025 10.4296 9.99006 11.3178 11.5334 11.6605 11.7407 11.7926 11.7761 11.7875 11.778 11.773 11.768 11.7559 11.7483 11.7359 11.7227 11.7019 11.6881 11.6697 11.6499 11.6443 11.6015 11.5838 11.5625
-9999 -9999 -9999 -9999 -9999 -9999 -9999 7.15743 9.93988 12.4257 13.8084 14.677 15.099 15.0889 14.8513 14.5783 14.1865 13.4794 12.5914 11.1889 10.1468 10.804 11.603 11.6808 12.2111 13.7585 14.2829 13.5245 11.6511 12.7412 13.9598 13.9349 13.8261 13.7054 13.5493 13.412 13.1151 12.3237 9.90289 9.42865 8.47814 8.5842 8.09504 9.14918 8.74004 9.82756 10.2955 10.4684 9.45214 9.65329 10.8329 11.2973 11.2143 11.4982 11.7665 11.7727 11.7783 11.7695 11.7742 11.7755 11.7702 11.7601 11.7502 11.7424 11.7098 11.7064 11.6135 11.5516 11.4293 11.5719 11.5816 11.5807
-9999 -9999 -9999 -9999 -9999 -9999 -9999 6.60408 9.38324 12.3118 13.2499 14.1868 14.9952 15.0087 14.6465 14.3021 13.9476 13.5442 12.4673 11.4228 10.4251 10.0883 10.2855 10.2536 11.1151 13.1333 13.5195 13.3465 11.3891 10.7265 12.3566 13.7262 13.8302 13.7018 12.0814 12.4232 11.5486 10.3635 10.0363 9.51688 8.42084 8.94567 8.14168 8.48243 8.37187 8.98744 9.28478 10.017 9.13098 9.12296 10.2812 10.8641 10.8743 11.4871 11.7036 11.7583 11.7705 11.7792 11.7806 11.7895 11.7831 11.7735 11.7608 11.7303 11.6588 11.4313 10.255 10.2534 10.5713 10.8716 11.4156 11.5685
-9999 -9999 -9999 -9999 -9999 -9999 -9999 6.92864 8.8563 11.4548 13.379 13.4972 14.4317 14.913 14.5193 14.0764 13.6234 13.4244 12.2524 10.965 9.92415 8.69224 8.89161 9.77065 11.1964 12.4986 12.7272 12.4516 11.3956 11.8825 12.993 13.5807 13.7514 13.6103 13.255 13.0487 12.404 12.1235 11.2294 9.8324 9.28098 9.62684 8.14322 8.24376 8.78798 8.18587 9.14036 9.59439 8.45234 9.34215 10.3679 10.8902 11.3467 11.561 11.6446 11.7751 11.7763 11.7857 11.7905 11.7874 11.7864 11.7639 11.745 11.6194 11.4345 10.3415 9.8707 9.95707 10.4583 10.8966 11.351 11.537
-9999 -9999 -9999 -9999 -9999 -9999 -9999 7.26036 8.99593 11.2488 12.6201 12.8632 13.8999 14.8216 14.7163 14.2555 14.1139 13.6364 12.6421 11.5438 10.3433 9.75824 8.4162 9.7312 10.7562 11.8586 12.3717 11.501 11.067 11.8231 12.575 12.873 13.6329 13.6223 13.3704 12.2948 11.7692 11.9882 11.7614 11.3657 10.4032 10.3581 9.73859 9.48005 9.23529 8.43016 8.92584 8.97123 9.09978 10.1727 10.7047 11.0562 11.3758 11.4572 11.5948 11.7746 11.7884 11.793 11.7906 11.7926 11.7779 11.7247 11.6796 11.428 10.9837 10.1559 8.80091 9.74148 10.7249 11.0164 11.2954 11.4415
-9999 -9999 -9999 -9999 -9999 -9999 -9999 6.96657 8.81084 10.7361 11.5396 11.674 13.5523 14.7017 14.7016 14.4821 14.2261 13.0495 13.1164 12.8793 11.7961 10.2192 8.48735 8.64633 9.6625 11.1158 11.5951 10.1658 9.66206 10.0257 11.165 12.1846 13.2497 13.5179 13.2016 11.5288 9.75155 10.5724 11.4498 11.4427 11.1823 10.2892 10.0036 9.74449 9.09128 7.97798 8.12645 8.42805 9.64525 10.0303 10.6276 11.1231 10.9314 11.0383 11.513 11.7845 11.7925 11.7954 11.8026 11.7947 11.7768 11.6718 11.5607 11.3751 10.2195 9.49984 8.44876 9.64992 10.3195 10.67 11.3076 11.4576
-9999 -9999 -9999 -9999 -9999 -9999 -9999 6.39721 7.73507 9.57547 10.3158 11.4983 13.2733 14.1454 14.5624 14.5512 14.3799 13.8519 13.5336 12.9082 11.7815 10.2416 8.52982 7.41425 7.97648 9.92451 10.3828 9.06646 8.39955 9.22187 10.4366 12.2371 13.2646 13.4008 13.3049 12.9579 11.6596 10.0917 10.0946 10.8775 10.218 9.45172 9.86881 9.78793 9.14289 8.67251 8.36522 8.53585 9.2272 9.51336 10.2042 11.2257 11.3693 11.3372 11.766 11.7851 11.7929 11.8071 11.8046 11.7988 11.784 11.6979 11.5072 10.7373 10.0654 9.13146 9.01355 10.0761 10.546 10.9785 11.29 11.3899
-9999 -9999 -9999 -9999 -9999 -9999 -9999 5.41513 6.98995 8.71411 10.3285 11.8558 13.1701 13.2699 13.9622 13.9594 14.3212 14.2149 13.7252 13.1981 12.227 10.2495 8.5861 6.77205 7.24628 9.23766 9.48011 8.60278 6.98499 8.64851 10.4835 12.1465 13.0454 12.3356 13.0576 12.9956 12.5076 11.5732 10.1216 10.1465 9.05786 9.00777 9.56246 9.74025 9.6439 9.2899 8.71655 8.79658 9.21277 9.31757 9.95235 10.7442 11.5186 11.6464 11.7921 11.7961 11.7963 11.8063 11.8058 11.7876 11.7458 11.6556 11.0098 10.2419 9.7679 9.11624 9.03468 10.2733 10.7567 11.026 11.2949 11.3997
-9999 -9999 -9999 -9999 -9999 -9999 -9999 -9999 6.83114 8.61271 9.93059 10.2842 11.4524 12.0823 12.5694 12.6759 14.069 14.1438 13.8325 13.3481 12.5195 11.0182 9.97129 8.23119 6.97945 7.47365 7.69763 8.15307 8.01449 8.75475 10.5182 12.3558 12.5538 11.3821 11.5528 11.7949 12.3407 12.0601 10.083 9.07714 8.24158 8.83002 9.44902 9.59617 9.62271 9.49892 9.34221 9.08608 9.91476 10.5271 10.6666 11.2005 11.5941 11.7009 11.781 11.7889 11.7971 11.7952 11.7701 11.7512 11.6496 11.4244 10.702 8.9679 9.04604 8.85589 8.31427 9.52714 10.2734 10.9584 11.3214 11.4134
-9999 -9999 -9999 -9999 -9999 -9999 -9999 -9999 6.24022 8.30213 8.73642 8.70248 8.01771 8.33064 10.8618 11.3701 12.706 13.9708 13.8755 13.4002 12.6246 11.7294 10.3447 8.38808 6.83264 6.16402 7.82002 9.45192 9.78754 10.3084 11.388 11.5911 10.3938 9.27098 9.89773 10.2743 11.7157 11.9766 11.6933 10.5007 9.13737 8.424 9.25861 9.3669 9.41332 9.4193 9.38386 9.33163 10.2582 10.774 11.131 11.3242 11.6619 11.7465 11.7721 11.7962 11.7881 11.7685 11.7126 11.6493 11.3778 11.0495 9.86752 8.88146 8.26537 7.484 9.23487 9.74981 10.4598 10.9125 11.2735 11.3508
