Test_Spring_2018b/11_17/Temp/20171116_020.txt
ncols	170
nrows	115
xllcorner	350000.000000
yllcorner	4445000.000000
cellsize	1000.000000
nodata_value	-9999.000000
[rows 32 to 63 of 115, columns 72 to 143 of 170]
12.8688 12.5265 13.0571 13.5457 13.2518 13.0556 13.8559 13.8567 13.5841 12.9424 12.7077 12.4643 12.3156 11.4921 9.1798 7.09532 8.21372 8.24112 7.46927 8.85571 8.12452 6.21583 3.52106 4.98698 4.60644 2.69764 2.22745 -9999 -9999 -9999 -9999 -9999 -9999 -9999 -9999 -9999 -9999 -9999 -9999 -9999 -9999 -9999 -9999 -9999 -9999 -9999 -9999 -9999 -9999 -9999 -9999 -9999 -9999 -9999 -9999 -9999 -9999 -9999 -9999 -9999 -9999 -9999 -9999 -9999 -9999 -9999 -9999 -9999 -9999 -9999 -9999 -9999
12.4105 12.264 13.0523 13.0367 12.988 13.2768 13.7732 13.8734 13.7676 13.4883 13.2467 12.9896 12.3357 11.3935 9.4147 7.04193 6.50457 7.66737 7.72411 7.91182 7.2457 6.40874 5.09883 6.17328 6.59113 5.33489 3.69428 2.63723 -9999 -9999 -9999 -9999 -9999 -9999 -9999 -9999 -9999 -9999 -9999 -9999 -9999 -9999 -9999 -9999 -9999 -9999 -9999 -9999 -9999 -9999 -9999 -9999 -9999 -9999 -9999 -9999 -9999 -9999 -9999 -9999 -9999 -9999 -9999 -9999 -9999 -9999 -9999 -9999 -9999 -9999 -9999 -9999
11.8637 11.1008 11.5764 11.9337 12.5949 12.7683 12.8682 13.8084 13.7597 13.7171 13.3171 12.9973 12.4669 11.5602 10.2688 8.71373 6.00528 7.67714 8.98654 8.9542 8.88372 8.29784 7.03962 8.09441 8.14501 6.54102 4.71729 3.64393 3.20062 -9999 -9999 -9999 -9999 -9999 -9999 -9999 -9999 -9999 -9999 -9999 -9999 -9999 -9999 -9999 -9999 -9999 -9999 -9999 -9999 -9999 -9999 -9999 -9999 -9999 -9999 -9999 -9999 -9999 -9999 -9999 -9999 -9999 -9999 -9999 -9999 -9999 -9999 -9999 -9999 -9999 -9999 -9999
11.2421 10.3101 10.7887 11.4269 12.3279 12.7914 13.15 13.4319 13.7193 13.6864 13.2768 12.0653 11.8932 11.8418 10.9975 9.2245 7.45389 6.99611 8.99313 9.56565 9.45057 9.89755 8.83206 9.33755 9.13213 8.56567 6.80847 5.20985 4.54849 3.24026 -9999 -9999 -9999 -9999 -9999 -9999 -9999 -9999 -9999 -9999 -9999 -9999 -9999 -9999 -9999 -9999 -9999 -9999 -9999 -9999 -9999 -9999 -9999 -9999 -9999 -9999 -9999 -9999 -9999 -9999 -9999 -9999 -9999 -9999 -9999 -9999 -9999 -9999 -9999 -9999 -9999 -9999
-9999 -9999 9.72499 10.5944 11.3106 12.1914 12.9538 13.335 13.7054 13.6766 12.8569 12.4564 12.4223 11.8694 10.8946 10.2832 9.16892 8.00796 8.45329 10.1567 9.40107 10.6083 10.5078 10.7308 9.92619 8.39969 6.36094 5.17387 4.58248 3.52275 -9999 -9999 -9999 -9999 -9999 -9999 -9999 -9999 -9999 -9999 -9999 -9999 -9999 -9999 -9999 -9999 -9999 -9999 -9999 -9999 -9999 -9999 -9999 -9999 -9999 -9999 -9999 -9999 -9999 -9999 -9999 -9999 -9999 -9999 -9999 -9999 -9999 -9999 -9999 -9999 -9999 -9999
-9999 -9999 -9999 10.4363 10.9816 12.1584 12.77 13.0177 13.6144 13.6166 13.3066 13.0728 12.7331 12.2892 11.5568 10.7488 9.70086 9.60516 10.6953 10.7104 10.4846 10.665 11.226 11.0801 9.83467 7.68286 6.54671 4.23674 3.24796 3.35101 2.65055 -9999 -9999 -9999 -9999 -9999 -9999 -9999 -9999 -9999 -9999 -9999 -9999 5.35572 -9999 -9999 -9999 -9999 -9999 -9999 -9999 -9999 -9999 -9999 -9999 -9999 -9999 -9999 -9999 -9999 -9999 -9999 -9999 -9999 1.15367 -9999 -9999 -9999 -9999 -9999 -9999 -9999
-9999 -9999 10.3293 11.0609 11.6339 12.3722 12.4455 12.8876 13.5735 13.5843 13.3646 13.1162 12.5569 12.419 12.0026 11.1251 10.9467 11.3044 11.47 11.6577 11.7741 11.6831 11.4584 11.1675 10.3641 9.36746 8.69916 6.58773 5.52312 4.50276 2.95744 1.74887 -9999 -9999 -9999 -9999 -9999 -9999 -9999 4.54749 4.49132 4.52005 4.86061 5.79859 5.24931 -9999 -9999 -9999 -9999 -9999 -9999 -9999 -9999 -9999 -9999 -9999 -9999 -9999 -9999 -9999 -9999 -9999 -9999 -9999 2.00379 0.78631 -9999 -9999 -9999 -9999 -9999 -9999
-9999 -9999 10.5254 11.2994 11.6868 12.4039 12.8147 13.0871 13.3254 13.5531 13.5156 13.2406 12.8219 12.8254 12.2484 11.9379 11.7168 12.2001 12.2971 12.1058 11.8655 11.6534 11.0494 10.9815 10.7854 10.1538 9.11546 8.04538 6.50008 4.40187 2.34416 0.68472 -9999 -9999 -9999 -9999 -9999 -9999 4.72506 5.50462 5.97214 4.98219 5.83023 6.60542 6.48297 5.73225 -9999 -9999 -9999 -9999 -9999 -9999 -9999 -9999 -9999 -9999 -9999 -9999 -9999 -9999 7.78065 6.53248 4.01021 2.71774 1.94265 0.835648 -9999 -9999 -9999 -9999 -9999 -9999
-9999 -9999 10.3729 11.287 11.9067 12.4568 12.5461 13.1125 13.3585 13.481 13.4672 13.4131 13.3364 12.8327 12.6166 11.8553 12.5863 12.5604 12.3777 11.649 11.3345 10.082 9.5323 9.41059 10.4686 9.69121 8.06518 6.03175 3.58986 3.43166 2.62447 1.14166 -9999 -9999 -9999 -9999 -9999 -9999 4.97036 5.80406 6.50009 6.60251 5.61847 6.99499 6.94209 6.17367 6.00013 6.63212 6.95311 6.71834 7.47247 7.69421 7.3555 7.72952 -9999 -9999 -9999 -9999 7.95639 8.00773 8.04664 7.52698 4.77134 2.88951 1.19971 1.0442 -9999 -9999 -9999 -9999 -9999 -9999
-9999 -9999 11.0052 11.5689 11.855 11.9029 12.3967 12.892 13.1956 13.4163 13.3723 13.3549 13.3363 13.1644 12.7644 12.8377 12.8067 12.5745 11.1852 9.56339 10.2738 9.31295 7.25032 8.93154 9.85576 8.97482 7.00414 4.71849 3.97397 4.00657 2.88328 1.43863 -9999 -9999 -9999 2.69594 3.88939 3.99476 4.3477 5.45924 6.3051 6.94157 7.37616 7.3631 6.90693 6.15525 5.33816 5.63085 7.10373 7.46383 7.76902 7.99878 7.68444 7.85121 8.24585 8.4503 8.49258 8.40097 8.38069 8.41366 8.36746 7.88257 5.41717 4.00673 3.10711 1.29904 -9999 -9999 -9999 -9999 -9999 -9999
-9999 -9999 10.6519 11.1424 11.5399 12.1989 12.27 12.6869 12.9365 13.3039 13.3456 12.9171 13.272 13.2268 13.1613 13.0218 12.8172 11.6444 10.0276 8.40713 7.66054 7.98134 6.74279 7.38461 8.32122 7.98489 6.77946 4.74367 4.4591 3.98923 2.09746 0.27725 -9999 -9999 0.386901 2.67529 4.28704 5.11916 5.37796 5.4041 6.46943 6.55424 7.70093 7.43358 5.91973 6.09115 5.50126 5.8842 6.42624 6.57556 7.35467 8.10231 8.24457 8.24906 8.50077 8.55339 8.56772 8.56218 8.39322 8.47175 8.48443 8.18236 6.39663 5.52618 4.56754 1.32852 -9999 -9999 -9999 -9999 -9999 -9999
-9999 -9999 10.9025 11.4505 12.0503 12.149 12.5936 12.551 12.428 13.046 13.2725 12.9699 12.7522 13.1543 13.1271 13.0748 12.9883 11.8864 10.6113 8.68012 7.4814 6.74837 6.2297 5.53922 6.02199 5.87867 5.68536 5.91453 5.35851 4.24424 3.13841 1.0656 -0.0542234 -9999 0.514605 1.54823 3.46477 5.09367 6.12817 5.75806 6.96923 7.19488 7.89366 7.48503 6.56621 6.17276 6.13875 6.01919 6.83536 7.38363 7.77317 8.03287 8.35573 8.4388 8.52223 8.5577 8.57744 8.59734 8.59404 8.5884 8.55296 8.43982 7.61908 6.75071 4.87246 1.44003 -9999 -9999 -9999 -9999 -9999 -9999
-9999 9.3104 10.842 11.7596 12.1161 12.3738 12.6009 12.7655 12.9396 13.1015 13.2123 13.1655 12.3637 12.4295 12.5741 13.0302 12.9991 12.9011 12.205 9.85468 9.04323 7.8597 6.32437 5.68577 6.01091 7.276 7.22328 6.39139 5.46374 4.18071 3.36562 2.09596 -0.344489 -0.123031 0.978516 1.7985 3.10149 5.09221 6.48806 7.11158 7.3478 7.83874 8.09468 7.53464 7.00105 6.77744 6.36226 6.30486 6.30942 6.80315 7.18973 8.0449 8.33362 8.46582 8.53412 8.57139 8.59873 8.62556 8.63542 8.61981 8.6214 8.61535 8.55602 7.39922 4.50417 2.32422 -9999 -9999 -9999 -9999 -9999 -9999
-9999 -9999 10.5618 10.9666 11.074 11.2603 11.6395 12.0762 12.6955 12.7757 13.116 13.1154 12.4248 11.6269 12.3226 12.5997 12.8872 12.8976 12.81 10.8351 9.80394 8.99307 7.52123 8.05819 8.56776 8.61007 8.30882 6.52143 4.74112 2.68831 0.769675 0.680236 -0.351028 0.197472 0.925689 2.79249 4.10658 4.6402 5.02375 7.04722 7.57406 7.75606 8.27486 7.57002 7.39242 6.86319 7.02231 6.97737 6.98195 5.51381 6.99092 7.07942 8.04127 8.47412 8.57294 8.60088 8.63049 8.63613 8.64267 8.63913 8.64963 8.63609 8.62106 7.86953 4.19774 2.3552 -9999 -9999 -9999 -9999 -9999 -9999
-9999 -9999 -9999 -9999 10.6966 11.0057 11.2043 11.5466 12.5931 12.8753 13.0628 13.0793 12.7717 11.9825 11.7749 11.9206 11.1512 11.7984 12.6825 12.6634 12.5596 10.825 9.9406 10.8057 10.5481 9.24547 8.22109 7.20995 5.12517 3.60041 1.40121 -0.249853 -0.309986 1.51678 3.03415 4.92314 5.75734 5.28457 5.79927 6.80482 7.94693 8.4998 8.37089 7.62783 7.52479 6.70802 7.51362 7.58402 7.21167 6.89009 7.02153 7.498 7.68054 8.43322 8.61636 8.64942 8.6564 8.66062 8.6584 8.655 8.64674 8.63972 8.63008 8.59708 4.82279 1.88716 -9999 -9999 -9999 -9999 -9999 -9999
-9999 -9999 -9999 -9999 9.97455 10.1636 10.6572 11.9217 12.5848 12.8528 12.8444 12.9686 12.7519 12.0573 11.3445 10.6725 9.806 10.3044 11.6201 12.3972 12.4886 10.9685 11.7663 11.4737 10.8927 9.188 7.93267 7.26888 5.26764 3.5552 2.0931 0.0728756 0.94027 1.89504 3.12061 5.18142 6.57221 7.14435 6.66637 7.30973 8.62384 8.63242 7.91567 7.96373 7.52751 6.41084 7.57651 7.9057 7.6433 7.71343 7.61762 7.79577 8.11923 8.42866 8.63477 8.66352 8.66764 8.66199 8.66259 8.6642 8.6506 8.65266 8.64304 8.62484 6.18906 1.8355 -9999 -9999 -9999 -9999 -9999 -9999
-9999 -9999 -9999 -9999 -9999 9.32001 10.444 12.1221 12.5399 12.5029 12.8498 12.8804 12.5475 12.2586 11.3931 10.2106 7.93851 8.51976 9.73105 11.477 12.3965 12.2766 11.7719 10.8909 8.75306 6.88265 6.65911 6.35617 4.89672 3.57897 1.95316 2.89941 3.93539 5.06827 5.66416 5.5113 6.70322 7.67515 7.26424 8.05322 8.97347 8.55805 8.31298 8.1076 7.6033 7.57441 7.62891 8.2917 7.83606 8.11887 8.12861 8.11411 8.27207 8.45366 8.64434 8.6764 8.67775 8.68182 8.6607 8.66938 8.65947 8.64976 8.64104 8.62562 8.40629 6.06189 4.66129 -9999 -9999 -9999 -9999 -9999
-9999 -9999 -9999 -9999 -9999 8.28808 8.84956 10.8367 11.4515 12.3298 12.7964 12.8186 12.2563 11.9436 10.6533 10.2357 8.13407 7.18425 7.99494 7.68868 10.0921 12.2197 11.7624 7.47961 5.93117 4.82791 5.11655 5.12324 4.71973 2.47331 1.85581 3.87401 5.14542 6.13072 6.87835 7.03519 7.01083 8.53041 8.73345 9.22801 9.12206 9.16914 8.40404 7.9312 8.34672 7.87051 7.79065 8.47532 7.80458 8.41465 8.34556 8.16434 8.15609 8.558 8.64022 8.68396 8.68741 8.67259 8.65334 8.64272 8.65678 8.65189 8.63091 8.63336 8.61292 8.33526 7.12278 6.70008 7.17194 -9999 -9999 -9999
-9999 -9999 -9999 -9999 -9999 -9999 7.00137 9.76239 11.0248 11.6883 12.6219 12.7352 12.4367 11.8946 10.5806 9.42547 7.54698 5.40178 4.26794 7.67498 10.6411 12.1912 11.9929 8.42862 7.02455 6.9635 7.79715 7.10123 6.57418 4.86819 4.36003 3.65217 4.0924 5.46482 6.58624 7.66759 8.454 8.51926 9.02988 9.32406 9.34938 9.44245 9.35382 9.28186 8.54337 9.05621 8.62449 8.85651 8.71024 8.57833 8.46609 8.04423 8.34453 8.61053 8.67983 8.70155 8.68625 8.6833 8.67295 8.64911 8.63875 8.63824 8.63704 8.62486 8.6261 8.61443 8.47999 7.75116 6.77486 5.54096 -9999 -9999
-9999 -9999 -9999 -9999 -9999 -9999 5.62632 8.37387 9.69889 11.4033 12.2797 12.6377 12.5916 12.1526 11.1545 9.65194 8.40077 6.0058 3.51931 7.09566 10.2828 12.0041 12.0992 9.10533 9.941 9.27327 9.54851 8.3223 7.81502 7.41566 6.53543 5.57225 4.51757 3.9611 6.47618 7.76822 8.80808 9.29896 9.57689 9.71619 9.64439 9.45657 8.34186 9.1944 9.15009 9.06708 8.97169 8.92646 8.84013 8.73806 8.67962 8.65911 8.37928 8.6988 8.69212 8.69694 8.69901 8.69134 8.67627 8.66333 8.64726 8.64821 8.63856 8.629 8.62288 8.62055 8.61311 8.57453 8.38199 6.72443 5.73351 5.45654
-9999 -9999 -9999 -9999 -9999 -9999 1.77115 5.76767 8.97881 10.657 12.0245 12.4005 12.5415 11.9523 11.512 10.4354 9.41625 7.84339 5.48686 4.03719 6.71659 10.6086 12.047 11.94 11.8544 11.0815 10.3854 10.3008 10.3571 9.54684 8.36189 6.81303 6.33186 5.78988 7.66356 7.91884 7.78322 9.84271 9.84844 9.73248 8.946 8.06744 8.23632 7.69167 8.11069 7.46163 8.0615 8.58026 8.77503 8.7606 8.69482 8.68766 8.65753 8.71333 8.71286 8.70441 8.6981 8.69504 8.68806 8.66498 8.65239 8.66215 8.64642 8.63559 8.62481 8.62488 8.62193 8.5937 8.56813 8.3144 7.93217 7.20222
-9999 -9999 -9999 -9999 -9999 -9999 1.9439 5.30681 8.15837 9.87122 11.5159 11.8983 12.4539 12.3353 11.8742 10.9386 9.76956 8.47543 6.45401 4.95254 6.74452 9.33131 11.1837 11.8512 11.8489 11.8082 11.6363 11.5664 11.3654 11.2242 10.3755 8.91331 8.08722 6.87702 8.96494 9.20029 8.87501 9.91731 9.86603 8.29231 7.08261 6.93289 7.67513 6.97409 6.85139 6.41481 6.91064 8.23687 7.85212 7.92984 8.53332 8.63308 8.69692 8.71445 8.71071 8.70832 8.69866 8.70086 8.70313 8.68049 8.67061 8.66636 8.64473 8.64092 8.62646 8.61663 8.6069 8.59235 8.56911 8.49787 8.42055 8.50505
-9999 -9999 -9999 -9999 -9999 -9999 2.01334 4.27803 6.84434 9.36519 11.1216 11.8307 12.3473 12.343 11.8069 11.3426 10.6103 9.47201 8.69208 7.33676 5.47607 8.60331 9.56707 10.4267 10.7889 11.6839 11.6657 11.2608 10.7904 11.2333 11.1075 9.94975 9.57021 8.92784 10.0897 10.0936 10.0625 10.0012 8.67182 6.82366 5.34671 6.41153 6.19056 6.68291 5.17105 6.41833 7.42148 7.74782 7.06786 6.56398 8.12881 8.38826 8.54272 8.64184 8.70713 8.69205 8.70866 8.70024 8.69654 8.69249 8.68019 8.67325 8.66091 8.6483 8.63519 8.6271 8.61081 8.59151 8.59142 8.55317 8.53914 8.52659
-9999 -9999 -9999 -9999 -9999 -9999 -9999 2.94501 6.20028 9.10471 10.7223 11.7401 12.2365 12.2288 11.9554 11.6405 11.187 10.3662 9.33485 7.70423 6.49462 7.26698 8.21149 8.32168 8.94954 10.7638 11.3858 10.5122 8.34841 9.63208 11.0614 11.0402 10.9202 10.7856 10.6114 10.4555 10.1129 9.19323 6.37368 5.82099 4.71579 4.84286 4.27662 5.52083 5.05803 6.33306 6.88636 7.09598 5.91954 6.17227 7.55683 8.10519 8.01487 8.35161 8.67217 8.68347 8.69351 8.68615 8.6941 8.6978 8.6937 8.68157 8.67242 8.66612 8.64027 8.64467 8.54136 8.47476 8.33812 8.51056 8.52829 8.53881
-9999 -9999 -9999 -9999 -9999 -9999 -9999 2.30263 5.54913 8.96946 10.0686 11.1658 12.1129 12.1328 11.7143 11.3165 10.9069 10.4405 9.1891 7.97593 6.81806 6.43133 6.66812 6.65688 7.67033 10.0327 10.4927 10.3009 8.04262 7.27875 9.18734 10.7915 10.9194 10.7758 8.89176 9.29472 8.27892 6.90076 6.52244 5.92004 4.64553 5.26113 4.32802 4.73017 4.62704 5.35145 5.70531 6.56653 5.54136 5.5499 6.90944 7.59553 7.61351 8.33353 8.59084 8.659 8.67697 8.69029 8.69471 8.7075 8.70249 8.69363 8.68144 8.64896 8.569 8.3175 6.9553 6.95873 7.33485 7.69085 8.33773 8.52055
-9999 -9999 -9999 -9999 -9999 -9999 -9999 2.67921 4.9326 7.96774 10.2164 10.3591 11.4531 12.0186 11.5635 11.0511 10.5269 10.2989 8.93684 7.44068 6.2325 4.80214 5.04111 6.07313 7.7632 9.29019 9.5657 9.25362 8.04621 8.62191 9.92423 10.6166 10.822 10.6634 10.2543 10.0185 9.27092 8.94769 7.90884 6.28373 5.64452 6.05173 4.32643 4.44857 5.08856 4.4144 5.534 6.07043 4.7462 5.80381 7.00612 7.62125 8.15917 8.41432 8.51666 8.67312 8.67841 8.69277 8.70129 8.70053 8.70205 8.67852 8.65935 8.51616 8.30414 7.03389 6.50475 6.6104 7.20001 7.71647 8.25793 8.4798
-9999 -9999 -9999 -9999 -9999 -9999 -9999 3.06408 5.09314 7.72508 9.32882 9.61706 10.8302 11.9091 11.7905 11.2573 11.0963 10.5439 9.3891 8.11352 6.71923 6.04288 4.48456 6.02455 7.24771 8.54118 9.14784 8.15725 7.65917 8.54825 9.43198 9.78614 10.6783 10.6717 10.3832 9.13396 8.52556 8.78488 8.52433 8.06691 6.94879 6.90041 6.18268 5.88625 5.60633 4.69633 5.28067 5.34027 5.50058 6.76809 7.39437 7.80995 8.18803 8.2881 8.45316 8.66705 8.68703 8.69596 8.69637 8.70178 8.68761 8.62861 8.57913 8.28928 7.77495 6.81389 5.25464 6.35595 7.50748 7.85259 8.18925 8.36416
-9999 -9999 -9999 -9999 -9999 -9999 -9999 2.71961 4.87504 7.12475 8.06632 8.22758 10.4219 11.7662 11.7703 11.5185 11.2243 9.85692 9.93954 9.66802 8.41052 6.5778 4.56485 4.75683 5.96183 7.67211 8.23892 6.59695 6.01708 6.44814 7.78326 8.97847 10.2262 10.5445 10.1808 8.23538 6.16781 7.12911 8.15613 8.15199 7.85266 6.81582 6.4876 6.19059 5.43445 4.15279 4.34519 4.70316 6.14311 6.59793 7.29995 7.88317 7.66486 7.79438 8.35239 8.6731 8.68641 8.6934 8.70525 8.69927 8.68158 8.5625 8.43632 8.22357 6.88009 6.04519 4.82994 6.24587 7.03125 7.4517 8.19943 8.37867
-9999 -9999 -9999 -9999 -9999 -9999 -9999 2.05378 3.61848 5.76891 6.63662 8.01966 10.0935 11.1144 11.6047 11.5959 11.4005 10.7894 10.423 9.69883 8.39058 6.60093 4.61137 3.31723 3.97952 6.27993 6.82851 5.31157 4.54107 5.50659 6.92932 9.03464 10.2384 10.4026 10.2958 9.89602 8.38699 6.56338 6.5712 7.48824 6.72382 5.83508 6.32624 6.23709 5.49048 4.94779 4.61984 4.82946 5.65172 5.99094 6.80177 7.99793 8.17031 8.13762 8.64195 8.66837 8.68138 8.70165 8.70233 8.69901 8.6852 8.58829 8.36955 7.4757 6.69639 5.61168 5.47864 6.73917 7.29236 7.8075 8.17493 8.29548
-9999 -9999 -9999 -9999 -9999 -9999 -9999 0.906685 2.74733 4.76195 6.64842 8.43329 9.96972 10.0902 10.9014 10.9024 11.3285 11.2092 10.643 10.0335 8.90671 6.60698 4.67374 2.5652 3.12475 5.46728 5.78306 4.76717 2.88781 4.83378 6.9794 8.92409 9.97774 9.15546 10.0022 9.93463 9.37031 8.28541 6.59757 6.6311 5.36654 5.31296 5.96469 6.17722 6.07038 5.66336 5.01207 5.12978 5.63079 5.75837 6.50366 7.4319 8.33942 8.49298 8.66712 8.67584 8.67995 8.69537 8.69846 8.68084 8.63574 8.53424 7.78506 6.89383 6.34527 5.58982 5.49921 6.95418 7.53449 7.85901 8.17659 8.30267
-9999 -9999 -9999 -9999 -9999 -9999 -9999 -9999 2.55968 4.64095 6.18149 6.5977 7.9636 8.70202 9.2739 9.40221 11.0306 11.1225 10.7644 10.2047 9.24411 7.49972 6.28525 4.26292 2.8102 3.41465 3.7012 4.23901 4.08405 4.95342 7.01543 9.16345 9.39975 8.03879 8.2426 8.52962 9.17052 8.8479 6.54749 5.37943 4.41008 5.10112 5.82798 6.00493 6.04146 5.90289 5.7431 5.47349 6.44505 7.16427 7.33196 7.95923 8.42269 8.55162 8.64909 8.66228 8.67568 8.67718 8.65157 8.63332 8.51858 8.25989 7.42164 5.40403 5.49942 5.28216 4.65526 6.07622 6.97347 7.7763 8.20343 8.31454
-9999 -9999 -9999 -9999 -9999 -9999 -9999 -9999 1.86818 4.276 4.78612 4.75027 3.95562 4.3242 7.27908 7.87567 9.43749 10.9166 10.8104 10.2615 9.3629 8.32513 6.71705 4.44235 2.63562 1.88035 3.83102 5.74948 6.14729 6.76071 8.02532 8.26762 6.8769 5.57272 6.30815 6.75176 8.43674 8.74551 8.41978 7.03418 5.44966 4.62311 5.60151 5.73333 5.79319 5.80604 5.77762 5.74166 6.84135 7.44792 7.86909 8.09897 8.49713 8.60001 8.63387 8.66582 8.65999 8.64085 8.57946 8.50943 8.19678 7.818 6.4441 5.29881 4.585 3.67862 5.72461 6.3322 7.17568 7.71889 8.14371 8.23765
