Test_Spring_2018b/11_17/Temp/20171128_019.txt
ncols	170
nrows	115
xllcorner	350000.000000
yllcorner	4445000.000000
cellsize	1000.000000
nodata_value	-9999.000000
[rows 31 to 61 of 115, columns 70 to 139 of 170]
5.97075 6.65971 6.91513 6.44142 6.49258 7.64552 7.91592 7.90319 7.82014 7.71493 7.17482 6.99606 6.57065 5.81892 5.50488 4.16502 -0.171126 1.05742 1.53803 0.280732 0.982726 2.12507 1.12978 -1.82331 -3.09553 -5.14444 -4.49126 -5.09852 -6.74779 -9999 -9999 -9999 -9999 -9999 -9999 -9999 -9999 -9999 -9999 -9999 -9999 -9999 -9999 -9999 -9999 -9999 -9999 -9999 -9999 -9999 -9999 -9999 -9999 -9999 -9999 -9999 -9999 -9999 -9999 -9999 -9999 -9999 -9999 -9999 -9999 -9999 -9999 -9999 -9999 -9999
6.09573 6.4124 6.38619 5.93005 6.64332 7.30061 6.9237 6.66887 7.75767 7.76085 7.39729 6.53899 6.22547 5.89995 5.70089 4.59769 1.49977 -1.29317 0.204094 0.239812 -0.795177 1.06092 0.080401 -2.47739 -6.08811 -4.1254 -4.63601 -7.17977 -7.814 -9999 -9999 -9999 -9999 -9999 -9999 -9999 -9999 -9999 -9999 -9999 -9999 -9999 -9999 -9999 -9999 -9999 -9999 -9999 -9999 -9999 -9999 -9999 -9999 -9999 -9999 -9999 -9999 -9999 -9999 -9999 -9999 -9999 -9999 -9999 -9999 -9999 -9999 -9999 -9999 -9999
5.22361 6.00926 5.77175 5.57761 6.63602 6.61761 6.56291 6.96382 7.64551 7.78162 7.64159 7.26868 6.94591 6.60209 5.72629 4.46409 1.81295 -1.36615 -2.08688 -0.530337 -0.455501 -0.205287 -1.09884 -2.22123 -3.97712 -2.53906 -1.9805 -3.65707 -5.85279 -7.26007 -9999 -9999 -9999 -9999 -9999 -9999 -9999 -9999 -9999 -9999 -9999 -9999 -9999 -9999 -9999 -9999 -9999 -9999 -9999 -9999 -9999 -9999 -9999 -9999 -9999 -9999 -9999 -9999 -9999 -9999 -9999 -9999 -9999 -9999 -9999 -9999 -9999 -9999 -9999 -9999
4.05354 5.39991 5.03862 4.0187 4.65798 5.13908 6.03998 6.29607 6.43192 7.69339 7.62969 7.57404 7.03909 6.61141 5.90112 4.68637 2.95605 0.872242 -2.7568 -0.518467 1.23419 1.18944 1.09354 0.30724 -1.37968 0.0317622 0.0980833 -2.04794 -4.47561 -5.91562 -6.51167 -9999 -9999 -9999 -9999 -9999 -9999 -9999 -9999 -9999 -9999 -9999 -9999 -9999 -9999 -9999 -9999 -9999 -9999 -9999 -9999 -9999 -9999 -9999 -9999 -9999 -9999 -9999 -9999 -9999 -9999 -9999 -9999 -9999 -9999 -9999 -9999 -9999 -9999 -9999
-9999 4.55274 4.20502 2.95857 3.60184 4.45926 5.67458 6.31798 6.80829 7.18788 7.57469 7.53207 6.98453 5.36236 5.13205 5.06306 3.93166 1.55587 -0.817024 -1.43157 1.24196 2.0072 1.8513 2.44826 1.01922 1.69455 1.41764 0.654069 -1.6854 -3.82206 -4.71049 -6.46545 -9999 -9999 -9999 -9999 -9999 -9999 -9999 -9999 -9999 -9999 -9999 -9999 -9999 -9999 -9999 -9999 -9999 -9999 -9999 -9999 -9999 -9999 -9999 -9999 -9999 -9999 -9999 -9999 -9999 -9999 -9999 -9999 -9999 -9999 -9999 -9999 -9999 -9999
-9999 -9999 -9999 -9999 2.17592 3.34864 4.32441 5.5127 6.54435 7.05732 7.55542 7.51845 6.42175 5.88616 5.84083 5.10013 3.79381 2.97397 1.48005 -0.0766493 0.518105 2.79786 1.78367 3.39873 3.26192 3.55858 2.47874 0.438305 -2.2887 -3.87431 -4.66927 -6.09161 -9999 -9999 -9999 -9999 -9999 -9999 -9999 -9999 -9999 -9999 -9999 -9999 -9999 -9999 -9999 -9999 -9999 -9999 -9999 -9999 -9999 -9999 -9999 -9999 -9999 -9999 -9999 -9999 -9999 -9999 -9999 -9999 -9999 -9999 -9999 -9999 -9999 -9999
-9999 -9999 -9999 -9999 -9999 3.13566 3.88226 5.46169 6.29701 6.63149 7.43316 7.43805 7.0243 6.7121 6.25759 5.66295 4.68134 3.5979 2.19275 2.06274 3.521 3.53884 3.23394 3.47315 4.22216 4.0244 2.35074 -0.525116 -2.04989 -5.13367 -6.4612 -6.32619 -7.26752 -9999 -9999 -9999 -9999 -9999 -9999 -9999 -9999 -9999 -9999 -9999 -9999 -3.68396 -9999 -9999 -9999 -9999 -9999 -9999 -9999 -9999 -9999 -9999 -9999 -9999 -9999 -9999 -9999 -9999 -9999 -9999 -9999 -9999 -9.35718 -9999 -9999 -9999
-9999 -9999 -9999 -9999 2.98278 3.98351 4.75446 5.74689 5.85356 6.45657 7.37818 7.39495 7.10248 6.77105 6.02249 5.8378 5.27931 4.10283 3.86217 4.33911 4.55859 4.80734 4.96039 4.83565 4.53189 4.13944 3.06658 1.72833 0.830037 -1.9952 -3.41785 -4.78791 -6.86117 -8.48333 -9999 -9999 -9999 -9999 -9999 -9999 -9999 -4.75978 -4.83822 -4.80302 -4.35026 -3.09739 -3.83697 -9999 -9999 -9999 -9999 -9999 -9999 -9999 -9999 -9999 -9999 -9999 -9999 -9999 -9999 -9999 -9999 -9999 -9999 -9999 -8.23041 -9.86058 -9999 -9999
-9999 -9999 -9999 -9999 3.26021 4.30063 4.82347 5.78827 6.34281 6.72331 7.04581 7.35359 7.30561 6.93871 6.37865 6.38348 5.60992 5.19271 4.89454 5.53947 5.6666 5.40728 5.08216 4.79468 3.98239 3.88824 3.62801 2.77856 1.38439 -0.052247 -2.11346 -4.92754 -7.68736 -9.91366 -9999 -9999 -9999 -9999 -9999 -9999 -4.52443 -3.48341 -2.86045 -4.18994 -3.05757 -2.02299 -2.19111 -3.19881 -9999 -9999 -9999 -9999 -9999 -9999 -9999 -9999 -9999 -9999 -9999 -9999 -9999 -9999 -0.507191 -2.17889 -5.55679 -7.28701 -8.32407 -9.80574 -9999 -9999
-9999 -9999 -9999 -9999 3.05286 4.2814 5.11615 5.85793 5.98245 6.75344 7.09023 7.25768 7.24182 7.17119 7.06951 6.39492 6.10481 5.08349 6.06042 6.02289 5.77495 4.79521 4.37022 2.68872 1.94867 1.78741 3.20087 2.15587 -0.0257693 -2.75299 -6.02146 -6.23165 -7.31653 -9.30638 -9999 -9999 -9999 -9999 -9999 -9999 -4.20123 -3.08776 -2.15879 -2.02514 -3.34706 -1.50721 -1.58028 -2.61435 -2.85194 -2.01088 -1.58676 -1.90907 -0.895437 -0.604603 -1.06443 -0.569295 -9999 -9999 -9999 -9999 -0.284341 -0.21652 -0.164447 -0.859836 -4.54981 -7.06893 -9.33068 -9.53856 -9999 -9999
-9999 -9999 -9999 -9999 3.89632 4.65625 5.04473 5.11456 5.78175 6.4582 6.87231 7.17333 7.11726 7.09578 7.07197 6.84184 6.30515 6.40159 6.35751 6.04327 4.17849 2.00209 2.94954 1.65744 -1.10168 1.14319 2.37714 1.19319 -1.45032 -4.51556 -5.51073 -5.46598 -6.97445 -8.91532 -9999 -9999 -9999 -7.24474 -5.64936 -5.5115 -5.04206 -3.55651 -2.42701 -1.57629 -0.998068 -1.01824 -1.63355 -2.64552 -3.74558 -3.3595 -1.39293 -0.9173 -0.508199 -0.207358 -0.63529 -0.423937 0.0990847 0.368033 0.420612 0.294814 0.265618 0.308773 0.246803 -0.402003 -3.69695 -5.58401 -6.78666 -9.2007 -9999 -9999
-9999 -9999 -9999 -9999 3.42457 4.0869 4.62517 5.51305 5.61446 6.17888 6.52509 7.02334 7.08249 6.51072 6.9874 6.92698 6.83835 6.64949 6.37253 4.79797 2.6281 0.452925 -0.551769 -0.119861 -1.78322 -0.930704 0.319625 -0.135946 -1.75669 -4.48735 -4.87195 -5.50017 -8.03369 -10.4756 -9999 -9999 -10.3391 -7.277 -5.12129 -4.00993 -3.6666 -3.63504 -2.21163 -2.10189 -0.570042 -0.931486 -2.96375 -2.73949 -3.53364 -3.02716 -2.31526 -2.1222 -1.08767 -0.0850314 0.0985546 0.0979177 0.428975 0.494139 0.508974 0.498327 0.26997 0.3743 0.391478 -0.0120597 -2.40233 -3.56611 -4.8498 -9.179 -9999 -9999
-9999 -9999 -9999 -9999 3.76006 4.50003 5.3097 5.44834 6.0502 5.99672 5.84413 6.67694 6.9854 6.58268 6.2925 6.83136 6.79397 6.72171 6.6027 5.12262 3.40996 0.818119 -0.792701 -1.77365 -2.47302 -3.40737 -2.76532 -2.96165 -3.22467 -2.92146 -3.6707 -5.16243 -6.64732 -9.42398 -10.9276 -9999 -10.1724 -8.79112 -6.2271 -4.04841 -2.666 -3.16525 -1.54655 -1.24828 -0.315528 -0.867683 -2.10314 -2.64281 -2.69474 -2.86162 -1.77534 -1.04734 -0.53512 -0.194604 0.237527 0.341623 0.446799 0.488609 0.510441 0.533736 0.527287 0.518999 0.471989 0.321888 -0.775316 -1.93787 -4.45086 -9.03882 -9999 -9999
-9999 -9999 -9999 1.6145 3.67494 4.91071 5.39515 5.74742 6.05875 6.28617 6.53121 6.75171 6.90447 6.84545 5.77311 5.86146 6.05414 6.66267 6.61748 6.48184 5.54435 2.39068 1.30301 -0.289177 -2.35091 -3.2139 -2.78326 -1.09318 -1.16803 -2.28625 -3.53243 -5.25068 -6.34681 -8.05091 -11.3207 -11.0275 -9.55522 -8.46005 -6.71784 -4.05443 -2.18798 -1.35627 -1.04361 -0.389224 -0.0508515 -0.812163 -1.53227 -1.8382 -2.40113 -2.48515 -2.48647 -1.83274 -1.32461 -0.186375 0.192949 0.368168 0.452706 0.496605 0.528397 0.560866 0.572042 0.550511 0.553309 0.546958 0.468186 -1.07834 -4.96128 -7.87239 -9999 -9999
-9999 -9999 -9999 -9999 3.29565 3.84511 3.99652 4.25372 4.76933 5.36173 6.20343 6.31617 6.77641 6.77811 5.8551 4.78668 5.7174 6.08593 6.46742 6.47664 6.35384 3.70495 2.31814 1.22644 -0.750516 -0.0389725 0.63848 0.690416 0.282536 -2.11569 -4.50407 -7.25369 -9.82741 -9.95061 -11.3356 -10.6023 -9.63006 -7.13256 -5.37544 -4.66381 -4.15335 -1.44639 -0.743883 -0.508414 0.180969 -0.769254 -1.01285 -1.72851 -1.5225 -1.5902 -1.59183 -3.56645 -1.59778 -1.48704 -0.20612 0.366577 0.495783 0.52697 0.561639 0.565637 0.57236 0.567072 0.581942 0.564289 0.541586 -0.463247 -5.37951 -7.83864 -9999 -9999
-9999 -9999 -9999 -9999 -9999 -9999 3.4881 3.91026 4.18441 4.65073 6.0649 6.4484 6.70411 6.72938 6.31914 5.26207 4.98286 5.17535 4.1407 5.00224 6.18275 6.15153 6.00681 3.67749 2.48499 3.63809 3.28775 1.538 0.161348 -1.19712 -3.99337 -6.03582 -8.98534 -11.2003 -11.284 -8.83991 -6.80965 -4.28237 -3.168 -3.80444 -3.11829 -1.7765 -0.251319 0.483984 0.305485 -0.696224 -0.840253 -1.9414 -0.869711 -0.78317 -1.28998 -1.72898 -1.56307 -0.932768 -0.695884 0.305217 0.544075 0.584263 0.588542 0.590582 0.585549 0.580464 0.567078 0.558244 0.546618 0.504249 -4.5493 -8.47275 -9999 -9999
-9999 -9999 -9999 -9999 -9999 -9999 2.51805 2.77969 3.44915 5.15098 6.0515 6.41613 6.4095 6.57898 6.29045 5.36025 4.4041 3.50114 2.33672 2.99964 4.75669 5.79195 5.90845 3.86646 4.92724 4.5294 3.74578 1.45729 -0.228784 -1.122 -3.80636 -6.10031 -8.06244 -10.7719 -9.61302 -8.33693 -6.69802 -3.94022 -2.08023 -1.3173 -1.96128 -1.10376 0.651641 0.657658 -0.308521 -0.250762 -0.841344 -2.34444 -0.790634 -0.357624 -0.717317 -0.631719 -0.770277 -0.539599 -0.113944 0.293441 0.563114 0.596073 0.597396 0.586202 0.584914 0.585133 0.566473 0.569631 0.557866 0.535145 -2.72557 -8.54852 -9999 -9999
-9999 -9999 -9999 -9999 -9999 -9999 -9999 1.64678 3.16063 5.41641 5.98831 5.9443 6.41345 6.45746 6.01319 5.62638 4.46566 2.87887 -0.168471 0.605424 2.22264 4.55572 5.78142 5.61494 4.93088 3.7449 0.875796 -1.63469 -1.93867 -2.34854 -4.30715 -6.07243 -8.25384 -6.98957 -5.60484 -4.09013 -3.29466 -3.50221 -1.90856 -0.609962 -1.16422 -0.111766 1.1159 0.553787 0.219244 -0.0626804 -0.744621 -0.790752 -0.725509 0.154289 -0.464281 -0.0937679 -0.0908878 -0.118165 0.0859365 0.322225 0.571361 0.608862 0.606191 0.608195 0.577453 0.587549 0.573615 0.560755 0.549881 0.530598 0.238606 -2.8932 -4.76618 -9999
-9999 -9999 -9999 -9999 -9999 -9999 -9999 0.261411 1.0215 3.69095 4.52658 5.70834 6.33757 6.37021 5.6184 5.19931 3.47004 2.90788 0.0889029 -1.18806 -0.107369 -0.523265 2.6904 5.53448 4.91398 -0.828694 -2.9083 -4.39113 -4.00903 -4.00415 -4.54829 -7.55751 -8.38824 -5.68806 -3.98796 -2.67094 -1.67222 -1.46517 -1.50072 0.531311 0.799589 1.45754 1.31045 1.36772 0.336438 -0.303887 0.246258 -0.399138 -0.513888 0.395266 -0.511338 0.297691 0.195135 -0.0552445 -0.073533 0.458121 0.562205 0.615525 0.615284 0.59222 0.563664 0.548194 0.566103 0.559348 0.531679 0.535925 0.509959 0.146367 -1.47488 -2.03818
-9999 -9999 -9999 -9999 -9999 -9999 -9999 -9999 -1.45792 2.24768 3.95045 4.84407 6.09841 6.25279 5.85553 5.12886 3.36707 1.81698 -0.702997 -3.581 -5.10496 -0.546592 3.42098 5.49173 5.2183 0.438128 -1.448 -1.53468 -0.422472 -1.35873 -2.06837 -4.35355 -5.03784 -5.9893 -5.40263 -3.56675 -2.06868 -0.622763 0.427659 0.511499 1.19121 1.58134 1.60998 1.72874 1.60354 1.50016 0.504511 1.18402 0.598037 0.900997 0.697129 0.512518 0.352368 -0.220013 0.175354 0.525275 0.612337 0.634449 0.610367 0.603206 0.586503 0.552063 0.538574 0.53728 0.535648 0.519817 0.522421 0.514911 0.337329 -0.636342
-9999 -9999 -9999 -9999 -9999 -9999 -9999 -9999 -3.30382 0.383071 2.16936 4.4568 5.63814 6.11795 6.0567 5.46802 4.12941 2.11404 0.434536 -2.77785 -6.11337 -1.3285 2.93574 5.23604 5.35808 1.33993 2.45418 1.55493 1.9192 0.272626 -0.410516 -0.945284 -2.12797 -3.42149 -4.83678 -5.58774 -2.22121 -0.493214 0.896575 1.55042 1.91836 2.09987 1.9973 1.74211 0.242427 1.37745 1.31185 1.19332 1.05803 0.989827 0.866544 0.722231 0.634415 0.600043 0.2187 0.639104 0.622248 0.624825 0.624073 0.610603 0.587488 0.567482 0.543547 0.542486 0.533558 0.520711 0.512938 0.517741 0.50981 0.460338
-9999 -9999 -9999 -9999 -9999 -9999 -9999 -9999 -8.47202 -3.11288 1.20537 3.45639 5.28891 5.79369 5.98281 5.19287 4.60146 3.15674 1.78821 -0.322681 -3.48385 -5.43062 -1.84748 3.36072 5.2832 5.13217 5.01254 3.97262 3.03578 2.91851 2.99026 1.90528 0.315363 -1.76293 -2.41474 -3.14339 -0.636226 -0.297197 -0.482163 2.27276 2.27597 2.11551 1.05619 -0.128061 0.0909617 -0.641356 -0.0860674 -0.962654 -0.166391 0.521172 0.774757 0.748212 0.650839 0.632233 0.586121 0.650994 0.646217 0.631129 0.61921 0.611884 0.59951 0.565769 0.546264 0.556943 0.533477 0.517259 0.510162 0.518046 0.515603 0.479528
-9999 -9999 -9999 -9999 -9999 -9999 -9999 -9999 -8.23859 -3.72182 0.101284 2.39655 4.60127 5.11433 5.85863 5.69885 5.07951 3.82376 2.25469 0.517402 -2.19458 -4.21042 -1.81479 1.64418 4.12049 5.00684 5.00038 4.94138 4.70679 4.61049 4.3375 4.14904 3.00836 1.04068 -0.0688583 -1.69283 1.10108 1.4132 0.973968 2.36618 2.29294 0.179728 -1.44647 -1.65335 -0.667339 -1.61383 -1.78424 -2.37052 -1.71336 0.0561489 -0.469177 -0.371808 0.427529 0.555323 0.629059 0.648139 0.639107 0.632191 0.615798 0.615473 0.615391 0.582075 0.565999 0.557649 0.526296 0.518743 0.497802 0.492247 0.489113 0.470856
-9999 -9999 -9999 -9999 -9999 -9999 -9999 -9999 -8.14895 -5.10415 -1.6638 1.71306 4.06696 5.01733 5.70908 5.70223 4.98241 4.358 3.37418 1.84581 0.797117 -1.02265 -3.5196 0.664839 1.94964 3.09353 3.57545 4.76976 4.74113 4.19471 3.56756 4.15671 3.97766 2.4235 1.91192 1.04832 2.60147 2.60334 2.55791 2.47173 0.686344 -1.7945 -3.77865 -2.3585 -2.66114 -2.01052 -4.04129 -2.38077 -1.04429 -0.614195 -1.52465 -2.20601 -0.118763 0.215332 0.417523 0.54599 0.629488 0.605605 0.624369 0.609745 0.601552 0.592989 0.573474 0.561301 0.542123 0.522891 0.502853 0.49981 0.478011 0.445266
-9999 -9999 -9999 -9999 -9999 -9999 -9999 -9999 -9999 -6.8926 -2.53189 1.36006 3.52763 4.89103 5.55549 5.54398 5.17594 4.75182 4.1415 3.03865 1.65347 -0.534743 -2.15923 -1.12893 0.1301 0.270052 1.10651 3.53237 4.36129 3.18716 0.290268 1.99778 3.90862 3.8768 3.71274 3.52909 3.29385 3.08141 2.61854 1.38236 -2.39923 -3.14655 -4.63286 -4.46898 -5.23419 -3.57701 -4.2021 -2.5012 -1.76697 -1.49291 -3.07524 -2.74646 -0.906463 -0.176661 -0.301923 0.145266 0.577148 0.588574 0.598481 0.585184 0.592481 0.594146 0.585442 0.559463 0.543893 0.532441 0.494117 0.508587 0.36975 0.280713
-9999 -9999 -9999 -9999 -9999 -9999 -9999 -9999 -9999 -7.75864 -3.40852 1.17392 2.64658 4.11603 5.38393 5.40914 4.84677 4.31157 3.76005 3.13207 1.45233 -0.176507 -1.73149 -2.25364 -1.94066 -1.96529 -0.612149 2.54807 3.16003 2.89914 -0.13281 -1.1602 1.39251 3.53763 3.70538 3.50934 0.981997 1.51794 0.153113 -1.69746 -2.20913 -3.02141 -4.73443 -3.916 -5.17246 -4.64056 -4.78616 -3.82253 -3.35518 -2.20803 -3.58747 -3.58585 -1.78012 -0.865851 -0.846119 0.114361 0.455275 0.542984 0.563543 0.577857 0.580219 0.593736 0.583403 0.56798 0.548228 0.501557 0.391642 0.0510504 -1.76322 -1.75892
-9999 -9999 -9999 -9999 -9999 -9999 -9999 -9999 -9999 -7.25756 -4.23837 -0.172412 2.83954 3.03012 4.49448 5.2504 4.63891 3.95009 3.24515 2.93668 1.10879 -0.898994 -2.52121 -4.4412 -4.12516 -2.74686 -0.492864 1.54836 1.91329 1.49126 -0.133592 0.633279 2.37367 3.29716 3.56843 3.35216 2.80024 2.48029 1.47455 1.03696 -0.359581 -2.54181 -3.40376 -2.86434 -5.18179 -5.02476 -4.17422 -5.08442 -3.5911 -2.8788 -4.65867 -3.26281 -1.65755 -0.838413 -0.122335 0.215277 0.348434 0.554232 0.557629 0.573195 0.580916 0.576193 0.574527 0.539363 0.510175 0.315066 0.0280671 -1.67608 -2.37589 -2.23511
-9999 -9999 -9999 -9999 -9999 -9999 -9999 -9999 -9999 -6.74499 -4.02685 -0.501484 1.64619 2.03135 3.65502 5.09856 4.93753 4.22092 4.00246 3.25949 1.70928 -0.00295483 -1.87437 -2.78425 -4.87565 -2.81684 -1.18846 0.540006 1.34853 0.0141191 -0.657698 0.528795 1.70826 2.17849 3.36947 3.35645 2.96591 1.28821 0.468754 0.811394 0.45735 -0.160716 -1.66413 -1.73489 -2.70253 -3.10603 -3.48756 -4.71367 -3.93718 -3.86346 -3.66568 -1.97846 -1.14488 -0.593177 -0.0913745 0.0383057 0.255262 0.537794 0.560676 0.568818 0.565552 0.568985 0.546218 0.463464 0.393577 0.00188465 -0.690251 -1.9805 -4.06033 -2.58626
-9999 -9999 -9999 -9999 -9999 -9999 -9999 -9999 -9999 -7.20902 -4.32212 -1.30922 -0.0489147 0.165823 3.10359 4.90239 4.90564 4.56591 4.16896 2.33425 2.44162 2.0744 0.38624 -2.07258 -4.77294 -4.51981 -2.91322 -0.629154 0.12596 -2.08154 -2.86305 -2.29025 -0.50631 1.09031 2.75733 3.17937 2.68783 0.0773927 -2.69682 -1.41396 -0.0433194 -0.0542018 -0.460783 -1.85554 -2.30132 -2.70548 -3.72481 -5.44496 -5.19728 -4.72381 -2.81759 -2.21411 -1.27918 -0.503099 -0.800402 -0.631492 0.111603 0.537004 0.550746 0.556112 0.568036 0.556118 0.528558 0.365254 0.192537 -0.0959899 -1.89898 -3.02049 -4.63802 -2.74472
-9999 -9999 -9999 -9999 -9999 -9999 -9999 -9999 -9999 -8.10321 -6.00808 -3.12856 -1.96754 -0.11649 2.65959 4.02503 4.67952 4.66505 4.40043 3.57873 3.08456 2.11102 0.35488 -2.04627 -4.71531 -6.45292 -5.56989 -2.49897 -1.77788 -3.80894 -4.84593 -3.55738 -1.65627 1.15928 2.76713 2.98259 2.83495 2.29482 0.268676 -2.17904 -2.1737 -0.950651 -1.9802 -3.17653 -2.52467 -2.65033 -3.65684 -4.39031 -4.83661 -4.57344 -3.48372 -3.03523 -1.95474 -0.357823 -0.132034 -0.18068 0.490253 0.521208 0.534354 0.557327 0.554167 0.545712 0.523289 0.389611 0.0928324 -1.10816 -2.15559 -3.61197 -3.79337 -2.09554
-9999 -9999 -9999 -9999 -9999 -9999 -9999 -9999 -9999 -9.64179 -7.17742 -4.48019 -1.95482 0.434241 2.49028 2.64934 3.73353 3.73204 4.29986 4.13682 3.37501 2.55501 1.04185 -2.04261 -4.6363 -7.46489 -6.71957 -3.58942 -3.1778 -4.54374 -7.06624 -4.4645 -1.59525 1.00492 2.41158 1.3054 2.43492 2.33962 1.57883 0.120567 -2.14552 -2.10597 -3.80547 -3.88305 -3.01608 -2.73763 -2.88717 -3.43893 -4.31406 -4.17894 -3.51986 -3.35507 -2.36263 -1.12487 0.0853837 0.285929 0.514283 0.521273 0.522283 0.538594 0.538541 0.510857 0.44645 0.306593 -0.700792 -1.89837 -2.63686 -3.65241 -3.77731 -1.81703
