Test_Spring_2018b/11_17/Temp/20171126_004.txt
ncols	170
nrows	115
xllcorner	350000.000000
yllcorner	4445000.000000
cellsize	1000.000000
nodata_value	-9999.000000
[rows 32 to 63 of 115, columns 71 to 141 of 170]
10.564 10.5146 10.0661 10.7021 11.286 10.8959 10.6297 11.6039 11.5817 11.2194 10.3985 10.0832 9.75709 9.54865 8.50178 5.60476 2.99095 4.35736 4.36814 3.38582 5.08567 4.15411 1.75942 -1.61204 0.186911 -0.30861 -2.70064 -3.31061 -9999 -9999 -9999 -9999 -9999 -9999 -9999 -9999 -9999 -9999 -9999 -9999 -9999 -9999 -9999 -9999 -9999 -9999 -9999 -9999 -9999 -9999 -9999 -9999 -9999 -9999 -9999 -9999 -9999 -9999 -9999 -9999 -9999 -9999 -9999 -9999 -9999 -9999 -9999 -9999 -9999 -9999 -9999
10.1818 9.93633 9.73084 10.6871 10.6442 10.5631 10.8948 11.4917 11.5929 11.4381 11.0676 10.7438 10.4008 9.56466 8.37032 5.88777 2.91569 2.22444 3.64597 3.6931 3.90304 3.05202 1.98877 0.337862 1.64995 2.14615 0.565318 -1.50043 -2.83331 -9999 -9999 -9999 -9999 -9999 -9999 -9999 -9999 -9999 -9999 -9999 -9999 -9999 -9999 -9999 -9999 -9999 -9999 -9999 -9999 -9999 -9999 -9999 -9999 -9999 -9999 -9999 -9999 -9999 -9999 -9999 -9999 -9999 -9999 -9999 -9999 -9999 -9999 -9999 -9999 -9999 -9999
9.60838 9.24802 8.27643 8.84385 9.26437 10.0651 10.2567 10.3576 11.5028 11.4189 11.3427 10.8222 10.4015 9.71888 8.56859 6.94027 4.98426 1.59497 3.64892 5.25245 5.18867 5.07751 4.32592 2.73887 4.02615 4.06557 2.04885 -0.237845 -1.59529 -2.16979 -9999 -9999 -9999 -9999 -9999 -9999 -9999 -9999 -9999 -9999 -9999 -9999 -9999 -9999 -9999 -9999 -9999 -9999 -9999 -9999 -9999 -9999 -9999 -9999 -9999 -9999 -9999 -9999 -9999 -9999 -9999 -9999 -9999 -9999 -9999 -9999 -9999 -9999 -9999 -9999 -9999
8.8144 8.46657 7.28476 7.85581 8.62534 9.72153 10.2798 10.6983 11.0254 11.3594 11.2953 10.7632 9.23433 8.99703 8.90966 7.83696 5.61009 3.38609 2.79345 5.25122 5.93879 5.77189 6.30346 4.95553 5.55982 5.28073 4.54963 2.34883 0.337687 -0.508145 -2.15782 -9999 -9999 -9999 -9999 -9999 -9999 -9999 -9999 -9999 -9999 -9999 -9999 -9999 -9999 -9999 -9999 -9999 -9999 -9999 -9999 -9999 -9999 -9999 -9999 -9999 -9999 -9999 -9999 -9999 -9999 -9999 -9999 -9999 -9999 -9999 -9999 -9999 -9999 -9999 -9999
-9999 -9999 -9999 6.52469 7.5813 8.45149 9.5244 10.445 10.8957 11.3328 11.2739 10.2322 9.71143 9.64573 8.93525 7.7003 6.91689 5.50832 4.04166 4.57098 6.66352 5.70036 7.17633 7.02712 7.28004 6.25597 4.33513 1.78011 0.280033 -0.479188 -1.82039 -9999 -9999 -9999 -9999 -9999 -9999 -9999 -9999 -9999 -9999 -9999 -9999 -9999 -9999 -9999 -9999 -9999 -9999 -9999 -9999 -9999 -9999 -9999 -9999 -9999 -9999 -9999 -9999 -9999 -9999 -9999 -9999 -9999 -9999 -9999 -9999 -9999 -9999 -9999 -9999
-9999 -9999 -9999 -9999 7.37512 8.03294 9.47183 10.2069 10.4918 11.2104 11.1902 10.782 10.4684 10.0231 9.44813 8.51446 7.48655 6.16039 6.01729 7.34771 7.34191 7.03675 7.23634 7.90884 7.70301 6.1274 3.43227 1.99551 -0.897446 -2.15083 -2.0474 -2.94242 -9999 -9999 -9999 -9999 -9999 -9999 -9999 -9999 -9999 -9999 -9999 -9999 0.102125 -9999 -9999 -9999 -9999 -9999 -9999 -9999 -9999 -9999 -9999 -9999 -9999 -9999 -9999 -9999 -9999 -9999 -9999 -9999 -9999 -5.66204 -9999 -9999 -9999 -9999 -9999
-9999 -9999 -9999 7.25644 8.14512 8.8336 9.72758 9.79699 10.3204 11.1501 11.1408 10.845 10.5134 9.79533 9.60069 9.05959 7.94545 7.69966 8.1197 8.301 8.50947 8.62916 8.49113 8.18696 7.80045 6.77742 5.51356 4.65783 2.01165 0.663127 -0.62977 -2.57494 -4.10158 -9999 -9999 -9999 -9999 -9999 -9999 -9999 -0.819513 -0.913662 -0.90238 -0.503716 0.637197 -0.0702392 -9999 -9999 -9999 -9999 -9999 -9999 -9999 -9999 -9999 -9999 -9999 -9999 -9999 -9999 -9999 -9999 -9999 -9999 -9999 -4.62275 -6.16181 -9999 -9999 -9999 -9999
-9999 -9999 -9999 7.49306 8.43118 8.88904 9.75693 10.2444 10.5585 10.8321 11.0926 11.0234 10.6589 10.1156 10.0968 9.35631 8.94664 8.64762 9.22364 9.31937 9.05661 8.73278 8.44379 7.66786 7.55804 7.28912 6.47857 5.16266 3.80737 1.86383 -0.768757 -3.35093 -5.43808 -9999 -9999 -9999 -9999 -9999 -9999 -0.589358 0.35506 0.91167 -0.342964 0.686258 1.62478 1.44759 0.485002 -9999 -9999 -9999 -9999 -9999 -9999 -9999 -9999 -9999 -9999 -9999 -9999 -9999 -9999 2.64029 1.06432 -2.0951 -3.72657 -4.71548 -6.11725 -9999 -9999 -9999 -9999
-9999 -9999 -9999 7.29302 8.40516 9.15186 9.81235 9.90036 10.579 10.8634 10.9934 10.9539 10.8641 10.7461 10.097 9.80509 8.83513 9.71916 9.66223 9.41017 8.47923 8.06284 6.4807 5.77179 5.59503 6.88367 5.89157 3.84498 1.29225 -1.76867 -1.98806 -3.0165 -4.88437 -9999 -9999 -9999 -9999 -9999 -9999 -0.299137 0.712557 1.55312 1.65592 0.408424 2.09409 1.9993 1.01844 0.776553 1.53541 1.90758 1.58595 2.49629 2.74523 2.29785 2.73633 -9999 -9999 -9999 -9999 2.89111 2.93023 2.95394 2.28346 -1.16579 -3.52952 -5.65504 -5.87864 -9999 -9999 -9999 -9999
-9999 -9999 -9999 8.0678 8.74468 9.07682 9.11335 9.70423 10.295 10.6511 10.9024 10.8257 10.7816 10.736 10.4995 9.97897 10.0461 9.98319 9.66972 7.91787 5.87688 6.73374 5.51449 2.92871 4.98826 6.11026 4.98911 2.51389 -0.352596 -1.30452 -1.28731 -2.70881 -4.53349 -9999 -9999 -9999 -3.06996 -1.61134 -1.5048 -1.09062 0.266204 1.29275 2.06288 2.57821 2.5386 1.94101 0.980748 -0.061131 0.275789 2.07905 2.49934 2.84859 3.10722 2.68987 2.86519 3.32982 3.5584 3.58575 3.44697 3.39703 3.41335 3.33125 2.70389 -0.379293 -2.15712 -3.30068 -5.58827 -9999 -9999 -9999 -9999
-9999 -9999 -9999 7.62086 8.20689 8.67769 9.46957 9.53533 10.031 10.3173 10.7527 10.7827 10.228 10.6467 10.5677 10.463 10.2657 9.98691 8.50446 6.46977 4.43007 3.47606 3.85136 2.28575 3.05365 4.19077 3.74666 2.21689 -0.339281 -0.718978 -1.32944 -3.70338 -5.99052 -9999 -9999 -5.92867 -3.10946 -1.13099 -0.121311 0.175901 0.183915 1.48315 1.56375 2.96366 2.60729 0.695777 0.882388 0.126756 0.575514 1.21428 1.37265 2.31078 3.21369 3.36408 3.34356 3.63057 3.67054 3.66324 3.63155 3.39699 3.47007 3.46127 3.06119 0.81711 -0.289985 -1.51081 -5.5718 -9999 -9999 -9999 -9999
-9999 -9999 -9999 7.91997 8.5775 9.29964 9.3994 9.92916 9.85133 9.67497 10.4215 10.6817 10.2838 9.99113 10.4682 10.4112 10.3222 10.1902 8.79558 7.18523 4.75916 3.24297 2.30805 1.63669 0.74398 1.31657 1.11137 0.844311 1.10258 0.385461 -1.02587 -2.42555 -5.02461 -6.44118 -9999 -5.78366 -4.52364 -2.16636 -0.166503 1.09467 0.610286 2.09071 2.34624 3.19044 2.65717 1.48516 0.96255 0.893176 0.717428 1.70448 2.36147 2.81542 3.11135 3.48664 3.56376 3.64169 3.66043 3.66 3.66006 3.63152 3.60013 3.53167 3.36643 2.32153 1.21391 -1.14639 -5.44741 -9999 -9999 -9999 -9999
-9999 -9999 5.95417 7.83292 8.94985 9.36974 9.66714 9.92687 10.1092 10.3022 10.4799 10.5963 10.5167 9.49839 9.55758 9.71416 10.257 10.1936 10.0465 9.15542 6.2083 5.17536 3.67358 1.73803 0.914209 1.29055 2.83521 2.74257 1.68207 0.502949 -1.11808 -2.15658 -3.75946 -6.81551 -6.56503 -5.22067 -4.22604 -2.63112 -0.181575 1.52866 2.27901 2.54785 3.13377 3.42658 2.69865 2.00511 1.69993 1.1566 1.05783 1.0361 1.62238 2.07303 3.11117 3.44348 3.58221 3.64144 3.66254 3.67169 3.68053 3.66848 3.62483 3.60246 3.57034 3.46922 2.00584 -1.62511 -4.36964 -9999 -9999 -9999 -9999
-9999 -9999 -9999 7.47271 7.95249 8.06295 8.2717 8.7205 9.24105 9.98758 10.0657 10.4671 10.4437 9.56369 8.54986 9.39125 9.71159 10.0442 10.0317 9.89657 7.41485 6.10592 5.07046 3.21348 3.85024 4.45544 4.48029 4.07859 1.83052 -0.408308 -2.98595 -5.39569 -5.53191 -6.83822 -6.18016 -5.29963 -3.00406 -1.39527 -0.756347 -0.30403 2.18596 2.81648 3.01332 3.63167 2.72908 2.47781 1.79256 1.96262 1.87911 1.85724 0.00543372 1.81133 1.89489 3.06415 3.57745 3.67516 3.68482 3.69695 3.6796 3.66356 3.635 3.62374 3.58066 3.53181 2.57082 -2.01962 -4.34483 -9999 -9999 -9999 -9999
-9999 -9999 -9999 -9999 -9999 7.58188 7.94332 8.1678 8.57109 9.84874 10.1779 10.3895 10.3883 9.98412 8.98051 8.69959 8.85675 7.87582 8.6535 9.72634 9.67532 9.51865 7.33503 6.20555 7.25203 6.90365 5.25702 3.95651 2.67292 0.0556431 -1.86584 -4.6242 -6.70093 -6.80027 -4.55451 -2.69267 -0.369438 0.643102 0.0314503 0.646752 1.87009 3.26367 3.92454 3.73775 2.7874 2.62867 1.58583 2.55902 2.61867 2.12828 1.7012 1.83496 2.40075 2.60172 3.51166 3.71427 3.73127 3.71544 3.69646 3.66962 3.64128 3.60357 3.56874 3.52999 3.46158 -1.25656 -4.94015 -9999 -9999 -9999 -9999
-9999 -9999 -9999 -9999 -9999 6.67245 6.88479 7.47582 9.02511 9.82629 10.1379 10.1061 10.2387 9.9474 9.06177 8.15279 7.2938 6.19224 6.78581 8.3941 9.33244 9.41809 7.50097 8.46178 8.06941 7.31903 5.17255 3.58493 2.7329 0.219388 -1.93531 -3.77767 -6.31308 -5.25972 -4.09745 -2.59847 -0.0614433 1.6428 2.32929 1.7106 2.48478 4.09192 4.07621 3.15869 3.19118 2.61829 1.20257 2.62305 3.00418 2.65035 2.71005 2.56153 2.75674 3.13301 3.49234 3.7237 3.73502 3.71609 3.68494 3.66165 3.63818 3.59568 3.57192 3.53294 3.48262 0.427488 -5.0182 -9999 -9999 -9999 -9999
-9999 -9999 -9999 -9999 -9999 -9999 5.82413 7.19848 9.26167 9.75804 9.69054 10.1001 10.1164 9.68065 9.29914 8.20045 6.70704 3.85882 4.55533 6.03389 8.17618 9.29078 9.11351 8.45561 7.33206 4.64697 2.29452 1.98904 1.5854 -0.254854 -1.91906 -3.96481 -2.81382 -1.55089 -0.167214 0.549344 0.335506 1.79267 2.9761 2.44062 3.39562 4.51316 3.97037 3.63878 3.35615 2.69852 2.63442 2.67399 3.46963 2.87569 3.19975 3.18251 3.13849 3.3093 3.50997 3.72234 3.73792 3.71554 3.69658 3.64597 3.63174 3.59366 3.55506 3.51694 3.46982 3.16874 0.219645 -1.55096 -9999 -9999 -9999
-9999 -9999 -9999 -9999 -9999 -9999 4.52931 5.20459 7.65169 8.39275 9.46249 10.0207 10.0264 9.30542 8.89365 7.2675 6.72467 4.0883 2.88207 3.86284 3.45488 6.41365 9.02919 8.43024 3.0795 1.12682 -0.272284 0.0587208 0.0398791 -0.488142 -3.30634 -4.09904 -1.61593 -0.0603843 1.13993 2.04508 2.21584 2.16163 4.02548 4.25297 4.84197 4.68414 4.71591 3.73794 3.1228 3.60812 2.98808 2.86068 3.68355 2.8224 3.55325 3.43817 3.18715 3.15161 3.62624 3.70401 3.73422 3.71402 3.67178 3.62334 3.58516 3.5767 3.54388 3.49033 3.46522 3.41112 3.03013 1.49326 0.937934 1.49454 -9999
-9999 -9999 -9999 -9999 -9999 -9999 -9999 2.89518 6.30381 7.84933 8.65196 9.79018 9.90895 9.51526 8.81896 7.16287 5.70344 3.34433 0.652977 -0.78305 3.42348 7.08157 8.97968 8.7027 4.24487 2.47171 2.36785 3.37622 2.48437 1.8029 -0.343694 -1.00048 -1.90489 -1.38221 0.299482 1.66777 2.98789 3.94112 3.99764 4.60691 4.94725 4.95241 5.04121 4.90378 4.78673 3.83792 4.44698 3.88241 4.14289 3.93361 3.74261 3.57397 3.02411 3.37218 3.67807 3.73989 3.74089 3.69852 3.67094 3.63346 3.57834 3.53996 3.51241 3.48328 3.43987 3.41264 3.36206 3.16488 2.22926 0.986448 -0.575986
-9999 -9999 -9999 -9999 -9999 -9999 -9999 1.17359 4.56529 6.1883 8.2842 9.3532 9.77278 9.69307 9.12469 7.86103 5.9698 4.39022 1.38851 -1.72764 2.68836 6.62141 8.73244 8.82249 5.07149 6.08179 5.2242 5.53881 3.98811 3.33132 2.80844 1.68936 0.467674 -0.866783 -1.58509 1.51673 3.09853 4.36657 4.95187 5.27189 5.41896 5.30276 5.04389 3.63136 4.66314 4.57696 4.44568 4.29918 4.21529 4.08069 3.92695 3.82519 3.77424 3.40155 3.77246 3.73753 3.72036 3.69945 3.66589 3.62239 3.58068 3.5342 3.50884 3.46981 3.42961 3.39325 3.35417 3.315 3.23732 2.9687 0.880044
-9999 -9999 -9999 -9999 -9999 -9999 -9999 -3.63003 1.31348 5.28305 7.34566 9.01857 9.46323 9.61572 8.86051 8.28986 6.92781 5.63652 3.65647 0.701905 -1.12633 2.17411 6.98273 8.74283 8.57938 8.44512 7.45712 6.56482 6.43295 6.47658 5.44309 3.94633 1.99665 1.37007 0.672791 2.9774 3.27067 3.07782 5.61223 5.59388 5.42368 4.41964 3.30011 3.48217 2.78044 3.27005 2.43553 3.15319 3.77034 3.98524 3.94061 3.82969 3.79273 3.73086 3.7717 3.74785 3.71402 3.68252 3.65451 3.6209 3.56649 3.52425 3.509 3.46239 3.42031 3.37974 3.34356 3.31024 3.2457 3.18486 2.84098
-9999 -9999 -9999 -9999 -9999 -9999 -9999 -3.4247 0.729536 4.25002 6.35081 8.37179 8.82413 9.49161 9.32085 8.72411 7.53718 6.05963 4.42598 1.88795 -0.00447277 2.19532 5.37992 7.654 8.45294 8.42367 8.34578 8.10506 7.99309 7.71697 7.51473 6.43471 4.58713 3.53641 2.00857 4.57917 4.84747 4.41873 5.68896 5.59967 3.61792 2.08798 1.87478 2.76872 1.86965 1.68572 1.11922 1.70781 3.32859 2.82005 2.89029 3.61095 3.71005 3.75892 3.75711 3.72899 3.70245 3.66656 3.64488 3.62261 3.56864 3.52975 3.49712 3.4423 3.41014 3.36332 3.31425 3.27542 3.22821 3.17058 3.05376
-9999 -9999 -9999 -9999 -9999 -9999 -9999 -3.34818 -0.562177 2.6036 5.70755 7.86703 8.72508 9.34373 9.31472 8.6246 8.02315 7.08834 5.64831 4.65315 2.9425 0.603458 4.46245 5.62959 6.66755 7.09203 8.17677 8.12709 7.59719 6.98717 7.51174 7.32318 5.85984 5.36384 4.54137 5.96093 5.94139 5.87796 5.7767 4.09908 1.77627 -0.0857335 1.21043 0.908484 1.49146 -0.418554 1.09977 2.31858 2.6968 1.83022 1.17786 3.09292 3.38309 3.5509 3.65023 3.70763 3.66506 3.66155 3.62646 3.59662 3.56568 3.52378 3.48791 3.4448 3.40093 3.35702 3.31017 3.26059 3.19982 3.17099 3.09971
-9999 -9999 -9999 -9999 -9999 -9999 -9999 -9999 -2.22873 1.78639 5.37203 7.35859 8.59967 9.19282 9.15929 8.79528 8.37943 7.79091 6.74547 5.43803 3.38548 1.85575 2.78866 3.9316 4.03826 4.7911 7.01845 7.76443 6.65232 3.93592 5.49723 7.24819 7.19714 7.02354 6.83186 6.59284 6.37448 5.92379 4.75568 1.22621 0.511033 -0.889161 -0.758442 -1.48955 0.0271773 -0.579233 0.977398 1.63746 1.87086 0.382328 0.665359 2.35225 3.00919 2.8729 3.26755 3.64661 3.63653 3.6246 3.59062 3.57513 3.55376 3.5221 3.47475 3.43534 3.3991 3.33887 3.30717 3.14952 3.03786 2.83969 3.02621
-9999 -9999 -9999 -9999 -9999 -9999 -9999 -9999 -3.04725 0.963127 5.18954 6.53155 7.87105 9.02397 9.02441 8.47998 7.96093 7.42679 6.82173 5.24089 3.70719 2.24188 1.73459 2.00194 1.95377 3.18603 6.09474 6.63955 6.37474 3.53196 2.55698 4.90339 6.87184 7.00603 6.80281 4.43693 4.91281 3.62537 1.88729 1.39127 0.616368 -0.994106 -0.256135 -1.44293 -0.970569 -1.13188 -0.2592 0.15327 1.19656 -0.103873 -0.12464 1.53036 2.3582 2.35617 3.22675 3.52236 3.5828 3.58056 3.57208 3.552 3.5417 3.50871 3.4704 3.42751 3.35911 3.23152 2.89087 1.16085 1.13662 1.57594 1.99077
-9999 -9999 -9999 -9999 -9999 -9999 -9999 -9999 -2.59306 0.182907 3.93036 6.70046 6.8536 8.18874 8.86696 8.27686 7.61517 6.93858 6.62979 4.91143 3.02612 1.4984 -0.305637 -0.0354122 1.2202 3.28582 5.15654 5.47227 5.05806 3.52036 4.2099 5.80272 6.63785 6.86803 6.646 6.11265 5.79452 4.84019 4.41292 3.09603 1.05029 0.22938 0.70856 -1.46245 -1.33782 -0.569705 -1.4408 -0.0765588 0.563282 -1.1087 0.163962 1.63263 2.37204 3.01579 3.30833 3.41101 3.58083 3.56255 3.55518 3.54009 3.513 3.48825 3.43194 3.38069 3.17506 2.88377 1.27741 0.582838 0.685978 1.39088 2.00529
-9999 -9999 -9999 -9999 -9999 -9999 -9999 -9999 -2.12851 0.36839 3.61451 5.58291 5.91658 7.3995 8.71554 8.54324 7.85567 7.63028 6.91834 5.45751 3.84634 2.08743 1.22047 -0.742626 1.14433 2.62947 4.21012 4.93743 3.66834 3.02308 4.10189 5.17432 5.58891 6.67224 6.63873 6.25504 4.67731 3.89579 4.19233 3.84259 3.24794 1.83202 1.7452 0.826451 0.431136 0.056309 -1.10794 -0.408683 -0.361276 -0.198348 1.34416 2.09682 2.58798 3.03279 3.13227 3.31254 3.55342 3.55314 3.53887 3.51364 3.49425 3.45014 3.34998 3.26136 2.87382 2.20722 0.985431 -0.989116 0.351618 1.75502 2.14383
-9999 -9999 -9999 -9999 -9999 -9999 -9999 -9999 -2.57022 0.0834204 2.85424 3.99951 4.1751 6.87706 8.52264 8.50267 8.16465 7.77362 6.04884 6.12569 5.76225 4.17336 1.86949 -0.658501 -0.446607 1.02118 3.11434 3.79214 1.71297 0.965944 1.47541 3.10854 4.56802 6.09291 6.46293 5.98551 3.54246 0.94753 2.11632 3.36658 3.33526 2.93692 1.62193 1.18737 0.79151 -0.174941 -1.79752 -1.58882 -1.17057 0.575175 1.1143 1.96089 2.66009 2.36346 2.49921 3.16747 3.54081 3.53202 3.51519 3.50414 3.47065 3.42231 3.24772 3.06406 2.77266 1.07601 0.0113117 -1.53428 0.196301 1.14491 1.61859
-9999 -9999 -9999 -9999 -9999 -9999 -9999 -9999 -3.41121 -1.49196 1.1552 2.2084 3.90199 6.45394 7.69745 8.2816 8.24528 7.97697 7.19193 6.71074 5.78484 4.1329 1.88256 -0.616337 -2.25118 -1.45493 1.36837 2.01352 0.0990829 -0.884985 0.288418 2.03019 4.62037 6.09029 6.26861 6.11016 5.58769 3.68672 1.39473 1.37846 2.49192 1.51574 0.384917 0.968713 0.831294 -0.123195 -0.824312 -1.26545 -1.04172 -0.0539536 0.341349 1.32294 2.78355 2.9721 2.90596 3.50722 3.5146 3.50525 3.5048 3.47985 3.44973 3.40638 3.25954 2.96113 1.82363 0.82835 -0.546514 -0.738783 0.790522 1.4375 2.04144
-9999 -9999 -9999 -9999 -9999 -9999 -9999 -9999 -4.85019 -2.58833 -0.110224 2.20868 4.40136 6.28531 6.40967 7.39241 7.36812 7.87206 7.69806 6.96861 6.18517 4.75869 1.87449 -0.554458 -3.20138 -2.53287 0.348645 0.695263 -0.594095 -2.95631 -0.564768 2.07504 4.46533 5.74853 4.70069 5.72699 5.61715 4.89003 3.51596 1.39258 1.4082 -0.189386 -0.282255 0.501206 0.738781 0.579382 0.046903 -0.791734 -0.686825 -0.0986089 0.0335258 0.933411 2.06081 3.16261 3.3276 3.51826 3.50341 3.48284 3.47627 3.45431 3.40651 3.32442 3.17211 2.21478 1.0808 0.372522 -0.592954 -0.732332 1.04097 1.71929 2.08609
-9999 -9999 -9999 -9999 -9999 -9999 -9999 -9999 -9999 -2.8353 -0.274651 1.61412 2.10577 3.77761 4.66973 5.35486 5.48873 7.48668 7.57499 7.10408 6.38257 5.16255 2.96838 1.43255 -1.10733 -2.93953 -2.22757 -1.90828 -1.26712 -1.48675 -0.433324 2.1023 4.74499 5.01222 3.29476 3.5219 3.85257 4.62305 4.19625 1.31168 -0.165791 -1.39642 -0.56387 0.313071 0.506511 0.525329 0.326438 0.0891632 -0.286045 0.894564 1.76168 1.94354 2.69664 3.2463 3.38039 3.47551 3.466 3.45683 3.43291 3.3753 3.32682 3.15837 2.81092 1.74316 -0.790287 -0.69813 -0.994628 -1.80029 -0.0747303 0.993519 1.96397
-9999 -9999 -9999 -9999 -9999 -9999 -9999 -9999 -9999 -3.70834 -0.742191 -0.134139 -0.204459 -1.21764 -0.785256 2.86103 3.57674 5.49184 7.30402 7.14615 6.43787 5.29491 3.97876 1.95369 -0.899951 -3.17226 -4.15095 -1.75615 0.593193 1.06018 1.79522 3.33964 3.61386 1.85899 0.211858 1.09946 1.62461 3.69248 4.05029 3.61966 1.87195 -0.123 -1.17617 0.0134436 0.150875 0.198695 0.187908 0.115537 0.0348277 1.3684 2.09527 2.5918 2.85076 3.31895 3.42038 3.4362 3.4498 3.41662 3.36702 3.26499 3.15229 2.73809 2.24164 0.508493 -0.940724 -1.85393 -3.00662 -0.490701 0.224262 1.22995 1.87345
