Test_Spring_2018b/11_17/Temp/20171113_014.txt
ncols	170
nrows	115
xllcorner	350000.000000
yllcorner	4445000.000000
cellsize	1000.000000
nodata_value	-9999.000000
[rows 32 to 63 of 115, columns 72 to 143 of 170]
16.7866 16.5464 16.9355 17.294 17.0719 16.9257 17.5028 17.5092 17.3185 16.8618 16.6991 16.5303 16.43 15.8433 14.1827 12.6865 13.5007 13.5278 12.9782 13.9853 13.4646 12.0943 10.1568 11.2201 10.9514 9.56658 9.22924 -9999 -9999 -9999 -9999 -9999 -9999 -9999 -9999 -9999 -9999 -9999 -9999 -9999 -9999 -9999 -9999 -9999 -9999 -9999 -9999 -9999 -9999 -9999 -9999 -9999 -9999 -9999 -9999 -9999 -9999 -9999 -9999 -9999 -9999 -9999 -9999 -9999 -9999 -9999 -9999 -9999 -9999 -9999 -9999 -9999
16.4519 16.353 16.9281 16.923 16.884 17.0812 17.4394 17.5175 17.4472 17.252 17.0843 16.9057 16.441 15.7686 14.3485 12.6443 12.264 13.11 13.1581 13.3005 12.8267 12.2294 11.2908 12.0718 12.379 11.4739 10.283 9.51611 -9999 -9999 -9999 -9999 -9999 -9999 -9999 -9999 -9999 -9999 -9999 -9999 -9999 -9999 -9999 -9999 -9999 -9999 -9999 -9999 -9999 -9999 -9999 -9999 -9999 -9999 -9999 -9999 -9999 -9999 -9999 -9999 -9999 -9999 -9999 -9999 -9999 -9999 -9999 -9999 -9999 -9999 -9999 -9999
16.0536 15.5101 15.8596 16.1236 16.5864 16.705 16.7827 17.4669 17.4378 17.4134 17.1314 16.9076 16.532 15.8851 14.9609 13.8465 11.9001 13.1133 14.0649 14.0485 14.0043 13.5881 12.6867 13.4535 13.4958 12.3354 11.0058 10.2379 9.92463 -9999 -9999 -9999 -9999 -9999 -9999 -9999 -9999 -9999 -9999 -9999 -9999 -9999 -9999 -9999 -9999 -9999 -9999 -9999 -9999 -9999 -9999 -9999 -9999 -9999 -9999 -9999 -9999 -9999 -9999 -9999 -9999 -9999 -9999 -9999 -9999 -9999 -9999 -9999 -9999 -9999 -9999 -9999
15.6016 14.9361 15.2877 15.7543 16.3986 16.7252 16.9823 17.1914 17.4048 17.3874 17.0986 16.2315 16.1143 16.0844 15.4827 14.2112 12.9413 12.6183 14.0659 14.4858 14.4094 14.7382 13.9757 14.3462 14.2036 13.7956 12.5202 11.363 10.8923 9.95517 -9999 -9999 -9999 -9999 -9999 -9999 -9999 -9999 -9999 -9999 -9999 -9999 -9999 -9999 -9999 -9999 -9999 -9999 -9999 -9999 -9999 -9999 -9999 -9999 -9999 -9999 -9999 -9999 -9999 -9999 -9999 -9999 -9999 -9999 -9999 -9999 -9999 -9999 -9999 -9999 -9999 -9999
-9999 -9999 14.5169 15.1388 15.6565 16.2888 16.837 17.1178 17.3909 17.3764 16.7917 16.5097 16.4921 16.1006 15.4048 14.9712 14.1748 13.3446 13.6729 14.9085 14.37 15.2471 15.1806 15.3471 14.7722 13.6618 12.1932 11.3325 10.912 10.1539 -9999 -9999 -9999 -9999 -9999 -9999 -9999 -9999 -9999 -9999 -9999 -9999 -9999 -9999 -9999 -9999 -9999 -9999 -9999 -9999 -9999 -9999 -9999 -9999 -9999 -9999 -9999 -9999 -9999 -9999 -9999 -9999 -9999 -9999 -9999 -9999 -9999 -9999 -9999 -9999 -9999 -9999
-9999 -9999 -9999 15.0211 15.4156 16.2695 16.7008 16.885 17.3214 17.3291 17.1121 16.9502 16.7123 16.3995 15.8787 15.3033 14.5549 14.4933 15.2868 15.3045 15.1481 15.2844 15.6949 15.5951 14.697 13.1407 12.3261 10.6519 9.94437 10.0247 9.52583 -9999 -9999 -9999 -9999 -9999 -9999 -9999 -9999 -9999 -9999 -9999 -9999 11.5926 -9999 -9999 -9999 -9999 -9999 -9999 -9999 -9999 -9999 -9999 -9999 -9999 -9999 -9999 -9999 -9999 -9999 -9999 -9999 -9999 8.77563 -9999 -9999 -9999 -9999 -9999 -9999 -9999
-9999 -9999 14.946 15.4644 15.8825 16.4198 16.47 16.7873 17.2878 17.3017 17.1497 16.9774 16.5812 16.4892 16.1964 15.5712 15.4502 15.7156 15.8424 15.9846 16.075 16.0154 15.8589 15.6543 15.0661 14.3517 13.8741 12.3529 11.5803 10.8499 9.74128 8.87596 -9999 -9999 -9999 -9999 -9999 -9999 -9999 10.9634 10.933 10.964 11.22 11.9069 11.521 -9999 -9999 -9999 -9999 -9999 -9999 -9999 -9999 -9999 -9999 -9999 -9999 -9999 -9999 -9999 -9999 -9999 -9999 -9999 9.38484 8.51816 -9999 -9999 -9999 -9999 -9999 -9999
-9999 -9999 15.0705 15.6333 15.917 16.4387 16.7395 16.9272 17.1046 17.2748 17.2543 17.0628 16.7681 16.7783 16.37 16.154 16.0023 16.3586 16.4359 16.3049 16.1379 15.9908 15.5604 15.5162 15.3664 14.9148 14.1697 13.4018 12.2797 10.7713 9.29267 8.1018 -9999 -9999 -9999 -9999 -9999 -9999 11.075 11.6475 11.9951 11.2916 11.9139 12.4836 12.4057 11.8698 -9999 -9999 -9999 -9999 -9999 -9999 -9999 -9999 -9999 -9999 -9999 -9999 -9999 -9999 13.5022 12.6131 10.8051 9.88423 9.33668 8.5498 -9999 -9999 -9999 -9999 -9999 -9999
-9999 -9999 14.958 15.6213 16.0722 16.4728 16.5412 16.9478 17.1242 17.2184 17.2149 17.1828 17.135 16.7796 16.6319 16.0909 16.6263 16.6155 16.4913 15.9726 15.7521 14.8543 14.4628 14.3676 15.1344 14.5771 13.4074 11.9439 10.1766 10.0655 9.48835 8.42451 -9999 -9999 -9999 -9999 -9999 -9999 11.2451 11.8569 12.3697 12.4545 11.7555 12.7593 12.7272 12.1836 12.0691 12.5354 12.7773 12.6123 13.1682 13.3388 13.1051 13.3854 -9999 -9999 -9999 -9999 13.6025 13.6505 13.6897 13.3261 11.3498 10.0039 8.79669 8.69572 -9999 -9999 -9999 -9999 -9999 -9999
-9999 -9999 15.4118 15.8218 16.0314 16.0692 16.4289 16.784 17.0022 17.1657 17.1406 17.1353 17.1297 17.014 16.734 16.7955 16.7817 16.6224 15.6279 14.4652 14.984 14.2968 12.8071 14.0193 14.689 14.0563 12.6373 10.9911 10.4478 10.4739 9.6683 8.63049 -9999 -9999 -9999 9.56728 10.4375 10.5234 10.7884 11.601 12.2222 12.6931 13.0178 13.0142 12.6972 12.1658 11.5872 11.8088 12.8817 13.1517 13.378 13.5543 13.3381 13.4689 13.764 13.9221 13.9632 13.9078 13.904 13.9387 13.9165 13.5781 11.8113 10.8056 10.1684 8.88009 -9999 -9999 -9999 -9999 -9999 -9999
-9999 -9999 15.152 15.5089 15.7986 16.2756 16.3301 16.6345 16.8137 17.08 17.1168 16.815 17.0791 17.0551 17.0167 16.925 16.7863 15.9488 14.7905 13.6288 13.0966 13.3282 12.439 12.9016 13.5799 13.3382 12.4674 11.0011 10.7982 10.4544 9.09343 7.78565 -9999 -9999 7.88543 9.54477 10.7169 11.3273 11.5247 11.5547 12.3345 12.4072 13.2458 13.0597 11.9798 12.1145 11.7005 11.9873 12.3885 12.5065 13.074 13.6249 13.738 13.7517 13.9437 13.9921 14.013 14.0197 13.9086 13.9762 13.9965 13.7899 12.5133 11.8971 11.2169 8.89666 -9999 -9999 -9999 -9999 -9999 -9999
-9999 -9999 15.327 15.7249 16.1601 16.234 16.5577 16.5315 16.4418 16.8929 17.0594 16.8486 16.6999 16.9988 16.9885 16.9601 16.9069 16.1208 15.2092 13.8234 12.9651 12.437 12.0667 11.5643 11.9147 11.8131 11.6753 11.8423 11.4408 10.6319 9.83799 8.3472 7.54517 -9999 7.96993 8.72423 10.1163 11.3017 12.059 11.8035 12.689 12.8636 13.3755 13.0921 12.4416 12.1688 12.1552 12.0796 12.6789 13.0852 13.372 13.5699 13.8141 13.8844 13.955 13.991 14.0157 14.0406 14.049 14.0559 14.0415 13.9713 13.3908 12.7757 11.4328 8.97296 -9999 -9999 -9999 -9999 -9999 -9999
-9999 14.1811 15.281 15.9448 16.2039 16.392 16.5584 16.6804 16.8055 16.9278 17.014 16.9853 16.4155 16.4721 16.5861 16.9248 16.9119 16.8502 16.3564 14.6684 14.0859 13.2334 12.129 11.6674 11.9035 12.8172 12.7801 12.181 11.5129 10.5825 9.9952 9.08361 7.32862 7.49493 8.29719 8.89746 9.84716 11.2938 12.312 12.7736 12.9561 13.3193 13.5157 13.1233 12.7508 12.6007 12.3123 12.2816 12.2954 12.6619 12.9469 13.5747 13.7935 13.8998 13.9594 13.9966 14.0268 14.0567 14.0745 14.0742 14.0865 14.0936 14.062 13.2394 11.1649 9.60842 -9999 -9999 -9999 -9999 -9999 -9999
-9999 -9999 15.0762 15.3697 15.4486 15.5847 15.8605 16.1783 16.6246 16.6877 16.9396 16.9465 16.4554 15.8894 16.4012 16.611 16.8283 16.8451 16.7904 15.3687 14.6299 14.0489 12.99 13.376 13.7445 13.7756 13.5587 12.2697 10.986 9.50008 8.11874 8.05784 7.31713 7.71928 8.25224 9.60768 10.5655 10.9613 11.2496 12.7214 13.1115 13.2549 13.6411 13.1444 13.0288 12.6585 12.7843 12.7627 12.7765 11.7278 12.7998 12.8742 13.5786 13.9014 13.9834 14.0138 14.0455 14.0601 14.0755 14.0839 14.1027 14.104 14.1061 13.5761 10.9399 9.62675 -9999 -9999 -9999 -9999 -9999 -9999
-9999 -9999 -9999 -9999 15.1726 15.397 15.5422 15.7917 16.5462 16.7549 16.8965 16.9159 16.7026 16.1421 16.0026 16.118 15.5731 16.0485 16.693 16.6855 16.6156 15.368 14.7296 15.3549 15.1696 14.2301 13.4911 12.7616 11.2578 10.1526 8.56855 7.38093 7.34211 8.66572 9.76705 11.1386 11.7504 11.4204 11.8035 12.5399 13.3759 13.7869 13.706 13.182 13.1202 12.5425 13.1348 13.1964 12.9384 12.7167 12.8181 13.1725 13.3146 13.868 14.0105 14.0449 14.0602 14.0738 14.0828 14.0913 14.0969 14.1035 14.1085 14.0969 11.3869 9.28523 -9999 -9999 -9999 -9999 -9999 -9999
-9999 -9999 -9999 -9999 14.6479 14.7855 15.1433 16.0579 16.5358 16.7344 16.7348 16.8319 16.6842 16.1927 15.6886 15.2143 14.599 14.9674 15.924 16.4908 16.5616 15.4686 16.0436 15.8334 15.4147 14.1849 13.2789 12.7997 11.3559 10.1152 9.06268 7.60862 8.23875 8.9333 9.82465 11.3198 12.3332 12.7571 12.4237 12.8998 13.8599 13.8784 13.3736 13.4203 13.1182 12.3243 13.1763 13.4246 13.2459 13.3068 13.2444 13.3836 13.6274 13.861 14.02 14.0511 14.0645 14.0709 14.082 14.0942 14.0957 14.1089 14.114 14.1131 12.3687 9.24422 -9999 -9999 -9999 -9999 -9999 -9999
-9999 -9999 -9999 -9999 -9999 14.1729 14.9855 16.1985 16.4995 16.4781 16.7349 16.7645 16.5331 16.3343 15.7202 14.8776 13.2486 13.6767 14.558 15.8237 16.4917 16.4087 16.044 15.4094 13.8676 12.5181 12.3564 12.1374 11.0844 10.1284 8.95771 9.64344 10.3952 11.2182 11.6553 11.5539 12.4237 13.1359 12.8511 13.4323 14.1083 13.821 13.6564 13.5203 13.1692 13.1599 13.2104 13.6994 13.3813 13.5956 13.6094 13.6096 13.734 13.8755 14.0233 14.0568 14.0681 14.0815 14.077 14.0943 14.0985 14.1032 14.1089 14.1101 13.9644 12.2893 11.2922 -9999 -9999 -9999 -9999 -9999
-9999 -9999 -9999 -9999 -9999 13.4245 13.8315 15.2676 15.7108 16.3498 16.6929 16.7166 16.3197 16.1031 15.1826 14.8918 13.3858 12.7091 13.3015 13.0867 14.8252 16.3634 16.0329 12.9447 11.8281 11.0322 11.2401 11.2446 10.9534 9.32762 8.8844 10.3435 11.2651 11.9817 12.5284 12.6501 12.6427 13.7499 13.9077 14.2764 14.2122 14.2584 13.7187 13.3895 13.7019 13.3699 13.3235 13.8282 13.355 13.8053 13.7623 13.6422 13.6468 13.9472 14.0168 14.0587 14.0717 14.0714 14.0682 14.0716 14.0931 14.1013 14.0982 14.1123 14.1101 13.9257 13.0643 12.7725 13.1259 -9999 -9999 -9999
-9999 -9999 -9999 -9999 -9999 -9999 12.4946 14.4892 15.3996 15.8838 16.5639 16.6533 16.4442 16.0634 15.126 14.303 12.9578 11.4193 10.608 13.0718 15.2162 16.338 16.1946 13.6248 12.6127 12.5689 13.1703 12.6683 12.2884 11.0526 10.6885 10.1815 10.5037 11.4985 12.3153 13.1043 13.6817 13.7397 14.1197 14.343 14.3733 14.4525 14.4006 14.3605 13.8404 14.2217 13.9214 14.0997 14.0047 13.9199 13.8456 13.552 13.7792 13.9816 14.042 14.0683 14.0676 14.0759 14.0791 14.0729 14.077 14.0883 14.0995 14.103 14.1163 14.1239 14.04 13.5274 12.836 11.9587 -9999 -9999
-9999 -9999 -9999 -9999 -9999 -9999 11.499 13.4843 14.44 15.6752 16.3116 16.5757 16.552 16.2453 15.5355 14.4616 13.5686 11.8498 10.064 12.6501 14.9522 16.1976 16.269 14.1082 14.7121 14.2312 14.4303 13.5464 13.1813 12.8882 12.2562 11.5653 10.8074 10.4127 12.2348 13.1758 13.9358 14.3007 14.5126 14.625 14.5834 14.4599 13.6677 14.2943 14.2748 14.2262 14.1685 14.1467 14.095 14.0317 13.9961 13.992 13.8008 14.0414 14.0479 14.0618 14.0737 14.0787 14.0785 14.0801 14.0798 14.0922 14.0976 14.1029 14.1109 14.1252 14.1329 14.118 13.992 12.809 12.1066 11.9199
-9999 -9999 -9999 -9999 -9999 -9999 8.71444 11.6011 13.9137 15.1306 16.1209 16.4007 16.5117 16.0963 15.7886 15.0216 14.2957 13.1696 11.4775 10.4384 12.3761 15.1879 16.2261 16.148 16.0879 15.5318 15.0309 14.9711 15.0131 14.4239 13.5694 12.4569 12.1154 11.7313 13.0908 13.2838 13.1958 14.6919 14.7072 14.6352 14.0797 13.4552 13.5886 13.2074 13.5219 13.0649 13.5086 13.8936 14.0446 14.0446 14.0035 14.0084 13.9975 14.0497 14.0598 14.0641 14.07 14.0784 14.0841 14.0785 14.0806 14.0992 14.0999 14.1042 14.1094 14.1254 14.1362 14.1287 14.1229 13.9525 13.6891 13.1757
-9999 -9999 -9999 -9999 -9999 -9999 8.8315 11.2559 13.3185 14.5559 15.75 16.0343 16.4441 16.3679 16.0447 15.3791 14.5448 13.6196 12.169 11.0926 12.391 14.2606 15.6005 16.0811 16.0795 16.0522 15.9301 15.8785 15.7356 15.629 15.021 13.9709 13.3811 12.5152 14.0293 14.2079 13.9829 14.745 14.7189 13.595 12.7339 12.6375 13.1811 12.6867 12.6104 12.3067 12.6752 13.6426 13.3749 13.4414 13.8827 13.9655 14.0241 14.0473 14.0551 14.0639 14.0675 14.0798 14.0922 14.0869 14.0911 14.0995 14.0956 14.1053 14.107 14.1162 14.1224 14.1246 14.1204 14.0815 14.0386 14.1129
-9999 -9999 -9999 -9999 -9999 -9999 8.87876 10.5099 12.367 14.1867 15.4614 15.9812 16.3626 16.3685 15.9909 15.6649 15.1454 14.3324 13.7772 12.8063 11.47 13.7308 14.4288 15.0485 15.3102 15.9579 15.9469 15.657 15.3107 15.6341 15.5473 14.7178 14.4505 13.9943 14.8404 14.852 14.839 14.8049 13.8566 12.5344 11.4802 12.2595 12.1113 12.4738 11.3953 12.3052 13.0396 13.2857 12.8059 12.4529 13.5873 13.7876 13.9097 13.9918 14.0495 14.0492 14.0719 14.0765 14.0848 14.0929 14.0953 14.1018 14.1045 14.1073 14.1105 14.121 14.1219 14.1211 14.1337 14.1188 14.1208 14.1252
-9999 -9999 -9999 -9999 -9999 -9999 -9999 9.54484 11.8925 13.9945 15.1689 15.9111 16.2777 16.2809 16.0924 15.8739 15.555 14.9708 14.2341 13.0644 12.1977 12.76 13.4438 13.5229 13.9789 15.2904 15.7419 15.1147 13.5477 14.4767 15.5129 15.5034 15.4234 15.3336 15.2164 15.1127 14.8749 14.2214 12.1979 11.8093 11.0228 11.1254 10.7279 11.6318 11.31 12.2405 12.6504 12.8123 11.9742 12.1612 13.1735 13.5799 13.5256 13.7792 14.0213 14.0401 14.0581 14.0636 14.0803 14.0941 14.1024 14.1051 14.1101 14.1174 14.1116 14.1314 14.0694 14.034 13.9479 14.0847 14.1097 14.1362
-9999 -9999 -9999 -9999 -9999 -9999 -9999 9.06958 11.4179 13.8922 14.6926 15.492 16.1835 16.2063 15.9129 15.6343 15.3469 15.0181 14.1227 13.2542 12.425 12.1515 12.3272 12.3169 13.0516 14.7593 15.0945 14.9598 13.3233 12.7774 14.1597 15.323 15.4221 15.3259 13.975 14.2743 13.5508 12.5663 12.3035 11.8792 10.9704 11.4251 10.7627 11.0634 10.9961 11.5293 11.7953 12.4271 11.6981 11.7087 12.7033 13.2091 13.2329 13.7631 13.9594 14.0194 14.0432 14.0637 14.0779 14.0983 14.106 14.1111 14.1139 14.1023 14.0565 13.8881 12.9226 12.9375 13.2212 13.4903 13.9708 14.1205
-9999 -9999 -9999 -9999 -9999 -9999 -9999 9.33588 10.9681 13.1646 14.7942 14.9051 15.7023 16.1185 15.7985 15.437 15.0668 14.9099 13.9346 12.8621 11.9968 10.9707 11.1484 11.8976 13.1141 14.2197 14.4226 14.2017 13.3233 13.7441 14.6895 15.1954 15.3506 15.2438 14.9569 14.7954 14.2652 14.0416 13.302 12.1399 11.6891 11.9932 10.7591 10.8577 11.3298 10.8502 11.6684 12.0659 11.1212 11.8915 12.7697 13.2244 13.6233 13.8182 13.9029 14.0266 14.0413 14.0627 14.0799 14.0905 14.103 14.0975 14.0952 14.0037 13.8626 12.9583 12.5948 12.6834 13.121 13.5057 13.9167 14.0887
-9999 -9999 -9999 -9999 -9999 -9999 -9999 9.60796 11.0786 12.9844 14.1488 14.3646 15.2476 16.034 15.9565 15.58 15.4716 15.0807 14.2549 13.3416 12.3422 11.8603 10.7419 11.8579 12.7378 13.6755 14.1177 13.3949 13.0413 13.6885 14.3323 14.5946 15.2454 15.2483 15.0484 14.1559 13.7261 13.9225 13.7442 13.4241 12.6277 12.603 12.0955 11.892 11.7004 11.0503 11.4824 11.5359 11.6649 12.5837 13.0465 13.3572 13.6409 13.724 13.854 14.0192 14.0446 14.0621 14.0735 14.0886 14.0898 14.0587 14.0346 13.8372 13.478 12.7967 11.6903 12.497 13.3398 13.6074 13.8647 14.0029
-9999 -9999 -9999 -9999 -9999 -9999 -9999 9.35379 10.9157 12.5459 13.2328 13.3569 14.9477 15.9254 15.9364 15.7627 15.5582 14.5794 14.6463 14.4573 13.5568 12.241 10.7948 10.9389 11.8093 13.0446 13.4585 12.266 11.8537 12.1709 13.1406 14.0097 14.9172 15.1546 14.9005 13.5058 12.0234 12.7261 13.4764 13.4832 13.2772 12.5393 12.3127 12.1086 11.5734 10.6602 10.8042 11.0729 12.1186 12.4577 12.9751 13.4068 13.2603 13.3647 13.7782 14.0205 14.0411 14.0573 14.077 14.0839 14.0825 14.0081 13.9287 13.7869 12.8296 12.2393 11.3795 12.4147 12.9934 13.318 13.8696 14.011
-9999 -9999 -9999 -9999 -9999 -9999 -9999 8.86772 10.0037 11.5624 12.196 13.2015 14.7054 15.4498 15.8115 15.813 15.6798 15.2465 14.9895 14.4742 13.5372 12.2526 10.8236 9.89592 10.3792 12.0362 12.4342 11.3352 10.7856 11.4886 12.5217 14.0475 14.9233 15.0497 14.9809 14.7012 13.6217 12.3154 12.3305 13.0017 12.4601 11.829 12.1933 12.1391 11.6107 11.2294 10.9988 11.1636 11.7608 12.0165 12.6124 13.4863 13.6216 13.609 13.9838 14.0139 14.0344 14.0601 14.0718 14.0807 14.0822 14.0237 13.8775 13.2445 12.6941 11.9236 11.8396 12.7676 13.1858 13.5722 13.8495 13.9486
-9999 -9999 -9999 -9999 -9999 -9999 -9999 8.03447 9.36968 10.8305 12.1991 13.4945 14.6107 14.7056 15.2988 15.3074 15.6225 15.544 15.143 14.7105 13.9045 12.2522 10.8639 9.34897 9.75839 11.4499 11.6653 10.9387 9.5895 10.9999 12.5545 13.9646 14.7322 14.1471 14.7662 14.7261 14.328 13.5546 12.3465 12.3803 11.4779 11.4492 11.9293 12.0926 12.0257 11.7422 11.2836 11.3767 11.7423 11.8454 12.394 13.0746 13.7403 13.8621 13.9987 14.0161 14.0301 14.0524 14.0659 14.0645 14.0434 13.9817 13.4529 12.8217 12.4379 11.9048 11.8514 12.918 13.3578 13.6068 13.8482 13.9515
-9999 -9999 -9999 -9999 -9999 -9999 -9999 -9999 9.22867 10.7377 11.8568 12.165 13.1583 13.699 14.1195 14.2201 15.4025 15.4764 15.2256 14.8291 14.1431 12.8915 12.0218 10.5691 9.52717 9.96172 10.1596 10.5538 10.4485 11.0824 12.5768 14.1336 14.3117 13.3381 13.4934 13.7091 14.1804 13.9569 12.3069 11.474 10.7845 11.2929 11.8272 11.9649 12.0013 11.9115 11.8101 11.6143 12.3262 12.856 12.9881 13.4516 13.7969 13.901 13.9823 14.0029 14.0237 14.036 14.0288 14.027 13.9556 13.7806 13.1876 11.744 11.8246 11.6799 11.2397 12.2842 12.9529 13.5445 13.8651 13.9576
-9999 -9999 -9999 -9999 -9999 -9999 -9999 -9999 8.72428 10.469 10.8449 10.8271 10.262 10.536 12.6756 13.114 14.2485 15.3232 15.2541 14.8654 14.2243 13.4824 12.3288 10.6942 9.39689 8.84384 10.2541 11.6393 11.9328 12.382 13.3012 13.4833 12.4879 11.5552 12.094 12.4227 13.6471 13.8791 13.6536 12.6637 11.5306 10.9443 11.6601 11.7653 11.8186 11.838 11.8305 11.8098 12.6086 13.0572 13.372 13.5489 13.8471 13.9324 13.9679 14.002 14.009 14.0063 13.9733 13.9342 13.7201 13.4585 12.4791 11.6648 11.1619 10.5201 12.0081 12.466 13.0935 13.5004 13.8195 13.8997
