Test_Spring_2018b/11_17/Temp/20171119_003.txt
ncols	170
nrows	115
xllcorner	350000.000000
yllcorner	4445000.000000
cellsize	1000.000000
nodata_value	-9999.000000
[rows 32 to 63 of 115, columns 72 to 143 of 170]
11.0983 10.7593 11.2895 11.778 11.4956 11.31 12.1154 12.1183 11.8485 11.211 10.9787 10.7376 10.5908 9.77213 7.47099 5.39698 6.51273 6.54243 5.77661 7.16045 6.43595 4.53927 1.86015 3.32453 2.95044 1.06069 0.601708 -9999 -9999 -9999 -9999 -9999 -9999 -9999 -9999 -9999 -9999 -9999 -9999 -9999 -9999 -9999 -9999 -9999 -9999 -9999 -9999 -9999 -9999 -9999 -9999 -9999 -9999 -9999 -9999 -9999 -9999 -9999 -9999 -9999 -9999 -9999 -9999 -9999 -9999 -9999 -9999 -9999 -9999 -9999 -9999 -9999
10.649 10.5046 11.2913 11.2774 11.2404 11.5361 12.0393 12.1411 12.0377 11.7613 11.5223 11.2678 10.6181 9.68143 7.7125 5.35141 4.81821 5.97828 6.03722 6.22689 5.56663 4.73656 3.43581 4.50967 4.92988 3.68735 2.06411 1.02668 -9999 -9999 -9999 -9999 -9999 -9999 -9999 -9999 -9999 -9999 -9999 -9999 -9999 -9999 -9999 -9999 -9999 -9999 -9999 -9999 -9999 -9999 -9999 -9999 -9999 -9999 -9999 -9999 -9999 -9999 -9999 -9999 -9999 -9999 -9999 -9999 -9999 -9999 -9999 -9999 -9999 -9999 -9999 -9999
10.1115 9.3531 9.82807 10.1854 10.8612 11.0426 11.1442 12.0828 12.0363 11.9959 11.5993 11.2827 10.7562 9.85484 8.57048 7.02359 4.32825 5.99497 7.30094 7.27102 7.20336 6.62274 5.37285 6.4265 6.48037 4.89475 3.09595 2.03036 1.59204 -9999 -9999 -9999 -9999 -9999 -9999 -9999 -9999 -9999 -9999 -9999 -9999 -9999 -9999 -9999 -9999 -9999 -9999 -9999 -9999 -9999 -9999 -9999 -9999 -9999 -9999 -9999 -9999 -9999 -9999 -9999 -9999 -9999 -9999 -9999 -9999 -9999 -9999 -9999 -9999 -9999 -9999 -9999
9.49926 8.57229 9.0501 9.68709 10.5931 11.0715 11.431 11.714 12.0025 11.9719 11.5661 10.3616 10.192 10.1425 9.30342 7.53943 5.77779 5.32352 7.31383 7.88577 7.7732 8.22055 7.16202 7.6681 7.46647 6.90988 5.17692 3.591 2.93509 1.63487 -9999 -9999 -9999 -9999 -9999 -9999 -9999 -9999 -9999 -9999 -9999 -9999 -9999 -9999 -9999 -9999 -9999 -9999 -9999 -9999 -9999 -9999 -9999 -9999 -9999 -9999 -9999 -9999 -9999 -9999 -9999 -9999 -9999 -9999 -9999 -9999 -9999 -9999 -9999 -9999 -9999 -9999
-9999 -9999 7.9971 8.87078 9.59278 10.4794 11.2415 11.6237 11.995 11.9686 11.1547 10.7581 10.7261 10.1773 9.2081 8.60074 7.49241 6.33759 6.78234 8.47992 7.72902 8.93295 8.83478 9.05908 8.26029 6.75793 4.73285 3.55648 2.9699 1.91681 -9999 -9999 -9999 -9999 -9999 -9999 -9999 -9999 -9999 -9999 -9999 -9999 -9999 -9999 -9999 -9999 -9999 -9999 -9999 -9999 -9999 -9999 -9999 -9999 -9999 -9999 -9999 -9999 -9999 -9999 -9999 -9999 -9999 -9999 -9999 -9999 -9999 -9999 -9999 -9999 -9999 -9999
-9999 -9999 -9999 8.71892 9.27079 10.4448 11.0641 11.3135 11.9105 11.9153 11.6092 11.3787 11.0425 10.6023 9.87451 9.07112 8.02868 7.93431 9.0208 9.03667 8.81284 8.99373 9.55385 9.41039 8.17618 6.04618 4.91696 2.6246 1.64201 1.74655 1.0508 -9999 -9999 -9999 -9999 -9999 -9999 -9999 -9999 -9999 -9999 -9999 -9999 3.75443 -9999 -9999 -9999 -9999 -9999 -9999 -9999 -9999 -9999 -9999 -9999 -9999 -9999 -9999 -9999 -9999 -9999 -9999 -9999 -9999 -0.418287 -9999 -9999 -9999 -9999 -9999 -9999 -9999
-9999 -9999 8.61036 9.3529 9.92557 10.6631 10.7452 11.1895 11.8756 11.8893 11.6733 11.4286 10.8738 10.7384 10.3251 9.4525 9.27564 9.63233 9.79777 9.98512 10.1015 10.0117 9.78902 9.50067 8.71636 7.72563 7.06205 4.96363 3.90866 2.89431 1.35706 0.154964 -9999 -9999 -9999 -9999 -9999 -9999 -9999 2.94724 2.89167 2.92069 3.26026 4.19481 3.64839 -9999 -9999 -9999 -9999 -9999 -9999 -9999 -9999 -9999 -9999 -9999 -9999 -9999 -9999 -9999 -9999 -9999 -9999 -9999 0.428239 -0.784384 -9999 -9999 -9999 -9999 -9999 -9999
-9999 -9999 8.82229 9.59488 9.9829 10.6997 11.1119 11.3934 11.6341 11.8641 11.8299 11.5588 11.1442 11.1496 10.5764 10.2682 10.0485 10.5299 10.6266 10.4361 10.1969 9.98594 9.38511 9.31843 9.13778 8.51039 7.47816 6.41441 4.88255 2.79473 0.747102 -0.904112 -9999 -9999 -9999 -9999 -9999 -9999 3.12331 3.89987 4.36573 3.38031 4.22524 4.99772 4.8764 4.13998 -9999 -9999 -9999 -9999 -9999 -9999 -9999 -9999 -9999 -9999 -9999 -9999 -9999 -9999 6.18218 4.93886 2.42681 1.13944 0.367302 -0.735293 -9999 -9999 -9999 -9999 -9999 -9999
-9999 -9999 8.67428 9.58647 10.2061 10.757 10.8493 11.4185 11.6722 11.7979 11.7876 11.7367 11.6628 11.1631 10.9493 10.1919 10.9201 10.8941 10.7118 9.98563 9.67208 8.42472 7.87752 7.76934 8.82404 8.0513 6.43371 4.41058 1.98394 1.82948 1.02702 -0.448403 -9999 -9999 -9999 -9999 -9999 -9999 3.36732 4.19767 4.89101 4.99333 4.01386 5.38517 5.34301 4.57855 4.40648 5.03651 5.35679 5.12547 5.87707 6.09808 5.7609 6.13335 -9999 -9999 -9999 -9999 6.35798 6.4087 6.44702 5.92913 3.18467 1.3104 -0.372598 -0.52817 -9999 -9999 -9999 -9999 -9999 -9999
-9999 -9999 9.3071 9.87065 10.1583 10.2095 10.7051 11.2041 11.5149 11.7429 11.7024 11.6878 11.6717 11.5023 11.105 11.1785 11.1476 10.9159 9.53175 7.91608 8.6229 7.66205 5.61669 7.2939 8.21522 7.33927 5.37841 3.10406 2.36756 2.40284 1.28555 -0.152729 -9999 -9999 -9999 1.10141 2.28992 2.39483 2.74624 3.8531 4.69546 5.33052 5.76371 5.75908 5.30686 4.55926 3.74652 4.03887 5.50638 5.8657 6.17215 6.40126 6.08842 6.25402 6.64694 6.85037 6.89221 6.80062 6.78001 6.81237 6.76587 6.28254 3.82769 2.42282 1.52669 -0.273108 -9999 -9999 -9999 -9999 -9999 -9999
-9999 -9999 8.96229 9.45316 9.85206 10.5135 10.5884 11.0078 11.2624 11.6354 11.6804 11.2567 11.6125 11.5692 11.505 11.3663 11.1623 9.99365 8.38266 6.76791 6.02353 6.34984 5.11652 5.75823 6.69179 6.35463 5.1554 3.12977 2.8481 2.38453 0.503022 -1.30852 -9999 -9999 -1.19765 1.08123 2.68615 3.51461 3.77213 3.798 4.85881 4.94337 6.08553 5.82645 4.32101 4.49271 3.90822 4.29063 4.83099 4.98054 5.7586 6.50375 6.64569 6.65029 6.90092 6.95318 6.96717 6.96127 6.79256 6.87025 6.88233 6.581 4.80228 3.93506 2.97969 -0.244737 -9999 -9999 -9999 -9999 -9999 -9999
-9999 -9999 9.21897 9.76759 10.3682 10.4703 10.917 10.8763 10.7601 11.38 11.6117 11.3135 11.0992 11.5013 11.4751 11.4231 11.3364 10.238 8.96695 7.0425 5.84759 5.12338 4.60681 3.92127 4.40278 4.26111 4.06988 4.29949 3.74468 2.63931 1.53946 -0.5228 -1.63715 -9999 -1.06998 -0.0407029 1.8676 3.48935 4.51917 4.15033 5.35625 5.58097 6.28266 5.87659 4.96378 4.57305 4.54032 4.42241 5.23627 5.78507 6.17526 6.43443 6.75645 6.83936 6.92245 6.95763 6.977 6.99641 6.99262 6.98643 6.95055 6.83731 6.01948 5.15395 3.28321 -0.133892 -9999 -9999 -9999 -9999 -9999 -9999
-9999 7.62988 9.16024 10.0772 10.4359 10.6966 10.9271 11.0957 11.2752 11.4391 11.5536 11.5118 10.7159 10.783 10.9278 11.3818 11.35 11.2512 10.5564 8.21435 7.41011 6.23088 4.70181 4.06794 4.39246 5.65329 5.60205 4.77507 3.8528 2.57892 1.76644 0.503251 -1.92562 -1.70464 -0.607554 0.208883 1.5061 3.48802 4.87754 5.49802 5.73297 6.22615 6.48175 5.92508 5.39586 5.17442 4.76227 4.70642 4.71225 5.20516 5.59249 6.44644 6.73442 6.86639 6.93445 6.97142 6.99835 7.02462 7.03389 7.01771 7.01864 7.01199 6.95206 5.7996 2.91667 0.746698 -9999 -9999 -9999 -9999 -9999 -9999
-9999 -9999 8.88249 9.28913 9.40006 9.58989 9.97212 10.4118 11.0349 11.1191 11.4619 11.4638 10.7795 9.98651 10.6799 10.9555 11.2409 11.2498 11.1607 9.19593 8.16823 7.3602 5.89433 6.43096 6.93913 6.9823 6.6836 4.90513 3.13379 1.09325 -0.816361 -0.904661 -1.93205 -1.38507 -0.659806 1.19898 2.50714 3.03797 3.41932 5.43377 5.96104 6.14294 6.66033 5.95941 5.78475 5.2591 5.41897 5.37566 5.38167 3.92108 5.39446 5.48357 6.44219 6.8747 6.97322 7.00091 7.03008 7.03521 7.04113 7.03692 7.04667 7.03231 7.01694 6.26806 2.61131 0.777287 -9999 -9999 -9999 -9999 -9999 -9999
-9999 -9999 -9999 -9999 9.02577 9.3381 9.54068 9.88644 10.9351 11.2204 11.411 11.4306 11.1267 10.3423 10.1361 10.2809 9.51353 10.1564 11.0371 11.017 10.9128 9.18493 8.30545 9.16729 8.91154 7.61546 6.59665 5.59118 3.51664 2.00183 -0.1872 -1.83061 -1.89001 -0.0707228 1.44001 3.32082 4.15104 3.67962 4.19148 5.19404 6.33163 6.8827 6.75512 6.01619 5.91582 5.10391 5.90764 5.97931 5.61009 5.29138 5.4248 5.90038 6.08304 6.83321 7.01595 7.04929 7.05591 7.0596 7.05674 7.05263 7.04366 7.03595 7.0257 6.99232 3.23349 0.310923 -9999 -9999 -9999 -9999 -9999 -9999
-9999 -9999 -9999 -9999 8.30814 8.50107 8.99742 10.2615 10.9282 11.1993 11.1948 11.3214 11.1079 10.4176 9.7082 9.03855 8.175 8.67025 9.97929 10.7521 10.8423 9.32815 10.1238 9.8328 9.25505 7.55854 6.30973 5.65014 3.65876 1.95696 0.50189 -1.50918 -0.644995 0.305925 1.52623 3.57798 4.96242 5.53148 5.05555 5.6962 7.00503 7.01409 6.30112 6.34999 5.91786 4.80736 5.96972 6.29917 6.03952 6.11097 6.01814 6.19673 6.5198 6.82864 7.03429 7.06302 7.06699 7.06084 7.06077 7.06163 7.0473 7.0486 7.03836 7.01969 4.59375 0.259186 -9999 -9999 -9999 -9999 -9999 -9999
-9999 -9999 -9999 -9999 -9999 7.66222 8.78625 10.4621 10.8844 10.8516 11.2006 11.2339 10.9044 10.618 9.75646 8.57847 6.31513 6.89295 8.09812 9.83587 10.7507 10.6309 10.1295 9.25268 7.12462 5.26309 5.04171 4.74139 3.28947 1.98063 0.362466 1.30537 2.33737 3.46562 4.05886 3.90626 5.09264 6.05999 5.6505 6.43611 7.3527 6.93951 6.69622 6.4927 5.99276 5.96549 6.02137 6.68304 6.23099 6.51428 6.5266 6.51339 6.6717 6.85328 7.04359 7.07563 7.07678 7.08033 7.05863 7.06651 7.05585 7.04543 7.03606 7.02016 6.80136 4.46752 3.07287 -9999 -9999 -9999 -9999 -9999
-9999 -9999 -9999 -9999 -9999 6.63567 7.19939 9.18273 9.80108 10.6794 11.1473 11.172 10.6138 10.3035 9.01928 8.60294 6.50935 5.56268 6.36906 6.06328 8.45605 10.5743 10.1202 5.85596 4.31478 3.21713 3.50571 3.51364 3.11314 0.879468 0.265295 2.27557 3.54197 4.52322 5.26755 5.42364 5.39875 6.9115 7.11329 7.60568 7.50035 7.54766 6.78647 6.31657 6.73258 6.25982 6.18187 6.86532 6.19908 6.80824 6.74208 6.56286 6.55567 6.95666 7.03899 7.08268 7.08593 7.0707 7.05081 7.03958 7.0528 7.04718 7.02563 7.02753 7.00679 6.73102 5.5237 5.10297 5.57314 -9999 -9999 -9999
-9999 -9999 -9999 -9999 -9999 -9999 5.35963 8.1133 9.37624 10.0403 10.9729 11.088 10.7944 10.2548 8.94618 7.7954 5.9241 3.78709 2.65739 6.04948 9.0027 10.5461 10.35 6.80119 5.40374 5.34388 6.17509 5.48325 4.95959 3.26405 2.75865 2.05423 2.49288 3.8612 4.97722 6.05331 6.83581 6.90037 7.40862 7.70116 7.72651 7.81957 7.73195 7.66118 6.92797 7.44004 7.01165 7.24429 7.10025 6.97051 6.86136 6.4425 6.74255 7.00819 7.07767 7.09945 7.08405 7.08066 7.06966 7.04507 7.0344 7.03316 7.03133 7.01868 7.01954 7.00868 6.87486 6.14927 5.17735 3.94897 -9999 -9999
-9999 -9999 -9999 -9999 -9999 -9999 3.99093 6.73082 8.05582 9.7561 10.6358 10.9932 10.9479 10.5109 9.51687 8.02021 6.77371 4.38812 1.91139 5.47134 8.64587 10.3598 10.4546 7.47529 8.30814 7.64405 7.91908 6.69903 6.19493 5.8005 4.92449 3.96573 2.9185 2.36379 4.86759 6.15353 7.18847 7.67687 7.95342 8.09213 8.01982 7.83343 6.72397 7.57373 7.53175 7.45037 7.35679 7.31325 7.22882 7.1287 7.07309 7.05384 6.77616 7.09485 7.08889 7.09386 7.09578 7.08774 7.07209 7.05841 7.04154 7.0426 7.03239 7.02238 7.01593 7.0144 7.00705 6.96879 6.77731 5.12702 4.1406 3.86615
-9999 -9999 -9999 -9999 -9999 -9999 0.152557 4.13575 7.34544 9.01833 10.3813 10.7565 10.8974 10.3108 9.87227 8.79982 7.78448 6.21771 3.87055 2.42651 5.09324 8.96866 10.4029 10.2983 10.2137 9.44484 8.75243 8.66908 8.72599 7.92238 6.74762 5.20477 4.72521 4.18484 6.05 6.30359 6.16802 8.21848 8.22396 8.10846 7.32545 6.44952 6.61814 6.07696 6.49631 5.85115 6.44979 6.96774 7.16311 7.15014 7.08718 7.08066 7.05169 7.10835 7.10833 7.10009 7.0937 7.0903 7.08278 7.05909 7.04576 7.05469 7.0397 7.02844 7.0174 7.01832 7.01543 6.98745 6.96221 6.70981 6.32948 5.60397
-9999 -9999 -9999 -9999 -9999 -9999 0.333025 3.68725 6.52881 8.23587 9.87468 10.2562 10.8099 10.6918 10.2325 9.30059 8.13614 6.84704 4.83372 3.33823 5.12245 7.69694 9.54149 10.2082 10.2085 10.1686 9.99804 9.93556 9.7357 9.59814 8.75263 7.29631 6.47311 5.26738 7.34593 7.57974 7.25533 8.2929 8.24161 6.67443 5.46993 5.32114 6.05898 5.36148 5.24142 4.80815 5.30306 6.62496 6.24215 6.32096 6.92453 7.02499 7.09 7.10812 7.10482 7.10261 7.09293 7.09482 7.0966 7.07344 7.06291 7.05798 7.0358 7.03323 7.01852 7.00971 7.00002 6.98564 6.96268 6.89197 6.81575 6.90132
-9999 -9999 -9999 -9999 -9999 -9999 0.409244 2.66372 5.22096 7.73237 9.48228 10.189 10.7038 10.6995 10.1656 9.70298 8.97357 7.83972 7.06278 5.7129 3.85983 6.97384 7.93207 8.79013 9.15811 10.0498 10.0321 9.62926 9.16629 9.60701 9.48164 8.32827 7.94978 7.30953 8.46594 8.46932 8.43785 8.37652 7.05249 5.212 3.7413 4.80188 4.58223 5.07104 3.56761 4.8093 5.80939 6.13562 5.46011 4.95961 6.52041 6.78048 6.93507 7.03437 7.09979 7.08495 7.10145 7.09283 7.08874 7.0842 7.07137 7.06386 7.05103 7.038 7.02667 7.01968 7.00349 6.98489 6.985 6.94697 6.93321 6.92219
-9999 -9999 -9999 -9999 -9999 -9999 -9999 1.34406 4.58654 7.47961 9.0909 10.1046 10.5989 10.5911 10.3187 10.0049 9.55323 8.73579 7.70883 6.08518 4.88083 5.65017 6.58958 6.70137 7.32693 9.13388 9.75347 8.88377 6.73286 8.01127 9.43416 9.41266 9.29271 9.15816 8.98538 8.82966 8.48804 7.5719 4.76396 4.21228 3.11168 3.23832 2.67472 3.91173 3.45309 4.72365 5.27564 5.4855 4.31518 4.56953 5.95029 6.49724 6.40804 6.74394 7.06344 7.07488 7.08488 7.07737 7.08497 7.08823 7.08367 7.07129 7.06174 7.05511 7.03151 7.03711 6.93428 6.86808 6.73218 6.90409 6.92194 6.93498
-9999 -9999 -9999 -9999 -9999 -9999 -9999 0.705708 3.93966 7.34636 8.44136 9.53413 10.4773 10.497 10.0801 9.68384 9.2758 8.81125 7.56513 6.3571 5.20415 4.81912 5.05497 5.04427 6.05362 8.40623 8.86429 8.6733 6.42885 5.66775 7.56786 9.1648 9.29168 9.14811 7.27153 7.67235 6.6604 5.28767 4.91067 4.31062 3.0414 3.65448 2.72548 3.12628 3.02317 3.74533 4.0986 4.95718 3.93736 3.94842 5.30429 5.98829 6.00687 6.72439 6.98098 7.04906 7.067 7.08015 7.08433 7.09675 7.09139 7.0822 7.06971 7.03708 6.95724 6.70933 5.35431 5.35783 5.73251 6.08717 6.73311 6.91629
-9999 -9999 -9999 -9999 -9999 -9999 -9999 1.08274 3.32762 6.35068 8.59028 8.73261 9.82205 10.3851 9.9318 9.42135 8.8992 8.67206 7.31564 5.82568 4.62249 3.19803 3.43587 4.46338 6.14674 7.66722 7.94142 7.63046 6.43248 7.0052 8.30149 8.99037 9.19435 9.03589 8.628 8.39271 7.64783 7.32561 6.29083 4.67235 4.03573 4.44126 2.72334 2.84524 3.48292 2.81127 3.92697 4.46202 3.14426 4.20118 5.39922 6.01247 6.54873 6.80329 6.90554 7.06154 7.06688 7.08113 7.08945 7.08847 7.08971 7.066 7.04666 6.90386 6.69258 5.42759 4.90505 5.01034 5.5976 6.11203 6.65423 6.87518
-9999 -9999 -9999 -9999 -9999 -9999 -9999 1.46837 3.48976 6.11127 7.70866 7.99589 9.20397 10.2783 10.16 9.62893 9.46838 8.91813 7.76796 6.4975 5.10882 4.435 2.88289 4.41602 5.63415 6.92187 7.52562 6.54382 6.04714 6.93178 7.8111 8.1631 9.05088 9.04365 8.75586 7.51134 6.90505 7.16291 6.90315 6.44744 5.3339 5.28571 4.5711 4.27613 3.9977 3.09097 3.67358 3.73371 3.89566 5.16014 5.78448 6.19895 6.57598 6.67606 6.84074 7.05394 7.07392 7.08282 7.08314 7.08837 7.07407 7.01513 6.96568 6.67691 6.16466 5.2076 3.65954 4.75632 5.90312 6.24825 6.5853 6.75949
-9999 -9999 -9999 -9999 -9999 -9999 -9999 1.12804 3.2752 5.51604 6.45404 6.61483 8.8 10.1386 10.1425 9.89161 9.59834 8.23639 8.3183 8.04752 6.79484 4.9693 2.96422 3.15476 4.35576 6.05705 6.62089 4.99031 4.41199 4.84037 6.16904 7.35844 8.60018 8.91645 8.55367 6.61585 4.55647 5.51334 6.53573 6.53138 6.23317 5.20066 4.87389 4.57831 3.82561 2.55142 2.74084 3.09802 4.53582 4.98941 5.68911 6.27045 6.05353 6.18291 6.73888 7.05845 7.07181 7.0788 7.09056 7.08453 7.06681 6.94812 6.82237 6.61045 5.27259 4.44121 3.23288 4.64602 5.42822 5.85024 6.59488 6.77339
-9999 -9999 -9999 -9999 -9999 -9999 -9999 0.467967 2.02683 4.16879 5.03326 6.41072 8.47589 9.49246 9.9806 9.97153 9.77659 9.16761 8.80219 8.08048 6.77704 4.99413 3.01209 1.72249 2.38103 4.6714 5.2175 3.71055 2.94219 3.90259 5.31835 7.41389 8.61167 8.77442 8.66735 8.26865 6.76543 4.94904 4.95648 5.86943 5.10809 4.22304 4.7122 4.62359 3.88037 3.34027 3.01309 3.22426 4.04525 4.38366 5.19168 6.38334 6.55543 6.52324 7.02574 7.05225 7.06534 7.08558 7.08627 7.08294 7.06916 6.97261 6.75476 5.86467 5.08867 4.00859 3.87623 5.13655 5.68906 6.20396 6.56991 6.69
-9999 -9999 -9999 -9999 -9999 -9999 -9999 -0.671128 1.16252 3.16927 5.04824 6.82589 8.35598 8.47588 9.28354 9.28414 9.70798 9.58856 9.02403 8.41627 7.29325 5.00214 3.07589 0.975004 1.53096 3.86409 4.18162 3.16861 1.29581 3.23234 5.36775 7.30316 8.35137 7.53163 8.37401 8.30603 7.74349 6.66267 4.98156 5.0147 3.75532 3.70195 4.35102 4.56283 4.45668 4.05169 3.40536 3.52212 4.02312 4.15078 4.89349 5.81833 6.72246 6.87571 7.04939 7.05827 7.0625 7.07793 7.08106 7.06355 7.01865 6.91761 6.17161 5.2842 4.73804 3.9859 3.89584 5.34676 5.92955 6.25464 6.57099 6.69662
-9999 -9999 -9999 -9999 -9999 -9999 -9999 -9999 0.979049 3.05223 4.5868 5.00158 6.3619 7.09719 7.66644 7.79379 9.4148 9.50544 9.14791 8.58954 7.63171 5.89329 4.68246 2.66711 1.21891 1.82131 2.1089 2.64279 2.48688 3.35109 5.40302 7.54072 7.77484 6.41854 6.62056 6.9056 7.54317 7.22141 4.93028 3.76689 2.8015 3.48965 4.21358 4.38998 4.42665 4.289 4.13384 3.86455 4.83269 5.5495 5.71703 6.34215 6.80406 6.93277 7.03008 7.04341 7.05689 7.05848 7.03305 7.01495 6.90076 6.64323 5.8086 3.7996 3.89476 3.67862 3.05459 4.4717 5.37202 6.17165 6.59713 6.70789
-9999 -9999 -9999 -9999 -9999 -9999 -9999 -9999 0.294016 2.69247 3.20104 3.16576 2.37466 2.74169 5.68391 6.27751 7.83203 9.30393 9.19704 8.64902 7.75267 6.71756 5.11442 2.8474 1.04632 0.297654 2.23936 4.14695 4.5412 5.15025 6.40789 6.64764 5.26139 3.96146 4.69276 5.13364 6.81084 7.11779 6.79306 5.41307 3.83514 3.01213 3.9866 4.11814 4.17809 4.19127 4.16537 4.13311 5.22606 5.83072 6.25066 6.48006 6.87693 6.97969 7.01364 7.04563 7.03997 7.02101 6.95997 6.89033 6.5791 6.20205 4.83408 3.69379 2.98322 2.08092 4.11862 4.72592 5.56936 6.11384 6.53708 6.63079
