Test_Spring_2018b/11_17/Temp/20171108_022.txt
ncols	170
nrows	115
xllcorner	350000.000000
yllcorner	4445000.000000
cellsize	1000.000000
nodata_value	-9999.000000
[rows 32 to 63 of 115, columns 72 to 143 of 170]
11.5141 11.1137 11.7333 12.304 11.9713 11.7484 12.6928 12.6938 12.3748 11.6245 11.3494 11.0639 10.8889 9.92547 7.2223 4.78535 6.09072 6.12149 5.21858 6.83764 5.98271 3.75225 0.603585 2.31648 1.8722 -0.35189 -0.90563 -9999 -9999 -9999 -9999 -9999 -9999 -9999 -9999 -9999 -9999 -9999 -9999 -9999 -9999 -9999 -9999 -9999 -9999 -9999 -9999 -9999 -9999 -9999 -9999 -9999 -9999 -9999 -9999 -9999 -9999 -9999 -9999 -9999 -9999 -9999 -9999 -9999 -9999 -9999 -9999 -9999 -9999 -9999 -9999 -9999
10.9757 10.8039 11.7245 11.7058 11.659 12.0031 12.5925 12.7094 12.5855 12.2586 11.9755 11.6741 10.9089 9.80673 7.49329 4.71951 4.09023 5.44749 5.51255 5.73081 4.95163 3.97305 2.4421 3.69721 4.18531 2.71764 0.801515 -0.425247 -9999 -9999 -9999 -9999 -9999 -9999 -9999 -9999 -9999 -9999 -9999 -9999 -9999 -9999 -9999 -9999 -9999 -9999 -9999 -9999 -9999 -9999 -9999 -9999 -9999 -9999 -9999 -9999 -9999 -9999 -9999 -9999 -9999 -9999 -9999 -9999 -9999 -9999 -9999 -9999 -9999 -9999 -9999 -9999
10.3337 9.4416 9.99664 10.4137 11.2015 11.4147 11.5314 12.6299 12.5726 12.5224 12.0542 11.6797 11.0588 9.99809 8.48782 6.66939 3.50333 5.45524 6.98372 6.94464 6.86114 6.17562 4.70472 5.9365 5.99512 4.11677 1.99953 0.743874 0.224269 -9999 -9999 -9999 -9999 -9999 -9999 -9999 -9999 -9999 -9999 -9999 -9999 -9999 -9999 -9999 -9999 -9999 -9999 -9999 -9999 -9999 -9999 -9999 -9999 -9999 -9999 -9999 -9999 -9999 -9999 -9999 -9999 -9999 -9999 -9999 -9999 -9999 -9999 -9999 -9999 -9999 -9999 -9999
9.60411 8.51436 9.07286 9.81812 10.877 11.4362 11.857 12.1862 12.5218 12.483 12.0038 10.5874 10.3852 10.3238 9.33591 7.26278 5.19236 4.65584 6.98752 7.65491 7.51903 8.04001 6.79399 7.38364 7.14281 6.47598 4.43015 2.56659 1.79188 0.261216 -9999 -9999 -9999 -9999 -9999 -9999 -9999 -9999 -9999 -9999 -9999 -9999 -9999 -9999 -9999 -9999 -9999 -9999 -9999 -9999 -9999 -9999 -9999 -9999 -9999 -9999 -9999 -9999 -9999 -9999 -9999 -9999 -9999 -9999 -9999 -9999 -9999 -9999 -9999 -9999 -9999 -9999
-9999 -9999 7.82649 8.84808 9.69362 10.7311 11.6239 12.0695 12.5021 12.4681 11.5099 11.0412 11.0003 10.353 9.21247 8.49648 7.19271 5.83438 6.35285 8.34125 7.45673 8.86573 8.74684 9.00619 8.06499 6.28475 3.90076 2.51783 1.82464 0.584086 -9999 -9999 -9999 -9999 -9999 -9999 -9999 -9999 -9999 -9999 -9999 -9999 -9999 -9999 -9999 -9999 -9999 -9999 -9999 -9999 -9999 -9999 -9999 -9999 -9999 -9999 -9999 -9999 -9999 -9999 -9999 -9999 -9999 -9999 -9999 -9999 -9999 -9999 -9999 -9999 -9999 -9999
-9999 -9999 -9999 8.65958 9.30532 10.6805 11.4052 11.695 12.3924 12.3948 12.0322 11.7583 11.3604 10.8404 9.98308 9.03713 7.81077 7.69685 8.96851 8.98399 8.71817 8.92713 9.58094 9.40906 7.94861 5.44104 4.11173 1.41636 0.258687 0.376569 -0.444552 -9999 -9999 -9999 -9999 -9999 -9999 -9999 -9999 -9999 -9999 -9999 -9999 2.65665 -9999 -9999 -9999 -9999 -9999 -9999 -9999 -9999 -9999 -9999 -9999 -9999 -9999 -9999 -9999 -9999 -9999 -9999 -9999 -9999 -2.4234 -9999 -9999 -9999 -9999 -9999 -9999 -9999
-9999 -9999 8.52483 9.3935 10.0634 10.9264 11.0202 11.5393 12.3412 12.3539 12.0969 11.8061 11.1517 10.9892 10.5008 9.47368 9.26302 9.67851 9.86968 10.0866 10.2203 10.1119 9.84749 9.50588 8.56977 7.40325 6.62045 4.15116 2.91051 1.71571 -0.0926201 -1.50769 -9999 -9999 -9999 -9999 -9999 -9999 -9999 1.7291 1.6579 1.68553 2.07712 3.16635 2.51751 -9999 -9999 -9999 -9999 -9999 -9999 -9999 -9999 -9999 -9999 -9999 -9999 -9999 -9999 -9999 -9999 -9999 -9999 -9999 -1.43913 -2.86987 -9999 -9999 -9999 -9999 -9999 -9999
-9999 -9999 8.76254 9.66743 10.1208 10.9596 11.4406 11.7687 12.0479 12.3143 12.2704 11.9486 11.4584 11.4611 10.7851 10.4202 10.1593 10.7214 10.832 10.6059 10.3225 10.0723 9.36447 9.28319 9.05604 8.316 7.1008 5.8485 4.04574 1.59156 -0.815455 -2.75733 -9999 -9999 -9999 -9999 -9999 -9999 1.93533 2.84088 3.38144 2.21868 3.20298 4.10175 3.9513 3.05898 -9999 -9999 -9999 -9999 -9999 -9999 -9999 -9999 -9999 -9999 -9999 -9999 -9999 -9999 5.33031 3.86545 0.911595 -0.605822 -1.51926 -2.82104 -9999 -9999 -9999 -9999 -9999 -9999
-9999 -9999 8.57904 9.64792 10.3732 11.0174 11.1232 11.7884 12.0831 12.2269 12.211 12.1474 12.0569 11.4669 11.2125 10.3205 11.1719 11.1386 10.9222 10.0677 9.69745 8.23141 7.58676 7.44614 8.68004 7.7696 5.86771 3.48986 0.640029 0.451946 -0.493924 -2.22937 -9999 -9999 -9999 -9999 -9999 -9999 2.21612 3.18481 3.9922 4.10556 2.94901 4.55005 4.47398 3.56717 3.35511 4.08403 4.44949 4.16407 5.03155 5.28175 4.87757 5.30663 -9999 -9999 -9999 -9999 5.53878 5.59288 5.63235 5.01891 1.79254 -0.413427 -2.39566 -2.59471 -9999 -9999 -9999 -9999 -9999 -9999
-9999 -9999 9.31207 9.97212 10.3081 10.366 10.945 11.5277 11.8894 12.148 12.0969 12.0761 12.0535 11.8511 11.3816 11.4645 11.4252 11.1506 9.52385 7.62558 8.45235 7.32782 4.92213 6.88059 7.95812 6.92669 4.62214 1.94966 1.08288 1.11785 -0.197254 -1.8923 -9999 -9999 -9999 -0.436276 0.953962 1.07242 1.47964 2.7727 3.7548 4.49591 4.99658 4.97647 4.42617 3.53843 2.57393 2.90588 4.61667 5.02737 5.36879 5.62806 5.25214 5.43322 5.88733 6.11973 6.16307 6.05025 6.02092 6.05376 5.99387 5.42105 2.53916 0.884029 -0.175019 -2.31442 -9999 -9999 -9999 -9999 -9999 -9999
-9999 -9999 8.89668 9.47154 9.93809 10.7084 10.7938 11.2831 11.5786 12.0134 12.0627 11.5618 11.9755 11.9211 11.8423 11.6763 11.4339 10.06 8.16716 6.27005 5.3942 5.77142 4.32167 5.06587 6.15776 5.76419 4.34916 1.96865 1.6344 1.0877 -1.1253 -3.25441 -9999 -9999 -3.13492 -0.464807 1.41424 2.38182 2.67895 2.70364 3.94191 4.03396 5.36613 5.04784 3.26227 3.4527 2.75702 3.19384 3.80812 3.9725 4.87121 5.73318 5.89121 5.88895 6.17618 6.23139 6.24234 6.2304 6.02765 6.11401 6.12314 5.76406 3.67089 2.64641 1.51102 -2.29163 -9999 -9999 -9999 -9999 -9999 -9999
-9999 -9999 9.1846 9.82703 10.5302 10.648 11.1699 11.1208 10.9813 11.7053 11.9741 11.6205 11.3653 11.8334 11.7992 11.7349 11.6302 10.3387 8.84476 6.58431 5.17989 4.32492 3.71617 2.90001 3.46129 3.29145 3.06354 3.32955 2.67978 1.38014 0.0861192 -2.33828 -3.64898 -9999 -2.98994 -1.78573 0.449513 2.34804 3.5514 3.11294 4.52133 4.77758 5.58806 5.10195 4.01153 3.53307 3.48257 3.3322 4.27535 4.90789 5.35113 5.64528 6.01221 6.10182 6.19259 6.22801 6.24559 6.2637 6.25484 6.24313 6.19627 6.05807 5.09241 4.06439 1.86093 -2.16764 -9999 -9999 -9999 -9999 -9999 -9999
-9999 7.31255 9.10763 10.1824 10.6017 10.9058 11.1741 11.3693 11.5769 11.7671 11.8979 11.8457 10.9081 10.9832 11.1496 11.6791 11.6388 11.52 10.7022 7.95178 7.00349 5.61434 3.81712 3.06525 3.44232 4.91808 4.85451 3.88095 2.79578 1.29891 0.346344 -1.13893 -3.99274 -3.73631 -2.45201 -1.49723 0.0212393 2.34252 3.96798 4.69027 4.95926 5.52687 5.81754 5.14622 4.50561 4.23302 3.73658 3.65832 3.65275 4.21916 4.65912 5.65044 5.97926 6.12493 6.19824 6.23603 6.26281 6.28936 6.29619 6.27309 6.26968 6.25672 6.17618 4.81629 1.41715 -1.14811 -9999 -9999 -9999 -9999 -9999 -9999
-9999 -9999 8.77403 9.25007 9.37883 9.59981 10.0462 10.5596 11.2878 11.3835 11.7826 11.782 10.9758 10.0418 10.8519 11.172 11.5038 11.5114 11.4042 9.0931 7.88397 6.93262 5.20944 5.83112 6.42361 6.47068 6.11683 4.02702 1.94582 -0.450366 -2.69336 -2.79918 -4.00478 -3.36627 -2.51793 -0.339882 1.19165 1.81047 2.25308 4.61087 5.22047 5.41966 6.01593 5.18184 4.9569 4.32665 4.5007 4.43653 4.43062 2.7045 4.41851 4.5128 5.62845 6.12749 6.23579 6.26297 6.2927 6.2948 6.29803 6.28927 6.29642 6.27169 6.24151 5.35381 1.05319 -1.11801 -9999 -9999 -9999 -9999 -9999 -9999
-9999 -9999 -9999 -9999 8.93238 9.29717 9.53286 9.93622 11.1638 11.4957 11.7163 11.7361 11.3762 10.4528 10.2075 10.374 9.47058 10.2213 11.2506 11.2235 11.0978 9.067 8.02782 9.03504 8.73114 7.20684 6.00815 4.82543 2.38868 0.609548 -1.961 -3.89113 -3.96263 -1.82985 -0.0589499 2.14517 3.11609 2.55904 3.15481 4.32125 5.64722 6.28367 6.12268 5.24346 5.10536 4.13865 5.06761 5.13787 4.69127 4.3046 4.44627 4.9939 5.19911 6.07149 6.27937 6.3126 6.31618 6.31687 6.31008 6.30164 6.28278 6.26687 6.24673 6.19821 1.77742 -1.67113 -9999 -9999 -9999 -9999 -9999 -9999
-9999 -9999 -9999 -9999 8.08327 8.30801 8.88846 10.3694 11.149 11.4644 11.4562 11.6018 11.348 10.5348 9.6993 8.91031 7.89359 8.47115 10.0034 10.9066 11.0087 9.22848 10.1547 9.8092 9.12742 7.13327 5.66478 4.88799 2.54899 0.550643 -1.15848 -3.51973 -2.50728 -1.39313 0.0368288 2.44194 4.06323 4.72658 4.16205 4.90623 6.43286 6.43303 5.58482 5.62954 5.10194 3.78449 5.13387 5.50628 5.18799 5.25891 5.13509 5.33426 5.70427 6.05896 6.29391 6.32247 6.32284 6.31217 6.3088 6.3045 6.28197 6.27648 6.25612 6.22456 3.36734 -1.73808 -9999 -9999 -9999 -9999 -9999 -9999
-9999 -9999 -9999 -9999 -9999 7.31683 8.6338 10.598 11.0909 11.0499 11.4567 11.4929 11.1033 10.7641 9.75004 8.36461 5.70555 6.37988 7.79017 9.82525 10.8948 10.7505 10.1548 9.12172 6.62088 4.4331 4.17014 3.81499 2.10907 0.571931 -1.32836 -0.223457 0.986095 2.30847 3.00281 2.82151 4.21048 5.34117 4.85475 5.7689 6.83513 6.33967 6.04232 5.79068 5.18338 5.13672 5.18769 5.94981 5.40573 5.72521 5.72481 5.69904 5.87588 6.08141 6.29852 6.33112 6.32841 6.32916 6.30002 6.30463 6.28628 6.26687 6.24732 6.21879 5.95101 3.19296 1.54296 -9999 -9999 -9999 -9999 -9999
-9999 -9999 -9999 -9999 -9999 6.10547 6.76503 9.09007 9.81305 10.8413 11.3878 11.414 10.7563 10.3888 8.87888 8.3872 5.9272 4.8129 5.75515 5.39239 8.19586 10.6773 10.137 5.12931 3.31702 2.02552 2.36093 2.3675 1.89531 -0.726872 -1.44905 0.908336 2.393 3.54296 4.41462 4.59489 4.56283 6.3333 6.56422 7.13426 7.00137 7.04616 6.14111 5.5769 6.04426 5.47496 5.36901 6.1568 5.36155 6.06357 5.97122 5.75087 5.73372 6.19685 6.2874 6.33374 6.33287 6.31179 6.28477 6.26666 6.27616 6.26221 6.22819 6.22039 6.18488 5.84152 4.41133 3.90389 4.44187 -9999 -9999 -9999
-9999 -9999 -9999 -9999 -9999 -9999 4.59949 7.8284 9.30772 10.0847 11.1765 11.309 10.96 10.3246 8.78646 7.43308 5.23387 2.72255 1.39357 5.36948 8.83043 10.6373 10.3995 6.23119 4.58751 4.51365 5.48575 4.67129 4.05463 2.06385 1.46933 0.641517 1.15495 2.7579 4.06435 5.32536 6.24052 6.3117 6.90178 7.23792 7.25839 7.35692 7.24231 7.14658 6.26564 6.85215 6.33533 6.59449 6.41229 6.24768 6.10509 5.60384 5.94742 6.25191 6.32746 6.34555 6.32422 6.31685 6.30005 6.26643 6.2471 6.23812 6.22712 6.20219 6.19205 6.15946 5.98903 5.12414 3.97037 2.51609 -9999 -9999
-9999 -9999 -9999 -9999 -9999 -9999 2.98655 6.19928 7.7514 9.74424 10.7721 11.1879 11.1328 10.6178 9.44882 7.68962 6.22352 3.42052 0.510309 4.68347 8.40459 10.4115 10.5187 7.01466 7.98784 7.20503 7.52455 6.09032 5.49658 5.03236 4.00295 2.87663 1.64447 0.9892 3.92616 5.43316 6.64432 7.21271 7.5309 7.68575 7.5935 7.36381 6.05054 7.03521 6.96551 6.8562 6.73271 6.66831 6.55653 6.42713 6.34761 6.31556 5.98152 6.34581 6.33019 6.33225 6.33098 6.31786 6.29529 6.27419 6.24826 6.24124 6.21973 6.19794 6.17936 6.15774 6.13605 6.07803 5.84042 3.89155 2.72226 2.38197
-9999 -9999 -9999 -9999 -9999 -9999 -1.52424 3.14724 6.90724 8.86848 10.4638 10.9024 11.0657 10.3752 9.85794 8.5965 7.40164 5.5594 2.80124 1.10254 4.2278 8.77059 10.4504 10.3192 10.2159 9.31019 8.49458 8.39403 8.45848 7.51404 6.13023 4.31909 3.75005 3.1155 5.30276 5.59817 5.43575 7.83682 7.83696 7.69367 6.7658 5.73021 5.91676 5.26959 5.74148 4.97127 5.6606 6.25563 6.47272 6.44611 6.35821 6.33724 6.29584 6.35063 6.34599 6.33226 6.32089 6.31284 6.29945 6.26628 6.24427 6.24728 6.21954 6.19636 6.17204 6.15337 6.1374 6.09197 6.04995 5.74183 5.28421 4.41467
-9999 -9999 -9999 -9999 -9999 -9999 -1.32396 2.60892 5.94132 7.93989 9.86111 10.3069 10.9546 10.8138 10.2722 9.17559 7.8058 6.28942 3.92302 2.16402 4.25312 7.27036 9.43047 10.2038 10.2018 10.1514 9.94802 9.86649 9.62998 9.4672 8.47387 6.7567 5.79013 4.37444 6.81164 7.08349 6.69926 7.91176 7.84534 5.99895 4.57684 4.39235 5.25002 4.42004 4.25877 3.73859 4.3069 5.84589 5.38033 5.46205 6.15637 6.26589 6.32742 6.34307 6.33432 6.32731 6.31166 6.30941 6.30653 6.27367 6.25473 6.24138 6.2068 6.19199 6.16409 6.13355 6.11045 6.08157 6.04285 5.94849 5.84132 5.92329
-9999 -9999 -9999 -9999 -9999 -9999 -1.24809 1.40008 4.39874 7.34062 9.39202 10.2193 10.8212 10.8138 10.1846 9.63867 8.77937 7.44519 6.52955 4.94151 2.76301 6.41254 7.53363 8.5314 8.9529 9.99552 9.97168 9.49641 8.95323 9.46855 9.31109 7.95667 7.51138 6.75867 8.11346 8.11458 8.07381 7.99685 6.43715 4.27029 2.53622 3.77118 3.50324 4.06869 2.28471 3.72495 4.88596 5.25678 4.45546 3.85798 5.67553 5.96323 6.13797 6.24867 6.32024 6.29802 6.31267 6.29766 6.28753 6.27621 6.25438 6.23795 6.21441 6.18987 6.16348 6.13522 6.1045 6.06362 6.05204 5.99845 5.97221 5.94058
-9999 -9999 -9999 -9999 -9999 -9999 -9999 -0.162677 3.63692 7.02974 8.91863 10.1062 10.6843 10.6728 10.3504 9.97925 9.44573 8.48271 7.27356 5.36412 3.94658 4.84487 5.94346 6.06544 6.79539 8.91194 9.63579 8.61268 6.08654 7.57442 9.24235 9.21567 9.0734 8.91368 8.71021 8.52429 8.11939 7.0394 3.73866 3.08215 1.78239 1.92168 1.25036 2.69397 2.13565 3.6146 4.25062 4.4856 3.10175 3.38489 4.98495 5.61913 5.50781 5.89603 6.26878 6.277 6.2836 6.26949 6.27273 6.27032 6.25805 6.23173 6.21171 6.19441 6.15254 6.13864 6.00645 5.91737 5.74687 5.93805 5.94916 5.93464
-9999 -9999 -9999 -9999 -9999 -9999 -9999 -0.923606 2.86876 6.86391 8.1467 9.42682 10.5312 10.5518 10.0599 9.59187 9.10963 8.56079 7.09467 5.67309 4.31609 3.86016 4.13287 4.11168 5.29209 8.04892 8.58323 8.35636 5.70909 4.81382 7.04123 8.913 9.05982 8.88901 6.68435 7.15114 5.95949 4.34362 3.8951 3.18392 1.68672 2.39727 1.29782 1.75818 1.62035 2.45659 2.86015 3.85692 2.6502 2.64797 4.218 5.01297 5.02794 5.86362 6.15893 6.23329 6.24883 6.25855 6.25734 6.26525 6.25168 6.23294 6.20968 6.16221 6.05887 5.75296 4.14239 4.13577 4.56495 4.97109 5.70736 5.90333
-9999 -9999 -9999 -9999 -9999 -9999 -9999 -0.490297 2.14123 5.68591 8.31136 8.476 9.75178 10.4097 9.875 9.27292 8.65684 8.38666 6.79129 5.03912 3.6234 1.94812 2.22337 3.42536 5.3917 7.17225 7.49083 7.1231 5.70258 6.37197 7.89049 8.69635 8.93315 8.74443 8.26261 7.98273 7.10426 6.72091 5.50071 3.59483 2.84023 3.30773 1.2832 1.41692 2.15555 1.35029 2.64903 3.26675 1.71092 2.92249 4.31984 5.03175 5.65395 5.94614 6.06001 6.23714 6.23751 6.24818 6.25158 6.24362 6.23776 6.20209 6.17101 5.9946 5.73746 4.24369 3.60468 3.71807 4.39721 4.99128 5.59363 5.84518
-9999 -9999 -9999 -9999 -9999 -9999 -9999 -0.0471319 2.32183 5.39501 7.26661 7.60096 9.01569 10.2734 10.1316 9.50522 9.31345 8.66426 7.31106 5.81664 4.18349 3.38917 1.56443 3.35983 4.78033 6.28787 6.99311 5.82535 5.23951 6.27459 7.3035 7.71369 8.75239 8.74071 8.39945 6.93518 6.21916 6.51641 6.20565 5.6643 4.35046 4.28602 3.43917 3.0843 2.74857 1.66795 2.34172 2.40265 2.56971 4.03758 4.76184 5.24042 5.6756 5.78628 5.97307 6.21696 6.23419 6.2383 6.23211 6.23134 6.20726 6.13037 6.0642 5.71683 5.10693 3.97491 2.13245 3.40968 4.7458 5.12905 5.5023 5.69905
-9999 -9999 -9999 -9999 -9999 -9999 -9999 -0.455948 2.06023 4.6864 5.78399 5.96967 8.53059 10.0981 10.0996 9.80194 9.45447 7.853 7.94557 7.62429 6.15093 4.00549 1.64947 1.86974 3.27066 5.26305 5.92148 3.99173 3.30994 3.80942 5.36526 6.75764 8.2113 8.57886 8.14934 5.87138 3.45031 4.56771 5.76141 5.74985 5.39294 4.17394 3.78255 3.4274 2.53564 1.02308 1.23708 1.64688 3.30335 3.82678 4.63945 5.31371 5.05181 5.19659 5.84219 6.21059 6.21978 6.22144 6.22853 6.21449 6.18644 6.03958 5.88411 5.62721 4.04895 3.06475 1.6281 3.2696 4.17831 4.63708 5.50274 5.70458
-9999 -9999 -9999 -9999 -9999 -9999 -9999 -1.2401 0.585453 3.09526 4.10621 5.71912 8.13896 9.32847 9.89793 9.88398 9.65191 8.93401 8.50188 7.6517 6.119 4.02379 1.69501 0.178759 0.948422 3.62695 4.2529 2.47929 1.57438 2.6979 4.35566 6.81097 8.21277 8.39993 8.27021 7.79797 6.02936 3.89284 3.89578 4.96068 4.0606 3.01492 3.5812 3.46922 2.58889 1.9467 1.54612 1.77042 2.71695 3.10527 4.04495 5.43516 5.62947 5.58444 6.16703 6.19133 6.19997 6.217 6.21102 6.20015 6.1768 6.05608 5.79277 4.74043 3.82171 2.54602 2.38216 3.83422 4.46051 5.04096 5.46236 5.59562
-9999 -9999 -9999 -9999 -9999 -9999 -9999 -2.58644 -0.438851 1.91192 4.11286 6.195 7.98674 8.12395 9.06818 9.06552 9.55951 9.41611 8.75052 8.03424 6.71345 4.02218 1.75905 -0.70891 -0.0594941 2.67029 3.02468 1.83263 -0.368244 1.90043 4.4024 6.6696 7.89568 6.92985 7.91398 7.82966 7.16472 5.89128 3.91308 3.94583 2.46158 2.39194 3.14608 3.38681 3.25418 2.77068 1.99546 2.10918 2.68007 2.82102 3.68394 4.76088 5.81388 5.98617 6.1827 6.18609 6.18417 6.19546 6.1923 6.16483 6.10508 5.97927 5.09648 4.04754 3.39876 2.50809 2.39408 4.07826 4.73151 5.08917 5.45237 5.59205
-9999 -9999 -9999 -9999 -9999 -9999 -9999 -9999 -0.664451 1.76387 3.56034 4.04306 5.63533 6.49437 7.15873 7.30474 9.20341 9.3066 8.88404 8.22593 7.09919 5.05663 3.63316 1.26573 -0.436221 0.252431 0.582065 1.20502 1.01856 2.02896 4.43284 6.93723 7.20796 5.61243 5.8451 6.17491 6.91805 6.53526 3.8414 2.47035 1.33119 2.13174 2.97386 3.17318 3.2082 3.03842 2.82621 2.49225 3.61898 4.45102 4.63886 5.36389 5.89775 6.041 6.1477 6.15612 6.16493 6.15992 6.12326 6.09519 5.9543 5.64507 4.65852 2.29382 2.39773 2.13614 1.39576 3.03609 4.05049 4.98052 5.47169 5.5938
-9999 -9999 -9999 -9999 -9999 -9999 -9999 -9999 -1.47865 1.3309 1.92315 1.87745 0.945114 1.37185 4.82033 5.51335 7.33406 9.05802 8.92972 8.28398 7.22963 6.01254 4.129 1.46649 -0.649344 -1.54446 0.726863 2.95947 3.41851 4.12946 5.6013 5.87869 4.2481 2.71863 3.57224 4.08488 6.04785 6.40277 6.01621 4.39109 2.53333 1.56089 2.69704 2.84374 2.90607 2.91318 2.85939 2.79823 4.06959 4.76978 5.25348 5.5139 5.97116 6.0837 6.11585 6.14601 6.13227 6.10314 6.02477 5.93636 5.56447 5.11522 3.50312 2.15792 1.31663 0.250099 2.63287 3.32308 4.28174 4.90149 5.38989 5.49181
