Test_Spring_2018b/11_17/Temp/20171122_000.txt
ncols	170
nrows	115
xllcorner	350000.000000
yllcorner	4445000.000000
cellsize	1000.000000
nodata_value	-9999.000000
[rows 31 to 61 of 115, columns 70 to 139 of 170]
6.25717 6.98414 7.2477 6.7318 6.77708 8.01786 8.2897 8.26834 8.17816 8.05904 7.47494 7.2772 6.81583 6.00574 5.66383 4.22555 -0.415678 0.893056 1.40288 0.0554852 0.803753 2.02381 0.95949 -2.19695 -3.55533 -5.74323 -5.03103 -5.66743 -7.42634 -9999 -9999 -9999 -9999 -9999 -9999 -9999 -9999 -9999 -9999 -9999 -9999 -9999 -9999 -9999 -9999 -9999 -9999 -9999 -9999 -9999 -9999 -9999 -9999 -9999 -9999 -9999 -9999 -9999 -9999 -9999 -9999 -9999 -9999 -9999 -9999 -9999 -9999 -9999 -9999 -9999
6.38583 6.71463 6.67697 6.17975 6.93283 7.62608 7.22288 6.95671 8.10603 8.10285 7.7076 6.78347 6.44189 6.08766 5.8689 4.68384 1.36663 -1.62395 -0.0271035 0.00793121 -1.10091 0.882082 -0.16671 -2.90088 -6.7599 -4.65943 -5.20261 -7.89918 -8.56712 -9999 -9999 -9999 -9999 -9999 -9999 -9999 -9999 -9999 -9999 -9999 -9999 -9999 -9999 -9999 -9999 -9999 -9999 -9999 -9999 -9999 -9999 -9999 -9999 -9999 -9999 -9999 -9999 -9999 -9999 -9999 -9999 -9999 -9999 -9999 -9999 -9999 -9999 -9999 -9999 -9999
5.44796 6.2781 6.01447 5.7973 6.91931 6.89011 6.84069 7.26626 7.98037 8.11931 7.96308 7.55794 7.20653 6.83282 5.89063 4.53568 1.69623 -1.70713 -2.48154 -0.820532 -0.742866 -0.476856 -1.43282 -2.63258 -4.50884 -2.96964 -2.37016 -4.14929 -6.47731 -7.96928 -9999 -9999 -9999 -9999 -9999 -9999 -9999 -9999 -9999 -9999 -9999 -9999 -9999 -9999 -9999 -9999 -9999 -9999 -9999 -9999 -9999 -9999 -9999 -9999 -9999 -9999 -9999 -9999 -9999 -9999 -9999 -9999 -9999 -9999 -9999 -9999 -9999 -9999 -9999 -9999
4.19103 5.62066 5.22469 4.12464 4.79855 5.30337 6.28848 6.5381 6.67672 8.01879 7.94411 7.87814 7.29985 6.83644 6.07118 4.76697 2.91199 0.679641 -3.20411 -0.814177 1.05729 1.00793 0.904736 0.0642284 -1.73839 -0.227776 -0.15473 -2.42847 -5.00207 -6.5393 -7.17465 -9999 -9999 -9999 -9999 -9999 -9999 -9999 -9999 -9999 -9999 -9999 -9999 -9999 -9999 -9999 -9999 -9999 -9999 -9999 -9999 -9999 -9999 -9999 -9999 -9999 -9999 -9999 -9999 -9999 -9999 -9999 -9999 -9999 -9999 -9999 -9999 -9999 -9999 -9999
-9999 4.70851 4.32712 2.98493 3.66313 4.57029 5.87526 6.5645 7.07254 7.47168 7.87855 7.82637 7.2345 5.4939 5.24167 5.1623 3.94755 1.40298 -1.13783 -1.79798 1.05806 1.87475 1.70748 2.34596 0.819144 1.54285 1.24903 0.444035 -2.03684 -4.30814 -5.2561 -7.13112 -9999 -9999 -9999 -9999 -9999 -9999 -9999 -9999 -9999 -9999 -9999 -9999 -9999 -9999 -9999 -9999 -9999 -9999 -9999 -9999 -9999 -9999 -9999 -9999 -9999 -9999 -9999 -9999 -9999 -9999 -9999 -9999 -9999 -9999 -9999 -9999 -9999 -9999
-9999 -9999 -9999 -9999 2.13213 3.3908 4.41702 5.69685 6.78342 7.32501 7.85069 7.80434 6.62511 6.04596 5.99125 5.19352 3.79158 2.91039 1.30925 -0.358176 0.275461 2.7115 1.62681 3.35402 3.20906 3.52824 2.37631 0.21445 -2.68889 -4.3708 -5.21861 -6.73785 -9999 -9999 -9999 -9999 -9999 -9999 -9999 -9999 -9999 -9999 -9999 -9999 -9999 -9999 -9999 -9999 -9999 -9999 -9999 -9999 -9999 -9999 -9999 -9999 -9999 -9999 -9999 -9999 -9999 -9999 -9999 -9999 -9999 -9999 -9999 -9999 -9999 -9999
-9999 -9999 -9999 -9999 -9999 3.15645 3.93806 5.61845 6.51173 6.8623 7.71229 7.71038 7.26098 6.9203 6.42778 5.78587 4.73081 3.5676 2.06126 1.91915 3.4761 3.49408 3.16804 3.42469 4.22728 4.01839 2.24123 -0.822662 -2.4491 -5.72366 -7.1404 -6.99427 -7.99977 -9999 -9999 -9999 -9999 -9999 -9999 -9999 -9999 -9999 -9999 -9999 -9999 -4.22659 -9999 -9999 -9999 -9999 -9999 -9999 -9999 -9999 -9999 -9999 -9999 -9999 -9999 -9999 -9999 -9999 -9999 -9999 -9999 -9999 -10.4795 -9999 -9999 -9999
-9999 -9999 -9999 -9999 2.98114 4.04799 4.86411 5.9169 6.03906 6.66754 7.64542 7.65584 7.33566 6.97395 6.16659 5.96254 5.35949 4.09652 3.83503 4.34181 4.5745 4.83965 5.00364 4.87176 4.54946 4.13318 3.00565 1.57951 0.623715 -2.38457 -3.89203 -5.35445 -7.56968 -9.30373 -9999 -9999 -9999 -9999 -9999 -9999 -9999 -5.35513 -5.44567 -5.41491 -4.93781 -3.60534 -4.40306 -9999 -9999 -9999 -9999 -9999 -9999 -9999 -9999 -9999 -9999 -9999 -9999 -9999 -9999 -9999 -9999 -9999 -9999 -9999 -9.28047 -11.0366 -9999 -9999
-9999 -9999 -9999 -9999 3.27595 4.38041 4.9313 5.9545 6.53888 6.94474 7.28171 7.60278 7.54345 7.14325 6.53684 6.53486 5.70141 5.24987 4.9267 5.61308 5.74718 5.4695 5.12282 4.81764 3.95251 3.8561 3.5978 2.69537 1.21051 -0.320087 -2.5022 -5.50771 -8.45637 -10.8359 -9999 -9999 -9999 -9999 -9999 -9999 -5.10091 -3.99471 -3.33574 -4.76434 -3.56094 -2.46208 -2.64899 -3.72645 -9999 -9999 -9999 -9999 -9999 -9999 -9999 -9999 -9999 -9999 -9999 -9999 -9999 -9999 -0.979317 -2.7781 -6.40157 -8.264 -9.38586 -10.9836 -9999 -9999
-9999 -9999 -9999 -9999 3.04739 4.3531 5.23752 6.02225 6.14673 6.95313 7.32064 7.49113 7.46551 7.38139 7.26437 6.53538 6.21825 5.12041 6.16026 6.11696 5.85026 4.80278 4.34994 2.5552 1.76829 1.61498 3.13293 2.02276 -0.30269 -3.21184 -6.69066 -6.90515 -8.06236 -10.1885 -9999 -9999 -9999 -9999 -9999 -9999 -4.75831 -3.57514 -2.58949 -2.45423 -3.87515 -1.91564 -1.9942 -3.1077 -3.36962 -2.4783 -2.03274 -2.37077 -1.30165 -0.999895 -1.50069 -0.980516 -9999 -9999 -9999 -9999 -0.723779 -0.661781 -0.617121 -1.37216 -5.3294 -8.03546 -10.467 -10.7079 -9999 -9999
-9999 -9999 -9999 -9999 3.94222 4.74709 5.15446 5.22072 5.92523 6.63066 7.07903 7.39115 7.32191 7.28965 7.25515 7.00065 6.41926 6.51592 6.46379 6.12442 4.12905 1.80226 2.81696 1.44127 -1.49969 0.916497 2.24399 0.98677 -1.83098 -5.10009 -6.1475 -6.08902 -7.69827 -9.77071 -9999 -9999 -9999 -7.99461 -6.29478 -6.15416 -5.65972 -4.07938 -2.87992 -1.97824 -1.36811 -1.38606 -2.05689 -3.14684 -4.33086 -3.92593 -1.8312 -1.33043 -0.893248 -0.580625 -1.04712 -0.830723 -0.280494 -0.00200208 0.0449813 -0.0990243 -0.140131 -0.104363 -0.181549 -0.886766 -4.42158 -6.45215 -7.75169 -10.3678 -9999 -9999
-9999 -9999 -9999 -9999 3.43029 4.13092 4.69847 5.63964 5.7391 6.33311 6.68644 7.22172 7.27493 6.65356 7.15336 7.07955 6.97654 6.76769 6.46629 4.77942 2.45808 0.133062 -0.938624 -0.47049 -2.24237 -1.31466 0.031085 -0.440866 -2.1592 -5.06982 -5.47314 -6.12996 -8.83071 -11.4393 -9999 -9999 -11.2981 -8.02933 -5.73083 -4.54995 -4.19095 -4.16574 -2.65269 -2.54411 -0.914945 -1.29977 -3.48523 -3.25362 -4.10989 -3.5762 -2.82318 -2.6244 -1.51481 -0.455754 -0.268175 -0.277517 0.0677474 0.12864 0.135526 0.114854 -0.139016 -0.0377516 -0.030312 -0.473391 -3.0413 -4.29871 -5.68847 -10.347 -9999 -9999
-9999 -9999 -9999 -9999 3.78203 4.56579 5.42352 5.56324 6.19763 6.13132 5.95144 6.83217 7.16149 6.72006 6.39919 6.9653 6.9164 6.8317 6.69886 5.11294 3.28061 0.510573 -1.20844 -2.25035 -2.99048 -3.96603 -3.26944 -3.46889 -3.73972 -3.40564 -4.19075 -5.77 -7.35221 -10.3152 -11.9221 -9999 -11.1196 -9.64795 -6.91336 -4.59192 -3.12266 -3.66564 -1.94445 -1.63491 -0.638351 -1.23692 -2.57041 -3.15595 -3.21953 -3.40575 -2.25198 -1.48038 -0.929782 -0.574497 -0.124403 -0.0215008 0.0825545 0.118767 0.133405 0.149251 0.132801 0.113756 0.0525738 -0.119644 -1.3053 -2.56435 -5.26572 -10.2007 -9999 -9999
-9999 -9999 -9999 1.479 3.68453 4.99851 5.50858 5.87665 6.20025 6.43348 6.67905 6.9049 7.05784 6.99099 5.83312 5.91684 6.11327 6.75593 6.7017 6.55309 5.54967 2.17937 1.02112 -0.66835 -2.86357 -3.76831 -3.29628 -1.47745 -1.54565 -2.72981 -4.05165 -5.87253 -7.03118 -8.8492 -12.3422 -12.0299 -10.4593 -9.29385 -7.43831 -4.59921 -2.61308 -1.73376 -1.40955 -0.713237 -0.360324 -1.18315 -1.96553 -2.30105 -2.91099 -3.00859 -3.01751 -2.32585 -1.78042 -0.571111 -0.1741 0.00244087 0.0847196 0.123454 0.149008 0.17489 0.17745 0.144335 0.136404 0.117777 0.0188562 -1.64872 -5.81512 -8.95646 -9999 -9999
-9999 -9999 -9999 -9999 3.27275 3.85312 4.00717 4.27355 4.81541 5.43861 6.3221 6.4323 6.91361 6.90445 5.91084 4.7572 5.74213 6.12776 6.52943 6.5356 6.4033 3.57761 2.10058 0.941477 -1.16208 -0.382467 0.354697 0.423438 0.000482492 -2.55091 -5.09268 -8.01543 -10.7593 -10.8856 -12.3593 -11.5754 -10.5395 -7.87497 -6.00386 -5.25197 -4.71615 -1.83254 -1.08746 -0.845489 -0.11769 -1.14245 -1.41537 -2.18908 -1.97698 -2.0571 -2.06625 -4.18446 -2.07791 -1.96782 -0.606551 -0.00187135 0.126597 0.152005 0.180879 0.176527 0.174476 0.158805 0.163776 0.131759 0.0938745 -0.99475 -6.26613 -8.92413 -9999 -9999
-9999 -9999 -9999 -9999 -9999 -9999 3.45777 3.90047 4.18406 4.67227 6.16783 6.56723 6.82955 6.84526 6.39545 5.25624 4.94719 5.14427 4.03168 4.95073 6.21296 6.18285 6.0343 3.55268 2.29519 3.54102 3.18031 1.32381 -0.133886 -1.57266 -4.54953 -6.7156 -9.86054 -12.2226 -12.3087 -9.69519 -7.52528 -4.82912 -3.6455 -4.33526 -3.61206 -2.18587 -0.565383 0.210839 0.01046 -1.06958 -1.23609 -2.42205 -1.28446 -1.19966 -1.74881 -2.22511 -2.0462 -1.38048 -1.13524 -0.0728598 0.174622 0.209131 0.205714 0.199433 0.18493 0.169536 0.143405 0.121595 0.0956752 0.0358085 -5.38265 -9.60611 -9999 -9999
-9999 -9999 -9999 -9999 -9999 -9999 2.4151 2.68616 3.39232 5.20133 6.14774 6.5268 6.50845 6.67814 6.35822 5.35272 4.32066 3.34637 2.09539 2.80108 4.67982 5.7901 5.92113 3.74707 4.89896 4.48719 3.66382 1.23193 -0.555977 -1.49673 -4.35339 -6.78795 -8.87678 -11.7671 -10.5245 -9.15954 -7.4097 -4.46612 -2.48553 -1.67947 -2.37746 -1.47103 0.395323 0.39159 -0.65114 -0.598648 -1.24262 -2.8584 -1.20539 -0.75015 -1.14194 -1.05727 -1.20403 -0.96543 -0.518228 -0.09045 0.19013 0.217555 0.210822 0.190499 0.180072 0.170003 0.138789 0.129729 0.103547 0.0645336 -3.43735 -9.69156 -9999 -9999
-9999 -9999 -9999 -9999 -9999 -9999 -9999 1.46966 3.07855 5.47979 6.07487 6.01701 6.50729 6.54279 6.05633 5.63175 4.38065 2.67541 -0.588814 0.235501 1.96474 4.46259 5.77951 5.61067 4.89714 3.64284 0.589933 -2.07917 -2.38931 -2.81316 -4.89374 -6.76298 -9.08609 -7.72786 -6.24367 -4.62352 -3.77539 -4.00254 -2.30657 -0.927536 -1.53023 -0.415502 0.886513 0.275246 -0.0922984 -0.403068 -1.14475 -1.20289 -1.14137 -0.208438 -0.876962 -0.487608 -0.483169 -0.520271 -0.309843 -0.0648919 0.193822 0.226181 0.215358 0.20913 0.167144 0.167797 0.141624 0.115412 0.0901454 0.0547597 -0.273227 -3.65024 -5.67172 -9999
-9999 -9999 -9999 -9999 -9999 -9999 -9999 -0.0164536 0.786623 3.6302 4.50722 5.75998 6.42154 6.44503 5.62992 5.17196 3.31261 2.70279 -0.317694 -1.68504 -0.529498 -0.970829 2.47125 5.5208 4.87498 -1.25138 -3.46058 -5.03137 -4.60835 -4.58909 -5.15772 -8.35706 -9.23632 -6.34305 -4.52176 -3.113 -2.04754 -1.83097 -1.87687 0.285992 0.563513 1.25652 1.08877 1.13972 0.0272787 -0.666672 -0.0911259 -0.789956 -0.920869 0.0434529 -0.933008 -0.0748093 -0.182981 -0.458567 -0.485863 0.0749025 0.178557 0.227835 0.21946 0.186467 0.146876 0.120027 0.127899 0.108237 0.0650588 0.0548959 0.0114124 -0.406015 -2.15824 -2.77959
-9999 -9999 -9999 -9999 -9999 -9999 -9999 -9999 -1.86878 2.08272 3.88683 4.83175 6.16191 6.31586 5.88259 5.09438 3.20064 1.53486 -1.16578 -4.2468 -5.87329 -0.996817 3.25081 5.47298 5.19772 0.0995919 -1.90357 -1.98251 -0.779697 -1.76741 -2.51369 -4.93941 -5.6626 -6.6738 -6.04316 -4.07732 -2.47893 -0.938646 0.17671 0.256971 0.973065 1.38236 1.40268 1.51954 1.37592 1.25612 0.178999 0.896708 0.262005 0.578227 0.353061 0.148892 -0.0206209 -0.640476 -0.225539 0.140896 0.226302 0.241613 0.207999 0.191923 0.164936 0.118137 0.091932 0.0781796 0.0629621 0.0315095 0.018793 -0.0179548 -0.226375 -1.28613
-9999 -9999 -9999 -9999 -9999 -9999 -9999 -9999 -3.84657 0.0851515 1.97854 4.41396 5.66637 6.17316 6.09629 5.45614 4.0153 1.85246 0.0506469 -3.38777 -6.95543 -1.83845 2.73213 5.19888 5.33873 1.06114 2.26459 1.31574 1.71775 -0.0304912 -0.749506 -1.30451 -2.56131 -3.93881 -5.44483 -6.2483 -2.65217 -0.810105 0.668398 1.35847 1.7417 1.92488 1.80901 1.52726 -0.0856303 1.11874 1.03595 0.900533 0.747711 0.667106 0.528048 0.366881 0.275036 0.230331 -0.185207 0.255422 0.229581 0.224692 0.215871 0.192923 0.158984 0.127568 0.0910576 0.0784602 0.0538064 0.0258144 0.00234028 -0.0212864 -0.047822 -0.118989
-9999 -9999 -9999 -9999 -9999 -9999 -9999 -9999 -9.37607 -3.65624 0.944131 3.34097 5.29652 5.8253 6.01677 5.16211 4.52071 2.96841 1.49935 -0.761347 -4.14272 -6.22348 -2.38882 3.18483 5.25771 5.11349 4.99636 3.89569 2.90524 2.79065 2.87741 1.73328 0.0463994 -2.1716 -2.86656 -3.64645 -0.969053 -0.611739 -0.816469 2.12042 2.11427 1.93244 0.789308 -0.480461 -0.255825 -1.04603 -0.465003 -1.41077 -0.567588 0.159801 0.423595 0.388222 0.286569 0.256722 0.199811 0.261108 0.248367 0.22439 0.203444 0.186911 0.164348 0.118201 0.0864557 0.0861148 0.0488148 0.0178677 -0.00718094 -0.0275819 -0.0476231 -0.103837
-9999 -9999 -9999 -9999 -9999 -9999 -9999 -9999 -9.12994 -4.31816 -0.239839 2.21291 4.55992 5.09825 5.88403 5.70379 5.03314 3.68337 2.00019 0.138996 -2.76231 -4.91733 -2.35392 1.35008 4.00394 4.96808 4.98006 4.92657 4.68536 4.598 4.31491 4.1287 2.9144 0.814827 -0.370492 -2.10781 0.876157 1.20493 0.728757 2.20928 2.12202 -0.146887 -1.89543 -2.12654 -1.07349 -2.09428 -2.28938 -2.92239 -2.22787 -0.343765 -0.915981 -0.818738 0.0393306 0.16809 0.238558 0.251192 0.233674 0.21821 0.192278 0.183067 0.173541 0.127816 0.0997896 0.0792501 0.0333284 0.0124092 -0.024078 -0.0595015 -0.0819833 -0.118446
-9999 -9999 -9999 -9999 -9999 -9999 -9999 -9999 -9.03765 -5.79984 -2.13041 1.48028 3.98744 4.99403 5.72436 5.70832 4.93087 4.25654 3.19935 1.56157 0.438334 -1.50751 -4.17558 0.301261 1.68244 2.92086 3.44833 4.73428 4.71287 4.13759 3.49082 4.12651 3.941 2.28155 1.73501 0.810367 2.4678 2.46506 2.41031 2.31078 0.393658 -2.26762 -4.39818 -2.88917 -3.22188 -2.52518 -4.7092 -2.94612 -1.52531 -1.07311 -2.05106 -2.78656 -0.551092 -0.202568 0.00562447 0.134982 0.21616 0.18233 0.193787 0.169134 0.150844 0.131571 0.0999439 0.0754892 0.0428564 0.0094836 -0.0252617 -0.0581724 -0.0976308 -0.153527
-9999 -9999 -9999 -9999 -9999 -9999 -9999 -9999 -9999 -7.71586 -3.05099 1.10127 3.40982 4.85865 5.56048 5.54014 5.13937 4.67968 4.02216 2.83951 1.35656 -0.983319 -2.71889 -1.61461 -0.26076 -0.0957842 0.805499 3.4065 4.30028 3.05228 -0.0292258 1.80474 3.85122 3.81925 3.6443 3.44677 3.19567 2.96399 2.4633 1.13477 -2.91594 -3.72636 -5.32423 -5.15794 -5.98489 -4.21049 -4.89174 -3.08158 -2.30459 -2.01924 -3.7183 -3.36082 -1.40239 -0.630224 -0.772192 -0.30217 0.152931 0.156644 0.158452 0.135084 0.133286 0.124957 0.104985 0.0639964 0.0352626 0.0103099 -0.0439576 -0.0591716 -0.223387 -0.334569
-9999 -9999 -9999 -9999 -9999 -9999 -9999 -9999 -9999 -8.63334 -3.99057 0.900431 2.46661 4.02945 5.37707 5.39659 4.78858 4.21052 3.61609 2.94115 1.14307 -0.599187 -2.2611 -2.81747 -2.47976 -2.48762 -1.03537 2.34926 3.00955 2.73643 -0.48654 -1.58127 1.15045 3.44512 3.62437 3.41326 0.70831 1.27708 -0.187501 -2.17242 -2.72668 -3.60292 -5.4425 -4.5758 -5.92739 -5.36683 -5.52308 -4.50101 -4.00927 -2.7905 -4.27276 -4.26467 -2.34303 -1.37383 -1.36099 -0.342421 0.0136333 0.098779 0.111851 0.117888 0.11072 0.114999 0.0932634 0.0655518 0.0326744 -0.0295069 -0.159802 -0.537446 -2.50951 -2.52013
-9999 -9999 -9999 -9999 -9999 -9999 -9999 -9999 -9999 -8.10049 -4.88028 -0.541034 2.67135 2.86746 4.42567 5.22691 4.56683 3.82485 3.06656 2.73321 0.776548 -1.37125 -3.10565 -5.15727 -4.81723 -3.3406 -0.911488 1.27546 1.67031 1.22359 -0.495548 0.326968 2.18932 3.17721 3.46662 3.23357 2.64049 2.29429 1.21388 0.740018 -0.759794 -3.10012 -4.02925 -3.4603 -5.94574 -5.78556 -4.88376 -5.85684 -4.26816 -3.51432 -5.42478 -3.92635 -2.21858 -1.35124 -0.594099 -0.241642 -0.10789 0.103343 0.0979372 0.105234 0.103783 0.0886245 0.0763022 0.027719 -0.014924 -0.235398 -0.55453 -2.38916 -3.16995 -3.03397
-9999 -9999 -9999 -9999 -9999 -9999 -9999 -9999 -9999 -7.55555 -4.6569 -0.895243 1.39354 1.79812 3.5271 5.0639 4.88576 4.11433 3.87628 3.07836 1.41838 -0.413792 -2.41513 -3.38749 -5.62212 -3.41887 -1.65909 0.192355 1.06032 -0.347803 -1.06361 0.20664 1.46853 1.9712 3.24344 3.22742 2.80675 1.00899 0.127932 0.488548 0.103702 -0.563888 -2.17835 -2.26132 -3.30324 -3.74199 -4.15717 -5.46709 -4.64475 -4.57366 -4.36958 -2.55965 -1.67702 -1.09573 -0.567819 -0.437817 -0.214617 0.0785312 0.0938668 0.0931825 0.0800003 0.0736439 0.0389186 -0.0603123 -0.146161 -0.576424 -1.32825 -2.71984 -4.97596 -3.41386
-9999 -9999 -9999 -9999 -9999 -9999 -9999 -9999 -9999 -8.05498 -4.97566 -1.76162 -0.421222 -0.198502 2.93576 4.8527 4.85044 4.48211 4.05332 2.08815 2.20018 1.8057 -0.000142351 -2.62905 -5.51541 -5.24341 -3.51395 -1.06274 -0.252788 -2.59479 -3.42867 -2.81526 -0.907743 0.798676 2.57948 3.02834 2.49958 -0.295386 -3.2662 -1.90013 -0.440773 -0.458862 -0.900315 -2.39845 -2.88212 -3.32131 -4.41817 -6.26867 -5.99842 -5.49996 -3.45453 -2.81799 -1.82709 -1.00601 -1.33255 -1.16072 -0.375108 0.0707015 0.0762124 0.0725494 0.0756457 0.0529752 0.0132861 -0.171838 -0.367334 -0.686948 -2.626 -3.83673 -5.59688 -3.58749
-9999 -9999 -9999 -9999 -9999 -9999 -9999 -9999 -9999 -9.01464 -6.78164 -3.71 -2.47552 -0.503131 2.4585 3.91233 4.60652 4.58605 4.29876 3.4166 2.88536 1.84241 -0.0364322 -2.6041 -5.45746 -7.31436 -6.36899 -3.06698 -2.28726 -4.44779 -5.55542 -4.17733 -2.14501 0.864198 2.58144 2.80922 2.64802 2.06648 -0.104477 -2.72673 -2.72684 -1.42546 -2.53269 -3.81843 -3.12835 -3.26959 -4.35259 -5.14364 -5.61911 -5.34508 -4.17301 -3.70223 -2.55574 -0.857151 -0.624513 -0.685349 0.0230439 0.047092 0.051947 0.0671247 0.0541558 0.0352957 0.00125922 -0.151976 -0.479843 -1.77467 -2.90558 -4.4739 -4.67929 -2.89737
-9999 -9999 -9999 -9999 -9999 -9999 -9999 -9999 -9999 -10.6636 -8.03573 -5.15884 -2.46556 0.0821661 2.27411 2.43829 3.59198 3.58543 4.18813 4.01012 3.19264 2.31368 0.694402 -2.60408 -5.37719 -8.40087 -7.60311 -4.24552 -3.77998 -5.2393 -7.93553 -5.15384 -2.08679 0.691886 2.1938 1.00842 2.21257 2.10657 1.28846 -0.275871 -2.70432 -2.66811 -4.49145 -4.58095 -3.66073 -3.3698 -3.53649 -4.1332 -5.08024 -4.92935 -4.21791 -4.05043 -2.99812 -1.68355 -0.398437 -0.192895 0.0422925 0.0407058 0.032594 0.0406905 0.031118 -0.00818368 -0.0869491 -0.246591 -1.33394 -2.62484 -3.42511 -4.52177 -4.66636 -2.60162
