Test_Spring_2018b/11_17/Temp/20171105_020.txt
ncols	170
nrows	115
xllcorner	350000.000000
yllcorner	4445000.000000
cellsize	1000.000000
nodata_value	-9999.000000
[rows 32 to 63 of 115, columns 72 to 143 of 170]
11.0725 10.6383 11.292 11.8936 11.5397 11.3055 12.3006 12.2962 11.9508 11.1453 10.8467 10.5372 10.3456 9.31336 6.42605 3.82298 5.2113 5.24077 4.27501 5.99936 5.08585 2.70594 -0.652677 1.17381 0.700141 -1.6471 -2.22757 -9999 -9999 -9999 -9999 -9999 -9999 -9999 -9999 -9999 -9999 -9999 -9999 -9999 -9999 -9999 -9999 -9999 -9999 -9999 -9999 -9999 -9999 -9999 -9999 -9999 -9999 -9999 -9999 -9999 -9999 -9999 -9999 -9999 -9999 -9999 -9999 -9999 -9999 -9999 -9999 -9999 -9999 -9999 -9999 -9999
10.498 10.3075 11.2822 11.2552 11.2088 11.5769 12.1934 12.3127 12.1753 11.8214 11.5142 11.1878 10.3668 9.18669 6.71507 3.75285 3.07803 4.5222 4.58877 4.81923 3.98649 2.94162 1.30815 2.64632 3.16686 1.61946 -0.40694 -1.70721 -9999 -9999 -9999 -9999 -9999 -9999 -9999 -9999 -9999 -9999 -9999 -9999 -9999 -9999 -9999 -9999 -9999 -9999 -9999 -9999 -9999 -9999 -9999 -9999 -9999 -9999 -9999 -9999 -9999 -9999 -9999 -9999 -9999 -9999 -9999 -9999 -9999 -9999 -9999 -9999 -9999 -9999 -9999 -9999
9.81279 8.8542 9.439 9.87665 10.7296 10.9422 11.0612 12.2274 12.1609 12.1021 11.5976 11.1931 10.526 9.39009 7.77503 5.83167 2.45153 4.52991 6.15721 6.11328 6.02251 5.29023 3.72085 5.03417 5.09671 3.12038 0.877504 -0.46064 -1.01409 -9999 -9999 -9999 -9999 -9999 -9999 -9999 -9999 -9999 -9999 -9999 -9999 -9999 -9999 -9999 -9999 -9999 -9999 -9999 -9999 -9999 -9999 -9999 -9999 -9999 -9999 -9999 -9999 -9999 -9999 -9999 -9999 -9999 -9999 -9999 -9999 -9999 -9999 -9999 -9999 -9999 -9999 -9999
9.03387 7.8646 8.45313 9.24082 10.3736 10.9672 11.4077 11.7534 12.1059 12.0591 11.5428 10.027 9.80636 9.73614 8.67812 6.46312 4.25144 3.67607 6.16003 6.86963 6.72313 7.27767 5.94827 6.57696 6.32032 5.62052 3.46136 1.48295 0.65755 -0.974428 -9999 -9999 -9999 -9999 -9999 -9999 -9999 -9999 -9999 -9999 -9999 -9999 -9999 -9999 -9999 -9999 -9999 -9999 -9999 -9999 -9999 -9999 -9999 -9999 -9999 -9999 -9999 -9999 -9999 -9999 -9999 -9999 -9999 -9999 -9999 -9999 -9999 -9999 -9999 -9999 -9999 -9999
-9999 -9999 7.1231 8.21559 9.10385 10.2144 11.1582 11.6279 12.0837 12.0419 11.0146 10.5094 10.4605 9.7653 8.54443 7.7767 6.3826 4.93086 5.4812 7.59976 6.65507 8.1569 8.02982 8.30657 7.30335 5.42167 2.8963 1.43072 0.692482 -0.629927 -9999 -9999 -9999 -9999 -9999 -9999 -9999 -9999 -9999 -9999 -9999 -9999 -9999 -9999 -9999 -9999 -9999 -9999 -9999 -9999 -9999 -9999 -9999 -9999 -9999 -9999 -9999 -9999 -9999 -9999 -9999 -9999 -9999 -9999 -9999 -9999 -9999 -9999 -9999 -9999 -9999 -9999
-9999 -9999 -9999 8.0137 8.68923 10.1496 10.9239 11.2273 11.9653 11.9621 11.5697 11.272 10.8422 10.2826 9.36355 8.35046 7.03887 6.91428 8.26799 8.28272 7.99813 8.22051 8.91788 8.7352 7.18947 4.5216 3.10571 0.255887 -0.977349 -0.85077 -1.72617 -9999 -9999 -9999 -9999 -9999 -9999 -9999 -9999 -9999 -9999 -9999 -9999 1.55484 -9999 -9999 -9999 -9999 -9999 -9999 -9999 -9999 -9999 -9999 -9999 -9999 -9999 -9999 -9999 -9999 -9999 -9999 -9999 -9999 -3.89029 -9999 -9999 -9999 -9999 -9999 -9999 -9999
-9999 -9999 7.86595 8.78874 9.49707 10.4113 10.5146 11.0598 11.909 11.9165 11.6365 11.3205 10.6168 10.4381 9.91237 8.81252 8.58407 9.02408 9.22565 9.45546 9.59727 9.48163 9.20031 8.8372 7.85546 6.61386 5.78149 3.16474 1.85112 0.578155 -1.34978 -2.85904 -9999 -9999 -9999 -9999 -9999 -9999 -9999 0.574052 0.49535 0.522311 0.937728 2.09748 1.40394 -9999 -9999 -9999 -9999 -9999 -9999 -9999 -9999 -9999 -9999 -9999 -9999 -9999 -9999 -9999 -9999 -9999 -9999 -9999 -2.84471 -4.37434 -9999 -9999 -9999 -9999 -9999 -9999
-9999 -9999 8.12109 9.08019 9.55764 10.446 10.9527 11.3029 11.5944 11.8721 11.819 11.4695 10.9407 10.9378 10.2116 9.81779 9.53572 10.132 10.2479 10.0054 9.70296 9.43659 8.68299 8.59822 8.37284 7.5869 6.29423 4.96176 3.06247 0.44692 -2.11916 -4.19003 -9999 -9999 -9999 -9999 -9999 -9999 0.797164 1.75959 2.33302 1.09027 2.13765 3.09421 2.93217 1.99507 -9999 -9999 -9999 -9999 -9999 -9999 -9999 -9999 -9999 -9999 -9999 -9999 -9999 -9999 4.38619 2.81987 -0.33419 -1.95619 -2.93397 -4.32587 -9999 -9999 -9999 -9999 -9999 -9999
-9999 -9999 7.92462 9.05869 9.82619 10.507 10.6133 11.3132 11.63 11.7767 11.7529 11.6783 11.5753 10.9399 10.663 9.70688 10.6108 10.5723 10.3394 9.42727 9.03248 7.47013 6.78462 6.65054 7.9705 7.00383 4.97978 2.44789 -0.581017 -0.766892 -1.77433 -3.62483 -9999 -9999 -9999 -9999 -9999 -9999 1.09701 2.1264 2.98408 3.10202 1.86613 3.57157 3.50362 2.53553 2.30843 3.08477 3.47329 3.18064 4.11095 4.3741 3.93886 4.39177 -9999 -9999 -9999 -9999 4.61374 4.66672 4.70441 4.04611 0.60151 -1.75465 -3.87207 -4.08222 -9999 -9999 -9999 -9999 -9999 -9999
-9999 -9999 8.70559 9.40374 9.75603 9.81156 10.4224 11.0343 11.4215 11.6922 11.6304 11.6009 11.5696 11.347 10.8402 10.9234 10.8773 10.5813 8.84453 6.81941 7.70159 6.50292 3.94223 6.04489 7.19916 6.10455 3.65217 0.807083 -0.106288 -0.05482 -1.4556 -3.2599 -9999 -9999 -9999 -1.71671 -0.238155 -0.116121 0.31387 1.68878 2.73245 3.51786 4.04918 4.0345 3.45103 2.50354 1.47428 1.82757 3.65111 4.08779 4.46907 4.74183 4.33656 4.52581 5.00473 5.24701 5.28764 5.16184 5.12533 5.15546 5.08709 4.47207 1.39433 -0.374261 -1.50697 -3.78265 -9999 -9999 -9999 -9999 -9999 -9999
-9999 -9999 8.26176 8.86911 9.36067 10.1787 10.2631 10.7778 11.0833 11.5463 11.591 11.0489 11.4824 11.4171 11.3265 11.144 10.881 9.41271 7.39241 5.3689 4.43586 4.84168 3.2993 4.10681 5.277 4.86448 3.36798 0.834806 0.483137 -0.090143 -2.43953 -4.70982 -9999 -9999 -4.58877 -1.74521 0.254178 1.28128 1.5934 1.61525 2.93179 3.02652 4.44443 4.11047 2.20928 2.41167 1.6687 2.13418 2.79142 2.96542 3.93242 4.85408 5.01795 5.01031 5.311 5.36402 5.3698 5.35133 5.12967 5.21673 5.2219 4.83485 2.59885 1.50288 0.292826 -3.7615 -9999 -9999 -9999 -9999 -9999 -9999
-9999 -9999 8.57064 9.25025 9.99422 10.1135 10.6633 10.6039 10.4453 11.2096 11.4937 11.1082 10.8277 11.3191 11.2756 11.2011 11.0849 9.7045 8.10974 5.69913 4.20295 3.2951 2.65045 1.80134 2.4067 2.23241 1.99598 2.28583 1.6009 0.225102 -1.15212 -3.72991 -5.12868 -9999 -4.43168 -3.15185 -0.773077 1.24634 2.52444 2.05193 3.54957 3.81919 4.68691 4.16687 3.00709 2.49971 2.4455 2.28466 3.28972 3.96339 4.44418 4.75427 5.1461 5.23625 5.32717 5.35879 5.37136 5.38467 5.36956 5.35189 5.29726 5.14576 4.11227 3.01583 0.663207 -3.63189 -9999 -9999 -9999 -9999 -9999 -9999
-9999 6.57229 8.48814 9.62893 10.0703 10.3881 10.6673 10.868 11.0795 11.2743 11.4055 11.3453 10.3365 10.4083 10.5783 11.1367 11.0889 10.9591 10.0857 7.15286 6.14407 4.67304 2.76234 1.97539 2.38538 3.96712 3.90698 2.87585 1.72489 0.13886 -0.870806 -2.45321 -5.49236 -5.22137 -3.85553 -2.84212 -1.22821 1.24156 2.96935 3.73433 4.01653 4.62278 4.93044 4.2164 3.53628 3.24549 2.71605 2.63245 2.62607 3.22923 3.70566 4.76004 5.10637 5.2602 5.33227 5.36617 5.38827 5.41033 5.41174 5.38178 5.3734 5.35542 5.26825 3.81518 0.187898 -2.54677 -9999 -9999 -9999 -9999 -9999 -9999
-9999 -9999 8.13216 8.63453 8.76601 8.99526 9.46427 10.0041 10.7706 10.8644 11.2813 11.2718 10.4056 9.40075 10.2568 10.5916 10.9406 10.9455 10.8301 8.37049 7.08482 6.0757 4.24479 4.9233 5.56399 5.62304 5.25423 3.03349 0.82109 -1.72362 -4.11177 -4.22243 -5.50589 -4.82418 -3.92354 -1.60593 0.0214785 0.675222 1.14114 3.64996 4.29839 4.51008 5.1441 4.25352 4.01679 3.34486 3.53077 3.46252 3.45607 1.61462 3.44944 3.54657 4.73213 5.25982 5.37178 5.39414 5.41918 5.41494 5.41232 5.39749 5.40027 5.37124 5.33627 4.38686 -0.202028 -2.51636 -9999 -9999 -9999 -9999 -9999 -9999
-9999 -9999 -9999 -9999 8.29001 8.67259 8.91681 9.33916 10.6381 10.9834 11.2097 11.2217 10.8289 9.83652 9.56675 9.73756 8.76905 9.56821 10.6658 10.6391 10.5094 8.34962 7.25564 8.339 8.02448 6.40845 5.13934 3.88664 1.29564 -0.590706 -3.32783 -5.38381 -5.45954 -3.18644 -1.29924 1.04588 2.0751 1.47449 2.10342 3.34458 4.75483 5.43078 5.25729 4.31868 4.17465 3.14413 4.13537 4.21071 3.73453 3.32176 3.47952 4.06019 4.27483 5.20019 5.41624 5.44673 5.4437 5.43779 5.42433 5.40971 5.38577 5.36502 5.3404 5.28599 0.569045 -3.10748 -9999 -9999 -9999 -9999 -9999 -9999
-9999 -9999 -9999 -9999 7.38482 7.61802 8.22985 9.80135 10.6224 10.95 10.9321 11.078 10.7982 9.92222 9.02337 8.17503 7.08606 7.69962 9.33382 10.2994 10.4129 8.52078 9.52311 9.16426 8.44721 6.33056 4.77414 3.95472 1.4683 -0.651655 -2.46992 -4.98554 -3.90526 -2.7185 -1.19682 1.36355 3.08616 3.78706 3.17956 3.96826 5.59244 5.58981 4.68346 4.73027 4.17089 2.76645 4.2062 4.60391 4.26472 4.3401 4.21458 4.42368 4.81411 5.18738 5.43227 5.45654 5.45071 5.43258 5.42267 5.41283 5.38419 5.3745 5.34962 5.3133 2.26385 -3.17965 -9999 -9999 -9999 -9999 -9999 -9999
-9999 -9999 -9999 -9999 -9999 6.56155 7.95883 10.0456 10.561 10.5084 10.9331 10.9622 10.5375 10.1669 9.0775 7.59319 4.75261 5.46938 6.97353 9.14639 10.2917 10.1443 9.52358 8.43169 5.77481 3.45176 3.18108 2.8114 1.00019 -0.627895 -2.65002 -1.46916 -0.1787 1.23008 1.9672 1.76883 3.2438 4.4432 3.91861 4.88855 6.02172 5.49052 5.17163 4.9024 4.25802 4.20885 4.26392 5.07728 4.49733 4.83783 4.84387 4.81313 4.99756 5.21178 5.43766 5.46622 5.45681 5.45097 5.41363 5.41305 5.38879 5.36418 5.34009 5.30693 5.01895 2.07877 0.31717 -9999 -9999 -9999 -9999 -9999
-9999 -9999 -9999 -9999 -9999 5.27054 5.96675 8.43841 9.19915 10.287 10.8606 10.8793 10.1687 9.76901 8.15034 7.61912 4.99061 3.80047 4.80546 4.42106 7.41542 10.0682 9.5064 4.17551 2.2527 0.885259 1.25247 1.26831 0.772596 -2.01279 -2.77868 -0.262241 1.32151 2.54638 3.47259 3.66035 3.61977 5.50115 5.7424 6.34542 6.19981 6.24476 5.27776 4.67512 5.17679 4.57015 4.45778 5.29842 4.45052 5.19891 5.10695 4.86867 4.84624 5.33521 5.42616 5.46943 5.4622 5.43304 5.39777 5.37331 5.37869 5.3598 5.32016 5.30897 5.26857 4.90345 3.37617 2.83266 3.40361 -9999 -9999 -9999
-9999 -9999 -9999 -9999 -9999 -9999 3.65848 7.09419 8.66163 9.48166 10.6371 10.7693 10.3906 9.70371 8.0552 6.6052 4.25496 1.57386 0.158195 4.40059 8.09581 10.0287 9.78934 5.35307 3.60952 3.54008 4.58575 3.72547 3.07519 0.96288 0.332786 -0.547896 -7.17229e-05 1.7095 3.09963 4.439 5.40881 5.47821 6.10105 6.45721 6.47522 6.57749 6.45339 6.35025 5.41392 6.03971 5.48894 5.76563 5.57132 5.3953 5.2499 4.71202 5.07428 5.39411 5.46912 5.48303 5.45367 5.43923 5.41494 5.37307 5.34896 5.33526 5.32001 5.29038 5.27682 5.24303 5.05903 4.13416 2.90083 1.34653 -9999 -9999
-9999 -9999 -9999 -9999 -9999 -9999 1.93984 5.35845 7.00367 9.12062 10.208 10.6471 10.5789 10.0209 8.76643 6.88393 5.31568 2.32358 -0.780916 3.67087 7.64672 9.79237 9.9134 6.19185 7.23823 6.41191 6.76083 5.23884 4.61229 4.1276 3.03324 1.83387 0.522718 -0.176702 2.9513 4.55327 5.83907 6.43907 6.7723 6.93172 6.83069 6.5866 5.18409 6.23299 6.16168 6.04511 5.91351 5.84482 5.72533 5.5866 5.50867 5.47108 5.11067 5.49562 5.47358 5.4695 5.46168 5.44125 5.41093 5.38249 5.3493 5.33734 5.31355 5.28703 5.26423 5.24202 5.21639 5.15179 4.89533 2.81348 1.56251 1.19891
-9999 -9999 -9999 -9999 -9999 -9999 -2.86898 2.10553 6.10553 8.18906 9.88833 10.347 10.5123 9.76766 9.20871 7.85739 6.57861 4.61115 1.66867 -0.142175 3.19389 8.04278 9.84509 9.71986 9.61723 8.6588 7.79619 7.69559 7.77012 6.77283 5.30434 3.3737 2.76896 2.08952 4.41822 4.7284 4.54972 7.10461 7.09907 6.94089 5.94655 4.84158 5.03768 4.35183 4.85795 4.03621 4.77107 5.40526 5.63613 5.6067 5.52011 5.49633 5.44769 5.50168 5.49097 5.47023 5.45183 5.43698 5.41658 5.37536 5.3464 5.3445 5.31115 5.28225 5.25762 5.23841 5.21859 5.16716 5.11909 4.78686 4.29477 3.36698
-9999 -9999 -9999 -9999 -9999 -9999 -2.65322 1.53141 5.07791 7.20952 9.25003 9.71702 10.3995 10.2416 9.6572 8.48205 7.01692 5.39699 2.87214 0.996628 3.2264 6.44874 8.75711 9.59629 9.60527 9.55793 9.34721 9.27044 9.02318 8.85925 7.80189 5.97532 4.94314 3.43074 6.02622 6.31163 5.89681 7.1846 7.10849 5.13442 3.61329 3.41262 4.32868 3.44132 3.27202 2.72308 3.32846 4.96892 4.47341 4.5592 5.30748 5.42044 5.48257 5.49408 5.47914 5.46574 5.44298 5.43449 5.42545 5.38466 5.35901 5.33965 5.29799 5.27903 5.24522 5.21319 5.19075 5.15669 5.11189 5.00745 4.88601 4.9736
-9999 -9999 -9999 -9999 -9999 -9999 -2.57019 0.244655 3.43554 6.57462 8.75454 9.62902 10.2633 10.2483 9.5709 8.9834 8.06288 6.63727 5.65939 3.96581 1.64382 5.5383 6.73956 7.81737 8.27581 9.39386 9.37435 8.87287 8.30729 8.85954 8.69855 7.25387 6.77753 5.97226 7.41363 7.41065 7.36253 7.2756 5.6074 3.29192 1.43838 2.75166 2.46271 3.06873 1.1688 2.70473 3.942 4.33656 3.48743 2.84852 4.7951 5.09929 5.28102 5.39399 5.46484 5.4354 5.44513 5.42321 5.40658 5.38886 5.36017 5.33751 5.30755 5.27676 5.24591 5.21628 5.17988 5.12854 5.11266 5.05769 5.02568 4.99231
-9999 -9999 -9999 -9999 -9999 -9999 -9999 -1.4195 2.63651 6.24771 8.25488 9.51415 10.1236 10.1048 9.75522 9.35442 8.78159 7.75192 6.46102 4.42454 2.91383 3.87392 5.05142 5.19529 5.97869 8.24088 9.01762 7.93083 5.24758 6.84381 8.62349 8.59482 8.44179 8.26916 8.04949 7.84735 7.41127 6.25505 2.73049 2.02597 0.635933 0.780986 0.0620278 1.60563 1.01309 2.5889 3.26586 3.51512 2.03782 2.35048 4.05559 4.72811 4.60513 5.01445 5.41081 5.41398 5.4153 5.39449 5.39224 5.38411 5.36565 5.32846 5.30198 5.27862 5.23105 5.21704 5.07221 4.97341 4.78777 4.98779 4.99564 4.98521
-9999 -9999 -9999 -9999 -9999 -9999 -9999 -2.21657 1.82146 6.07554 7.43689 8.79543 9.96682 9.98276 9.4528 8.949 8.43102 7.84304 6.27789 4.76131 3.31461 2.82977 3.12279 3.11663 4.37934 7.32329 7.89686 7.65828 4.85344 3.90012 6.27604 8.27173 8.42692 8.24254 5.88843 6.38276 5.10806 3.38077 2.89838 2.136 0.535598 1.29 0.114476 0.602791 0.465891 1.35591 1.78457 2.84583 1.55702 1.56555 3.23858 4.08242 4.09403 4.98054 5.29044 5.36445 5.37555 5.38035 5.37346 5.37634 5.35641 5.3311 5.30114 5.24554 5.13054 4.80174 3.08541 3.07429 3.52792 3.95693 4.74358 4.95249
-9999 -9999 -9999 -9999 -9999 -9999 -9999 -1.75066 1.04979 4.82393 7.61768 7.78716 9.14182 9.83795 9.26269 8.61625 7.95567 7.66484 5.96165 4.09215 2.58232 0.796456 1.09143 2.37527 4.48947 6.39132 6.7339 6.34425 4.84791 5.56271 7.18226 8.04099 8.29206 8.08862 7.57201 7.27029 6.32986 5.91729 4.61221 2.57595 1.76767 2.26295 0.100845 0.240722 1.02596 0.178218 1.56119 2.21782 0.556342 1.86192 3.34836 4.10348 4.7626 5.06947 5.1859 5.36958 5.3646 5.3705 5.36862 5.35465 5.34299 5.29963 5.26129 5.0681 4.78895 3.19112 2.51312 2.62973 3.34969 3.97887 4.62784 4.89118
-9999 -9999 -9999 -9999 -9999 -9999 -9999 -1.27425 1.24657 4.5183 6.50856 6.8595 8.36281 9.69895 9.54303 8.87095 8.66297 7.9679 6.52279 4.92784 3.18568 2.33877 0.393554 2.30953 3.84137 5.45125 6.20542 4.9796 4.35594 5.46028 6.55739 6.99397 8.10017 8.08558 7.71899 6.15435 5.38738 5.70086 5.36586 4.78498 3.38038 3.30841 2.40222 2.02092 1.66023 0.519258 1.2354 1.29791 1.47669 3.05269 3.82115 4.32731 4.78692 4.90019 5.09441 5.34934 5.3624 5.36138 5.34933 5.34307 5.31199 5.22466 5.14884 4.77324 4.11776 2.90553 0.944211 2.30177 3.72214 4.13175 4.53126 4.73605
-9999 -9999 -9999 -9999 -9999 -9999 -9999 -1.7065 0.971657 3.76705 4.93227 5.12507 7.85112 9.51804 9.51518 9.19382 8.81986 7.10917 7.20575 6.86162 5.28949 3.0012 0.488864 0.724461 2.22939 4.36153 5.06517 3.02684 2.30041 2.83324 4.49206 5.97597 7.52465 7.91453 7.45391 5.02164 2.43647 3.62475 4.89432 4.87853 4.49452 3.19124 2.77072 2.389 1.43517 -0.175241 0.0594772 0.493782 2.27531 2.82967 3.69228 4.40703 4.12318 4.27281 4.95634 5.34409 5.34861 5.34502 5.34717 5.32676 5.29143 5.12944 4.95831 4.67908 2.99075 1.93602 0.404669 2.15334 3.11766 3.61439 4.53252 4.74263
-9999 -9999 -9999 -9999 -9999 -9999 -9999 -2.53915 -0.597214 2.07441 3.14759 4.8628 7.43872 8.70276 9.30587 9.28717 9.03632 8.26786 7.80471 6.8963 5.26058 3.02549 0.541791 -1.07497 -0.253617 2.61999 3.29888 1.41683 0.452163 1.65027 3.41763 6.03502 7.52837 7.72589 7.58506 7.0786 5.18935 2.90755 2.90729 4.03953 3.07624 1.95775 2.55846 2.43596 1.49417 0.806461 0.391357 0.631061 1.65204 2.06217 3.06012 4.53835 4.741 4.68819 5.30454 5.32533 5.3293 5.34212 5.33032 5.31328 5.28292 5.14873 4.8625 3.73486 2.74976 1.384 1.20401 2.75646 3.4253 4.046 4.49022 4.62708
-9999 -9999 -9999 -9999 -9999 -9999 -9999 -3.97153 -1.68588 0.81643 3.15897 5.37486 7.28119 7.42321 8.42614 8.41957 8.94304 8.7872 8.07494 7.30914 5.89918 3.02814 0.614171 -2.01785 -1.32503 1.59633 2.00109 0.730326 -1.6166 0.802648 3.47024 5.88699 7.19296 6.16091 7.20799 7.11527 6.40307 5.04173 2.92867 2.96014 1.37381 1.29614 2.09709 2.35063 2.2061 1.68748 0.863081 0.994677 1.61489 1.76113 2.67717 3.82128 4.93967 5.11864 5.32328 5.32179 5.3145 5.32118 5.31237 5.27757 5.20833 5.06862 4.12164 2.99748 2.30012 1.34481 1.21782 3.01458 3.71532 4.09824 4.48026 4.62385
-9999 -9999 -9999 -9999 -9999 -9999 -9999 -9999 -1.923 0.662258 2.57368 3.08409 4.77787 5.68983 6.39438 6.5464 8.56788 8.67495 8.22176 7.51785 6.31466 4.13528 2.61659 0.0916206 -1.72333 -0.968783 -0.600513 0.0642826 -0.134407 0.942936 3.50594 6.17568 6.46285 4.75929 5.005 5.35395 6.14339 5.73185 2.85551 1.3898 0.171379 1.02161 1.91627 2.12552 2.15966 1.97552 1.75507 1.42085 2.61845 3.50168 3.69776 4.46657 5.03135 5.17936 5.28822 5.2921 5.29624 5.28552 5.24094 5.20543 5.04956 4.71413 3.65636 1.12886 1.23405 0.949487 0.154336 1.90463 2.99672 3.98311 4.50147 4.6262
-9999 -9999 -9999 -9999 -9999 -9999 -9999 -9999 -2.7881 0.203934 0.831298 0.778319 -0.220155 0.230851 3.90458 4.63994 6.57824 8.41371 8.27425 7.58343 6.45733 5.15819 3.1488 0.309115 -1.94721 -2.88211 -0.451136 1.93868 2.42848 3.18659 4.75572 5.05056 3.31013 1.67707 2.585 3.12889 5.21917 5.59428 5.17843 3.44163 1.4567 0.415968 1.62405 1.77705 1.84022 1.84465 1.78847 1.73827 3.10129 3.84392 4.35557 4.62894 5.11206 5.22736 5.25673 5.28381 5.26389 5.2274 5.13827 5.03832 4.63598 4.15109 2.42606 0.985663 0.082678 -1.06049 1.4749 2.21187 3.24021 3.89947 4.41473 4.51781
