Test_Spring_2018b/11_17/Temp/20171101_017.txt
ncols	170
nrows	115
xllcorner	350000.000000
yllcorner	4445000.000000
cellsize	1000.000000
nodata_value	-9999.000000
[rows 32 to 63 of 115, columns 72 to 143 of 170]
12.3464 11.9152 12.582 13.1961 12.8355 12.5913 13.6091 13.6081 13.2626 12.4525 12.1539 11.844 11.6529 10.6128 7.69964 5.07292 6.47505 6.50474 5.52896 7.26808 6.34333 3.9373 0.542342 2.38106 1.89698 -0.514652 -1.11562 -9999 -9999 -9999 -9999 -9999 -9999 -9999 -9999 -9999 -9999 -9999 -9999 -9999 -9999 -9999 -9999 -9999 -9999 -9999 -9999 -9999 -9999 -9999 -9999 -9999 -9999 -9999 -9999 -9999 -9999 -9999 -9999 -9999 -9999 -9999 -9999 -9999 -9999 -9999 -9999 -9999 -9999 -9999 -9999 -9999
11.7803 11.5949 12.5857 12.5652 12.5057 12.8784 13.5144 13.6383 13.5029 13.1488 12.8418 12.5149 11.6885 10.4992 8.00565 5.01625 4.33541 5.79303 5.85917 6.0899 5.24644 4.18797 2.53444 3.88012 4.39976 2.80926 0.734272 -0.591715 -9999 -9999 -9999 -9999 -9999 -9999 -9999 -9999 -9999 -9999 -9999 -9999 -9999 -9999 -9999 -9999 -9999 -9999 -9999 -9999 -9999 -9999 -9999 -9999 -9999 -9999 -9999 -9999 -9999 -9999 -9999 -9999 -9999 -9999 -9999 -9999 -9999 -9999 -9999 -9999 -9999 -9999 -9999 -9999
11.1029 10.1418 10.7388 11.1873 12.0233 12.2617 12.3855 13.5663 13.5028 13.4469 12.9408 12.5354 11.8646 10.7201 9.09123 7.13035 3.71828 5.81594 7.45736 7.41076 7.31596 6.57268 4.98352 6.30382 6.36086 4.32804 2.03712 0.679178 0.113858 -9999 -9999 -9999 -9999 -9999 -9999 -9999 -9999 -9999 -9999 -9999 -9999 -9999 -9999 -9999 -9999 -9999 -9999 -9999 -9999 -9999 -9999 -9999 -9999 -9999 -9999 -9999 -9999 -9999 -9999 -9999 -9999 -9999 -9999 -9999 -9999 -9999 -9999 -9999 -9999 -9999 -9999 -9999
10.3311 9.15709 9.75769 10.5595 11.695 12.2909 12.7497 13.1026 13.4623 13.4188 12.9012 11.3743 11.1545 11.086 10.0197 7.78462 5.55204 4.97043 7.47633 8.18999 8.03843 8.59369 7.24625 7.87487 7.6092 6.88447 4.67277 2.65358 1.81352 0.159901 -9999 -9999 -9999 -9999 -9999 -9999 -9999 -9999 -9999 -9999 -9999 -9999 -9999 -9999 -9999 -9999 -9999 -9999 -9999 -9999 -9999 -9999 -9999 -9999 -9999 -9999 -9999 -9999 -9999 -9999 -9999 -9999 -9999 -9999 -9999 -9999 -9999 -9999 -9999 -9999 -9999 -9999
-9999 -9999 8.42926 9.52436 10.438 11.545 12.5125 12.9908 13.4553 13.4174 12.3843 11.8782 11.8323 11.1332 9.90271 9.12877 7.72149 6.25493 6.80841 8.94392 7.98592 9.49677 9.36235 9.63489 8.61477 6.69303 4.11467 2.61287 1.86038 0.518978 -9999 -9999 -9999 -9999 -9999 -9999 -9999 -9999 -9999 -9999 -9999 -9999 -9999 -9999 -9999 -9999 -9999 -9999 -9999 -9999 -9999 -9999 -9999 -9999 -9999 -9999 -9999 -9999 -9999 -9999 -9999 -9999 -9999 -9999 -9999 -9999 -9999 -9999 -9999 -9999 -9999 -9999
-9999 -9999 -9999 9.33438 10.0329 11.5127 12.2908 12.6017 13.3515 13.3531 12.9618 12.6657 12.2358 11.6741 10.7487 9.72725 8.40324 8.27623 9.64028 9.65129 9.35891 9.57722 10.2741 10.0818 8.50103 5.79669 4.35817 1.43848 0.185625 0.306516 -0.583045 -9999 -9999 -9999 -9999 -9999 -9999 -9999 -9999 -9999 -9999 -9999 -9999 2.71546 -9999 -9999 -9999 -9999 -9999 -9999 -9999 -9999 -9999 -9999 -9999 -9999 -9999 -9999 -9999 -9999 -9999 -9999 -9999 -9999 -2.76487 -9999 -9999 -9999 -9999 -9999 -9999 -9999
-9999 -9999 9.20758 10.1416 10.8619 11.7905 11.882 12.4479 13.3106 13.3238 13.0467 12.7329 12.0272 11.8507 11.3228 10.214 9.9835 10.4262 10.6267 10.8541 10.9913 10.8673 10.5749 10.1992 9.18502 7.92097 7.07027 4.3996 3.05128 1.75862 -0.193989 -1.72264 -9999 -9999 -9999 -9999 -9999 -9999 -9999 1.73535 1.65639 1.68398 2.10357 3.27442 2.5742 -9999 -9999 -9999 -9999 -9999 -9999 -9999 -9999 -9999 -9999 -9999 -9999 -9999 -9999 -9999 -9999 -9999 -9999 -9999 -1.6947 -3.23438 -9999 -9999 -9999 -9999 -9999 -9999
-9999 -9999 9.47632 10.4491 10.9362 11.8389 12.3567 12.7086 13.009 13.2958 13.2487 12.902 12.3737 12.3755 11.6458 11.2501 10.9655 11.5658 11.6792 11.4291 11.1167 10.8393 10.0688 9.97258 9.72066 8.91505 7.59816 6.24172 4.2836 1.63471 -0.962739 -3.05873 -9999 -9999 -9999 -9999 -9999 -9999 1.96935 2.94188 3.52161 2.26766 3.32542 4.29126 4.12767 3.1703 -9999 -9999 -9999 -9999 -9999 -9999 -9999 -9999 -9999 -9999 -9999 -9999 -9999 -9999 5.60398 4.02639 0.84593 -0.787738 -1.7708 -3.17156 -9999 -9999 -9999 -9999 -9999 -9999
-9999 -9999 9.29103 10.4402 11.2202 11.9134 12.0275 12.7525 13.0608 13.2163 13.1997 13.1317 13.0343 12.3984 12.1229 11.16 12.0728 12.032 11.7929 10.8658 10.4591 8.87194 8.16864 8.00911 9.3277 8.33783 6.28086 3.71195 0.630458 0.416856 -0.607824 -2.48179 -9999 -9999 -9999 -9999 -9999 -9999 2.28049 3.32113 4.18824 4.30828 3.06125 4.78326 4.70403 3.72685 3.49784 4.28208 4.67516 4.36025 5.29505 5.56485 5.13006 5.5922 -9999 -9999 -9999 -9999 5.84012 5.89754 5.93923 5.27815 1.80419 -0.570818 -2.70453 -2.91213 -9999 -9999 -9999 -9999 -9999 -9999
-9999 -9999 10.0921 10.801 11.1617 11.224 11.8478 12.4843 12.8659 13.1512 13.0971 13.0754 13.0512 12.8329 12.3261 12.413 12.367 12.0665 10.309 8.25808 9.14006 7.91361 5.31738 7.41269 8.56202 7.44098 4.94967 2.06278 1.11589 1.14221 -0.28037 -2.10492 -9999 -9999 -9999 -0.554238 0.939772 1.06498 1.50139 2.89176 3.94753 4.73721 5.27451 5.25068 4.66146 3.70496 2.66599 3.02298 4.86461 5.30664 5.66815 5.94785 5.54359 5.74566 6.23415 6.48377 6.5297 6.4074 6.37496 6.40951 6.34438 5.72726 2.61744 0.835423 -0.304337 -2.59437 -9999 -9999 -9999 -9999 -9999 -9999
-9999 -9999 9.65986 10.277 10.7784 11.6109 11.7035 12.2315 12.5581 13.0196 13.074 12.536 12.9822 12.9236 12.8377 12.6569 12.3923 10.9081 8.86385 6.81375 5.86208 6.26264 4.69139 5.47895 6.64336 6.19966 4.67089 2.09783 1.72841 1.12718 -1.26593 -3.56462 -9999 -9999 -3.45014 -0.578658 1.44175 2.48135 2.79951 2.82463 4.15651 4.25449 5.68769 5.34385 3.42446 3.62901 2.87198 3.34202 4.0119 4.18857 5.15054 6.07839 6.24843 6.24569 6.5544 6.61312 6.62402 6.61018 6.39091 6.48297 6.49208 6.10507 3.85147 2.7489 1.53232 -2.5542 -9999 -9999 -9999 -9999 -9999 -9999
-9999 -9999 9.9864 10.6766 11.4329 11.5598 12.1223 12.0682 11.9265 12.7072 12.9918 12.6129 12.3394 12.8438 12.8064 12.7352 12.6189 11.2234 9.60831 7.16662 5.64535 4.71833 4.05185 3.16223 3.75516 3.56086 3.30415 3.57947 2.86117 1.44885 0.0473958 -2.5721 -3.98909 -9999 -3.28844 -1.99513 0.408914 2.45103 3.74516 3.27199 4.7874 5.06251 5.93421 5.41023 4.23929 3.73179 3.67742 3.51528 4.53018 5.20448 5.67647 5.99324 6.38779 6.48384 6.58089 6.61812 6.63599 6.65434 6.64367 6.63005 6.57884 6.42965 5.39004 4.2879 1.91704 -2.41272 -9999 -9999 -9999 -9999 -9999 -9999
-9999 7.98724 9.91362 11.0693 11.5201 11.8476 12.1373 12.3489 12.5803 12.7849 12.9275 12.8682 11.8605 11.9422 12.121 12.6893 12.6425 12.5094 11.6221 8.65259 7.62518 6.121 4.17506 3.35111 3.74497 5.32158 5.24099 4.18092 3.00111 1.37565 0.333502 -1.2733 -4.35368 -4.08272 -2.7041 -1.6793 -0.0467885 2.45072 4.19961 4.97651 5.26561 5.87617 6.18881 5.47276 4.78656 4.49362 3.95937 3.87498 3.86849 4.47746 4.94586 6.00764 6.36135 6.51728 6.59534 6.63493 6.6625 6.68976 6.69585 6.66991 6.66547 6.65116 6.56776 5.10483 1.45311 -1.30102 -9999 -9999 -9999 -9999 -9999 -9999
-9999 -9999 9.5641 10.0752 10.2132 10.4514 10.933 11.4874 12.2791 12.3837 12.8148 12.815 11.9454 10.9411 11.8131 12.1562 12.5101 12.5131 12.3908 9.89736 8.58637 7.55168 5.68505 6.33936 6.96454 7.00234 6.60851 4.34591 2.09298 -0.501325 -2.92669 -3.05002 -4.36016 -3.67912 -2.76997 -0.42816 1.21854 1.88339 2.35913 4.89722 5.55328 5.77256 6.41567 5.51875 5.28031 4.60262 4.79044 4.72134 4.71448 2.85516 4.69533 4.7958 5.99554 6.52847 6.64374 6.67169 6.70224 6.70302 6.70514 6.69458 6.70153 6.6768 6.64935 5.69599 1.06874 -1.26093 -9999 -9999 -9999 -9999 -9999 -9999
-9999 -9999 -9999 -9999 9.74192 10.135 10.3898 10.8259 12.1551 12.5139 12.7531 12.7759 12.3895 11.3944 11.1305 11.3083 10.3324 11.1358 12.2388 12.2018 12.0571 9.8601 8.72697 9.79869 9.45837 7.8039 6.49994 5.21331 2.57694 0.646428 -2.13222 -4.22021 -4.30577 -2.01666 -0.117235 2.25264 3.29588 2.69498 3.33589 4.59385 6.02273 6.70955 6.53789 5.59281 5.44813 4.40849 5.40925 5.48495 5.00362 4.58623 4.73362 5.32189 5.54112 6.47835 6.70001 6.73258 6.73479 6.73391 6.72516 6.71495 6.69718 6.68136 6.66175 6.61223 1.85601 -1.84867 -9999 -9999 -9999 -9999 -9999 -9999
-9999 -9999 -9999 -9999 8.83674 9.07907 9.70511 11.3013 12.1481 12.4891 12.4818 12.64 12.3679 11.4929 10.5927 9.7419 8.64451 9.26184 10.9054 11.87 11.9707 10.0435 11.0263 10.6415 9.89415 7.73356 6.13878 5.28878 2.75716 0.590245 -1.26147 -3.81407 -2.73307 -1.54093 -0.00705079 2.57809 4.3216 5.03513 4.42764 5.23 6.87533 6.87755 5.96643 6.01647 5.45266 4.03565 5.48918 5.89021 5.54696 5.6221 5.48358 5.69642 6.09278 6.47234 6.72284 6.75117 6.74908 6.73589 6.73078 6.72644 6.70285 6.69851 6.67896 6.64806 3.57554 -1.91275 -9999 -9999 -9999 -9999 -9999 -9999
-9999 -9999 -9999 -9999 -9999 8.02062 9.43956 11.5559 12.094 12.0511 12.4904 12.5306 12.1121 11.7473 10.6551 9.16207 6.29646 7.0181 8.53049 10.7139 11.8564 11.6906 11.035 9.91013 7.20439 4.8353 4.53833 4.1421 2.29185 0.62125 -1.43659 -0.257794 1.03513 2.45119 3.19292 2.99379 4.48701 5.70361 5.1804 6.166 7.31594 6.78486 6.46711 6.19837 5.54892 5.50021 5.55593 6.37653 5.79013 6.13272 6.12694 6.09735 6.28545 6.50414 6.73519 6.76765 6.76239 6.76131 6.7288 6.7336 6.71468 6.69557 6.67717 6.64979 6.36536 3.40443 1.63283 -9999 -9999 -9999 -9999 -9999
-9999 -9999 -9999 -9999 -9999 6.72484 7.4359 9.94056 10.7262 11.8342 12.4236 12.4528 11.7453 11.3499 9.72401 9.19307 6.54219 5.3375 6.34621 5.9484 8.95796 11.6195 11.0238 5.62012 3.65597 2.25207 2.59946 2.59278 2.07082 -0.767965 -1.55752 0.969591 2.55855 3.78885 4.72135 4.91172 4.87488 6.78068 7.02908 7.6443 7.5034 7.55413 6.58228 5.97716 6.48481 5.87348 5.76026 6.60846 5.75154 6.50584 6.40089 6.16159 6.14061 6.63643 6.73103 6.77815 6.7753 6.75051 6.72051 6.70062 6.71184 6.69879 6.66499 6.66011 6.62589 6.26473 4.72981 4.18815 4.77165 -9999 -9999 -9999
-9999 -9999 -9999 -9999 -9999 -9999 5.11246 8.58998 10.1898 11.0269 12.2031 12.3463 11.9727 11.2879 9.6307 8.17192 5.80178 3.09473 1.65614 5.92977 9.64762 11.5833 11.3138 6.81434 5.03223 4.93972 5.973 5.08274 4.40554 2.24673 1.59474 0.692689 1.23602 2.95393 4.3558 5.70889 6.69176 6.76797 7.40453 7.76548 7.78968 7.89828 7.77744 7.67671 6.73274 7.36573 6.8101 7.0891 6.89211 6.71325 6.55401 6.01212 6.37934 6.70423 6.78257 6.80119 6.77514 6.76516 6.74626 6.71053 6.68961 6.68203 6.67311 6.64984 6.64295 6.61638 6.43763 5.51099 4.27294 2.71085 -9999 -9999
-9999 -9999 -9999 -9999 -9999 -9999 3.38381 6.8436 8.52178 10.6675 11.7777 12.2254 12.1653 11.6097 10.3498 8.45393 6.87299 3.85196 0.714556 5.20132 9.19514 11.3468 11.4523 7.6656 8.70151 7.84638 8.17769 6.62075 5.96874 5.45386 4.33399 3.11081 1.77507 1.06446 4.21987 5.83776 7.13919 7.75051 8.09413 8.26318 8.16248 7.91624 6.50477 7.56711 7.49641 7.38013 7.24786 7.1784 7.05712 6.91609 6.82453 6.78769 6.42529 6.81664 6.79875 6.79722 6.79289 6.77683 6.75181 6.72962 6.70343 6.69606 6.67531 6.65537 6.63928 6.62445 6.6056 6.54737 6.29539 4.20053 2.94437 2.58289
-9999 -9999 -9999 -9999 -9999 -9999 -1.46475 3.56524 7.62556 9.73623 11.4538 11.9249 12.0996 11.3548 10.7963 9.43615 8.14716 6.1605 3.18692 1.35305 4.71037 9.59377 11.386 11.2311 11.1089 10.1222 9.23215 9.11179 9.16909 8.13777 6.63762 4.67722 4.05945 3.36814 5.71656 6.03004 5.85252 8.43668 8.43755 8.28521 7.28902 6.17101 6.37453 5.67721 6.18938 5.36138 6.10403 6.7444 6.97709 6.94668 6.84591 6.82476 6.77676 6.83609 6.82713 6.80882 6.7938 6.78335 6.76828 6.73312 6.71109 6.71697 6.68704 6.66577 6.64205 6.63022 6.61719 6.57216 6.5304 6.20164 5.71134 4.77998
-9999 -9999 -9999 -9999 -9999 -9999 -1.23558 3.00692 6.59358 8.74526 10.8124 11.291 11.9868 11.8336 11.2486 10.0658 8.58839 6.95255 4.40087 2.5023 4.74575 7.98561 10.3032 11.1228 11.1025 11.0375 10.8075 10.7109 10.4444 10.2549 9.17453 7.32097 6.27127 4.73935 7.35707 7.64523 7.22878 8.53304 8.46182 6.4754 4.94656 4.75054 5.669 4.77756 4.60814 4.04541 4.65757 6.31407 5.81731 5.9031 6.64389 6.75887 6.82703 6.84008 6.82698 6.81619 6.7968 6.79275 6.78909 6.75423 6.73538 6.72342 6.68931 6.67283 6.64657 6.62216 6.59878 6.57116 6.53254 6.43354 6.32577 6.41868
-9999 -9999 -9999 -9999 -9999 -9999 -1.14011 1.71392 4.94105 8.10823 10.3153 11.2044 11.8506 11.8408 11.1613 10.5711 9.64322 8.20356 7.21388 5.49957 3.14878 7.07166 8.26914 9.33077 9.77966 10.8918 10.8552 10.3322 9.72602 10.2701 10.0962 8.6286 8.14072 7.32303 8.77569 8.77246 8.72567 8.64139 6.96204 4.63005 2.76472 4.09628 3.80986 4.41194 2.49504 4.05297 5.30333 5.70205 4.83304 4.18766 6.13774 6.45091 6.63572 6.75145 6.82519 6.79835 6.81184 6.79422 6.7828 6.77106 6.74892 6.73338 6.71078 6.6875 6.65797 6.63567 6.60622 6.57186 6.56235 6.50308 6.47631 6.44705
-9999 -9999 -9999 -9999 -9999 -9999 -9999 0.0465166 4.13676 7.78769 9.81931 11.0958 11.7159 11.7013 11.3518 10.9496 10.3724 9.33246 8.02703 5.96707 4.43598 5.39734 6.57105 6.68964 7.46675 9.736 10.5053 9.39343 6.66084 8.25822 10.0441 10.0061 9.84454 9.66531 9.43589 9.2314 8.79249 7.62805 4.07384 3.37206 1.97408 2.1258 1.40489 2.95146 2.35374 3.94684 4.63172 4.88407 3.39278 3.69103 5.41828 6.09811 5.97499 6.38957 6.78397 6.79024 6.79532 6.77883 6.78183 6.77959 6.76752 6.74527 6.72648 6.71097 6.66446 6.65752 6.51863 6.42575 6.2447 6.45243 6.46564 6.46287
-9999 -9999 -9999 -9999 -9999 -9999 -9999 -0.76213 3.31911 7.61848 8.99753 10.3736 11.5603 11.5801 11.048 10.5414 10.0193 9.42523 7.84315 6.30851 4.84278 4.34646 4.63385 4.59599 5.85877 8.81816 9.38428 9.13057 6.27465 5.30155 7.69069 9.69747 9.84788 9.65729 7.27813 7.77631 6.49025 4.74867 4.26494 3.49931 1.88807 2.65409 1.47155 1.96818 1.8126 2.71336 3.14773 4.22012 2.91954 2.91075 4.60634 5.45965 5.47292 6.36971 6.68486 6.76249 6.77735 6.78664 6.78494 6.79386 6.78039 6.76198 6.73918 6.69062 6.58204 6.25068 4.52412 4.51951 4.98365 5.42248 6.22168 6.44093
-9999 -9999 -9999 -9999 -9999 -9999 -9999 -0.28584 2.54564 6.36005 9.18463 9.35972 10.7309 11.4369 10.8586 10.2077 9.54143 9.24731 7.52608 5.63559 4.1068 2.29795 2.58844 3.876 5.97711 7.88613 8.22078 7.81627 6.28236 6.99473 8.62154 9.48157 9.72956 9.52023 8.99629 8.69077 7.74184 7.32698 6.01204 3.95963 3.14726 3.65094 1.47178 1.61614 2.41149 1.53611 2.93402 3.59821 1.92181 3.22778 4.73035 5.4946 6.16204 6.47414 6.59436 6.78299 6.78178 6.79221 6.79545 6.78711 6.78164 6.74457 6.71285 6.52491 6.25015 4.644 3.95804 4.08216 4.81501 5.45585 6.11975 6.39062
-9999 -9999 -9999 -9999 -9999 -9999 -9999 0.201474 2.75034 6.05719 8.07023 8.42808 9.94894 11.3006 11.1453 10.4682 10.2588 9.55655 8.09606 6.48312 4.72035 3.86017 1.89008 3.81694 5.33058 6.94628 7.69791 6.43705 5.79873 6.90562 8.00613 8.44092 9.55292 9.53473 9.16249 7.58201 6.80797 7.12566 6.78948 6.20566 4.79063 4.72102 3.80917 3.42697 3.0652 1.89239 2.61724 2.68191 2.86753 4.44292 5.2211 5.73449 6.20099 6.31807 6.51719 6.77802 6.79517 6.79863 6.79151 6.79073 6.76533 6.68347 6.61346 6.24092 5.58582 4.36857 2.38626 3.76295 5.20275 5.62509 6.0342 6.24605
-9999 -9999 -9999 -9999 -9999 -9999 -9999 -0.228066 2.47941 5.30513 6.48497 6.68287 9.4378 11.1231 11.1221 10.7989 10.4218 8.69432 8.79038 8.44049 6.84984 4.53517 1.99333 2.22472 3.72046 5.85569 6.55752 4.47725 3.73632 4.26732 5.93586 7.42877 8.98812 9.37872 8.9118 6.45549 3.84578 5.0463 6.32956 6.31571 5.93043 4.61727 4.19527 3.81228 2.85148 1.22241 1.44248 1.8827 3.66852 4.23103 5.10465 5.82905 5.54542 5.6996 6.39303 6.78819 6.79687 6.79776 6.80488 6.78962 6.75962 6.60203 6.4354 6.15975 4.46157 3.40297 1.86078 3.62535 4.60466 5.1155 6.0478 6.26513
-9999 -9999 -9999 -9999 -9999 -9999 -9999 -1.06132 0.902789 3.6034 4.69015 6.42478 9.02797 10.3063 10.9169 10.8992 10.6463 9.87014 9.40126 8.48196 6.82747 4.56698 2.05462 0.416686 1.23946 4.10736 4.77935 2.86333 1.88281 3.08628 4.86519 7.50308 9.00714 9.20397 9.06016 8.5481 6.64088 4.33807 4.33908 5.48382 4.51333 3.38632 3.99491 3.87332 2.92449 2.23196 1.79003 2.0373 3.05242 3.46962 4.48023 5.97575 6.18364 6.13381 6.75972 6.78467 6.79292 6.81041 6.80337 6.79132 6.76607 6.63623 6.35304 5.2205 4.23191 2.859 2.6831 4.24679 4.93059 5.56383 6.01775 6.16123
-9999 -9999 -9999 -9999 -9999 -9999 -9999 -2.49948 -0.188441 2.34119 4.70932 6.94934 8.87648 9.02208 10.0363 10.0307 10.5596 10.4019 9.68162 8.90644 7.48008 4.57788 2.13631 -0.5261 0.167461 3.09357 3.47083 2.18153 -0.193734 2.24318 4.93152 7.36743 8.6828 7.63873 8.69441 8.60017 7.88123 6.50755 4.37545 4.40866 2.80891 2.73233 3.54278 3.80059 3.65647 3.13459 2.298 2.41692 3.02814 3.17919 4.1074 5.26596 6.39865 6.58313 6.7937 6.79636 6.79337 6.8047 6.8006 6.77047 6.70574 6.57001 5.61945 4.49009 3.79166 2.83285 2.71023 4.52655 5.23591 5.62939 6.02057 6.17096
-9999 -9999 -9999 -9999 -9999 -9999 -9999 -9999 -0.419416 2.194 4.12696 4.64529 6.35791 7.28083 7.99384 8.14842 10.1896 10.2973 9.83867 9.12603 7.90852 5.70469 4.1671 1.61301 -0.224811 0.50727 0.855068 1.52018 1.31406 2.39675 4.97996 7.6717 7.95897 6.23733 6.48427 6.83608 7.63318 7.21833 4.31559 2.83721 1.60868 2.46864 3.37349 3.58643 3.62257 3.4383 3.21273 2.84194 4.05449 4.94975 5.15142 5.9314 6.50552 6.65904 6.77317 6.78146 6.79013 6.78393 6.74366 6.71266 6.56025 6.22667 5.16396 2.6176 2.72908 2.44715 1.64982 3.42405 4.52472 5.52611 6.055 6.18649
-9999 -9999 -9999 -9999 -9999 -9999 -9999 -9999 -1.28377 1.74044 2.37727 2.32701 1.32189 1.77961 5.49019 6.23378 8.19102 10.0437 9.9017 9.20226 8.06254 6.74731 4.71431 1.8425 -0.44087 -1.4055 1.02686 3.4232 3.91235 4.67302 6.25318 6.54772 4.78839 3.13822 4.05394 4.60277 6.71324 7.09261 6.67382 4.92172 2.91928 1.87014 3.09128 3.24732 3.31267 3.31874 3.26461 3.19464 4.55508 5.30858 5.82905 6.10913 6.60111 6.72187 6.75601 6.7879 6.7724 6.74023 6.65493 6.55875 6.15732 5.6726 3.93599 2.4868 1.58024 0.431311 2.99609 3.74693 4.78891 5.45465 5.9805 6.09027
