Test_Spring_2018b/11_17/Temp/20171104_000.txt
ncols	170
nrows	115
xllcorner	350000.000000
yllcorner	4445000.000000
cellsize	1000.000000
nodata_value	-9999.000000
[rows 32 to 63 of 115, columns 72 to 143 of 170]
11.4815 11.1307 11.6696 12.166 11.8788 11.6902 12.5137 12.5139 12.235 11.5797 11.3388 11.0888 10.9351 10.0936 7.73455 5.60776 6.74528 6.77113 5.98272 7.39429 6.64811 4.70233 1.95586 3.45011 3.06291 1.13359 0.659034 -9999 -9999 -9999 -9999 -9999 -9999 -9999 -9999 -9999 -9999 -9999 -9999 -9999 -9999 -9999 -9999 -9999 -9999 -9999 -9999 -9999 -9999 -9999 -9999 -9999 -9999 -9999 -9999 -9999 -9999 -9999 -9999 -9999 -9999 -9999 -9999 -9999 -9999 -9999 -9999 -9999 -9999 -9999 -9999 -9999
11.0112 10.8596 11.661 11.6433 11.607 11.9114 12.4251 12.5264 12.4176 12.1315 11.8836 11.6197 10.9512 9.98869 7.96964 5.5491 4.99918 6.18214 6.23812 6.4279 5.74787 4.89412 3.55875 4.65373 5.07983 3.80477 2.14792 1.08432 -9999 -9999 -9999 -9999 -9999 -9999 -9999 -9999 -9999 -9999 -9999 -9999 -9999 -9999 -9999 -9999 -9999 -9999 -9999 -9999 -9999 -9999 -9999 -9999 -9999 -9999 -9999 -9999 -9999 -9999 -9999 -9999 -9999 -9999 -9999 -9999 -9999 -9999 -9999 -9999 -9999 -9999 -9999 -9999
10.4502 9.67031 10.1529 10.5151 11.2132 11.3972 11.4983 12.4558 12.405 12.3603 11.951 11.6232 11.0806 10.1542 8.83572 7.2485 4.48591 6.18761 7.52014 7.48553 7.41239 6.81435 5.53146 6.60618 6.65776 5.03264 3.19858 2.1039 1.65112 -9999 -9999 -9999 -9999 -9999 -9999 -9999 -9999 -9999 -9999 -9999 -9999 -9999 -9999 -9999 -9999 -9999 -9999 -9999 -9999 -9999 -9999 -9999 -9999 -9999 -9999 -9999 -9999 -9999 -9999 -9999 -9999 -9999 -9999 -9999 -9999 -9999 -9999 -9999 -9999 -9999 -9999 -9999
9.81253 8.86031 9.3459 9.99447 10.9239 11.4161 11.7811 12.0675 12.3595 12.3246 11.9056 10.669 10.4915 10.4368 9.57393 7.76455 5.95765 5.48885 7.52203 8.10373 7.985 8.43946 7.35286 7.86763 7.65817 7.08621 5.31172 3.69359 3.01845 1.68375 -9999 -9999 -9999 -9999 -9999 -9999 -9999 -9999 -9999 -9999 -9999 -9999 -9999 -9999 -9999 -9999 -9999 -9999 -9999 -9999 -9999 -9999 -9999 -9999 -9999 -9999 -9999 -9999 -9999 -9999 -9999 -9999 -9999 -9999 -9999 -9999 -9999 -9999 -9999 -9999 -9999 -9999
-9999 -9999 8.25744 9.15407 9.89034 10.7998 11.5765 11.9644 12.3409 12.3103 11.4734 11.0634 11.0265 10.4606 9.46459 8.83894 7.70074 6.51514 6.96679 8.70084 7.92923 9.15842 9.05515 9.28202 8.46188 6.92411 4.8495 3.65088 3.04707 1.96561 -9999 -9999 -9999 -9999 -9999 -9999 -9999 -9999 -9999 -9999 -9999 -9999 -9999 -9999 -9999 -9999 -9999 -9999 -9999 -9999 -9999 -9999 -9999 -9999 -9999 -9999 -9999 -9999 -9999 -9999 -9999 -9999 -9999 -9999 -9999 -9999 -9999 -9999 -9999 -9999 -9999 -9999
-9999 -9999 -9999 8.98835 9.55044 10.7491 11.3845 11.6365 12.2439 12.245 11.9276 11.6874 11.339 10.8841 10.135 9.30866 8.23794 8.13778 9.24645 9.25971 9.02791 9.21054 9.78148 9.63247 8.36839 6.18756 5.02971 2.68996 1.68128 1.78496 1.06933 -9999 -9999 -9999 -9999 -9999 -9999 -9999 -9999 -9999 -9999 -9999 -9999 3.76682 -9999 -9999 -9999 -9999 -9999 -9999 -9999 -9999 -9999 -9999 -9999 -9999 -9999 -9999 -9999 -9999 -9999 -9999 -9999 -9999 -0.687023 -9999 -9999 -9999 -9999 -9999 -9999 -9999
-9999 -9999 8.86365 9.62674 10.2104 10.9625 11.0485 11.4994 12.198 12.208 11.9826 11.7276 11.1552 11.012 10.5847 9.68741 9.50257 9.86417 10.0304 10.2195 10.3363 10.2423 10.0126 9.71589 8.91392 7.89846 7.21772 5.06889 3.99455 2.95353 1.37703 0.143202 -9999 -9999 -9999 -9999 -9999 -9999 -9999 2.96089 2.89789 2.92128 3.26239 4.2123 3.64647 -9999 -9999 -9999 -9999 -9999 -9999 -9999 -9999 -9999 -9999 -9999 -9999 -9999 -9999 -9999 -9999 -9999 -9999 -9999 0.174763 -1.07782 -9999 -9999 -9999 -9999 -9999 -9999
-9999 -9999 9.07529 9.86418 10.2592 10.9904 11.4093 11.6983 11.9409 12.1721 12.1325 11.8503 11.4211 11.4218 10.8306 10.5108 10.2821 10.7715 10.8675 10.6702 10.4235 10.206 9.58983 9.52053 9.3369 8.69392 7.63651 6.54663 4.98506 2.84588 0.747432 -0.945717 -9999 -9999 -9999 -9999 -9999 -9999 3.14258 3.9313 4.40182 3.38688 4.24504 5.02896 4.89806 4.12753 -9999 -9999 -9999 -9999 -9999 -9999 -9999 -9999 -9999 -9999 -9999 -9999 -9999 -9999 6.10144 4.81935 2.23819 0.909781 0.10811 -1.03229 -9999 -9999 -9999 -9999 -9999 -9999
-9999 -9999 8.91343 9.84563 10.4781 11.0397 11.1314 11.7096 11.9704 12.0947 12.0793 12.0222 11.9414 11.4249 11.2012 10.4216 11.1628 11.1329 10.9437 10.1984 9.87597 8.59831 8.03758 7.92844 9.00766 8.21662 6.56078 4.48967 2.01261 1.85262 1.02895 -0.483948 -9999 -9999 -9999 -9999 -9999 -9999 3.38817 4.23181 4.93498 5.03311 4.02395 5.42056 5.36141 4.57148 4.38786 5.02525 5.34576 5.10605 5.86067 6.07971 5.72766 6.10197 -9999 -9999 -9999 -9999 6.29584 6.33934 6.36952 5.82976 3.01053 1.08116 -0.65314 -0.828625 -9999 -9999 -9999 -9999 -9999 -9999
-9999 -9999 9.55097 10.1269 10.42 10.4704 10.9751 11.4815 11.8004 12.0229 11.9768 11.9569 11.9352 11.7566 11.345 11.4156 11.3797 11.139 9.71939 8.0635 8.78513 7.80802 5.71452 7.43323 8.37664 7.48067 5.47422 3.14668 2.39964 2.43437 1.28893 -0.191037 -9999 -9999 -9999 1.07758 2.28874 2.39036 2.74379 3.86998 4.72517 5.37378 5.81018 5.79735 5.31983 4.54692 3.70744 3.99909 5.49363 5.85421 6.15792 6.3854 6.05848 6.21686 6.61277 6.81462 6.85082 6.75002 6.72127 6.74604 6.6893 6.18468 3.66567 2.21635 1.28689 -0.586704 -9999 -9999 -9999 -9999 -9999 -9999
-9999 -9999 9.18603 9.68778 10.095 10.7665 10.8408 11.267 11.5229 11.9045 11.9459 11.507 11.8658 11.816 11.745 11.5982 11.3849 10.1853 8.53351 6.87867 6.11532 6.44775 5.18542 5.84463 6.80082 6.46595 5.23441 3.16189 2.87394 2.40508 0.478261 -1.37757 -9999 -9999 -1.27354 1.0542 2.6915 3.53349 3.79061 3.8102 4.88863 4.96771 6.12906 5.8552 4.30017 4.46781 3.86796 4.25163 4.79119 4.93727 5.72995 6.48071 6.61987 6.6187 6.86939 6.91693 6.925 6.9122 6.73208 6.8033 6.80645 6.48789 4.65636 3.7568 2.76346 -0.56418 -9999 -9999 -9999 -9999 -9999 -9999
-9999 -9999 9.43455 9.99533 10.609 10.7119 11.167 11.1249 11.0015 11.632 11.8676 11.5571 11.3321 11.7379 11.7056 11.6472 11.5539 10.426 9.12208 7.15034 5.92606 5.18362 4.6552 3.95309 4.44672 4.30289 4.10853 4.34498 3.78683 2.66142 1.53524 -0.576853 -1.71938 -9999 -1.14541 -0.096491 1.85124 3.50497 4.55224 4.16755 5.39414 5.61629 6.32564 5.90199 4.95346 4.53961 4.49794 4.36961 5.19546 5.75543 6.15108 6.40987 6.72913 6.80852 6.88818 6.9187 6.93267 6.94608 6.93495 6.9204 6.8744 6.74811 5.89965 4.99932 3.07097 -0.453934 -9999 -9999 -9999 -9999 -9999 -9999
-9999 7.79466 9.36585 10.304 10.6704 10.9359 11.17 11.34 11.5196 11.6855 11.7982 11.7526 10.9322 10.9949 11.1373 11.5966 11.5593 11.4541 10.7399 8.34079 7.51572 6.30625 4.74134 4.09543 4.42888 5.72098 5.67055 4.82636 3.88462 2.58739 1.76374 0.470155 -2.01758 -1.79396 -0.67463 0.156525 1.47879 3.50096 4.9161 5.54359 5.77609 6.27203 6.52516 5.9418 5.3857 5.15008 4.71985 4.65491 4.65378 5.15183 5.54484 6.41705 6.70597 6.83244 6.89718 6.92997 6.95207 6.97282 6.97526 6.95056 6.94216 6.92475 6.85026 5.65749 2.68882 0.440638 -9999 -9999 -9999 -9999 -9999 -9999
-9999 -9999 9.07348 9.48964 9.60271 9.796 10.1856 10.6333 11.267 11.3497 11.6965 11.6947 10.9901 10.1725 10.8762 11.1526 11.4397 11.4446 11.3502 9.33532 8.28181 7.45409 5.95402 6.5063 7.0281 7.0745 6.77138 4.95404 3.14402 1.06262 -0.890134 -0.979618 -2.02703 -1.46978 -0.730812 1.16717 2.50059 3.0375 3.42059 5.47439 6.00538 6.17915 6.69904 5.97222 5.77883 5.23154 5.38652 5.33431 5.33338 3.83227 5.33686 5.42275 6.39903 6.83945 6.93334 6.95705 6.9818 6.98122 6.98041 6.96802 6.96857 6.94231 6.91117 6.13051 2.37283 0.468296 -9999 -9999 -9999 -9999 -9999 -9999
-9999 -9999 -9999 -9999 9.21244 9.53129 9.73721 10.089 11.1585 11.4472 11.6383 11.6537 11.3375 10.53 10.3129 10.4552 9.66473 10.3179 11.2151 11.1917 11.0833 9.31409 8.41616 9.29949 9.03974 7.71586 6.67621 5.65049 3.53076 1.9878 -0.250343 -1.93085 -1.99125 -0.130169 1.41497 3.33556 4.17979 3.69081 4.20726 5.22325 6.37795 6.93201 6.7914 6.02528 5.90777 5.06723 5.88098 5.94637 5.56144 5.2291 5.36243 5.84412 6.0266 6.79023 6.97321 7.00297 7.00496 7.00313 6.99349 6.98125 6.96069 6.94096 6.91712 6.86828 3.00563 -0.0131274 -9999 -9999 -9999 -9999 -9999 -9999
-9999 -9999 -9999 -9999 8.47105 8.66781 9.17452 10.4663 11.1451 11.4195 11.411 11.5362 11.3125 10.6004 9.86881 9.17758 8.28827 8.79029 10.126 10.9139 11.0042 9.45365 10.2701 9.97357 9.3844 7.65092 6.37617 5.70479 3.67057 1.93656 0.450009 -1.60635 -0.721148 0.251501 1.49832 3.59472 5.00613 5.58161 5.08641 5.73295 7.06259 7.0616 6.32156 6.3614 5.90421 4.75789 5.93855 6.26771 5.99495 6.06203 5.96393 6.14192 6.46837 6.78063 6.98736 7.01277 7.01224 7.00049 6.99379 6.98583 6.96088 6.95018 6.92608 6.89198 4.3931 -0.0708653 -9999 -9999 -9999 -9999 -9999 -9999
-9999 -9999 -9999 -9999 -9999 7.8026 8.95174 10.665 11.0938 11.0574 11.4109 11.4406 11.0985 10.7999 9.91246 8.70104 6.37913 6.96551 8.19474 9.96996 10.9041 10.7804 10.2692 9.37304 7.19721 5.29487 5.07172 4.76819 3.28627 1.95462 0.301424 1.26852 2.32573 3.48006 4.08527 3.92546 5.13427 6.11743 5.69015 6.48489 7.41292 6.97957 6.72001 6.50137 5.97469 5.93688 5.98506 6.65423 6.18463 6.46861 6.47821 6.46009 6.61812 6.80033 6.99154 7.0205 7.0172 7.01545 6.98644 6.98596 6.96468 6.94186 6.91852 6.8871 6.64693 4.23051 2.78436 -9999 -9999 -9999 -9999 -9999
-9999 -9999 -9999 -9999 -9999 6.74533 7.321 9.34902 9.97846 10.8746 11.3501 11.3712 10.7952 10.4721 9.15225 8.72043 6.572 5.59861 6.41956 6.10318 8.5496 10.7162 10.2532 5.89006 4.31467 3.19398 3.49263 3.50451 3.09864 0.820528 0.194923 2.2545 3.5517 4.55568 5.31561 5.47148 5.44079 6.98185 7.18071 7.67533 7.55743 7.59533 6.80569 6.31437 6.72506 6.23133 6.14257 6.83408 6.14531 6.76287 6.69225 6.50431 6.49306 6.8999 6.98066 7.02156 7.02013 6.99923 6.97204 6.95194 6.95506 6.93714 6.90132 6.88814 6.85071 6.54061 5.2863 4.83718 5.30029 -9999 -9999 -9999
-9999 -9999 -9999 -9999 -9999 -9999 5.43134 8.24769 9.53677 10.2138 11.1649 11.2788 10.9729 10.4159 9.07138 7.88806 5.96721 3.77458 2.6155 6.08348 9.10325 10.6812 10.4821 6.85082 5.42221 5.36332 6.21704 5.51249 4.98034 3.25286 2.73845 2.01963 2.46963 3.86958 5.00894 6.10707 6.90275 6.96177 7.47321 7.76522 7.78117 7.86598 7.76579 7.68306 6.91762 7.43191 6.98459 7.2148 7.06053 6.92192 6.80734 6.37416 6.67734 6.94561 7.01313 7.03037 7.01042 7.00151 6.98332 6.94955 6.92819 6.91482 6.89932 6.87145 6.85639 6.81749 6.66223 5.9015 4.8891 3.61494 -9999 -9999
-9999 -9999 -9999 -9999 -9999 -9999 4.02364 6.82576 8.1782 9.91575 10.8118 11.1733 11.123 10.6712 9.64888 8.11177 6.83053 4.38359 1.84373 5.48398 8.73224 10.4844 10.5806 7.534 8.38754 7.70983 7.99389 6.74834 6.23578 5.83964 4.94565 3.96628 2.89492 2.32489 4.886 6.19888 7.25299 7.74595 8.02049 8.1527 8.07275 7.87158 6.72583 7.58542 7.52749 7.43463 7.33013 7.27779 7.18459 7.0763 7.01653 6.99226 6.70404 7.0258 7.01419 7.01569 7.01322 6.99936 6.97628 6.95363 6.9261 6.91759 6.8914 6.86658 6.84448 6.81529 6.79007 6.73337 6.52029 4.81486 3.78974 3.48963
-9999 -9999 -9999 -9999 -9999 -9999 0.0882158 4.16259 7.44165 9.15152 10.5426 10.9233 11.0637 10.4591 10.0054 8.90271 7.85825 6.24947 3.8423 2.35992 5.08734 9.05098 10.5209 10.4162 10.3303 9.54486 8.83828 8.7555 8.81656 8.00127 6.79975 5.22261 4.72952 4.17643 6.08374 6.34004 6.19631 8.28815 8.2856 8.15805 7.34653 6.44586 6.60838 6.04475 6.45911 5.78953 6.39368 6.91614 7.10934 7.09022 7.0229 7.01021 6.97658 7.02782 7.02432 7.01195 7.00066 6.99131 6.9764 6.94348 6.91969 6.91727 6.89198 6.86673 6.83709 6.81062 6.79073 6.74531 6.70308 6.42898 6.02473 5.26316
-9999 -9999 -9999 -9999 -9999 -9999 0.262964 3.69166 6.59784 8.34128 10.0158 10.403 10.966 10.841 10.3663 9.40761 8.21076 6.88635 4.82097 3.28599 5.10821 7.74251 9.62843 10.3129 10.3172 10.2772 10.1041 10.0389 9.83704 9.70351 8.8402 7.34719 6.50536 5.27093 7.3964 7.63237 7.29547 8.35093 8.29067 6.67791 5.43558 5.27332 6.02614 5.30277 5.16495 4.71316 5.21139 6.55678 6.15625 6.23115 6.84611 6.94426 7.0026 7.01735 7.01006 7.00345 6.98842 6.98423 6.9787 6.94633 6.92557 6.90928 6.87424 6.86158 6.83242 6.79569 6.76668 6.73602 6.69694 6.6095 6.51265 6.5812
-9999 -9999 -9999 -9999 -9999 -9999 0.3267 2.63598 5.25092 7.81732 9.60536 10.3254 10.8486 10.8402 10.2893 9.81112 9.05972 7.89439 7.09451 5.70863 3.80831 6.99217 7.97348 8.85372 9.22533 10.1387 10.122 9.71173 9.24819 9.70093 9.5696 8.39004 8.00278 7.34665 8.52809 8.52813 8.49112 8.42219 7.05977 5.16783 3.65369 4.72976 4.49554 4.9953 3.44196 4.70169 5.71698 6.04342 5.34675 4.82868 6.42316 6.67974 6.83356 6.93094 6.99351 6.97353 6.98495 6.96974 6.9581 6.94483 6.92192 6.90337 6.8784 6.85243 6.83091 6.79626 6.76437 6.72592 6.71064 6.65523 6.62742 6.59721
-9999 -9999 -9999 -9999 -9999 -9999 -9999 1.27003 4.58527 7.54372 9.19013 10.2246 10.7272 10.7155 10.4325 10.1069 9.63985 8.7984 7.7426 6.07641 4.83981 5.62381 6.58567 6.7025 7.34214 9.1916 9.82651 8.93771 6.74302 8.04822 9.50541 9.48391 9.36098 9.22218 9.04453 8.88162 8.52727 7.58377 4.70308 4.12923 2.99429 3.11498 2.52916 3.79605 3.31196 4.60374 5.16071 5.36821 4.16388 4.42085 5.82311 6.37786 6.28187 6.62106 6.94435 6.95084 6.95526 6.94097 6.94121 6.93602 6.92183 6.89714 6.87578 6.85667 6.8232 6.80083 6.68077 6.59826 6.44471 6.60663 6.6115 6.59429
-9999 -9999 -9999 -9999 -9999 -9999 -9999 0.60681 3.91383 7.39757 8.51527 9.63047 10.5923 10.6086 10.1779 9.76795 9.34577 8.86569 7.58581 6.34516 5.16128 4.76387 5.00254 4.99726 6.02929 8.43668 8.90567 8.7108 6.41515 5.6366 7.58144 9.21563 9.34471 9.19621 7.27316 7.67983 6.63954 5.22898 4.83654 4.21505 2.90815 3.52734 2.56822 2.97018 2.86081 3.59171 3.94558 4.81715 3.76687 3.77464 5.15093 5.8456 5.85951 6.5888 6.84622 6.91035 6.92262 6.92927 6.9259 6.93008 6.91518 6.89552 6.87174 6.82672 6.73291 6.47012 5.05454 5.04432 5.41418 5.76392 6.40478 6.56815
-9999 -9999 -9999 -9999 -9999 -9999 -9999 0.983422 3.27774 6.36845 8.65723 8.79944 9.91075 10.4831 10.0151 9.48838 8.94956 8.71263 7.32005 5.79103 4.55585 3.09468 3.33532 4.38475 6.11428 7.6696 7.94988 7.6316 6.40611 6.99194 8.31811 9.0223 9.22972 9.06554 8.64529 8.40082 7.63391 7.2987 6.23345 4.57016 3.91128 4.31868 2.55278 2.66988 3.31508 2.62454 3.75896 4.29956 2.94438 4.01647 5.23659 5.85854 6.40189 6.65696 6.75602 6.90978 6.90889 6.91652 6.9174 6.90801 6.90017 6.86611 6.8359 6.67882 6.45127 5.14503 4.5854 4.68021 5.26845 5.78244 6.30392 6.51879
-9999 -9999 -9999 -9999 -9999 -9999 -9999 1.36854 3.43368 6.11299 7.74414 8.03434 9.26685 10.3623 10.2371 9.68931 9.52067 8.95321 7.77189 6.46766 5.04276 4.34988 2.75858 4.32533 5.57881 6.89555 7.51263 6.50797 5.99873 6.90316 7.80196 8.16078 9.06749 9.05767 8.76004 7.48257 6.85754 7.1162 6.84448 6.37168 5.22524 5.16886 4.43034 4.12132 3.8294 2.8992 3.48827 3.54295 3.6968 4.98626 5.61904 6.03726 6.41731 6.51393 6.67654 6.88854 6.90243 6.90449 6.89721 6.89437 6.87096 6.80129 6.74084 6.43504 5.90018 4.90985 3.3013 4.41163 5.57328 5.9007 6.22556 6.39291
-9999 -9999 -9999 -9999 -9999 -9999 -9999 1.01041 3.2038 5.49307 6.44897 6.60943 8.84166 10.2074 10.2072 9.94611 9.6417 8.24363 8.32342 8.04245 6.75687 4.88535 2.83047 3.02308 4.25574 5.99878 6.57463 4.90539 4.31209 4.74902 6.10715 7.32245 8.59095 8.91182 8.53719 6.55004 4.4379 5.41212 6.45289 6.44244 6.13092 5.06766 4.72658 4.41742 3.64052 2.32497 2.52199 2.88079 4.34196 4.79959 5.50933 6.09809 5.86997 5.99627 6.55904 6.87968 6.88663 6.88669 6.89121 6.87704 6.85045 6.72009 6.58209 6.35556 4.97642 4.11542 2.85317 4.29006 5.07925 5.4763 6.22745 6.39954
-9999 -9999 -9999 -9999 -9999 -9999 -9999 0.324786 1.9156 4.10322 4.98343 6.38869 8.4978 9.53377 10.029 10.0153 9.8116 9.18425 8.80636 8.06406 6.72667 4.89889 2.86764 1.54538 2.21722 4.56862 5.12324 3.5828 2.7946 3.77556 5.22233 7.36456 8.58764 8.75105 8.63788 8.2258 6.68286 4.81897 4.82127 5.74997 4.96487 4.053 4.54742 4.45051 3.68366 3.1248 2.78869 2.99305 3.82782 4.16752 4.98795 6.20112 6.37089 6.33157 6.83939 6.85991 6.86648 6.8801 6.87339 6.86222 6.83999 6.73272 6.50099 5.58097 4.77747 3.66259 3.5175 4.78336 5.32315 5.82996 6.19396 6.30657
-9999 -9999 -9999 -9999 -9999 -9999 -9999 -0.851321 1.02021 3.06895 4.98699 6.8014 8.36254 8.48056 9.30259 9.2988 9.72836 9.60213 9.0206 8.39509 7.24253 4.89478 2.92072 0.768203 1.335 3.72712 4.05407 3.01528 1.09643 3.07601 5.2589 7.23684 8.30648 7.46406 8.32237 8.24863 7.66841 6.55746 4.83185 4.86043 3.566 3.50568 4.16416 4.37508 4.26057 3.84021 3.16829 3.28606 3.79302 3.91695 4.67042 5.61033 6.52907 6.67933 6.85042 6.85277 6.85021 6.85893 6.85485 6.82939 6.77566 6.66421 5.89243 4.97569 4.40799 3.62931 3.52807 4.98826 5.56068 5.87358 6.1872 6.30578
-9999 -9999 -9999 -9999 -9999 -9999 -9999 -9999 0.821378 2.93758 4.50264 4.9218 6.30882 7.05636 7.63419 7.76003 9.4148 9.50365 9.13412 8.55935 7.57606 5.79416 4.55246 2.48758 1.00329 1.62266 1.9201 2.46429 2.30233 3.18416 5.28129 7.46591 7.70205 6.31021 6.51295 6.80039 7.44839 7.11436 4.76463 3.56891 2.57567 3.2746 4.01005 4.18506 4.21699 4.07046 3.89798 3.62534 4.6094 5.33623 5.50092 6.13392 6.5999 6.72485 6.81763 6.82442 6.83129 6.82591 6.79275 6.76693 6.64262 6.37142 5.5094 3.44528 3.53444 3.30483 2.65762 4.08351 4.97209 5.78057 6.20623 6.30989
-9999 -9999 -9999 -9999 -9999 -9999 -9999 -9999 0.109032 2.55756 3.07205 3.03011 2.21487 2.58519 5.59138 6.19427 7.78101 9.28357 9.17073 8.60679 7.68668 6.62483 4.98187 2.6596 0.814287 0.0468585 2.03858 3.99101 4.39194 5.01241 6.29636 6.53826 5.11577 3.78137 4.52559 4.9724 6.68436 6.99384 6.65675 5.23956 3.61972 2.77239 3.76457 3.89395 3.94996 3.95799 3.92195 3.87939 4.99993 5.61193 6.03484 6.26269 6.66193 6.76016 6.78797 6.81377 6.80105 6.77471 6.70526 6.62695 6.30131 5.90818 4.50075 3.32617 2.59118 1.65979 3.73714 4.33459 5.16621 5.71358 6.13726 6.22377
