Test_Spring_2018b/03_18/Temp/20180310_016.txt
ncols	170
nrows	115
xllcorner	350000.000000
yllcorner	4445000.000000
cellsize	1000.000000
nodata_value	-9999.000000
[rows 32 to 63 of 115, columns 72 to 143 of 170]
14.3185 14.217 14.4027 14.5743 14.4682 14.4048 14.6708 14.6816 14.6026 14.4024 14.3365 14.2681 14.2313 13.9725 13.2235 12.5497 12.931 12.953 12.7117 13.1812 12.953 12.3368 11.4615 11.9565 11.843 11.2169 11.0746 -9999 -9999 -9999 -9999 -9999 -9999 -9999 -9999 -9999 -9999 -9999 -9999 -9999 -9999 -9999 -9999 -9999 -9999 -9999 -9999 -9999 -9999 -9999 -9999 -9999 -9999 -9999 -9999 -9999 -9999 -9999 -9999 -9999 -9999 -9999 -9999 -9999 -9999 -9999 -9999 -9999 -9999 -9999 -9999 -9999
14.1654 14.1285 14.3991 14.4047 14.389 14.4754 14.6416 14.6853 14.6614 14.5806 14.5125 14.4397 14.2364 13.9385 13.2993 12.5305 12.3664 12.7622 12.7937 12.8683 12.6615 12.3982 11.979 12.345 12.4945 12.0933 11.5551 11.2102 -9999 -9999 -9999 -9999 -9999 -9999 -9999 -9999 -9999 -9999 -9999 -9999 -9999 -9999 -9999 -9999 -9999 -9999 -9999 -9999 -9999 -9999 -9999 -9999 -9999 -9999 -9999 -9999 -9999 -9999 -9999 -9999 -9999 -9999 -9999 -9999 -9999 -9999 -9999 -9999 -9999 -9999 -9999 -9999
13.9835 13.7435 13.9111 14.0395 14.2483 14.2981 14.3415 14.6619 14.6569 14.6541 14.5339 14.4405 14.278 13.9917 13.5789 13.0794 12.2001 12.7636 13.2077 13.2097 13.199 13.0183 12.616 12.9755 13.004 12.4877 11.8797 11.5391 11.4062 -9999 -9999 -9999 -9999 -9999 -9999 -9999 -9999 -9999 -9999 -9999 -9999 -9999 -9999 -9999 -9999 -9999 -9999 -9999 -9999 -9999 -9999 -9999 -9999 -9999 -9999 -9999 -9999 -9999 -9999 -9999 -9999 -9999 -9999 -9999 -9999 -9999 -9999 -9999 -9999 -9999 -9999 -9999
13.7771 13.4813 13.6498 13.8707 14.1672 14.3145 14.4323 14.5359 14.6415 14.6419 14.5186 14.1315 14.087 14.0825 13.817 13.2458 12.6754 12.5374 13.2079 13.4091 13.3836 13.5431 13.2042 13.3826 13.3266 13.1512 12.5768 12.0521 11.8473 11.4295 -9999 -9999 -9999 -9999 -9999 -9999 -9999 -9999 -9999 -9999 -9999 -9999 -9999 -9999 -9999 -9999 -9999 -9999 -9999 -9999 -9999 -9999 -9999 -9999 -9999 -9999 -9999 -9999 -9999 -9999 -9999 -9999 -9999 -9999 -9999 -9999 -9999 -9999 -9999 -9999 -9999 -9999
-9999 -9999 13.2977 13.584 13.8237 14.115 14.3657 14.5018 14.6347 14.6364 14.378 14.258 14.259 14.0894 13.781 13.5925 13.2383 12.8687 13.0282 13.6018 13.3653 13.7751 13.7539 13.8391 13.5856 13.085 12.4266 12.0373 11.8552 11.5192 -9999 -9999 -9999 -9999 -9999 -9999 -9999 -9999 -9999 -9999 -9999 -9999 -9999 -9999 -9999 -9999 -9999 -9999 -9999 -9999 -9999 -9999 -9999 -9999 -9999 -9999 -9999 -9999 -9999 -9999 -9999 -9999 -9999 -9999 -9999 -9999 -9999 -9999 -9999 -9999 -9999 -9999
-9999 -9999 -9999 13.53 13.7134 14.1106 14.3031 14.395 14.6023 14.6141 14.5236 14.4585 14.3589 14.2253 13.9969 13.7436 13.4114 13.3928 13.7647 13.7822 13.7202 13.7916 13.9882 13.9517 13.5521 12.8463 12.4836 11.7254 11.4122 11.4588 11.2411 -9999 -9999 -9999 -9999 -9999 -9999 -9999 -9999 -9999 -9999 -9999 -9999 12.3364 -9999 -9999 -9999 -9999 -9999 -9999 -9999 -9999 -9999 -9999 -9999 -9999 -9999 -9999 -9999 -9999 -9999 -9999 -9999 -9999 11.337 -9999 -9999 -9999 -9999 -9999 -9999 -9999
-9999 -9999 13.4934 13.7284 13.9262 14.1785 14.2041 14.3497 14.5861 14.6007 14.5398 14.4699 14.2981 14.2654 14.1412 13.8653 13.8197 13.9505 14.0179 14.0923 14.1429 14.1249 14.0625 13.978 13.7157 13.3986 13.1895 12.5067 12.1578 11.8341 11.3378 10.9528 -9999 -9999 -9999 -9999 -9999 -9999 -9999 11.9956 11.9943 12.0212 12.1511 12.478 12.3152 -9999 -9999 -9999 -9999 -9999 -9999 -9999 -9999 -9999 -9999 -9999 -9999 -9999 -9999 -9999 -9999 -9999 -9999 -9999 11.6131 11.2308 -9999 -9999 -9999 -9999 -9999 -9999
-9999 -9999 13.5419 13.8055 13.9416 14.1864 14.3305 14.4127 14.5015 14.5873 14.5864 14.5077 14.3823 14.3964 14.2195 14.1305 14.071 14.2435 14.2884 14.238 14.1712 14.1131 13.9256 13.9142 13.8522 13.6548 13.3234 12.9816 12.4756 11.7964 11.1309 10.5971 -9999 -9999 -9999 -9999 -9999 -9999 12.0316 12.3053 12.4767 12.1683 12.4657 12.7393 12.7174 12.4911 -9999 -9999 -9999 -9999 -9999 -9999 -9999 -9999 -9999 -9999 -9999 -9999 -9999 -9999 13.4389 13.0457 12.233 11.8257 11.5891 11.2434 -9999 -9999 -9999 -9999 -9999 -9999
-9999 -9999 13.4909 13.7999 14.0119 14.2011 14.2386 14.4247 14.5091 14.5601 14.5669 14.5611 14.5484 14.3956 14.3379 14.1007 14.3551 14.3601 14.313 14.0858 13.9944 13.5936 13.4237 13.3867 13.7455 13.4996 12.9741 12.3144 11.5106 11.4721 11.2181 10.742 -9999 -9999 -9999 -9999 -9999 -9999 12.1062 12.398 12.6449 12.6967 12.3909 12.8629 12.8664 12.6326 12.5947 12.822 12.9468 12.8854 13.1574 13.2489 13.1554 13.2964 -9999 -9999 -9999 -9999 13.4576 13.4919 13.5224 13.3691 12.4796 11.8783 11.3405 11.3124 -9999 -9999 -9999 -9999 -9999 -9999
-9999 -9999 13.6984 13.8913 13.9927 14.0157 14.1859 14.3484 14.452 14.5347 14.5316 14.5381 14.5448 14.5016 14.3837 14.4218 14.4256 14.3629 13.9187 13.3975 13.6439 13.3384 12.6638 13.2271 13.5413 13.2608 12.6211 11.8778 11.6328 11.6565 11.2979 10.8338 -9999 -9999 -9999 11.3024 11.7109 11.7617 11.8948 12.2783 12.5748 12.8028 12.9646 12.9768 12.8504 12.6225 12.373 12.4889 12.9933 13.1309 13.252 13.3462 13.2608 13.3344 13.4816 13.5661 13.597 13.5837 13.5941 13.6222 13.6245 13.4826 12.6882 12.2423 11.9649 11.3979 -9999 -9999 -9999 -9999 -9999 -9999
-9999 -9999 13.5793 13.7477 13.8855 14.108 14.1386 14.2837 14.367 14.4938 14.5189 14.3899 14.5199 14.5186 14.5112 14.4796 14.4265 14.0543 13.5355 13.0149 12.7814 12.8939 12.4966 12.7173 13.0355 12.9318 12.5421 11.8807 11.7962 11.6432 11.0332 10.4452 -9999 -9999 10.5203 11.2886 11.8349 12.1252 12.2275 12.2537 12.6229 12.6695 13.0663 12.9952 12.5204 12.5967 12.423 12.569 12.7689 12.8371 13.1104 13.3787 13.4435 13.4624 13.5625 13.5967 13.6182 13.6331 13.5944 13.6373 13.6589 13.5772 13.0073 12.7392 12.4454 11.4033 -9999 -9999 -9999 -9999 -9999 -9999
-9999 -9999 13.6579 13.8448 14.0487 14.0878 14.2411 14.2345 14.1952 14.4085 14.4907 14.4033 14.3447 14.4911 14.4966 14.4941 14.4804 14.1319 13.7258 13.103 12.7206 12.4866 12.3261 12.1055 12.2738 12.2355 12.1806 12.2647 12.0876 11.7223 11.3685 10.6988 10.3418 -9999 10.5554 10.9103 11.557 12.1099 12.4679 12.364 12.7815 12.8749 13.1224 13.0075 12.7289 12.6218 12.6307 12.6112 12.8997 13.1006 13.2459 13.3501 13.4773 13.5221 13.5666 13.5949 13.618 13.6411 13.6567 13.6718 13.6774 13.6579 13.4058 13.1409 12.5417 11.4359 -9999 -9999 -9999 -9999 -9999 -9999
-9999 13.1332 13.6368 13.9448 14.0678 14.1586 14.2397 14.3008 14.3598 14.4221 14.4693 14.4636 14.2129 14.2487 14.3112 14.4765 14.4813 14.4638 14.2487 13.488 13.2301 12.8492 12.3535 12.1518 12.2677 12.6928 12.6836 12.4177 12.1202 11.6994 11.438 11.0306 10.2399 10.3252 10.7014 10.9859 11.4305 12.1027 12.5799 12.8036 12.9003 13.0797 13.1838 13.0217 12.8701 12.8171 12.7009 12.7022 12.7236 12.9057 13.0503 13.3518 13.4651 13.5282 13.5675 13.5963 13.6217 13.6468 13.6666 13.6782 13.696 13.7117 13.7122 13.3503 12.4191 11.7258 -9999 -9999 -9999 -9999 -9999 -9999
-9999 -9999 13.5431 13.6815 13.7219 13.7886 13.9193 14.0696 14.2751 14.3109 14.4336 14.4447 14.2291 13.9808 14.225 14.3317 14.4418 14.4603 14.4459 13.8054 13.4774 13.221 12.746 12.9312 13.1074 13.1293 13.0378 12.4565 11.8777 11.2031 10.5805 10.561 10.2306 10.4246 10.6777 11.3069 11.7553 11.9476 12.0916 12.7766 12.968 13.0493 13.2406 13.0291 12.995 12.8417 12.915 12.9207 12.9423 12.4784 12.9825 13.0306 13.3658 13.5267 13.5775 13.603 13.6289 13.6469 13.6654 13.6808 13.7014 13.7158 13.7315 13.5035 12.3142 11.7321 -9999 -9999 -9999 -9999 -9999 -9999
-9999 -9999 -9999 -9999 13.5948 13.7015 13.7723 13.8912 14.2375 14.3396 14.4119 14.4291 14.3409 14.0944 14.0414 14.105 13.8672 14.0951 14.3994 14.4059 14.3834 13.8227 13.5402 13.8339 13.7572 13.3357 13.0056 12.6796 12.0001 11.4993 10.7838 10.2497 10.2406 10.854 11.3667 12.0032 12.2934 12.1544 12.3417 12.6917 13.0875 13.2898 13.268 13.0442 13.0348 12.7872 13.0736 13.1175 13.0152 12.9291 12.9901 13.1661 13.2446 13.5103 13.5877 13.616 13.6343 13.6517 13.6671 13.6825 13.6985 13.7145 13.7305 13.7393 12.5164 11.5744 -9999 -9999 -9999 -9999 -9999 -9999
-9999 -9999 -9999 -9999 13.354 13.421 13.5888 14.0112 14.2312 14.3286 14.3363 14.389 14.3308 14.1162 13.8965 13.691 13.421 13.6 14.0473 14.3161 14.3579 13.8677 14.1393 14.0515 13.8681 13.314 12.9075 12.6957 12.0434 11.4807 11.0078 10.3519 10.6481 10.9742 11.3907 12.0837 12.5573 12.7627 12.623 12.8538 13.3064 13.3296 13.1144 13.1513 13.0324 12.6861 13.0913 13.2206 13.1546 13.1976 13.1839 13.2617 13.3866 13.5062 13.5912 13.6173 13.635 13.649 13.6653 13.683 13.6961 13.7152 13.7312 13.745 12.9631 11.554 -9999 -9999 -9999 -9999 -9999 -9999
-9999 -9999 -9999 -9999 -9999 13.14 13.5154 14.0741 14.2133 14.2103 14.335 14.3569 14.2604 14.1796 13.9097 13.5359 12.8031 13.0094 13.4224 14.0103 14.3249 14.2959 14.1384 13.8568 13.1606 12.5518 12.4852 12.3921 11.9182 11.4855 10.9586 11.2797 11.6314 12.0161 12.2252 12.1891 12.5972 12.9341 12.8166 13.0955 13.4184 13.302 13.2422 13.1957 13.0544 13.0665 13.1057 13.3449 13.2153 13.3284 13.3495 13.3638 13.4342 13.5118 13.5916 13.6187 13.6353 13.6526 13.6619 13.6816 13.6959 13.7111 13.7274 13.7422 13.6904 12.9432 12.5034 -9999 -9999 -9999 -9999 -9999
-9999 -9999 -9999 -9999 -9999 12.797 12.9874 13.648 13.8522 14.1508 14.315 14.3342 14.1621 14.073 13.6631 13.5413 12.8648 12.5663 12.8473 12.7593 13.5627 14.274 14.1323 12.7303 12.2282 11.8723 11.9744 11.9835 11.8575 11.119 10.9243 11.5986 12.0278 12.364 12.6231 12.689 12.6964 13.2137 13.2984 13.4802 13.4651 13.501 13.2698 13.1352 13.2967 13.1614 13.1563 13.4027 13.2022 13.423 13.4181 13.3774 13.3931 13.5432 13.5873 13.6183 13.6359 13.6468 13.6566 13.6702 13.6925 13.7093 13.7215 13.7422 13.7558 13.6893 13.3115 13.1939 13.3707 -9999 -9999 -9999
-9999 -9999 -9999 -9999 -9999 -9999 12.376 13.2919 13.7095 13.9375 14.2556 14.3049 14.2177 14.0539 13.6365 13.2715 12.6683 11.9768 11.616 12.7511 13.7398 14.2611 14.2048 13.0397 12.5854 12.5731 12.855 12.633 12.4666 11.9061 11.7477 11.5243 11.6799 12.1429 12.5261 12.8965 13.171 13.2092 13.3952 13.5106 13.5386 13.5894 13.5809 13.5781 13.3594 13.5497 13.4285 13.5256 13.4977 13.474 13.4547 13.3348 13.452 13.5573 13.5972 13.622 13.6329 13.6479 13.6607 13.6694 13.6845 13.7028 13.7215 13.7372 13.7579 13.779 13.7561 13.5375 13.2372 12.8518 -9999 -9999
-9999 -9999 -9999 -9999 -9999 -9999 11.9206 12.8326 13.2709 13.842 14.1392 14.2679 14.2666 14.1365 13.8228 13.3432 12.9463 12.1723 11.3675 12.5581 13.6178 14.1956 14.2369 13.2592 13.5431 13.3313 13.4298 13.0335 12.8741 12.7441 12.4635 12.1563 11.8186 11.6486 12.4901 12.9299 13.2879 13.4662 13.5754 13.6399 13.6337 13.5932 13.2463 13.5478 13.5576 13.5512 13.5406 13.5461 13.5377 13.5237 13.5219 13.534 13.4601 13.5841 13.6001 13.6179 13.6347 13.6483 13.6597 13.6721 13.6841 13.7031 13.7204 13.7368 13.755 13.779 13.7978 13.8062 13.7639 13.2387 12.9327 12.865
-9999 -9999 -9999 -9999 -9999 -9999 10.6484 11.9723 13.0288 13.5918 14.0513 14.1879 14.2479 14.0682 13.938 13.5983 13.2775 12.774 12.0118 11.5477 12.4414 13.7347 14.2159 14.1895 14.1704 13.9244 13.7035 13.6838 13.7106 13.4454 13.0631 12.5636 12.4182 12.2519 12.8823 12.9807 12.9514 13.6463 13.6656 13.6458 13.4058 13.1334 13.2087 13.0516 13.2138 13.0206 13.2386 13.4296 13.5135 13.5282 13.5237 13.5417 13.5498 13.5878 13.6043 13.6179 13.6321 13.6474 13.6617 13.6709 13.6841 13.7052 13.7198 13.7354 13.7539 13.7787 13.7986 13.8102 13.8225 13.7595 13.6538 13.437
-9999 -9999 -9999 -9999 -9999 -9999 10.6999 11.8078 12.7567 13.3282 13.8818 14.0205 14.217 14.192 14.0546 13.7611 13.3906 12.9786 12.3266 11.8453 12.448 13.3099 13.9307 14.1597 14.1656 14.1614 14.1136 14.098 14.0405 13.9956 13.7264 13.2578 12.9974 12.6113 13.3125 13.4044 13.3127 13.6723 13.6727 13.1723 12.7926 12.7624 13.0233 12.8121 12.7957 12.6741 12.8575 13.3141 13.2088 13.2535 13.4691 13.5205 13.5625 13.5855 13.6011 13.6169 13.6302 13.6475 13.6649 13.6745 13.6887 13.7052 13.7165 13.7359 13.7507 13.7723 13.7918 13.8075 13.8203 13.8171 13.8126 13.8643
-9999 -9999 -9999 -9999 -9999 -9999 10.7231 11.4666 12.322 13.1594 13.7499 13.9962 14.1797 14.1921 14.0297 13.8911 13.6642 13.3033 13.06 12.6267 12.0263 13.0682 13.3945 13.6872 13.8158 14.1199 14.1229 13.9985 13.8421 13.9983 13.97 13.6001 13.4872 13.2884 13.6847 13.7005 13.7056 13.7017 13.2808 12.6898 12.2215 12.591 12.5373 12.7154 12.2412 12.6734 13.0237 13.1509 12.9479 12.8008 13.3328 13.4404 13.5091 13.559 13.5976 13.6094 13.6316 13.6455 13.6612 13.677 13.6905 13.7062 13.7205 13.7351 13.7522 13.7743 13.7892 13.8038 13.8242 13.8335 13.8486 13.8685
-9999 -9999 -9999 -9999 -9999 -9999 -9999 11.0273 12.1048 13.0727 13.6174 13.9652 14.1418 14.1528 14.0766 13.9869 13.8515 13.5949 13.2686 12.7444 12.3584 12.6247 12.9443 12.9902 13.2072 13.8146 14.0291 13.751 13.0386 13.4744 13.9564 13.9611 13.9339 13.9025 13.8583 13.8216 13.7241 13.4372 12.5253 12.3613 12.0153 12.0756 11.9079 12.333 12.2044 12.6439 12.8457 12.9341 12.5657 12.6652 13.1448 13.3437 13.3319 13.4603 13.5838 13.6045 13.6247 13.6392 13.6589 13.6774 13.6937 13.7073 13.7226 13.7393 13.7525 13.7791 13.7652 13.7634 13.7384 13.8151 13.8406 13.874
-9999 -9999 -9999 -9999 -9999 -9999 -9999 10.8073 11.8876 13.0257 13.3998 13.7737 14.0987 14.1187 13.9945 13.8772 13.756 13.6159 13.217 12.8303 12.4614 12.346 12.4354 12.4387 12.7831 13.5716 13.7333 13.6803 12.9393 12.6991 13.3395 13.8801 13.9349 13.9009 13.2942 13.4416 13.1223 12.6844 12.5764 12.3951 11.993 12.2138 11.9248 12.0759 12.0614 12.3192 12.4549 12.7576 12.4388 12.4575 12.9292 13.1735 13.1973 13.4521 13.5542 13.5939 13.6169 13.6385 13.6572 13.6789 13.6949 13.71 13.7243 13.7323 13.7248 13.6644 13.2412 13.2621 13.4058 13.5426 13.7809 13.8659
-9999 -9999 -9999 -9999 -9999 -9999 -9999 10.9279 11.6814 12.6929 13.4458 13.5055 13.8788 14.0784 13.942 13.7867 13.6276 13.5659 13.1305 12.6505 12.2651 11.806 11.8964 12.2476 12.8111 13.3249 13.4263 13.3342 12.9397 13.1412 13.5824 13.823 13.9037 13.865 13.7444 13.6815 13.4505 13.3599 13.0342 12.5158 12.3226 12.4745 11.9242 11.9826 12.2117 12.0092 12.3968 12.5923 12.1747 12.5444 12.9589 13.1797 13.3749 13.4766 13.5278 13.5967 13.6157 13.6378 13.658 13.6753 13.6936 13.7038 13.7158 13.6872 13.6361 13.2367 13.0913 13.1456 13.3593 13.5487 13.7589 13.8506
-9999 -9999 -9999 -9999 -9999 -9999 -9999 11.051 11.731 12.61 13.1506 13.2583 13.6709 14.0395 14.0138 13.8517 13.812 13.6434 13.2761 12.8688 12.4221 12.2116 11.7102 12.229 12.6387 13.076 13.2869 12.9633 12.8113 13.1164 13.4201 13.5497 13.8569 13.8685 13.7878 13.3911 13.206 13.3072 13.2377 13.1037 12.7525 12.754 12.5353 12.4555 12.3813 12.1007 12.3117 12.3498 12.4267 12.8601 13.0848 13.2399 13.3824 13.4331 13.505 13.593 13.617 13.6374 13.655 13.6744 13.6876 13.6862 13.6881 13.611 13.4603 13.1625 12.678 13.06 13.4586 13.5983 13.7346 13.8107
-9999 -9999 -9999 -9999 -9999 -9999 -9999 10.9337 11.6557 12.409 12.7317 12.7977 13.5335 13.9895 14.0042 13.9347 13.8511 13.414 13.4543 13.3777 12.9761 12.3848 11.7338 11.8088 12.2164 12.7875 12.9857 12.4478 12.2692 12.4239 12.8765 13.2834 13.708 13.8269 13.7215 13.0956 12.4299 12.7622 13.1167 13.1319 13.0501 12.7258 12.6351 12.5549 12.3236 11.9238 12.0019 12.1381 12.6338 12.8022 13.0518 13.2621 13.2082 13.2686 13.4701 13.5933 13.6153 13.6351 13.6566 13.6723 13.6843 13.6631 13.6397 13.588 13.164 12.9077 12.5323 13.0221 13.2998 13.4713 13.7363 13.8138
-9999 -9999 -9999 -9999 -9999 -9999 -9999 10.7105 11.2382 11.959 12.2576 12.7261 13.4223 13.7719 13.9467 13.9572 13.9061 13.7181 13.6105 13.3849 12.9666 12.3895 11.7464 11.3321 11.562 12.3266 12.5203 12.0228 11.7817 12.1126 12.5944 13.3013 13.7116 13.7798 13.7592 13.6424 13.1607 12.5757 12.5944 12.9128 12.6778 12.402 12.5811 12.5691 12.3408 12.1797 12.0906 12.1838 12.4703 12.6005 12.8859 13.2981 13.3729 13.38 13.5639 13.5902 13.6121 13.6364 13.6543 13.6709 13.6842 13.6703 13.6164 13.3402 13.102 12.7632 12.7381 13.1829 13.3915 13.587 13.7267 13.7849
-9999 -9999 -9999 -9999 -9999 -9999 -9999 10.3287 10.9475 11.6238 12.2581 12.8591 13.3785 13.4315 13.7121 13.7258 13.8795 13.8534 13.6801 13.4922 13.1338 12.3888 11.7643 11.0819 11.2781 12.0608 12.1635 11.8416 11.2354 11.8895 12.6095 13.2637 13.6247 13.3681 13.6617 13.6544 13.4839 13.1422 12.6023 12.6296 12.2297 12.229 12.4607 12.5481 12.5303 12.4138 12.2215 12.281 12.4617 12.5222 12.786 13.11 13.4269 13.4954 13.5706 13.5912 13.6102 13.633 13.6517 13.6636 13.6666 13.6511 13.4224 13.1471 12.9848 12.7544 12.7432 13.2474 13.4698 13.6025 13.7257 13.7858
-9999 -9999 -9999 -9999 -9999 -9999 -9999 -9999 10.8819 11.5804 12.1009 12.2513 12.7145 12.9712 13.173 13.2288 13.7786 13.8221 13.7173 13.5459 13.2423 12.6803 12.2926 11.6386 11.1721 11.383 11.4757 11.6656 11.6275 11.9271 12.6197 13.3409 13.4328 12.9988 13.0807 13.1902 13.4167 13.3261 12.5844 12.2159 11.9132 12.1577 12.4141 12.4897 12.5191 12.491 12.4661 12.3896 12.7282 12.9836 13.0572 13.282 13.4528 13.5132 13.5632 13.5853 13.6074 13.6256 13.6348 13.6465 13.6266 13.5593 13.3012 12.6548 12.7046 12.6515 12.4636 12.9585 13.2905 13.5737 13.7331 13.7883
-9999 -9999 -9999 -9999 -9999 -9999 -9999 -9999 10.6503 11.4566 11.6378 11.6394 11.3912 11.5262 12.5131 12.7231 13.2511 13.7516 13.7299 13.5621 13.2789 12.9496 12.4323 11.6952 11.1121 10.8661 11.5209 12.1609 12.3049 12.5202 12.9502 13.0437 12.5997 12.1845 12.4414 12.6026 13.173 13.2904 13.1991 12.759 12.2537 11.9983 12.3376 12.3983 12.4355 12.4573 12.4718 12.4793 12.857 13.0754 13.2325 13.3265 13.4758 13.5277 13.5567 13.5851 13.6008 13.6122 13.6096 13.6043 13.5191 13.4122 12.9776 12.6185 12.4018 12.1217 12.8142 13.0413 13.3497 13.5533 13.7119 13.7615
