Test_Spring_2018b/03_18/Temp/20180328_004.txt
ncols	170
nrows	115
xllcorner	350000.000000
yllcorner	4445000.000000
cellsize	1000.000000
nodata_value	-9999.000000
[rows 31 to 61 of 115, columns 71 to 141 of 170]
7.2239 7.46557 7.03469 7.08768 8.15648 8.40451 8.39861 8.32094 8.23031 7.73874 7.58056 7.1951 6.50894 6.22663 4.99858 1.00764 2.14865 2.60018 1.44928 2.10544 3.1679 2.25926 -0.454674 -1.61838 -3.49823 -2.88316 -3.43562 -4.94645 -9999 -9999 -9999 -9999 -9999 -9999 -9999 -9999 -9999 -9999 -9999 -9999 -9999 -9999 -9999 -9999 -9999 -9999 -9999 -9999 -9999 -9999 -9999 -9999 -9999 -9999 -9999 -9999 -9999 -9999 -9999 -9999 -9999 -9999 -9999 -9999 -9999 -9999 -9999 -9999 -9999 -9999 -9999
6.99465 6.97656 6.56187 7.22546 7.8373 7.48802 7.25876 8.26205 8.27148 7.94283 7.1581 6.87592 6.58287 6.40667 5.3969 2.54786 -0.0197006 1.36933 1.41076 0.465017 2.18559 1.29044 -1.05909 -4.37948 -2.56001 -3.02133 -5.35688 -5.92708 -9999 -9999 -9999 -9999 -9999 -9999 -9999 -9999 -9999 -9999 -9999 -9999 -9999 -9999 -9999 -9999 -9999 -9999 -9999 -9999 -9999 -9999 -9999 -9999 -9999 -9999 -9999 -9999 -9999 -9999 -9999 -9999 -9999 -9999 -9999 -9999 -9999 -9999 -9999 -9999 -9999 -9999 -9999
6.62171 6.40871 6.2356 7.21745 7.20618 7.16135 7.52925 8.15725 8.28932 8.16686 7.8298 7.53914 7.22927 6.42902 5.27264 2.83562 -0.0880611 -0.744457 0.699413 0.777068 1.01663 0.201599 -0.824319 -2.43432 -1.0988 -0.574257 -2.10777 -4.12043 -5.4094 -9999 -9999 -9999 -9999 -9999 -9999 -9999 -9999 -9999 -9999 -9999 -9999 -9999 -9999 -9999 -9999 -9999 -9999 -9999 -9999 -9999 -9999 -9999 -9999 -9999 -9999 -9999 -9999 -9999 -9999 -9999 -9999 -9999 -9999 -9999 -9999 -9999 -9999 -9999 -9999 -9999 -9999
6.05857 5.73138 4.7967 5.392 5.84135 6.67695 6.90489 7.03663 8.20649 8.15442 8.10994 7.62363 7.23643 6.58881 5.4762 3.88835 1.97471 -1.3637 0.708873 2.33375 2.30126 2.22176 1.50572 -0.0407473 1.27016 1.34069 -0.621347 -2.85375 -4.17163 -4.71127 -9999 -9999 -9999 -9999 -9999 -9999 -9999 -9999 -9999 -9999 -9999 -9999 -9999 -9999 -9999 -9999 -9999 -9999 -9999 -9999 -9999 -9999 -9999 -9999 -9999 -9999 -9999 -9999 -9999 -9999 -9999 -9999 -9999 -9999 -9999 -9999 -9999 -9999 -9999 -9999 -9999
5.27609 4.96137 3.81773 4.41665 5.21297 6.33845 6.93149 7.38213 7.73868 8.10202 8.06951 7.57157 6.0828 5.8778 5.82178 4.78622 2.60332 0.423292 -0.135022 2.33906 3.05352 2.91867 3.47823 2.16955 2.8016 2.55558 1.86582 -0.280443 -2.24309 -3.0524 -4.66087 -9999 -9999 -9999 -9999 -9999 -9999 -9999 -9999 -9999 -9999 -9999 -9999 -9999 -9999 -9999 -9999 -9999 -9999 -9999 -9999 -9999 -9999 -9999 -9999 -9999 -9999 -9999 -9999 -9999 -9999 -9999 -9999 -9999 -9999 -9999 -9999 -9999 -9999 -9999 -9999
-9999 -9999 -9999 3.10024 4.18627 5.08539 6.18732 7.13703 7.61647 8.08235 8.05497 7.05052 6.56373 6.52927 5.85378 4.6569 3.90887 2.53942 1.11227 1.66936 3.7805 2.85416 4.35261 4.23563 4.51849 3.53201 1.66338 -0.838903 -2.29341 -3.01655 -4.31832 -9999 -9999 -9999 -9999 -9999 -9999 -9999 -9999 -9999 -9999 -9999 -9999 -9999 -9999 -9999 -9999 -9999 -9999 -9999 -9999 -9999 -9999 -9999 -9999 -9999 -9999 -9999 -9999 -9999 -9999 -9999 -9999 -9999 -9999 -9999 -9999 -9999 -9999 -9999 -9999
-9999 -9999 -9999 -9999 3.98821 4.67616 6.13819 6.90711 7.22179 7.96748 7.97857 7.60383 7.32295 6.91108 6.37024 5.47278 4.48167 3.19409 3.08265 4.43609 4.46137 4.18919 4.41891 5.11888 4.94583 3.4166 0.772849 -0.62347 -3.45695 -4.67122 -4.53685 -5.39516 -9999 -9999 -9999 -9999 -9999 -9999 -9999 -9999 -9999 -9999 -9999 -9999 -1.96177 -9999 -9999 -9999 -9999 -9999 -9999 -9999 -9999 -9999 -9999 -9999 -9999 -9999 -9999 -9999 -9999 -9999 -9999 -9999 -9999 -6.99385 -9999 -9999 -9999 -9999 -9999
-9999 -9999 -9999 3.84123 4.76267 5.47891 6.39939 6.5036 7.05833 7.91442 7.93631 7.67326 7.37453 6.69141 6.52857 6.02129 4.94436 4.7307 5.17903 5.39016 5.62847 5.77868 5.67287 5.40208 5.04958 4.07302 2.84879 2.03025 -0.562818 -1.86687 -3.12047 -5.02266 -6.50897 -9999 -9999 -9999 -9999 -9999 -9999 -9999 -2.9983 -3.06043 -3.01753 -2.58931 -1.42302 -2.09391 -9999 -9999 -9999 -9999 -9999 -9999 -9999 -9999 -9999 -9999 -9999 -9999 -9999 -9999 -9999 -9999 -9999 -9999 -9999 -5.95451 -7.45132 -9999 -9999 -9999 -9999
-9999 -9999 -9999 4.08916 5.05372 5.54088 6.4356 6.95204 7.30198 7.60535 7.89539 7.85763 7.52605 7.01667 7.02852 6.32288 5.94616 5.67951 6.28284 6.40889 6.17878 5.88816 5.6324 4.89278 4.81549 4.58844 3.81507 2.53933 1.22435 -0.666161 -3.25142 -5.78678 -7.83028 -9999 -9999 -9999 -9999 -9999 -9999 -2.79412 -1.8241 -1.23934 -2.45482 -1.39972 -0.43451 -0.578152 -1.49251 -9999 -9999 -9999 -9999 -9999 -9999 -9999 -9999 -9999 -9999 -9999 -9999 -9999 -9999 1.14144 -0.393133 -3.50144 -5.09052 -6.04052 -7.40064 -9999 -9999 -9999 -9999
-9999 -9999 -9999 3.89678 5.03455 5.80904 6.49778 6.61733 7.32631 7.64355 7.80394 7.79559 7.73707 7.65028 7.03551 6.77567 5.84187 6.75116 6.72523 6.50552 5.61119 5.22863 3.68748 3.01464 2.87855 4.19214 3.23857 1.23674 -1.26833 -4.27458 -4.4562 -5.447 -7.27252 -9999 -9999 -9999 -9999 -9999 -9999 -2.49906 -1.46223 -0.595226 -0.461297 -1.66933 0.0387288 -0.0138489 -0.955543 -1.16257 -0.374803 0.0284824 -0.253071 0.69047 0.970059 0.557101 1.02443 -9999 -9999 -9999 -9999 1.33356 1.40378 1.45902 0.824546 -2.57182 -4.88869 -6.96839 -7.15247 -9999 -9999 -9999 -9999
-9999 -9999 -9999 4.67344 5.37875 5.74137 5.81008 6.42971 7.05146 7.43965 7.72116 7.67571 7.6625 7.64752 7.44265 6.95546 7.05248 7.02025 6.73919 5.0285 3.03067 3.9138 2.73351 0.197324 2.28183 3.43006 2.3485 -0.0791317 -2.89582 -3.80552 -3.75225 -5.13371 -6.91588 -9999 -9999 -9999 -5.33857 -3.85817 -3.72171 -3.27925 -1.89945 -0.847646 -0.0503397 0.494097 0.489609 -0.0654282 -0.986352 -1.98832 -1.61967 0.206502 0.657688 1.04785 1.33709 0.953941 1.16051 1.65331 1.91126 1.96911 1.86186 1.84309 1.89048 1.8404 1.24872 -1.78424 -3.51856 -4.6219 -6.84802 -9999 -9999 -9999 -9999
-9999 -9999 -9999 4.23393 4.84902 5.3496 6.1725 6.2702 6.79507 7.1135 7.57963 7.64022 7.1194 7.56585 7.51744 7.44341 7.27737 7.03046 5.58725 3.59536 1.59881 0.681862 1.08842 -0.435666 0.364587 1.52799 1.12049 -0.365628 -2.87371 -3.21845 -3.78954 -6.11439 -8.35681 -9999 -9999 -8.20365 -5.37092 -3.37392 -2.33985 -2.01378 -1.97488 -0.65203 -0.54018 0.883592 0.563896 -1.29766 -1.07838 -1.79454 -1.31439 -0.643328 -0.452465 0.517276 1.45143 1.63244 1.64312 1.95916 2.02939 2.05254 2.05151 1.84901 1.95266 1.97535 1.60958 -0.588709 -1.65622 -2.83291 -6.82653 -9999 -9999 -9999 -9999
-9999 -9999 -9999 4.53921 5.22557 5.97616 6.10799 6.66714 6.62408 6.48258 7.25599 7.54723 7.18215 6.92131 7.42548 7.39871 7.34023 7.23906 5.88309 4.31297 1.93234 0.456594 -0.439435 -1.0744 -1.92324 -1.32077 -1.49145 -1.72367 -1.43382 -2.11262 -3.47987 -4.83941 -7.38911 -8.76655 -9999 -8.05236 -6.76977 -4.3964 -2.37819 -1.09401 -1.54468 -0.0417389 0.244036 1.11705 0.61987 -0.506563 -0.989413 -1.02423 -1.16486 -0.149756 0.538443 1.0268 1.3533 1.76159 1.86918 1.97718 2.02607 2.05578 2.08606 2.08813 2.08777 2.05104 1.91871 0.912552 -0.152657 -2.46492 -6.69723 -9999 -9999 -9999 -9999
-9999 -9999 2.55601 4.45935 5.6026 6.05295 6.38147 6.67238 6.88616 7.11185 7.32182 7.46841 7.42093 6.43872 6.52738 6.71277 7.28215 7.24913 7.1331 6.27795 3.37935 2.38512 0.926026 -0.965323 -1.74739 -1.33973 0.229356 0.17079 -0.850051 -1.98905 -3.56488 -4.56404 -6.126 -9.13118 -8.85191 -7.48553 -6.46694 -4.8516 -2.38654 -0.656097 0.120557 0.419061 1.03443 1.35807 0.67026 0.0193519 -0.249602 -0.755255 -0.819045 -0.806452 -0.189759 0.29514 1.36109 1.72321 1.89478 1.98399 2.03497 2.07396 2.11271 2.13096 2.11824 2.12723 2.1272 2.06125 0.640176 -2.93153 -5.61682 -9999 -9999 -9999 -9999
-9999 -9999 -9999 4.10807 4.61813 4.76108 5.00165 5.48069 6.0308 6.80679 6.91614 7.34645 7.35493 6.51092 5.5328 6.39881 6.7469 7.10742 7.12507 7.02133 4.58715 3.31798 2.32113 0.508058 1.17798 1.81338 1.87192 1.50636 -0.694789 -2.88701 -5.41378 -7.77711 -7.8809 -9.14764 -8.46194 -7.55679 -5.24514 -3.61618 -2.95117 -2.47132 0.0345911 0.693319 0.923023 1.57073 0.707049 0.495857 -0.15063 0.0531736 0.00481854 0.0175311 -1.78918 0.0429033 0.158582 1.3529 1.89544 2.02465 2.06405 2.10577 2.11826 2.13234 2.13446 2.15441 2.14473 2.13169 1.21065 -3.31768 -5.58612 -9999 -9999 -9999 -9999
-9999 -9999 -9999 -9999 -9999 4.29008 4.68258 4.93876 5.37243 6.67641 7.03536 7.277 7.30665 6.93522 5.96813 5.71838 5.90415 4.95878 5.76235 6.86 6.84078 6.7171 4.579 3.4924 4.56651 4.25418 2.65133 1.39247 0.150261 -2.41801 -4.2925 -7.00232 -9.03509 -9.10273 -6.83969 -4.95801 -2.61899 -1.58289 -2.16115 -1.51938 -0.271301 1.14584 1.8353 1.68278 0.771775 0.652615 -0.349112 0.653289 0.747472 0.294639 -0.0956124 0.0742365 0.669346 0.901138 1.83701 2.06914 2.11728 2.13102 2.1417 2.14489 2.1471 2.14262 2.14071 2.13581 2.10225 -2.5528 -6.17156 -9999 -9999 -9999 -9999
-9999 -9999 -9999 -9999 -9999 3.39331 3.63767 4.25831 5.83127 6.66162 7.00314 7.00284 7.16549 6.9063 6.05588 5.18207 4.35766 3.29251 3.91289 5.54255 6.50684 6.62408 4.75097 5.74227 5.38617 4.67433 2.57471 1.03056 0.217456 -2.24757 -4.3539 -6.1531 -8.64182 -7.5636 -6.37766 -4.85747 -2.30558 -0.581946 0.130334 -0.454202 0.346498 1.97595 1.9929 1.11406 1.18018 0.649346 -0.722896 0.724286 1.13818 0.821226 0.914972 0.804202 1.03097 1.43702 1.82553 2.08618 2.12756 2.13874 2.13721 2.14382 2.15163 2.14114 2.15026 2.14522 2.12975 -0.871994 -6.24238 -9999 -9999 -9999 -9999
-9999 -9999 -9999 -9999 -9999 -9999 2.59063 3.98996 6.07378 6.60114 6.56586 7.00436 7.05133 6.64855 6.29927 5.23677 3.78176 0.980244 1.70295 3.20364 5.36474 6.50484 6.36127 5.74347 4.66054 2.0255 -0.278839 -0.548428 -0.915778 -2.71151 -4.33026 -6.33164 -5.1558 -3.86927 -2.46324 -1.72085 -1.90369 -0.425627 0.780616 0.278715 1.25917 2.40194 1.89495 1.5986 1.35149 0.736452 0.707855 0.782366 1.60835 1.05274 1.40932 1.42904 1.418 1.6198 1.85057 2.09233 2.13791 2.14537 2.15604 2.13566 2.15229 2.14619 2.14059 2.13643 2.12419 1.86022 -1.02836 -2.75137 -9999 -9999 -9999
-9999 -9999 -9999 -9999 -9999 -9999 1.31079 2.01513 4.48056 5.25116 6.34637 6.93257 6.96914 6.2828 5.90371 4.31686 3.80677 1.21572 0.0473203 1.05318 0.679151 3.65246 6.28511 5.72591 0.440794 -1.46625 -2.82295 -2.45989 -2.44477 -2.9361 -5.70201 -6.45779 -3.95774 -2.38033 -1.15656 -0.22668 -0.0269602 -0.0513449 1.83115 2.08804 2.70467 2.57963 2.6438 1.70487 1.1272 1.64831 1.06702 0.975487 1.82848 1.00719 1.76809 1.69054 1.4737 1.47037 1.97347 2.08143 2.14157 2.15153 2.13898 2.12062 2.1138 2.13715 2.13729 2.11777 2.12738 2.10888 1.77318 0.282435 -0.232634 0.357359 -9999
-9999 -9999 -9999 -9999 -9999 -9999 -9999 -0.27342 3.14774 4.71803 5.54767 6.71048 6.85941 6.49946 5.83705 4.22039 2.79922 0.483868 -2.16146 -3.55705 0.656017 4.32445 6.24385 6.00472 1.60708 -0.121649 -0.190939 0.845345 -0.0075088 -0.651495 -2.74978 -3.3705 -4.23793 -3.68725 -1.98459 -0.593768 0.748112 1.72529 1.81127 2.44709 2.81754 2.85452 2.97533 2.87187 2.78924 1.88471 2.52506 1.99879 2.29258 2.11915 1.96353 1.83273 1.31877 1.69674 2.03211 2.12426 2.15662 2.14394 2.14608 2.13871 2.11437 2.10916 2.11451 2.1192 2.11051 2.11858 2.11132 1.95213 1.0588 -0.140143 -1.65726
-9999 -9999 -9999 -9999 -9999 -9999 -9999 -1.97772 1.42648 3.07377 5.18898 6.28366 6.73266 6.68356 6.14842 4.922 3.07173 1.5314 -1.42235 -4.4895 -0.0673306 3.87534 6.00628 6.12863 2.4368 3.47482 2.65606 3.00249 1.49451 0.87489 0.390682 -0.689676 -1.87252 -3.1674 -3.84965 -0.736342 0.865808 2.15608 2.76784 3.11624 3.29316 3.2099 2.98651 1.6154 2.67463 2.62756 2.53173 2.42082 2.37204 2.27263 2.15386 2.08955 2.07146 1.7329 2.13401 2.13143 2.1441 2.15293 2.1493 2.13612 2.12524 2.11027 2.11819 2.11481 2.10914 2.10792 2.11207 2.10962 2.06884 1.83802 -0.202461
-9999 -9999 -9999 -9999 -9999 -9999 -9999 -6.74583 -1.79918 2.18169 4.26366 5.95956 6.43216 6.614 5.89329 5.35592 4.03186 2.77825 0.840213 -2.06623 -3.85262 -0.538325 4.27394 6.05764 5.93203 5.83202 4.88338 4.02981 3.93201 4.00845 3.01666 1.56162 -0.345037 -0.934817 -1.59766 0.723309 1.04475 0.882974 3.43246 3.44463 3.30626 2.3395 1.25991 1.47353 0.811541 1.33679 0.541598 1.28942 1.93725 2.18501 2.17446 2.10105 2.09849 2.06865 2.14301 2.14954 2.14586 2.1444 2.14651 2.14337 2.12001 2.10935 2.1262 2.11435 2.10624 2.10342 2.11044 2.1134 2.0853 2.06065 1.75428
-9999 -9999 -9999 -9999 -9999 -9999 -9999 -6.53388 -2.3699 1.1616 3.28376 5.32375 5.80407 6.49796 6.3584 5.79527 4.64545 3.20685 1.61327 -0.879024 -2.7292 -0.511029 2.68908 4.98207 5.81329 5.81865 5.77443 5.56831 5.49077 5.24918 5.08389 4.0421 2.23984 1.2261 -0.262259 2.32331 2.62012 2.22405 3.51702 3.45882 1.51975 0.0302396 -0.149862 0.773056 -0.0877026 -0.231849 -0.758703 -0.139514 1.50568 1.0358 1.1392 1.89261 2.02331 2.10727 2.13629 2.13877 2.14257 2.13701 2.14567 2.15402 2.13126 2.12403 2.12363 2.10179 2.10552 2.09309 2.08759 2.08749 2.07618 2.05432 1.9733
-9999 -9999 -9999 -9999 -9999 -9999 -9999 -6.45235 -3.64704 -0.468257 2.65144 4.82914 5.71285 6.35833 6.35983 5.70403 5.1364 4.23746 2.83649 1.87798 0.208535 -2.08525 1.78259 2.97799 4.04677 4.50202 5.61351 5.59727 5.10355 4.53432 5.08787 4.93588 3.51239 3.05017 2.26315 3.70468 3.71555 3.68282 3.61262 1.97563 -0.302383 -2.12195 -0.801664 -1.0696 -0.455006 -2.31502 -0.770559 0.475071 0.885039 0.0591531 -0.556014 1.3848 1.71003 1.90824 2.03795 2.12565 2.11376 2.14065 2.13623 2.13728 2.13758 2.12746 2.12384 2.11357 2.10307 2.09612 2.09288 2.07883 2.05506 2.06181 2.02832
-9999 -9999 -9999 -9999 -9999 -9999 -9999 -9999 -5.29814 -1.27167 2.32415 4.33009 5.59473 6.21506 6.21226 5.88086 5.4979 4.94337 3.93476 2.66592 0.656655 -0.832608 0.126481 1.29828 1.44156 2.22277 4.4698 5.24423 4.17148 1.50776 3.09645 4.86864 4.84916 4.70757 4.54777 4.34071 4.15412 3.7366 2.60604 -0.871674 -1.55126 -2.91165 -2.74983 -3.44434 -1.90108 -2.46487 -0.883822 -0.193965 0.0717064 -1.37449 -1.05497 0.66028 1.34534 1.24144 1.66497 2.07323 2.09389 2.11266 2.10958 2.12509 2.13507 2.1352 2.11998 2.1134 2.11046 2.08778 2.10023 1.97856 1.90265 1.74063 1.96077
-9999 -9999 -9999 -9999 -9999 -9999 -9999 -9999 -6.10109 -2.08285 2.14993 3.51517 4.8777 6.05459 6.08569 5.57508 5.08968 4.58934 4.01862 2.47808 0.984609 -0.440627 -0.913267 -0.615621 -0.622269 0.635259 3.55934 4.13352 3.90281 1.11856 0.181219 2.54529 4.53336 4.69782 4.52668 2.20556 2.7093 1.4602 -0.23676 -0.698842 -1.43791 -3.0073 -2.24187 -3.38947 -2.88745 -3.00554 -2.10469 -1.66127 -0.590809 -1.85029 -1.83277 -0.148769 0.706173 0.735807 1.63257 1.95753 2.04856 2.07725 2.09979 2.11096 2.13214 2.13107 2.12512 2.11502 2.07995 1.98643 1.68572 0.0107809 0.0213459 0.49264 0.939394
-9999 -9999 -9999 -9999 -9999 -9999 -9999 -9999 -5.64229 -2.85118 0.905463 3.69035 3.87362 5.23175 5.93673 5.38084 4.75377 4.11194 3.83583 2.15865 0.315678 -1.17162 -2.93339 -2.63299 -1.35287 0.742477 2.63449 2.98073 2.60127 1.11478 1.832 3.44692 4.30843 4.56839 4.37865 3.87933 3.59391 2.6761 2.28231 1.00433 -0.997978 -1.78247 -1.27433 -3.40039 -3.24417 -2.44807 -3.27088 -1.8816 -1.21246 -2.84153 -1.53126 -0.0389893 0.72804 1.39969 1.72197 1.85531 2.05527 2.06822 2.09206 2.10837 2.11295 2.12016 2.0963 2.07782 1.9062 1.64974 0.0862963 -0.554694 -0.417882 0.317059 0.961901
-9999 -9999 -9999 -9999 -9999 -9999 -9999 -9999 -5.17315 -2.65948 0.598798 2.58678 2.94957 4.45467 5.79379 5.65333 5.00064 4.80744 4.13064 2.70951 1.13907 -0.578063 -1.40837 -3.32814 -1.42054 0.0980174 1.70149 2.45666 1.23781 0.628254 1.73238 2.82997 3.27346 4.38157 4.37932 4.02889 2.49147 1.74556 2.0714 1.75492 1.19515 -0.180823 -0.235349 -1.11665 -1.4774 -1.81761 -2.93162 -2.2036 -2.12358 -1.92147 -0.349782 0.430688 0.950957 1.42491 1.55538 1.766 2.03677 2.06778 2.08492 2.09129 2.10363 2.09163 2.02418 1.96847 1.61591 0.986192 -0.195185 -2.10823 -0.741476 0.687528 1.11902
-9999 -9999 -9999 -9999 -9999 -9999 -9999 -9999 -5.60486 -2.93539 -0.149574 1.02019 1.22589 3.94288 5.60966 5.62071 5.31559 4.9578 3.27422 3.38169 3.0516 1.50346 -0.755278 -3.23667 -2.9943 -1.49785 0.620005 1.32582 -0.698042 -1.40883 -0.870726 0.784244 2.26644 3.81353 4.21251 3.76898 1.37147 -1.177 0.0160014 1.29009 1.29036 0.925943 -0.349495 -0.749533 -1.11091 -2.03933 -3.61321 -3.36855 -2.92005 -1.13829 -0.569924 0.303897 1.03101 0.767987 0.934615 1.63046 2.03304 2.05573 2.07046 2.09102 2.08941 2.07324 1.93178 1.78154 1.52444 -0.129351 -1.15475 -2.647 -0.887065 0.089605 0.613712
-9999 -9999 -9999 -9999 -9999 -9999 -9999 -9999 -6.43346 -4.49401 -1.83109 -0.752805 0.961945 3.52987 4.79703 5.40869 5.40354 5.1678 4.41843 3.97119 3.08197 1.47114 -0.734415 -3.18694 -4.78042 -3.95713 -1.1078 -0.428188 -2.29443 -3.24091 -2.04283 -0.279874 2.32635 3.81884 4.02729 3.90093 3.41267 1.55412 -0.693088 -0.677961 0.460314 -0.478509 -1.57088 -0.958633 -1.06315 -1.97975 -2.64436 -3.0389 -2.77595 -1.75526 -1.32988 -0.321855 1.16219 1.38155 1.34757 1.97691 2.01582 2.03807 2.06917 2.07599 2.07778 2.06658 1.95269 1.68832 0.590063 -0.36663 -1.70047 -1.85859 -0.287556 0.401093 1.04319
-9999 -9999 -9999 -9999 -9999 -9999 -9999 -9999 -7.85648 -5.57641 -3.0815 -0.74497 1.46597 3.3699 3.5246 4.53254 4.53939 5.07134 4.92941 4.2354 3.4878 2.10108 -0.734602 -3.11763 -5.71722 -5.02095 -2.11911 -1.7257 -2.9756 -5.29208 -2.88308 -0.227404 2.18013 3.48703 2.47665 3.52804 3.45002 2.75839 1.42371 -0.655756 -0.608793 -2.16533 -2.22591 -1.41519 -1.14696 -1.27321 -1.77021 -2.56469 -2.41474 -1.79124 -1.62745 -0.700596 0.452266 1.57953 1.7754 1.99666 2.01356 2.02472 2.04981 2.05965 2.04389 1.99417 1.87482 0.955405 -0.139419 -0.810883 -1.73784 -1.84346 -0.0363225 0.690296 1.09664
