Test_Spring_2018b/03_18/Temp/20180305_008.txt
ncols	170
nrows	115
xllcorner	350000.000000
yllcorner	4445000.000000
cellsize	1000.000000
nodata_value	-9999.000000
[rows 32 to 63 of 115, columns 72 to 143 of 170]
12.8293 12.5289 12.9968 13.4277 13.1577 12.9844 13.6941 13.6947 13.4543 12.889 12.6819 12.4671 12.3357 11.6103 9.57417 7.73864 8.72277 8.74641 8.06635 9.28624 8.64173 6.96042 4.58687 5.87596 5.5393 3.84513 3.42592 -9999 -9999 -9999 -9999 -9999 -9999 -9999 -9999 -9999 -9999 -9999 -9999 -9999 -9999 -9999 -9999 -9999 -9999 -9999 -9999 -9999 -9999 -9999 -9999 -9999 -9999 -9999 -9999 -9999 -9999 -9999 -9999 -9999 -9999 -9999 -9999 -9999 -9999 -9999 -9999 -9999 -9999 -9999 -9999 -9999
12.4372 12.3089 13.0036 12.9904 12.9419 13.1895 13.6321 13.7202 13.6269 13.3808 13.1679 12.9413 12.3653 11.5355 9.79301 7.70366 7.23003 8.25302 8.30217 8.46646 7.87891 7.14078 5.9861 6.93029 7.29628 6.18278 4.72614 3.79386 -9999 -9999 -9999 -9999 -9999 -9999 -9999 -9999 -9999 -9999 -9999 -9999 -9999 -9999 -9999 -9999 -9999 -9999 -9999 -9999 -9999 -9999 -9999 -9999 -9999 -9999 -9999 -9999 -9999 -9999 -9999 -9999 -9999 -9999 -9999 -9999 -9999 -9999 -9999 -9999 -9999 -9999 -9999 -9999
11.9673 11.2962 11.7153 12.0304 12.6047 12.7583 12.8462 13.674 13.6311 13.5937 13.2415 12.96 12.493 11.6945 10.5573 9.18776 6.80271 8.27367 9.42534 9.3956 9.33208 8.81464 7.70512 8.6317 8.6741 7.24999 5.6366 4.68922 4.29663 -9999 -9999 -9999 -9999 -9999 -9999 -9999 -9999 -9999 -9999 -9999 -9999 -9999 -9999 -9999 -9999 -9999 -9999 -9999 -9999 -9999 -9999 -9999 -9999 -9999 -9999 -9999 -9999 -9999 -9999 -9999 -9999 -9999 -9999 -9999 -9999 -9999 -9999 -9999 -9999 -9999 -9999 -9999
11.4315 10.6113 11.033 11.5952 12.3863 12.7943 13.1053 13.3536 13.6069 13.5783 13.218 12.1517 12.0002 11.9549 11.2114 9.65004 8.09053 7.68648 9.44322 9.94564 9.84249 10.2339 9.2937 9.73633 9.55302 9.04688 7.4932 6.07689 5.49221 4.33825 -9999 -9999 -9999 -9999 -9999 -9999 -9999 -9999 -9999 -9999 -9999 -9999 -9999 -9999 -9999 -9999 -9999 -9999 -9999 -9999 -9999 -9999 -9999 -9999 -9999 -9999 -9999 -9999 -9999 -9999 -9999 -9999 -9999 -9999 -9999 -9999 -9999 -9999 -9999 -9999 -9999 -9999
-9999 -9999 10.1075 10.8704 11.5082 12.2766 12.9435 13.2795 13.6061 13.5813 12.8603 12.5083 12.4786 11.992 11.1337 10.595 9.61314 8.58986 8.98031 10.4779 9.81049 10.8708 10.7796 10.9731 10.2619 8.91204 7.10829 6.05424 5.53097 4.59567 -9999 -9999 -9999 -9999 -9999 -9999 -9999 -9999 -9999 -9999 -9999 -9999 -9999 -9999 -9999 -9999 -9999 -9999 -9999 -9999 -9999 -9999 -9999 -9999 -9999 -9999 -9999 -9999 -9999 -9999 -9999 -9999 -9999 -9999 -9999 -9999 -9999 -9999 -9999 -9999 -9999 -9999
-9999 -9999 -9999 10.7416 11.2288 12.2649 12.7925 13.0112 13.5373 13.5402 13.2682 13.0632 12.7648 12.3744 11.7297 11.0179 10.0944 10.0088 10.9666 10.9775 10.776 10.9319 11.4226 11.2909 10.1858 8.29019 7.28644 5.23809 4.36476 4.45296 3.83414 -9999 -9999 -9999 -9999 -9999 -9999 -9999 -9999 -9999 -9999 -9999 -9999 6.19549 -9999 -9999 -9999 -9999 -9999 -9999 -9999 -9999 -9999 -9999 -9999 -9999 -9999 -9999 -9999 -9999 -9999 -9999 -9999 -9999 2.44357 -9999 -9999 -9999 -9999 -9999 -9999 -9999
-9999 -9999 10.6608 11.3086 11.8129 12.4631 12.5211 12.9075 13.5125 13.5233 13.3312 13.1138 12.6224 12.5017 12.1352 11.3624 11.2044 11.5176 11.6613 11.8238 11.923 11.8394 11.6379 11.3779 10.6639 9.78221 9.18988 7.32181 6.37601 5.47505 4.11237 3.04653 -9999 -9999 -9999 -9999 -9999 -9999 -9999 5.49981 5.44855 5.47183 5.76943 6.5928 6.10674 -9999 -9999 -9999 -9999 -9999 -9999 -9999 -9999 -9999 -9999 -9999 -9999 -9999 -9999 -9999 -9999 -9999 -9999 -9999 3.19796 2.1242 -9999 -9999 -9999 -9999 -9999 -9999
-9999 -9999 10.8471 11.5281 11.869 12.5006 12.863 13.0937 13.305 13.5072 13.4759 13.2355 12.8683 12.8724 12.3648 12.0913 11.8955 12.3192 12.4021 12.2305 12.0153 11.8244 11.2884 11.2241 11.044 10.4832 9.56456 8.61838 7.24404 5.394 3.58013 2.11735 -9999 -9999 -9999 -9999 -9999 -9999 5.66592 6.35057 6.76023 5.88653 6.63065 7.31043 7.19981 6.53053 -9999 -9999 -9999 -9999 -9999 -9999 -9999 -9999 -9999 -9999 -9999 -9999 -9999 -9999 8.29602 7.19591 4.97394 3.8344 3.15012 2.17347 -9999 -9999 -9999 -9999 -9999 -9999
-9999 -9999 10.7221 11.5262 12.0717 12.5564 12.6358 13.1332 13.3447 13.4548 13.4449 13.3994 13.3337 12.8917 12.7021 12.0318 12.6742 12.6494 12.4858 11.8406 11.5595 10.4522 9.96322 9.84834 10.7741 10.0843 8.64776 6.85302 4.69457 4.5472 3.83411 2.52681 -9999 -9999 -9999 -9999 -9999 -9999 5.8899 6.62218 7.23291 7.32072 6.45174 7.66061 7.60597 6.92582 6.76938 7.32217 7.60136 7.3832 8.04031 8.23375 7.93418 8.26235 -9999 -9999 -9999 -9999 8.45881 8.5032 8.53644 8.07768 5.65022 3.99174 2.50206 2.36182 -9999 -9999 -9999 -9999 -9999 -9999
-9999 -9999 11.2875 11.7831 12.0348 12.0774 12.5131 12.9486 13.2116 13.4105 13.3744 13.3615 13.3473 13.1976 12.8464 12.9109 12.8827 12.6762 11.4502 10.0187 10.6396 9.78601 7.96796 9.43604 10.2433 9.46167 7.7211 5.70378 5.03948 5.06018 4.06869 2.79484 -9999 -9999 -9999 3.8983 4.9483 5.0402 5.34972 6.32671 7.06938 7.62681 8.0065 7.99199 7.58197 6.91614 6.19272 6.4464 7.73926 8.05277 8.3069 8.50729 8.22912 8.3747 8.72142 8.90092 8.93776 8.85672 8.8384 8.86676 8.82518 8.39711 6.22497 4.98139 4.1872 2.58977 -9999 -9999 -9999 -9999 -9999 -9999
-9999 -9999 10.9902 11.4214 11.7713 12.3483 12.412 12.7807 13.001 13.3215 13.3613 12.987 13.302 13.2643 13.2078 13.0852 12.9041 11.8695 10.4429 9.01213 8.34989 8.63013 7.53368 8.08668 8.90451 8.59785 7.52889 5.73123 5.47598 5.05474 3.38288 1.77863 -9999 -9999 1.87278 3.88701 5.30549 6.03736 6.26413 6.28563 7.22148 7.29366 8.3002 8.06181 6.72084 6.86747 6.34226 6.67495 7.14665 7.27444 7.9505 8.60327 8.72713 8.73014 8.95113 8.99711 9.00951 9.00442 8.85535 8.92395 8.93428 8.66718 7.09358 6.32539 5.4786 2.62231 -9999 -9999 -9999 -9999 -9999 -9999
-9999 -9999 11.2199 11.7019 12.2299 12.3172 12.7095 12.669 12.5618 13.1088 13.3067 13.0438 12.8552 13.2116 13.1892 13.1434 13.0664 12.094 10.968 9.26333 8.20258 7.55427 7.09102 6.46837 6.88614 6.75303 6.57634 6.77216 6.27335 5.28475 4.3082 2.47842 1.49148 -9999 1.99147 2.90132 4.58836 6.02188 6.9317 6.60444 7.66868 7.86475 8.47725 8.11383 7.29654 6.94366 6.90911 6.79935 7.51357 7.99038 8.32363 8.55002 8.82995 8.90218 8.97513 9.00617 9.02351 9.041 9.03795 9.03258 9.00065 8.89991 8.17582 7.40897 5.75297 2.72628 -9999 -9999 -9999 -9999 -9999 -9999
-9999 9.82952 11.1738 11.9811 12.2949 12.5223 12.7232 12.8697 13.024 13.1659 13.2668 13.2255 12.5231 12.5838 12.7129 13.1149 13.0866 12.998 12.3815 10.3075 9.59004 8.5391 7.18022 6.60537 6.88376 7.98993 7.93643 7.19763 6.37524 5.23792 4.51323 3.39325 1.24144 1.436 2.40575 3.12778 4.27493 6.02721 7.2553 7.80288 8.00885 8.4389 8.66092 8.16189 7.68376 7.48194 7.11144 7.05601 7.05535 7.48567 7.81662 8.56505 8.81747 8.93081 8.99057 9.02333 9.04755 9.07133 9.08004 9.06604 9.0668 9.06039 9.00638 7.98584 5.43296 3.50884 -9999 -9999 -9999 -9999 -9999 -9999
-9999 -9999 10.9338 11.2898 11.3843 11.5488 11.8837 12.2698 12.8162 12.8895 13.192 13.1927 12.5858 11.8865 12.5009 12.7454 12.9977 13.0045 12.9235 11.1802 10.2661 9.54514 8.24171 8.70141 9.14161 9.17078 8.898 7.31755 5.74411 3.92896 2.23597 2.15431 1.24243 1.72348 2.36476 4.00858 5.16573 5.63547 5.97256 7.7527 8.21499 8.37093 8.82399 8.19925 8.03439 7.56319 7.69793 7.65312 7.65215 6.35502 7.64609 7.72123 8.56588 8.94432 9.02958 9.05427 9.08064 9.08595 9.0919 9.08867 9.09737 9.08433 9.06823 8.40421 5.16888 3.54168 -9999 -9999 -9999 -9999 -9999 -9999
-9999 -9999 -9999 -9999 11.0585 11.3312 11.5071 11.8101 12.7328 12.9838 13.1519 13.1693 12.9013 12.2074 12.0268 12.1558 11.4776 12.0443 12.8197 12.7975 12.6998 11.1653 10.3743 11.127 10.8914 9.73623 8.82645 7.92901 6.08719 4.73675 2.79655 1.33997 1.28497 2.892 4.22617 5.88968 6.62455 6.20849 6.6612 7.54478 8.54807 9.0318 8.91457 8.25604 8.15672 7.43213 8.13573 8.1922 7.85913 7.57111 7.67755 8.0941 8.25259 8.91369 9.07404 9.10187 9.10846 9.11265 9.11102 9.10803 9.09968 9.09221 9.08182 9.05029 5.72463 3.13503 -9999 -9999 -9999 -9999 -9999 -9999
-9999 -9999 -9999 -9999 10.4291 10.5961 11.0317 12.1464 12.7316 12.9701 12.9656 13.0778 12.8898 12.2806 11.6544 11.0636 10.3002 10.7366 11.891 12.5699 12.6438 11.2982 11.988 11.7213 11.2008 9.6914 8.57807 7.98617 6.21766 4.70187 3.41039 1.62869 2.39015 3.2295 4.30802 6.12214 7.34712 7.85091 7.42973 7.99487 9.14961 9.15418 8.51941 8.55726 8.16458 7.17583 8.19625 8.48037 8.24391 8.30056 8.20695 8.36077 8.64324 8.91409 9.09466 9.11967 9.12323 9.11882 9.11976 9.121 9.10839 9.10894 9.09857 9.08004 6.93266 3.09475 -9999 -9999 -9999 -9999 -9999 -9999
-9999 -9999 -9999 -9999 -9999 9.85942 10.8499 12.3286 12.6977 12.6676 12.9757 13.0054 12.7149 12.4628 11.7024 10.6621 8.66125 9.17072 10.2333 11.7652 12.5681 12.4552 11.9984 11.2138 9.32273 7.66737 7.4623 7.18798 5.89632 4.72792 3.2922 4.12192 5.0317 6.02777 6.55192 6.41751 7.46732 8.32318 7.96104 8.65441 9.46247 9.09381 8.8743 8.68905 8.23642 8.20526 8.24742 8.82516 8.41851 8.66233 8.66162 8.64578 8.78251 8.94078 9.10774 9.13566 9.13702 9.14109 9.12289 9.13048 9.12114 9.11136 9.10178 9.0857 8.88956 6.8204 5.58342 -9999 -9999 -9999 -9999 -9999
-9999 -9999 -9999 -9999 -9999 8.95677 9.45195 11.2026 11.745 12.5204 12.9336 12.9557 12.463 12.1893 11.0553 10.6883 8.8379 7.99877 8.70881 8.43416 10.5438 12.4096 11.9947 8.21557 6.84357 5.86371 6.10964 6.10797 5.74594 3.75995 3.21184 4.98516 6.10212 6.96817 7.62581 7.76387 7.7429 9.08112 9.25893 9.69312 9.59781 9.63636 8.95911 8.53848 8.89566 8.47078 8.39473 8.99179 8.39583 8.92778 8.85765 8.69503 8.68541 9.03761 9.10905 9.14722 9.15029 9.13774 9.12131 9.11159 9.12335 9.11781 9.09748 9.09717 9.07616 8.82648 7.75516 7.37899 7.7903 -9999 -9999 -9999
-9999 -9999 -9999 -9999 -9999 -9999 7.83047 10.2622 11.3744 11.9604 12.7844 12.8864 12.6259 12.1503 10.9947 9.97834 8.32431 6.4345 5.43048 8.42509 11.0304 12.3882 12.2016 9.05535 7.81081 7.74879 8.47479 7.85479 7.38416 5.87396 5.42212 4.79553 5.18067 6.38771 7.37362 8.3256 9.01823 9.07601 9.52561 9.78169 9.80197 9.88108 9.79948 9.73191 9.07324 9.51925 9.13363 9.33238 9.19829 9.07718 8.969 8.59458 8.85661 9.08914 9.14916 9.16747 9.15418 9.15197 9.14327 9.12255 9.11171 9.11003 9.10715 9.09403 9.0922 9.07676 8.95462 8.30908 7.44564 6.3555 -9999 -9999
-9999 -9999 -9999 -9999 -9999 -9999 6.62545 9.04515 10.2121 11.7142 12.4903 12.8047 12.7657 12.3806 11.5029 10.1805 9.07863 6.96894 4.77771 7.92062 10.7175 12.2265 12.3033 9.65497 10.3827 9.78703 10.0218 8.93535 8.48239 8.12254 7.34324 6.49188 5.56151 5.0687 7.28211 8.41934 9.33486 9.76712 10.0117 10.1338 10.067 9.89726 8.91251 9.65901 9.61157 9.5333 9.44404 9.39898 9.31791 9.22329 9.1624 9.1414 8.89275 9.17244 9.16462 9.16854 9.1704 9.16389 9.15089 9.13962 9.12529 9.12423 9.11249 9.10176 9.0936 9.08648 9.07634 9.03866 8.86541 7.4025 6.52662 6.27596
-9999 -9999 -9999 -9999 -9999 -9999 3.23706 6.75607 9.58748 11.0655 12.2674 12.5996 12.7249 12.2073 11.8204 10.8727 9.97498 8.58902 6.51228 5.233 7.58454 11.0056 12.2605 12.154 12.0713 11.3837 10.7638 10.6828 10.7263 10.0048 8.9587 7.59146 7.16317 6.68442 8.33296 8.55723 8.43765 10.2506 10.2553 10.1525 9.45892 8.68006 8.82578 8.34 8.70057 8.12432 8.64747 9.09924 9.26594 9.24875 9.18132 9.17245 9.14358 9.18957 9.18823 9.18033 9.17465 9.17201 9.16595 9.14559 9.1342 9.14211 9.12519 9.11376 9.09937 9.0945 9.08856 9.06023 9.03423 8.80742 8.46764 7.81819
-9999 -9999 -9999 -9999 -9999 -9999 3.39988 6.35977 8.87041 10.3751 11.8237 12.1612 12.6512 12.5474 12.1418 11.3181 10.2883 9.14772 7.36607 6.04137 7.61528 9.88376 11.509 12.0845 12.0706 12.0281 11.8702 11.8052 11.6222 11.4895 10.7379 9.44427 8.71454 7.64737 9.48429 9.69074 9.40388 10.321 10.2753 8.88899 7.82271 7.68905 8.33537 7.71484 7.59847 7.20704 7.63897 8.80196 8.45992 8.52394 9.0452 9.1302 9.1821 9.19604 9.19174 9.18903 9.18022 9.18201 9.18389 9.16374 9.15459 9.15007 9.12987 9.12236 9.10738 9.09389 9.07972 9.06371 9.04004 8.97416 8.90243 8.96977
-9999 -9999 -9999 -9999 -9999 -9999 3.47301 5.45966 7.71899 9.93414 11.4808 12.1056 12.5608 12.5573 12.0855 11.6764 11.031 10.0275 9.33884 8.14297 6.50151 9.2505 10.0889 10.8339 11.1506 11.9321 11.9096 11.5468 11.1188 11.5038 11.3852 10.3628 10.0261 9.45872 10.4802 10.4826 10.4544 10.3997 9.22858 7.60047 6.29878 7.23429 7.03737 7.4623 6.12306 7.21889 8.0975 8.38022 7.7749 7.32725 8.69474 8.91784 9.05185 9.13759 9.19398 9.17996 9.1941 9.18634 9.18276 9.1788 9.16738 9.1604 9.14834 9.13568 9.11906 9.1072 9.09006 9.06993 9.06667 9.02754 9.01235 8.99423
-9999 -9999 -9999 -9999 -9999 -9999 -9999 4.2983 7.15831 9.71496 11.1388 12.0346 12.4715 12.4645 12.2235 11.9457 11.5456 10.8216 9.91184 8.4739 7.40598 8.08227 8.90348 8.98838 9.53539 11.1267 11.6683 10.8936 8.97975 10.1001 11.3542 11.3321 11.2236 11.1028 10.9451 10.8066 10.5039 9.69332 7.21006 6.72466 5.7502 5.86019 5.35939 6.44553 6.02951 7.14802 7.63099 7.81136 6.77158 6.98255 8.19497 8.67522 8.59363 8.88842 9.16853 9.17762 9.1858 9.17879 9.18529 9.18798 9.18364 9.17258 9.16327 9.15615 9.12783 9.12685 9.03321 8.97176 8.84861 8.99756 9.01043 9.01094
-9999 -9999 -9999 -9999 -9999 -9999 -9999 3.73289 6.59043 9.60104 10.5683 11.5338 12.3672 12.3842 12.0152 11.6643 11.3025 10.8905 9.78692 8.71652 7.69427 7.35037 7.55485 7.52637 8.41335 10.4877 10.8873 10.7132 8.71099 8.03411 9.71043 11.1193 11.229 11.1002 9.43967 9.79281 8.89718 7.68265 7.34831 6.81655 5.69289 6.23287 5.40909 5.76043 5.65398 6.28808 6.59584 7.3502 6.44395 6.43997 7.63021 8.23185 8.24568 8.8779 9.10308 9.16202 9.17698 9.18797 9.19116 9.20168 9.1964 9.18755 9.17552 9.14537 9.07315 8.84551 7.64127 7.64174 7.97027 8.2811 8.84266 9.00014
-9999 -9999 -9999 -9999 -9999 -9999 -9999 4.07014 6.05323 8.72456 10.7035 10.8286 11.791 12.2881 11.8867 11.4346 10.9719 10.7696 9.5686 8.24909 7.18265 5.92015 6.12681 7.03122 8.49936 9.83874 10.0764 9.79678 8.71951 9.22218 10.365 10.9712 11.1492 11.0071 10.6449 10.4355 9.77582 9.48977 8.57371 7.14144 6.57692 6.93338 5.4122 5.51712 6.07762 5.4674 6.44958 6.91835 5.74914 6.66445 7.72038 8.25968 8.73129 8.95427 9.04298 9.17956 9.18324 9.195 9.20165 9.2001 9.20046 9.17862 9.16043 9.03284 8.84444 7.72421 7.24899 7.33968 7.8564 8.30875 8.77578 8.96942
-9999 -9999 -9999 -9999 -9999 -9999 -9999 4.41491 6.20034 8.51654 9.92757 10.1805 11.2477 12.1966 12.0911 11.6206 11.4775 10.9895 9.97089 8.84556 7.61534 7.01676 5.64136 6.9932 8.04995 9.18412 9.71364 8.82677 8.38403 9.1628 9.9372 10.2458 11.0284 11.02 10.7639 9.66222 9.12485 9.35146 9.12041 8.71597 7.72974 7.68506 7.0509 6.78739 6.53818 5.71986 6.2311 6.28036 6.4135 7.51814 8.06711 8.43083 8.76179 8.84825 8.99214 9.17921 9.19572 9.20259 9.20199 9.20576 9.19222 9.1391 9.0942 8.83753 8.38305 7.53513 6.15283 7.12026 8.13186 8.4314 8.72022 8.87267
-9999 -9999 -9999 -9999 -9999 -9999 -9999 4.11782 6.01433 7.99386 8.82179 8.96278 10.8935 12.0759 12.0783 11.8554 11.5949 10.3893 10.46 10.2186 9.1088 7.4923 5.71679 5.88208 6.93083 8.42388 8.91859 7.45809 6.94355 7.31925 8.49114 9.54019 10.6358 10.9135 10.5911 8.87636 7.05428 7.89874 8.80106 8.79556 8.53007 7.61517 7.32391 7.05994 6.39159 5.25432 5.41207 5.72423 6.97506 7.37304 7.98881 8.5002 8.30616 8.41856 8.90836 9.18942 9.19997 9.20505 9.21443 9.2081 9.1914 9.08535 8.97292 8.78414 7.59978 6.863 5.78837 7.02789 7.71734 8.07728 8.734 8.89038
-9999 -9999 -9999 -9999 -9999 -9999 -9999 3.538 4.9143 6.80628 7.56904 8.78547 10.61 11.5075 11.9379 11.9287 11.7551 11.2152 10.8905 10.2506 9.09613 7.51756 5.7627 4.61979 5.19898 7.2032 7.67478 6.33141 5.64917 6.49546 7.74454 9.59484 10.6517 10.7937 10.6974 10.3433 9.01285 7.40552 7.4105 8.21588 7.5409 6.75635 7.18644 7.1055 6.44561 5.9651 5.65835 5.83473 6.547 6.8433 7.55495 8.606 8.75594 8.72553 9.16805 9.19 9.20025 9.21694 9.21644 9.21239 9.19908 9.11251 8.9186 8.13024 7.44259 6.48596 6.36703 7.4667 7.94941 8.39515 8.71716 8.82195
-9999 -9999 -9999 -9999 -9999 -9999 -9999 2.53467 4.15375 5.92603 7.58552 9.15559 10.5069 10.6116 11.3244 11.3237 11.6971 11.5901 11.0895 10.5505 9.55569 7.52806 5.82276 3.9629 4.45168 6.50164 6.75543 5.85702 4.19864 5.90811 7.79359 9.50247 10.4272 9.70072 10.4438 10.3821 9.88326 8.9262 7.43836 7.4659 6.3506 6.30127 6.87272 7.05739 6.96075 6.59974 6.01733 6.10349 6.53308 6.64314 7.29713 8.11234 8.90948 9.04304 9.19487 9.2012 9.20358 9.21598 9.21756 9.20091 9.16002 9.06942 8.40853 7.62249 7.13801 6.47129 6.38975 7.66588 8.16706 8.44509 8.72329 8.83299
-9999 -9999 -9999 -9999 -9999 -9999 -9999 -9999 3.99504 5.82587 7.18072 7.5458 8.74694 9.39562 9.8976 10.0089 11.4407 11.5195 11.202 10.7068 9.85823 8.31939 7.24679 5.46275 4.17997 4.69219 4.92756 5.39691 5.25655 6.01821 7.83005 9.7179 9.92305 8.72232 8.89935 9.14982 9.71196 9.42596 7.39883 6.36855 5.51313 6.11932 6.75692 6.91027 6.93987 6.8152 6.65984 6.40148 7.25443 7.88534 8.03086 8.58111 8.98732 9.0992 9.18352 9.19378 9.20433 9.20447 9.18077 9.16356 9.06137 8.83238 8.09309 6.31546 6.39789 6.20498 5.65135 6.89746 7.67153 8.37684 8.75149 8.84804
-9999 -9999 -9999 -9999 -9999 -9999 -9999 -9999 3.39286 5.51106 5.95871 5.92576 5.22482 5.54789 8.14771 8.67127 10.0444 11.3444 11.2486 10.7626 9.9686 9.0517 7.63244 5.62608 4.03148 3.35108 5.0563 6.73146 7.07763 7.61384 8.72363 8.93372 7.7065 6.55572 7.20076 7.5891 9.0704 9.34026 9.05157 7.82979 6.43283 5.70304 6.56208 6.67569 6.72581 6.7344 6.70011 6.65217 7.60784 8.13955 8.50816 8.70856 9.05726 9.14619 9.17451 9.20129 9.19493 9.17691 9.12174 9.05896 8.78256 8.44788 7.23705 6.22737 5.59742 4.79783 6.59726 7.12727 7.86006 8.33084 8.70343 8.78484
