Test_Spring_2018b/03_18/Temp/20180310_021.txt
ncols	170
nrows	115
xllcorner	350000.000000
yllcorner	4445000.000000
cellsize	1000.000000
nodata_value	-9999.000000
[rows 32 to 63 of 115, columns 72 to 143 of 170]
10.8572 10.5493 11.0248 11.4627 11.2057 11.0287 11.7552 11.7544 11.508 10.9301 10.7174 10.4968 10.361 9.61942 7.54136 5.66773 6.66887 6.6907 5.99509 7.23668 6.57751 4.8614 2.43971 3.75254 3.40802 1.6889 1.25355 -9999 -9999 -9999 -9999 -9999 -9999 -9999 -9999 -9999 -9999 -9999 -9999 -9999 -9999 -9999 -9999 -9999 -9999 -9999 -9999 -9999 -9999 -9999 -9999 -9999 -9999 -9999 -9999 -9999 -9999 -9999 -9999 -9999 -9999 -9999 -9999 -9999 -9999 -9999 -9999 -9999 -9999 -9999 -9999 -9999
10.442 10.3097 11.0165 11.0016 10.9601 11.2229 11.6767 11.765 11.6684 11.4159 11.197 10.9641 10.3748 9.52676 7.74806 5.61564 5.13052 6.17134 6.2193 6.38475 5.78375 5.02937 3.85043 4.8116 5.1834 4.04933 2.56313 1.61344 -9999 -9999 -9999 -9999 -9999 -9999 -9999 -9999 -9999 -9999 -9999 -9999 -9999 -9999 -9999 -9999 -9999 -9999 -9999 -9999 -9999 -9999 -9999 -9999 -9999 -9999 -9999 -9999 -9999 -9999 -9999 -9999 -9999 -9999 -9999 -9999 -9999 -9999 -9999 -9999 -9999 -9999 -9999 -9999
9.94752 9.26177 9.68771 10.0076 10.6029 10.772 10.8602 11.7026 11.6572 11.6172 11.2562 10.9671 10.4888 9.67252 8.51082 7.11229 4.67837 6.17597 7.34811 7.31583 7.24922 6.71993 5.5871 6.53033 6.57217 5.11587 3.47776 2.50978 2.10736 -9999 -9999 -9999 -9999 -9999 -9999 -9999 -9999 -9999 -9999 -9999 -9999 -9999 -9999 -9999 -9999 -9999 -9999 -9999 -9999 -9999 -9999 -9999 -9999 -9999 -9999 -9999 -9999 -9999 -9999 -9999 -9999 -9999 -9999 -9999 -9999 -9999 -9999 -9999 -9999 -9999 -9999 -9999
9.38583 8.54825 8.97681 9.5488 10.3567 10.783 11.109 11.3605 11.617 11.5858 11.2163 10.1269 9.9702 9.92167 9.16129 7.5671 5.97486 5.5608 7.34993 7.86032 7.75341 8.1509 7.19074 7.64059 7.45231 6.92925 5.34797 3.90821 3.30974 2.13069 -9999 -9999 -9999 -9999 -9999 -9999 -9999 -9999 -9999 -9999 -9999 -9999 -9999 -9999 -9999 -9999 -9999 -9999 -9999 -9999 -9999 -9999 -9999 -9999 -9999 -9999 -9999 -9999 -9999 -9999 -9999 -9999 -9999 -9999 -9999 -9999 -9999 -9999 -9999 -9999 -9999 -9999
-9999 -9999 8.01821 8.79759 9.44886 10.2401 10.9288 11.2697 11.6006 11.5732 10.8358 10.4745 10.4418 9.9432 9.06562 8.51404 7.51075 6.46536 6.86153 8.38667 7.70456 8.78412 8.68972 8.88569 8.15923 6.7774 4.93963 3.86892 3.33294 2.37665 -9999 -9999 -9999 -9999 -9999 -9999 -9999 -9999 -9999 -9999 -9999 -9999 -9999 -9999 -9999 -9999 -9999 -9999 -9999 -9999 -9999 -9999 -9999 -9999 -9999 -9999 -9999 -9999 -9999 -9999 -9999 -9999 -9999 -9999 -9999 -9999 -9999 -9999 -9999 -9999 -9999 -9999
-9999 -9999 -9999 8.65167 9.14928 10.2046 10.7597 10.9809 11.5153 11.5159 11.2361 11.0245 10.7176 10.3169 9.65699 8.9288 7.98501 7.89558 8.87032 8.87976 8.67284 8.83037 9.32939 9.19389 8.0611 6.1277 5.10242 3.02089 2.12791 2.21503 1.58105 -9999 -9999 -9999 -9999 -9999 -9999 -9999 -9999 -9999 -9999 -9999 -9999 3.93474 -9999 -9999 -9999 -9999 -9999 -9999 -9999 -9999 -9999 -9999 -9999 -9999 -9999 -9999 -9999 -9999 -9999 -9999 -9999 -9999 -0.0242885 -9999 -9999 -9999 -9999 -9999 -9999 -9999
-9999 -9999 8.55278 9.217 9.73041 10.3923 10.4588 10.8602 11.4749 11.4834 11.2849 11.0605 10.5566 10.4307 10.0543 9.26381 9.10034 9.41761 9.56226 9.72638 9.82621 9.73976 9.5332 9.26706 8.5341 7.63356 7.02782 5.1244 4.16292 3.24143 1.84891 0.7588 -9999 -9999 -9999 -9999 -9999 -9999 -9999 3.22857 3.17188 3.19095 3.4894 4.32356 3.82227 -9999 -9999 -9999 -9999 -9999 -9999 -9999 -9999 -9999 -9999 -9999 -9999 -9999 -9999 -9999 -9999 -9999 -9999 -9999 0.726874 -0.373224 -9999 -9999 -9999 -9999 -9999 -9999
-9999 -9999 8.73262 9.42638 9.77334 10.4165 10.7849 11.0353 11.2485 11.452 11.4174 11.1692 10.7917 10.7928 10.2724 9.99075 9.7888 10.2187 10.3014 10.1251 9.9044 9.70878 9.1613 9.09485 8.90652 8.33323 7.39495 6.42826 5.03276 3.14357 1.29095 -0.203973 -9999 -9999 -9999 -9999 -9999 -9999 3.38644 4.08028 4.49358 3.59813 4.35182 5.03951 4.92086 4.22245 -9999 -9999 -9999 -9999 -9999 -9999 -9999 -9999 -9999 -9999 -9999 -9999 -9999 -9999 5.9245 4.79876 2.52914 1.36291 0.660502 -0.340452 -9999 -9999 -9999 -9999 -9999 -9999
-9999 -9999 8.5908 9.41037 9.96611 10.4597 10.5398 11.0536 11.2745 11.384 11.3709 11.3212 11.251 10.7969 10.6006 9.9142 10.5667 10.5393 10.3708 9.71166 9.42401 8.29417 7.79492 7.67383 8.6166 7.91198 6.44574 4.61399 2.41565 2.26546 1.53512 0.198654 -9999 -9999 -9999 -9999 -9999 -9999 3.59974 4.3422 4.96053 5.0454 4.15438 5.38139 5.31083 4.61026 4.44318 4.9988 5.27513 5.04497 5.70815 5.89685 5.58315 5.90988 -9999 -9999 -9999 -9999 6.08015 6.12121 6.15122 5.67975 3.20097 1.50597 -0.0173688 -0.174313 -9999 -9999 -9999 -9999 -9999 -9999
-9999 -9999 9.15309 9.6584 9.91488 9.95796 10.4015 10.8518 11.1246 11.3249 11.2848 11.2681 11.2501 11.0939 10.7324 10.7952 10.7637 10.551 9.29924 7.83839 8.47047 7.59972 5.74573 7.23881 8.06098 7.26293 5.48689 3.42836 2.7532 2.77424 1.76004 0.457751 -9999 -9999 -9999 1.56692 2.63347 2.72319 3.03477 4.02676 4.77966 5.34316 5.72516 5.70272 5.27204 4.58574 3.84017 4.09037 5.39971 5.71032 5.9627 6.15799 5.86567 6.00303 6.34923 6.52563 6.55732 6.46956 6.44639 6.47136 6.42534 5.98539 3.76985 2.49818 1.68417 0.0370924 -9999 -9999 -9999 -9999 -9999 -9999
-9999 -9999 8.83377 9.27352 9.63022 10.2224 10.2868 10.6616 10.8907 11.2203 11.2574 10.8721 11.1894 11.1471 11.0859 10.9577 10.7702 9.71319 8.25702 6.79701 6.12098 6.40602 5.28783 5.84841 6.68144 6.36835 5.27798 3.44349 3.1812 2.75269 1.04727 -0.592016 -9999 -9999 -0.507927 1.5417 2.98395 3.7262 3.95345 3.97128 4.92114 4.99005 6.01115 5.76058 4.3812 4.52305 3.97807 4.30833 4.77561 4.89668 5.57668 6.2353 6.35286 6.34774 6.56555 6.60573 6.61252 6.60234 6.44612 6.51241 6.51967 6.2442 4.63653 3.84966 2.97469 0.0529923 -9999 -9999 -9999 -9999 -9999 -9999
-9999 -9999 9.05621 9.54787 10.0863 10.1753 10.5749 10.5354 10.4301 10.9851 11.1882 10.9161 10.7197 11.0791 11.0524 11.0023 10.9209 9.92726 8.77753 7.03836 5.95616 5.29459 4.82219 4.18559 4.61089 4.47429 4.29297 4.49109 3.9813 2.97419 1.97542 0.108308 -0.901807 -9999 -0.400052 0.523604 2.2397 3.69737 4.62106 4.28333 5.36407 5.55925 6.17698 5.80037 4.95498 4.58263 4.53875 4.41776 5.13655 5.61118 5.94111 6.16238 6.44084 6.50603 6.57274 6.59762 6.60952 6.62253 6.61543 6.60663 6.57114 6.46563 5.72439 4.93278 3.23993 0.144774 -9999 -9999 -9999 -9999 -9999 -9999
-9999 7.62252 8.996 9.81964 10.14 10.3719 10.5766 10.7253 10.8864 11.0309 11.1305 11.088 10.3676 10.4251 10.5527 10.959 10.9271 10.8345 10.2043 8.08867 7.35626 6.28564 4.90027 4.31183 4.59521 5.72235 5.66682 4.91221 4.072 2.91307 2.17194 1.0267 -1.16943 -0.975011 0.00971958 0.74191 1.9076 3.69029 4.93851 5.49273 5.69837 6.13088 6.35167 5.83227 5.33265 5.11832 4.73148 4.66545 4.65492 5.08363 5.41077 6.16197 6.41007 6.51883 6.57197 6.5986 6.61759 6.63718 6.64231 6.625 6.62316 6.61412 6.55129 5.50699 2.89562 0.924683 -9999 -9999 -9999 -9999 -9999 -9999
-9999 -9999 8.73852 9.10208 9.19905 9.3671 9.70854 10.1017 10.6625 10.7349 11.0405 11.0391 10.4183 9.70083 10.3231 10.5687 10.8228 10.8274 10.7431 8.96506 8.03279 7.29778 5.96911 6.43577 6.88431 6.91354 6.63461 5.02206 3.41626 1.5662 -0.162708 -0.249077 -1.18181 -0.694137 -0.0442481 1.62782 2.80374 3.27882 3.6186 5.42949 5.89562 6.04652 6.50206 5.85801 5.67768 5.18832 5.31623 5.26063 5.24941 3.9165 5.22213 5.28852 6.14004 6.51567 6.59617 6.6146 6.63588 6.6368 6.63933 6.63324 6.63974 6.6206 6.59821 5.91677 2.61304 0.944902 -9999 -9999 -9999 -9999 -9999 -9999
-9999 -9999 -9999 -9999 8.85456 9.13302 9.31256 9.62116 10.5654 10.8192 10.9877 11.0023 10.7254 10.0152 9.82683 9.95455 9.25993 9.83554 10.6243 10.6009 10.5009 8.93659 8.12871 8.89608 8.65575 7.47754 6.54927 5.63323 3.75395 2.37769 0.39687 -1.0912 -1.15052 0.484518 1.84173 3.53393 4.27935 3.8513 4.30896 5.20383 6.22142 6.70865 6.5825 5.90372 5.7901 5.04207 5.74965 5.79701 5.44689 5.14257 5.24011 5.65443 5.80625 6.47137 6.62696 6.64868 6.64991 6.64983 6.6448 6.63912 6.62506 6.61389 6.59934 6.56267 3.1667 0.517328 -9999 -9999 -9999 -9999 -9999 -9999
-9999 -9999 -9999 -9999 8.20066 8.3715 8.81585 9.95227 10.5523 10.7933 10.7861 10.8973 10.7019 10.077 9.43493 8.82868 8.04708 8.48967 9.66501 10.3562 10.4313 9.05948 9.76153 9.48959 8.95884 7.41953 6.2838 5.67939 3.87496 2.33014 1.01086 -0.808584 -0.0353494 0.817083 1.91322 3.75934 5.00448 5.51405 5.08009 5.65137 6.82322 6.82173 6.16769 6.19868 5.78584 4.76824 5.79862 6.07789 5.82611 5.87307 5.76651 5.91291 6.19114 6.45839 6.63467 6.65356 6.6518 6.64306 6.64074 6.63801 6.62174 6.61866 6.60402 6.58045 4.38567 0.463488 -9999 -9999 -9999 -9999 -9999 -9999
-9999 -9999 -9999 -9999 -9999 7.60838 8.61853 10.1261 10.5059 10.4731 10.7847 10.8117 10.5121 10.2512 9.47211 8.40762 6.36438 6.88135 7.96303 9.52391 10.3422 10.2272 9.76009 8.96004 7.03186 5.34377 5.13411 4.85352 3.53534 2.34474 0.878491 1.72167 2.64623 3.65854 4.18952 4.04891 5.1155 5.98405 5.61031 6.31222 7.13046 6.74828 6.51746 6.32081 5.84675 5.80535 5.83822 6.41678 5.99146 6.22926 6.21744 6.19095 6.32068 6.47327 6.63579 6.65775 6.65383 6.65378 6.63161 6.63589 6.62286 6.60909 6.59509 6.57384 6.3683 4.2494 2.98079 -9999 -9999 -9999 -9999 -9999
-9999 -9999 -9999 -9999 -9999 6.6761 7.18124 8.96606 9.5226 10.3112 10.7299 10.7494 10.2436 9.96101 8.80087 8.42295 6.53276 5.6754 6.39757 6.11648 8.26693 10.1692 9.74467 5.89139 4.4923 3.49287 3.74297 3.74034 3.36999 1.34586 0.784641 2.58997 3.72581 4.60562 5.27274 5.40967 5.38461 6.74481 6.92173 7.35929 7.25637 7.28925 6.59162 6.1549 6.50642 6.06358 5.97596 6.57429 5.95607 6.48779 6.40535 6.2294 6.21014 6.56064 6.62594 6.65845 6.65581 6.63901 6.61857 6.60508 6.61339 6.60376 6.57857 6.5732 6.54605 6.2821 5.18233 4.79076 5.20163 -9999 -9999 -9999
-9999 -9999 -9999 -9999 -9999 -9999 5.51597 7.99517 9.13284 9.72837 10.566 10.667 10.3983 9.90978 8.72786 7.68787 5.99797 4.068 3.04451 6.09654 8.75219 10.1363 9.9443 6.7361 5.46679 5.40302 6.14248 5.50934 5.0282 3.48922 3.02617 2.38464 2.77438 4.00145 5.00261 5.97 6.67248 6.72712 7.18063 7.43721 7.45205 7.52622 7.43585 7.35909 6.67484 7.12005 6.71694 6.90937 6.76228 6.62844 6.5075 6.11592 6.3739 6.60264 6.65648 6.66686 6.64875 6.64241 6.62971 6.60478 6.58983 6.58389 6.57626 6.55762 6.54987 6.52461 6.39259 5.72644 4.83775 3.71764 -9999 -9999
-9999 -9999 -9999 -9999 -9999 -9999 4.27526 6.74205 7.9358 9.46535 10.2536 10.5724 10.5294 10.1332 9.23473 7.88287 6.75605 4.60194 2.36506 5.56876 8.4227 9.96074 10.0387 7.33615 8.0775 7.46945 7.70794 6.59903 6.13581 5.76975 4.97281 4.10209 3.1498 2.64262 4.89648 6.05269 6.98235 7.41875 7.66318 7.7821 7.70801 7.52984 6.51867 7.27197 7.21092 7.12179 7.0211 6.96523 6.87255 6.76608 6.69373 6.66286 6.40052 6.67424 6.65836 6.65716 6.65441 6.64353 6.62624 6.61072 6.59189 6.58453 6.5694 6.55302 6.53867 6.52177 6.504 6.45773 6.27293 4.77301 3.87155 3.60398
-9999 -9999 -9999 -9999 -9999 -9999 0.808415 4.39589 7.28581 8.79107 10.0157 10.3516 10.4762 9.94512 9.5472 8.57759 7.65902 6.24289 4.12278 2.81609 5.21397 8.70066 9.98442 9.87299 9.78779 9.08573 8.45263 8.3687 8.41151 7.6768 6.6063 5.20984 4.76766 4.27688 5.9547 6.17996 6.05419 7.8982 7.89804 7.78767 7.07428 6.2736 6.4146 5.9142 6.26918 5.67259 6.19662 6.64768 6.80802 6.78093 6.70234 6.67873 6.64163 6.67893 6.67172 6.65842 6.64786 6.64073 6.63028 6.60522 6.58911 6.59233 6.56734 6.54953 6.53182 6.5171 6.5037 6.46715 6.43272 6.19341 5.83888 5.16487
-9999 -9999 -9999 -9999 -9999 -9999 0.960545 3.98414 6.5426 8.07679 9.55148 9.8929 10.3895 10.2806 9.8638 9.02069 7.96762 6.80173 4.98253 3.62953 5.23217 7.54631 9.20209 9.78535 9.77572 9.73121 9.56894 9.49879 9.31076 9.17665 8.40806 7.08279 6.33623 5.24536 7.11509 7.32207 7.02565 7.9563 7.90469 6.48568 5.39237 5.24935 5.90119 5.26055 5.12881 4.72469 5.15608 6.33268 5.96781 6.02426 6.54656 6.6252 6.66695 6.67474 6.66451 6.65641 6.6425 6.63968 6.63706 6.61194 6.59785 6.58816 6.56209 6.54526 6.52332 6.49929 6.48186 6.45807 6.42629 6.35138 6.26356 6.32062
-9999 -9999 -9999 -9999 -9999 -9999 1.01824 3.05438 5.35653 7.61542 9.1901 9.82455 10.2859 10.2793 9.79515 9.37496 8.71393 7.68793 6.98318 5.76152 4.08582 6.88675 7.74359 8.49924 8.81747 9.61276 9.58847 9.21722 8.78879 9.17912 9.05121 8.00626 7.66027 7.07874 8.11687 8.1157 8.08288 8.02266 6.82357 5.15806 3.82482 4.77204 4.56416 4.98982 3.61141 4.71267 5.5993 5.87848 5.25789 4.79304 6.17843 6.39341 6.52313 6.60418 6.65579 6.63606 6.64538 6.63259 6.62415 6.61526 6.5986 6.5862 6.56827 6.54935 6.52202 6.49967 6.47478 6.4387 6.42777 6.38636 6.36378 6.33366
-9999 -9999 -9999 -9999 -9999 -9999 -9999 1.85389 4.7715 7.37655 8.82634 9.73747 10.1804 10.1706 9.92203 9.63592 9.22505 8.48409 7.55381 6.08523 4.99413 5.68161 6.52116 6.60351 7.15948 8.78027 9.33089 8.53931 6.58981 7.72486 9.00132 8.97638 8.86314 8.73707 8.57737 8.43237 8.11959 7.28853 4.75165 4.24652 3.24663 3.3519 2.83395 3.93325 3.49595 4.62764 5.11132 5.28655 4.21793 4.42392 5.64658 6.12911 6.03932 6.33378 6.61855 6.62226 6.62533 6.61308 6.61467 6.61232 6.60266 6.58033 6.56464 6.55086 6.5102 6.49877 6.39584 6.32574 6.19285 6.3376 6.34387 6.33124
-9999 -9999 -9999 -9999 -9999 -9999 -9999 1.26865 4.18071 7.24857 8.23281 9.21504 10.0624 10.0771 9.69824 9.33762 8.96606 8.5432 7.41548 6.32169 5.27716 4.92444 5.13103 5.10198 6.0044 8.11752 8.52303 8.34364 6.29838 5.60585 7.31245 8.74619 8.85521 8.72069 7.02421 7.38043 6.463 5.21998 4.87389 4.32603 3.17418 3.71807 2.87108 3.22185 3.09994 3.73812 4.04352 4.80433 3.8722 3.85926 5.0589 5.66526 5.67274 6.31114 6.53489 6.58942 6.59929 6.60517 6.60308 6.60831 6.59724 6.58228 6.56382 6.52661 6.44625 6.20158 4.96333 4.95664 5.28453 5.59457 6.15405 6.30761
-9999 -9999 -9999 -9999 -9999 -9999 -9999 1.60086 3.62129 6.34321 8.35898 8.48435 9.46333 9.9677 9.55587 9.09226 8.61782 8.40899 7.18194 5.8342 4.74462 3.45529 3.66402 4.58429 6.08106 7.44459 7.68481 7.39768 6.29489 6.80474 7.96709 8.58225 8.76058 8.61239 8.23942 8.02195 7.34494 7.04852 6.10934 4.6434 4.06177 4.41872 2.86091 2.96068 3.52469 2.88866 3.88201 4.35193 3.15195 4.06956 5.13874 5.68156 6.15576 6.37681 6.46128 6.59479 6.59295 6.59942 6.60066 6.59344 6.58801 6.55976 6.53501 6.3985 6.1998 5.05088 4.5499 4.63544 5.15544 5.60997 6.07171 6.26342
-9999 -9999 -9999 -9999 -9999 -9999 -9999 1.9408 3.75968 6.11952 7.55628 7.81211 8.8979 9.86303 9.75302 9.27075 9.12225 8.62222 7.58119 6.43145 5.17489 4.56243 3.15808 4.53444 5.61188 6.76604 7.30369 6.39504 5.94085 6.73196 7.51852 7.82997 8.62453 8.61246 8.3475 7.2201 6.66775 6.89398 6.6532 6.23526 5.22376 5.17185 4.51858 4.24292 3.98158 3.13342 3.64685 3.68928 3.81025 4.92758 5.47994 5.84375 6.17449 6.25625 6.39683 6.58165 6.59271 6.59402 6.58771 6.58579 6.56611 6.50592 6.45395 6.18589 5.71601 4.84484 3.41869 4.39833 5.42309 5.72039 6.00188 6.15166
-9999 -9999 -9999 -9999 -9999 -9999 -9999 1.62639 3.55853 5.57514 6.41744 6.55917 8.52555 9.72877 9.72885 9.4991 9.23097 7.99937 8.06899 7.82048 6.6867 5.03636 3.224 3.39051 4.45483 5.97988 6.48191 4.98795 4.46037 4.84036 6.032 7.09824 8.21177 8.49117 8.15846 6.40595 4.54366 5.39978 6.31454 6.30336 6.02675 5.08767 4.78413 4.50812 3.81958 2.6476 2.79941 3.11002 4.36895 4.7671 5.38758 5.90191 5.6973 5.80539 6.29852 6.57901 6.58384 6.58317 6.58691 6.5746 6.55164 6.43747 6.31667 6.11789 4.90392 4.14619 3.04045 4.29061 4.98706 5.33878 6.00254 6.15636
-9999 -9999 -9999 -9999 -9999 -9999 -9999 1.0238 2.42558 4.35298 5.12889 6.36718 8.22531 9.1382 9.5747 9.5629 9.38342 8.83058 8.4971 7.84228 6.66293 5.05123 3.25987 2.0925 2.681 4.72437 5.19669 3.82776 3.12907 3.98874 5.25895 7.142 8.21589 8.35684 8.25452 7.8892 6.52808 4.88437 4.8842 5.69975 5.00565 4.19951 4.63147 4.54212 3.86226 3.36511 3.03816 3.20272 3.91985 4.21432 4.9325 5.99697 6.14296 6.10534 6.55013 6.56629 6.57069 6.58175 6.57531 6.56527 6.54573 6.45143 6.24757 5.43754 4.73006 3.74825 3.62046 4.72432 5.20846 5.64926 5.97181 6.07303
-9999 -9999 -9999 -9999 -9999 -9999 -9999 -0.0105201 1.63887 3.4443 5.13456 6.73349 8.10924 8.21386 8.93833 8.93526 9.31357 9.20206 8.68921 8.13724 7.12067 5.05108 3.31021 1.4118 1.90807 3.9928 4.25192 3.33282 1.6388 3.37845 5.29744 7.03622 7.97534 7.23072 7.98417 7.91689 7.40359 6.42282 4.90056 4.92302 3.77995 3.72339 4.29945 4.48088 4.37527 3.99992 3.39356 3.46415 3.89295 3.99744 4.65672 5.48063 6.28636 6.41576 6.56403 6.56416 6.56042 6.56701 6.56264 6.53971 6.49204 6.39365 5.71373 4.90611 4.40584 3.71967 3.63007 4.92135 5.41668 5.68647 5.96433 6.07054
-9999 -9999 -9999 -9999 -9999 -9999 -9999 -9999 1.46589 3.33112 4.71088 5.08132 6.304 6.96328 7.47285 7.58405 9.04147 9.11939 8.79321 8.28588 7.41835 5.84708 4.75124 2.93011 1.6201 2.13146 2.37723 2.85262 2.7063 3.47956 5.32344 7.24467 7.45009 6.22191 6.39822 6.64915 7.21756 6.92093 4.84877 3.79264 2.91445 3.52615 4.16957 4.31896 4.34194 4.20743 4.02891 3.75405 4.61567 5.25105 5.39173 5.94533 6.35231 6.45946 6.53877 6.54278 6.54728 6.54132 6.51115 6.48765 6.37751 6.13806 5.37826 3.55969 3.63749 3.43444 2.86352 4.12535 4.88988 5.6031 5.97926 6.07197
-9999 -9999 -9999 -9999 -9999 -9999 -9999 -9999 0.840895 2.99925 3.45416 3.41887 2.70233 3.02966 5.67815 6.20962 7.60719 8.93019 8.83002 8.33213 7.52013 6.58294 5.13362 3.08578 1.45784 0.759572 2.49225 4.20238 4.55212 5.09555 6.22366 6.43433 5.17936 4.00213 4.65561 5.0471 6.55264 6.8227 6.52293 5.27146 3.84102 3.09044 3.95947 4.06817 4.11186 4.11301 4.06194 3.99959 4.96322 5.49721 5.86515 6.06182 6.40997 6.49356 6.51563 6.53639 6.52358 6.49908 6.43682 6.3669 6.0792 5.73206 4.49155 3.45603 2.80754 1.98597 3.81415 4.34592 5.07688 5.54237 5.91633 5.9935
