Test_Spring_2018b/03_18/Temp/20180324_000.txt
ncols	170
nrows	115
xllcorner	350000.000000
yllcorner	4445000.000000
cellsize	1000.000000
nodata_value	-9999.000000
[rows 31 to 61 of 115, columns 70 to 139 of 170]
5.44019 6.0566 6.28399 5.85732 5.90093 6.92605 7.15583 7.14155 7.05538 6.95866 6.47219 6.30994 5.92682 5.25147 4.96891 3.76699 -0.121063 0.980598 1.41198 0.285413 0.915772 1.94109 1.04987 -1.59673 -2.73629 -4.57232 -3.9913 -4.5432 -6.02126 -9999 -9999 -9999 -9999 -9999 -9999 -9999 -9999 -9999 -9999 -9999 -9999 -9999 -9999 -9999 -9999 -9999 -9999 -9999 -9999 -9999 -9999 -9999 -9999 -9999 -9999 -9999 -9999 -9999 -9999 -9999 -9999 -9999 -9999 -9999 -9999 -9999 -9999 -9999 -9999 -9999
5.56489 5.84739 5.8222 5.41127 6.04858 6.63545 6.27847 6.04566 7.01204 7.01276 6.68483 5.91355 5.63099 5.33797 5.15866 4.16901 1.3912 -1.11287 0.229963 0.262583 -0.664626 1.00046 0.122278 -2.17008 -5.40651 -3.64581 -4.10279 -6.39696 -6.95897 -9999 -9999 -9999 -9999 -9999 -9999 -9999 -9999 -9999 -9999 -9999 -9999 -9999 -9999 -9999 -9999 -9999 -9999 -9999 -9999 -9999 -9999 -9999 -9999 -9999 -9999 -9999 -9999 -9999 -9999 -9999 -9999 -9999 -9999 -9999 -9999 -9999 -9999 -9999 -9999 -9999
4.7958 5.49867 5.28395 5.10788 6.05462 6.03569 5.97761 6.32243 6.92414 7.04422 6.9169 6.58101 6.29033 5.98106 5.1951 4.06298 1.6858 -1.16452 -1.81041 -0.414312 -0.346578 -0.121496 -0.921863 -1.92738 -3.5009 -2.21071 -1.70913 -3.21773 -5.188 -6.45321 -9999 -9999 -9999 -9999 -9999 -9999 -9999 -9999 -9999 -9999 -9999 -9999 -9999 -9999 -9999 -9999 -9999 -9999 -9999 -9999 -9999 -9999 -9999 -9999 -9999 -9999 -9999 -9999 -9999 -9999 -9999 -9999 -9999 -9999 -9999 -9999 -9999 -9999 -9999 -9999
3.75971 4.96523 4.63941 3.72283 4.29372 4.72262 5.51869 5.72887 5.84865 6.97782 6.91905 6.86775 6.38696 6.00262 5.36517 4.27568 2.72416 0.855901 -2.39764 -0.390312 1.18167 1.14217 1.05687 0.352565 -1.15923 0.107008 0.167184 -1.75742 -3.9452 -5.23495 -5.76798 -9999 -9999 -9999 -9999 -9999 -9999 -9999 -9999 -9999 -9999 -9999 -9999 -9999 -9999 -9999 -9999 -9999 -9999 -9999 -9999 -9999 -9999 -9999 -9999 -9999 -9999 -9999 -9999 -9999 -9999 -9999 -9999 -9999 -9999 -9999 -9999 -9999 -9999 -9999
-9999 4.21866 3.90488 2.78506 3.35939 4.12559 5.20932 5.77159 6.19863 6.53712 6.88232 6.84277 6.35079 4.89556 4.68855 4.62644 3.61196 1.48195 -0.645334 -1.19595 1.20164 1.8883 1.7491 2.28495 1.00428 1.61044 1.36282 0.683745 -1.42279 -3.34506 -4.14016 -5.71214 -9999 -9999 -9999 -9999 -9999 -9999 -9999 -9999 -9999 -9999 -9999 -9999 -9999 -9999 -9999 -9999 -9999 -9999 -9999 -9999 -9999 -9999 -9999 -9999 -9999 -9999 -9999 -9999 -9999 -9999 -9999 -9999 -9999 -9999 -9999 -9999 -9999 -9999
-9999 -9999 -9999 -9999 2.09349 3.13872 4.00515 5.06198 5.97437 6.43238 6.87735 6.84288 5.85856 5.37764 5.33657 4.67227 3.50103 2.76614 1.42698 0.0316232 0.565335 2.60987 1.70105 3.14966 3.02755 3.29412 2.32654 0.499092 -1.95113 -3.37919 -4.09042 -5.36408 -9999 -9999 -9999 -9999 -9999 -9999 -9999 -9999 -9999 -9999 -9999 -9999 -9999 -9999 -9999 -9999 -9999 -9999 -9999 -9999 -9999 -9999 -9999 -9999 -9999 -9999 -9999 -9999 -9999 -9999 -9999 -9999 -9999 -9999 -9999 -9999 -9999 -9999
-9999 -9999 -9999 -9999 -9999 2.95991 3.621 5.03417 5.76481 6.06264 6.77971 6.78273 6.41077 6.13019 5.72231 5.18905 4.30904 3.33787 2.07836 1.96221 3.27016 3.28662 3.01373 3.22868 3.90075 3.72396 2.2282 -0.352472 -1.71844 -4.49576 -5.68444 -5.56169 -6.4039 -9999 -9999 -9999 -9999 -9999 -9999 -9999 -9999 -9999 -9999 -9999 -9999 -3.16445 -9999 -9999 -9999 -9999 -9999 -9999 -9999 -9999 -9999 -9999 -9999 -9999 -9999 -9999 -9999 -9999 -9999 -9999 -9999 -9999 -8.23169 -9999 -9999 -9999
-9999 -9999 -9999 -9999 2.84184 3.72728 4.41511 5.30163 5.38871 5.91757 6.74203 6.75563 6.49239 6.19459 5.52313 5.35753 4.85699 3.80249 3.58716 4.01527 4.21255 4.43606 4.57375 4.46236 4.19046 3.83906 2.87885 1.67998 0.875665 -1.66238 -2.94328 -4.16992 -6.02693 -7.47939 -9999 -9999 -9999 -9999 -9999 -9999 -9999 -4.12468 -4.19293 -4.15914 -3.75077 -2.62479 -3.28496 -9999 -9999 -9999 -9999 -9999 -9999 -9999 -9999 -9999 -9999 -9999 -9999 -9999 -9999 -9999 -9999 -9999 -9999 -9999 -7.20231 -8.66676 -9999 -9999
-9999 -9999 -9999 -9999 3.09494 4.02393 4.48885 5.35018 5.84391 6.16815 6.45525 6.72966 6.68557 6.35599 5.85361 5.85802 5.16476 4.79116 4.52438 5.10321 5.21775 4.98576 4.69473 4.43742 3.70954 3.62555 3.39402 2.63334 1.38437 0.0974498 -1.76151 -4.28281 -6.75531 -8.74935 -9999 -9999 -9999 -9999 -9999 -9999 -3.90278 -2.96736 -2.40667 -3.59641 -2.57857 -1.64811 -1.79565 -2.69406 -9999 -9999 -9999 -9999 -9999 -9999 -9999 -9999 -9999 -9999 -9999 -9999 -9999 -9999 -0.24712 -1.74817 -4.77962 -6.33416 -7.26741 -8.59931 -9999 -9999
-9999 -9999 -9999 -9999 2.92168 4.01883 4.76291 5.42379 5.5315 6.21074 6.50591 6.65434 6.63897 6.57503 6.4837 5.87904 5.61938 4.70428 5.58091 5.54797 5.32632 4.44847 4.06793 2.56074 1.8976 1.75445 3.02256 2.08649 0.131403 -2.31273 -5.24792 -5.44003 -6.4107 -8.19266 -9999 -9999 -9999 -9999 -9999 -9999 -3.60051 -2.60012 -1.76503 -1.64282 -2.8254 -1.17273 -1.23331 -2.15663 -2.36536 -1.60652 -1.22111 -1.50469 -0.601685 -0.335261 -0.741987 -0.292811 -9999 -9999 -9999 -9999 -0.0237417 0.0363701 0.0812685 -0.54494 -3.85683 -6.11939 -8.1514 -8.33935 -9999 -9999
-9999 -9999 -9999 -9999 3.69044 4.36689 4.71029 4.76814 5.3619 5.95635 6.32095 6.58915 6.53773 6.5179 6.49647 6.29047 5.8099 5.89718 5.85857 5.57773 3.90661 1.956 2.80616 1.64737 -0.828395 1.18816 2.29527 1.23454 -1.13472 -3.882 -4.77866 -4.74175 -6.09216 -7.82889 -9999 -9999 -9999 -6.32238 -4.88991 -4.76429 -4.34136 -3.00732 -1.99235 -1.22825 -0.707017 -0.719686 -1.26848 -2.17161 -3.15318 -2.80174 -1.03274 -0.600165 -0.237429 0.0388249 -0.338449 -0.137814 0.336093 0.581356 0.631568 0.520637 0.495043 0.53306 0.475669 -0.108859 -3.07256 -4.76914 -5.85231 -8.02831 -9999 -9999
-9999 -9999 -9999 -9999 3.27959 3.86824 4.34565 5.1349 5.22112 5.72295 6.02309 6.46451 6.51629 6.00303 6.43039 6.37666 6.29797 6.12964 5.88241 4.47173 2.52723 0.577846 -0.322214 0.0638479 -1.42712 -0.659292 0.462521 0.0538028 -1.39751 -3.84485 -4.1886 -4.75509 -7.0291 -9.21637 -9999 -9999 -9.08742 -6.33986 -4.405 -3.40656 -3.09672 -3.06632 -1.78779 -1.68682 -0.310378 -0.628996 -2.44803 -2.24244 -2.95017 -2.49022 -1.83883 -1.65932 -0.724432 0.171576 0.342828 0.348514 0.650924 0.713975 0.730696 0.723188 0.519014 0.611689 0.624908 0.259802 -1.88746 -2.93561 -4.0885 -7.98439 -9999 -9999
-9999 -9999 -9999 -9999 3.5906 4.2485 4.96891 5.08786 5.62247 5.56894 5.42191 6.16612 6.43866 6.07693 5.81676 6.30045 6.26786 6.20425 6.09885 4.77308 3.23869 0.915868 -0.527539 -1.40793 -2.03457 -2.86836 -2.29188 -2.4671 -2.70208 -2.42934 -3.10108 -4.44158 -5.77119 -8.2624 -9.60835 -9999 -8.92694 -7.6864 -5.38549 -3.43009 -2.18863 -2.63416 -1.18049 -0.910387 -0.0692667 -0.560494 -1.66479 -2.13721 -2.17811 -2.32163 -1.34116 -0.681452 -0.214201 0.0982457 0.48452 0.584761 0.68522 0.727797 0.751118 0.774205 0.768984 0.760503 0.715835 0.577503 -0.410946 -1.4556 -3.71444 -7.8427 -9999 -9999
-9999 -9999 -9999 1.68736 3.52598 4.6279 5.0562 5.36618 5.63981 5.83869 6.04847 6.24212 6.37723 6.32171 5.36028 5.44012 5.61396 6.16094 6.12192 6.0018 5.16262 2.3362 1.3608 -0.0656039 -1.91359 -2.68427 -2.29735 -0.781245 -0.847594 -1.84941 -2.96593 -4.5093 -5.49138 -7.01757 -9.95006 -9.685 -8.36287 -7.37891 -5.81489 -3.42494 -1.7495 -1.00167 -0.718962 -0.12816 0.178705 -0.493979 -1.13551 -1.4042 -1.90282 -1.97158 -1.96578 -1.37233 -0.908351 0.120279 0.467635 0.625368 0.707817 0.752667 0.785196 0.816648 0.827222 0.806714 0.80642 0.796581 0.723468 -0.668893 -4.14929 -6.7732 -9999 -9999
-9999 -9999 -9999 -9999 3.19726 3.6834 3.81265 4.03695 4.49331 5.01903 5.76376 5.86176 6.27222 6.27165 5.44292 4.48567 5.32137 5.65333 5.99705 6.00699 5.89845 3.52427 2.28187 1.30386 -0.468059 0.172892 0.781101 0.828401 0.463389 -1.6862 -3.82695 -6.29493 -8.60116 -8.71018 -9.95092 -9.29335 -8.4196 -6.17838 -4.60104 -3.96111 -3.50148 -1.07226 -0.439051 -0.220822 0.401844 -0.444985 -0.658867 -1.29454 -1.10332 -1.15703 -1.15109 -2.91381 -1.13986 -1.0327 0.123342 0.644394 0.762434 0.796184 0.831502 0.837535 0.844118 0.838069 0.848396 0.830213 0.809038 -0.0966977 -4.50989 -6.7286 -9999 -9999
-9999 -9999 -9999 -9999 -9999 -9999 3.36711 3.73899 3.97852 4.39088 5.64887 5.98942 6.21634 6.23758 5.86926 4.92117 4.67213 4.84636 3.92051 4.69489 5.75466 5.72806 5.59945 3.51188 2.44535 3.48017 3.16685 1.59873 0.365056 -0.852361 -3.35892 -5.1928 -7.83609 -9.82076 -9.89442 -7.70166 -5.8807 -3.61284 -2.61185 -3.18063 -2.56347 -1.35584 0.015275 0.678782 0.523586 -0.369083 -0.493343 -1.47431 -0.506585 -0.421673 -0.868363 -1.25394 -1.09604 -0.522807 -0.302658 0.602096 0.822545 0.862148 0.870341 0.874688 0.870745 0.864839 0.852896 0.841813 0.827256 0.784416 -3.75197 -7.28357 -9999 -9999
-9999 -9999 -9999 -9999 -9999 -9999 2.50751 2.73529 3.32907 4.84901 5.64643 5.96992 5.96151 6.11197 5.85272 5.01902 4.16269 3.35481 2.31264 2.90888 4.48599 5.41572 5.52143 3.69156 4.64535 4.28964 3.58787 1.5367 0.0255583 -0.774772 -3.1811 -5.24047 -6.99857 -9.42669 -8.38642 -7.241 -5.77019 -3.29619 -1.62671 -0.940488 -1.51517 -0.743129 0.834586 0.844431 -0.0167513 0.0407815 -0.483588 -1.8247 -0.424458 -0.0286868 -0.343282 -0.258348 -0.373291 -0.158294 0.231153 0.603596 0.851678 0.886386 0.891017 0.883524 0.882972 0.883211 0.864625 0.864421 0.849868 0.824755 -2.10408 -7.33867 -9999 -9999
-9999 -9999 -9999 -9999 -9999 -9999 -9999 1.72951 3.08036 5.09693 5.5997 5.55675 5.97487 6.01278 5.61386 5.26734 4.2277 2.80664 0.0762635 0.772057 2.22386 4.31731 5.41762 5.26944 4.65883 3.59652 1.02492 -1.22528 -1.49723 -1.86422 -3.6199 -5.20529 -7.16008 -6.02543 -4.78275 -3.42346 -2.70895 -2.89357 -1.46298 -0.296508 -0.790776 0.156171 1.26087 0.76151 0.466861 0.220034 -0.386081 -0.420705 -0.355003 0.441444 -0.105222 0.235163 0.247009 0.230624 0.421304 0.64021 0.869755 0.908436 0.909807 0.913962 0.887371 0.896042 0.881896 0.867584 0.854111 0.832361 0.565564 -2.25593 -3.94177 -9999
-9999 -9999 -9999 -9999 -9999 -9999 -9999 0.497429 1.17259 3.56019 4.29941 5.35554 5.9172 5.94491 5.27021 4.89475 3.34519 2.84281 0.317349 -0.826053 0.144717 -0.22655 2.65625 5.20742 4.65389 -0.493943 -2.35762 -3.6864 -3.3432 -3.33832 -3.82579 -6.52657 -7.27039 -4.84835 -3.32295 -2.14096 -1.24423 -1.05677 -1.08703 0.737273 0.98023 1.57357 1.44578 1.5019 0.582683 0.0146317 0.513259 -0.058624 -0.154305 0.668412 -0.136617 0.596782 0.51391 0.297235 0.288245 0.77171 0.870961 0.923639 0.927559 0.909006 0.884703 0.870139 0.884825 0.876349 0.848232 0.848011 0.820152 0.480907 -0.978928 -1.49004
-9999 -9999 -9999 -9999 -9999 -9999 -9999 -9999 -1.04008 2.27679 3.79353 4.59143 5.71366 5.85054 5.49343 4.8422 3.26357 1.8753 -0.382172 -2.96041 -4.32612 -0.237416 3.32136 5.17921 4.93698 0.652176 -1.03799 -1.11492 -0.11706 -0.955992 -1.59182 -3.64353 -4.25606 -5.10813 -4.58105 -2.93336 -1.58796 -0.290486 0.653008 0.730602 1.34328 1.69546 1.72532 1.83666 1.7299 1.64332 0.755889 1.37187 0.853559 1.13258 0.957394 0.799587 0.664764 0.158994 0.520496 0.840639 0.924296 0.950647 0.931898 0.927578 0.913972 0.883761 0.868928 0.865792 0.861533 0.843859 0.842162 0.822443 0.657475 -0.221217
-9999 -9999 -9999 -9999 -9999 -9999 -9999 -9999 -2.68457 0.615911 2.20756 4.25539 5.31154 5.74053 5.6851 5.15753 3.95821 2.15264 0.648611 -2.22957 -5.21807 -0.926841 2.89641 4.96009 5.07052 1.47105 2.4711 1.66566 1.99297 0.517219 -0.0947984 -0.577188 -1.63657 -2.79531 -4.0623 -4.73232 -1.71317 -0.162672 1.0852 1.67394 2.00713 2.17398 2.08656 1.86016 0.521036 1.54476 1.49102 1.39132 1.27689 1.22285 1.11958 0.9975 0.927132 0.903271 0.56789 0.952958 0.944852 0.950548 0.952605 0.942612 0.923342 0.906257 0.885069 0.884593 0.869031 0.854652 0.844281 0.835843 0.823571 0.774016
-9999 -9999 -9999 -9999 -9999 -9999 -9999 -9999 -7.30776 -2.50747 1.35358 3.36901 5.01005 5.46142 5.63049 4.9224 4.39293 3.09885 1.87348 -0.0172696 -2.8496 -4.59309 -1.37999 3.29127 5.01361 4.88158 4.77536 3.84386 3.00464 2.90016 2.96507 1.98922 0.566348 -1.29624 -1.87605 -2.5288 -0.279979 0.0253207 -0.13862 2.33404 2.34025 2.20046 1.25549 0.198843 0.401411 -0.253571 0.249081 -0.530528 0.190004 0.813247 1.04747 1.03053 0.951147 0.944376 0.908574 0.97554 0.975038 0.964715 0.956663 0.95218 0.94264 0.913436 0.896503 0.906146 0.885709 0.870258 0.852449 0.846968 0.840278 0.803316
-9999 -9999 -9999 -9999 -9999 -9999 -9999 -9999 -7.08803 -3.04966 0.374921 2.43021 4.4052 4.8641 5.53098 5.38786 4.83323 3.70845 2.30308 0.747122 -1.68265 -3.48823 -1.33853 1.7626 3.98421 4.78265 4.77493 4.72299 4.5135 4.43038 4.18609 4.01364 2.99179 1.23351 0.239325 -1.21593 1.2902 1.57156 1.17979 2.43073 2.36841 0.477727 -0.975616 -1.15577 -0.266048 -1.10821 -1.25622 -1.78149 -1.186 0.40695 -0.0534522 0.0401014 0.764215 0.884369 0.960944 0.982136 0.977601 0.974456 0.962325 0.964139 0.965734 0.93711 0.923533 0.916464 0.888331 0.882323 0.862512 0.845197 0.828278 0.807918
-9999 -9999 -9999 -9999 -9999 -9999 -9999 -9999 -6.99242 -4.2782 -1.19641 1.82888 3.93785 4.78898 5.40878 5.40276 4.75795 4.19909 3.3183 1.94947 1.01084 -0.619121 -2.85629 0.897016 2.04825 3.07769 3.51409 4.58598 4.56114 4.07184 3.50211 4.03138 3.87801 2.48537 2.02758 1.25433 2.64823 2.65162 2.61309 2.53858 0.941151 -1.27921 -3.05362 -1.77515 -2.04086 -1.45148 -3.26803 -1.76855 -0.563725 -0.171729 -0.989427 -1.59452 0.284005 0.595448 0.781072 0.900118 0.978378 0.959914 0.979274 0.968312 0.962755 0.956524 0.940131 0.929965 0.913135 0.895832 0.878783 0.863583 0.84133 0.816284
-9999 -9999 -9999 -9999 -9999 -9999 -9999 -9999 -9999 -5.86684 -1.96035 1.52708 3.46893 4.69027 5.28547 5.2751 4.94554 4.56611 4.02006 3.03266 1.79228 -0.168052 -1.62296 -0.697649 0.430364 0.559808 1.31107 3.48722 4.23136 3.17938 0.577791 2.11689 3.83108 3.80345 3.65732 3.49382 3.28194 3.09338 2.68072 1.57519 -1.81203 -2.47538 -3.80329 -3.65109 -4.33147 -2.83927 -3.39598 -1.86477 -1.20033 -0.948611 -2.36158 -2.05929 -0.396675 0.261959 0.15343 0.557709 0.941472 0.954613 0.966036 0.956332 0.964796 0.967927 0.961477 0.946169 0.933342 0.923803 0.891802 0.891429 0.764786 0.682221
-9999 -9999 -9999 -9999 -9999 -9999 -9999 -9999 -9999 -6.63351 -2.73531 1.37158 2.69064 4.00727 5.14363 5.16623 4.66239 4.18327 3.6898 3.128 1.62333 0.164358 -1.22839 -1.69515 -1.41324 -1.43372 -0.219195 2.61544 3.16514 2.93211 0.217168 -0.702745 1.58723 3.51175 3.66345 3.48913 1.22481 1.70742 0.486207 -1.17004 -1.62528 -2.34953 -3.88086 -3.14201 -4.26313 -3.78046 -3.90739 -3.03758 -2.61276 -1.57855 -2.80992 -2.8011 -1.16865 -0.344702 -0.323254 0.541264 0.849916 0.93125 0.952147 0.967266 0.97152 0.985633 0.978199 0.965992 0.949628 0.908778 0.810795 0.507888 -1.13411 -1.1324
-9999 -9999 -9999 -9999 -9999 -9999 -9999 -9999 -9999 -6.1738 -3.46853 0.17561 2.87508 3.04526 4.35789 5.0357 4.48781 3.87088 3.23975 2.96428 1.32662 -0.472261 -1.92543 -3.64562 -3.36103 -2.12411 -0.101518 1.72985 2.05816 1.68077 0.228059 0.917125 2.47903 3.30852 3.55331 3.36113 2.86824 2.58364 1.68454 1.29527 0.0466366 -1.90598 -2.67438 -2.18589 -4.25854 -4.11226 -3.34397 -4.15694 -2.81251 -2.16845 -3.75909 -2.49084 -1.04695 -0.308318 0.337504 0.643616 0.766085 0.953412 0.959046 0.975417 0.984608 0.982504 0.982986 0.953245 0.92862 0.754928 0.498484 -1.02901 -1.66919 -1.54456
-9999 -9999 -9999 -9999 -9999 -9999 -9999 -9999 -9999 -5.70398 -3.26828 -0.108527 1.81627 2.16109 3.61669 4.91108 4.76708 4.12521 3.93018 3.26503 1.87623 0.342226 -1.33448 -2.14908 -4.02308 -2.17604 -0.714468 0.83653 1.56263 0.370337 -0.230291 0.835221 1.89443 2.31777 3.38743 3.37773 3.02975 1.52797 0.796016 1.10637 0.792465 0.242233 -1.10142 -1.16018 -2.02276 -2.37926 -2.71587 -3.81234 -3.11082 -3.03951 -2.8476 -1.327 -0.575021 -0.0761394 0.377638 0.497426 0.695162 0.951434 0.974686 0.984544 0.984025 0.989369 0.971073 0.898816 0.837883 0.488162 -0.13124 -1.28726 -3.16451 -1.84391
-9999 -9999 -9999 -9999 -9999 -9999 -9999 -9999 -9999 -6.10995 -3.52262 -0.822097 0.307298 0.499491 3.13344 4.74644 4.74976 4.44578 4.09068 2.4466 2.54392 2.21578 0.703315 -1.50013 -3.92018 -3.69214 -2.24776 -0.200998 0.477291 -1.4973 -2.19612 -1.68067 -0.0792929 1.35419 2.85089 3.23148 2.79313 0.455201 -2.02929 -0.875855 0.356617 0.350759 -0.00953757 -1.25551 -1.65032 -2.00756 -2.91617 -4.45685 -4.22846 -3.79882 -2.07168 -1.52564 -0.682738 0.0174255 -0.245152 -0.0900347 0.57961 0.964151 0.979375 0.9869 1.00014 0.991855 0.969391 0.825052 0.672087 0.41507 -1.20007 -2.20445 -3.66945 -1.96984
-9999 -9999 -9999 -9999 -9999 -9999 -9999 -9999 -9999 -6.90177 -5.02409 -2.44293 -1.40236 0.257121 2.74622 3.97074 4.55802 4.54568 4.3092 3.57337 3.1313 2.25948 0.686012 -1.46577 -3.85775 -5.41461 -4.62183 -1.86679 -1.21063 -3.03483 -3.96259 -2.80525 -1.09864 1.42792 2.87175 3.06728 2.93743 2.45589 0.642213 -1.54916 -1.5408 -0.440316 -1.35921 -2.42733 -1.83806 -1.94567 -2.84286 -3.49509 -3.89273 -3.6416 -2.65604 -2.24889 -1.27533 0.160954 0.367573 0.327826 0.932974 0.964047 0.978917 1.00239 1.00225 0.997186 0.979442 0.861786 0.597727 -0.47723 -1.4147 -2.71901 -2.88038 -1.37103
-9999 -9999 -9999 -9999 -9999 -9999 -9999 -9999 -9999 -8.2715 -6.06255 -3.64463 -1.38062 0.761383 2.60499 2.74795 3.72055 3.71988 4.22979 4.08452 3.40246 2.66828 1.31266 -1.4518 -3.77621 -6.31126 -5.64192 -2.8314 -2.45989 -3.68249 -5.94207 -3.6072 -1.03242 1.30117 2.56475 1.57541 2.59079 2.50819 1.82912 0.524952 -1.50324 -1.46388 -2.98346 -3.04851 -2.26638 -2.01166 -2.14047 -2.62974 -3.41334 -3.27506 -2.67535 -2.52238 -1.62757 -0.513078 0.576463 0.760388 0.968951 0.978754 0.982932 1.00059 1.00336 0.981166 0.92587 0.802766 -0.0983164 -1.17006 -1.83032 -2.73911 -2.84945 -1.10743
