Test_Spring_2018b/03_18/Temp/20180327_014.txt
ncols	170
nrows	115
xllcorner	350000.000000
yllcorner	4445000.000000
cellsize	1000.000000
nodata_value	-9999.000000
[rows 32 to 63 of 115, columns 72 to 143 of 170]
11.9333 11.7013 12.0863 12.4414 12.2312 12.0974 12.6685 12.6789 12.496 12.0525 11.897 11.7356 11.6415 11.0706 9.44698 7.98469 8.78747 8.81885 8.28511 9.27763 8.77267 7.43501 5.54144 6.59003 6.33286 4.9905 4.67301 -9999 -9999 -9999 -9999 -9999 -9999 -9999 -9999 -9999 -9999 -9999 -9999 -9999 -9999 -9999 -9999 -9999 -9999 -9999 -9999 -9999 -9999 -9999 -9999 -9999 -9999 -9999 -9999 -9999 -9999 -9999 -9999 -9999 -9999 -9999 -9999 -9999 -9999 -9999 -9999 -9999 -9999 -9999 -9999 -9999
11.6128 11.5193 12.0867 12.0853 12.0551 12.2575 12.6139 12.6946 12.6298 12.4426 12.2822 12.1112 11.6599 11.005 9.6172 7.95103 7.5829 8.41715 8.46932 8.61415 8.15519 7.57541 6.66115 7.43295 7.74039 6.8653 5.71433 4.97295 -9999 -9999 -9999 -9999 -9999 -9999 -9999 -9999 -9999 -9999 -9999 -9999 -9999 -9999 -9999 -9999 -9999 -9999 -9999 -9999 -9999 -9999 -9999 -9999 -9999 -9999 -9999 -9999 -9999 -9999 -9999 -9999 -9999 -9999 -9999 -9999 -9999 -9999 -9999 -9999 -9999 -9999 -9999 -9999
11.23 10.7006 11.0468 11.3092 11.7763 11.8974 11.9777 12.6524 12.628 12.6082 12.3358 12.1205 11.7565 11.1266 10.225 9.13702 7.23362 8.42786 9.36585 9.35508 9.31735 8.91515 8.03747 8.79539 8.84316 7.72451 6.435 5.68891 5.38841 -9999 -9999 -9999 -9999 -9999 -9999 -9999 -9999 -9999 -9999 -9999 -9999 -9999 -9999 -9999 -9999 -9999 -9999 -9999 -9999 -9999 -9999 -9999 -9999 -9999 -9999 -9999 -9999 -9999 -9999 -9999 -9999 -9999 -9999 -9999 -9999 -9999 -9999 -9999 -9999 -9999 -9999 -9999
10.7944 10.1455 10.4937 10.9546 11.5959 11.9249 12.1807 12.3898 12.603 12.59 12.3109 11.4649 11.3543 11.3292 10.7437 9.5017 8.26152 7.94984 9.37412 9.79112 9.7219 10.0501 9.30877 9.67828 9.54503 9.15902 7.92396 6.80021 6.34551 5.43344 -9999 -9999 -9999 -9999 -9999 -9999 -9999 -9999 -9999 -9999 -9999 -9999 -9999 -9999 -9999 -9999 -9999 -9999 -9999 -9999 -9999 -9999 -9999 -9999 -9999 -9999 -9999 -9999 -9999 -9999 -9999 -9999 -9999 -9999 -9999 -9999 -9999 -9999 -9999 -9999 -9999 -9999
-9999 -9999 9.74553 10.3645 10.8768 11.5045 12.0456 12.3248 12.5966 12.5863 12.0171 11.7447 11.7316 11.3519 10.6741 10.2536 9.47757 8.6687 8.9958 10.2125 9.69046 10.5564 10.4974 10.6672 10.1103 9.03911 7.61144 6.77862 6.37338 5.637 -9999 -9999 -9999 -9999 -9999 -9999 -9999 -9999 -9999 -9999 -9999 -9999 -9999 -9999 -9999 -9999 -9999 -9999 -9999 -9999 -9999 -9999 -9999 -9999 -9999 -9999 -9999 -9999 -9999 -9999 -9999 -9999 -9999 -9999 -9999 -9999 -9999 -9999 -9999 -9999 -9999 -9999
-9999 -9999 -9999 10.2567 10.648 11.4891 11.9192 12.1038 12.5355 12.547 12.3381 12.1834 11.9541 11.6516 11.1453 10.5857 9.85675 9.80128 10.5845 10.6075 10.4601 10.6 11.0089 10.9179 10.0516 8.53614 7.7451 6.1197 5.43338 5.51919 5.03687 -9999 -9999 -9999 -9999 -9999 -9999 -9999 -9999 -9999 -9999 -9999 -9999 7.13543 -9999 -9999 -9999 -9999 -9999 -9999 -9999 -9999 -9999 -9999 -9999 -9999 -9999 -9999 -9999 -9999 -9999 -9999 -9999 -9999 4.51907 -9999 -9999 -9999 -9999 -9999 -9999 -9999
-9999 -9999 10.1813 10.6994 11.1132 11.6437 11.7004 12.015 12.5095 12.5269 12.3817 12.2166 11.8321 11.7459 11.463 10.8545 10.7406 11.0058 11.1354 11.2806 11.3753 11.3234 11.1768 10.9832 10.4237 9.73126 9.27099 7.79178 7.04584 6.33713 5.25726 4.41563 -9999 -9999 -9999 -9999 -9999 -9999 -9999 6.50575 6.4811 6.51677 6.77321 7.45235 7.07997 -9999 -9999 -9999 -9999 -9999 -9999 -9999 -9999 -9999 -9999 -9999 -9999 -9999 -9999 -9999 -9999 -9999 -9999 -9999 5.12501 4.28158 -9999 -9999 -9999 -9999 -9999 -9999
-9999 -9999 10.3167 10.8723 11.1544 11.6696 11.9683 12.1592 12.3369 12.5074 12.4909 12.3068 12.0216 12.0354 11.6392 11.4317 11.2877 11.642 11.7232 11.6006 11.4433 11.3058 10.891 10.8552 10.7254 10.2911 9.56908 8.82455 7.74019 6.26915 4.8268 3.66619 -9999 -9999 -9999 -9999 -9999 -9999 6.61919 7.18534 7.53116 6.84665 7.46217 8.02645 7.95619 7.44964 -9999 -9999 -9999 -9999 -9999 -9999 -9999 -9999 -9999 -9999 -9999 -9999 -9999 -9999 9.14784 8.28132 6.5142 5.61714 5.08635 4.32127 -9999 -9999 -9999 -9999 -9999 -9999
-9999 -9999 10.2137 10.8679 11.3138 11.7104 11.7812 12.1829 12.3628 12.4587 12.4587 12.4308 12.3874 12.0426 11.9017 11.3755 11.905 11.8994 11.7831 11.2806 11.071 10.198 9.82169 9.74477 10.5053 9.96777 8.83003 7.40413 5.68381 5.58632 5.02811 3.99223 -9999 -9999 -9999 -9999 -9999 -9999 6.79503 7.39956 7.90713 7.9953 7.31552 8.30531 8.29154 7.76562 7.66047 8.12494 8.36942 8.22206 8.77701 8.95049 8.7273 9.00778 -9999 -9999 -9999 -9999 9.2451 9.29683 9.34005 8.98865 7.05652 5.74279 4.56536 4.47811 -9999 -9999 -9999 -9999 -9999 -9999
-9999 -9999 10.6658 11.0718 11.2812 11.3221 11.6783 12.0296 12.2501 12.4151 12.3937 12.3916 12.3893 12.2793 12.0084 12.0727 12.0636 11.9124 10.9431 9.80938 10.3248 9.65752 8.20644 9.4099 10.0758 9.46492 8.08334 6.47892 5.95893 5.99604 5.21411 4.20496 -9999 -9999 -9999 5.14617 6.00391 6.09262 6.35682 7.15789 7.77151 8.2377 8.56137 8.5683 8.26998 7.75631 7.19648 7.42143 8.48083 8.75313 8.99169 9.17097 8.96506 9.10017 9.39469 9.55444 9.59934 9.5495 9.55019 9.58873 9.57161 9.2447 7.51705 6.53678 5.91833 4.67226 -9999 -9999 -9999 -9999 -9999 -9999
-9999 -9999 10.4207 10.7746 11.0625 11.5335 11.5906 11.8924 12.071 12.3377 12.3767 12.0837 12.3455 12.3251 12.2909 12.2049 12.0732 11.2572 10.1273 8.99479 8.4801 8.7158 7.85252 8.32082 8.99546 8.76865 7.9276 6.49977 6.31024 5.98528 4.6613 3.38647 -9999 -9999 3.50211 5.13365 6.28712 6.88974 7.08741 7.12106 7.89004 7.96612 8.79351 8.62082 7.57421 7.71353 7.3159 7.60508 8.00902 8.13237 8.70202 9.25079 9.36759 9.3865 9.5798 9.632 9.6569 9.66768 9.56299 9.63356 9.65794 9.46026 8.214 7.61562 6.95907 4.69633 -9999 -9999 -9999 -9999 -9999 -9999
-9999 -9999 10.6011 10.9953 11.4259 11.5021 11.8229 11.7986 11.7135 12.1587 12.3268 12.1228 11.9796 12.2755 12.2686 12.2444 12.1966 11.4309 10.5429 9.19095 8.35675 7.84791 7.49374 7.01922 7.3729 7.28358 7.15868 7.33236 6.94954 6.16895 5.39903 3.94671 3.16708 -9999 3.5946 4.3387 5.70762 6.87366 7.61992 7.37347 8.24576 8.42165 8.932 8.66034 8.03457 7.77767 7.77218 7.70611 8.30155 8.70896 9.00331 9.20401 9.45123 9.52562 9.59976 9.63961 9.66809 9.6966 9.70881 9.71964 9.70986 9.64572 9.08189 8.48795 7.1781 4.77854 -9999 -9999 -9999 -9999 -9999 -9999
-9999 9.47714 10.5633 11.2184 11.4764 11.6645 11.8311 11.9537 12.0788 12.2 12.2871 12.263 11.7068 11.7649 11.8795 12.2151 12.2066 12.1511 11.6728 10.0248 9.46175 8.63735 7.56426 7.12686 7.36903 8.27558 8.24996 7.67315 7.02844 6.12865 5.56291 4.67707 2.96446 3.13335 3.92493 4.51783 5.4528 6.87467 7.87649 8.33278 8.5158 8.87894 9.07701 8.70155 8.34812 8.20895 7.93432 7.91258 7.93444 8.3019 8.59428 9.21791 9.43858 9.54961 9.6129 9.65378 9.68737 9.72052 9.74178 9.74537 9.76163 9.77316 9.74989 8.94963 6.92502 5.41092 -9999 -9999 -9999 -9999 -9999 -9999
-9999 -9999 10.3701 10.6621 10.7435 10.8807 11.1543 11.4689 11.9088 11.973 12.2221 12.2302 11.7521 11.1995 11.704 11.9131 12.1302 12.1516 12.1038 10.7191 10.0033 9.44291 8.41476 8.80858 9.18113 9.22291 9.02143 7.76877 6.52092 5.0768 3.73161 3.68001 2.96189 3.36266 3.89008 5.22312 6.16587 6.55733 6.84334 8.28969 8.67787 8.82547 9.21005 8.72982 8.62825 8.27335 8.4052 8.3926 8.41479 7.39517 8.45888 8.53889 9.23581 9.55896 9.64498 9.67906 9.71401 9.73192 9.75061 9.76254 9.78498 9.79255 9.80181 9.28885 6.71169 5.43624 -9999 -9999 -9999 -9999 -9999 -9999
-9999 -9999 -9999 -9999 10.4807 10.7043 10.85 11.0975 11.8393 12.0462 12.1871 12.208 12.0008 11.4536 11.3195 11.4359 10.9056 11.3774 12.0158 12.016 11.9561 10.7425 10.1313 10.7556 10.5856 9.67627 8.96333 8.25948 6.79617 5.72546 4.18171 3.02567 2.99482 4.29857 5.38398 6.73262 7.33595 7.01573 7.3945 8.12186 8.94612 9.3544 9.28119 8.77419 8.72546 8.16752 8.75681 8.82605 8.58192 8.37329 8.48553 8.83998 8.98584 9.5341 9.67888 9.71773 9.73648 9.75318 9.76549 9.77738 9.78864 9.80037 9.81126 9.80663 7.15725 5.10889 -9999 -9999 -9999 -9999 -9999 -9999
-9999 -9999 -9999 -9999 9.97409 10.1127 10.4667 11.3662 11.8369 12.0336 12.0359 12.1328 11.9899 11.5101 11.0185 10.5567 9.95772 10.3242 11.2685 11.8318 11.91 10.8482 11.4265 11.2321 10.8335 9.63976 8.76346 8.30515 6.90082 5.69739 4.67479 3.25759 3.88254 4.56958 5.44852 6.91861 7.91551 8.33437 8.01132 8.48217 9.42815 9.45167 8.96292 9.01553 8.73127 7.96146 8.80556 9.05798 8.89174 8.96022 8.91183 9.05537 9.30087 9.53566 9.69661 9.73146 9.74857 9.75817 9.77236 9.78864 9.79473 9.81294 9.82397 9.82994 8.12728 5.0763 -9999 -9999 -9999 -9999 -9999 -9999
-9999 -9999 -9999 -9999 -9999 9.52015 10.3199 11.5119 11.8091 11.7902 12.0437 12.0745 11.8493 11.6565 11.057 10.2341 8.64128 9.06633 9.93688 11.1854 11.8491 11.7775 11.4347 10.8243 9.32469 8.01379 7.86709 7.66393 6.6427 5.71837 4.57996 5.26046 6.00459 6.81755 7.25119 7.15587 8.01213 8.71359 8.43805 9.01189 9.6794 9.40316 9.24802 9.12148 8.78912 8.7886 8.84701 9.33538 9.03253 9.25145 9.2777 9.28499 9.41344 9.55779 9.70778 9.74492 9.75982 9.77634 9.77537 9.79626 9.80498 9.81492 9.82665 9.83469 9.69948 8.06931 7.10101 -9999 -9999 -9999 -9999 -9999
-9999 -9999 -9999 -9999 -9999 8.7946 9.1968 10.6074 11.0441 11.6725 12.0107 12.0357 11.6483 11.4386 10.5384 10.2566 8.7843 8.12636 8.71359 8.51081 10.2239 11.7415 11.4323 8.41635 7.33354 6.56515 6.78066 6.79648 6.52199 4.94095 4.5156 5.95416 6.86481 7.57344 8.1144 8.23823 8.23438 9.32311 9.48174 9.84738 9.78921 9.83999 9.31709 9.00138 9.31946 9.00255 8.96588 9.46966 9.01465 9.46491 9.43538 9.32472 9.33559 9.63571 9.70899 9.7544 9.77115 9.77421 9.77446 9.78203 9.80775 9.82114 9.82424 9.84493 9.85035 9.68169 8.84636 8.5697 8.92559 -9999 -9999 -9999
-9999 -9999 -9999 -9999 -9999 -9999 7.89452 9.85271 10.7474 11.2242 11.8928 11.9823 11.7804 11.4089 10.4923 9.68878 8.37419 6.8713 6.08263 8.50561 10.6165 11.7258 11.5998 9.09185 8.11115 8.0798 8.68078 8.19984 7.83808 6.6392 6.29127 5.8022 6.12518 7.10734 7.91348 8.69088 9.26041 9.32075 9.69684 9.92078 9.95536 10.0386 9.99391 9.96154 9.46351 9.84583 9.56016 9.74367 9.65937 9.5848 9.52464 9.24372 9.47273 9.67672 9.74089 9.7721 9.77491 9.7865 9.79318 9.79089 9.80038 9.81689 9.83396 9.84424 9.86489 9.88432 9.8111 9.31774 8.64933 7.79852 -9999 -9999
-9999 -9999 -9999 -9999 -9999 -9999 6.92705 8.87616 9.8153 11.0285 11.6546 11.9173 11.8958 11.5971 10.9039 9.85453 8.98337 7.30366 5.55933 8.10104 10.3676 11.5979 11.6778 9.57486 10.178 9.71773 9.92393 9.06812 8.72051 8.44559 7.8347 7.16524 6.43074 6.05082 7.84165 8.76814 9.51697 9.87831 10.0898 10.2041 10.1691 10.0544 9.28393 9.90508 9.89786 9.85854 9.81042 9.79761 9.75545 9.70176 9.67951 9.68228 9.50098 9.74399 9.75604 9.77346 9.78875 9.79722 9.80076 9.80635 9.81046 9.82876 9.84098 9.85298 9.86824 9.89425 9.91049 9.90487 9.79033 8.63957 7.9598 7.78907
-9999 -9999 -9999 -9999 -9999 -9999 4.20595 7.03878 9.30878 10.504 11.4797 11.7558 11.8666 11.4617 11.1628 10.4145 9.70718 8.6086 6.95594 5.9445 7.8511 10.6164 11.6454 11.5839 11.5357 11.0011 10.5205 10.4722 10.5233 9.95779 9.13088 8.04751 7.72149 7.35032 8.68776 8.88125 8.79893 10.2696 10.2886 10.2222 9.68243 9.07724 9.21416 8.8481 9.16842 8.72845 9.17164 9.55732 9.71363 9.72164 9.69405 9.70799 9.70293 9.76102 9.77528 9.78355 9.79317 9.80515 9.81466 9.8133 9.82 9.84329 9.8514 9.86217 9.87554 9.90321 9.9222 9.92344 9.92651 9.76803 9.51828 9.02714
-9999 -9999 -9999 -9999 -9999 -9999 4.33029 6.70976 8.73449 9.95349 11.1262 11.4071 11.8111 11.7389 11.4252 10.7764 9.96292 9.0612 7.64527 6.59699 7.8775 9.71777 11.0403 11.5267 11.5365 11.5198 11.41 11.3716 11.241 11.1484 10.5603 9.54122 8.96912 8.12565 9.61479 9.79436 9.57801 10.3294 10.308 9.21073 8.37147 8.28232 8.82348 8.34544 8.28289 7.99352 8.36274 9.31906 9.06729 9.1402 9.58574 9.67311 9.73867 9.76633 9.77849 9.79129 9.79883 9.81482 9.83114 9.8303 9.83907 9.85251 9.8544 9.8724 9.88115 9.90218 9.9172 9.9276 9.93182 9.90188 9.87094 9.95585
-9999 -9999 -9999 -9999 -9999 -9999 4.38598 5.98771 7.81117 9.60166 10.8537 11.3657 11.7422 11.7508 11.384 11.0683 10.5635 9.77168 9.23343 8.28827 6.98562 9.20998 9.9018 10.5242 10.7923 11.4372 11.4362 11.1616 10.8349 11.1602 11.0868 10.2803 10.0243 9.58259 10.4171 10.4331 10.4249 10.3959 9.47071 8.17923 7.15079 7.92026 7.78091 8.14549 7.10051 8.00256 8.73052 8.97973 8.51701 8.17835 9.3036 9.50906 9.63416 9.71965 9.78084 9.78494 9.81134 9.82012 9.83248 9.84499 9.85218 9.86376 9.87217 9.88103 9.89365 9.91589 9.92462 9.93479 9.95533 9.94882 9.95854 9.97487
-9999 -9999 -9999 -9999 -9999 -9999 -9999 5.05143 7.36041 9.42385 10.5778 11.3082 11.6704 11.6766 11.4953 11.2851 10.9772 10.4097 9.69344 8.55338 7.71094 8.26988 8.94761 9.04015 9.49647 10.7916 11.2434 10.6375 9.11387 10.0378 11.0608 11.0582 10.9859 10.9034 10.7929 10.6961 10.4677 9.83174 7.85275 7.47775 6.71212 6.81835 6.43472 7.33082 7.02801 7.9478 8.35723 8.52353 7.70946 7.90734 8.91003 9.31427 9.26638 9.52006 9.76116 9.78417 9.80621 9.81601 9.83686 9.85504 9.86814 9.8774 9.8882 9.90161 9.90596 9.93758 9.88457 9.8576 9.78104 9.92281 9.9548 9.99573
-9999 -9999 -9999 -9999 -9999 -9999 -9999 4.60017 6.90545 9.33404 10.1217 10.9083 11.5893 11.615 11.3311 11.0622 10.7851 10.468 9.59596 8.75092 7.94491 7.68408 7.864 7.86777 8.5968 10.2796 10.6169 10.4933 8.90717 8.37949 9.74166 10.8886 10.9919 10.9032 9.5842 9.88273 9.17838 8.21822 7.96554 7.55484 6.66932 7.12078 6.47743 6.77861 6.72917 7.2592 7.52723 8.15394 7.44654 7.47157 8.45708 8.95871 8.98749 9.51237 9.70976 9.77323 9.80117 9.82589 9.84453 9.86939 9.88208 9.89251 9.90107 9.89577 9.85736 9.703 8.76897 8.791 9.07653 9.34763 9.83172 9.98779
-9999 -9999 -9999 -9999 -9999 -9999 -9999 4.87141 6.47479 8.63132 10.232 10.3439 11.1289 11.5404 11.2306 10.8805 10.5222 10.3736 9.42314 8.37782 7.5361 6.53716 6.71857 7.46062 8.66742 9.75951 9.96655 9.758 8.91527 9.33506 10.2687 10.7711 10.9294 10.8304 10.5545 10.4014 9.88684 9.67269 8.95287 7.81887 7.38243 7.68632 6.48253 6.58543 7.05473 6.60208 7.41127 7.80801 6.88887 7.66344 8.53045 8.98191 9.37844 9.57473 9.66273 9.78887 9.80807 9.83376 9.85548 9.87091 9.88828 9.88832 9.89186 9.8081 9.67605 8.79602 8.45634 8.5502 8.98624 9.37041 9.78933 9.96413
-9999 -9999 -9999 -9999 -9999 -9999 -9999 5.14837 6.59346 8.46516 9.61005 9.825 10.6943 11.469 11.397 11.0322 10.9307 10.5525 9.74846 8.85899 7.88555 7.41972 6.33011 7.43136 8.30784 9.23486 9.67614 8.98649 8.64709 9.28864 9.92646 10.1899 10.8339 10.8426 10.6521 9.78255 9.36643 9.56424 9.39476 9.08641 8.31118 8.29272 7.80123 7.6079 7.42644 6.80689 7.23731 7.29662 7.43506 8.35052 8.81015 9.12051 9.40408 9.49083 9.62335 9.79029 9.82008 9.84212 9.85827 9.87816 9.88448 9.85942 9.84143 9.6538 9.30776 8.6461 7.57829 8.37583 9.20885 9.48145 9.74624 9.88771
-9999 -9999 -9999 -9999 -9999 -9999 -9999 4.90944 6.4442 8.04585 8.7227 8.84801 10.4112 11.3736 11.3885 11.2226 11.0268 10.0723 10.1431 9.96359 9.08677 7.80315 6.392 6.53998 7.40664 8.62526 9.03842 7.88843 7.49129 7.80908 8.76624 9.62457 10.5202 10.7587 10.5152 9.15339 7.70548 8.3997 9.1407 9.15281 8.95648 8.23891 8.02269 7.82878 7.31038 6.42791 6.58095 6.85107 7.89689 8.23547 8.74864 9.17757 9.03948 9.14717 9.5577 9.80034 9.82557 9.84638 9.87073 9.88265 9.88651 9.81893 9.74662 9.61339 8.68084 8.10816 7.2772 8.30358 8.87738 9.2123 9.75903 9.90347
-9999 -9999 -9999 -9999 -9999 -9999 -9999 4.44313 5.56041 7.09208 7.71689 8.70632 10.1844 10.9182 11.2769 11.2828 11.1569 10.7371 10.4903 9.99064 9.07788 7.82464 6.42999 5.52703 6.00749 7.6457 8.05027 6.98468 6.45282 7.14863 8.16785 9.66986 10.5344 10.6641 10.6023 10.3336 9.28071 8.0056 8.02584 8.68932 8.16404 7.5511 7.91419 7.86715 7.35536 6.98791 6.78029 6.95402 7.55477 7.81156 8.40169 9.2641 9.40235 9.39543 9.76812 9.80278 9.82793 9.85823 9.87476 9.88861 9.89523 9.8433 9.70546 9.09048 8.55674 7.80725 7.73091 8.65802 9.07814 9.46966 9.74736 9.85025
-9999 -9999 -9999 -9999 -9999 -9999 -9999 3.6364 4.94902 6.38484 7.73022 9.00394 10.1021 10.1992 10.7849 10.7978 11.1113 11.0392 10.6512 10.2325 9.448 7.83402 6.47914 5.00025 5.40804 7.07916 7.31021 6.60481 5.28886 6.67804 8.2085 9.59698 10.3555 9.78764 10.4002 10.3664 9.98158 9.22886 8.05002 8.0887 7.2097 7.1873 7.66388 7.83011 7.77067 7.4991 7.06247 7.1717 7.5453 7.65246 8.19626 8.86928 9.52747 9.65234 9.79163 9.81387 9.8328 9.85974 9.87802 9.88178 9.86626 9.81105 9.29806 8.68485 8.31419 7.79743 7.75098 8.80831 9.25516 9.51182 9.75422 9.86101
-9999 -9999 -9999 -9999 -9999 -9999 -9999 -9999 4.82082 6.30393 7.40483 7.71082 8.68855 9.22269 9.63919 9.7421 10.9059 10.9831 10.7422 10.3587 9.69169 8.47036 7.62371 6.20575 5.19054 5.63629 5.84301 6.2363 6.13974 6.76762 8.23896 9.77125 9.95181 9.00304 9.16097 9.37795 9.84539 9.63173 8.0197 7.20868 6.53844 7.04258 7.57229 7.71335 7.75531 7.6736 7.59278 7.42225 8.12639 8.65198 8.78742 9.24768 9.59194 9.69947 9.78462 9.81008 9.83563 9.85276 9.85075 9.85406 9.78927 9.62287 9.04684 7.63706 7.72171 7.58548 7.15976 8.19422 8.8733 9.45899 9.77888 9.87512
-9999 -9999 -9999 -9999 -9999 -9999 -9999 -9999 4.33621 6.05036 6.42271 6.40914 5.85914 6.13184 8.23354 8.66765 9.78437 10.8426 10.7798 10.4039 9.78072 9.05904 7.93401 6.33753 5.07193 4.54843 5.94297 7.30924 7.60354 8.05038 8.95782 9.14246 8.17247 7.26383 7.79769 8.1254 9.33115 9.56397 9.34835 8.38351 7.27828 6.7093 7.41694 7.52615 7.58468 7.61013 7.61586 7.61591 8.41187 8.85791 9.17269 9.35204 9.6502 9.73939 9.77961 9.81837 9.83034 9.83286 9.80553 9.77218 9.5674 9.31604 8.36119 7.56824 7.08065 6.45712 7.92155 8.381 9.01308 9.42397 9.7423 9.82648
