Test_Spring_2018b/03_18/Temp/20180311_008.txt
ncols	170
nrows	115
xllcorner	350000.000000
yllcorner	4445000.000000
cellsize	1000.000000
nodata_value	-9999.000000
[rows 32 to 63 of 115, columns 72 to 143 of 170]
12.9045 12.7298 13.0136 13.2752 13.116 13.0114 13.435 13.44 13.3013 12.9688 12.8503 12.7273 12.6542 12.2266 11.0167 9.92643 10.5189 10.5381 10.1372 10.8701 10.4901 9.49132 8.07929 8.85313 8.65668 7.64636 7.39888 -9999 -9999 -9999 -9999 -9999 -9999 -9999 -9999 -9999 -9999 -9999 -9999 -9999 -9999 -9999 -9999 -9999 -9999 -9999 -9999 -9999 -9999 -9999 -9999 -9999 -9999 -9999 -9999 -9999 -9999 -9999 -9999 -9999 -9999 -9999 -9999 -9999 -9999 -9999 -9999 -9999 -9999 -9999 -9999 -9999
12.6593 12.5874 13.0066 13.0033 12.9765 13.123 13.3871 13.4442 13.3932 13.2512 13.129 12.9988 12.6602 12.1701 11.1354 9.8937 9.61622 10.2319 10.2663 10.3694 10.0236 9.58793 8.90355 9.47176 9.69484 9.03239 8.16483 7.6071 -9999 -9999 -9999 -9999 -9999 -9999 -9999 -9999 -9999 -9999 -9999 -9999 -9999 -9999 -9999 -9999 -9999 -9999 -9999 -9999 -9999 -9999 -9999 -9999 -9999 -9999 -9999 -9999 -9999 -9999 -9999 -9999 -9999 -9999 -9999 -9999 -9999 -9999 -9999 -9999 -9999 -9999 -9999 -9999
12.3676 11.9719 12.2268 12.4195 12.7595 12.8502 12.9071 13.4056 13.3846 13.3669 13.1615 12.9984 12.7246 12.2532 11.5796 10.7675 9.34932 10.2325 10.925 10.9124 10.8796 10.5759 9.91864 10.4765 10.5066 9.65765 8.69177 8.13136 7.90211 -9999 -9999 -9999 -9999 -9999 -9999 -9999 -9999 -9999 -9999 -9999 -9999 -9999 -9999 -9999 -9999 -9999 -9999 -9999 -9999 -9999 -9999 -9999 -9999 -9999 -9999 -9999 -9999 -9999 -9999 -9999 -9999 -9999 -9999 -9999 -9999 -9999 -9999 -9999 -9999 -9999 -9999 -9999
12.0368 11.5522 11.8086 12.1489 12.6202 12.8619 13.0508 13.2033 13.3589 13.3463 13.1359 12.5043 12.4187 12.3967 11.9581 11.0315 10.106 9.87023 10.9241 11.2293 11.173 11.4119 10.8559 11.1251 11.0207 10.7219 9.79162 8.94942 8.60554 7.92194 -9999 -9999 -9999 -9999 -9999 -9999 -9999 -9999 -9999 -9999 -9999 -9999 -9999 -9999 -9999 -9999 -9999 -9999 -9999 -9999 -9999 -9999 -9999 -9999 -9999 -9999 -9999 -9999 -9999 -9999 -9999 -9999 -9999 -9999 -9999 -9999 -9999 -9999 -9999 -9999 -9999 -9999
-9999 -9999 11.2456 11.7005 12.0807 12.5424 12.9433 13.1481 13.3472 13.3367 12.9109 12.7053 12.6924 12.4069 11.8997 11.5834 11.0028 10.3976 10.6362 11.5356 11.1427 11.781 11.7319 11.8526 11.4332 10.6249 9.55195 8.9258 8.61855 8.06541 -9999 -9999 -9999 -9999 -9999 -9999 -9999 -9999 -9999 -9999 -9999 -9999 -9999 -9999 -9999 -9999 -9999 -9999 -9999 -9999 -9999 -9999 -9999 -9999 -9999 -9999 -9999 -9999 -9999 -9999 -9999 -9999 -9999 -9999 -9999 -9999 -9999 -9999 -9999 -9999 -9999 -9999
-9999 -9999 -9999 11.6132 11.9035 12.5259 12.8424 12.977 13.295 13.3008 13.1427 13.0248 12.8513 12.6231 12.2434 11.8239 11.2782 11.2328 11.8102 11.8224 11.7079 11.8066 12.1049 12.0317 11.3761 10.2437 9.64968 8.42868 7.91246 7.97009 7.60578 -9999 -9999 -9999 -9999 -9999 -9999 -9999 -9999 -9999 -9999 -9999 -9999 9.09272 -9999 -9999 -9999 -9999 -9999 -9999 -9999 -9999 -9999 -9999 -9999 -9999 -9999 -9999 -9999 -9999 -9999 -9999 -9999 -9999 6.9934 -9999 -9999 -9999 -9999 -9999 -9999 -9999
-9999 -9999 11.5548 11.9368 12.2419 12.6338 12.6715 12.9043 13.2691 13.2794 13.1688 13.0432 12.7545 12.6872 12.4735 12.0176 11.9289 12.1217 12.2134 12.3163 12.3815 12.3375 12.2229 12.0732 11.6452 11.1242 10.7757 9.66468 9.10281 8.56998 7.76161 7.13047 -9999 -9999 -9999 -9999 -9999 -9999 -9999 8.64124 8.61735 8.63804 8.8225 9.32077 9.03751 -9999 -9999 -9999 -9999 -9999 -9999 -9999 -9999 -9999 -9999 -9999 -9999 -9999 -9999 -9999 -9999 -9999 -9999 -9999 7.43655 6.80301 -9999 -9999 -9999 -9999 -9999 -9999
-9999 -9999 11.6474 12.058 12.2653 12.6459 12.8657 13.0047 13.1343 13.2586 13.2437 13.1042 12.8894 12.8965 12.5987 12.4408 12.3298 12.5886 12.6443 12.5481 12.4259 12.318 12.004 11.9712 11.8624 11.5328 10.9896 10.4296 9.61099 8.5116 7.4338 6.56562 -9999 -9999 -9999 -9999 -9999 -9999 8.72353 9.13891 9.39034 8.87596 9.32718 9.74001 9.68108 9.28574 -9999 -9999 -9999 -9999 -9999 -9999 -9999 -9999 -9999 -9999 -9999 -9999 -9999 -9999 10.4436 9.79398 8.47493 7.80199 7.40086 6.82533 -9999 -9999 -9999 -9999 -9999 -9999
-9999 -9999 11.5635 12.0474 12.3766 12.6693 12.7198 13.0179 13.1473 13.2162 13.2138 13.1905 13.1555 12.8963 12.7883 12.3937 12.783 12.7745 12.6832 12.3047 12.1434 11.4888 11.203 11.1339 11.6919 11.2853 10.4328 9.36633 8.08022 7.99632 7.57532 6.79977 -9999 -9999 -9999 -9999 -9999 -9999 8.84694 9.29095 9.66263 9.72235 9.21112 9.93999 9.91187 9.51345 9.42751 9.76477 9.93863 9.81556 10.216 10.3384 10.1664 10.369 -9999 -9999 -9999 -9999 10.5197 10.553 10.5797 10.3129 8.87123 7.88862 7.00687 6.92933 -9999 -9999 -9999 -9999 -9999 -9999
-9999 -9999 11.892 12.1916 12.3452 12.3737 12.6366 12.8973 13.0572 13.1762 13.1582 13.1543 13.1501 13.0655 12.8611 12.9053 12.8944 12.7776 12.0524 11.2047 11.5818 11.0812 9.99697 10.8786 11.3659 10.9044 9.87041 8.67093 8.27636 8.29275 7.70541 6.94806 -9999 -9999 -9999 7.62757 8.26032 8.32162 8.51315 9.10331 9.55385 9.89555 10.1298 10.1246 9.88919 9.49954 9.07543 9.23436 10.0134 10.2078 10.3677 10.4943 10.3352 10.4289 10.6425 10.7563 10.7849 10.7432 10.7389 10.7626 10.7446 10.4961 9.20688 8.47194 8.00533 7.06188 -9999 -9999 -9999 -9999 -9999 -9999
-9999 -9999 11.7017 11.9627 12.1748 12.5223 12.563 12.7856 12.9179 13.1127 13.1397 12.9201 13.1123 13.0944 13.066 12.9985 12.8967 12.2858 11.4412 10.5941 10.2056 10.3747 9.7264 10.062 10.5556 10.3799 9.74423 8.67579 8.52769 8.27827 7.28478 6.33183 -9999 -9999 6.40293 7.61076 8.46345 8.90678 9.04906 9.06914 9.63518 9.68592 10.2944 10.1562 9.36518 9.46054 9.15683 9.36311 9.6525 9.73614 10.1469 10.5444 10.6252 10.6338 10.7724 10.8064 10.8204 10.824 10.7416 10.7893 10.8023 10.6499 9.71782 9.2666 8.76757 7.07373 -9999 -9999 -9999 -9999 -9999 -9999
-9999 -9999 11.8272 12.1181 12.4362 12.4911 12.728 12.7093 12.6459 12.9751 13.0969 12.9436 12.8351 13.0525 13.0444 13.023 12.9834 12.4099 11.7448 10.7345 10.1083 9.72396 9.45357 9.08559 9.3402 9.26572 9.16496 9.28628 8.99442 8.40629 7.82764 6.73998 6.1555 -9999 6.46396 7.01265 8.02565 8.88782 9.43786 9.24996 9.89281 10.0177 10.388 10.1789 9.70064 9.49858 9.4859 9.42823 9.8622 10.1562 10.3624 10.5047 10.6794 10.7293 10.7795 10.8046 10.8215 10.8384 10.8432 10.8467 10.8345 10.7813 10.3563 9.90498 8.9241 7.12847 -9999 -9999 -9999 -9999 -9999 -9999
-9999 10.9883 11.7916 12.2764 12.4665 12.6047 12.7271 12.817 12.9099 12.9995 13.0627 13.0421 12.627 12.6679 12.7503 12.9962 12.9859 12.9399 12.5791 11.3486 10.9242 10.3017 9.49657 9.15906 9.33041 9.99547 9.96812 9.53152 9.04484 8.36814 7.9409 7.27665 5.99696 6.11783 6.70175 7.13832 7.82912 8.88159 9.62168 9.95604 10.0868 10.3489 10.4893 10.2001 9.92429 9.81202 9.59901 9.57392 9.5814 9.84595 10.051 10.5066 10.6642 10.7392 10.7815 10.8076 10.8285 10.8492 10.8609 10.8592 10.8665 10.8696 10.8438 10.242 8.72805 7.5904 -9999 -9999 -9999 -9999 -9999 -9999
-9999 -9999 11.6406 11.8557 11.9146 12.0151 12.2173 12.45 12.7769 12.8236 13.0076 13.0127 12.655 12.2424 12.6145 12.7666 12.9238 12.9349 12.8939 11.8574 11.3183 10.8941 10.122 10.4019 10.6698 10.692 10.5336 9.59463 8.6596 7.57834 6.57214 6.52772 5.98849 6.28042 6.66827 7.65496 8.35174 8.63881 8.84722 9.91728 10.1993 10.3007 10.5791 10.2145 10.1257 9.85281 9.94147 9.92287 9.93029 9.16398 9.94215 9.99452 10.5059 10.7398 10.7976 10.8188 10.841 10.8506 10.8607 10.8653 10.8773 10.8759 10.8749 10.4862 8.56316 7.6027 -9999 -9999 -9999 -9999 -9999 -9999
-9999 -9999 -9999 -9999 11.7119 11.8768 11.984 12.167 12.7184 12.8713 12.975 12.9893 12.8339 12.4252 12.323 12.4062 12.0082 12.3532 12.8217 12.815 12.763 11.8533 11.387 11.8416 11.7061 11.0213 10.4828 9.95132 8.85605 8.05215 6.89838 6.03336 6.00505 6.96899 7.77069 8.76913 9.2139 8.97233 9.24978 9.78396 10.3905 10.6871 10.6253 10.2406 10.191 9.76699 10.1953 10.2372 10.0465 9.8826 9.95385 10.2101 10.312 10.7137 10.8163 10.8401 10.8504 10.8593 10.8648 10.8696 10.8717 10.8744 10.8756 10.8645 8.88762 7.35277 -9999 -9999 -9999 -9999 -9999 -9999
-9999 -9999 -9999 -9999 11.3281 11.4298 11.6919 12.3595 12.7095 12.8549 12.8557 12.9267 12.8191 12.4607 12.0929 11.7465 11.2973 11.5644 12.2599 12.6716 12.722 11.9248 12.3423 12.1884 11.8828 10.9866 10.3265 9.97742 8.92589 8.02335 7.25677 6.19774 6.65675 7.16254 7.81148 8.89995 9.63723 9.94471 9.70018 10.0449 10.7418 10.7525 10.3819 10.4128 10.1881 9.60653 10.224 10.4019 10.2689 10.3108 10.2627 10.3621 10.5381 10.707 10.8216 10.8433 10.852 10.8558 10.8628 10.8702 10.8696 10.8771 10.8784 10.8751 9.60145 7.32159 -9999 -9999 -9999 -9999 -9999 -9999
-9999 -9999 -9999 -9999 -9999 10.982 11.5753 12.4602 12.6814 12.6666 12.8541 12.876 12.7074 12.5622 12.1142 11.4996 10.3119 10.6226 11.2633 12.1839 12.6693 12.6078 12.3408 11.8778 10.7541 9.77081 9.6528 9.49324 8.72635 8.03119 7.17861 7.67821 8.22581 8.82522 9.14335 9.06888 9.70165 10.2191 10.01 10.4312 10.9212 10.7091 10.5863 10.484 10.2236 10.2135 10.2472 10.6003 10.3659 10.5194 10.5269 10.5251 10.6141 10.7158 10.8224 10.8458 10.8531 10.8619 10.8575 10.8687 10.87 10.8714 10.8732 10.8714 10.7623 9.5381 8.8085 -9999 -9999 -9999 -9999 -9999
-9999 -9999 -9999 -9999 -9999 10.4352 10.7331 11.7804 12.1051 12.5713 12.8217 12.8392 12.55 12.3919 11.7208 11.5081 10.4101 9.91601 10.3462 10.1885 11.4537 12.573 12.3309 10.0807 9.26676 8.68661 8.8378 8.84103 8.62906 7.44603 7.12333 8.18622 8.85759 9.3795 9.77737 9.86544 9.8592 10.6645 10.7777 11.0442 10.9949 11.0258 10.6298 10.3869 10.6098 10.3647 10.3278 10.6925 10.345 10.6706 10.6366 10.5472 10.549 10.7664 10.816 10.8455 10.8539 10.8528 10.8494 10.8504 10.8644 10.8683 10.8637 10.8713 10.8668 10.7285 10.0977 9.88187 10.1359 -9999 -9999 -9999
-9999 -9999 -9999 -9999 -9999 -9999 9.75752 11.2115 11.8765 12.2299 12.7257 12.7911 12.6388 12.361 11.6776 11.0772 10.0963 8.97459 8.38239 10.1758 11.7366 12.5526 12.4467 10.5741 9.83629 9.80396 10.2417 9.87606 9.59941 8.70044 8.43536 8.06611 8.30087 9.02537 9.61982 10.194 10.6137 10.6547 10.9299 11.0903 11.11 11.165 11.1243 11.0922 10.7087 10.9833 10.7615 10.8884 10.8166 10.7524 10.6956 10.4799 10.6438 10.7898 10.8326 10.8505 10.8491 10.8542 10.8555 10.8496 10.8506 10.8569 10.8627 10.8627 10.8696 10.8711 10.8068 10.4301 9.92333 9.28106 -9999 -9999
-9999 -9999 -9999 -9999 -9999 -9999 9.03052 10.4776 11.1755 12.0758 12.5404 12.7325 12.715 12.4912 11.9736 11.1906 10.5391 9.28602 7.98411 9.8665 11.5422 12.4484 12.4995 10.9242 11.3635 11.0127 11.1575 10.5135 10.2476 10.0353 9.57495 9.07175 8.51974 8.23175 9.55863 10.2434 10.7962 11.0607 11.2135 11.2934 11.2614 11.168 10.5882 11.0417 11.023 10.9846 10.9396 10.9209 10.8806 10.8322 10.8036 10.7988 10.6578 10.8314 10.8349 10.8439 10.8516 10.8542 10.853 10.8529 10.8511 10.8584 10.8593 10.8607 10.8638 10.8703 10.8728 10.8588 10.7638 9.89902 9.38436 9.24404
-9999 -9999 -9999 -9999 -9999 -9999 7.0004 9.10391 10.791 11.6778 12.3988 12.6027 12.6833 12.3804 12.1556 11.5961 11.0664 10.2452 9.01147 8.25353 9.66368 11.7107 12.4661 12.4079 12.3635 11.958 11.5928 11.549 11.5796 11.1515 10.5291 9.71868 9.46935 9.18942 10.1793 10.3193 10.2542 11.3428 11.3524 11.298 10.8913 10.4347 10.5294 10.2476 10.4723 10.1366 10.4569 10.7347 10.8422 10.8399 10.8073 10.8087 10.7991 10.8355 10.8417 10.8437 10.847 10.852 10.855 10.8496 10.8496 10.8614 10.86 10.8608 10.8607 10.8686 10.8735 10.865 10.8578 10.7306 10.5359 10.1576
-9999 -9999 -9999 -9999 -9999 -9999 7.08477 8.85243 10.3553 11.2564 12.1263 12.3333 12.6316 12.5757 12.3397 11.8541 11.2455 10.5706 9.51292 8.72782 9.67248 11.0331 12.0082 12.357 12.3552 12.3348 12.2455 12.2075 12.1033 12.0268 11.5838 10.8182 10.3884 9.75745 10.8598 10.9892 10.8244 11.3783 11.3578 10.5374 9.90815 9.83571 10.23 9.86739 9.80748 9.58201 9.84783 10.5499 10.3521 10.3983 10.7172 10.7757 10.8165 10.832 10.8365 10.8417 10.8432 10.851 10.8588 10.8535 10.855 10.8594 10.8547 10.8596 10.8585 10.8614 10.8617 10.8605 10.8546 10.8234 10.7897 10.8393
-9999 -9999 -9999 -9999 -9999 -9999 7.11669 8.30705 9.66012 10.9852 11.9137 12.2922 12.5697 12.5736 12.298 12.0598 11.6805 11.0873 10.682 9.97371 8.99938 10.6452 11.1525 11.6025 11.7922 12.2634 12.255 12.0436 11.7926 12.0279 11.9638 11.3594 11.1643 10.8317 11.4474 11.4552 11.4447 11.4187 10.7265 9.76169 8.99189 9.55747 9.44735 9.70975 8.91995 9.57987 10.1123 10.2891 9.93578 9.67653 10.5003 10.6439 10.7313 10.7898 10.8305 10.8291 10.8444 10.8465 10.8512 10.8557 10.8559 10.8589 10.8591 10.859 10.8591 10.8631 10.8611 10.8586 10.8649 10.8497 10.8485 10.8473
-9999 -9999 -9999 -9999 -9999 -9999 -9999 7.60163 9.31127 10.8425 11.6979 12.2384 12.5051 12.5069 12.3691 12.2092 11.9761 11.5496 11.0121 10.1591 9.52687 9.93549 10.4324 10.4886 10.8201 11.7748 12.1032 11.646 10.5058 11.1814 11.9358 11.9286 11.87 11.8041 11.718 11.6417 11.4675 10.9903 9.51498 9.2303 8.65566 8.72838 8.43674 9.09371 8.85503 9.53042 9.82657 9.94216 9.32952 9.46301 10.1978 10.492 10.4508 10.6341 10.808 10.8205 10.8323 10.8351 10.8459 10.8544 10.8589 10.8601 10.862 10.8653 10.8589 10.8696 10.822 10.7936 10.7282 10.8252 10.8407 10.8542
-9999 -9999 -9999 -9999 -9999 -9999 -9999 7.25289 8.96345 10.7656 11.3485 11.9306 12.4339 12.45 12.2357 12.0321 11.8219 11.5816 10.9284 10.2949 9.68999 9.48987 9.61699 9.60774 10.1422 11.3854 11.6291 11.5306 10.3388 9.94074 10.9472 11.7941 11.8658 11.7952 10.8105 11.0277 10.4997 9.7814 9.58855 9.27799 8.61429 8.94362 8.45918 8.67622 8.62378 9.00996 9.20144 9.65949 9.12645 9.13152 9.85338 10.2201 10.2358 10.6205 10.7621 10.8044 10.8204 10.834 10.8429 10.8563 10.8604 10.8624 10.8627 10.8524 10.817 10.6921 9.98498 9.99342 10.1976 10.3911 10.7365 10.8417
-9999 -9999 -9999 -9999 -9999 -9999 -9999 7.44489 8.63366 10.2334 11.4201 11.5005 12.0808 12.3834 12.1497 11.8857 11.6152 11.5001 10.7888 10.0067 9.37558 8.62736 8.75591 9.3009 10.1852 10.9899 11.1371 10.9757 10.336 10.642 11.3301 11.6981 11.8106 11.7321 11.5223 11.4038 11.0166 10.8525 10.3125 9.46454 9.13456 9.35436 8.45368 8.52362 8.86558 8.51285 9.10676 9.39428 8.70422 9.26191 9.89986 10.2294 10.5183 10.6588 10.7191 10.8078 10.8171 10.8313 10.8424 10.8487 10.8562 10.8505 10.8472 10.7787 10.674 10.0133 9.74462 9.80683 10.1233 10.4012 10.6942 10.8174
-9999 -9999 -9999 -9999 -9999 -9999 -9999 7.64113 8.71203 10.0999 10.9476 11.1044 11.7471 12.3193 12.2622 11.9872 11.9075 11.6219 11.0196 10.3534 9.62466 9.2728 8.4573 9.26946 9.90853 10.5909 10.9124 10.386 10.1278 10.5986 11.0669 11.2573 11.7307 11.732 11.5856 10.9346 10.6205 10.7624 10.6312 10.3967 9.81507 9.79548 9.42419 9.27423 9.13292 8.65612 8.9689 9.006 9.09727 9.76409 10.0995 10.3242 10.5293 10.5883 10.6816 10.8005 10.8176 10.8289 10.8358 10.8453 10.8446 10.8204 10.8011 10.6556 10.3921 9.8939 9.08419 9.66961 10.2814 10.4721 10.6552 10.7538
-9999 -9999 -9999 -9999 -9999 -9999 -9999 7.45408 8.59137 9.77832 10.2781 10.368 11.5261 12.2376 12.2449 12.1177 11.9679 11.2542 11.302 11.1635 10.5067 9.54749 8.49333 8.59747 9.2302 10.1286 10.4295 9.56091 9.25987 9.49021 10.1958 10.8282 11.4884 11.6605 11.4745 10.4577 9.37688 9.88757 10.4329 10.4365 10.285 9.74609 9.57948 9.42926 9.0378 8.36894 8.47256 8.66654 9.42482 9.67016 10.0454 10.3583 10.2501 10.3247 10.6244 10.7995 10.8131 10.8235 10.8364 10.84 10.8375 10.7817 10.7222 10.6172 9.91814 9.48628 8.85659 9.60826 10.0277 10.2577 10.6575 10.7586
-9999 -9999 -9999 -9999 -9999 -9999 -9999 7.09815 7.92503 9.05978 9.52068 10.2524 11.3471 11.8886 12.1513 12.1516 12.0538 11.7374 11.5494 11.1732 10.4898 9.55337 8.51167 7.83518 8.18648 9.39149 9.68007 8.8801 8.47904 8.99028 9.74198 10.8526 11.4897 11.5808 11.5298 11.3251 10.5377 9.58517 9.59498 10.0826 9.68678 9.2257 9.48964 9.4487 9.06232 8.78308 8.61196 8.7294 9.16199 9.34668 9.7792 10.4142 10.5113 10.5007 10.7723 10.7928 10.8063 10.8237 10.8308 10.8358 10.8354 10.7913 10.6832 10.2204 9.81782 9.25478 9.19176 9.86396 10.1644 10.4416 10.6417 10.712
-9999 -9999 -9999 -9999 -9999 -9999 -9999 6.48935 7.46119 8.52452 9.52062 10.4634 11.2757 11.344 11.7753 11.7807 12.0094 11.9515 11.6585 11.3426 10.7548 9.5504 8.53841 7.43415 7.7316 8.96238 9.11855 8.58849 7.60489 8.63132 9.76286 10.789 11.3473 10.9202 11.3702 11.3399 11.0489 10.4845 9.60342 9.62685 8.96832 8.9461 9.29448 9.41212 9.36196 9.15409 8.81663 8.88238 9.1463 9.21989 9.61803 10.1123 10.5958 10.6831 10.7812 10.7925 10.8014 10.8162 10.8246 10.8222 10.8053 10.7589 10.3721 9.9108 9.62953 9.23957 9.19893 9.97243 10.2883 10.4655 10.6395 10.7129
-9999 -9999 -9999 -9999 -9999 -9999 -9999 -9999 7.35646 8.45477 9.26906 9.49267 10.2153 10.6083 10.9138 10.9861 11.8466 11.8996 11.716 11.4264 10.9259 10.0134 9.37916 8.32027 7.56051 7.8753 8.01903 8.30531 8.22773 8.6885 9.77609 10.9091 11.0379 10.3277 10.4399 10.596 10.9382 10.7743 9.57143 8.9636 8.46026 8.82935 9.2173 9.31634 9.34161 9.27488 9.19693 9.05232 9.56941 9.95392 10.0487 10.3849 10.635 10.7095 10.7674 10.781 10.7948 10.8024 10.7958 10.793 10.7397 10.6107 10.1772 9.12413 9.18128 9.07419 8.75189 9.50853 9.9897 10.4189 10.6506 10.7163
-9999 -9999 -9999 -9999 -9999 -9999 -9999 -9999 6.98706 8.25688 8.52973 8.51579 8.10324 8.3019 9.85942 10.1778 11.0034 11.7853 11.7342 11.4502 10.9824 10.4412 9.60019 8.40872 7.46296 7.06005 8.08589 9.09317 9.30596 9.63219 10.3008 10.4324 9.70631 9.02592 9.41739 9.65577 10.5466 10.7145 10.5492 9.82718 9.00073 8.57259 9.09281 9.16826 9.2059 9.21883 9.21124 9.19227 9.7729 10.0983 10.3263 10.4538 10.6697 10.7304 10.755 10.7785 10.7823 10.779 10.7536 10.7237 10.5664 10.3744 9.65956 9.06489 8.69697 8.22792 9.31009 9.63952 10.0914 10.3855 10.6162 10.673
