Test_Spring_2018b/03_18/Temp/20180308_021.txt
ncols	170
nrows	115
xllcorner	350000.000000
yllcorner	4445000.000000
cellsize	1000.000000
nodata_value	-9999.000000
[rows 32 to 63 of 115, columns 72 to 143 of 170]
9.95248 9.61126 10.1418 10.6305 10.3449 10.1511 10.9573 10.9586 10.6867 10.046 9.8117 9.56861 9.41998 8.5974 6.28776 4.20562 5.32218 5.34915 4.57789 5.96217 5.23161 3.32512 0.633639 2.09752 1.7174 -0.186281 -0.656153 -9999 -9999 -9999 -9999 -9999 -9999 -9999 -9999 -9999 -9999 -9999 -9999 -9999 -9999 -9999 -9999 -9999 -9999 -9999 -9999 -9999 -9999 -9999 -9999 -9999 -9999 -9999 -9999 -9999 -9999 -9999 -9999 -9999 -9999 -9999 -9999 -9999 -9999 -9999 -9999 -9999 -9999 -9999 -9999 -9999
9.49117 9.34538 10.1333 10.1183 10.0747 10.3681 10.8709 10.9713 10.866 10.5872 10.346 10.0892 9.43603 8.49487 6.51832 4.14826 3.61118 4.77204 4.82826 5.01529 4.34963 3.51338 2.20485 3.27763 3.6947 2.43996 0.803719 -0.249081 -9999 -9999 -9999 -9999 -9999 -9999 -9999 -9999 -9999 -9999 -9999 -9999 -9999 -9999 -9999 -9999 -9999 -9999 -9999 -9999 -9999 -9999 -9999 -9999 -9999 -9999 -9999 -9999 -9999 -9999 -9999 -9999 -9999 -9999 -9999 -9999 -9999 -9999 -9999 -9999 -9999 -9999 -9999 -9999
8.94148 8.18008 8.65558 9.01305 9.6796 9.86301 9.96316 10.9026 10.8542 10.8119 10.4124 10.0931 9.56323 8.65742 7.36738 5.81393 3.10855 4.77775 6.08495 6.05214 5.98125 5.39566 4.13863 5.19163 5.24177 3.6397 1.8237 0.751008 0.307539 -9999 -9999 -9999 -9999 -9999 -9999 -9999 -9999 -9999 -9999 -9999 -9999 -9999 -9999 -9999 -9999 -9999 -9999 -9999 -9999 -9999 -9999 -9999 -9999 -9999 -9999 -9999 -9999 -9999 -9999 -9999 -9999 -9999 -9999 -9999 -9999 -9999 -9999 -9999 -9999 -9999 -9999 -9999
8.317 7.38674 7.86524 8.50327 9.40547 9.87874 10.2408 10.5227 10.8101 10.7774 10.3685 9.15852 8.98645 8.93484 8.09132 6.32019 4.55138 4.09365 6.08749 6.65867 6.54314 6.98896 5.92428 6.42856 6.22287 5.65676 3.90426 2.30963 1.64822 0.340739 -9999 -9999 -9999 -9999 -9999 -9999 -9999 -9999 -9999 -9999 -9999 -9999 -9999 -9999 -9999 -9999 -9999 -9999 -9999 -9999 -9999 -9999 -9999 -9999 -9999 -9999 -9999 -9999 -9999 -9999 -9999 -9999 -9999 -9999 -9999 -9999 -9999 -9999 -9999 -9999 -9999 -9999
-9999 -9999 6.79928 7.66986 8.39178 9.27556 10.041 10.4222 10.7925 10.7639 9.94544 9.54549 9.51127 8.95882 7.98487 7.37383 6.26039 5.10031 5.54439 7.24485 6.48954 7.69453 7.59341 7.81546 7.01122 5.4892 3.45225 2.26846 1.67678 0.617322 -9999 -9999 -9999 -9999 -9999 -9999 -9999 -9999 -9999 -9999 -9999 -9999 -9999 -9999 -9999 -9999 -9999 -9999 -9999 -9999 -9999 -9999 -9999 -9999 -9999 -9999 -9999 -9999 -9999 -9999 -9999 -9999 -9999 -9999 -9999 -9999 -9999 -9999 -9999 -9999 -9999 -9999
-9999 -9999 -9999 7.50833 8.05939 9.23538 9.85361 10.1016 10.698 10.7005 10.3911 10.1575 9.81816 9.37456 8.64269 7.83515 6.78796 6.69166 7.77967 7.79387 7.56753 7.74688 8.30632 8.15987 6.91542 4.7684 3.63277 1.32737 0.338664 0.440337 -0.260498 -9999 -9999 -9999 -9999 -9999 -9999 -9999 -9999 -9999 -9999 -9999 -9999 2.42535 -9999 -9999 -9999 -9999 -9999 -9999 -9999 -9999 -9999 -9999 -9999 -9999 -9999 -9999 -9999 -9999 -9999 -9999 -9999 -9999 -1.83216 -9999 -9999 -9999 -9999 -9999 -9999 -9999
-9999 -9999 7.3955 8.13392 8.70702 9.44517 9.52246 9.96797 10.6536 10.6647 10.4456 10.1976 9.63886 9.50085 9.08444 8.20756 8.02867 8.385 8.54958 8.7361 8.85135 8.75952 8.53422 8.24273 7.44242 6.44598 5.77747 3.66771 2.60561 1.58518 0.0404518 -1.16799 -9999 -9999 -9999 -9999 -9999 -9999 -9999 1.61683 1.55969 1.58737 1.92646 2.86218 2.31252 -9999 -9999 -9999 -9999 -9999 -9999 -9999 -9999 -9999 -9999 -9999 -9999 -9999 -9999 -9999 -9999 -9999 -9999 -9999 -0.986795 -2.20749 -9999 -9999 -9999 -9999 -9999 -9999
-9999 -9999 7.5941 8.36805 8.75593 9.47322 9.88458 10.1636 10.4023 10.6302 10.5931 10.3185 9.90023 9.90345 9.32669 9.01595 8.79428 9.27601 9.37189 9.17981 8.93875 8.72577 8.1215 8.05257 7.85846 7.22652 6.18835 5.11841 3.5761 1.4791 -0.577487 -2.23634 -9999 -9999 -9999 -9999 -9999 -9999 1.78935 2.5669 3.03288 2.0433 2.88932 3.66259 3.53933 2.78392 -9999 -9999 -9999 -9999 -9999 -9999 -9999 -9999 -9999 -9999 -9999 -9999 -9999 -9999 4.79581 3.54566 1.02268 -0.272482 -1.05131 -2.16194 -9999 -9999 -9999 -9999 -9999 -9999
-9999 -9999 7.43759 8.35155 8.97171 9.52243 9.61287 10.1828 10.4319 10.5549 10.5415 10.4877 10.411 9.90763 9.69132 8.93024 9.65935 9.63242 9.44886 8.71987 8.40456 7.15247 6.60223 6.4821 7.5375 6.75985 5.13462 3.10247 0.6645 0.504893 -0.302922 -1.78549 -9999 -9999 -9999 -9999 -9999 -9999 2.02856 2.86024 3.55451 3.65599 2.67243 4.04636 3.98855 3.21982 3.04516 3.67494 3.99409 3.75796 4.50536 4.72536 4.38565 4.75772 -9999 -9999 -9999 -9999 4.97476 5.02324 5.05888 4.53622 1.78003 -0.103933 -1.79655 -1.96067 -9999 -9999 -9999 -9999 -9999 -9999
-9999 -9999 8.06471 8.62902 8.91616 8.96556 9.46025 9.9594 10.2659 10.4875 10.4441 10.4268 10.4081 10.2361 9.83601 9.90837 9.87638 9.6433 8.25446 6.63347 7.34157 6.38045 4.32142 5.99925 6.92093 6.03976 4.07023 1.78608 1.04303 1.07389 -0.0497402 -1.49523 -9999 -9999 -9999 -0.245847 0.944758 1.04883 1.40027 2.50946 3.35338 3.98919 4.42252 4.40914 3.94849 3.19658 2.3793 2.67032 4.13997 4.49827 4.79763 5.02585 4.71069 4.87565 5.26848 5.47125 5.51186 5.41845 5.39592 5.42614 5.3768 4.88886 2.42246 1.00904 0.105285 -1.71689 -9999 -9999 -9999 -9999 -9999 -9999
-9999 -9999 7.70689 8.19818 8.59683 9.25866 9.33135 9.74929 10.0025 10.3721 10.4143 9.98652 10.3409 10.2954 10.2293 10.0891 9.88357 8.71102 7.09493 5.47507 4.72796 5.04876 3.8104 4.45008 5.38405 5.04655 3.8401 1.8054 1.51963 1.05033 -0.840666 -2.66033 -9999 -9999 -2.55589 -0.271927 1.33643 2.16632 2.42378 2.44901 3.51218 3.59617 4.7407 4.47324 2.95677 3.12681 2.53753 2.91878 3.45829 3.60622 4.38292 5.12524 5.26633 5.26984 5.52018 5.57156 5.58444 5.57717 5.40626 5.48202 5.49146 5.18599 3.39821 2.52396 1.55865 -1.68933 -9999 -9999 -9999 -9999 -9999 -9999
-9999 -9999 7.95407 8.50298 9.10375 9.20417 9.64999 9.6104 9.49149 10.1098 10.3381 10.0362 9.81878 10.22 10.1922 10.1389 10.0513 8.94938 7.67437 5.74408 4.54529 3.81328 3.29376 2.60182 3.08239 2.93768 2.74302 2.97028 2.41313 1.30006 0.193752 -1.87811 -2.99832 -9999 -2.43363 -1.40283 0.509903 2.13555 3.16773 2.79728 4.00615 4.23087 4.92829 4.51961 3.5977 3.20317 3.16809 3.04758 3.86161 4.40897 4.79677 5.05516 5.37403 5.45626 5.53879 5.57327 5.59179 5.61009 5.60474 5.59648 5.55785 5.44095 4.61672 3.74239 1.86054 -1.58072 -9999 -9999 -9999 -9999 -9999 -9999
-9999 6.35715 7.88922 8.80746 9.16545 9.42486 9.65379 9.82029 9.99812 10.1623 10.2739 10.2285 9.42777 9.49305 9.63676 10.0912 10.0587 9.95933 9.26245 6.91348 6.10267 4.91829 3.38324 2.7439 3.06696 4.32876 4.27443 3.44194 2.51377 1.23193 0.41575 -0.854209 -3.29324 -3.07387 -1.97542 -1.15801 0.141965 2.12897 3.52205 4.14396 4.37919 4.869 5.12409 4.56377 4.0269 3.8025 3.3868 3.32844 3.33201 3.8242 4.20924 5.06326 5.35083 5.48016 5.54783 5.58434 5.61065 5.63604 5.64395 5.62578 5.62409 5.61404 5.54872 4.38771 1.49053 -0.69952 -9999 -9999 -9999 -9999 -9999 -9999
-9999 -9999 7.60502 8.0113 8.12072 8.309 8.69001 9.12841 9.75099 9.83264 10.1738 10.1746 9.48551 8.68833 9.38233 9.65785 9.94364 9.95239 9.86306 7.8894 6.85775 6.04612 4.57438 5.10899 5.61616 5.65668 5.35409 3.56727 1.7875 -0.263259 -2.18144 -2.27277 -3.30476 -2.75868 -2.0331 -0.170243 1.14081 1.67261 2.05471 4.07478 4.60033 4.78127 5.29882 4.59434 4.4132 3.88362 4.04153 3.99568 3.99936 2.53232 4.00664 4.09445 5.05456 5.48678 5.58363 5.61103 5.6398 5.64417 5.64886 5.64279 5.64998 5.63152 5.61146 4.85509 1.1816 -0.671568 -9999 -9999 -9999 -9999 -9999 -9999
-9999 -9999 -9999 -9999 7.73972 8.05081 8.25164 8.5959 9.64526 9.9287 10.1173 10.1347 9.82791 9.03991 8.83186 8.97619 8.20624 8.85069 9.7323 9.71133 9.60584 7.87157 6.98652 7.84863 7.58957 6.28687 5.26203 4.25041 2.16653 0.643036 -1.55537 -3.20632 -3.26833 -1.44578 0.0679217 1.95293 2.78472 2.31142 2.82452 3.82788 4.96782 5.51936 5.39006 4.64743 4.5409 3.72417 4.52774 4.59715 4.22446 3.90259 4.03311 4.50853 4.69048 5.44186 5.62438 5.65646 5.66278 5.66585 5.66187 5.65597 5.64393 5.63255 5.61772 5.57878 1.8027 -1.14222 -9999 -9999 -9999 -9999 -9999 -9999
-9999 -9999 -9999 -9999 7.01455 7.20588 7.70136 8.96673 9.63314 9.90251 9.89557 10.0205 9.80445 9.11065 8.39818 7.72581 6.85902 7.35509 8.66723 9.44143 9.53074 8.01074 8.80565 8.51148 7.92942 6.22509 4.96957 4.30483 2.30437 0.593381 -0.868884 -2.88852 -2.0242 -1.07251 0.149778 2.20639 3.59405 4.16429 3.68594 4.32764 5.63933 5.64728 4.93088 4.97833 4.53914 3.42291 4.58611 4.914 4.65117 4.72058 4.62423 4.80183 5.12463 5.43345 5.63903 5.66732 5.67063 5.66392 5.66281 5.66174 5.64466 5.64231 5.62742 5.60315 3.16372 -1.19733 -9999 -9999 -9999 -9999 -9999 -9999
-9999 -9999 -9999 -9999 -9999 6.35927 7.48433 9.16275 9.58422 9.549 9.89686 9.92827 9.59621 9.30759 8.44255 7.26037 4.98979 5.5686 6.77648 8.51829 9.43456 9.31287 8.80688 7.9251 5.78819 3.91836 3.69328 3.38891 1.92954 0.612723 -1.01302 -0.0700036 0.962702 2.0923 2.68574 2.53157 3.72061 4.69012 4.27873 5.06583 5.98414 5.56861 5.32325 5.11756 4.61038 4.58051 4.63399 5.29507 4.83928 5.12113 5.13025 5.1155 5.27307 5.45429 5.64451 5.67616 5.67684 5.67983 5.657 5.66308 5.64968 5.63558 5.62157 5.60006 5.37418 3.0197 1.6123 -9999 -9999 -9999 -9999 -9999
-9999 -9999 -9999 -9999 -9999 5.32449 5.88772 7.8747 8.49291 9.37172 9.83905 9.86211 9.30084 8.98829 7.69917 7.28094 5.18046 4.23044 5.03825 4.73047 7.12883 9.25164 8.79302 4.51391 2.96559 1.8619 2.14833 2.1532 1.74842 -0.495812 -1.11452 0.899099 2.16698 3.14922 3.89423 4.04936 4.02371 5.54015 5.74189 6.23491 6.1283 6.17461 5.40984 4.937 5.3484 4.87176 4.79104 5.47397 4.80337 5.41206 5.34246 5.16121 5.1528 5.55405 5.63596 5.67925 5.68195 5.66608 5.64517 5.63185 5.64242 5.63317 5.60699 5.60341 5.57624 5.28586 4.06645 3.63561 4.09812 -9999 -9999 -9999
-9999 -9999 -9999 -9999 -9999 -9999 4.0375 6.79723 8.06209 8.72628 9.65986 9.77382 9.47633 8.93467 7.62167 6.46685 4.58925 2.44498 1.31152 4.71226 7.6726 9.21874 9.01886 5.45726 4.05313 3.99033 4.82109 4.12428 3.59615 1.89172 1.38226 0.673418 1.11125 2.48016 3.59845 4.67695 5.46102 5.52501 6.0339 6.32675 6.35118 6.44335 6.35411 6.28157 5.54033 6.05143 5.61928 5.85013 5.70329 5.57095 5.4582 5.0366 5.3363 5.60176 5.6707 5.69165 5.67573 5.67165 5.65959 5.63337 5.61916 5.61436 5.60806 5.59003 5.58472 5.56007 5.41756 4.68123 3.69771 2.457 -9999 -9999
-9999 -9999 -9999 -9999 -9999 -9999 2.65966 5.40574 6.73305 8.43667 9.31406 9.67164 9.62576 9.18702 8.18952 6.68779 5.43675 3.04311 0.557833 4.12822 7.3101 9.02725 9.12031 6.12861 6.96136 6.29269 6.56579 5.33942 4.83108 4.43169 3.55071 2.58694 1.53188 0.974301 3.48458 4.77351 5.81071 6.29974 6.57622 6.71433 6.64155 6.45327 5.33922 6.1899 6.14177 6.05776 5.96147 5.91539 5.82838 5.72578 5.66668 5.64583 5.36606 5.68415 5.67722 5.68163 5.68294 5.67406 5.65723 5.64188 5.62271 5.62019 5.60407 5.5889 5.57652 5.56132 5.54602 5.49942 5.29901 3.63554 2.63805 2.35209
-9999 -9999 -9999 -9999 -9999 -9999 -1.19517 2.79802 6.01036 7.68744 9.05344 9.42932 9.5702 8.98147 8.54106 7.46475 6.44551 4.87301 2.51763 1.06779 3.74272 7.62765 9.06363 8.95508 8.8678 8.09419 7.39721 7.31104 7.36556 6.55593 5.37075 3.82211 3.3396 2.79672 4.66647 4.92 4.78325 6.83884 6.84343 6.72656 5.94011 5.06155 5.22932 4.6848 5.09919 4.44983 5.04786 5.56498 5.75865 5.7435 5.67694 5.668 5.63773 5.69317 5.69234 5.68334 5.67615 5.67176 5.66294 5.63746 5.62182 5.62785 5.60817 5.59229 5.57328 5.5606 5.55026 5.51446 5.48126 5.22024 4.83106 4.093
-9999 -9999 -9999 -9999 -9999 -9999 -1.02595 2.3369 5.18594 6.89688 8.54002 8.92222 9.47713 9.35828 8.89708 7.96164 6.79283 5.49879 3.47821 1.97678 3.76443 6.34721 8.1952 8.86013 8.85783 8.81549 8.64205 8.57066 8.36828 8.22704 7.37766 5.91526 5.08861 3.87843 5.96216 6.19582 5.86963 6.90934 6.85695 5.28417 4.07499 3.92448 4.66455 3.96352 3.83655 3.39974 3.89382 5.21732 4.83024 4.9072 5.509 5.60824 5.6716 5.68869 5.68442 5.68128 5.67059 5.67135 5.67172 5.64668 5.63381 5.62599 5.60024 5.59207 5.57226 5.54959 5.53067 5.50905 5.4787 5.40042 5.31389 5.38944
-9999 -9999 -9999 -9999 -9999 -9999 -0.961835 1.3046 3.86856 6.38623 8.14079 8.84921 9.36505 9.36029 8.8242 8.35946 7.62695 6.48861 5.70804 4.35269 2.49254 5.61381 6.57596 7.43289 7.79288 8.68493 8.66508 8.25905 7.79132 8.23185 8.10403 6.94616 6.56554 5.92248 7.08137 7.0839 7.05146 6.98904 5.66017 3.81326 2.33712 3.39951 3.17783 3.66829 2.15373 3.39598 4.39668 4.72157 4.04213 3.53812 5.09983 5.35842 5.51211 5.61049 5.67497 5.65899 5.67439 5.66444 5.65879 5.65233 5.63714 5.62679 5.61055 5.59354 5.5758 5.55496 5.53228 5.50442 5.49734 5.45049 5.42994 5.40892
-9999 -9999 -9999 -9999 -9999 -9999 -9999 -0.0318247 3.21946 6.12071 7.73659 8.75313 9.24878 9.24066 8.96691 8.6515 8.19742 7.37625 6.3447 4.71453 3.50472 4.27428 5.21749 5.32608 5.95136 7.76155 8.38104 7.50701 5.34618 6.62605 8.05189 8.02924 7.90795 7.77208 7.59822 7.44115 7.09763 6.17789 3.36078 2.80604 1.70104 1.82674 1.26009 2.50117 2.03397 3.30605 3.85744 4.06571 2.88983 3.14078 4.52296 5.06992 4.97902 5.31458 5.63417 5.64439 5.65309 5.64411 5.65007 5.65138 5.64447 5.62857 5.61564 5.6051 5.5748 5.56607 5.45678 5.38396 5.2411 5.40692 5.41834 5.41961
-9999 -9999 -9999 -9999 -9999 -9999 -9999 -0.678759 2.56413 5.98043 7.0784 8.17417 9.11985 9.13919 8.72059 8.3224 7.91216 7.44502 6.19383 4.98068 3.82266 3.43473 3.66947 3.6588 4.66923 7.02689 7.4846 7.29145 5.03586 4.27132 6.17586 7.77643 7.90272 7.75781 5.87487 6.27596 5.26014 3.88245 3.50333 2.90043 1.62634 2.23993 1.30686 1.70738 1.59872 2.32088 2.67306 3.53201 2.50713 2.51402 3.87114 4.55551 4.57262 5.29078 5.54672 5.61359 5.63012 5.64171 5.6441 5.65448 5.64672 5.63472 5.619 5.58265 5.4985 5.24274 3.8685 3.86619 4.23598 4.58567 5.22358 5.39953
-9999 -9999 -9999 -9999 -9999 -9999 -9999 -0.307425 1.94346 4.97494 7.22075 7.36321 8.45548 9.01971 8.56456 8.05188 7.52727 7.29835 5.9367 4.44101 3.23284 1.80271 2.03973 3.06874 4.75738 6.28073 6.55426 6.24098 5.03492 5.60823 6.90727 7.59721 7.80087 7.64106 7.23109 6.99422 6.24625 5.92212 4.88331 3.25903 2.61939 3.02486 1.30062 1.42148 2.05956 1.38016 2.49705 3.0316 1.70797 2.76268 3.96245 4.57582 5.11205 5.36581 5.46685 5.62179 5.62556 5.63815 5.64463 5.64155 5.64043 5.61396 5.59153 5.44492 5.22927 3.95649 3.41445 3.51474 4.09829 4.60875 5.14044 5.35705
-9999 -9999 -9999 -9999 -9999 -9999 -9999 0.0722775 2.09899 4.72767 6.32931 6.61701 7.8282 8.90518 8.78596 8.25262 8.09076 7.53792 6.38331 5.10796 3.714 3.03697 1.47908 3.01546 4.23797 5.52812 6.13236 5.14296 4.64382 5.53009 6.41106 6.76321 7.65272 7.64462 7.35513 6.10611 5.49714 5.7548 5.49328 5.03517 3.91725 3.8677 3.14973 2.85254 2.5719 1.65679 2.2391 2.2974 2.45662 3.72059 4.34499 4.75896 5.13544 5.23421 5.39778 5.60999 5.62837 5.63553 5.63394 5.63709 5.62043 5.55872 5.50626 5.21348 4.69626 3.73266 2.16208 3.25723 4.40245 4.74046 5.06973 5.23985
-9999 -9999 -9999 -9999 -9999 -9999 -9999 -0.276302 1.87651 4.12335 5.0636 5.22441 7.41548 8.75745 8.7608 8.5085 8.21363 6.84687 6.92811 6.65558 5.39826 3.56642 1.55452 1.74467 2.94716 4.65558 5.22002 3.58006 2.99922 3.42804 4.75979 5.95187 7.19645 7.51285 7.1482 5.20389 3.13763 4.09635 5.12072 5.11531 4.81511 3.7784 3.44942 3.15166 2.39541 1.10986 1.29987 1.65613 3.09248 3.54557 4.24555 4.82686 4.60763 4.73573 5.29167 5.61051 5.62219 5.6274 5.63728 5.62914 5.6091 5.48758 5.35874 5.14324 3.79827 2.96102 1.73482 3.14406 3.92407 4.33537 5.07786 5.25269
-9999 -9999 -9999 -9999 -9999 -9999 -9999 -0.945727 0.617041 2.76466 3.6311 5.01204 7.0827 8.1017 8.59068 8.58098 8.38481 7.77338 7.40618 6.68163 5.37366 3.58484 1.59632 0.302279 0.962098 3.26062 3.80638 2.29168 1.52043 2.48298 3.9022 6.00317 7.20376 7.36626 7.25811 6.85745 5.349 3.5264 3.5329 4.44747 3.68281 2.79402 3.28336 3.1932 2.44646 1.9034 1.5692 1.77768 2.59673 2.93433 3.74293 4.93633 5.10722 5.07326 5.57555 5.60044 5.61183 5.63032 5.6291 5.62371 5.60768 5.50846 5.2874 4.39194 3.6107 2.5243 2.38821 3.63366 4.17992 4.68836 5.05143 5.16803
-9999 -9999 -9999 -9999 -9999 -9999 -9999 -2.09568 -0.257358 1.75459 3.63842 5.42065 6.95461 7.0743 7.88375 7.88381 8.30835 8.18804 7.62136 7.01133 5.88456 3.58632 1.65403 -0.453371 0.103826 2.44243 2.75969 1.74328 -0.135438 1.80625 3.94737 5.88787 6.93854 6.11577 6.95992 6.89098 6.326 5.24115 3.55419 3.58641 2.32227 2.26758 2.9173 3.12844 3.02064 2.61308 1.95693 2.07269 2.57087 2.69709 3.4402 4.36599 5.27105 5.42306 5.59556 5.60277 5.60527 5.61895 5.62021 5.60064 5.55347 5.44985 4.69923 3.80661 3.25609 2.49882 2.40542 3.84609 4.41902 4.73756 5.05122 5.1737
-9999 -9999 -9999 -9999 -9999 -9999 -9999 -9999 -0.449007 1.6295 3.16785 3.58317 4.94682 5.68366 6.25403 6.38127 8.00656 8.0971 7.73821 7.17796 6.21712 4.47346 3.25898 1.23764 -0.214873 0.387543 0.67585 1.21107 1.05445 1.92087 3.97843 6.12194 6.35626 4.99547 5.19747 5.48265 6.1213 5.79776 3.49902 2.33124 1.36195 2.05093 2.77572 2.95134 2.98675 2.84731 2.68255 2.41007 3.37919 4.09627 4.26252 4.88771 5.34927 5.47667 5.5726 5.58428 5.59609 5.59592 5.56857 5.54847 5.43189 5.17142 4.33203 2.3147 2.40752 2.188 1.55931 2.97266 3.85423 4.6528 5.07622 5.1841
-9999 -9999 -9999 -9999 -9999 -9999 -9999 -9999 -1.14369 1.26097 1.77024 1.73411 0.940011 1.30749 4.25775 4.85264 6.41138 7.88736 7.78004 7.23041 6.33151 5.2935 3.68586 1.41242 -0.393713 -1.14817 0.798812 2.71481 3.11017 3.72088 4.98201 5.2222 3.83156 2.52741 3.26031 3.70185 5.38321 5.69024 5.36365 3.97862 2.39499 1.5684 2.54444 2.67502 2.73376 2.74555 2.71637 2.67411 3.77015 4.37474 4.79413 5.02245 5.41879 5.52019 5.5526 5.58304 5.57569 5.55496 5.49195 5.42023 5.10611 4.72586 3.35167 2.2057 1.49058 0.583064 2.62404 3.22525 4.05457 4.5934 5.01484 5.10591
