Test_Spring_2018b/03_18/Temp/20180308_013.txt
ncols	170
nrows	115
xllcorner	350000.000000
yllcorner	4445000.000000
cellsize	1000.000000
nodata_value	-9999.000000
[rows 32 to 63 of 115, columns 72 to 143 of 170]
12.3835 12.1492 12.5208 12.863 12.6407 12.4961 13.0466 13.0497 12.863 12.4203 12.2606 12.0953 11.996 11.4284 9.82668 8.3834 9.16517 9.18904 8.65762 9.62536 9.12183 7.80008 5.93199 6.95397 6.69305 5.35683 5.03291 -9999 -9999 -9999 -9999 -9999 -9999 -9999 -9999 -9999 -9999 -9999 -9999 -9999 -9999 -9999 -9999 -9999 -9999 -9999 -9999 -9999 -9999 -9999 -9999 -9999 -9999 -9999 -9999 -9999 -9999 -9999 -9999 -9999 -9999 -9999 -9999 -9999 -9999 -9999 -9999 -9999 -9999 -9999 -9999 -9999
12.063 11.9646 12.5154 12.5074 12.4646 12.6473 12.9871 13.0593 12.9887 12.7978 12.6334 12.4586 12.0085 11.3583 9.98825 8.34463 7.97607 8.78856 8.83261 8.9675 8.50906 7.93172 7.02559 7.77558 8.06926 7.19771 6.04893 5.30796 -9999 -9999 -9999 -9999 -9999 -9999 -9999 -9999 -9999 -9999 -9999 -9999 -9999 -9999 -9999 -9999 -9999 -9999 -9999 -9999 -9999 -9999 -9999 -9999 -9999 -9999 -9999 -9999 -9999 -9999 -9999 -9999 -9999 -9999 -9999 -9999 -9999 -9999 -9999 -9999 -9999 -9999 -9999 -9999
11.6812 11.1547 11.4881 11.7392 12.1787 12.2846 12.3564 13.0122 12.9812 12.9549 12.6805 12.4622 12.0979 11.4724 10.5798 9.50419 7.62739 8.79344 9.70759 9.68952 9.64475 9.24172 8.37139 9.10763 9.14609 8.03115 6.74563 6.00433 5.70089 -9999 -9999 -9999 -9999 -9999 -9999 -9999 -9999 -9999 -9999 -9999 -9999 -9999 -9999 -9999 -9999 -9999 -9999 -9999 -9999 -9999 -9999 -9999 -9999 -9999 -9999 -9999 -9999 -9999 -9999 -9999 -9999 -9999 -9999 -9999 -9999 -9999 -9999 -9999 -9999 -9999 -9999 -9999
11.2478 10.6037 10.9391 11.3852 12.0013 12.309 12.5501 12.7485 12.9511 12.9315 12.6505 11.8128 11.6974 11.666 11.0841 9.85713 8.63182 8.31844 9.71021 10.1122 10.0364 10.3507 9.61416 9.96865 9.8291 9.4366 8.20788 7.08902 6.63394 5.72974 -9999 -9999 -9999 -9999 -9999 -9999 -9999 -9999 -9999 -9999 -9999 -9999 -9999 -9999 -9999 -9999 -9999 -9999 -9999 -9999 -9999 -9999 -9999 -9999 -9999 -9999 -9999 -9999 -9999 -9999 -9999 -9999 -9999 -9999 -9999 -9999 -9999 -9999 -9999 -9999 -9999 -9999
-9999 -9999 10.1985 10.7928 11.2866 11.8903 12.4118 12.6791 12.9392 12.9223 12.3565 12.0822 12.0627 11.6831 11.0106 10.5906 9.82129 9.01945 9.3333 10.5208 9.99994 10.8423 10.7758 10.9339 10.3779 9.30847 7.89404 7.06072 6.65399 5.92218 -9999 -9999 -9999 -9999 -9999 -9999 -9999 -9999 -9999 -9999 -9999 -9999 -9999 -9999 -9999 -9999 -9999 -9999 -9999 -9999 -9999 -9999 -9999 -9999 -9999 -9999 -9999 -9999 -9999 -9999 -9999 -9999 -9999 -9999 -9999 -9999 -9999 -9999 -9999 -9999 -9999 -9999
-9999 -9999 -9999 10.681 11.0561 11.875 12.282 12.4564 12.8735 12.8782 12.6663 12.5079 12.2762 11.9724 11.4684 10.912 10.1889 10.1271 10.8889 10.9036 10.7506 10.8795 11.2724 11.174 10.3092 8.8077 8.02111 6.40623 5.72308 5.7987 5.3165 -9999 -9999 -9999 -9999 -9999 -9999 -9999 -9999 -9999 -9999 -9999 -9999 7.29188 -9999 -9999 -9999 -9999 -9999 -9999 -9999 -9999 -9999 -9999 -9999 -9999 -9999 -9999 -9999 -9999 -9999 -9999 -9999 -9999 4.58468 -9999 -9999 -9999 -9999 -9999 -9999 -9999
-9999 -9999 10.615 11.1081 11.5072 12.021 12.0641 12.3635 12.8424 12.8529 12.7038 12.5352 12.1511 12.0601 11.7757 11.1713 11.0524 11.3057 11.4253 11.5599 11.6446 11.5847 11.4316 11.2321 10.6652 9.97505 9.51296 8.04759 7.29944 6.59423 5.52476 4.68968 -9999 -9999 -9999 -9999 -9999 -9999 -9999 6.68878 6.65868 6.68786 6.93389 7.59511 7.22329 -9999 -9999 -9999 -9999 -9999 -9999 -9999 -9999 -9999 -9999 -9999 -9999 -9999 -9999 -9999 -9999 -9999 -9999 -9999 5.172 4.33741 -9999 -9999 -9999 -9999 -9999 -9999
-9999 -9999 10.7342 11.2723 11.5418 12.0404 12.3265 12.4994 12.6671 12.8281 12.8055 12.6185 12.3322 12.3396 11.944 11.7337 11.5853 11.9261 11.9982 11.8695 11.7064 11.5622 11.1453 11.1002 10.9554 10.5183 9.79855 9.05682 7.97369 6.51923 5.09335 3.94469 -9999 -9999 -9999 -9999 -9999 -9999 6.79741 7.34778 7.68177 7.00361 7.60249 8.15094 8.07594 7.56587 -9999 -9999 -9999 -9999 -9999 -9999 -9999 -9999 -9999 -9999 -9999 -9999 -9999 -9999 9.13915 8.28228 6.54061 5.65354 5.12617 4.36851 -9999 -9999 -9999 -9999 -9999 -9999
-9999 -9999 10.6275 11.2622 11.6924 12.0744 12.1364 12.5217 12.6868 12.7746 12.7684 12.735 12.6865 12.3418 12.1972 11.674 12.1873 12.1746 12.0526 11.5507 11.3359 10.4688 10.0893 9.99675 10.7329 10.1939 9.06519 7.65355 5.9472 5.83998 5.2823 4.2559 -9999 -9999 -9999 -9999 -9999 -9999 6.96124 7.54949 8.04256 8.1236 7.45016 8.41672 8.39138 7.86851 7.75886 8.2087 8.44237 8.28515 8.82356 8.98804 8.76293 9.03267 -9999 -9999 -9999 -9999 9.23793 9.28326 9.32018 8.96938 7.06562 5.76924 4.60659 4.51328 -9999 -9999 -9999 -9999 -9999 -9999
-9999 -9999 11.066 11.4567 11.6543 11.6866 12.029 12.3647 12.5702 12.7262 12.6992 12.6914 12.6835 12.5697 12.2977 12.3547 12.3392 12.1836 11.2236 10.1016 10.599 9.93285 8.4953 9.6622 10.3048 9.69309 8.32422 6.7366 6.20907 6.23381 5.45597 4.45551 -9999 -9999 -9999 5.35022 6.18667 6.26801 6.52203 7.30361 7.9011 8.35331 8.66578 8.66369 8.36249 7.85162 7.29525 7.5097 8.54381 8.80467 9.02659 9.19672 8.98854 9.11603 9.39963 9.55095 9.58954 9.53513 9.53039 9.56285 9.54059 9.21394 7.5104 6.54158 5.92803 4.69332 -9999 -9999 -9999 -9999 -9999 -9999
-9999 -9999 10.8209 11.1603 11.435 11.8876 11.936 12.2252 12.3921 12.6442 12.6766 12.3833 12.6351 12.6096 12.5704 12.48 12.3442 11.5356 10.4179 9.29688 8.7821 9.00264 8.14388 8.58861 9.23954 9.00224 8.16231 6.74781 6.55009 6.21509 4.90358 3.642 -9999 -9999 3.73204 5.32824 6.45535 7.04175 7.23065 7.25859 8.00894 8.07854 8.88606 8.70812 7.6721 7.80273 7.40479 7.68225 8.07262 8.18709 8.73533 9.26784 9.37663 9.38936 9.57354 9.61922 9.63819 9.64339 9.5352 9.59919 9.61777 9.41811 8.18824 7.59465 6.94262 4.71075 -9999 -9999 -9999 -9999 -9999 -9999
-9999 -9999 10.9916 11.3704 11.7851 11.8519 12.1593 12.1263 12.0342 12.4653 12.6216 12.4159 12.2701 12.5557 12.5435 12.5141 12.4608 11.7017 10.8217 9.48499 8.65614 8.14516 7.78611 7.30219 7.63736 7.53719 7.40205 7.56034 7.16933 6.3865 5.61969 4.18284 3.40824 -9999 3.81309 4.5376 5.87652 7.01662 7.74468 7.49773 8.34982 8.5177 9.01157 8.73918 8.11673 7.85818 7.84636 7.77484 8.35304 8.74548 9.02345 9.21446 9.45092 9.51814 9.58526 9.61883 9.64136 9.66403 9.67074 9.67613 9.66121 9.59279 9.03334 8.4432 7.15041 4.7842 -9999 -9999 -9999 -9999 -9999 -9999
-9999 9.89481 10.9484 11.5833 11.8282 12.0047 12.1604 12.2733 12.3878 12.499 12.5787 12.5476 11.9963 12.0486 12.1562 12.4803 12.4659 12.4046 11.927 10.2993 9.73612 8.91338 7.84759 7.4021 7.62716 8.50471 8.46651 7.88695 7.24097 6.34091 5.77135 4.89119 3.19955 3.35744 4.12789 4.70396 5.61675 7.00839 7.98776 8.43142 8.60664 8.95681 9.14625 8.77193 8.41724 8.2743 7.99802 7.96997 7.98459 8.33861 8.61492 9.22027 9.43096 9.53388 9.59034 9.62496 9.65256 9.67984 9.69552 9.69384 9.70458 9.71055 9.68145 8.88946 6.89434 5.39817 -9999 -9999 -9999 -9999 -9999 -9999
-9999 -9999 10.7523 11.0303 11.1016 11.2279 11.4887 11.79 12.2137 12.2704 12.5091 12.5107 12.0348 11.4874 11.9782 12.1783 12.3857 12.4 12.3453 10.9745 10.2611 9.69939 8.67737 9.04812 9.40077 9.4283 9.21682 7.97282 6.73383 5.29878 3.96585 3.90456 3.18777 3.57326 4.08424 5.38748 6.30806 6.68767 6.96408 8.38056 8.75624 8.89644 9.26921 8.7921 8.68495 8.33006 8.45305 8.43391 8.44874 7.44003 8.47419 8.54638 9.22473 9.53549 9.61412 9.64208 9.67106 9.68343 9.69664 9.70324 9.72009 9.72173 9.72509 9.21532 6.67749 5.41583 -9999 -9999 -9999 -9999 -9999 -9999
-9999 -9999 -9999 -9999 10.8366 11.0477 11.1826 11.418 12.1384 12.3352 12.4676 12.4827 12.274 11.7308 11.5944 11.7036 11.177 11.6332 12.2521 12.243 12.1738 10.9703 10.3544 10.9544 10.7738 9.86657 9.15225 8.44697 6.99593 5.9275 4.39923 3.25274 3.21264 4.48472 5.54283 6.86148 7.44876 7.12939 7.49711 8.20668 9.01193 9.40836 9.33152 8.82818 8.77302 8.21867 8.791 8.85218 8.60532 8.3932 8.49276 8.8345 8.97146 9.50392 9.64023 9.67247 9.68557 9.6968 9.7038 9.7104 9.71597 9.72208 9.72716 9.71673 7.10795 5.08703 -9999 -9999 -9999 -9999 -9999 -9999
-9999 -9999 -9999 -9999 10.332 10.4595 10.7991 11.6749 12.1289 12.3157 12.312 12.4018 12.2563 11.7801 11.2921 10.8335 10.2392 10.5922 11.5118 12.0559 12.1222 11.0677 11.6204 11.4159 11.0104 9.82356 8.94851 8.4842 7.09085 5.89191 4.8754 3.47221 4.07624 4.74242 5.59831 7.03593 8.00991 8.41669 8.09473 8.55294 9.47786 9.4964 9.01141 9.05785 8.77138 8.00889 8.83151 9.07259 8.9022 8.96225 8.90406 9.03857 9.27339 9.49788 9.65007 9.67865 9.69 9.69427 9.70315 9.71395 9.7147 9.72719 9.7324 9.7324 8.05361 5.04778 -9999 -9999 -9999 -9999 -9999 -9999
-9999 -9999 -9999 -9999 -9999 9.87037 10.6478 11.8109 12.0945 12.0694 12.3124 12.3372 12.111 11.9167 11.3229 10.5095 8.93888 9.34952 10.1966 11.4138 12.0554 11.9735 11.6213 11.0082 9.52106 8.21907 8.0607 7.84697 6.82988 5.90508 4.77475 5.4322 6.15327 6.94312 7.36155 7.26151 8.09729 8.78161 8.5065 9.06592 9.71732 9.44141 9.28417 9.15463 8.82093 8.81416 8.86493 9.33779 9.03318 9.24099 9.25615 9.25679 9.37661 9.51225 9.65367 9.6845 9.69374 9.7048 9.69875 9.71416 9.7175 9.72187 9.72778 9.7298 9.59081 7.98075 7.02249 -9999 -9999 -9999 -9999 -9999
-9999 -9999 -9999 -9999 -9999 9.1505 9.53739 10.9153 11.3359 11.9466 12.2729 12.2918 11.9062 11.6948 10.8058 10.5238 9.07186 8.41818 8.987 8.77856 10.4511 11.9305 11.6113 8.6352 7.55767 6.78875 6.98632 6.98783 6.70443 5.13455 4.70476 6.10696 6.99163 7.679 8.20286 8.31796 8.3088 9.37367 9.52475 9.8796 9.81807 9.86339 9.34484 9.02946 9.3347 9.01712 8.9745 9.46252 9.00844 9.44353 9.40386 9.28864 9.29296 9.58162 9.6477 9.68664 9.69763 9.69548 9.69068 9.69289 9.71293 9.72068 9.71811 9.73257 9.73174 9.55739 8.72978 8.45081 8.7931 -9999 -9999 -9999
-9999 -9999 -9999 -9999 -9999 -9999 8.25099 10.1669 11.0374 11.4991 12.1498 12.2321 12.0274 11.6577 10.7524 9.95784 8.66067 7.17777 6.39371 8.76481 10.8283 11.9068 11.7677 9.29093 8.314 8.26943 8.84597 8.35977 7.99092 6.7966 6.44305 5.95177 6.25924 7.21466 7.99925 8.75661 9.31063 9.36512 9.73027 9.94493 9.97441 10.0515 10.0027 9.96561 9.46907 9.83839 9.55119 9.72462 9.63476 9.55433 9.48452 9.20208 9.42071 9.61495 9.67207 9.69685 9.69425 9.70044 9.70193 9.69463 9.69838 9.70918 9.72033 9.72457 9.73872 9.74912 9.67024 9.17844 8.51455 7.6714 -9999 -9999
-9999 -9999 -9999 -9999 -9999 -9999 7.29351 9.20056 10.1146 11.2997 11.9085 12.1592 12.1329 11.8345 11.1484 10.1121 9.25037 7.59367 5.87266 8.36 10.5747 11.7724 11.8391 9.75729 10.3367 9.87121 10.0604 9.20635 8.85181 8.56536 7.95379 7.28552 6.55318 6.17151 7.92343 8.82717 9.55718 9.90719 10.1105 10.2185 10.1778 10.0602 9.29833 9.90318 9.88869 9.84382 9.79001 9.77065 9.72226 9.66243 9.62976 9.62606 9.44165 9.67383 9.67975 9.69129 9.70091 9.70399 9.70233 9.70272 9.7016 9.71365 9.71989 9.72582 9.7347 9.75153 9.76061 9.74804 9.62835 8.49063 7.81559 7.63958
-9999 -9999 -9999 -9999 -9999 -9999 4.61333 7.3886 9.60992 10.7774 11.7271 11.9927 12.0961 11.6931 11.3941 10.6533 9.95239 8.86646 7.23547 6.23356 8.09556 10.8017 11.7986 11.7226 11.6626 11.1247 10.6397 10.5795 10.6171 10.0455 9.22043 8.146 7.81624 7.44337 8.74987 8.93344 8.8468 10.2863 10.3002 10.2305 9.69576 9.09376 9.22312 8.85798 9.16512 8.72668 9.15556 9.52773 9.67441 9.67531 9.63727 9.64395 9.63282 9.68368 9.6919 9.69442 9.69844 9.70491 9.70905 9.70253 9.7039 9.72147 9.72299 9.72773 9.73461 9.75301 9.76488 9.75915 9.75512 9.5923 9.33981 8.84911
-9999 -9999 -9999 -9999 -9999 -9999 4.72852 7.05687 9.03873 10.2263 11.3722 11.6422 12.0335 11.957 11.6431 10.9999 10.1945 9.30181 7.90334 6.86531 8.11423 9.90982 11.1983 11.6606 11.6556 11.627 11.5069 11.4557 11.3152 11.2082 10.6198 9.60832 9.03735 8.20061 9.65613 9.82591 9.60743 10.3401 10.3141 9.23136 8.40214 8.30973 8.83268 8.35755 8.28835 7.99781 8.35408 9.28691 9.03229 9.09703 9.52348 9.60306 9.66103 9.68226 9.68842 9.69536 9.69729 9.70764 9.71839 9.71231 9.71564 9.72347 9.71981 9.73053 9.73308 9.74477 9.75278 9.75617 9.75339 9.71699 9.67832 9.75355
-9999 -9999 -9999 -9999 -9999 -9999 4.77819 6.34051 8.12469 9.87313 11.0967 11.5937 11.9576 11.9603 11.594 11.2777 10.7753 9.99051 9.45422 8.51756 7.22906 9.40468 10.0711 10.6673 10.9187 11.5402 11.527 11.2451 10.906 11.2147 11.1315 10.3298 10.0695 9.62756 10.44 10.449 10.4348 10.4007 9.4865 8.2127 7.19736 7.94816 7.80602 8.15447 7.11999 7.99952 8.70815 8.94631 8.48516 8.14572 9.23971 9.43492 9.55179 9.62985 9.68417 9.68255 9.70296 9.70616 9.71295 9.71991 9.72162 9.72756 9.73025 9.73323 9.73822 9.75102 9.75296 9.75496 9.76822 9.75511 9.7578 9.76571
-9999 -9999 -9999 -9999 -9999 -9999 -9999 5.41561 7.67209 9.69229 10.8193 11.5304 11.88 11.8799 11.6956 11.4828 11.1736 10.609 9.89777 8.76967 7.93334 8.47306 9.12529 9.2009 9.63794 10.8987 11.331 10.7244 9.21101 10.1066 11.1017 11.0898 11.0101 10.921 10.8049 10.703 10.4723 9.8417 7.89204 7.51835 6.76091 6.85992 6.4776 7.34741 7.04172 7.93901 8.33479 8.49159 7.68522 7.86726 8.84548 9.23651 9.18348 9.42681 9.65836 9.67529 9.69138 9.69553 9.71059 9.72304 9.73048 9.73347 9.73842 9.74578 9.74233 9.7641 9.70542 9.67223 9.59024 9.72269 9.74733 9.7775
-9999 -9999 -9999 -9999 -9999 -9999 -9999 4.96019 7.2177 9.59656 10.3636 11.1299 11.7924 11.8113 11.526 11.2551 10.9761 10.6574 9.79311 8.95488 8.15448 7.88914 8.05627 8.04098 8.74646 10.3887 10.7091 10.5768 9.00053 8.47221 9.80085 10.9186 11.0115 10.9165 9.61331 9.89967 9.20128 8.25196 7.99792 7.58883 6.71336 7.15129 6.51363 6.80371 6.74147 7.25591 7.51282 8.12201 7.42053 7.43265 8.39397 8.88073 8.90306 9.4128 9.60094 9.65761 9.67945 9.6982 9.711 9.72993 9.73687 9.74152 9.74424 9.73322 9.68953 9.52984 8.60255 8.61761 8.89146 9.1511 9.61841 9.76308
-9999 -9999 -9999 -9999 -9999 -9999 -9999 5.21919 6.78719 8.89874 10.4644 10.5677 11.3322 11.7299 11.4189 11.0682 10.7093 10.5561 9.6147 8.57978 7.74444 6.75423 6.92312 7.64238 8.80826 9.87072 10.0637 9.84842 9.00258 9.40542 10.3134 10.7983 10.9454 10.8403 10.5619 10.4046 9.89251 9.67588 8.96273 7.84288 7.40836 7.70112 6.51274 6.6079 7.06287 6.60377 7.39236 7.77571 6.86632 7.61383 8.45955 8.89707 9.2807 9.46768 9.54836 9.66657 9.6798 9.69945 9.71523 9.72483 9.73632 9.73072 9.72847 9.64037 9.50471 8.63412 8.28859 8.37431 8.79614 9.16696 9.568 9.73328
-9999 -9999 -9999 -9999 -9999 -9999 -9999 5.48383 6.89633 8.72804 9.84588 10.0503 10.8975 11.6518 11.5744 11.2091 11.1023 10.7235 9.92593 9.04417 8.07956 7.61324 6.53379 7.60622 8.44757 9.3483 9.77181 9.07596 8.73308 9.35412 9.97183 10.2221 10.8467 10.8474 10.653 9.79176 9.37631 9.56424 9.39156 9.08261 8.31509 8.29103 7.80224 7.6063 7.42192 6.79841 7.21495 7.26688 7.39527 8.28228 8.72785 9.02682 9.29952 9.37891 9.50334 9.66163 9.68523 9.70126 9.71152 9.72546 9.72604 9.69575 9.67233 9.48217 9.1363 8.48026 7.41927 8.19636 9.00825 9.26707 9.51908 9.65168
-9999 -9999 -9999 -9999 -9999 -9999 -9999 5.24174 6.74232 8.30872 8.96672 9.08298 10.6118 11.5504 11.5581 11.3882 11.1887 10.2436 10.3056 10.1213 9.2517 7.98217 6.58704 6.72328 7.56017 8.74247 9.13871 7.99076 7.59149 7.89476 8.82641 9.6613 10.5331 10.7598 10.5133 9.16851 7.73941 8.4149 9.13651 9.14223 8.94326 8.23228 8.0138 7.8172 7.30176 6.42557 6.56367 6.82275 7.8361 8.16278 8.661 9.0765 8.935 9.035 9.43255 9.66521 9.68432 9.69911 9.7174 9.72346 9.72158 9.64949 9.57268 9.43594 8.5139 7.94531 7.11919 8.11879 8.67613 8.99438 9.52511 9.66068
-9999 -9999 -9999 -9999 -9999 -9999 -9999 4.77633 5.8668 7.36443 7.97127 8.93635 10.3815 11.0954 11.4409 11.4397 11.3087 10.889 10.6389 10.1402 9.23533 7.99576 6.617 5.72103 6.18387 7.77323 8.15813 7.09638 6.56499 7.23984 8.23264 9.70002 10.5415 10.6613 10.5934 10.3224 9.2813 8.02212 8.03562 8.68111 8.15889 7.5506 7.90113 7.84873 7.33976 6.97252 6.753 6.91596 7.49353 7.73992 8.31378 9.15515 9.28517 9.27261 9.633 9.66135 9.68038 9.70448 9.71506 9.72298 9.72378 9.66702 9.52581 8.91581 8.38553 7.64325 7.56218 8.46048 8.86406 9.24067 9.50716 9.60196
-9999 -9999 -9999 -9999 -9999 -9999 -9999 3.97657 5.25894 6.6624 7.97708 9.22141 10.2933 10.3818 10.9502 10.9557 11.2565 11.1783 10.7895 10.3703 9.59155 7.99768 6.65809 5.19646 5.58805 7.21536 7.41841 6.71656 5.41507 6.77121 8.26638 9.62234 10.3597 9.7944 10.3889 10.3488 9.96395 9.21791 8.05341 8.08507 7.2153 7.18706 7.64902 7.80609 7.74145 7.4684 7.02991 7.12323 7.47779 7.57721 8.10561 8.76097 9.40179 9.51873 9.64986 9.66602 9.67895 9.69974 9.71203 9.71001 9.68903 9.62901 9.11923 8.51094 8.14085 7.62719 7.57548 8.6041 9.0314 9.2756 9.50746 9.60613
-9999 -9999 -9999 -9999 -9999 -9999 -9999 -9999 5.12582 6.57573 7.65023 7.9439 8.89747 9.41527 9.81743 9.91146 11.0475 11.116 10.8717 10.4872 9.82381 8.6157 7.77542 6.37369 5.36744 5.78755 5.97028 6.34781 6.2443 6.85265 8.28982 9.78713 9.95682 9.01736 9.16533 9.37153 9.82397 9.60748 8.01742 7.21434 6.5496 7.03859 7.5527 7.68502 7.71997 7.63341 7.5426 7.35635 8.04223 8.55273 8.67999 9.12638 9.45884 9.55878 9.63676 9.6561 9.67554 9.6867 9.67905 9.67657 9.60716 9.43787 8.86614 7.47529 7.55246 7.41259 6.98829 7.99504 8.64821 9.21729 9.52528 9.61362
-9999 -9999 -9999 -9999 -9999 -9999 -9999 -9999 4.64264 6.31951 6.67833 6.6581 6.11091 6.37191 8.42958 8.84899 9.93883 10.971 10.9018 10.5247 9.90438 9.18708 8.07332 6.49621 5.24397 4.71147 6.06781 7.39501 7.67547 8.10599 8.98924 9.16271 8.20218 7.30219 7.8195 8.13451 9.31227 9.53442 9.31616 8.36197 7.26993 6.70471 7.3936 7.49461 7.54583 7.56452 7.56163 7.54671 8.31628 8.74865 9.05211 9.22258 9.50979 9.59175 9.62563 9.65807 9.66419 9.66101 9.62847 9.58998 9.38302 9.13024 8.18632 7.40139 6.91637 6.29776 7.73025 8.17201 8.78176 9.1765 9.48297 9.55948
