Test_Spring_2018b/03_18/Temp/20180327_001.txt
ncols	170
nrows	115
xllcorner	350000.000000
yllcorner	4445000.000000
cellsize	1000.000000
nodata_value	-9999.000000
[rows 32 to 63 of 115, columns 72 to 143 of 170]
9.15673 8.81015 9.3425 9.83259 9.53208 9.33038 10.138 10.1364 9.85926 9.21038 8.97127 8.72335 8.57073 7.73857 5.40699 3.30482 4.42804 4.45254 3.6721 5.0651 4.32548 2.4 -0.31718 1.15555 0.76877 -1.16248 -1.64253 -9999 -9999 -9999 -9999 -9999 -9999 -9999 -9999 -9999 -9999 -9999 -9999 -9999 -9999 -9999 -9999 -9999 -9999 -9999 -9999 -9999 -9999 -9999 -9999 -9999 -9999 -9999 -9999 -9999 -9999 -9999 -9999 -9999 -9999 -9999 -9999 -9999 -9999 -9999 -9999 -9999 -9999 -9999 -9999 -9999
8.69403 8.54442 9.33628 9.31844 9.26694 9.55116 10.0529 10.1514 10.0423 9.75845 9.51245 9.25082 8.58946 7.63777 5.64204 3.24951 2.70522 3.87297 3.92679 4.1124 3.43807 2.59162 1.26879 2.34703 2.76398 1.49173 -0.169561 -1.23688 -9999 -9999 -9999 -9999 -9999 -9999 -9999 -9999 -9999 -9999 -9999 -9999 -9999 -9999 -9999 -9999 -9999 -9999 -9999 -9999 -9999 -9999 -9999 -9999 -9999 -9999 -9999 -9999 -9999 -9999 -9999 -9999 -9999 -9999 -9999 -9999 -9999 -9999 -9999 -9999 -9999 -9999 -9999 -9999
8.14222 7.37177 7.84851 8.2062 8.86693 9.04167 9.13982 10.0843 10.0327 9.98738 9.58191 9.25727 8.72035 7.80436 6.50089 4.93176 2.201 3.88125 5.19636 5.16015 5.0854 4.49152 3.22045 4.27859 4.32539 2.69971 0.857916 -0.227506 -0.678368 -9999 -9999 -9999 -9999 -9999 -9999 -9999 -9999 -9999 -9999 -9999 -9999 -9999 -9999 -9999 -9999 -9999 -9999 -9999 -9999 -9999 -9999 -9999 -9999 -9999 -9999 -9999 -9999 -9999 -9999 -9999 -9999 -9999 -9999 -9999 -9999 -9999 -9999 -9999 -9999 -9999 -9999 -9999
7.51498 6.57416 7.05384 7.69437 8.59683 9.06497 9.422 9.70349 9.99058 9.95504 9.54013 8.31751 8.14147 8.08686 7.23367 5.44504 3.65862 3.1941 5.20147 5.77413 5.65419 6.10014 5.02283 5.52746 5.31611 4.73775 2.96198 1.34504 0.674284 -0.647794 -9999 -9999 -9999 -9999 -9999 -9999 -9999 -9999 -9999 -9999 -9999 -9999 -9999 -9999 -9999 -9999 -9999 -9999 -9999 -9999 -9999 -9999 -9999 -9999 -9999 -9999 -9999 -9999 -9999 -9999 -9999 -9999 -9999 -9999 -9999 -9999 -9999 -9999 -9999 -9999 -9999 -9999
-9999 -9999 5.98118 6.85172 7.57529 8.45888 9.22279 9.60447 9.97518 9.94386 9.11609 8.71038 8.67343 8.11389 7.12923 6.51038 5.38478 4.21197 4.65652 6.36773 5.60247 6.8137 6.70777 6.92758 6.11243 4.56862 2.50722 1.30438 0.703772 -0.368354 -9999 -9999 -9999 -9999 -9999 -9999 -9999 -9999 -9999 -9999 -9999 -9999 -9999 -9999 -9999 -9999 -9999 -9999 -9999 -9999 -9999 -9999 -9999 -9999 -9999 -9999 -9999 -9999 -9999 -9999 -9999 -9999 -9999 -9999 -9999 -9999 -9999 -9999 -9999 -9999 -9999 -9999
-9999 -9999 -9999 6.69074 7.24212 8.42484 9.036 9.28336 9.8822 9.8823 9.56795 9.33019 8.98567 8.53599 7.79552 6.97857 5.91976 5.81955 6.91327 6.92397 6.69189 6.86868 7.42856 7.2765 6.01358 3.84293 2.69316 0.356208 -0.644952 -0.546427 -1.25689 -9999 -9999 -9999 -9999 -9999 -9999 -9999 -9999 -9999 -9999 -9999 -9999 1.41445 -9999 -9999 -9999 -9999 -9999 -9999 -9999 -9999 -9999 -9999 -9999 -9999 -9999 -9999 -9999 -9999 -9999 -9999 -9999 -9999 -2.9252 -9999 -9999 -9999 -9999 -9999 -9999 -9999
-9999 -9999 6.58642 7.32243 7.89702 8.63817 8.70872 9.15076 9.83964 9.84859 9.62538 9.37319 8.80767 8.66627 8.24399 7.35719 7.17393 7.53007 7.69254 7.87683 7.98896 7.89204 7.66031 7.3617 6.54539 5.53558 4.85649 2.72143 1.64133 0.608185 -0.953382 -2.17558 -9999 -9999 -9999 -9999 -9999 -9999 -9999 0.60981 0.549631 0.574915 0.914148 1.85491 1.29782 -9999 -9999 -9999 -9999 -9999 -9999 -9999 -9999 -9999 -9999 -9999 -9999 -9999 -9999 -9999 -9999 -9999 -9999 -9999 -2.07324 -3.3048 -9999 -9999 -9999 -9999 -9999 -9999
-9999 -9999 6.78347 7.56035 7.94805 8.66806 9.07979 9.35005 9.58835 9.81598 9.77654 9.4977 9.07397 9.07515 8.49132 8.17547 7.9491 8.43164 8.52473 8.32708 8.07969 7.86032 7.24612 7.17156 6.96626 6.3236 5.27138 4.18728 2.62017 0.501222 -1.57666 -3.25315 -9999 -9999 -9999 -9999 -9999 -9999 0.786161 1.56773 2.03507 1.03463 1.88502 2.66194 2.53474 1.76877 -9999 -9999 -9999 -9999 -9999 -9999 -9999 -9999 -9999 -9999 -9999 -9999 -9999 -9999 3.76035 2.49877 -0.0461436 -1.35287 -2.13885 -3.25931 -9999 -9999 -9999 -9999 -9999 -9999
-9999 -9999 6.62749 7.54538 8.16716 8.71911 8.80717 9.3752 9.62014 9.74215 9.72682 9.67074 9.5917 9.08224 8.86203 8.09219 8.82459 8.7942 8.60541 7.86619 7.54369 6.27621 5.71615 5.5856 6.64393 5.8539 4.20929 2.15455 -0.31341 -0.48133 -1.30021 -2.79909 -9999 -9999 -9999 -9999 -9999 -9999 1.0271 1.86334 2.56095 2.66072 1.66626 3.04883 2.98635 2.20818 2.02897 2.66086 2.97953 2.7335 3.48494 3.70425 3.35929 3.73218 -9999 -9999 -9999 -9999 3.94208 3.98971 4.02456 3.49662 0.716646 -1.18369 -2.89096 -3.05722 -9999 -9999 -9999 -9999 -9999 -9999
-9999 -9999 7.26151 7.82665 8.11248 8.15881 8.65442 9.1513 9.45451 9.67545 9.63003 9.61109 9.59082 9.41575 9.01043 9.08115 9.04619 8.80796 7.40378 5.765 6.47429 5.50008 3.41823 5.10042 6.02344 5.12855 3.13631 0.827028 0.0679433 0.0919913 -1.04555 -2.5099 -9999 -9999 -9999 -1.26176 -0.063579 0.0390622 0.391136 1.50721 2.35569 2.99659 3.43087 3.41319 2.94591 2.18459 1.35725 1.64741 3.12602 3.48402 3.77891 4.00636 3.68603 3.84845 4.24246 4.44497 4.48413 4.38833 4.36417 4.39337 4.34252 3.84955 1.36345 -0.062281 -0.973968 -2.80762 -9999 -9999 -9999 -9999 -9999 -9999
-9999 -9999 6.90468 7.39618 7.79438 8.45415 8.52424 8.94282 9.19277 9.56066 9.60183 9.16926 9.52537 9.47809 9.40982 9.26629 9.05646 7.87091 6.23749 4.59968 3.84136 4.15961 2.90493 3.54029 4.47544 4.12769 2.90015 0.842188 0.548146 0.0659609 -1.84676 -3.68551 -9999 -9999 -3.58926 -1.28862 0.33093 1.16558 1.423 1.44616 2.51578 2.59787 3.74916 3.47525 1.94327 2.11151 1.51649 1.89747 2.43568 2.5815 3.35758 4.10393 4.2437 4.2449 4.49516 4.54496 4.55615 4.54718 4.37342 4.44857 4.45703 4.14813 2.34471 1.46261 0.488428 -2.78283 -9999 -9999 -9999 -9999 -9999 -9999
-9999 -9999 7.15368 7.70314 8.30504 8.40266 8.84884 8.80342 8.67845 9.30027 9.52667 9.22125 9.001 9.40444 9.37493 9.3193 9.22844 8.1141 6.82454 4.87355 3.65953 2.91591 2.38573 1.67371 2.15113 1.99814 1.795 2.01759 1.44831 0.316915 -0.803378 -2.89767 -4.03066 -9999 -3.46673 -2.42959 -0.502969 1.13422 2.17296 1.79723 3.01384 3.23784 3.93727 3.52205 2.58947 2.18603 2.1472 2.02224 2.83968 3.39012 3.77415 4.03192 4.35132 4.43182 4.5128 4.54553 4.56236 4.57918 4.57237 4.56283 4.52286 4.40417 3.57243 2.68994 0.792106 -2.6741 -9999 -9999 -9999 -9999 -9999 -9999
-9999 5.55189 7.08926 8.01098 8.36795 8.62576 8.85316 9.01795 9.19232 9.35394 9.46518 9.41665 8.60853 8.67347 8.81715 9.27357 9.23844 9.13503 8.42835 6.05504 5.23239 4.0281 2.47313 1.81818 2.13632 3.40113 3.33905 2.49266 1.55023 0.24873 -0.580604 -1.86537 -4.32899 -4.11066 -3.00548 -2.18336 -0.874464 1.12725 2.53003 3.15504 3.38993 3.88052 4.13479 3.5645 3.01995 2.79012 2.36735 2.30492 2.305 2.79786 3.17952 4.03927 4.32658 4.45488 4.52083 4.55556 4.58024 4.6042 4.61076 4.59125 4.58857 4.57769 4.5109 3.33982 0.416769 -1.78816 -9999 -9999 -9999 -9999 -9999 -9999
-9999 -9999 6.80343 7.2088 7.31502 7.50101 7.88166 8.32057 8.94355 9.02395 9.3664 9.3649 8.66817 7.86365 8.56238 8.83859 9.12443 9.13009 9.03601 7.03884 5.99231 5.16695 3.67548 4.20397 4.70733 4.74028 4.4275 2.61847 0.817029 -1.25988 -3.19925 -3.2958 -4.34102 -3.79369 -3.06438 -1.18795 0.132254 0.66675 1.05023 3.08515 3.61233 3.79062 4.30921 3.59531 3.40932 2.87162 3.02712 2.97718 2.97726 1.49443 2.97456 3.06044 4.0261 4.46032 4.55594 4.58147 4.60859 4.61136 4.61468 4.60739 4.61369 4.59409 4.57237 3.80912 0.104602 -1.76071 -9999 -9999 -9999 -9999 -9999 -9999
-9999 -9999 -9999 -9999 6.9312 7.24095 7.43985 7.78378 8.83718 9.12107 9.30976 9.32603 9.01564 8.21925 8.00855 8.15257 7.37393 8.01967 8.90426 8.87755 8.7647 7.00878 6.10609 6.96709 6.69751 5.37571 4.33437 3.30675 1.19843 -0.346866 -2.56891 -4.23817 -4.30448 -2.46983 -0.946456 0.952416 1.78947 1.31059 1.82623 2.83503 3.98181 4.53491 4.40117 3.64871 3.53784 2.71048 3.51694 3.58312 3.2036 2.87542 3.00062 3.47733 3.65832 4.4137 4.59565 4.62642 4.6309 4.63235 4.62693 4.61983 4.60617 4.59374 4.57802 4.5382 0.730263 -2.23598 -9999 -9999 -9999 -9999 -9999 -9999
-9999 -9999 -9999 -9999 6.2002 6.38913 6.8851 8.15777 8.82506 9.09474 9.08622 9.21095 8.99212 8.29153 7.57182 6.89239 6.01592 6.51266 7.83116 8.60618 8.68965 7.14963 7.94081 7.63568 7.04021 5.31324 4.03911 3.36111 1.33677 -0.397618 -1.87744 -3.91848 -3.05073 -2.09417 -0.864139 1.20756 2.6052 3.1785 2.69416 3.33891 4.65885 4.66377 3.93796 3.98211 3.5357 2.40628 3.5753 3.90207 3.63327 3.6996 3.59611 3.7725 4.09553 4.40468 4.6099 4.63651 4.63818 4.62977 4.62724 4.62475 4.60637 4.60303 4.58724 4.5622 2.10206 -2.29218 -9999 -9999 -9999 -9999 -9999 -9999
-9999 -9999 -9999 -9999 -9999 5.53554 6.66631 8.35545 8.77573 8.73823 9.08742 9.11786 8.78198 8.48993 7.61651 6.42295 4.13104 4.7112 5.92457 7.67524 8.59256 8.46247 7.94186 7.04416 4.88081 2.98689 2.75176 2.4371 0.958326 -0.378591 -2.02326 -1.07691 -0.0393472 1.09663 1.69259 1.53519 2.73253 3.70845 3.29167 4.083 5.00624 4.5841 4.33321 4.12205 3.60705 3.57302 3.62303 4.28574 3.82237 4.10293 4.10583 4.0883 4.24477 4.42527 4.61504 4.64506 4.64401 4.64541 4.62093 4.62573 4.61104 4.59582 4.58088 4.55859 4.33046 1.9595 0.540934 -9999 -9999 -9999 -9999 -9999
-9999 -9999 -9999 -9999 -9999 4.49213 5.05638 7.05663 7.6752 8.5593 9.02888 9.0508 8.48372 8.16691 6.86613 6.44291 4.32271 3.36084 4.17081 3.85482 6.26666 8.39988 7.92708 3.60378 2.03402 0.912743 1.19347 1.19071 0.775411 -1.49664 -2.12581 -0.099886 1.17484 2.16225 2.91105 3.06536 3.03789 4.56536 4.76659 5.26133 5.15105 5.19456 4.41989 3.93932 4.35058 3.86606 3.78076 4.46555 3.78561 4.3958 4.31933 4.13397 4.12313 4.52555 4.60614 4.64795 4.64885 4.63129 4.60867 4.594 4.60344 4.59306 4.5658 4.56153 4.53372 4.24407 3.01502 2.58127 3.04844 -9999 -9999 -9999
-9999 -9999 -9999 -9999 -9999 -9999 3.19069 5.97013 7.24063 7.90822 8.84782 8.96127 8.65887 8.1118 6.78669 5.62062 3.72508 1.55984 0.411066 3.83465 6.81329 8.36521 8.15343 4.55387 3.12972 3.05824 3.88804 3.17794 2.63842 0.910734 0.391825 -0.327366 0.110419 1.48749 2.6123 3.69797 4.48689 4.5497 5.06095 5.35316 5.37495 5.46468 5.37117 5.29425 4.5433 5.05481 4.61522 4.84423 4.69251 4.55557 4.43557 4.00794 4.30784 4.5734 4.64097 4.65993 4.6423 4.63663 4.62293 4.59497 4.57978 4.57384 4.56656 4.54765 4.5418 4.52011 4.37685 3.63499 2.64398 1.39371 -9999 -9999
-9999 -9999 -9999 -9999 -9999 -9999 1.8013 4.56698 5.90027 7.61586 8.49929 8.85554 8.80819 8.36469 7.35752 5.84147 4.57761 2.16085 -0.349097 3.24483 6.44547 8.17008 8.25653 5.2293 6.06105 5.37895 5.64674 4.40292 3.88362 3.47192 2.57854 1.60238 0.534462 -0.0316521 2.49734 3.79507 4.8391 5.33037 5.60714 5.74414 5.66708 5.47354 4.34667 5.20073 5.14878 5.0603 4.95947 4.90935 4.81808 4.71125 4.6453 4.62185 4.33753 4.65593 4.64661 4.64945 4.64921 4.63871 4.62018 4.60317 4.58236 4.57912 4.56221 4.54609 4.53302 4.5209 4.5058 4.45929 4.25783 2.58117 1.57608 1.28816
-9999 -9999 -9999 -9999 -9999 -9999 -2.08578 1.93742 5.17228 6.86085 8.23231 8.60985 8.75056 8.15554 7.70988 6.6226 5.59232 4.0035 1.62453 0.157914 2.84752 6.75851 8.19724 8.07754 7.98197 7.19445 6.48443 6.39067 6.43922 5.61392 4.41344 2.84765 2.35602 1.80585 3.68885 3.9424 3.80252 5.87326 5.87572 5.75549 4.95982 4.06938 4.23511 3.68176 4.09634 3.4379 4.03732 4.55524 4.74714 4.72863 4.65508 4.64325 4.61066 4.66383 4.66134 4.65068 4.64187 4.6359 4.62546 4.59823 4.58095 4.58562 4.56549 4.5485 4.52917 4.51966 4.50941 4.47366 4.44066 4.17803 3.78621 3.04226
-9999 -9999 -9999 -9999 -9999 -9999 -1.91385 1.47083 4.34074 6.0585 7.71337 8.09702 8.65494 8.53343 8.06652 7.12107 5.93981 4.6317 2.59033 1.07177 2.86914 5.46463 7.32147 7.98184 7.9703 7.92058 7.73887 7.66025 7.44993 7.29842 6.43719 4.9563 4.11943 2.8963 4.99495 5.22829 4.89722 5.94342 5.88829 4.29986 3.07784 2.92309 3.66402 2.95357 2.82243 2.37786 2.87261 4.20379 3.80985 3.88435 4.48448 4.58236 4.64312 4.65861 4.65267 4.64794 4.63561 4.63483 4.63364 4.60685 4.59237 4.58304 4.55576 4.54764 4.52682 4.50747 4.48889 4.46729 4.437 4.35849 4.2723 4.34861
-9999 -9999 -9999 -9999 -9999 -9999 -1.84648 0.429685 3.01209 5.5425 7.30949 8.0218 8.54002 8.53327 7.99057 7.51952 6.77804 5.62685 4.83584 3.46468 1.58396 4.72574 5.68614 6.54042 6.89718 7.78971 7.76287 7.34691 6.86397 7.30302 7.16678 5.9954 5.60825 4.95689 6.12284 6.12297 6.08793 6.02262 4.68021 2.81526 1.32398 2.39223 2.1655 2.65413 1.12403 2.373 3.37862 3.7029 3.01426 2.5031 4.07101 4.32824 4.48137 4.57886 4.64226 4.62458 4.63856 4.62698 4.61973 4.61167 4.59484 4.58296 4.56524 4.5469 4.52949 4.51212 4.48914 4.46153 4.45468 4.40811 4.38774 4.36646
-9999 -9999 -9999 -9999 -9999 -9999 -9999 -0.915468 2.35296 5.27562 6.90239 7.925 8.42246 8.41194 8.13344 7.81271 7.35181 6.52034 5.47626 3.82805 2.60322 3.37381 4.31466 4.41431 5.03825 6.85702 7.47527 6.58778 4.39883 5.6808 7.1141 7.08734 6.96156 6.82145 6.64304 6.48209 6.13321 5.20328 2.36006 1.79813 0.681006 0.804697 0.230102 1.47515 1.00133 2.28071 2.83344 3.0403 1.85158 2.09674 3.48656 4.0361 3.94262 4.27928 4.6 4.60873 4.61597 4.60536 4.60982 4.6096 4.60112 4.58357 4.56917 4.55733 4.52742 4.52261 4.41222 4.33876 4.19482 4.36223 4.37402 4.3752
-9999 -9999 -9999 -9999 -9999 -9999 -9999 -1.57561 1.69116 5.13302 6.23736 7.33962 8.2906 8.30751 7.88272 7.47829 7.06144 6.58685 5.32126 4.0936 2.9211 2.52473 2.75588 2.73059 3.74329 6.11448 6.56996 6.36938 4.08098 3.30528 5.22137 6.83139 6.95521 6.80591 4.90431 5.30599 4.27901 2.88715 2.50214 1.89139 0.603719 1.21938 0.275348 0.675959 0.560494 1.28552 1.63755 2.50069 1.46439 1.46331 2.82783 3.51597 3.53142 4.25389 4.51036 4.57621 4.59133 4.60148 4.60234 4.61128 4.60193 4.58838 4.57116 4.53326 4.44732 4.19032 2.80934 2.80681 3.17963 3.53228 4.17479 4.35277
-9999 -9999 -9999 -9999 -9999 -9999 -9999 -1.20207 1.0643 4.11794 6.37951 6.52028 7.61885 8.18494 7.72307 7.203 6.67068 6.43621 5.05921 3.54668 2.32372 0.876606 1.11025 2.14227 3.82997 5.3602 5.63027 5.30883 4.07846 4.65188 5.95749 6.64927 6.85106 6.68663 6.27019 6.02845 5.27142 4.9418 3.89151 2.25079 1.60287 2.00869 0.266954 0.385663 1.02588 0.334962 1.45825 1.99443 0.657028 1.71047 2.91821 3.5348 4.07372 4.32791 4.42818 4.58283 4.58507 4.59623 4.60122 4.59659 4.59395 4.56582 4.54183 4.39273 4.17414 2.88974 2.34993 2.45072 3.03891 3.55351 4.08912 4.30757
-9999 -9999 -9999 -9999 -9999 -9999 -9999 -0.820093 1.2201 3.86742 5.47925 5.76626 6.98452 8.06744 7.94409 7.40302 7.23633 6.67515 5.5069 4.21659 2.80636 2.11876 0.542684 2.08649 3.30393 4.59928 5.20307 4.19045 3.68223 4.57131 5.45537 5.80652 6.69982 6.68828 6.39321 5.13075 4.51378 4.77072 4.50415 4.03932 2.90913 2.85619 2.12919 1.82647 1.54041 0.611725 1.19612 1.25221 1.40802 2.67443 3.30205 3.7176 4.09545 4.19335 4.35665 4.56904 4.58601 4.59168 4.58854 4.5902 4.57191 4.50826 4.45399 4.15748 3.63478 2.66209 1.08531 2.18913 3.34354 3.68469 4.01543 4.18686
-9999 -9999 -9999 -9999 -9999 -9999 -9999 -1.17246 0.994737 3.25686 4.20161 4.36047 6.56659 7.91652 7.91659 7.65877 7.35784 5.97588 6.05376 5.77466 4.50227 2.6503 0.616539 0.803013 2.00647 3.71732 4.28114 2.61232 2.02179 2.44962 3.78821 4.98625 6.2375 6.55307 6.1821 4.21845 2.13195 3.09574 4.12577 4.11743 3.81183 2.76355 2.42889 2.1257 1.36018 0.0621214 0.246824 0.603494 2.04101 2.49583 3.1997 3.784 3.56116 3.68863 4.24756 4.56745 4.57766 4.58137 4.58979 4.58009 4.55841 4.43445 4.30318 4.0846 2.7272 1.88187 0.650321 2.07288 2.8589 3.27267 4.02108 4.19711
-9999 -9999 -9999 -9999 -9999 -9999 -9999 -1.84832 -0.276248 1.88567 2.7558 4.14482 6.22935 7.25344 7.74306 7.72972 7.52824 6.90784 6.53351 5.79861 4.47518 2.66664 0.656524 -0.653505 0.00649724 2.30848 2.84867 1.31083 0.528307 1.49429 2.92101 5.03546 6.24224 6.40253 6.29011 5.88291 4.35881 2.51804 2.5217 3.44106 2.66718 1.76815 2.25876 2.16502 1.40922 0.858804 0.515989 0.721622 1.5388 1.87722 2.69065 3.89215 4.06269 4.02672 4.53153 4.555 4.5649 4.58198 4.57923 4.57231 4.5547 4.45326 4.22901 3.32479 2.53582 1.43922 1.30094 2.56424 3.11535 3.62606 3.99174 4.10889
-9999 -9999 -9999 -9999 -9999 -9999 -9999 -3.00868 -1.15892 0.866022 2.76188 4.55537 6.09858 6.21571 7.02836 7.02477 7.4491 7.32388 6.74837 6.12894 4.98823 2.66603 0.712625 -1.41755 -0.861026 1.48821 1.78533 0.755366 -1.14394 0.809263 2.96381 4.91631 5.97182 5.1385 5.98623 5.91345 5.34065 4.24379 2.53988 2.56959 1.29217 1.23431 1.88677 2.09698 1.98558 1.57192 0.909099 1.01667 1.51031 1.63563 2.38302 3.31469 4.2255 4.37703 4.54927 4.55488 4.55581 4.56804 4.56779 4.54659 4.49762 4.39176 3.63355 2.73222 2.17588 1.41113 1.31585 2.77389 3.35399 3.67299 3.9887 4.11163
-9999 -9999 -9999 -9999 -9999 -9999 -9999 -9999 -1.35312 0.738773 2.2861 2.70114 4.07249 4.81183 5.3833 5.50789 7.14295 7.23031 6.8643 6.29504 5.32162 3.55862 2.32897 0.285521 -1.18452 -0.590919 -0.318389 0.216115 0.0531393 0.921952 2.99208 5.14913 5.38133 4.00536 4.2055 4.48973 5.1306 4.80142 2.48071 1.30049 0.320493 1.01266 1.74096 1.91551 1.94866 1.80547 1.63621 1.34763 2.32289 3.04402 3.20976 3.8383 4.30187 4.42856 4.52355 4.53365 4.54393 4.5422 4.51312 4.4914 4.37246 4.10848 3.2608 1.22538 1.31777 1.09526 0.460166 1.88584 2.78019 3.58474 4.01098 4.11903
-9999 -9999 -9999 -9999 -9999 -9999 -9999 -9999 -2.05453 0.366058 0.875584 0.835267 0.0307551 0.397575 3.36876 3.96488 5.53281 7.01716 6.90481 6.34624 5.43523 4.3837 2.75752 0.459751 -1.36701 -2.14392 -0.188961 1.72973 2.12313 2.73388 4.00071 4.23836 2.83185 1.51287 2.24823 2.69009 4.38238 4.68908 4.35707 2.95794 1.35864 0.522749 1.50457 1.63387 1.69069 1.70012 1.66614 1.61671 2.7146 3.32233 3.7433 3.97164 4.36941 4.46982 4.50072 4.5297 4.52064 4.49817 4.43314 4.3594 4.04132 3.65659 2.26969 1.11295 0.390675 -0.525584 1.53126 2.1381 2.97767 3.52199 3.9461 4.03703
