Test_Spring_2018b/03_18/Temp/20180313_006.txt
ncols	170
nrows	115
xllcorner	350000.000000
yllcorner	4445000.000000
cellsize	1000.000000
nodata_value	-9999.000000
[rows 32 to 63 of 115, columns 72 to 143 of 170]
10.9183 10.6253 11.0717 11.4825 11.2217 11.0479 11.7225 11.7196 11.485 10.9378 10.7355 10.526 10.3968 9.69597 7.73349 5.96414 6.90899 6.92932 6.27232 7.44424 6.82158 5.201 2.91419 4.15308 3.82719 2.19967 1.7954 -9999 -9999 -9999 -9999 -9999 -9999 -9999 -9999 -9999 -9999 -9999 -9999 -9999 -9999 -9999 -9999 -9999 -9999 -9999 -9999 -9999 -9999 -9999 -9999 -9999 -9999 -9999 -9999 -9999 -9999 -9999 -9999 -9999 -9999 -9999 -9999 -9999 -9999 -9999 -9999 -9999 -9999 -9999 -9999 -9999
10.5275 10.4003 11.0651 11.0485 11.0001 11.2323 11.6496 11.7309 11.6378 11.3977 11.1896 10.9685 10.4113 9.60979 7.92991 5.91623 5.45788 6.44025 6.48529 6.64126 6.07359 5.36106 4.24765 5.15467 5.5052 4.43554 3.03404 2.13197 -9999 -9999 -9999 -9999 -9999 -9999 -9999 -9999 -9999 -9999 -9999 -9999 -9999 -9999 -9999 -9999 -9999 -9999 -9999 -9999 -9999 -9999 -9999 -9999 -9999 -9999 -9999 -9999 -9999 -9999 -9999 -9999 -9999 -9999 -9999 -9999 -9999 -9999 -9999 -9999 -9999 -9999 -9999 -9999
10.0619 9.41219 9.81188 10.1113 10.6599 10.7989 10.8798 11.6731 11.6283 11.5889 11.2466 10.9725 10.5199 9.74843 8.65106 7.33026 5.03206 6.44572 7.55217 7.52152 7.45846 6.95854 5.88877 6.77897 6.81812 5.45085 3.89369 2.98058 2.60147 -9999 -9999 -9999 -9999 -9999 -9999 -9999 -9999 -9999 -9999 -9999 -9999 -9999 -9999 -9999 -9999 -9999 -9999 -9999 -9999 -9999 -9999 -9999 -9999 -9999 -9999 -9999 -9999 -9999 -9999 -9999 -9999 -9999 -9999 -9999 -9999 -9999 -9999 -9999 -9999 -9999 -9999 -9999
9.53287 8.73981 9.14192 9.67928 10.4342 10.8204 11.1159 11.3512 11.5913 11.5601 11.2098 10.18 10.031 9.98441 9.26594 7.76046 6.25694 5.86586 7.55489 8.03668 7.93568 8.31085 7.40421 7.82873 7.65074 7.16367 5.66695 4.30306 3.73897 2.62684 -9999 -9999 -9999 -9999 -9999 -9999 -9999 -9999 -9999 -9999 -9999 -9999 -9999 -9999 -9999 -9999 -9999 -9999 -9999 -9999 -9999 -9999 -9999 -9999 -9999 -9999 -9999 -9999 -9999 -9999 -9999 -9999 -9999 -9999 -9999 -9999 -9999 -9999 -9999 -9999 -9999 -9999
-9999 -9999 8.23811 8.96623 9.5703 10.3092 10.9468 11.2663 11.5767 11.5489 10.8511 10.5087 10.4767 10.0052 9.17613 8.65503 7.70763 6.72061 7.09464 8.53459 7.89066 8.90991 8.82076 9.0057 8.31972 7.01647 5.28342 4.26801 3.763 2.86125 -9999 -9999 -9999 -9999 -9999 -9999 -9999 -9999 -9999 -9999 -9999 -9999 -9999 -9999 -9999 -9999 -9999 -9999 -9999 -9999 -9999 -9999 -9999 -9999 -9999 -9999 -9999 -9999 -9999 -9999 -9999 -9999 -9999 -9999 -9999 -9999 -9999 -9999 -9999 -9999 -9999 -9999
-9999 -9999 -9999 8.82955 9.28868 10.2818 10.7882 10.9945 11.4967 11.4952 11.2294 11.0282 10.7374 10.3583 9.73468 9.04692 8.1558 8.07145 8.99186 9.00098 8.80582 8.95471 9.42595 9.29806 8.23515 6.40491 5.43753 3.46927 2.62725 2.71061 2.11324 -9999 -9999 -9999 -9999 -9999 -9999 -9999 -9999 -9999 -9999 -9999 -9999 4.37178 -9999 -9999 -9999 -9999 -9999 -9999 -9999 -9999 -9999 -9999 -9999 -9999 -9999 -9999 -9999 -9999 -9999 -9999 -9999 -9999 0.752697 -9999 -9999 -9999 -9999 -9999 -9999 -9999
-9999 -9999 8.74528 9.35731 9.83854 10.4599 10.5146 10.8812 11.459 11.4648 11.2755 11.0621 10.5853 10.4656 10.1098 9.36329 9.20901 9.50879 9.64569 9.80101 9.89564 9.81434 9.61956 9.36845 8.67785 7.82831 7.25705 5.46204 4.55025 3.68135 2.36781 1.33988 -9999 -9999 -9999 -9999 -9999 -9999 -9999 3.68951 3.63985 3.66217 3.94872 4.74149 4.27387 -9999 -9999 -9999 -9999 -9999 -9999 -9999 -9999 -9999 -9999 -9999 -9999 -9999 -9999 -9999 -9999 -9999 -9999 -9999 1.46772 0.433288 -9999 -9999 -9999 -9999 -9999 -9999
-9999 -9999 8.9053 9.5566 9.88029 10.4836 10.8274 11.0471 11.2455 11.4352 11.4004 11.1644 10.8069 10.8071 10.3154 10.0495 9.85903 10.2653 10.344 10.178 9.97029 9.78609 9.2696 9.20713 9.03102 8.49047 7.60527 6.6932 5.37304 3.59047 1.84246 0.432236 -9999 -9999 -9999 -9999 -9999 -9999 3.83606 4.49464 4.88888 4.04805 4.76473 5.41962 5.31375 4.67118 -9999 -9999 -9999 -9999 -9999 -9999 -9999 -9999 -9999 -9999 -9999 -9999 -9999 -9999 6.36756 5.30758 3.16783 2.07009 1.41065 0.469804 -9999 -9999 -9999 -9999 -9999 -9999
-9999 -9999 8.77351 9.54317 10.0635 10.525 10.5962 11.0683 11.2702 11.3708 11.3561 11.3075 11.2399 10.8105 10.6248 9.97687 10.5934 10.5681 10.4098 9.78832 9.51752 8.45151 7.9807 7.86787 8.75878 8.09427 6.7106 4.98178 2.90206 2.76276 2.07418 0.813404 -9999 -9999 -9999 -9999 -9999 -9999 4.0378 4.74239 5.33039 5.41538 4.57965 5.74419 5.69346 5.03995 4.89045 5.42345 5.69283 5.4873 6.1232 6.30874 6.01938 6.33403 -9999 -9999 -9999 -9999 6.51555 6.55695 6.58778 6.14518 3.80769 2.21053 0.775931 0.63973 -9999 -9999 -9999 -9999 -9999 -9999
-9999 -9999 9.3066 9.7791 10.0164 10.0521 10.4659 10.8778 11.1287 11.3117 11.2716 11.2543 11.2361 11.0881 10.7468 10.8063 10.7772 10.5773 9.39634 8.01808 8.61568 7.79682 6.0425 7.45854 8.23565 7.48295 5.80677 3.86376 3.22218 3.24428 2.28753 1.05715 -9999 -9999 -9999 2.10949 3.11844 3.20559 3.50274 4.44287 5.15791 5.69698 6.06353 6.04906 5.65844 5.01912 4.32423 4.56967 5.8151 6.11749 6.36925 6.56156 6.29282 6.43065 6.76292 6.93407 6.96785 6.88819 6.86897 6.89484 6.85354 6.4404 4.34998 3.15228 2.38726 0.847783 -9999 -9999 -9999 -9999 -9999 -9999
-9999 -9999 9.00455 9.41487 9.74653 10.2978 10.3533 10.7022 10.9068 11.2128 11.2454 10.8798 11.1784 11.1379 11.0802 10.9596 10.7834 9.78653 8.41289 7.03563 6.39843 6.66448 5.60934 6.14458 6.93195 6.63978 5.60863 3.8771 3.62983 3.22179 1.61377 0.0668499 -9999 -9999 0.149141 2.08567 3.44917 4.15231 4.36982 4.39031 5.29147 5.36172 6.33172 6.10189 4.81523 4.95814 4.45728 4.77913 5.23389 5.35768 6.012 6.64277 6.76107 6.76269 6.97388 7.01642 7.02656 7.01989 6.87473 6.93925 6.94788 6.68967 5.17404 4.43386 3.61745 0.86704 -9999 -9999 -9999 -9999 -9999 -9999
-9999 -9999 9.21214 9.67095 10.1738 10.2522 10.6241 10.5828 10.4717 10.9922 11.1797 10.921 10.7344 11.0733 11.0482 11.0017 10.9258 9.989 8.9049 7.26429 6.24381 5.61676 5.17135 4.57417 4.97652 4.84825 4.67764 4.86518 4.38635 3.43214 2.4898 0.728754 -0.224315 -9999 0.251027 1.12431 2.74619 4.12465 4.99966 4.68452 5.70942 5.89913 6.48844 6.14032 5.35803 5.02056 4.9892 4.88526 5.57421 6.0372 6.36154 6.57926 6.85025 6.91849 6.98712 7.01518 7.02997 7.04492 7.04019 7.03342 7.00131 6.90321 6.20531 5.46577 3.87122 0.956941 -9999 -9999 -9999 -9999 -9999 -9999
-9999 7.86926 9.15759 9.92933 10.2257 10.4386 10.626 10.7609 10.9018 11.035 11.1261 11.0829 10.4017 10.4556 10.5764 10.9608 10.932 10.8461 10.2526 8.2568 7.56398 6.55258 5.24508 4.69479 4.96315 6.02796 5.97607 5.26407 4.47114 3.37398 2.67641 1.59562 -0.476464 -0.292438 0.637947 1.33025 2.43232 4.11752 5.29888 5.8259 6.02475 6.43841 6.65366 6.17575 5.71996 5.528 5.17359 5.12228 5.12343 5.5391 5.86128 6.58445 6.82686 6.93651 6.99237 7.02202 7.04331 7.06419 7.07067 7.05549 7.05477 7.04742 6.99391 6.01086 3.55402 1.70121 -9999 -9999 -9999 -9999 -9999 -9999
-9999 -9999 8.91666 9.25361 9.3387 9.49091 9.807 10.1723 10.6906 10.7552 11.0408 11.0374 10.4496 9.77196 10.3599 10.5927 10.8341 10.8401 10.7623 9.08247 8.20314 7.50983 6.25586 6.70149 7.12577 7.15401 6.89117 5.3691 3.85329 2.10371 0.472063 0.391099 -0.488162 -0.0268294 0.58722 2.16668 3.27824 3.72881 4.05246 5.76593 6.21047 6.36224 6.80006 6.20078 6.04673 5.59575 5.72797 5.68717 5.68831 4.44144 5.68791 5.76072 6.57372 6.93893 7.02055 7.04235 7.06563 7.06861 7.07232 7.0674 7.07424 7.05998 7.04424 6.40448 3.28984 1.72296 -9999 -9999 -9999 -9999 -9999 -9999
-9999 -9999 -9999 -9999 9.01474 9.27088 9.43383 9.719 10.5994 10.8351 10.9913 11.0029 10.7403 10.0693 9.89201 10.0137 9.35947 9.90438 10.6496 10.6286 10.535 9.05872 8.3003 9.02577 8.79968 7.68795 6.81203 5.9475 4.17343 2.87125 1.00169 -0.40272 -0.458265 1.08588 2.36834 3.96666 4.67164 4.26947 4.70436 5.55445 6.52076 6.98762 6.87657 6.24489 6.15406 5.45938 6.13939 6.19632 5.87802 5.60274 5.709 6.11063 6.26329 6.8992 7.05257 7.07891 7.08307 7.08489 7.08121 7.07643 7.06685 7.05842 7.04752 7.01658 3.815 1.3218 -9999 -9999 -9999 -9999 -9999 -9999
-9999 -9999 -9999 -9999 8.39862 8.55299 8.96581 10.0324 10.5879 10.8116 10.8017 10.9046 10.7191 10.1289 9.52317 8.95201 8.21541 8.63465 9.74557 10.3992 10.4709 9.1764 9.8434 9.58763 9.08734 7.63468 6.56288 5.99253 4.2891 2.82784 1.58282 -0.134482 0.595939 1.40115 2.43657 4.1804 5.3571 5.84037 5.43378 5.97754 7.08961 7.09523 6.48601 6.5247 6.15154 5.20269 6.18781 6.46402 6.23888 6.29555 6.20933 6.35821 6.63034 6.89071 7.06361 7.08627 7.0881 7.08159 7.08032 7.07957 7.06578 7.065 7.05407 7.0356 4.96822 1.27345 -9999 -9999 -9999 -9999 -9999 -9999
-9999 -9999 -9999 -9999 -9999 7.83368 8.78069 10.1977 10.5454 10.5106 10.8018 10.8254 10.5414 10.295 9.55996 8.55615 6.62851 7.11797 8.14044 9.61512 10.3885 10.2804 9.84359 9.08921 7.26958 5.67646 5.47896 5.21436 3.97001 2.84321 1.45946 2.25598 3.12927 4.08543 4.58726 4.45528 5.46345 6.28549 5.93581 6.60294 7.38122 7.0275 6.81795 6.64183 6.21095 6.18387 6.22736 6.78625 6.39737 6.63429 6.63757 6.62324 6.75519 6.90728 7.06715 7.09266 7.09216 7.09391 7.07419 7.0795 7.06881 7.05803 7.04781 7.03165 6.84247 4.85026 3.65942 -9999 -9999 -9999 -9999 -9999
-9999 -9999 -9999 -9999 -9999 6.95473 7.42513 9.1041 9.61869 10.3595 10.7521 10.7686 10.2901 10.023 8.92816 8.57259 6.78945 5.9812 6.66419 6.39978 8.43076 10.2272 9.83059 6.19362 4.87349 3.93054 4.16714 4.165 3.81556 1.90184 1.3726 3.07756 4.15041 4.98153 5.61197 5.74229 5.7198 7.00593 7.17637 7.59394 7.50254 7.54067 6.89038 6.48756 6.83611 6.42993 6.35955 6.937 6.36587 6.88015 6.81663 6.66107 6.65222 6.99105 7.05906 7.09449 7.0957 7.08148 7.06331 7.05226 7.06185 7.05512 7.0345 7.03347 7.0128 6.77195 5.74054 5.37834 5.77418 -9999 -9999 -9999
-9999 -9999 -9999 -9999 -9999 -9999 5.85452 8.18938 9.25267 9.8115 10.5997 10.6933 10.4373 9.97642 8.8614 7.88068 6.28653 4.46574 3.5002 6.3825 8.89039 10.1976 10.0206 6.99263 5.79503 5.73546 6.43411 5.83678 5.38283 3.92714 3.4907 2.88569 3.25427 4.41311 5.36017 6.2742 6.93869 6.99234 7.42352 7.67088 7.69061 7.76762 7.69049 7.62732 6.99788 7.42983 7.06128 7.25518 7.12851 7.01408 6.91395 6.55452 6.80718 7.03087 7.08794 7.10441 7.08991 7.08572 7.07506 7.05274 7.04171 7.03866 7.03478 7.02136 7.01909 7.00363 6.88582 6.26426 5.433 4.38348 -9999 -9999
-9999 -9999 -9999 -9999 -9999 -9999 4.68482 7.00839 8.12467 9.56559 10.3052 10.6042 10.5634 10.1897 9.34217 8.0669 7.0042 4.97166 2.8609 5.88639 8.58067 10.0331 10.107 7.56062 8.26129 7.68791 7.91365 6.86723 6.43033 6.08197 5.33044 4.50922 3.61048 3.13473 5.26319 6.35569 7.23486 7.64905 7.88292 7.99933 7.93571 7.7749 6.82818 7.54836 7.50711 7.43412 7.3506 7.30958 7.23376 7.14466 7.09003 7.07074 6.83181 7.10035 7.0929 7.09552 7.0957 7.08748 7.07279 7.05967 7.04364 7.04215 7.03099 7.01981 7.01135 7.00381 6.99372 6.95719 6.79021 5.38179 4.53839 4.29917
-9999 -9999 -9999 -9999 -9999 -9999 1.41341 4.7955 7.51 8.92864 10.0817 10.398 10.5155 10.0144 9.63934 8.7248 7.85857 6.5226 4.52192 3.28906 5.55345 8.84574 10.0569 9.95707 9.87741 9.21531 8.61826 8.53963 8.58062 7.88416 6.87375 5.55648 5.14354 4.68088 6.26577 6.47963 6.36257 8.10587 8.10891 8.00885 7.34052 6.59253 6.73334 6.27004 6.62134 6.06868 6.57435 7.01129 7.17373 7.15895 7.09797 7.08909 7.06192 7.10723 7.10534 7.09667 7.0897 7.08534 7.07747 7.05574 7.04265 7.04828 7.03255 7.02033 7.00788 7.00239 6.99623 6.96861 6.94325 6.7246 6.39713 5.77413
-9999 -9999 -9999 -9999 -9999 -9999 1.55551 4.3977 6.81026 8.25459 9.64552 9.96713 10.4358 10.3331 9.94022 9.14497 8.15159 7.05171 5.33497 4.05828 5.57191 7.75693 9.3205 9.87706 9.86735 9.8261 9.67364 9.60727 9.4305 9.3009 8.57657 7.33135 6.62745 5.59855 7.36494 7.56183 7.28391 8.16508 8.11964 6.78409 5.75697 5.62799 6.25281 5.65628 5.54832 5.17655 5.59408 6.71533 6.38562 6.44905 6.95497 7.03774 7.08963 7.10293 7.09823 7.09462 7.08476 7.08481 7.08474 7.06336 7.05259 7.04637 7.02523 7.01954 7.00414 6.99015 6.97847 6.96259 6.93938 6.87551 6.80481 6.87206
-9999 -9999 -9999 -9999 -9999 -9999 1.61183 3.52124 5.69216 7.82065 9.30614 9.90447 10.3398 10.3338 9.87709 9.48098 8.85759 7.88963 7.22492 6.07213 4.49058 7.13538 7.94434 8.664 8.96445 9.71612 9.69403 9.34436 8.93476 9.3047 9.19116 8.20584 7.88043 7.33273 8.31432 8.31499 8.28619 8.23205 7.10337 5.5351 4.28135 5.18146 4.9919 5.40441 4.11921 5.17232 6.01969 6.2936 5.71601 5.28661 6.60697 6.8244 6.95363 7.03601 7.08974 7.07532 7.08766 7.07866 7.07351 7.06788 7.05506 7.04661 7.03342 7.01985 7.00626 6.99377 6.97654 6.95483 6.95128 6.91596 6.90087 6.88592
-9999 -9999 -9999 -9999 -9999 -9999 -9999 2.38878 5.13822 7.59603 8.96367 9.82324 10.2412 10.232 9.99765 9.72799 9.34061 8.6416 7.7638 6.37774 5.34799 5.99736 6.78978 6.87436 7.40014 8.93123 9.452 8.70561 6.8611 7.9411 9.14765 9.12553 9.02008 8.90261 8.75247 8.61763 8.32475 7.54305 5.15145 4.68018 3.74128 3.84655 3.36425 4.41335 4.01701 5.09478 5.56099 5.73603 4.73662 4.94414 6.11488 6.57784 6.49966 6.78343 7.05452 7.06239 7.06912 7.06098 7.06567 7.06661 7.06078 7.04677 7.03625 7.02802 7.00362 7.00162 6.91072 6.85094 6.73186 6.87477 6.88668 6.89049
-9999 -9999 -9999 -9999 -9999 -9999 -9999 1.83374 4.58111 7.47606 8.40429 9.33103 10.1307 10.1447 9.78723 9.44712 9.09675 8.69797 7.6337 6.60143 5.61564 5.28296 5.47832 5.45752 6.31043 8.3064 8.69025 8.52194 6.59452 5.94236 7.55525 8.91055 9.01523 8.89009 7.29048 7.62911 6.76565 5.59524 5.27219 4.75926 3.67679 4.19597 3.40272 3.74094 3.64635 4.25756 4.55481 5.28206 4.41087 4.41123 5.56072 6.14034 6.15388 6.76235 6.97872 7.03475 7.04817 7.05752 7.0592 7.0678 7.06117 7.05114 7.03815 7.00786 6.93725 6.72168 5.5615 5.56125 5.87686 6.17548 6.71911 6.87047
-9999 -9999 -9999 -9999 -9999 -9999 -9999 2.1474 4.05322 6.62173 8.52394 8.64174 9.56576 10.0419 9.65327 9.21585 8.76828 8.57151 7.41343 6.14139 5.11308 3.89617 4.0936 4.96283 6.38339 7.67175 7.89963 7.6297 6.59262 7.07582 8.17509 8.75779 8.92816 8.79038 8.44057 8.23782 7.60154 7.32499 6.44208 5.06241 4.51821 4.86074 3.39614 3.49707 4.0368 3.45798 4.40417 4.85623 3.73164 4.62005 5.63698 6.15643 6.61049 6.82497 6.90994 7.04073 7.04335 7.05356 7.05871 7.05587 7.05483 7.03245 7.01366 6.88969 6.70733 5.62816 5.1745 5.26104 5.75774 6.19249 6.64596 6.83133
-9999 -9999 -9999 -9999 -9999 -9999 -9999 2.46801 4.18375 6.41056 7.7662 8.0072 9.03204 9.94317 9.83943 9.38435 9.24446 8.77274 7.79028 6.7052 5.51927 4.94146 3.61603 4.91592 5.9408 7.03154 7.54031 6.68634 6.25951 7.00841 7.75305 8.04922 8.80159 8.79253 8.54491 7.48329 6.96489 7.18191 6.95846 6.56823 5.61814 5.57456 4.96376 4.70997 4.47017 3.69126 4.1839 4.23193 4.36443 5.43147 5.96024 6.31053 6.62909 6.71208 6.85014 7.02954 7.04457 7.05018 7.04846 7.05088 7.03661 6.98427 6.93991 6.69179 6.25339 5.43639 4.10993 5.04038 6.0134 6.30208 6.58304 6.72871
-9999 -9999 -9999 -9999 -9999 -9999 -9999 2.17053 3.99336 5.89622 6.69068 6.82399 8.68019 9.81609 9.81625 9.59955 9.34671 8.18431 8.25045 8.01627 6.94633 5.38872 3.67817 3.83592 4.84913 6.28951 6.76471 5.35866 4.86265 5.22352 6.35075 7.35966 8.41332 8.67961 8.36819 6.71657 4.96159 5.77341 6.641 6.63485 6.37857 5.49734 5.21661 4.96234 4.319 3.22865 3.38546 3.68636 4.89809 5.28148 5.87442 6.36672 6.17983 6.28772 6.75871 7.0286 7.03795 7.04189 7.04989 7.0427 7.02552 6.92236 6.81311 6.63046 5.48958 4.77963 3.7446 4.94202 5.60492 5.95579 6.58692 6.73636
-9999 -9999 -9999 -9999 -9999 -9999 -9999 1.6007 2.92293 4.74162 5.47344 6.64202 8.39601 9.2578 9.66997 9.65904 9.48991 8.96837 8.654 8.03629 6.92341 5.40238 3.71176 2.61027 3.16655 5.10411 5.56006 4.26382 3.60635 4.42017 5.62167 7.40182 8.41817 8.55387 8.46008 8.11823 6.83652 5.28834 5.29223 6.06666 5.41626 4.66054 5.07417 4.99606 4.36081 3.89837 3.6124 3.7867 4.47586 4.76126 5.44637 6.45804 6.60217 6.57255 6.99801 7.01847 7.02756 7.04275 7.04131 7.03643 7.02262 6.93833 6.75076 5.99107 5.3284 4.4069 4.29185 5.35497 5.82017 6.25243 6.56141 6.66121
-9999 -9999 -9999 -9999 -9999 -9999 -9999 0.623039 2.1791 3.88267 5.47774 6.98678 8.28535 8.38402 9.06807 9.0654 9.42292 9.31812 8.83449 8.31398 7.3549 5.40168 3.75883 1.96728 2.43656 4.41398 4.66233 3.79679 2.19967 3.84435 5.6584 7.3024 8.19155 7.49123 8.20546 8.14506 7.66387 6.74167 5.30864 5.33439 4.26018 4.21221 4.76194 4.9395 4.84642 4.49898 3.94293 4.03534 4.45224 4.5583 5.18783 5.97242 6.73947 6.86763 7.01324 7.01868 7.0202 7.03129 7.03193 7.01499 6.97472 6.88665 6.24969 5.49234 5.02534 4.383 4.30403 5.53199 6.02038 6.29123 6.55808 6.66266
-9999 -9999 -9999 -9999 -9999 -9999 -9999 -9999 2.01447 3.77449 5.07638 5.42556 6.57959 7.2019 7.68308 7.78832 9.16471 9.23883 8.93155 8.45332 7.63508 6.15248 5.11875 3.40026 2.16433 2.66492 2.89238 3.34344 3.20754 3.93985 5.68299 7.49923 7.69569 6.53883 6.70818 6.94825 7.48836 7.21214 5.26002 4.26757 3.44357 4.02664 4.64009 4.78754 4.816 4.69607 4.55566 4.31516 5.13638 5.74376 5.8838 6.4133 6.804 6.91125 6.99184 7.00104 7.01043 7.00975 6.98609 6.96867 6.86948 6.64829 5.93596 4.22422 4.30304 4.1169 3.58361 4.78446 5.53816 6.21631 6.57609 6.66809
-9999 -9999 -9999 -9999 -9999 -9999 -9999 -9999 1.42291 3.45962 3.88828 3.85437 3.1775 3.48641 5.98696 6.48905 7.80901 9.05874 8.96498 8.49582 7.73018 6.84636 5.47906 3.54668 2.01069 1.3555 3.0016 4.61756 4.94999 5.46528 6.5326 6.73382 5.55145 4.44264 5.06245 5.43519 6.86007 7.11891 6.84021 5.66348 4.31825 3.61538 4.44206 4.55133 4.5996 4.60801 4.58037 4.54107 5.46633 5.97823 6.33301 6.52572 6.86103 6.94616 6.97282 6.99789 6.99098 6.97282 6.91888 6.85764 6.59082 6.26797 5.10184 4.12943 3.52264 2.75266 4.48452 4.99626 5.70474 6.16286 6.52079 6.59834
