Test_Spring_2018b/03_18/Temp/20180302_018.txt
ncols	170
nrows	115
xllcorner	350000.000000
yllcorner	4445000.000000
cellsize	1000.000000
nodata_value	-9999.000000
[rows 32 to 63 of 115, columns 72 to 143 of 170]
11.8259 11.4403 12.0059 12.5255 12.1729 11.9375 12.7931 12.7802 12.4693 11.7561 11.4867 11.2081 11.0328 10.1222 7.58853 5.30335 6.5098 6.52688 5.67255 7.1709 6.3605 4.26618 1.31463 2.89852 2.46925 0.357666 -0.170732 -9999 -9999 -9999 -9999 -9999 -9999 -9999 -9999 -9999 -9999 -9999 -9999 -9999 -9999 -9999 -9999 -9999 -9999 -9999 -9999 -9999 -9999 -9999 -9999 -9999 -9999 -9999 -9999 -9999 -9999 -9999 -9999 -9999 -9999 -9999 -9999 -9999 -9999 -9999 -9999 -9999 -9999 -9999 -9999 -9999
11.3292 11.1568 12.0033 11.9731 11.8965 12.1804 12.7051 12.8007 12.6719 12.3539 12.0772 11.7838 11.0579 10.0178 7.84774 5.2482 4.64946 5.90404 5.95271 6.14395 5.40413 4.47782 3.03564 4.19248 4.63331 3.24422 1.42779 0.256012 -9999 -9999 -9999 -9999 -9999 -9999 -9999 -9999 -9999 -9999 -9999 -9999 -9999 -9999 -9999 -9999 -9999 -9999 -9999 -9999 -9999 -9999 -9999 -9999 -9999 -9999 -9999 -9999 -9999 -9999 -9999 -9999 -9999 -9999 -9999 -9999 -9999 -9999 -9999 -9999 -9999 -9999 -9999 -9999
10.7363 9.89171 10.397 10.7733 11.4616 11.6257 11.7209 12.7324 12.6658 12.6061 12.1569 11.7953 11.2042 10.2028 8.78214 7.07394 4.10828 5.9176 7.33157 7.28259 7.19175 6.53877 5.15257 6.28761 6.32774 4.55678 2.53759 1.35289 0.855242 -9999 -9999 -9999 -9999 -9999 -9999 -9999 -9999 -9999 -9999 -9999 -9999 -9999 -9999 -9999 -9999 -9999 -9999 -9999 -9999 -9999 -9999 -9999 -9999 -9999 -9999 -9999 -9999 -9999 -9999 -9999 -9999 -9999 -9999 -9999 -9999 -9999 -9999 -9999 -9999 -9999 -9999 -9999
10.0619 9.03272 9.54109 10.2235 11.182 11.6624 12.0306 12.3243 12.6244 12.5754 12.116 10.7824 10.582 10.5132 9.57998 7.6342 5.69081 5.17835 7.34164 7.95172 7.81188 8.28445 7.10791 7.64369 7.40429 6.76821 4.82887 3.05928 2.3236 0.883054 -9999 -9999 -9999 -9999 -9999 -9999 -9999 -9999 -9999 -9999 -9999 -9999 -9999 -9999 -9999 -9999 -9999 -9999 -9999 -9999 -9999 -9999 -9999 -9999 -9999 -9999 -9999 -9999 -9999 -9999 -9999 -9999 -9999 -9999 -9999 -9999 -9999 -9999 -9999 -9999 -9999 -9999
-9999 -9999 8.38423 9.3082 10.0743 11.0105 11.8191 12.2212 12.6118 12.5674 11.6611 11.2119 11.1621 10.5468 9.4714 8.79199 7.56399 6.28479 6.75629 8.59881 7.76031 9.06122 8.93609 9.16343 8.27031 6.58352 4.34051 3.01916 2.35936 1.18936 -9999 -9999 -9999 -9999 -9999 -9999 -9999 -9999 -9999 -9999 -9999 -9999 -9999 -9999 -9999 -9999 -9999 -9999 -9999 -9999 -9999 -9999 -9999 -9999 -9999 -9999 -9999 -9999 -9999 -9999 -9999 -9999 -9999 -9999 -9999 -9999 -9999 -9999 -9999 -9999 -9999 -9999
-9999 -9999 -9999 9.1379 9.71774 10.9863 11.621 11.8776 12.515 12.5046 12.1541 11.8868 11.5042 11.008 10.197 9.30325 8.14763 8.02958 9.20382 9.20547 8.94407 9.12505 9.72053 9.54516 8.1674 5.80188 4.54659 1.99642 0.902904 1.00006 0.221755 -9999 -9999 -9999 -9999 -9999 -9999 -9999 -9999 -9999 -9999 -9999 -9999 3.01782 -9999 -9999 -9999 -9999 -9999 -9999 -9999 -9999 -9999 -9999 -9999 -9999 -9999 -9999 -9999 -9999 -9999 -9999 -9999 -9999 -1.78584 -9999 -9999 -9999 -9999 -9999 -9999 -9999
-9999 -9999 9.04798 9.82081 10.4306 11.2209 11.2771 11.7378 12.4726 12.4717 12.2199 11.9371 11.3154 11.153 10.6866 9.71742 9.50971 9.88575 10.0519 10.2414 10.3526 10.2371 9.97553 9.6413 8.74202 7.63793 6.89192 4.56897 3.3811 2.25306 0.553295 -0.778767 -9999 -9999 -9999 -9999 -9999 -9999 -9999 2.17496 2.10324 2.12426 2.48534 3.4978 2.889 -9999 -9999 -9999 -9999 -9999 -9999 -9999 -9999 -9999 -9999 -9999 -9999 -9999 -9999 -9999 -9999 -9999 -9999 -9999 -0.860285 -2.19812 -9999 -9999 -9999 -9999 -9999 -9999
-9999 -9999 9.25432 10.0826 10.4897 11.2566 11.6901 11.9571 12.2039 12.4397 12.3869 12.0753 11.6073 11.5994 10.9583 10.6074 10.3532 10.8662 10.9573 10.7333 10.4552 10.2071 9.53122 9.4393 9.20148 8.49451 7.34427 6.15965 4.44366 2.14 -0.11885 -1.94283 -9999 -9999 -9999 -9999 -9999 -9999 2.37504 3.21438 3.71379 2.62454 3.53908 4.37429 4.231 3.40052 -9999 -9999 -9999 -9999 -9999 -9999 -9999 -9999 -9999 -9999 -9999 -9999 -9999 -9999 5.47887 4.10757 1.34724 -0.0724696 -0.92818 -2.14568 -9999 -9999 -9999 -9999 -9999 -9999
-9999 -9999 9.09021 10.0707 10.7306 11.3151 11.3977 11.9947 12.2414 12.3628 12.3361 12.2658 12.171 11.6106 11.3634 10.5212 11.3051 11.263 11.049 10.2388 9.87931 8.49644 7.87899 7.72219 8.85625 7.98938 6.19749 3.96179 1.27104 1.07873 0.182559 -1.44931 -9999 -9999 -9999 -9999 -9999 -9999 2.63777 3.53638 4.28519 4.38706 3.30466 4.79567 4.72624 3.87905 3.68038 4.35985 4.70028 4.42666 5.23846 5.47131 5.09312 5.49176 -9999 -9999 -9999 -9999 5.6906 5.73618 5.76801 5.19078 2.17593 0.113599 -1.7394 -1.91857 -9999 -9999 -9999 -9999 -9999 -9999
-9999 -9999 9.78122 10.3792 10.6749 10.7115 11.2349 11.7547 12.0649 12.2946 12.2354 12.2054 12.1744 11.9762 11.5289 11.5969 11.5504 11.2836 9.75425 7.97049 8.72811 7.6604 5.39199 7.2009 8.18811 7.20732 5.03869 2.52702 1.68617 1.70138 0.460001 -1.13161 -9999 -9999 -9999 0.185466 1.47508 1.57914 1.95358 3.15539 4.06783 4.75255 5.21697 5.19129 4.68486 3.85614 2.95611 3.26588 4.86219 5.24539 5.56029 5.80207 5.45061 5.62472 6.0457 6.25914 6.29555 6.18574 6.15346 6.17899 6.11801 5.57866 2.87884 1.33026 0.338545 -1.64323 -9999 -9999 -9999 -9999 -9999 -9999
-9999 -9999 9.39881 9.91677 10.3338 11.0342 11.0967 11.5368 11.7907 12.1727 12.2072 11.7295 12.1061 12.0464 11.9642 11.8006 11.5651 10.273 8.49567 6.71304 5.88192 6.21315 4.8434 5.51891 6.51911 6.12683 4.78819 2.54831 2.21813 1.67845 -0.402791 -2.40317 -9999 -9999 -2.32569 0.156895 1.90268 2.79924 3.07137 3.09028 4.24233 4.32566 5.56666 5.26428 3.60505 3.78283 3.13118 3.53952 4.12266 4.27615 5.10996 5.91499 6.0613 6.05728 6.32255 6.37055 6.37652 6.36055 6.16614 6.24128 6.24439 5.90423 3.94657 2.98664 1.93169 -1.61122 -9999 -9999 -9999 -9999 -9999 -9999
-9999 -9999 9.67199 10.2523 10.8896 10.9812 11.4505 11.3875 11.2355 11.8972 12.1278 11.7878 11.5407 11.9692 11.9292 11.8611 11.7546 10.5399 9.13492 7.01335 5.68894 4.87095 4.28527 3.50342 4.00807 3.83007 3.59765 3.8261 3.19399 1.9515 0.727921 -1.54954 -2.78568 -9999 -2.19284 -1.07805 1.00017 2.76561 3.88369 3.471 4.78243 5.01966 5.77106 5.31684 4.30656 3.87022 3.82425 3.68491 4.56557 5.15471 5.56438 5.83897 6.18109 6.26285 6.34476 6.37412 6.38603 6.39778 6.38394 6.36724 6.31783 6.18352 5.27772 4.32095 2.2623 -1.49153 -9999 -9999 -9999 -9999 -9999 -9999
-9999 7.96193 9.60618 10.589 10.9605 11.225 11.457 11.6218 11.794 11.9565 12.0663 12.0012 11.1179 11.1801 11.328 11.8144 11.7685 11.6484 10.8746 8.29597 7.39371 6.07971 4.38481 3.66319 3.99509 5.35151 5.27139 4.34218 3.30909 1.88243 0.969999 -0.431396 -3.10824 -2.88119 -1.69346 -0.811494 0.59806 2.7582 4.27053 4.9414 5.19037 5.71581 5.98636 5.36874 4.77871 4.52638 4.06507 3.99366 3.98967 4.51885 4.92599 5.85028 6.15644 6.29085 6.35635 6.38772 6.40793 6.42724 6.4277 6.40008 6.39095 6.3733 6.29828 5.02605 1.85962 -0.528764 -9999 -9999 -9999 -9999 -9999 -9999
-9999 -9999 9.30035 9.72374 9.82339 10.0097 10.4072 10.8684 11.5261 11.6013 11.9612 11.949 11.1843 10.3055 11.0545 11.3461 11.6479 11.646 11.5356 9.36368 8.22054 7.31607 5.68978 6.24905 6.78121 6.80379 6.4519 4.48021 2.51677 0.250568 -1.86082 -1.97677 -3.12087 -2.5378 -1.75709 0.266135 1.68795 2.2599 2.66898 4.86633 5.43145 5.62264 6.18022 5.4038 5.20213 4.61684 4.78177 4.72409 4.72025 3.11079 4.70719 4.79536 5.83545 6.29893 6.39703 6.41827 6.44096 6.43716 6.43397 6.41946 6.41998 6.39472 6.36763 5.53728 1.52343 -0.497151 -9999 -9999 -9999 -9999 -9999 -9999
-9999 -9999 -9999 -9999 9.41041 9.73037 9.93082 10.2889 11.4125 11.7078 11.9011 11.9087 11.5637 10.6924 10.457 10.6057 9.75548 10.4468 11.3955 11.3572 11.2249 9.31308 8.32356 9.24319 8.93844 7.49425 6.35339 5.22726 2.93125 1.24037 -1.17737 -2.99612 -3.07896 -1.10313 0.53604 2.58351 3.48232 2.95736 3.50965 4.59748 5.83462 6.42957 6.28131 5.46347 5.3433 4.44471 5.31455 5.38272 4.96806 4.60858 4.73831 5.2495 5.44008 6.25195 6.44265 6.46925 6.46728 6.46191 6.44914 6.43476 6.41535 6.39677 6.37521 6.32814 2.20255 -1.00968 -9999 -9999 -9999 -9999 -9999 -9999
-9999 -9999 -9999 -9999 8.6214 8.81041 9.33227 10.6956 11.4011 11.681 11.6607 11.7857 11.5397 10.7731 9.98628 9.2437 8.28759 8.81756 10.2364 11.0662 11.1465 9.46841 10.3125 9.96977 9.31215 7.42922 6.03618 5.2883 3.08294 1.18725 -0.427275 -2.64876 -1.72067 -0.695581 0.626516 2.86064 4.36631 4.98066 4.4508 5.14407 6.56889 6.57068 5.78176 5.82652 5.34327 4.11788 5.38034 5.7307 5.43594 5.50352 5.38571 5.57172 5.91593 6.2446 6.46033 6.48238 6.47719 6.46105 6.45135 6.44267 6.41708 6.4084 6.3869 6.35597 3.68954 -1.0684 -9999 -9999 -9999 -9999 -9999 -9999
-9999 -9999 -9999 -9999 -9999 7.88853 9.09756 10.9116 11.3498 11.2971 11.664 11.6869 11.3142 10.9898 10.0367 8.73751 6.24922 6.86957 8.17472 10.0607 11.0438 10.8921 10.3162 9.33206 6.9772 4.91354 4.6452 4.29056 2.67568 1.21018 -0.582955 0.429322 1.54108 2.76027 3.39588 3.21704 4.50582 5.55592 5.09935 5.95142 6.94696 6.48661 6.21197 5.98051 5.42311 5.3836 5.43477 6.14882 5.64342 5.94284 5.94014 5.91611 6.07989 6.26917 6.46805 6.49369 6.4855 6.47993 6.44663 6.44556 6.42402 6.40256 6.38207 6.35423 6.10408 3.53644 1.99851 -9999 -9999 -9999 -9999 -9999
-9999 -9999 -9999 -9999 -9999 6.76118 7.35707 9.50806 10.1609 11.1059 11.6031 11.6167 10.9937 10.6425 9.22659 8.76127 6.45906 5.40962 6.27814 5.92703 8.52802 10.8265 10.3026 5.61025 3.8981 2.67096 2.96114 2.9442 2.4806 0.00276939 -0.691085 1.48982 2.85826 3.91656 4.71758 4.8763 4.83913 6.48645 6.69865 7.22971 7.1065 7.15029 6.30872 5.78566 6.23097 5.70379 5.60846 6.34635 5.60643 6.26258 6.17385 5.96801 5.95054 6.37994 6.46055 6.49887 6.49304 6.46685 6.43562 6.4135 6.41815 6.402 6.36823 6.35994 6.32668 6.0121 4.67929 4.20754 4.71108 -9999 -9999 -9999
-9999 -9999 -9999 -9999 -9999 -9999 5.3399 8.33462 9.69324 10.4039 11.41 11.5227 11.1858 10.5853 9.14309 7.87347 5.81433 3.46314 2.20982 5.90693 9.1216 10.791 10.5498 6.64112 5.08683 4.99633 5.88112 5.09869 4.50082 2.61231 2.03793 1.24726 1.70975 3.18961 4.39861 5.56517 6.41174 6.4735 7.02183 7.33274 7.35247 7.44625 7.34199 7.25584 6.44298 6.99392 6.51494 6.7593 6.59106 6.43829 6.30229 5.83403 6.15284 6.434 6.50045 6.51507 6.48857 6.47532 6.45382 6.41746 6.3954 6.38411 6.37199 6.34785 6.33831 6.31374 6.15621 5.35077 4.27564 2.91978 -9999 -9999
-9999 -9999 -9999 -9999 -9999 -9999 3.83846 6.81863 8.24533 10.0907 11.0351 11.4109 11.3505 10.862 9.76382 8.11514 6.73961 4.11599 1.39119 5.27264 8.72514 10.5817 10.6641 7.37465 8.26271 7.51153 7.78826 6.42841 5.85275 5.38892 4.40938 3.34074 2.17301 1.55149 4.27939 5.67555 6.79826 7.32377 7.61816 7.76217 7.6731 7.46008 6.23704 7.15851 7.10222 7.00345 6.89099 6.83301 6.73002 6.60969 6.532 6.50116 6.18743 6.52745 6.51108 6.50673 6.49916 6.48078 6.45417 6.42975 6.40181 6.39272 6.37066 6.34947 6.33202 6.31768 6.29867 6.24575 6.02507 4.20737 3.11649 2.80459
-9999 -9999 -9999 -9999 -9999 -9999 -0.366693 3.9752 7.45943 9.27574 10.7497 11.1485 11.2916 10.6389 10.1483 8.96358 7.84068 6.11311 3.52995 1.93401 4.83549 9.05951 10.6021 10.4603 10.3449 9.48001 8.69865 8.58418 8.62366 7.71225 6.40022 4.69351 4.15286 3.54672 5.57546 5.84134 5.68243 7.91766 7.91495 7.78029 6.91512 5.94507 6.12119 5.51856 5.96711 5.25109 5.8964 6.45311 6.65645 6.63156 6.54546 6.53 6.48823 6.54031 6.53036 6.51151 6.49481 6.48148 6.46373 6.42832 6.40425 6.40447 6.37739 6.35513 6.33134 6.31966 6.30563 6.26406 6.22543 5.93813 5.5108 4.70512
-9999 -9999 -9999 -9999 -9999 -9999 -0.178513 3.46793 6.56262 8.41076 10.1916 10.597 11.1917 11.0514 10.5377 9.50626 8.2197 6.79578 4.57791 2.92564 4.86245 7.66108 9.66088 10.3639 10.3352 10.2694 10.0604 9.96323 9.72273 9.54054 8.5964 6.98526 6.06834 4.73398 6.99635 7.24045 6.87457 8.00061 7.93535 6.21108 4.88407 4.71283 5.50816 4.73565 4.59348 4.10779 4.63951 6.07634 5.64919 5.72461 6.36738 6.4673 6.52843 6.53826 6.52471 6.51244 6.49209 6.48452 6.47691 6.44204 6.421 6.40604 6.37208 6.35818 6.33199 6.30958 6.28662 6.26002 6.22399 6.13565 6.04184 6.12401
-9999 -9999 -9999 -9999 -9999 -9999 -0.0992403 2.34388 5.12771 7.85576 9.75816 10.5194 11.0711 11.0549 10.459 9.94088 9.13017 7.87591 7.01141 5.51861 3.47378 6.86544 7.89323 8.80634 9.18278 10.1372 10.0959 9.63316 9.08735 9.55092 9.39587 8.11675 7.68704 6.97195 8.22487 8.21662 8.17119 8.0939 6.63493 4.61102 2.99218 4.14447 3.89517 4.41675 2.75987 4.11232 5.19706 5.54379 4.79176 4.23306 5.92337 6.19801 6.35721 6.45592 6.51758 6.49148 6.49977 6.48065 6.46657 6.45203 6.42843 6.41061 6.38687 6.36278 6.33889 6.31836 6.29002 6.25984 6.24904 6.19473 6.16873 6.14521
-9999 -9999 -9999 -9999 -9999 -9999 -9999 0.893995 4.4201 7.57299 9.32354 10.4206 10.9496 10.9291 10.619 10.2634 9.7562 8.84791 7.70936 5.9166 4.58181 5.40667 6.41325 6.50943 7.17393 9.13144 9.78902 8.81637 6.42821 7.80852 9.34885 9.30892 9.16227 9.0007 8.79588 8.61338 8.22822 7.21485 4.13102 3.52009 2.30616 2.43583 1.80983 3.14988 2.63635 4.01741 4.61156 4.83091 3.53909 3.79773 5.29908 5.88776 5.78001 6.13766 6.47638 6.47903 6.48017 6.46224 6.46091 6.45487 6.44027 6.41812 6.398 6.38095 6.3435 6.33648 6.21333 6.13014 5.97054 6.14783 6.15643 6.1575
-9999 -9999 -9999 -9999 -9999 -9999 -9999 0.181631 3.70699 7.42225 8.6075 9.7909 10.8109 10.8202 10.3515 9.90521 9.44554 8.92342 7.54494 6.20733 4.92916 4.4908 4.73134 4.69016 5.77584 8.33177 8.81363 8.58509 6.09387 5.24331 7.30681 9.03925 9.16325 8.99208 6.92465 7.35124 6.23202 4.71854 4.29567 3.62903 2.23009 2.89189 1.86551 2.2948 2.16477 2.94536 3.32193 4.25147 3.12448 3.11652 4.5906 5.32938 5.33967 6.11513 6.38604 6.45063 6.46043 6.46507 6.45995 6.4639 6.44841 6.42869 6.40529 6.35972 6.26235 5.979 4.48193 4.47513 4.87456 5.25199 5.94776 6.13545
-9999 -9999 -9999 -9999 -9999 -9999 -9999 0.588773 3.03158 6.32693 8.76516 8.9079 10.0878 10.6915 10.1827 9.61113 9.02635 8.76403 7.26484 5.61879 4.28597 2.71022 2.9536 4.06088 5.87365 7.51961 7.8012 7.44232 6.09702 6.70745 8.1106 8.84952 9.05834 8.87116 8.41169 8.14191 7.31495 6.95127 5.80801 4.02612 3.31936 3.7536 1.86326 1.98696 2.67519 1.92186 3.13305 3.70844 2.25535 3.39179 4.69339 5.35478 5.93185 6.20054 6.30252 6.46339 6.45938 6.46519 6.46457 6.45379 6.44545 6.40976 6.37878 6.21256 5.97125 4.57627 3.9885 4.09316 4.72536 5.27777 5.85784 6.08893
-9999 -9999 -9999 -9999 -9999 -9999 -9999 1.00497 3.20332 6.05914 7.79427 8.0955 9.40508 10.5684 10.426 9.83164 9.64261 9.02654 7.75324 6.34771 4.81217 4.05867 2.34311 4.00461 5.3084 6.70043 7.34367 6.2341 5.67405 6.62664 7.57394 7.94456 8.90236 8.88102 8.55317 7.1786 6.50327 6.77447 6.47943 5.9702 4.74105 4.67831 3.88606 3.55319 3.23836 2.22715 2.85474 2.91024 3.07615 4.44055 5.11417 5.55799 5.96081 6.06044 6.23081 6.45432 6.46635 6.46628 6.45685 6.45281 6.42739 6.35305 6.28904 5.96296 5.39211 4.33421 2.62354 3.81365 5.05845 5.42319 5.78092 5.96086
-9999 -9999 -9999 -9999 -9999 -9999 -9999 0.626148 2.96235 5.4015 6.41476 6.57747 8.95657 10.409 10.4003 10.1125 9.77815 8.27353 8.34917 8.03827 6.65197 4.63807 2.42718 2.61952 3.91077 5.75036 6.35067 4.53129 3.88254 4.33625 5.77601 7.06381 8.40945 8.74252 8.33274 6.19924 3.93315 4.96947 6.07788 6.06257 5.72577 4.58524 4.21738 3.88368 3.04953 1.64148 1.83274 2.21347 3.76591 4.25271 5.0089 5.63547 5.38814 5.5199 6.11867 6.45866 6.46344 6.46127 6.46433 6.4479 6.41865 6.27883 6.13122 5.88919 4.41446 3.4941 2.15726 3.69161 4.53729 4.98561 5.79004 5.97474
-9999 -9999 -9999 -9999 -9999 -9999 -9999 -0.102908 1.5894 3.92037 4.85311 6.3477 8.59533 9.69514 10.2165 10.1934 9.96669 9.28648 8.87258 8.06828 6.62675 4.65993 2.47473 1.04723 1.75217 4.23002 4.80842 3.12797 2.27174 3.30838 4.84391 7.12409 8.42193 8.58715 8.45747 8.00898 6.35175 4.35203 4.34924 5.338 4.49404 3.5148 4.04002 3.93278 3.10891 2.50739 2.12989 2.34958 3.228 3.58876 4.46359 5.75837 5.93698 5.89193 6.43222 6.45142 6.45592 6.46824 6.45915 6.44562 6.42061 6.30494 6.05642 5.07189 4.21218 3.01949 2.86423 4.22744 4.81893 5.37153 5.76141 5.88216
-9999 -9999 -9999 -9999 -9999 -9999 -9999 -1.35648 0.636744 2.81972 4.86308 6.79574 8.45755 8.57571 9.44682 9.43438 9.88516 9.74102 9.10936 8.43006 7.18636 4.66356 2.53984 0.224643 0.817735 3.34937 3.65605 2.5322 0.467331 2.57298 4.89671 7.0019 8.13626 7.22613 8.136 8.04965 7.42226 6.2278 4.37645 4.40199 3.01272 2.94384 3.64404 3.8656 3.73912 3.28547 2.56437 2.67465 3.20299 3.33309 4.13649 5.13925 6.11932 6.27736 6.45773 6.45768 6.4525 6.45955 6.4531 6.42398 6.36484 6.24417 5.41736 4.43567 3.82749 2.99374 2.88471 4.45858 5.08093 5.42579 5.76136 5.88816
-9999 -9999 -9999 -9999 -9999 -9999 -9999 -9999 0.429337 2.68506 4.35137 4.79205 6.26802 7.05988 7.67004 7.79645 9.55794 9.64395 9.23912 8.61416 7.55159 5.63416 4.29399 2.07278 0.472217 1.1061 1.38398 1.95391 1.7689 2.70095 4.93357 7.26046 7.50382 6.00648 6.21548 6.51571 7.20218 6.83874 4.31959 3.03522 1.96776 2.71061 3.49272 3.67551 3.70534 3.54437 3.35927 3.03827 4.08853 4.86365 5.03746 5.71219 6.20824 6.33949 6.43634 6.44119 6.44617 6.43807 6.40032 6.37051 6.23544 5.94336 5.01943 2.80978 2.90356 2.65649 1.96283 3.50034 4.46921 5.33377 5.78878 5.8993
-9999 -9999 -9999 -9999 -9999 -9999 -9999 -9999 -0.327164 2.28463 2.82775 2.77571 1.89647 2.28525 5.49329 6.13025 7.81915 9.41749 9.28728 8.67392 7.67893 6.53173 4.76236 2.2659 0.279286 -0.573941 1.53163 3.59776 4.01525 4.66816 6.03143 6.28076 4.75041 3.31495 4.10349 4.57445 6.39914 6.72404 6.35764 4.83618 3.09818 2.18672 3.24311 3.37678 3.43213 3.4363 3.39565 3.33789 4.51849 5.1709 5.62112 5.86273 6.28767 6.39061 6.41817 6.44353 6.42758 6.39699 6.32023 6.23395 5.88309 5.46006 3.95214 2.69339 1.90497 0.906617 3.12675 3.77749 4.68631 5.26935 5.72186 5.8137
