Test_Spring_2018b/03_18/Temp/20180313_002.txt
ncols	170
nrows	115
xllcorner	350000.000000
yllcorner	4445000.000000
cellsize	1000.000000
nodata_value	-9999.000000
[rows 32 to 63 of 115, columns 72 to 143 of 170]
10.634 10.3465 10.7799 11.1785 10.9245 10.7526 11.4073 11.403 11.1728 10.6379 10.4392 10.2335 10.106 9.42133 7.5069 5.78066 6.69985 6.71787 6.07568 7.21607 6.6073 5.02588 2.79512 4.00081 3.68137 2.09652 1.70132 -9999 -9999 -9999 -9999 -9999 -9999 -9999 -9999 -9999 -9999 -9999 -9999 -9999 -9999 -9999 -9999 -9999 -9999 -9999 -9999 -9999 -9999 -9999 -9999 -9999 -9999 -9999 -9999 -9999 -9999 -9999 -9999 -9999 -9999 -9999 -9999 -9999 -9999 -9999 -9999 -9999 -9999 -9999 -9999 -9999
10.2491 10.1233 10.7696 10.7517 10.7038 10.9287 11.3324 11.4101 11.3178 11.0821 10.8777 10.6606 10.1158 9.33303 7.69402 5.72964 5.28119 6.23695 6.27911 6.42937 5.87432 5.17807 4.09111 4.97344 5.31338 4.27052 2.90537 2.02378 -9999 -9999 -9999 -9999 -9999 -9999 -9999 -9999 -9999 -9999 -9999 -9999 -9999 -9999 -9999 -9999 -9999 -9999 -9999 -9999 -9999 -9999 -9999 -9999 -9999 -9999 -9999 -9999 -9999 -9999 -9999 -9999 -9999 -9999 -9999 -9999 -9999 -9999 -9999 -9999 -9999 -9999 -9999 -9999
9.79126 9.15633 9.5442 9.83432 10.3679 10.501 10.5783 11.3499 11.3045 11.2644 10.9291 10.6603 10.2174 9.46384 8.39257 7.10353 4.86184 6.23804 7.31481 7.28328 7.22017 6.73127 5.68695 6.55298 6.58952 5.25751 3.73913 2.84759 2.47652 -9999 -9999 -9999 -9999 -9999 -9999 -9999 -9999 -9999 -9999 -9999 -9999 -9999 -9999 -9999 -9999 -9999 -9999 -9999 -9999 -9999 -9999 -9999 -9999 -9999 -9999 -9999 -9999 -9999 -9999 -9999 -9999 -9999 -9999 -9999 -9999 -9999 -9999 -9999 -9999 -9999 -9999 -9999
9.27164 8.49702 8.88732 9.40941 10.1432 10.5177 10.8046 11.0322 11.2645 11.2323 10.8891 9.88365 9.73671 9.68954 8.98755 7.5185 6.0514 5.66861 7.31329 7.78133 7.68135 8.04549 7.1603 7.57254 7.39752 6.92226 5.46243 4.13325 3.58192 2.49638 -9999 -9999 -9999 -9999 -9999 -9999 -9999 -9999 -9999 -9999 -9999 -9999 -9999 -9999 -9999 -9999 -9999 -9999 -9999 -9999 -9999 -9999 -9999 -9999 -9999 -9999 -9999 -9999 -9999 -9999 -9999 -9999 -9999 -9999 -9999 -9999 -9999 -9999 -9999 -9999 -9999 -9999
-9999 -9999 8.00253 8.71035 9.29576 10.0157 10.636 10.9456 11.2464 11.2175 10.5355 10.1999 10.1669 9.70552 8.89569 8.38609 7.46107 6.49747 6.86054 8.26258 7.63353 8.62557 8.53727 8.71612 8.04606 6.77428 5.08531 4.09577 3.60204 2.72155 -9999 -9999 -9999 -9999 -9999 -9999 -9999 -9999 -9999 -9999 -9999 -9999 -9999 -9999 -9999 -9999 -9999 -9999 -9999 -9999 -9999 -9999 -9999 -9999 -9999 -9999 -9999 -9999 -9999 -9999 -9999 -9999 -9999 -9999 -9999 -9999 -9999 -9999 -9999 -9999 -9999 -9999
-9999 -9999 -9999 8.57348 9.01764 9.98398 10.4776 10.6769 11.1645 11.1612 10.9001 10.7021 10.4167 10.0454 9.43581 8.76377 7.89363 7.80991 8.7056 8.71314 8.52162 8.66546 9.12348 8.99753 7.96134 6.1749 5.23069 3.31396 2.49176 2.57145 1.98759 -9999 -9999 -9999 -9999 -9999 -9999 -9999 -9999 -9999 -9999 -9999 -9999 4.17129 -9999 -9999 -9999 -9999 -9999 -9999 -9999 -9999 -9999 -9999 -9999 -9999 -9999 -9999 -9999 -9999 -9999 -9999 -9999 -9999 0.615527 -9999 -9999 -9999 -9999 -9999 -9999 -9999
-9999 -9999 8.48933 9.08256 9.55006 10.154 10.207 10.5628 11.124 11.1277 10.9412 10.7311 10.2643 10.1458 9.79716 9.06788 8.91595 9.20669 9.3388 9.48895 9.58 9.4996 9.3086 9.06266 8.38826 7.55905 7.001 5.2517 4.36287 3.5144 2.23247 1.22886 -9999 -9999 -9999 -9999 -9999 -9999 -9999 3.50701 3.45756 3.47837 3.7568 4.5287 4.07217 -9999 -9999 -9999 -9999 -9999 -9999 -9999 -9999 -9999 -9999 -9999 -9999 -9999 -9999 -9999 -9999 -9999 -9999 -9999 1.31042 0.300129 -9999 -9999 -9999 -9999 -9999 -9999
-9999 -9999 8.63997 9.27339 9.58736 10.1737 10.5071 10.721 10.9123 11.0951 11.059 10.8269 10.4763 10.4746 9.99345 9.73252 9.54536 9.93996 10.0154 9.85254 9.64898 9.46843 8.96399 8.90204 8.72928 8.20134 7.33736 6.44708 5.16171 3.42268 1.71725 0.340975 -9999 -9999 -9999 -9999 -9999 -9999 3.64756 4.28838 4.67167 3.8513 4.5491 5.18675 5.08294 4.45523 -9999 -9999 -9999 -9999 -9999 -9999 -9999 -9999 -9999 -9999 -9999 -9999 -9999 -9999 6.09208 5.05705 2.96953 1.8976 1.25282 0.333727 -9999 -9999 -9999 -9999 -9999 -9999
-9999 -9999 8.50819 9.25703 9.76272 10.2109 10.2785 10.7366 10.9329 11.0287 11.0121 10.9625 10.8944 10.4738 10.2909 9.65769 10.257 10.2311 10.0756 9.46888 9.20401 8.1641 7.70433 7.59337 8.46085 7.81218 6.46243 4.77613 2.74874 2.61289 1.94002 0.709351 -9999 -9999 -9999 -9999 -9999 -9999 3.84077 4.52648 5.09873 5.18084 4.36566 5.5002 5.44953 4.81215 4.666 5.18504 5.44707 5.2478 5.867 6.04684 5.76368 6.06911 -9999 -9999 -9999 -9999 6.23822 6.27678 6.30496 5.87165 3.59137 2.03263 0.632284 0.497225 -9999 -9999 -9999 -9999 -9999 -9999
-9999 -9999 9.02461 9.48388 9.71372 9.74686 10.1483 10.5477 10.7916 10.9662 10.9249 10.9057 10.8858 10.7395 10.4049 10.4611 10.4312 10.235 9.08284 7.73843 8.31998 7.52257 5.81054 7.19133 7.948 7.21347 5.57869 3.68368 3.05795 3.0793 2.14501 0.943677 -9999 -9999 -9999 1.96192 2.94372 3.02726 3.31566 4.23096 4.92706 5.45217 5.80896 5.79351 5.41277 4.78939 4.11183 4.35073 5.56425 5.8585 6.10498 6.2915 6.02851 6.16175 6.48425 6.6496 6.68095 6.60163 6.58115 6.60453 6.56239 6.15777 4.11819 2.94875 2.20099 0.69826 -9999 -9999 -9999 -9999 -9999 -9999
-9999 -9999 8.723 9.12161 9.44344 9.98181 10.0341 10.3721 10.5693 10.8666 10.8961 10.5374 10.8261 10.7845 10.7263 10.607 10.4338 9.4608 8.12083 6.77749 6.15559 6.41283 5.38363 5.90591 6.67262 6.38892 5.38283 3.69398 3.45161 3.05315 1.48529 -0.0244016 -9999 -9999 0.0498512 1.93552 3.26286 3.94675 4.15754 4.17654 5.05412 5.12201 6.06704 5.84182 4.58782 4.72694 4.23927 4.55283 4.99625 5.11649 5.75504 6.36916 6.48344 6.48385 6.68837 6.72838 6.73669 6.72851 6.58525 6.64628 6.65276 6.3991 4.9198 4.19626 3.39823 0.715347 -9999 -9999 -9999 -9999 -9999 -9999
-9999 -9999 8.92136 9.36715 9.85578 9.93071 10.2915 10.253 10.1424 10.6475 10.829 10.5744 10.3903 10.7183 10.6919 10.6447 10.5692 9.65486 8.59714 6.99717 6.00177 5.38874 4.95392 4.37264 4.76413 4.63833 4.47113 4.65287 4.18657 3.25569 2.33542 0.618033 -0.31299 -9999 0.146186 0.995457 2.57457 3.91666 4.7683 4.4602 5.45845 5.64288 6.21613 5.87666 5.11441 4.78606 4.75543 4.65403 5.32537 5.77712 6.09408 6.30556 6.56886 6.63425 6.69985 6.72577 6.73861 6.75148 6.74508 6.73659 6.70332 6.60566 5.92333 5.20026 3.64386 0.801199 -9999 -9999 -9999 -9999 -9999 -9999
-9999 7.61072 8.86556 9.61636 9.90379 10.1098 10.2909 10.4206 10.556 10.6865 10.773 10.7294 10.063 10.1133 10.229 10.6019 10.5722 10.4872 9.90772 7.96159 7.28464 6.29839 5.02336 4.48761 4.74858 5.78574 5.73433 5.03935 4.26533 3.19516 2.51493 1.45955 -0.561386 -0.384199 0.520514 1.19332 2.26572 3.90675 5.05698 5.56974 5.76291 6.16498 6.37454 5.90934 5.46543 5.27843 4.93308 4.88312 4.88422 5.28924 5.60411 6.3091 6.54453 6.6504 6.7036 6.73107 6.75025 6.76889 6.77338 6.75665 6.75394 6.74469 6.69031 5.72992 3.33376 1.52571 -9999 -9999 -9999 -9999 -9999 -9999
-9999 -9999 8.62821 8.95522 9.03671 9.18357 9.49009 9.84449 10.3477 10.4089 10.6855 10.6818 10.1071 9.44427 10.0152 10.2403 10.4741 10.4786 10.4017 8.76312 7.90529 7.22888 6.00605 6.44103 6.85405 6.88095 6.62398 5.13951 3.66096 1.95489 0.362972 0.282324 -0.575821 -0.127833 0.468483 2.00591 3.08751 3.52514 3.83937 5.50855 5.94069 6.08873 6.51536 5.93133 5.78165 5.34231 5.4714 5.43183 5.43304 4.21774 5.43356 5.50406 6.29581 6.65132 6.72968 6.74952 6.77063 6.77181 6.77357 6.76682 6.77142 6.75535 6.73827 6.11256 3.07458 1.54517 -9999 -9999 -9999 -9999 -9999 -9999
-9999 -9999 -9999 -9999 8.7185 8.96668 9.12398 9.40035 10.2566 10.4847 10.6351 10.6447 10.3869 9.73174 9.55679 9.67357 9.03431 9.56421 10.2891 10.2677 10.1757 8.7362 7.99746 8.70414 8.48329 7.39913 6.54466 5.70113 3.9709 2.7009 0.877134 -0.493437 -0.549428 0.953684 2.20216 3.75792 4.4432 4.04965 4.47228 5.29988 6.24115 6.69589 6.58761 5.97208 5.8841 5.20732 5.87044 5.92622 5.61619 5.34798 5.45251 5.84358 5.99178 6.61076 6.75919 6.78373 6.7862 6.78624 6.78078 6.77412 6.76289 6.75259 6.73984 6.7075 3.58476 1.15245 -9999 -9999 -9999 -9999 -9999 -9999
-9999 -9999 -9999 -9999 8.11557 8.26457 8.66546 9.70354 10.2431 10.4596 10.4484 10.547 10.3644 9.78727 9.1952 8.63664 7.91704 8.32428 9.4059 10.042 10.1111 8.84871 9.49927 9.24957 8.76149 7.34505 6.2997 5.74294 4.08161 2.65657 1.44157 -0.23394 0.476155 1.25905 2.26629 3.96413 5.10915 5.57865 5.18102 5.71009 6.79342 6.79862 6.20481 6.24271 5.8796 4.95516 5.91572 6.18529 5.96613 6.02154 5.93849 6.08328 6.34797 6.60096 6.76845 6.78926 6.78958 6.78149 6.77835 6.77569 6.76021 6.75736 6.74456 6.72436 4.70708 1.1036 -9999 -9999 -9999 -9999 -9999 -9999
-9999 -9999 -9999 -9999 -9999 7.5611 8.48269 9.86242 10.1995 10.1642 10.4464 10.4678 10.1893 9.94738 9.22919 8.24899 6.36852 6.84416 7.83953 9.27586 10.0288 9.92277 9.49741 8.7617 6.98767 5.43433 5.24116 4.98243 3.76859 2.66958 1.3194 2.09411 2.94349 3.87354 4.36073 4.23016 5.21096 6.01058 5.66847 6.31777 7.07575 6.7307 6.52643 6.35496 5.93561 5.9096 5.95239 6.49751 6.11878 6.34991 6.35412 6.33986 6.46794 6.61542 6.77023 6.79384 6.79184 6.79182 6.77072 6.77392 6.76145 6.74885 6.73674 6.7188 6.53215 4.58813 3.4251 -9999 -9999 -9999 -9999 -9999
-9999 -9999 -9999 -9999 -9999 6.70199 7.15909 8.79416 9.29403 10.0148 10.396 10.4105 9.94251 9.68052 8.61156 8.2632 6.52338 5.73452 6.39896 6.14017 8.11883 9.86901 9.48282 5.93745 4.65024 3.73059 3.96052 3.95762 3.61605 1.75008 1.23283 2.89303 3.93697 4.74521 5.35778 5.4829 5.45915 6.71102 6.87604 7.28208 7.19238 7.22922 6.59533 6.20286 6.54316 6.14763 6.07941 6.64259 6.0862 6.58765 6.52676 6.37484 6.36569 6.69519 6.76047 6.79375 6.79346 6.77787 6.75826 6.74558 6.75289 6.74424 6.722 6.71881 6.69643 6.45943 5.45181 5.09639 5.47974 -9999 -9999 -9999
-9999 -9999 -9999 -9999 -9999 -9999 5.62582 7.90023 8.93496 9.47835 10.2453 10.3351 10.0837 9.633 8.54456 7.58692 6.0313 4.25478 3.31351 6.1217 8.56511 9.83839 9.66621 6.71434 5.54649 5.48782 6.16808 5.58505 5.14164 3.72215 3.29539 2.70417 3.06174 4.18913 5.11067 5.99973 6.64561 6.69623 7.115 7.35572 7.3743 7.44898 7.37368 7.31218 6.69919 7.12048 6.76157 6.95084 6.82761 6.71622 6.61962 6.26896 6.51468 6.73193 6.78656 6.80147 6.78581 6.78001 6.76774 6.74397 6.73139 6.72635 6.72046 6.70521 6.70079 6.68352 6.56639 5.95821 5.14556 4.12011 -9999 -9999
-9999 -9999 -9999 -9999 -9999 -9999 4.48323 6.74668 7.83308 9.23631 9.95497 10.2455 10.2044 9.8387 9.01106 7.76636 6.72878 4.74589 2.68677 5.63577 8.26158 9.67634 9.7475 7.2661 7.9484 7.38886 7.60816 6.5874 6.1606 5.82045 5.08663 4.28473 3.40657 2.94168 5.01451 6.07758 6.93277 7.33485 7.56133 7.67352 7.61133 7.4548 6.53184 7.23377 7.19396 7.12299 7.04178 7.00199 6.92822 6.84143 6.78915 6.76996 6.5365 6.79737 6.7894 6.79063 6.7893 6.77959 6.76342 6.74865 6.73097 6.72786 6.71492 6.7019 6.69149 6.68197 6.66987 6.63195 6.46681 5.0916 4.26703 4.03199
-9999 -9999 -9999 -9999 -9999 -9999 1.29202 4.58723 7.22979 8.6116 9.7349 10.0421 10.1553 9.66548 9.2984 8.40536 7.55932 6.2554 4.30361 3.10028 5.30828 8.51602 9.69683 9.60005 9.52169 8.87562 8.29291 8.21541 8.25441 7.57501 6.5879 5.30274 4.8995 4.44697 5.99007 6.19683 6.08108 7.77868 7.78021 7.68143 7.02898 6.30035 6.43717 5.98643 6.32912 5.79049 6.28343 6.70937 6.8677 6.85324 6.79471 6.78543 6.75835 6.8022 6.79925 6.78948 6.7812 6.77528 6.76579 6.74268 6.72792 6.73132 6.71455 6.70055 6.68634 6.67886 6.67066 6.64147 6.61443 6.39892 6.0773 5.46831
-9999 -9999 -9999 -9999 -9999 -9999 1.4258 4.19434 6.54492 7.95239 9.30709 9.61945 10.075 9.97362 9.58916 8.81245 7.84254 6.76879 5.09381 3.84778 5.32152 7.45296 8.97581 9.51881 9.50997 9.46897 9.31954 9.25246 9.07933 8.95261 8.24554 7.03152 6.34403 5.33967 7.05977 7.25007 6.97761 7.83497 7.78929 6.48633 5.48417 5.35761 5.96757 5.3858 5.28075 4.91934 5.32623 6.419 6.09704 6.15876 6.65285 6.73305 6.78368 6.79571 6.78999 6.78516 6.77407 6.77248 6.77065 6.74794 6.73549 6.72741 6.70476 6.69798 6.68089 6.66518 6.65172 6.63405 6.60916 6.5446 6.47277 6.53675
-9999 -9999 -9999 -9999 -9999 -9999 1.47525 3.33702 5.45207 7.52654 8.97342 9.55552 9.97868 9.97149 9.52493 9.13733 8.52811 7.58301 6.93348 5.80827 4.26524 6.84167 7.63256 8.33457 8.62465 9.35647 9.33416 8.99258 8.59458 8.95419 8.84357 7.88196 7.56344 7.02817 7.98342 7.98256 7.95299 7.89879 6.79735 5.26758 4.04454 4.92098 4.73551 5.13898 3.88637 4.91178 5.73757 6.00445 5.44234 5.02358 6.31143 6.52371 6.64885 6.72817 6.77938 6.76401 6.77458 6.76421 6.75747 6.75017 6.73579 6.72562 6.71078 6.69554 6.68124 6.66706 6.64817 6.6243 6.61863 6.5821 6.56512 6.54915
-9999 -9999 -9999 -9999 -9999 -9999 -9999 2.22738 4.90756 7.30235 8.63454 9.47143 9.8778 9.86769 9.63793 9.37366 8.99454 8.3116 7.45438 6.10178 5.09654 5.72801 6.50319 6.58639 7.09793 8.58939 9.09616 8.36786 6.56977 7.62299 8.79797 8.7753 8.67133 8.55554 8.40875 8.27589 7.98902 7.22574 4.8934 4.43199 3.51578 3.61747 3.14661 4.17076 3.78447 4.83461 5.28875 5.45912 4.48475 4.68815 5.83001 6.28059 6.20358 6.4792 6.74275 6.74911 6.75422 6.74472 6.74763 6.7468 6.73929 6.72332 6.71113 6.70113 6.67648 6.67258 6.58194 6.52158 6.40339 6.54051 6.54992 6.55426
-9999 -9999 -9999 -9999 -9999 -9999 -9999 1.68422 4.36122 7.18206 8.08595 8.98831 9.76677 9.77924 9.42957 9.09671 8.75375 8.36355 7.32468 6.31703 5.35474 5.02911 5.21826 5.20338 6.03373 7.97827 8.35155 8.18666 6.30936 5.67279 7.24384 8.56374 8.66461 8.54141 6.98101 7.30974 6.46682 5.32475 5.00862 4.50752 3.4514 3.95651 3.18254 3.51154 3.42172 4.01699 4.30631 5.01476 4.16522 4.16663 5.2878 5.852 5.86432 6.45638 6.66612 6.71946 6.73113 6.73873 6.73874 6.74542 6.73719 6.7256 6.71108 6.67967 6.60893 6.39812 5.26541 5.26316 5.56873 5.8577 6.38669 6.53394
-9999 -9999 -9999 -9999 -9999 -9999 -9999 1.98646 3.84322 6.34588 8.19908 8.313 9.21262 9.67563 9.29562 8.86799 8.43039 8.23718 7.107 5.86576 4.86212 3.67474 3.86598 4.71212 6.1027 7.35752 7.57875 7.31478 6.30543 6.77548 7.84592 8.41282 8.57776 8.44229 8.1001 7.90123 7.2798 7.00901 6.14726 4.80139 4.26994 4.60286 3.17452 3.27218 3.79764 3.23604 4.15775 4.59785 3.50121 4.36965 5.36012 5.86559 6.30723 6.51522 6.59688 6.72308 6.72425 6.73271 6.73615 6.73174 6.72903 6.70547 6.68538 6.56274 6.38316 5.32947 4.88679 4.96921 5.45136 5.8731 6.31647 6.49503
-9999 -9999 -9999 -9999 -9999 -9999 -9999 2.29533 3.96685 6.13647 7.45694 7.69095 8.68886 9.57587 9.47361 9.02884 8.89122 8.43013 7.47123 6.41232 5.25517 4.6908 3.39782 4.66378 5.66908 6.73129 7.22629 6.39555 5.97865 6.70769 7.43251 7.72016 8.45239 8.44243 8.1999 7.16396 6.65748 6.86782 6.64888 6.26744 5.34038 5.29697 4.7008 4.45268 4.21829 3.46178 3.94132 3.98752 4.11774 5.15865 5.67324 6.01378 6.3233 6.40311 6.53649 6.71007 6.72335 6.72736 6.72416 6.72492 6.70938 6.65668 6.61173 6.36816 5.93911 5.14102 3.84781 4.75285 5.69934 5.9809 6.2543 6.39429
-9999 -9999 -9999 -9999 -9999 -9999 -9999 2.00167 3.77759 5.63149 6.405 6.53406 8.34232 9.44843 9.44751 9.23515 8.98753 7.85335 7.9166 7.68717 6.64317 5.12391 3.45564 3.60845 4.59765 6.00576 6.46805 5.09934 4.61504 4.96589 6.06363 7.04601 8.07195 8.33041 8.02574 6.41479 4.70309 5.49322 6.33773 6.33066 6.07987 5.22003 4.94554 4.69693 4.06917 3.00631 3.16137 3.45396 4.63774 5.01063 5.5877 6.06661 5.88344 5.9875 6.44538 6.70716 6.71492 6.71733 6.72364 6.71509 6.69676 6.59459 6.48646 6.30677 5.19309 4.49942 3.48899 4.65575 5.30006 5.64399 6.25727 6.40104
-9999 -9999 -9999 -9999 -9999 -9999 -9999 1.44246 2.73051 4.50241 5.2149 6.35303 8.06169 8.90068 9.30138 9.28965 9.1237 8.61426 8.30673 7.70359 6.61785 5.13434 3.4856 2.41113 2.95251 4.84804 5.29372 4.03005 3.38841 4.18078 5.35095 7.08507 8.07468 8.20589 8.11339 7.77909 6.52871 5.01863 5.02133 5.77512 5.1402 4.40268 4.80497 4.72804 4.10815 3.65673 3.38083 3.55184 4.22445 4.5018 5.16867 6.15377 6.29322 6.26324 6.67673 6.69541 6.70293 6.71633 6.71347 6.70721 6.69221 6.60849 6.42408 5.68201 5.0345 4.13471 4.02094 5.05706 5.51091 5.93222 6.2316 6.3271
-9999 -9999 -9999 -9999 -9999 -9999 -9999 0.485725 2.00174 3.66148 5.21539 6.6854 7.95019 8.04542 8.71117 8.70755 9.05499 8.95181 8.47942 7.97112 7.03539 5.13075 3.52868 1.78171 2.23839 4.16773 4.417 3.57265 2.01521 3.61743 5.38469 6.98615 7.85182 7.16821 7.8633 7.80336 7.33327 6.43334 5.03552 5.0596 4.01161 3.96393 4.49888 4.67114 4.57967 4.24032 3.69819 3.79251 4.19972 4.30223 4.91491 5.67867 6.42526 6.54906 6.68979 6.69383 6.694 6.70343 6.70262 6.68463 6.64389 6.55653 5.93415 5.19442 4.73769 4.11006 4.03152 5.22688 5.70504 5.96914 6.22756 6.32782
-9999 -9999 -9999 -9999 -9999 -9999 -9999 -9999 1.83752 3.55234 4.82053 5.16007 6.28401 6.88965 7.3577 7.45931 8.79989 8.87119 8.57077 8.10378 7.30544 5.85961 4.85134 3.17571 1.97044 2.46287 2.68959 3.12857 2.99542 3.70842 5.40662 7.176 7.36655 6.238 6.40203 6.63497 7.16034 6.89005 4.98631 4.01798 3.21387 3.78126 4.37832 4.52124 4.54823 4.43063 4.29562 4.06523 4.86483 5.45598 5.59156 6.10669 6.48646 6.58988 6.66725 6.67497 6.68281 6.68078 6.65631 6.6379 6.53975 6.32267 5.62688 3.95698 4.0323 3.84937 3.3281 4.49928 5.23579 5.89521 6.24432 6.33242
-9999 -9999 -9999 -9999 -9999 -9999 -9999 -9999 1.25724 3.24179 3.65892 3.62508 2.96451 3.2647 5.70102 6.18947 7.47509 8.6923 8.60009 8.14204 7.39507 6.53299 5.19971 3.31572 1.81812 1.1818 2.78843 4.36822 4.69162 5.19317 6.23271 6.42801 5.27467 4.19297 4.79608 5.15835 6.54609 6.79733 6.52465 5.3767 4.06457 3.37859 4.18349 4.28921 4.33552 4.34303 4.31762 4.28042 5.18475 5.68285 6.02776 6.21464 6.54044 6.62231 6.64712 6.67032 6.66229 6.64323 6.58927 6.52815 6.26664 5.9505 4.81243 3.86318 3.27031 2.51839 4.20498 4.70458 5.39529 5.84219 6.1896 6.26372
