Test_Spring_2018b/03_18/Temp/20180315_006.txt
ncols	170
nrows	115
xllcorner	350000.000000
yllcorner	4445000.000000
cellsize	1000.000000
nodata_value	-9999.000000
[rows 32 to 63 of 115, columns 71 to 141 of 170]
8.19687 8.17035 7.82125 8.34918 8.83505 8.54106 8.33935 9.14326 9.13896 8.85972 8.20956 7.96817 7.71793 7.56267 6.72937 4.39998 2.29942 3.41681 3.43798 2.65606 4.04265 3.30159 1.37748 -1.33638 0.130194 -0.258358 -2.17901 -2.66075 -9999 -9999 -9999 -9999 -9999 -9999 -9999 -9999 -9999 -9999 -9999 -9999 -9999 -9999 -9999 -9999 -9999 -9999 -9999 -9999 -9999 -9999 -9999 -9999 -9999 -9999 -9999 -9999 -9999 -9999 -9999 -9999 -9999 -9999 -9999 -9999 -9999 -9999 -9999 -9999 -9999 -9999 -9999
7.88569 7.70076 7.54825 8.33513 8.31425 8.2646 8.55206 9.05056 9.14593 9.03431 8.74816 8.49975 8.2357 7.57278 6.62015 4.62583 2.2356 1.68937 2.85129 2.90187 3.08402 2.40829 1.56092 0.238397 1.31154 1.72501 0.456844 -1.19796 -2.26364 -9999 -9999 -9999 -9999 -9999 -9999 -9999 -9999 -9999 -9999 -9999 -9999 -9999 -9999 -9999 -9999 -9999 -9999 -9999 -9999 -9999 -9999 -9999 -9999 -9999 -9999 -9999 -9999 -9999 -9999 -9999 -9999 -9999 -9999 -9999 -9999 -9999 -9999 -9999 -9999 -9999 -9999
7.41988 7.14217 6.37033 6.84288 7.19669 7.86057 8.03659 8.13164 9.07105 9.0166 8.96831 8.56066 8.23362 7.69475 6.77765 5.47397 3.90526 1.17764 2.85099 4.16012 4.12113 4.0438 3.44863 2.17795 3.23123 3.27557 1.65529 -0.178038 -1.26346 -1.71584 -9999 -9999 -9999 -9999 -9999 -9999 -9999 -9999 -9999 -9999 -9999 -9999 -9999 -9999 -9999 -9999 -9999 -9999 -9999 -9999 -9999 -9999 -9999 -9999 -9999 -9999 -9999 -9999 -9999 -9999 -9999 -9999 -9999 -9999 -9999 -9999 -9999 -9999 -9999 -9999 -9999
6.77576 6.5083 5.56658 6.04213 6.67818 7.57904 8.04793 8.40526 8.68309 8.96643 8.92779 8.51058 7.28748 7.10854 7.05076 6.19627 4.40857 2.62317 2.15676 4.1567 4.72537 4.60316 5.04565 3.96851 4.46976 4.25674 3.67825 1.90904 0.29865 -0.373024 -1.69466 -9999 -9999 -9999 -9999 -9999 -9999 -9999 -9999 -9999 -9999 -9999 -9999 -9999 -9999 -9999 -9999 -9999 -9999 -9999 -9999 -9999 -9999 -9999 -9999 -9999 -9999 -9999 -9999 -9999 -9999 -9999 -9999 -9999 -9999 -9999 -9999 -9999 -9999 -9999 -9999
-9999 -9999 -9999 4.96408 5.8332 6.55198 7.4355 8.19859 8.57632 8.94298 8.90842 8.07915 7.67093 7.63062 7.06896 6.08324 5.46261 4.33655 3.16356 3.60441 5.30919 4.54335 5.74963 5.64187 5.85921 5.04403 3.50345 1.44848 0.251336 -0.350217 -1.42237 -9999 -9999 -9999 -9999 -9999 -9999 -9999 -9999 -9999 -9999 -9999 -9999 -9999 -9999 -9999 -9999 -9999 -9999 -9999 -9999 -9999 -9999 -9999 -9999 -9999 -9999 -9999 -9999 -9999 -9999 -9999 -9999 -9999 -9999 -9999 -9999 -9999 -9999 -9999 -9999
-9999 -9999 -9999 -9999 5.66505 6.21199 7.38922 8.00441 8.24806 8.84222 8.83886 8.52168 8.28086 7.93352 7.48134 6.73915 5.92083 4.86143 4.75865 5.84732 5.85569 5.62203 5.79649 6.35331 6.19992 4.93923 2.77253 1.62372 -0.701293 -1.7023 -1.60635 -2.31774 -9999 -9999 -9999 -9999 -9999 -9999 -9999 -9999 -9999 -9999 -9999 -9999 0.301889 -9999 -9999 -9999 -9999 -9999 -9999 -9999 -9999 -9999 -9999 -9999 -9999 -9999 -9999 -9999 -9999 -9999 -9999 -9999 -9999 -4.09808 -9999 -9999 -9999 -9999 -9999
-9999 -9999 -9999 5.55253 6.28725 6.85797 7.59469 7.66683 8.108 8.79188 8.79722 8.57079 8.31537 7.74736 7.60259 7.17776 6.28968 6.10381 6.45641 6.61609 6.79784 6.90786 6.80952 6.57685 6.27755 5.46331 4.45454 3.77564 1.6474 0.572493 -0.460463 -2.02089 -3.24297 -9999 -9999 -9999 -9999 -9999 -9999 -9999 -0.491557 -0.555412 -0.534033 -0.199461 0.735217 0.175423 -9999 -9999 -9999 -9999 -9999 -9999 -9999 -9999 -9999 -9999 -9999 -9999 -9999 -9999 -9999 -9999 -9999 -9999 -9999 -3.2555 -4.48684 -9999 -9999 -9999 -9999
-9999 -9999 -9999 5.74444 6.51726 6.90164 7.61737 8.02529 8.29925 8.53348 8.75683 8.71356 8.43135 8.00459 8.00189 7.41572 7.0972 6.86831 7.34707 7.43766 7.23853 6.9901 6.7699 6.15597 6.08058 5.87626 5.23416 4.18334 3.10053 1.54307 -0.573004 -2.64841 -4.32366 -9999 -9999 -9999 -9999 -9999 -9999 -0.317547 0.458399 0.920804 -0.081237 0.76328 1.53445 1.40351 0.636673 -9999 -9999 -9999 -9999 -9999 -9999 -9999 -9999 -9999 -9999 -9999 -9999 -9999 -9999 2.56793 1.30633 -1.23544 -2.54172 -3.32834 -4.44863 -9999 -9999 -9999 -9999
-9999 -9999 -9999 5.58148 6.49517 7.11323 7.66138 7.74642 8.31268 8.55771 8.67552 8.65609 8.59591 8.51282 8.00044 7.77689 7.00531 7.73294 7.69999 7.50946 6.7702 6.4471 5.1815 4.62195 4.4924 5.54785 4.75913 3.11766 1.0668 -1.3925 -1.55885 -2.37798 -3.8759 -9999 -9999 -9999 -9999 -9999 -9999 -0.082615 0.747801 1.43988 1.53546 0.539296 1.91467 1.84957 1.06913 0.886165 1.51234 1.82589 1.57978 2.32832 2.54213 2.19295 2.56 -9999 -9999 -9999 -9999 2.74764 2.79176 2.82348 2.29399 -0.482124 -2.38044 -4.08602 -4.2546 -9999 -9999 -9999 -9999
-9999 -9999 -9999 6.20691 6.76885 7.05189 7.09569 7.58741 8.08247 8.38524 8.59963 8.55009 8.52685 8.50225 8.32335 7.91495 7.98186 7.94376 7.70334 6.30015 4.66336 5.3697 4.39931 2.32154 4.00123 4.92212 4.02922 2.04132 -0.263108 -1.0173 -0.992113 -2.12899 -3.59178 -9999 -9999 -9999 -2.35951 -1.16786 -1.06934 -0.72202 0.387509 1.23004 1.8651 2.29433 2.27258 1.8035 1.0398 0.210129 0.495268 1.966 2.31856 2.61477 2.83649 2.51165 2.66737 3.05549 3.25276 3.28733 3.18758 3.15967 3.18539 3.1316 2.63704 0.15556 -1.26902 -2.1806 -4.01155 -9999 -9999 -9999 -9999
-9999 -9999 -9999 5.84177 6.33028 6.72551 7.38218 7.44938 7.86392 8.11173 8.47815 8.51482 8.07868 8.42939 8.37775 8.30544 8.15845 7.9458 6.76022 5.12839 3.49271 2.735 3.05126 1.79923 2.43467 3.36784 3.0246 1.80168 -0.251789 -0.545723 -1.02448 -2.93253 -4.76941 -9999 -9999 -4.68272 -2.39104 -0.779069 0.0496876 0.302471 0.321497 1.38457 1.46237 2.6069 2.32944 0.79794 0.961605 0.36329 0.738954 1.2701 1.41091 2.18324 2.9257 3.05982 3.05571 3.30022 3.34497 3.3515 3.33831 3.16113 3.23273 3.23821 2.92742 1.12584 0.243684 -0.730918 -3.99539 -9999 -9999 -9999 -9999
-9999 -9999 -9999 6.08249 6.62881 7.22728 7.32238 7.76495 7.71884 7.5924 8.20877 8.43302 8.12353 7.89898 8.29682 8.26298 8.20353 8.10949 6.99494 5.70621 3.75819 2.54602 1.80309 1.27418 0.567723 1.04457 0.892433 0.690131 0.912393 0.347737 -0.778664 -1.8979 -3.98788 -5.12097 -9999 -4.56493 -3.53392 -1.61567 0.0136905 1.04589 0.666835 1.87646 2.09576 2.78935 2.37084 1.43726 1.02934 0.986179 0.856976 1.66789 2.21188 2.59272 2.84456 3.16039 3.23522 3.31066 3.33821 3.35026 3.36272 3.35208 3.33921 3.29645 3.17557 2.3436 1.46051 -0.434666 -3.89343 -9999 -9999 -9999 -9999
-9999 -9999 4.47677 6.01193 6.92981 7.28403 7.53907 7.76346 7.92504 8.09723 8.25635 8.36294 8.31184 7.50057 7.56049 7.69927 8.15055 8.112 8.006 7.29885 4.92956 4.10742 2.9077 1.35677 0.705455 1.02376 2.28655 2.22539 1.38151 0.441508 -0.854443 -1.67986 -2.96357 -5.42291 -5.2082 -4.10905 -3.29263 -1.99078 0.00216232 1.39746 2.01674 2.2468 2.73194 2.98133 2.40708 1.86041 1.62671 1.20042 1.13354 1.12889 1.61576 1.99385 2.84583 3.12701 3.25152 3.3118 3.34122 3.36097 3.38049 3.38316 3.36037 3.35489 3.34167 3.27235 2.10223 -0.818105 -3.01862 -9999 -9999 -9999 -9999
-9999 -9999 -9999 5.72072 6.12354 6.22769 6.41117 6.78856 7.22371 7.84342 7.91988 8.25744 8.25246 7.55369 6.74598 7.4384 7.70974 7.99132 7.99409 7.89811 5.90501 4.86049 4.03726 2.54992 3.07961 3.58304 3.61714 3.30619 1.50222 -0.294488 -2.36392 -4.2995 -4.39706 -5.43998 -4.89618 -4.17207 -2.30382 -0.990764 -0.461776 -0.0835492 1.94231 2.46386 2.63672 3.14958 2.43278 2.24373 1.7028 1.85339 1.7989 1.79419 0.309834 1.78364 1.86376 2.82162 3.24907 3.34033 3.36045 3.38256 3.38087 3.38029 3.3697 3.37322 3.35083 3.32571 2.56216 -1.13571 -2.99728 -9999 -9999 -9999 -9999
-9999 -9999 -9999 -9999 -9999 5.8391 6.14613 6.34226 6.68272 7.73186 8.01139 8.19556 8.20742 7.89319 7.09477 6.87973 7.01908 6.23854 6.88039 7.76079 7.73306 7.62017 5.86862 4.97018 5.83052 5.56302 4.24574 3.20817 2.1841 0.0814894 -1.45742 -3.67481 -5.3413 -5.40916 -3.58107 -2.06331 -0.172711 0.658241 0.176093 0.686093 1.68779 2.8273 3.3745 3.23644 2.48107 2.36686 1.53688 2.33688 2.3982 2.01471 1.68232 1.80412 2.27411 2.44904 3.1971 3.3732 3.39918 3.39864 3.39559 3.38627 3.37585 3.35849 3.3434 3.32539 3.28362 -0.517377 -3.47731 -9999 -9999 -9999 -9999
-9999 -9999 -9999 -9999 -9999 5.10426 5.2908 5.78338 7.05053 7.71446 7.97988 7.96736 8.08747 7.8646 7.16099 6.43851 5.75625 4.87811 5.37086 6.68437 7.45652 7.53951 6.00342 6.79503 6.49203 5.89953 4.17816 2.9085 2.23342 0.214781 -1.51267 -2.98939 -5.02668 -4.16252 -3.21043 -1.98618 0.0773712 1.46758 2.0351 1.54726 2.18586 3.49805 3.49825 2.7694 2.80874 2.35969 1.22828 2.38997 2.71125 2.4382 2.49939 2.39293 2.56328 2.8799 3.18273 3.38203 3.40338 3.40029 3.38738 3.38091 3.37466 3.35318 3.3471 3.32899 3.30195 0.845639 -3.53902 -9999 -9999 -9999 -9999
-9999 -9999 -9999 -9999 -9999 -9999 4.43378 5.55974 7.24245 7.65999 7.61902 7.96349 7.9896 7.65003 7.35408 6.47812 5.28297 2.9926 3.56854 4.7771 6.52262 7.43749 7.30806 6.79086 5.89665 3.73988 1.85198 1.61899 1.30649 -0.167751 -1.49859 -3.1397 -2.19636 -1.16271 -0.0315692 0.560094 0.399468 1.58991 2.55913 2.13868 2.92348 3.83983 3.41389 3.15882 2.94339 2.42586 2.3873 2.43251 3.08895 2.62177 2.89671 2.89638 2.87327 3.02374 3.19825 3.38216 3.40693 3.40103 3.39795 3.36946 3.37061 3.35275 3.33475 3.3174 3.29303 3.06353 0.697471 -0.719309 -9999 -9999 -9999
-9999 -9999 -9999 -9999 -9999 -9999 3.38742 3.94815 5.9413 6.55676 7.43537 7.90007 7.91781 7.34767 7.02743 5.72495 5.29839 3.17912 2.21697 3.02301 2.7065 5.11236 7.24093 6.77134 2.45925 0.894608 -0.222505 0.0591267 0.0577539 -0.355481 -2.61931 -3.24723 -1.22678 0.043517 1.02645 1.77063 1.92099 1.88946 3.4088 3.6053 4.09419 3.97938 4.01801 3.24033 2.75608 3.16267 2.67463 2.58485 3.26331 2.58008 3.18392 3.10448 2.91399 2.89759 3.29358 3.36863 3.40521 3.40114 3.37922 3.3525 3.33432 3.34046 3.32719 3.29743 3.2909 3.26114 2.97154 1.74374 1.30948 1.77409 -9999
-9999 -9999 -9999 -9999 -9999 -9999 -9999 2.08138 4.85194 6.11792 6.78063 7.71439 7.8236 7.51814 6.96787 5.64139 4.47378 2.57872 0.415076 -0.731899 2.68248 5.65368 7.20209 6.99276 3.40253 1.98296 1.91303 2.7423 2.03506 1.49775 -0.222995 -0.740981 -1.4594 -1.02414 0.34753 1.46674 2.54645 3.3295 3.38758 3.89268 4.18073 4.19771 4.28245 4.18438 4.10286 3.34994 3.85565 3.4124 3.63614 3.47996 3.33843 3.21569 2.78357 3.07732 3.33687 3.39902 3.41229 3.39013 3.3801 3.36227 3.33045 3.31243 3.30346 3.29348 3.27219 3.26417 3.24179 3.09714 2.35535 1.36502 0.116037
-9999 -9999 -9999 -9999 -9999 -9999 -9999 0.689776 3.4466 4.77532 6.48372 7.36073 7.71399 7.6626 7.21584 6.20673 4.69009 3.42536 1.01083 -1.49614 2.08863 5.283 7.00347 7.09006 4.07198 4.90284 4.22342 4.4917 3.25172 2.73435 2.32649 1.43476 0.45987 -0.607305 -1.17461 1.3458 2.63714 3.67479 4.16044 4.4317 4.56324 4.48306 4.28616 3.15712 4.00446 3.94901 3.85612 3.75087 3.69616 3.60033 3.48891 3.4203 3.39156 3.10255 3.41435 3.39925 3.39742 3.39266 3.37783 3.35519 3.33425 3.30974 3.30268 3.28458 3.26588 3.25046 3.23747 3.22049 3.17229 2.96954 1.29501
-9999 -9999 -9999 -9999 -9999 -9999 -9999 -3.19385 0.81758 4.04223 5.72396 7.09121 7.46412 7.60054 7.00283 6.55413 5.46544 4.43389 2.84546 0.469189 -0.996275 1.68737 5.58863 7.02686 6.90936 6.81469 6.02975 5.32214 5.22927 5.27818 4.45755 3.25883 1.69567 1.20316 0.65207 2.52797 2.77757 2.6341 4.69574 4.69346 4.56851 3.7695 2.87868 3.03907 2.48385 2.89396 2.23244 2.82586 3.33793 3.52467 3.50145 3.42549 3.40751 3.36992 3.41668 3.40949 3.39425 3.38099 3.37071 3.35611 3.32494 3.30389 3.30492 3.28102 3.26086 3.24166 3.23113 3.21877 3.18108 3.14621 2.8823
-9999 -9999 -9999 -9999 -9999 -9999 -9999 -3.02966 0.346396 3.20701 4.92076 6.56845 6.94762 7.50049 7.37541 6.90573 5.95873 4.77668 3.46841 1.42898 -0.0883445 1.70317 4.29394 6.14605 6.80663 6.79839 6.7492 6.56833 6.48903 6.27958 6.13136 5.2715 3.79241 2.95576 1.73319 3.82423 4.05372 3.7196 4.75917 4.69959 3.10999 1.88579 1.72633 2.464 1.75029 1.61598 1.16983 1.65885 2.98236 2.58333 2.65305 3.24962 3.3423 3.39616 3.4069 3.39633 3.38706 3.37033 3.36523 3.35987 3.32909 3.31076 3.29773 3.26697 3.25505 3.23115 3.21058 3.19287 3.16906 3.13668 3.05626
-9999 -9999 -9999 -9999 -9999 -9999 -9999 -2.97191 -0.698047 1.87569 4.4007 6.16037 6.8676 7.38106 7.37066 6.82557 6.35206 5.60893 4.45731 3.66541 2.29512 0.416884 3.55011 4.51036 5.36418 5.71802 6.60884 6.58251 6.16794 5.69205 6.12966 5.99249 4.82243 4.43433 3.78214 4.94261 4.93945 4.90077 4.83153 3.48779 1.62248 0.129834 1.19075 0.959641 1.44632 -0.0835982 1.15634 2.155 2.47394 1.78469 1.27014 2.83252 3.08202 3.23006 3.32266 3.38132 3.35919 3.36872 3.35286 3.34143 3.32931 3.30855 3.29288 3.27154 3.24975 3.22854 3.20987 3.1842 3.15204 3.14294 3.09792
-9999 -9999 -9999 -9999 -9999 -9999 -9999 -9999 -2.04972 1.21286 4.126 5.74608 6.76323 7.2563 7.24246 6.96122 6.63789 6.17483 5.34226 4.29785 2.65106 1.42708 2.19438 3.13532 3.23631 3.85861 5.67319 6.2901 5.40472 3.22411 4.50248 5.93155 5.9035 5.77622 5.63418 5.45472 5.29089 4.93918 4.00743 1.16649 0.600095 -0.51917 -0.400566 -0.978693 0.263253 -0.212572 1.05924 1.60611 1.80792 0.617405 0.860679 2.23991 2.78354 2.68569 3.01706 3.33442 3.33865 3.34147 3.32658 3.3268 3.32245 3.30996 3.2866 3.26835 3.2528 3.21866 3.21261 3.09954 3.02353 2.87739 3.04207
-9999 -9999 -9999 -9999 -9999 -9999 -9999 -9999 -2.70959 0.54698 3.97812 5.077 6.17369 7.11935 7.13301 6.70597 6.2993 5.88033 5.40395 4.13863 2.91146 1.73968 1.34262 1.57203 1.55188 2.56177 4.9272 5.38139 5.181 2.90098 2.12616 4.03666 5.64145 5.76306 5.61175 3.71177 4.10937 3.08123 1.68872 1.30047 0.686772 -0.602454 0.00717496 -0.939365 -0.544364 -0.657461 0.061325 0.407976 1.2646 0.226165 0.223927 1.57767 2.25957 2.27039 2.98668 3.23809 3.29939 3.31011 3.31591 3.31249 3.31718 3.3037 3.2861 3.26495 3.22328 3.13385 2.8731 1.49434 1.48887 1.85805 2.20726
-9999 -9999 -9999 -9999 -9999 -9999 -9999 -9999 -2.34257 -0.0841615 2.95965 5.21312 5.35057 6.44357 7.00527 6.54136 6.01945 5.48541 5.24871 3.87232 2.36099 1.13886 -0.306572 -0.0747728 0.953874 2.6433 4.16945 4.43838 4.11714 2.89259 3.46357 4.76478 5.45327 5.65254 5.48608 5.06783 4.82351 4.06478 3.73218 2.68031 1.03916 0.38838 0.788812 -0.953465 -0.839593 -0.20541 -0.892056 0.224111 0.75453 -0.584307 0.462517 1.66274 2.27323 2.8063 3.05536 3.1509 3.30075 3.2986 3.30537 3.30603 3.29714 3.2903 3.25808 3.23009 3.07737 2.85546 1.57031 1.02979 1.12717 1.71098 2.22149
-9999 -9999 -9999 -9999 -9999 -9999 -9999 -9999 -1.96726 0.0654441 2.70384 4.30907 4.59246 5.80493 6.88236 6.7563 6.21355 6.04443 5.48187 4.31384 3.02427 1.61533 0.927651 -0.646181 0.892983 2.11341 3.40502 4.00671 2.99967 2.49152 3.37725 4.25774 4.60625 5.49536 5.48138 5.18419 3.92154 3.30259 3.55529 3.28546 2.81763 1.68581 1.62866 0.898909 0.592415 0.302516 -0.620905 -0.0423933 0.00903369 0.157007 1.41912 2.04052 2.4504 2.82273 2.91581 3.0742 3.28162 3.29411 3.29536 3.28787 3.2852 3.26268 3.19495 3.13666 2.83677 2.3113 1.33698 -0.238322 0.859572 2.00805 2.34306
-9999 -9999 -9999 -9999 -9999 -9999 -9999 -9999 -2.32474 -0.165366 2.08869 3.02834 3.1839 5.382 6.72588 6.72304 6.46298 6.16003 4.77866 4.854 4.57339 3.30202 1.45266 -0.577822 -0.392929 0.809257 2.51979 3.08147 1.41968 0.829274 1.25471 2.58858 3.78196 5.02813 5.34049 4.96758 3.00535 0.920286 1.87829 2.90217 2.88987 2.58084 1.53072 1.19249 0.885587 0.117374 -1.17983 -0.994482 -0.643191 0.786817 1.23572 1.93315 2.51134 2.28431 2.40684 2.9599 3.27451 3.2802 3.27944 3.28343 3.26937 3.2434 3.11543 2.98023 2.75798 1.3996 0.552195 -0.677891 0.736797 1.51749 1.9242
-9999 -9999 -9999 -9999 -9999 -9999 -9999 -9999 -3.0051 -1.43954 0.714493 1.57968 2.96255 5.03936 6.05818 6.54382 6.52776 6.3241 5.70265 5.3269 4.59163 3.2694 1.46343 -0.543434 -1.8516 -1.19408 1.10886 1.64768 0.115788 -0.666227 0.296072 1.71783 3.82548 5.02727 5.18468 5.06974 4.66042 3.13651 1.29643 1.29634 2.20967 1.43349 0.532318 1.0175 0.919595 0.161095 -0.392523 -0.730887 -0.533479 0.280561 0.613265 1.41994 2.61386 2.77923 2.73863 3.23762 3.25644 3.26175 3.27428 3.26706 3.25571 3.23374 3.12817 2.90011 1.99369 1.20231 0.104052 -0.0380178 1.22008 1.76416 2.26923
-9999 -9999 -9999 -9999 -9999 -9999 -9999 -9999 -4.16897 -2.32642 -0.309104 1.57941 3.3658 4.9025 5.01646 5.82441 5.81811 6.23891 6.11159 5.53521 4.91524 3.77541 1.45706 -0.493136 -2.61949 -2.06515 0.280378 0.585033 -0.443687 -2.3399 -0.392627 1.7553 3.70139 4.75227 3.91837 4.76139 4.68575 4.11099 3.01313 1.30941 1.33515 0.0565935 -0.00532409 0.641337 0.846671 0.731078 0.313867 -0.349432 -0.244222 0.24689 0.36691 1.10763 2.03225 2.93612 3.08251 3.24961 3.25054 3.24684 3.25446 3.24968 3.22403 3.1707 3.06065 2.29978 1.39614 0.836731 0.0694202 -0.0299346 1.42342 1.995 2.30842
-9999 -9999 -9999 -9999 -9999 -9999 -9999 -9999 -9999 -2.52652 -0.442484 1.09823 1.50926 2.87446 3.60916 4.17649 4.29811 5.92691 6.01176 5.64451 5.07471 4.10193 2.34162 1.11367 -0.926015 -2.39345 -1.79821 -1.51913 -0.986863 -1.15063 -0.285172 1.7786 3.92884 4.15835 2.7831 2.98004 3.26061 3.89675 3.56482 1.24569 0.0642636 -0.91757 -0.231216 0.491071 0.660773 0.689336 0.541913 0.368215 0.0844534 1.05234 1.76672 1.92701 2.54911 3.00668 3.12819 3.21814 3.22347 3.22903 3.22266 3.18906 3.16284 3.03965 2.77178 1.92156 -0.113663 -0.0259438 -0.252413 -0.890512 0.525739 1.41425 2.21269
-9999 -9999 -9999 -9999 -9999 -9999 -9999 -9999 -9999 -3.23279 -0.820892 -0.315693 -0.359061 -1.16482 -0.801836 2.15968 2.75175 4.3136 5.79231 5.67825 5.11925 4.20891 3.15863 1.53526 -0.75796 -2.58109 -3.35231 -1.40025 0.518255 0.909771 1.51791 2.78037 3.01572 1.61037 0.292035 1.02303 1.46089 3.14603 3.44851 3.1135 1.71359 0.113806 -0.724474 0.250665 0.37514 0.427222 0.431975 0.390603 0.342045 1.43787 2.03899 2.45383 2.67653 3.06834 3.16355 3.18948 3.21355 3.19976 3.17264 3.10312 3.02495 2.70302 2.31462 0.926355 -0.232288 -0.957486 -1.87625 0.171248 0.770433 1.60547 2.14239
