Test_Spring_2018b/03_18/Temp/20180309_011.txt
ncols	170
nrows	115
xllcorner	350000.000000
yllcorner	4445000.000000
cellsize	1000.000000
nodata_value	-9999.000000
[rows 32 to 63 of 115, columns 72 to 143 of 170]
13.5458 13.3919 13.6471 13.8824 13.735 13.6416 14.0174 14.024 13.9024 13.608 13.5049 13.3979 13.3356 12.9571 11.8804 10.9106 11.4434 11.4645 11.1106 11.769 11.434 10.5466 9.29026 9.98546 9.81441 8.91508 8.70146 -9999 -9999 -9999 -9999 -9999 -9999 -9999 -9999 -9999 -9999 -9999 -9999 -9999 -9999 -9999 -9999 -9999 -9999 -9999 -9999 -9999 -9999 -9999 -9999 -9999 -9999 -9999 -9999 -9999 -9999 -9999 -9999 -9999 -9999 -9999 -9999 -9999 -9999 -9999 -9999 -9999 -9999 -9999 -9999 -9999
13.3288 13.2668 13.643 13.642 13.6176 13.7435 13.9769 14.0302 13.987 13.8627 13.7563 13.643 13.3437 12.9095 11.9892 10.8842 10.6402 11.1938 11.2285 11.3246 11.0201 10.6354 10.0286 10.5402 10.7437 10.158 9.3876 8.89106 -9999 -9999 -9999 -9999 -9999 -9999 -9999 -9999 -9999 -9999 -9999 -9999 -9999 -9999 -9999 -9999 -9999 -9999 -9999 -9999 -9999 -9999 -9999 -9999 -9999 -9999 -9999 -9999 -9999 -9999 -9999 -9999 -9999 -9999 -9999 -9999 -9999 -9999 -9999 -9999 -9999 -9999 -9999 -9999
13.0705 12.7194 12.949 13.1229 13.4241 13.4977 13.5507 13.998 13.9816 13.9684 13.7878 13.6451 13.4038 12.9861 12.3883 11.6668 10.4045 11.1968 11.8191 11.8119 11.7868 11.5198 10.9373 11.4396 11.4707 10.721 9.8568 9.3614 9.16164 -9999 -9999 -9999 -9999 -9999 -9999 -9999 -9999 -9999 -9999 -9999 -9999 -9999 -9999 -9999 -9999 -9999 -9999 -9999 -9999 -9999 -9999 -9999 -9999 -9999 -9999 -9999 -9999 -9999 -9999 -9999 -9999 -9999 -9999 -9999 -9999 -9999 -9999 -9999 -9999 -9999 -9999 -9999
12.7774 12.3469 12.5778 12.8835 13.3037 13.5157 13.6811 13.8196 13.9609 13.9522 13.7671 13.2061 13.1329 13.1165 12.7283 11.9047 11.0823 10.8757 11.8205 12.0971 12.051 12.2684 11.7763 12.0209 11.9319 11.6721 10.8443 10.094 9.79185 9.18644 -9999 -9999 -9999 -9999 -9999 -9999 -9999 -9999 -9999 -9999 -9999 -9999 -9999 -9999 -9999 -9999 -9999 -9999 -9999 -9999 -9999 -9999 -9999 -9999 -9999 -9999 -9999 -9999 -9999 -9999 -9999 -9999 -9999 -9999 -9999 -9999 -9999 -9999 -9999 -9999 -9999 -9999
-9999 -9999 12.0773 12.483 12.8204 13.2327 13.5873 13.7723 13.9525 13.9456 13.5681 13.3875 13.379 13.1275 12.6782 12.3995 11.8849 11.3485 11.5656 12.3726 12.0261 12.6001 12.5605 12.6725 12.3023 11.5844 10.6325 10.0751 9.80563 9.31667 -9999 -9999 -9999 -9999 -9999 -9999 -9999 -9999 -9999 -9999 -9999 -9999 -9999 -9999 -9999 -9999 -9999 -9999 -9999 -9999 -9999 -9999 -9999 -9999 -9999 -9999 -9999 -9999 -9999 -9999 -9999 -9999 -9999 -9999 -9999 -9999 -9999 -9999 -9999 -9999 -9999 -9999
-9999 -9999 -9999 12.4071 12.6643 13.2217 13.4993 13.6215 13.9077 13.9153 13.7768 13.6744 13.5226 13.3222 12.9867 12.6158 12.1326 12.0959 12.6155 12.6306 12.5326 12.6249 12.8956 12.8345 12.256 11.2463 10.7205 9.63338 9.17735 9.23364 8.91322 -9999 -9999 -9999 -9999 -9999 -9999 -9999 -9999 -9999 -9999 -9999 -9999 10.3097 -9999 -9999 -9999 -9999 -9999 -9999 -9999 -9999 -9999 -9999 -9999 -9999 -9999 -9999 -9999 -9999 -9999 -9999 -9999 -9999 8.57265 -9999 -9999 -9999 -9999 -9999 -9999 -9999
-9999 -9999 12.3579 12.6948 12.9686 13.32 13.3538 13.5584 13.8862 13.8977 13.8015 13.6923 13.4375 13.3807 13.1935 12.7903 12.715 12.8911 12.9771 13.0733 13.1358 13.1008 13.0028 12.8735 12.4951 12.0346 11.728 10.742 10.2421 9.77123 9.05431 8.49562 -9999 -9999 -9999 -9999 -9999 -9999 -9999 9.88495 9.8693 9.89362 10.0643 10.5154 10.2688 -9999 -9999 -9999 -9999 -9999 -9999 -9999 -9999 -9999 -9999 -9999 -9999 -9999 -9999 -9999 -9999 -9999 -9999 -9999 8.97138 8.41199 -9999 -9999 -9999 -9999 -9999 -9999
-9999 -9999 12.4376 12.8054 12.9918 13.3327 13.5302 13.6498 13.7674 13.8805 13.8697 13.7479 13.5591 13.5688 13.3064 13.1693 13.0741 13.3094 13.3633 13.2818 13.1771 13.0852 12.8092 12.7843 12.6911 12.4015 11.921 11.4256 10.6978 9.72106 8.76355 7.99317 -9999 -9999 -9999 -9999 -9999 -9999 9.95441 10.3308 10.561 10.1077 10.5167 10.8916 10.8455 10.5049 -9999 -9999 -9999 -9999 -9999 -9999 -9999 -9999 -9999 -9999 -9999 -9999 -9999 -9999 11.6357 11.0614 9.88945 9.29455 8.94251 8.43498 -9999 -9999 -9999 -9999 -9999 -9999
-9999 -9999 12.3654 12.7984 13.0933 13.3554 13.4015 13.6639 13.7803 13.8439 13.844 13.8259 13.7976 13.5695 13.4766 13.1282 13.4799 13.4765 13.3995 13.066 12.9265 12.3466 12.0959 12.0381 12.5409 12.1825 11.426 10.4784 9.33176 9.26295 8.89175 8.20398 -9999 -9999 -9999 -9999 -9999 -9999 10.0659 10.4679 10.8055 10.8649 10.4147 11.072 11.0588 10.7103 10.6409 10.9493 11.1119 11.011 11.3771 11.4931 11.3461 11.5332 -9999 -9999 -9999 -9999 11.696 11.731 11.7602 11.5275 10.2461 9.37474 8.59365 8.53364 -9999 -9999 -9999 -9999 -9999 -9999
-9999 -9999 12.6614 12.9296 13.0673 13.0934 13.3287 13.5576 13.7011 13.8102 13.7963 13.7954 13.7945 13.7223 13.5434 13.5868 13.5814 13.4816 12.8387 12.0866 12.428 11.9843 11.0182 11.8122 12.2518 11.8445 10.9259 9.85951 9.50894 9.52948 9.00969 8.3396 -9999 -9999 -9999 8.9644 9.53417 9.59399 9.77032 10.3028 10.711 11.0209 11.2365 11.2395 11.0402 10.6999 10.3289 10.4784 11.1815 11.3625 11.5156 11.6355 11.5001 11.592 11.7886 11.8958 11.9268 11.8949 11.8963 11.9227 11.912 11.6956 10.5485 9.89822 9.48781 8.65764 -9999 -9999 -9999 -9999 -9999 -9999
-9999 -9999 12.4942 12.7278 12.9176 13.2282 13.265 13.4643 13.5795 13.7544 13.7806 13.5868 13.7613 13.7486 13.7269 13.6707 13.5842 13.0434 12.2941 11.5427 11.2008 11.3544 10.7802 11.0866 11.532 11.3782 10.817 9.86757 9.73966 9.51906 8.63752 7.79105 -9999 -9999 7.86758 8.95047 9.71652 10.1174 10.2497 10.2733 10.7847 10.8363 11.3862 11.2705 10.5751 10.668 10.4038 10.5959 10.8652 10.9474 11.323 11.6858 11.7644 11.7782 11.9077 11.9437 11.9615 11.9699 11.9015 11.9492 11.966 11.8354 11.0089 10.612 10.175 8.6722 -9999 -9999 -9999 -9999 -9999 -9999
-9999 -9999 12.6088 12.869 13.1533 13.2026 13.4143 13.3973 13.3376 13.6328 13.7431 13.6084 13.5143 13.7117 13.7082 13.6932 13.6624 13.1551 12.5663 11.6694 11.1154 10.7752 10.5386 10.2183 10.4505 10.3887 10.3033 10.4159 10.1583 9.63531 9.12302 8.15704 7.63937 -9999 7.92322 8.41752 9.3266 10.1013 10.5977 10.4357 11.0157 11.1337 11.4717 11.2924 10.8762 10.707 10.7038 10.6603 11.0556 11.3255 11.5186 11.6527 11.816 11.8666 11.9172 11.9451 11.9654 11.9856 11.9948 12.0029 11.9971 11.9551 11.5813 11.1862 10.317 8.72331 -9999 -9999 -9999 -9999 -9999 -9999
-9999 11.8637 12.5798 13.0128 13.1825 13.3058 13.415 13.4953 13.5753 13.6554 13.7134 13.697 13.3291 13.3688 13.4462 13.6699 13.6653 13.6293 13.3123 12.2189 11.8437 11.2942 10.5805 10.2859 10.4438 11.0423 11.0224 10.6369 10.2065 9.60445 9.226 8.63709 7.4993 7.61123 8.13668 8.53076 9.15211 10.0967 10.7628 11.067 11.19 11.431 11.5635 11.3159 11.0806 10.9888 10.807 10.7929 10.8077 11.0517 11.2438 11.6576 11.805 11.8786 11.9221 11.9507 11.9745 11.9978 12.0131 12.0165 12.028 12.0361 12.0201 11.4891 10.1473 9.14114 -9999 -9999 -9999 -9999 -9999 -9999
-9999 -9999 12.4475 12.6396 12.6919 12.7813 12.9614 13.1689 13.4578 13.5003 13.6657 13.6716 13.3548 12.9897 13.3257 13.4657 13.6109 13.6259 13.5946 12.6743 12.1984 11.825 11.1409 11.3975 11.6417 11.6663 11.5294 10.6953 9.86453 8.90132 8.00691 7.97106 7.4928 7.75779 8.10806 8.99317 9.61976 9.88096 10.0724 11.0335 11.2918 11.3914 11.6477 11.3302 11.2622 11.0272 11.115 11.107 11.1219 10.4458 11.1496 11.2035 11.6667 11.8817 11.9393 11.9635 11.9883 12.0016 12.0153 12.0242 12.0399 12.0449 12.0521 11.7118 10.0021 9.15428 -9999 -9999 -9999 -9999 -9999 -9999
-9999 -9999 -9999 -9999 12.5131 12.6598 12.7549 12.9178 13.407 13.5441 13.6378 13.6524 13.5159 13.154 13.0665 13.1452 12.7947 13.1082 13.5314 13.531 13.49 12.6833 12.2738 12.685 12.5691 11.9626 11.4862 11.0159 10.042 9.3264 8.30014 7.53155 7.50991 8.37418 9.09373 9.98924 10.3908 10.18 10.433 10.917 11.4654 11.7377 11.6905 11.3553 11.3223 10.9527 11.344 11.3901 11.2284 11.0902 11.1629 11.3988 11.4965 11.8612 11.9585 11.9851 11.9991 12.0117 12.0212 12.0302 12.0386 12.047 12.0546 12.0515 10.2939 8.93337 -9999 -9999 -9999 -9999 -9999 -9999
-9999 -9999 -9999 -9999 12.1726 12.2628 12.4961 13.0914 13.4008 13.5312 13.533 13.598 13.5042 13.1873 12.8626 12.5578 12.1616 12.4053 13.0318 13.4049 13.4555 12.7494 13.1289 12.9969 12.7292 11.9339 11.3491 11.0415 10.1066 9.30288 8.6222 7.68031 8.09363 8.54879 9.13191 10.1077 10.7703 11.0499 10.8373 11.1514 11.7806 11.7978 11.475 11.511 11.3219 10.8117 11.372 11.5397 11.4296 11.4752 11.4413 11.5373 11.701 11.8578 11.9658 11.9903 12.0029 12.0108 12.0216 12.0336 12.0386 12.0514 12.059 12.0631 10.9335 8.90787 -9999 -9999 -9999 -9999 -9999 -9999
-9999 -9999 -9999 -9999 -9999 11.8652 12.3942 13.1835 13.3779 13.3652 13.5336 13.5548 13.4065 13.28 12.8837 12.3394 11.284 11.5666 12.1441 12.9717 13.4108 13.3614 13.1299 12.722 11.7239 10.8509 10.75 10.6117 9.9308 9.31222 8.55471 9.00426 9.49662 10.0353 10.323 10.2606 10.8299 11.2968 11.1159 11.4983 11.9429 11.7612 11.6597 11.577 11.356 11.3561 11.3952 11.7194 11.5187 11.664 11.6797 11.6853 11.7714 11.8681 11.9688 11.9948 12.0061 12.0185 12.0193 12.0344 12.0412 12.0485 12.0567 12.0622 11.9724 10.8892 10.2462 -9999 -9999 -9999 -9999 -9999
-9999 -9999 -9999 -9999 -9999 11.3794 11.6447 12.5792 12.866 13.2827 13.5074 13.5247 13.2688 13.1308 12.5352 12.3497 11.3743 10.9383 11.3279 11.1928 12.328 13.3329 13.1237 11.1201 10.3986 9.88548 10.0249 10.0319 9.84648 8.79232 8.50785 9.46028 10.0631 10.5326 10.8915 10.9744 10.9732 11.6971 11.8039 12.0482 12.0114 12.0467 11.7012 11.493 11.7035 11.4938 11.4698 11.8042 11.5026 11.8014 11.7801 11.7074 11.7154 11.9155 11.9653 11.9967 12.0092 12.0127 12.0144 12.0205 12.0386 12.0482 12.0508 12.0648 12.0683 11.9547 11.3999 11.2156 11.4507 -9999 -9999 -9999
-9999 -9999 -9999 -9999 -9999 -9999 10.7764 12.0742 12.6648 12.981 13.4248 13.4849 13.3511 13.1062 12.4998 11.9682 11.0973 10.1012 9.57759 11.1843 12.5834 13.3175 13.2298 11.5634 10.9098 10.8857 11.281 10.9587 10.7155 9.91493 9.68192 9.3558 9.56889 10.2194 10.7545 11.2709 11.65 11.6917 11.9432 12.0927 12.1174 12.1742 12.146 12.1257 11.7948 12.0489 11.8598 11.9818 11.9261 11.8768 11.8351 11.6495 11.8022 11.9385 11.9821 12.0042 12.0074 12.0165 12.0224 12.0224 12.0292 12.041 12.0529 12.06 12.0738 12.085 12.0359 11.7078 11.2636 10.6983 -9999 -9999
-9999 -9999 -9999 -9999 -9999 -9999 10.1302 11.4221 12.0422 12.8469 13.2617 13.436 13.423 13.2263 12.7678 12.0731 11.4962 10.3827 9.22588 10.9114 12.4129 13.2274 13.2784 11.8789 12.2761 11.9678 12.1014 11.5307 11.2971 11.1095 10.7023 10.2566 9.76756 9.51541 10.7036 11.3189 11.8168 12.0581 12.2003 12.2781 12.2559 12.1805 11.6708 12.084 12.0786 12.0531 12.0217 12.0135 11.9858 11.9504 11.9338 11.9363 11.8168 11.9785 11.9882 12.001 12.0124 12.0194 12.0232 12.0284 12.0325 12.0454 12.0531 12.0615 12.0718 12.0875 12.0978 12.0935 12.0167 11.2525 10.8007 10.6856
-9999 -9999 -9999 -9999 -9999 -9999 8.32076 10.199 11.7007 12.4937 13.14 13.3242 13.3988 13.1315 12.9345 12.4392 11.971 11.2429 10.1468 9.47567 10.7392 12.5722 13.2517 13.2066 13.172 12.8146 12.4931 12.4582 12.4894 12.1092 11.5577 10.8378 10.6209 10.3744 11.2618 11.3909 11.3374 12.3144 12.3287 12.2866 11.9304 11.5294 11.6218 11.3788 11.5906 11.2994 11.5938 11.8501 11.9541 11.9597 11.9394 11.9487 11.9462 11.9866 11.997 12.0037 12.0113 12.0206 12.0283 12.0288 12.0346 12.0513 12.0572 12.0651 12.0725 12.0893 12.1016 12.102 12.1034 11.9976 11.8312 11.5036
-9999 -9999 -9999 -9999 -9999 -9999 8.39764 9.9724 11.3153 12.1224 12.9009 13.0881 13.3571 13.3103 13.1033 12.674 12.1352 11.5376 10.5985 9.90294 10.7517 11.9707 12.8464 13.1647 13.1678 13.1543 13.079 13.05 12.9609 12.8944 12.5027 11.8258 11.4457 10.886 11.874 11.9938 11.8513 12.351 12.3384 11.6123 11.0573 10.9999 11.3587 11.0429 11.0006 10.8078 11.0532 11.688 11.5207 11.5695 11.8629 11.9216 11.9671 11.9863 11.9954 12.005 12.0112 12.0231 12.0353 12.0361 12.0433 12.0534 12.0558 12.0678 12.0742 12.0867 12.0945 12.1011 12.1035 12.0831 12.0625 12.117
-9999 -9999 -9999 -9999 -9999 -9999 8.43089 9.4889 10.6984 11.8843 12.7154 13.0558 13.3064 13.3132 13.0708 12.8622 12.5281 12.0033 11.6464 11.0193 10.1546 11.6292 12.0859 12.4946 12.6697 13.0951 13.0921 12.9075 12.6848 12.8989 12.849 12.3132 12.1428 11.8497 12.4035 12.4148 12.4102 12.3922 11.7799 10.9248 10.2442 10.7562 10.6652 10.9063 10.2123 10.8108 11.2943 11.4601 11.1519 10.9277 11.6719 11.8103 11.8941 11.9517 11.9933 11.9971 12.0158 12.0229 12.0324 12.042 12.0481 12.057 12.0637 12.0706 12.0787 12.092 12.0978 12.1054 12.1187 12.1117 12.1176 12.1269
-9999 -9999 -9999 -9999 -9999 -9999 -9999 8.86383 10.393 11.762 12.5279 13.013 13.254 13.259 13.1395 13.0009 12.7972 12.4211 11.9461 11.1896 10.6303 11.0002 11.4475 11.5046 11.8054 12.6625 12.9601 12.5562 11.54 12.1513 12.8288 12.8263 12.7778 12.723 12.6501 12.5865 12.4358 12.0151 10.7036 10.4561 9.94965 10.0215 9.7684 10.3617 10.1597 10.7706 11.0428 11.1537 10.6142 10.7427 11.4099 11.6788 11.6478 11.8169 11.9767 11.9931 12.0088 12.0166 12.0317 12.045 12.055 12.0635 12.0718 12.0818 12.0845 12.1038 12.0688 12.0509 12 12.0937 12.1145 12.1416
-9999 -9999 -9999 -9999 -9999 -9999 -9999 8.55707 10.0863 11.6976 12.2205 12.7429 13.1952 13.213 13.0254 12.8476 12.6643 12.4543 11.8759 11.3152 10.7801 10.6063 10.7247 10.7219 11.2039 12.3185 12.5405 12.4568 11.399 11.0479 11.9506 12.7108 12.779 12.7201 11.8455 12.044 11.5776 10.9417 10.7752 10.5041 9.91796 10.2187 9.79322 9.99417 9.95757 10.3099 10.4884 10.9048 10.4361 10.45 11.106 11.4396 11.4595 11.8085 11.9404 11.9836 12.0032 12.0208 12.0344 12.0522 12.0619 12.0701 12.077 12.0745 12.05 11.9471 11.3255 11.3403 11.5297 11.7094 12.0293 12.1341
-9999 -9999 -9999 -9999 -9999 -9999 -9999 8.732 9.79573 11.2265 12.2887 12.3635 12.8848 13.1584 12.9535 12.7218 12.4846 12.3863 11.7559 11.0624 10.5037 9.84044 9.95997 10.4512 11.2461 11.9691 12.105 11.9653 11.4008 11.6783 12.297 12.6298 12.7346 12.669 12.4862 12.3852 12.0446 11.9035 11.4271 10.676 10.3877 10.5905 9.79313 9.8625 10.1748 9.87025 10.4078 10.6716 10.0626 10.5752 11.1512 11.4516 11.7155 11.8467 11.9061 11.9908 12.0047 12.0229 12.0386 12.0501 12.0629 12.0641 12.0676 12.0132 11.9265 11.3436 11.115 11.1776 11.467 11.7219 12.0003 12.1163
-9999 -9999 -9999 -9999 -9999 -9999 -9999 8.91067 9.86946 11.1113 11.8712 12.0143 12.5915 13.1059 13.0587 12.8172 12.7502 12.4997 11.9664 11.3763 10.7303 10.4209 9.69744 10.4271 11.003 11.6168 11.9083 11.4451 11.2191 11.644 12.0666 12.2411 12.6682 12.674 12.548 11.9717 11.6964 11.8285 11.717 11.5135 11.0004 10.9893 10.6644 10.5372 10.4179 10.0024 10.2887 10.3288 10.4227 11.0276 11.3334 11.5403 11.7294 11.7879 11.8769 11.9887 12.0096 12.0255 12.0374 12.0518 12.0573 12.0419 12.0311 11.9078 11.6792 11.2412 10.5296 11.0591 11.6121 11.7944 11.9695 12.0637
-9999 -9999 -9999 -9999 -9999 -9999 -9999 8.74712 9.76544 10.8282 11.2776 11.3612 12.3987 13.0376 13.0479 12.9384 12.8089 12.1759 12.2231 12.1039 11.5221 10.6703 9.73373 9.83123 10.4024 11.2081 11.4812 10.7127 10.4486 10.6589 11.2935 11.8627 12.4568 12.6152 12.454 11.5512 10.5915 11.0528 11.5452 11.5543 11.4251 10.9502 10.8078 10.6802 10.3374 9.75016 9.84965 10.0297 10.7222 10.9479 11.2893 11.5749 11.4844 11.5569 11.8303 11.9924 12.0104 12.0254 12.0428 12.0519 12.0557 12.0121 11.9653 11.8781 11.2605 10.8816 10.3283 11.0085 11.3897 11.6128 11.976 12.0723
-9999 -9999 -9999 -9999 -9999 -9999 -9999 8.43272 9.17416 10.1906 10.6054 11.2623 12.2432 12.7305 12.9689 12.9733 12.8901 12.6119 12.4484 12.1169 11.5113 10.6798 9.75424 9.15475 9.47283 10.5539 10.8206 10.1091 9.75587 10.2171 10.8929 11.8892 12.4628 12.5491 12.5085 12.3308 11.633 10.788 10.8023 11.2434 10.896 10.4904 10.7323 10.7021 10.3637 10.1209 9.97826 10.0957 10.4918 10.6633 11.0559 11.6291 11.722 11.7186 11.967 11.9912 12.0091 12.0304 12.0426 12.0531 12.0587 12.0255 11.9352 11.5284 11.1755 10.6793 10.6296 11.2411 11.5215 11.7814 11.9663 12.0352
-9999 -9999 -9999 -9999 -9999 -9999 -9999 7.89251 8.76359 9.71643 10.6093 11.4547 12.1837 12.2486 12.6376 12.6466 12.855 12.8074 12.5502 12.2726 11.7521 10.6813 9.78223 8.80081 9.07078 10.1758 10.3214 9.85305 8.97978 9.90103 10.9161 11.8371 12.3405 11.9641 12.3709 12.349 12.0944 11.5959 10.8148 10.8414 10.2594 10.2455 10.5627 10.674 10.6356 10.4564 10.1648 10.2365 10.4822 10.5545 10.9164 11.3641 11.8019 11.886 11.9797 11.9957 12.0095 12.0286 12.042 12.0458 12.0367 12.0013 11.6623 11.2567 11.0119 10.6702 10.6404 11.3396 11.6366 11.8072 11.9689 12.0407
-9999 -9999 -9999 -9999 -9999 -9999 -9999 -9999 8.67355 9.6578 10.3886 10.5921 11.2411 11.596 11.8728 11.9415 12.7139 12.7654 12.6058 12.3516 11.9091 11.0988 10.5369 9.59597 8.92208 9.21325 9.34394 9.60445 9.54012 9.95644 10.9324 11.9489 12.0688 11.4399 11.5451 11.6896 12.0004 11.8595 10.7911 10.254 9.81042 10.1458 10.4983 10.5929 10.6217 10.5686 10.514 10.3959 10.8643 11.2142 11.3054 11.612 11.8417 11.9143 11.9721 11.9904 12.0086 12.0213 12.0213 12.0247 11.983 11.8738 11.4929 10.559 10.6163 10.5271 10.2458 10.9336 11.3806 11.7702 11.9834 12.0484
-9999 -9999 -9999 -9999 -9999 -9999 -9999 -9999 8.34713 9.48467 9.7322 9.72376 9.3595 9.54096 10.9356 11.2241 11.9653 12.6676 12.6262 12.377 11.9636 11.4848 10.7383 9.67893 8.83898 8.48622 9.40829 10.312 10.5069 10.8032 11.4051 11.5277 10.8845 10.2822 10.6369 10.8549 11.6554 11.8107 11.6686 11.0295 10.2974 9.921 10.3914 10.465 10.5049 10.5228 10.5285 10.5239 11.0503 11.3476 11.5578 11.6781 11.8773 11.9379 11.966 11.9931 12.0024 12.0054 11.9886 11.9677 11.8332 11.6677 11.0355 10.5107 10.1884 9.77602 10.7486 11.055 11.4721 11.7449 11.9573 12.0144
