Test_Spring_2018b/03_18/Temp/20180315_012.txt
ncols	170
nrows	115
xllcorner	350000.000000
yllcorner	4445000.000000
cellsize	1000.000000
nodata_value	-9999.000000
[rows 32 to 63 of 115, columns 72 to 143 of 170]
13.7764 13.6388 13.8711 14.0853 13.9419 13.8544 14.1895 14.1967 14.0882 13.8234 13.7318 13.637 13.5827 13.2425 12.2708 11.3961 11.8807 11.9024 11.5849 12.1832 11.8827 11.0823 9.94805 10.5792 10.4266 9.6088 9.41761 -9999 -9999 -9999 -9999 -9999 -9999 -9999 -9999 -9999 -9999 -9999 -9999 -9999 -9999 -9999 -9999 -9999 -9999 -9999 -9999 -9999 -9999 -9999 -9999 -9999 -9999 -9999 -9999 -9999 -9999 -9999 -9999 -9999 -9999 -9999 -9999 -9999 -9999 -9999 -9999 -9999 -9999 -9999 -9999 -9999
13.5822 13.5277 13.8695 13.8698 13.843 13.9483 14.1548 14.2043 14.1667 14.0559 13.9614 13.8608 13.5922 13.2017 12.3714 11.3743 11.1561 11.6595 11.6935 11.783 11.51 11.1643 10.6177 11.0827 11.2689 10.7412 10.0397 9.58867 -9999 -9999 -9999 -9999 -9999 -9999 -9999 -9999 -9999 -9999 -9999 -9999 -9999 -9999 -9999 -9999 -9999 -9999 -9999 -9999 -9999 -9999 -9999 -9999 -9999 -9999 -9999 -9999 -9999 -9999 -9999 -9999 -9999 -9999 -9999 -9999 -9999 -9999 -9999 -9999 -9999 -9999 -9999 -9999
13.3509 13.0347 13.2437 13.4022 13.6654 13.722 13.7711 14.1772 14.1638 14.1535 13.9919 13.8647 13.6486 13.273 12.7345 12.0843 10.9448 11.6641 12.2296 12.2257 12.2053 11.9661 11.4414 11.898 11.9283 11.2512 10.4611 10.0156 9.83758 -9999 -9999 -9999 -9999 -9999 -9999 -9999 -9999 -9999 -9999 -9999 -9999 -9999 -9999 -9999 -9999 -9999 -9999 -9999 -9999 -9999 -9999 -9999 -9999 -9999 -9999 -9999 -9999 -9999 -9999 -9999 -9999 -9999 -9999 -9999 -9999 -9999 -9999 -9999 -9999 -9999 -9999 -9999
13.088 12.6999 12.9101 13.1877 13.5637 13.7461 13.891 14.0176 14.1469 14.1406 13.975 13.4694 13.4053 13.3928 13.0441 12.3014 11.5599 11.3755 12.2328 12.4854 12.4461 12.6451 12.202 12.4254 12.3469 12.1131 11.3626 10.6796 10.409 9.86411 -9999 -9999 -9999 -9999 -9999 -9999 -9999 -9999 -9999 -9999 -9999 -9999 -9999 -9999 -9999 -9999 -9999 -9999 -9999 -9999 -9999 -9999 -9999 -9999 -9999 -9999 -9999 -9999 -9999 -9999 -9999 -9999 -9999 -9999 -9999 -9999 -9999 -9999 -9999 -9999 -9999 -9999
-9999 -9999 12.4594 12.8222 13.1234 13.4919 13.808 13.9766 14.1409 14.1363 13.7966 13.6352 13.6297 13.4045 13.0004 12.7508 12.2879 11.8051 12.0039 12.7364 12.4252 12.9468 12.9131 13.0164 12.6835 12.0312 11.1723 10.6638 10.4226 9.98302 -9999 -9999 -9999 -9999 -9999 -9999 -9999 -9999 -9999 -9999 -9999 -9999 -9999 -9999 -9999 -9999 -9999 -9999 -9999 -9999 -9999 -9999 -9999 -9999 -9999 -9999 -9999 -9999 -9999 -9999 -9999 -9999 -9999 -9999 -9999 -9999 -9999 -9999 -9999 -9999 -9999 -9999
-9999 -9999 -9999 12.7554 12.9841 13.4889 13.7302 13.8418 14.1019 14.1103 13.9868 13.8962 13.7611 13.5822 13.2812 12.9482 12.5136 12.483 12.9555 12.9716 12.8852 12.9709 13.2177 13.1643 12.6418 11.7266 11.2529 10.2653 9.85523 9.90881 9.62174 -9999 -9999 -9999 -9999 -9999 -9999 -9999 -9999 -9999 -9999 -9999 -9999 10.9356 -9999 -9999 -9999 -9999 -9999 -9999 -9999 -9999 -9999 -9999 -9999 -9999 -9999 -9999 -9999 -9999 -9999 -9999 -9999 -9999 9.47112 -9999 -9999 -9999 -9999 -9999 -9999 -9999
-9999 -9999 12.7174 13.0133 13.2612 13.5793 13.6055 13.7861 14.0839 14.0957 14.0104 13.9136 13.6854 13.6365 13.4697 13.1075 13.0421 13.204 13.2844 13.3738 13.4325 13.4029 13.3162 13.2011 12.856 12.4411 12.1655 11.2755 10.8194 10.3959 9.75 9.24744 -9999 -9999 -9999 -9999 -9999 -9999 -9999 10.5339 10.5241 10.5506 10.7095 11.1222 10.9038 -9999 -9999 -9999 -9999 -9999 -9999 -9999 -9999 -9999 -9999 -9999 -9999 -9999 -9999 -9999 -9999 -9999 -9999 -9999 9.83157 9.33111 -9999 -9999 -9999 -9999 -9999 -9999
-9999 -9999 12.7829 13.1155 13.2839 13.5923 13.7709 13.8701 13.9775 14.0811 14.073 13.9649 13.7964 13.8077 13.5731 13.4518 13.3685 13.584 13.6354 13.5641 13.4715 13.3904 13.1425 13.1217 13.0347 12.7742 12.341 11.8945 11.2324 10.351 9.48736 8.79317 -9999 -9999 -9999 -9999 -9999 -9999 10.5927 10.9375 11.1501 10.7445 11.1191 11.4629 11.4259 11.1236 -9999 -9999 -9999 -9999 -9999 -9999 -9999 -9999 -9999 -9999 -9999 -9999 -9999 -9999 12.2201 11.7057 10.6508 10.1181 9.80516 9.3517 -9999 -9999 -9999 -9999 -9999 -9999
-9999 -9999 12.7201 13.1113 13.3774 13.614 13.6554 13.8881 13.9901 14.0488 14.0506 14.0362 14.013 13.8093 13.7282 13.4159 13.737 13.7367 13.6697 13.3704 13.2464 12.7237 12.4986 12.444 12.9001 12.5772 11.894 11.038 9.99638 9.93695 9.60353 8.98396 -9999 -9999 -9999 -9999 -9999 -9999 10.6935 11.0615 11.3714 11.4297 11.0271 11.6264 11.6201 11.3098 11.2519 11.5359 11.6878 11.5993 11.9382 12.048 11.9197 12.0937 -9999 -9999 -9999 -9999 12.2642 12.3008 12.3323 12.1269 10.973 10.1902 9.48926 9.44291 -9999 -9999 -9999 -9999 -9999 -9999
-9999 -9999 12.9903 13.2319 13.3554 13.378 13.5902 13.7924 13.9191 14.0189 14.008 14.0093 14.0111 13.9485 13.7897 13.8321 13.8304 13.743 13.1643 12.4864 12.7976 12.3975 11.5225 12.241 12.6399 12.2724 11.4423 10.4786 10.1571 10.1783 9.71024 9.107 -9999 -9999 -9999 9.68509 10.2044 10.2626 10.4264 10.9126 11.2864 11.5709 11.7706 11.7773 11.6036 11.3007 10.97 11.1102 11.7512 11.9198 12.0638 12.1771 12.0592 12.1475 12.3298 12.4312 12.4637 12.4394 12.4453 12.4741 12.4694 12.2788 11.2461 10.6634 10.2979 9.55943 -9999 -9999 -9999 -9999 -9999 -9999
-9999 -9999 12.8409 13.0509 13.2213 13.5 13.5323 13.7121 13.8124 13.9688 13.994 13.8209 13.9814 13.9729 13.9564 13.9089 13.8339 13.3478 12.6729 11.9958 11.6888 11.8278 11.3099 11.5872 11.9911 11.8514 11.3443 10.4863 10.3716 10.1687 9.37386 8.61044 -9999 -9999 8.68864 9.67193 10.3689 10.7356 10.8597 10.8856 11.3529 11.4044 11.9068 11.8062 11.1836 11.2727 11.0381 11.2169 11.4662 11.5454 11.8884 12.2234 12.299 12.3159 12.4375 12.4744 12.4948 12.5069 12.4496 12.4976 12.5178 12.4048 11.6626 11.3092 10.9212 9.572 -9999 -9999 -9999 -9999 -9999 -9999
-9999 -9999 12.9454 13.179 13.4346 13.4777 13.6681 13.6515 13.5936 13.8613 13.9602 13.8406 13.7582 13.9398 13.94 13.93 13.9056 13.45 12.9204 12.1117 11.6129 11.3055 11.0928 10.8025 11.0134 10.9582 10.8816 10.9842 10.7503 10.2739 9.81229 8.94115 8.47537 -9999 8.73831 9.18911 10.0155 10.7206 11.1741 11.0322 11.5617 11.6734 11.9834 11.8262 11.4563 11.3091 11.3112 11.2769 11.6394 11.8879 12.0659 12.1919 12.3459 12.3961 12.4461 12.4755 12.4981 12.5208 12.5336 12.5457 12.5455 12.5127 12.18 11.8295 11.0492 9.6178 -9999 -9999 -9999 -9999 -9999 -9999
-9999 12.2788 12.921 13.3106 13.4621 13.5718 13.669 13.7406 13.8092 13.8814 13.9351 13.9207 13.5906 13.6299 13.7034 13.9096 13.9091 13.88 13.5965 12.6102 12.2718 11.7758 11.1313 10.8648 11.0083 11.5503 11.5327 11.1843 10.7954 10.2476 9.90526 9.37453 8.3481 8.45218 8.93076 9.29087 9.85695 10.7158 11.3229 11.603 11.7191 11.9416 12.0666 11.8484 11.6422 11.5643 11.405 11.3973 11.4155 11.6411 11.8182 12.1969 12.3349 12.407 12.4505 12.4805 12.5062 12.5316 12.5499 12.5576 12.573 12.5856 12.5776 12.1031 10.8962 9.99611 -9999 -9999 -9999 -9999 -9999 -9999
-9999 -9999 12.803 12.9743 13.0192 13.0979 13.259 13.4453 13.7028 13.7415 13.8923 13.8989 13.614 13.287 13.5948 13.7254 13.8606 13.8779 13.8529 13.022 12.5935 12.2574 11.6396 11.8716 12.093 12.1155 11.9919 11.2374 10.486 9.61149 8.80363 8.77288 8.34138 8.58423 8.90428 9.70863 10.2795 10.5201 10.6979 11.5724 11.8106 11.9064 12.1436 11.8617 11.8067 11.5995 11.6841 11.6819 11.7003 11.0934 11.7335 11.7869 12.2104 12.4091 12.4662 12.4921 12.5186 12.5348 12.5516 12.5644 12.5835 12.5939 12.6068 12.3051 10.7647 10.0078 -9999 -9999 -9999 -9999 -9999 -9999
-9999 -9999 -9999 -9999 12.8582 12.9885 13.0724 13.2182 13.6569 13.7811 13.8668 13.8817 13.7608 13.4359 13.3606 13.4358 13.1228 13.41 13.7958 13.7981 13.7633 13.035 12.6648 13.0374 12.9329 12.3842 11.9533 11.5278 10.6467 9.99617 9.06885 8.37505 8.35747 9.14186 9.79565 10.6094 10.9767 10.7904 11.024 11.4669 11.9682 12.2199 12.1825 11.8846 11.8615 11.5325 11.8917 11.9386 11.7972 11.6769 11.7461 11.9641 12.0569 12.3912 12.4833 12.5118 12.5285 12.544 12.557 12.5697 12.5829 12.5961 12.6088 12.6123 11.0286 9.80788 -9999 -9999 -9999 -9999 -9999 -9999
-9999 -9999 -9999 -9999 12.5509 12.6298 12.8386 13.3755 13.6515 13.7695 13.7721 13.8326 13.7502 13.4667 13.1765 12.9049 12.5504 12.7746 13.3447 13.685 13.7329 13.0957 13.4393 13.3205 13.0785 12.359 11.8298 11.5514 10.7055 9.97519 9.36042 8.50972 8.88556 9.29976 9.83028 10.7165 11.3201 11.5775 11.3898 11.6791 12.2536 12.2745 11.9879 12.026 11.8615 11.4055 11.9176 12.0744 11.9798 12.0257 11.9986 12.09 12.2425 12.3886 12.4904 12.5166 12.5322 12.5434 12.5575 12.5732 12.5829 12.6 12.6129 12.6229 11.6074 9.78496 -9999 -9999 -9999 -9999 -9999 -9999
-9999 -9999 -9999 -9999 -9999 12.2707 12.747 13.4593 13.6313 13.6199 13.7731 13.794 13.6623 13.551 13.1962 12.7078 11.7571 12.0165 12.5423 13.2937 13.6931 13.6501 13.4409 13.0725 12.1698 11.3799 11.2885 11.1632 10.5471 9.98422 9.29987 9.70796 10.1553 10.645 10.9082 10.8552 11.3743 11.8012 11.6422 11.9934 12.4008 12.2419 12.1556 12.0862 11.8929 11.8986 11.9392 12.2376 12.061 12.1972 12.2149 12.2245 12.3067 12.3984 12.4936 12.5211 12.5354 12.5508 12.5559 12.5743 12.5856 12.5978 12.6112 12.6224 12.5476 11.5779 11.0033 -9999 -9999 -9999 -9999 -9999
-9999 -9999 -9999 -9999 -9999 11.8317 12.0696 12.9133 13.1689 13.5461 13.7502 13.7676 13.5385 13.4167 12.8815 12.7177 11.8395 11.4485 11.8042 11.6848 12.714 13.6248 13.4358 11.6239 10.9714 10.5073 10.6333 10.6395 10.4716 9.51472 9.25835 10.1214 10.6686 11.0958 11.4234 11.5018 11.5047 12.1641 12.2655 12.4916 12.4636 12.5009 12.1939 12.011 12.208 12.0238 12.0074 12.3151 12.0471 12.3221 12.3063 12.245 12.2567 12.4419 12.491 12.5234 12.5389 12.5462 12.552 12.5624 12.5839 12.5982 12.6065 12.6253 12.635 12.5424 12.0476 11.8879 12.1075 -9999 -9999 -9999
-9999 -9999 -9999 -9999 -9999 -9999 11.2848 12.4574 12.988 13.2743 13.6768 13.7328 13.6135 13.3952 12.8503 12.3733 11.5895 10.6922 10.2209 11.6773 12.9453 13.6112 13.5322 12.0254 11.4345 11.4129 11.7706 11.479 11.259 10.5315 10.3218 10.0281 10.2228 10.8135 11.3007 11.7714 12.1184 12.1605 12.3929 12.533 12.5605 12.6172 12.5972 12.5842 12.2915 12.5268 12.361 12.4765 12.4309 12.391 12.3567 12.1933 12.3358 12.4633 12.5069 12.5313 12.5381 12.5505 12.5602 12.5648 12.5764 12.5926 12.6093 12.6219 12.6408 12.661 12.6236 12.3338 11.9387 11.4339 -9999 -9999
-9999 -9999 -9999 -9999 -9999 -9999 10.7011 11.8687 12.426 13.1543 13.5299 13.6889 13.6797 13.5049 13.0938 12.469 11.951 10.9474 9.90443 11.4318 12.7912 13.5299 13.5774 12.3112 12.6712 12.3926 12.5138 11.9977 11.7866 11.6137 11.2464 10.8448 10.4039 10.1786 11.2565 11.8166 12.271 12.4937 12.6271 12.7025 12.6866 12.6242 12.1684 12.5476 12.5493 12.5316 12.5083 12.5059 12.4857 12.4583 12.4466 12.4534 12.3497 12.5007 12.5139 12.5294 12.5437 12.5542 12.5621 12.5714 12.5801 12.597 12.6107 12.6244 12.64 12.6642 12.6805 12.6834 12.6207 11.9358 11.5333 11.4363
-9999 -9999 -9999 -9999 -9999 -9999 9.06505 10.7634 12.1175 12.8355 13.4205 13.5891 13.6592 13.4204 13.2456 12.8012 12.3813 11.7262 10.7381 10.134 11.2788 12.9392 13.5535 13.5128 13.4823 13.1597 12.8692 12.8381 12.8668 12.5196 12.0216 11.372 11.1784 10.9579 11.7637 11.8839 11.8394 12.7276 12.7452 12.712 12.395 12.036 12.1247 11.9107 12.1089 11.8507 12.1222 12.3589 12.4578 12.4675 12.4524 12.4662 12.4682 12.5095 12.523 12.533 12.5439 12.5566 12.568 12.5732 12.5834 12.6038 12.6144 12.6274 12.6417 12.667 12.6849 12.6919 12.6997 12.6104 12.4659 12.1768
-9999 -9999 -9999 -9999 -9999 -9999 9.13492 10.5551 11.7702 12.4998 13.2057 13.377 13.6229 13.5836 13.3995 13.0146 12.5306 11.9934 11.1472 10.5209 11.2915 12.3953 13.1893 13.4775 13.4791 13.4678 13.4004 13.3749 13.2949 13.2314 12.8785 12.2685 11.9268 11.4231 12.3199 12.4317 12.3067 12.763 12.7562 12.104 11.6069 11.5601 11.8881 11.6074 11.5757 11.407 11.6341 12.2133 12.0679 12.1165 12.3851 12.4426 12.4889 12.5104 12.5227 12.5354 12.5452 12.5603 12.5758 12.5812 12.5927 12.6071 12.6147 12.6311 12.6428 12.6643 12.6794 12.6919 12.7004 12.6882 12.6761 12.7328
-9999 -9999 -9999 -9999 -9999 -9999 9.16823 10.1187 11.2135 12.2858 13.0392 13.3493 13.5785 13.5874 13.3712 13.1859 12.8869 12.4154 12.0957 11.5313 10.7517 12.0881 12.5017 12.8717 13.0319 13.4177 13.4157 13.2495 13.0421 13.2373 13.1944 12.7117 12.5599 12.2975 12.8015 12.8152 12.8149 12.8027 12.2532 11.4842 10.8733 11.3414 11.2641 11.4853 10.8638 11.4117 11.854 12.0088 11.7352 11.5369 12.2132 12.3439 12.424 12.4803 12.522 12.5297 12.5508 12.5616 12.5747 12.5882 12.5986 12.6118 12.6233 12.635 12.6481 12.6703 12.682 12.6955 12.7138 12.7151 12.7265 12.7422
-9999 -9999 -9999 -9999 -9999 -9999 -9999 9.55628 10.9381 12.1778 12.8723 13.3131 13.5335 13.5407 13.4355 13.3132 13.1321 12.795 12.3683 11.6868 11.1834 11.5204 11.9252 11.9772 12.2507 13.0273 13.2977 12.9333 12.0097 12.5648 13.1795 13.1794 13.1379 13.091 13.0272 12.9731 12.8406 12.464 11.2818 11.0633 10.6099 10.6798 10.4557 10.9952 10.8189 11.3765 11.6277 11.7327 11.2492 11.3684 11.978 12.2257 12.202 12.3592 12.5084 12.5274 12.546 12.5575 12.5757 12.5925 12.6065 12.619 12.6318 12.6463 12.6543 12.6824 12.657 12.6471 12.6072 12.6981 12.7229 12.7583
-9999 -9999 -9999 -9999 -9999 -9999 -9999 9.27715 10.6617 12.1207 12.5955 13.0701 13.4817 13.5004 13.3335 13.1756 13.0128 12.8259 12.3056 11.8011 11.3196 11.1648 11.274 11.2697 11.7074 12.7172 12.9194 12.845 11.8843 11.5685 12.3873 13.0773 13.1415 13.0911 12.3029 12.4859 12.0677 11.4964 11.35 11.1091 10.5835 10.8602 10.48 10.6666 10.6374 10.9611 11.1273 11.5087 11.0893 11.1046 11.7041 12.0104 12.0328 12.3529 12.4766 12.52 12.5422 12.5626 12.5795 12.6004 12.6141 12.6265 12.6379 12.6411 12.6243 12.537 11.9857 12.0051 12.1825 12.3511 12.6483 12.7525
-9999 -9999 -9999 -9999 -9999 -9999 -9999 9.43597 10.3996 11.6956 12.6584 12.7282 13.2021 13.4522 13.2696 13.0629 12.8512 12.7652 12.1977 11.5731 11.0702 10.4726 10.5829 11.0293 11.7465 12.4022 12.5268 12.4019 11.8875 12.1408 12.7028 13.0064 13.1038 13.0474 12.8852 12.7973 12.4928 12.3691 11.9422 11.267 11.0106 11.1986 10.4818 10.5492 10.8363 10.5646 11.0556 11.299 10.7525 11.2206 11.7463 12.0225 12.2658 12.3888 12.4469 12.528 12.545 12.566 12.5848 12.6 12.6165 12.6226 12.6309 12.5869 12.5139 11.9919 11.7964 11.8589 12.1266 12.3631 12.6268 12.7373
-9999 -9999 -9999 -9999 -9999 -9999 -9999 9.59805 10.467 11.5923 12.2817 12.4133 12.9379 13.4059 13.3659 13.1502 13.0925 12.8687 12.389 11.8579 11.276 10.9985 10.3463 11.0086 11.5274 12.0846 12.3501 11.927 11.7248 12.1116 12.4964 12.6568 13.0461 13.0544 12.9436 12.4257 12.1803 12.3036 12.2068 12.0269 11.567 11.5614 11.2719 11.1613 11.0578 10.6855 10.9492 10.99 11.081 11.6311 11.9124 12.104 12.2796 12.337 12.4219 12.5276 12.551 12.5699 12.5854 12.6032 12.613 12.604 12.5993 12.4929 12.2914 11.9004 11.2679 11.7527 12.2587 12.4336 12.6 12.6907
-9999 -9999 -9999 -9999 -9999 -9999 -9999 9.45041 10.3734 11.3368 11.7455 11.8235 12.7645 13.3451 13.3572 13.2608 13.1465 12.5767 12.6221 12.517 11.9932 11.225 10.3801 10.4705 10.9877 11.716 11.965 11.2658 11.0293 11.2221 11.7989 12.3166 12.857 13.0034 12.8609 12.0476 11.183 11.6041 12.0536 12.0659 11.9532 11.5279 11.4034 11.2923 10.9865 10.4611 10.5533 10.7207 11.3515 11.5603 11.8738 12.1367 12.0593 12.1294 12.3813 12.5324 12.5532 12.5714 12.5917 12.6048 12.613 12.5785 12.5412 12.4673 11.9137 11.5762 11.0863 11.7079 12.0583 12.2726 12.6067 12.6994
-9999 -9999 -9999 -9999 -9999 -9999 -9999 9.16623 9.83895 10.7606 11.1382 11.7347 12.6248 13.0682 13.2866 13.2933 13.2209 12.972 12.8268 12.5296 11.9843 11.2345 10.3996 9.85951 10.1495 11.1253 11.3683 10.7212 10.4041 10.824 11.4382 12.3425 12.8644 12.9457 12.9123 12.755 12.1274 11.3667 11.3836 11.7866 11.4764 11.1137 11.3368 11.3138 11.0119 10.7966 10.671 10.7832 11.1444 11.3042 11.6639 12.1871 12.2756 12.2771 12.5063 12.5327 12.5535 12.5774 12.5931 12.6073 12.6171 12.5919 12.5152 12.1522 11.838 11.3942 11.3544 11.9192 12.183 12.4261 12.5989 12.6667
-9999 -9999 -9999 -9999 -9999 -9999 -9999 8.67769 9.46785 10.3321 11.1423 11.9096 12.5717 12.6331 12.9878 12.9987 13.19 13.1498 12.9198 12.6713 12.2031 11.2368 10.4259 9.54033 9.78683 10.787 10.912 10.4908 9.70347 10.5397 11.4609 12.2971 12.7556 12.4183 12.7897 12.7735 12.5468 12.0996 11.3968 11.4248 10.9023 10.8939 11.185 11.2899 11.2594 11.1016 10.8434 10.9119 11.137 11.207 11.5391 11.9486 12.3493 12.4299 12.5192 12.5382 12.5553 12.5772 12.594 12.6021 12.5986 12.5714 12.2695 11.9075 11.6911 11.387 11.3652 12.0084 12.288 12.4504 12.6021 12.6725
-9999 -9999 -9999 -9999 -9999 -9999 -9999 -9999 9.38668 10.2795 10.9431 11.1297 11.7196 12.0434 12.2966 12.3616 13.0633 13.1127 12.9711 12.7438 12.3461 11.6155 11.1097 10.2607 9.65338 9.91666 10.0289 10.2672 10.2118 10.5912 11.4771 12.3997 12.5115 11.9457 12.0443 12.1786 12.4635 12.3397 11.377 10.8951 10.4977 10.8053 11.1282 11.218 11.2483 11.2044 11.1619 11.0556 11.484 11.8052 11.8922 12.1742 12.3866 12.4569 12.5138 12.5348 12.5559 12.572 12.5766 12.5844 12.5513 12.4573 12.1176 11.2775 11.3343 11.2586 11.0091 11.6415 12.0598 12.4177 12.6161 12.6802
-9999 -9999 -9999 -9999 -9999 -9999 -9999 -9999 9.0916 10.1232 10.3497 10.3447 10.0179 10.1849 11.4495 11.7134 12.3869 13.0251 12.9905 12.7677 12.3964 11.9657 11.2928 10.3368 9.57921 9.256 10.0914 10.9086 11.0877 11.3586 11.9061 12.0201 11.4414 10.8999 11.2242 11.425 12.1529 12.2971 12.1724 11.5982 10.9398 10.6033 11.033 11.1036 11.1439 11.1643 11.1751 11.175 11.6536 11.9271 12.1219 12.2354 12.4202 12.4795 12.5095 12.5386 12.5516 12.5589 12.5483 12.5341 12.417 12.272 11.7049 11.2349 10.9483 10.5801 11.465 11.7523 12.1421 12.3956 12.5931 12.6502
