Test_Spring_2018b/03_18/Temp/20180320_000.txt
ncols	170
nrows	115
xllcorner	350000.000000
yllcorner	4445000.000000
cellsize	1000.000000
nodata_value	-9999.000000
[rows 32 to 63 of 115, columns 72 to 143 of 170]
8.15753 7.82301 8.32482 8.78638 8.49294 8.29668 9.05587 9.05012 8.7823 8.16088 7.92955 7.68998 7.54122 6.74593 4.52387 2.5202 3.58589 3.6061 2.86037 4.18295 3.47619 1.641 -0.947508 0.451163 0.0803601 -1.75356 -2.20836 -9999 -9999 -9999 -9999 -9999 -9999 -9999 -9999 -9999 -9999 -9999 -9999 -9999 -9999 -9999 -9999 -9999 -9999 -9999 -9999 -9999 -9999 -9999 -9999 -9999 -9999 -9999 -9999 -9999 -9999 -9999 -9999 -9999 -9999 -9999 -9999 -9999 -9999 -9999 -9999 -9999 -9999 -9999 -9999 -9999
7.71393 7.56698 8.31584 8.29415 8.23929 8.50406 8.97213 9.06157 8.95372 8.67958 8.44163 8.18895 7.55602 6.64695 4.7445 2.46456 1.94351 3.05175 3.10006 3.27388 2.62945 1.8213 0.559905 1.58343 1.97771 0.770553 -0.807291 -1.82762 -9999 -9999 -9999 -9999 -9999 -9999 -9999 -9999 -9999 -9999 -9999 -9999 -9999 -9999 -9999 -9999 -9999 -9999 -9999 -9999 -9999 -9999 -9999 -9999 -9999 -9999 -9999 -9999 -9999 -9999 -9999 -9999 -9999 -9999 -9999 -9999 -9999 -9999 -9999 -9999 -9999 -9999 -9999 -9999
7.18554 6.4479 6.897 7.23271 7.85637 8.01126 8.10033 8.99484 8.94157 8.89436 8.50457 8.19185 7.67729 6.80215 5.55844 4.06209 1.46049 3.05656 4.30529 4.26822 4.1946 3.62705 2.41518 3.41985 3.46218 1.92329 0.166756 -0.867573 -1.29809 -9999 -9999 -9999 -9999 -9999 -9999 -9999 -9999 -9999 -9999 -9999 -9999 -9999 -9999 -9999 -9999 -9999 -9999 -9999 -9999 -9999 -9999 -9999 -9999 -9999 -9999 -9999 -9999 -9999 -9999 -9999 -9999 -9999 -9999 -9999 -9999 -9999 -9999 -9999 -9999 -9999 -9999 -9999
6.58545 5.68577 6.13772 6.74262 7.59736 8.03273 8.3659 8.62941 8.89833 8.86033 8.46144 7.29411 7.12286 7.06737 6.25214 4.54696 2.84409 2.39933 4.30701 4.84958 4.73322 5.15546 4.12827 4.60653 4.4035 3.8563 2.16754 0.628304 -0.0112173 -1.27061 -9999 -9999 -9999 -9999 -9999 -9999 -9999 -9999 -9999 -9999 -9999 -9999 -9999 -9999 -9999 -9999 -9999 -9999 -9999 -9999 -9999 -9999 -9999 -9999 -9999 -9999 -9999 -9999 -9999 -9999 -9999 -9999 -9999 -9999 -9999 -9999 -9999 -9999 -9999 -9999 -9999 -9999
-9999 -9999 5.11397 5.93845 6.61729 7.45325 8.17334 8.53207 8.88042 8.84628 8.05437 7.66426 7.62527 7.08922 6.14887 5.5569 4.48297 3.36435 3.78506 5.41134 4.68117 5.83199 5.72948 5.93705 5.15979 3.69089 1.73393 0.588996 0.0164767 -1.00484 -9999 -9999 -9999 -9999 -9999 -9999 -9999 -9999 -9999 -9999 -9999 -9999 -9999 -9999 -9999 -9999 -9999 -9999 -9999 -9999 -9999 -9999 -9999 -9999 -9999 -9999 -9999 -9999 -9999 -9999 -9999 -9999 -9999 -9999 -9999 -9999 -9999 -9999 -9999 -9999 -9999 -9999
-9999 -9999 -9999 5.78249 6.29752 7.4183 7.99262 8.22336 8.78861 8.78416 8.48063 8.25018 7.91837 7.48677 6.77877 5.99832 4.98805 4.89029 5.92899 5.93734 5.71487 5.88165 6.41311 6.26717 5.06914 2.99931 1.90446 -0.31394 -1.26736 -1.17445 -1.85152 -9999 -9999 -9999 -9999 -9999 -9999 -9999 -9999 -9999 -9999 -9999 -9999 0.676491 -9999 -9999 -9999 -9999 -9999 -9999 -9999 -9999 -9999 -9999 -9999 -9999 -9999 -9999 -9999 -9999 -9999 -9999 -9999 -9999 -3.42524 -9999 -9999 -9999 -9999 -9999 -9999 -9999
-9999 -9999 5.68431 6.37603 6.91813 7.61854 7.68078 8.09404 8.74472 8.74846 8.53143 8.28703 7.74475 7.6064 7.20115 6.35426 6.17726 6.51396 6.66672 6.84056 6.946 6.8527 6.63127 6.34627 5.57027 4.60902 3.96244 1.93558 0.907901 -0.0758648 -1.56267 -2.72672 -9999 -9999 -9999 -9999 -9999 -9999 -9999 -0.0868854 -0.145109 -0.121771 0.200571 1.09558 0.565459 -9999 -9999 -9999 -9999 -9999 -9999 -9999 -9999 -9999 -9999 -9999 -9999 -9999 -9999 -9999 -9999 -9999 -9999 -9999 -2.61569 -3.78602 -9999 -9999 -9999 -9999 -9999 -9999
-9999 -9999 5.86546 6.60015 6.96424 7.64434 8.03091 8.28057 8.50221 8.71376 8.67133 8.40133 7.99378 7.99097 7.43193 7.12837 6.91047 7.36764 7.45464 7.26535 7.02904 6.81963 6.23467 6.16333 5.96934 5.35789 4.35665 3.32493 1.83904 -0.177744 -2.1557 -3.75195 -9999 -9999 -9999 -9999 -9999 -9999 0.081947 0.824455 1.26817 0.315418 1.12421 1.86337 1.74244 1.02362 -9999 -9999 -9999 -9999 -9999 -9999 -9999 -9999 -9999 -9999 -9999 -9999 -9999 -9999 2.93077 1.73048 -0.690601 -1.93299 -2.67941 -3.74374 -9999 -9999 -9999 -9999 -9999 -9999
-9999 -9999 5.71509 6.58384 7.17049 7.69042 7.7687 8.30093 8.52912 8.63984 8.62004 8.56174 8.48197 7.99308 7.77998 7.04442 7.73898 7.70824 7.52728 6.82298 6.51558 5.30923 4.77625 4.65346 5.66117 4.90994 3.3454 1.39042 -0.957585 -1.11276 -1.89248 -3.31961 -9999 -9999 -9999 -9999 -9999 -9999 0.310939 1.10538 1.76817 1.86237 0.915639 2.23123 2.18083 1.44144 1.27215 1.87475 2.17921 1.95195 2.67425 2.88293 2.55429 2.90842 -9999 -9999 -9999 -9999 3.10274 3.14741 3.18033 2.67817 0.0334793 -1.77362 -3.3965 -3.54627 -9999 -9999 -9999 -9999 -9999 -9999
-9999 -9999 6.31674 6.84966 7.11641 7.15492 7.62071 8.08489 8.36826 8.57272 8.52404 8.50086 8.47681 8.30598 7.91664 7.98097 7.94539 7.71703 6.37973 4.81968 5.49447 4.56768 2.58349 4.18986 5.06929 4.21876 2.32386 0.12706 -0.594419 -0.567103 -1.6499 -3.04125 -9999 -9999 -9999 -1.86009 -0.721795 -0.625924 -0.292504 0.768204 1.5746 2.18141 2.59432 2.57845 2.14168 1.41859 0.632824 0.910503 2.31903 2.66099 2.95385 3.17026 2.86496 3.01989 3.39351 3.58471 3.62042 3.52779 3.50357 3.53049 3.48171 3.01277 0.647049 -0.708239 -1.57376 -3.30533 -9999 -9999 -9999 -9999 -9999 -9999
-9999 -9999 5.97117 6.43383 6.80739 7.43331 7.49398 7.88608 8.1153 8.46014 8.49352 8.0764 8.41026 8.36082 8.29212 8.15255 7.95066 6.82101 5.26585 3.70708 2.98569 3.28592 2.09278 2.70294 3.59422 3.26546 2.10294 0.145506 -0.133746 -0.591865 -2.40904 -4.15975 -9999 -9999 -4.07317 -1.88595 -0.346859 0.445433 0.688659 0.70928 1.7261 1.80359 2.89897 2.63939 1.18892 1.35055 0.784205 1.14861 1.66516 1.80522 2.54941 3.26454 3.39679 3.39671 3.63328 3.67889 3.68767 3.67738 3.51055 3.58103 3.5886 3.2948 1.5795 0.741614 -0.178651 -3.28379 -9999 -9999 -9999 -9999 -9999 -9999
-9999 -9999 6.20642 6.72408 7.29134 7.37846 7.79704 7.75094 7.62311 8.20845 8.41853 8.12209 7.90721 8.28649 8.25454 8.1986 8.11001 7.04831 5.82063 3.96416 2.80952 2.10002 1.59671 0.929186 1.38547 1.24168 1.0499 1.26292 0.723226 -0.352481 -1.4187 -3.40979 -4.48939 -9999 -3.95673 -2.97206 -1.14096 0.414867 1.40147 1.04243 2.19911 2.41171 3.07782 2.68323 1.80307 1.4239 1.38884 1.27173 2.05121 2.57539 2.94636 3.19171 3.49902 3.5742 3.64943 3.67848 3.69232 3.70627 3.69805 3.68774 3.64911 3.53632 2.74577 1.91139 0.10827 -3.18212 -9999 -9999 -9999 -9999 -9999 -9999
-9999 4.68519 6.14417 7.01589 7.34986 7.58917 7.7993 7.94968 8.10694 8.25676 8.35617 8.30463 7.53008 7.58705 7.71981 8.15111 8.11561 8.01606 7.3433 5.08526 4.301 3.16001 1.68233 1.06517 1.37034 2.57617 2.51902 1.71513 0.819401 -0.418027 -1.20602 -2.42927 -4.77312 -4.56736 -3.51799 -2.73814 -1.49506 0.407467 1.74036 2.33356 2.55604 3.02276 3.26489 2.72595 2.21486 1.99834 1.59823 1.54092 1.54285 2.01336 2.38161 3.19928 3.47212 3.59584 3.6565 3.68716 3.70814 3.72859 3.73284 3.71285 3.70961 3.69939 3.63958 2.52754 -0.249512 -2.33969 -9999 -9999 -9999 -9999 -9999 -9999
-9999 -9999 5.87137 6.25155 6.34671 6.51748 6.87324 7.28425 7.86827 7.93841 8.25812 8.25196 7.58377 6.81321 7.47407 7.73385 8.00383 8.0082 7.91857 6.0194 5.02513 4.24182 2.82496 3.33424 3.81609 3.85005 3.55467 1.83502 0.122092 -1.85306 -3.69841 -3.79078 -4.78579 -4.26574 -3.57423 -1.79129 -0.537643 -0.0314766 0.331338 2.26616 2.76699 2.93851 3.43271 2.7546 2.58475 2.07557 2.22602 2.18085 2.183 0.77361 2.18705 2.26871 3.1869 3.59858 3.68941 3.71104 3.73408 3.73408 3.73502 3.72649 3.73169 3.71495 3.69703 2.97343 -0.548268 -2.31503 -9999 -9999 -9999 -9999 -9999 -9999
-9999 -9999 -9999 -9999 5.98045 6.26884 6.4515 6.77198 7.76553 8.02918 8.20246 8.21203 7.91127 7.14922 6.94458 7.07856 6.33562 6.95011 7.7914 7.76712 7.6616 5.99306 5.14009 5.96271 5.70935 4.45444 3.46601 2.49018 0.485402 -0.983753 -3.09804 -4.68699 -4.75125 -3.00713 -1.559 0.245136 1.03887 0.580582 1.06908 2.02858 3.11938 3.64594 3.51955 2.80494 2.70661 1.92202 2.69217 2.7577 2.39878 2.08829 2.21227 2.66582 2.83726 3.5546 3.72569 3.75321 3.75447 3.75301 3.74545 3.73695 3.7247 3.71368 3.70061 3.66561 0.0457516 -2.76847 -9999 -9999 -9999 -9999 -9999 -9999
-9999 -9999 -9999 -9999 5.28393 5.45729 5.92257 7.1268 7.75292 8.00303 7.98862 8.10138 7.88772 7.21629 6.52756 5.87793 5.04196 5.5139 6.76892 7.50769 7.58915 6.12624 6.88529 6.59844 6.03517 4.39487 3.18509 2.54209 0.617322 -1.0317 -2.43967 -4.38243 -3.55787 -2.64942 -1.48125 0.487671 1.81476 2.35785 1.89505 2.50741 3.76305 3.76807 3.0784 3.12199 2.7044 1.63253 2.74783 3.06145 2.808 2.87298 2.77926 2.94701 3.25354 3.54615 3.73926 3.76196 3.76084 3.74986 3.74493 3.74142 3.72361 3.72125 3.70819 3.68738 1.35024 -2.82275 -9999 -9999 -9999 -9999 -9999 -9999
-9999 -9999 -9999 -9999 -9999 4.64423 5.71363 7.31422 7.70535 7.66323 7.98929 8.01238 7.6874 7.40478 6.56971 5.43087 3.24797 3.7993 4.95429 6.62155 7.49654 7.37538 6.88617 6.0355 3.98029 2.18119 1.96017 1.66296 0.257383 -1.01341 -2.57826 -1.67824 -0.692139 0.38699 0.951733 0.799229 1.93576 2.86192 2.46342 3.21532 4.09352 3.69221 3.45455 3.25527 2.77245 2.74301 2.7935 3.42684 2.98824 3.25708 3.26453 3.2477 3.39567 3.5658 3.74414 3.77001 3.76608 3.76447 3.73876 3.74188 3.72757 3.71391 3.70167 3.68351 3.47039 1.22278 -0.121479 -9999 -9999 -9999 -9999 -9999
-9999 -9999 -9999 -9999 -9999 3.6507 4.18113 6.07793 6.65788 7.49293 7.93373 7.94887 7.404 7.09846 5.8563 5.45053 3.43087 2.51508 3.28615 2.98671 5.28382 7.31637 6.87262 2.76205 1.27163 0.207708 0.477521 0.477048 0.0834124 -2.07731 -2.67586 -0.748559 0.463195 1.40093 2.11111 2.25543 2.2264 3.67732 3.86727 4.33699 4.23174 4.2736 3.53753 3.08188 3.4805 3.02232 2.944 3.59827 2.9535 3.53593 3.46783 3.29123 3.27993 3.66121 3.73564 3.77274 3.77094 3.75122 3.7272 3.71205 3.72069 3.71162 3.68761 3.68652 3.66395 3.39685 2.23283 1.82585 2.27626 -9999 -9999 -9999
-9999 -9999 -9999 -9999 -9999 -9999 2.40545 5.04398 6.24449 6.87376 7.76209 7.86456 7.5721 7.04699 5.7822 4.66958 2.86371 0.802149 -0.289916 2.96908 5.80539 7.28458 7.08912 3.66704 2.31498 2.24985 3.04199 2.36826 1.85629 0.213497 -0.280211 -0.965225 -0.549926 0.758682 1.82737 2.85765 3.60562 3.66287 4.1473 4.42532 4.44579 4.53162 4.44371 4.37211 3.66476 4.15426 3.73863 3.959 3.81673 3.68804 3.57853 3.17129 3.45567 3.70671 3.76879 3.7852 3.76528 3.75699 3.74157 3.7133 3.69933 3.69443 3.68932 3.67415 3.67227 3.66002 3.52896 2.82851 1.89103 0.706747 -9999 -9999
-9999 -9999 -9999 -9999 -9999 -9999 1.08317 3.70892 4.9694 6.59628 7.42922 7.76591 7.71603 7.28968 6.32758 4.88201 3.67727 1.37631 -1.01248 2.40946 5.45743 7.10066 7.18536 4.31106 5.1054 4.45893 4.716 3.53417 3.04124 2.65062 1.80047 0.870871 -0.146578 -0.685741 1.7183 2.95055 3.94143 4.40657 4.66801 4.79699 4.72386 4.54152 3.47018 4.28435 4.24215 4.16045 4.06693 4.02144 3.93646 3.83622 3.77817 3.75548 3.48388 3.7868 3.77627 3.776 3.77281 3.76012 3.74027 3.72253 3.70197 3.69904 3.68676 3.67401 3.66497 3.66159 3.65208 3.61292 3.42636 1.83591 0.884276 0.619122
-9999 -9999 -9999 -9999 -9999 -9999 -2.61585 1.20692 4.2739 5.87582 7.17964 7.53405 7.66342 7.09313 6.66556 5.62811 4.64567 3.13252 0.868247 -0.527112 2.03546 5.75893 7.13079 7.02305 6.93459 6.18744 5.51371 5.42601 5.47323 4.6889 3.54644 2.05574 1.58889 1.06325 2.85274 3.09153 2.956 4.92436 4.92493 4.80924 4.05135 3.20535 3.36367 2.84044 3.24215 2.61778 3.19029 3.68506 3.86925 3.85282 3.78762 3.77849 3.74602 3.79605 3.79112 3.77823 3.76714 3.75898 3.74701 3.71967 3.70253 3.70708 3.68902 3.67476 3.66265 3.66148 3.65608 3.62664 3.59987 3.3545 2.98596 2.28665
-9999 -9999 -9999 -9999 -9999 -9999 -2.45589 0.756815 3.48307 5.11747 6.68756 7.04815 7.57486 7.45545 7.00786 6.10552 4.97944 3.73337 1.79022 0.345228 2.05625 4.53025 6.29897 6.93358 6.92491 6.87948 6.70816 6.63425 6.43504 6.2919 5.4722 4.06539 3.26749 2.10162 4.0965 4.31628 3.99904 4.99264 4.93857 3.42585 2.26229 2.11482 2.82224 2.14706 2.02965 1.61044 2.08301 3.35134 2.98078 3.05251 3.62857 3.72087 3.77921 3.79193 3.78393 3.77693 3.76274 3.75977 3.7568 3.73 3.71557 3.70675 3.68157 3.67575 3.65832 3.64764 3.6372 3.62064 3.59586 3.52513 3.44889 3.53016
-9999 -9999 -9999 -9999 -9999 -9999 -2.39397 -0.233882 2.21912 4.62779 6.30498 6.9787 7.46799 7.45807 6.93859 6.48782 5.7803 4.68351 3.93008 2.62515 0.83583 3.82636 4.74515 5.56401 5.90445 6.75566 6.73176 6.3372 5.87845 6.29653 6.17059 5.05492 4.68507 4.06346 5.171 5.16906 5.13375 5.06983 3.79093 2.01516 0.595387 1.61168 1.39607 1.86417 0.415462 1.60832 2.56696 2.87703 2.22429 1.73847 3.23565 3.48196 3.62618 3.71707 3.77527 3.75621 3.76731 3.75428 3.74573 3.73688 3.72023 3.7089 3.69265 3.67643 3.6624 3.65334 3.63473 3.61335 3.61072 3.57306 3.55698 3.54517
-9999 -9999 -9999 -9999 -9999 -9999 -9999 -1.51632 1.59591 4.37318 5.9174 6.88686 7.35682 7.34366 7.07586 6.76832 6.32786 5.53529 4.54092 2.97217 1.80677 2.54062 3.44119 3.54205 4.13737 5.86961 6.45922 5.61567 3.53402 4.75894 6.12243 6.09604 5.97503 5.84008 5.66753 5.51252 5.17876 4.29225 1.5853 1.05084 -0.0127351 0.104831 -0.441753 0.746767 0.303554 1.52239 2.04967 2.24764 1.11731 1.35719 2.68235 3.20436 3.11407 3.43278 3.73649 3.74278 3.74769 3.7358 3.73855 3.73724 3.72854 3.71167 3.6985 3.68833 3.66241 3.66546 3.56335 3.49659 3.36286 3.52536 3.5396 3.55057
-9999 -9999 -9999 -9999 -9999 -9999 -9999 -2.13817 0.966869 4.23859 5.28603 6.33163 7.23348 7.2467 6.83991 6.45288 6.05442 5.60148 4.39627 3.22759 2.11182 1.73496 1.95556 1.94215 2.90706 5.16464 5.59906 5.40892 3.23788 2.49972 4.32264 5.85391 5.97057 5.82706 4.01591 4.39653 3.41771 2.09183 1.72431 1.14226 -0.0836406 0.501973 -0.39634 -0.0148608 -0.113518 0.577418 0.913337 1.73548 0.749891 0.755544 2.05675 2.71064 2.72406 3.41004 3.65238 3.71327 3.72592 3.73399 3.73348 3.74099 3.73152 3.71849 3.70244 3.66716 3.58662 3.34499 2.0387 2.03884 2.39623 2.73439 3.3548 3.52738
-9999 -9999 -9999 -9999 -9999 -9999 -9999 -1.78254 0.370895 3.27357 5.42259 5.55357 6.59616 7.13226 6.6904 6.19348 5.68525 5.46084 4.14957 2.70972 1.54578 0.168854 0.391605 1.37429 2.99158 4.44862 4.70636 4.40101 3.23712 3.78277 5.02479 5.68236 5.87335 5.71563 5.31796 5.08649 4.36472 4.0498 3.04926 1.48711 0.869937 1.25575 -0.401848 -0.288856 0.320541 -0.324949 0.744563 1.25525 -0.0171399 0.99561 2.14422 2.72999 3.24159 3.48205 3.57589 3.72144 3.72199 3.73115 3.73467 3.72929 3.72616 3.69913 3.67643 3.53505 3.32791 2.10687 1.60211 1.70001 2.26177 2.75347 3.27358 3.48263
-9999 -9999 -9999 -9999 -9999 -9999 -9999 -1.41905 0.519521 3.03589 4.56696 4.83742 5.9942 7.02237 6.90287 6.38613 6.22594 5.69067 4.57804 3.34959 2.00734 1.35303 -0.14652 1.323 2.49308 3.72639 4.30151 3.34531 2.86197 3.70799 4.54893 4.88246 5.73165 5.71958 5.43758 4.23497 3.64661 3.88995 3.63525 3.19205 2.11588 2.065 1.37285 1.0846 0.812294 -0.0592739 0.497114 0.55067 0.702871 1.91464 2.51111 2.90554 3.2639 3.3557 3.50964 3.71025 3.72493 3.72896 3.72478 3.72539 3.70729 3.64632 3.5946 3.31267 2.81578 1.89095 0.399203 1.45108 2.55113 2.87964 3.20226 3.36613
-9999 -9999 -9999 -9999 -9999 -9999 -9999 -1.75454 0.305247 2.45541 3.352 3.50082 5.59792 6.88041 6.87855 6.6315 6.34368 5.02741 5.10062 4.83441 3.62327 1.86085 -0.0743408 0.103426 1.2541 2.88904 3.42602 1.84568 1.284 1.69114 2.9647 4.10425 5.29421 5.59359 5.23952 3.36978 1.38312 2.29917 3.27832 3.26948 2.9779 1.97972 1.66075 1.37183 0.643048 -0.585071 -0.404116 -0.0647778 1.31439 1.74653 2.41548 2.97047 2.75723 2.87722 3.4077 3.71069 3.719 3.72121 3.72805 3.71781 3.69639 3.57789 3.45268 3.24463 1.95314 1.14914 -0.0164082 1.34043 2.08946 2.49377 3.20651 3.37439
-9999 -9999 -9999 -9999 -9999 -9999 -9999 -2.39803 -0.904223 1.1509 1.97679 3.2965 5.27815 6.25079 6.71497 6.70072 6.50764 5.91615 5.55906 4.85912 3.59938 1.87825 -0.0344883 -1.28084 -0.652386 1.55036 2.07098 0.609426 -0.134905 0.784428 2.14197 4.15371 5.30151 5.45327 5.34538 4.95688 3.50547 1.75273 1.75517 2.62907 1.89176 1.03546 1.50164 1.41184 0.692101 0.167862 -0.145748 0.0537374 0.838553 1.1598 1.93293 3.07523 3.23633 3.20081 3.67983 3.70079 3.70884 3.72379 3.71997 3.71232 3.69467 3.59743 3.38354 2.5228 1.77192 0.728485 0.597143 1.80796 2.33585 2.82936 3.17753 3.28905
-9999 -9999 -9999 -9999 -9999 -9999 -9999 -3.50272 -1.74433 0.180748 1.983 3.68786 5.15461 5.26439 6.03612 6.03128 6.43382 6.31362 5.76514 5.1751 4.08925 1.87934 0.0205818 -2.0062 -1.47618 0.764795 1.06271 0.0831854 -1.72377 0.135138 2.18542 4.04323 5.04723 4.25361 5.05952 4.98935 4.44326 3.39841 1.7759 1.80311 0.586501 0.530504 1.15053 1.34978 1.24307 0.848791 0.224844 0.336667 0.813516 0.931885 1.64213 2.52761 3.39315 3.53607 3.69864 3.70261 3.70213 3.71244 3.71094 3.68962 3.64199 3.5404 2.81819 1.95996 1.43021 0.702281 0.611546 2.00499 2.56266 2.87334 3.17366 3.29038
-9999 -9999 -9999 -9999 -9999 -9999 -9999 -9999 -1.92942 0.0596579 1.53051 1.92385 3.22725 3.92929 4.47166 4.5889 6.14367 6.22582 5.87677 5.33452 4.40793 2.7302 1.56024 -0.383921 -1.78227 -1.20577 -0.936935 -0.427564 -0.582053 0.24513 2.21527 4.26791 4.48862 3.17877 3.36853 3.63816 4.24702 3.93268 1.72313 0.598862 -0.334857 0.322705 1.01472 1.17986 1.21053 1.07348 0.922955 0.661669 1.58883 2.27411 2.43079 3.02781 3.46775 3.58702 3.67608 3.68431 3.6927 3.68967 3.66066 3.63874 3.52441 3.27218 2.46464 0.527008 0.614354 0.402172 -0.2025 1.15741 2.02336 2.78869 3.19393 3.29625
-9999 -9999 -9999 -9999 -9999 -9999 -9999 -9999 -2.59726 -0.295129 0.188372 0.148602 -0.61839 -0.270716 2.55534 3.12138 4.61233 6.02392 5.91631 5.38431 4.51718 3.5166 1.96944 -0.216586 -1.9542 -2.68493 -0.819244 1.01523 1.39042 1.97227 3.17823 3.40456 2.06606 0.810583 1.50978 1.92945 3.53884 3.82955 3.51235 2.17961 0.656396 -0.140329 0.792751 0.914663 0.967704 0.975755 0.947251 0.913107 1.9636 2.54091 2.94045 3.15661 3.53392 3.62819 3.65625 3.68241 3.67235 3.64951 3.5862 3.51465 3.21067 2.84338 1.52254 0.42087 -0.267227 -1.13978 0.816989 1.39753 2.20779 2.7283 3.1313 3.21713
