Test_Spring_2018b/03_18/Temp/20180317_000.txt
ncols	170
nrows	115
xllcorner	350000.000000
yllcorner	4445000.000000
cellsize	1000.000000
nodata_value	-9999.000000
[rows 32 to 63 of 115, columns 72 to 143 of 170]
12.321 12.0071 12.4646 12.8848 12.5942 12.4026 13.0954 13.0841 12.8311 12.2519 12.0327 11.8061 11.6633 10.9242 8.86891 7.01521 7.99318 8.00665 7.3135 8.52836 7.87096 6.1724 3.7787 5.06316 4.71505 3.00342 2.57382 -9999 -9999 -9999 -9999 -9999 -9999 -9999 -9999 -9999 -9999 -9999 -9999 -9999 -9999 -9999 -9999 -9999 -9999 -9999 -9999 -9999 -9999 -9999 -9999 -9999 -9999 -9999 -9999 -9999 -9999 -9999 -9999 -9999 -9999 -9999 -9999 -9999 -9999 -9999 -9999 -9999 -9999 -9999 -9999 -9999
11.9084 11.7675 12.4528 12.4272 12.3646 12.59 13.0144 13.0911 12.9858 12.7272 12.5021 12.2635 11.6741 10.8301 9.0697 6.96108 6.4751 7.49217 7.53133 7.68618 7.08603 6.33469 5.16505 6.10318 6.46068 5.33425 3.8608 2.90967 -9999 -9999 -9999 -9999 -9999 -9999 -9999 -9999 -9999 -9999 -9999 -9999 -9999 -9999 -9999 -9999 -9999 -9999 -9999 -9999 -9999 -9999 -9999 -9999 -9999 -9999 -9999 -9999 -9999 -9999 -9999 -9999 -9999 -9999 -9999 -9999 -9999 -9999 -9999 -9999 -9999 -9999 -9999 -9999
11.4177 10.7317 11.1404 11.4445 12.0024 12.1302 12.2066 13.0261 12.9713 12.9222 12.5571 12.2633 11.7832 10.9706 9.81793 8.43217 6.02671 7.49367 8.64007 8.60013 8.5263 7.99664 6.87241 7.79288 7.82543 6.38836 4.75058 3.78981 3.38619 -9999 -9999 -9999 -9999 -9999 -9999 -9999 -9999 -9999 -9999 -9999 -9999 -9999 -9999 -9999 -9999 -9999 -9999 -9999 -9999 -9999 -9999 -9999 -9999 -9999 -9999 -9999 -9999 -9999 -9999 -9999 -9999 -9999 -9999 -9999 -9999 -9999 -9999 -9999 -9999 -9999 -9999 -9999
10.8609 10.0253 10.4365 10.9888 11.7654 12.1545 12.4481 12.6855 12.9281 12.8876 12.5143 11.4322 11.269 11.2126 10.4553 8.87689 7.30047 6.88455 8.63866 9.13322 9.01968 9.40284 8.44867 8.88318 8.68908 8.17227 6.59877 5.16428 4.56763 3.39931 -9999 -9999 -9999 -9999 -9999 -9999 -9999 -9999 -9999 -9999 -9999 -9999 -9999 -9999 -9999 -9999 -9999 -9999 -9999 -9999 -9999 -9999 -9999 -9999 -9999 -9999 -9999 -9999 -9999 -9999 -9999 -9999 -9999 -9999 -9999 -9999 -9999 -9999 -9999 -9999 -9999 -9999
-9999 -9999 9.48854 10.2371 10.8572 11.6162 12.2668 12.5922 12.9081 12.8714 12.1357 11.7708 11.7298 11.2302 10.3575 9.80609 8.80984 7.77215 8.15429 9.64836 8.96827 10.0232 9.92177 10.1062 9.38196 8.01218 6.19341 5.12243 4.58734 3.63843 -9999 -9999 -9999 -9999 -9999 -9999 -9999 -9999 -9999 -9999 -9999 -9999 -9999 -9999 -9999 -9999 -9999 -9999 -9999 -9999 -9999 -9999 -9999 -9999 -9999 -9999 -9999 -9999 -9999 -9999 -9999 -9999 -9999 -9999 -9999 -9999 -9999 -9999 -9999 -9999 -9999 -9999
-9999 -9999 -9999 10.0893 10.5583 11.5861 12.0965 12.3038 12.82 12.8108 12.5258 12.3083 11.9974 11.5943 10.9361 10.2109 9.27333 9.17732 10.1294 10.1306 9.9186 10.0654 10.5484 10.4063 9.2882 7.36896 6.35107 4.28377 3.39696 3.47571 2.84442 -9999 -9999 -9999 -9999 -9999 -9999 -9999 -9999 -9999 -9999 -9999 -9999 5.10398 -9999 -9999 -9999 -9999 -9999 -9999 -9999 -9999 -9999 -9999 -9999 -9999 -9999 -9999 -9999 -9999 -9999 -9999 -9999 -9999 1.17767 -9999 -9999 -9999 -9999 -9999 -9999 -9999
-9999 -9999 10.0072 10.6332 11.1268 11.7666 11.812 12.1808 12.7758 12.7743 12.5694 12.3393 11.8344 11.702 11.3233 10.5368 10.368 10.6728 10.8074 10.961 11.0512 10.9576 10.7456 10.4747 9.74385 8.84865 8.24382 6.36027 5.39756 4.48274 3.10421 2.02381 -9999 -9999 -9999 -9999 -9999 -9999 -9999 4.41519 4.35615 4.37225 4.66404 5.48401 4.9891 -9999 -9999 -9999 -9999 -9999 -9999 -9999 -9999 -9999 -9999 -9999 -9999 -9999 -9999 -9999 -9999 -9999 -9999 -9999 1.91861 0.832031 -9999 -9999 -9999 -9999 -9999 -9999
-9999 -9999 10.1649 10.8358 11.165 11.7859 12.1363 12.3489 12.5482 12.7386 12.695 12.4415 12.0612 12.0541 11.5337 11.2486 11.0421 11.4579 11.5317 11.3501 11.1246 10.9236 10.3757 10.3014 10.1071 9.53405 8.60147 7.64099 6.25017 4.38203 2.55015 1.07086 -9999 -9999 -9999 -9999 -9999 -9999 4.56936 5.24922 5.65332 4.76896 5.50953 6.18569 6.06821 5.39099 -9999 -9999 -9999 -9999 -9999 -9999 -9999 -9999 -9999 -9999 -9999 -9999 -9999 -9999 7.05529 5.94203 3.70221 2.54946 1.85398 0.86495 -9999 -9999 -9999 -9999 -9999 -9999
-9999 -9999 10.022 10.8163 11.3506 11.8236 11.8895 12.3687 12.5689 12.6665 12.644 12.5861 12.5084 12.0532 11.8522 11.1687 11.8041 11.7697 11.5962 10.9392 10.6478 9.52659 9.02618 8.8978 9.81783 9.11518 7.66233 5.84954 3.66817 3.51244 2.78571 1.46227 -9999 -9999 -9999 -9999 -9999 -9999 4.77368 5.50158 6.10788 6.18944 5.31048 6.51838 6.45858 5.7699 5.6071 6.15641 6.43076 6.20742 6.86319 7.05041 6.74218 7.06405 -9999 -9999 -9999 -9999 7.21959 7.25553 7.28028 6.81102 4.3648 2.69092 1.18663 1.03784 -9999 -9999 -9999 -9999 -9999 -9999
-9999 -9999 10.5727 11.0569 11.2958 11.3245 11.7478 12.1645 12.4161 12.6001 12.5512 12.5261 12.5002 12.3387 11.9754 12.0301 11.992 11.7754 10.5351 9.08852 9.70307 8.83889 6.99878 8.46567 9.2667 8.47176 6.71349 4.67699 3.9959 4.00854 3.00193 1.71063 -9999 -9999 -9999 2.7778 3.8231 3.90683 4.20971 5.18343 5.92236 6.47707 6.85246 6.83043 6.41605 5.74224 5.01052 5.25989 6.55261 6.86155 7.11459 7.30898 7.02239 7.16083 7.50102 7.673 7.70151 7.61149 7.58435 7.60407 7.55356 7.11501 4.92551 3.66826 2.86241 1.2483 -9999 -9999 -9999 -9999 -9999 -9999
-9999 -9999 10.2539 10.6733 11.0106 11.5749 11.6244 11.9802 12.1818 12.4916 12.5187 12.1304 12.4351 12.3859 12.3187 12.1855 11.9941 10.9461 9.50461 8.05902 7.3852 7.65325 6.54281 7.09066 7.90226 7.58635 6.5008 4.68478 4.41742 3.9805 2.29296 0.670818 -9999 -9999 0.733292 2.74621 4.16146 4.88788 5.10774 5.12212 6.0553 6.12165 7.12672 6.88015 5.53101 5.67334 5.14335 5.47252 5.94157 6.06421 6.73872 7.38944 7.50664 7.50206 7.71601 7.75388 7.75777 7.74391 7.58537 7.64537 7.64689 7.3699 5.781 5.00106 4.14243 1.26413 -9999 -9999 -9999 -9999 -9999 -9999
-9999 -9999 10.4643 10.9343 11.4502 11.5234 11.9028 11.8496 11.7222 12.2579 12.4448 12.1682 11.9669 12.3136 12.2806 12.2248 12.1381 11.1527 10.0133 8.29288 7.21906 6.55527 6.08076 5.44661 5.85636 5.71255 5.52464 5.7105 5.20001 4.19322 3.20126 1.35454 0.352141 -9999 0.832665 1.73637 3.42122 4.85225 5.75813 5.42244 6.48479 6.67587 7.28391 6.91395 6.09107 5.73334 5.69402 5.57901 6.29125 6.76725 7.09771 7.3187 7.59428 7.65929 7.72459 7.7474 7.75617 7.76488 7.75284 7.73843 7.6974 7.58737 6.85149 6.07291 4.40156 1.35226 -9999 -9999 -9999 -9999 -9999 -9999
-9999 9.06813 10.4015 11.1979 11.4983 11.7118 11.8987 12.031 12.1667 12.2967 12.3848 12.3317 11.6144 11.6641 11.7833 12.1773 12.1397 12.042 11.4145 9.32343 8.59135 7.52597 6.15191 5.5669 5.83663 6.93728 6.87298 6.12013 5.28303 4.12706 3.38897 2.25278 0.0820951 0.266234 1.2293 1.94422 3.08682 4.83793 6.06349 6.60648 6.80714 7.23199 7.44983 6.94546 6.46333 6.2565 5.88022 5.82019 5.81491 6.24212 6.57049 7.31837 7.56514 7.6726 7.72464 7.74916 7.76474 7.77965 7.77928 7.75607 7.74774 7.73233 7.6693 6.63588 4.06505 2.1232 -9999 -9999 -9999 -9999 -9999 -9999
-9999 -9999 10.1441 10.4869 10.5669 10.7169 11.038 11.4106 11.9402 12.0001 12.2909 12.2795 11.6589 10.9454 11.552 11.788 12.0324 12.0306 11.941 10.1793 9.25244 8.51927 7.20089 7.65472 8.08691 8.10593 7.82133 6.22315 4.63169 2.79497 1.08342 0.990004 0.0633819 0.536283 1.16932 2.80979 3.96234 4.42546 4.7563 6.53715 6.99425 7.14656 7.59682 6.96513 6.79787 6.3209 6.45236 6.40335 6.3981 5.09088 6.38366 6.45347 7.29546 7.67002 7.74839 7.76475 7.78242 7.77866 7.7754 7.76288 7.7624 7.74022 7.71605 7.04077 3.78353 2.13995 -9999 -9999 -9999 -9999 -9999 -9999
-9999 -9999 -9999 -9999 10.2227 10.4811 10.6424 10.9314 11.8388 12.0773 12.2329 12.2381 11.9573 11.2499 11.0583 11.1783 10.4883 11.0487 11.8178 11.7867 11.6796 10.1295 9.32732 10.0737 9.8272 8.65677 7.7324 6.82004 4.95896 3.5889 1.62902 0.154771 0.088145 1.69083 3.02049 4.68065 5.40907 4.98262 5.42956 6.31007 7.31172 7.79235 7.67009 7.0047 6.90347 6.17231 6.87532 6.9283 6.58982 6.29625 6.39957 6.81244 6.96554 7.62271 7.77634 7.797 7.79474 7.78977 7.77879 7.76641 7.74909 7.73261 7.71345 7.67331 4.32536 1.71539 -9999 -9999 -9999 -9999 -9999 -9999
-9999 -9999 -9999 -9999 9.57369 9.72589 10.1478 11.252 11.8205 12.0464 12.0288 12.1292 11.9287 11.3062 10.6673 10.0646 9.2887 9.71816 10.8687 11.5416 11.6068 10.2463 10.9311 10.6537 10.1211 8.59492 7.46609 6.86053 5.07303 3.53695 2.22851 0.427747 1.18101 2.01274 3.08506 4.89678 6.11734 6.61472 6.18392 6.74471 7.8985 7.89802 7.25613 7.29017 6.89446 5.89819 6.91955 7.20132 6.96005 7.01278 6.91535 7.06452 7.34224 7.60759 7.78158 7.79869 7.79381 7.78015 7.77169 7.76364 7.74174 7.73326 7.71408 7.68697 5.52229 1.65877 -9999 -9999 -9999 -9999 -9999 -9999
-9999 -9999 -9999 -9999 -9999 8.9692 9.9484 11.4181 11.7698 11.726 12.0225 12.04 11.7368 11.4729 10.6993 9.64508 7.62667 8.12941 9.18765 10.7171 11.5145 11.3918 10.925 10.1274 8.21841 6.54565 6.32893 6.04229 4.73369 3.54651 2.09328 2.91503 3.8173 4.80647 5.3221 5.17692 6.22162 7.07242 6.70102 7.39057 8.19618 7.82087 7.59599 7.40598 6.9501 6.9155 6.95451 7.5312 7.1191 7.35987 7.3558 7.33467 7.4661 7.61846 7.77882 7.79887 7.79161 7.78654 7.75886 7.7571 7.73846 7.71958 7.70118 7.67652 7.47131 5.38405 4.13379 -9999 -9999 -9999 -9999 -9999
-9999 -9999 -9999 -9999 -9999 8.04596 8.52794 10.2709 10.7967 11.5619 11.9642 11.9742 11.468 11.1824 10.0334 9.65548 7.78799 6.93655 7.64066 7.35586 9.46527 11.3296 10.9049 7.10006 5.71221 4.71781 4.95402 4.94125 4.5663 2.55814 1.9964 3.76588 4.87632 5.73503 6.38481 6.51331 6.48273 7.8178 7.98884 8.41804 8.31637 8.34989 7.66521 7.23873 7.596 7.16592 7.08613 7.68218 7.07992 7.61001 7.53621 7.36768 7.35216 7.69929 7.76377 7.79413 7.78868 7.76691 7.74091 7.72202 7.72459 7.70998 7.68078 7.67195 7.64261 7.3825 6.29859 5.91294 6.31824 -9999 -9999 -9999
-9999 -9999 -9999 -9999 -9999 -9999 6.88316 9.31041 10.4085 10.9838 11.7987 11.8892 11.6148 11.1271 9.95689 8.92671 7.25633 5.34922 4.33252 7.33066 9.93771 11.2918 11.0963 7.92696 6.66708 6.59442 7.31279 6.67918 6.1953 4.66503 4.20014 3.55975 3.93547 5.13609 6.11633 7.06233 7.74844 7.79766 8.24108 8.49211 8.50637 8.58044 8.49373 8.42158 7.75853 8.20282 7.81196 8.00782 7.86923 7.74337 7.63128 7.24999 7.50722 7.73416 7.78718 7.79788 7.77591 7.7646 7.74645 7.71603 7.69681 7.68612 7.67445 7.65277 7.64269 7.61775 7.48701 6.83082 5.95594 4.85348 -9999 -9999
-9999 -9999 -9999 -9999 -9999 -9999 5.6567 8.07218 9.22535 10.7209 11.4853 11.7893 11.7396 11.3427 10.4515 9.11393 7.99795 5.86989 3.65988 6.80685 9.60727 11.113 11.1802 8.51271 9.23343 8.62491 8.8501 7.74815 7.28221 6.90724 6.11372 5.24784 4.30155 3.79715 6.00966 7.14184 8.05187 8.47719 8.7147 8.82991 8.75663 8.58196 7.58801 8.33308 8.28361 8.20109 8.10755 8.0583 7.9727 7.87322 7.80848 7.78197 7.52628 7.80041 7.78593 7.78187 7.77519 7.75967 7.73732 7.71652 7.69263 7.68364 7.66381 7.64454 7.62809 7.61143 7.59313 7.54732 7.36548 5.8886 5.00128 4.74446
-9999 -9999 -9999 -9999 -9999 -9999 2.23764 5.75749 8.57821 10.0504 11.2449 11.5676 11.6829 11.153 10.7545 9.79322 8.88211 7.48071 5.38555 4.0911 6.4432 9.86874 11.1208 11.006 10.9128 10.212 9.579 9.48692 9.51975 8.78171 7.71853 6.33514 5.89608 5.40498 7.05044 7.26595 7.1366 8.94847 8.94508 8.83436 8.13094 7.34336 7.48412 6.99341 7.3534 6.77042 7.29151 7.74086 7.90377 7.88177 7.81026 7.79536 7.76038 7.80096 7.79222 7.77634 7.76219 7.75069 7.73545 7.7057 7.6849 7.68357 7.65963 7.63951 7.61791 7.6034 7.58928 7.55281 7.51876 7.28313 6.93407 6.27681
-9999 -9999 -9999 -9999 -9999 -9999 2.38055 5.33312 7.84199 9.33994 10.7834 11.1115 11.5931 11.4787 11.0615 10.2245 9.18065 8.0255 6.22656 4.8864 6.45698 8.72555 10.3474 10.9175 10.8957 10.8428 10.6739 10.5956 10.4013 10.2546 9.48964 8.18214 7.43911 6.35736 8.1922 8.38999 8.09279 9.00515 8.95108 7.55131 6.47346 6.3327 6.97698 6.3484 6.22928 5.83359 6.26267 7.42587 7.07644 7.1359 7.65557 7.7353 7.78275 7.78988 7.77816 7.76754 7.75035 7.74344 7.73636 7.70699 7.68863 7.67497 7.6457 7.63214 7.60871 7.58535 7.56429 7.54012 7.50834 7.43421 7.35418 7.41696
-9999 -9999 -9999 -9999 -9999 -9999 2.43587 4.41259 6.66937 8.88088 10.4229 11.0396 11.4863 11.4726 10.9887 10.568 9.9101 8.89253 8.19111 6.98024 5.3218 8.07228 8.90466 9.6451 9.95035 10.7248 10.6919 10.3173 9.87649 10.2531 10.1261 9.08937 8.74133 8.16167 9.1778 9.17089 9.13354 9.07006 7.88578 6.2431 4.92869 5.86141 5.65735 6.07981 4.73238 5.82589 6.70344 6.98262 6.37165 5.91693 7.28614 7.50632 7.63439 7.71354 7.76275 7.74082 7.74678 7.73042 7.71803 7.70511 7.68465 7.6687 7.64774 7.62635 7.60446 7.58264 7.55714 7.52848 7.5172 7.47135 7.44808 7.42512
-9999 -9999 -9999 -9999 -9999 -9999 -9999 3.22741 6.08607 8.64219 10.0611 10.9501 11.3784 11.3613 11.1092 10.8203 10.4085 9.67145 8.74775 7.29359 6.21092 6.87976 7.69469 7.77259 8.31174 9.89959 10.4333 9.6451 7.70915 8.82713 10.0769 10.045 9.92643 9.79562 9.6301 9.48182 9.16894 8.34634 5.84441 5.34704 4.36104 4.46449 3.95498 5.04138 4.62113 5.73904 6.21887 6.39485 5.34547 5.55344 6.76806 7.24425 7.15583 7.44496 7.71957 7.72087 7.72095 7.70548 7.70338 7.69731 7.68415 7.66377 7.64572 7.62999 7.59694 7.58592 7.48362 7.41374 7.28196 7.42349 7.42836 7.42266
-9999 -9999 -9999 -9999 -9999 -9999 -9999 2.64058 5.49868 8.51083 9.47128 10.4303 11.2568 11.2637 10.8831 10.5206 10.1473 9.72346 8.60518 7.52011 6.48333 6.12771 6.32277 6.28768 7.16834 9.24142 9.63258 9.44769 7.42587 6.73654 8.4104 9.81571 9.91652 9.77781 8.1011 8.44674 7.53855 6.31038 5.96643 5.42457 4.28865 4.82377 3.98971 4.33609 4.22861 4.8597 5.16319 5.91522 4.99957 4.99135 6.18375 6.78163 6.78888 7.41677 7.63554 7.68703 7.69405 7.69682 7.69157 7.69354 7.6796 7.66208 7.64144 7.60271 7.52185 7.28927 6.06969 6.06195 6.3837 6.68771 7.24759 7.39533
-9999 -9999 -9999 -9999 -9999 -9999 -9999 2.96167 4.9418 7.61337 9.5899 9.7049 10.6611 11.1501 10.7368 10.2727 9.798 9.58482 8.36863 7.03342 5.95231 4.67428 4.8716 5.76961 7.23796 8.57303 8.8017 8.51102 7.41825 7.91361 9.05181 9.65128 9.82075 9.66895 9.29617 9.07703 8.40583 8.11013 7.18202 5.7358 5.16132 5.51202 3.97745 4.07614 4.63261 4.01967 5.00011 5.465 4.28496 5.20306 6.25722 6.79231 7.25915 7.47598 7.55768 7.68716 7.68292 7.68658 7.68494 7.67495 7.66684 7.63642 7.60973 7.47325 7.2758 6.1427 5.65968 5.74251 6.2532 6.69925 7.16229 7.3481
-9999 -9999 -9999 -9999 -9999 -9999 -9999 3.29003 5.07185 7.38691 8.79318 9.03668 10.098 11.0407 10.9246 10.442 10.2882 9.78815 8.75516 7.61499 6.36948 5.75825 4.36691 5.71434 6.76978 7.89888 8.42079 7.51899 7.06504 7.83778 8.60619 8.90687 9.68364 9.66623 9.40012 8.28498 7.73674 7.95592 7.71573 7.30168 6.30364 6.2514 5.60746 5.336 5.07912 4.25721 4.76444 4.80778 4.939 6.04358 6.58845 6.94707 7.27253 7.3522 7.48929 7.66949 7.67819 7.67703 7.66823 7.66372 7.64178 7.58009 7.52669 7.26068 6.79611 5.93651 4.54286 5.50611 6.51375 6.80458 7.0903 7.23467
-9999 -9999 -9999 -9999 -9999 -9999 -9999 2.97359 4.86711 6.84418 7.66496 7.79605 9.72463 10.9018 10.8941 10.6601 10.3884 9.16776 9.22872 8.97626 7.85178 6.21841 4.42536 4.58133 5.62829 7.11851 7.60557 6.12796 5.602 5.97008 7.13777 8.18216 9.27337 9.5433 9.21068 7.48004 5.64172 6.48141 7.37941 7.36597 7.09168 6.16547 5.86578 5.59373 4.91578 3.77072 3.92562 4.23275 5.48794 5.88118 6.49298 6.99975 6.79791 6.90357 7.388 7.6626 7.66537 7.66248 7.6638 7.64926 7.62426 7.50952 7.38841 7.19067 5.9932 5.24527 4.15615 5.39737 6.08148 6.43724 7.08804 7.23634
-9999 -9999 -9999 -9999 -9999 -9999 -9999 2.37304 3.74426 5.6335 6.38889 7.6 9.42191 10.313 10.7351 10.7158 10.5314 9.97932 9.64328 8.99071 7.82146 6.22628 4.45409 3.29642 3.86816 5.87563 6.34276 4.97981 4.28554 5.1263 6.37159 8.2207 9.27307 9.40683 9.30131 8.93714 7.59257 5.97013 5.96701 6.76788 6.08235 5.28701 5.71165 5.62331 4.95376 4.46448 4.15655 4.3313 5.04158 5.33259 6.04055 7.08918 7.23269 7.1949 7.63184 7.64624 7.64874 7.65758 7.64904 7.63687 7.61536 7.52029 7.31743 6.51766 5.81906 4.85041 4.72305 5.82212 6.29686 6.74048 7.05517 7.15166
-9999 -9999 -9999 -9999 -9999 -9999 -9999 1.34703 2.96215 4.73124 6.3872 7.95347 9.30021 9.39518 10.1009 10.0901 10.4552 10.3378 9.82521 9.27405 8.26526 6.21924 4.49693 2.6194 3.10044 5.1534 5.3979 4.4866 2.81213 4.51978 6.40423 8.11138 9.03113 8.29276 9.03026 8.95974 8.45034 7.48095 5.97871 5.99847 4.87075 4.81372 5.38031 5.55866 5.45468 5.08535 4.4975 4.58484 5.01114 5.11504 5.76503 6.57677 7.37017 7.49701 7.64201 7.64074 7.63536 7.63992 7.63353 7.60876 7.55962 7.46057 6.78884 5.99146 5.49697 4.81951 4.72977 6.00133 6.49956 6.77477 7.0455 7.14695
-9999 -9999 -9999 -9999 -9999 -9999 -9999 -9999 2.7843 4.61223 5.96228 6.31848 7.5144 8.15565 8.64968 8.75152 10.1795 10.2488 9.92017 9.41313 8.55128 6.99625 5.90943 4.10817 2.81027 3.32227 3.54529 4.00761 3.85765 4.61352 6.42406 8.31097 8.50812 7.29352 7.4626 7.70557 8.26167 7.9662 5.92242 4.8799 4.01318 4.61447 5.24749 5.3944 5.4172 5.2852 5.13049 4.86907 5.71909 6.34602 6.48537 7.03101 7.43181 7.53685 7.61406 7.61673 7.61955 7.61182 7.58007 7.55479 7.44414 7.20617 6.45576 4.66266 4.73755 4.53598 3.97222 5.21424 5.9907 6.69047 7.05813 7.14644
-9999 -9999 -9999 -9999 -9999 -9999 -9999 -9999 2.16101 4.27753 4.71654 4.67304 3.95884 4.27312 6.87389 7.38975 8.75885 10.0547 9.94879 9.45121 8.64425 7.71393 6.27911 4.2547 2.64379 1.94956 3.65716 5.33078 5.66944 6.19895 7.30448 7.50654 6.26524 5.10081 5.73988 6.12129 7.60045 7.86321 7.56524 6.33045 4.91995 4.17964 5.0351 5.14216 5.18562 5.18751 5.15126 5.10091 6.05757 6.58491 6.94833 7.14263 7.48569 7.56769 7.58865 7.6079 7.59374 7.56777 7.50442 7.43339 7.14782 6.80374 5.57984 4.558 3.91756 3.10683 4.90617 5.42913 6.15909 6.62862 6.99432 7.06753
