Test_Spring_2018b/03_18/Temp/20180305_019.txt
ncols	170
nrows	115
xllcorner	350000.000000
yllcorner	4445000.000000
cellsize	1000.000000
nodata_value	-9999.000000
[rows 32 to 63 of 115, columns 72 to 143 of 170]
11.7217 11.381 11.9009 12.3792 12.0714 11.8684 12.6527 12.6495 12.3767 11.74 11.5048 11.2612 11.1111 10.2957 8.0122 5.95345 7.0533 7.07725 6.31296 7.67701 6.95261 5.06686 2.40573 3.8475 3.46823 1.57054 1.09794 -9999 -9999 -9999 -9999 -9999 -9999 -9999 -9999 -9999 -9999 -9999 -9999 -9999 -9999 -9999 -9999 -9999 -9999 -9999 -9999 -9999 -9999 -9999 -9999 -9999 -9999 -9999 -9999 -9999 -9999 -9999 -9999 -9999 -9999 -9999 -9999 -9999 -9999 -9999 -9999 -9999 -9999 -9999 -9999 -9999
11.2683 11.1205 11.8945 11.8754 11.8172 12.0841 12.569 12.6639 12.5558 12.2766 12.0346 11.7776 11.1293 10.1969 8.2423 5.89919 5.36607 6.50953 6.56217 6.74385 6.08337 5.25426 3.95859 5.0141 5.42195 4.17553 2.54008 1.48943 -9999 -9999 -9999 -9999 -9999 -9999 -9999 -9999 -9999 -9999 -9999 -9999 -9999 -9999 -9999 -9999 -9999 -9999 -9999 -9999 -9999 -9999 -9999 -9999 -9999 -9999 -9999 -9999 -9999 -9999 -9999 -9999 -9999 -9999 -9999 -9999 -9999 -9999 -9999 -9999 -9999 -9999 -9999 -9999
10.7277 9.97195 10.4373 10.786 11.4212 11.58 11.6745 12.5979 12.546 12.5004 12.1024 11.7837 11.2573 10.3598 9.08308 7.5463 4.87205 6.51738 7.80514 7.76959 7.69626 7.1145 5.86953 6.90538 6.95081 5.35573 3.54056 2.47774 2.03638 -9999 -9999 -9999 -9999 -9999 -9999 -9999 -9999 -9999 -9999 -9999 -9999 -9999 -9999 -9999 -9999 -9999 -9999 -9999 -9999 -9999 -9999 -9999 -9999 -9999 -9999 -9999 -9999 -9999 -9999 -9999 -9999 -9999 -9999 -9999 -9999 -9999 -9999 -9999 -9999 -9999 -9999 -9999
10.1135 9.19077 9.65893 10.2845 11.1617 11.6088 11.9505 12.2245 12.5043 12.4683 12.061 10.8629 10.6899 10.636 9.80023 8.04853 6.29907 5.84412 7.8098 8.37051 8.25294 8.68945 7.63424 8.12808 7.92073 7.35116 5.60723 4.0175 3.36085 2.06647 -9999 -9999 -9999 -9999 -9999 -9999 -9999 -9999 -9999 -9999 -9999 -9999 -9999 -9999 -9999 -9999 -9999 -9999 -9999 -9999 -9999 -9999 -9999 -9999 -9999 -9999 -9999 -9999 -9999 -9999 -9999 -9999 -9999 -9999 -9999 -9999 -9999 -9999 -9999 -9999 -9999 -9999
-9999 -9999 8.60836 9.45435 10.1571 11.015 11.755 12.1271 12.4886 12.4567 11.645 11.2469 11.2102 10.6618 9.69735 9.09121 7.9889 6.8404 7.27572 8.95139 8.20191 9.38786 9.28388 9.49881 8.70021 7.18036 5.16169 3.97747 3.38951 2.33992 -9999 -9999 -9999 -9999 -9999 -9999 -9999 -9999 -9999 -9999 -9999 -9999 -9999 -9999 -9999 -9999 -9999 -9999 -9999 -9999 -9999 -9999 -9999 -9999 -9999 -9999 -9999 -9999 -9999 -9999 -9999 -9999 -9999 -9999 -9999 -9999 -9999 -9999 -9999 -9999 -9999 -9999
-9999 -9999 -9999 9.29636 9.83052 10.9864 11.5716 11.812 12.3968 12.3955 12.0866 11.853 11.515 11.0743 10.349 9.54894 8.51212 8.41404 9.48514 9.49563 9.26831 9.44128 9.98931 9.84009 8.60017 6.4695 5.34318 3.04867 2.06845 2.16522 1.4699 -9999 -9999 -9999 -9999 -9999 -9999 -9999 -9999 -9999 -9999 -9999 -9999 4.09786 -9999 -9999 -9999 -9999 -9999 -9999 -9999 -9999 -9999 -9999 -9999 -9999 -9999 -9999 -9999 -9999 -9999 -9999 -9999 -9999 -0.109873 -9999 -9999 -9999 -9999 -9999 -9999 -9999
-9999 -9999 9.20081 9.91138 10.4714 11.1946 11.2564 11.6813 12.3541 12.3614 12.1417 11.8939 11.3396 11.2008 10.7872 9.91879 9.73946 10.0884 10.2476 10.4282 10.538 10.4429 10.2158 9.92303 9.11611 8.12675 7.46128 5.37043 4.30691 3.29545 1.76666 0.570341 -9999 -9999 -9999 -9999 -9999 -9999 -9999 3.30525 3.24733 3.27306 3.6062 4.52834 3.98366 -9999 -9999 -9999 -9999 -9999 -9999 -9999 -9999 -9999 -9999 -9999 -9999 -9999 -9999 -9999 -9999 -9999 -9999 -9999 0.721327 -0.480984 -9999 -9999 -9999 -9999 -9999 -9999
-9999 -9999 9.38643 10.1443 10.521 11.2231 11.6234 11.8756 12.1069 12.3282 12.2884 12.0144 11.599 11.5999 11.0281 10.719 10.4976 10.9704 11.0618 10.8685 10.6263 10.4114 9.80967 9.73628 9.52799 8.89806 7.8671 6.80498 5.26493 3.19014 1.15572 -0.485488 -9999 -9999 -9999 -9999 -9999 -9999 3.47643 4.24279 4.70139 3.7226 4.5562 5.31778 5.19393 4.44474 -9999 -9999 -9999 -9999 -9999 -9999 -9999 -9999 -9999 -9999 -9999 -9999 -9999 -9999 6.41674 5.18449 2.69579 1.41982 0.653964 -0.439312 -9999 -9999 -9999 -9999 -9999 -9999
-9999 -9999 9.23403 10.1296 10.735 11.2722 11.3551 11.9031 12.1367 12.2544 12.2381 12.1822 12.1043 11.6053 11.3898 10.6362 11.3538 11.3245 11.14 10.4164 10.1008 8.85954 8.31086 8.17633 9.21203 8.43766 6.82647 4.81373 2.39096 2.22728 1.4257 -0.0415862 -9999 -9999 -9999 -9999 -9999 -9999 3.71181 4.53169 5.21576 5.31431 4.34123 5.69579 5.63533 4.87393 4.69899 5.31827 5.63076 5.38808 6.12815 6.34351 6.00636 6.37226 -9999 -9999 -9999 -9999 6.58526 6.63446 6.67154 6.15786 3.43917 1.58213 -0.0856502 -0.242824 -9999 -9999 -9999 -9999 -9999 -9999
-9999 -9999 9.85526 10.4049 10.681 10.7225 11.2041 11.6822 11.973 12.189 12.1431 12.1235 12.1032 11.9316 11.535 11.6047 11.5712 11.3386 9.96424 8.36002 9.05501 8.09889 6.05666 7.70098 8.60404 7.72685 5.77509 3.51293 2.76374 2.7879 1.67423 0.243986 -9999 -9999 -9999 1.46921 2.64364 2.74532 3.09129 4.1854 5.01743 5.64255 6.06851 6.05047 5.5948 4.84973 4.03991 4.32433 5.77246 6.12318 6.41353 6.63658 6.32325 6.48484 6.87125 7.07042 7.11 7.01784 6.99632 7.02754 6.98085 6.50163 4.06896 2.67693 1.78851 0.00156482 -9999 -9999 -9999 -9999 -9999 -9999
-9999 -9999 9.50795 9.98528 10.3711 11.0114 11.0761 11.4823 11.7195 12.0747 12.1134 11.6887 12.037 11.9906 11.9242 11.7843 11.5797 10.4197 8.82103 7.21794 6.47589 6.78518 5.55636 6.17576 7.09072 6.74617 5.54649 3.53035 3.24161 2.76461 0.891972 -0.908429 -9999 -9999 -0.812278 1.44165 3.02876 3.84734 4.10071 4.12466 5.1733 5.25478 6.38312 6.11469 4.61619 4.78138 4.19458 4.56771 5.09715 5.23984 5.99794 6.73161 6.86843 6.86966 7.11501 7.1644 7.1764 7.16918 7.00114 7.07743 7.08895 6.79019 5.02831 4.16895 3.22058 0.0247887 -9999 -9999 -9999 -9999 -9999 -9999
-9999 -9999 9.75198 10.2859 10.8709 10.9621 11.3948 11.3437 11.2137 11.82 12.0376 11.7374 11.5212 11.9163 11.888 11.8343 11.7465 10.6564 9.39472 7.48514 6.29699 5.56686 5.04752 4.35009 4.81697 4.66631 4.46638 4.68327 4.12196 3.00933 1.91214 -0.138228 -1.24736 -9999 -0.693713 0.322959 2.21083 3.8154 4.83398 4.46741 5.66008 5.88059 6.5657 6.15975 5.24808 4.85528 4.81745 4.695 5.49513 6.02979 6.40376 6.65588 6.97079 7.04936 7.12866 7.16108 7.17843 7.19636 7.19179 7.18521 7.14945 7.03717 6.22708 5.36828 3.51495 0.128527 -9999 -9999 -9999 -9999 -9999 -9999
-9999 8.19109 9.68902 10.587 10.9318 11.1795 11.3974 11.5543 11.7173 11.8702 11.9769 11.9265 11.1346 11.1983 11.3397 11.7877 11.7546 11.6547 10.9641 8.6411 7.83459 6.65739 5.13488 4.49115 4.80197 6.03958 5.97763 5.14752 4.22332 2.94416 2.12908 0.870965 -1.54096 -1.32661 -0.243531 0.562607 1.84564 3.80726 5.18244 5.79598 6.0274 6.50845 6.75837 6.2022 5.67053 5.44588 5.03194 4.97054 4.97002 5.45179 5.82307 6.66081 6.94166 7.06879 7.13308 7.16724 7.1921 7.21692 7.22543 7.20915 7.21006 7.20355 7.14317 6.00156 3.14575 0.994569 -9999 -9999 -9999 -9999 -9999 -9999
-9999 -9999 9.4091 9.80115 9.90004 10.077 10.4446 10.8695 11.4717 11.547 11.8795 11.8747 11.1909 10.4032 11.0882 11.3599 11.6413 11.6485 11.5579 9.60334 8.57957 7.77202 6.31175 6.82699 7.31915 7.35035 7.04275 5.26979 3.5042 1.46571 -0.434223 -0.529302 -1.55442 -1.0177 -0.302715 1.53589 2.83005 3.35498 3.73211 5.72643 6.24378 6.42068 6.92976 6.2316 6.051 5.52482 5.67704 5.6277 5.62696 4.17375 5.62048 5.70326 6.6476 7.0698 7.16435 7.18929 7.2164 7.22039 7.22572 7.22146 7.23129 7.21659 7.2013 6.45944 2.83757 1.0192 -9999 -9999 -9999 -9999 -9999 -9999
-9999 -9999 -9999 -9999 9.52346 9.8213 10.0107 10.3422 11.3658 11.6401 11.8219 11.8357 11.5305 10.7496 10.5441 10.6865 9.92566 10.5602 11.4277 11.403 11.2937 9.57501 8.68959 9.53233 9.26755 7.97203 6.95087 5.94297 3.87669 2.35875 0.181843 -1.45348 -1.51875 0.277925 1.76984 3.63044 4.45152 3.98417 4.49082 5.48068 6.60544 7.14867 7.01903 6.28317 6.1761 5.36623 6.15583 6.22007 5.84742 5.52469 5.64439 6.10962 6.28532 7.02369 7.20092 7.23053 7.23535 7.23798 7.23475 7.23072 7.22168 7.21426 7.20423 7.17103 3.44813 0.551844 -9999 -9999 -9999 -9999 -9999 -9999
-9999 -9999 -9999 -9999 8.80688 8.98625 9.46634 10.7072 11.3526 11.6128 11.6014 11.7213 11.5057 10.8194 10.115 9.4511 8.59452 9.08284 10.3758 11.1364 11.2195 9.71231 10.4857 10.1866 9.60267 7.91035 6.66116 5.99552 4.01134 2.3082 0.857982 -1.14155 -0.292255 0.644452 1.84943 3.87902 5.24909 5.81224 5.33976 5.97307 7.26751 7.27404 6.56471 6.60899 6.17334 5.06766 6.21225 6.53158 6.26723 6.33067 6.22626 6.39722 6.71181 7.01302 7.21287 7.23844 7.24031 7.23324 7.23283 7.23361 7.21966 7.22124 7.21129 7.19271 4.7898 0.495255 -9999 -9999 -9999 -9999 -9999 -9999
-9999 -9999 -9999 -9999 -9999 8.14962 9.25131 10.9 11.3035 11.2628 11.6016 11.6291 11.2989 11.0126 10.1578 8.99038 6.74775 7.31782 8.50793 10.224 11.1237 10.9973 10.4863 9.60687 7.48763 5.63183 5.40008 5.0902 3.6402 2.32624 0.714487 1.64028 2.65577 3.76808 4.35208 4.19886 5.37275 6.33013 5.92392 6.70084 7.60689 7.1953 6.95112 6.74545 6.24266 6.20966 6.25843 6.9067 6.45175 6.72488 6.72458 6.70553 6.85689 7.03203 7.21666 7.2455 7.2447 7.24721 7.22535 7.23318 7.22288 7.21287 7.20379 7.18796 6.9708 4.65761 3.2749 -9999 -9999 -9999 -9999 -9999
-9999 -9999 -9999 -9999 -9999 7.12727 7.6743 9.62773 10.2254 11.0873 11.544 11.5632 11.0065 10.6961 9.42263 9.00952 6.93524 5.99479 6.78989 6.48222 8.8455 10.9355 10.4713 6.23743 4.69953 3.6004 3.87385 3.86942 3.46084 1.23109 0.613721 2.59664 3.84431 4.81106 5.54467 5.69669 5.67113 7.16872 7.36754 7.85407 7.74808 7.79254 7.0355 6.56606 6.97034 6.49623 6.41253 7.08241 6.4154 7.01131 6.93328 6.74987 6.73737 7.12981 7.20753 7.2479 7.2491 7.23301 7.21301 7.2017 7.215 7.20969 7.18849 7.19025 7.1692 6.89409 5.69689 5.27822 5.7414 -9999 -9999 -9999
-9999 -9999 -9999 -9999 -9999 -9999 5.84716 8.56384 9.80003 10.45 11.3671 11.476 11.1784 10.6423 9.34519 8.20455 6.35016 4.2321 3.10772 6.46204 9.38038 10.9012 10.6925 7.16748 5.77227 5.70124 6.51246 5.81544 5.2853 3.58858 3.0792 2.37392 2.80197 4.15006 5.25219 6.3161 7.08996 7.15321 7.65595 7.94359 7.96695 8.05668 7.9667 7.89259 7.15881 7.66012 7.22952 7.45314 7.30345 7.16782 7.04722 6.62663 6.91852 7.17701 7.24205 7.26045 7.24334 7.23891 7.22763 7.20339 7.19226 7.19119 7.18942 7.17668 7.17696 7.16412 7.03001 6.30945 5.34455 4.12535 -9999 -9999
-9999 -9999 -9999 -9999 -9999 -9999 4.4867 7.19025 8.48807 10.1646 11.0255 11.3734 11.3258 10.8911 9.9052 8.42171 7.18575 4.82122 2.36564 5.88553 9.01996 10.7099 10.7952 7.82869 8.64268 7.97384 8.23484 7.01531 6.50508 6.09703 5.221 4.26413 3.21741 2.66343 5.14016 6.4117 7.4353 7.91805 8.1911 8.32746 8.25263 8.06524 6.96334 7.80091 7.75169 7.66549 7.56671 7.51708 7.42671 7.32071 7.25317 7.22854 6.94848 7.25901 7.24948 7.2517 7.2517 7.24258 7.22655 7.21295 7.19647 7.19589 7.18596 7.17571 7.16866 7.16497 7.1561 7.11623 6.92427 5.28734 4.30761 4.03033
-9999 -9999 -9999 -9999 -9999 -9999 0.68059 4.61599 7.77456 9.42495 10.7666 11.1344 11.2711 10.688 10.2518 9.18808 8.18068 6.6267 4.29917 2.86508 5.49839 9.32964 10.7372 10.6178 10.5238 9.7519 9.05553 8.96238 9.00842 8.19534 7.01834 5.48414 5.00298 4.46394 6.30807 6.55703 6.4212 8.45057 8.45488 8.33924 7.56219 6.69001 6.85381 6.31359 6.72126 6.07698 6.66401 7.17077 7.35785 7.33853 7.26375 7.25118 7.2177 7.26941 7.266 7.25517 7.2469 7.24225 7.23411 7.21038 7.19718 7.2061 7.18852 7.17684 7.16556 7.16416 7.1597 7.13005 7.10279 6.85032 6.47095 5.747
-9999 -9999 -9999 -9999 -9999 -9999 0.848237 4.15442 6.96146 8.64203 10.2603 10.6342 11.1795 11.0601 10.6031 9.67808 8.52264 7.24332 5.24615 3.76098 5.52282 8.06296 9.88222 10.5266 10.5127 10.4634 10.2846 10.2065 9.99912 9.84568 9.00135 7.55142 6.73135 5.53338 7.58868 7.81782 7.4947 8.52066 8.46844 6.9149 5.72021 5.57055 6.29502 5.60046 5.47372 5.03942 5.52404 6.82734 6.44201 6.51383 7.09879 7.19328 7.25262 7.2667 7.26016 7.25533 7.24374 7.24421 7.24509 7.22165 7.21097 7.20591 7.1837 7.17726 7.16176 7.1505 7.13986 7.12372 7.09881 7.02637 6.94606 7.02533
-9999 -9999 -9999 -9999 -9999 -9999 0.917076 3.13586 5.66174 8.13851 9.86682 10.5628 11.0693 11.0623 10.531 10.0704 9.34547 8.21959 7.44661 6.10556 4.2654 7.34336 8.28141 9.11552 9.46532 10.3388 10.3117 9.9032 9.42251 9.8516 9.7185 8.57078 8.19123 7.55325 8.69523 8.69597 8.66265 8.60005 7.2871 5.46261 4.00409 5.05192 4.83143 5.30801 3.81132 5.03642 6.02129 6.33853 5.6642 5.16275 6.6957 6.94774 7.0967 7.19137 7.25299 7.2357 7.25 7.23993 7.23481 7.22957 7.21634 7.20846 7.19525 7.1817 7.16554 7.15592 7.13821 7.11541 7.11334 7.07432 7.05833 7.04191
-9999 -9999 -9999 -9999 -9999 -9999 -9999 1.82159 5.02074 7.88045 9.47154 10.4715 10.9576 10.9469 10.6742 10.3607 9.91029 9.09732 8.07633 6.4638 5.26579 6.02162 6.94007 7.03484 7.64581 9.4265 10.0313 9.1613 7.0123 8.26788 9.67073 9.6439 9.52028 9.38292 9.20707 9.05005 8.70934 7.79994 5.01716 4.46985 3.37763 3.50043 2.93924 4.1562 3.69384 4.94724 5.48871 5.69112 4.52659 4.76449 6.12593 6.66329 6.57103 6.90019 7.21489 7.22366 7.23147 7.2224 7.22867 7.23093 7.22563 7.21106 7.20076 7.19322 7.16396 7.16658 7.06299 6.99549 6.85882 7.02685 7.04225 7.04984
-9999 -9999 -9999 -9999 -9999 -9999 -9999 1.17757 4.37435 7.74285 8.82265 9.90079 10.8312 10.8474 10.4315 10.0359 9.62846 9.16478 7.92667 6.72575 5.5788 5.19174 5.41896 5.38705 6.37882 8.70063 9.14622 8.94914 6.70386 5.94376 7.81962 9.39584 9.51685 9.37061 7.50869 7.90258 6.89776 5.53591 5.16024 4.56366 3.30424 3.90861 2.98548 3.37887 3.26362 3.9742 4.31919 5.16441 4.14932 4.14641 5.48329 6.15666 6.17136 6.87859 7.12976 7.19464 7.21028 7.22153 7.22421 7.23527 7.22889 7.21876 7.20535 7.17188 7.09151 6.83935 5.49414 5.49573 5.86476 6.21387 6.84749 7.02742
-9999 -9999 -9999 -9999 -9999 -9999 -9999 1.54463 3.76215 6.75083 8.96415 9.10097 10.1761 10.7301 10.2779 9.769 9.2484 9.01969 7.67229 6.19224 4.99572 3.57959 3.80918 4.82037 6.46506 7.96351 8.22773 7.91254 6.70349 7.26478 8.54307 9.22032 9.41786 9.25695 8.84948 8.61332 7.87282 7.55107 6.52377 4.91841 4.28527 4.68397 2.97952 3.09673 3.72438 3.04514 4.14546 4.67061 3.36083 4.39194 5.5744 6.17796 6.70553 6.95444 7.05285 7.20483 7.20795 7.22019 7.22682 7.22444 7.22439 7.19968 7.17928 7.03655 6.82588 5.57156 5.04514 5.14755 5.72716 6.23457 6.76579 6.98284
-9999 -9999 -9999 -9999 -9999 -9999 -9999 1.91994 3.91632 6.50744 8.08477 8.36502 9.5575 10.6177 10.497 9.96755 9.80492 9.25615 8.11302 6.85043 5.47039 4.79791 3.25527 4.76764 5.95153 7.2201 7.81131 6.81541 6.31778 7.18842 8.05415 8.39806 9.27296 9.26192 8.97339 7.73773 7.13435 7.38691 7.12694 6.67291 5.56732 5.51659 4.80567 4.51006 4.23056 3.31822 3.89086 3.94597 4.09932 5.33843 5.953 6.35991 6.72998 6.82605 6.98638 7.19503 7.21262 7.21949 7.21807 7.22168 7.20607 7.14629 7.09591 6.80847 6.29962 5.35016 3.80769 4.892 6.02578 6.36561 6.69363 6.86445
-9999 -9999 -9999 -9999 -9999 -9999 -9999 1.57611 3.69718 5.91137 6.83571 6.99069 9.1507 10.4725 10.4727 10.2206 9.92645 8.57384 8.65089 8.37841 7.13325 5.32048 3.32961 3.5128 4.68721 6.35835 6.91058 5.27228 4.69426 5.11345 6.42451 7.59796 8.82358 9.13303 8.77028 6.84801 4.80556 5.75024 6.75987 6.7527 6.45443 5.42882 5.10194 4.80574 4.05663 2.78602 2.96355 3.31306 4.72062 5.16617 5.85557 6.42792 6.20996 6.33516 6.88306 7.19709 7.2081 7.21302 7.22284 7.21517 7.19601 7.0769 6.95081 6.73934 5.41276 4.58768 3.38704 4.77885 5.55158 5.96349 6.69926 6.87441
-9999 -9999 -9999 -9999 -9999 -9999 -9999 0.915448 2.45401 4.57032 5.42183 6.78164 8.82275 9.8256 10.3053 10.2926 10.0958 9.48888 9.12302 8.40411 7.10889 5.33859 3.37084 2.08859 2.73542 4.9808 5.51002 4.00021 3.23438 4.18078 5.57837 7.64943 8.83171 8.98924 8.8798 8.48176 6.99004 5.18828 5.19271 6.09386 5.33685 4.45722 4.93832 4.84708 4.10738 3.56869 3.22961 3.43162 4.23142 4.56308 5.3599 6.53681 6.70421 6.66952 7.16453 7.18838 7.19912 7.21712 7.2159 7.2108 7.19542 7.09811 6.88067 5.99748 5.22721 4.15575 4.02275 5.26075 5.80585 6.30991 6.67069 6.78802
-9999 -9999 -9999 -9999 -9999 -9999 -9999 -0.219729 1.59098 3.57339 5.42956 7.18564 8.6968 8.81163 9.60769 9.60458 10.0206 9.8986 9.33569 8.72979 7.61344 5.3401 3.42787 1.34251 1.88807 4.18408 4.46673 3.4588 1.59954 3.5129 5.62343 7.53614 8.57047 7.75517 8.58608 8.5156 7.95546 6.88213 5.21432 5.24413 3.99385 3.93777 4.57719 4.78344 4.67466 4.26979 3.62071 3.72296 4.20615 4.32919 5.06145 5.97424 6.86669 7.01572 7.18517 7.19159 7.19357 7.20678 7.20792 7.18869 7.1424 7.04053 6.29994 5.41929 4.87654 4.12976 4.03858 5.47105 6.04009 6.35626 6.66792 6.79074
-9999 -9999 -9999 -9999 -9999 -9999 -9999 -9999 1.40204 3.4502 4.96525 5.37164 6.71465 7.4389 7.99888 8.12134 9.72302 9.80916 9.45137 8.89457 7.94201 6.21623 5.01275 3.01234 1.57344 2.14962 2.4091 2.93334 2.77459 3.62626 5.65434 7.76758 7.99588 6.64937 6.84624 7.12544 7.75382 7.43221 5.16029 4.00513 3.04595 3.72416 4.43767 4.60882 4.64144 4.50132 4.33509 4.04918 5.0045 5.71103 5.87376 6.48979 6.94438 7.06918 7.16306 7.17393 7.18508 7.18458 7.1574 7.13754 7.02255 6.76562 5.93717 3.94569 4.03795 3.82188 3.20183 4.60233 5.48003 6.27023 6.68995 6.79804
-9999 -9999 -9999 -9999 -9999 -9999 -9999 -9999 0.716254 3.08645 3.58539 3.54603 2.75845 3.11803 6.02804 6.61232 8.1483 9.60246 9.49307 8.94671 8.05524 7.02618 5.43439 3.18496 1.39679 0.632317 2.54253 4.41818 4.80446 5.40363 6.64531 6.87917 5.50297 4.21244 4.93359 5.36723 7.02526 7.32631 7.00176 5.63209 4.06628 3.24793 4.20949 4.33615 4.39178 4.40098 4.36722 4.31849 5.39064 5.98611 6.39883 6.62301 7.01324 7.1124 7.14359 7.17298 7.16521 7.14437 7.08191 7.01097 6.70081 6.32544 4.96873 3.83746 3.13169 2.23602 4.25183 4.8502 5.67774 6.20912 6.62658 6.71776
