Test_Spring_2018b/03_18/Temp/20180319_004.txt
ncols	170
nrows	115
xllcorner	350000.000000
yllcorner	4445000.000000
cellsize	1000.000000
nodata_value	-9999.000000
[rows 32 to 63 of 115, columns 72 to 143 of 170]
11.2396 10.9125 11.4201 11.8874 11.5933 11.4039 12.1704 12.1707 11.9095 11.2952 11.0703 10.8372 10.6946 9.90688 7.69518 5.70148 6.77114 6.79736 6.05914 7.38511 6.68564 4.85986 2.28211 3.68358 3.3189 1.48105 1.02952 -9999 -9999 -9999 -9999 -9999 -9999 -9999 -9999 -9999 -9999 -9999 -9999 -9999 -9999 -9999 -9999 -9999 -9999 -9999 -9999 -9999 -9999 -9999 -9999 -9999 -9999 -9999 -9999 -9999 -9999 -9999 -9999 -9999 -9999 -9999 -9999 -9999 -9999 -9999 -9999 -9999 -9999 -9999 -9999 -9999
10.8044 10.6643 11.4183 11.4032 11.3507 11.6176 12.0937 12.1891 12.0876 11.8201 11.5887 11.3426 10.717 9.81574 7.92305 5.6536 5.13957 6.25157 6.30567 6.48495 5.8475 5.04655 3.79313 4.82003 5.21883 4.01136 2.43362 1.42056 -9999 -9999 -9999 -9999 -9999 -9999 -9999 -9999 -9999 -9999 -9999 -9999 -9999 -9999 -9999 -9999 -9999 -9999 -9999 -9999 -9999 -9999 -9999 -9999 -9999 -9999 -9999 -9999 -9999 -9999 -9999 -9999 -9999 -9999 -9999 -9999 -9999 -9999 -9999 -9999 -9999 -9999 -9999 -9999
10.2846 9.55485 10.0095 10.351 10.975 11.1355 11.2306 12.1296 12.0826 12.0418 11.659 11.3531 10.8457 9.97842 8.74324 7.25583 4.66526 6.26402 7.51602 7.48464 7.41667 6.85564 5.65145 6.65936 6.70676 5.16487 3.41238 2.38479 1.95988 -9999 -9999 -9999 -9999 -9999 -9999 -9999 -9999 -9999 -9999 -9999 -9999 -9999 -9999 -9999 -9999 -9999 -9999 -9999 -9999 -9999 -9999 -9999 -9999 -9999 -9999 -9999 -9999 -9999 -9999 -9999 -9999 -9999 -9999 -9999 -9999 -9999 -9999 -9999 -9999 -9999 -9999 -9999
9.69328 8.80161 9.25895 9.86898 10.7274 11.167 11.5027 11.772 12.0467 12.0151 11.6234 10.4648 10.3002 10.251 9.44354 7.74772 6.05405 5.61588 7.52537 8.07229 7.96144 8.38803 7.36794 7.85027 7.65262 7.10746 5.42029 3.88387 3.25035 1.9983 -9999 -9999 -9999 -9999 -9999 -9999 -9999 -9999 -9999 -9999 -9999 -9999 -9999 -9999 -9999 -9999 -9999 -9999 -9999 -9999 -9999 -9999 -9999 -9999 -9999 -9999 -9999 -9999 -9999 -9999 -9999 -9999 -9999 -9999 -9999 -9999 -9999 -9999 -9999 -9999 -9999 -9999
-9999 -9999 8.24438 9.07227 9.75973 10.5954 11.3175 11.6819 12.036 12.0085 11.2247 10.8419 10.8095 10.2808 9.34854 8.76374 7.69773 6.58691 7.01219 8.64047 7.91679 9.07026 8.97279 9.18472 8.41377 6.95011 4.99359 3.85077 3.2841 2.26968 -9999 -9999 -9999 -9999 -9999 -9999 -9999 -9999 -9999 -9999 -9999 -9999 -9999 -9999 -9999 -9999 -9999 -9999 -9999 -9999 -9999 -9999 -9999 -9999 -9999 -9999 -9999 -9999 -9999 -9999 -9999 -9999 -9999 -9999 -9999 -9999 -9999 -9999 -9999 -9999 -9999 -9999
-9999 -9999 -9999 8.92329 9.44719 10.5719 11.144 11.3808 11.9515 11.9538 11.6576 11.4344 11.1099 10.6856 9.9853 9.21243 8.20991 8.11784 9.15971 9.17303 8.95578 9.12687 9.66183 9.52069 8.3253 6.26583 5.17747 2.95568 2.00881 2.10643 1.43579 -9999 -9999 -9999 -9999 -9999 -9999 -9999 -9999 -9999 -9999 -9999 -9999 4.02036 -9999 -9999 -9999 -9999 -9999 -9999 -9999 -9999 -9999 -9999 -9999 -9999 -9999 -9999 -9999 -9999 -9999 -9999 -9999 -9999 -0.00639848 -9999 -9999 -9999 -9999 -9999 -9999 -9999
-9999 -9999 8.82743 9.52602 10.0729 10.7781 10.8417 11.2585 11.9147 11.9253 11.7157 11.4788 10.9444 10.813 10.415 9.57582 9.40491 9.74633 9.90382 10.0821 10.1918 10.103 9.88625 9.60602 8.83353 7.87814 7.23697 5.21083 4.18568 3.20876 1.73004 0.573661 -9999 -9999 -9999 -9999 -9999 -9999 -9999 3.24978 3.19575 3.22283 3.54806 4.44464 3.91874 -9999 -9999 -9999 -9999 -9999 -9999 -9999 -9999 -9999 -9999 -9999 -9999 -9999 -9999 -9999 -9999 -9999 -9999 -9999 0.807433 -0.357033 -9999 -9999 -9999 -9999 -9999 -9999
-9999 -9999 9.01707 9.75587 10.1251 10.8099 11.2021 11.4513 11.6794 11.8977 11.8626 11.6004 11.2007 11.2048 10.6534 10.3565 10.1448 10.6063 10.698 10.5136 10.2819 10.0769 9.497 9.42967 9.23767 8.6311 7.63571 6.61018 5.12067 3.11276 1.14394 -0.443659 -9999 -9999 -9999 -9999 -9999 -9999 3.42073 4.16611 4.6129 3.66561 4.47611 5.21687 5.09908 4.37891 -9999 -9999 -9999 -9999 -9999 -9999 -9999 -9999 -9999 -9999 -9999 -9999 -9999 -9999 6.33356 5.13981 2.72738 1.49109 0.749588 -0.309332 -9999 -9999 -9999 -9999 -9999 -9999
-9999 -9999 8.873 9.74545 10.3367 10.8617 10.9462 11.4826 11.7128 11.8307 11.8184 11.7678 11.6955 11.2146 11.0086 10.2808 10.9796 10.9541 10.7782 10.0795 9.7766 8.57627 8.04786 7.92685 8.93575 8.18935 6.6315 4.6843 2.34194 2.18501 1.41215 -0.00650689 -9999 -9999 -9999 -9999 -9999 -9999 3.65606 4.45322 5.11852 5.21593 4.2741 5.58987 5.5371 4.80127 4.6345 5.23828 5.5448 5.31498 6.03319 6.24584 5.92264 6.28124 -9999 -9999 -9999 -9999 6.50212 6.55154 6.58887 6.09181 3.45608 1.65598 0.0395102 -0.109049 -9999 -9999 -9999 -9999 -9999 -9999
-9999 -9999 9.47914 10.0163 10.2881 10.3326 10.8039 11.2728 11.5585 11.7731 11.7321 11.7165 11.7 11.5367 11.1549 11.2254 11.1956 10.9729 9.64296 8.09021 8.76755 7.84276 5.86825 7.46994 8.35045 7.50459 5.61673 3.42795 2.70898 2.73471 1.65946 0.279097 -9999 -9999 -9999 1.48218 2.62398 2.72503 3.06273 4.12579 4.93455 5.54065 5.95553 5.94233 5.50361 4.78364 4.00121 4.28036 5.68845 6.03249 6.31686 6.53724 6.23744 6.39985 6.77823 6.97472 7.01605 6.9292 6.9104 6.94234 6.89837 6.43465 4.07433 2.72496 1.86411 0.13402 -9999 -9999 -9999 -9999 -9999 -9999
-9999 -9999 9.14649 9.61359 9.992 10.6187 10.6857 11.0838 11.3188 11.6666 11.7077 11.2992 11.6401 11.5982 11.5365 11.4036 11.2079 10.0857 8.53813 6.98645 6.2701 6.57562 5.38791 5.99544 6.88764 6.55796 5.40281 3.45279 3.17807 2.72289 0.909068 -0.83239 -9999 -9999 -0.727124 1.46203 3.00404 3.80029 4.04805 4.07307 5.09177 5.17247 6.26858 6.01241 4.56214 4.72504 4.15685 4.52216 5.04179 5.18415 5.92533 6.63814 6.77497 6.78021 7.02198 7.07336 7.08803 7.08358 6.92264 6.99818 7.01052 6.72162 5.01355 4.18076 3.26418 0.16491 -9999 -9999 -9999 -9999 -9999 -9999
-9999 -9999 9.38845 9.91057 10.4824 10.5752 10.9991 10.9536 10.8325 11.4243 11.6386 11.3507 11.1442 11.5303 11.5055 11.4562 11.3736 10.3191 9.09826 7.24932 6.10034 5.39762 4.89814 4.23148 4.68944 4.54863 4.36015 4.57599 4.03705 2.96556 1.90649 -0.0794422 -1.15061 -9999 -0.605853 0.383348 2.217 3.77545 4.76522 4.41137 5.56961 5.78502 6.45307 6.06138 5.18015 4.80407 4.77054 4.65524 5.43499 5.95602 6.3248 6.57357 6.8808 6.96125 7.04215 7.0772 7.09715 7.11711 7.11467 7.10975 7.07608 6.96787 6.1827 5.35247 3.55562 0.271284 -9999 -9999 -9999 -9999 -9999 -9999
-9999 7.87135 9.33084 10.2063 10.5452 10.7899 11.0057 11.1621 11.3251 11.4771 11.5842 11.5383 10.7733 10.8379 10.9777 11.4147 11.3852 11.2909 10.6239 8.37402 7.59651 6.46124 4.98931 4.37198 4.67883 5.8847 5.8303 5.03095 4.14033 2.90726 2.12216 0.906823 -1.42955 -1.21746 -0.163338 0.621659 1.86865 3.77329 5.1088 5.70537 5.93122 6.40076 6.64491 6.10938 5.59674 5.38178 4.98357 4.92758 4.93094 5.40229 5.76832 6.58402 6.86075 6.98638 7.05288 7.08972 7.11702 7.14368 7.15389 7.13948 7.14126 7.13548 7.07909 5.97235 3.20429 1.11799 -9999 -9999 -9999 -9999 -9999 -9999
-9999 -9999 9.06285 9.44773 9.54829 9.7245 10.0855 10.502 11.091 11.1677 11.4938 11.4923 10.8319 10.0707 10.7376 11.0036 11.2789 11.2884 11.2033 9.3132 8.32436 7.54562 6.13423 6.64106 7.124 7.16006 6.86766 5.1541 3.44764 1.47823 -0.359151 -0.446447 -1.43593 -0.912431 -0.215298 1.571 2.82872 3.33991 3.70736 5.64299 6.14719 6.32156 6.81733 6.14252 5.97037 5.46304 5.614 5.5698 5.57304 4.16786 5.57696 5.66147 6.58155 6.99461 7.08908 7.11705 7.14657 7.15303 7.16014 7.15733 7.16767 7.15519 7.14148 6.42258 2.91055 1.14694 -9999 -9999 -9999 -9999 -9999 -9999
-9999 -9999 -9999 -9999 9.18681 9.48037 9.66858 9.99456 10.9922 11.262 11.4418 11.4583 11.1652 10.4104 10.2136 10.354 9.61852 10.237 11.082 11.0618 10.9599 9.29766 8.44561 9.26851 9.01753 7.76706 6.78277 5.81137 3.81343 2.34893 0.242981 -1.33808 -1.39689 0.349626 1.79967 3.60726 4.40611 3.95487 4.44788 5.41049 6.50315 7.0319 6.90827 6.19695 6.09613 5.31374 6.08294 6.14896 5.79157 5.48285 5.60493 6.06039 6.235 6.95518 7.13087 7.16231 7.17023 7.17538 7.17416 7.17155 7.16462 7.15826 7.14917 7.11754 3.50751 0.698466 -9999 -9999 -9999 -9999 -9999 -9999
-9999 -9999 -9999 -9999 8.49561 8.67432 9.14453 10.3524 10.9832 11.2394 11.2317 11.3511 11.1448 10.4817 9.80095 9.15939 8.33127 8.80777 10.0651 10.8066 10.8914 9.43437 10.1912 9.9068 9.34644 7.71125 6.50592 5.86654 3.9483 2.30418 0.903026 -1.03128 -0.203118 0.709307 1.88138 3.85262 5.18386 5.73212 5.27595 5.89201 7.14928 7.15757 6.4718 6.51719 6.09775 5.02853 6.14207 6.45554 6.20322 6.26903 6.17374 6.34377 6.65304 6.94918 7.14677 7.17497 7.17958 7.17531 7.17683 7.17934 7.16699 7.1694 7.16043 7.14302 4.81323 0.648097 -9999 -9999 -9999 -9999 -9999 -9999
-9999 -9999 -9999 -9999 -9999 7.86671 8.93978 10.5431 10.9393 10.9036 11.2355 11.2653 10.9478 10.6726 9.84599 8.71608 6.54363 7.09944 8.25705 9.92527 10.8022 10.6844 10.1955 9.34846 7.29912 5.50543 5.28688 4.99255 3.59238 2.32567 0.767798 1.67056 2.65984 3.74251 4.31228 4.16655 5.30749 6.23815 5.84616 6.60157 7.48224 7.08513 6.85058 6.65366 6.16916 6.14034 6.19114 6.82364 6.38646 6.65561 6.66122 6.64688 6.79776 6.97154 7.15428 7.18558 7.18774 7.19267 7.17351 7.18272 7.17398 7.16523 7.1572 7.14256 6.9327 4.68923 3.3492 -9999 -9999 -9999 -9999 -9999
-9999 -9999 -9999 -9999 -9999 6.87899 7.41407 9.31293 9.89742 10.737 11.1832 11.2049 10.6677 10.3695 9.13672 8.73837 6.72925 5.8201 6.59466 6.30019 8.59661 10.6285 10.1851 6.08465 4.59912 3.53925 3.81061 3.81245 3.42221 1.26726 0.67369 2.6016 3.81596 4.75739 5.47221 5.62268 5.60029 7.05499 7.24972 7.72359 7.62286 7.66817 6.93635 6.48372 6.87902 6.42243 6.34477 6.99823 6.35531 6.93743 6.86758 6.69371 6.68554 7.06993 7.14886 7.19126 7.19547 7.18227 7.16507 7.15555 7.1698 7.16574 7.1461 7.14865 7.12912 6.86236 5.70232 5.29757 5.74835 -9999 -9999 -9999
-9999 -9999 -9999 -9999 -9999 -9999 5.64574 8.28476 9.48847 10.1225 11.0152 11.1238 10.8392 10.3214 9.06558 7.9617 6.16591 4.1148 3.02771 6.28485 9.11961 10.5994 10.4039 6.99087 5.64363 5.58076 6.37357 5.70356 5.19526 3.55718 3.06819 2.38882 2.80817 4.11999 5.19225 6.22671 6.97968 7.04336 7.53328 7.81391 7.83877 7.92813 7.84339 7.77427 7.06589 7.55535 7.14125 7.36185 7.22058 7.09308 6.98187 6.57781 6.86467 7.119 7.18549 7.20712 7.19312 7.19123 7.1825 7.16104 7.15093 7.15113 7.15049 7.13916 7.14047 7.12818 6.99927 6.3018 5.36758 4.18698 -9999 -9999
-9999 -9999 -9999 -9999 -9999 -9999 4.33005 6.95622 8.21966 9.84914 10.6884 11.0301 10.9862 10.5668 9.61294 8.17665 6.98074 4.69066 2.3127 5.73071 8.77459 10.4184 10.5063 7.63651 8.43173 7.7889 8.04789 6.87093 6.38175 5.99339 5.14863 4.22509 3.21508 2.68188 5.08684 6.3227 7.31795 7.78858 8.05584 8.19062 8.12111 7.94024 6.87422 7.6894 7.64498 7.56468 7.47235 7.42788 7.34403 7.24512 7.18529 7.16507 6.89705 7.20304 7.19702 7.20187 7.20441 7.19796 7.18467 7.17359 7.1596 7.16052 7.15051 7.14178 7.13616 7.13284 7.12551 7.08828 6.90374 5.31798 4.36981 4.10328
-9999 -9999 -9999 -9999 -9999 -9999 0.642459 4.46324 7.53284 9.13675 10.4432 10.8025 10.9373 10.3742 9.95361 8.92453 7.95037 6.44648 4.19275 2.80595 5.36468 9.08535 10.4546 10.346 10.2605 9.51747 8.84773 8.76296 8.81303 8.03176 6.89665 5.41279 4.95096 4.43137 6.22282 6.467 6.33786 8.30858 8.31533 8.20582 7.45499 6.61261 6.77467 6.25102 6.64975 6.02819 6.60095 7.09601 7.28112 7.26613 7.1992 7.19277 7.16336 7.21695 7.21639 7.20851 7.20299 7.20087 7.19525 7.17442 7.16369 7.17435 7.15862 7.14911 7.13685 7.13585 7.13292 7.10569 7.08092 6.83788 6.47192 5.77212
-9999 -9999 -9999 -9999 -9999 -9999 0.81057 4.02209 6.74802 8.38405 9.95633 10.3216 10.853 10.7397 10.299 9.40459 8.28696 7.04952 5.11622 3.67986 5.39297 7.86182 9.63135 10.2636 10.2541 10.2117 10.0437 9.97525 9.77928 9.63771 8.82314 7.42247 6.63061 5.47195 7.46825 7.69327 7.38257 8.38026 8.33229 6.82836 5.67258 5.53044 6.237 5.56676 5.44742 5.02609 5.49948 6.76695 6.39971 6.47279 7.04561 7.14027 7.20145 7.21786 7.21418 7.21206 7.2033 7.20614 7.20929 7.18879 7.18058 7.17777 7.15827 7.15323 7.14009 7.12971 7.11762 7.10356 7.08112 7.01269 6.94025 7.0192
-9999 -9999 -9999 -9999 -9999 -9999 0.881905 3.03816 5.49135 7.89998 9.57908 10.2568 10.7507 10.7465 10.234 9.79013 9.0901 8.00152 7.25553 5.9589 4.17854 7.16829 8.08373 8.89987 9.24642 10.0991 10.0781 9.68714 9.22638 9.64699 9.52406 8.41468 8.05003 7.43449 8.54505 8.54862 8.5191 8.46114 7.19057 5.42396 4.01237 5.03169 4.82105 5.28753 3.83947 5.03439 5.9931 6.30423 5.64933 5.1663 6.65856 6.90677 7.05401 7.1485 7.21086 7.19661 7.21293 7.20555 7.2029 7.20009 7.18947 7.184 7.17331 7.16224 7.14766 7.13888 7.12351 7.10757 7.10725 7.0671 7.05329 7.03948
-9999 -9999 -9999 -9999 -9999 -9999 -9999 1.76834 4.8784 7.65503 9.2011 10.1737 10.6479 10.6403 10.3786 10.0776 9.64396 8.85899 7.87255 6.31272 5.1552 5.89287 6.78955 6.88864 7.48643 9.21865 9.81032 8.97154 6.89524 8.1196 9.48403 9.46158 9.34503 9.21493 9.0453 8.89595 8.56839 7.68926 4.99327 4.46772 3.41163 3.53403 2.99316 4.17818 3.7332 4.95229 5.48087 5.68053 4.55436 4.79123 6.11522 6.63896 6.55196 6.87359 7.17776 7.18874 7.19875 7.19233 7.20075 7.20524 7.20236 7.19411 7.18653 7.18158 7.15462 7.15758 7.05904 6.9954 6.8646 7.02923 7.04579 7.05523
-9999 -9999 -9999 -9999 -9999 -9999 -9999 1.15225 4.25604 7.52618 8.57647 9.62505 10.5303 10.5489 10.1485 9.76791 9.37607 8.92989 7.73287 6.57218 5.46409 5.09318 5.31822 5.29552 6.26239 8.51918 8.95624 8.76987 6.60285 5.86975 7.69289 9.22517 9.34589 9.20724 7.40453 7.78952 6.81796 5.50015 5.13886 4.56338 3.34514 3.93458 3.04265 3.42759 3.32056 4.0131 4.35103 5.17403 4.19272 4.19613 5.49632 6.15195 6.16868 6.857 7.10295 7.16822 7.18572 7.199 7.20398 7.21712 7.21335 7.20595 7.19533 7.16522 7.08955 6.84627 5.5417 5.54512 5.90481 6.24513 6.8621 7.03797
-9999 -9999 -9999 -9999 -9999 -9999 -9999 1.51288 3.66694 6.56879 8.71851 8.85426 9.89997 10.4403 10.0048 9.51447 9.01292 8.79466 7.49164 6.06017 4.9039 3.53482 3.76201 4.74734 6.35086 7.80891 8.06988 7.76879 6.60696 7.15535 8.39889 9.05932 9.2543 9.10149 8.70944 8.48346 7.76832 7.45932 6.46608 4.91226 4.30142 4.69136 3.04162 3.15864 3.77074 3.11669 4.18708 4.69958 3.43239 4.43971 5.58918 6.1771 6.69125 6.93507 7.0329 7.18265 7.18803 7.20227 7.21109 7.21117 7.21352 7.19196 7.17454 7.03844 6.83639 5.62207 5.11057 5.2118 5.77577 6.26966 6.78718 6.99932
-9999 -9999 -9999 -9999 -9999 -9999 -9999 1.88158 3.82121 6.33752 7.87053 8.14549 9.30514 10.3366 10.2227 9.71242 9.5581 9.02944 7.92451 6.7039 5.36956 4.7216 3.22985 4.7011 5.85771 7.09265 7.67059 6.71599 6.23753 7.08589 7.9293 8.26644 9.11841 9.11101 8.83438 7.63911 7.05701 7.30505 7.05603 6.61884 5.54977 5.5038 4.81758 4.53417 4.26639 3.3863 3.94483 4.00138 4.15424 5.36231 5.961 6.3582 6.71961 6.81522 6.97311 7.17785 7.19729 7.20631 7.20731 7.2132 7.20044 7.14482 7.0983 6.82182 6.33056 5.41191 3.91489 4.96844 6.0699 6.401 6.72182 6.88917
-9999 -9999 -9999 -9999 -9999 -9999 -9999 1.55289 3.61348 5.76429 6.66406 6.81762 8.91572 10.2009 10.2044 9.9632 9.68136 8.3731 8.45155 8.19114 6.98754 5.23358 3.307 3.48904 4.63448 6.26171 6.80173 5.22423 4.66775 5.07825 6.35358 7.49528 8.68744 8.99092 8.64237 6.78125 4.80352 5.72284 6.70515 6.70133 6.41521 5.42372 5.10989 4.82584 4.10254 2.87309 3.05028 3.39229 4.76519 5.2 5.87126 6.42893 6.22004 6.34393 6.87773 7.18469 7.19776 7.20491 7.2168 7.21171 7.19548 7.0823 6.96231 6.75948 5.47513 4.67709 3.51251 4.86329 5.61463 6.01664 6.73198 6.90358
-9999 -9999 -9999 -9999 -9999 -9999 -9999 0.916955 2.41263 4.46858 5.29778 6.61992 8.60279 9.57871 10.0472 10.0383 9.85092 9.26588 8.91474 8.22134 6.96911 5.25627 3.35204 2.11273 2.74442 4.93059 5.45146 3.99546 3.25681 4.17864 5.53791 7.55021 8.70039 8.85659 8.75377 8.37096 6.9274 5.18309 5.19051 6.0676 5.33653 4.48655 4.95628 4.87094 4.1567 3.6374 3.31323 3.5132 4.29562 4.61996 5.3954 6.5394 6.7043 6.67314 7.15568 7.18123 7.19404 7.21387 7.21504 7.21243 7.19983 7.10775 6.89913 6.0448 5.29994 4.26293 4.13605 5.33537 5.86547 6.35735 6.70904 6.82461
-9999 -9999 -9999 -9999 -9999 -9999 -9999 -0.179178 1.58049 3.50662 5.31026 7.01679 8.48575 8.60048 9.37591 9.3763 9.78328 9.6685 9.12622 8.54237 7.46358 5.26281 3.41238 1.39413 1.92755 4.16054 4.44874 3.4754 1.67631 3.53598 5.58675 7.44553 8.45228 7.66504 8.47427 8.40918 7.86913 6.8313 5.21687 5.24885 4.03933 3.98801 4.61122 4.81432 4.71191 4.32234 3.69536 3.80069 4.27605 4.39807 5.1109 5.99876 6.86687 7.01393 7.18075 7.18942 7.19375 7.20894 7.21239 7.19605 7.15344 7.05688 6.34085 5.48893 4.9647 4.24255 4.15621 5.54505 6.09736 6.4071 6.71118 6.83213
-9999 -9999 -9999 -9999 -9999 -9999 -9999 -9999 1.4021 3.39206 4.86492 5.26251 6.56844 7.27425 7.82075 7.94294 9.49981 9.58689 9.24353 8.70726 7.78729 6.11754 4.95445 3.01858 1.62737 2.19547 2.45818 2.97086 2.82106 3.65112 5.62201 7.67534 7.90045 6.59808 6.79243 7.06652 7.67916 7.37036 5.17 4.05269 3.12542 3.78617 4.48115 4.65014 4.68479 4.55194 4.39416 4.1261 5.05532 5.74324 5.90372 6.50382 6.94731 7.07091 7.16447 7.17748 7.19072 7.19261 7.16858 7.15159 7.04232 6.79533 5.99402 4.06472 4.1563 3.94882 3.34953 4.70903 5.56028 6.32849 6.73741 6.84412
-9999 -9999 -9999 -9999 -9999 -9999 -9999 -9999 0.741831 3.04418 3.53162 3.49694 2.73656 3.08872 5.9144 6.48448 7.97761 9.39144 9.28895 8.76279 7.90203 6.90797 5.36829 3.19092 1.46103 0.731424 2.58969 4.41604 4.79494 5.38021 6.5885 6.81923 5.4883 4.24029 4.94316 5.36706 6.97829 7.27336 6.9616 5.63616 4.12047 3.32969 4.26516 4.39091 4.44781 4.45973 4.43098 4.38968 5.43483 6.01505 6.41802 6.63812 7.01923 7.11801 7.15081 7.18182 7.17672 7.15889 7.10062 7.03407 6.73545 6.37354 5.05984 3.96475 3.28231 2.41568 4.37274 4.95419 5.75764 6.27409 6.68084 6.77119
