Test_Spring_2018b/03_18/Temp/20180310_020.txt
ncols	170
nrows	115
xllcorner	350000.000000
yllcorner	4445000.000000
cellsize	1000.000000
nodata_value	-9999.000000
[rows 32 to 63 of 115, columns 72 to 143 of 170]
11.0684 10.7641 11.238 11.6745 11.42 11.2428 11.9653 11.9658 11.7223 11.1496 10.9396 10.7216 10.5878 9.8524 7.78961 5.92971 6.92453 6.94665 6.25613 7.48922 6.83451 5.13002 2.72466 4.02783 3.68501 1.97407 1.54004 -9999 -9999 -9999 -9999 -9999 -9999 -9999 -9999 -9999 -9999 -9999 -9999 -9999 -9999 -9999 -9999 -9999 -9999 -9999 -9999 -9999 -9999 -9999 -9999 -9999 -9999 -9999 -9999 -9999 -9999 -9999 -9999 -9999 -9999 -9999 -9999 -9999 -9999 -9999 -9999 -9999 -9999 -9999 -9999 -9999
10.6545 10.5247 11.2283 11.2152 11.1723 11.4345 11.8861 11.9751 11.8803 11.6307 11.4145 11.1843 10.6002 9.75896 7.99344 5.87653 5.39539 6.42947 6.47742 6.64187 6.04501 5.29567 4.12456 5.07862 5.44728 4.31829 2.83995 1.89406 -9999 -9999 -9999 -9999 -9999 -9999 -9999 -9999 -9999 -9999 -9999 -9999 -9999 -9999 -9999 -9999 -9999 -9999 -9999 -9999 -9999 -9999 -9999 -9999 -9999 -9999 -9999 -9999 -9999 -9999 -9999 -9999 -9999 -9999 -9999 -9999 -9999 -9999 -9999 -9999 -9999 -9999 -9999 -9999
10.1619 9.48263 9.90733 10.2267 10.814 10.9852 11.074 11.9119 11.8679 11.8295 11.4721 11.1861 10.7122 9.90249 8.7497 7.36161 4.94517 6.4329 7.59727 7.56541 7.49929 6.97354 5.84829 6.78459 6.82566 5.37586 3.74551 2.78369 2.38358 -9999 -9999 -9999 -9999 -9999 -9999 -9999 -9999 -9999 -9999 -9999 -9999 -9999 -9999 -9999 -9999 -9999 -9999 -9999 -9999 -9999 -9999 -9999 -9999 -9999 -9999 -9999 -9999 -9999 -9999 -9999 -9999 -9999 -9999 -9999 -9999 -9999 -9999 -9999 -9999 -9999 -9999 -9999
9.60265 8.77262 9.19997 9.76976 10.5711 10.9927 11.32 11.571 11.8269 11.7972 11.4314 10.3507 10.1961 10.1489 9.39467 7.8123 6.23173 5.82106 7.59817 8.10525 7.99914 8.39378 7.44003 7.8864 7.69896 7.17789 5.60327 4.17186 3.5771 2.40589 -9999 -9999 -9999 -9999 -9999 -9999 -9999 -9999 -9999 -9999 -9999 -9999 -9999 -9999 -9999 -9999 -9999 -9999 -9999 -9999 -9999 -9999 -9999 -9999 -9999 -9999 -9999 -9999 -9999 -9999 -9999 -9999 -9999 -9999 -9999 -9999 -9999 -9999 -9999 -9999 -9999 -9999
-9999 -9999 8.24668 9.01994 9.66801 10.4525 11.14 11.4798 11.8098 11.7838 11.0527 10.695 10.6636 10.1695 9.2989 8.75194 7.75628 6.71867 7.11248 8.62729 7.94996 9.02196 8.92796 9.1222 8.40029 7.02454 5.19715 4.13222 3.59951 2.64951 -9999 -9999 -9999 -9999 -9999 -9999 -9999 -9999 -9999 -9999 -9999 -9999 -9999 -9999 -9999 -9999 -9999 -9999 -9999 -9999 -9999 -9999 -9999 -9999 -9999 -9999 -9999 -9999 -9999 -9999 -9999 -9999 -9999 -9999 -9999 -9999 -9999 -9999 -9999 -9999 -9999 -9999
-9999 -9999 -9999 8.87383 9.36933 10.419 10.9711 11.1921 11.7241 11.726 11.4495 11.2405 10.9369 10.5401 9.88563 9.16333 8.22678 8.13854 9.10692 9.11652 8.91107 9.06739 9.56266 9.42767 8.30105 6.3787 5.3599 3.28939 2.40208 2.48823 1.8584 -9999 -9999 -9999 -9999 -9999 -9999 -9999 -9999 -9999 -9999 -9999 -9999 4.20584 -9999 -9999 -9999 -9999 -9999 -9999 -9999 -9999 -9999 -9999 -9999 -9999 -9999 -9999 -9999 -9999 -9999 -9999 -9999 -9999 0.305965 -9999 -9999 -9999 -9999 -9999 -9999 -9999
-9999 -9999 8.77504 9.43378 9.94535 10.6043 10.6693 11.0715 11.6833 11.6931 11.4973 11.2757 10.7766 10.6526 10.2799 9.49574 9.33415 9.6498 9.79385 9.95703 10.0562 9.97014 9.76464 9.49982 8.76856 7.87352 7.27123 5.37871 4.42217 3.5066 2.12343 1.04076 -9999 -9999 -9999 -9999 -9999 -9999 -9999 3.49888 3.44382 3.46403 3.76173 4.59147 4.09502 -9999 -9999 -9999 -9999 -9999 -9999 -9999 -9999 -9999 -9999 -9999 -9999 -9999 -9999 -9999 -9999 -9999 -9999 -9999 1.05195 -0.0385168 -9999 -9999 -9999 -9999 -9999 -9999
-9999 -9999 8.94994 9.64066 9.98697 10.6275 10.995 11.2447 11.4579 11.6614 11.6284 11.3833 11.0097 11.012 10.4963 10.2176 10.0178 10.4453 10.5279 10.3529 10.1337 9.93918 9.39501 9.32837 9.13796 8.56774 7.63504 6.67418 5.28506 3.40837 1.56819 0.0834368 -9999 -9999 -9999 -9999 -9999 -9999 3.65347 4.34376 4.7555 3.86763 4.6175 5.30186 5.18547 4.49185 -9999 -9999 -9999 -9999 -9999 -9999 -9999 -9999 -9999 -9999 -9999 -9999 -9999 -9999 6.20618 5.08997 2.83785 1.68157 0.985975 -0.00600629 -9999 -9999 -9999 -9999 -9999 -9999
-9999 -9999 8.80808 9.62378 10.1775 10.6694 10.7507 11.2648 11.4832 11.5934 11.5819 11.5341 11.4657 11.0161 10.8223 10.1417 10.7905 10.764 10.5969 9.9425 9.6567 8.5343 8.0379 7.91442 8.84964 8.14881 6.6916 4.87147 2.6863 2.53517 1.80937 0.481891 -9999 -9999 -9999 -9999 -9999 -9999 3.8641 4.60276 5.21823 5.30399 4.42063 5.64068 5.57065 4.8766 4.71236 5.26585 5.54198 5.31299 5.97373 6.16303 5.85336 6.17967 -9999 -9999 -9999 -9999 6.35733 6.39975 6.43122 5.96473 3.50489 1.82349 0.312659 0.159785 -9999 -9999 -9999 -9999 -9999 -9999
-9999 -9999 9.36554 9.86918 10.1257 10.1704 10.6127 11.0636 11.3339 11.5335 11.4954 11.4804 11.4641 11.3105 10.9528 11.0162 10.9858 10.7753 9.53247 8.0818 8.70928 7.84472 6.0017 7.48228 8.29751 7.50366 5.73857 3.693 3.02027 3.03915 2.03132 0.737333 -9999 -9999 -9999 1.84036 2.90052 2.99081 3.30157 4.28814 5.03735 5.59869 5.97966 5.95662 5.53162 4.8518 4.11314 4.36336 5.66541 5.97563 6.22638 6.42226 6.13385 6.27252 6.61809 6.79498 6.82812 6.7426 6.72121 6.74762 6.70357 6.26837 4.06958 2.80858 2.0022 0.369781 -9999 -9999 -9999 -9999 -9999 -9999
-9999 -9999 9.04626 9.48478 9.84089 10.4313 10.4971 10.8712 11.1021 11.4294 11.4681 11.0871 11.404 11.3636 11.3042 11.178 10.9928 9.94373 8.49795 7.04803 6.37634 6.65796 5.5465 6.10098 6.92686 6.61468 5.52931 3.7061 3.44435 3.01673 1.3216 -0.306747 -9999 -9999 -0.222593 1.81365 3.24699 3.98537 4.21249 4.23177 5.17669 5.24683 6.26257 6.01337 4.64619 4.78885 4.24963 4.57942 5.04579 5.16779 5.84324 6.49933 6.61795 6.61468 6.83274 6.87434 6.88272 6.87421 6.72066 6.78809 6.79691 6.52503 4.93026 4.15071 3.28454 0.385496 -9999 -9999 -9999 -9999 -9999 -9999
-9999 -9999 9.26557 9.75561 10.2922 10.3825 10.7813 10.7454 10.6442 11.1972 11.3992 11.131 10.9378 11.2963 11.2714 11.2229 11.143 10.1569 9.01539 7.28816 6.213 5.55452 5.08418 4.44843 4.8692 4.73192 4.55023 4.74544 4.23759 3.23522 2.2424 0.387099 -0.616197 -9999 -0.117218 0.800886 2.50624 3.95518 4.87403 4.54033 5.61536 5.811 6.42451 6.05224 5.21538 4.84798 4.80626 4.68795 5.40359 5.87698 6.20491 6.42661 6.70509 6.77165 6.83964 6.86603 6.87945 6.89393 6.88843 6.88124 6.8476 6.74448 6.01014 5.22651 3.54746 0.476208 -9999 -9999 -9999 -9999 -9999 -9999
-9999 7.84065 9.20497 10.0247 10.3447 10.577 10.7824 10.9323 11.0958 11.2422 11.3431 11.3017 10.5883 10.6473 10.7756 11.1804 11.1498 11.0584 10.4328 8.33163 7.60325 6.53783 5.16058 4.57366 4.85325 5.97072 5.91373 5.16258 4.32656 3.17337 2.43595 1.29791 -0.883653 -0.690444 0.287988 1.01598 2.1748 3.94661 5.18784 5.74004 5.94616 6.3762 6.59724 6.08375 5.59028 5.37937 4.99713 4.93345 4.92486 5.35243 5.67777 6.42592 6.6742 6.78406 6.83856 6.86665 6.88708 6.90807 6.91467 6.89901 6.89875 6.89142 6.83126 5.79616 3.20554 1.25077 -9999 -9999 -9999 -9999 -9999 -9999
-9999 -9999 8.94848 9.3113 9.40953 9.57846 9.91972 10.3125 10.8728 10.9469 11.2527 11.254 10.6388 9.92823 10.5479 10.7932 11.0466 11.0518 10.9683 9.20121 8.27441 7.54313 6.22199 6.68269 7.12608 7.15303 6.87398 5.27063 3.67414 1.83446 0.116303 0.0296784 -0.897304 -0.413126 0.232781 1.89418 3.0632 3.53653 3.87573 5.67599 6.13991 6.29196 6.74628 6.10862 5.93227 5.4483 5.57729 5.52401 5.51476 4.19292 5.49008 5.558 6.40555 6.78053 6.86219 6.88211 6.9048 6.9072 6.91119 6.90664 6.91465 6.8976 6.8776 6.20296 2.92434 1.27032 -9999 -9999 -9999 -9999 -9999 -9999
-9999 -9999 -9999 -9999 9.06663 9.34525 9.52578 9.83462 10.7759 11.0302 11.1999 11.2166 10.9439 10.2405 10.0552 10.1835 9.49474 10.0667 10.8498 10.8259 10.7256 9.17055 8.36566 9.12562 8.88475 7.71246 6.78841 5.8766 4.00838 2.63912 0.670689 -0.808018 -0.867436 0.756233 2.1043 3.78571 4.52726 4.10378 4.5601 5.45036 6.46285 6.9487 6.82542 6.15334 6.04327 5.30247 6.00716 6.05615 5.71038 5.41003 5.50754 5.92098 6.07366 6.73599 6.89223 6.91547 6.9182 6.91958 6.91604 6.91187 6.89983 6.89053 6.87804 6.84375 3.47358 0.845154 -9999 -9999 -9999 -9999 -9999 -9999
-9999 -9999 -9999 -9999 8.41642 8.58819 9.03176 10.1627 10.7622 11.004 10.9991 11.1119 10.9202 10.3017 9.66582 9.06526 8.29003 8.72999 9.89705 10.5828 10.6562 9.29228 9.98678 9.71452 9.18514 7.65415 6.52399 5.92156 4.12759 2.59088 1.27935 -0.528478 0.238861 1.08532 2.17429 4.00846 5.2463 5.75401 5.32473 5.89396 7.05969 7.06026 6.4128 6.44563 6.03843 5.02996 6.05525 6.33457 6.08646 6.13496 6.02983 6.1772 6.4554 6.72261 6.89936 6.91972 6.9195 6.91226 6.91139 6.91031 6.89583 6.8946 6.88204 6.86079 4.68352 0.791143 -9999 -9999 -9999 -9999 -9999 -9999
-9999 -9999 -9999 -9999 -9999 7.82949 8.83495 10.3346 10.7153 10.6852 10.997 11.0263 10.731 10.4741 9.7022 8.64656 6.61845 7.13227 8.2063 9.75567 10.5671 10.4512 9.98468 9.18794 7.27078 5.59203 5.3815 5.10064 3.78954 2.6046 1.14711 1.98347 2.90108 3.90632 4.43404 4.29528 5.3558 6.21993 5.85057 6.54956 7.36416 6.98669 6.75955 6.56633 6.09835 6.05935 6.09405 6.6706 6.25015 6.48816 6.47712 6.45278 6.5835 6.73682 6.89989 6.92328 6.92089 6.92228 6.90173 6.90755 6.8963 6.88448 6.87258 6.85366 6.65189 4.55032 3.29313 -9999 -9999 -9999 -9999 -9999
-9999 -9999 -9999 -9999 -9999 6.90269 7.40664 9.18157 9.73788 10.5234 10.9418 10.9635 10.4635 10.1848 9.03458 8.66077 6.78468 5.93361 6.65063 6.37078 8.50517 10.3927 9.96841 6.13964 4.74796 3.75315 3.99927 3.99452 3.62474 1.61209 1.05342 2.8453 3.97277 4.84644 5.50937 5.64617 5.6226 6.97501 7.15242 7.58888 7.48868 7.52341 6.83269 6.40106 6.75296 6.31529 6.23032 6.8265 6.21447 6.74436 6.66316 6.49039 6.47312 6.82296 6.88947 6.92333 6.92226 6.907 6.88817 6.87638 6.88634 6.87864 6.85566 6.85252 6.82792 6.56846 5.47895 5.09283 5.50368 -9999 -9999 -9999
-9999 -9999 -9999 -9999 -9999 -9999 5.75183 8.21629 9.34972 9.94355 10.7778 10.8805 10.6154 10.1324 8.9606 7.92929 6.25207 4.33593 3.31925 6.34949 8.98566 10.3587 10.1654 6.9774 5.71474 5.64925 6.38148 5.75071 5.27105 3.74029 3.27921 2.64126 3.02785 4.24588 5.24084 6.2025 6.90141 6.95727 7.40947 7.66593 7.68266 7.75835 7.67066 7.59648 6.91977 7.36398 6.96569 7.15875 7.01459 6.8835 6.764 6.37706 6.6351 6.86401 6.91913 6.93123 6.91468 6.90982 6.89871 6.87553 6.86248 6.85846 6.85292 6.83662 6.83128 6.80884 6.68035 6.02152 5.14176 4.03223 -9999 -9999
-9999 -9999 -9999 -9999 -9999 -9999 4.51851 6.9706 8.15971 9.68103 10.4659 10.7841 10.7438 10.3525 9.46208 8.121 7.00294 4.86423 2.64284 5.82452 8.6567 10.1827 10.2586 7.57204 8.30631 7.70051 7.93543 6.83238 6.3707 6.00487 5.21235 4.34693 3.39996 2.89676 5.13561 6.28475 7.20925 7.64416 7.88867 8.0087 7.93684 7.76166 6.7595 7.50959 7.45174 7.36528 7.26728 7.21374 7.12357 7.01965 6.94833 6.91958 6.66087 6.93472 6.92078 6.92105 6.91978 6.91045 6.8948 6.881 6.86403 6.85876 6.84576 6.83168 6.81977 6.80561 6.79052 6.74722 6.56641 5.07963 4.18717 3.92482
-9999 -9999 -9999 -9999 -9999 -9999 1.07436 4.6393 7.51224 9.00946 10.2269 10.5629 10.689 10.1636 9.77016 8.80862 7.89735 6.49153 4.38616 3.08817 5.46948 8.931 10.203 10.0899 10.0036 9.30468 8.67429 8.58935 8.63043 7.89867 6.83323 5.44602 5.00713 4.52003 6.18684 6.41147 6.28779 8.12052 8.12205 8.01429 7.30781 6.51425 6.6563 6.1609 6.51618 5.92572 6.44807 6.89791 7.05899 7.03387 6.95625 6.93516 6.90005 6.93914 6.93352 6.92181 6.9128 6.90724 6.89841 6.87518 6.86093 6.86602 6.84348 6.828 6.81263 6.80058 6.78978 6.75605 6.72448 6.48949 6.14008 5.47402
-9999 -9999 -9999 -9999 -9999 -9999 1.2232 4.22959 6.77259 8.29711 9.76392 10.1053 10.6006 10.4943 10.0821 9.24613 8.20127 7.04398 5.23751 3.89364 5.48462 7.7827 9.4259 10.0029 9.9904 9.94475 9.78218 9.70955 9.52165 9.3865 8.62262 7.30657 6.5652 5.48222 7.33964 7.5461 7.25292 8.17854 8.1289 6.72147 5.63759 5.49749 6.14626 5.51201 5.384 4.98401 5.41431 6.58464 6.22478 6.28257 6.80148 6.88138 6.92512 6.93447 6.92587 6.91936 6.90707 6.90581 6.90482 6.88155 6.86933 6.86161 6.83773 6.82352 6.80404 6.78273 6.76765 6.74651 6.71748 6.64564 6.56205 6.62193
-9999 -9999 -9999 -9999 -9999 -9999 1.278 3.30468 5.59303 7.83696 9.40293 10.0351 10.4953 10.4906 10.0113 9.59525 8.93972 7.92139 7.22173 6.00843 4.34393 7.12483 7.97569 8.72409 9.03749 9.82592 9.80049 9.4306 9.00195 9.38889 9.26174 8.22389 7.88043 7.30333 8.33494 8.33469 8.30325 8.24479 7.05554 5.40322 4.08098 5.02347 4.81889 5.24292 3.87682 4.97312 5.85553 6.13463 5.51932 5.05939 6.43532 6.65128 6.78179 6.86392 6.91677 6.89874 6.90956 6.89845 6.89171 6.88459 6.86984 6.85942 6.84362 6.82693 6.80249 6.78277 6.76044 6.72821 6.71985 6.68076 6.66075 6.63398
-9999 -9999 -9999 -9999 -9999 -9999 -9999 2.10988 5.00772 7.59686 9.03872 9.94558 10.3874 10.3794 10.134 9.85106 9.44392 8.70865 7.78505 6.32658 5.2427 5.92486 6.75866 6.83854 7.38962 8.99813 9.54391 8.75687 6.81887 7.9457 9.21301 9.18816 9.07586 8.95106 8.79264 8.64957 8.34007 7.51607 4.9982 4.49863 3.50739 3.61371 3.10117 4.19409 3.7626 4.88836 5.37055 5.54638 4.48692 4.69132 5.90814 6.38906 6.30157 6.59561 6.87938 6.88466 6.88932 6.87879 6.88204 6.88144 6.87365 6.85411 6.84059 6.82905 6.79152 6.78261 6.68275 6.61553 6.48594 6.63207 6.64064 6.63108
-9999 -9999 -9999 -9999 -9999 -9999 -9999 1.52511 4.41896 7.46756 8.44694 9.42427 10.2675 10.2838 9.90891 9.55195 9.18385 8.76453 7.64496 6.55882 5.52138 5.17076 5.37541 5.34576 6.24116 8.33886 8.7408 8.56196 6.52924 5.84118 7.53583 8.95971 9.06824 8.93513 7.25109 7.60574 6.69575 5.4626 5.12031 4.57776 3.43551 3.97733 3.13794 3.48805 3.36906 4.00467 4.30978 5.0671 4.14316 4.13006 5.3241 5.92801 5.93715 6.57278 6.79662 6.8524 6.86383 6.87134 6.87098 6.87796 6.86882 6.85591 6.83959 6.80474 6.72712 6.4871 5.25976 5.25541 5.58333 5.89349 6.45232 6.60678
-9999 -9999 -9999 -9999 -9999 -9999 -9999 1.85305 3.86132 6.56624 8.56988 8.69614 9.67 10.1724 9.76475 9.30547 8.83522 8.62851 7.41039 6.0722 4.99019 3.70965 3.91665 4.83017 6.31589 7.66945 7.90749 7.62188 6.52528 7.03147 8.1858 8.7969 8.97438 8.82776 8.45812 8.24306 7.57181 7.27867 6.34734 4.89302 4.31696 4.67306 3.1277 3.22848 3.79029 3.16075 4.149 4.61743 3.42749 4.33939 5.40298 5.94382 6.41646 6.63768 6.72324 6.85748 6.85733 6.86545 6.86843 6.86305 6.85952 6.83338 6.81079 6.67729 6.48208 5.34327 4.84881 4.93596 5.45456 5.90812 6.36968 6.56209
-9999 -9999 -9999 -9999 -9999 -9999 -9999 2.18863 3.99665 6.34188 7.7704 8.02611 9.10593 10.0658 9.95784 9.48002 9.33346 8.83762 7.80433 6.66291 5.41524 4.80706 3.41235 4.77902 5.84856 6.99441 7.52803 6.62421 6.17309 6.95877 7.74005 8.04967 8.8392 8.82784 8.5655 7.44683 6.89938 7.12524 6.88745 6.47381 5.47081 5.42082 4.77369 4.50157 4.24371 3.40346 3.91509 3.95897 4.08167 5.19107 5.74144 6.10452 6.43473 6.51764 6.65896 6.8442 6.85689 6.85992 6.85541 6.85531 6.83761 6.77974 6.7301 6.4659 6.00133 5.1383 3.72505 4.70003 5.71982 6.01709 6.29965 6.45036
-9999 -9999 -9999 -9999 -9999 -9999 -9999 1.87439 3.7948 5.79909 6.63716 6.77946 8.7337 9.92995 9.93127 9.70421 9.43888 8.21659 8.28635 8.04004 6.91444 5.27573 3.47602 3.64139 4.69759 6.21248 6.71091 5.22599 4.70215 5.07969 6.26338 7.32267 8.42905 8.7072 8.37762 6.6382 4.78988 5.64126 6.55099 6.54127 6.26803 5.33698 5.03711 4.76463 4.08249 2.92121 3.07311 3.3833 4.63406 5.03133 5.64936 6.16193 5.96052 6.06962 6.56107 6.84136 6.84789 6.84897 6.85446 6.84403 6.82307 6.71158 6.59354 6.39811 5.19456 4.44411 3.34815 4.59261 5.28629 5.63857 6.29968 6.45433
-9999 -9999 -9999 -9999 -9999 -9999 -9999 1.27398 2.66764 4.58325 5.35532 6.58651 8.43317 9.34107 9.77575 9.76513 9.58787 9.0397 8.70923 8.05953 6.8888 5.28861 3.5099 2.35079 2.93533 4.96442 5.43349 4.07289 3.37926 4.23328 5.4951 7.36562 8.43271 8.57344 8.47269 8.11088 6.76027 5.12913 5.13025 5.94153 5.25368 4.45462 4.88514 4.79801 4.12448 3.63241 3.30977 3.47584 4.18769 4.48202 5.19709 6.25602 6.40281 6.36722 6.8107 6.82851 6.83463 6.84738 6.84277 6.83459 6.81701 6.72523 6.52468 5.72219 5.02158 4.04857 3.92369 5.02289 5.50562 5.94636 6.26856 6.37095
-9999 -9999 -9999 -9999 -9999 -9999 -9999 0.244868 1.88437 3.6788 5.35883 6.9481 8.31568 8.42086 9.14151 9.13956 9.51625 9.40641 8.8979 8.35042 7.34146 5.28666 3.55822 1.67327 2.16634 4.23625 4.49285 3.58037 1.8984 3.6264 5.53259 7.25992 8.19322 7.45455 8.20369 8.13788 7.62925 6.65647 5.14604 5.16972 4.036 3.98133 4.55496 4.73673 4.63348 4.26238 3.66284 3.73502 4.1606 4.26628 4.92288 5.74294 6.54492 6.67525 6.82428 6.82618 6.82424 6.83255 6.83 6.80901 6.7635 6.66762 5.99428 5.19415 4.69928 4.01982 3.93281 5.21715 5.71193 5.9828 6.26059 6.36788
-9999 -9999 -9999 -9999 -9999 -9999 -9999 -9999 1.71066 3.56444 4.93606 5.3053 6.52084 7.17682 7.68405 7.79559 9.24396 9.32229 8.99922 8.49616 7.63529 6.07547 4.9877 3.17958 1.87898 2.38655 2.62998 3.10242 2.95752 3.72588 5.55754 7.46611 7.67083 6.45199 6.62801 6.87824 7.44385 7.1505 5.09399 4.04656 3.17591 3.78489 4.42542 4.57539 4.59986 4.46796 4.29413 4.02033 4.87793 5.51085 5.65248 6.20413 6.61016 6.7184 6.79897 6.80475 6.811 6.80685 6.77867 6.75711 6.64954 6.41356 5.66086 3.85675 3.93591 3.73619 3.17118 4.42624 5.1894 5.89952 6.27489 6.36876
-9999 -9999 -9999 -9999 -9999 -9999 -9999 -9999 1.08815 3.23299 3.68614 3.65244 2.94215 3.26846 5.89981 6.42874 7.81769 9.13253 9.03397 8.54035 7.73471 6.80465 5.36592 3.33274 1.71649 1.02213 2.74282 4.44173 4.78949 5.32966 6.45054 6.66041 5.41489 4.24667 4.89658 5.28642 6.78269 7.05214 6.75578 5.51439 4.09534 3.35151 4.21612 4.32572 4.37079 4.37365 4.32561 4.26436 5.22269 5.75496 6.1223 6.31953 6.66716 6.75203 6.77578 6.7982 6.78727 6.76471 6.70465 6.63698 6.35306 6.01011 4.78001 3.75349 3.11137 2.29739 4.11483 4.64485 5.37357 5.83875 6.21192 6.29034
