Test_Spring_2018b/03_18/Temp/20180313_005.txt
ncols	170
nrows	115
xllcorner	350000.000000
yllcorner	4445000.000000
cellsize	1000.000000
nodata_value	-9999.000000
[rows 32 to 63 of 115, columns 72 to 143 of 170]
10.8993 10.6177 11.0433 11.4347 11.1865 11.0192 11.6639 11.6599 11.4342 10.9096 10.7148 10.513 10.388 9.71629 7.83827 6.14488 7.04657 7.06426 6.4343 7.553 6.95584 5.40452 3.21619 4.39892 4.08551 2.52863 2.13989 -9999 -9999 -9999 -9999 -9999 -9999 -9999 -9999 -9999 -9999 -9999 -9999 -9999 -9999 -9999 -9999 -9999 -9999 -9999 -9999 -9999 -9999 -9999 -9999 -9999 -9999 -9999 -9999 -9999 -9999 -9999 -9999 -9999 -9999 -9999 -9999 -9999 -9999 -9999 -9999 -9999 -9999 -9999 -9999 -9999
10.525 10.402 11.0364 11.0193 10.9727 11.1952 11.5938 11.6703 11.58 11.349 11.1486 10.9358 10.4014 9.63355 8.02575 6.09874 5.65881 6.59636 6.63768 6.78503 6.24047 5.5574 4.49103 5.35646 5.68982 4.66459 3.32419 2.45995 -9999 -9999 -9999 -9999 -9999 -9999 -9999 -9999 -9999 -9999 -9999 -9999 -9999 -9999 -9999 -9999 -9999 -9999 -9999 -9999 -9999 -9999 -9999 -9999 -9999 -9999 -9999 -9999 -9999 -9999 -9999 -9999 -9999 -9999 -9999 -9999 -9999 -9999 -9999 -9999 -9999 -9999 -9999 -9999
10.0791 9.45663 9.83757 10.1226 10.6473 10.7813 10.8575 11.6147 11.5706 11.5315 11.2028 10.9392 10.505 9.76583 8.715 7.45049 5.25142 6.60137 7.65754 7.6265 7.56444 7.08467 6.06005 6.90941 6.94506 5.63517 4.14632 3.27131 2.90687 -9999 -9999 -9999 -9999 -9999 -9999 -9999 -9999 -9999 -9999 -9999 -9999 -9999 -9999 -9999 -9999 -9999 -9999 -9999 -9999 -9999 -9999 -9999 -9999 -9999 -9999 -9999 -9999 -9999 -9999 -9999 -9999 -9999 -9999 -9999 -9999 -9999 -9999 -9999 -9999 -9999 -9999 -9999
9.57254 8.81309 9.19643 9.7091 10.4303 10.8001 11.0829 11.3066 11.5349 11.5037 11.1674 10.1813 10.0374 9.99126 9.30271 7.86162 6.42239 6.04677 7.66 8.11892 8.0206 8.37756 7.50893 7.91306 7.7411 7.27345 5.84003 4.53576 3.99446 2.92914 -9999 -9999 -9999 -9999 -9999 -9999 -9999 -9999 -9999 -9999 -9999 -9999 -9999 -9999 -9999 -9999 -9999 -9999 -9999 -9999 -9999 -9999 -9999 -9999 -9999 -9999 -9999 -9999 -9999 -9999 -9999 -9999 -9999 -9999 -9999 -9999 -9999 -9999 -9999 -9999 -9999 -9999
-9999 -9999 8.3317 9.02738 9.60458 10.3109 10.921 11.2252 11.5208 11.4929 10.8243 10.4955 10.4634 10.011 9.21672 8.71684 7.80934 6.86392 7.21984 8.59491 7.97748 8.95028 8.8633 9.03836 8.3807 7.13277 5.47333 4.50225 4.01743 3.15326 -9999 -9999 -9999 -9999 -9999 -9999 -9999 -9999 -9999 -9999 -9999 -9999 -9999 -9999 -9999 -9999 -9999 -9999 -9999 -9999 -9999 -9999 -9999 -9999 -9999 -9999 -9999 -9999 -9999 -9999 -9999 -9999 -9999 -9999 -9999 -9999 -9999 -9999 -9999 -9999 -9999 -9999
-9999 -9999 -9999 8.8963 9.33495 10.2836 10.769 10.9652 11.4442 11.4415 11.1859 10.9921 10.7126 10.3486 9.75075 9.09152 8.23782 8.15547 9.03381 9.04081 8.85248 8.99311 9.44193 9.3179 8.29974 6.54805 5.6213 3.73857 2.93152 3.00924 2.43609 -9999 -9999 -9999 -9999 -9999 -9999 -9999 -9999 -9999 -9999 -9999 -9999 4.56933 -9999 -9999 -9999 -9999 -9999 -9999 -9999 -9999 -9999 -9999 -9999 -9999 -9999 -9999 -9999 -9999 -9999 -9999 -9999 -9999 1.05335 -9999 -9999 -9999 -9999 -9999 -9999 -9999
-9999 -9999 8.81555 9.40104 9.86038 10.4536 10.5059 10.8568 11.4081 11.4124 11.2301 11.0246 10.5672 10.4512 10.1095 9.39407 9.24489 9.52981 9.65899 9.80578 9.89453 9.81507 9.62709 9.38525 8.72312 7.90906 7.36105 5.64242 4.77023 3.93745 2.67953 1.69468 -9999 -9999 -9999 -9999 -9999 -9999 -9999 3.92529 3.87582 3.89514 4.1671 4.92306 4.4739 -9999 -9999 -9999 -9999 -9999 -9999 -9999 -9999 -9999 -9999 -9999 -9999 -9999 -9999 -9999 -9999 -9999 -9999 -9999 1.73807 0.745835 -9999 -9999 -9999 -9999 -9999 -9999
-9999 -9999 8.96908 9.59119 9.90003 10.4761 10.8042 11.0154 11.2041 11.3842 11.3497 11.1227 10.7793 10.778 10.3063 10.0503 9.86653 10.2533 10.3268 10.1664 9.966 9.78815 9.29257 9.23109 9.06089 8.54227 7.69409 6.8202 5.55701 3.85063 2.17729 0.826913 -9999 -9999 -9999 -9999 -9999 -9999 4.0675 4.69524 5.07021 4.2643 4.94755 5.5717 5.46844 4.84989 -9999 -9999 -9999 -9999 -9999 -9999 -9999 -9999 -9999 -9999 -9999 -9999 -9999 -9999 6.43604 5.41976 3.37093 2.31828 1.68459 0.781757 -9999 -9999 -9999 -9999 -9999 -9999
-9999 -9999 8.84256 9.578 10.075 10.5158 10.5832 11.0349 11.2278 11.3229 11.3076 11.2597 11.1936 10.7815 10.6023 9.98116 10.5689 10.543 10.3899 9.79392 9.53325 8.51225 8.06035 7.95066 8.80073 8.16358 6.8388 5.18399 3.19507 3.05934 2.39895 1.19146 -9999 -9999 -9999 -9999 -9999 -9999 4.26054 4.93228 5.49255 5.57186 4.77083 5.8823 5.82987 5.20289 5.05781 5.5653 5.82075 5.62205 6.22578 6.40114 6.12246 6.4213 -9999 -9999 -9999 -9999 6.58405 6.62114 6.64795 6.22194 3.984 2.45376 1.07883 0.944071 -9999 -9999 -9999 -9999 -9999 -9999
-9999 -9999 9.35181 9.8033 10.0299 10.0636 10.4587 10.8531 11.0928 11.2664 11.2269 11.209 11.1902 11.0471 10.719 10.7743 10.7447 10.5517 9.4208 8.10118 8.67078 7.88648 6.20733 7.55948 8.30073 7.57925 5.97479 4.11519 3.50124 3.51989 2.60309 1.42528 -9999 -9999 -9999 2.42333 3.38606 3.46747 3.74968 4.64669 5.32848 5.84135 6.18988 6.17366 5.7968 5.1834 4.51687 4.74942 5.93813 6.22519 6.4618 6.6437 6.38482 6.51546 6.83118 6.99283 7.02305 6.94472 6.92405 6.94634 6.90425 6.50646 4.50381 3.35544 2.62061 1.14162 -9999 -9999 -9999 -9999 -9999 -9999
-9999 -9999 9.06096 9.45306 9.76995 10.2985 10.3512 10.6843 10.8801 11.1723 11.2023 10.8515 11.1355 11.0952 11.0384 10.9213 10.7511 9.79607 8.48085 7.16215 6.55108 6.80358 5.79292 6.30289 7.05393 6.77329 5.78636 4.12895 3.89064 3.49969 1.95971 0.478564 -9999 -9999 0.551069 2.40065 3.7024 4.37278 4.57887 4.59661 5.45639 5.5217 6.44729 6.2253 4.99184 5.12639 4.64451 4.95016 5.38376 5.50006 6.12361 6.72301 6.83421 6.83387 7.0339 7.07266 7.08035 7.07187 6.93084 6.99012 6.99577 6.74608 5.29395 4.58306 3.79835 1.16264 -9999 -9999 -9999 -9999 -9999 -9999
-9999 -9999 9.25936 9.6979 10.1785 10.2534 10.6087 10.5706 10.4646 10.9614 11.1401 10.8914 10.7117 11.034 11.0084 10.9621 10.8877 9.99014 8.9517 7.38116 6.40357 5.80213 5.37443 4.80237 5.18531 5.06089 4.89597 5.07347 4.61424 3.70097 2.79784 1.1116 0.198243 -9999 0.648612 1.48159 3.03038 4.34648 5.18124 4.8781 5.85622 6.0358 6.59713 6.2624 5.51127 5.18726 5.15522 5.05376 5.71041 6.15027 6.45834 6.66452 6.92031 6.98374 7.04754 7.07253 7.08475 7.09701 7.0903 7.08144 7.04814 6.95153 6.2812 5.57028 4.04215 1.24974 -9999 -9999 -9999 -9999 -9999 -9999
-9999 7.9746 9.20701 9.94489 10.2283 10.4319 10.6109 10.7397 10.8749 11.003 11.0891 11.0469 10.3941 10.4442 10.5579 10.9237 10.8942 10.8101 10.2408 8.33055 7.66617 6.69784 5.44593 4.918 5.17282 6.18915 6.13775 5.45515 4.69515 3.64512 2.97644 1.9409 -0.0426592 0.131199 1.01872 1.67866 2.73044 4.33983 5.46753 5.96963 6.15797 6.55146 6.75545 6.29724 5.85846 5.6729 5.33199 5.28086 5.27987 5.67523 5.9812 6.67002 6.89988 7.00182 7.0535 7.08007 7.09858 7.11657 7.12061 7.10375 7.10048 7.09062 7.03597 6.09265 3.74028 1.96292 -9999 -9999 -9999 -9999 -9999 -9999
-9999 -9999 8.97654 9.29882 9.38031 9.52595 9.82822 10.1774 10.6735 10.7348 11.0072 11.0039 10.4407 9.79114 10.3515 10.5723 10.8012 10.8049 10.7285 9.12078 8.27816 7.61345 6.41269 6.837 7.2409 7.26613 7.01302 5.5559 4.10473 2.43084 0.868669 0.789148 -0.0534588 0.385369 0.970419 2.47859 3.53945 3.96838 4.27602 5.91255 6.33566 6.47939 6.89629 6.32155 6.17134 5.73814 5.86252 5.82146 5.82046 4.62621 5.81593 5.8835 6.65883 7.00571 7.08128 7.10042 7.12088 7.12181 7.12325 7.11623 7.1202 7.10348 7.08536 6.47029 3.48869 1.98471 -9999 -9999 -9999 -9999 -9999 -9999
-9999 -9999 -9999 -9999 9.07072 9.31583 9.47178 9.7445 10.5869 10.8119 10.9606 10.9709 10.7187 10.0761 9.90481 10.0193 9.39179 9.91092 10.6215 10.5994 10.5081 9.09476 8.3678 9.05967 8.84172 7.77699 6.9377 6.10927 4.41117 3.165 1.37536 0.0304318 -0.0247985 1.44951 2.67366 4.19986 4.87199 4.48559 4.8996 5.71072 6.63297 7.07768 6.96982 6.36413 6.27443 5.60823 6.25639 6.30876 6.00234 5.73706 5.83658 6.21854 6.3625 6.96856 7.11328 7.13615 7.13838 7.13824 7.13266 7.12579 7.11397 7.10304 7.08948 7.05649 3.99172 1.60205 -9999 -9999 -9999 -9999 -9999 -9999
-9999 -9999 -9999 -9999 8.48181 8.62967 9.0246 10.0445 10.5763 10.7899 10.7799 10.8775 10.6991 10.1334 9.5527 9.0047 8.29846 8.69733 9.75755 10.3806 10.4473 9.20764 9.84357 9.59724 9.11712 7.72641 6.69984 6.15269 4.52214 3.12384 1.93133 0.28724 0.983493 1.75128 2.73921 4.40454 5.52769 5.98793 5.59739 6.11559 7.17722 7.18095 6.5968 6.6321 6.2725 5.3633 6.30318 6.56522 6.34787 6.39997 6.31545 6.45575 6.71393 6.96091 7.1243 7.14408 7.14385 7.13577 7.13252 7.12948 7.11373 7.11013 7.09654 7.07548 5.09513 1.55661 -9999 -9999 -9999 -9999 -9999 -9999
-9999 -9999 -9999 -9999 -9999 7.94213 8.84783 10.2029 10.5359 10.5025 10.7804 10.8022 10.5296 10.2927 9.58828 8.62664 6.7816 7.2476 8.22323 9.63127 10.3688 10.2636 9.84413 9.12105 7.37947 5.85446 5.66385 5.40904 4.21743 3.13893 1.81377 2.57323 3.40609 4.3182 4.79595 4.66775 5.62976 6.41389 6.07779 6.71397 7.45647 7.11664 6.91464 6.74457 6.32981 6.30195 6.34151 6.87383 6.49993 6.72436 6.72541 6.70964 6.83377 6.97721 7.12814 7.15064 7.14828 7.14806 7.12716 7.12996 7.11718 7.10405 7.09116 7.07234 6.88781 4.97719 3.83433 -9999 -9999 -9999 -9999 -9999
-9999 -9999 -9999 -9999 -9999 7.10191 7.55189 9.15737 9.65003 10.3581 10.733 10.7481 10.2895 10.0329 8.98446 8.64262 6.93566 6.16106 6.81211 6.55734 8.49733 10.2131 9.83208 6.35285 5.08887 4.18551 4.40996 4.40611 4.07016 2.23927 1.73116 3.35922 4.38288 5.17545 5.77618 5.89879 5.87534 7.10321 7.26442 7.66199 7.57297 7.60781 6.98441 6.5976 6.92806 6.53775 6.46845 7.01851 6.47034 6.95996 6.89714 6.74631 6.7358 7.05777 7.12084 7.1528 7.15205 7.13655 7.1172 7.10425 7.11089 7.10166 7.07887 7.07455 7.05121 6.81514 5.82476 5.47416 5.84832 -9999 -9999 -9999
-9999 -9999 -9999 -9999 -9999 -9999 6.05024 8.28278 9.30006 9.8341 10.5873 10.6761 10.4304 9.98839 8.92067 7.98114 6.45491 4.71186 3.78725 6.54118 8.93716 10.1852 10.0141 7.1172 5.97037 5.91165 6.57789 6.00496 5.5691 4.1762 3.75683 3.17626 3.52656 4.63239 5.536 6.40793 7.04134 7.09079 7.50129 7.73613 7.75337 7.82538 7.75001 7.68795 7.0833 7.49435 7.13996 7.3233 7.2001 7.08858 6.99074 6.64497 6.88446 7.09631 7.1489 7.16263 7.14687 7.14094 7.12876 7.10532 7.09182 7.08615 7.07943 7.06333 7.05765 7.03713 6.92035 6.32186 5.52282 4.51511 -9999 -9999
-9999 -9999 -9999 -9999 -9999 -9999 4.93183 7.15348 8.22137 9.59878 10.3054 10.5908 10.5507 10.1921 9.38021 8.15909 7.14105 5.19559 3.17528 6.06693 8.64137 10.0283 10.0971 7.66066 8.32885 7.77886 7.99294 6.99064 6.57109 6.237 5.51638 4.72911 3.86756 3.41088 5.44392 6.4865 7.32517 7.71935 7.9412 8.05081 7.98858 7.833 6.92618 7.61311 7.57078 7.49905 7.41719 7.37592 7.30133 7.21403 7.15968 7.13911 6.90856 7.16306 7.15398 7.15453 7.15276 7.14294 7.12688 7.11222 7.09466 7.09044 7.076 7.06213 7.05064 7.03771 7.02405 6.98504 6.82125 5.47048 4.66001 4.42666
-9999 -9999 -9999 -9999 -9999 -9999 1.80382 5.03745 7.6331 8.98921 10.0918 10.3934 10.5047 10.0242 9.66405 8.7879 7.95776 6.67839 4.76341 3.58255 5.74697 8.89297 10.0496 9.95239 9.87448 9.23968 8.66707 8.59012 8.62751 7.96067 6.9923 5.7308 5.33434 4.8899 6.40324 6.60573 6.49189 8.15688 8.15802 8.06065 7.41998 6.70352 6.83657 6.39157 6.72451 6.19414 6.67563 7.09136 7.24457 7.22833 7.1679 7.15696 7.1289 7.17019 7.16636 7.15607 7.14742 7.14125 7.13167 7.10876 7.094 7.09697 7.07878 7.06419 7.04768 7.03673 7.02698 6.99662 6.96839 6.75532 6.43827 5.83803
-9999 -9999 -9999 -9999 -9999 -9999 1.93899 4.65716 6.96364 8.34508 9.67433 9.98096 10.428 10.3285 9.95134 9.1893 8.23767 7.18411 5.5407 4.31801 5.76326 7.85226 9.34545 9.87584 9.86527 9.8241 9.6766 9.61099 9.44022 9.31552 8.62101 7.42894 6.75388 5.76808 7.45498 7.64127 7.37363 8.21432 8.1691 6.89042 5.90669 5.78172 6.37794 5.80593 5.69966 5.34183 5.73905 6.80907 6.49134 6.54988 7.03151 7.10853 7.15604 7.16668 7.16011 7.15461 7.14315 7.14115 7.139 7.11641 7.10384 7.09549 7.07271 7.06378 7.046 7.0269 7.01057 6.99159 6.96555 6.90063 6.82883 6.88859
-9999 -9999 -9999 -9999 -9999 -9999 1.99155 3.81878 5.89411 7.92978 9.34937 9.92055 10.3357 10.3286 9.89052 9.51018 8.91238 7.98504 7.3476 6.24347 4.7294 7.25632 8.03002 8.71639 9.00147 9.71846 9.69564 9.35961 8.96793 9.31974 9.20989 8.26581 7.95268 7.427 8.36356 8.36226 8.33283 8.27924 7.1983 5.6971 4.49666 5.35562 5.1727 5.56598 4.334 5.3386 6.1468 6.40665 5.85186 5.43919 6.69954 6.90528 7.02671 7.10336 7.15263 7.13675 7.14648 7.13578 7.12873 7.12116 7.10664 7.09616 7.08101 7.06532 7.04853 7.03084 7.01084 6.98632 6.97911 6.94009 6.92193 6.9032
-9999 -9999 -9999 -9999 -9999 -9999 -9999 2.73458 5.36441 7.71385 9.02079 9.84178 10.2404 10.2304 10.0049 9.74549 9.37343 8.70331 7.8622 6.5351 5.54868 6.16776 6.92598 7.00519 7.50621 8.96846 9.46471 8.74938 6.9854 8.01695 9.16868 9.14561 9.04285 8.9286 8.78339 8.65255 8.37065 7.62142 5.33295 4.88034 3.9809 4.07986 3.61702 4.61903 4.23675 5.2653 5.70906 5.87438 4.91671 5.11309 6.23026 6.67074 6.59381 6.86295 7.11969 7.12509 7.12941 7.11949 7.12183 7.12052 7.11265 7.09713 7.08455 7.074 7.04679 7.03893 6.94858 6.88786 6.77037 6.90332 6.91103 6.90991
-9999 -9999 -9999 -9999 -9999 -9999 -9999 2.20502 4.83134 7.59865 8.48539 9.37057 10.1341 10.1463 9.80313 9.47645 9.13986 8.7569 7.73759 6.74886 5.80457 5.48476 5.66987 5.65091 6.46475 8.37152 8.73689 8.5743 6.73197 6.10661 7.6469 8.94087 9.03907 8.91752 7.38619 7.70809 6.88066 5.75978 5.44912 4.95695 3.92023 4.41492 3.65475 3.9764 3.88327 4.46571 4.74792 5.44122 4.60616 4.6045 5.70132 6.25334 6.26409 6.8437 7.04839 7.0998 7.11047 7.11724 7.11665 7.12264 7.114 7.10202 7.08709 7.05549 6.98519 6.77499 5.65937 5.65573 5.95401 6.236 6.75149 6.89227
-9999 -9999 -9999 -9999 -9999 -9999 -9999 2.5046 4.32621 6.78133 8.59928 8.71098 9.59338 10.0475 9.67453 9.25487 8.82542 8.63568 7.52677 6.30888 5.32403 4.15887 4.34604 5.17557 6.53497 7.7652 7.98148 7.72176 6.73088 7.19112 8.24036 8.79569 8.95674 8.82315 8.48683 8.29113 7.68093 7.41472 6.56876 5.24786 4.72579 5.05156 3.64947 3.74422 4.2585 3.70218 4.60486 5.03505 3.9577 4.80506 5.77523 6.26971 6.70168 6.90456 6.98362 7.10649 7.10681 7.11438 7.11708 7.1121 7.10879 7.085 7.06454 6.9434 6.76631 5.73162 5.29029 5.36976 5.84133 6.25363 6.68248 6.85641
-9999 -9999 -9999 -9999 -9999 -9999 -9999 2.81084 4.45063 6.57899 7.8743 8.10377 9.08258 9.95256 9.85208 9.41558 9.28037 8.82783 7.88692 6.84788 5.71241 5.1584 3.88958 5.13096 6.11226 7.1536 7.63848 6.82292 6.41313 7.12747 7.8377 8.11911 8.83668 8.82622 8.58765 7.57079 7.07332 7.27903 7.06362 6.68875 5.77858 5.73516 5.1494 4.90498 4.67391 3.92628 4.3953 4.43918 4.56364 5.58194 6.08538 6.41814 6.72055 6.79772 6.92753 7.09687 7.10905 7.11219 7.10831 7.10834 7.09237 7.03992 6.99502 6.7552 6.33335 5.54939 4.27348 5.15995 6.08708 6.3591 6.62381 6.7599
-9999 -9999 -9999 -9999 -9999 -9999 -9999 2.5261 4.26824 6.08683 6.84555 6.97203 8.74573 9.83063 9.82953 9.621 9.37786 8.26501 8.32678 8.10139 7.0769 5.58616 3.94919 4.09859 5.06614 6.44466 6.8975 5.5542 5.07832 5.42171 6.49781 7.46076 8.46646 8.71931 8.41978 6.83883 5.15906 5.9335 6.76126 6.75361 6.50681 5.66248 5.39229 5.14738 4.53046 3.48422 3.633 3.91866 5.0752 5.43966 6.00445 6.47301 6.29216 6.39315 6.8413 7.09716 7.10389 7.10544 7.11083 7.10167 7.0829 6.98185 6.87492 6.69771 5.60422 4.92268 3.92679 5.06719 5.6979 6.02874 6.62907 6.76886
-9999 -9999 -9999 -9999 -9999 -9999 -9999 1.98097 3.24445 4.98255 5.68136 6.79769 8.47366 9.29649 9.68935 9.67761 9.51456 9.01452 8.71253 8.12052 7.05506 5.59935 3.98152 2.927 3.45754 5.31183 5.74734 4.50812 3.87794 4.65448 5.80166 7.50208 8.47217 8.60021 8.50881 8.18021 6.95297 5.47094 5.47289 6.21158 5.58793 4.86358 5.25727 5.18078 4.57159 4.1276 3.85116 4.01553 4.67267 4.94345 5.5964 6.56156 6.69723 6.66676 7.07139 7.08877 7.09525 7.10755 7.10391 7.09694 7.08138 6.99837 6.81655 6.08762 5.45139 4.56761 4.45484 5.46339 5.9042 6.31388 6.60627 6.69869
-9999 -9999 -9999 -9999 -9999 -9999 -9999 1.04594 2.53299 4.161 5.68519 7.12705 8.36758 8.46078 9.11362 9.10981 9.45035 9.34881 8.88506 8.38605 7.46771 5.59885 4.02678 2.31254 2.75999 4.64958 4.89137 4.06234 2.53381 4.10483 5.83777 7.40808 8.25661 7.58537 8.26658 8.20713 7.74532 6.86182 5.48987 5.51271 4.48383 4.43615 4.95996 5.12791 5.03708 4.70304 4.16746 4.25445 4.65132 4.75064 5.35046 6.09854 6.82983 6.95024 7.08732 7.09035 7.08962 7.098 7.09634 7.07782 7.03696 6.95032 6.33881 5.61212 5.16298 4.54614 4.4679 5.63554 6.09705 6.35252 6.60471 6.70179
-9999 -9999 -9999 -9999 -9999 -9999 -9999 -9999 2.37537 4.05737 5.30125 5.63413 6.73647 7.33035 7.78923 7.88862 9.20337 9.27296 8.97787 8.51934 7.73572 6.31691 5.32731 3.68302 2.50013 2.97892 3.19975 3.62965 3.49833 4.1971 5.86232 7.59739 7.78368 6.67599 6.83628 7.06414 7.57884 7.31299 5.44473 4.49402 3.70435 4.26001 4.84471 4.98385 5.00921 4.89269 4.75423 4.52359 5.30671 5.88539 6.01722 6.52143 6.89292 6.99336 7.06831 7.07497 7.08177 7.07889 7.054 7.03503 6.93781 6.72388 6.04029 4.40106 4.4738 4.29314 3.78053 4.92455 5.63699 6.28247 6.62359 6.70871
-9999 -9999 -9999 -9999 -9999 -9999 -9999 -9999 1.80962 3.75619 4.16516 4.13176 3.48352 3.77775 6.16744 6.64628 7.9071 9.10075 9.00986 8.56005 7.82679 6.98058 5.67212 3.8234 2.35371 1.72896 3.30176 4.84869 5.16525 5.65661 6.67574 6.86672 5.73474 4.67305 5.26408 5.61883 6.97951 7.22526 6.957 5.83006 4.542 3.8681 4.65664 4.75925 4.80354 4.80971 4.78098 4.73984 5.6235 6.1109 6.44809 6.63031 6.94888 7.02822 7.05164 7.0735 7.06474 7.04517 6.99133 6.93045 6.67294 6.36178 5.24427 4.31192 3.72911 2.99021 4.64339 5.12845 5.79928 6.23297 6.57237 6.64373
