Test_Spring_2018b/03_18/Temp/20180327_019.txt
ncols	170
nrows	115
xllcorner	350000.000000
yllcorner	4445000.000000
cellsize	1000.000000
nodata_value	-9999.000000
[rows 32 to 63 of 115, columns 72 to 143 of 170]
10.5737 10.2811 10.7509 11.184 10.9242 10.7552 11.4617 11.4681 11.2356 10.6806 10.4812 10.2742 10.1498 9.43597 7.42137 5.60571 6.58788 6.61682 5.94734 7.16309 6.52869 4.86541 2.51518 3.79942 3.47045 1.80369 1.3974 -9999 -9999 -9999 -9999 -9999 -9999 -9999 -9999 -9999 -9999 -9999 -9999 -9999 -9999 -9999 -9999 -9999 -9999 -9999 -9999 -9999 -9999 -9999 -9999 -9999 -9999 -9999 -9999 -9999 -9999 -9999 -9999 -9999 -9999 -9999 -9999 -9999 -9999 -9999 -9999 -9999 -9999 -9999 -9999 -9999
10.1746 10.053 10.748 10.7405 10.6982 10.9492 11.3904 11.4836 11.3969 11.1586 10.9531 10.7342 10.1685 9.35093 7.62768 5.56015 5.09584 6.11657 6.17088 6.33939 5.76178 5.0347 3.89425 4.83652 5.20502 4.11205 2.67952 1.75804 -9999 -9999 -9999 -9999 -9999 -9999 -9999 -9999 -9999 -9999 -9999 -9999 -9999 -9999 -9999 -9999 -9999 -9999 -9999 -9999 -9999 -9999 -9999 -9999 -9999 -9999 -9999 -9999 -9999 -9999 -9999 -9999 -9999 -9999 -9999 -9999 -9999 -9999 -9999 -9999 -9999 -9999 -9999 -9999
9.69836 9.03816 9.45982 9.77816 10.3521 10.5079 10.6008 11.428 11.3911 11.3597 11.0159 10.7423 10.2845 9.49793 8.3752 7.02198 4.66103 6.12642 7.27496 7.25116 7.19381 6.686 5.59063 6.51568 6.56333 5.1669 3.57214 2.63826 2.25492 -9999 -9999 -9999 -9999 -9999 -9999 -9999 -9999 -9999 -9999 -9999 -9999 -9999 -9999 -9999 -9999 -9999 -9999 -9999 -9999 -9999 -9999 -9999 -9999 -9999 -9999 -9999 -9999 -9999 -9999 -9999 -9999 -9999 -9999 -9999 -9999 -9999 -9999 -9999 -9999 -9999 -9999 -9999
9.1567 8.34873 8.77294 9.33663 10.1253 10.5326 10.8482 11.1002 11.3571 11.3342 10.9822 9.9296 9.7849 9.74556 9.01346 7.46988 5.92818 5.53313 7.28228 7.78678 7.69036 8.08472 7.1576 7.60266 7.42656 6.93543 5.40347 4.00684 3.43296 2.29418 -9999 -9999 -9999 -9999 -9999 -9999 -9999 -9999 -9999 -9999 -9999 -9999 -9999 -9999 -9999 -9999 -9999 -9999 -9999 -9999 -9999 -9999 -9999 -9999 -9999 -9999 -9999 -9999 -9999 -9999 -9999 -9999 -9999 -9999 -9999 -9999 -9999 -9999 -9999 -9999 -9999 -9999
-9999 -9999 7.84494 8.60609 9.24014 10.0095 10.6781 11.0169 11.3464 11.3271 10.6169 10.273 10.249 9.77163 8.92554 8.39677 7.42839 6.419 6.81256 8.30482 7.64873 8.70708 8.62273 8.82087 8.12116 6.78985 5.01307 3.97585 3.46297 2.54117 -9999 -9999 -9999 -9999 -9999 -9999 -9999 -9999 -9999 -9999 -9999 -9999 -9999 -9999 -9999 -9999 -9999 -9999 -9999 -9999 -9999 -9999 -9999 -9999 -9999 -9999 -9999 -9999 -9999 -9999 -9999 -9999 -9999 -9999 -9999 -9999 -9999 -9999 -9999 -9999 -9999 -9999
-9999 -9999 -9999 8.46901 8.95368 9.98748 10.5187 10.7411 11.2683 11.2763 11.0115 10.8133 10.5225 10.1405 9.50627 8.80572 7.89536 7.81652 8.77332 8.79055 8.59708 8.7582 9.25154 9.12721 8.04224 6.16438 5.17482 3.15744 2.2972 2.39101 1.78316 -9999 -9999 -9999 -9999 -9999 -9999 -9999 -9999 -9999 -9999 -9999 -9999 4.22743 -9999 -9999 -9999 -9999 -9999 -9999 -9999 -9999 -9999 -9999 -9999 -9999 -9999 -9999 -9999 -9999 -9999 -9999 -9999 -9999 0.722227 -9999 -9999 -9999 -9999 -9999 -9999 -9999
-9999 -9999 8.37512 9.01816 9.52439 10.175 10.2394 10.6288 11.2341 11.2497 11.064 10.8532 10.3707 10.2562 9.8981 9.13704 8.98628 9.30341 9.45247 9.62039 9.72562 9.6494 9.45614 9.20477 8.50472 7.63664 7.05549 5.2148 4.28448 3.39665 2.05055 0.99897 -9999 -9999 -9999 -9999 -9999 -9999 -9999 3.49025 3.44842 3.48103 3.78626 4.61358 4.14182 -9999 -9999 -9999 -9999 -9999 -9999 -9999 -9999 -9999 -9999 -9999 -9999 -9999 -9999 -9999 -9999 -9999 -9999 -9999 1.46413 0.408069 -9999 -9999 -9999 -9999 -9999 -9999
-9999 -9999 8.5456 9.22729 9.57131 10.2035 10.5683 10.8044 11.0188 11.2241 11.1978 10.9639 10.6044 10.6137 10.1155 9.8498 9.66175 10.0886 10.1776 10.0143 9.80773 9.62537 9.10041 9.04347 8.87363 8.32409 7.41931 6.48691 5.13739 3.30768 1.5137 0.0680287 -9999 -9999 -9999 -9999 -9999 -9999 3.63675 4.32483 4.74062 3.88346 4.63217 5.31744 5.2187 4.57193 -9999 -9999 -9999 -9999 -9999 -9999 -9999 -9999 -9999 -9999 -9999 -9999 -9999 -9999 6.48065 5.39751 3.2014 2.07968 1.41001 0.450472 -9999 -9999 -9999 -9999 -9999 -9999
-9999 -9999 8.41321 9.21714 9.7641 10.2504 10.3343 10.8329 11.0491 11.1627 11.1573 11.1167 11.0563 10.6226 10.4399 9.78053 10.4243 10.4063 10.2509 9.61785 9.34622 8.25472 7.77678 7.6717 8.59776 7.92042 6.50178 4.7274 2.59298 2.45895 1.75709 0.465452 -9999 -9999 -9999 -9999 -9999 -9999 3.84896 4.58447 5.20004 5.29734 4.44578 5.65656 5.61932 4.95681 4.81403 5.37494 5.66412 5.46464 6.13438 6.33666 6.04912 6.38394 -9999 -9999 -9999 -9999 6.61947 6.67144 6.71255 6.26573 3.86569 2.22909 0.760324 0.635813 -9999 -9999 -9999 -9999 -9999 -9999
-9999 -9999 8.96621 9.46404 9.71945 9.76702 10.2043 10.6411 10.9082 11.1093 11.0777 11.0692 11.0598 10.9162 10.573 10.6428 10.6211 10.423 9.21343 7.80029 8.42394 7.58498 5.78485 7.25449 8.0632 7.2949 5.57469 3.5795 2.92757 2.95971 1.98136 0.723263 -9999 -9999 -9999 1.84066 2.88929 2.98789 3.3032 4.28161 5.02828 5.59168 5.97964 5.97511 5.58752 4.93987 4.23512 4.49984 5.79547 6.11888 6.39347 6.60286 6.33665 6.49084 6.84335 7.02947 7.07372 7.00084 6.99017 7.02597 6.9926 6.57607 4.42929 3.20443 2.42594 0.856187 -9999 -9999 -9999 -9999 -9999 -9999
-9999 -9999 8.66017 9.09406 9.44689 10.0275 10.0955 10.4659 10.6887 11.0124 11.0559 10.6886 11.0056 10.9729 10.9222 10.8063 10.6329 9.61317 8.20488 6.7927 6.14332 6.42604 5.3457 5.90706 6.72637 6.4303 5.37776 3.60054 3.35345 2.94202 1.29325 -0.293676 -9999 -9999 -0.184978 1.8196 3.23368 3.96724 4.20047 4.2309 5.16953 5.25192 6.26221 6.03597 4.72442 4.88333 4.37692 4.72072 5.20427 5.3436 6.0307 6.69401 6.82665 6.83862 7.06624 7.11968 7.13942 7.14162 7.00095 7.07642 7.09438 6.83745 5.28454 4.53134 3.7042 0.881102 -9999 -9999 -9999 -9999 -9999 -9999
-9999 -9999 8.88049 9.36469 9.89421 9.98614 10.3803 10.3474 10.2449 10.7916 10.9933 10.7363 10.5534 10.9117 10.8946 10.8551 10.785 9.82717 8.71729 7.03354 5.98896 5.35083 4.89899 4.29499 4.71751 4.59298 4.42478 4.62574 4.1377 3.16306 2.19924 0.392454 -0.582352 -9999 -0.0765753 0.831824 2.51219 3.9419 4.85294 4.53744 5.60373 5.80944 6.42741 6.07949 5.28794 4.95477 4.93443 4.83928 5.56142 6.04944 6.39655 6.63233 6.92398 7.00462 7.08522 7.12362 7.148 7.17232 7.17623 7.17805 7.15386 7.06187 6.35188 5.60291 3.96962 0.977676 -9999 -9999 -9999 -9999 -9999 -9999
-9999 7.48772 8.82782 9.63487 9.9518 10.1826 10.3868 10.5367 10.6938 10.8406 10.9445 10.9085 10.2156 10.2803 10.4135 10.8182 10.7966 10.7158 10.1117 8.06172 7.35562 6.3221 4.9818 4.42388 4.70825 5.81362 5.76774 5.0413 4.23141 3.10903 2.39559 1.28898 -0.838755 -0.641397 0.325536 1.04726 2.19168 3.93758 5.16445 5.71718 5.93204 6.36866 6.60132 6.12264 5.66773 5.48207 5.12899 5.08836 5.10169 5.54216 5.88697 6.64317 6.90403 7.02845 7.09583 7.13573 7.16667 7.19693 7.21222 7.2052 7.21324 7.21471 7.1717 6.16849 3.64802 1.7504 -9999 -9999 -9999 -9999 -9999 -9999
-9999 -9999 8.58314 8.94219 9.04151 9.20987 9.54696 9.93451 10.4807 10.5575 10.8617 10.8675 10.2701 9.58056 10.1953 10.4438 10.7007 10.7146 10.642 8.91934 8.02057 7.3135 6.02838 6.49704 6.94214 6.9789 6.7155 5.15391 3.59871 1.80356 0.128616 0.0522753 -0.847858 -0.364225 0.276467 1.91263 3.06677 3.53989 3.8826 5.6585 6.12663 6.29558 6.75826 6.1522 6.00849 5.55609 5.70493 5.67538 5.68891 4.41566 5.7134 5.79978 6.64873 7.0353 7.12986 7.16157 7.1944 7.20606 7.21834 7.22176 7.23747 7.23363 7.22839 6.57936 3.37944 1.77668 -9999 -9999 -9999 -9999 -9999 -9999
-9999 -9999 -9999 -9999 8.71173 8.98736 9.16669 9.47174 10.3912 10.6444 10.8152 10.8367 10.5752 9.89192 9.71782 9.85164 9.18523 9.7551 10.5315 10.5176 10.4289 8.91472 8.14188 8.89756 8.67221 7.53379 6.63834 5.75452 3.93298 2.59887 0.678516 -0.762308 -0.812524 0.786517 2.11592 3.77144 4.50639 4.10042 4.55783 5.44465 6.45134 6.94369 6.84077 6.20154 6.12313 5.41973 6.13351 6.20487 5.88925 5.61773 5.7401 6.16549 6.3337 6.99952 7.16735 7.20389 7.21691 7.22724 7.23178 7.23524 7.23561 7.23653 7.23539 7.21407 3.92464 1.36707 -9999 -9999 -9999 -9999 -9999 -9999
-9999 -9999 -9999 -9999 8.08085 8.25163 8.68861 9.79926 10.3838 10.6246 10.6243 10.7398 10.5576 9.95796 9.34203 8.76157 8.01042 8.45066 9.60382 10.2855 10.3672 9.04045 9.73704 9.48122 8.97323 7.48334 6.38593 5.80534 4.05654 2.5583 1.28165 -0.481871 0.27801 1.11517 2.18991 3.99528 5.21648 5.72347 5.31367 5.88424 7.04132 7.05835 6.44205 6.49407 6.12471 5.15946 6.1879 6.48543 6.26593 6.33666 6.26062 6.42545 6.71678 6.9954 7.18329 7.21578 7.2264 7.22806 7.23502 7.24328 7.23822 7.24706 7.24595 7.23755 5.11744 1.32125 -9999 -9999 -9999 -9999 -9999 -9999
-9999 -9999 -9999 -9999 -9999 7.51448 8.50212 9.97403 10.3443 10.3186 10.6286 10.6623 10.3786 10.1333 9.3841 8.35761 6.3786 6.89125 7.95328 9.48142 10.2866 10.1829 9.74165 8.97187 7.10383 5.46916 5.27305 5.00762 3.73203 2.57851 1.15874 1.98658 2.89364 3.88632 4.41094 4.28255 5.32999 6.18614 5.83507 6.5329 7.34597 6.99268 6.78849 6.61918 6.19038 6.17544 6.23321 6.82219 6.43389 6.69042 6.70661 6.70312 6.84987 7.0168 7.19119 7.22656 7.23468 7.24485 7.23293 7.24715 7.2453 7.24386 7.24352 7.23757 7.0537 5.01269 3.797 -9999 -9999 -9999 -9999 -9999
-9999 -9999 -9999 -9999 -9999 6.61279 7.10903 8.85087 9.39314 10.167 10.5814 10.6077 10.1234 9.85703 8.73686 8.37859 6.54869 5.72339 6.43552 6.17094 8.27259 10.1324 9.73267 5.99134 4.63828 3.67389 3.92531 3.93045 3.57739 1.61264 1.07374 2.83802 3.95075 4.8145 5.47166 5.6138 5.59871 6.93334 7.11844 7.55906 7.47564 7.52634 6.86785 6.46485 6.83955 6.43378 6.37413 6.98216 6.40591 6.94826 6.89552 6.74634 6.74784 7.1072 7.18683 7.23239 7.24253 7.23614 7.22582 7.22328 7.24238 7.24516 7.23412 7.24378 7.23364 6.99806 5.94671 5.58539 6.00559 -9999 -9999 -9999
-9999 -9999 -9999 -9999 -9999 -9999 5.49425 7.91209 9.01995 9.60602 10.4282 10.534 10.2799 9.81322 8.6721 7.66942 6.03437 4.16575 3.17789 6.15729 8.75066 10.1062 9.93303 6.81958 5.59289 5.53921 6.26699 5.65858 5.19781 3.70532 3.26208 2.64507 3.0318 4.2333 5.2175 6.16728 6.86042 6.92455 7.37857 7.64355 7.67471 7.76547 7.69779 7.64487 7.01134 7.46945 7.10228 7.31476 7.19655 7.09062 7.00001 6.64053 6.91151 7.15209 7.2204 7.2474 7.24078 7.24479 7.2423 7.22806 7.22616 7.23277 7.23902 7.23589 7.24468 7.24141 7.13178 6.50299 5.65807 4.58815 -9999 -9999
-9999 -9999 -9999 -9999 -9999 -9999 4.2928 6.69884 7.86124 9.35654 10.1293 10.4474 10.414 10.0372 9.1719 7.86559 6.77847 4.6916 2.52414 5.65127 8.43569 9.94109 10.0252 7.40975 8.14002 7.55672 7.79705 6.72574 6.28259 5.93178 5.16378 4.32394 3.40417 2.92199 5.12328 6.25711 7.17161 7.60745 7.85808 7.98829 7.93256 7.77862 6.8144 7.56888 7.5416 7.47897 7.40541 7.3755 7.30948 7.22946 7.18562 7.17662 6.94071 7.22919 7.23128 7.24251 7.25111 7.25108 7.24454 7.23989 7.23261 7.24062 7.23998 7.23912 7.24146 7.24627 7.24754 7.22167 7.06137 5.62127 4.76353 4.53125
-9999 -9999 -9999 -9999 -9999 -9999 0.924822 4.42188 7.23282 8.7049 9.90425 10.2392 10.3689 9.86078 9.48258 8.5482 7.66365 6.29491 4.24099 2.97862 5.32107 8.72348 9.97818 9.88496 9.81087 9.13619 8.52839 8.45483 8.50442 7.79496 6.76013 5.409 4.99214 4.52208 6.16315 6.3913 6.27889 8.08491 8.09757 8.00457 7.32632 6.56519 6.72189 6.25679 6.63403 6.07665 6.61021 7.07275 7.25208 7.24843 7.19789 7.20237 7.18419 7.24154 7.24845 7.24814 7.2495 7.25358 7.25419 7.24077 7.2366 7.25209 7.24589 7.24381 7.24281 7.24961 7.25474 7.23784 7.22332 7.00949 6.68339 6.0554
-9999 -9999 -9999 -9999 -9999 -9999 1.07691 4.01892 6.51584 8.01613 9.45909 9.79946 10.2912 10.1939 9.79731 8.98595 7.97038 6.84507 5.08389 3.77636 5.34531 7.60584 9.22608 9.80983 9.80548 9.77089 9.62149 9.56069 9.38587 9.26106 8.5213 7.2471 6.52834 5.47473 7.30306 7.51385 7.23568 8.15297 8.11563 6.7489 5.70064 5.57869 6.23277 5.62946 5.53331 5.16244 5.60483 6.77251 6.44786 6.52442 7.05807 7.15361 7.2186 7.24154 7.24563 7.25066 7.24917 7.25794 7.26673 7.25378 7.25206 7.25537 7.24364 7.24819 7.2431 7.24109 7.24113 7.2361 7.22352 7.16901 7.10926 7.19287
-9999 -9999 -9999 -9999 -9999 -9999 1.1394 3.1201 5.36778 7.57353 9.11393 9.73956 10.197 10.1993 9.73704 9.33721 8.70309 7.71381 7.03718 5.8574 4.23561 6.97062 7.81248 8.56444 8.88271 9.66567 9.65074 9.29788 8.88234 9.27085 9.16391 8.15518 7.82681 7.26946 8.28892 8.29756 8.27628 8.2294 7.07532 5.46858 4.18653 5.12523 4.94092 5.37605 4.0661 5.16719 6.05265 6.34671 5.76231 5.3306 6.70377 6.94018 7.08299 7.17719 7.2416 7.2356 7.25714 7.25671 7.26038 7.26376 7.26 7.26102 7.25744 7.25376 7.25046 7.24985 7.24318 7.23385 7.24148 7.21663 7.21201 7.21088
-9999 -9999 -9999 -9999 -9999 -9999 -9999 1.95745 4.80398 7.34698 8.76591 9.66087 10.1004 10.0996 9.86652 9.59709 9.20632 8.49433 7.59807 6.17786 5.12494 5.80292 6.62775 6.72517 7.27551 8.86203 9.40682 8.64512 6.75355 7.87741 9.12828 9.11253 9.01096 8.89719 8.74802 8.6171 8.32367 7.52677 5.07071 4.59698 3.63952 3.75886 3.27275 4.3641 3.97046 5.09318 5.58534 5.77717 4.75801 4.9845 6.20441 6.69159 6.62058 6.9224 7.21023 7.22732 7.2432 7.24378 7.25771 7.26794 7.27141 7.2677 7.26695 7.2688 7.2545 7.26468 7.18196 7.13137 7.01962 7.17787 7.20094 7.22056
-9999 -9999 -9999 -9999 -9999 -9999 -9999 1.39328 4.23499 7.22859 8.19452 9.15875 9.99189 10.0149 9.65502 9.31301 8.96043 8.55797 7.46948 6.41399 5.40638 5.07199 5.28186 5.27017 6.15778 8.2236 8.62733 8.46168 6.48853 5.82364 7.49365 8.89812 9.01343 8.89199 7.2508 7.60805 6.72648 5.52892 5.20531 4.68639 3.58071 4.12645 3.31947 3.67907 3.59477 4.23617 4.55382 5.3146 4.42735 4.44021 5.63829 6.24569 6.26922 6.90585 7.13807 7.20491 7.2278 7.24654 7.25748 7.27573 7.27847 7.27792 7.27453 7.25352 7.19112 6.97992 5.79604 5.80655 6.14265 6.46115 7.03657 7.20397
-9999 -9999 -9999 -9999 -9999 -9999 -9999 1.72228 3.69639 6.35344 8.32343 8.45376 9.41508 9.91464 9.52264 9.08034 8.62759 8.43338 7.24819 5.94551 4.89405 3.64812 3.86012 4.76456 6.23882 7.57522 7.81826 7.54796 6.49318 6.99893 8.1397 8.74797 8.93124 8.79699 8.44438 8.24365 7.59634 7.32022 6.41939 5.0068 4.4558 4.81918 3.31982 3.43447 4.00156 3.41808 4.4044 4.88122 3.73251 4.66388 5.7223 6.2676 6.74528 6.97577 7.07263 7.21663 7.22848 7.2482 7.26277 7.26925 7.27775 7.26442 7.25496 7.13724 6.95947 5.85731 5.40211 5.50185 6.02438 6.48298 6.96688 7.16782
-9999 -9999 -9999 -9999 -9999 -9999 -9999 2.05867 3.83678 6.14156 7.54812 7.80549 8.87079 9.8188 9.72054 9.26007 9.12451 8.64686 7.6427 6.53274 5.31877 4.73165 3.37376 4.72218 5.78857 6.92131 7.45398 6.58863 6.15651 6.93636 7.71178 8.02489 8.80834 8.807 8.5599 7.47389 6.94814 7.18082 6.95973 6.56699 5.59736 5.56245 4.94299 4.69169 4.45488 3.66484 4.18334 4.24339 4.39361 5.50604 6.06113 6.43201 6.77 6.86499 7.01662 7.21081 7.23553 7.25055 7.2581 7.27001 7.26484 7.22055 7.18463 6.93879 6.49691 5.66483 4.30975 5.27923 6.29257 6.60214 6.90648 7.06636
-9999 -9999 -9999 -9999 -9999 -9999 -9999 1.75808 3.64656 5.61739 6.44546 6.59185 8.51424 9.694 9.70289 9.48818 9.23619 8.04653 8.12333 7.89051 6.79608 5.19889 3.44396 3.61497 4.66953 6.16257 6.66071 5.2266 4.72331 5.10333 6.27334 7.32141 8.41566 8.69834 8.38561 6.69148 4.891 5.73683 6.64039 6.64344 6.38887 5.49023 5.21077 4.95872 4.30565 3.19506 3.36636 3.68689 4.95196 5.35726 5.97841 6.49566 6.31259 6.43328 6.92818 7.2157 7.23461 7.24796 7.26553 7.26752 7.25931 7.16255 7.05964 6.88115 5.71494 4.99305 3.93738 5.18278 5.87623 6.25476 6.91507 7.07871
-9999 -9999 -9999 -9999 -9999 -9999 -9999 1.17689 2.54931 4.43341 5.19694 6.41062 8.22769 9.12491 9.55857 9.556 9.39031 8.86128 8.54578 7.91755 6.77882 5.21929 3.48489 2.35777 2.93955 4.94693 5.42896 4.10464 3.43505 4.28217 5.52892 7.37223 8.42819 8.5764 8.48814 8.1443 6.83174 5.24466 5.25776 6.06538 5.40434 4.63488 5.07101 5.00033 4.35539 3.88863 3.6065 3.79968 4.52274 4.82694 5.54306 6.59569 6.75387 6.73281 7.18081 7.21124 7.22991 7.25487 7.26271 7.26704 7.26223 7.18485 7.00109 6.22761 5.55423 4.6141 4.50537 5.6135 6.10487 6.56537 6.89345 7.00581
-9999 -9999 -9999 -9999 -9999 -9999 -9999 0.17543 1.78892 3.55438 5.20788 6.77259 8.12022 8.23081 8.94477 8.95073 9.32794 9.22848 8.73846 8.21038 7.23014 5.22503 3.53985 1.70134 2.19346 4.24184 4.51385 3.6299 1.99177 3.69553 5.57392 7.27703 8.20202 7.48853 8.23334 8.17971 7.6924 6.7506 5.28232 5.31801 4.21993 4.1799 4.75614 4.94884 4.86262 4.51424 3.95395 4.06214 4.50452 4.62376 5.28254 6.10107 6.90142 7.04304 7.20257 7.21753 7.22842 7.24914 7.25909 7.25095 7.2188 7.13742 6.49027 5.71908 5.24728 4.59479 4.52312 5.79992 6.31623 6.61023 6.89478 7.01199
-9999 -9999 -9999 -9999 -9999 -9999 -9999 -9999 1.62574 3.44945 4.80079 5.16989 6.36858 7.01903 7.52388 7.64108 9.0686 9.15356 8.84528 8.36071 7.5256 6.00558 4.94828 3.18508 1.91933 2.44847 2.69584 3.16922 3.03755 3.8009 5.60633 7.48714 7.69818 6.51417 6.69736 6.95352 7.51906 7.24315 5.23968 4.22562 3.38532 3.99566 4.63744 4.79893 4.83785 4.72387 4.59482 4.35944 5.21593 5.85193 6.00609 6.56165 6.97404 7.09412 7.18665 7.20551 7.2245 7.23306 7.21793 7.20923 7.11625 6.89754 6.17259 4.41741 4.50816 4.32582 3.78568 5.03527 5.82937 6.53789 6.91818 7.02235
-9999 -9999 -9999 -9999 -9999 -9999 -9999 -9999 1.02253 3.13156 3.58279 3.55705 2.86838 3.19579 5.7824 6.3087 7.67802 8.97483 8.88659 8.4113 7.63033 6.72752 5.3263 3.34256 1.76749 1.10794 2.81422 4.4893 4.84051 5.38027 6.48913 6.70518 5.49493 4.36055 5.00818 5.40115 6.87878 7.15441 6.87596 5.67182 4.29407 3.57862 4.44006 4.56206 4.62129 4.63951 4.62397 4.59832 5.56221 6.09977 6.4753 6.68369 7.039 7.13631 7.17325 7.20847 7.21065 7.20116 7.15475 7.1008 6.83492 6.51131 5.31842 4.32528 3.70913 2.92482 4.71967 5.25875 6.00437 6.4877 6.86604 6.95528
