Test_Spring_2018b/03_18/Temp/20180331_010.txt
ncols	170
nrows	115
xllcorner	350000.000000
yllcorner	4445000.000000
cellsize	1000.000000
nodata_value	-9999.000000
[rows 32 to 63 of 115, columns 72 to 143 of 170]
18.9031 18.8072 18.9765 19.1328 19.0307 18.9619 19.2015 19.2093 19.1343 18.9474 18.8848 18.82 18.7844 18.5437 17.8501 17.226 17.5764 17.5947 17.3695 17.8009 17.5875 17.0155 16.2041 16.6583 16.5505 15.9583 15.8134 -9999 -9999 -9999 -9999 -9999 -9999 -9999 -9999 -9999 -9999 -9999 -9999 -9999 -9999 -9999 -9999 -9999 -9999 -9999 -9999 -9999 -9999 -9999 -9999 -9999 -9999 -9999 -9999 -9999 -9999 -9999 -9999 -9999 -9999 -9999 -9999 -9999 -9999 -9999 -9999 -9999 -9999 -9999 -9999 -9999
18.7518 18.7157 18.9637 18.9668 18.9474 19.0179 19.1651 19.2032 19.1789 19.1023 19.0375 18.9683 18.7788 18.5019 17.9097 17.1977 17.0442 17.408 17.435 17.5017 17.3082 17.0625 16.6726 17.0079 17.1432 16.7605 16.2482 15.9178 -9999 -9999 -9999 -9999 -9999 -9999 -9999 -9999 -9999 -9999 -9999 -9999 -9999 -9999 -9999 -9999 -9999 -9999 -9999 -9999 -9999 -9999 -9999 -9999 -9999 -9999 -9999 -9999 -9999 -9999 -9999 -9999 -9999 -9999 -9999 -9999 -9999 -9999 -9999 -9999 -9999 -9999 -9999 -9999
18.574 18.3505 18.5034 18.6201 18.801 18.8408 18.8785 19.1721 19.1651 19.1604 19.0472 18.9589 18.8068 18.5405 18.1574 17.6942 16.8801 17.3988 17.8071 17.8069 17.7948 17.6256 17.2516 17.581 17.6046 17.1066 16.5304 16.2126 16.0867 -9999 -9999 -9999 -9999 -9999 -9999 -9999 -9999 -9999 -9999 -9999 -9999 -9999 -9999 -9999 -9999 -9999 -9999 -9999 -9999 -9999 -9999 -9999 -9999 -9999 -9999 -9999 -9999 -9999 -9999 -9999 -9999 -9999 -9999 -9999 -9999 -9999 -9999 -9999 -9999 -9999 -9999 -9999
18.3738 18.0989 18.2527 18.4548 18.7189 18.8469 18.953 19.0461 19.1413 19.1393 19.023 18.6632 18.62 18.6139 18.3669 17.8374 17.3087 17.1795 17.7971 17.9811 17.9556 18.1008 17.7854 17.9477 17.8934 17.7182 17.1686 16.6775 16.485 16.096 -9999 -9999 -9999 -9999 -9999 -9999 -9999 -9999 -9999 -9999 -9999 -9999 -9999 -9999 -9999 -9999 -9999 -9999 -9999 -9999 -9999 -9999 -9999 -9999 -9999 -9999 -9999 -9999 -9999 -9999 -9999 -9999 -9999 -9999 -9999 -9999 -9999 -9999 -9999 -9999 -9999 -9999
-9999 -9999 17.9182 18.1736 18.3884 18.6537 18.8822 19.0053 19.1253 19.1243 18.8831 18.7699 18.7687 18.6099 18.3231 18.1472 17.8184 17.4753 17.621 18.1492 17.929 18.3056 18.2839 18.3602 18.1235 17.6398 17.0214 16.6549 16.4834 16.1697 -9999 -9999 -9999 -9999 -9999 -9999 -9999 -9999 -9999 -9999 -9999 -9999 -9999 -9999 -9999 -9999 -9999 -9999 -9999 -9999 -9999 -9999 -9999 -9999 -9999 -9999 -9999 -9999 -9999 -9999 -9999 -9999 -9999 -9999 -9999 -9999 -9999 -9999 -9999 -9999 -9999 -9999
-9999 -9999 -9999 18.115 18.2777 18.6419 18.8153 18.8973 19.0859 19.094 19.0077 18.945 18.8507 18.7251 18.5122 18.2765 17.9681 17.9494 18.2916 18.3063 18.2473 18.3116 18.4912 18.4551 18.0739 17.4106 17.0722 16.3582 16.0654 16.1051 15.9006 -9999 -9999 -9999 -9999 -9999 -9999 -9999 -9999 -9999 -9999 -9999 -9999 16.8735 -9999 -9999 -9999 -9999 -9999 -9999 -9999 -9999 -9999 -9999 -9999 -9999 -9999 -9999 -9999 -9999 -9999 -9999 -9999 -9999 15.835 -9999 -9999 -9999 -9999 -9999 -9999 -9999
-9999 -9999 18.0814 18.2857 18.4658 18.6959 18.7158 18.8463 19.0616 19.072 19.0128 18.9456 18.7843 18.7519 18.6353 18.3788 18.3352 18.4548 18.5159 18.5834 18.6287 18.6105 18.5509 18.4706 18.2086 17.9124 17.7158 17.0753 16.7457 16.4431 15.9811 15.622 -9999 -9999 -9999 -9999 -9999 -9999 -9999 16.5644 16.5603 16.5821 16.6986 16.9967 16.842 -9999 -9999 -9999 -9999 -9999 -9999 -9999 -9999 -9999 -9999 -9999 -9999 -9999 -9999 -9999 -9999 -9999 -9999 -9999 16.084 15.7269 -9999 -9999 -9999 -9999 -9999 -9999
-9999 -9999 18.1079 18.3489 18.4718 18.6948 18.8246 18.8957 18.9743 19.0502 19.0462 18.9707 18.8522 18.8629 18.6976 18.6139 18.5577 18.7159 18.7565 18.7089 18.6459 18.5909 18.4158 18.4031 18.3268 18.141 17.8312 17.5116 17.031 16.3998 15.7814 15.2847 -9999 -9999 -9999 -9999 -9999 -9999 16.5922 16.8427 16.9985 16.7107 16.982 17.2309 17.2062 16.9741 -9999 -9999 -9999 -9999 -9999 -9999 -9999 -9999 -9999 -9999 -9999 -9999 -9999 -9999 17.7769 17.4111 16.6575 16.278 16.0558 15.7323 -9999 -9999 -9999 -9999 -9999 -9999
-9999 -9999 18.0534 18.3362 18.529 18.7003 18.7314 18.8982 18.9724 19.0159 19.0188 19.0103 18.9959 18.8525 18.7973 18.5768 18.8108 18.8145 18.7703 18.5596 18.4742 18.1026 17.944 17.8925 18.2208 17.99 17.5005 16.887 16.1365 16.092 15.8535 15.4101 -9999 -9999 -9999 -9999 -9999 -9999 16.6535 16.921 17.1468 17.1918 16.9061 17.3382 17.3201 17.0985 17.0576 17.2614 17.3704 17.302 17.5428 17.6222 17.5312 17.6573 -9999 -9999 -9999 -9999 17.7923 17.8219 17.8478 17.7038 16.8794 16.3207 15.8203 15.78 -9999 -9999 -9999 -9999 -9999 -9999
-9999 -9999 18.2381 18.4135 18.5038 18.5214 18.6746 18.8192 18.911 18.9782 18.9722 18.9753 18.9791 18.9372 18.8266 18.8606 18.8632 18.8045 18.3935 17.9112 18.1378 17.859 17.2276 17.7382 18.025 17.762 17.1668 16.4756 16.2411 16.2544 15.919 15.4827 -9999 -9999 -9999 15.9059 16.2816 16.3269 16.4481 16.8005 17.0721 17.2833 17.4297 17.4293 17.2998 17.0833 16.8464 16.9469 17.4062 17.5267 17.623 17.7047 17.6209 17.6826 17.8153 17.8905 17.9167 17.9025 17.9102 17.9344 17.9346 17.8013 17.0664 16.6513 16.3914 15.8489 -9999 -9999 -9999 -9999 -9999 -9999
-9999 -9999 18.1152 18.2677 18.3915 18.5926 18.6168 18.7467 18.8182 18.9322 18.9521 18.83 18.9476 18.9445 18.9361 18.9059 18.8561 18.5118 18.0319 17.5503 17.3337 17.4306 17.0615 17.2562 17.5465 17.451 17.0807 16.465 16.3824 16.2333 15.6627 15.1162 -9999 -9999 15.1781 15.8861 16.3894 16.6562 16.7492 16.7718 17.1107 17.1511 17.5142 17.4377 16.9869 17.0513 16.8866 17.0144 17.1878 17.2441 17.4854 17.7247 17.78 17.7936 17.8827 17.9117 17.9295 17.9415 17.9042 17.9424 17.9607 17.8832 17.3542 17.1035 16.8204 15.8485 -9999 -9999 -9999 -9999 -9999 -9999
-9999 -9999 18.1759 18.3448 18.5294 18.5615 18.6993 18.6938 18.6517 18.8449 18.9181 18.8344 18.7779 18.9113 18.915 18.9118 18.8985 18.5762 18.2007 17.6249 17.2708 17.0482 16.8977 16.6798 16.8311 16.7914 16.7361 16.8093 16.6441 16.2987 15.9678 15.3432 15.0106 -9999 15.2037 15.5302 16.1264 16.6361 16.9656 16.868 17.2517 17.3354 17.555 17.4441 17.1746 17.0647 17.066 17.041 17.3004 17.4803 17.6032 17.6937 17.804 17.8414 17.8794 17.9032 17.9226 17.9425 17.9557 17.9685 17.9723 17.9525 17.7172 17.4628 16.905 15.8741 -9999 -9999 -9999 -9999 -9999 -9999
-9999 17.6924 18.1505 18.431 18.5406 18.6202 18.6911 18.7436 18.7928 18.8502 18.8903 18.8827 18.6487 18.6801 18.7365 18.8885 18.8926 18.8762 18.6773 17.9742 17.7312 17.373 16.912 16.7168 16.8194 17.2075 17.1942 16.9437 16.6642 16.268 16.0247 15.6447 14.9097 14.9864 15.3323 15.5939 16.0037 16.6239 17.0637 17.269 17.3564 17.5151 17.6072 17.4481 17.296 17.24 17.1252 17.1189 17.1312 17.2922 17.4148 17.688 17.7875 17.8401 17.8734 17.8978 17.9196 17.9417 17.9591 17.969 17.9842 17.9971 17.9902 17.6522 16.7841 16.1342 -9999 -9999 -9999 -9999 -9999 -9999
-9999 -9999 18.0581 18.1817 18.2147 18.2719 18.3884 18.5232 18.7078 18.7377 18.8483 18.858 18.657 18.4259 18.6505 18.7484 18.85 18.867 18.8535 18.256 17.9508 17.7112 17.269 17.4311 17.5892 17.6045 17.5149 16.973 16.4334 15.8028 15.2239 15.2028 14.896 15.0721 15.3045 15.8848 16.2983 16.4754 16.6076 17.2391 17.4111 17.4797 17.6515 17.4503 17.4067 17.2575 17.3174 17.3147 17.3269 16.8908 17.3454 17.384 17.6886 17.8332 17.8761 17.8976 17.9202 17.936 17.9524 17.9661 17.9842 17.9925 18.0016 17.7867 16.683 16.1357 -9999 -9999 -9999 -9999 -9999 -9999
-9999 -9999 -9999 -9999 18.091 18.1851 18.2462 18.3519 18.6666 18.7579 18.8221 18.836 18.753 18.5249 18.475 18.5334 18.3136 18.5231 18.8018 18.8059 18.7827 18.2617 17.9929 18.2595 18.1836 17.7891 17.4789 17.1727 16.54 16.07 15.4055 14.9091 14.8983 15.4632 15.9355 16.5227 16.7904 16.6615 16.8339 17.1527 17.5151 17.6977 17.6724 17.4596 17.4386 17.2019 17.4584 17.4907 17.3881 17.3007 17.3461 17.5027 17.5702 17.8116 17.8801 17.9037 17.9195 17.9349 17.9488 17.9626 17.9734 17.9855 17.9966 18.0004 16.8654 15.9855 -9999 -9999 -9999 -9999 -9999 -9999
-9999 -9999 -9999 -9999 17.8624 17.9197 18.0703 18.4565 18.6547 18.7418 18.7466 18.7935 18.7383 18.5393 18.3359 18.1456 17.8955 18.06 18.4717 18.718 18.754 18.2979 18.5408 18.4548 18.2802 17.763 17.3822 17.1813 16.5738 16.0468 15.6065 14.9977 15.2691 15.5688 15.9526 16.5922 17.0294 17.2184 17.0875 17.2983 17.713 17.73 17.5258 17.5536 17.4313 17.1032 17.4692 17.5802 17.511 17.5428 17.5191 17.585 17.6954 17.802 17.8776 17.8997 17.9148 17.9273 17.9421 17.9568 17.967 17.9819 17.993 18.0012 17.2734 15.962 -9999 -9999 -9999 -9999 -9999 -9999
-9999 -9999 -9999 -9999 -9999 17.6539 17.9964 18.5086 18.6323 18.6268 18.74 18.7586 18.6683 18.5929 18.3431 17.9975 17.32 17.5096 17.8895 18.4304 18.7181 18.6879 18.5343 18.2691 17.6206 17.0529 16.986 16.8949 16.4523 16.0454 15.5554 15.8494 16.1723 16.5263 16.7186 16.6847 17.0614 17.3719 17.2618 17.5169 17.8116 17.6995 17.6387 17.5894 17.4463 17.4491 17.4769 17.6895 17.5615 17.658 17.6666 17.6739 17.7341 17.8018 17.8728 17.896 17.9103 17.9258 17.9338 17.9509 17.9622 17.9735 17.9848 17.9938 17.9404 17.2403 16.8269 -9999 -9999 -9999 -9999 -9999
-9999 -9999 -9999 -9999 -9999 17.3308 17.5025 18.1091 18.293 18.5664 18.7162 18.7325 18.5726 18.4891 18.11 17.9973 17.3715 17.095 17.3528 17.2691 18.0083 18.6618 18.5226 17.2223 16.7532 16.419 16.5082 16.5116 16.3905 15.7013 15.5184 16.1388 16.5335 16.8428 17.0814 17.1413 17.148 17.6251 17.7016 17.8669 17.8492 17.8777 17.6585 17.5277 17.6644 17.5311 17.518 17.7373 17.5439 17.7402 17.7248 17.6815 17.6913 17.8262 17.8642 17.891 17.9057 17.9156 17.9241 17.9353 17.9539 17.9666 17.9741 17.9885 17.9956 17.9243 17.5681 17.452 17.6078 -9999 -9999 -9999
-9999 -9999 -9999 -9999 -9999 -9999 16.9316 17.7742 18.1554 18.3638 18.6561 18.7003 18.616 18.4651 18.0796 17.7422 17.184 16.5435 16.2094 17.2555 18.1657 18.6436 18.5831 17.5017 17.0769 17.0602 17.3156 17.1057 16.9476 16.423 16.2737 16.0651 16.2072 16.6322 16.985 17.3273 17.5806 17.6149 17.7851 17.8888 17.9109 17.9531 17.9396 17.9306 17.7161 17.8838 17.7637 17.8453 17.8117 17.7824 17.7538 17.6375 17.7413 17.835 17.8692 17.8884 17.898 17.9114 17.9226 17.9295 17.941 17.9549 17.9684 17.9782 17.9919 18.0016 17.9734 17.7642 17.4794 17.116 -9999 -9999
-9999 -9999 -9999 -9999 -9999 -9999 16.5046 17.3439 17.7443 18.2699 18.5396 18.6557 18.6548 18.535 18.2452 17.8017 17.434 16.7172 15.9713 17.0697 18.0463 18.5764 18.6104 17.6978 17.955 17.7543 17.8404 17.4698 17.3184 17.1916 16.9297 16.6438 16.3275 16.1681 16.9456 17.3519 17.6821 17.8457 17.9447 18.0015 17.9929 17.9497 17.6237 17.8959 17.8925 17.879 17.8613 17.8588 17.8435 17.8235 17.8113 17.8173 17.7447 17.8525 17.864 17.8796 17.8944 17.9064 17.916 17.9262 17.9353 17.9499 17.9611 17.9717 17.9831 17.9957 18.0063 18.0071 17.9609 17.4687 17.1793 17.1055
-9999 -9999 -9999 -9999 -9999 -9999 15.3228 16.543 17.5093 18.0284 18.4485 18.5748 18.6306 18.4647 18.3443 18.0299 17.7324 17.2654 16.5588 16.1268 16.951 18.1418 18.5839 18.5501 18.5276 18.2957 18.087 18.0646 18.0854 17.8338 17.4734 17.0107 16.8725 16.7188 17.3011 17.3917 17.364 18.0047 18.0205 17.9993 17.7739 17.5188 17.5831 17.4305 17.568 17.3823 17.5763 17.7456 17.8161 17.823 17.8084 17.8148 17.819 17.849 17.8628 17.8743 17.8866 17.8999 17.9119 17.919 17.9291 17.9458 17.9552 17.9653 17.9759 17.9893 18.0013 18.0054 18.0101 17.9453 17.8413 17.6297
-9999 -9999 -9999 -9999 -9999 -9999 15.3576 16.3762 17.2513 17.7734 18.2846 18.4127 18.5943 18.5712 18.444 18.1721 17.8285 17.4461 16.8412 16.3934 16.9467 17.7416 18.3109 18.5126 18.5161 18.5078 18.4594 18.435 18.3786 18.3305 18.0801 17.6418 17.4007 17.0438 17.6912 17.7756 17.6899 18.0207 18.0189 17.5538 17.1993 17.1671 17.4041 17.2033 17.1757 17.0555 17.2181 17.6332 17.5228 17.5582 17.7472 17.7907 17.8227 17.8418 17.8546 17.8679 17.8791 17.8939 17.9087 17.9158 17.9266 17.9391 17.946 17.959 17.9677 17.9781 17.989 17.9974 18.003 17.9939 17.9805 18.0169
-9999 -9999 -9999 -9999 -9999 -9999 15.3671 16.0536 16.8424 17.6097 18.1548 18.3822 18.5516 18.5628 18.4123 18.2834 18.0724 17.737 17.5098 17.1065 16.5485 17.5073 17.8076 18.0682 18.1761 18.4525 18.4511 18.3325 18.1843 18.3265 18.2935 17.9508 17.8458 17.6616 18.0272 18.041 18.0446 18.0393 17.6483 17.0994 16.6633 17.0004 16.9461 17.1062 16.6559 17.0422 17.359 17.47 17.2764 17.1351 17.6163 17.7075 17.7681 17.812 17.8458 17.8552 17.8743 17.8858 17.8987 17.9114 17.9215 17.9331 17.9428 17.9523 17.9625 17.9735 17.9815 17.9858 17.9986 18.0011 18.0096 18.0165
-9999 -9999 -9999 -9999 -9999 -9999 -9999 15.6348 16.6229 17.5164 18.0194 18.3405 18.5036 18.5135 18.4426 18.3587 18.232 17.9928 17.6887 17.2013 16.8412 17.0832 17.3773 17.4099 17.6059 18.1629 18.3572 18.0969 17.4305 17.8252 18.2691 18.2726 18.2468 18.2172 18.1792 18.1442 18.0528 17.7861 16.9414 16.783 16.4596 16.5109 16.3511 16.7391 16.6078 17.0077 17.1878 17.2635 16.9176 16.9977 17.4311 17.6115 17.5977 17.714 17.8272 17.8446 17.8617 17.8735 17.8899 17.9049 17.9174 17.9255 17.9361 17.9474 17.9536 17.9685 17.9501 17.9428 17.9141 17.9795 17.9978 18.0116
-9999 -9999 -9999 -9999 -9999 -9999 -9999 15.4164 16.4132 17.4638 17.8089 18.154 18.4539 18.4718 18.3563 18.2469 18.1333 18.0018 17.6308 17.2706 16.9265 16.8164 16.8954 16.8918 17.206 17.9306 18.0764 18.0243 17.3248 17.101 17.6911 18.1893 18.239 18.2067 17.6454 17.7804 17.4839 17.0773 16.9751 16.8046 16.4295 16.6295 16.358 16.4927 16.4678 16.7002 16.82 17.0941 16.7944 16.8 17.2258 17.4482 17.4673 17.7003 17.7925 17.8273 17.8468 17.8648 17.88 17.8977 17.9099 17.9208 17.9305 17.9339 17.9228 17.8604 17.4598 17.4739 17.6014 17.7228 17.9301 17.999
-9999 -9999 -9999 -9999 -9999 -9999 -9999 15.5184 16.2133 17.1468 17.8416 17.8961 18.2405 18.4241 18.2972 18.1525 18.0039 17.945 17.5403 17.0943 16.7352 16.308 16.3883 16.7095 17.2233 17.6944 17.7849 17.6968 17.3168 17.501 17.9069 18.1279 18.2013 18.1644 18.0518 17.9923 17.7773 17.6915 17.3882 16.9064 16.7245 16.861 16.3486 16.3982 16.6053 16.4062 16.7591 16.9347 16.5442 16.8675 17.2468 17.4476 17.625 17.7165 17.7616 17.8232 17.8387 17.8571 17.8735 17.8871 17.9013 17.9077 17.9154 17.8853 17.8341 17.4609 17.3149 17.3603 17.5529 17.7233 17.8984 17.9795
-9999 -9999 -9999 -9999 -9999 -9999 -9999 15.6223 16.2492 17.0601 17.5587 17.6574 18.0378 18.3774 18.3526 18.2015 18.1633 18.0057 17.6642 17.2855 16.8702 16.6728 16.2067 16.6831 17.0553 17.456 17.6478 17.3322 17.1895 17.4694 17.7482 17.8664 18.1488 18.1582 18.0822 17.7142 17.5415 17.6329 17.5662 17.4397 17.1121 17.11 16.9042 16.8266 16.7539 16.4829 16.6732 16.7039 16.7635 17.1523 17.3564 17.4965 17.6253 17.6696 17.7338 17.8128 17.8328 17.8495 17.8635 17.879 17.8884 17.8841 17.8827 17.808 17.6649 17.3859 16.9267 17.2752 17.639 17.757 17.8702 17.9371
-9999 -9999 -9999 -9999 -9999 -9999 -9999 15.5039 16.1695 16.8642 17.1613 17.2212 17.9 18.3203 18.3327 18.2671 18.1884 17.7828 17.818 17.7451 17.3717 16.8229 16.2189 16.2856 16.6543 17.1807 17.361 16.847 16.6798 16.8206 17.237 17.6112 18.0019 18.1101 18.0112 17.4313 16.8145 17.1195 17.4446 17.456 17.3776 17.0748 16.9876 16.9098 16.6924 16.3125 16.3795 16.5011 16.9397 17.0917 17.3189 17.5101 17.4575 17.5108 17.6945 17.806 17.824 17.8401 17.8576 17.8696 17.8781 17.8556 17.8308 17.7797 17.3845 17.144 16.7886 17.234 17.4865 17.6246 17.8659 17.9342
-9999 -9999 -9999 -9999 -9999 -9999 -9999 15.2873 15.7734 16.438 16.7126 17.1443 17.7863 18.108 18.2684 18.2767 18.2281 18.0527 17.9515 17.7411 17.3526 16.8173 16.2208 15.8357 16.0457 16.746 16.915 16.4453 16.2203 16.5239 16.9671 17.6183 17.9956 18.057 18.0362 17.9266 17.4797 16.9373 16.9523 17.244 17.0241 16.7665 16.9288 16.9145 16.7001 16.5478 16.4538 16.5287 16.7812 16.8981 17.1585 17.5363 17.6026 17.6066 17.774 17.7959 17.8139 17.834 17.8481 17.861 17.8707 17.855 17.8022 17.5439 17.3204 17.004 16.9772 17.3763 17.5578 17.7253 17.8509 17.9015
-9999 -9999 -9999 -9999 -9999 -9999 -9999 14.9241 15.4943 16.1177 16.7023 17.2562 17.7347 17.7824 18.0404 18.0517 18.1923 18.1667 18.0049 17.8297 17.4967 16.8065 16.2276 15.595 15.7741 16.4899 16.5685 16.2688 15.7066 16.3086 16.9718 17.5741 17.9058 17.6669 17.9363 17.9278 17.7683 17.4507 16.9498 16.9728 16.6009 16.5975 16.8088 16.8865 16.8669 16.7561 16.5684 16.6109 16.7658 16.8184 17.059 17.3553 17.6453 17.7059 17.7729 17.7895 17.8047 17.8234 17.8383 17.8469 17.8471 17.8301 17.616 17.3586 17.2055 16.9893 16.9755 17.433 17.6238 17.7334 17.8439 17.8962
-9999 -9999 -9999 -9999 -9999 -9999 -9999 -9999 15.4231 16.0668 16.5462 16.6837 17.1102 17.346 17.5312 17.5814 18.0879 18.1268 18.0286 17.8688 17.5866 17.0657 16.7057 16.0996 15.6666 15.8482 15.9239 16.097 16.0596 16.3341 16.9717 17.636 17.7188 17.3161 17.3898 17.4891 17.6965 17.6109 16.9237 16.5812 16.2993 16.5227 16.757 16.8241 16.8484 16.8194 16.7797 16.695 17.0045 17.2372 17.3021 17.5069 17.6618 17.715 17.7587 17.7767 17.7948 17.8092 17.8154 17.8239 17.803 17.7382 17.4971 16.897 16.9399 16.8877 16.7107 17.1565 17.4423 17.7005 17.8445 17.8923
-9999 -9999 -9999 -9999 -9999 -9999 -9999 -9999 15.1986 15.9418 16.1076 16.1075 15.8767 16 16.9103 17.1032 17.5896 18.0509 18.0296 17.8733 17.6103 17.3046 16.8251 16.1424 15.6018 15.3574 15.9566 16.5455 16.6762 16.8727 17.2677 17.3519 16.9396 16.5541 16.7895 16.9366 17.4617 17.5683 17.4821 17.0736 16.6048 16.3666 16.6777 16.7312 16.7629 16.7801 16.7828 16.773 17.116 17.3145 17.4566 17.5405 17.6757 17.721 17.7453 17.769 17.7813 17.7895 17.7849 17.7777 17.6966 17.5954 17.1913 16.8568 16.6536 16.3917 17.0281 17.2265 17.4954 17.6754 17.8187 17.8613
