Test_Spring_2018b/03_18/Temp/20180318_001.txt
ncols	170
nrows	115
xllcorner	350000.000000
yllcorner	4445000.000000
cellsize	1000.000000
nodata_value	-9999.000000
[rows 32 to 63 of 115, columns 72 to 143 of 170]
14.6566 14.5042 14.7693 15.0143 14.8712 14.7826 15.176 15.1868 15.0667 14.7701 14.6685 14.5628 14.5027 14.1197 13.024 12.0374 12.5842 12.6087 12.2504 12.9253 12.5862 11.6832 10.4036 11.1157 10.9436 10.027 9.81113 -9999 -9999 -9999 -9999 -9999 -9999 -9999 -9999 -9999 -9999 -9999 -9999 -9999 -9999 -9999 -9999 -9999 -9999 -9999 -9999 -9999 -9999 -9999 -9999 -9999 -9999 -9999 -9999 -9999 -9999 -9999 -9999 -9999 -9999 -9999 -9999 -9999 -9999 -9999 -9999 -9999 -9999 -9999 -9999 -9999
14.4427 14.3839 14.7725 14.776 14.7553 14.8936 15.1417 15.2001 15.16 15.0369 14.9321 14.82 14.518 14.0782 13.1421 12.0175 11.7716 12.3395 12.3778 12.4786 12.1706 11.7806 11.1639 11.6885 11.8987 11.3025 10.5179 10.0168 -9999 -9999 -9999 -9999 -9999 -9999 -9999 -9999 -9999 -9999 -9999 -9999 -9999 -9999 -9999 -9999 -9999 -9999 -9999 -9999 -9999 -9999 -9999 -9999 -9999 -9999 -9999 -9999 -9999 -9999 -9999 -9999 -9999 -9999 -9999 -9999 -9999 -9999 -9999 -9999 -9999 -9999 -9999 -9999
14.1868 13.8328 14.0715 14.2534 14.5669 14.6556 14.7137 15.1743 15.1616 15.152 14.9713 14.8293 14.5865 14.1637 13.5568 12.8236 11.5382 12.3498 12.9876 12.9831 12.96 12.6901 12.0981 12.6132 12.6475 11.8833 11.007 10.5035 10.3018 -9999 -9999 -9999 -9999 -9999 -9999 -9999 -9999 -9999 -9999 -9999 -9999 -9999 -9999 -9999 -9999 -9999 -9999 -9999 -9999 -9999 -9999 -9999 -9999 -9999 -9999 -9999 -9999 -9999 -9999 -9999 -9999 -9999 -9999 -9999 -9999 -9999 -9999 -9999 -9999 -9999 -9999 -9999
13.8951 13.46 13.7 14.0163 14.4518 14.6772 14.854 14.9994 15.1476 15.1427 14.9576 14.3887 14.3175 14.3042 13.9114 13.0739 12.2375 12.0294 12.9964 13.2813 13.2368 13.4612 12.9613 13.2133 13.1249 12.8616 12.0214 11.2579 10.9517 10.3361 -9999 -9999 -9999 -9999 -9999 -9999 -9999 -9999 -9999 -9999 -9999 -9999 -9999 -9999 -9999 -9999 -9999 -9999 -9999 -9999 -9999 -9999 -9999 -9999 -9999 -9999 -9999 -9999 -9999 -9999 -9999 -9999 -9999 -9999 -9999 -9999 -9999 -9999 -9999 -9999 -9999 -9999
-9999 -9999 13.1965 13.6168 13.9713 14.3953 14.7654 14.9584 15.1463 15.1433 14.762 14.5815 14.5764 14.3232 13.8679 13.5865 13.0643 12.5196 12.7437 13.5699 13.2186 13.8068 13.7687 13.8853 13.5098 12.7825 11.8119 11.2452 10.9725 10.4758 -9999 -9999 -9999 -9999 -9999 -9999 -9999 -9999 -9999 -9999 -9999 -9999 -9999 -9999 -9999 -9999 -9999 -9999 -9999 -9999 -9999 -9999 -9999 -9999 -9999 -9999 -9999 -9999 -9999 -9999 -9999 -9999 -9999 -9999 -9999 -9999 -9999 -9999 -9999 -9999 -9999 -9999
-9999 -9999 -9999 13.5465 13.819 14.3923 14.6827 14.8116 15.1079 15.1198 14.9826 14.8819 14.7307 14.5298 14.1906 13.8152 13.3249 13.2901 13.8229 13.8407 13.7429 13.8393 14.1177 14.0575 13.4685 12.444 11.9095 10.801 10.3379 10.3977 10.0731 -9999 -9999 -9999 -9999 -9999 -9999 -9999 -9999 -9999 -9999 -9999 -9999 11.5278 -9999 -9999 -9999 -9999 -9999 -9999 -9999 -9999 -9999 -9999 -9999 -9999 -9999 -9999 -9999 -9999 -9999 -9999 -9999 -9999 9.78821 -9999 -9999 -9999 -9999 -9999 -9999 -9999
-9999 -9999 13.4973 13.8525 14.1364 14.4995 14.5372 14.7544 15.0934 15.1094 15.0154 14.908 14.6518 14.5975 14.4097 14.0012 13.9272 14.1095 14.1997 14.3 14.3658 14.3321 14.2342 14.1042 13.723 13.2549 12.9442 11.9387 11.4311 10.9529 10.2237 9.65608 -9999 -9999 -9999 -9999 -9999 -9999 -9999 11.0932 11.0792 11.1059 11.2819 11.7439 11.494 -9999 -9999 -9999 -9999 -9999 -9999 -9999 -9999 -9999 -9999 -9999 -9999 -9999 -9999 -9999 -9999 -9999 -9999 -9999 10.2004 9.63074 -9999 -9999 -9999 -9999 -9999 -9999
-9999 -9999 13.5923 13.972 14.1666 14.5193 14.7256 14.8548 14.9794 15.0993 15.0927 14.9725 14.7839 14.7974 14.5331 14.3961 14.3018 14.5443 14.6015 14.5204 14.4153 14.3234 14.0435 14.02 13.9294 13.6357 13.1474 12.6441 11.9025 10.9081 9.93344 9.14986 -9999 -9999 -9999 -9999 -9999 -9999 11.1689 11.555 11.7918 11.3309 11.7499 12.1341 12.0886 11.7406 -9999 -9999 -9999 -9999 -9999 -9999 -9999 -9999 -9999 -9999 -9999 -9999 -9999 -9999 12.9192 12.3347 11.1401 10.5344 10.1763 9.65941 -9999 -9999 -9999 -9999 -9999 -9999
-9999 -9999 13.525 13.9712 14.2767 14.5491 14.6011 14.8781 14.9998 15.0694 15.0741 15.06 15.0352 14.8062 14.7149 14.3623 14.7239 14.7227 14.6461 14.3076 14.1668 13.5766 13.3224 13.2676 13.7824 13.4185 12.6484 11.6834 10.516 10.4468 10.0706 9.37144 -9999 -9999 -9999 -9999 -9999 -9999 11.2895 11.7017 12.0479 12.1101 11.6522 12.3244 12.3105 11.956 11.8863 12.2024 12.3697 12.2662 12.6394 12.7598 12.6119 12.8051 -9999 -9999 -9999 -9999 12.9825 13.0203 13.0519 12.8161 11.5097 10.6217 9.82561 9.76554 -9999 -9999 -9999 -9999 -9999 -9999
-9999 -9999 13.8332 14.1113 14.2566 14.2882 14.5335 14.7764 14.9261 15.0428 15.0333 15.0368 15.0402 14.9703 14.7912 14.8385 14.8355 14.7358 14.0816 13.3156 13.6655 13.2139 12.2329 13.0434 13.4936 13.0796 12.144 11.0578 10.7028 10.725 10.1972 9.51533 -9999 -9999 -9999 10.1645 10.7485 10.8119 10.9939 11.5392 11.9573 12.2757 12.4971 12.5021 12.2975 11.951 11.5734 11.7271 12.4459 12.6321 12.786 12.9104 12.7743 12.8686 13.0717 13.1836 13.2177 13.1874 13.1911 13.22 13.2108 12.9915 11.8239 11.1614 10.7435 9.8952 -9999 -9999 -9999 -9999 -9999 -9999
-9999 -9999 13.6687 13.9115 14.11 14.4329 14.4758 14.6847 14.811 14.9929 15.0246 14.8315 15.0139 15.0049 14.9862 14.9319 14.846 14.2962 13.5332 12.7678 12.4201 12.5811 11.9965 12.3094 12.7653 12.6096 12.0376 11.0708 10.9426 10.7205 9.82247 8.96158 -9999 -9999 9.04883 10.1568 10.9412 11.3527 11.4898 11.5156 12.039 12.093 12.6553 12.539 11.8281 11.9236 11.6553 11.8523 12.1255 12.2108 12.5941 12.9648 13.0473 13.0639 13.1988 13.2381 13.2588 13.2698 13.2022 13.2529 13.2718 13.1399 12.2977 11.8936 11.4486 9.91355 -9999 -9999 -9999 -9999 -9999 -9999
-9999 -9999 13.7923 14.0623 14.3573 14.4127 14.6342 14.6228 14.5707 14.8772 14.9934 14.8608 14.7693 14.9748 14.9747 14.9624 14.9333 14.4175 13.8181 12.904 12.3397 11.9963 11.756 11.428 11.6663 11.6048 11.5194 11.6364 11.3754 10.8448 10.3248 9.341 8.81588 -9999 9.11188 9.61928 10.5497 11.3427 11.8514 11.6877 12.2811 12.4026 12.7493 12.5671 12.141 11.9662 11.9636 11.9201 12.3246 12.6015 12.7986 12.9375 13.1052 13.1595 13.2139 13.245 13.2684 13.2916 13.3033 13.3136 13.3094 13.2679 12.8875 12.4854 11.5989 9.97097 -9999 -9999 -9999 -9999 -9999 -9999
-9999 13.0326 13.7681 14.2146 14.3927 14.5239 14.641 14.7287 14.8191 14.9068 14.9712 14.9582 14.5874 14.6321 14.7145 14.9459 14.9435 14.9085 14.5864 13.4715 13.0917 12.5309 11.8034 11.5027 11.665 12.2773 12.2587 11.8673 11.4304 10.819 10.4354 9.83743 8.67874 8.7963 9.33578 9.74099 10.3778 11.3442 12.026 12.3382 12.465 12.7126 12.8487 12.5941 12.3525 12.2591 12.074 12.0604 12.0764 12.3268 12.523 12.9474 13.1002 13.1769 13.2241 13.2562 13.2833 13.3098 13.3278 13.3333 13.3467 13.3563 13.3413 12.8 11.4281 10.3996 -9999 -9999 -9999 -9999 -9999 -9999
-9999 -9999 13.6384 13.839 13.8976 13.9943 14.1838 14.4016 14.7051 14.7541 14.9283 14.9398 14.6203 14.2518 14.5983 14.7442 14.8946 14.9116 14.8809 13.9435 13.4586 13.0784 12.381 12.6427 12.893 12.9194 12.7814 11.9322 11.0866 10.1067 9.19675 9.16326 8.67824 8.95156 9.31235 10.2188 10.861 11.13 11.3274 12.3099 12.5752 12.676 12.938 12.6142 12.5431 12.3035 12.3934 12.3858 12.4019 11.7131 12.4316 12.4887 12.9639 13.186 13.247 13.2747 13.3029 13.3192 13.3356 13.3468 13.3645 13.3711 13.3773 13.0302 11.2852 10.4181 -9999 -9999 -9999 -9999 -9999 -9999
-9999 -9999 -9999 -9999 13.7204 13.8756 13.9786 14.151 14.659 14.8046 14.9057 14.9257 14.7911 14.4257 14.34 14.4231 14.0677 14.389 14.8229 14.8234 14.7824 13.9598 13.5416 13.962 13.8447 13.2269 12.7424 12.2645 11.2728 10.5456 9.5011 8.71983 8.70103 9.58641 10.3238 11.2409 11.6535 11.4408 11.7011 12.1959 12.7565 13.035 12.987 12.645 12.6097 12.2324 12.6319 12.6795 12.5153 12.3754 12.4499 12.6928 12.7949 13.1699 13.2721 13.3019 13.3192 13.3349 13.3471 13.3583 13.3678 13.3772 13.3852 13.3821 11.5881 10.1976 -9999 -9999 -9999 -9999 -9999 -9999
-9999 -9999 -9999 -9999 13.378 13.4757 13.7197 14.3335 14.658 14.7967 14.804 14.8755 14.7845 14.4652 14.1373 13.8291 13.4271 13.6776 14.3182 14.7 14.7524 14.0324 14.4194 14.2854 14.0131 13.2027 12.6074 12.2955 11.3437 10.5265 9.83472 8.87659 9.30173 9.7696 10.368 11.3669 12.0461 12.3337 12.1186 12.4405 13.0835 13.1014 12.7721 12.8089 12.6141 12.0934 12.6653 12.8368 12.7252 12.7728 12.7387 12.8387 13.0084 13.1712 13.2843 13.3123 13.3282 13.3391 13.3526 13.3666 13.373 13.3868 13.3949 13.3989 12.2456 10.1763 -9999 -9999 -9999 -9999 -9999 -9999
-9999 -9999 -9999 -9999 -9999 13.0749 13.6207 14.4325 14.6395 14.6322 14.8096 14.8363 14.6897 14.5646 14.1637 13.611 12.5362 12.8264 13.4171 14.2627 14.7115 14.6619 14.4253 14.0096 12.992 12.1022 12.0008 11.8616 11.1691 10.5408 9.77061 10.2326 10.7383 11.2914 11.5884 11.5277 12.1116 12.5906 12.4077 12.7993 13.2538 13.0689 12.9654 12.8809 12.6535 12.6536 12.6935 13.0248 12.8207 12.9701 12.9865 12.9943 13.0847 13.1863 13.2921 13.3216 13.3362 13.3517 13.355 13.3722 13.3804 13.3886 13.3971 13.4025 13.3104 12.2029 11.5459 -9999 -9999 -9999 -9999 -9999
-9999 -9999 -9999 -9999 -9999 12.5839 12.8605 13.8203 14.1217 14.5526 14.7872 14.8099 14.5533 14.4163 13.8122 13.6257 12.6327 12.1894 12.5884 12.4516 13.6109 14.6372 14.4235 12.3794 11.644 11.1216 11.2655 11.2747 11.0877 10.0149 9.72741 10.7025 11.3211 11.8035 12.1731 12.2606 12.2622 13.0034 13.1142 13.3648 13.3281 13.3645 13.0121 12.7996 13.0126 12.7985 12.7741 13.1158 12.8087 13.1148 13.0934 13.0214 13.0321 13.2391 13.2929 13.3281 13.3437 13.3502 13.3544 13.3623 13.382 13.3926 13.3954 13.4094 13.4125 13.2945 12.7276 12.5388 12.7784 -9999 -9999 -9999
-9999 -9999 -9999 -9999 -9999 -9999 11.9788 13.3092 13.9207 14.2487 14.7069 14.7731 14.6416 14.3954 13.7799 13.2402 12.3538 11.3391 10.8059 12.4468 13.8757 14.6257 14.5361 12.8363 12.1702 12.147 12.5521 12.2251 11.9792 11.1651 10.9302 10.6003 10.821 11.4884 12.037 12.5672 12.9569 13.0019 13.2605 13.4141 13.4401 13.4986 13.47 13.4494 13.1099 13.3692 13.1764 13.3014 13.2453 13.1962 13.154 12.9667 13.1251 13.2669 13.3145 13.3395 13.3459 13.358 13.3665 13.3684 13.3762 13.3889 13.4012 13.4084 13.422 13.4314 13.3806 13.0453 12.5916 12.0147 -9999 -9999
-9999 -9999 -9999 -9999 -9999 -9999 11.3237 12.6479 13.2892 14.1157 14.5461 14.7276 14.7184 14.5214 14.0568 13.3506 12.7643 11.6299 10.451 12.1731 13.7056 14.5378 14.5908 13.1625 13.569 13.2557 13.3939 12.8133 12.5773 12.3888 11.9759 11.524 11.0285 10.773 11.9888 12.6198 13.1307 13.3793 13.5264 13.6073 13.5856 13.5086 12.9888 13.4107 13.4035 13.3776 13.3457 13.3379 13.3105 13.2756 13.2589 13.2637 13.1442 13.3123 13.3238 13.3399 13.3546 13.3645 13.3707 13.3779 13.3834 13.3974 13.4048 13.4133 13.4235 13.4376 13.4476 13.4428 13.3643 12.5846 12.124 12.0054
-9999 -9999 -9999 -9999 -9999 -9999 9.48118 11.4035 12.9475 13.7615 14.4246 14.6168 14.6969 14.4278 14.23 13.7274 13.252 12.5111 11.3943 10.7109 12.0025 13.8746 14.5676 14.5215 14.4875 14.1244 13.7979 13.7643 13.7985 13.4134 12.854 12.122 11.9017 11.6533 12.5621 12.6967 12.6448 13.6442 13.6607 13.6193 13.2569 12.8481 12.943 12.6945 12.9091 12.6121 12.913 13.1752 13.2823 13.2893 13.2688 13.281 13.2808 13.3225 13.3363 13.346 13.3567 13.3689 13.379 13.3813 13.3886 13.4066 13.4128 13.421 13.4274 13.4428 13.4551 13.4552 13.4567 13.349 13.1798 12.8444
-9999 -9999 -9999 -9999 -9999 -9999 9.56685 11.1829 12.5581 13.3851 14.1839 14.379 14.6575 14.6133 14.4053 13.97 13.4226 12.8149 11.8585 11.1503 12.0182 13.2645 14.1597 14.4847 14.4873 14.4752 14.4001 14.3737 14.285 14.22 13.8228 13.132 12.747 12.1788 13.1901 13.3152 13.1723 13.6846 13.6736 12.9341 12.369 12.3113 12.6776 12.3559 12.3111 12.114 12.3651 13.0138 12.8449 12.8959 13.1953 13.2573 13.3032 13.3256 13.3378 13.3504 13.3595 13.3742 13.3888 13.3914 13.4001 13.4114 13.4144 13.4266 13.4332 13.4442 13.4511 13.4579 13.4605 13.4402 13.419 13.4734
-9999 -9999 -9999 -9999 -9999 -9999 9.60609 10.6934 11.9323 13.1456 13.9979 14.3493 14.6088 14.6191 14.3749 14.165 13.8265 13.2933 12.9311 12.2929 11.4123 12.9189 13.3874 13.8047 13.9865 14.4224 14.421 14.2346 14.008 14.2288 14.1772 13.6331 13.462 13.1657 13.7337 13.7478 13.7457 13.7295 13.1065 12.2353 11.542 12.0656 11.9737 12.2197 11.5099 12.1225 12.6165 12.7864 12.4724 12.2449 13.0042 13.144 13.232 13.2934 13.3386 13.3452 13.3668 13.3764 13.3882 13.3998 13.4074 13.4175 13.4251 13.4326 13.4405 13.4525 13.4586 13.4656 13.4794 13.4722 13.4791 13.4872
-9999 -9999 -9999 -9999 -9999 -9999 -9999 10.0611 11.6244 13.0257 13.8113 14.3101 14.5597 14.568 14.4493 14.3106 14.1054 13.724 13.2414 12.4715 11.9026 12.2819 12.7411 12.7996 13.1083 13.9848 14.2904 13.8801 12.8458 13.4681 14.1618 14.1618 14.1149 14.0616 13.9884 13.926 13.7746 13.3473 12.0108 11.761 11.2456 11.3202 11.0629 11.6683 11.4606 12.0847 12.3632 12.4773 11.9277 12.0581 12.7366 13.0131 12.9837 13.1588 13.3244 13.3436 13.3621 13.3723 13.3897 13.405 13.4166 13.4261 13.4354 13.4461 13.4483 13.4666 13.4311 13.4131 13.3615 13.4579 13.48 13.5039
-9999 -9999 -9999 -9999 -9999 -9999 -9999 9.75044 11.3152 12.9635 13.5009 14.0377 14.5029 14.5243 14.3359 14.1573 13.9729 13.7611 13.1731 12.603 12.0589 11.8836 12.0063 12.0046 12.4983 13.6377 13.8662 13.7828 12.7019 12.3456 13.2692 14.0474 14.1194 14.0618 13.1716 13.3766 12.9028 12.2558 12.0878 11.8127 11.2161 11.5243 11.0912 11.2973 11.2573 11.6177 11.8007 12.2266 11.7495 11.7627 12.4294 12.7718 12.7943 13.1528 13.2898 13.3362 13.3585 13.3786 13.3944 13.4141 13.4254 13.4349 13.4428 13.441 13.4164 13.3108 12.6751 12.6907 12.8847 13.0689 13.3932 13.4993
-9999 -9999 -9999 -9999 -9999 -9999 -9999 9.93293 11.0224 12.4864 13.5741 13.654 14.1893 14.4718 14.2657 14.0321 13.7927 13.6949 13.0539 12.3484 11.7803 11.1055 11.2295 11.7328 12.5452 13.285 13.4256 13.2851 12.7072 12.9926 13.6262 13.9681 14.0773 14.0127 13.8286 13.7277 13.3822 13.2402 12.7558 11.9909 11.6982 11.9065 11.094 11.1659 11.4857 11.172 11.7216 11.9919 11.3716 11.8889 12.4784 12.7868 13.0582 13.1942 13.257 13.3457 13.362 13.3826 13.4003 13.4137 13.4281 13.4306 13.4352 13.3805 13.2928 12.6985 12.4628 12.5274 12.8236 13.0847 13.364 13.484
-9999 -9999 -9999 -9999 -9999 -9999 -9999 10.1193 11.1015 12.3726 13.1516 13.3011 13.8934 14.4216 14.3764 14.1328 14.0672 13.814 13.2722 12.6723 12.0152 11.7015 10.9653 11.712 12.3009 12.9292 13.2288 12.7541 12.5254 12.9611 13.3945 13.5747 14.0128 14.021 13.8946 13.3086 13.0296 13.1664 13.0544 12.8484 12.3263 12.3163 11.986 11.8575 11.7368 11.3098 11.6031 11.6451 11.7373 12.3532 12.667 12.8798 13.0747 13.1365 13.2293 13.3455 13.3688 13.3869 13.4008 13.4172 13.4241 13.4097 13.3998 13.2749 13.0426 12.5964 11.8677 12.409 12.9743 13.1588 13.3351 13.4328
-9999 -9999 -9999 -9999 -9999 -9999 -9999 9.95645 10.9993 12.0875 12.5496 12.6383 13.7003 14.3554 14.369 14.26 14.1305 13.4871 13.5377 13.4184 12.8269 11.9597 11.006 11.1076 11.6911 12.516 12.7967 12.0102 11.7426 11.9592 12.6088 13.1918 13.8002 13.964 13.8016 12.8823 11.9047 12.3775 12.8818 12.8927 12.7624 12.2792 12.1352 12.0063 11.6576 11.0572 11.1579 11.3428 12.0428 12.2745 12.6245 12.9176 12.8269 12.9028 13.1837 13.3511 13.3713 13.3884 13.4079 13.4188 13.4242 13.381 13.3345 13.2465 12.6173 12.2316 11.6665 12.3597 12.7498 12.972 13.3441 13.444
-9999 -9999 -9999 -9999 -9999 -9999 -9999 9.63973 10.4 11.4407 11.8675 12.5411 13.5454 14.0457 14.292 14.2992 14.2171 13.9357 13.7713 13.4354 12.8196 11.9732 11.0307 10.421 10.7477 11.8522 12.1217 11.3978 11.0391 11.5116 12.2033 13.2221 13.8095 13.8995 13.8601 13.6807 12.9706 12.11 12.1264 12.5782 12.2252 11.8128 12.061 12.0315 11.6873 11.4408 11.292 11.4079 11.8103 11.9866 12.3886 12.9752 13.0716 13.0698 13.325 13.3515 13.3716 13.3951 13.4093 13.4215 13.4288 13.3963 13.3055 12.8916 12.5325 12.0273 11.9776 12.5993 12.8839 13.1462 13.3364 13.4084
-9999 -9999 -9999 -9999 -9999 -9999 -9999 9.09264 9.98509 10.9609 11.8755 12.7415 13.4886 13.5578 13.9577 13.9697 14.185 14.1391 13.8791 13.5981 13.0692 11.9786 11.0632 10.0636 10.3412 11.4695 11.6163 11.14 10.2505 11.1925 12.2303 13.1722 13.6877 13.3055 13.7226 13.7023 13.4443 12.9374 12.142 12.1708 11.5783 11.5657 11.8908 12.0057 11.9677 11.7861 11.4874 11.5543 11.8029 11.8779 12.2486 12.7068 13.1552 13.2425 13.3397 13.3578 13.3736 13.3948 13.4102 13.4156 13.4079 13.3733 13.0287 12.6161 12.3675 12.02 11.9908 12.7043 13.0036 13.1747 13.3412 13.416
-9999 -9999 -9999 -9999 -9999 -9999 -9999 -9999 9.89747 10.9053 11.6544 11.8652 12.5307 12.8958 13.1812 13.2541 14.0451 14.1002 13.9398 13.6827 13.2334 12.4086 11.8373 10.8791 10.1933 10.4866 10.6224 10.8899 10.8259 11.2524 12.2502 13.2894 13.4137 12.7736 12.8829 13.0323 13.3513 13.2093 12.1206 11.5742 11.1231 11.4669 11.828 11.9258 11.9565 11.9034 11.8417 11.7163 12.1954 12.5536 12.6478 12.9619 13.1977 13.2732 13.3337 13.3539 13.3742 13.3888 13.3904 13.3956 13.3547 13.2448 12.8576 11.9059 11.9657 11.8759 11.5901 12.2905 12.74 13.139 13.358 13.4258
-9999 -9999 -9999 -9999 -9999 -9999 -9999 -9999 9.56871 10.733 10.9888 10.9833 10.6146 10.8028 12.229 12.5262 13.2853 14.0046 13.9648 13.7128 13.2931 12.8066 12.0468 10.9677 10.1124 9.75004 10.6916 11.6156 11.8161 12.1201 12.736 12.8628 12.2082 11.5952 11.959 12.1833 13.0022 13.1625 13.0192 12.3687 11.6231 11.2404 11.722 11.7983 11.8401 11.8595 11.861 11.8525 12.3877 12.692 12.9075 13.0315 13.2359 13.299 13.3291 13.3582 13.3693 13.374 13.3586 13.339 13.2034 13.0361 12.3925 11.8585 11.531 11.1115 12.1053 12.4166 12.8386 13.1152 13.3333 13.393
