Test_Spring_2018b/03_18/Temp/20180305_011.txt
ncols	170
nrows	115
xllcorner	350000.000000
yllcorner	4445000.000000
cellsize	1000.000000
nodata_value	-9999.000000
[rows 32 to 63 of 115, columns 72 to 143 of 170]
15.1367 14.7992 15.3094 15.7785 15.4702 15.2623 16.0297 16.0244 15.7535 15.1244 14.8909 14.6493 14.4999 13.6951 11.4441 9.41445 10.4963 10.5183 9.76352 11.1053 10.3896 8.52964 5.90571 7.32356 6.94737 5.06528 4.59075 -9999 -9999 -9999 -9999 -9999 -9999 -9999 -9999 -9999 -9999 -9999 -9999 -9999 -9999 -9999 -9999 -9999 -9999 -9999 -9999 -9999 -9999 -9999 -9999 -9999 -9999 -9999 -9999 -9999 -9999 -9999 -9999 -9999 -9999 -9999 -9999 -9999 -9999 -9999 -9999 -9999 -9999 -9999 -9999 -9999
14.6868 14.5395 15.3001 15.2794 15.2159 15.4722 15.9446 16.0359 15.9273 15.6502 15.4101 15.1552 14.5149 13.5948 11.6677 9.35788 8.83111 9.95593 10.0061 10.1832 9.53058 8.71173 7.43312 8.47062 8.87002 7.63236 6.00958 4.9648 -9999 -9999 -9999 -9999 -9999 -9999 -9999 -9999 -9999 -9999 -9999 -9999 -9999 -9999 -9999 -9999 -9999 -9999 -9999 -9999 -9999 -9999 -9999 -9999 -9999 -9999 -9999 -9999 -9999 -9999 -9999 -9999 -9999 -9999 -9999 -9999 -9999 -9999 -9999 -9999 -9999 -9999 -9999 -9999
14.1511 13.405 13.8617 14.2033 14.8182 14.97 15.0607 15.9681 15.9149 15.8679 15.4739 15.1581 14.6379 13.7521 12.4928 10.9774 8.34135 9.96064 11.2276 11.1909 11.1168 10.5418 9.31329 10.3316 10.3741 8.78735 6.98616 5.93667 5.49946 -9999 -9999 -9999 -9999 -9999 -9999 -9999 -9999 -9999 -9999 -9999 -9999 -9999 -9999 -9999 -9999 -9999 -9999 -9999 -9999 -9999 -9999 -9999 -9999 -9999 -9999 -9999 -9999 -9999 -9999 -9999 -9999 -9999 -9999 -9999 -9999 -9999 -9999 -9999 -9999 -9999 -9999 -9999
13.543 12.6325 13.0921 13.7065 14.5633 14.9953 15.3299 15.5976 15.871 15.8334 15.4301 14.248 14.0758 14.0211 13.1962 11.469 9.74408 9.29442 11.2294 11.7801 11.6626 12.0909 11.0494 11.5339 11.3275 10.7575 9.02407 7.45184 6.80257 5.52514 -9999 -9999 -9999 -9999 -9999 -9999 -9999 -9999 -9999 -9999 -9999 -9999 -9999 -9999 -9999 -9999 -9999 -9999 -9999 -9999 -9999 -9999 -9999 -9999 -9999 -9999 -9999 -9999 -9999 -9999 -9999 -9999 -9999 -9999 -9999 -9999 -9999 -9999 -9999 -9999 -9999 -9999
-9999 -9999 12.0545 12.8809 13.5681 14.4079 15.1347 15.4989 15.8527 15.8191 15.0174 14.6233 14.5852 14.0434 13.0917 12.4931 11.4058 10.273 10.7004 12.3497 11.6099 12.7765 12.6723 12.8821 12.0932 10.5806 8.58364 7.4108 6.8292 5.79291 -9999 -9999 -9999 -9999 -9999 -9999 -9999 -9999 -9999 -9999 -9999 -9999 -9999 -9999 -9999 -9999 -9999 -9999 -9999 -9999 -9999 -9999 -9999 -9999 -9999 -9999 -9999 -9999 -9999 -9999 -9999 -9999 -9999 -9999 -9999 -9999 -9999 -9999 -9999 -9999 -9999 -9999
-9999 -9999 -9999 12.7229 13.2439 14.3803 14.9516 15.1859 15.7595 15.756 15.4494 15.2172 14.8824 14.4466 13.7305 12.941 11.9183 11.8204 12.8743 12.8834 12.658 12.8269 13.3651 13.2162 11.9865 9.87863 8.76665 6.49432 5.52627 5.61927 4.93205 -9999 -9999 -9999 -9999 -9999 -9999 -9999 -9999 -9999 -9999 -9999 -9999 7.4945 -9999 -9999 -9999 -9999 -9999 -9999 -9999 -9999 -9999 -9999 -9999 -9999 -9999 -9999 -9999 -9999 -9999 -9999 -9999 -9999 3.26432 -9999 -9999 -9999 -9999 -9999 -9999 -9999
-9999 -9999 12.6334 13.3237 13.8731 14.583 14.6388 15.0546 15.7148 15.7195 15.5008 15.2545 14.7065 14.5681 14.1591 13.3023 13.1245 13.4671 13.6229 13.7996 13.9066 13.8115 13.5861 13.2959 12.4867 11.5096 10.8516 8.78393 7.72999 6.7312 5.22289 4.04225 -9999 -9999 -9999 -9999 -9999 -9999 -9999 6.72261 6.66353 6.68665 7.01234 7.91801 7.37843 -9999 -9999 -9999 -9999 -9999 -9999 -9999 -9999 -9999 -9999 -9999 -9999 -9999 -9999 -9999 -9999 -9999 -9999 -9999 4.08346 2.89525 -9999 -9999 -9999 -9999 -9999 -9999
-9999 -9999 12.8071 13.5513 13.9199 14.6089 15.0004 15.2435 15.4687 15.684 15.6423 15.3702 14.959 14.9582 14.3935 14.0878 13.8686 14.3335 14.4226 14.2312 13.9915 13.7784 13.1842 13.11 12.8911 12.268 11.2498 10.2008 8.67242 6.62605 4.61959 3.00067 -9999 -9999 -9999 -9999 -9999 -9999 6.89237 7.64563 8.0955 7.12909 7.94781 8.69528 8.57018 7.81525 -9999 -9999 -9999 -9999 -9999 -9999 -9999 -9999 -9999 -9999 -9999 -9999 -9999 -9999 9.7071 8.49056 6.03593 4.77563 4.0175 2.93648 -9999 -9999 -9999 -9999 -9999 -9999
-9999 -9999 12.6556 13.5353 14.129 14.6552 14.7339 15.2703 15.4955 15.6086 15.5899 15.5326 15.4538 14.9605 14.7469 14.0034 14.7095 14.6799 14.4975 13.7838 13.4719 12.2479 11.7059 11.5609 12.5787 11.8132 10.2232 8.23749 5.84443 5.67617 4.88418 3.43659 -9999 -9999 -9999 -9999 -9999 -9999 7.12374 7.92987 8.60194 8.69689 7.73581 9.06737 8.99217 8.23813 8.06169 8.66762 8.97137 8.7241 9.44485 9.65397 9.31915 9.67726 -9999 -9999 -9999 -9999 9.87808 9.92462 9.95893 9.45031 6.76908 4.93624 3.2894 3.12434 -9999 -9999 -9999 -9999 -9999 -9999
-9999 -9999 13.2665 13.8052 14.0742 14.1119 14.583 15.0502 15.3319 15.5381 15.4904 15.469 15.4472 15.2767 14.8848 14.9526 14.9188 14.6891 13.3345 11.7534 12.4371 11.4971 9.4787 11.0917 11.9788 11.1118 9.18611 6.95453 6.21005 6.22721 5.12771 3.71399 -9999 -9999 -9999 4.91564 6.07154 6.1706 6.51016 7.5865 8.40435 9.02021 9.43734 9.41172 8.9527 8.21447 7.4123 7.68805 9.11028 9.45158 9.72554 9.94218 9.63086 9.78609 10.165 10.3597 10.3973 10.3051 10.2824 10.3114 10.2633 9.78869 7.39046 6.01559 5.13632 3.36122 -9999 -9999 -9999 -9999 -9999 -9999
-9999 -9999 12.918 13.3852 13.7622 14.3902 14.4506 14.8474 15.0773 15.4232 15.4589 15.0384 15.3797 15.3326 15.2661 15.1276 14.9255 13.7822 12.2068 10.627 9.89506 10.1942 8.98195 9.58573 10.4844 10.1447 8.95578 6.96651 6.67903 6.20328 4.35316 2.57769 -9999 -9999 2.66857 4.88808 6.45072 7.25619 7.50467 7.52686 8.55815 8.63624 9.74519 9.47337 7.98749 8.14581 7.5646 7.92742 8.44123 8.57758 9.31698 10.0332 10.1656 10.1649 10.405 10.4524 10.4631 10.4548 10.288 10.3616 10.3709 10.0741 8.33539 7.48519 6.54222 3.38462 -9999 -9999 -9999 -9999 -9999 -9999
-9999 -9999 13.1537 13.6762 14.2491 14.3356 14.7585 14.7091 14.5769 15.1711 15.3822 15.0843 14.8696 15.2576 15.2287 15.1753 15.0883 14.0142 12.7709 10.8891 9.71785 8.9936 8.48013 7.78316 8.24008 8.08855 7.88846 8.09905 7.54489 6.44301 5.35975 3.33554 2.24148 -9999 2.78493 3.78578 5.64491 7.22486 8.22731 7.86489 9.0381 9.25313 9.92179 9.51836 8.6106 8.21557 8.17349 8.04813 8.83182 9.35486 9.71587 9.96106 10.266 10.3416 10.4184 10.4493 10.4655 10.4823 10.4767 10.4689 10.4318 10.3187 9.51753 8.66407 6.83351 3.48791 -9999 -9999 -9999 -9999 -9999 -9999
-9999 11.6217 13.0912 13.9721 14.3081 14.5484 14.7597 14.9109 15.0678 15.2186 15.321 15.2688 14.4871 14.5487 14.6872 15.128 15.0952 14.9966 14.316 12.0271 11.2289 10.0645 8.56225 7.92179 8.22475 9.44064 9.3763 8.55531 7.64179 6.37622 5.57225 4.33085 1.95161 2.16182 3.22813 4.02178 5.28525 7.21711 8.57099 9.17418 9.40046 9.86942 10.1124 9.55743 9.02409 8.79764 8.38472 8.31919 8.31387 8.78401 9.14267 9.96501 10.2391 10.3605 10.4226 10.4555 10.4794 10.5032 10.5108 10.4935 10.4927 10.4838 10.4185 9.28947 6.46762 4.33877 -9999 -9999 -9999 -9999 -9999 -9999
-9999 -9999 12.815 13.1972 13.2906 13.4611 13.8197 14.2349 14.8245 14.896 15.2216 15.2166 14.5412 13.7642 14.4384 14.7057 14.9828 14.9898 14.9004 12.9705 11.9602 11.1624 9.72134 10.2226 10.704 10.7312 10.4247 8.67478 6.93229 4.91878 3.04501 2.94966 1.93908 2.46579 3.16967 4.98061 6.25522 6.7719 7.14269 9.10618 9.61231 9.78141 10.2791 9.58697 9.3994 8.87559 9.02011 8.96619 8.96042 7.52417 8.94233 9.02074 9.94856 10.3627 10.4534 10.4774 10.5037 10.5073 10.5119 10.5067 10.5147 10.496 10.4747 9.7389 6.16516 4.36394 -9999 -9999 -9999 -9999 -9999 -9999
-9999 -9999 -9999 -9999 12.9187 13.2082 13.391 13.7143 14.7189 14.9867 15.1638 15.1759 14.8742 14.1046 13.9017 14.0417 13.2922 13.9165 14.7693 14.7435 14.634 12.9385 12.0606 12.8873 12.6229 11.343 10.3334 9.33707 7.29831 5.79772 3.65114 2.03856 1.9731 3.74229 5.21134 7.0441 7.85281 7.39207 7.89053 8.86229 9.96763 10.4994 10.3676 9.63817 9.52296 8.71942 9.4916 9.54936 9.17704 8.85432 8.96522 9.4204 9.59105 10.3167 10.4901 10.5181 10.5227 10.5251 10.5215 10.5166 10.5039 10.4932 10.479 10.441 6.76751 3.90421 -9999 -9999 -9999 -9999 -9999 -9999
-9999 -9999 -9999 -9999 12.2118 12.3845 12.8537 14.0728 14.705 14.959 14.9459 15.0626 14.8494 14.1726 13.4786 12.8244 11.9801 12.4605 13.7332 14.4809 14.5607 13.0735 13.8297 13.5314 12.9524 11.2815 10.0473 9.38806 7.43017 5.74723 4.31662 2.34534 3.18097 4.10312 5.28985 7.28907 8.63869 9.19298 8.72612 9.34801 10.6204 10.6233 9.92037 9.95927 9.5203 8.42517 9.5469 9.85583 9.5901 9.64772 9.53792 9.70321 10.0107 10.3058 10.5017 10.5263 10.5278 10.5208 10.5201 10.519 10.5029 10.501 10.4867 10.4631 8.08972 3.84882 -9999 -9999 -9999 -9999 -9999 -9999
-9999 -9999 -9999 -9999 -9999 11.5592 12.6409 14.2618 14.6557 14.6135 14.9456 14.9715 14.6454 14.3629 13.5206 12.3704 10.1608 10.7217 11.8929 13.5819 14.466 14.3389 13.8297 12.9597 10.8682 9.03618 8.80421 8.49548 7.0639 5.76443 4.17478 5.08544 6.0849 7.18014 7.75521 7.60418 8.76054 9.70316 9.30174 10.0651 10.9548 10.5457 10.3009 10.0935 9.5883 9.54984 9.592 10.2249 9.77143 10.0356 10.0284 10.0066 10.1534 10.3243 10.5053 10.5332 10.5322 10.5346 10.5126 10.5189 10.5063 10.493 10.4795 10.4585 10.2383 7.94923 6.57945 -9999 -9999 -9999 -9999 -9999
-9999 -9999 -9999 -9999 -9999 10.5509 11.0863 13.0076 13.593 14.4401 14.8885 14.9063 14.3572 14.0507 12.7959 12.3889 10.345 9.41798 10.2 9.89513 12.221 14.2773 13.8141 9.6395 8.12069 7.03416 7.29993 7.29219 6.88663 4.68505 4.07512 6.02728 7.25555 8.20747 8.92996 9.0793 9.05414 10.5289 10.7234 11.2006 11.0933 11.1334 10.3834 9.91611 10.3045 9.83155 9.74326 10.3976 9.73523 10.3175 10.2338 10.0501 10.0355 10.4206 10.4962 10.5355 10.5362 10.5204 10.5002 10.4874 10.4981 10.4893 10.4639 10.4602 10.4333 10.152 8.96503 8.54488 8.9935 -9999 -9999 -9999
-9999 -9999 -9999 -9999 -9999 -9999 9.28527 11.9587 13.1732 13.8117 14.7138 14.8201 14.5243 13.9965 12.7189 11.5951 9.7677 7.68006 6.57171 9.8743 12.7469 14.2424 14.0309 10.5546 9.17646 9.10284 9.89851 9.20861 8.68343 7.00699 6.50354 5.80758 6.22849 7.55514 8.64029 9.68868 10.451 10.5127 11.0067 11.2876 11.3077 11.3925 11.2996 11.2219 10.4892 10.9773 10.5474 10.7623 10.6097 10.4715 10.3459 9.92862 10.214 10.4671 10.5302 10.5464 10.5298 10.5253 10.5136 10.4885 10.4744 10.4699 10.4637 10.4458 10.4399 10.4171 10.2777 9.56032 8.60232 7.39401 -9999 -9999
-9999 -9999 -9999 -9999 -9999 -9999 7.94386 10.6045 11.88 13.5299 14.3743 14.7149 14.6683 14.2404 13.2693 11.8076 10.5894 8.25886 5.83811 9.30515 12.3905 14.0526 14.1337 11.2047 12.003 11.3406 11.5944 10.3899 9.88453 9.47758 8.61305 7.66929 6.63574 6.08847 8.52872 9.78152 10.7897 11.2646 11.5322 11.6646 11.5886 11.3992 10.3096 11.1301 11.0719 10.9814 10.8787 10.8246 10.7308 10.6219 10.5486 10.5215 10.2435 10.5463 10.5346 10.5369 10.5369 10.5276 10.5111 10.4963 10.4778 10.474 10.4585 10.4432 10.4304 10.4167 10.4009 10.3545 10.1583 8.53882 7.56709 7.28362
-9999 -9999 -9999 -9999 -9999 -9999 4.19298 8.06744 11.1722 12.7971 14.1156 14.478 14.6128 14.0385 13.6089 12.5606 11.5675 10.0354 7.74077 6.32584 8.91965 12.6912 14.0749 13.9507 13.8548 13.091 12.4019 12.3072 12.35 11.544 10.3802 8.86823 8.39152 7.8607 9.6776 9.92286 9.78871 11.7871 11.7899 11.674 10.9058 10.0439 10.2015 9.66318 10.0551 9.41521 9.98841 10.4828 10.6625 10.6393 10.5588 10.5411 10.5064 10.5536 10.5498 10.539 10.5306 10.5255 10.5166 10.4916 10.4763 10.482 10.4604 10.4442 10.4255 10.4144 10.4034 10.3674 10.3339 10.0787 9.69881 8.97542
-9999 -9999 -9999 -9999 -9999 -9999 4.35207 7.60574 10.3697 12.021 13.6149 13.9833 14.5205 14.4029 13.9526 13.0409 11.9018 10.6403 8.67108 7.20588 8.93907 11.4413 13.2307 13.8587 13.8422 13.7905 13.6114 13.5282 13.3217 13.1655 12.3327 10.9005 10.0925 8.91235 10.9371 11.1626 10.8438 11.8536 11.8006 10.2682 9.08866 8.93812 9.64876 8.96052 8.82584 8.39152 8.86419 10.1436 9.75651 9.82347 10.3929 10.4837 10.5368 10.5498 10.5427 10.5375 10.5256 10.5253 10.5251 10.5003 10.4874 10.4794 10.4537 10.4423 10.4218 10.401 10.3825 10.3604 10.3296 10.2523 10.1653 10.2331
-9999 -9999 -9999 -9999 -9999 -9999 4.41535 6.60033 9.08745 11.5227 13.225 13.9105 14.4094 14.4024 13.8788 13.4245 12.7094 11.599 10.8358 9.5127 7.69759 10.7272 11.6515 12.4665 12.8042 13.6616 13.632 13.2271 12.7487 13.1701 13.0339 11.9028 11.5286 10.8999 12.0247 12.0251 11.9916 11.9289 10.6339 8.83452 7.39518 8.42448 8.20394 8.67014 7.18597 8.38535 9.35088 9.65895 8.98953 8.492 9.99517 10.2368 10.382 10.4742 10.5341 10.5163 10.5296 10.5187 10.5123 10.5053 10.4899 10.4792 10.4625 10.445 10.4233 10.4044 10.3811 10.351 10.3428 10.2975 10.2764 10.2499
-9999 -9999 -9999 -9999 -9999 -9999 -9999 5.30042 8.44656 11.2632 12.8303 13.8153 14.2942 14.2834 14.0145 13.7049 13.2602 12.458 11.4504 9.85968 8.67708 9.41906 10.3241 10.4107 11.0096 12.761 13.3541 12.4947 10.3713 11.6022 12.9833 12.9563 12.8342 12.6985 12.5262 12.371 12.0345 11.1375 8.3945 7.8518 6.77325 6.89124 6.33506 7.53052 7.06505 8.29544 8.82457 9.01987 7.86884 8.09506 9.42809 9.95537 9.86282 10.1858 10.4947 10.5023 10.509 10.4989 10.5035 10.5038 10.4962 10.4785 10.4648 10.4533 10.4185 10.4115 10.3039 10.2317 10.0915 10.2516 10.2617 10.2537
-9999 -9999 -9999 -9999 -9999 -9999 -9999 4.65828 7.80659 11.1244 12.1877 13.2496 14.166 14.1816 13.7714 13.381 12.9786 12.5204 11.299 10.114 8.98193 8.59827 8.81966 8.78483 9.75909 12.0437 12.4803 12.284 10.0603 9.31025 11.1573 12.7093 12.828 12.6834 10.8486 11.2359 10.2451 8.90216 8.53041 7.94064 6.69751 7.29011 6.37765 6.76189 6.63865 7.33467 7.67061 8.4995 7.49598 7.48493 8.79338 9.45462 9.46735 10.1626 10.4087 10.4714 10.4855 10.4952 10.4961 10.5049 10.4961 10.4832 10.4665 10.4297 10.3463 10.0914 8.75663 8.75303 9.11147 9.45044 10.0633 10.2313
-9999 -9999 -9999 -9999 -9999 -9999 -9999 5.01631 7.19994 10.1435 12.3234 12.4579 13.5166 14.062 13.6159 13.1138 12.5999 12.3733 11.0444 9.58457 8.40385 7.00667 7.23065 8.22459 9.84147 11.3152 11.5733 11.2607 10.0574 10.609 11.8672 12.5336 12.7274 12.5682 12.166 11.9325 11.2019 10.8836 9.86993 8.28646 7.66045 8.05064 6.36872 6.48118 7.09636 6.4171 7.49747 8.01135 6.71779 7.71885 8.88127 9.47373 9.99161 10.2352 10.3307 10.479 10.4805 10.491 10.4957 10.4912 10.4886 10.4614 10.4381 10.2938 10.0824 8.84249 8.31252 8.40869 8.975 9.47033 9.97651 10.1867
-9999 -9999 -9999 -9999 -9999 -9999 -9999 5.38216 7.34797 9.89985 11.4532 11.7288 12.9031 13.947 13.8275 13.305 13.1438 12.602 11.4744 10.229 8.86768 8.20332 6.68166 8.16956 9.33281 10.5803 11.1606 10.1664 9.67461 10.531 11.3827 11.7205 12.5815 12.5697 12.2846 11.0663 10.4707 10.7181 10.4604 10.0112 8.9199 8.86755 8.16461 7.87066 7.59247 6.68368 7.24452 7.29562 7.4369 8.64916 9.25219 9.6509 10.0135 10.1064 10.2627 10.4667 10.4824 10.4874 10.4841 10.4854 10.4676 10.4059 10.3532 10.0666 9.5617 8.62247 7.09164 8.15549 9.26811 9.59234 9.90439 10.0693
-9999 -9999 -9999 -9999 -9999 -9999 -9999 5.03932 7.12798 9.30853 10.2185 10.3706 12.4979 13.7995 13.799 13.5498 13.2591 11.9254 12 11.7302 10.5019 8.71446 6.75145 6.93015 8.08175 9.7286 10.2706 8.64324 8.07228 8.48385 9.77418 10.9291 12.1354 12.4393 12.0809 10.1861 8.17275 9.10198 10.095 10.0861 9.79029 8.77775 8.45336 8.15905 7.41848 6.15784 6.32874 6.67009 8.04086 8.47721 9.15399 9.71566 9.49895 9.62044 10.1584 10.4661 10.4752 10.4782 10.4858 10.4761 10.4548 10.3348 10.2076 9.9961 8.68583 7.86941 6.67829 8.04248 8.79974 9.18737 9.90872 10.078
-9999 -9999 -9999 -9999 -9999 -9999 -9999 4.38419 5.89903 7.98313 8.8213 10.1603 12.1704 13.1577 13.6295 13.6162 13.4214 12.8225 12.4609 11.7514 10.474 8.72859 6.78856 5.52379 6.15939 8.36861 8.88224 7.38703 6.63104 7.56193 8.93741 10.9765 12.14 12.294 12.1851 11.7918 10.321 8.5446 8.54743 9.43347 8.68586 7.81729 8.28906 8.19688 7.46578 6.93263 6.58849 6.77757 7.55653 7.88075 8.66337 9.82058 9.98345 9.94733 10.4331 10.4548 10.4635 10.4794 10.4761 10.4689 10.4514 10.353 10.136 9.26292 8.50089 7.44197 7.30742 8.5156 9.04201 9.52712 9.8792 9.99165
-9999 -9999 -9999 -9999 -9999 -9999 -9999 3.2615 5.04448 6.99665 8.82449 10.5538 12.0418 12.1542 12.9377 12.9338 13.3428 13.2217 12.6661 12.0681 10.9672 8.72636 6.8412 4.78541 5.32139 7.57841 7.84515 6.85056 5.01738 6.90079 8.97853 10.8615 11.8791 11.0747 11.8921 11.8214 11.2683 10.2095 8.56506 8.59283 7.35942 7.30232 7.93023 8.13128 8.02189 7.62074 6.97275 7.06214 7.5292 7.64794 8.36697 9.26396 10.141 10.2858 10.4508 10.4553 10.4553 10.4664 10.4655 10.4444 10.3965 10.2937 9.56148 8.69106 8.15334 7.41444 7.32126 8.72451 9.27107 9.5712 9.87498 9.9929
-9999 -9999 -9999 -9999 -9999 -9999 -9999 -9999 4.85395 6.87088 8.36264 8.76225 10.0846 10.7973 11.3483 11.4682 13.0452 13.1293 12.7759 12.2265 11.287 9.58578 8.39897 6.42701 5.00813 5.56589 5.81502 6.32981 6.1718 7.00925 9.00568 11.0861 11.3096 9.98178 10.1744 10.4482 11.066 10.7478 8.50827 7.36881 6.4223 7.08871 7.78976 7.95639 7.98643 7.84621 7.66737 7.37468 8.31326 9.00683 9.16478 9.76939 10.2151 10.336 10.4265 10.4352 10.4443 10.4419 10.4131 10.3915 10.276 10.0205 9.20183 7.23723 7.32519 7.10924 6.49516 7.86411 8.7097 9.48483 9.8951 9.99853
-9999 -9999 -9999 -9999 -9999 -9999 -9999 -9999 4.17403 6.5082 6.99892 6.95937 6.18275 6.53624 9.40227 9.97717 11.4896 12.9215 12.8129 12.2739 11.3948 10.3801 8.81088 6.5937 4.83082 4.06416 5.94222 7.78951 8.16837 8.75699 9.97861 10.2075 8.85028 7.57755 8.28663 8.71253 10.3446 10.6399 10.3189 8.96824 7.42426 6.61651 7.56206 7.68498 7.73779 7.74474 7.70176 7.64011 8.69132 9.27546 9.67964 9.89819 10.2804 10.376 10.4047 10.4317 10.4221 10.3997 10.3362 10.2644 9.95669 9.58464 8.24567 7.12859 6.43048 5.54511 7.52775 8.1065 8.90736 9.42302 9.83104 9.91778
