Test_Spring_2018b/03_18/Temp/20180324_020.txt
ncols	170
nrows	115
xllcorner	350000.000000
yllcorner	4445000.000000
cellsize	1000.000000
nodata_value	-9999.000000
[rows 31 to 61 of 115, columns 71 to 141 of 170]
7.02325 7.21112 6.83605 6.86576 7.7394 7.93035 7.91043 7.82284 7.73253 7.30693 7.16051 6.8241 6.23623 5.98643 4.94533 1.59235 2.53365 2.89794 1.92125 2.45654 3.33165 2.55721 0.271966 -0.716247 -2.30386 -1.80823 -2.28806 -3.5673 -9999 -9999 -9999 -9999 -9999 -9999 -9999 -9999 -9999 -9999 -9999 -9999 -9999 -9999 -9999 -9999 -9999 -9999 -9999 -9999 -9999 -9999 -9999 -9999 -9999 -9999 -9999 -9999 -9999 -9999 -9999 -9999 -9999 -9999 -9999 -9999 -9999 -9999 -9999 -9999 -9999 -9999 -9999
6.83141 6.80208 6.44073 6.98156 7.47901 7.16421 6.95479 7.77446 7.76796 7.47872 6.80801 6.55799 6.29903 6.13796 5.27947 2.88197 0.720011 1.86881 1.88992 1.08487 2.51084 1.7479 -0.232163 -3.02475 -1.51654 -1.91693 -3.89289 -4.38072 -9999 -9999 -9999 -9999 -9999 -9999 -9999 -9999 -9999 -9999 -9999 -9999 -9999 -9999 -9999 -9999 -9999 -9999 -9999 -9999 -9999 -9999 -9999 -9999 -9999 -9999 -9999 -9999 -9999 -9999 -9999 -9999 -9999 -9999 -9999 -9999 -9999 -9999 -9999 -9999 -9999 -9999 -9999
6.5194 6.32712 6.16807 6.97535 6.95151 6.89358 7.18196 7.6876 7.78376 7.66706 7.37094 7.11379 6.8407 6.1574 5.1762 3.12346 0.663526 0.100817 1.29554 1.347 1.53387 0.838185 -0.0340591 -1.39515 -0.291579 0.133298 -1.16843 -2.86561 -3.96412 -9999 -9999 -9999 -9999 -9999 -9999 -9999 -9999 -9999 -9999 -9999 -9999 -9999 -9999 -9999 -9999 -9999 -9999 -9999 -9999 -9999 -9999 -9999 -9999 -9999 -9999 -9999 -9999 -9999 -9999 -9999 -9999 -9999 -9999 -9999 -9999 -9999 -9999 -9999 -9999 -9999 -9999
6.04837 5.76065 4.96444 5.44836 5.81003 6.48645 6.65488 6.75068 7.71524 7.65743 7.60609 7.18517 6.84733 6.29172 5.34713 4.00496 2.39025 -0.416634 1.3043 2.6506 2.61001 2.53003 1.91733 0.609674 1.69293 1.7382 0.0818231 -1.80858 -2.92467 -3.38948 -9999 -9999 -9999 -9999 -9999 -9999 -9999 -9999 -9999 -9999 -9999 -9999 -9999 -9999 -9999 -9999 -9999 -9999 -9999 -9999 -9999 -9999 -9999 -9999 -9999 -9999 -9999 -9999 -9999 -9999 -9999 -9999 -9999 -9999 -9999 -9999 -9999 -9999 -9999 -9999 -9999
5.39393 5.11674 4.14576 4.63276 5.2848 6.20915 6.68076 7.0406 7.32454 7.61427 7.57289 7.14217 5.88251 5.69723 5.63677 4.75677 2.91682 1.07935 0.598948 2.65602 3.24066 3.11459 3.56954 2.46112 2.9766 2.75726 2.17014 0.351089 -1.30724 -1.99743 -3.35628 -9999 -9999 -9999 -9999 -9999 -9999 -9999 -9999 -9999 -9999 -9999 -9999 -9999 -9999 -9999 -9999 -9999 -9999 -9999 -9999 -9999 -9999 -9999 -9999 -9999 -9999 -9999 -9999 -9999 -9999 -9999 -9999 -9999 -9999 -9999 -9999 -9999 -9999 -9999 -9999
-9999 -9999 -9999 3.53186 4.42346 5.1563 6.05908 6.83633 7.22303 7.59846 7.56127 6.70664 6.28534 6.24273 5.6639 4.64895 4.00975 2.85067 1.64341 2.09657 3.85014 3.06201 4.30285 4.19188 4.41542 3.57674 1.99783 -0.112876 -1.34576 -1.96359 -3.06556 -9999 -9999 -9999 -9999 -9999 -9999 -9999 -9999 -9999 -9999 -9999 -9999 -9999 -9999 -9999 -9999 -9999 -9999 -9999 -9999 -9999 -9999 -9999 -9999 -9999 -9999 -9999 -9999 -9999 -9999 -9999 -9999 -9999 -9999 -9999 -9999 -9999 -9999 -9999 -9999
-9999 -9999 -9999 -9999 4.25857 4.81476 6.02354 6.64483 6.89352 7.50296 7.49783 7.17001 6.92094 6.56248 6.09632 5.33196 4.48944 3.39901 3.29288 4.41262 4.42102 4.18052 4.35996 4.93285 4.77514 3.4859 1.25553 0.0745578 -2.31585 -3.34444 -3.24445 -3.97507 -9999 -9999 -9999 -9999 -9999 -9999 -9999 -9999 -9999 -9999 -9999 -9999 -1.25642 -9999 -9999 -9999 -9999 -9999 -9999 -9999 -9999 -9999 -9999 -9999 -9999 -9999 -9999 -9999 -9999 -9999 -9999 -9999 -9999 -5.7156 -9999 -9999 -9999 -9999 -9999
-9999 -9999 -9999 4.15362 4.90285 5.48751 6.24295 6.31113 6.75752 7.45916 7.46291 7.22842 6.96432 6.37883 6.22896 5.79114 4.87692 4.68527 5.04773 5.21183 5.39873 5.51194 5.41087 5.1717 4.86407 4.03224 2.99547 2.29815 0.112146 -0.994144 -2.0554 -3.65934 -4.91522 -9999 -9999 -9999 -9999 -9999 -9999 -9999 -2.07301 -2.13657 -2.11209 -1.76499 -0.80007 -1.37224 -9999 -9999 -9999 -9999 -9999 -9999 -9999 -9999 -9999 -9999 -9999 -9999 -9999 -9999 -9999 -9999 -9999 -9999 -9999 -4.83654 -6.10301 -9999 -9999 -9999 -9999
-9999 -9999 -9999 4.35532 5.14779 5.54056 6.2742 6.6912 6.96222 7.20115 7.42909 7.38297 7.09126 6.65108 6.64739 6.04364 5.71544 5.47962 5.97198 6.06512 5.86032 5.6049 5.37863 4.74739 4.6703 4.46614 3.80683 2.72709 1.6145 0.0141677 -2.16124 -4.29485 -6.01684 -9999 -9999 -9999 -9999 -9999 -9999 -1.88586 -1.0858 -0.607973 -1.63636 -0.764545 0.0323099 -0.0984098 -0.87399 -9999 -9999 -9999 -9999 -9999 -9999 -9999 -9999 -9999 -9999 -9999 -9999 -9999 -9999 1.1674 -0.130664 -2.74589 -4.09 -4.89936 -6.05179 -9999 -9999 -9999 -9999
-9999 -9999 -9999 4.19615 5.13335 5.76631 6.3273 6.41189 6.98678 7.23376 7.35299 7.3313 7.26796 7.18132 6.65328 6.42263 5.62839 6.37674 6.34276 6.14682 5.38648 5.05439 3.7528 3.17769 3.04987 4.13712 3.32718 1.64001 -0.468302 -2.99838 -3.16573 -4.00677 -5.54625 -9999 -9999 -9999 -9999 -9999 -9999 -1.63472 -0.77869 -0.0646014 0.0362832 -0.985483 0.433183 0.37862 -0.41911 -0.601737 0.0483865 0.377048 0.1342 0.909033 1.13428 0.779879 1.16178 -9999 -9999 -9999 -9999 1.36566 1.41124 1.44364 0.898395 -1.95829 -3.91183 -5.66692 -5.83243 -9999 -9999 -9999 -9999
-9999 -9999 -9999 4.84808 5.42318 5.71122 5.75308 6.25578 6.75738 7.06384 7.28483 7.23195 7.20642 7.17981 6.99476 6.57393 6.64239 6.6031 6.3559 4.91264 3.22922 3.95655 2.95621 0.817442 2.55298 3.50202 2.58513 0.541787 -1.82719 -2.60272 -2.57313 -3.74097 -5.24059 -9999 -9999 -9999 -3.96877 -2.74184 -2.63938 -2.2807 -1.13749 -0.268517 0.384306 0.829129 0.813333 0.340351 -0.439672 -1.28709 -0.987235 0.532561 0.902019 1.2162 1.45012 1.12122 1.29017 1.693 1.89871 1.93625 1.83486 1.80671 1.83317 1.77742 1.26796 -1.28984 -2.75638 -3.69491 -5.57397 -9999 -9999 -9999 -9999
-9999 -9999 -9999 4.48052 4.97997 5.3833 6.05771 6.12349 6.54665 6.79465 7.16702 7.20266 6.7522 7.11161 7.05744 6.98239 6.83084 6.61208 5.39265 3.71434 2.03227 1.25363 1.57848 0.291483 0.952287 1.9142 1.5603 0.30895 -1.80176 -2.10238 -2.5942 -4.55446 -6.44297 -9999 -9999 -6.35106 -3.99266 -2.33348 -1.4799 -1.21858 -1.19732 -0.101408 -0.0185281 1.16249 0.883721 -0.682505 -0.508125 -1.11966 -0.726033 -0.165886 -0.0140846 0.791163 1.55942 1.70261 1.7029 1.95817 2.00705 2.01572 2.00325 1.8213 1.89466 1.89955 1.57881 -0.275727 -1.18425 -2.18091 -5.54223 -9999 -9999 -9999 -9999
-9999 -9999 -9999 4.73817 5.2971 5.90947 6.00385 6.45564 6.40449 6.26739 6.89869 7.12539 6.80508 6.57255 6.98074 6.94527 6.88384 6.78721 5.641 4.31587 2.31268 1.06672 0.302293 -0.240526 -0.956088 -0.463198 -0.617511 -0.823581 -0.593039 -1.17411 -2.33209 -3.48198 -5.63 -6.7948 -9999 -6.2215 -5.16029 -3.18621 -1.50913 -0.446049 -0.834372 0.412364 0.640963 1.36023 0.934506 -0.0163624 -0.422962 -0.460327 -0.586023 0.255523 0.821359 1.22422 1.48967 1.81871 1.90047 1.98196 2.01321 2.0275 2.04127 2.03042 2.01658 1.97152 1.84581 0.988492 0.0845116 -1.86588 -5.42712 -9999 -9999 -9999 -9999
-9999 -9999 3.09794 4.67399 5.61498 5.97585 6.23452 6.46156 6.62399 6.79424 6.95447 7.06141 7.00553 6.16927 6.22975 6.37185 6.8359 6.79645 6.688 5.96138 3.52501 2.67944 1.45023 -0.143314 -0.806352 -0.476296 0.82531 0.764623 -0.101579 -1.06693 -2.39942 -3.24869 -4.56818 -7.09692 -6.87553 -5.74441 -4.9042 -3.56448 -1.51351 -0.076978 0.561777 0.800802 1.30447 1.56533 0.985942 0.433511 0.200373 -0.230575 -0.291583 -0.288543 0.220048 0.61998 1.50275 1.79791 1.92964 1.99567 2.02885 2.051 2.07187 2.07449 2.05017 2.04315 2.02791 1.95954 0.754729 -2.24328 -4.50937 -9999 -9999 -9999 -9999
-9999 -9999 -9999 4.38276 4.79369 4.8971 5.08194 5.46614 5.90975 6.54033 6.6157 6.96003 6.95204 6.23064 5.39843 6.11009 6.38906 6.67906 6.68263 6.58497 4.53728 3.46474 2.62004 1.09221 1.64425 2.16503 2.20275 1.88523 0.0313804 -1.81534 -3.94357 -5.93375 -6.03336 -7.10659 -6.54642 -5.80137 -3.87926 -2.52822 -1.98351 -1.59341 0.49243 1.03234 1.21817 1.75127 1.02015 0.835994 0.287317 0.450389 0.402639 0.406099 -1.11287 0.414578 0.503736 1.49509 1.9399 2.0368 2.06041 2.0849 2.0838 2.08287 2.07087 2.07288 2.05123 2.0289 1.24344 -2.5606 -4.47783 -9999 -9999 -9999 -9999
-9999 -9999 -9999 -9999 -9999 4.50537 4.81715 5.01469 5.36068 6.43298 6.71707 6.90341 6.91292 6.58748 5.7642 5.54223 5.68545 4.88279 5.54481 6.45185 6.42533 6.3115 4.51201 3.59423 4.48258 4.21044 2.85803 1.79307 0.741634 -1.4198 -3.00225 -5.28249 -6.99638 -7.06598 -5.18529 -3.6241 -1.6792 -0.824299 -1.31996 -0.794337 0.240489 1.41656 1.98434 1.84813 1.07775 0.9709 0.125286 0.956905 1.0287 0.642831 0.309321 0.445979 0.936406 1.12239 1.89698 2.08201 2.11106 2.11215 2.10952 2.09945 2.08748 2.0719 2.05615 2.03757 1.99479 -1.91524 -4.96229 -9999 -9999 -9999 -9999
-9999 -9999 -9999 -9999 -9999 3.75746 3.9452 4.44762 5.74685 6.4228 6.69226 6.67612 6.79688 6.56535 5.83988 5.09564 4.39358 3.49073 3.99885 5.35194 6.14852 6.23641 4.65879 5.47984 5.17153 4.56519 2.79716 1.4935 0.801121 -1.27397 -3.05045 -4.56881 -6.66436 -5.77527 -4.796 -3.53688 -1.41425 0.0159115 0.600473 0.100303 0.760049 2.11398 2.11926 1.37555 1.42308 0.971988 -0.183424 1.02059 1.36007 1.08804 1.15962 1.06148 1.24368 1.57543 1.89192 2.10074 2.1253 2.12346 2.1106 2.10338 2.09737 2.07499 2.06861 2.05006 2.02258 -0.503865 -5.0165 -9999 -9999 -9999 -9999
-9999 -9999 -9999 -9999 -9999 -9999 3.07165 4.22568 5.95243 6.37487 6.32907 6.68014 6.70415 6.35251 6.0464 5.14431 3.91457 1.55879 2.15257 3.39778 5.19588 6.13975 6.00945 5.48409 4.56765 2.35206 0.412771 0.175653 -0.143732 -1.6588 -3.02732 -4.71493 -3.74415 -2.68083 -1.5175 -0.90929 -1.07496 0.149645 1.1474 0.71654 1.52683 2.47368 2.04074 1.78466 1.57029 1.04888 1.01795 1.07344 1.75781 1.28609 1.57756 1.58855 1.57162 1.73231 1.91667 2.10953 2.1375 2.13277 2.12995 2.10048 2.10143 2.08289 2.06439 2.04681 2.02227 1.78696 -0.648792 -2.10565 -9999 -9999 -9999
-9999 -9999 -9999 -9999 -9999 -9999 2.00348 2.57609 4.62229 5.24837 6.14868 6.62347 6.63888 6.05003 5.71941 4.37817 3.93913 1.7595 0.770711 1.60184 1.27859 3.75645 5.94924 5.47295 1.04022 -0.56618 -1.71251 -1.42022 -1.41957 -1.84315 -4.1716 -4.81697 -2.73815 -1.43147 -0.420675 0.344404 0.499065 0.466407 2.03022 2.23414 2.74011 2.62622 2.67134 1.8777 1.38683 1.81618 1.32279 1.23933 1.94624 1.25209 1.88174 1.81118 1.62182 1.61062 2.02264 2.10334 2.14335 2.14109 2.11862 2.09111 2.07218 2.0785 2.06508 2.03494 2.02899 1.99937 1.69998 0.437668 -0.00815842 0.47082 -9999
-9999 -9999 -9999 -9999 -9999 -9999 -9999 0.664221 3.5104 4.8058 5.4841 6.44158 6.55116 6.23545 5.66752 4.30179 3.10036 1.15137 -1.07312 -2.25186 1.26321 4.32268 5.91857 5.71012 2.01997 0.56275 0.493696 1.34931 0.623676 0.0723723 -1.69744 -2.22978 -2.96877 -2.52121 -1.11004 0.042017 1.152 1.95749 2.01808 2.53968 2.83898 2.86075 2.95334 2.85885 2.78224 2.01856 2.54735 2.09998 2.3388 2.18655 2.04901 1.93369 1.4954 1.80298 2.07436 2.14161 2.15997 2.13762 2.12746 2.10922 2.07671 2.058 2.04924 2.03971 2.01879 2.01173 1.98732 1.83946 1.0773 0.059429 -1.2246
-9999 -9999 -9999 -9999 -9999 -9999 -9999 -0.758555 2.07374 3.43379 5.1881 6.08649 6.44955 6.39432 5.93297 4.89382 3.33331 2.03278 -0.449896 -3.02701 0.663257 3.95116 5.72396 5.8159 2.71835 3.57623 2.88 3.15836 1.88454 1.35367 0.934501 0.0176123 -0.985246 -2.08256 -2.66413 -0.0722172 1.25568 2.32328 2.82391 3.10505 3.24358 3.16487 2.96789 1.81261 2.69141 2.64507 2.55766 2.45763 2.40954 2.31894 2.21191 2.15197 2.12828 1.83594 2.16392 2.15348 2.15255 2.14818 2.13323 2.11022 2.08911 2.06458 2.05869 2.03962 2.02159 2.00711 1.99235 1.97594 1.92739 1.71977 -0.00213439
-9999 -9999 -9999 -9999 -9999 -9999 -9999 -4.74493 -0.621574 2.68805 4.41525 5.82214 6.20317 6.34135 5.72483 5.26231 4.14211 3.08143 1.44856 -0.99424 -2.4995 0.263865 4.28049 5.76087 5.64743 5.55294 4.74799 4.0222 3.92843 3.98007 3.13621 1.90492 0.296647 -0.206163 -0.774137 1.15496 1.41137 1.26406 3.38624 3.38607 3.26075 2.443 1.53119 1.7024 1.13791 1.57021 0.897328 1.5156 2.05009 2.24964 2.2328 2.16501 2.15704 2.12224 2.17784 2.17204 2.15739 2.14442 2.13433 2.11983 2.08842 2.06766 2.06992 2.04744 2.02854 2.00784 1.99554 1.98396 1.94626 1.91135 1.64063
-9999 -9999 -9999 -9999 -9999 -9999 -9999 -4.56759 -1.10157 1.83857 3.60264 5.29516 5.6829 6.24976 6.11966 5.63565 4.66124 3.4457 2.10093 0.00452265 -1.5543 0.291334 2.95919 4.86748 5.55487 5.54624 5.49804 5.31402 5.23606 5.02174 4.86955 3.98528 2.46934 1.60793 0.349447 2.5002 2.7362 2.393 3.46386 3.40482 1.77265 0.517355 0.358321 1.1226 0.394933 0.267112 -0.185498 0.324802 1.69352 1.296 1.374 1.9978 2.09755 2.1628 2.17611 2.16687 2.15848 2.14211 2.13758 2.1328 2.10203 2.0843 2.07229 2.04229 2.03277 2.01026 1.98761 1.9674 1.94401 1.91165 1.82966
-9999 -9999 -9999 -9999 -9999 -9999 -9999 -4.4969 -2.16644 0.478881 3.07835 4.88641 5.61197 6.13854 6.12663 5.56516 5.07791 4.3139 3.13018 2.31706 0.909278 -1.02079 2.20511 3.19545 4.08155 4.45046 5.36945 5.34444 4.9195 4.4268 4.87782 4.74415 3.54023 3.14061 2.46927 3.66299 3.65995 3.62095 3.55122 2.17111 0.25524 -1.2764 -0.180167 -0.412518 0.0940259 -1.47007 -0.181445 0.853193 1.18824 0.483261 -0.0403649 1.57692 1.8455 2.00072 2.09823 2.16029 2.1388 2.14965 2.13426 2.12348 2.11213 2.09211 2.07755 2.05737 2.03689 2.01832 1.99736 1.97246 1.94526 1.93692 1.88703
-9999 -9999 -9999 -9999 -9999 -9999 -9999 -9999 -3.54563 -0.186748 2.80807 4.47273 5.51734 6.02311 6.00779 5.71786 5.38518 4.90929 4.05379 2.9808 1.28847 0.0314043 0.823133 1.7937 1.90546 2.54828 4.41743 5.05403 4.14465 1.90211 3.22621 4.69665 4.6677 4.53651 4.39018 4.20248 4.03445 3.67363 2.7167 -0.203712 -0.779709 -1.92704 -1.80014 -2.38943 -1.10549 -1.58532 -0.270225 0.298953 0.512891 -0.705997 -0.444505 0.988279 1.55101 1.4531 1.79616 2.12144 2.12724 2.13138 2.11721 2.11864 2.11549 2.10415 2.08528 2.06867 2.05499 2.02398 2.01557 1.90091 1.8241 1.6748 1.84488
-9999 -9999 -9999 -9999 -9999 -9999 -9999 -9999 -4.20957 -0.861081 2.66707 3.7959 4.92269 5.89438 5.90758 5.4678 5.04944 4.61889 4.12973 2.82931 1.56846 0.364845 -0.0415919 0.19653 0.183794 1.22512 3.66079 4.12986 3.92516 1.58937 0.793082 2.75911 4.41037 4.53563 4.38015 2.42583 2.83564 1.77915 0.348404 -0.048477 -0.676601 -1.99904 -1.36733 -2.33609 -1.92428 -2.03105 -1.28552 -0.922927 -0.0358942 -1.09884 -1.09004 0.317118 1.02201 1.0359 1.77506 2.03555 2.10017 2.11261 2.11997 2.11794 2.1244 2.11237 2.09631 2.07676 2.03621 1.94655 1.68278 0.261 0.256778 0.63769 0.997689
-9999 -9999 -9999 -9999 -9999 -9999 -9999 -9999 -3.82164 -1.49964 1.63042 3.94748 4.08775 5.21131 5.78856 5.31101 4.77416 4.22522 3.98256 2.56772 1.01433 -0.24132 -1.72657 -1.48623 -0.426116 1.32024 2.89229 3.17067 2.8416 1.59246 2.18094 3.5204 4.2293 4.4348 4.26409 3.83451 3.58419 2.80506 2.46485 1.38521 -0.300093 -0.96595 -0.549803 -2.33764 -2.21554 -1.55789 -2.25478 -1.10104 -0.55011 -1.92256 -0.823326 0.415285 1.04664 1.59785 1.85642 1.95672 2.11265 2.11206 2.12062 2.12297 2.11561 2.11051 2.07946 2.0529 1.8981 1.67213 0.352266 -0.204927 -0.103293 0.498499 1.02457
-9999 -9999 -9999 -9999 -9999 -9999 -9999 -9999 -3.42514 -1.33496 1.3784 3.02891 3.31964 4.5664 5.67447 5.54466 4.98644 4.81294 4.23497 3.03435 1.70894 0.260897 -0.444994 -2.0625 -0.477347 0.786509 2.11713 2.73777 1.7131 1.19179 2.10427 3.01113 3.37056 4.2861 4.27258 3.96786 2.6701 2.03495 2.29695 2.02183 1.5435 0.382517 0.327581 -0.418952 -0.729743 -1.02325 -1.96404 -1.36391 -1.30619 -1.13783 0.17206 0.815051 1.23998 1.62587 1.72409 1.88921 2.10455 2.11922 2.1223 2.11641 2.11557 2.09442 2.02688 1.96916 1.66295 1.12468 0.124609 -1.49709 -0.366055 0.816782 1.1664
-9999 -9999 -9999 -9999 -9999 -9999 -9999 -9999 -3.78254 -1.56167 0.756633 1.72275 1.88228 4.14333 5.52575 5.52285 5.25556 4.94438 3.52396 3.60243 3.31489 2.00821 0.107 -1.98048 -1.78875 -0.545035 1.21785 1.79728 0.0995934 -0.506221 -0.0671245 1.30642 2.53532 3.8185 4.14099 3.75861 1.74133 -0.402051 0.585615 1.64142 1.63159 1.31688 0.240088 -0.103988 -0.415564 -1.20154 -2.52903 -2.33186 -1.96597 -0.470853 -0.00503603 0.716103 1.31421 1.08354 1.21218 1.78349 2.10929 2.11714 2.11831 2.12436 2.11189 2.08725 1.95777 1.82093 1.5946 0.199444 -0.670025 -1.93939 -0.479344 0.325261 0.7576
-9999 -9999 -9999 -9999 -9999 -9999 -9999 -9999 -4.47214 -2.86183 -0.646087 0.243743 1.66624 3.80276 4.85096 5.35076 5.33457 5.12557 4.48692 4.10122 3.3458 1.98666 0.129947 -1.93336 -3.27781 -2.59994 -0.222157 0.343389 -1.22978 -2.0326 -1.041 0.423183 2.59292 3.8307 3.99402 3.87724 3.45776 1.89178 0.000777021 0.00305892 0.945389 0.149866 -0.773939 -0.27117 -0.368034 -1.14432 -1.70969 -2.0489 -1.82939 -0.979724 -0.633539 0.199977 1.43159 1.60472 1.56567 2.08151 2.10316 2.11078 2.12575 2.12037 2.11077 2.09028 1.98385 1.75148 0.821284 0.00947821 -1.11801 -1.26179 0.0313228 0.596392 1.12667
-9999 -9999 -9999 -9999 -9999 -9999 -9999 -9999 -5.65922 -3.76361 -1.68818 0.254759 2.09267 3.67378 3.79124 4.62277 4.61672 5.05018 4.91986 4.32769 3.69079 2.51919 0.135228 -1.86988 -4.05615 -3.48448 -1.06477 -0.736873 -1.79329 -3.74227 -1.73715 0.474315 2.47807 3.5608 2.70447 3.57341 3.49733 2.90789 1.78049 0.0300029 0.0590415 -1.25352 -1.31411 -0.645451 -0.430582 -0.545676 -0.970918 -1.64715 -1.51976 -1.00225 -0.874886 -0.10918 0.84546 1.77849 1.93196 2.10652 2.10991 2.10839 2.11842 2.11562 2.09134 2.0386 1.92757 1.14704 0.219699 -0.353406 -1.14034 -1.24004 0.250543 0.84778 1.18142
