Test_Spring_2018b/03_18/Temp/20180302_001.txt
ncols	170
nrows	115
xllcorner	350000.000000
yllcorner	4445000.000000
cellsize	1000.000000
nodata_value	-9999.000000
[rows 31 to 61 of 115, columns 71 to 141 of 170]
8.59152 8.80532 8.35287 8.37946 9.40795 9.62288 9.5906 9.4836 9.36731 8.85396 8.67085 8.26275 7.55697 7.25132 6.00922 2.03103 3.13557 3.55744 2.39243 3.01719 4.04438 3.11942 0.406489 -0.771235 -2.65833 -2.08407 -2.66334 -4.18568 -9999 -9999 -9999 -9999 -9999 -9999 -9999 -9999 -9999 -9999 -9999 -9999 -9999 -9999 -9999 -9999 -9999 -9999 -9999 -9999 -9999 -9999 -9999 -9999 -9999 -9999 -9999 -9999 -9999 -9999 -9999 -9999 -9999 -9999 -9999 -9999 -9999 -9999 -9999 -9999 -9999 -9999 -9999
8.37354 8.32999 7.89352 8.52481 9.10471 8.724 8.46857 9.43424 9.41722 9.06541 8.26196 7.95633 7.64004 7.4396 6.41376 3.56649 0.998121 2.34837 2.36407 1.40214 3.08088 2.16905 -0.18322 -3.49709 -1.72068 -2.2032 -4.55826 -5.15071 -9999 -9999 -9999 -9999 -9999 -9999 -9999 -9999 -9999 -9999 -9999 -9999 -9999 -9999 -9999 -9999 -9999 -9999 -9999 -9999 -9999 -9999 -9999 -9999 -9999 -9999 -9999 -9999 -9999 -9999 -9999 -9999 -9999 -9999 -9999 -9999 -9999 -9999 -9999 -9999 -9999 -9999 -9999
8.01342 7.77673 7.57945 8.52589 8.48868 8.41372 8.74523 9.33951 9.44409 9.29664 8.93673 8.62286 8.29006 7.4717 6.30074 3.86156 0.940465 0.264889 1.66939 1.72084 1.93261 1.09989 0.0582531 -1.56192 -0.265003 0.228658 -1.32616 -3.35372 -4.6588 -9999 -9999 -9999 -9999 -9999 -9999 -9999 -9999 -9999 -9999 -9999 -9999 -9999 -9999 -9999 -9999 -9999 -9999 -9999 -9999 -9999 -9999 -9999 -9999 -9999 -9999 -9999 -9999 -9999 -9999 -9999 -9999 -9999 -9999 -9999 -9999 -9999 -9999 -9999 -9999 -9999 -9999
7.46506 7.11517 6.16355 6.72711 7.14605 7.94033 8.1345 8.23879 9.37127 9.29368 9.22368 8.7162 8.30696 7.63989 6.51237 4.91421 2.99343 -0.338423 1.68861 3.27222 3.21435 3.10986 2.37487 0.817387 2.0897 2.13352 0.151962 -2.09355 -3.42505 -3.98575 -9999 -9999 -9999 -9999 -9999 -9999 -9999 -9999 -9999 -9999 -9999 -9999 -9999 -9999 -9999 -9999 -9999 -9999 -9999 -9999 -9999 -9999 -9999 -9999 -9999 -9999 -9999 -9999 -9999 -9999 -9999 -9999 -9999 -9999 -9999 -9999 -9999 -9999 -9999 -9999 -9999
6.69955 6.36189 5.2032 5.77025 6.53276 7.61803 8.1741 8.59008 8.91716 9.25109 9.19309 8.67424 7.17419 6.9456 6.86459 5.81347 3.62602 1.44134 0.862702 3.28718 3.96887 3.80933 4.33743 3.01519 3.61494 3.34502 2.63259 0.469332 -1.5071 -2.33498 -3.95422 -9999 -9999 -9999 -9999 -9999 -9999 -9999 -9999 -9999 -9999 -9999 -9999 -9999 -9999 -9999 -9999 -9999 -9999 -9999 -9999 -9999 -9999 -9999 -9999 -9999 -9999 -9999 -9999 -9999 -9999 -9999 -9999 -9999 -9999 -9999 -9999 -9999 -9999 -9999 -9999
-9999 -9999 -9999 4.47557 5.52159 6.38543 7.44597 8.35639 8.80525 9.24083 9.18804 8.16771 7.66014 7.6006 6.90619 5.69537 4.92899 3.54705 2.10785 2.63363 4.69836 3.75472 5.21242 5.07014 5.32378 4.32029 2.439 -0.0756925 -1.54895 -2.2916 -3.60716 -9999 -9999 -9999 -9999 -9999 -9999 -9999 -9999 -9999 -9999 -9999 -9999 -9999 -9999 -9999 -9999 -9999 -9999 -9999 -9999 -9999 -9999 -9999 -9999 -9999 -9999 -9999 -9999 -9999 -9999 -9999 -9999 -9999 -9999 -9999 -9999 -9999 -9999 -9999 -9999
-9999 -9999 -9999 -9999 5.33413 5.98889 7.41049 8.13764 8.42336 9.13614 9.12158 8.72505 8.42158 7.98842 7.42749 6.5133 5.50621 4.20535 4.0691 5.38343 5.38218 5.08617 5.28707 5.95359 5.75543 4.21089 1.56493 0.155172 -2.69332 -3.92251 -3.81584 -4.69211 -9999 -9999 -9999 -9999 -9999 -9999 -9999 -9999 -9999 -9999 -9999 -9999 -1.63311 -9999 -9999 -9999 -9999 -9999 -9999 -9999 -9999 -9999 -9999 -9999 -9999 -9999 -9999 -9999 -9999 -9999 -9999 -9999 -9999 -7.20981 -9999 -9999 -9999 -9999 -9999
-9999 -9999 -9999 5.22724 6.1098 6.79249 7.67766 7.75023 8.27027 9.09248 9.08874 8.80299 8.48202 7.7804 7.59398 7.06633 5.97432 5.73703 6.15509 6.33797 6.54751 6.66958 6.5379 6.2427 5.86649 4.86838 3.62864 2.7908 0.186366 -1.13743 -2.40545 -4.31558 -5.81361 -9999 -9999 -9999 -9999 -9999 -9999 -9999 -2.5439 -2.63199 -2.61627 -2.21913 -1.09118 -1.78282 -9999 -9999 -9999 -9999 -9999 -9999 -9999 -9999 -9999 -9999 -9999 -9999 -9999 -9999 -9999 -9999 -9999 -9999 -9999 -6.16914 -7.68048 -9999 -9999 -9999 -9999
-9999 -9999 -9999 5.4783 6.40659 6.86223 7.72175 8.20689 8.52015 8.79503 9.05701 8.99455 8.64124 8.11187 8.09865 7.37468 6.97623 6.68648 7.258 7.35649 7.10193 6.78716 6.50669 5.74684 5.64286 5.38678 4.59321 3.30223 1.9726 0.0592858 -2.52767 -5.0649 -7.11472 -9999 -9999 -9999 -9999 -9999 -9999 -2.30705 -1.37265 -0.820064 -2.05063 -1.03267 -0.103905 -0.273411 -1.21238 -9999 -9999 -9999 -9999 -9999 -9999 -9999 -9999 -9999 -9999 -9999 -9999 -9999 -9999 0.984396 -0.563493 -3.67043 -5.27313 -6.24318 -7.61955 -9999 -9999 -9999 -9999
-9999 -9999 -9999 5.29633 6.39591 7.13593 7.79129 7.88327 8.55659 8.84124 8.97495 8.9418 8.85913 8.7485 8.1149 7.83261 6.88255 7.75746 7.70574 7.46169 6.54913 6.14305 4.58926 3.89521 3.72925 5.00209 4.02966 2.01923 -0.489365 -3.49866 -3.71361 -4.72116 -6.55506 -9999 -9999 -9999 -9999 -9999 -9999 -2.0066 -1.00598 -0.173845 -0.0680133 -1.29146 0.37293 0.287987 -0.672382 -0.905029 -0.152228 0.220092 -0.0910655 0.807328 1.05874 0.62462 1.06254 -9999 -9999 -9999 -9999 1.24148 1.28406 1.31111 0.654465 -2.73805 -5.06192 -7.15121 -7.3667 -9999 -9999 -9999 -9999
-9999 -9999 -9999 6.07384 6.74487 7.07677 7.1179 7.70502 8.29212 8.64738 8.90124 8.83153 8.79396 8.75468 8.52725 8.01999 8.09098 8.03355 7.7292 6.0085 4.00298 4.8503 3.65311 1.11358 3.14631 4.25496 3.15538 0.722855 -2.09471 -3.02769 -3.00942 -4.40391 -6.1944 -9999 -9999 -9999 -4.73354 -3.29268 -3.18304 -2.7706 -1.43016 -0.414881 0.347142 0.859224 0.827285 0.245033 -0.694909 -1.71495 -1.37732 0.404161 0.824309 1.17042 1.43172 1.02751 1.2096 1.67311 1.90393 1.93626 1.80459 1.75993 1.78007 1.70297 1.08877 -1.94658 -3.69389 -4.81667 -7.06148 -9999 -9999 -9999 -9999
-9999 -9999 -9999 5.64905 6.23066 6.69907 7.48374 7.55393 8.04763 8.33531 8.76886 8.80437 8.26428 8.68223 8.60998 8.51212 8.32273 8.05275 6.59744 4.59817 2.59376 1.6581 2.03331 0.495576 1.25641 2.37987 1.94621 0.445208 -2.06693 -2.43618 -3.0328 -5.36809 -7.61476 -9999 -9999 -7.53871 -4.75824 -2.80559 -1.8068 -1.50953 -1.49701 -0.213269 -0.129223 1.25382 0.909924 -0.965919 -0.776618 -1.51544 -1.06748 -0.428405 -0.266031 0.664023 1.55606 1.7108 1.69715 1.98601 2.03131 2.02963 2.00343 1.77699 1.85293 1.84785 1.45723 -0.748981 -1.83589 -3.03333 -7.02581 -9999 -9999 -9999 -9999
-9999 -9999 -9999 5.9582 6.61023 7.32612 7.42953 7.95655 7.88513 7.71749 8.4585 8.7199 8.33427 8.05197 8.52722 8.47636 8.39365 8.26811 6.89922 5.3176 2.93267 1.44338 0.528297 -0.129168 -1.00285 -0.43521 -0.633173 -0.891892 -0.63329 -1.33526 -2.72037 -4.09359 -6.64993 -8.03946 -9999 -7.38201 -6.13656 -3.81096 -1.83735 -0.591056 -1.06332 0.398805 0.655082 1.49274 0.97291 -0.174839 -0.68003 -0.742221 -0.90896 0.0692436 0.722372 1.17603 1.47421 1.84745 1.93013 2.01335 2.03788 2.04304 2.04814 2.02449 1.99751 1.93356 1.774 0.748212 -0.338095 -2.65887 -6.88801 -9999 -9999 -9999 -9999
-9999 -9999 4.03243 5.88646 6.99077 7.40911 7.70715 7.96837 8.15366 8.34969 8.53047 8.65119 8.57821 7.58169 7.64565 7.80511 8.34437 8.28643 8.14558 7.27201 4.37399 3.36195 1.88721 -0.0148434 -0.821419 -0.44707 1.07762 0.990536 -0.0492659 -1.20572 -2.79733 -3.81543 -5.3887 -8.39429 -8.1426 -6.81403 -5.82987 -4.25481 -1.8385 -0.150105 0.593229 0.862549 1.44545 1.73879 1.03059 0.354147 0.0598007 -0.468829 -0.559594 -0.57436 0.00958791 0.460147 1.48905 1.82307 1.96404 2.02898 2.05594 2.07061 2.08436 2.07693 2.03781 2.01914 1.99051 1.89486 0.456947 -3.11128 -5.80804 -9999 -9999 -9999 -9999
-9999 -9999 -9999 5.5456 6.02264 6.13638 6.34717 6.79458 7.31286 8.05395 8.13699 8.53837 8.52129 7.66042 6.66803 7.50172 7.82197 8.15388 8.14547 8.01607 5.57749 4.29233 3.27633 1.45156 2.08279 2.68238 2.71075 2.31932 0.110286 -2.08952 -4.62296 -6.99079 -7.12025 -8.40181 -7.75021 -6.87829 -4.61336 -3.02466 -2.39091 -1.94094 0.515089 1.14142 1.34234 1.95674 1.07398 0.833093 0.164726 0.338602 0.263006 0.248254 -1.56796 0.217001 0.306257 1.46428 1.97636 2.07747 2.09324 2.11087 2.09886 2.08747 2.06317 2.05538 2.01673 1.97377 1.031 -3.48493 -5.76901 -9999 -9999 -9999 -9999
-9999 -9999 -9999 -9999 -9999 5.6764 6.03754 6.26413 6.667 7.93101 8.26122 8.47573 8.48069 8.08866 7.10603 6.83481 6.99441 6.03308 6.80271 7.86325 7.81664 7.66586 5.51946 4.41151 5.44539 5.10614 3.48887 2.21251 0.952952 -1.6195 -3.507 -6.21811 -8.25809 -8.35125 -6.13563 -4.29847 -2.00631 -1.00464 -1.60208 -0.991647 0.218927 1.5963 2.25251 2.0744 1.14477 0.995094 -0.0251751 0.939522 1.005 0.529093 0.11562 0.254464 0.818511 1.02328 1.92578 2.1316 2.15363 2.14375 2.13012 2.1081 2.084 2.05168 2.02098 1.98628 1.92232 -2.71927 -6.34076 -9999 -9999 -9999 -9999
-9999 -9999 -9999 -9999 -9999 4.79455 5.00891 5.59637 7.12749 7.92242 8.23531 8.21017 8.34682 8.06596 7.19967 6.31001 5.46921 4.38926 4.9778 6.56504 7.49247 7.58027 5.69625 6.64617 6.26349 5.52844 3.41906 1.86 1.02527 -1.44508 -3.56223 -5.3716 -7.86321 -6.8216 -5.67273 -4.19232 -1.69002 -0.00736054 0.673401 0.0694868 0.836957 2.42468 2.41491 1.51752 1.55564 0.998326 -0.388919 1.01624 1.39829 1.05689 1.12269 0.98366 1.18286 1.56017 1.92055 2.15462 2.17166 2.15832 2.1327 2.11418 2.09556 2.05762 2.03792 2.0031 1.95707 -1.04719 -6.40346 -9999 -9999 -9999 -9999
-9999 -9999 -9999 -9999 -9999 -9999 3.97804 5.33667 7.37368 7.86849 7.80813 8.21749 8.23952 7.8164 7.44638 6.36997 4.90458 2.10501 2.79492 4.25447 6.36724 7.46809 7.297 6.65332 5.55081 2.91106 0.598898 0.302095 -0.091226 -1.89879 -3.53308 -5.54274 -4.40513 -3.15726 -1.79046 -1.08038 -1.28622 0.153132 1.32315 0.801099 1.74666 2.85245 2.32388 2.00345 1.73143 1.09079 1.03429 1.08 1.87018 1.2924 1.61844 1.60862 1.57223 1.74716 1.95125 2.16654 2.18771 2.17107 2.15736 2.11213 2.1024 2.06893 2.03477 2.00095 1.95823 1.66549 -1.23279 -2.97188 -9999 -9999 -9999
-9999 -9999 -9999 -9999 -9999 -9999 2.71652 3.38686 5.80179 6.53742 7.59659 8.15214 8.16375 7.4597 7.05986 5.46424 4.93465 2.34373 1.1603 2.12984 1.73196 4.64846 7.22699 6.64142 1.37729 -0.541364 -1.91493 -1.58509 -1.59958 -2.11526 -4.88569 -5.66177 -3.21272 -1.6768 -0.490553 0.405165 0.578188 0.529517 2.36954 2.59846 3.18375 3.03401 3.07118 2.11447 1.51518 1.99981 1.39604 1.27738 2.09435 1.25346 1.97992 1.8737 1.63338 1.60504 2.07871 2.16136 2.19684 2.18253 2.1458 2.10284 2.06943 2.06526 2.03696 1.98815 1.96729 1.91788 1.54804 0.0391591 -0.503345 0.04887 -9999
-9999 -9999 -9999 -9999 -9999 -9999 -9999 1.12632 4.48779 6.01533 6.8114 7.93789 8.06065 7.67947 6.99917 5.37377 3.94177 1.62383 -1.02142 -2.4315 1.71368 5.31877 7.19109 6.92262 2.53765 0.795799 0.697451 1.69419 0.820232 0.153481 -1.95576 -2.59804 -3.48405 -2.96501 -1.30435 0.0477233 1.35178 2.29495 2.35567 2.96097 3.30078 3.31157 3.40494 3.27579 3.16692 2.23967 2.84594 2.29686 2.5601 2.3609 2.17967 2.02059 1.48591 1.83506 2.14245 2.20927 2.21681 2.18008 2.15779 2.12566 2.07615 2.04198 2.01906 1.9945 1.95584 1.93309 1.88871 1.69889 0.782048 -0.437235 -1.97122
-9999 -9999 -9999 -9999 -9999 -9999 -9999 -0.555604 2.7891 4.39282 6.46199 7.52166 7.94024 7.86704 7.3126 6.07351 4.21641 2.66592 -0.284826 -3.34842 1.00319 4.87835 6.96041 7.05278 3.36443 4.363 3.52267 3.83644 2.31388 1.67146 1.16077 0.0633563 -1.13501 -2.44343 -3.1451 -0.0871721 1.47455 2.72769 3.30901 3.62956 3.78018 3.67182 3.42127 2.03682 3.05898 2.98096 2.85833 2.72078 2.6449 2.5191 2.37442 2.28103 2.23736 1.87674 2.24886 2.22134 2.20952 2.19389 2.16573 2.12774 2.09152 2.05061 2.03069 1.99456 1.95928 1.92775 1.89488 1.86073 1.78863 1.5285 -0.523544
-9999 -9999 -9999 -9999 -9999 -9999 -9999 -5.27186 -0.399493 3.5165 5.55248 7.20499 7.64802 7.80333 7.0649 6.50804 5.17191 3.90526 1.96038 -0.944067 -2.73976 0.5135 5.25161 6.98715 6.83091 6.70274 5.73411 4.85974 4.73407 4.78125 3.76789 2.30027 0.384929 -0.225794 -0.9082 1.36494 1.65817 1.4731 3.97336 3.96078 3.79903 2.81668 1.72079 1.90668 1.21933 1.70812 0.893076 1.60621 2.2204 2.43855 2.40113 2.29858 2.26994 2.21494 2.2629 2.24462 2.21637 2.19032 2.16766 2.13948 2.09083 2.05421 2.04419 2.00358 1.96719 1.9283 1.89849 1.87022 1.81116 1.75563 1.42137
-9999 -9999 -9999 -9999 -9999 -9999 -9999 -5.05426 -0.95893 2.51222 4.58598 6.58085 7.03135 7.69358 7.5305 6.94791 5.78416 4.33417 2.73035 0.236052 -1.62276 0.547158 3.68632 5.92924 6.7207 6.69466 6.62211 6.3893 6.28559 6.01783 5.82274 4.76358 2.95145 1.92107 0.421076 2.95619 3.22491 2.80766 4.06336 3.98093 2.03568 0.535529 0.331953 1.21852 0.340101 0.16596 -0.388992 0.196964 1.79911 1.30671 1.38216 2.09811 2.20165 2.25838 2.26193 2.23942 2.21834 2.18799 2.1716 2.15466 2.10654 2.07331 2.04629 1.99743 1.97126 1.93024 1.8882 1.85029 1.80837 1.75609 1.64542
-9999 -9999 -9999 -9999 -9999 -9999 -9999 -4.96334 -2.2178 0.904054 3.9654 6.09653 6.94638 7.56048 7.53689 6.86233 6.27498 5.35932 3.94617 2.97088 1.29111 -1.00739 2.79604 3.94901 4.97593 5.4008 6.47295 6.4282 5.91064 5.31267 5.83326 5.65504 4.21851 3.73439 2.92896 4.33099 4.31642 4.25888 4.16437 2.51822 0.237162 -1.58997 -0.30766 -0.598507 -0.0179594 -1.8916 -0.388164 0.818425 1.1973 0.345836 -0.290246 1.60151 1.89655 2.06726 2.17037 2.23205 2.19521 2.19679 2.16726 2.14293 2.11756 2.08146 2.05134 2.01409 1.97609 1.93851 1.89872 1.85492 1.80522 1.78133 1.71004
-9999 -9999 -9999 -9999 -9999 -9999 -9999 -9999 -3.84291 0.115276 3.6503 5.61099 6.83773 7.42657 7.39839 7.04482 6.64017 6.06549 5.0409 3.75833 1.74215 0.240615 1.16351 2.2929 2.40307 3.14859 5.34572 6.08439 4.99375 2.32366 3.86869 5.59667 5.55058 5.38391 5.19954 4.96764 4.75742 4.31868 3.17389 -0.295414 -0.992518 -2.36494 -2.22996 -2.94327 -1.44327 -2.03363 -0.494514 0.161856 0.398039 -1.06119 -0.775907 0.894658 1.5469 1.41797 1.8116 2.18598 2.18118 2.17452 2.14615 2.13602 2.12014 2.09419 2.05699 2.02374 1.99359 1.94063 1.91583 1.76579 1.66076 1.47025 1.65816
-9999 -9999 -9999 -9999 -9999 -9999 -9999 -9999 -4.63551 -0.682349 3.48349 4.80959 6.13321 7.27311 7.27836 6.74716 6.2409 5.71976 5.12874 3.57704 2.07168 0.633609 0.138671 0.406312 0.363907 1.58149 4.4495 4.99021 4.73382 1.9435 0.987963 3.30232 5.2446 5.38111 5.18554 2.86097 3.3343 2.07186 0.365993 -0.116811 -0.873933 -2.45345 -1.72073 -2.88279 -2.41129 -2.56336 -1.69771 -1.28521 -0.251779 -1.52589 -1.53967 0.0998616 0.92042 0.923766 1.78604 2.08217 2.14673 2.1496 2.14639 2.13186 2.12707 2.10002 2.06782 2.03113 1.9693 1.84912 1.52014 -0.176843 -0.195761 0.241442 0.654274
-9999 -9999 -9999 -9999 -9999 -9999 -9999 -9999 -4.17543 -1.43757 2.2567 4.98874 5.14436 6.46365 7.13616 6.55999 5.91329 5.25191 4.95259 3.26551 1.41402 -0.0854547 -1.85701 -1.58649 -0.345887 1.69285 3.53903 3.8543 3.45091 1.94589 2.62921 4.20182 5.0285 5.25967 5.04572 4.52541 4.21713 3.2827 2.86736 1.57642 -0.431884 -1.23413 -0.756272 -2.88739 -2.75834 -1.99572 -2.84665 -1.49722 -0.861048 -2.501 -1.2366 0.215133 0.948704 1.58793 1.88125 1.98756 2.15992 2.14711 2.14508 2.13552 2.11421 2.0953 2.04535 2.00041 1.80346 1.52209 -0.0540618 -0.730406 -0.62387 0.074886 0.684349
-9999 -9999 -9999 -9999 -9999 -9999 -9999 -9999 -3.70513 -1.24204 1.95864 3.90139 4.23473 5.69949 6.99993 6.83507 6.16291 5.94574 5.24952 3.816 2.23443 0.507379 -0.34158 -2.26972 -0.407498 1.05982 2.6205 3.34104 2.10076 1.47011 2.5368 3.59722 4.01003 5.08127 5.05304 4.68019 3.13193 2.36769 2.66499 2.32621 1.7465 0.358407 0.278981 -0.619352 -1.00226 -1.36494 -2.50453 -1.80982 -1.75693 -1.58571 -0.0599698 0.686927 1.1762 1.61968 1.72306 1.9059 2.14834 2.15336 2.14462 2.12513 2.11144 2.07346 1.98033 1.89857 1.5225 0.87163 -0.325909 -2.26224 -0.937241 0.449286 0.841377
-9999 -9999 -9999 -9999 -9999 -9999 -9999 -9999 -4.12701 -1.50964 1.22309 2.35545 2.53314 5.19803 6.8229 6.80801 6.47998 6.09974 4.40639 4.48674 4.1336 2.57396 0.310402 -2.17383 -1.96067 -0.51015 1.55493 2.22681 0.189343 -0.541383 -0.0350939 1.57747 3.01909 4.52517 4.89435 4.42931 2.02923 -0.520243 0.635828 1.87226 1.84714 1.46084 0.172238 -0.249458 -0.632948 -1.57812 -3.16966 -2.95718 -2.53919 -0.80828 -0.271374 0.56809 1.26231 0.975977 1.11521 1.77861 2.1516 2.14834 2.13716 2.13168 2.10413 2.06199 1.89556 1.7202 1.43875 -0.226209 -1.26909 -2.78473 -1.07411 -0.135231 0.34373
-9999 -9999 -9999 -9999 -9999 -9999 -9999 -9999 -4.94198 -3.04763 -0.436665 0.605036 2.27718 4.79438 6.02341 6.60327 6.57227 6.31287 5.54471 5.07568 4.16881 2.54714 0.336316 -2.11923 -3.72414 -2.93564 -0.150729 0.493581 -1.38592 -2.34991 -1.18987 0.529751 3.08467 4.53675 4.71729 4.56638 4.05718 2.19097 -0.0600679 -0.0705069 1.03141 0.0762127 -1.03109 -0.450219 -0.579285 -1.51268 -2.19657 -2.62425 -2.39281 -1.41272 -1.0173 -0.0448071 1.39916 1.59065 1.53127 2.12885 2.14168 2.13798 2.143 2.12389 2.09967 2.06243 1.9233 1.63494 0.520482 -0.454002 -1.80223 -1.98624 -0.47285 0.17371 0.776747
-9999 -9999 -9999 -9999 -9999 -9999 -9999 -9999 -6.34565 -4.11402 -1.66951 0.618264 2.78176 4.64131 4.76853 5.74082 5.72166 6.22253 6.05596 5.34254 4.57595 3.17627 0.341444 -2.0452 -4.64645 -3.98365 -1.1412 -0.790313 -2.05479 -4.37549 -2.01609 0.587748 2.94597 4.2143 3.18778 4.20333 4.10043 3.38993 2.04264 -0.0422408 -0.0211334 -1.58809 -1.67352 -0.896065 -0.655926 -0.806514 -1.32433 -2.14426 -2.02859 -1.44165 -1.30519 -0.412975 0.703104 1.79385 1.9622 2.15569 2.14677 2.13212 2.13119 2.11507 2.07345 1.99805 1.8535 0.9164 -0.194629 -0.886577 -1.83175 -1.96365 -0.212092 0.467619 0.837499
