Test_Spring_2018b/03_18/Temp/20180321_007.txt
ncols	170
nrows	115
xllcorner	350000.000000
yllcorner	4445000.000000
cellsize	1000.000000
nodata_value	-9999.000000
[rows 32 to 63 of 115, columns 72 to 143 of 170]
9.6021 9.20578 9.82098 10.3875 10.0366 9.8045 10.7337 10.7344 10.4181 9.67409 9.40184 9.11957 8.94708 7.99257 5.31236 2.8962 4.19222 4.22364 3.32856 4.93488 4.08663 1.87343 -1.25103 0.446715 0.00423246 -2.21439 -2.75969 -9999 -9999 -9999 -9999 -9999 -9999 -9999 -9999 -9999 -9999 -9999 -9999 -9999 -9999 -9999 -9999 -9999 -9999 -9999 -9999 -9999 -9999 -9999 -9999 -9999 -9999 -9999 -9999 -9999 -9999 -9999 -9999 -9999 -9999 -9999 -9999 -9999 -9999 -9999 -9999 -9999 -9999 -9999 -9999 -9999
9.07268 8.90314 9.81705 9.799 9.73794 10.0619 10.639 10.7548 10.632 10.308 10.0278 9.72965 8.97157 7.87944 5.58575 2.83541 2.21227 3.55957 3.62477 3.84163 3.06869 2.09757 0.578124 1.82207 2.30488 0.846945 -1.05951 -2.28842 -9999 -9999 -9999 -9999 -9999 -9999 -9999 -9999 -9999 -9999 -9999 -9999 -9999 -9999 -9999 -9999 -9999 -9999 -9999 -9999 -9999 -9999 -9999 -9999 -9999 -9999 -9999 -9999 -9999 -9999 -9999 -9999 -9999 -9999 -9999 -9999 -9999 -9999 -9999 -9999 -9999 -9999 -9999 -9999
8.44078 7.55672 8.10799 8.52215 9.27869 9.47584 9.59123 10.6808 10.624 10.5745 10.1106 9.73993 9.12503 8.07394 6.57698 4.77434 1.63479 3.57203 5.08902 5.05072 4.96803 4.28781 2.82815 4.04919 4.10621 2.24571 0.12364 -1.12167 -1.63661 -9999 -9999 -9999 -9999 -9999 -9999 -9999 -9999 -9999 -9999 -9999 -9999 -9999 -9999 -9999 -9999 -9999 -9999 -9999 -9999 -9999 -9999 -9999 -9999 -9999 -9999 -9999 -9999 -9999 -9999 -9999 -9999 -9999 -9999 -9999 -9999 -9999 -9999 -9999 -9999 -9999 -9999 -9999
7.72216 6.64204 7.19667 7.93633 8.97479 9.50967 9.91919 10.2456 10.5785 10.5402 10.0654 8.66109 8.46146 8.40174 7.42302 5.36778 3.31518 2.78404 5.09791 5.76055 5.62604 6.14279 4.90634 5.49055 5.25066 4.59285 2.55211 0.693115 -0.0747193 -1.59213 -9999 -9999 -9999 -9999 -9999 -9999 -9999 -9999 -9999 -9999 -9999 -9999 -9999 -9999 -9999 -9999 -9999 -9999 -9999 -9999 -9999 -9999 -9999 -9999 -9999 -9999 -9999 -9999 -9999 -9999 -9999 -9999 -9999 -9999 -9999 -9999 -9999 -9999 -9999 -9999 -9999 -9999
-9999 -9999 5.96548 6.96734 7.79979 8.81552 9.69311 10.1347 10.5637 10.5302 9.58006 9.11588 9.07629 8.43539 7.30537 6.59652 5.30456 3.95836 4.47369 6.44689 5.56986 6.96761 6.84935 7.10595 6.17135 4.39847 2.03336 0.651097 -0.0358597 -1.26547 -9999 -9999 -9999 -9999 -9999 -9999 -9999 -9999 -9999 -9999 -9999 -9999 -9999 -9999 -9999 -9999 -9999 -9999 -9999 -9999 -9999 -9999 -9999 -9999 -9999 -9999 -9999 -9999 -9999 -9999 -9999 -9999 -9999 -9999 -9999 -9999 -9999 -9999 -9999 -9999 -9999 -9999
-9999 -9999 -9999 6.78552 7.41971 8.78294 9.48137 9.76819 10.4596 10.4621 10.1028 9.83178 9.43812 8.92364 8.07468 7.13788 5.9229 5.81132 7.07398 7.09021 6.82703 7.03442 7.68268 7.51149 6.06602 3.56778 2.24863 -0.435519 -1.58336 -1.46554 -2.27877 -9999 -9999 -9999 -9999 -9999 -9999 -9999 -9999 -9999 -9999 -9999 -9999 0.868052 -9999 -9999 -9999 -9999 -9999 -9999 -9999 -9999 -9999 -9999 -9999 -9999 -9999 -9999 -9999 -9999 -9999 -9999 -9999 -9999 -3.93877 -9999 -9999 -9999 -9999 -9999 -9999 -9999
-9999 -9999 6.6691 7.51368 8.17691 9.03171 9.11179 9.61866 10.4135 10.426 10.1714 9.88371 9.23562 9.07591 8.5932 7.57608 7.3689 7.78271 7.97375 8.18997 8.32318 8.21576 7.95315 7.61349 6.67826 5.52039 4.74311 2.29331 1.05265 -0.131933 -1.92469 -3.32683 -9999 -9999 -9999 -9999 -9999 -9999 -9999 -0.079869 -0.142866 -0.107174 0.290174 1.38015 0.746479 -9999 -9999 -9999 -9999 -9999 -9999 -9999 -9999 -9999 -9999 -9999 -9999 -9999 -9999 -9999 -9999 -9999 -9999 -9999 -2.95304 -4.36084 -9999 -9999 -9999 -9999 -9999 -9999
-9999 -9999 6.89527 7.79129 8.2392 9.06943 9.54478 9.85113 10.1272 10.3911 10.3479 10.0294 9.54441 9.54877 8.88015 8.52023 8.26357 8.82303 8.93441 8.71126 8.43091 8.18279 7.4802 7.39861 7.16697 6.43181 5.22521 3.98185 2.18381 -0.25043 -2.63743 -4.56246 -9999 -9999 -9999 -9999 -9999 -9999 0.121426 1.02695 1.57117 0.426448 1.41228 2.31389 2.17525 1.31156 -9999 -9999 -9999 -9999 -9999 -9999 -9999 -9999 -9999 -9999 -9999 -9999 -9999 -9999 3.73152 2.28737 -0.633313 -2.1284 -3.0236 -4.30325 -9999 -9999 -9999 -9999 -9999 -9999
-9999 -9999 6.7199 7.778 8.49507 9.13159 9.23411 9.88538 10.1667 10.3088 10.2932 10.2309 10.1425 9.55915 9.30905 8.42672 9.27367 9.24296 9.03013 8.18391 7.81734 6.36316 5.7231 5.57752 6.80031 5.89568 4.00739 1.64698 -1.19114 -1.37675 -2.31477 -4.03543 -9999 -9999 -9999 -9999 -9999 -9999 0.402658 1.37114 2.18048 2.30217 1.1649 2.76384 2.70881 1.82233 1.62537 2.36201 2.73807 2.46736 3.34806 3.60869 3.21946 3.656 -9999 -9999 -9999 -9999 3.93096 3.99265 4.04002 3.44017 0.248975 -1.92918 -3.8845 -4.05834 -9999 -9999 -9999 -9999 -9999 -9999
-9999 -9999 7.45395 8.10583 8.43596 8.49023 9.06148 9.63062 9.97899 10.2357 10.1852 10.1656 10.1447 9.94618 9.48306 9.56825 9.5322 9.26251 7.65113 5.76987 6.59114 5.47349 3.07852 5.02328 6.09051 5.06532 2.77703 0.123732 -0.747473 -0.712431 -2.01726 -3.69487 -9999 -9999 -9999 -2.24111 -0.857198 -0.733787 -0.32286 0.967842 1.95105 2.69267 3.20001 3.18691 2.66671 1.80005 0.857579 1.20132 2.9128 3.33434 3.69232 3.96241 3.60152 3.79859 4.25864 4.498 4.54919 4.44504 4.42353 4.46378 4.41237 3.85273 0.99749 -0.634289 -1.67367 -3.75648 -9999 -9999 -9999 -9999 -9999 -9999
-9999 -9999 7.04937 7.6164 8.0757 8.83419 8.91549 9.39783 9.68315 10.1064 10.1554 9.65944 10.0717 10.0201 9.94497 9.78367 9.54651 8.18672 6.31174 4.43186 3.56426 3.93262 2.49352 3.23328 4.31462 3.9179 2.514 0.149945 -0.18418 -0.73649 -2.93152 -5.04385 -9999 -9999 -4.92104 -2.26877 -0.400006 0.565837 0.867842 0.900776 2.13867 2.24053 3.57347 3.26603 1.51988 1.72337 1.04605 1.49478 2.12913 2.30649 3.21177 4.08404 4.25231 4.26051 4.55487 4.61816 4.63681 4.63228 4.43829 4.53119 4.5479 4.20006 2.13292 1.12699 0.0213914 -3.72295 -9999 -9999 -9999 -9999 -9999 -9999
-9999 -9999 7.34057 7.97418 8.6678 8.78072 9.29459 9.24054 9.09417 9.81067 10.0715 9.7218 9.47057 9.93773 9.90718 9.84713 9.74705 8.46943 6.99044 4.75036 3.35854 2.50535 1.90026 1.09294 1.64783 1.47686 1.24785 1.50851 0.856498 -0.443011 -1.72838 -4.13307 -5.43338 -9999 -4.77671 -3.57882 -1.35679 0.532661 1.73392 1.30786 2.7151 2.98054 3.79313 3.32407 2.26781 1.8188 1.78452 1.65095 2.60173 3.24352 3.69764 4.00275 4.38194 4.48122 4.58048 4.62379 4.64857 4.67336 4.67119 4.66637 4.6272 4.49824 3.54953 2.54779 0.374421 -3.59421 -9999 -9999 -9999 -9999 -9999 -9999
-9999 5.50172 7.27123 8.33309 8.74454 9.04154 9.30328 9.49283 9.69083 9.87537 10.0044 9.94944 9.02151 9.09904 9.26784 9.79721 9.7614 9.64747 8.83956 6.11365 5.17033 3.79275 2.00882 1.26366 1.63539 3.09632 3.02973 2.06006 0.979506 -0.515842 -1.46745 -2.94244 -5.77293 -5.51818 -4.24253 -3.29232 -1.78139 0.527531 2.14779 2.87361 3.15115 3.72305 4.02425 3.38203 2.77236 2.51878 2.04308 1.9819 1.99231 2.5694 3.02051 4.01762 4.35598 4.51328 4.59495 4.64023 4.67367 4.70632 4.71923 4.70269 4.7063 4.70139 4.63646 3.29889 -0.0514939 -2.56875 -9999 -9999 -9999 -9999 -9999 -9999
-9999 -9999 6.94716 7.41456 7.53719 7.75127 8.18912 8.69385 9.40799 9.50063 9.89525 9.89336 9.09318 8.16998 8.97763 9.29966 9.63339 9.64514 9.54247 7.25004 6.05165 5.1078 3.39716 4.01412 4.59919 4.64244 4.28735 2.20974 0.140449 -2.2474 -4.47591 -4.58368 -5.7839 -5.14968 -4.30685 -2.1434 -0.619589 0.000598207 0.447726 2.79635 3.40995 3.62681 4.23322 3.42168 3.22484 2.6174 2.80767 2.76123 2.77195 1.07539 2.79079 2.89791 4.01675 4.52284 4.64052 4.67488 4.7108 4.71873 4.72763 4.72494 4.73876 4.72598 4.71231 3.84468 -0.407114 -2.53335 -9999 -9999 -9999 -9999 -9999 -9999
-9999 -9999 -9999 -9999 7.10009 7.45641 7.68486 8.08005 9.28946 9.6161 9.83356 9.85313 9.49746 8.58279 8.34375 8.51369 7.62237 8.37165 9.39501 9.37043 9.24684 7.23215 6.20185 7.19905 6.89465 5.37878 4.18519 3.00692 0.584363 -1.19171 -3.74571 -5.66374 -5.737 -3.62233 -1.8655 0.323621 1.29126 0.745067 1.34432 2.51344 3.84152 4.48722 4.34317 3.48761 3.37738 2.43694 3.37676 3.46426 3.03831 2.67084 2.82679 3.38372 3.59937 4.47522 4.6903 4.73146 4.74104 4.74719 4.74581 4.74316 4.73617 4.73042 4.72219 4.68743 0.316948 -3.07626 -9999 -9999 -9999 -9999 -9999 -9999
-9999 -9999 -9999 -9999 6.26355 6.48072 7.05095 8.51493 9.27987 9.59005 9.58044 9.72476 9.47441 8.67043 7.84528 7.06753 6.06369 6.64092 8.16439 9.06267 9.16516 7.3991 8.31838 7.97358 7.2942 5.31205 3.85057 3.07467 0.748696 -1.24505 -2.94493 -5.29101 -4.28939 -3.18549 -1.76662 0.621412 2.23417 2.89925 2.34793 3.09732 4.62487 4.63989 3.81467 3.87621 3.37993 2.09209 3.44941 3.83701 3.53862 3.62528 3.51798 3.72922 4.10825 4.47036 4.71206 4.74756 4.75412 4.74875 4.75055 4.75409 4.74021 4.74499 4.73681 4.71926 1.90022 -3.13642 -9999 -9999 -9999 -9999 -9999 -9999
-9999 -9999 -9999 -9999 -9999 5.50322 6.80405 8.74733 9.22798 9.18461 9.58668 9.62247 9.2374 8.90363 7.90166 6.53214 3.89923 4.5725 5.97502 7.99627 9.05852 8.91527 8.32482 7.29807 4.81421 2.63996 2.3743 2.01657 0.31848 -1.21785 -3.10754 -2.01543 -0.818459 0.491837 1.18086 1.00325 2.38548 3.5138 3.04037 3.95856 5.02966 4.5533 4.27483 4.04269 3.46754 3.44053 3.51003 4.28432 3.762 4.09521 4.11029 4.09825 4.28546 4.49941 4.7232 4.76251 4.76569 4.77162 4.74834 4.75987 4.75027 4.74143 4.7343 4.72001 4.46994 1.762 0.144346 -9999 -9999 -9999 -9999 -9999
-9999 -9999 -9999 -9999 -9999 4.30751 4.9564 7.25785 7.96678 8.98418 9.5249 9.55095 8.89982 8.53798 7.04379 6.56087 4.12572 3.0239 3.96213 3.60478 6.38712 8.84877 8.3134 3.34401 1.54335 0.258351 0.586422 0.587655 0.113548 -2.49908 -3.22002 -0.885414 0.584493 1.72378 2.58871 2.77008 2.74259 4.50572 4.7437 5.3206 5.20224 5.26186 4.3806 3.83839 4.32931 3.78377 3.69748 4.49708 3.72541 4.43786 4.36152 4.1562 4.15075 4.62002 4.7181 4.77095 4.77675 4.76075 4.73956 4.72895 4.74716 4.74393 4.72263 4.72906 4.70951 4.39699 2.99734 2.51326 3.06607 -9999 -9999 -9999
-9999 -9999 -9999 -9999 -9999 -9999 2.81472 6.01316 7.47254 8.24093 9.32277 9.4543 9.10806 8.48084 6.959 5.62109 3.44444 0.958131 -0.358938 3.58762 7.02224 8.81479 8.57985 4.44338 2.81027 2.73349 3.6935 2.88065 2.2636 0.277522 -0.316483 -1.14127 -0.634567 0.952923 2.25186 3.50477 4.41697 4.49445 5.08912 5.43317 5.46682 5.57957 5.48219 5.40444 4.5577 5.15831 4.66404 4.93885 4.77491 4.62726 4.50074 4.01643 4.36854 4.68025 4.76335 4.79133 4.77508 4.77292 4.76214 4.73586 4.72653 4.72841 4.73004 4.7195 4.72503 4.72084 4.57055 3.73154 2.60575 1.18134 -9999 -9999
-9999 -9999 -9999 -9999 -9999 -9999 1.22153 4.40442 5.93623 7.91105 8.92668 9.33995 9.28725 8.7793 7.62341 5.88267 4.43295 1.65703 -1.22561 2.9158 6.60529 8.59648 8.70215 5.22694 6.19012 5.41053 5.7237 4.29661 3.70288 3.23146 2.20655 1.08613 -0.140549 -0.786748 2.12691 3.62406 4.83 5.40069 5.72554 5.89056 5.80975 5.5974 4.3105 5.304 5.26167 5.17139 5.06667 5.01989 4.92522 4.81197 4.74756 4.7283 4.40793 4.78238 4.77794 4.78548 4.78947 4.78198 4.76587 4.75234 4.73546 4.73987 4.73232 4.72477 4.7217 4.72837 4.72511 4.6859 4.46833 2.55267 1.40951 1.09687
-9999 -9999 -9999 -9999 -9999 -9999 -3.24608 1.38447 5.10261 7.04687 8.62896 9.06491 9.22881 8.54659 8.037 6.7897 5.60872 3.78554 1.05345 -0.628241 2.47185 6.97945 8.64039 8.51151 8.40734 7.50636 6.69413 6.59071 6.65063 5.70327 4.32423 2.52545 1.96632 1.33599 3.50641 3.80198 3.64549 6.03415 6.04332 5.91223 5.00464 3.98837 4.1888 3.56349 4.05795 3.31126 4.01204 4.61865 4.84951 4.8376 4.76439 4.76157 4.73037 4.79939 4.8013 4.79356 4.78799 4.786 4.77943 4.75433 4.74161 4.75515 4.74131 4.73213 4.72445 4.73395 4.73566 4.70821 4.6839 4.39508 3.95718 3.1195
-9999 -9999 -9999 -9999 -9999 -9999 -3.0443 0.848518 4.15247 6.1336 8.03954 8.48277 9.12705 8.98995 8.45595 7.37186 6.01701 4.51673 2.17297 0.431255 2.5061 5.49729 7.64043 8.40957 8.40052 8.34864 8.14446 8.05756 7.81969 7.64794 6.66043 4.96416 4.00408 2.59954 5.01843 5.291 4.91464 6.12423 6.06712 4.24616 2.84771 2.6783 3.54009 2.73226 2.59885 2.09869 2.67852 4.22069 3.78079 3.87548 4.57759 4.69733 4.77663 4.79992 4.79811 4.7975 4.7882 4.79249 4.79684 4.77241 4.76299 4.76038 4.73802 4.73901 4.72599 4.72434 4.71862 4.70674 4.68485 4.60726 4.52461 4.63102
-9999 -9999 -9999 -9999 -9999 -9999 -2.9609 -0.343005 2.63036 5.54745 7.58275 8.40452 9.00334 8.99845 8.3773 7.83918 6.99039 5.67053 4.76563 3.1933 1.03466 4.65661 5.76537 6.75762 7.17296 8.20564 8.17981 7.70572 7.15096 7.66041 7.5131 6.16842 5.72627 4.98013 6.32586 6.33027 6.29481 6.22523 4.68655 2.54722 0.838663 2.07655 1.82451 2.39622 0.652495 2.10393 3.2717 3.65491 2.87158 2.29191 4.10794 4.41479 4.59719 4.71503 4.7933 4.7781 4.79941 4.79156 4.78917 4.78647 4.77437 4.76875 4.75719 4.74566 4.73672 4.73716 4.72297 4.70743 4.71233 4.67298 4.66131 4.6553
-9999 -9999 -9999 -9999 -9999 -9999 -9999 -1.88521 1.88181 5.24725 7.12146 8.30062 8.87576 8.86668 8.54967 8.18455 7.65857 6.70653 5.51013 3.61868 2.21467 3.1073 4.19305 4.31693 5.04071 7.13937 7.856 6.83929 4.32303 5.80922 7.46274 7.43563 7.29451 7.13702 6.93426 6.75353 6.35704 5.29243 2.0264 1.38844 0.110502 0.261231 -0.391267 1.0512 0.523452 2.00596 2.65196 2.89954 1.54045 1.83536 3.44713 4.08646 3.98514 4.37844 4.7522 4.76769 4.78153 4.77508 4.78637 4.79279 4.79032 4.77952 4.77179 4.76768 4.74454 4.75989 4.64474 4.57223 4.41856 4.62304 4.64806 4.6742
-9999 -9999 -9999 -9999 -9999 -9999 -9999 -2.63394 1.12774 5.09107 6.36428 7.63537 8.73269 8.75532 8.27 7.80855 7.33319 6.79177 5.34027 3.93264 2.58866 2.13799 2.40955 2.38661 3.55774 6.29217 6.8215 6.59546 3.97199 3.08366 5.29316 7.15023 7.29677 7.12906 4.94483 5.41187 4.23513 2.63899 2.20227 1.50634 0.0318692 0.748478 -0.329617 0.140146 0.025107 0.869066 1.28356 2.28603 1.10201 1.11353 2.69642 3.49528 3.51945 4.357 4.65796 4.73948 4.76267 4.78037 4.78775 4.80489 4.80154 4.79393 4.78268 4.74817 4.65888 4.3748 2.80686 2.81522 3.25556 3.67251 4.43172 4.65294
-9999 -9999 -9999 -9999 -9999 -9999 -9999 -2.19672 0.413882 3.93071 6.53609 6.70081 7.96818 8.62303 8.0951 7.50056 6.89226 6.62709 5.04721 3.31156 1.90932 0.249167 0.523447 1.71653 3.66513 5.43168 5.74766 5.38262 3.97756 4.64225 6.14943 6.95003 7.18666 7.00189 6.52727 6.25402 5.38813 5.01461 3.81215 1.93064 1.19223 1.66701 -0.32958 -0.18469 0.560559 -0.216262 1.08545 1.71122 0.180322 1.4109 2.80823 3.52476 4.15151 4.45028 4.57169 4.75564 4.76424 4.78328 4.79553 4.79709 4.80139 4.77681 4.75747 4.59458 4.35213 2.88335 2.28503 2.4116 3.09911 3.70179 4.34495 4.60563
-9999 -9999 -9999 -9999 -9999 -9999 -9999 -1.74979 0.600773 3.65022 5.50805 5.84131 7.24661 8.49643 8.3582 7.73951 7.55201 6.91073 5.57099 4.09096 2.47305 1.6869 -0.121789 1.66025 3.06749 4.56371 5.26384 4.10994 3.5302 4.55844 5.58076 5.98965 7.0225 7.014 6.67934 5.23155 4.52698 4.82858 4.52806 3.99977 2.70607 2.65254 1.82349 1.48296 1.16173 0.111141 0.792228 0.865104 1.05809 2.52853 3.25811 3.74327 4.18474 4.30377 4.49792 4.74851 4.77423 4.78709 4.79005 4.79882 4.785 4.71933 4.66483 4.33191 3.73897 2.62841 0.83644 2.11678 3.45533 3.86573 4.2654 4.47156
-9999 -9999 -9999 -9999 -9999 -9999 -9999 -2.14808 0.348901 2.95525 4.04554 4.23151 6.77394 8.33119 8.33509 8.04243 7.70041 6.11442 6.20881 5.8925 4.43313 2.30679 -0.0287414 0.191065 1.58461 3.55657 4.21078 2.30222 1.62795 2.12559 3.67133 5.05524 6.50037 6.86865 6.44689 4.19224 1.79645 2.91162 4.10333 4.10027 3.7554 2.55603 2.17822 1.83681 0.963414 -0.514583 -0.291695 0.12684 1.80045 2.33139 3.14868 3.82809 3.57829 3.73147 4.3811 4.75556 4.77362 4.7843 4.80058 4.79622 4.77835 4.64305 4.49964 4.25602 2.70198 1.73752 0.339611 1.98926 2.90324 3.40712 4.27723 4.48832
-9999 -9999 -9999 -9999 -9999 -9999 -9999 -2.91875 -1.10652 1.3847 2.3893 3.99126 6.39391 7.57625 8.14367 8.13244 7.90488 7.19536 6.76923 5.92828 4.41009 2.33367 0.0253209 -1.47725 -0.712443 1.94312 2.5777 0.812975 -0.0820558 1.03521 2.68267 5.12158 6.51583 6.70564 6.58167 6.11855 4.37013 2.25745 2.26781 3.33233 2.44829 1.42044 1.99218 1.89154 1.02905 0.403016 0.026885 0.277131 1.23114 1.62802 2.57137 3.96117 4.16419 4.12937 4.71682 4.75023 4.768 4.79411 4.7975 4.79625 4.78289 4.67328 4.42255 3.38946 2.48923 1.23513 1.08415 2.56106 3.21286 3.8196 4.24883 4.39182
-9999 -9999 -9999 -9999 -9999 -9999 -9999 -4.24714 -2.11516 0.218573 2.40387 4.47151 6.25125 6.38987 7.32914 7.32917 7.82189 7.68229 7.02459 6.31649 5.00857 2.34095 0.0978735 -2.34858 -1.70281 1.00937 1.36189 0.182374 -1.99777 0.255977 2.74137 4.99418 6.21458 5.26105 6.24233 6.16424 5.51076 4.25426 2.29926 2.33971 0.875934 0.815993 1.57376 1.8227 1.70164 1.23279 0.48536 0.625442 1.20712 1.35868 2.22605 3.30532 4.36041 4.54148 4.74625 4.75917 4.76666 4.78717 4.79337 4.77556 4.72592 4.61097 3.7454 2.71529 2.08244 1.20989 1.10797 2.80506 3.49364 3.87932 4.2507 4.40004
-9999 -9999 -9999 -9999 -9999 -9999 -9999 -9999 -2.33157 0.079336 1.86363 2.34488 3.92694 4.78176 5.44353 5.59114 7.47735 7.58241 7.16584 6.51548 5.4001 3.37609 1.96604 -0.380525 -2.06707 -1.36877 -1.05087 -0.429588 -0.6111 0.394846 2.78335 5.27185 5.54491 3.96706 4.20316 4.53607 5.27948 4.9065 2.2415 0.889271 -0.232362 0.57072 1.41557 1.62325 1.66837 1.51067 1.33634 1.02126 2.15113 2.98843 3.18637 3.91683 4.45726 4.60981 4.72574 4.74387 4.76213 4.76652 4.73944 4.72088 4.59051 4.29333 3.32448 0.988803 1.10225 0.853408 0.129856 1.78787 2.84959 3.78338 4.28167 4.41361
-9999 -9999 -9999 -9999 -9999 -9999 -9999 -9999 -3.13195 -0.342644 0.247307 0.204576 -0.71754 -0.291388 3.13235 3.82271 5.63168 7.34461 7.22 6.58196 5.53844 4.33334 2.467 -0.172174 -2.26913 -3.15053 -0.892115 1.32108 1.78017 2.48937 3.95361 4.23326 2.62052 1.10844 1.96069 2.4751 4.42863 4.78747 4.41123 2.80689 0.97231 0.0165145 1.15296 1.30841 1.38063 1.39849 1.37262 1.33571 2.61071 3.31752 3.8093 4.07922 4.54401 4.6664 4.70863 4.7485 4.74448 4.72493 4.65634 4.57773 4.21793 3.78152 2.19179 0.867099 0.0425985 -1.005 1.36936 2.08475 3.07783 3.71667 4.21224 4.32424
