Test_Spring_2018b/03_18/Temp/20180320_007.txt
ncols	170
nrows	115
xllcorner	350000.000000
yllcorner	4445000.000000
cellsize	1000.000000
nodata_value	-9999.000000
[rows 32 to 63 of 115, columns 72 to 143 of 170]
9.30734 8.94255 9.49455 10.0023 9.67568 9.45925 10.2943 10.2895 9.9974 9.3177 9.06567 8.80463 8.64318 7.773 5.3387 3.14383 4.31381 4.33763 3.52173 4.97319 4.19987 2.1894 -0.647001 0.887537 0.482175 -1.53361 -2.03494 -9999 -9999 -9999 -9999 -9999 -9999 -9999 -9999 -9999 -9999 -9999 -9999 -9999 -9999 -9999 -9999 -9999 -9999 -9999 -9999 -9999 -9999 -9999 -9999 -9999 -9999 -9999 -9999 -9999 -9999 -9999 -9999 -9999 -9999 -9999 -9999 -9999 -9999 -9999 -9999 -9999 -9999 -9999 -9999 -9999
8.82836 8.66912 9.49188 9.46985 9.4088 9.69335 10.2093 10.3089 10.1922 9.89322 9.63396 9.35859 8.66638 7.67145 5.58751 3.08973 2.52015 3.73666 3.79114 3.98313 3.27802 2.39334 1.01168 2.13483 2.56809 1.24285 -0.493591 -1.61284 -9999 -9999 -9999 -9999 -9999 -9999 -9999 -9999 -9999 -9999 -9999 -9999 -9999 -9999 -9999 -9999 -9999 -9999 -9999 -9999 -9999 -9999 -9999 -9999 -9999 -9999 -9999 -9999 -9999 -9999 -9999 -9999 -9999 -9999 -9999 -9999 -9999 -9999 -9999 -9999 -9999 -9999 -9999 -9999
8.25651 7.44961 7.94365 8.31338 8.99273 9.1613 9.26044 10.2426 10.1858 10.1356 9.70993 9.36877 8.80634 7.84862 6.48684 4.84805 1.99755 3.74878 5.11914 5.07983 5.00034 4.37929 3.05177 4.1541 4.20138 2.50836 0.578123 -0.555034 -1.02619 -9999 -9999 -9999 -9999 -9999 -9999 -9999 -9999 -9999 -9999 -9999 -9999 -9999 -9999 -9999 -9999 -9999 -9999 -9999 -9999 -9999 -9999 -9999 -9999 -9999 -9999 -9999 -9999 -9999 -9999 -9999 -9999 -9999 -9999 -9999 -9999 -9999 -9999 -9999 -9999 -9999 -9999 -9999
7.60607 6.62143 7.1185 7.78324 8.71807 9.19591 9.55849 9.8489 10.1453 10.1053 9.66965 8.39163 8.20561 8.14647 7.25442 5.38668 3.52139 3.03524 5.12789 5.72389 5.59741 6.06127 4.93605 5.46111 5.23923 4.63556 2.78103 1.09019 0.389754 -0.990135 -9999 -9999 -9999 -9999 -9999 -9999 -9999 -9999 -9999 -9999 -9999 -9999 -9999 -9999 -9999 -9999 -9999 -9999 -9999 -9999 -9999 -9999 -9999 -9999 -9999 -9999 -9999 -9999 -9999 -9999 -9999 -9999 -9999 -9999 -9999 -9999 -9999 -9999 -9999 -9999 -9999 -9999
-9999 -9999 6.0034 6.90501 7.65246 8.5675 9.3543 9.74909 10.1326 10.0968 9.23039 8.80447 8.76349 8.17756 7.14837 6.501 5.32517 4.10023 4.56266 6.34657 5.54704 6.80943 6.69773 6.92583 6.07422 4.4588 2.31122 1.05244 0.425265 -0.693796 -9999 -9999 -9999 -9999 -9999 -9999 -9999 -9999 -9999 -9999 -9999 -9999 -9999 -9999 -9999 -9999 -9999 -9999 -9999 -9999 -9999 -9999 -9999 -9999 -9999 -9999 -9999 -9999 -9999 -9999 -9999 -9999 -9999 -9999 -9999 -9999 -9999 -9999 -9999 -9999 -9999 -9999
-9999 -9999 -9999 6.741 7.30875 8.53859 9.16307 9.41753 10.0388 10.0356 9.70468 9.45386 9.09194 8.62058 7.84614 6.99216 5.8861 5.78024 6.92006 6.93016 6.68703 6.87047 7.45354 7.29388 5.97639 3.70633 2.506 0.0678961 -0.977061 -0.874826 -1.61654 -9999 -9999 -9999 -9999 -9999 -9999 -9999 -9999 -9999 -9999 -9999 -9999 1.17041 -9999 -9999 -9999 -9999 -9999 -9999 -9999 -9999 -9999 -9999 -9999 -9999 -9999 -9999 -9999 -9999 -9999 -9999 -9999 -9999 -3.3088 -9999 -9999 -9999 -9999 -9999 -9999 -9999
-9999 -9999 6.64285 7.40059 7.99585 8.76477 8.83165 9.28257 9.99753 10.0034 9.76733 9.5013 8.90874 8.75894 8.31646 7.38968 7.19712 7.56749 7.736 7.92738 8.04356 7.94167 7.69913 7.38675 6.53086 5.47669 4.76749 2.54306 1.41266 0.33436 -1.29522 -2.57076 -9999 -9999 -9999 -9999 -9999 -9999 -9999 0.333172 0.270747 0.297636 0.652187 1.63439 1.05412 -9999 -9999 -9999 -9999 -9999 -9999 -9999 -9999 -9999 -9999 -9999 -9999 -9999 -9999 -9999 -9999 -9999 -9999 -9999 -2.41717 -3.69832 -9999 -9999 -9999 -9999 -9999 -9999
-9999 -9999 6.84685 7.65305 8.05305 8.7996 9.22449 9.49379 9.73842 9.97216 9.92759 9.63362 9.18886 9.18777 8.57677 8.24569 8.0083 8.51071 8.60705 8.40021 8.14156 7.91216 7.27083 7.19238 6.97436 6.30332 5.20498 4.07331 2.43842 0.227416 -1.94078 -3.69028 -9999 -9999 -9999 -9999 -9999 -9999 0.521291 1.33682 1.82471 0.781571 1.6694 2.48072 2.34896 1.5568 -9999 -9999 -9999 -9999 -9999 -9999 -9999 -9999 -9999 -9999 -9999 -9999 -9999 -9999 3.65904 2.34536 -0.306658 -1.66656 -2.48284 -3.64774 -9999 -9999 -9999 -9999 -9999 -9999
-9999 -9999 6.68883 7.64183 8.28568 8.85652 8.94337 9.52494 9.77456 9.89784 9.87817 9.81641 9.73113 9.19729 8.96565 8.16106 8.92401 8.89153 8.69403 7.92248 7.58572 6.26316 5.67853 5.53887 6.64255 5.8179 4.10166 1.95749 -0.620912 -0.792967 -1.64777 -3.21201 -9999 -9999 -9999 -9999 -9999 -9999 0.776864 1.64942 2.37755 2.4822 1.4455 2.8887 2.8298 2.01958 1.83418 2.49487 2.82866 2.57515 3.36673 3.59611 3.2366 3.62581 -9999 -9999 -9999 -9999 3.84701 3.89816 3.9365 3.38827 0.491222 -1.48767 -3.26471 -3.42965 -9999 -9999 -9999 -9999 -9999 -9999
-9999 -9999 7.3551 7.93979 8.23279 8.27574 8.78731 9.29444 9.60472 9.83115 9.77994 9.7568 9.73274 9.54773 9.12303 9.19545 9.15806 8.90898 7.44384 5.73413 6.47405 5.45707 3.28109 5.03705 5.99972 5.06581 2.98701 0.577357 -0.218138 -0.190231 -1.3775 -2.90379 -9999 -9999 -9999 -1.60455 -0.354999 -0.248131 0.119174 1.28372 2.16935 2.83679 3.29064 3.27246 2.79186 1.99934 1.13791 1.44218 2.98609 3.36076 3.67724 3.91492 3.58087 3.75118 4.16197 4.37305 4.4139 4.31429 4.28988 4.32168 4.27057 3.75886 1.16803 -0.31546 -1.26217 -3.16065 -9999 -9999 -9999 -9999 -9999 -9999
-9999 -9999 6.98842 7.49613 7.90616 8.58702 8.65444 9.08544 9.33582 9.71412 9.75298 9.29812 9.66659 9.61482 9.54177 9.39078 9.17114 7.93403 6.23001 4.52159 3.73075 4.05957 2.7507 3.41465 4.39011 4.02633 2.7478 0.600358 0.292902 -0.213256 -2.20666 -4.12573 -9999 -9999 -4.02792 -1.62854 0.060515 0.930987 1.19955 1.22399 2.34038 2.4268 3.62881 3.34363 1.7519 1.92918 1.30856 1.70767 2.2724 2.42561 3.23761 4.02161 4.16719 4.16798 4.42848 4.47992 4.49129 4.48203 4.30137 4.38103 4.39182 4.07225 2.19428 1.27808 0.269272 -3.13254 -9999 -9999 -9999 -9999 -9999 -9999
-9999 -9999 7.25222 7.82016 8.44247 8.53845 8.99792 8.94311 8.80223 9.44591 9.67712 9.35471 9.12177 9.54015 9.50756 9.44837 9.35302 8.19043 6.84539 4.81053 3.54458 2.76628 2.2134 1.47402 1.97223 1.81256 1.60032 1.83199 1.23682 0.053522 -1.11587 -3.29934 -4.48232 -9999 -3.89599 -2.81481 -0.805488 0.902171 1.98582 1.59417 2.86398 3.09855 3.82874 3.39687 2.43035 2.01329 1.97459 1.84582 2.69989 3.274 3.67683 3.94595 4.28312 4.36633 4.44991 4.4832 4.50015 4.51752 4.51085 4.50207 4.46234 4.34133 3.47725 2.56315 0.588589 -3.01629 -9999 -9999 -9999 -9999 -9999 -9999
-9999 5.59324 7.19021 8.1462 8.51263 8.77534 9.00616 9.17163 9.34307 9.50476 9.61607 9.56112 8.71479 8.78001 8.92813 9.40322 9.36616 9.2584 8.52167 6.04651 5.18666 3.93263 2.3111 1.62932 1.9615 3.281 3.216 2.33252 1.3486 -0.0120247 -0.878505 -2.21965 -4.78912 -4.56252 -3.41064 -2.55388 -1.18905 0.898842 2.36226 3.01466 3.2604 3.77267 4.03915 3.44761 2.88571 2.64808 2.209 2.14557 2.147 2.66214 3.06217 3.95827 4.25769 4.39394 4.46152 4.49658 4.52141 4.54599 4.55308 4.5338 4.53299 4.52454 4.46019 3.24345 0.200641 -2.08853 -9999 -9999 -9999 -9999 -9999 -9999
-9999 -9999 6.89726 7.31431 7.41885 7.6063 7.99664 8.44771 9.08702 9.16519 9.51727 9.51024 8.77989 7.93803 8.66522 8.95241 9.25033 9.25653 9.15908 7.07596 5.98516 5.12509 3.56998 4.12291 4.64846 4.68296 4.35647 2.46877 0.588702 -1.58078 -3.60483 -3.70658 -4.79835 -4.22744 -3.4678 -1.51127 -0.134712 0.422529 0.822606 2.94588 3.49623 3.6847 4.2273 3.48432 3.29647 2.73784 2.90214 2.85183 2.85332 1.30738 2.85322 2.94265 3.94944 4.40106 4.50169 4.52686 4.55398 4.55622 4.55977 4.55315 4.5617 4.54517 4.52768 3.73672 -0.121908 -2.05654 -9999 -9999 -9999 -9999 -9999 -9999
-9999 -9999 -9999 -9999 7.02321 7.33951 7.53998 7.89169 8.97994 9.27017 9.46167 9.47401 9.14643 8.31245 8.09092 8.24028 7.42783 8.10234 9.02524 8.9984 8.88181 7.05111 6.11125 7.0103 6.72962 5.35091 4.26441 3.1919 0.991668 -0.623185 -2.94219 -4.68468 -4.75505 -2.84229 -1.25387 0.725994 1.59847 1.09852 1.63647 2.68978 3.8872 4.46565 4.32787 3.54479 3.43529 2.57462 3.41812 3.48902 3.09454 2.75315 2.88538 3.38243 3.57052 4.35745 4.54597 4.57747 4.58076 4.58145 4.57575 4.56924 4.55796 4.54847 4.53663 4.50057 0.534334 -2.54862 -9999 -9999 -9999 -9999 -9999 -9999
-9999 -9999 -9999 -9999 6.26549 6.45562 6.96584 8.28628 8.97168 9.24699 9.23265 9.35807 9.12596 8.39223 7.63951 6.92988 6.01536 6.53399 7.91033 8.71997 8.80829 7.20293 8.03022 7.71285 7.09227 5.29092 3.9616 3.25382 1.14117 -0.670922 -2.21568 -4.34609 -3.44209 -2.44545 -1.16344 0.996861 2.45411 3.05192 2.54677 3.22007 4.5982 4.60488 3.84953 3.89759 3.43806 2.26235 3.48415 3.82694 3.54797 3.61812 3.51171 3.69538 4.03155 4.35285 4.56552 4.59184 4.59249 4.58278 4.58001 4.57869 4.56184 4.56187 4.55004 4.52953 1.9695 -2.60306 -9999 -9999 -9999 -9999 -9999 -9999
-9999 -9999 -9999 -9999 -9999 5.5701 6.74255 8.49744 8.92516 8.88002 9.23885 9.2659 8.91169 8.60417 7.69117 6.44516 4.05405 4.65974 5.92642 7.75392 8.71216 8.57772 8.03655 7.10104 4.84485 2.86937 2.62396 2.29522 0.751696 -0.645758 -2.36253 -1.37649 -0.295386 0.888381 1.50889 1.34365 2.59197 3.60972 3.17513 4.00138 4.96571 4.52692 4.26707 4.04883 3.51776 3.48481 3.53925 4.2325 3.75055 4.04417 4.04869 4.03002 4.19237 4.37942 4.57592 4.60574 4.60334 4.60391 4.5783 4.58438 4.57137 4.559 4.54806 4.53043 4.29887 1.83705 0.365083 -9999 -9999 -9999 -9999 -9999
-9999 -9999 -9999 -9999 -9999 4.4868 5.06836 7.14794 7.78259 8.69898 9.18351 9.20175 8.60639 8.27333 6.91419 6.47181 4.25992 3.25668 4.10251 3.774 6.29131 8.51796 8.02666 3.51749 1.88053 0.711067 1.00381 1.00044 0.566345 -1.80669 -2.46409 -0.351836 0.976662 2.00543 2.78537 2.94539 2.91595 4.50904 4.71931 5.23617 5.12233 5.16933 4.36306 3.86376 4.29897 3.79603 3.70929 4.42552 3.71761 4.35506 4.27679 4.08302 4.07083 4.4894 4.57203 4.61418 4.61401 4.59476 4.571 4.55699 4.56911 4.56173 4.53785 4.53892 4.51622 4.22557 2.95118 2.50652 3.00161 -9999 -9999 -9999
-9999 -9999 -9999 -9999 -9999 -9999 3.12771 6.02041 7.33528 8.026 9.00105 9.11492 8.79546 8.22212 6.83799 5.62061 3.64301 1.38472 0.186439 3.759 6.86752 8.48765 8.26859 4.51436 3.02926 2.95492 3.82045 3.07916 2.51549 0.710307 0.167935 -0.583546 -0.128142 1.3069 2.47964 3.61114 4.43341 4.49858 5.032 5.33799 5.36192 5.45708 5.36135 5.28309 4.50587 5.04191 4.58547 4.82616 4.66923 4.52723 4.40358 3.95708 4.26912 4.54499 4.61413 4.63315 4.61339 4.60665 4.59226 4.56388 4.55103 4.54817 4.54496 4.53055 4.53051 4.51924 4.37726 3.61089 2.58452 1.28743 -9999 -9999
-9999 -9999 -9999 -9999 -9999 -9999 1.68424 4.56294 5.94345 7.72777 8.64247 9.01127 8.95855 8.49331 7.44085 5.85832 4.53959 2.01877 -0.598816 3.1503 6.49009 8.29023 8.38132 5.22493 6.09312 5.38172 5.66093 4.36286 3.82029 3.38791 2.45491 1.4354 0.319665 -0.271168 2.36586 3.71866 4.80711 5.31929 5.60812 5.75154 5.67175 5.47266 4.29883 5.19165 5.14365 5.05362 4.95045 4.89983 4.80588 4.69525 4.62806 4.60326 4.30592 4.63779 4.62737 4.62884 4.6274 4.61577 4.59645 4.57954 4.55956 4.55848 4.54741 4.5356 4.52769 4.52614 4.51743 4.47605 4.27293 2.53065 1.48859 1.19757
-9999 -9999 -9999 -9999 -9999 -9999 -2.36465 1.82635 5.18803 6.94476 8.37259 8.76263 8.90624 8.28302 7.81634 6.68104 5.60586 3.94857 1.46741 -0.0616731 2.74354 6.82447 8.32572 8.20239 8.1031 7.28165 6.54075 6.44244 6.4923 5.62839 4.37441 2.73994 2.22738 1.65216 3.61538 3.87895 3.73239 5.89234 5.89502 5.77008 4.94084 4.01273 4.18696 3.61342 4.05212 3.36731 3.99447 4.53632 4.73768 4.71914 4.64412 4.63285 4.598 4.65348 4.64954 4.63717 4.62701 4.62029 4.60953 4.582 4.56567 4.57306 4.55506 4.54152 4.53033 4.53123 4.52704 4.49635 4.46847 4.20084 3.79812 3.03116
-9999 -9999 -9999 -9999 -9999 -9999 -2.18162 1.3384 4.32747 6.11661 7.83893 8.23559 8.8146 8.68546 8.19663 7.20923 5.97641 4.61176 2.48257 0.899043 2.77487 5.48136 7.41911 8.10953 8.09712 8.04529 7.8555 7.7722 7.55208 7.39101 6.49174 4.94778 4.07358 2.79645 4.98474 5.22733 4.8814 5.97258 5.91517 4.25856 2.98449 2.82405 3.59792 2.85812 2.72764 2.26785 2.78564 4.17574 3.76754 3.84591 4.4738 4.57555 4.63971 4.65486 4.64758 4.64165 4.62807 4.62695 4.62598 4.59894 4.58548 4.57812 4.55275 4.54781 4.53061 4.52108 4.51158 4.49505 4.46943 4.39334 4.30994 4.3987
-9999 -9999 -9999 -9999 -9999 -9999 -2.10492 0.258897 2.94841 5.58581 7.42542 8.16519 8.70299 8.69367 8.12581 7.63324 6.85909 5.65795 4.83291 3.4029 1.44144 4.71955 5.71977 6.61233 6.98391 7.91506 7.88687 7.45249 6.94465 7.40208 7.26147 6.0385 5.63359 4.95307 6.16848 6.16788 6.13084 6.06252 4.6622 2.71706 1.16201 2.27731 2.04183 2.55254 0.962662 2.26883 3.31949 3.65913 2.94373 2.41109 4.04875 4.31862 4.47776 4.57868 4.644 4.62483 4.63892 4.62672 4.61954 4.61208 4.59608 4.58589 4.57023 4.55451 4.54027 4.53255 4.51389 4.49075 4.48943 4.45008 4.434 4.42071
-9999 -9999 -9999 -9999 -9999 -9999 -9999 -1.13812 2.26926 5.31438 7.00796 8.07166 8.58797 8.57481 8.28258 7.94678 7.46519 6.59741 5.50813 3.78884 2.51137 3.31558 4.29492 4.40018 5.05125 6.94859 7.59334 6.66706 4.38024 5.71967 7.21415 7.18533 7.05317 6.90609 6.7185 6.54996 6.18558 5.2153 2.24931 1.66423 0.499499 0.629403 0.0309869 1.33086 0.843194 2.17939 2.7574 2.97437 1.73521 1.99372 3.44598 4.01915 3.9213 4.27204 4.60731 4.61593 4.6232 4.61219 4.61731 4.61803 4.61067 4.59339 4.58097 4.57175 4.5442 4.54979 4.43958 4.36807 4.22309 4.40285 4.42008 4.43183
-9999 -9999 -9999 -9999 -9999 -9999 -9999 -1.81817 1.58604 5.17313 6.32199 7.46903 8.45863 8.47419 8.02938 7.60624 7.1705 6.67488 5.35434 4.07357 2.85048 2.4371 2.67836 2.6505 3.70703 6.18062 6.65554 6.44588 4.05815 3.24843 5.24669 6.92554 7.05393 6.8974 4.91294 5.33143 4.25973 2.8076 2.40608 1.76928 0.426526 1.06951 0.0855262 0.504354 0.390498 1.14818 1.51661 2.41808 1.33782 1.33956 2.76559 3.48345 3.49937 4.25278 4.52002 4.58851 4.60422 4.61502 4.61648 4.62677 4.61843 4.60618 4.59056 4.5538 4.46735 4.20311 2.77339 2.77527 3.16877 3.54118 4.22061 4.41192
-9999 -9999 -9999 -9999 -9999 -9999 -9999 -1.42176 0.939157 4.12158 6.47795 6.62217 7.7659 8.3545 7.87105 7.32725 6.77098 6.52573 5.08881 3.51069 2.23477 0.725087 0.968801 2.04535 3.80427 5.40052 5.68202 5.34631 4.06253 4.66034 6.02186 6.74294 6.95281 6.78065 6.34566 6.09302 5.303 4.95903 3.86344 2.1521 1.47662 1.90056 0.0842249 0.208789 0.87741 0.16364 1.33649 1.89673 0.502259 1.60665 2.86682 3.51011 4.07226 4.3373 4.44176 4.60303 4.60546 4.61741 4.62323 4.61933 4.6179 4.59025 4.56731 4.41421 4.18898 2.85217 2.3 2.4091 3.02671 3.5675 4.13716 4.36833
-9999 -9999 -9999 -9999 -9999 -9999 -9999 -1.01663 1.10864 3.86746 5.54626 5.84325 7.112 8.23986 8.10963 7.54391 7.36903 6.78286 5.56358 4.21715 2.74573 2.02823 0.383901 1.99426 3.2624 4.61359 5.24324 4.18666 3.65632 4.58354 5.50543 5.8713 6.80272 6.79019 6.48192 5.16456 4.5207 4.78864 4.5106 4.02589 2.84718 2.79239 2.03449 1.71924 1.42139 0.459565 1.07007 1.12935 1.29507 2.61929 3.27428 3.70791 4.10213 4.20424 4.3746 4.59623 4.61413 4.62042 4.61776 4.62039 4.60251 4.53762 4.48283 4.17565 3.63277 2.62071 0.986495 2.14146 3.34924 3.71122 4.06434 4.24604
-9999 -9999 -9999 -9999 -9999 -9999 -9999 -1.37769 0.880335 3.23756 4.22067 4.38415 6.68361 8.09012 8.08869 7.81848 7.50353 6.06103 6.14166 5.85002 4.52229 2.59001 0.468127 0.662433 1.91831 3.70046 4.28844 2.54751 1.93139 2.37754 3.77373 5.02323 6.3282 6.65706 6.26973 4.22094 2.04407 3.04942 4.12398 4.11539 3.79681 2.70353 2.35477 2.03887 1.24068 -0.107308 0.0868832 0.45961 1.96522 2.44006 3.17461 3.78433 3.55198 3.68504 4.26821 4.60208 4.61299 4.61726 4.62666 4.61736 4.59581 4.46782 4.33247 4.10628 2.69229 1.81271 0.537338 2.02538 2.84838 3.29091 4.07432 4.26046
-9999 -9999 -9999 -9999 -9999 -9999 -9999 -2.07634 -0.43894 1.81395 2.7194 4.16636 6.33911 7.40579 7.91513 7.89999 7.68878 7.04072 6.64953 5.88234 4.50128 2.61424 0.516967 -0.849933 -0.16166 2.23773 2.80389 1.19703 0.380718 1.3884 2.87666 5.0823 6.34103 6.508 6.3905 5.9655 4.37537 2.45495 2.45873 3.41786 2.61065 1.67293 2.18496 2.08742 1.29923 0.725312 0.374875 0.59251 1.44847 1.80185 2.65069 3.90433 4.0824 4.04502 4.5718 4.5965 4.60711 4.62535 4.62304 4.61656 4.59913 4.49445 4.26186 3.32014 2.49883 1.35677 1.21459 2.54311 3.12372 3.66405 4.04783 4.17221
-9999 -9999 -9999 -9999 -9999 -9999 -9999 -3.28055 -1.3533 0.756858 2.73252 4.60157 6.2097 6.33034 7.17672 7.17178 7.61343 7.48194 6.88085 6.23407 5.04359 2.62066 0.582532 -1.63995 -1.05961 1.3914 1.69916 0.62487 -1.35638 0.68131 2.92898 4.96583 6.06687 5.19741 6.08164 6.00557 5.40788 4.2635 2.48588 2.51683 1.18419 1.12388 1.80461 2.02402 1.90796 1.47659 0.791089 0.907439 1.42589 1.55694 2.3369 3.30906 4.25943 4.41769 4.59757 4.60367 4.60493 4.61808 4.61832 4.59684 4.54655 4.43708 3.64725 2.70828 2.12939 1.33322 1.23557 2.76563 3.37753 3.71747 4.04881 4.17891
-9999 -9999 -9999 -9999 -9999 -9999 -9999 -9999 -1.54961 0.630507 2.2427 2.67383 4.10278 4.87258 5.46743 5.59625 7.30098 7.39125 7.00872 6.41427 5.3983 3.55873 2.27564 0.143662 -1.39008 -0.768221 -0.488247 0.0696438 -0.100116 0.806458 2.9662 5.21658 5.45887 4.02343 4.23216 4.52859 5.19703 4.85348 2.43233 1.20098 0.178516 0.90051 1.66024 1.84231 1.87692 1.72761 1.55912 1.26299 2.2807 3.03329 3.20645 3.8624 4.34623 4.4786 4.5779 4.58868 4.59968 4.59822 4.56831 4.54619 4.42276 4.14817 3.2648 1.14252 1.24014 1.00938 0.348317 1.8409 2.78875 3.62985 4.07621 4.19052
-9999 -9999 -9999 -9999 -9999 -9999 -9999 -9999 -2.27526 0.24785 0.777472 0.733657 -0.107208 0.274045 3.37237 3.99315 5.62787 7.17553 7.05764 6.47435 5.52352 4.4262 2.72949 0.332254 -1.57354 -2.38387 -0.343957 1.65599 2.06679 2.7043 4.02619 4.27436 2.80726 1.43138 2.19855 2.65945 4.42476 4.74454 4.39797 2.93814 1.2695 0.39727 1.42134 1.5561 1.61529 1.62511 1.59244 1.54913 2.6964 3.33065 3.77008 4.00853 4.42372 4.52869 4.56114 4.59159 4.58239 4.55922 4.49172 4.41522 4.0839 3.68318 2.23711 1.03128 0.278818 -0.675888 1.47109 2.10928 2.99764 3.56879 4.01268 4.1089
