Test_Spring_2018b/03_18/Temp/20180313_009.txt
ncols	170
nrows	115
xllcorner	350000.000000
yllcorner	4445000.000000
cellsize	1000.000000
nodata_value	-9999.000000
[rows 32 to 63 of 115, columns 72 to 143 of 170]
12.2075 11.9816 12.3532 12.6958 12.4847 12.3536 12.9043 12.9128 12.7341 12.3028 12.1506 11.9928 11.9001 11.3456 9.77148 8.3537 9.12992 9.15901 8.64073 9.6008 9.11038 7.81336 5.97781 6.99198 6.74131 5.43105 5.11815 -9999 -9999 -9999 -9999 -9999 -9999 -9999 -9999 -9999 -9999 -9999 -9999 -9999 -9999 -9999 -9999 -9999 -9999 -9999 -9999 -9999 -9999 -9999 -9999 -9999 -9999 -9999 -9999 -9999 -9999 -9999 -9999 -9999 -9999 -9999 -9999 -9999 -9999 -9999 -9999 -9999 -9999 -9999 -9999 -9999
11.8949 11.803 12.3511 12.3484 12.315 12.5059 12.8488 12.9255 12.8613 12.6784 12.5217 12.3546 11.9159 11.2801 9.93452 8.31924 7.96126 8.76791 8.81702 8.95584 8.5098 7.94669 7.05954 7.80545 8.10153 7.24727 6.1231 5.40315 -9999 -9999 -9999 -9999 -9999 -9999 -9999 -9999 -9999 -9999 -9999 -9999 -9999 -9999 -9999 -9999 -9999 -9999 -9999 -9999 -9999 -9999 -9999 -9999 -9999 -9999 -9999 -9999 -9999 -9999 -9999 -9999 -9999 -9999 -9999 -9999 -9999 -9999 -9999 -9999 -9999 -9999 -9999 -9999
11.5218 11.0076 11.3414 11.5941 12.0417 12.1537 12.2301 12.8823 12.8572 12.8367 12.5715 12.3616 12.0077 11.3962 10.5214 9.46622 7.62112 8.77635 9.68334 9.6713 9.63308 9.24178 8.38988 9.12218 9.16659 8.07236 6.81797 6.09309 5.79985 -9999 -9999 -9999 -9999 -9999 -9999 -9999 -9999 -9999 -9999 -9999 -9999 -9999 -9999 -9999 -9999 -9999 -9999 -9999 -9999 -9999 -9999 -9999 -9999 -9999 -9999 -9999 -9999 -9999 -9999 -9999 -9999 -9999 -9999 -9999 -9999 -9999 -9999 -9999 -9999 -9999 -9999 -9999
11.0976 10.4675 10.8032 11.2482 11.8669 12.1809 12.4242 12.6254 12.8307 12.8168 12.5453 11.7247 11.6162 11.5907 11.0222 9.81775 8.61499 8.31148 9.68936 10.0915 10.0226 10.3386 9.61853 9.97443 9.84335 9.46287 8.26039 7.16604 6.72338 5.83778 -9999 -9999 -9999 -9999 -9999 -9999 -9999 -9999 -9999 -9999 -9999 -9999 -9999 -9999 -9999 -9999 -9999 -9999 -9999 -9999 -9999 -9999 -9999 -9999 -9999 -9999 -9999 -9999 -9999 -9999 -9999 -9999 -9999 -9999 -9999 -9999 -9999 -9999 -9999 -9999 -9999 -9999
-9999 -9999 10.076 10.6729 11.1676 11.771 12.2909 12.5601 12.8221 12.8111 12.2587 11.9937 11.9799 11.6109 10.9531 10.5444 9.79114 9.00596 9.32096 10.4976 9.98981 10.8264 10.7671 10.9294 10.3877 9.3444 7.95423 7.14169 6.74687 6.03141 -9999 -9999 -9999 -9999 -9999 -9999 -9999 -9999 -9999 -9999 -9999 -9999 -9999 -9999 -9999 -9999 -9999 -9999 -9999 -9999 -9999 -9999 -9999 -9999 -9999 -9999 -9999 -9999 -9999 -9999 -9999 -9999 -9999 -9999 -9999 -9999 -9999 -9999 -9999 -9999 -9999 -9999
-9999 -9999 -9999 10.5655 10.9431 11.7563 12.1658 12.3435 12.7605 12.7707 12.5674 12.4166 12.1936 11.8994 11.4078 10.8644 10.1567 10.1012 10.8579 10.878 10.733 10.8661 11.2597 11.1692 10.3231 8.85376 8.08492 6.5 5.83285 5.91374 5.44447 -9999 -9999 -9999 -9999 -9999 -9999 -9999 -9999 -9999 -9999 -9999 -9999 7.44394 -9999 -9999 -9999 -9999 -9999 -9999 -9999 -9999 -9999 -9999 -9999 -9999 -9999 -9999 -9999 -9999 -9999 -9999 -9999 -9999 4.8229 -9999 -9999 -9999 -9999 -9999 -9999 -9999
-9999 -9999 10.4925 10.9916 11.3907 11.903 11.9536 12.2548 12.7329 12.7489 12.6074 12.4468 12.0734 11.989 11.7139 11.1231 11.0111 11.2661 11.3895 11.5278 11.6171 11.5642 11.4196 11.2294 10.6815 10.0078 9.55918 8.11909 7.39108 6.70238 5.65434 4.8372 -9999 -9999 -9999 -9999 -9999 -9999 -9999 6.8443 6.81727 6.84837 7.09305 7.74694 7.38213 -9999 -9999 -9999 -9999 -9999 -9999 -9999 -9999 -9999 -9999 -9999 -9999 -9999 -9999 -9999 -9999 -9999 -9999 -9999 5.40456 4.58404 -9999 -9999 -9999 -9999 -9999 -9999
-9999 -9999 10.6196 11.1559 11.4274 11.9249 12.2129 12.3916 12.5629 12.7274 12.7108 12.5319 12.255 12.2676 11.8827 11.6804 11.5393 11.8805 11.9569 11.8356 11.6805 11.5445 11.1398 11.1022 10.9703 10.5464 9.84403 9.12005 8.05991 6.63279 5.2337 4.10768 -9999 -9999 -9999 -9999 -9999 -9999 6.95405 7.49948 7.83115 7.1645 7.75676 8.29911 8.22662 7.72526 -9999 -9999 -9999 -9999 -9999 -9999 -9999 -9999 -9999 -9999 -9999 -9999 -9999 -9999 9.30845 8.46633 6.75166 5.8795 5.36188 4.6171 -9999 -9999 -9999 -9999 -9999 -9999
-9999 -9999 10.5166 11.1483 11.5784 11.961 12.0282 12.4145 12.5852 12.6776 12.6772 12.6497 12.6072 12.2725 12.1351 11.6242 12.1353 12.1279 12.0128 11.5234 11.3174 10.4687 10.101 10.0204 10.7535 10.2294 9.12412 7.73999 6.06846 5.96751 5.42484 4.41974 -9999 -9999 -9999 -9999 -9999 -9999 7.12144 7.70399 8.1922 8.27377 7.61114 8.56534 8.54173 8.02691 7.91961 8.36411 8.59565 8.44291 8.97215 9.13625 8.91654 9.18504 -9999 -9999 -9999 -9999 9.40251 9.45024 9.48957 9.14643 7.27193 5.99612 4.85204 4.76061 -9999 -9999 -9999 -9999 -9999 -9999
-9999 -9999 10.951 11.3421 11.543 11.5811 11.9249 12.2625 12.4729 12.6319 12.6109 12.6087 12.6063 12.4992 12.236 12.297 12.2865 12.138 11.1966 10.0956 10.5917 9.94229 8.5351 9.69258 10.3337 9.73831 8.39663 6.8394 6.33057 6.3603 5.60099 4.62122 -9999 -9999 -9999 5.52742 6.35648 6.44029 6.69365 7.46657 8.05744 8.5053 8.81435 8.81643 8.51684 8.01346 7.46531 7.67736 8.69784 8.9562 9.17433 9.3439 9.14084 9.26746 9.55007 9.70244 9.74376 9.6934 9.69196 9.72707 9.70807 9.38873 7.71302 6.76015 6.15737 4.94047 -9999 -9999 -9999 -9999 -9999 -9999
-9999 -9999 10.7094 11.0501 11.3271 11.7811 11.8352 12.1267 12.2978 12.5536 12.5914 12.3077 12.5612 12.541 12.5072 12.4228 12.2936 11.501 10.404 9.30391 8.80201 9.02842 8.18852 8.63407 9.28349 9.0597 8.23994 6.85367 6.66721 6.34805 5.06055 3.82431 -9999 -9999 3.93297 5.51202 6.62769 7.20938 7.39834 7.42787 8.16911 8.23866 9.03546 8.8634 7.83921 7.96808 7.57603 7.84984 8.23265 8.3466 8.88917 9.41379 9.52343 9.53875 9.72341 9.77174 9.79386 9.80242 9.6991 9.76539 9.7867 9.59259 8.38245 7.79945 7.15748 4.95858 -9999 -9999 -9999 -9999 -9999 -9999
-9999 -9999 10.8792 11.2588 11.674 11.7463 12.0558 12.0316 11.9476 12.3788 12.5397 12.3424 12.2038 12.4903 12.483 12.4585 12.4105 11.6667 10.8038 9.49099 8.67939 8.18424 7.83722 7.36782 7.7061 7.61553 7.49082 7.65569 7.28146 6.52109 5.77345 4.36266 3.60652 -9999 4.0189 4.73859 6.06313 7.19068 7.91105 7.66925 8.51043 8.67647 9.16631 8.8977 8.28095 8.02279 8.01097 7.94061 8.51123 8.89877 9.17466 9.36466 9.59826 9.66734 9.73669 9.77322 9.799 9.82493 9.83504 9.84365 9.83199 9.7673 9.21817 8.63762 7.36477 5.03324 -9999 -9999 -9999 -9999 -9999 -9999
-9999 9.78998 10.8382 11.4704 11.7184 11.899 12.0592 12.1772 12.297 12.4146 12.4991 12.4746 11.9362 11.9925 12.1031 12.4271 12.4173 12.3613 11.8951 10.2954 9.74757 8.94343 7.8997 7.46789 7.69789 8.57169 8.54294 7.98071 7.35318 6.4775 5.92715 5.0677 3.40592 3.56888 4.33496 4.90841 5.81281 7.18829 8.15626 8.59512 8.76857 9.11626 9.30294 8.93051 8.57749 8.43576 8.16282 8.13498 8.14963 8.49941 8.77351 9.37158 9.58146 9.68437 9.74331 9.781 9.81193 9.84256 9.86164 9.8634 9.8771 9.88578 9.85893 9.08005 7.11438 5.64062 -9999 -9999 -9999 -9999 -9999 -9999
-9999 -9999 10.6463 10.9268 11.0037 11.1349 11.3989 11.7028 12.1277 12.19 12.4317 12.44 11.9763 11.4412 11.9295 12.1311 12.3398 12.3582 12.309 10.9641 10.2667 9.71955 8.71915 9.09236 9.4484 9.48437 9.2851 8.06811 6.85627 5.45341 4.14856 4.09715 3.40026 3.78656 4.29699 5.58754 6.49963 6.87717 7.15186 8.5497 8.92222 9.05829 9.42504 8.95355 8.84429 8.4932 8.6136 8.59425 8.60888 7.61481 8.63597 8.70865 9.37958 9.68833 9.76827 9.79952 9.83195 9.84802 9.86479 9.8748 9.8946 9.89865 9.90402 9.40335 6.90273 5.66004 -9999 -9999 -9999 -9999 -9999 -9999
-9999 -9999 -9999 -9999 10.744 10.9591 11.099 11.338 12.0555 12.2561 12.3929 12.4136 12.2133 11.6831 11.5529 11.6647 11.1496 11.6038 12.2194 12.216 12.1538 10.9738 10.3739 10.9734 10.8038 9.91838 9.22358 8.53805 7.11744 6.07631 4.57915 3.45801 3.42715 4.68926 5.73937 7.04518 7.62865 7.31694 7.68154 8.38212 9.17614 9.56639 9.48951 8.99186 8.93361 8.38556 8.94874 9.00837 8.76477 8.55599 8.65549 8.99387 9.13098 9.65863 9.79618 9.83105 9.84793 9.86299 9.87373 9.88383 9.8922 9.9009 9.90819 9.89981 7.32914 5.33773 -9999 -9999 -9999 -9999 -9999 -9999
-9999 -9999 -9999 -9999 10.2482 10.3808 10.7226 11.5931 12.0479 12.2387 12.2414 12.3358 12.1977 11.7331 11.2565 10.8083 10.2266 10.5791 11.4908 12.0327 12.1042 11.0712 11.6235 11.4299 11.0387 9.8777 9.02457 8.57681 7.21328 6.04361 5.05123 3.67716 4.28156 4.94637 5.79717 7.22035 8.18511 8.58915 8.27383 8.72645 9.63832 9.6558 9.1763 9.22053 8.93406 8.18059 8.99039 9.22725 9.05893 9.11842 9.0623 9.19631 9.4299 9.6539 9.80715 9.83893 9.85388 9.86215 9.87482 9.88895 9.89282 9.90783 9.91523 9.9171 8.26336 5.30077 -9999 -9999 -9999 -9999 -9999 -9999
-9999 -9999 -9999 -9999 -9999 9.80144 10.575 11.7288 12.0156 11.9975 12.2434 12.2737 12.056 11.8693 11.2882 10.4903 8.94589 9.35526 10.1954 11.401 12.0397 11.9658 11.6259 11.0294 9.57178 8.29725 8.1508 7.95016 6.95766 6.05834 4.95377 5.61154 6.33137 7.11815 7.53763 7.4447 8.27319 8.95108 8.68173 9.23412 9.87624 9.60333 9.44693 9.3176 8.98449 8.97611 9.02482 9.49017 9.18948 9.39462 9.4108 9.41283 9.53302 9.66944 9.81208 9.8461 9.85912 9.87405 9.87198 9.89073 9.89717 9.90418 9.91227 9.91613 9.78062 8.19424 7.2506 -9999 -9999 -9999 -9999 -9999
-9999 -9999 -9999 -9999 -9999 9.09307 9.48148 10.8471 11.2688 11.8777 12.2056 12.2301 11.8552 11.6518 10.7798 10.5058 9.07833 8.43856 9.00434 8.80429 10.4595 11.925 11.6176 8.69119 7.63736 6.88837 7.0928 7.10429 6.8351 5.29965 4.88573 6.27771 7.15879 7.84446 8.36785 8.487 8.48239 9.5355 9.68643 10.0372 9.97639 10.0203 9.50772 9.19521 9.49217 9.17741 9.1341 9.61445 9.16644 9.59573 9.5579 9.44571 9.45204 9.73934 9.80769 9.84969 9.86436 9.86627 9.86549 9.87107 9.89396 9.90431 9.90405 9.92018 9.92094 9.7502 8.93542 8.66153 9.00019 -9999 -9999 -9999
-9999 -9999 -9999 -9999 -9999 -9999 8.21429 10.1102 10.9755 11.4373 12.0851 12.1721 11.9766 11.6167 10.7284 9.94916 8.67434 7.21654 6.44918 8.79257 10.8332 11.9033 11.7735 9.3393 8.38453 8.34957 8.92747 8.45786 8.10419 6.93885 6.59986 6.12467 6.43643 7.38724 8.16656 8.91894 9.4696 9.52652 9.88858 10.1013 10.1304 10.2058 10.1566 10.1187 9.62529 9.988 9.70372 9.87406 9.78529 9.7064 9.63894 9.36193 9.5796 9.7738 9.8333 9.86109 9.86243 9.87249 9.87783 9.87432 9.88062 9.89398 9.90727 9.91338 9.92897 9.94049 9.86404 9.3804 8.72708 7.89705 -9999 -9999
-9999 -9999 -9999 -9999 -9999 -9999 7.27127 9.15832 10.0665 11.2415 11.8493 12.1025 12.0815 11.792 11.12 10.1025 9.25719 7.62814 5.93597 8.39496 10.5852 11.7727 11.8458 9.8007 10.3803 9.93002 10.1257 9.29307 8.95316 8.68271 8.08898 7.43897 6.72684 6.35629 8.09024 8.98685 9.71103 10.0594 10.262 10.3696 10.3315 10.2137 9.46176 10.0571 10.0392 9.99387 9.93999 9.92047 9.8728 9.81438 9.78369 9.7816 9.60192 9.83324 9.84205 9.85703 9.87032 9.87722 9.87936 9.88334 9.88558 9.90008 9.90763 9.91549 9.92598 9.94396 9.95439 9.94341 9.82681 8.70649 8.04245 7.86779
-9999 -9999 -9999 -9999 -9999 -9999 4.62953 7.37248 9.57155 10.7287 11.6718 11.939 12.0461 11.6535 11.3633 10.6374 9.95072 8.88459 7.28129 6.29865 8.14218 10.817 11.8076 11.74 11.6889 11.1669 10.6975 10.6472 10.6935 10.1415 9.33941 8.28823 7.96862 7.60817 8.90274 9.08915 9.00809 10.4307 10.4468 10.3795 9.85289 9.26154 9.38891 9.02609 9.32568 8.89263 9.31501 9.68184 9.82676 9.8284 9.7926 9.80045 9.79169 9.84416 9.85549 9.86147 9.86912 9.87923 9.88698 9.88405 9.88866 9.90897 9.91255 9.91952 9.92671 9.9464 9.95975 9.95571 9.95333 9.79444 9.54722 9.06229
-9999 -9999 -9999 -9999 -9999 -9999 4.74609 7.04853 9.00887 10.1869 11.3224 11.5941 11.985 11.9145 11.6098 10.9802 10.1906 9.31522 7.94131 6.92312 8.16029 9.93941 11.2168 11.6798 11.6831 11.663 11.5529 11.5138 11.3841 11.2899 10.7179 9.72576 9.17028 8.35214 9.7934 9.96608 9.75499 10.4808 10.4577 9.39178 8.57519 8.48457 9.00278 8.53421 8.46294 8.17398 8.52516 9.44511 9.19437 9.2591 9.68143 9.76164 9.82046 9.84418 9.85339 9.86364 9.86909 9.8829 9.89704 9.89444 9.90092 9.9116 9.9107 9.92288 9.92753 9.94082 9.94891 9.95407 9.95314 9.91911 9.88311 9.956
-9999 -9999 -9999 -9999 -9999 -9999 4.79674 6.34271 8.10801 9.83921 11.0513 11.5467 11.9108 11.9184 11.5621 11.255 10.7644 9.99553 9.47183 8.55367 7.28896 9.4403 10.1069 10.7017 10.9596 11.5804 11.5757 11.3062 10.9828 11.2952 11.2179 10.4349 10.1854 9.75615 10.5631 10.5771 10.5674 10.5372 9.63855 8.38456 7.38481 8.12601 7.98643 8.33299 7.31031 8.17781 8.87654 9.11162 8.65573 8.32216 9.40287 9.59642 9.71404 9.79377 9.8504 9.85209 9.87565 9.88227 9.89239 9.90256 9.90738 9.91618 9.92158 9.92705 9.93323 9.94779 9.95177 9.95631 9.97128 9.9587 9.96342 9.96993
-9999 -9999 -9999 -9999 -9999 -9999 -9999 5.43226 7.6648 9.6625 10.7794 11.4859 11.8358 11.8408 11.6641 11.4592 11.1593 10.6077 9.9117 8.80496 7.98625 8.52471 9.17795 9.25929 9.6976 10.9484 11.3825 10.7923 9.3113 10.1986 11.1872 11.1827 11.1108 11.0292 10.9196 10.8241 10.601 9.98272 8.06324 7.69774 6.9526 7.05148 6.67543 7.53669 7.23268 8.11772 8.50837 8.66358 7.86938 8.05083 9.01567 9.40313 9.35312 9.59565 9.82594 9.84583 9.86501 9.87246 9.89062 9.90614 9.91658 9.92328 9.93095 9.94084 9.93862 9.96214 9.90649 9.87592 9.79721 9.92997 9.95646 9.98643
-9999 -9999 -9999 -9999 -9999 -9999 -9999 4.98545 7.21719 9.56847 10.3303 11.0913 11.7499 11.7736 11.4974 11.2355 10.9654 10.6564 9.80958 8.98869 8.20539 7.94997 8.12133 8.11655 8.81924 10.4458 10.7692 10.6463 9.09933 8.58557 9.90261 11.0114 11.1094 11.0217 9.74221 10.0294 9.34504 8.41264 8.16518 7.76431 6.9031 7.33651 6.7091 6.99623 6.93571 7.44364 7.69774 8.29932 7.60882 7.62295 8.57122 9.05316 9.07749 9.58272 9.77109 9.83001 9.85472 9.87643 9.89229 9.91413 9.92404 9.9316 9.93712 9.92897 9.88847 9.732 8.81995 8.8372 9.10959 9.368 9.82691 9.97428
-9999 -9999 -9999 -9999 -9999 -9999 -9999 5.24124 6.79305 8.8807 10.43 10.5373 11.2964 11.6938 11.3924 11.0517 10.7031 10.5572 9.6345 8.61971 7.80194 6.83173 7.00469 7.72061 8.88068 9.93526 10.1326 9.92762 9.10027 9.50424 10.4062 10.8906 11.0417 10.9438 10.6745 10.5241 10.0234 9.81346 9.11348 8.01201 7.58587 7.87648 6.70642 6.80173 7.2517 6.80004 7.57867 7.95786 7.06259 7.80069 8.63636 9.06984 9.45046 9.63743 9.7198 9.83935 9.85549 9.87802 9.89675 9.90935 9.92375 9.92122 9.92191 9.83786 9.70682 8.85108 8.51122 8.59836 9.0169 9.38518 9.78078 9.94688
-9999 -9999 -9999 -9999 -9999 -9999 -9999 5.50252 6.90094 8.71261 9.82033 10.0273 10.868 11.617 11.5459 11.191 11.091 10.7228 9.94198 9.07822 8.13298 7.67928 6.62127 7.68526 8.52539 9.42025 9.84468 9.16508 8.83352 9.45228 10.0676 10.3204 10.942 10.9481 10.7615 9.91694 9.5115 9.70053 9.53357 9.23185 8.47761 8.45612 7.97616 7.78476 7.60466 6.9913 7.40337 7.45601 7.58288 8.45991 8.90115 9.19807 9.46934 9.55023 9.6757 9.83471 9.86103 9.87994 9.89319 9.91006 9.91372 9.8869 9.8668 9.68224 9.34409 8.70007 7.65484 8.42389 9.22727 9.48699 9.73424 9.86834
-9999 -9999 -9999 -9999 -9999 -9999 -9999 5.26409 6.74928 8.29931 8.95359 9.07364 10.5864 11.5172 11.5301 11.3678 11.1765 10.2501 10.3167 10.1407 9.28911 8.0434 6.67407 6.81484 7.64638 8.82292 9.22023 8.09442 7.70697 8.01212 8.9367 9.76566 10.6308 10.8595 10.6213 9.29991 7.89497 8.56478 9.27969 9.2884 9.09496 8.3964 8.18322 7.99144 7.48516 6.62039 6.76076 7.01784 8.01812 8.34202 8.83524 9.24711 9.10999 9.21117 9.60591 9.83821 9.86006 9.87773 9.89888 9.908 9.90929 9.84133 9.76869 9.63694 8.73084 8.17322 7.36157 8.34834 8.90094 9.215 9.74181 9.87904
-9999 -9999 -9999 -9999 -9999 -9999 -9999 4.8054 5.88616 7.36833 7.97212 8.92909 10.3594 11.0686 11.4146 11.4187 11.295 10.8865 10.6456 10.1595 9.27318 8.05699 6.70374 5.82666 6.28952 7.86723 8.24996 7.21199 6.69405 7.36533 8.34997 9.80233 10.6373 10.7605 10.6983 10.4355 9.41315 8.17541 8.1922 8.83185 8.31984 7.72273 8.07079 8.0214 7.52169 7.16164 6.94696 7.10805 7.68003 7.92483 8.49268 9.32447 9.45505 9.44523 9.8033 9.83412 9.85586 9.88269 9.89627 9.90727 9.91126 9.85852 9.72251 9.12426 8.60462 7.87593 7.79918 8.68608 9.08903 9.45919 9.72566 9.82289
-9999 -9999 -9999 -9999 -9999 -9999 -9999 4.01698 5.28691 6.67617 7.97785 9.21011 10.2724 10.3649 10.9306 10.9414 11.2434 11.1718 10.794 10.3865 9.62446 8.05892 6.74426 5.3094 5.70194 7.31274 7.52311 6.837 5.55957 6.90244 8.38222 9.72456 10.4568 9.90426 10.4951 10.4599 10.0846 9.3528 8.20815 8.24265 7.38809 7.36304 7.82112 7.9784 7.91693 7.64987 7.21708 7.31204 7.66408 7.76401 8.28703 8.93539 9.5696 9.68742 9.8194 9.83817 9.85389 9.87747 9.89276 9.89403 9.87664 9.82081 9.32153 8.72514 8.36363 7.86054 7.81294 8.83056 9.2551 9.49493 9.72745 9.82867
-9999 -9999 -9999 -9999 -9999 -9999 -9999 -9999 5.15571 6.59072 7.65553 7.95039 8.89588 9.4117 9.81353 9.91157 11.0371 11.1101 10.8749 10.5015 9.85336 8.66821 7.84587 6.47006 5.48429 5.90225 6.09499 6.47307 6.37673 6.98216 8.40464 9.88622 10.0586 9.13705 9.28752 9.49516 9.94534 9.73572 8.17151 7.38302 6.7307 7.21572 7.72532 7.85828 7.89508 7.81194 7.72107 7.54206 8.22012 8.72534 8.8528 9.29508 9.62517 9.72619 9.80571 9.82759 9.84973 9.86384 9.85952 9.86041 9.7954 9.63197 9.07177 7.70396 7.78363 7.64931 7.23454 8.23246 8.87349 9.43869 9.74647 9.83767
-9999 -9999 -9999 -9999 -9999 -9999 -9999 -9999 4.67934 6.33809 6.69718 6.68246 6.14815 6.41071 8.44483 8.86368 9.94366 10.9669 10.9043 10.5383 9.93259 9.23142 8.13946 6.59076 5.36246 4.84341 6.18677 7.50541 7.78762 8.21764 9.09388 9.27008 8.32795 7.4453 7.95987 8.27477 9.4401 9.66297 9.45137 8.51392 7.44032 6.88594 7.5679 7.67003 7.72288 7.74352 7.74158 7.72723 8.48978 8.91789 9.21902 9.38914 9.67454 9.75774 9.79373 9.82849 9.83748 9.83749 9.80872 9.7742 9.5737 9.32812 8.40114 7.63095 7.15652 6.55037 7.96659 8.40771 9.00852 9.3997 9.70615 9.78586
