Test_Spring_2018b/03_18/Temp/20180304_003.txt
ncols	170
nrows	115
xllcorner	350000.000000
yllcorner	4445000.000000
cellsize	1000.000000
nodata_value	-9999.000000
[rows 32 to 63 of 115, columns 72 to 143 of 170]
11.6761 11.3232 11.8662 12.366 12.059 11.8572 12.6817 12.6804 12.3982 11.7371 11.4936 11.2412 11.086 10.2381 7.86188 5.71958 6.86499 6.89053 6.09565 7.51622 6.76306 4.80118 2.03234 3.5343 3.14084 1.17591 0.690366 -9999 -9999 -9999 -9999 -9999 -9999 -9999 -9999 -9999 -9999 -9999 -9999 -9999 -9999 -9999 -9999 -9999 -9999 -9999 -9999 -9999 -9999 -9999 -9999 -9999 -9999 -9999 -9999 -9999 -9999 -9999 -9999 -9999 -9999 -9999 -9999 -9999 -9999 -9999 -9999 -9999 -9999 -9999 -9999 -9999
11.2117 11.0595 11.8669 11.849 11.796 12.0893 12.6021 12.7027 12.5919 12.3029 12.0524 11.7861 11.1123 10.1427 8.10887 5.67063 5.11637 6.30725 6.36275 6.55266 5.86608 5.00408 3.65657 4.7565 5.18239 3.8895 2.19982 1.1146 -9999 -9999 -9999 -9999 -9999 -9999 -9999 -9999 -9999 -9999 -9999 -9999 -9999 -9999 -9999 -9999 -9999 -9999 -9999 -9999 -9999 -9999 -9999 -9999 -9999 -9999 -9999 -9999 -9999 -9999 -9999 -9999 -9999 -9999 -9999 -9999 -9999 -9999 -9999 -9999 -9999 -9999 -9999 -9999
10.6564 9.87133 10.3575 10.7223 11.3985 11.5781 11.6784 12.6415 12.5892 12.5434 12.1304 11.7999 11.253 10.3198 8.99162 7.39271 4.6098 6.32311 7.66427 7.6281 7.55271 6.94822 5.65354 6.73308 6.78179 5.13122 3.2569 2.15178 1.69344 -9999 -9999 -9999 -9999 -9999 -9999 -9999 -9999 -9999 -9999 -9999 -9999 -9999 -9999 -9999 -9999 -9999 -9999 -9999 -9999 -9999 -9999 -9999 -9999 -9999 -9999 -9999 -9999 -9999 -9999 -9999 -9999 -9999 -9999 -9999 -9999 -9999 -9999 -9999 -9999 -9999 -9999 -9999
10.0243 9.06548 9.55458 10.2077 11.1312 11.6088 11.9731 12.2603 12.5533 12.5175 12.0949 10.8491 10.6701 10.6149 9.74578 7.92316 6.10285 5.63 7.67682 8.26131 8.13991 8.59539 7.49829 8.01374 7.79946 7.21396 5.40941 3.76298 3.08071 1.73452 -9999 -9999 -9999 -9999 -9999 -9999 -9999 -9999 -9999 -9999 -9999 -9999 -9999 -9999 -9999 -9999 -9999 -9999 -9999 -9999 -9999 -9999 -9999 -9999 -9999 -9999 -9999 -9999 -9999 -9999 -9999 -9999 -9999 -9999 -9999 -9999 -9999 -9999 -9999 -9999 -9999 -9999
-9999 -9999 8.46831 9.35898 10.0981 10.9979 11.777 12.1664 12.5446 12.5131 11.6698 11.2566 11.2194 10.6496 9.64645 9.01621 7.86949 6.6747 7.12857 8.87362 8.0945 9.33012 9.22324 9.44851 8.61894 7.05113 4.9538 3.72978 3.11924 2.02805 -9999 -9999 -9999 -9999 -9999 -9999 -9999 -9999 -9999 -9999 -9999 -9999 -9999 -9999 -9999 -9999 -9999 -9999 -9999 -9999 -9999 -9999 -9999 -9999 -9999 -9999 -9999 -9999 -9999 -9999 -9999 -9999 -9999 -9999 -9999 -9999 -9999 -9999 -9999 -9999 -9999 -9999
-9999 -9999 -9999 9.20184 9.76539 10.9712 11.5935 11.846 12.4568 12.4573 12.1373 11.8954 11.5447 11.0868 10.3326 9.50043 8.4218 8.32033 9.43594 9.4477 9.21211 9.3934 9.96532 9.81168 8.52839 6.31923 5.14905 2.77147 1.75289 1.8552 1.13284 -9999 -9999 -9999 -9999 -9999 -9999 -9999 -9999 -9999 -9999 -9999 -9999 3.86928 -9999 -9999 -9999 -9999 -9999 -9999 -9999 -9999 -9999 -9999 -9999 -9999 -9999 -9999 -9999 -9999 -9999 -9999 -9999 -9999 -0.522265 -9999 -9999 -9999 -9999 -9999 -9999 -9999
-9999 -9999 9.09933 9.85382 10.4397 11.1955 11.2665 11.7177 12.4202 12.4297 12.2026 11.946 11.3701 11.2264 10.7965 9.89318 9.707 10.0707 10.2371 10.4259 10.5412 10.4436 10.2088 9.90589 9.07959 8.05222 7.36207 5.1898 4.09165 3.0407 1.45106 0.207226 -9999 -9999 -9999 -9999 -9999 -9999 -9999 3.0553 2.99442 3.02065 3.36694 4.32646 3.75933 -9999 -9999 -9999 -9999 -9999 -9999 -9999 -9999 -9999 -9999 -9999 -9999 -9999 -9999 -9999 -9999 -9999 -9999 -9999 0.352136 -0.902002 -9999 -9999 -9999 -9999 -9999 -9999
-9999 -9999 9.31107 10.1031 10.4985 11.2326 11.6526 11.9275 12.1708 12.4032 12.3634 12.0796 11.6482 11.6499 11.0553 10.7339 10.5038 10.9963 11.092 10.8915 10.6405 10.4182 9.7936 9.7193 9.51585 8.86298 7.79278 6.69017 5.09764 2.94021 0.824555 -0.882113 -9999 -9999 -9999 -9999 -9999 -9999 3.24372 4.0407 4.5173 3.49778 4.36487 5.15717 5.02804 4.25267 -9999 -9999 -9999 -9999 -9999 -9999 -9999 -9999 -9999 -9999 -9999 -9999 -9999 -9999 6.30034 5.01527 2.42218 1.09126 0.291235 -0.849639 -9999 -9999 -9999 -9999 -9999 -9999
-9999 -9999 9.1588 10.0945 10.7284 11.2913 11.3813 11.9609 12.2098 12.3345 12.3193 12.2625 12.1824 11.6636 11.4396 10.6554 11.4026 11.3723 11.1807 10.4282 10.1007 8.81014 8.24092 8.11333 9.19438 8.39157 6.71786 4.62621 2.11419 1.94715 1.11507 -0.410308 -9999 -9999 -9999 -9999 -9999 -9999 3.49839 4.35089 5.06198 5.16367 4.15006 5.55949 5.5005 4.70792 4.52601 5.17101 5.49684 5.24933 6.01796 6.24245 5.89174 6.27268 -9999 -9999 -9999 -9999 6.49018 6.53942 6.57569 6.03838 3.20566 1.26966 -0.469432 -0.633618 -9999 -9999 -9999 -9999 -9999 -9999
-9999 -9999 9.81169 10.3878 10.6792 10.7266 11.232 11.7391 12.0474 12.2734 12.2274 12.2085 12.1882 12.0101 11.5974 11.67 11.6349 11.3928 9.96236 8.29297 9.01722 8.02549 5.90656 7.62541 8.56881 7.65943 5.63169 3.28092 2.51117 2.5399 1.38329 -0.103928 -9999 -9999 -9999 1.17492 2.39701 2.50211 2.8612 3.99886 4.86367 5.51427 5.95676 5.94128 5.46662 4.69109 3.84845 4.14505 5.65317 6.01915 6.32429 6.55702 6.23136 6.39875 6.80101 7.00804 7.04853 6.95144 6.92741 6.95781 6.90669 6.40503 3.87088 2.41864 1.4905 -0.374338 -9999 -9999 -9999 -9999 -9999 -9999
-9999 -9999 9.45321 9.95418 10.3601 11.0345 11.1061 11.533 11.7883 12.1627 12.2049 11.7643 12.1276 12.0798 12.0106 11.8647 11.6514 10.4436 8.77955 7.1112 6.33957 6.66663 5.38977 6.04154 6.99747 6.64628 5.40222 3.30779 3.01133 2.52398 0.577906 -1.29375 -9999 -9999 -1.1899 1.15626 2.80779 3.65891 3.92137 3.94485 5.03489 5.11832 6.29166 6.0148 4.4546 4.62652 4.01776 4.40687 4.95796 5.10757 5.90146 6.66418 6.80734 6.8092 7.06485 7.11615 7.12804 7.1194 6.9428 7.01999 7.02929 6.71522 4.87791 3.97984 2.99122 -0.342487 -9999 -9999 -9999 -9999 -9999 -9999
-9999 -9999 9.71384 10.2739 10.8874 10.9871 11.4421 11.3972 11.2703 11.9042 12.1345 11.8234 11.5992 12.0107 11.9809 11.9246 11.8325 10.6973 9.38374 7.39622 6.16019 5.40488 4.86668 4.14884 4.63862 4.48599 4.28234 4.51271 3.93666 2.78783 1.64909 -0.482416 -1.63487 -9999 -1.05653 0.00171722 1.96617 3.63521 4.69393 4.31066 5.55036 5.77828 6.49297 6.06966 5.12024 4.71075 4.67174 4.54503 5.37897 5.93854 6.33267 6.59618 6.92337 7.00599 7.08902 7.12283 7.1404 7.15797 7.15148 7.14229 7.10219 6.982 6.13513 5.23934 3.30629 -0.225985 -9999 -9999 -9999 -9999 -9999 -9999
-9999 8.08595 9.65452 10.594 10.9578 11.2207 11.4527 11.6209 11.7991 11.965 12.0785 12.0286 11.205 11.2714 11.4182 11.8837 11.8484 11.7436 11.0242 8.60627 7.76992 6.5475 4.96532 4.30226 4.62996 5.92277 5.86321 5.00423 4.04736 2.72529 1.88415 0.577574 -1.93087 -1.70629 -0.578235 0.260791 1.59552 3.63601 5.06567 5.70233 5.94123 6.44242 6.70133 6.12109 5.5671 5.33325 4.90285 4.83984 4.8406 5.3437 5.73504 6.61013 6.90365 7.03568 7.10332 7.1391 7.16459 7.18936 7.19645 7.17706 7.17495 7.16463 7.09954 5.90723 2.92904 0.682496 -9999 -9999 -9999 -9999 -9999 -9999
-9999 -9999 9.36944 9.78253 9.89078 10.0804 10.4686 10.9162 11.5516 11.6338 11.983 11.9821 11.2717 10.4518 11.1642 11.446 11.7378 11.7442 11.6493 9.61714 8.55267 7.71404 6.19681 6.74021 7.25698 7.29441 6.97954 5.13959 3.30734 1.19508 -0.77819 -0.873427 -1.93551 -1.37546 -0.630554 1.28308 2.62926 3.17413 3.56472 5.6384 6.17633 6.35844 6.88692 6.15924 5.97066 5.42299 5.58199 5.53168 5.5324 4.02162 5.53249 5.62037 6.60495 7.04684 7.14515 7.17147 7.1994 7.20251 7.20626 7.19929 7.20632 7.18851 7.16756 6.39098 2.61647 0.716217 -9999 -9999 -9999 -9999 -9999 -9999
-9999 -9999 -9999 -9999 9.5057 9.82149 10.0244 10.3751 11.4493 11.7388 11.9313 11.948 11.6317 10.82 10.6054 10.7525 9.95921 10.6188 11.5221 11.4968 11.3842 9.59721 8.68152 9.56281 9.29193 7.94867 6.89137 5.8481 3.7032 2.13293 -0.128386 -1.82662 -1.89145 -0.019161 1.53547 3.47194 4.32558 3.83745 4.36269 5.39145 6.56013 7.12371 6.98728 6.2203 6.10824 5.26531 6.08783 6.15585 5.76961 5.43571 5.56536 6.05153 6.23621 7.00632 7.19191 7.22324 7.22803 7.22976 7.22456 7.21776 7.20522 7.19364 7.17891 7.13977 3.25991 0.237563 -9999 -9999 -9999 -9999 -9999 -9999
-9999 -9999 -9999 -9999 8.76668 8.95932 9.46498 10.7624 11.4429 11.718 11.7094 11.8366 11.6136 10.8996 10.1661 9.47375 8.58101 9.08839 10.4339 11.2259 11.3135 9.74675 10.5577 10.2505 9.64763 7.89151 6.59705 5.91024 3.85102 2.08806 0.583321 -1.49388 -0.606637 0.370581 1.62594 3.73866 5.16367 5.74805 5.2544 5.91142 7.25664 7.2615 6.52161 6.56665 6.11257 4.96175 6.15382 6.48744 6.21402 6.28219 6.17863 6.3586 6.68798 7.00315 7.21238 7.23957 7.24134 7.23299 7.23073 7.22896 7.2111 7.2088 7.19403 7.17 4.664 0.186146 -9999 -9999 -9999 -9999 -9999 -9999
-9999 -9999 -9999 -9999 -9999 8.09529 9.24801 10.9699 11.3987 11.3606 11.7166 11.7477 11.4054 11.1077 10.2176 9.00119 6.66564 7.25808 8.49647 10.283 11.2207 11.0911 10.5651 9.65398 7.45298 5.52676 5.29139 4.97495 3.47182 2.11398 0.441157 1.40895 2.46922 3.62925 4.23824 4.07873 5.29959 6.29444 5.86956 6.67604 7.61697 7.18659 6.93086 6.71573 6.19176 6.15749 6.20895 6.88498 6.41319 6.69968 6.70449 6.68672 6.84623 7.03021 7.22362 7.25424 7.25325 7.25487 7.23029 7.23582 7.22174 7.20734 7.19345 7.17224 6.94134 4.52584 3.08155 -9999 -9999 -9999 -9999 -9999
-9999 -9999 -9999 -9999 -9999 7.03775 7.61302 9.65206 10.283 11.1842 11.663 11.6854 11.1074 10.785 9.45902 9.02783 6.86732 5.88801 6.71525 6.39532 8.85636 11.0339 10.5566 6.15373 4.55777 3.41907 3.70948 3.71088 3.29167 0.980555 0.342718 2.41081 3.71271 4.72121 5.48593 5.64429 5.61663 7.17368 7.37889 7.88315 7.7707 7.81507 7.02554 6.53588 6.95608 6.46266 6.37621 7.07472 6.38215 7.00457 6.92845 6.73954 6.72845 7.13857 7.22065 7.26325 7.26436 7.24659 7.22395 7.20958 7.22009 7.21063 7.18417 7.18131 7.15458 6.86054 5.6094 5.16894 5.6468 -9999 -9999 -9999
-9999 -9999 -9999 -9999 -9999 -9999 5.71732 8.55061 9.84604 10.5267 11.4845 11.6003 11.2934 10.7354 9.38468 8.19635 6.26488 4.05899 2.88975 6.38159 9.42037 11.0053 10.7941 7.12888 5.68126 5.6125 6.46246 5.74272 5.19674 3.44036 2.91475 2.18457 2.63324 4.03947 5.18735 6.29466 7.0992 7.16337 7.68449 7.98272 8.00502 8.09661 8.00149 7.92336 7.15898 7.68085 7.23327 7.46719 7.313 7.17382 7.05335 6.61743 6.92304 7.19362 7.2624 7.28215 7.26408 7.25844 7.24489 7.2171 7.20229 7.19734 7.19121 7.17339 7.169 7.14803 7.00358 6.249 5.24048 3.96769 -9999 -9999
-9999 -9999 -9999 -9999 -9999 -9999 4.30709 7.12638 8.48587 10.2348 11.1359 11.5009 11.4523 11.0001 9.97349 8.42851 7.14097 4.67874 2.12201 5.78819 9.0526 10.8135 10.905 7.82424 8.6759 7.98458 8.26149 6.99753 6.47194 6.05678 5.14926 4.15698 3.07183 2.49676 5.07561 6.39909 7.46371 7.9647 8.24693 8.38663 8.3089 8.11189 6.96357 7.83447 7.78266 7.69298 7.59071 7.54009 7.44749 7.33897 7.27363 7.24967 6.95975 7.28551 7.27552 7.27813 7.27779 7.26724 7.24878 7.23213 7.21185 7.20871 7.19321 7.17817 7.16635 7.15501 7.14111 7.09524 6.89141 5.1839 4.16092 3.86936
-9999 -9999 -9999 -9999 -9999 -9999 0.35093 4.45206 7.75069 9.47196 10.8727 11.2573 11.4006 10.794 10.3399 9.23204 8.18267 6.56439 4.14117 2.64837 5.39355 9.38319 10.8517 10.7345 10.6407 9.84175 9.12174 9.02981 9.08279 8.24587 7.02689 5.43315 4.93463 4.37519 6.29556 6.55474 6.41266 8.52371 8.52647 8.40411 7.59328 6.68695 6.85629 6.2927 6.7165 6.04588 6.65736 7.18575 7.38175 7.36322 7.29023 7.28044 7.24669 7.30031 7.29739 7.28627 7.27723 7.27132 7.26109 7.23399 7.21727 7.2231 7.20246 7.18636 7.16881 7.16 7.15094 7.11591 7.08369 6.8174 6.41941 5.66292
-9999 -9999 -9999 -9999 -9999 -9999 0.533053 3.98366 6.90917 8.66378 10.3505 10.7415 11.3102 11.1864 10.7108 9.74764 8.54445 7.21235 5.13323 3.58744 5.42198 8.07192 9.96792 10.6459 10.6358 10.5886 10.4068 10.3322 10.121 9.97071 9.09536 7.58907 6.73769 5.49226 7.63244 7.87106 7.53418 8.60102 8.54519 6.92644 5.68116 5.52378 6.28077 5.5571 5.42473 4.97208 5.47687 6.83419 6.43622 6.51225 7.12595 7.2253 7.28659 7.30198 7.29559 7.29055 7.27796 7.27735 7.27655 7.24986 7.23593 7.22742 7.20074 7.19202 7.17204 7.15299 7.13619 7.11546 7.08588 7.00713 6.92101 7.00052
-9999 -9999 -9999 -9999 -9999 -9999 0.60854 2.9284 5.56094 8.14449 9.9457 10.6719 11.2002 11.1936 10.6409 10.1614 9.40655 8.23443 7.42981 6.03421 4.11956 7.32469 8.30852 9.18392 9.55306 10.4664 10.4425 10.0218 9.53117 9.98135 9.8462 8.65411 8.26106 7.59841 8.78789 8.78884 8.75378 8.68777 7.31993 5.41943 3.89982 4.98915 4.75852 5.25871 3.7004 4.97759 6.00313 6.33404 5.63208 5.11116 6.71152 6.97309 7.1288 7.22782 7.29216 7.27399 7.28824 7.27662 7.26962 7.26199 7.24558 7.23438 7.21734 7.19975 7.18126 7.16406 7.14177 7.11517 7.10939 7.06395 7.04432 7.02425
-9999 -9999 -9999 -9999 -9999 -9999 -9999 1.56419 4.90081 7.88014 9.53853 10.5811 11.0885 11.0781 10.7948 10.4687 9.99998 9.15387 8.09138 6.41345 5.16741 5.9556 6.91995 7.02609 7.66542 9.52261 10.156 9.25445 7.0277 8.33848 9.80149 9.77591 9.64911 9.50747 9.32422 9.16103 8.80615 7.85892 4.9614 4.39178 3.25381 3.38061 2.79565 4.0675 3.58587 4.89055 5.45443 5.66563 4.45419 4.70698 6.12294 6.68276 6.58712 6.92995 7.25641 7.26519 7.27259 7.26197 7.26687 7.26717 7.25921 7.24236 7.22862 7.21757 7.18598 7.18142 7.06993 6.99611 6.85045 7.02215 7.03522 7.03657
-9999 -9999 -9999 -9999 -9999 -9999 -9999 0.902478 4.23277 7.74148 8.86754 9.9915 10.9613 10.9791 10.5468 10.1355 9.71179 9.2295 7.94122 6.69191 5.49911 5.09769 5.33612 5.31733 6.3527 8.77276 9.24005 9.03846 6.71214 5.92373 7.87878 9.52157 9.64922 9.49824 7.56096 7.97129 6.9253 5.50734 5.11565 4.49385 3.18207 3.81035 2.84882 3.25785 3.14376 3.88334 4.2426 5.12273 4.06664 4.06865 5.45875 6.15989 6.17534 6.9115 7.17271 7.23974 7.25518 7.2657 7.2669 7.27648 7.26757 7.25448 7.23773 7.19996 7.11327 6.84994 5.44236 5.44069 5.82162 6.18198 6.83837 7.0191
-9999 -9999 -9999 -9999 -9999 -9999 -9999 1.28955 3.60027 6.71345 9.01925 9.16333 10.2837 10.8615 10.3916 9.86251 9.32116 9.08366 7.68183 6.14212 4.89781 3.42526 3.66611 4.72089 6.44835 8.01104 8.28918 7.96426 6.71649 7.30319 8.63595 9.34278 9.54993 9.38359 8.96021 8.71476 7.94401 7.60885 6.53908 4.86747 4.2078 4.62219 2.84753 2.96918 3.62235 2.92178 4.06715 4.61398 3.25096 4.32739 5.55824 6.18648 6.73556 6.99444 7.09649 7.25405 7.25638 7.2679 7.27327 7.26895 7.26678 7.23871 7.21493 7.06367 6.84161 5.53319 4.98035 5.08385 5.68416 6.20946 6.75513 6.97845
-9999 -9999 -9999 -9999 -9999 -9999 -9999 1.68515 3.76548 6.46464 8.10833 8.40163 9.64421 10.7489 10.6242 10.0738 9.90526 9.33478 8.14573 6.83251 5.39727 4.69882 3.09492 4.67127 5.9195 7.24265 7.86084 6.83539 6.31976 7.22817 8.13126 8.49092 9.40298 9.39254 9.09293 7.80715 7.17921 7.44198 7.17108 6.69806 5.5468 5.49355 4.75318 4.44522 4.15419 3.21141 3.80742 3.86485 4.0233 5.31739 5.95693 6.38029 6.76523 6.86484 7.03117 7.2476 7.26493 7.27084 7.26787 7.26989 7.25166 7.18726 7.13248 6.83082 6.29863 5.30777 3.69761 4.82336 6.00068 6.3475 6.68564 6.86087
-9999 -9999 -9999 -9999 -9999 -9999 -9999 1.33216 3.54209 5.84876 6.81263 6.97546 9.22511 10.6021 10.6033 10.3418 10.0364 8.62938 8.71056 8.42805 7.13329 5.24796 3.17748 3.37024 4.60087 6.35097 6.92835 5.23415 4.63461 5.0729 6.43933 7.66228 8.93926 9.26233 8.88544 6.88498 4.75919 5.74249 6.79323 6.78549 6.47471 5.40686 5.06634 4.75785 3.97803 2.65594 2.8474 3.21116 4.67941 5.14286 5.86012 6.45551 6.22819 6.35797 6.92758 7.2536 7.26402 7.2679 7.27666 7.26702 7.24523 7.11924 6.98584 6.76347 5.38032 4.51912 3.26311 4.71104 5.51271 5.93383 6.69705 6.87683
-9999 -9999 -9999 -9999 -9999 -9999 -9999 0.649351 2.2528 4.45746 5.3454 6.76226 8.8881 9.9331 10.4334 10.4211 10.2172 9.58651 9.20677 8.4597 7.11291 5.27184 3.22546 1.89281 2.56833 4.9223 5.47783 3.91504 3.11984 4.10673 5.56307 7.7202 8.95196 9.11682 9.00356 8.58966 7.03716 5.16178 5.16632 6.10416 5.316 4.4002 4.90081 4.80572 4.03574 3.47506 3.12949 3.33848 4.17511 4.51987 5.34881 6.57332 6.74699 6.71019 7.22464 7.24852 7.25861 7.27609 7.2734 7.26651 7.24877 7.14562 6.91731 5.99593 5.19202 4.07455 3.9339 5.21808 5.77856 6.29987 6.67283 6.79245
-9999 -9999 -9999 -9999 -9999 -9999 -9999 -0.527397 1.35922 3.42438 5.35797 7.18722 8.76139 8.88201 9.71165 9.70941 10.1435 10.0175 9.43277 8.80343 7.64292 5.27831 3.28977 1.1212 1.69129 4.08973 4.40367 3.35648 1.42304 3.41632 5.61465 7.60684 8.68451 7.83669 8.70218 8.62922 8.04642 6.9293 5.19329 5.22425 3.92273 3.86425 4.52973 4.74435 4.63111 4.20974 3.5348 3.64685 4.1537 4.28122 5.04284 5.9923 6.92053 7.07485 7.25032 7.25599 7.25692 7.26941 7.26921 7.24769 7.19788 7.09011 6.31741 5.39882 4.8319 4.05254 3.95556 5.44064 6.02782 6.35357 6.67546 6.80084
-9999 -9999 -9999 -9999 -9999 -9999 -9999 -9999 1.16731 3.30082 4.87925 5.30353 6.7026 7.45752 8.04139 8.16986 9.83808 9.92886 9.55771 8.97955 7.98963 6.19507 4.94434 2.86426 1.36878 1.98005 2.26695 2.81456 2.65113 3.53924 5.65168 7.85253 8.09114 6.69032 6.8958 7.1868 7.84112 7.50648 5.1417 3.93928 2.94084 3.64673 4.38938 4.56752 4.6015 4.45571 4.28291 3.99582 4.98961 5.72441 5.89311 6.53359 7.00594 7.13495 7.23167 7.2419 7.25235 7.25056 7.22092 7.1988 7.07758 6.80852 5.94449 3.8698 3.96398 3.73717 3.08982 4.54114 5.4495 6.26952 6.70394 6.81402
-9999 -9999 -9999 -9999 -9999 -9999 -9999 -9999 0.458322 2.92697 3.44764 3.40784 2.58911 2.96436 5.99431 6.60345 8.20328 9.71806 9.60552 9.03832 8.1121 7.04285 5.38806 3.0489 1.18998 0.405744 2.40214 4.36523 4.76912 5.39441 6.68826 6.93284 5.50128 4.15869 4.90983 5.36155 7.08759 7.40107 7.0633 5.63763 4.00779 3.15597 4.15687 4.28873 4.34669 4.35633 4.32084 4.2743 5.39653 6.01567 6.4445 6.67703 7.08231 7.18453 7.21593 7.2454 7.23611 7.21315 7.14681 7.07159 6.74729 6.35505 4.94127 3.76208 3.02573 2.09163 4.18803 4.80451 5.65953 6.21148 6.64358 6.7361
