Test_Spring_2018b/03_18/Temp/20180315_021.txt
ncols	170
nrows	115
xllcorner	350000.000000
yllcorner	4445000.000000
cellsize	1000.000000
nodata_value	-9999.000000
[rows 32 to 63 of 115, columns 72 to 143 of 170]
10.5551 10.2234 10.7235 11.1837 10.8993 10.7142 11.4711 11.4678 11.2037 10.5879 10.3601 10.1241 9.97849 9.19004 6.98279 4.99304 6.05633 6.08023 5.34284 6.663 5.96536 4.14594 1.57776 2.97551 2.61376 0.80352 0.356162 -9999 -9999 -9999 -9999 -9999 -9999 -9999 -9999 -9999 -9999 -9999 -9999 -9999 -9999 -9999 -9999 -9999 -9999 -9999 -9999 -9999 -9999 -9999 -9999 -9999 -9999 -9999 -9999 -9999 -9999 -9999 -9999 -9999 -9999 -9999 -9999 -9999 -9999 -9999 -9999 -9999 -9999 -9999 -9999 -9999
10.1091 9.96388 10.7096 10.6891 10.6469 10.9153 11.3828 11.4741 11.3692 11.0989 10.8645 10.6156 9.98856 9.08703 7.19771 4.93322 4.41839 5.52435 5.57656 5.75404 5.11818 4.31994 3.07134 4.09563 4.4944 3.30226 1.74247 0.740907 -9999 -9999 -9999 -9999 -9999 -9999 -9999 -9999 -9999 -9999 -9999 -9999 -9999 -9999 -9999 -9999 -9999 -9999 -9999 -9999 -9999 -9999 -9999 -9999 -9999 -9999 -9999 -9999 -9999 -9999 -9999 -9999 -9999 -9999 -9999 -9999 -9999 -9999 -9999 -9999 -9999 -9999 -9999 -9999
9.57864 8.84585 9.29343 9.6283 10.2681 10.4194 10.5104 11.4025 11.3519 11.3073 10.922 10.6134 10.1041 9.23636 8.00222 6.51705 3.93292 5.52399 6.76999 6.73759 6.66926 6.11013 4.91057 5.91586 5.96433 4.44039 2.7112 1.6883 1.2657 -9999 -9999 -9999 -9999 -9999 -9999 -9999 -9999 -9999 -9999 -9999 -9999 -9999 -9999 -9999 -9999 -9999 -9999 -9999 -9999 -9999 -9999 -9999 -9999 -9999 -9999 -9999 -9999 -9999 -9999 -9999 -9999 -9999 -9999 -9999 -9999 -9999 -9999 -9999 -9999 -9999 -9999 -9999
8.9766 8.08264 8.53303 9.13562 9.99527 10.4398 10.7691 11.0336 11.3034 11.268 10.8737 9.71509 9.54726 9.49467 8.68664 6.99371 5.30336 4.86461 6.76588 7.30987 7.19892 7.62407 6.60807 7.08968 6.89399 6.35462 4.68862 3.16888 2.53826 1.29081 -9999 -9999 -9999 -9999 -9999 -9999 -9999 -9999 -9999 -9999 -9999 -9999 -9999 -9999 -9999 -9999 -9999 -9999 -9999 -9999 -9999 -9999 -9999 -9999 -9999 -9999 -9999 -9999 -9999 -9999 -9999 -9999 -9999 -9999 -9999 -9999 -9999 -9999 -9999 -9999 -9999 -9999
-9999 -9999 7.50944 8.33849 9.01449 9.85777 10.5719 10.9311 11.2799 11.2483 10.4631 10.0775 10.0411 9.51048 8.57793 7.99206 6.92713 5.81809 6.24039 7.86212 7.14065 8.29037 8.194 8.40637 7.63957 6.18966 4.25046 3.1229 2.5589 1.54821 -9999 -9999 -9999 -9999 -9999 -9999 -9999 -9999 -9999 -9999 -9999 -9999 -9999 -9999 -9999 -9999 -9999 -9999 -9999 -9999 -9999 -9999 -9999 -9999 -9999 -9999 -9999 -9999 -9999 -9999 -9999 -9999 -9999 -9999 -9999 -9999 -9999 -9999 -9999 -9999 -9999 -9999
-9999 -9999 -9999 8.17775 8.691 9.80743 10.3863 10.6182 11.1827 11.1806 10.881 10.6541 10.3264 9.89953 9.19791 8.42446 7.42273 7.3289 8.36576 8.37831 8.16177 8.33284 8.86704 8.72793 7.54157 5.49501 4.41232 2.21825 1.27555 1.37313 0.704483 -9999 -9999 -9999 -9999 -9999 -9999 -9999 -9999 -9999 -9999 -9999 -9999 3.23278 -9999 -9999 -9999 -9999 -9999 -9999 -9999 -9999 -9999 -9999 -9999 -9999 -9999 -9999 -9999 -9999 -9999 -9999 -9999 -9999 -0.913453 -9999 -9999 -9999 -9999 -9999 -9999 -9999
-9999 -9999 8.0653 8.76163 9.30257 10.001 10.0741 10.4835 11.133 11.1389 10.9253 10.6843 10.1471 10.0118 9.61107 8.77136 8.59823 8.93639 9.09205 9.26919 9.37882 9.29132 9.07687 8.79965 8.03875 7.08919 6.45263 4.4439 3.43291 2.4599 0.986113 -0.167198 -9999 -9999 -9999 -9999 -9999 -9999 -9999 2.47217 2.41352 2.43554 2.75452 3.64268 3.11314 -9999 -9999 -9999 -9999 -9999 -9999 -9999 -9999 -9999 -9999 -9999 -9999 -9999 -9999 -9999 -9999 -9999 -9999 -9999 -0.116816 -1.28487 -9999 -9999 -9999 -9999 -9999 -9999
-9999 -9999 8.24598 8.97856 9.34259 10.0209 10.4073 10.6628 10.8855 11.0981 11.0579 10.7913 10.3879 10.3871 9.83324 9.53371 9.31972 9.77757 9.86778 9.68377 9.4536 9.25078 8.67502 8.61058 8.42853 7.82727 6.83837 5.81908 4.35328 2.35322 0.391258 -1.19165 -9999 -9999 -9999 -9999 -9999 -9999 2.63555 3.37352 3.81379 2.86469 3.66711 4.39989 4.27691 3.55491 -9999 -9999 -9999 -9999 -9999 -9999 -9999 -9999 -9999 -9999 -9999 -9999 -9999 -9999 5.40322 4.20714 1.7965 0.557666 -0.188423 -1.25124 -9999 -9999 -9999 -9999 -9999 -9999
-9999 -9999 8.0901 8.95617 9.54169 10.0608 10.1407 10.6681 10.9059 11.018 11.0002 10.9439 10.8663 10.3818 10.1717 9.44226 10.1356 10.108 9.93169 9.2355 8.93476 7.74063 7.21686 7.10548 8.11486 7.37508 5.82647 3.88945 1.56643 1.41839 0.648552 -0.765813 -9999 -9999 -9999 -9999 -9999 -9999 2.85929 3.64861 4.30642 4.39818 3.45418 4.7598 4.70311 3.96339 3.79046 4.38513 4.68329 4.45597 5.16472 5.36808 5.03751 5.38648 -9999 -9999 -9999 -9999 5.56957 5.61241 5.64336 5.14179 2.50885 0.708366 -0.909535 -1.07133 -9999 -9999 -9999 -9999 -9999 -9999
-9999 -9999 8.68197 9.21422 9.48174 9.52222 9.98758 10.4475 10.7393 10.9448 10.898 10.8764 10.8538 10.6853 10.2996 10.3654 10.3323 10.108 8.78145 7.23408 7.91015 6.99488 5.03217 6.63661 7.51897 6.68102 4.80446 2.62755 1.92265 1.95657 0.885778 -0.493839 -9999 -9999 -9999 0.694235 1.82753 1.92323 2.2544 3.30819 4.1084 4.71095 5.11872 5.1052 4.65797 3.9339 3.1473 3.41828 4.81401 5.14915 5.43395 5.64475 5.33724 5.48429 5.85351 6.04178 6.07576 5.98233 5.95701 5.98244 5.93231 5.46384 3.11166 1.76052 0.895716 -0.848611 -9999 -9999 -9999 -9999 -9999 -9999
-9999 -9999 8.33406 8.79662 9.17047 9.7936 9.85606 10.248 10.4749 10.8261 10.8606 10.447 10.7801 10.732 10.6649 10.5276 10.3289 9.20804 7.66477 6.11873 5.40639 5.71401 4.53447 5.14847 6.04287 5.7263 4.57878 2.6403 2.37062 1.92692 0.125874 -1.60953 -9999 -9999 -1.51124 0.666221 2.19809 2.98625 3.22743 3.24641 4.25544 4.32964 5.41566 5.15848 3.70347 3.85893 3.29077 3.64744 4.14981 4.28406 5.02153 5.7252 5.8532 5.85026 6.08331 6.12699 6.13448 6.12327 5.95643 6.02546 6.03158 5.73745 4.02887 3.19218 2.2662 -0.836151 -9999 -9999 -9999 -9999 -9999 -9999
-9999 -9999 8.56198 9.07943 9.64605 9.73494 10.1533 10.1075 9.97945 10.5635 10.779 10.4851 10.2721 10.6501 10.6192 10.5648 10.4786 9.42518 8.20757 6.36553 5.22248 4.52571 4.03268 3.37745 3.83956 3.70517 3.52322 3.74389 3.21841 2.1609 1.10775 -0.866706 -1.93503 -9999 -1.39752 -0.415984 1.40626 2.95363 3.93386 3.57484 4.72251 4.93054 5.59335 5.19654 4.30857 3.91961 3.87871 3.75636 4.52598 5.04164 5.40741 5.64677 5.9462 6.01818 6.09094 6.11841 6.13124 6.14448 6.13572 6.1247 6.0851 5.97112 5.18228 4.34359 2.54539 -0.741197 -9999 -9999 -9999 -9999 -9999 -9999
-9999 7.03459 8.49336 9.36315 9.6979 9.93828 10.1493 10.3007 10.4563 10.6055 10.7059 10.6593 9.88944 9.94652 10.0792 10.5091 10.4754 10.3788 9.71307 7.47172 6.69906 5.57241 4.11064 3.50498 3.81735 5.02584 4.97842 4.18836 3.30682 2.08874 1.31567 0.105956 -2.2199 -2.01052 -0.963295 -0.185374 1.052 2.94403 4.26839 4.85606 5.07413 5.53792 5.77448 5.22774 4.70666 4.48464 4.0801 4.0167 4.01255 4.47489 4.83761 5.64545 5.91289 6.03136 6.08983 6.11918 6.13944 6.15948 6.16346 6.14309 6.13889 6.12704 6.06087 4.9507 2.17751 0.0846238 -9999 -9999 -9999 -9999 -9999 -9999
-9999 -9999 8.2154 8.59651 8.69389 8.86618 9.22212 9.63266 10.2128 10.284 10.6031 10.5971 9.93537 9.16912 9.82671 10.0858 10.3558 10.3624 10.2766 8.39437 7.41166 6.63989 5.23898 5.75413 6.24271 6.28623 6.00243 4.30218 2.60849 0.657135 -1.16962 -1.25378 -2.23504 -1.71329 -1.02178 0.753867 2.00173 2.50484 2.86414 4.78579 5.28287 5.44529 5.93128 5.25078 5.06878 4.55511 4.69762 4.64583 4.64152 3.23388 4.63574 4.71208 5.62133 6.02727 6.11476 6.1354 6.15801 6.15805 6.15902 6.15029 6.15466 6.13362 6.10825 5.38331 1.87449 0.1031 -9999 -9999 -9999 -9999 -9999 -9999
-9999 -9999 -9999 -9999 8.32337 8.6127 8.79649 9.11696 10.1044 10.368 10.5413 10.5515 10.2528 9.49584 9.29243 9.42625 8.68862 9.3024 10.1433 10.1242 10.0256 8.37361 7.53372 8.36097 8.1187 6.88075 5.90811 4.9481 2.96463 1.51686 -0.576921 -2.14913 -2.20604 -0.465726 0.979136 2.77594 3.56637 3.11015 3.59425 4.54512 5.62566 6.14409 6.01238 5.29509 5.18395 4.3959 5.1543 5.21226 4.84855 4.53362 4.65277 5.09894 5.26553 5.97609 6.14437 6.17014 6.17137 6.1702 6.16295 6.15444 6.13794 6.1238 6.1064 6.06602 2.4592 -0.354117 -9999 -9999 -9999 -9999 -9999 -9999
-9999 -9999 -9999 -9999 7.62448 7.79942 8.2643 9.46366 10.0857 10.3357 10.3223 10.435 10.2227 9.55512 8.87049 8.22485 7.39486 7.86674 9.11872 9.85859 9.94602 8.49867 9.26221 8.98621 8.43592 6.81492 5.62239 4.99367 3.09008 1.46364 0.0726288 -1.85119 -1.02388 -0.114495 1.05167 3.01268 4.33356 4.87284 4.41081 5.01643 6.26064 6.26003 5.56774 5.60417 5.17531 4.1012 5.20261 5.50709 5.2481 5.3065 5.20901 5.37094 5.67196 5.96022 6.15056 6.17234 6.17102 6.16055 6.15606 6.15105 6.1313 6.12565 6.10807 6.08154 3.75018 -0.41467 -9999 -9999 -9999 -9999 -9999 -9999
-9999 -9999 -9999 -9999 -9999 6.98473 8.0504 9.64393 10.0322 9.99152 10.3166 10.34 10.017 9.73607 8.90574 7.77362 5.60392 6.15476 7.30725 8.97055 9.84719 9.73431 9.25639 8.41965 6.38556 4.60665 4.39755 4.11281 2.72567 1.47547 -0.0714697 0.832146 1.82023 2.89945 3.46553 3.31659 4.44798 5.36853 4.97008 5.71435 6.583 6.17809 5.93517 5.72987 5.236 5.19853 5.2408 5.86319 5.42003 5.68119 5.68435 5.66279 5.80623 5.9728 6.14858 6.17364 6.16976 6.16861 6.14312 6.14532 6.12896 6.11194 6.09502 6.07095 5.85188 3.60185 2.25548 -9999 -9999 -9999 -9999 -9999
-9999 -9999 -9999 -9999 -9999 5.99064 6.52022 8.4083 8.98427 9.81596 10.2551 10.2706 9.72895 9.42545 8.19025 7.78719 5.77971 4.87178 5.64243 5.34966 7.64061 9.66961 9.23675 5.15767 3.68513 2.63723 2.91612 2.92635 2.5455 0.410111 -0.175886 1.74935 2.9618 3.90037 4.61108 4.75728 4.72947 6.17183 6.3588 6.8224 6.71292 6.74875 6.01011 5.54984 5.93261 5.46879 5.38302 6.02632 5.37824 5.95142 5.87959 5.69928 5.68446 6.06115 6.13369 6.16996 6.16765 6.14868 6.1249 6.10861 6.11498 6.10241 6.07367 6.0665 6.03689 5.75656 4.58947 4.17513 4.61356 -9999 -9999 -9999
-9999 -9999 -9999 -9999 -9999 -9999 4.74829 7.374 8.56705 9.19406 10.0783 10.1807 9.89132 9.36892 8.11113 7.00519 5.21044 3.16225 2.08091 5.32714 8.15419 9.63261 9.44638 6.05172 4.71645 4.66155 5.45956 4.79982 4.30091 2.68037 2.19835 1.52522 1.94534 3.25406 4.31948 5.34692 6.09188 6.14818 6.62773 6.90135 6.91703 6.99672 6.90289 6.82475 6.10767 6.58662 6.16562 6.37764 6.22957 6.09573 5.98297 5.57349 5.8529 6.10018 6.16048 6.17396 6.15484 6.14708 6.13167 6.10263 6.08566 6.07714 6.06716 6.046 6.03704 6.0102 5.87068 5.16472 4.2231 3.03631 -9999 -9999
-9999 -9999 -9999 -9999 -9999 -9999 3.4274 6.04035 7.29291 8.91211 9.7426 10.0788 10.0292 9.60519 8.64865 7.21172 6.01497 3.72876 1.35613 4.76294 7.80353 9.44478 9.5369 6.68646 7.48542 6.85182 7.11714 5.9515 5.47099 5.09542 4.25844 3.34165 2.33887 1.80508 4.20024 5.42845 6.41499 6.87703 7.13494 7.25972 7.18422 6.99695 5.92533 6.7285 6.67315 6.58441 6.48417 6.43214 6.34141 6.23618 6.17496 6.14817 5.87479 6.17123 6.15726 6.15734 6.15462 6.14222 6.12215 6.10336 6.08075 6.07367 6.05561 6.03697 6.02108 6.00314 5.9849 5.93705 5.7427 4.15241 3.19799 2.92096
-9999 -9999 -9999 -9999 -9999 -9999 -0.257188 3.54623 6.59725 8.19138 9.49029 9.84303 9.97189 9.40498 8.98027 7.94945 6.97394 5.47134 3.22253 1.83883 4.39166 8.10089 9.47756 9.37804 9.2984 8.56405 7.90298 7.82485 7.88088 7.11323 5.98862 4.51282 4.05046 3.53287 5.31655 5.55656 5.4228 7.37998 7.37863 7.26036 6.50227 5.65812 5.80982 5.28291 5.66933 5.04137 5.60406 6.08981 6.26721 6.24571 6.17776 6.16057 6.12579 6.16959 6.16437 6.15161 6.1407 6.13249 6.11995 6.09136 6.07198 6.07314 6.04931 6.02939 6.00956 5.99396 5.98031 5.94265 5.90777 5.65581 5.28184 4.5731
-9999 -9999 -9999 -9999 -9999 -9999 -0.101276 3.09234 5.80506 7.43353 8.9957 9.35479 9.87906 9.76082 9.31645 8.42019 7.30197 6.06506 4.13561 2.70241 4.40889 6.87424 8.63989 9.278 9.28248 9.24534 9.08322 9.022 8.83217 8.70179 7.89362 6.49573 5.7079 4.55312 6.54078 6.76171 6.44718 7.435 7.37954 5.87217 4.71106 4.5597 5.26074 4.58345 4.4534 4.03046 4.49428 5.7499 5.37083 5.43758 6.00801 6.09652 6.14615 6.15765 6.1491 6.14186 6.12752 6.1241 6.1202 6.09189 6.07505 6.06286 6.03349 6.02034 5.99667 5.97132 5.95265 5.92841 5.89613 5.81845 5.73024 5.79776
-9999 -9999 -9999 -9999 -9999 -9999 -0.0435026 2.1015 4.54245 6.94131 8.61015 9.28087 9.76816 9.75905 9.2434 8.79645 8.09463 7.00623 6.25998 4.96593 3.19084 6.17033 7.08939 7.91015 8.25894 9.11324 9.09744 8.71309 8.27366 8.69645 8.57176 7.46804 7.10537 6.49143 7.59622 7.59643 7.56224 7.4984 6.225 4.45638 3.04092 4.04754 3.82839 4.2917 2.83793 4.01315 4.96043 5.26312 4.61062 4.12318 5.61004 5.84443 5.98587 6.07492 6.13192 6.11232 6.12275 6.10897 6.0992 6.08851 6.06932 6.05464 6.03426 6.01315 5.99066 5.96712 5.94124 5.90691 5.89675 5.85319 5.83098 5.80585
-9999 -9999 -9999 -9999 -9999 -9999 -9999 0.822176 3.92131 6.68448 8.22115 9.18611 9.65431 9.64216 9.377 9.07268 8.63663 7.85093 6.86513 5.30872 4.15413 4.88912 5.78996 5.8962 6.49496 8.22476 8.81836 7.98665 5.92808 7.14658 8.50879 8.48815 8.37272 8.2426 8.0767 7.92447 7.59339 6.71151 4.01807 3.48146 2.42042 2.53337 1.98524 3.16534 2.71147 3.91792 4.4368 4.62852 3.49966 3.73589 5.04116 5.55756 5.46569 5.78116 6.08431 6.08958 6.09349 6.0805 6.08167 6.07828 6.06691 6.04381 6.02628 6.01105 5.97589 5.96406 5.85537 5.78188 5.64199 5.79713 5.80536 5.79505
-9999 -9999 -9999 -9999 -9999 -9999 -9999 0.201273 3.29067 6.54569 7.58841 8.62928 9.52721 9.54149 9.13827 8.75501 8.3608 7.91287 6.71728 5.55856 4.45302 4.08294 4.30757 4.29899 5.26468 7.51628 7.9548 7.77219 5.61732 4.88889 6.70729 8.23514 8.35547 8.21632 6.41776 6.79812 5.82544 4.5066 4.13996 3.55906 2.33704 2.91605 2.01871 2.39386 2.28612 2.96816 3.29726 4.11024 3.12572 3.12928 4.41003 5.05754 5.06865 5.74913 5.98871 6.04799 6.05925 6.06574 6.06333 6.06839 6.05597 6.0394 6.0192 5.97933 5.89396 5.64348 4.32919 4.32287 4.67206 5.00246 5.60401 5.7636
-9999 -9999 -9999 -9999 -9999 -9999 -9999 0.549983 2.69295 5.58098 7.7194 7.85074 8.88881 9.42327 8.98529 8.49284 7.98948 7.76879 6.4676 5.03899 3.88525 2.52015 2.74648 3.729 5.34195 6.79674 7.05887 6.76099 5.60672 6.1544 7.39435 8.05261 8.2463 8.09254 7.69941 7.47077 6.75368 6.44036 5.44434 3.88899 3.27281 3.65359 2.00162 2.1103 2.71248 2.06066 3.11984 3.62347 2.35403 3.34876 4.4877 5.06739 5.5738 5.81093 5.90251 6.04565 6.04456 6.05185 6.05322 6.04535 6.03924 6.00884 5.98225 5.83716 5.62628 4.40669 3.88496 3.97645 4.52946 5.01306 5.50629 5.71029
-9999 -9999 -9999 -9999 -9999 -9999 -9999 0.906528 2.83578 5.33963 6.86352 7.13367 8.2854 9.30935 9.19206 8.67993 8.52272 7.99281 6.88905 5.67049 4.33914 3.69239 2.20537 3.67161 4.83923 6.07095 6.64815 5.70009 5.22393 6.0697 6.91014 7.24554 8.09333 8.084 7.80558 6.61087 6.02637 6.26832 6.01424 5.57204 4.4997 4.44658 3.75527 3.46533 3.19107 2.3148 2.86405 2.91335 3.05045 4.25311 4.84292 5.23223 5.58606 5.6751 5.82617 6.02377 6.03645 6.03841 6.03197 6.02998 6.00899 5.94496 5.88972 5.60514 5.10645 4.18188 2.67841 3.71921 4.80806 5.12067 5.42601 5.58525
-9999 -9999 -9999 -9999 -9999 -9999 -9999 0.567871 2.61763 4.75725 5.65013 5.79934 7.88633 9.16327 9.16302 8.91913 8.63495 7.3282 7.4037 7.14196 5.94077 4.19163 2.27098 2.45208 3.6001 5.23063 5.76939 4.19971 3.64508 4.05381 5.32398 6.46052 7.64677 7.94681 7.59642 5.73801 3.76272 4.67375 5.64695 5.63694 5.34522 4.35027 4.03046 3.74023 3.01232 1.77994 1.95794 2.29171 3.64997 4.07596 4.73783 5.28671 5.07187 5.18873 5.71405 6.01323 6.01935 6.01932 6.02372 6.0109 5.98666 5.86554 5.73742 5.5266 4.23794 3.43391 2.26123 3.59929 4.33941 4.71572 5.4206 5.58395
-9999 -9999 -9999 -9999 -9999 -9999 -9999 -0.0771781 1.40961 3.45466 4.2772 5.59094 7.56311 8.53189 8.99514 8.98275 8.79274 8.20674 7.85416 7.16088 5.91114 4.20281 2.30419 1.06857 1.69778 3.89168 4.40725 2.96145 2.2247 3.14238 4.49562 6.49919 7.64314 7.79603 7.69022 7.30483 5.8618 4.11854 4.12041 4.9885 4.25368 3.40008 3.86141 3.76948 3.05081 2.52642 2.20509 2.38877 3.16656 3.48226 4.24768 5.38054 5.53783 5.49982 5.97374 5.99222 5.9979 6.01041 6.00414 5.99388 5.97346 5.87364 5.65752 4.7978 4.0471 3.00523 2.87033 4.05424 4.56508 5.03948 5.38193 5.48929
-9999 -9999 -9999 -9999 -9999 -9999 -9999 -1.18102 0.5688 2.48445 4.27798 5.97474 7.43477 7.54534 8.31443 8.31135 8.71366 8.59629 8.05324 7.46911 6.39214 4.19748 2.35231 0.340231 0.871237 3.10292 3.40045 2.42955 0.635578 2.48736 4.52922 6.37935 7.37997 6.59236 7.39517 7.32623 6.7835 5.74428 4.13007 4.15618 2.94478 2.8873 3.50181 3.69752 3.58869 3.19366 2.56254 2.66017 3.13144 3.2453 3.94804 4.82534 5.68305 5.82231 5.9813 5.98271 5.97976 5.98757 5.98359 5.95977 5.90964 5.80563 5.08416 4.22716 3.69661 2.96877 2.87449 4.24745 4.78051 5.07313 5.36805 5.48062
-9999 -9999 -9999 -9999 -9999 -9999 -9999 -9999 0.379298 2.35848 3.82233 4.21461 5.51211 6.21165 6.75256 6.87083 8.41902 8.50282 8.158 7.62129 6.70256 5.03703 3.87673 1.94663 0.559522 1.12963 1.40364 1.91328 1.76252 2.5879 4.54978 6.59343 6.81477 5.51353 5.70338 5.97226 6.57814 6.26542 4.06737 2.9483 2.01833 2.67061 3.35679 3.51863 3.54646 3.40726 3.23672 2.97436 3.89231 4.56986 4.72189 5.31208 5.74631 5.86185 5.94755 5.95305 5.95884 5.95334 5.92202 5.89769 5.78133 5.52767 4.72151 2.79117 2.87458 2.65985 2.05458 3.39255 4.22154 4.97882 5.3781 5.47631
-9999 -9999 -9999 -9999 -9999 -9999 -9999 -9999 -0.290531 1.99987 2.48161 2.44302 1.68128 2.02829 4.84038 5.40492 6.88955 8.29547 8.1907 7.66408 6.8044 5.81223 4.27666 2.10587 0.381193 -0.344559 1.513 3.34018 3.71605 4.29724 5.4989 5.72599 4.39643 3.14911 3.8455 4.26351 5.86441 6.15341 5.83742 4.51101 2.99475 2.20064 3.12657 3.24538 3.29539 3.3004 3.25738 3.21424 4.25487 4.82482 5.21816 5.42934 5.80106 5.89153 5.91641 5.93963 5.92701 5.90181 5.83643 5.76286 5.45803 5.09011 3.77364 2.6749 1.98723 1.11585 3.05818 3.6211 4.40406 4.90868 5.30567 5.38738
