Test_Spring_2018b/03_18/Temp/20180322_006.txt
ncols	170
nrows	115
xllcorner	350000.000000
yllcorner	4445000.000000
cellsize	1000.000000
nodata_value	-9999.000000
[rows 31 to 61 of 115, columns 71 to 141 of 170]
8.09891 8.35464 7.8822 7.9332 9.07068 9.33067 9.3166 9.2201 9.11421 8.57449 8.39574 7.97118 7.22133 6.90875 5.57272 1.24649 2.47465 2.95655 1.704 2.40703 3.54951 2.55827 -0.387299 -1.6555 -3.69926 -3.06004 -3.67893 -5.32498 -9999 -9999 -9999 -9999 -9999 -9999 -9999 -9999 -9999 -9999 -9999 -9999 -9999 -9999 -9999 -9999 -9999 -9999 -9999 -9999 -9999 -9999 -9999 -9999 -9999 -9999 -9999 -9999 -9999 -9999 -9999 -9999 -9999 -9999 -9999 -9999 -9999 -9999 -9999 -9999 -9999 -9999 -9999
7.87115 7.84574 7.39084 8.10276 8.75848 8.35938 8.09969 9.17715 9.17974 8.81651 7.95979 7.64714 7.32287 7.12519 6.02543 2.93506 0.149354 1.64585 1.68369 0.6529 2.50763 1.531 -1.02008 -4.62231 -2.662 -3.17055 -5.73629 -6.36617 -9999 -9999 -9999 -9999 -9999 -9999 -9999 -9999 -9999 -9999 -9999 -9999 -9999 -9999 -9999 -9999 -9999 -9999 -9999 -9999 -9999 -9999 -9999 -9999 -9999 -9999 -9999 -9999 -9999 -9999 -9999 -9999 -9999 -9999 -9999 -9999 -9999 -9999 -9999 -9999 -9999 -9999 -9999
7.48826 7.25185 7.0584 8.11478 8.09613 8.02751 8.41313 9.08469 9.22014 9.08022 8.70817 8.38648 8.04411 7.17111 5.91274 3.26834 0.0971845 -0.62014 0.935538 1.01234 1.26413 0.374224 -0.744241 -2.49519 -1.05846 -0.499743 -2.18671 -4.38836 -5.80066 -9999 -9999 -9999 -9999 -9999 -9999 -9999 -9999 -9999 -9999 -9999 -9999 -9999 -9999 -9999 -9999 -9999 -9999 -9999 -9999 -9999 -9999 -9999 -9999 -9999 -9999 -9999 -9999 -9999 -9999 -9999 -9999 -9999 -9999 -9999 -9999 -9999 -9999 -9999 -9999 -9999 -9999
6.89991 6.53981 5.52201 6.15996 6.63982 7.51981 7.75783 7.89291 9.15168 9.08807 9.03282 8.49951 8.07359 7.36591 6.15501 4.42974 2.35181 -1.26829 0.96783 2.71919 2.67651 2.58267 1.7996 0.117483 1.52768 1.5952 -0.558918 -3.00215 -4.43768 -5.03074 -9999 -9999 -9999 -9999 -9999 -9999 -9999 -9999 -9999 -9999 -9999 -9999 -9999 -9999 -9999 -9999 -9999 -9999 -9999 -9999 -9999 -9999 -9999 -9999 -9999 -9999 -9999 -9999 -9999 -9999 -9999 -9999 -9999 -9999 -9999 -9999 -9999 -9999 -9999 -9999 -9999
6.07449 5.72773 4.48363 5.12537 5.98066 7.18658 7.80869 8.28803 8.66659 9.05268 9.01052 8.46477 6.84676 6.61828 6.55108 5.42368 3.0544 0.688086 0.0767739 2.74723 3.51295 3.35917 3.95669 2.53193 3.20743 2.93242 2.17195 -0.183032 -2.32701 -3.21163 -4.96093 -9999 -9999 -9999 -9999 -9999 -9999 -9999 -9999 -9999 -9999 -9999 -9999 -9999 -9999 -9999 -9999 -9999 -9999 -9999 -9999 -9999 -9999 -9999 -9999 -9999 -9999 -9999 -9999 -9999 -9999 -9999 -9999 -9999 -9999 -9999 -9999 -9999 -9999 -9999 -9999
-9999 -9999 -9999 3.72176 4.88487 5.8518 7.02433 8.04395 8.55555 9.05269 9.0162 7.9224 7.38903 7.34531 6.60783 5.30597 4.4898 3.00085 1.44923 2.04489 4.32221 3.31174 4.92537 4.79035 5.08788 4.01147 1.96985 -0.764494 -2.35814 -3.14925 -4.5663 -9999 -9999 -9999 -9999 -9999 -9999 -9999 -9999 -9999 -9999 -9999 -9999 -9999 -9999 -9999 -9999 -9999 -9999 -9999 -9999 -9999 -9999 -9999 -9999 -9999 -9999 -9999 -9999 -9999 -9999 -9999 -9999 -9999 -9999 -9999 -9999 -9999 -9999 -9999 -9999
-9999 -9999 -9999 -9999 4.69136 5.42961 7.00472 7.81627 8.14953 8.94957 8.95483 8.54274 8.23243 7.78046 7.18891 6.21132 5.1322 3.73199 3.60442 5.06199 5.08171 4.77916 5.01951 5.76857 5.57256 3.90314 1.02827 -0.491823 -3.59424 -4.91675 -4.77918 -5.71561 -9999 -9999 -9999 -9999 -9999 -9999 -9999 -9999 -9999 -9999 -9999 -9999 -2.09638 -9999 -9999 -9999 -9999 -9999 -9999 -9999 -9999 -9999 -9999 -9999 -9999 -9999 -9999 -9999 -9999 -9999 -9999 -9999 -9999 -7.73659 -9999 -9999 -9999 -9999 -9999
-9999 -9999 -9999 4.5662 5.55156 6.31907 7.30782 7.40113 7.9936 8.91318 8.93024 8.63922 8.30981 7.56451 7.38232 6.82726 5.65547 5.4177 5.89606 6.11729 6.36752 6.52202 6.39908 6.09729 5.70687 4.63126 3.29708 2.4022 -0.429336 -1.85846 -3.2229 -5.28884 -6.90424 -9999 -9999 -9999 -9999 -9999 -9999 -9999 -3.15828 -3.2337 -3.19582 -2.7412 -1.48795 -2.22319 -9999 -9999 -9999 -9999 -9999 -9999 -9999 -9999 -9999 -9999 -9999 -9999 -9999 -9999 -9999 -9999 -9999 -9999 -9999 -6.58357 -8.21259 -9999 -9999 -9999 -9999
-9999 -9999 -9999 4.85162 5.88743 6.40666 7.36723 7.91867 8.2781 8.59948 8.90688 8.85989 8.49518 7.93819 7.94537 7.17589 6.76217 6.46723 7.11343 7.24259 6.98578 6.66303 6.3776 5.56816 5.47536 5.21107 4.3646 2.97466 1.54261 -0.536185 -3.34172 -6.09267 -8.31076 -9999 -9999 -9999 -9999 -9999 -9999 -2.90373 -1.86162 -1.23702 -2.5613 -1.42844 -0.393095 -0.557947 -1.56648 -9999 -9999 -9999 -9999 -9999 -9999 -9999 -9999 -9999 -9999 -9999 -9999 -9999 -9999 1.16064 -0.508812 -3.88203 -5.6113 -6.64904 -8.13062 -9999 -9999 -9999 -9999
-9999 -9999 -9999 4.66461 5.88742 6.71724 7.45452 7.57613 8.33619 8.66136 8.82855 8.81359 8.74468 8.64539 7.9747 7.68803 6.67163 7.64962 7.61487 7.36984 6.39407 5.97165 4.29481 3.55736 3.39208 4.80387 3.76202 1.58592 -1.13441 -4.4045 -4.62325 -5.70223 -7.68405 -9999 -9999 -9999 -9999 -9999 -9999 -2.55892 -1.44451 -0.514538 -0.378536 -1.69537 0.143658 0.0681815 -0.960918 -1.19449 -0.350842 0.0773367 -0.243978 0.75681 1.05404 0.602336 1.10376 -9999 -9999 -9999 -9999 1.41286 1.48161 1.53328 0.837686 -2.84775 -5.36525 -7.62623 -7.83609 -9999 -9999 -9999 -9999
-9999 -9999 -9999 5.52628 6.28055 6.66415 6.72999 7.39253 8.058 8.46089 8.76366 8.70852 8.68871 8.66724 8.44038 7.9079 8.00749 7.96681 7.65632 5.79794 3.62819 4.57595 3.28436 0.527603 2.7681 4.00048 2.8197 0.182392 -2.8755 -3.8762 -3.83944 -5.34102 -7.26942 -9999 -9999 -9999 -5.58333 -3.98662 -3.84497 -3.37274 -1.88669 -0.756276 0.0909606 0.670554 0.652494 0.0366 -0.970446 -2.06475 -1.67501 0.293004 0.773688 1.16842 1.4765 1.05757 1.2848 1.81403 2.08899 2.14699 2.02568 1.99934 2.04372 1.98175 1.33279 -1.96783 -3.85536 -5.0602 -7.48383 -9999 -9999 -9999 -9999
-9999 -9999 -9999 5.0748 5.73121 6.26386 7.14576 7.2432 7.80346 8.14095 8.6302 8.68996 8.12093 8.59914 8.54191 8.45692 8.27209 7.99931 6.43119 4.26857 2.10022 1.09967 1.52955 -0.129493 0.721263 1.97002 1.51126 -0.101668 -2.82573 -3.20784 -3.84011 -6.37475 -8.80757 -9999 -9999 -8.65665 -5.59559 -3.43942 -2.32598 -1.97953 -1.94463 -0.520855 -0.408434 1.12334 0.765456 -1.26441 -1.03738 -1.83223 -1.32212 -0.596456 -0.397714 0.638376 1.63251 1.82403 1.8317 2.17007 2.2423 2.26315 2.25712 2.03214 2.13752 2.15426 1.74964 -0.639103 -1.80455 -3.08773 -7.42468 -9999 -9999 -9999 -9999
-9999 -9999 -9999 5.4285 6.16197 6.9651 7.09878 7.69529 7.637 7.47649 8.30652 8.60875 8.20846 7.92141 8.46254 8.42899 8.36088 8.2461 6.77261 5.06661 2.4826 0.877206 -0.102585 -0.799545 -1.72982 -1.08806 -1.28315 -1.54475 -1.24106 -1.99187 -3.48567 -4.96438 -7.73949 -9.23533 -9999 -8.4713 -7.08762 -4.52375 -2.34487 -0.961211 -1.45604 0.162694 0.463311 1.39725 0.849074 -0.385377 -0.912303 -0.959864 -1.12162 -0.0320365 0.695973 1.21146 1.55921 1.987 2.09991 2.21351 2.26304 2.29138 2.31956 2.31623 2.30916 2.26161 2.10953 1.01083 -0.151383 -2.66491 -7.26062 -9999 -9999 -9999 -9999
-9999 -9999 3.31663 5.36227 6.58983 7.06762 7.41381 7.71966 7.94247 8.17893 8.39579 8.54796 8.48611 7.41851 7.51018 7.70655 8.31826 8.27751 8.14624 7.21421 4.06967 2.98472 1.39894 -0.657409 -1.51885 -1.08825 0.599261 0.525211 -0.590099 -1.83292 -3.55262 -4.64763 -6.34479 -9.6097 -9.31177 -7.83701 -6.73874 -4.99497 -2.33217 -0.465269 0.368421 0.68368 1.34001 1.68062 0.930745 0.211584 -0.0898125 -0.647266 -0.726187 -0.72199 -0.0633978 0.448243 1.58845 1.97547 2.15008 2.24367 2.29581 2.33452 2.37218 2.38661 2.36633 2.36832 2.35941 2.27929 0.730617 -3.13973 -6.06051 -9999 -9999 -9999 -9999
-9999 -9999 -9999 5.00194 5.54388 5.68863 5.93932 6.44847 7.035 7.86677 7.97729 8.43591 8.4371 7.51565 6.45292 7.38616 7.75862 8.14404 8.15767 8.03907 5.39829 4.01683 2.92928 0.957588 1.66764 2.34445 2.39677 1.99009 -0.403068 -2.78622 -5.53522 -8.10166 -8.22176 -9.60283 -8.86991 -7.89413 -5.39611 -3.63733 -2.92247 -2.40884 0.296646 1.00135 1.24403 1.93624 0.992048 0.748811 0.0386033 0.248748 0.186229 0.190215 -1.77443 0.195293 0.313455 1.59984 2.17759 2.3093 2.34915 2.39107 2.40058 2.41073 2.40671 2.42069 2.40235 2.38244 1.37604 -3.53517 -6.00488 -9999 -9999 -9999 -9999
-9999 -9999 -9999 -9999 -9999 5.19792 5.61279 5.88049 6.34075 7.74373 8.12418 8.37843 8.40402 7.99626 6.94284 6.66863 6.86559 5.83783 6.70272 7.88473 7.85714 7.7156 5.39294 4.2032 5.35506 5.00597 3.2599 1.88613 0.530503 -2.26001 -4.30318 -7.24496 -9.45312 -9.53349 -7.09045 -5.06215 -2.53436 -1.41703 -2.04755 -1.35844 -0.0131383 1.51367 2.25203 2.0783 1.08299 0.939439 -0.155358 0.918942 1.01045 0.510271 0.0783275 0.248917 0.885634 1.12996 2.13709 2.38323 2.42737 2.43918 2.44692 2.44549 2.44179 2.43184 2.42218 2.40833 2.36263 -2.68562 -6.61677 -9999 -9999 -9999 -9999
-9999 -9999 -9999 -9999 -9999 4.24623 4.50064 5.16264 6.85579 7.74597 8.10739 8.09962 8.26903 7.98267 7.05715 6.10662 5.21034 4.05318 4.71968 6.47778 7.51485 7.63424 5.59851 6.65788 6.26181 5.48027 3.19644 1.51371 0.622291 -2.05676 -4.351 -6.30751 -9.00942 -7.84986 -6.57275 -4.93298 -2.17642 -0.314854 0.451768 -0.185946 0.674847 2.43173 2.4425 1.48291 1.54534 0.956381 -0.539423 1.01619 1.45357 1.10023 1.19183 1.05855 1.29626 1.72884 2.14324 2.42002 2.46007 2.46705 2.46168 2.46412 2.46768 2.45006 2.45268 2.43899 2.41317 -0.845472 -6.67229 -9999 -9999 -9999 -9999
-9999 -9999 -9999 -9999 -9999 -9999 3.38619 4.89093 7.13692 7.69907 7.65254 8.11955 8.16363 7.72176 7.33855 6.18405 4.60515 1.56872 2.34609 3.96477 6.29736 7.52401 7.3604 6.67837 5.49578 2.63281 0.127427 -0.17587 -0.584948 -2.53976 -4.30643 -6.48199 -5.21796 -3.83317 -2.31806 -1.52025 -1.72299 -0.127459 1.17377 0.62572 1.68131 2.91175 2.35578 2.02694 1.75064 1.07073 1.02929 1.09929 1.98264 1.37086 1.74671 1.75447 1.73446 1.94562 2.18898 2.445 2.48941 2.49307 2.50052 2.47409 2.487 2.47444 2.46148 2.44915 2.42721 2.13204 -1.00847 -2.88428 -9999 -9999 -9999
-9999 -9999 -9999 -9999 -9999 -9999 2.01983 2.77245 5.43147 6.25689 7.43384 8.06062 8.09332 7.34443 6.92908 5.20683 4.65057 1.84241 0.572092 1.65533 1.24431 4.45528 7.29666 6.67821 0.947772 -1.12707 -2.60666 -2.22513 -2.22022 -2.76328 -5.77164 -6.59923 -3.90217 -2.20276 -0.88512 0.115438 0.326765 0.296076 2.32987 2.602 3.26404 3.1226 3.18512 2.16118 1.52745 2.07741 1.43803 1.32848 2.24113 1.34178 2.15513 2.05741 1.81437 1.80318 2.34095 2.45184 2.51174 2.51829 2.50037 2.47673 2.46334 2.48294 2.47658 2.44805 2.4502 2.42115 2.04393 0.419786 -0.148637 0.478856 -9999
-9999 -9999 -9999 -9999 -9999 -9999 -9999 0.314616 4.00817 5.69921 6.58873 7.83952 7.99374 7.5985 6.87597 5.12136 3.5789 1.06901 -1.7979 -3.31654 1.23728 5.20083 7.27052 6.9986 2.22901 0.347472 0.261546 1.37194 0.437612 -0.270558 -2.5564 -3.23787 -4.18558 -3.59758 -1.76197 -0.261993 1.18503 2.2382 2.32751 3.01232 3.40426 3.43844 3.5626 3.44327 3.34572 2.35287 3.03603 2.45622 2.76382 2.56576 2.38714 2.23161 1.66678 2.06801 2.42393 2.51739 2.54834 2.52931 2.52716 2.51535 2.48555 2.47067 2.4703 2.46842 2.45124 2.45142 2.42996 2.24737 1.26986 -0.0386337 -1.69154
-9999 -9999 -9999 -9999 -9999 -9999 -9999 -1.51065 2.16475 3.93936 6.22033 7.39734 7.87724 7.81763 7.23271 5.90028 3.89322 2.22198 -0.978882 -4.3026 0.477005 4.73296 7.03189 7.15609 3.14598 4.25932 3.36261 3.72671 2.08361 1.40206 0.863167 -0.315729 -1.60486 -3.01462 -3.75883 -0.39573 1.3328 2.72467 3.38286 3.75646 3.94461 3.84738 3.59341 2.10245 3.24114 3.17649 3.06326 2.93334 2.87046 2.7527 2.61409 2.53039 2.50213 2.12765 2.55577 2.54805 2.5553 2.55935 2.55076 2.53252 2.51721 2.49761 2.49853 2.4825 2.46906 2.45969 2.45084 2.43835 2.38397 2.1236 -0.0955213
-9999 -9999 -9999 -9999 -9999 -9999 -9999 -6.6517 -1.30661 2.9942 5.23918 7.06827 7.57256 7.76283 6.97694 6.39011 4.95237 3.59124 1.4895 -1.66044 -3.59844 -0.019369 5.18285 7.09826 6.94802 6.83008 5.79322 4.85896 4.74252 4.81465 3.72648 2.1422 0.0696181 -0.574829 -1.29976 1.20566 1.54788 1.36797 4.12316 4.13264 3.97938 2.9294 1.75186 1.97781 1.24439 1.79926 0.929523 1.72942 2.42083 2.67911 2.65784 2.56424 2.55531 2.51432 2.58991 2.58947 2.57886 2.57157 2.56899 2.56141 2.53242 2.51738 2.532 2.50933 2.49517 2.4749 2.46936 2.46323 2.42302 2.3862 2.04425
-9999 -9999 -9999 -9999 -9999 -9999 -9999 -6.40187 -1.9029 1.91069 4.20092 6.40114 6.91385 7.6583 7.50129 6.88641 5.63705 4.07547 2.34632 -0.355575 -2.36275 0.0328426 3.48689 5.96183 6.84723 6.83541 6.77789 6.54483 6.45174 6.1798 5.9859 4.84892 2.89202 1.78656 0.168175 2.95989 3.27531 2.84159 4.2366 4.16965 2.0672 0.451252 0.252153 1.23997 0.302487 0.133128 -0.457266 0.203829 1.97508 1.46144 1.56328 2.36399 2.49628 2.58242 2.60557 2.60071 2.59809 2.58619 2.59048 2.59512 2.56656 2.55503 2.55083 2.52309 2.51509 2.4957 2.47706 2.45637 2.43481 2.40146 2.30382
-9999 -9999 -9999 -9999 -9999 -9999 -9999 -6.28916 -3.2646 0.167545 3.53776 5.88722 6.83663 7.5287 7.5243 6.809 6.18955 5.21183 3.69091 2.64885 0.837124 -1.65072 2.5297 3.81277 4.95514 5.44162 6.63526 6.60779 6.06314 5.42301 6.01261 5.84181 4.29249 3.78411 2.92485 4.47833 4.48415 4.44347 4.36284 2.58687 0.117298 -1.85613 -0.431526 -0.726359 -0.0740269 -2.10076 -0.430711 0.908851 1.34325 0.42674 -0.24875 1.83727 2.18483 2.39072 2.52298 2.61039 2.59075 2.61385 2.60379 2.60028 2.59642 2.58152 2.57364 2.55828 2.54218 2.52064 2.50425 2.48121 2.45707 2.45475 2.39477
-9999 -9999 -9999 -9999 -9999 -9999 -9999 -9999 -5.02628 -0.675138 3.20876 5.37224 6.73378 7.39846 7.3892 7.02477 6.60499 5.99985 4.90345 3.52542 1.34586 -0.271211 0.761113 2.01835 2.15836 2.99554 5.41863 6.24742 5.07665 2.17853 3.891 5.79979 5.76978 5.6081 5.42736 5.19079 4.98281 4.5255 3.29698 -0.471528 -1.20573 -2.6821 -2.51118 -3.26752 -1.61054 -2.23518 -0.531541 0.206852 0.485517 -1.08911 -0.758046 1.09327 1.82532 1.70373 2.15342 2.57843 2.59402 2.60825 2.59948 2.6114 2.61775 2.61367 2.60222 2.59127 2.58379 2.54499 2.54484 2.40569 2.3152 2.13073 2.35919
-9999 -9999 -9999 -9999 -9999 -9999 -9999 -9999 -5.87274 -1.53145 3.04221 4.51254 5.98026 7.24743 7.2749 6.71648 6.18569 5.63902 5.01632 3.344 1.7225 0.174577 -0.34274 -0.0268747 -0.0544271 1.29862 4.45492 5.06747 4.80858 1.78301 0.759595 3.30948 5.45271 5.62263 5.42985 2.91075 3.44968 2.09213 0.250399 -0.254383 -1.05871 -2.76167 -1.93777 -3.18474 -2.64683 -2.7982 -1.83052 -1.35853 -0.208416 -1.58048 -1.57571 0.242453 1.15891 1.18232 2.14461 2.48856 2.57997 2.60462 2.62335 2.63043 2.64885 2.64353 2.63303 2.61789 2.57536 2.46898 2.12767 0.299387 0.30287 0.804322 1.27862
-9999 -9999 -9999 -9999 -9999 -9999 -9999 -9999 -5.35474 -2.3412 1.7175 4.72465 4.91629 6.37977 7.13667 6.52923 5.84502 5.14505 4.84104 3.02063 1.02068 -0.594539 -2.50716 -2.18829 -0.809517 1.43643 3.47608 3.84238 3.42299 1.80252 2.57039 4.30995 5.23431 5.50795 5.29531 4.74812 4.43294 3.43384 3.00234 1.61421 -0.55767 -1.41146 -0.86635 -3.17258 -3.00908 -2.15355 -3.06971 -1.57371 -0.857568 -2.62919 -1.22016 0.38658 1.20841 1.92717 2.2681 2.40497 2.61447 2.62215 2.6422 2.65463 2.65481 2.65807 2.62781 2.60325 2.41265 2.12975 0.431677 -0.288409 -0.147955 0.639291 1.32853
-9999 -9999 -9999 -9999 -9999 -9999 -9999 -9999 -4.8254 -2.11173 1.40794 3.5529 3.93909 5.56184 7.00518 6.84739 6.13541 5.92089 5.18305 3.63961 1.93447 0.070368 -0.834178 -2.9182 -0.860186 0.761158 2.48885 3.29815 1.96752 1.29987 2.48696 3.66709 4.13945 5.33141 5.32197 4.93607 3.2659 2.45277 2.79997 2.45224 1.84134 0.347069 0.282905 -0.676325 -1.0725 -1.44685 -2.67892 -1.89836 -1.81951 -1.60515 0.0837857 0.920633 1.47589 1.98115 2.1149 2.33574 2.62209 2.64941 2.66216 2.66368 2.67198 2.65415 2.57635 2.51118 2.12447 1.43742 0.152817 -1.94486 -0.472932 1.06591 1.52708
-9999 -9999 -9999 -9999 -9999 -9999 -9999 -9999 -5.2709 -2.38823 0.620443 1.88015 2.09659 5.03119 6.82929 6.83555 6.49973 6.10701 4.2794 4.39025 4.02742 2.34611 -0.104503 -2.79637 -2.54056 -0.937741 1.34131 2.09753 -0.103924 -0.880724 -0.305799 1.47802 3.075 4.74244 5.16752 4.68105 2.08006 -0.684024 0.601588 1.97515 1.97012 1.57039 0.184549 -0.254026 -0.651026 -1.66207 -3.38301 -3.13485 -2.65689 -0.736667 -0.128887 0.809448 1.58904 1.29711 1.4704 2.21673 2.64598 2.66441 2.67454 2.6913 2.6843 2.66167 2.50346 2.33568 2.05203 0.256441 -0.859394 -2.49154 -0.604616 0.445016 1.00365
-9999 -9999 -9999 -9999 -9999 -9999 -9999 -9999 -6.14583 -4.05292 -1.17691 -0.0158921 1.83408 4.60757 5.97333 6.62971 6.61858 6.35792 5.54134 5.0517 4.0836 2.33435 -0.0587804 -2.71941 -4.45052 -3.56613 -0.505418 0.223661 -1.80773 -2.83925 -1.54962 0.351483 3.1654 4.77409 4.99325 4.85025 4.31578 2.2984 -0.139462 -0.128668 1.09776 0.0760966 -1.11186 -0.455031 -0.574182 -1.57249 -2.29832 -2.75328 -2.47292 -1.37892 -0.92553 0.158475 1.75774 1.98833 1.9449 2.61958 2.65546 2.67355 2.70144 2.70324 2.69974 2.68224 2.5536 2.26201 1.06773 0.0264542 -1.42329 -1.60081 0.070679 0.810296 1.4957
-9999 -9999 -9999 -9999 -9999 -9999 -9999 -9999 -7.66402 -5.20211 -2.5076 0.0155484 2.40284 4.45792 4.61982 5.70522 5.70713 6.27734 6.11814 5.36133 4.5464 3.03959 -0.0356067 -2.62105 -5.44105 -4.69405 -1.57096 -1.16119 -2.52082 -5.03477 -2.43418 0.433504 3.03275 4.44092 3.3412 4.47312 4.38277 3.62841 2.17813 -0.0782276 -0.0331322 -1.72359 -1.79505 -0.923627 -0.639505 -0.782492 -1.32691 -2.20563 -2.05692 -1.39212 -1.22153 -0.225009 1.01622 2.22986 2.43558 2.66894 2.68124 2.68749 2.70892 2.71394 2.6913 2.63191 2.4971 1.49629 0.305496 -0.42725 -1.4367 -1.55738 0.379956 1.15001 1.58108
