Test_Spring_2018b/03_18/Temp/20180330_022.txt
ncols	170
nrows	115
xllcorner	350000.000000
yllcorner	4445000.000000
cellsize	1000.000000
nodata_value	-9999.000000
[rows 32 to 63 of 115, columns 72 to 143 of 170]
12.5864 12.2936 12.7397 13.1502 12.8876 12.7104 13.3817 13.3794 13.1456 12.5993 12.3979 12.1892 12.0609 11.3615 9.40138 7.63437 8.57966 8.60121 7.94604 9.11855 8.49791 6.8802 4.59686 5.83678 5.51318 3.89181 3.48517 -9999 -9999 -9999 -9999 -9999 -9999 -9999 -9999 -9999 -9999 -9999 -9999 -9999 -9999 -9999 -9999 -9999 -9999 -9999 -9999 -9999 -9999 -9999 -9999 -9999 -9999 -9999 -9999 -9999 -9999 -9999 -9999 -9999 -9999 -9999 -9999 -9999 -9999 -9999 -9999 -9999 -9999 -9999 -9999 -9999
12.1897 12.0626 12.7269 12.7103 12.6657 12.8881 13.3024 13.3842 13.2917 13.0524 12.8452 12.625 12.0689 11.2688 9.59109 7.57985 7.12289 8.10568 8.15189 8.30903 7.74314 7.03257 5.9215 6.82947 7.18142 6.11689 4.71345 3.81319 -9999 -9999 -9999 -9999 -9999 -9999 -9999 -9999 -9999 -9999 -9999 -9999 -9999 -9999 -9999 -9999 -9999 -9999 -9999 -9999 -9999 -9999 -9999 -9999 -9999 -9999 -9999 -9999 -9999 -9999 -9999 -9999 -9999 -9999 -9999 -9999 -9999 -9999 -9999 -9999 -9999 -9999 -9999 -9999
11.718 11.0689 11.4683 11.7675 12.3153 12.4452 12.5267 13.3199 13.2757 13.2369 12.8955 12.6223 12.1708 11.4007 10.305 8.98607 6.69051 8.10417 9.21088 9.18138 9.11954 8.6212 7.55347 8.44431 8.48474 7.11799 5.56222 4.65106 4.27349 -9999 -9999 -9999 -9999 -9999 -9999 -9999 -9999 -9999 -9999 -9999 -9999 -9999 -9999 -9999 -9999 -9999 -9999 -9999 -9999 -9999 -9999 -9999 -9999 -9999 -9999 -9999 -9999 -9999 -9999 -9999 -9999 -9999 -9999 -9999 -9999 -9999 -9999 -9999 -9999 -9999 -9999 -9999
11.183 10.3906 10.7924 11.3294 12.0796 12.4666 12.756 12.9916 13.2321 13.2015 12.8521 11.8237 11.6756 11.6298 10.9126 9.40907 7.90753 7.51765 9.20641 9.68882 9.58888 9.96477 9.05979 9.48499 9.30809 8.81777 7.32498 5.96248 5.3996 4.28903 -9999 -9999 -9999 -9999 -9999 -9999 -9999 -9999 -9999 -9999 -9999 -9999 -9999 -9999 -9999 -9999 -9999 -9999 -9999 -9999 -9999 -9999 -9999 -9999 -9999 -9999 -9999 -9999 -9999 -9999 -9999 -9999 -9999 -9999 -9999 -9999 -9999 -9999 -9999 -9999 -9999 -9999
-9999 -9999 9.88278 10.6064 11.2069 11.9492 12.5805 12.9002 13.2109 13.1837 12.487 12.1455 12.1142 11.6437 10.816 10.296 9.35015 8.36466 8.73926 10.179 9.53635 10.5556 10.4673 10.6528 9.96795 8.66058 6.93234 5.91745 5.41313 4.51231 -9999 -9999 -9999 -9999 -9999 -9999 -9999 -9999 -9999 -9999 -9999 -9999 -9999 -9999 -9999 -9999 -9999 -9999 -9999 -9999 -9999 -9999 -9999 -9999 -9999 -9999 -9999 -9999 -9999 -9999 -9999 -9999 -9999 -9999 -9999 -9999 -9999 -9999 -9999 -9999 -9999 -9999
-9999 -9999 -9999 10.4633 10.9191 11.9114 12.4153 12.622 13.1243 13.1234 12.8583 12.6578 12.3678 11.9897 11.3672 10.6807 9.79097 9.70742 10.6279 10.6377 10.4433 10.5927 11.0641 10.9367 9.87084 8.04061 7.07378 5.1094 4.26785 4.35095 3.7538 -9999 -9999 -9999 -9999 -9999 -9999 -9999 -9999 -9999 -9999 -9999 -9999 6.01864 -9999 -9999 -9999 -9999 -9999 -9999 -9999 -9999 -9999 -9999 -9999 -9999 -9999 -9999 -9999 -9999 -9999 -9999 -9999 -9999 2.41377 -9999 -9999 -9999 -9999 -9999 -9999 -9999
-9999 -9999 10.3764 10.9814 11.4622 12.0829 12.1413 12.5022 13.08 13.0863 12.8977 12.6849 12.209 12.0901 11.7352 10.9899 10.8364 11.1367 11.2741 11.4299 11.525 11.4441 11.2498 10.999 10.3037 9.45431 8.88289 7.09193 6.17925 5.3103 3.99703 2.9692 -9999 -9999 -9999 -9999 -9999 -9999 -9999 5.31998 5.27172 5.2954 5.58305 6.37639 5.91003 -9999 -9999 -9999 -9999 -9999 -9999 -9999 -9999 -9999 -9999 -9999 -9999 -9999 -9999 -9999 -9999 -9999 -9999 -9999 3.1162 2.08444 -9999 -9999 -9999 -9999 -9999 -9999
-9999 -9999 10.5234 11.1742 11.4975 12.1002 12.4436 12.6614 12.86 13.05 13.0157 12.7804 12.4237 12.4246 11.9338 11.6687 11.4791 11.8857 11.9649 11.7996 11.5923 11.4085 10.8924 10.8299 10.6485 10.1075 9.22198 8.30942 6.99142 5.20898 3.46108 2.05079 -9999 -9999 -9999 -9999 -9999 -9999 5.45271 6.11227 6.50782 5.66924 6.38694 7.04271 6.93796 6.29308 -9999 -9999 -9999 -9999 -9999 -9999 -9999 -9999 -9999 -9999 -9999 -9999 -9999 -9999 7.99118 6.93422 4.79843 3.70395 3.04736 2.10938 -9999 -9999 -9999 -9999 -9999 -9999
-9999 -9999 10.3854 11.1544 11.6742 12.1352 12.2061 12.672 12.8781 12.979 12.9647 12.9166 12.8496 12.4211 12.2362 11.5894 12.2061 12.1815 12.0238 11.4032 11.1328 10.0677 9.59704 9.47931 10.3686 9.7034 8.31932 6.59015 4.50878 4.37158 3.68186 2.42047 -9999 -9999 -9999 -9999 -9999 -9999 5.64221 6.34795 6.93738 7.0242 6.19087 7.35612 7.30345 6.65105 6.50184 7.03419 7.30267 7.09448 7.7337 7.91781 7.62734 7.94057 -9999 -9999 -9999 -9999 8.12229 8.16542 8.19843 7.75872 5.42569 3.83249 2.40163 2.26201 -9999 -9999 -9999 -9999 -9999 -9999
-9999 -9999 10.9117 11.3838 11.6207 11.6562 12.0694 12.4754 12.73 12.9114 12.8719 12.8552 12.8377 12.6905 12.3501 12.4103 12.3818 12.1825 11.0029 9.6259 10.2231 9.40646 7.65201 9.06304 9.83828 9.08453 7.40773 5.46408 4.81927 4.84269 3.88454 2.64972 -9999 -9999 -9999 3.69819 4.70684 4.79489 5.0932 6.03436 6.75077 7.29467 7.663 7.64888 7.25833 6.62018 5.92596 6.17085 7.41451 7.71539 7.96833 8.15885 7.88863 8.01964 8.35082 8.5214 8.55521 8.47622 8.45821 8.48579 8.44671 8.03638 5.95583 4.76216 4.00072 2.46541 -9999 -9999 -9999 -9999 -9999 -9999
-9999 -9999 10.6023 11.0122 11.3435 11.8929 11.9481 12.2966 12.4966 12.806 12.8392 12.4745 12.7736 12.7339 12.6769 12.5571 12.3818 11.3861 10.0138 8.63775 8.00097 8.2656 7.2105 7.74146 8.52668 8.23424 7.19705 5.46447 5.21499 4.80334 3.19765 1.64987 -9999 -9999 1.72843 3.66339 5.02637 5.73003 5.94892 5.9713 6.87391 6.94624 7.91753 7.68808 6.40249 6.54597 6.0493 6.37044 6.81708 6.93953 7.58992 8.22322 8.33994 8.34021 8.55018 8.5921 8.60219 8.59613 8.45234 8.51867 8.52967 8.27439 6.76282 6.02617 5.20793 2.46801 -9999 -9999 -9999 -9999 -9999 -9999
-9999 -9999 10.8012 11.2595 11.7618 11.84 12.2114 12.1708 12.0557 12.5765 12.7671 12.5093 12.3237 12.663 12.6388 12.593 12.5179 11.5823 10.4993 8.86003 7.84011 7.21223 6.76619 6.16129 6.56126 6.43082 6.25791 6.4428 5.96233 5.00457 4.06051 2.30143 1.34714 -9999 1.81985 2.69231 4.31351 5.69211 6.56816 6.25534 7.28179 7.47369 8.06334 7.71725 6.93589 6.59318 6.56173 6.45738 7.14499 7.60907 7.92957 8.14559 8.41862 8.48526 8.55261 8.57992 8.5946 8.61013 8.60672 8.60194 8.57238 8.47729 7.78307 7.04261 5.45211 2.54837 -9999 -9999 -9999 -9999 -9999 -9999
-9999 9.45532 10.7404 11.5114 11.8073 12.0199 12.207 12.3417 12.4789 12.6133 12.7052 12.6649 11.9849 12.0397 12.1613 12.5463 12.5182 12.4328 11.8401 9.84575 9.15255 8.13758 6.82938 6.27522 6.54096 7.60238 7.54777 6.83343 6.0382 4.93757 4.23817 3.15589 1.08562 1.26795 2.19675 2.88836 3.99017 5.67539 6.8577 7.38658 7.58774 8.00239 8.21967 7.73864 7.28331 7.09172 6.73737 6.68552 6.68572 7.09985 7.41846 8.14158 8.38226 8.49332 8.54779 8.5766 8.59772 8.61919 8.62702 8.61392 8.61586 8.61159 8.55766 7.57832 5.12091 3.27707 -9999 -9999 -9999 -9999 -9999 -9999
-9999 -9999 10.4934 10.8298 10.9146 11.0664 11.3821 11.7471 12.2616 12.3272 12.6137 12.6119 12.0267 11.3505 11.9389 12.1725 12.4144 12.4209 12.3434 10.6623 9.78242 9.08807 7.83308 8.27392 8.69515 8.72046 8.45474 6.93066 5.41283 3.66008 2.02699 1.9438 1.06332 1.52439 2.13706 3.7152 4.82656 5.27812 5.60347 7.31804 7.76393 7.91452 8.35337 7.75555 7.60173 7.15122 7.28306 7.24163 7.24175 5.99449 7.23672 7.30822 8.11944 8.48428 8.5667 8.58763 8.61072 8.6143 8.6194 8.6166 8.62616 8.61236 8.59607 7.9589 4.84864 3.29028 -9999 -9999 -9999 -9999 -9999 -9999
-9999 -9999 -9999 -9999 10.5845 10.8402 11.0028 11.2877 12.1644 12.401 12.5582 12.5712 12.3103 11.6416 11.4654 11.588 10.935 11.4792 12.2234 12.2015 12.1067 10.6297 9.86779 10.59 10.361 9.24695 8.36839 7.50116 5.72509 4.41931 2.54841 1.14271 1.08539 2.62718 3.90871 5.50574 6.21088 5.81039 6.24694 7.09668 8.06391 8.53192 8.42219 7.79187 7.70117 7.00703 7.68618 7.74233 7.4232 7.14682 7.24973 7.64988 7.80133 8.43588 8.58854 8.6158 8.61981 8.62225 8.61997 8.61731 8.60732 8.60069 8.5917 8.56275 5.36547 2.88124 -9999 -9999 -9999 -9999 -9999 -9999
-9999 -9999 -9999 -9999 9.96243 10.1164 10.5287 11.5945 12.1466 12.3713 12.3627 12.467 12.2831 11.6947 11.0908 10.5211 9.78549 10.2045 11.3142 11.9664 12.0365 10.741 11.4033 11.1448 10.6417 9.18672 8.11228 7.53891 5.83336 4.36859 3.12178 1.40346 2.1316 2.93507 3.96923 5.71207 6.88862 7.37268 6.9677 7.51258 8.62533 8.63228 8.02458 8.06398 7.69106 6.74282 7.72678 8.00201 7.77597 7.83134 7.74201 7.88973 8.16071 8.42014 8.59246 8.61502 8.61746 8.61159 8.6117 8.61168 8.59936 8.60019 8.59097 8.57428 6.51018 2.82503 -9999 -9999 -9999 -9999 -9999 -9999
-9999 -9999 -9999 -9999 -9999 9.3912 10.3373 11.7533 12.0978 12.0643 12.3566 12.3817 12.0994 11.8546 11.1214 10.1193 8.19367 8.68281 9.704 11.1765 11.9477 11.8377 11.3968 10.6399 8.81834 7.22297 7.02215 6.75429 5.5075 4.377 2.99165 3.78542 4.65644 5.61087 6.11193 5.98025 6.98846 7.81104 7.46294 8.13097 8.91 8.55767 8.34914 8.17369 7.74298 7.71573 7.75867 8.31637 7.92675 8.16233 8.16256 8.14737 8.27847 8.42991 8.58939 8.61494 8.61486 8.6174 8.59872 8.6052 8.59581 8.58642 8.57767 8.56305 8.37556 6.39155 5.20393 -9999 -9999 -9999 -9999 -9999
-9999 -9999 -9999 -9999 -9999 8.50644 8.97634 10.6541 11.1653 11.9068 12.3005 12.3185 11.8419 11.576 10.4834 10.1291 8.34765 7.54026 8.22216 7.95679 9.98461 11.7776 11.3769 7.73946 6.417 5.47134 5.70436 5.69886 5.34643 3.42969 2.89839 4.60011 5.6707 6.50031 7.12998 7.26013 7.23852 8.52467 8.69641 9.11488 9.02464 9.06365 8.41446 8.01227 8.36029 7.95411 7.88323 8.45949 7.88783 8.4007 8.33433 8.17823 8.16887 8.50714 8.57503 8.61065 8.61189 8.5987 8.58133 8.57171 8.5824 8.57683 8.55743 8.55766 8.53833 8.30429 7.27584 6.91602 7.31355 -9999 -9999 -9999
-9999 -9999 -9999 -9999 -9999 -9999 7.40041 9.73361 10.793 11.3526 12.1417 12.2367 11.9809 11.5222 10.4095 9.43044 7.83777 6.01795 5.05331 7.93232 10.4367 11.7408 11.5595 8.53068 7.33074 7.26793 7.9628 7.3627 6.90605 5.44715 5.00879 4.40243 4.76944 5.92615 6.87155 7.78558 8.45041 8.50486 8.93647 9.18539 9.20597 9.28358 9.20691 9.14392 8.51454 8.94578 8.57693 8.76996 8.64256 8.52734 8.42449 8.06491 8.31713 8.54058 8.59776 8.6127 8.59947 8.5963 8.58639 8.56454 8.55573 8.55362 8.5507 8.53829 8.5371 8.52827 8.41259 7.79351 6.96482 5.91793 -9999 -9999
-9999 -9999 -9999 -9999 -9999 -9999 6.22504 8.54698 9.65913 11.1002 11.8401 12.1383 12.0994 11.7277 10.8821 9.60865 8.547 6.51555 4.40527 7.42708 10.1195 11.5688 11.6402 9.09083 9.78794 9.21187 9.43438 8.38576 7.94638 7.59418 6.8412 6.01901 5.11894 4.64115 6.76847 7.8608 8.74005 9.15465 9.38894 9.50564 9.44198 9.28385 8.338 9.05761 9.01589 8.94252 8.85848 8.81682 8.74035 8.65063 8.59334 8.57388 8.33512 8.6009 8.5926 8.59666 8.59812 8.59091 8.57693 8.5642 8.5483 8.54749 8.53967 8.52927 8.52168 8.52084 8.51263 8.47806 8.31313 6.90764 6.06668 5.82907
-9999 -9999 -9999 -9999 -9999 -9999 2.94941 6.32913 9.03726 10.4561 11.6066 11.9245 12.0437 11.5444 11.1708 10.2577 9.39231 8.0569 6.05666 4.82313 7.08391 10.3712 11.5823 11.4779 11.3955 10.731 10.1315 10.0503 10.0887 9.38885 8.37605 7.05856 6.642 6.17979 7.76391 7.97817 7.8618 9.60439 9.60784 9.50805 8.84017 8.09207 8.23218 7.77264 8.12312 7.57038 8.07513 8.51116 8.6729 8.65761 8.59401 8.58052 8.55433 8.59767 8.59732 8.59011 8.5844 8.58102 8.57381 8.55242 8.53939 8.54485 8.52993 8.51758 8.51024 8.51161 8.50719 8.48141 8.45797 8.2414 7.9161 7.29507
-9999 -9999 -9999 -9999 -9999 -9999 3.08394 5.91921 8.33095 9.77154 11.163 11.4859 11.9557 11.8545 11.4629 10.6688 9.6763 8.5768 6.86035 5.58311 7.09373 9.27485 10.8346 11.3858 11.3778 11.334 11.1791 11.1089 10.93 10.7967 10.0715 8.82177 8.11816 7.09011 8.85554 9.05273 8.77548 9.65641 9.61125 8.27672 7.25016 7.12088 7.74407 7.14713 7.03839 6.67104 7.08774 8.20765 7.87149 7.93489 8.43799 8.52157 8.57036 8.58514 8.58194 8.57974 8.5711 8.57208 8.57262 8.55154 8.54079 8.5344 8.51301 8.5083 8.49283 8.48589 8.48122 8.46709 8.44573 8.38386 8.31035 8.3794
-9999 -9999 -9999 -9999 -9999 -9999 3.13333 5.03622 7.20642 9.33005 10.8158 11.415 11.8513 11.8464 11.3909 10.9956 10.3727 9.40503 8.73991 7.5866 6.00447 8.64528 9.45111 10.1656 10.4616 11.21 11.1854 10.8337 10.4258 10.7939 10.6738 9.68861 9.36322 8.81596 9.79707 9.79807 9.76961 9.71576 8.588 7.02078 5.76765 6.66661 6.47653 6.88715 5.60212 6.64662 7.49258 7.76579 7.19442 6.76543 8.08217 8.29535 8.42576 8.50948 8.56459 8.5515 8.56497 8.55685 8.55227 8.54691 8.53412 8.52552 8.51208 8.49829 8.48591 8.48093 8.46489 8.43843 8.43676 8.41023 8.39752 8.38431
-9999 -9999 -9999 -9999 -9999 -9999 -9999 3.89689 6.64001 9.09704 10.4648 11.3249 11.7437 11.7355 11.5019 11.2328 10.8457 10.1467 9.26863 7.88225 6.85156 7.49846 8.28766 8.36759 8.89044 10.418 10.9361 10.1882 8.34064 9.41226 10.6173 10.5949 10.4896 10.3724 10.2273 10.0928 9.8003 9.01927 6.62937 6.15315 5.21418 5.31843 4.83539 5.88126 5.4846 6.56064 7.02579 7.20027 6.20146 6.40502 7.5702 8.0341 7.95749 8.24267 8.51995 8.52902 8.53678 8.52945 8.53468 8.53588 8.53009 8.51072 8.49962 8.49084 8.46716 8.47351 8.38371 8.3254 8.20822 8.35321 8.36761 8.37792
-9999 -9999 -9999 -9999 -9999 -9999 -9999 3.32917 6.07523 8.9689 9.89737 10.8244 11.6244 11.6391 11.2824 10.9428 10.5925 10.1936 9.12924 8.09653 7.10995 6.77575 6.96901 6.94334 7.79338 9.78573 10.1673 9.9973 8.05975 7.40704 9.01808 10.372 10.4765 10.3516 8.75325 9.09177 8.22898 7.05931 6.73617 6.22308 5.14066 5.65856 4.86486 5.20177 5.10531 5.71523 6.0116 6.73792 5.86723 5.86344 7.00682 7.58709 7.60189 8.2113 8.42888 8.48612 8.50057 8.51067 8.51277 8.52149 8.51472 8.50437 8.49096 8.46031 8.3895 8.17503 7.02581 7.02696 7.34408 7.64456 8.18849 8.34827
-9999 -9999 -9999 -9999 -9999 -9999 -9999 3.63455 5.53953 8.10682 10.0084 10.1268 11.0508 11.5272 11.1392 10.7022 10.2548 10.0577 8.89974 7.62756 6.59865 5.38108 5.57663 6.44338 7.858 9.14349 9.3694 9.09805 8.04963 8.53145 9.62918 10.211 10.381 10.2432 9.89365 9.69102 9.0551 8.77853 7.89588 6.51665 5.97212 6.31355 4.84906 4.94892 5.48728 4.90711 5.852 6.30334 5.1794 6.05624 7.07303 7.59293 8.04769 8.26313 8.34917 8.48091 8.48442 8.49528 8.50083 8.49816 8.49708 8.47452 8.45549 8.33138 8.14904 7.07075 6.62892 6.71677 7.21477 7.65118 8.11103 8.29899
-9999 -9999 -9999 -9999 -9999 -9999 -9999 3.9468 5.6617 7.88737 9.24257 9.48394 10.5085 11.4194 11.316 10.8612 10.7213 10.2494 9.26698 8.18173 6.99548 6.4167 5.0907 6.38802 7.40731 8.49553 9.00229 8.13611 7.70828 8.4556 9.1989 9.49428 10.2457 10.2364 9.98878 8.92775 8.4095 8.62605 8.40233 8.01181 7.0617 7.01733 6.40609 6.15155 5.911 5.13081 5.62251 5.67008 5.79583 6.85691 7.38569 7.73633 8.05542 8.13921 8.27805 8.45816 8.47391 8.48007 8.47875 8.48137 8.46717 8.41481 8.37038 8.12237 7.68433 6.86811 5.55445 6.48556 7.45947 7.75637 8.03755 8.18573
-9999 -9999 -9999 -9999 -9999 -9999 -9999 3.64135 5.46314 7.36495 8.15921 8.29279 10.148 11.2833 11.2836 11.067 10.8141 9.65213 9.71758 9.48271 8.41248 6.85477 5.14408 5.30023 6.30935 7.74567 8.21901 6.80072 6.30377 6.66329 7.7888 8.79629 9.84864 10.1143 9.8028 8.15207 6.39803 7.20887 8.07535 8.06862 7.81185 6.93049 6.64911 6.39414 5.75037 4.66126 4.81496 5.11518 6.31347 6.69657 7.28925 7.78155 7.59529 7.7037 8.17499 8.4453 8.45522 8.45964 8.46799 8.46106 8.44404 8.34104 8.23193 8.0495 6.9096 6.20045 5.17738 6.3761 7.04003 7.39729 8.03032 8.18214
-9999 -9999 -9999 -9999 -9999 -9999 -9999 3.06374 4.38517 6.20275 6.93425 8.10221 9.85511 10.7164 11.1283 11.1173 10.948 10.4265 10.1117 9.49368 8.38065 6.8596 5.16894 4.06688 4.6213 6.55265 6.99868 5.69787 5.03954 5.85161 7.05123 8.82926 9.84419 9.97923 9.88504 9.543 8.2618 6.7143 6.71767 7.49097 6.84038 6.08447 6.49699 6.41807 5.7824 5.3194 5.03178 5.19888 5.88104 6.16603 6.85059 7.86161 8.00586 7.97658 8.40211 8.42298 8.43248 8.44805 8.44695 8.44237 8.42881 8.34481 8.15759 7.39868 6.73678 5.81633 5.70183 6.77714 7.25102 7.68228 7.99325 8.09531
-9999 -9999 -9999 -9999 -9999 -9999 -9999 2.07863 3.63359 5.336 6.93 8.43804 9.73573 9.83436 10.5179 10.5151 10.8721 10.7669 10.2831 9.76226 8.80299 6.85016 5.20732 3.41576 3.8833 5.8563 6.08873 5.22229 3.62493 5.26713 7.07874 8.72058 9.60825 8.90774 9.62084 9.55995 9.07861 8.15659 6.72408 6.74924 5.67519 5.62655 6.1751 6.35168 6.25776 5.90962 5.35491 5.43703 5.84679 5.95234 6.58109 7.36492 8.13135 8.25945 8.40509 8.41073 8.41252 8.42391 8.42487 8.40829 8.36841 8.28075 7.64463 6.88821 6.42197 5.78055 5.70214 6.94172 7.43962 7.7092 7.97792 8.08457
-9999 -9999 -9999 -9999 -9999 -9999 -9999 -9999 3.46085 5.21955 6.52046 6.86937 8.02253 8.64434 9.12507 9.23007 10.6052 10.6789 10.3713 9.89278 9.0743 7.59179 6.55765 4.83913 3.60268 4.09225 4.31124 4.76035 4.62302 5.35338 7.09398 8.90778 9.10311 7.94626 8.11476 8.35403 8.8932 8.61665 6.66545 5.67318 4.84919 5.43117 6.04342 6.18991 6.2174 6.09652 5.95105 5.69981 6.51967 7.12593 7.26526 7.79388 8.18392 8.29083 8.37125 8.38044 8.38995 8.38949 8.36618 8.34917 8.25052 8.03 7.31872 5.60877 5.68808 5.50261 4.97024 6.17971 6.94264 7.62216 7.98357 8.07741
-9999 -9999 -9999 -9999 -9999 -9999 -9999 -9999 2.86156 4.89663 5.32485 5.29085 4.61437 4.92295 7.42155 7.9231 9.24185 10.4903 10.3962 9.92672 9.16084 8.27669 6.90923 4.97693 3.44059 2.77193 4.41446 6.02462 6.35512 6.86846 7.93355 8.13333 6.95068 5.8417 6.46024 6.83202 8.25527 8.51341 8.23443 7.05806 5.71327 5.01029 5.83562 5.94395 5.99117 5.99842 5.96332 5.91919 6.83861 7.34916 7.70277 7.8945 8.22887 8.31337 8.33962 8.36446 8.35754 8.33955 8.28598 8.22527 7.95924 7.63729 6.47273 5.50174 4.89609 4.1273 5.85846 6.37972 7.09685 7.55634 7.91567 7.99479
