Test_Spring_2018b/03_18/Temp/20180323_000.txt
ncols	170
nrows	115
xllcorner	350000.000000
yllcorner	4445000.000000
cellsize	1000.000000
nodata_value	-9999.000000
[rows 31 to 61 of 115, columns 71 to 141 of 170]
7.1294 7.35094 6.93632 6.97891 7.97306 8.19491 8.18079 8.09311 7.9989 7.52569 7.36785 6.9953 6.33866 6.06411 4.89562 1.11508 2.18698 2.60716 1.51233 2.12611 3.12399 2.25805 -0.314971 -1.42251 -3.20743 -2.64275 -3.18259 -4.6195 -9999 -9999 -9999 -9999 -9999 -9999 -9999 -9999 -9999 -9999 -9999 -9999 -9999 -9999 -9999 -9999 -9999 -9999 -9999 -9999 -9999 -9999 -9999 -9999 -9999 -9999 -9999 -9999 -9999 -9999 -9999 -9999 -9999 -9999 -9999 -9999 -9999 -9999 -9999 -9999 -9999 -9999 -9999
6.92765 6.90353 6.50419 7.12413 7.69494 7.34335 7.1153 8.0527 8.05334 7.73441 6.9844 6.70972 6.42496 6.25087 5.28885 2.58798 0.153403 1.45987 1.49225 0.591246 2.21117 1.35782 -0.870816 -4.0176 -2.30488 -2.74885 -4.98404 -5.53166 -9999 -9999 -9999 -9999 -9999 -9999 -9999 -9999 -9999 -9999 -9999 -9999 -9999 -9999 -9999 -9999 -9999 -9999 -9999 -9999 -9999 -9999 -9999 -9999 -9999 -9999 -9999 -9999 -9999 -9999 -9999 -9999 -9999 -9999 -9999 -9999 -9999 -9999 -9999 -9999 -9999 -9999 -9999
6.59034 6.38186 6.21088 7.13172 7.11341 7.05393 7.38607 7.96901 8.08578 7.96201 7.63548 7.35299 7.0525 6.28853 5.18798 2.87672 0.105409 -0.522137 0.836119 0.902582 1.12205 0.344268 -0.633051 -2.16279 -0.907706 -0.419569 -1.88729 -3.80828 -5.03995 -9999 -9999 -9999 -9999 -9999 -9999 -9999 -9999 -9999 -9999 -9999 -9999 -9999 -9999 -9999 -9999 -9999 -9999 -9999 -9999 -9999 -9999 -9999 -9999 -9999 -9999 -9999 -9999 -9999 -9999 -9999 -9999 -9999 -9999 -9999 -9999 -9999 -9999 -9999 -9999 -9999 -9999
6.07349 5.75692 4.86577 5.42107 5.83824 6.6076 6.80846 6.92493 8.02306 7.96602 7.9163 7.449 7.07558 6.45607 5.39703 3.88872 2.07241 -1.09102 0.861582 2.39081 2.35289 2.27039 1.58589 0.116083 1.34778 1.40659 -0.467647 -2.60016 -3.85399 -4.37188 -9999 -9999 -9999 -9999 -9999 -9999 -9999 -9999 -9999 -9999 -9999 -9999 -9999 -9999 -9999 -9999 -9999 -9999 -9999 -9999 -9999 -9999 -9999 -9999 -9999 -9999 -9999 -9999 -9999 -9999 -9999 -9999 -9999 -9999 -9999 -9999 -9999 -9999 -9999 -9999 -9999
5.34947 5.04453 3.95567 4.51426 5.25941 6.31118 6.85331 7.26708 7.59631 7.93216 7.89392 7.41581 6.00103 5.80018 5.74027 4.75424 2.6834 0.615198 0.0802328 2.41227 3.08043 2.94543 3.46684 2.22169 2.81138 2.57078 1.90848 -0.14213 -2.01489 -2.78769 -4.31593 -9999 -9999 -9999 -9999 -9999 -9999 -9999 -9999 -9999 -9999 -9999 -9999 -9999 -9999 -9999 -9999 -9999 -9999 -9999 -9999 -9999 -9999 -9999 -9999 -9999 -9999 -9999 -9999 -9999 -9999 -9999 -9999 -9999 -9999 -9999 -9999 -9999 -9999 -9999 -9999
-9999 -9999 -9999 3.285 4.29925 5.14018 6.16495 7.05076 7.49623 7.92912 7.89587 6.93902 6.4718 6.43237 5.78691 4.64848 3.93436 2.63258 1.27609 1.79551 3.78409 2.90056 4.30949 4.1909 4.45025 3.50939 1.72894 -0.654693 -2.04689 -2.73819 -3.97635 -9999 -9999 -9999 -9999 -9999 -9999 -9999 -9999 -9999 -9999 -9999 -9999 -9999 -9999 -9999 -9999 -9999 -9999 -9999 -9999 -9999 -9999 -9999 -9999 -9999 -9999 -9999 -9999 -9999 -9999 -9999 -9999 -9999 -9999 -9999 -9999 -9999 -9999 -9999 -9999
-9999 -9999 -9999 -9999 4.12697 4.76827 6.1424 6.84867 7.13835 7.83587 7.83912 7.47783 7.20549 6.80942 6.29146 5.43627 4.49242 3.2681 3.15559 4.42787 4.44413 4.17893 4.38806 5.04166 4.86973 3.41294 0.902117 -0.426329 -3.13157 -4.28725 -4.1675 -4.98605 -9999 -9999 -9999 -9999 -9999 -9999 -9999 -9999 -9999 -9999 -9999 -9999 -1.8264 -9999 -9999 -9999 -9999 -9999 -9999 -9999 -9999 -9999 -9999 -9999 -9999 -9999 -9999 -9999 -9999 -9999 -9999 -9999 -9999 -6.74189 -9999 -9999 -9999 -9999 -9999
-9999 -9999 -9999 4.01626 4.87355 5.54211 6.40399 6.48576 6.99886 7.8008 7.81438 7.55886 7.26985 6.61754 6.45718 5.97109 4.94625 4.73738 5.15412 5.34628 5.56383 5.6978 5.58946 5.32495 4.98308 4.04598 2.87983 2.09745 -0.37172 -1.62057 -2.81313 -4.61857 -6.0305 -9999 -9999 -9999 -9999 -9999 -9999 -9999 -2.76199 -2.82768 -2.79422 -2.39654 -1.30106 -1.94263 -9999 -9999 -9999 -9999 -9999 -9999 -9999 -9999 -9999 -9999 -9999 -9999 -9999 -9999 -9999 -9999 -9999 -9999 -9999 -5.74143 -7.16457 -9999 -9999 -9999 -9999
-9999 -9999 -9999 4.26082 5.16368 5.61531 6.45256 6.93247 7.24399 7.52336 7.79058 7.74825 7.4284 6.9406 6.94567 6.27224 5.90961 5.65074 6.21406 6.32572 6.10025 5.81721 5.56684 4.85877 4.7768 4.54826 3.80809 2.59313 1.34137 -0.470453 -2.92209 -5.32613 -7.26475 -9999 -9999 -9999 -9999 -9999 -9999 -2.54608 -1.6357 -1.08983 -2.24626 -1.25598 -0.350752 -0.493913 -1.36913 -9999 -9999 -9999 -9999 -9999 -9999 -9999 -9999 -9999 -9999 -9999 -9999 -9999 -9999 1.01728 -0.44128 -3.38813 -4.89876 -5.80525 -7.09949 -9999 -9999 -9999 -9999
-9999 -9999 -9999 4.09408 5.16028 5.88321 6.52538 6.62978 7.28924 7.5739 7.71863 7.70429 7.64285 7.55488 6.96775 6.71609 5.82693 6.68004 6.64845 6.43316 5.57954 5.20937 3.74341 3.09816 2.95571 4.18825 3.27733 1.37553 -1.00174 -3.85945 -4.04677 -4.99037 -6.72276 -9999 -9999 -9999 -9999 -9999 -9999 -2.25133 -1.27778 -0.465085 -0.345748 -1.49538 0.112066 0.0517255 -0.846173 -1.04919 -0.311291 0.0634629 -0.214815 0.663513 0.922967 0.527905 0.965293 -9999 -9999 -9999 -9999 1.23152 1.29115 1.33602 0.72826 -2.49126 -4.69039 -6.66538 -6.84746 -9999 -9999 -9999 -9999
-9999 -9999 -9999 4.84335 5.5002 5.8333 5.88887 6.4658 7.0428 7.39514 7.65681 7.60746 7.58899 7.56909 7.36973 6.90334 6.98908 6.95224 6.67965 5.05484 3.15803 3.98468 2.85671 0.448158 2.40634 3.48212 2.44978 0.145014 -2.52722 -3.4025 -3.36715 -4.68009 -6.36918 -9999 -9999 -9999 -4.90065 -3.50665 -3.3836 -2.9715 -1.67349 -0.685886 0.0581114 0.565301 0.553058 0.0179922 -0.860426 -1.81517 -1.47363 0.246449 0.666948 1.01736 1.28626 0.919745 1.11394 1.57555 1.81493 1.86474 1.75793 1.73418 1.77233 1.71771 1.15046 -1.72905 -3.37775 -4.43 -6.5455 -9999 -9999 -9999 -9999
-9999 -9999 -9999 4.44456 5.01591 5.47921 6.2466 6.32989 6.81763 7.10879 7.5365 7.58755 7.08932 7.50595 7.45479 7.37932 7.21657 6.97693 5.60565 3.71499 1.81934 0.943892 1.31874 -0.131797 0.612098 1.70209 1.30239 -0.111139 -2.49178 -2.82652 -3.38004 -5.59158 -7.71807 -9999 -9999 -7.59 -4.91704 -3.03443 -2.06252 -1.76037 -1.73011 -0.486224 -0.387639 0.951149 0.64131 -1.12899 -0.929312 -1.61761 -1.17072 -0.539754 -0.365403 0.541559 1.41326 1.58024 1.58636 1.88118 1.94337 1.96063 1.95443 1.75705 1.84839 1.86248 1.50864 -0.578341 -1.59652 -2.71696 -6.5047 -9999 -9999 -9999 -9999
-9999 -9999 -9999 4.7482 5.38676 6.08627 6.20111 6.72042 6.66839 6.52468 7.24868 7.51282 7.16203 6.91015 7.38172 7.3512 7.2904 7.18875 5.9001 4.40828 2.14945 0.745561 -0.111201 -0.721326 -1.53645 -0.976966 -1.14843 -1.37792 -1.11351 -1.76873 -3.07488 -4.36764 -6.79006 -8.09817 -9999 -7.43348 -6.22598 -3.98731 -2.08474 -0.87657 -1.30911 0.105073 0.368089 1.1862 0.708448 -0.366862 -0.82881 -0.86907 -1.00909 -0.0560116 0.585191 1.0374 1.34143 1.71756 1.81561 1.91404 1.95633 1.98004 2.00363 1.99977 1.99279 1.95062 1.81734 0.857292 -0.157757 -2.35341 -6.36714 -9999 -9999 -9999 -9999
-9999 -9999 2.90179 4.68652 5.75667 6.17193 6.47239 6.73777 6.93078 7.13414 7.32295 7.45491 7.40073 6.46699 6.54594 6.71627 7.24935 7.21235 7.0962 6.28048 3.53192 2.58306 1.19399 -0.604093 -1.35648 -0.981509 0.491605 0.425941 -0.549274 -1.63583 -3.13919 -4.09538 -5.57903 -8.43023 -8.17144 -6.88457 -5.9265 -4.40437 -2.07913 -0.448887 0.2791 0.554555 1.12943 1.42792 0.771609 0.146199 -0.115727 -0.601259 -0.668726 -0.663619 -0.0869373 0.362206 1.36248 1.70061 1.85467 1.93559 1.98012 2.01282 2.04459 2.05613 2.03749 2.03851 2.03021 1.9601 0.607155 -2.77737 -5.32823 -9999 -9999 -9999 -9999
-9999 -9999 -9999 4.36781 4.83896 4.96327 5.18027 5.62324 6.134 6.85756 6.95315 7.35293 7.35337 6.54793 5.61843 6.43249 6.75655 7.09183 7.10224 6.99707 4.68743 3.47869 2.52676 0.802537 1.42284 2.01285 2.05744 1.70119 -0.390341 -2.47305 -4.87557 -7.11832 -7.22403 -8.43072 -7.79034 -6.93944 -4.75865 -3.22348 -2.60003 -2.15207 0.211037 0.827383 1.03845 1.6437 0.81971 0.610083 -0.00886578 0.17631 0.123343 0.128464 -1.58627 0.136799 0.241095 1.36562 1.87272 1.98837 2.02214 2.05759 2.06468 2.07239 2.06784 2.07922 2.06267 2.04262 1.16275 -3.12812 -5.28499 -9999 -9999 -9999 -9999
-9999 -9999 -9999 -9999 -9999 4.53049 4.89091 5.12295 5.5234 6.74607 7.07751 7.29879 7.32036 6.96333 6.04241 5.80165 5.97241 5.07313 5.82664 6.85748 6.83143 6.70579 4.67478 3.63492 4.63972 4.33347 2.80698 1.60586 0.420729 -2.01782 -3.80368 -6.37427 -8.30403 -8.37507 -6.24182 -4.4702 -2.26344 -1.2887 -1.84063 -1.23945 -0.0649194 1.26866 1.91382 1.76254 0.893878 0.771328 -0.183527 0.756669 0.838396 0.403251 0.0276656 0.179189 0.736701 0.951092 1.83148 2.04663 2.0861 2.09521 2.1007 2.0982 2.09382 2.08318 2.07351 2.06035 2.01958 -2.39113 -5.82478 -9999 -9999 -9999 -9999
-9999 -9999 -9999 -9999 -9999 3.69493 3.91516 4.49165 5.96915 6.74391 7.05873 7.05115 7.19839 6.94743 6.138 5.30658 4.52229 3.50985 4.09035 5.6243 6.52825 6.63048 4.85006 5.77489 5.42738 4.7433 2.747 1.27598 0.496372 -1.84478 -3.84991 -5.55972 -7.92076 -6.90855 -5.79379 -4.36237 -1.95529 -0.330429 0.338005 -0.219982 0.531338 2.06581 2.07525 1.23737 1.29268 0.780978 -0.524178 0.836543 1.2205 0.913757 0.995687 0.881892 1.09102 1.47006 1.83281 2.07486 2.10961 2.11528 2.10929 2.1101 2.11155 2.09466 2.09555 2.08236 2.05878 -0.788686 -5.87847 -9999 -9999 -9999 -9999
-9999 -9999 -9999 -9999 -9999 -9999 2.93732 4.25002 6.21048 6.69869 6.65714 7.06433 7.10209 6.71529 6.37961 5.36997 3.98935 1.33523 2.01257 3.42468 5.46034 6.5298 6.38478 5.7883 4.75364 2.2512 0.0613273 -0.204648 -0.562874 -2.27132 -3.81553 -5.71665 -4.61301 -3.40397 -2.08124 -1.3853 -1.56359 -0.17106 0.964456 0.48466 1.40606 2.48052 1.99475 1.70776 1.46706 0.87583 0.841154 0.904046 1.67763 1.14518 1.47552 1.48504 1.46917 1.65494 1.8684 2.09246 2.1311 2.13362 2.13896 2.11442 2.12411 2.11152 2.09865 2.08647 2.06612 1.80737 -0.93579 -2.57464 -9999 -9999 -9999
-9999 -9999 -9999 -9999 -9999 -9999 1.73933 2.395 4.71628 5.43444 6.4617 7.00845 7.03626 6.38124 6.01719 4.51173 4.02451 1.5697 0.458347 1.40269 1.04152 3.84443 6.3245 5.78355 0.775903 -1.03807 -2.33185 -1.99957 -1.99614 -2.47128 -5.1002 -5.82369 -3.46812 -1.98417 -0.833877 0.039236 0.222668 0.194576 1.96986 2.20685 2.78436 2.66024 2.71465 1.82029 1.26719 1.75029 1.19316 1.09912 1.89827 1.1146 1.82716 1.74458 1.53397 1.5256 1.99637 2.09374 2.14602 2.15097 2.13425 2.11191 2.09898 2.11438 2.10715 2.08068 2.08123 2.0548 1.72554 0.306452 -0.190061 0.358448 -9999
-9999 -9999 -9999 -9999 -9999 -9999 -9999 0.243436 3.46847 4.94275 5.71889 6.81075 6.94469 6.59799 5.96603 4.43221 3.08344 0.889202 -1.61724 -2.94543 1.03063 4.49097 6.29689 6.0587 1.89042 0.245287 0.168982 1.13797 0.320882 -0.298481 -2.29622 -2.89203 -3.72045 -3.20736 -1.60418 -0.295218 0.967831 1.88663 1.96324 2.55999 2.90255 2.93174 3.03985 2.9356 2.85075 1.98598 2.58406 2.07909 2.34957 2.17846 2.02442 1.89132 1.39962 1.75158 2.06357 2.14579 2.17224 2.15527 2.15237 2.1404 2.11222 2.09885 2.09677 2.09346 2.077 2.07599 2.05746 1.89759 1.04364 -0.0991601 -1.54256
-9999 -9999 -9999 -9999 -9999 -9999 -9999 -1.35561 1.85357 3.40072 5.39239 6.42009 6.83709 6.78433 6.27253 5.1075 3.35283 1.89122 -0.906937 -3.81266 0.360646 4.07727 6.08345 6.1899 2.68658 3.65773 2.8731 3.19011 1.75384 1.15772 0.686058 -0.344278 -1.47092 -2.70244 -3.35418 -0.417007 1.09202 2.30673 2.88034 3.20523 3.36812 3.28258 3.06216 1.7595 2.75445 2.70047 2.60265 2.49054 2.43722 2.33614 2.21693 2.14651 2.12352 1.79782 2.17285 2.1655 2.17219 2.17543 2.16697 2.14945 2.13398 2.11441 2.11467 2.10049 2.08721 2.07775 2.07021 2.05886 2.01124 1.78401 -0.154093
-9999 -9999 -9999 -9999 -9999 -9999 -9999 -5.85138 -1.18358 2.57077 4.5309 6.12586 6.56567 6.73112 6.04368 5.52994 4.27259 3.08189 1.24393 -1.50994 -3.20524 -0.0806882 4.46157 6.13422 6.00295 5.89845 4.99138 4.17413 4.0715 4.13378 3.1822 1.79864 -0.0125438 -0.577406 -1.2113 0.97664 1.27464 1.1163 3.52188 3.52872 3.39336 2.47473 1.44596 1.64258 1.00503 1.4922 0.733308 1.43328 2.03871 2.26595 2.2491 2.16988 2.1634 2.12909 2.19433 2.19485 2.18593 2.1793 2.17614 2.16803 2.14072 2.12524 2.1355 2.11609 2.10169 2.08531 2.08069 2.07479 2.03946 2.00742 1.70911
-9999 -9999 -9999 -9999 -9999 -9999 -9999 -5.63719 -1.71093 1.61933 3.61648 5.5377 5.98476 6.63423 6.49608 5.95778 4.86495 3.49914 1.9867 -0.375714 -2.13138 -0.0409017 2.97451 5.13438 5.90795 5.89789 5.84633 5.64162 5.56052 5.3221 5.1516 4.15775 2.44601 1.47978 0.0653736 2.50344 2.77804 2.39803 3.61541 3.55553 1.71743 0.304401 0.129283 0.992669 0.173215 0.0276128 -0.483713 0.0947936 1.64336 1.1952 1.28586 1.98787 2.10505 2.17921 2.20065 2.19722 2.19525 2.18459 2.1875 2.19016 2.16336 2.15111 2.14508 2.11848 2.11289 2.0942 2.07808 2.06274 2.04361 2.01449 1.92949
-9999 -9999 -9999 -9999 -9999 -9999 -9999 -5.54213 -2.9055 0.091508 3.03173 5.0832 5.91165 6.51525 6.51033 5.88422 5.34164 4.48588 3.15537 2.24302 0.658165 -1.5174 2.13237 3.25134 4.2496 4.67414 5.71549 5.69031 5.21352 4.65486 5.16924 5.01747 3.66346 3.21879 2.46752 3.82386 3.82803 3.79141 3.71973 2.16692 0.00816501 -1.71711 -0.473761 -0.732259 -0.161444 -1.92956 -0.47174 0.699297 1.07995 0.284786 -0.30386 1.52072 1.82291 2.00407 2.12065 2.19771 2.1808 2.20071 2.19114 2.18679 2.18172 2.16669 2.15764 2.14202 2.12589 2.1094 2.09542 2.07443 2.04966 2.04764 1.99959
-9999 -9999 -9999 -9999 -9999 -9999 -9999 -9999 -4.44832 -0.651928 2.73978 4.62861 5.81692 6.39644 6.38714 6.06745 5.69926 5.16897 4.20936 3.00357 1.09749 -0.317285 0.582428 1.67892 1.80179 2.53157 4.64694 5.36973 4.34591 1.81251 3.30574 4.97269 4.94599 4.80426 4.64579 4.43983 4.25721 3.85665 2.78224 -0.511166 -1.15533 -2.44643 -2.29833 -2.96007 -1.51161 -2.05458 -0.566034 0.0796358 0.32401 -1.05036 -0.759238 0.856562 1.49754 1.39267 1.78664 2.1614 2.17517 2.18731 2.17891 2.18814 2.19214 2.18676 2.17194 2.16015 2.15152 2.1203 2.12082 1.99834 1.91877 1.75749 1.95734
-9999 -9999 -9999 -9999 -9999 -9999 -9999 -9999 -5.19671 -1.40563 2.58854 3.87175 5.15271 6.25846 6.28115 5.79192 5.3267 4.84747 4.30169 2.83885 1.42032 0.0660088 -0.387978 -0.114062 -0.137171 1.04324 3.79911 4.33295 4.10566 1.4585 0.56368 2.79057 4.66225 4.81008 4.64101 2.43959 2.90951 1.72253 0.112447 -0.329784 -1.03373 -2.52268 -1.80409 -2.8944 -2.42521 -2.55285 -1.70735 -1.29458 -0.289143 -1.48681 -1.48114 0.105262 0.907016 0.928522 1.77002 2.07107 2.15112 2.17242 2.1881 2.19318 2.2078 2.2014 2.1903 2.17511 2.13607 2.04146 1.7467 0.151021 0.153484 0.591314 1.00575
-9999 -9999 -9999 -9999 -9999 -9999 -9999 -9999 -4.74988 -2.11879 1.42543 4.05107 4.21715 5.49429 6.15411 5.62198 5.02269 4.40953 4.14215 2.54997 0.800866 -0.612186 -2.28505 -2.00848 -0.805913 1.15751 2.93785 3.2565 2.88893 1.46893 2.13882 3.65768 4.46444 4.70274 4.51622 4.03736 3.7611 2.88725 2.50917 1.29532 -0.603226 -1.35027 -0.875148 -2.89077 -2.74865 -2.00172 -2.79677 -1.4896 -0.863474 -2.41044 -1.18158 0.22289 0.941672 1.57034 1.86876 1.9887 2.17176 2.17817 2.19502 2.20488 2.20371 2.20501 2.17688 2.15369 1.98552 1.73687 0.252172 -0.370111 -0.248044 0.439342 1.04138
-9999 -9999 -9999 -9999 -9999 -9999 -9999 -9999 -4.29325 -1.92421 1.14902 3.02136 3.35728 4.77344 6.03285 5.89345 5.26986 5.08076 4.43439 3.08419 1.59266 -0.037769 -0.829953 -2.6525 -0.856551 0.561283 2.06905 2.77463 1.60741 1.02299 2.05896 3.08894 3.50069 4.54109 4.53196 4.19392 2.73389 2.02251 2.32472 2.0198 1.48499 0.178511 0.121451 -0.717392 -1.06418 -1.39169 -2.46259 -1.78055 -1.71133 -1.52642 -0.0506623 0.680958 1.16657 1.60845 1.72563 1.91871 2.16877 2.19226 2.20274 2.20312 2.20919 2.19225 2.12281 2.06436 1.72506 1.12351 0.000128323 -1.82515 -0.539972 0.803897 1.20375
-9999 -9999 -9999 -9999 -9999 -9999 -9999 -9999 -4.68831 -2.17173 0.454992 1.55388 1.7414 4.30348 5.87271 5.87656 5.58153 5.23673 3.63835 3.73334 3.41447 1.94375 -0.199034 -2.55257 -2.33102 -0.929347 1.06001 1.71914 -0.20909 -0.888994 -0.387954 1.16924 2.56328 4.0189 4.38923 3.96323 1.69 -0.725748 0.396263 1.5951 1.58964 1.23943 0.0278443 -0.356098 -0.703574 -1.5873 -3.08695 -2.86836 -2.45063 -0.776045 -0.24482 0.575203 1.25653 1.00173 1.15322 1.80515 2.1799 2.19554 2.20372 2.21747 2.21029 2.18932 2.04982 1.90193 1.65285 0.0830401 -0.892811 -2.31604 -0.663348 0.253056 0.738585
-9999 -9999 -9999 -9999 -9999 -9999 -9999 -9999 -5.4586 -3.63202 -1.1213 -0.10874 1.50571 3.92694 5.1184 5.69013 5.6787 5.44924 4.73409 4.3045 3.4569 1.92686 -0.165692 -2.49194 -4.00616 -3.23549 -0.560014 0.073222 -1.70458 -2.60715 -1.48192 0.177556 2.63452 4.03866 4.22895 4.10289 3.63487 1.87142 -0.259348 -0.250962 0.81944 -0.0740079 -1.11263 -0.539574 -0.64428 -1.51688 -2.15131 -2.54288 -2.30046 -1.3454 -0.949253 -0.00220643 1.39493 1.59635 1.55828 2.14744 2.1784 2.19366 2.21732 2.21806 2.21403 2.19768 2.08418 1.82831 0.783882 -0.126832 -1.39429 -1.55024 -0.0820181 0.561009 1.15948
-9999 -9999 -9999 -9999 -9999 -9999 -9999 -9999 -6.79086 -4.64203 -2.28998 -0.0875767 1.99617 3.78971 3.92941 4.87586 4.87578 5.37214 5.23127 4.5683 3.85452 2.53629 -0.152096 -2.41267 -4.87817 -4.22757 -1.49744 -1.1453 -2.33472 -4.53249 -2.2622 0.241481 2.51072 3.7395 2.77749 3.76507 3.68495 3.02481 1.75679 -0.215332 -0.17686 -1.65446 -1.71764 -0.957025 -0.709374 -0.834748 -1.31072 -2.07403 -1.9451 -1.36532 -1.2164 -0.345988 0.73815 1.79812 1.97749 2.18092 2.19114 2.19597 2.21397 2.21754 2.19687 2.14405 2.02531 1.15004 0.108805 -0.532248 -1.41498 -1.52124 0.174577 0.849048 1.22497
