Test_Spring_2018b/03_18/Temp/20180321_010.txt
ncols	170
nrows	115
xllcorner	350000.000000
yllcorner	4445000.000000
cellsize	1000.000000
nodata_value	-9999.000000
[rows 32 to 63 of 115, columns 72 to 143 of 170]
11.6699 11.3147 11.8855 12.4116 12.084 11.8714 12.726 12.734 12.4519 11.7784 11.5369 11.2863 11.1363 10.2703 7.82422 5.61977 6.81381 6.84979 6.03723 7.5145 6.74416 4.72384 1.86891 3.4287 3.0288 0.997976 0.502029 -9999 -9999 -9999 -9999 -9999 -9999 -9999 -9999 -9999 -9999 -9999 -9999 -9999 -9999 -9999 -9999 -9999 -9999 -9999 -9999 -9999 -9999 -9999 -9999 -9999 -9999 -9999 -9999 -9999 -9999 -9999 -9999 -9999 -9999 -9999 -9999 -9999 -9999 -9999 -9999 -9999 -9999 -9999 -9999 -9999
11.1845 11.0371 11.8814 11.8725 11.8155 12.1066 12.6388 12.7521 12.6471 12.358 12.1091 11.8439 11.1576 10.1655 8.07326 5.56283 4.99982 6.24064 6.30741 6.51276 5.81164 4.9288 3.54367 4.68834 5.13595 3.80568 2.06001 0.93251 -9999 -9999 -9999 -9999 -9999 -9999 -9999 -9999 -9999 -9999 -9999 -9999 -9999 -9999 -9999 -9999 -9999 -9999 -9999 -9999 -9999 -9999 -9999 -9999 -9999 -9999 -9999 -9999 -9999 -9999 -9999 -9999 -9999 -9999 -9999 -9999 -9999 -9999 -9999 -9999 -9999 -9999 -9999 -9999
10.6054 9.80386 10.3163 10.7031 11.3878 11.5663 11.6791 12.6838 12.6392 12.6013 12.1841 11.8524 11.2971 10.3425 8.97965 7.33691 4.47006 6.25112 7.64723 7.61918 7.55025 6.934 5.60388 6.72786 6.78593 5.08536 3.13612 2.00231 1.53735 -9999 -9999 -9999 -9999 -9999 -9999 -9999 -9999 -9999 -9999 -9999 -9999 -9999 -9999 -9999 -9999 -9999 -9999 -9999 -9999 -9999 -9999 -9999 -9999 -9999 -9999 -9999 -9999 -9999 -9999 -9999 -9999 -9999 -9999 -9999 -9999 -9999 -9999 -9999 -9999 -9999 -9999 -9999
9.947 8.96601 9.48157 10.1664 11.1167 11.6031 11.9789 12.2849 12.5969 12.5692 12.1419 10.8638 10.6886 10.6416 9.75327 7.87932 6.00772 5.52899 7.65486 8.26875 8.15258 8.63244 7.50691 8.04805 7.8345 7.23596 5.36552 3.66528 2.96891 1.58646 -9999 -9999 -9999 -9999 -9999 -9999 -9999 -9999 -9999 -9999 -9999 -9999 -9999 -9999 -9999 -9999 -9999 -9999 -9999 -9999 -9999 -9999 -9999 -9999 -9999 -9999 -9999 -9999 -9999 -9999 -9999 -9999 -9999 -9999 -9999 -9999 -9999 -9999 -9999 -9999 -9999 -9999
-9999 -9999 8.35407 9.27138 10.0378 10.9676 11.7717 12.183 12.5829 12.5594 11.6969 11.2794 11.2507 10.6716 9.64477 9.00357 7.8285 6.60369 7.08309 8.89705 8.10127 9.38792 9.28632 9.52769 8.67822 7.05102 4.89194 3.62814 3.00587 1.88696 -9999 -9999 -9999 -9999 -9999 -9999 -9999 -9999 -9999 -9999 -9999 -9999 -9999 -9999 -9999 -9999 -9999 -9999 -9999 -9999 -9999 -9999 -9999 -9999 -9999 -9999 -9999 -9999 -9999 -9999 -9999 -9999 -9999 -9999 -9999 -9999 -9999 -9999 -9999 -9999 -9999 -9999
-9999 -9999 -9999 9.10486 9.68965 10.9446 11.5777 11.8472 12.4872 12.4966 12.1748 11.9341 11.5813 11.1179 10.3485 9.49871 8.39425 8.29998 9.46378 9.48624 9.25265 9.44962 10.0499 9.89975 8.5805 6.29175 5.09021 2.63452 1.59026 1.70495 0.967437 -9999 -9999 -9999 -9999 -9999 -9999 -9999 -9999 -9999 -9999 -9999 -9999 3.96704 -9999 -9999 -9999 -9999 -9999 -9999 -9999 -9999 -9999 -9999 -9999 -9999 -9999 -9999 -9999 -9999 -9999 -9999 -9999 -9999 -0.195931 -9999 -9999 -9999 -9999 -9999 -9999 -9999
-9999 -9999 8.99811 9.76893 10.3829 11.1721 11.2457 11.7102 12.4448 12.4631 12.2372 11.9811 11.3953 11.2568 10.8228 9.8996 9.71802 10.105 10.2878 10.4936 10.6231 10.532 10.2984 9.99404 9.13466 8.08078 7.37526 5.13882 4.00472 2.92687 1.29246 0.0159665 -9999 -9999 -9999 -9999 -9999 -9999 -9999 3.05917 3.01166 3.05467 3.42895 4.43745 3.86793 -9999 -9999 -9999 -9999 -9999 -9999 -9999 -9999 -9999 -9999 -9999 -9999 -9999 -9999 -9999 -9999 -9999 -9999 -9999 0.707723 -0.56842 -9999 -9999 -9999 -9999 -9999 -9999
-9999 -9999 9.19635 10.0235 10.4401 11.2066 11.648 11.9231 12.1825 12.4309 12.3984 12.114 11.6776 11.6894 11.0852 10.7639 10.5373 11.0578 11.1679 10.9716 10.7226 10.5028 9.8665 9.79837 9.58366 8.91665 7.81788 6.68542 5.04128 2.81914 0.640502 -1.11486 -9999 -9999 -9999 -9999 -9999 -9999 3.23409 4.07324 4.58183 3.54431 4.45753 5.29374 5.17759 4.39567 -9999 -9999 -9999 -9999 -9999 -9999 -9999 -9999 -9999 -9999 -9999 -9999 -9999 -9999 6.77949 5.46922 2.80741 1.45109 0.644247 -0.514358 -9999 -9999 -9999 -9999 -9999 -9999
-9999 -9999 9.03668 10.012 10.6748 11.2637 11.3634 11.9598 12.2186 12.3554 12.348 12.2982 12.2249 11.6987 11.4779 10.6785 11.4624 11.4429 11.2564 10.4898 10.1621 8.83812 8.25909 8.12404 9.24967 8.42729 6.70417 4.54874 1.95133 1.78855 0.936307 -0.632141 -9999 -9999 -9999 -9999 -9999 -9999 3.49185 4.38883 5.14036 5.26251 4.23215 5.70699 5.6655 4.86525 4.69624 5.38191 5.73736 5.49828 6.32041 6.56993 6.22429 6.63457 -9999 -9999 -9999 -9999 6.93973 7.00749 7.06249 6.52527 3.6159 1.63435 -0.142862 -0.285878 -9999 -9999 -9999 -9999 -9999 -9999
-9999 -9999 9.70992 10.3131 10.6214 10.6768 11.2054 11.7263 12.047 12.2888 12.2495 12.2388 12.2274 12.0536 11.638 11.7247 11.7005 11.4624 9.99581 8.2819 9.04192 8.02514 5.83338 7.61869 8.60168 7.66866 5.57902 3.15511 2.35834 2.39728 1.20894 -0.318897 -9999 -9999 -9999 1.04368 2.31996 2.44269 2.82911 4.02138 4.9324 5.62079 6.09639 6.09004 5.62872 4.84675 3.99532 4.32137 5.89951 6.29648 6.63743 6.89552 6.57569 6.76812 7.19955 7.42894 7.48617 7.40139 7.39256 7.44062 7.40518 6.90483 4.30185 2.82072 1.88231 -0.00158086 -9999 -9999 -9999 -9999 -9999 -9999
-9999 -9999 9.34137 9.86681 10.2932 10.9917 11.0715 11.5185 11.7804 12.1707 12.2223 11.7755 12.1606 12.1216 12.0613 11.9225 11.7145 10.4786 8.77094 7.05849 6.2724 6.61247 5.30176 5.98395 6.97981 6.61985 5.34038 3.18113 2.88039 2.37622 0.373514 -1.55401 -9999 -9999 -1.41918 1.01779 2.73804 3.63221 3.91911 3.96008 5.10457 5.20916 6.44098 6.16623 4.58232 4.78025 4.16991 4.59219 5.1865 5.35984 6.19773 7.01048 7.17483 7.19244 7.47194 7.53991 7.56714 7.57339 7.40651 7.50273 7.52967 7.22332 5.34334 4.43537 3.43863 0.0307115 -9999 -9999 -9999 -9999 -9999 -9999
-9999 -9999 9.60881 10.1951 10.8358 10.9446 11.4202 11.3747 11.2413 11.9032 12.1459 11.8329 11.6107 12.0467 12.0274 11.9816 11.8993 10.7389 9.39398 7.35194 6.08604 5.30835 4.76113 4.02696 4.54076 4.3896 4.18498 4.42849 3.83395 2.64553 1.47435 -0.72019 -1.90404 -9999 -1.28761 -0.182225 1.86153 3.60145 4.71188 4.33288 5.63271 5.88739 6.63899 6.22111 5.26887 4.87182 4.85211 4.74125 5.62287 6.22002 6.64493 6.93489 7.29519 7.39598 7.49663 7.54607 7.5787 7.6116 7.62023 7.62692 7.60269 7.49683 6.64097 5.73867 3.76271 0.149513 -9999 -9999 -9999 -9999 -9999 -9999
-9999 7.92492 9.54728 10.5254 10.9075 11.1845 11.429 11.6073 11.7894 11.9627 12.0871 12.042 11.2002 11.2796 11.4431 11.9371 11.9138 11.8191 11.0888 8.60218 7.74367 6.48968 4.86316 4.1858 4.53168 5.87432 5.81808 4.9348 3.9499 2.58207 1.7137 0.369133 -2.21505 -1.97472 -0.798959 0.0796424 1.47242 3.59652 5.09077 5.76664 6.03246 6.56471 6.85218 6.27817 5.73484 5.51476 5.09106 5.04657 5.06727 5.60645 6.02857 6.95085 7.27087 7.42692 7.51124 7.56225 7.60259 7.64252 7.66482 7.66072 7.67567 7.68345 7.63802 6.42706 3.37561 1.09105 -9999 -9999 -9999 -9999 -9999 -9999
-9999 -9999 9.25268 9.68631 9.8038 10.0046 10.4101 10.8767 11.5313 11.6216 11.9888 11.9929 11.2669 10.4302 11.1787 11.4831 11.7984 11.8189 11.7345 9.6424 8.55325 7.69647 6.13695 6.70659 7.24758 7.29202 6.97136 5.07338 3.18289 0.997736 -1.03778 -1.13117 -2.22554 -1.63729 -0.85789 1.13147 2.53609 3.11421 3.53458 5.69644 6.26783 6.47972 7.04713 6.31637 6.15112 5.60724 5.79341 5.7625 5.78352 4.24105 5.8207 5.92905 6.96334 7.4358 7.5545 7.5953 7.63772 7.65486 7.67338 7.6819 7.7062 7.70754 7.70969 6.92942 3.05124 1.12479 -9999 -9999 -9999 -9999 -9999 -9999
-9999 -9999 -9999 -9999 9.40545 9.73632 9.94986 10.316 11.424 11.7284 11.9334 11.9579 11.6396 10.8097 10.6001 10.7653 9.95919 10.6551 11.6003 11.5865 11.4814 9.64421 8.70642 9.62519 9.35167 7.96846 6.87989 5.80504 3.59084 1.96565 -0.368126 -2.11914 -2.1805 -0.237874 1.37784 3.39069 4.28614 3.79648 4.35628 5.43779 6.66571 7.26917 7.14971 6.37884 6.29296 5.44436 6.31689 6.40868 6.02994 5.70428 5.8562 6.37628 6.58354 7.39497 7.60128 7.64871 7.66687 7.68224 7.69126 7.69978 7.70613 7.71376 7.71986 7.70231 3.71569 0.629339 -9999 -9999 -9999 -9999 -9999 -9999
-9999 -9999 -9999 -9999 8.64156 8.84492 9.37127 10.7158 11.4169 11.7062 11.7033 11.8421 11.6202 10.8924 10.1458 9.44348 8.53414 9.07225 10.4763 11.3075 11.4094 9.79976 10.6469 10.3369 9.72001 7.90978 6.57581 5.8692 3.74326 1.91867 0.366726 -1.77634 -0.853725 0.163384 1.46985 3.66465 5.15076 5.77028 5.27635 5.97415 7.38484 7.41103 6.66808 6.73699 6.29774 5.13118 6.38603 6.7526 6.49066 6.58075 6.49165 6.69515 7.0519 7.39287 7.62343 7.6652 7.68071 7.68546 7.69734 7.71195 7.71133 7.72866 7.73491 7.73323 5.16718 0.57624 -9999 -9999 -9999 -9999 -9999 -9999
-9999 -9999 -9999 -9999 -9999 7.95212 9.14737 10.9307 11.3716 11.3373 11.7113 11.7507 11.4056 11.1083 10.2 8.9558 6.55505 7.1811 8.47443 10.3337 11.3143 11.1905 10.6554 9.72106 7.45204 5.46592 5.22676 4.90296 3.35184 1.94601 0.220234 1.22495 2.32636 3.53239 4.17062 4.01649 5.29152 6.33496 5.91265 6.76506 7.75792 7.3343 7.092 6.8921 6.38067 6.36851 6.44431 7.16493 6.69796 7.01375 7.03666 7.03569 7.21676 7.42201 7.63612 7.68132 7.6936 7.70872 7.69772 7.71946 7.72276 7.72765 7.7349 7.73625 7.52227 5.06338 3.59843 -9999 -9999 -9999 -9999 -9999
-9999 -9999 -9999 -9999 -9999 6.85977 7.45825 9.56967 10.2196 11.1566 11.6577 11.6882 11.0995 10.7765 9.41731 8.9849 6.76536 5.76579 6.634 6.31553 8.87096 11.1321 10.6474 6.10348 4.46002 3.28815 3.59266 3.59762 3.1672 0.776026 0.120362 2.26269 3.61403 4.66352 5.4628 5.63723 5.62162 7.2463 7.47521 8.01513 7.91899 7.98608 7.19189 6.7081 7.17271 6.68578 6.61891 7.36268 6.66737 7.33035 7.26953 7.09157 7.09621 7.53522 7.63423 7.69183 7.70669 7.70167 7.69255 7.69415 7.72292 7.73292 7.72717 7.74745 7.74446 7.47867 6.21324 5.78595 6.3077 -9999 -9999 -9999
-9999 -9999 -9999 -9999 -9999 -9999 5.50026 8.43313 9.7702 10.4794 11.476 11.6032 11.2924 10.7269 9.34284 8.12754 6.14455 3.87808 2.68023 6.30216 9.45477 11.1033 10.8938 7.11253 5.62263 5.55711 6.4404 5.70023 5.13917 3.32176 2.7825 2.0324 2.502 3.96063 5.15825 6.31396 7.15866 7.24 7.79564 8.12194 8.16488 8.28054 8.20393 8.1453 7.38517 7.94751 7.50704 7.77026 7.63131 7.5068 7.39998 6.96659 7.29861 7.59339 7.67874 7.7143 7.70865 7.71637 7.71684 7.70382 7.70776 7.72239 7.73753 7.74215 7.76198 7.77842 7.65665 6.9042 5.88895 4.5999 -9999 -9999
-9999 -9999 -9999 -9999 -9999 -9999 4.04468 6.96361 8.36708 10.181 11.1146 11.5002 11.4601 11.0037 9.95456 8.3703 7.0527 4.5209 1.89123 5.69085 9.0753 10.9058 11.0093 7.83246 8.71981 8.01109 8.30245 7.00023 6.46084 6.03037 5.09687 4.07634 2.95696 2.37345 5.0488 6.42812 7.54171 8.07454 8.38303 8.54579 8.48227 8.30092 7.1351 8.05708 8.03335 7.963 7.87906 7.84776 7.77217 7.67911 7.62911 7.62151 7.33789 7.69079 7.69689 7.71284 7.72585 7.72881 7.72447 7.72317 7.71952 7.73556 7.74375 7.75092 7.76264 7.78893 7.80147 7.78101 7.597 5.85797 4.82573 4.5559
-9999 -9999 -9999 -9999 -9999 -9999 -0.0423592 4.20232 7.60379 9.39042 10.8455 11.2522 11.4104 10.7944 10.3368 9.2042 8.13244 6.47273 3.98071 2.45007 5.29519 9.42989 10.9552 10.8422 10.7526 9.9331 9.19445 9.10449 9.16395 8.29798 7.03713 5.39632 4.89244 4.32246 6.31742 6.59668 6.46285 8.66002 8.67933 8.5708 7.75176 6.83123 7.02682 6.4676 6.93523 6.2637 6.91709 7.48389 7.70626 7.70596 7.64785 7.6564 7.63743 7.71154 7.72243 7.72458 7.729 7.73713 7.74162 7.72976 7.72988 7.75469 7.75443 7.75957 7.76918 7.79795 7.81468 7.80462 7.79722 7.54735 7.16056 6.41001
-9999 -9999 -9999 -9999 -9999 -9999 0.141851 3.70628 6.73763 8.55749 10.3097 10.7232 11.3212 11.2042 10.7242 9.74081 8.50966 7.14537 5.00871 3.42296 5.33106 8.07541 10.0448 10.7541 10.7494 10.7076 10.526 10.4476 10.235 10.0793 9.18115 7.6362 6.76394 5.48531 7.70789 7.96612 7.63096 8.74852 8.70698 7.05106 5.78235 5.63913 6.43745 5.70973 5.60249 5.1575 5.69999 7.12321 6.73289 6.83008 7.48165 7.60126 7.6856 7.7163 7.72399 7.73288 7.73408 7.7481 7.76267 7.75145 7.75455 7.76445 7.75679 7.77039 7.77221 7.79085 7.8028 7.8066 7.80105 7.74423 7.68356 7.79749
-9999 -9999 -9999 -9999 -9999 -9999 0.21989 2.61897 5.3479 8.0247 9.89553 10.6557 11.212 11.216 10.6561 10.1724 9.40436 8.20506 7.38557 5.95477 3.98683 7.31087 8.33084 9.24455 9.62737 10.5786 10.5605 10.1319 9.62337 10.0958 9.96911 8.7446 8.34681 7.6712 8.91138 8.92415 8.90106 8.84736 7.44918 5.50154 3.94865 5.09358 4.87451 5.40664 3.82495 5.16701 6.24771 6.60978 5.9043 5.38407 7.05547 7.34892 7.52564 7.64312 7.72434 7.72009 7.74949 7.75254 7.76102 7.7697 7.77029 7.77729 7.77931 7.78176 7.78643 7.80691 7.80827 7.80911 7.82802 7.80817 7.81113 7.82213
-9999 -9999 -9999 -9999 -9999 -9999 -9999 1.20839 4.66301 7.75152 9.47503 10.5625 11.0973 11.0974 10.8158 10.4903 10.0176 9.15483 8.06814 6.34488 5.06757 5.89257 6.89081 7.00945 7.67856 9.60616 10.2682 9.3432 7.04086 8.40971 9.93006 9.912 9.78995 9.65338 9.47504 9.31837 8.96471 7.9999 5.02007 4.44767 3.28885 3.43826 2.85239 4.18127 3.7129 5.08179 5.6846 5.92236 4.68887 4.96765 6.45666 7.05212 6.96929 7.33919 7.69166 7.71571 7.73845 7.74291 7.76398 7.78101 7.79033 7.79217 7.79755 7.80661 7.79809 7.83253 7.74121 7.68894 7.56225 7.76328 7.79973 7.84495
-9999 -9999 -9999 -9999 -9999 -9999 -9999 0.525098 3.97632 7.61238 8.78575 9.95742 10.9702 10.9994 10.5636 10.1498 9.72329 9.23628 7.91593 6.63556 5.4132 5.00841 5.2645 5.2454 6.32438 8.83441 9.32537 9.12466 6.72643 5.91982 7.94958 9.65694 9.79855 9.65284 7.66138 8.09778 7.02972 5.57818 5.18859 4.56205 3.22302 3.89022 2.91439 3.3557 3.2615 4.04555 4.43623 5.36502 4.29173 4.31104 5.77386 6.51549 6.5477 7.3245 7.61004 7.69474 7.72622 7.75292 7.77049 7.79735 7.80583 7.81076 7.81271 7.79366 7.72471 7.47737 6.06264 6.084 6.50077 6.89597 7.60827 7.82856
-9999 -9999 -9999 -9999 -9999 -9999 -9999 0.928894 3.32644 6.55385 8.94699 9.10578 10.2743 10.8822 10.4073 9.8716 9.32329 9.08909 7.65112 6.07038 4.79467 3.28259 3.54129 4.64092 6.42643 8.05061 8.3466 8.019 6.73666 7.3523 8.73942 9.47985 9.70421 9.54311 9.11703 8.87573 8.09226 7.76 6.66917 4.95697 4.29158 4.7371 2.92005 3.06367 3.7569 3.05665 4.25947 4.84325 3.45233 4.59109 5.88092 6.54727 7.13132 7.41499 7.53631 7.71495 7.7332 7.76122 7.78329 7.79585 7.81123 7.80048 7.79481 7.65796 7.44848 6.1164 5.58902 5.71821 6.36092 6.92583 7.53727 7.78844
-9999 -9999 -9999 -9999 -9999 -9999 -9999 1.34158 3.50123 6.30087 8.0097 8.32286 9.61769 10.7703 10.6522 10.0943 9.93113 9.35252 8.13434 6.7876 5.31444 4.6026 2.95434 4.59335 5.88313 7.2601 7.9081 6.85568 6.33222 7.28104 8.22458 8.60667 9.56028 9.56078 9.26298 7.94639 7.31062 7.59639 7.3312 6.85774 5.68373 5.64531 4.89696 4.59591 4.31251 3.36128 3.99575 4.07324 4.26371 5.61912 6.29764 6.75226 7.16679 7.28605 7.4741 7.71388 7.74791 7.77034 7.7839 7.80304 7.80173 7.7532 7.71514 7.42236 6.89171 5.88728 4.2669 5.45208 6.69051 7.08486 7.46787 7.66898
-9999 -9999 -9999 -9999 -9999 -9999 -9999 0.980443 3.2743 5.6684 6.6746 6.85299 9.18896 10.623 10.635 10.3756 10.0709 8.62733 8.72213 8.44081 7.11281 5.174 3.04348 3.25232 4.5335 6.34226 6.94848 5.20545 4.59574 5.05907 6.48211 7.75715 9.08845 9.43409 9.05668 7.00146 4.81729 5.84786 6.94877 6.95602 6.65052 5.56281 5.22738 4.92531 4.1362 2.79658 3.00819 3.40208 4.9467 5.44352 6.2024 6.83494 6.61668 6.76733 7.37252 7.72582 7.75291 7.77338 7.79914 7.80619 7.80107 7.68864 7.56896 7.35772 5.94687 5.07592 3.81565 5.33915 6.18857 6.67318 7.48219 7.68768
-9999 -9999 -9999 -9999 -9999 -9999 -9999 0.278375 1.94545 4.23426 5.16212 6.637 8.84504 9.93592 10.4639 10.462 10.2622 9.62098 9.2392 8.47752 7.09568 5.20262 3.09705 1.72908 2.43686 4.86938 5.45906 3.84681 3.03523 4.0661 5.58252 7.8237 9.10862 9.29103 9.18638 8.77146 7.18 5.25528 5.27451 6.25905 5.45975 4.5289 5.06264 4.98084 4.20155 3.63876 3.30476 3.54767 4.43043 4.80452 5.67886 6.96187 7.15828 7.13691 7.68526 7.72639 7.75328 7.78789 7.80183 7.81166 7.81056 7.72149 7.50338 6.56912 5.75663 4.62026 4.49392 5.86649 6.48181 7.0545 7.45969 7.60271
-9999 -9999 -9999 -9999 -9999 -9999 -9999 -0.934309 1.02564 3.17038 5.17933 7.08064 8.71845 8.85378 9.7222 9.73071 10.1903 10.0709 9.47707 8.83703 7.6477 5.21339 3.16764 0.935568 1.53449 4.02294 4.34617 3.27427 1.2863 3.35788 5.64167 7.71267 8.8386 7.97438 8.88175 8.8194 8.23044 7.08956 5.30933 5.35619 4.02597 3.98114 4.68506 4.92317 4.82258 4.40359 3.73249 3.87144 4.41342 4.56294 5.36775 6.36653 7.34313 7.51949 7.71756 7.74 7.7575 7.78699 7.80346 7.79805 7.76362 7.66952 6.88832 5.95659 5.38869 4.60143 4.5198 6.09289 6.74267 7.11281 7.4649 7.61361
-9999 -9999 -9999 -9999 -9999 -9999 -9999 -9999 0.831121 3.04663 4.68854 5.13752 6.59442 7.38554 7.99995 8.1436 9.879 9.98361 9.61057 9.02338 8.01034 6.16529 4.88226 2.74169 1.20533 1.85068 2.14179 2.71873 2.56077 3.49009 5.68534 7.97228 8.23104 6.79535 7.02057 7.33458 8.02456 7.69257 5.26225 4.03395 3.01688 3.76207 4.54559 4.74582 4.79728 4.66308 4.51916 4.23745 5.28269 6.06005 6.25202 6.93151 7.43698 7.58731 7.7041 7.73134 7.75872 7.77344 7.75939 7.75322 7.64475 7.38366 6.50774 4.38053 4.49571 4.27931 3.62836 5.16464 6.16161 7.02854 7.4967 7.62937
-9999 -9999 -9999 -9999 -9999 -9999 -9999 -9999 0.101936 2.66398 3.2125 3.18185 2.34615 2.74488 5.88807 6.52868 8.19341 9.77012 9.66439 9.08848 8.14123 7.04594 5.34514 2.9367 1.02463 0.222295 2.29578 4.32621 4.75486 5.41262 6.7618 7.02657 5.55891 4.18355 4.97299 5.45322 7.25116 7.58918 7.25429 5.79511 4.12521 3.25998 4.31037 4.46269 4.53889 4.56538 4.55481 4.53291 5.70839 6.36631 6.82735 7.08526 7.52154 7.64432 7.69369 7.74087 7.74785 7.74061 7.68851 7.62726 7.30862 6.91992 5.4754 4.27363 3.52992 2.58205 4.76726 5.4404 6.37253 6.97094 7.4365 7.55083
