Test_Spring_2018b/03_18/Temp/20180305_002.txt
ncols	170
nrows	115
xllcorner	350000.000000
yllcorner	4445000.000000
cellsize	1000.000000
nodata_value	-9999.000000
[rows 32 to 63 of 115, columns 72 to 143 of 170]
10.1915 9.84964 10.372 10.8528 10.5533 10.3596 11.1563 11.1532 10.879 10.2392 10.0022 9.75649 9.60446 8.78429 6.4898 4.42096 5.5237 5.54619 4.77728 6.14555 5.41691 3.52226 0.849131 2.29582 1.91401 0.0142439 -0.454569 -9999 -9999 -9999 -9999 -9999 -9999 -9999 -9999 -9999 -9999 -9999 -9999 -9999 -9999 -9999 -9999 -9999 -9999 -9999 -9999 -9999 -9999 -9999 -9999 -9999 -9999 -9999 -9999 -9999 -9999 -9999 -9999 -9999 -9999 -9999 -9999 -9999 -9999 -9999 -9999 -9999 -9999 -9999 -9999 -9999
9.7517 9.60331 10.3807 10.3619 10.3083 10.5912 11.0874 11.1828 11.0741 10.7933 10.5498 10.2908 9.63869 8.70113 6.73698 4.38268 3.84576 4.9923 5.04357 5.22448 4.55986 3.72602 2.42377 3.48245 3.89086 2.64076 1.0086 -0.0373689 -9999 -9999 -9999 -9999 -9999 -9999 -9999 -9999 -9999 -9999 -9999 -9999 -9999 -9999 -9999 -9999 -9999 -9999 -9999 -9999 -9999 -9999 -9999 -9999 -9999 -9999 -9999 -9999 -9999 -9999 -9999 -9999 -9999 -9999 -9999 -9999 -9999 -9999 -9999 -9999 -9999 -9999 -9999 -9999
9.22427 8.46525 8.93263 9.28301 9.93468 10.1093 10.2045 11.1318 11.0797 11.0338 10.6336 10.3128 9.78331 8.88099 7.59761 6.05298 3.36611 5.0165 6.30785 6.27048 6.19524 5.60957 4.35807 5.39688 5.44128 3.84727 2.03907 0.970325 0.525519 -9999 -9999 -9999 -9999 -9999 -9999 -9999 -9999 -9999 -9999 -9999 -9999 -9999 -9999 -9999 -9999 -9999 -9999 -9999 -9999 -9999 -9999 -9999 -9999 -9999 -9999 -9999 -9999 -9999 -9999 -9999 -9999 -9999 -9999 -9999 -9999 -9999 -9999 -9999 -9999 -9999 -9999 -9999
8.62263 7.69592 8.16606 8.79448 9.68576 10.1469 10.4968 10.7724 11.0535 11.0173 10.6081 9.40458 9.23007 9.17487 8.33433 6.57389 4.81554 4.35691 6.3288 6.88996 6.7701 7.20671 6.14559 6.64003 6.43055 5.86434 4.12366 2.53173 1.87087 0.569595 -9999 -9999 -9999 -9999 -9999 -9999 -9999 -9999 -9999 -9999 -9999 -9999 -9999 -9999 -9999 -9999 -9999 -9999 -9999 -9999 -9999 -9999 -9999 -9999 -9999 -9999 -9999 -9999 -9999 -9999 -9999 -9999 -9999 -9999 -9999 -9999 -9999 -9999 -9999 -9999 -9999 -9999
-9999 -9999 7.12605 7.9853 8.70058 9.56534 10.3157 10.6899 11.0534 11.0216 10.2067 9.80664 9.76909 9.21753 8.24781 7.63761 6.52898 5.37379 5.80884 7.48932 6.73475 7.92367 7.81753 8.03183 7.22861 5.71848 3.69114 2.50677 1.91506 0.859768 -9999 -9999 -9999 -9999 -9999 -9999 -9999 -9999 -9999 -9999 -9999 -9999 -9999 -9999 -9999 -9999 -9999 -9999 -9999 -9999 -9999 -9999 -9999 -9999 -9999 -9999 -9999 -9999 -9999 -9999 -9999 -9999 -9999 -9999 -9999 -9999 -9999 -9999 -9999 -9999 -9999 -9999
-9999 -9999 -9999 7.84123 8.38719 9.54914 10.1466 10.3889 10.977 10.9763 10.6665 10.4318 10.092 9.6486 8.91906 8.11407 7.07105 6.97041 8.04361 8.05183 7.82131 7.9929 8.54129 8.38984 7.14962 5.01953 3.88765 1.58927 0.603888 0.699905 0.000504775 -9999 -9999 -9999 -9999 -9999 -9999 -9999 -9999 -9999 -9999 -9999 -9999 2.60691 -9999 -9999 -9999 -9999 -9999 -9999 -9999 -9999 -9999 -9999 -9999 -9999 -9999 -9999 -9999 -9999 -9999 -9999 -9999 -9999 -1.67094 -9999 -9999 -9999 -9999 -9999 -9999 -9999
-9999 -9999 7.74999 8.48122 9.04505 9.77291 9.83836 10.2731 10.9499 10.9583 10.7383 10.4896 9.93272 9.79259 9.376 8.50232 8.32013 8.66808 8.8254 9.00409 9.11182 9.01408 8.78395 8.48828 7.69258 6.69817 6.02923 3.92934 2.86671 1.85022 0.314203 -0.888124 -9999 -9999 -9999 -9999 -9999 -9999 -9999 1.83907 1.77753 1.80002 2.13127 3.05414 2.50439 -9999 -9999 -9999 -9999 -9999 -9999 -9999 -9999 -9999 -9999 -9999 -9999 -9999 -9999 -9999 -9999 -9999 -9999 -9999 -0.821798 -2.03336 -9999 -9999 -9999 -9999 -9999 -9999
-9999 -9999 7.96618 8.72865 9.10879 9.81599 10.2204 10.4834 10.7174 10.941 10.902 10.6274 10.2101 10.2103 9.63495 9.32267 9.098 9.57008 9.65898 9.46188 9.21586 8.99751 8.39114 8.31568 8.12029 7.48696 6.45126 5.38452 3.84365 1.75977 -0.283654 -1.93242 -9999 -9999 -9999 -9999 -9999 -9999 2.03022 2.79618 3.25302 2.26659 3.10012 3.86156 3.73422 2.98852 -9999 -9999 -9999 -9999 -9999 -9999 -9999 -9999 -9999 -9999 -9999 -9999 -9999 -9999 4.9299 3.68806 1.18449 -0.101414 -0.875052 -1.97734 -9999 -9999 -9999 -9999 -9999 -9999
-9999 -9999 7.8259 8.72705 9.33742 9.87952 9.96581 10.5256 10.7629 10.883 10.8679 10.8126 10.7345 10.2327 10.0149 9.25624 9.97421 9.94176 9.75327 9.02341 8.7033 7.45414 6.90084 6.7779 7.81681 7.03866 5.42062 3.39968 0.973347 0.808042 0.00285732 -1.47098 -9999 -9999 -9999 -9999 -9999 -9999 2.28232 3.10175 3.78469 3.87973 2.89891 4.25556 4.20034 3.43314 3.25515 3.87497 4.18704 3.94444 4.68343 4.89811 4.55795 4.92357 -9999 -9999 -9999 -9999 5.12306 5.16829 5.201 4.68043 1.94564 0.0760187 -1.60351 -1.76089 -9999 -9999 -9999 -9999 -9999 -9999
-9999 -9999 8.46199 9.01633 9.29646 9.34154 9.82877 10.3189 10.614 10.8362 10.7914 10.7726 10.7521 10.579 10.1791 10.2469 10.2103 9.97342 8.58988 6.97553 7.67003 6.70481 4.66019 6.31384 7.21973 6.33857 4.37887 2.10785 1.36224 1.38581 0.267583 -1.16707 -9999 -9999 -9999 0.0570996 1.23348 1.3322 1.67582 2.7704 3.60169 4.22388 4.64759 4.63222 4.17297 3.42217 2.60678 2.89049 4.34305 4.69395 4.9843 5.20698 4.89102 5.0528 5.43882 5.63644 5.67335 5.57749 5.55205 5.57911 5.52755 5.04143 2.59253 1.18954 0.292308 -1.50328 -9999 -9999 -9999 -9999 -9999 -9999
-9999 -9999 8.12654 8.60854 8.99921 9.64993 9.71879 10.1305 10.3781 10.7368 10.7774 10.352 10.7017 10.6543 10.5859 10.4429 10.2342 9.06577 7.45666 5.84309 5.09435 5.40897 4.1728 4.79685 5.71478 5.36715 4.16587 2.14204 1.8529 1.37997 -0.501312 -2.30929 -9999 -9999 -2.21609 0.0447565 1.6354 2.45379 2.70419 2.72393 3.77244 3.84989 4.97873 4.71113 3.20449 3.3677 2.77516 3.14811 3.68014 3.82223 4.58479 5.31793 5.45405 5.45383 5.6984 5.74576 5.75505 5.74446 5.5718 5.64396 5.65066 5.34548 3.57101 2.70275 1.74957 -1.46565 -9999 -9999 -9999 -9999 -9999 -9999
-9999 -9999 8.38784 8.92716 9.51837 9.61401 10.0526 10.0059 9.88493 10.4966 10.7167 10.4164 10.1995 10.5954 10.565 10.5084 10.4166 9.31804 8.04689 6.12523 4.92827 4.19819 3.67443 2.97888 3.44714 3.29583 3.09547 3.31398 2.75078 1.6397 0.53843 -1.52137 -2.63545 -9999 -2.08213 -1.06366 0.828866 2.43628 3.4548 3.08215 4.27502 4.49183 5.18031 4.76905 3.85152 3.4562 3.4161 3.29142 4.09346 4.62867 5.00568 5.25785 5.57088 5.64854 5.72656 5.75701 5.77173 5.78637 5.77778 5.76658 5.7256 5.60744 4.78842 3.9243 2.05801 -1.34878 -9999 -9999 -9999 -9999 -9999 -9999
-9999 6.82369 8.33588 9.24138 9.59188 9.84516 10.0688 10.2309 10.404 10.5616 10.6711 10.6212 9.82632 9.88937 10.0293 10.4761 10.439 10.3344 9.63625 7.29924 6.49034 5.30777 3.77707 3.13254 3.44432 4.68723 4.62572 3.79324 2.8665 1.58791 0.770058 -0.492979 -2.91603 -2.70168 -1.61577 -0.808755 0.476327 2.44209 3.81845 4.4297 4.65714 5.13925 5.38613 4.82553 4.28951 4.06146 3.64381 3.58057 3.57884 4.06168 4.4359 5.27601 5.55706 5.68186 5.74497 5.77727 5.79957 5.82113 5.8256 5.80453 5.80019 5.78803 5.72468 4.57285 1.70091 -0.465494 -9999 -9999 -9999 -9999 -9999 -9999
-9999 -9999 8.06598 8.46389 8.56795 8.75071 9.12509 9.55687 10.1711 10.2501 10.5866 10.5839 9.89702 9.10511 9.79074 10.0603 10.3388 10.3413 10.2455 8.28319 7.25208 6.43868 4.97057 5.48977 5.98383 6.01561 5.70769 3.92875 2.15742 0.116411 -1.79063 -1.8858 -2.91521 -2.37788 -1.66158 0.182079 1.47823 2.00124 2.37528 4.37281 4.88995 5.06417 5.57146 4.86697 4.68344 4.1527 4.30363 4.25262 4.25082 2.79089 4.24505 4.32737 5.27467 5.69745 5.78975 5.81287 5.83746 5.83808 5.83929 5.83019 5.83468 5.81635 5.79605 5.04572 1.40361 -0.428678 -9999 -9999 -9999 -9999 -9999 -9999
-9999 -9999 -9999 -9999 8.20176 8.50628 8.70198 9.04037 10.0777 10.3568 10.542 10.5574 10.2512 9.46605 9.25738 9.39691 8.62867 9.2615 10.13 10.1016 9.98879 8.26056 7.37224 8.21783 7.95202 6.65182 5.6276 4.61705 2.54399 1.02565 -1.15942 -2.8011 -2.86687 -1.06377 0.43229 2.29797 3.119 2.64555 3.14953 4.14043 5.26545 5.80674 5.67273 4.93042 4.82073 4.0052 4.79622 4.85936 4.48422 4.15952 4.28124 4.74765 4.92321 5.66347 5.83986 5.86699 5.86922 5.86846 5.86103 5.8521 5.8391 5.82641 5.81092 5.77212 2.02852 -0.88613 -9999 -9999 -9999 -9999 -9999 -9999
-9999 -9999 -9999 -9999 7.49403 7.67979 8.16758 9.41916 10.0768 10.3417 10.3328 10.4547 10.2384 9.54809 8.83844 8.16826 7.30435 7.79059 9.08496 9.84511 9.92548 8.40975 9.18713 8.88627 8.30015 6.60164 5.34857 4.68179 2.69125 0.986901 -0.468495 -2.4759 -1.62339 -0.683843 0.524243 2.55943 3.93164 4.49295 4.01457 4.6461 5.94153 5.94396 5.22793 5.26903 4.82944 3.71696 4.86449 5.18382 4.91748 4.98057 4.87727 5.0482 5.36322 5.66451 5.8636 5.88713 5.88609 5.87558 5.87097 5.8675 5.84856 5.84492 5.82952 5.80542 3.38726 -0.931392 -9999 -9999 -9999 -9999 -9999 -9999
-9999 -9999 -9999 -9999 -9999 6.85142 7.96335 9.62433 10.0389 10.0017 10.3444 10.3733 10.0418 9.75306 8.89233 7.71657 5.46078 6.02916 7.2203 8.93999 9.84047 9.71132 9.199 8.31563 6.18795 4.32535 4.09391 3.78434 2.33015 1.0165 -0.601183 0.328655 1.34794 2.46372 3.04821 2.8916 4.06679 5.02412 4.61201 5.38781 6.29333 5.87601 5.62712 5.41735 4.91038 4.87505 4.92229 5.57193 5.11419 5.38782 5.38899 5.36907 5.52013 5.69475 5.8785 5.90525 5.90163 5.90066 5.87467 5.87804 5.86281 5.84759 5.83314 5.81186 5.5885 3.25938 1.8659 -9999 -9999 -9999 -9999 -9999
-9999 -9999 -9999 -9999 -9999 5.83633 6.39111 8.35786 8.96733 9.83604 10.2969 10.3173 9.75833 9.44562 8.16461 7.74621 5.65954 4.71136 5.50603 5.19379 7.56402 9.66054 9.19539 4.9438 3.39987 2.29701 2.57277 2.5698 2.16115 -0.0721483 -0.691528 1.29961 2.55187 3.52137 4.256 4.40617 4.3769 5.87674 6.07215 6.55647 6.44592 6.48665 5.72292 5.2484 5.6523 5.17407 5.0883 5.75961 5.08887 5.68651 5.60955 5.42446 5.41084 5.80354 5.87982 5.91807 5.91665 5.8969 5.87288 5.85693 5.86549 5.8551 5.8286 5.8251 5.79875 5.51616 4.30902 3.88388 4.34451 -9999 -9999 -9999
-9999 -9999 -9999 -9999 -9999 -9999 4.56734 7.30008 8.55046 9.20608 10.1289 10.2392 9.9429 9.40233 8.09688 6.9481 5.0824 2.95192 1.81955 5.18455 8.1123 9.6374 9.42903 5.88917 4.48845 4.41781 5.2334 4.53478 4.00383 2.30565 1.79445 1.08612 1.51521 2.86898 3.97326 5.03834 5.81182 5.87153 6.37241 6.65691 6.6764 6.76275 6.66896 6.59149 5.85272 6.35393 5.9198 6.14294 5.99153 5.85446 5.73465 5.31122 5.60305 5.86108 5.92447 5.9415 5.92107 5.91303 5.8978 5.86929 5.85292 5.84693 5.84008 5.82219 5.81741 5.79825 5.65866 4.93045 3.95716 2.72881 -9999 -9999
-9999 -9999 -9999 -9999 -9999 -9999 3.21192 5.93096 7.243 8.9289 9.79929 10.1498 10.1006 9.66184 8.66906 7.17621 5.93171 3.55401 1.08509 4.61772 7.7617 9.45674 9.54118 6.56465 7.38209 6.711 6.97388 5.75032 5.23905 4.83474 3.9551 2.99387 1.94452 1.38666 3.87079 5.14438 6.16871 6.64977 6.92016 7.05335 6.97497 6.78218 5.67245 6.5105 6.45916 6.37045 6.26943 6.21809 6.12608 6.01856 5.95191 5.92584 5.64315 5.9554 5.9435 5.94274 5.93945 5.92671 5.90677 5.88902 5.86819 5.86333 5.84699 5.83178 5.81981 5.80992 5.7962 5.75156 5.55443 3.90662 2.91895 2.63732
-9999 -9999 -9999 -9999 -9999 -9999 -0.599328 3.35604 6.54235 8.20089 9.55081 9.91946 10.0552 9.46755 9.02697 7.95581 6.94107 5.37753 3.03746 1.59484 4.23844 8.08398 9.49447 9.37682 9.28243 8.50759 7.80888 7.71601 7.76292 6.95185 5.774 4.23215 3.74816 3.20453 5.05345 5.30033 5.16057 7.19473 7.19546 7.07576 6.29208 5.41362 5.57521 5.02815 5.43562 4.7865 5.37402 5.88122 6.06761 6.0469 5.97286 5.96225 5.92636 5.97631 5.97008 5.95615 5.94453 5.9363 5.92432 5.89649 5.87907 5.88375 5.8619 5.8458 5.82735 5.81986 5.81069 5.7764 5.7447 5.48704 5.10215 4.37196
-9999 -9999 -9999 -9999 -9999 -9999 -0.413994 2.91542 5.73575 7.42732 9.05217 9.4269 9.97294 9.85101 9.38965 8.45804 7.29492 6.00745 3.99936 2.50567 4.27272 6.82386 8.64966 9.29926 9.2827 9.23324 9.05389 8.9811 8.77296 8.62416 7.77522 6.31918 5.49368 4.28836 6.34934 6.57638 6.24866 7.27544 7.21956 5.65624 4.45336 4.29997 5.02524 4.32528 4.19636 3.75575 4.24034 5.54718 5.16321 5.23353 5.82172 5.91433 5.97223 5.98366 5.97419 5.96623 5.95126 5.94818 5.94531 5.91787 5.90309 5.89385 5.86734 5.85682 5.83701 5.81977 5.80164 5.781 5.7517 5.67483 5.59298 5.66914
-9999 -9999 -9999 -9999 -9999 -9999 -0.331429 1.9031 4.44068 6.93188 8.66707 9.36508 9.87223 9.86326 9.3275 8.86246 8.13184 6.9987 6.22006 4.87126 3.02164 6.1107 7.0541 7.89417 8.25079 9.12801 9.10086 8.6907 8.21068 8.64047 8.50724 7.35298 6.96973 6.32666 7.47059 7.46834 7.43174 7.36562 6.04398 4.20875 2.74108 3.79021 3.56601 4.04283 2.5383 3.77128 4.75829 5.07496 4.3928 3.88732 5.42738 5.67899 5.82591 5.91816 5.97705 5.95652 5.96752 5.95389 5.94505 5.93595 5.91872 5.90678 5.88944 5.87172 5.85157 5.83598 5.81392 5.79027 5.78392 5.73702 5.71677 5.69689
-9999 -9999 -9999 -9999 -9999 -9999 -9999 0.59755 3.81514 6.68675 8.28391 9.28691 9.77356 9.76086 9.48491 9.16777 8.7132 7.89465 6.86741 5.24645 4.04201 4.79975 5.72438 5.82219 6.43544 8.22326 8.83032 7.95645 5.80533 7.0668 8.47362 8.44456 8.31805 8.17747 7.99487 7.83429 7.48912 6.57285 3.77548 3.22632 2.12682 2.24747 1.68148 2.90234 2.43638 3.69284 4.23449 4.43568 3.26429 3.50459 4.87014 5.40695 5.31141 5.63885 5.94897 5.95457 5.95905 5.94642 5.94907 5.94759 5.93842 5.92278 5.90865 5.89724 5.86438 5.86097 5.75281 5.68085 5.5394 5.70388 5.7151 5.71964
-9999 -9999 -9999 -9999 -9999 -9999 -9999 -0.0332117 3.17719 6.55948 7.64317 8.72471 9.65753 9.67199 9.25235 8.85302 8.44179 7.97413 6.72899 5.5214 4.36824 3.97833 4.20546 4.17962 5.17496 7.50584 7.95276 7.75427 5.50894 4.74409 6.62576 8.2063 8.32539 8.17593 6.30359 6.69619 5.68428 4.31386 3.93371 3.33181 2.06445 2.66866 1.73922 2.13182 2.01568 2.72696 3.07118 3.91768 2.89619 2.8947 4.23561 4.9089 4.9207 5.62774 5.87672 5.93854 5.95082 5.95862 5.95773 5.96523 5.95515 5.94128 5.92407 5.8867 5.80219 5.54557 4.18851 4.18599 4.55239 4.89876 5.53195 5.70848
-9999 -9999 -9999 -9999 -9999 -9999 -9999 0.34701 2.57387 5.57464 7.79642 7.93277 9.01093 9.56559 9.10964 8.59669 8.07195 7.84035 6.48556 4.99773 3.79477 2.3715 2.60089 3.61524 5.27336 6.77723 7.04176 6.72441 5.51983 6.08167 7.36321 8.04104 8.23697 8.07281 7.66093 7.42097 6.67453 6.34856 5.31417 3.69938 3.0609 3.45858 1.74457 1.8598 2.48764 1.80529 2.90781 3.43279 2.11526 3.15341 4.33793 4.94106 5.46778 5.71458 5.81017 5.95945 5.95917 5.96798 5.97111 5.96513 5.96146 5.93299 5.90882 5.76177 5.54649 4.28322 3.74875 3.84752 4.42542 4.9308 5.46146 5.67516
-9999 -9999 -9999 -9999 -9999 -9999 -9999 0.735783 2.7404 5.34182 6.92495 7.20532 8.40137 9.4644 9.34145 8.80793 8.64274 8.08984 6.94022 5.67075 4.28349 3.60684 2.0566 3.57403 4.7696 6.04242 6.63505 5.64533 5.14395 6.01628 6.88349 7.22656 8.10263 8.08897 7.79656 6.55304 5.94435 6.19509 5.93122 5.47252 4.35965 4.30604 3.5896 3.29025 3.00714 2.09074 2.6633 2.71618 2.86926 4.1148 4.72902 5.13464 5.50318 5.59649 5.75423 5.96042 5.97469 5.97812 5.97319 5.97327 5.954 5.89035 5.83611 5.5438 5.02915 4.07205 2.51739 3.60215 4.73656 5.07388 5.40046 5.5678
-9999 -9999 -9999 -9999 -9999 -9999 -9999 0.4027 2.53236 4.75522 5.68262 5.83721 8.0048 9.33055 9.32908 9.07414 8.77696 7.41696 7.49255 7.21724 5.96536 4.14365 2.14321 2.32587 3.50732 5.18889 5.74219 4.10752 3.52529 3.94422 5.25853 6.43452 7.66274 7.97089 7.60399 5.67107 3.61743 4.56318 5.57413 5.56413 5.26189 4.22937 3.8985 3.59849 2.84377 1.56585 1.74339 2.09178 3.50838 3.95291 4.64222 5.21392 4.99197 5.11452 5.66142 5.97342 5.9811 5.9826 5.98897 5.97774 5.95493 5.83174 5.70151 5.48552 4.14982 3.31765 2.10585 3.49985 4.27179 4.68295 5.41764 5.5894
-9999 -9999 -9999 -9999 -9999 -9999 -9999 -0.248307 1.29635 3.42088 4.27512 5.6395 7.68773 8.69324 9.17324 9.15877 8.95937 8.34815 7.97899 7.25538 5.95316 4.174 2.19667 0.907739 1.55588 3.81754 4.35086 2.84196 2.07105 3.01929 4.42044 6.49769 7.68239 7.83801 7.72547 7.32306 5.82244 4.01046 4.0121 4.91414 4.15125 3.26527 3.74566 3.65139 2.90606 2.36258 2.0218 2.22371 3.02838 3.35849 4.15562 5.33433 5.49932 5.46131 5.95511 5.97574 5.98315 5.99779 5.9931 5.98446 5.96547 5.86419 5.64227 4.75182 3.97476 2.89523 2.75801 3.99513 4.53863 5.04232 5.40055 5.51431
-9999 -9999 -9999 -9999 -9999 -9999 -9999 -1.3756 0.44228 2.43233 4.29536 6.05765 7.57378 7.68765 8.48538 8.48053 8.89648 8.77211 8.20503 7.59483 6.47213 4.18777 2.26609 0.170632 0.716978 3.02435 3.32411 2.31012 0.441228 2.36035 4.47734 6.39557 7.43171 6.61051 7.44219 7.36869 6.80348 5.72292 4.04543 4.07254 2.81431 2.75523 3.39453 3.59892 3.48703 3.07787 2.42383 2.52755 3.01426 3.13486 3.86714 4.78062 5.67363 5.8201 5.98699 5.99013 5.98876 5.99861 5.99629 5.97348 5.92347 5.81762 5.07041 4.18254 3.63395 2.88047 2.78528 4.21726 4.78531 5.10045 5.40942 5.52878
-9999 -9999 -9999 -9999 -9999 -9999 -9999 -9999 0.265248 2.32134 3.84188 4.24897 5.59629 6.32209 6.88277 7.00399 8.6104 8.69498 8.33381 7.77281 6.81448 5.07982 3.86969 1.85945 0.413091 0.99679 1.2699 1.79432 1.63289 2.48594 4.52013 6.63972 6.86652 5.51193 5.70697 5.98459 6.61277 6.287 4.00289 2.84011 1.87414 2.55231 3.26595 3.43505 3.46509 3.32172 3.15415 2.87084 3.82716 4.53364 4.69403 5.30955 5.7629 5.88504 5.97606 5.98367 5.99152 5.98761 5.95686 5.93342 5.81444 5.5529 4.71747 2.71422 2.80327 2.58271 1.95652 3.35903 4.23614 5.0257 5.44325 5.54789
-9999 -9999 -9999 -9999 -9999 -9999 -9999 -9999 -0.410494 1.96902 2.46934 2.42889 1.6369 1.99653 4.91687 5.50176 7.04213 8.50026 8.38838 7.83776 6.94066 5.90547 4.30534 2.04497 0.247862 -0.509011 1.40977 3.2971 3.68293 4.28245 5.52702 5.75953 4.37525 3.07688 3.79834 4.23102 5.89304 6.19246 5.86368 4.48546 2.91031 2.08571 3.04837 3.17274 3.22584 3.23238 3.19763 3.15014 4.22619 4.82115 5.23257 5.45464 5.84337 5.93978 5.96787 5.9941 5.98294 5.95861 5.89244 5.81771 5.50274 5.12227 3.75642 2.61692 1.90468 1.00175 3.02228 3.61937 4.44558 4.97601 5.39136 5.47912
