Test_Spring_2018b/03_18/Temp/20180308_003.txt
ncols	170
nrows	115
xllcorner	350000.000000
yllcorner	4445000.000000
cellsize	1000.000000
nodata_value	-9999.000000
[rows 32 to 63 of 115, columns 72 to 143 of 170]
9.89953 9.57837 10.0707 10.5239 10.24 10.0481 10.7922 10.7903 10.5335 9.93271 9.71139 9.48203 9.34098 8.57096 6.41297 4.46734 5.50733 5.53018 4.80784 6.09729 5.41253 3.62994 1.11441 2.47731 2.11886 0.331009 -0.115679 -9999 -9999 -9999 -9999 -9999 -9999 -9999 -9999 -9999 -9999 -9999 -9999 -9999 -9999 -9999 -9999 -9999 -9999 -9999 -9999 -9999 -9999 -9999 -9999 -9999 -9999 -9999 -9999 -9999 -9999 -9999 -9999 -9999 -9999 -9999 -9999 -9999 -9999 -9999 -9999 -9999 -9999 -9999 -9999 -9999
9.46797 9.32926 10.0619 10.045 9.9937 10.2496 10.7104 10.8011 10.6999 10.4369 10.2092 9.96702 9.35495 8.47421 6.62707 4.41263 3.90906 4.99024 5.04023 5.21215 4.58796 3.80435 2.57969 3.57757 3.96326 2.78733 1.24549 0.252256 -9999 -9999 -9999 -9999 -9999 -9999 -9999 -9999 -9999 -9999 -9999 -9999 -9999 -9999 -9999 -9999 -9999 -9999 -9999 -9999 -9999 -9999 -9999 -9999 -9999 -9999 -9999 -9999 -9999 -9999 -9999 -9999 -9999 -9999 -9999 -9999 -9999 -9999 -9999 -9999 -9999 -9999 -9999 -9999
8.95401 8.24068 8.68174 9.0125 9.6162 9.77185 9.86218 10.736 10.6879 10.6456 10.2702 9.9696 9.47265 8.62489 7.41852 5.96629 3.43878 4.99445 6.21208 6.17877 6.10973 5.56006 4.38346 5.36287 5.40604 3.90109 2.18871 1.18423 0.767199 -9999 -9999 -9999 -9999 -9999 -9999 -9999 -9999 -9999 -9999 -9999 -9999 -9999 -9999 -9999 -9999 -9999 -9999 -9999 -9999 -9999 -9999 -9999 -9999 -9999 -9999 -9999 -9999 -9999 -9999 -9999 -9999 -9999 -9999 -9999 -9999 -9999 -9999 -9999 -9999 -9999 -9999 -9999
8.37034 7.49937 7.94317 8.53576 9.36591 9.79322 10.1204 10.3804 10.6457 10.6124 10.2281 9.09622 8.93325 8.8828 8.09322 6.43782 4.78452 4.3549 6.21344 6.74389 6.63315 7.04616 6.04905 6.51621 6.32051 5.78306 4.13642 2.63744 2.01687 0.793434 -9999 -9999 -9999 -9999 -9999 -9999 -9999 -9999 -9999 -9999 -9999 -9999 -9999 -9999 -9999 -9999 -9999 -9999 -9999 -9999 -9999 -9999 -9999 -9999 -9999 -9999 -9999 -9999 -9999 -9999 -9999 -9999 -9999 -9999 -9999 -9999 -9999 -9999 -9999 -9999 -9999 -9999
-9999 -9999 6.94738 7.74832 8.41449 9.22945 9.93303 10.2857 10.6283 10.5988 9.83215 9.45635 9.42206 8.90417 7.99289 7.42036 6.37883 5.29366 5.70567 7.29018 6.58223 7.70378 7.60596 7.80957 7.05503 5.61853 3.71311 2.59733 2.04164 1.04953 -9999 -9999 -9999 -9999 -9999 -9999 -9999 -9999 -9999 -9999 -9999 -9999 -9999 -9999 -9999 -9999 -9999 -9999 -9999 -9999 -9999 -9999 -9999 -9999 -9999 -9999 -9999 -9999 -9999 -9999 -9999 -9999 -9999 -9999 -9999 -9999 -9999 -9999 -9999 -9999 -9999 -9999
-9999 -9999 -9999 7.59665 8.10336 9.1973 9.75725 9.98542 10.539 10.5385 10.247 10.0265 9.70745 9.29122 8.60599 7.85012 6.87052 6.77834 7.79142 7.80196 7.5877 7.75183 8.27046 8.12992 6.95923 4.94449 3.88016 1.71714 0.790609 0.882054 0.224696 -9999 -9999 -9999 -9999 -9999 -9999 -9999 -9999 -9999 -9999 -9999 -9999 2.71546 -9999 -9999 -9999 -9999 -9999 -9999 -9999 -9999 -9999 -9999 -9999 -9999 -9999 -9999 -9999 -9999 -9999 -9999 -9999 -9999 -1.23514 -9999 -9999 -9999 -9999 -9999 -9999 -9999
-9999 -9999 7.50232 8.17604 8.70701 9.39202 9.45448 9.85971 10.4965 10.5039 10.2967 10.0628 9.53902 9.40813 9.01747 8.19701 8.02797 8.35838 8.50957 8.68095 8.78549 8.6964 8.48236 8.20623 7.44386 6.50914 5.88047 3.90678 2.90441 1.94817 0.502842 -0.628247 -9999 -9999 -9999 -9999 -9999 -9999 -9999 1.9592 1.90553 1.93109 2.24734 3.12042 2.60696 -9999 -9999 -9999 -9999 -9999 -9999 -9999 -9999 -9999 -9999 -9999 -9999 -9999 -9999 -9999 -9999 -9999 -9999 -9999 -0.450603 -1.58569 -9999 -9999 -9999 -9999 -9999 -9999
-9999 -9999 7.6758 8.39406 8.75185 9.41708 9.79684 10.0413 10.2608 10.4705 10.4331 10.1744 9.78189 9.78296 9.24278 8.95092 8.74212 9.18968 9.27683 9.09483 8.86673 8.66443 8.09646 8.02779 7.83143 7.23652 6.26237 5.25859 3.80796 1.84648 -0.0769417 -1.62872 -9999 -9999 -9999 -9999 -9999 -9999 2.11727 2.84274 3.2775 2.3537 3.14323 3.86475 3.7493 3.04293 -9999 -9999 -9999 -9999 -9999 -9999 -9999 -9999 -9999 -9999 -9999 -9999 -9999 -9999 4.9267 3.76303 1.4118 0.207043 -0.515416 -1.54733 -9999 -9999 -9999 -9999 -9999 -9999
-9999 -9999 7.5296 8.37821 8.95246 9.46187 9.54175 10.0629 10.2872 10.3989 10.3837 10.3311 10.2576 9.78593 9.58239 8.87038 9.54923 9.52216 9.34857 8.66545 8.36799 7.19562 6.67787 6.55139 7.53119 6.79979 5.27717 3.37477 1.08697 0.934316 0.176137 -1.2114 -9999 -9999 -9999 -9999 -9999 -9999 2.337 3.11319 3.76124 3.85602 2.93795 4.22024 4.16505 3.44734 3.2839 3.87108 4.1681 3.94196 4.64587 4.85034 4.53233 4.87877 -9999 -9999 -9999 -9999 5.08274 5.1301 5.16617 4.68179 2.11322 0.359295 -1.21563 -1.36287 -9999 -9999 -9999 -9999 -9999 -9999
-9999 -9999 8.11493 8.63681 8.89983 8.94092 9.39776 9.85282 10.131 10.3346 10.2915 10.2731 10.2539 10.0918 9.71701 9.78322 9.75192 9.53269 8.23429 6.71873 7.37663 6.47493 4.54409 6.10062 6.95511 6.12656 4.28201 2.14383 1.43779 1.46245 0.409102 -0.944974 -9999 -9999 -9999 0.211696 1.32205 1.41869 1.74659 2.78201 3.56995 4.16411 4.56875 4.55194 4.12533 3.42329 2.65993 2.93077 4.30146 4.63456 4.91487 5.12661 4.83109 4.98333 5.34903 5.53768 5.57548 5.48884 5.4691 5.49937 5.45617 5.00431 2.70734 1.39307 0.554977 -1.12981 -9999 -9999 -9999 -9999 -9999 -9999
-9999 -9999 7.78332 8.23691 8.60382 9.21222 9.27501 9.66032 9.88709 10.2254 10.2622 9.86089 10.19 10.1462 10.0834 9.95144 9.75844 8.6625 7.15212 5.63767 4.93722 5.22936 4.06874 4.65639 5.52213 5.19844 4.06332 2.15768 1.88471 1.43525 -0.33348 -2.03609 -9999 -9999 -1.94703 0.183373 1.68378 2.45809 2.69849 2.7224 3.71523 3.79409 4.86271 4.60937 3.19702 3.35552 2.80533 3.16024 3.66183 3.79838 4.5178 5.21484 5.34486 5.34652 5.5788 5.62578 5.63742 5.63098 5.47266 5.54549 5.55731 5.27604 3.61191 2.80111 1.90583 -1.11046 -9999 -9999 -9999 -9999 -9999 -9999
-9999 -9999 8.0124 8.51952 9.07486 9.16313 9.57388 9.52881 9.40835 9.98202 10.1898 9.90597 9.70151 10.0749 10.0481 9.99758 9.91488 8.88507 7.6932 5.88906 4.76697 4.07672 3.58678 2.92854 3.37065 3.22884 3.04028 3.24553 2.71601 1.66549 0.627679 -1.30955 -2.35886 -9999 -1.83687 -0.876112 0.908546 2.42582 3.3896 3.04443 4.17353 4.38396 5.03219 4.65077 3.79328 3.42411 3.39073 3.27723 4.03568 4.54501 4.90132 5.14077 5.44129 5.51601 5.59125 5.6221 5.6387 5.65594 5.65207 5.6465 5.6136 5.50861 4.74422 3.93352 2.18339 -1.01311 -9999 -9999 -9999 -9999 -9999 -9999
-9999 6.53244 7.95182 8.80333 9.13171 9.36801 9.57596 9.72586 9.88247 10.0291 10.1304 10.0841 9.3354 9.39547 9.52903 9.95264 9.92168 9.82784 9.17575 6.98087 6.2186 5.10602 3.66767 3.06119 3.3558 4.52632 4.46821 3.68375 2.81015 1.60208 0.831844 -0.358238 -2.63774 -2.43602 -1.4129 -0.651244 0.56161 2.41638 3.71726 4.29862 4.51917 4.97467 5.21316 4.68979 4.19147 3.98174 3.59302 3.53742 3.5392 3.99667 4.35052 5.14556 5.41194 5.53418 5.59517 5.62758 5.65119 5.67485 5.68326 5.66846 5.67018 5.66516 5.60903 4.53151 1.83397 -0.195041 -9999 -9999 -9999 -9999 -9999 -9999
-9999 -9999 7.68641 8.05976 8.15581 8.32541 8.67499 9.0784 9.65015 9.72224 10.0373 10.0339 9.38822 8.64346 9.29088 9.54778 9.81408 9.82137 9.7365 7.8887 6.92173 6.15919 4.77966 5.26871 5.73474 5.76488 5.47457 3.79887 2.12991 0.203952 -1.59259 -1.68314 -2.65248 -2.14512 -1.47003 0.267528 1.49085 1.98751 2.34496 4.23158 4.72148 4.8908 5.3743 4.71682 4.55045 4.05585 4.20248 4.15843 4.16017 2.7887 4.15922 4.23902 5.13293 5.53398 5.62466 5.64828 5.67394 5.67782 5.68314 5.67965 5.68975 5.67661 5.66369 4.96407 1.54224 -0.172185 -9999 -9999 -9999 -9999 -9999 -9999
-9999 -9999 -9999 -9999 7.79945 8.08344 8.2646 8.57992 9.55002 9.81035 9.98296 9.99649 9.70831 8.97078 8.77641 8.91102 8.19207 8.7922 9.61242 9.58974 9.48714 7.86326 7.02813 7.82567 7.57618 6.3522 5.38738 4.43489 2.48171 1.04776 -1.01059 -2.55711 -2.61954 -0.921842 0.488394 2.24669 3.02278 2.58143 3.0613 3.99789 5.06277 5.57831 5.4581 4.76505 4.66824 3.90559 4.65484 4.71829 4.3686 4.06588 4.18205 4.62348 4.79089 5.48986 5.6581 5.68731 5.69184 5.69438 5.69154 5.68819 5.6803 5.67432 5.66619 5.63644 2.11913 -0.614243 -9999 -9999 -9999 -9999 -9999 -9999
-9999 -9999 -9999 -9999 7.12184 7.2939 7.74997 8.92491 9.53757 9.78469 9.77471 9.88862 9.68518 9.03653 8.37091 7.74333 6.93372 7.39558 8.61824 9.33775 9.41693 7.99294 8.72582 8.44391 7.89273 6.29365 5.11329 4.48436 2.60882 0.999787 -0.371608 -2.26237 -1.46024 -0.575441 0.563074 2.4814 3.77641 4.30917 3.8632 4.46308 5.68833 5.69652 5.02833 5.07276 4.66537 3.62315 4.70803 5.0127 4.76548 4.8279 4.7323 4.89564 5.19442 5.48021 5.66988 5.69451 5.6967 5.69004 5.68981 5.69091 5.6784 5.68089 5.67279 5.65684 3.38729 -0.667863 -9999 -9999 -9999 -9999 -9999 -9999
-9999 -9999 -9999 -9999 -9999 6.50293 7.54662 9.10708 9.49111 9.45392 9.77509 9.80174 9.48998 9.21953 8.41167 7.30815 5.18836 5.72745 6.85278 8.47546 9.3265 9.20767 8.72626 7.89582 5.89329 4.13967 3.92107 3.62845 2.25792 1.0168 -0.507227 0.367334 1.32663 2.37748 2.92904 2.78389 3.89351 4.79883 4.41558 5.15117 6.00924 5.62213 5.39359 5.20171 4.73083 4.70259 4.75163 5.36727 4.93992 5.20062 5.20347 5.18728 5.33184 5.49851 5.67384 5.7016 5.7011 5.70356 5.68303 5.69078 5.68167 5.67315 5.66583 5.65244 5.44901 3.26676 1.96221 -9999 -9999 -9999 -9999 -9999
-9999 -9999 -9999 -9999 -9999 5.53645 6.05581 7.90438 8.47204 9.28804 9.72075 9.73959 9.21386 8.92064 7.71693 7.32652 5.3657 4.4772 5.22909 4.93866 7.17312 9.14935 8.71218 4.71074 3.2577 2.21932 2.47828 2.47442 2.08837 -0.0183603 -0.602318 1.27162 2.45048 3.36383 4.05687 4.20023 4.17608 5.59193 5.78078 6.24181 6.14314 6.18704 5.47361 5.0323 5.41881 4.97353 4.8973 5.53336 4.90553 5.47136 5.40077 5.22925 5.21897 5.59112 5.66544 5.70415 5.70556 5.69047 5.67157 5.66147 5.67464 5.67052 5.65169 5.65486 5.63674 5.38103 4.2518 3.85853 4.29882 -9999 -9999 -9999
-9999 -9999 -9999 -9999 -9999 -9999 4.32853 6.89856 8.06982 8.68557 9.55351 9.6572 9.37586 8.86965 7.6438 6.56569 4.81274 2.81046 1.74876 4.91988 7.67895 9.11703 8.92143 5.58995 4.27174 4.20518 4.97248 4.31395 3.81303 2.21028 1.7285 1.06145 1.46566 2.739 3.78076 4.78638 5.51794 5.57795 6.05363 6.32724 6.35074 6.43733 6.35433 6.28659 5.59723 6.07389 5.66964 5.88377 5.74491 5.61918 5.50836 5.11266 5.39014 5.63572 5.69811 5.71605 5.70026 5.69624 5.68563 5.66275 5.6537 5.65354 5.65302 5.64241 5.64438 5.63656 5.51216 4.83345 3.92374 2.77356 -9999 -9999
-9999 -9999 -9999 -9999 -9999 -9999 3.04237 5.59992 6.82945 8.41554 9.22952 9.55906 9.51493 9.1046 8.17302 6.77086 5.60254 3.36731 1.04593 4.37398 7.33847 8.93633 9.01744 6.21505 6.98511 6.3534 6.60059 5.44816 4.96612 4.58165 3.7534 2.84863 1.85789 1.33433 3.67547 4.87742 5.84511 6.30169 6.56025 6.68983 6.62052 6.44618 5.40649 6.20038 6.15803 6.07917 5.98844 5.94415 5.86126 5.76346 5.70278 5.68136 5.4182 5.71258 5.70485 5.70767 5.70811 5.69973 5.68471 5.67195 5.65653 5.6574 5.65029 5.64195 5.6369 5.63773 5.63159 5.59621 5.41706 3.87193 2.94792 2.68949
-9999 -9999 -9999 -9999 -9999 -9999 -0.555673 3.16625 6.15312 7.71479 8.98392 9.33273 9.46275 8.91218 8.50033 7.49499 6.54277 5.07378 2.87349 1.51774 4.00811 7.62978 8.96263 8.85161 8.76334 8.03415 7.37635 7.28868 7.33251 6.56531 5.45093 4.00083 3.5463 3.0368 4.78006 5.01547 4.88723 6.80584 6.81036 6.70171 5.96807 5.14546 5.30181 4.79495 5.18439 4.57781 5.13518 5.61668 5.79593 5.77997 5.71239 5.7015 5.67159 5.72227 5.7201 5.71064 5.70335 5.69929 5.69181 5.66957 5.65732 5.66611 5.65162 5.64158 5.63435 5.63735 5.63524 5.60939 5.58582 5.3493 4.99272 4.31209
-9999 -9999 -9999 -9999 -9999 -9999 -0.399521 2.7289 5.38408 6.9737 8.50471 8.85931 9.37561 9.26339 8.83184 7.9577 6.8656 5.65629 3.76834 2.36435 4.02971 6.43236 8.15218 8.76314 8.75278 8.70667 8.53807 8.46219 8.2667 8.12338 7.32554 5.95546 5.18042 4.04813 5.9911 6.20785 5.90263 6.87278 6.82387 5.35599 4.22752 4.08712 4.77418 4.11926 4.0035 3.59722 4.05761 5.29188 4.92844 4.99867 5.55486 5.64613 5.70448 5.71914 5.71404 5.71031 5.69997 5.70085 5.702 5.68012 5.67034 5.66598 5.64558 5.64234 5.62889 5.62261 5.61673 5.60351 5.58202 5.51557 5.44116 5.52
-9999 -9999 -9999 -9999 -9999 -9999 -0.338227 1.76568 4.15497 6.49711 8.13211 8.79109 9.27074 9.26477 8.76305 8.32797 7.64284 6.57863 5.84795 4.58024 2.84074 5.75028 6.63882 7.42922 7.7573 8.58342 8.55827 8.17271 7.72298 8.12895 8.00382 6.91918 6.56063 5.95777 7.03747 7.03839 7.00718 6.94838 5.70775 3.98373 2.60583 3.59732 3.39011 3.84318 2.43238 3.59046 4.52364 4.82583 4.19278 3.72096 5.17316 5.41404 5.55641 5.64724 5.7066 5.69114 5.70535 5.69636 5.69194 5.68738 5.67528 5.66833 5.65649 5.6445 5.63269 5.62804 5.61308 5.59254 5.59265 5.56014 5.54696 5.53538
-9999 -9999 -9999 -9999 -9999 -9999 -9999 0.519408 3.54479 6.24955 7.75496 8.70137 9.16194 9.15257 8.8954 8.5994 8.17384 7.4054 6.44022 4.9158 3.78321 4.49758 5.36761 5.45935 6.03721 7.72086 8.29302 7.47119 5.44183 6.62978 7.95634 7.93143 7.81501 7.68556 7.52151 7.37338 7.05166 6.19242 3.56242 3.04381 2.01204 2.12898 1.59955 2.7524 2.31951 3.50621 4.02007 4.21351 3.11486 3.34297 4.63309 5.14288 5.05732 5.36991 5.66982 5.67904 5.68718 5.67922 5.68568 5.6883 5.6838 5.66945 5.66036 5.65403 5.63012 5.63734 5.54113 5.47916 5.35189 5.51268 5.52918 5.54243
-9999 -9999 -9999 -9999 -9999 -9999 -9999 -0.0902787 2.93307 6.11865 7.14063 8.1609 9.04137 9.05741 8.66482 8.29129 7.90642 7.46823 6.2979 5.16266 4.07843 3.71253 3.92734 3.90151 4.83933 7.03448 7.45614 7.27036 5.15067 4.43262 6.2063 7.69673 7.81155 7.67373 5.91411 6.28684 5.33741 4.05051 3.69589 3.13253 1.94273 2.51488 1.64328 2.01634 1.91291 2.58634 2.91432 3.71522 2.75766 2.75795 4.0249 4.66313 4.67859 5.34853 5.58717 5.64954 5.66518 5.67655 5.67971 5.69074 5.68527 5.67632 5.66436 5.63358 5.55862 5.3245 4.05815 4.06137 4.41201 4.74385 5.34709 5.52099
-9999 -9999 -9999 -9999 -9999 -9999 -9999 0.256143 2.35368 5.1801 7.27348 7.40385 8.42102 8.94548 8.51857 8.03796 7.54614 7.33014 6.05658 4.65757 3.52656 2.18797 2.40509 3.36108 4.92056 6.33739 6.58758 6.29011 5.15004 5.68105 6.88983 7.53048 7.71765 7.56599 7.18124 6.95843 6.25889 5.95523 4.98467 3.46776 2.86998 3.24771 1.63751 1.74944 2.34405 1.70794 2.74976 3.24796 2.01167 2.9908 4.11026 4.6824 5.18259 5.41923 5.51345 5.65817 5.66202 5.67439 5.68138 5.6798 5.68042 5.65777 5.63928 5.50526 5.30717 4.12266 3.63364 3.73207 4.28165 4.76301 5.27189 5.47857
-9999 -9999 -9999 -9999 -9999 -9999 -9999 0.61037 2.49875 4.94925 6.44134 6.70722 7.83528 8.83822 8.72469 8.22462 8.07123 7.55274 6.47234 5.27897 3.97455 3.33899 1.88089 3.31067 4.43476 5.63428 6.19353 5.25507 4.78506 5.60847 6.42724 6.75277 7.58024 7.57024 7.29794 6.13034 5.56045 5.7997 5.55452 5.12597 4.08161 4.0345 3.36345 3.08512 2.82214 1.96576 2.50867 2.56241 2.7108 3.88482 4.46736 4.85352 5.20476 5.29686 5.44959 5.64788 5.66546 5.6728 5.67225 5.67642 5.66242 5.6067 5.55994 5.28918 4.80924 3.91292 2.46373 3.49025 4.56358 4.88914 5.20341 5.36633
-9999 -9999 -9999 -9999 -9999 -9999 -9999 0.284819 2.29097 4.38508 5.25982 5.40721 7.44981 8.69998 8.70073 8.46287 8.18519 6.90688 6.97996 6.72258 5.54572 3.83231 1.95054 2.12391 3.23696 4.81924 5.34162 3.79595 3.24992 3.64654 4.88626 5.99591 7.15488 7.44783 7.10537 5.28875 3.35855 4.25208 5.20705 5.20094 4.91974 3.95111 3.64307 3.36415 2.65723 1.46058 1.63158 1.96352 3.29855 3.72127 4.37446 4.91693 4.71224 4.83184 5.3509 5.6488 5.66018 5.66573 5.67586 5.66943 5.65216 5.54043 5.42216 5.22327 3.97038 3.19164 2.0622 3.38296 4.11494 4.51143 5.20841 5.3754
-9999 -9999 -9999 -9999 -9999 -9999 -9999 -0.340198 1.11524 3.11675 3.92258 5.20882 7.13898 8.0876 8.54156 8.53003 8.3444 7.77104 7.42547 6.74614 5.52201 3.84878 1.98891 0.777036 1.38871 3.51657 4.01827 2.59297 1.86937 2.76433 4.0858 6.04391 7.16189 7.31121 7.20819 6.8324 5.42281 3.72019 3.725 4.57753 3.86272 3.0321 3.48784 3.40266 2.70461 2.19664 1.88247 2.07695 2.83546 3.15045 3.90511 5.01898 5.17851 5.14692 5.61597 5.63955 5.65069 5.66862 5.66837 5.66443 5.65079 5.55973 5.35518 4.52138 3.7944 2.78278 2.65835 3.83809 4.35789 4.83857 5.18104 5.29334
-9999 -9999 -9999 -9999 -9999 -9999 -9999 -1.41373 0.298917 2.17379 3.92925 5.59003 7.01919 7.12836 7.88139 7.87892 8.2726 8.1576 7.62579 7.05332 5.9983 3.8496 2.04223 0.0712024 0.587146 2.76066 3.03311 2.08061 0.323381 2.13234 4.1277 5.93607 6.91416 6.14385 6.92971 6.86353 6.33456 5.32052 3.74462 3.77352 2.59246 2.54036 3.14579 3.34183 3.24017 2.8587 2.24979 2.35176 2.81088 2.92862 3.62219 4.48633 5.33119 5.47323 5.63449 5.64158 5.64443 5.65786 5.65987 5.64262 5.59982 5.50451 4.8055 3.97415 3.46228 2.75761 2.67273 4.03267 4.57899 4.88199 5.17802 5.2955
-9999 -9999 -9999 -9999 -9999 -9999 -9999 -9999 0.119854 2.05684 3.48981 3.8747 5.14489 5.8301 6.35995 6.47617 7.99062 8.0724 7.73452 7.20848 6.30831 4.67722 3.53983 1.64911 0.289171 0.838225 1.08747 1.58327 1.43345 2.23877 4.15614 6.15401 6.37012 5.09763 5.28411 5.54846 6.14297 5.83953 3.6926 2.6014 1.69556 2.3376 3.0131 3.17601 3.20804 3.07684 2.92659 2.66032 3.56482 4.23409 4.38926 4.97285 5.40375 5.52284 5.61264 5.62391 5.63542 5.6359 5.61115 5.59334 5.48565 5.24383 4.46181 2.58047 2.66892 2.46597 1.88121 3.21014 4.0518 4.80023 5.1984 5.30196
-9999 -9999 -9999 -9999 -9999 -9999 -9999 -9999 -0.528777 1.7126 2.18502 2.14853 1.40468 1.74514 4.49642 5.04917 6.50151 7.87646 7.77338 7.25723 6.41482 5.44233 3.93789 1.81178 0.121681 -0.598034 1.21071 2.98619 3.35153 3.9181 5.09203 5.3133 4.01265 2.79301 3.47503 3.88535 5.45315 5.73832 5.43222 4.13828 2.65905 1.88648 2.79653 2.91743 2.97126 2.98125 2.95329 2.91237 3.92911 4.49339 4.88484 5.09799 5.46802 5.56282 5.59332 5.62207 5.61567 5.59691 5.53882 5.47276 5.1806 4.82687 3.54556 2.47743 1.81159 0.966291 2.87321 3.44406 4.23417 4.74199 5.13805 5.22563
