Test_Spring_2018/12_17/Prec/20171201_004.txt
ncols	170
nrows	115
xllcorner	350000.000000
yllcorner	4445000.000000
cellsize	1000.000000
nodata_value	-9999.000000
[rows 32 to 63 of 115, columns 72 to 143 of 170]
4.6543 4.64581 4.67163 4.69585 4.58552 4.48663 4.56456 4.5604 4.54515 4.51487 4.49971 4.48307 4.46864 4.42589 4.32246 4.22525 4.2505 4.22953 4.17351 4.19823 4.13605 4.02395 3.87762 3.89147 3.83067 3.57826 3.41785 -9999 -9999 -9999 -9999 -9999 -9999 -9999 -9999 -9999 -9999 -9999 -9999 -9999 -9999 -9999 -9999 -9999 -9999 -9999 -9999 -9999 -9999 -9999 -9999 -9999 -9999 -9999 -9999 -9999 -9999 -9999 -9999 -9999 -9999 -9999 -9999 -9999 -9999 -9999 -9999 -9999 -9999 -9999 -9999 -9999
4.64803 4.64643 4.68162 4.68542 4.63332 4.49848 4.56359 4.56271 4.55335 4.53655 4.52033 4.50229 4.46715 4.41876 4.32742 4.21791 4.17727 4.19986 4.17542 4.15229 4.09183 4.02093 3.92804 3.92565 3.89517 3.70843 3.45627 3.32059 -9999 -9999 -9999 -9999 -9999 -9999 -9999 -9999 -9999 -9999 -9999 -9999 -9999 -9999 -9999 -9999 -9999 -9999 -9999 -9999 -9999 -9999 -9999 -9999 -9999 -9999 -9999 -9999 -9999 -9999 -9999 -9999 -9999 -9999 -9999 -9999 -9999 -9999 -9999 -9999 -9999 -9999 -9999 -9999
4.63837 4.61184 4.63409 4.6519 4.53265 4.53335 4.53238 4.56414 4.55673 4.54894 4.52621 4.50538 4.47466 4.42717 4.36216 4.28399 4.15738 4.19893 4.22247 4.18944 4.1509 4.08825 3.99563 3.99052 3.9435 3.65188 3.43616 3.33842 3.2674 -9999 -9999 -9999 -9999 -9999 -9999 -9999 -9999 -9999 -9999 -9999 -9999 -9999 -9999 -9999 -9999 -9999 -9999 -9999 -9999 -9999 -9999 -9999 -9999 -9999 -9999 -9999 -9999 -9999 -9999 -9999 -9999 -9999 -9999 -9999 -9999 -9999 -9999 -9999 -9999 -9999 -9999 -9999
4.62559 4.59172 4.61347 4.64177 4.57571 4.59216 4.54967 4.55565 4.56155 4.55434 4.53146 4.47588 4.45934 4.44538 4.39772 4.31058 4.22003 4.1771 4.22625 4.21525 4.17293 4.14841 4.06064 4.03097 3.97059 3.7926 3.55336 3.378 3.29475 3.18892 -9999 -9999 -9999 -9999 -9999 -9999 -9999 -9999 -9999 -9999 -9999 -9999 -9999 -9999 -9999 -9999 -9999 -9999 -9999 -9999 -9999 -9999 -9999 -9999 -9999 -9999 -9999 -9999 -9999 -9999 -9999 -9999 -9999 -9999 -9999 -9999 -9999 -9999 -9999 -9999 -9999 -9999
-9999 -9999 4.58175 4.519 4.59856 4.57634 4.55007 4.56033 4.57004 4.56368 4.52551 4.50251 4.4921 4.45903 4.40654 4.36486 4.29954 4.22805 4.21485 4.24611 4.17607 4.17821 4.12463 4.07977 3.99135 3.73819 3.52001 3.3547 3.26949 3.16896 -9999 -9999 -9999 -9999 -9999 -9999 -9999 -9999 -9999 -9999 -9999 -9999 -9999 -9999 -9999 -9999 -9999 -9999 -9999 -9999 -9999 -9999 -9999 -9999 -9999 -9999 -9999 -9999 -9999 -9999 -9999 -9999 -9999 -9999 -9999 -9999 -9999 -9999 -9999 -9999 -9999 -9999
-9999 -9999 -9999 4.52198 4.59206 4.63237 4.5526 4.55836 4.57795 4.57403 4.55721 4.54216 4.52111 4.49345 4.45126 4.4022 4.33922 4.30854 4.31896 4.28161 4.22916 4.18715 4.15491 4.09039 3.88131 3.69693 3.5811 3.29603 3.18948 3.12923 3.04177 -9999 -9999 -9999 -9999 -9999 -9999 -9999 -9999 -9999 -9999 -9999 -9999 2.71927 -9999 -9999 -9999 -9999 -9999 -9999 -9999 -9999 -9999 -9999 -9999 -9999 -9999 -9999 -9999 -9999 -9999 -9999 -9999 -9999 1.7036 -9999 -9999 -9999 -9999 -9999 -9999 -9999
-9999 -9999 4.62379 4.60794 4.6242 4.64747 4.59734 4.56545 4.59 4.58817 4.57687 4.56331 4.53566 4.52176 4.49331 4.44229 4.41342 4.39968 4.37208 4.33876 4.29602 4.23874 4.17022 4.09373 3.86848 3.75141 3.64617 3.42172 3.24983 3.13936 3.01341 2.90649 -9999 -9999 -9999 -9999 -9999 -9999 -9999 2.74583 2.72374 2.70405 2.69463 2.70594 2.65581 -9999 -9999 -9999 -9999 -9999 -9999 -9999 -9999 -9999 -9999 -9999 -9999 -9999 -9999 -9999 -9999 -9999 -9999 -9999 1.72526 1.65296 -9999 -9999 -9999 -9999 -9999 -9999
-9999 -9999 4.60014 4.62376 4.63285 4.65562 4.66722 4.58679 4.5957 4.60468 4.60309 4.59121 4.57174 4.56581 4.53301 4.50546 4.47526 4.46576 4.43365 4.38247 4.32159 4.25426 4.16453 4.0895 3.88389 3.77232 3.64362 3.5142 3.25814 3.09841 2.94637 2.81695 -9999 -9999 -9999 -9999 -9999 -9999 2.72729 2.74139 2.74357 2.68741 2.70083 2.70798 2.67599 2.45983 -9999 -9999 -9999 -9999 -9999 -9999 -9999 -9999 -9999 -9999 -9999 -9999 -9999 -9999 2.01557 1.95134 1.83526 1.76499 1.71227 1.64369 -9999 -9999 -9999 -9999 -9999 -9999
-9999 -9999 4.60035 4.62949 4.6479 4.6646 4.6644 4.64507 4.61374 4.62139 4.62388 4.62399 4.62125 4.59848 4.58234 4.53884 4.54668 4.51673 4.47185 4.39643 4.32809 4.21413 4.11944 3.92509 3.87309 3.74588 3.58409 3.40699 3.16214 3.02158 2.91204 2.78441 -9999 -9999 -9999 -9999 -9999 -9999 2.69114 2.71167 2.72705 2.71754 2.6623 2.69532 2.5235 2.45914 2.41468 2.39918 2.36992 2.2119 2.17839 2.1568 2.11596 2.10614 -9999 -9999 -9999 -9999 2.03462 2.0249 2.01408 1.97983 1.85559 1.76266 1.67391 1.56822 -9999 -9999 -9999 -9999 -9999 -9999
-9999 -9999 4.63084 4.64635 4.65198 4.6496 4.66622 4.64792 4.62482 4.62379 4.62951 4.63573 4.6399 4.63441 4.61462 4.60639 4.58571 4.54772 4.45432 4.34152 4.31002 4.20964 4.03582 3.92069 3.85309 3.711 3.52474 3.32702 3.13951 3.00394 2.87514 2.71094 -9999 -9999 -9999 2.58236 2.60787 2.59722 2.60063 2.63586 2.66054 2.6994 2.7031 2.60723 2.50707 2.44249 2.3712 2.34024 2.35356 2.32264 2.17083 2.14838 2.10781 2.07314 2.06939 2.06146 2.04996 2.03528 2.02455 2.01599 2.00337 1.97161 1.8731 1.79907 1.74102 1.54163 -9999 -9999 -9999 -9999 -9999 -9999
-9999 -9999 4.65804 4.67186 4.6824 4.64636 4.64784 4.6653 4.64906 4.64031 4.6536 4.64821 4.67152 4.67517 4.67197 4.65787 4.63154 4.55634 4.45207 4.33577 4.24204 4.17252 4.03478 3.88032 3.80705 3.66673 3.43717 3.24341 3.12301 2.95262 2.76213 2.61608 -9999 -9999 2.46819 2.53026 2.57534 2.59725 2.60155 2.59889 2.63654 2.63301 2.66655 2.57094 2.43578 2.40729 2.36194 2.33204 2.27408 2.23464 2.13495 2.11365 2.09271 2.07034 2.06169 2.04902 2.03808 2.02872 2.0142 2.0094 2.0008 1.9775 1.89274 1.83987 1.72147 1.53427 -9999 -9999 -9999 -9999 -9999 -9999
-9999 -9999 4.65174 4.66713 4.68545 4.68553 4.70102 4.66826 4.64239 4.67928 4.67559 4.67985 4.68547 4.71107 4.71311 4.70512 4.68477 4.61216 4.51946 4.38751 4.271 4.15535 4.03797 3.75852 3.65715 3.52881 3.39834 3.28649 3.12221 2.92025 2.78074 2.59885 2.48946 -9999 2.42222 2.43732 2.49778 2.55521 2.59463 2.58117 2.62889 2.63456 2.59577 2.56038 2.45122 2.36578 2.32322 2.27454 2.26103 2.24487 2.13266 2.10979 2.07987 2.06082 2.04638 2.03438 2.0254 2.01904 2.01312 2.00702 1.99823 1.98357 1.93731 1.83643 1.73544 1.54006 -9999 -9999 -9999 -9999 -9999 -9999
-9999 4.6624 4.65297 4.68308 4.69218 4.69903 4.70686 4.71484 4.70295 4.69674 4.71874 4.71525 4.70262 4.71939 4.73187 4.74651 4.72977 4.69647 4.62485 4.47326 4.36626 4.16633 3.99556 3.78082 3.66295 3.5795 3.44444 3.2813 3.11935 2.90797 2.74464 2.60805 2.43113 2.38772 2.39397 2.40309 2.44296 2.51876 2.57687 2.60681 2.62036 2.59458 2.59289 2.51982 2.428 2.38017 2.32056 2.27195 2.22413 2.19534 2.09024 2.09258 2.07473 2.04687 2.03275 2.02221 2.01528 2.01118 2.0078 2.00318 1.9974 1.98806 1.93514 1.86608 1.70626 1.56005 -9999 -9999 -9999 -9999 -9999 -9999
-9999 -9999 4.64501 4.65522 4.65483 4.65931 4.67382 4.69356 4.70245 4.71905 4.74817 4.7525 4.73304 4.71985 4.75725 4.76733 4.76443 4.73543 4.68634 4.50663 4.376 4.23875 4.06272 3.88796 3.76818 3.62772 3.47408 3.26507 3.06185 2.81515 2.63138 2.53426 2.3979 2.3598 2.35265 2.40515 2.44865 2.47105 2.49338 2.58199 2.57855 2.5595 2.56427 2.5138 2.43702 2.37555 2.3365 2.28626 2.23626 2.12844 2.06851 2.03865 2.04791 2.04166 2.02273 2.01319 2.008 2.00486 2.00313 2.00059 1.99647 1.96227 1.92978 1.87334 1.69725 1.56324 -9999 -9999 -9999 -9999 -9999 -9999
-9999 -9999 -9999 -9999 4.64283 4.65241 4.66033 4.67714 4.70523 4.73146 4.75666 4.77639 4.78267 4.75803 4.7626 4.76947 4.72621 4.70631 4.68596 4.60901 4.51028 4.33139 4.11313 4.00539 3.84836 3.6481 3.4593 3.27429 3.05322 2.82352 2.62497 2.46395 2.38319 2.39544 2.40577 2.46119 2.48845 2.47426 2.50464 2.52705 2.56955 2.58296 2.56237 2.5099 2.43664 2.36244 2.34712 2.29973 2.23331 2.16892 2.05832 2.0434 2.02224 2.02923 2.01989 2.00774 2.00307 2.00132 2.00061 1.99927 1.97438 1.95769 1.93502 1.90559 1.72397 1.5462 -9999 -9999 -9999 -9999 -9999 -9999
-9999 -9999 -9999 -9999 4.61663 4.62158 4.64123 4.69454 4.70894 4.73554 4.75424 4.77956 4.79089 4.7803 4.7614 4.73735 4.68667 4.67002 4.664 4.61602 4.52193 4.34783 4.19279 4.03511 3.86087 3.64047 3.43848 3.26328 3.04209 2.80306 2.6315 2.45481 2.40991 2.38818 2.39686 2.45495 2.50569 2.53235 2.51437 2.54211 2.59172 2.58374 2.53971 2.51757 2.43134 2.34429 2.342 2.30374 2.24074 2.19096 2.07305 2.04665 2.03147 2.02177 2.01418 2.00546 2.0001 1.99892 1.99914 1.98969 1.97828 1.9616 1.93828 1.90851 1.77825 1.54418 -9999 -9999 -9999 -9999 -9999 -9999
-9999 -9999 -9999 -9999 -9999 4.58977 4.63395 4.70332 4.70816 4.72282 4.75554 4.77737 4.7844 4.79 4.76696 4.72202 4.61723 4.60343 4.59257 4.58151 4.51859 4.39792 4.19062 4.00835 3.77167 3.54353 3.38097 3.21913 3.01866 2.79505 2.61724 2.55725 2.51955 2.5055 2.49023 2.46417 2.50666 2.54764 2.53571 2.56881 2.60239 2.57705 2.55068 2.51777 2.42854 2.38353 2.33726 2.31186 2.24126 2.2 2.08722 2.05395 2.03308 2.01919 2.01179 2.00389 1.99961 1.99888 1.99634 1.99087 1.97938 1.96185 1.93804 1.90778 1.86378 1.70809 1.60647 -9999 -9999 -9999 -9999 -9999
-9999 -9999 -9999 -9999 -9999 4.54972 4.57129 4.65209 4.66342 4.71299 4.74938 4.76984 4.76683 4.76145 4.72584 4.71125 4.6151 4.53569 4.50903 4.41772 4.41349 4.38174 4.17678 3.8628 3.65106 3.45501 3.3147 3.16732 3.01066 2.75247 2.61642 2.60043 2.5736 2.5549 2.54614 2.52772 2.52342 2.58687 2.59385 2.61395 2.60581 2.5972 2.54927 2.505 2.45113 2.38855 2.33732 2.3134 2.23526 2.20793 2.09235 2.05369 2.02736 2.02301 2.01203 2.00499 1.99764 1.99734 1.99496 1.98748 1.97648 1.95873 1.93411 1.90433 1.86805 1.79337 1.69943 1.63437 1.60334 -9999 -9999 -9999
-9999 -9999 -9999 -9999 -9999 -9999 4.49755 4.60752 4.64179 4.6811 4.73374 4.75559 4.73927 4.73818 4.69851 4.65313 4.56436 4.44787 4.33026 4.38594 4.40601 4.3546 4.16186 3.88063 3.67939 3.52921 3.41538 3.2456 3.08916 2.85564 2.72793 2.60845 2.55153 2.53262 2.53863 2.56571 2.59139 2.59551 2.62014 2.61741 2.61218 2.60349 2.58068 2.55128 2.45123 2.42797 2.36396 2.3237 2.26785 2.21336 2.09563 2.04903 2.03606 2.02731 2.01635 1.9959 1.99513 1.99451 1.99163 1.98477 1.96928 1.95131 1.92735 1.89718 1.86224 1.79838 1.74788 1.67219 1.58591 1.48967 -9999 -9999
-9999 -9999 -9999 -9999 -9999 -9999 4.44142 4.54929 4.58254 4.6601 4.71125 4.69774 4.71667 4.71576 4.68503 4.62327 4.55724 4.43016 4.28217 4.33515 4.3509 4.31097 4.19499 3.88132 3.77517 3.60867 3.48043 3.29726 3.14878 2.9712 2.83439 2.70931 2.56869 2.48545 2.55489 2.58844 2.62137 2.63884 2.65068 2.65661 2.62621 2.59851 2.534 2.54014 2.46623 2.42067 2.37147 2.3224 2.27128 2.22054 2.10371 2.07458 2.04022 2.01073 1.99477 1.99254 1.99134 1.9893 1.985 1.97747 1.96548 1.9472 1.91725 1.88775 1.85353 1.79079 1.7472 1.70071 1.64747 1.53703 1.45393 1.37067
-9999 -9999 -9999 -9999 -9999 -9999 4.28737 4.44232 4.54983 4.62287 4.6262 4.6579 4.6791 4.66748 4.65436 4.60594 4.54683 4.45119 4.309 4.18638 4.18012 4.23167 4.15609 3.96161 3.82836 3.66688 3.5097 3.38023 3.26241 3.07422 2.88821 2.75058 2.64619 2.58207 2.62538 2.61602 2.5996 2.6746 2.67148 2.66317 2.62575 2.54461 2.52976 2.47232 2.41548 2.34922 2.32935 2.30491 2.26764 2.22329 2.1043 2.03792 2.02079 1.99783 1.99193 1.98797 1.985 1.98162 1.97619 1.96705 1.95432 1.93788 1.91204 1.88397 1.84316 1.78159 1.74066 1.6973 1.65349 1.60105 1.54479 1.44479
-9999 -9999 -9999 -9999 -9999 -9999 4.29701 4.39383 4.50729 4.50226 4.5773 4.60367 4.63548 4.63694 4.6183 4.57173 4.50442 4.41896 4.29086 4.16887 4.16226 4.13187 4.09848 3.93518 3.80387 3.68116 3.55453 3.38942 3.27014 3.11191 2.99264 2.82737 2.74011 2.65019 2.70076 2.68814 2.66075 2.69166 2.68181 2.61198 2.55405 2.53376 2.4979 2.44243 2.36109 2.29876 2.27716 2.28715 2.1829 2.14717 2.05078 2.03478 2.00277 1.99358 1.98652 1.9814 1.97669 1.97188 1.9653 1.95496 1.94155 1.9243 1.9021 1.87061 1.83916 1.77677 1.73238 1.69264 1.65215 1.61016 1.5446 1.47664
-9999 -9999 -9999 -9999 -9999 -9999 4.29726 4.34551 4.44479 4.457 4.53095 4.56432 4.58876 4.58917 4.56276 4.53094 4.47844 4.39842 4.32009 4.20668 4.06141 4.10055 3.99067 3.84189 3.7056 3.62078 3.50208 3.37286 3.20422 3.1306 2.99869 2.88906 2.82127 2.75396 2.76706 2.74289 2.72355 2.70709 2.64278 2.55799 2.4859 2.51029 2.48027 2.4192 2.28238 2.24576 2.2434 2.21478 2.15003 2.09419 2.03157 1.99893 1.99124 1.98462 1.97916 1.97212 1.96682 1.95998 1.95173 1.94101 1.92687 1.90943 1.88812 1.86318 1.82649 1.76552 1.72888 1.66685 1.62805 1.58931 1.55423 1.48296
-9999 -9999 -9999 -9999 -9999 -9999 -9999 4.2844 4.30373 4.41601 4.47933 4.51932 4.53739 4.53229 4.51131 4.48127 4.43663 4.36714 4.27819 4.15431 4.03584 3.98481 3.86597 3.68793 3.60434 3.56639 3.48333 3.34564 3.10082 3.00508 2.98873 2.92614 2.87001 2.82288 2.80558 2.77285 2.73809 2.68421 2.55754 2.49184 2.4287 2.41115 2.36315 2.3175 2.21834 2.22999 2.21279 2.18254 2.09933 1.96304 1.96655 1.97083 1.95349 1.95576 1.96862 1.96124 1.95418 1.94591 1.93685 1.92552 1.91126 1.88133 1.85929 1.83415 1.79435 1.73308 1.69434 1.65639 1.61582 1.58826 1.55625 1.46666
-9999 -9999 -9999 -9999 -9999 -9999 -9999 4.13729 4.25618 4.38367 4.42122 4.45866 4.4888 4.47954 4.44835 4.41158 4.36653 4.31034 4.21382 4.10905 3.99697 3.90633 3.83239 3.58298 3.52441 3.5179 3.43815 3.33624 3.02374 2.91688 2.92362 2.92747 2.88227 2.83459 2.72583 2.71254 2.64792 2.57182 2.53612 2.4915 2.41931 2.41923 2.356 2.34252 2.18521 2.17766 2.1553 2.15334 2.07873 1.92975 1.93086 1.94083 1.92745 1.94396 1.94406 1.93774 1.92961 1.92066 1.90998 1.89765 1.88219 1.8639 1.84275 1.81815 1.78929 1.73773 1.62233 1.59049 1.57341 1.55634 1.50384 1.46769
-9999 -9999 -9999 -9999 -9999 -9999 -9999 4.13505 4.21068 4.31827 4.39576 4.39052 4.42124 4.42859 4.39188 4.3475 4.29608 4.24877 4.14894 4.03559 3.92548 3.79914 3.73161 3.68968 3.49811 3.46761 3.3891 3.29041 3.0178 2.96853 2.95523 2.9257 2.88461 2.83621 2.78411 2.74382 2.68725 2.64979 2.58552 2.49844 2.44929 2.43981 2.34498 2.3207 2.31493 2.12558 2.1357 2.1235 2.03955 1.89449 1.92239 1.92983 1.93656 1.93415 1.92718 1.92313 1.91331 1.90333 1.89201 1.87873 1.86358 1.84529 1.82495 1.79761 1.76562 1.69048 1.59451 1.56979 1.5642 1.55643 1.47949 1.46656
-9999 -9999 -9999 -9999 -9999 -9999 -9999 4.13418 4.19683 4.2841 4.33157 4.32724 4.35799 4.38122 4.3541 4.30622 4.26743 4.20704 4.11625 4.01376 3.89975 3.80743 3.67479 3.65885 3.44818 3.4159 3.35747 3.08527 2.99228 2.95945 2.93277 2.89191 2.87859 2.83604 2.78775 2.70619 2.65314 2.63643 2.60067 2.55764 2.48841 2.46028 2.40473 2.36439 2.32344 2.11977 2.11111 2.08241 2.0177 1.91759 1.92358 1.92338 1.9236 1.91451 1.90916 1.90642 1.89624 1.88525 1.87309 1.85987 1.84435 1.82537 1.80499 1.77346 1.73156 1.67079 1.53509 1.55222 1.57144 1.53492 1.47414 1.4612
-9999 -9999 -9999 -9999 -9999 -9999 -9999 4.10612 4.16969 4.23775 4.25494 4.24134 4.30647 4.33643 4.31106 4.27195 4.22662 4.134 4.09252 4.03122 3.92536 3.79133 3.64516 3.58119 3.46864 3.35853 3.30413 3.00569 2.91349 2.86586 2.85914 2.85265 2.85386 2.82391 2.77195 2.66195 2.5503 2.55965 2.57302 2.54666 2.50878 2.44157 2.4014 2.36156 2.30282 2.16926 2.05801 2.04287 1.89675 1.89487 1.90433 1.91079 1.88739 1.87896 1.88834 1.88905 1.87792 1.86634 1.85436 1.84075 1.82552 1.80498 1.78276 1.75577 1.68316 1.62938 1.52832 1.53977 1.54709 1.46109 1.47091 1.45975
-9999 -9999 -9999 -9999 -9999 -9999 -9999 4.0671 4.10361 4.16383 4.1742 4.20471 4.26161 4.27581 4.26698 4.23557 4.19309 4.12993 4.07151 3.99391 3.88821 3.7586 3.61655 3.49785 3.45284 3.27997 3.13961 2.93445 2.83752 2.81292 2.81107 2.84107 2.84081 2.80462 2.76216 2.71196 2.62132 2.52064 2.49335 2.50262 2.44632 2.38503 2.37739 2.34637 2.2889 2.23885 2.05065 1.98759 1.85972 1.85396 1.86799 1.89849 1.89015 1.87492 1.88166 1.8703 1.85872 1.84738 1.83493 1.82169 1.80719 1.78841 1.76374 1.71149 1.66265 1.6009 1.57571 1.5505 1.52379 1.46899 1.46551 1.45342
-9999 -9999 -9999 -9999 -9999 -9999 -9999 4.01094 4.05446 4.10566 4.15243 4.19542 4.22831 4.20471 4.2065 4.17411 4.15527 4.11132 4.0456 3.97358 3.87652 3.72878 3.59103 3.44262 3.39582 3.33384 2.99843 2.89029 2.7513 2.76611 2.79315 2.81705 2.81079 2.7356 2.73007 2.69241 2.63839 2.56639 2.47254 2.4473 2.37174 2.34374 2.34312 2.32476 2.29328 2.24946 2.14255 1.9802 1.84067 1.82699 1.83856 1.85843 1.87861 1.87029 1.86367 1.85124 1.83906 1.82749 1.81531 1.80196 1.78694 1.76895 1.72468 1.6739 1.63561 1.58836 1.56648 1.57345 1.52535 1.46463 1.46051 1.44976
-9999 -9999 -9999 -9999 -9999 -9999 -9999 -9999 4.03386 4.08419 4.11425 4.10078 4.12463 4.12335 4.11436 4.08609 4.114 4.0784 4.02129 3.95197 3.86235 3.73741 3.62886 3.48475 3.35984 3.14016 2.8921 2.84522 2.7739 2.74633 2.76974 2.80113 2.76232 2.66553 2.63442 2.61047 2.60372 2.56188 2.44452 2.3729 2.30981 2.31199 2.31534 2.2966 2.27165 2.23915 2.10764 1.83538 1.85424 1.86382 1.85263 1.86043 1.86284 1.85317 1.84319 1.83071 1.81882 1.80684 1.79392 1.78116 1.76425 1.74114 1.69457 1.60093 1.58925 1.56448 1.52294 1.5307 1.43949 1.45486 1.45604 1.44558
-9999 -9999 -9999 -9999 -9999 -9999 -9999 -9999 3.99503 4.0549 4.04175 4.00827 3.94562 3.92858 4.01221 4.00194 4.02726 4.04631 3.99951 3.93107 3.84429 3.74728 3.62328 3.46895 3.3295 3.06145 2.99576 2.87888 2.82795 2.78902 2.77988 2.73541 2.63186 2.53664 2.52606 2.50833 2.54296 2.52669 2.48786 2.40904 2.32326 2.2674 2.28197 2.26264 2.23956 2.21366 2.13404 1.93551 1.85158 1.85652 1.8549 1.84668 1.84608 1.83497 1.82221 1.81033 1.79777 1.78529 1.77152 1.75751 1.73381 1.70709 1.64073 1.58253 1.54036 1.48976 1.5541 1.53101 1.46956 1.44608 1.44789 1.43737
