Test_Spring_2018/12_17/Prec/20171203_022.txt
ncols	170
nrows	115
xllcorner	350000.000000
yllcorner	4445000.000000
cellsize	1000.000000
nodata_value	-9999.000000
[rows 33 to 65 of 115, columns 75 to 149 of 170]
0.238527 0.239459 0.223632 0.219787 0.220246 0.219477 0.217675 0.216098 0.21443 0.210402 0.204661 0.192753 0.178507 0.175207 0.18205 0.182326 0.183405 0.179427 0.174464 0.16672 0.173219 0.175848 0.164986 0.151825 0.145256 -9999 -9999 -9999 -9999 -9999 -9999 -9999 -9999 -9999 -9999 -9999 -9999 -9999 -9999 -9999 -9999 -9999 -9999 -9999 -9999 -9999 -9999 -9999 -9999 -9999 -9999 -9999 -9999 -9999 -9999 -9999 -9999 -9999 -9999 -9999 -9999 -9999 -9999 -9999 -9999 -9999 -9999 -9999 -9999 -9999 -9999 -9999 -9999 -9999 -9999
0.232212 0.232874 0.213772 0.214209 0.219651 0.219199 0.218781 0.216231 0.214157 0.210825 0.205249 0.19738 0.187938 0.171625 0.181404 0.189023 0.188651 0.188052 0.184385 0.176715 0.182824 0.182953 0.166823 0.154874 0.147962 0.1448 -9999 -9999 -9999 -9999 -9999 -9999 -9999 -9999 -9999 -9999 -9999 -9999 -9999 -9999 -9999 -9999 -9999 -9999 -9999 -9999 -9999 -9999 -9999 -9999 -9999 -9999 -9999 -9999 -9999 -9999 -9999 -9999 -9999 -9999 -9999 -9999 -9999 -9999 -9999 -9999 -9999 -9999 -9999 -9999 -9999 -9999 -9999 -9999 -9999
0.229219 0.228779 0.227287 0.215702 0.217201 0.21873 0.218345 0.21571 0.20829 0.207053 0.206526 0.201264 0.190458 0.179651 0.176646 0.188243 0.191332 0.190299 0.192584 0.185826 0.188391 0.186683 0.179491 0.164959 0.154075 0.149219 0.140497 -9999 -9999 -9999 -9999 -9999 -9999 -9999 -9999 -9999 -9999 -9999 -9999 -9999 -9999 -9999 -9999 -9999 -9999 -9999 -9999 -9999 -9999 -9999 -9999 -9999 -9999 -9999 -9999 -9999 -9999 -9999 -9999 -9999 -9999 -9999 -9999 -9999 -9999 -9999 -9999 -9999 -9999 -9999 -9999 -9999 -9999 -9999 -9999
0.219666 0.216673 0.223615 0.214354 0.216429 0.218431 0.218049 0.212946 0.210328 0.209879 0.206322 0.200232 0.196283 0.189308 0.18202 0.18426 0.193945 0.188928 0.195541 0.194295 0.194902 0.18931 0.175806 0.15971 0.150752 0.14592 0.138283 -9999 -9999 -9999 -9999 -9999 -9999 -9999 -9999 -9999 -9999 -9999 -9999 -9999 -9999 -9999 -9999 -9999 -9999 -9999 -9999 -9999 -9999 -9999 -9999 -9999 -9999 -9999 -9999 -9999 -9999 -9999 -9999 -9999 -9999 -9999 -9999 -9999 -9999 -9999 -9999 -9999 -9999 -9999 -9999 -9999 -9999 -9999 -9999
0.218357 0.214653 0.220451 0.213095 0.21436 0.217696 0.217481 0.215396 0.213748 0.211452 0.208512 0.203823 0.198649 0.192001 0.190972 0.196943 0.196436 0.194409 0.194705 0.197162 0.195293 0.18383 0.169197 0.160914 0.14219 0.134595 0.133491 0.127618 -9999 -9999 -9999 -9999 -9999 -9999 -9999 -9999 -9999 -9999 -9999 -9999 0.130353 -9999 -9999 -9999 -9999 -9999 -9999 -9999 -9999 -9999 -9999 -9999 -9999 -9999 -9999 -9999 -9999 -9999 -9999 -9999 -9999 0 -9999 -9999 -9999 -9999 -9999 -9999 -9999 -9999 -9999 -9999 -9999 -9999 -9999
0.216149 0.218379 0.221561 0.223524 0.21343 0.217289 0.217116 0.215558 0.213812 0.210192 0.209054 0.206218 0.200588 0.199063 0.200658 0.201022 0.201415 0.201264 0.199744 0.19728 0.194263 0.184771 0.177053 0.171158 0.154259 0.144913 0.136717 0.12543 0.116234 -9999 -9999 -9999 -9999 -9999 -9999 -9999 0.12403 0.123321 0.123098 0.124644 0.129607 0.125533 -9999 -9999 -9999 -9999 -9999 -9999 -9999 -9999 -9999 -9999 -9999 -9999 -9999 -9999 -9999 -9999 -9999 -9999 -9999 0 0 -9999 -9999 -9999 -9999 -9999 -9999 -9999 -9999 -9999 -9999 -9999 -9999
0.217297 0.218452 0.221514 0.222715 0.214492 0.215682 0.216802 0.21633 0.214426 0.211642 0.21134 0.207534 0.205257 0.203436 0.205716 0.205582 0.203596 0.201164 0.198724 0.193757 0.191777 0.185662 0.179741 0.171233 0.162401 0.147651 0.132628 0.117903 0.105673 -9999 -9999 -9999 -9999 -9999 -9999 0.120881 0.125345 0.128044 0.122064 0.126948 0.131244 0.12999 0.118337 -9999 -9999 -9999 -9999 -9999 -9999 -9999 -9999 -9999 -9999 -9999 -9999 -9999 -9999 0.103424 0 0 0 0 0 -9999 -9999 -9999 -9999 -9999 -9999 -9999 -9999 -9999 -9999 -9999 -9999
0.216877 0.219459 0.221537 0.220812 0.211438 0.215789 0.216292 0.215974 0.215401 0.21467 0.211358 0.209707 0.204736 0.208562 0.207762 0.205886 0.200587 0.197561 0.188727 0.183838 0.178391 0.182368 0.175189 0.162758 0.147744 0.129105 0.123518 0.115855 0.104331 -9999 -9999 -9999 -9999 -9999 -9999 0.11795 0.122991 0.127344 0.128181 0.122461 0.130631 0.124197 0.118801 0.116715 0.119222 0.119714 0.114322 0.114079 0.114049 0.110744 0.111763 -9999 -9999 -9999 -9999 0.107582 0.106566 0.105274 0.100407 0 0 0 0 -9999 -9999 -9999 -9999 -9999 -9999 -9999 -9999 -9999 -9999 -9999 -9999
0.218163 0.218811 0.217913 0.219587 0.21034 0.214766 0.218262 0.217639 0.217166 0.216682 0.215277 0.212499 0.212508 0.211837 0.209876 0.20089 0.190346 0.193474 0.183725 0.169292 0.174706 0.177527 0.169331 0.154417 0.137448 0.128384 0.12379 0.11386 0.103585 -9999 -9999 -9999 0.10275 0.109028 0.109325 0.111517 0.118536 0.124146 0.126942 0.129973 0.128273 0.121888 0.11677 0.110996 0.111597 0.119039 0.119725 0.114857 0.114999 0.111974 0.111871 0.113272 0.1136 0.112981 0.111529 0.110403 0.109428 0.107755 0.103191 0 0 0 0 -9999 -9999 -9999 -9999 -9999 -9999 -9999 -9999 -9999 -9999 -9999 -9999
0.217447 0.218848 0.221674 0.220834 0.221952 0.213375 0.217505 0.217382 0.214457 0.216202 0.215566 0.214802 0.213567 0.211884 0.204329 0.193977 0.183396 0.17776 0.178074 0.168776 0.168028 0.170744 0.162051 0.152238 0.136443 0.130943 0.123178 0.107272 0 -9999 -9999 0 0 0.10716 0.111935 0.113793 0.11463 0.121864 0.123303 0.130963 0.128336 0.116249 0.116843 0.110413 0.111645 0.113198 0.112742 0.113921 0.114816 0.114673 0.113807 0.114507 0.114091 0.113469 0.112688 0.110817 0.110226 0.108979 0.105534 0 0 0 0 -9999 -9999 -9999 -9999 -9999 -9999 -9999 -9999 -9999 -9999 -9999 -9999
0.220945 0.223716 0.223193 0.224482 0.220777 0.210556 0.213999 0.216873 0.214697 0.213042 0.215093 0.214589 0.213913 0.212969 0.205863 0.19755 0.185091 0.176692 0.170615 0.165423 0.157035 0.156872 0.152582 0.147629 0.144879 0.133911 0.12187 0.111156 0 0 -9999 0 0 0 0.108036 0.11474 0.113494 0.121903 0.124494 0.128304 0.126691 0.118585 0.115453 0.114599 0.112924 0.116567 0.116442 0.115448 0.115881 0.11489 0.114626 0.114471 0.114111 0.113682 0.113207 0.11246 0.111478 0.110014 0.107718 0.100792 0 0 0 -9999 -9999 -9999 -9999 -9999 -9999 -9999 -9999 -9999 -9999 -9999 -9999
0.222515 0.223903 0.224332 0.22428 0.223645 0.215807 0.214554 0.215026 0.215811 0.21069 0.210763 0.211322 0.213719 0.213152 0.212064 0.207218 0.19225 0.186071 0.177403 0.166086 0.157654 0.156275 0.160051 0.155566 0.14609 0.135786 0.122241 0.109679 0 0 0 0 0 0 0.104734 0.1138 0.118727 0.12161 0.124821 0.127642 0.124874 0.11948 0.117956 0.114915 0.113664 0.112499 0.114042 0.113108 0.115222 0.115977 0.114583 0.114479 0.114279 0.114047 0.113757 0.113216 0.112274 0.111094 0.109455 0.103704 0 0 0 -9999 -9999 -9999 -9999 -9999 -9999 -9999 -9999 -9999 -9999 -9999 -9999
0.217624 0.217588 0.217592 0.218399 0.219301 0.214491 0.214418 0.21593 0.214535 0.211031 0.205985 0.209863 0.211241 0.212622 0.212222 0.211028 0.198337 0.190859 0.184241 0.173173 0.171647 0.171128 0.167337 0.161052 0.145531 0.129771 0.111262 0 0 0 0 0 0 0 0 0.102545 0.116026 0.119943 0.122416 0.1269 0.123811 0.120834 0.117583 0.118029 0.116893 0.115748 0.105609 0.11126 0.110517 0.115049 0.115559 0.114719 0.114596 0.11451 0.11422 0.113769 0.112983 0.111907 0.107975 0.104028 0 0 0 -9999 -9999 -9999 -9999 -9999 -9999 -9999 -9999 -9999 -9999 -9999 -9999
-9999 0.21536 0.216091 0.215777 0.216039 0.214042 0.215129 0.215693 0.215311 0.213092 0.208108 0.206635 0.20727 0.202399 0.20584 0.21048 0.209417 0.207443 0.195267 0.185996 0.187951 0.182677 0.170656 0.159812 0.14864 0.130773 0.115123 0 0 0 0 0 0 0.103645 0.101168 0.105294 0.112239 0.120667 0.125633 0.126395 0.1232 0.120883 0.115985 0.120329 0.11991 0.116536 0.113232 0.110942 0.112531 0.11245 0.115917 0.116191 0.115036 0.114921 0.11472 0.114299 0.113577 0.110522 0.1081 0.105071 0.101368 0 0 -9999 -9999 -9999 -9999 -9999 -9999 -9999 -9999 -9999 -9999 -9999 -9999
-9999 0.211234 0.211243 0.212646 0.218339 0.214193 0.215144 0.214492 0.214711 0.213007 0.208562 0.204089 0.199877 0.194462 0.197047 0.204274 0.207965 0.207146 0.196217 0.196948 0.191913 0.184594 0.170037 0.157659 0.148381 0.130828 0.113884 0 0 0 0 0 0 0.107254 0.111054 0.109064 0.114336 0.123864 0.125662 0.122992 0.124572 0.120393 0.113744 0.12026 0.121403 0.118698 0.117739 0.114151 0.113987 0.114774 0.115635 0.116086 0.115698 0.115171 0.114972 0.114619 0.113149 0.11129 0.108878 0.105782 0.102077 0 0 -9999 -9999 -9999 -9999 -9999 -9999 -9999 -9999 -9999 -9999 -9999 -9999
-9999 -9999 0.20656 0.211691 0.219805 0.214191 0.213269 0.214675 0.214282 0.211841 0.209781 0.204382 0.197141 0.183354 0.186447 0.193066 0.202539 0.206655 0.204059 0.197018 0.188447 0.171814 0.15622 0.149931 0.142744 0.128359 0.113714 0 0 0.10016 0.103039 0.103746 0.101136 0.107697 0.11381 0.112335 0.118474 0.125652 0.12492 0.125056 0.125124 0.120564 0.120399 0.120303 0.123444 0.119604 0.119929 0.117004 0.115719 0.115548 0.115675 0.11606 0.115717 0.115379 0.115174 0.114513 0.11343 0.111587 0.109091 0.105976 0.102258 0 0 0 -9999 -9999 -9999 -9999 -9999 -9999 -9999 -9999 -9999 -9999 -9999
-9999 -9999 0.200952 0.202717 0.212653 0.208069 0.212541 0.214597 0.21409 0.210221 0.207969 0.2 0.197279 0.184497 0.178464 0.182697 0.179952 0.192918 0.203724 0.196959 0.168156 0.155068 0.144086 0.140899 0.135617 0.127592 0.107487 0 0.105015 0.107955 0.110012 0.11166 0.110812 0.110146 0.119634 0.121475 0.125786 0.12677 0.12871 0.125672 0.124081 0.124927 0.12207 0.121163 0.124438 0.119332 0.121632 0.118246 0.115997 0.114861 0.11632 0.116071 0.115798 0.115168 0.114959 0.114423 0.11298 0.111286 0.108834 0.105672 0.102092 0 0 0 0 0 -9999 -9999 -9999 -9999 -9999 -9999 -9999 -9999 -9999
-9999 -9999 -9999 0.192454 0.207007 0.206012 0.209151 0.213926 0.213895 0.211549 0.207851 0.19967 0.192501 0.181009 0.167809 0.160434 0.179807 0.196141 0.203542 0.198314 0.173877 0.161756 0.157109 0.157317 0.148019 0.139446 0.122747 0.114326 0.105062 0.103209 0.107175 0.111273 0.116168 0.120291 0.121027 0.125173 0.127222 0.128837 0.130899 0.131748 0.132423 0.126233 0.129212 0.126182 0.126757 0.124791 0.122701 0.119042 0.115389 0.116113 0.116774 0.116443 0.114868 0.114785 0.114589 0.11406 0.113066 0.110396 0.108014 0.10504 0.101466 0 0 0 0 0 0 -9999 -9999 -9999 -9999 -9999 -9999 -9999 -9999
-9999 -9999 -9999 0.18524 0.199741 0.198753 0.208048 0.212503 0.213825 0.212877 0.209714 0.203335 0.194022 0.186201 0.171467 0.155976 0.175037 0.19398 0.202448 0.200696 0.178052 0.179435 0.17137 0.168479 0.15628 0.148108 0.139476 0.129122 0.118601 0.107253 0.100476 0.113016 0.119176 0.124745 0.127885 0.130455 0.132702 0.131844 0.131896 0.126441 0.132458 0.130164 0.129517 0.128447 0.12736 0.125765 0.123887 0.120507 0.119272 0.116559 0.115449 0.114358 0.114375 0.114294 0.113981 0.113353 0.112377 0.110949 0.107946 0.104029 0.100613 0 0 0 0 0 0 0 0 0 -9999 -9999 -9999 -9999 -9999
-9999 -9999 -9999 0.163482 0.18547 0.195469 0.20453 0.211703 0.213102 0.213199 0.209061 0.205917 0.199051 0.192531 0.182627 0.16787 0.158224 0.171031 0.192131 0.200604 0.195201 0.191298 0.182849 0.174455 0.169375 0.16491 0.154185 0.141254 0.127651 0.120623 0.114302 0.123121 0.123116 0.121604 0.133924 0.134639 0.135083 0.131787 0.125069 0.127116 0.124285 0.124453 0.120342 0.12336 0.125613 0.125704 0.124379 0.120895 0.116216 0.115572 0.114193 0.11405 0.113856 0.113599 0.1132 0.112531 0.111436 0.110007 0.108267 0.104119 0.101039 0 0 0 0 0 0 0 0 0 0 -9999 -9999 -9999 -9999
-9999 -9999 -9999 0.166617 0.175564 0.191649 0.200777 0.209646 0.21104 0.213546 0.212135 0.208779 0.202659 0.195155 0.186833 0.174017 0.164041 0.173339 0.184714 0.193313 0.192275 0.191915 0.188096 0.183136 0.17759 0.171893 0.165442 0.156009 0.142627 0.134244 0.124137 0.13434 0.134227 0.131496 0.137576 0.137694 0.129143 0.122987 0.123196 0.125002 0.121431 0.117969 0.114631 0.116966 0.124003 0.115978 0.115519 0.116115 0.1161 0.114113 0.113891 0.113585 0.11328 0.112861 0.112367 0.111652 0.110493 0.109057 0.107256 0.104932 0 0 0 0 0 0 0 0 0 0 0 0 -9999 -9999 -9999
-9999 -9999 -9999 0.169536 0.170738 0.185123 0.198994 0.208515 0.211826 0.214053 0.213257 0.209372 0.205967 0.200971 0.193493 0.188008 0.178871 0.166421 0.183314 0.184253 0.184429 0.182753 0.184419 0.180387 0.173882 0.169693 0.168175 0.16242 0.151946 0.146493 0.139966 0.14476 0.143278 0.142206 0.141526 0.133766 0.123261 0.115166 0.122259 0.121607 0.120868 0.10875 0.110691 0.115951 0.117049 0.111872 0.107916 0.114063 0.112659 0.113057 0.113182 0.113138 0.112605 0.112195 0.111507 0.110651 0.109534 0.108057 0.106264 0.104069 0.1015 0 0 0 0 0 0 0 0 0 0 0 0 -9999 -9999
-9999 -9999 -9999 -9999 0.164734 0.182861 0.1992 0.207852 0.21295 0.214992 0.214097 0.211685 0.20907 0.205631 0.199945 0.192875 0.18203 0.173416 0.17627 0.176744 0.172308 0.172973 0.180416 0.180529 0.171584 0.15369 0.156256 0.161334 0.158047 0.154527 0.151341 0.151693 0.149266 0.146247 0.140271 0.123377 0.116659 0.110231 0.111176 0.107933 0.110426 0.104087 0.111032 0.113542 0.11389 0.105899 0.103706 0.108393 0.110945 0.109749 0.111144 0.112568 0.112042 0.111448 0.110637 0.109746 0.108607 0.107153 0.105043 0.102852 0.100334 0 0 0 0 0 0 0 0 0 0 0 0 0 -9999
-9999 -9999 -9999 -9999 0.162289 0.180751 0.200185 0.205765 0.211337 0.216044 0.215273 0.211936 0.208749 0.205483 0.201822 0.193368 0.18496 0.176642 0.172625 0.171994 0.163585 0.16678 0.17776 0.177213 0.172656 0.152881 0.145006 0.153211 0.159838 0.157974 0.15485 0.141753 0.142685 0.135557 0.126622 0.12393 0.12011 0.112407 0.115993 0.110308 0.112467 0.102584 0.106151 0.107393 0.111559 0.104418 0.100629 0.104778 0.108036 0.107357 0.110896 0.111695 0.111351 0.110652 0.10982 0.108782 0.107592 0.106054 0.104221 0.102078 0 0 0 0 0 0 0 0 0 0 0 0 0 0 -9999
-9999 -9999 -9999 -9999 0.166507 0.179087 0.196262 0.208718 0.208621 0.214202 0.216657 0.213055 0.20912 0.205094 0.202772 0.193584 0.183436 0.174793 0.164575 0.164021 0.167899 0.169014 0.175253 0.173874 0.168893 0.155482 0.155856 0.160698 0.16211 0.160877 0.157777 0.153512 0.150616 0.144995 0.142192 0.135364 0.125216 0.121039 0.123124 0.11247 0.112733 0.115956 0.101651 0.107365 0.109522 0.100538 0 0.105684 0.108405 0.110701 0.111339 0.111078 0.111122 0.110215 0.109272 0.108162 0.106827 0.105299 0.103392 0.101264 0 0 0 0 0 0 0 0 0 0 0 0 0 0 -9999
-9999 -9999 -9999 -9999 0.170996 0.182282 0.197103 0.205761 0.206564 0.212869 0.218375 0.216747 0.212636 0.210706 0.206375 0.198348 0.189452 0.179663 0.173932 0.16271 0.169698 0.167874 0.172913 0.173732 0.161698 0.155838 0.158313 0.160883 0.160473 0.163486 0.161395 0.157894 0.148944 0.144072 0.144601 0.142224 0.13881 0.131539 0.130662 0.125769 0.123315 0.120861 0.104526 0.106949 0.10618 0.102387 0.105769 0.108419 0.10984 0.111067 0.110659 0.110645 0.110907 0.109969 0.108889 0.107645 0.106287 0.104638 0.102527 0.100263 0 0 0 0 0 0 0 0 0 0 0 0 0 0 0
-9999 -9999 -9999 -9999 0.171347 0.183438 0.196041 0.200813 0.200907 0.213088 0.220184 0.219272 0.2168 0.214017 0.204761 0.204029 0.201045 0.192017 0.179373 0.165452 0.164461 0.166065 0.170046 0.170804 0.154929 0.148775 0.148718 0.154165 0.158935 0.164203 0.164142 0.160237 0.147127 0.133494 0.138083 0.143207 0.14229 0.139672 0.132673 0.129869 0.127194 0.121706 0.10857 0.102562 0.103471 0.10388 0.105379 0.10837 0.11068 0.108242 0.107897 0.110111 0.1109 0.109819 0.108635 0.107386 0.105906 0.104209 0.10174 0 0 0 0 0 0 0 0 0 0 0 0 0 0 0 0
-9999 -9999 -9999 -9999 0.169967 0.178602 0.190686 0.19509 0.202526 0.214037 0.219234 0.22122 0.220168 0.217924 0.213104 0.209619 0.20386 0.194461 0.182023 0.16822 0.15839 0.160062 0.164224 0.162125 0.149871 0.14273 0.146015 0.152141 0.162475 0.167601 0.166708 0.164376 0.160467 0.150104 0.137997 0.136901 0.141288 0.135692 0.129355 0.13121 0.129559 0.123929 0.119447 0.105465 0.101396 0.101785 0.102475 0.105999 0.11185 0.111634 0.11022 0.112015 0.110956 0.109787 0.108605 0.107226 0.105716 0.104015 0.101672 0 0 0 0 0 0 0 0 0 0 0 0 0 0 0 0
-9999 -9999 -9999 -9999 0.165872 0.176226 0.187588 0.198149 0.208061 0.216439 0.216316 0.220229 0.219222 0.220638 0.218681 0.213922 0.208755 0.200347 0.184794 0.17127 0.156562 0.157629 0.16565 0.157835 0.149268 0.135628 0.144874 0.155432 0.164931 0.169268 0.162578 0.165969 0.16404 0.15926 0.151464 0.140137 0.139095 0.130329 0.128759 0.131356 0.131288 0.129265 0.125403 0.11526 0.104164 0.102578 0.101876 0.10489 0.109036 0.113097 0.1127 0.112443 0.1112 0.109908 0.108637 0.107221 0.105587 0.103674 0.101291 0 0 0 0 0 0 0 0 0 0 0 0 0 0 0 0
-9999 -9999 -9999 -9999 -9999 0.178053 0.189915 0.198524 0.200386 0.207835 0.211457 0.213976 0.213725 0.222267 0.221499 0.217889 0.212912 0.205382 0.19303 0.183694 0.16943 0.158471 0.152725 0.148044 0.148769 0.145465 0.148383 0.158542 0.169353 0.168916 0.159093 0.158701 0.158896 0.161266 0.157939 0.14285 0.134504 0.127318 0.129986 0.13282 0.132327 0.130947 0.128482 0.116751 0.104277 0.108414 0.111092 0.11054 0.112783 0.114105 0.113478 0.112694 0.111417 0.110128 0.10873 0.107107 0.105439 0.103088 0 0 0 0 0 0 0 0 0 0 0 0 0 0 0 0 0
-9999 -9999 -9999 -9999 -9999 0.17697 0.190901 0.193503 0.192798 0.187487 0.188989 0.205751 0.208299 0.216412 0.223839 0.221628 0.21659 0.209292 0.201008 0.189197 0.173315 0.160158 0.14962 0.155073 0.160379 0.160394 0.161841 0.167325 0.166871 0.15683 0.147421 0.150251 0.151404 0.159981 0.160362 0.156942 0.147168 0.136155 0.129593 0.133718 0.132738 0.131276 0.129494 0.122482 0.113452 0.111805 0.113656 0.114481 0.114247 0.11509 0.114238 0.11302 0.111813 0.110378 0.108832 0.106975 0.10498 0.10143 0 0 0 0 0 0 0 0 0 0 0 0 0 0 0 0 0
-9999 -9999 -9999 -9999 -9999 -9999 -9999 -9999 -9999 -9999 0.191112 0.194125 0.206171 0.215702 0.226568 0.224867 0.220148 0.214749 0.203374 0.19095 0.186753 0.17062 0.155235 0.159434 0.162665 0.16619 0.166097 0.166572 0.161368 0.152671 0.141407 0.144951 0.153465 0.162598 0.16107 0.159873 0.153989 0.146129 0.130584 0.134667 0.133009 0.131816 0.129672 0.119296 0.115026 0.113313 0.111603 0.113708 0.116546 0.115804 0.114781 0.11358 0.112227 0.110611 0.108891 0.106925 0.104617 0.101705 0 0 0 0 0 0 0 0 0 0 0 0 0 0 0 0 0
-9999 -9999 -9999 -9999 -9999 -9999 -9999 -9999 -9999 -9999 0.182041 0.180339 0.207263 0.217838 0.227308 0.227304 0.222261 0.21597 0.208639 0.200391 0.189523 0.169712 0.157073 0.165804 0.163316 0.164286 0.161746 0.154544 0.152387 0.143243 0.136865 0.145874 0.154224 0.162081 0.16235 0.160087 0.157582 0.143845 0.132311 0.131928 0.131219 0.132095 0.123761 0.119084 0.1192 0.114628 0.116414 0.117208 0.117131 0.11661 0.115298 0.114012 0.112572 0.110773 0.108908 0.10692 0.104613 0.102149 0 0 0 0 0 0 0 0 0 0 0 0 0 0 0 0 0
