Test_Spring_2018/12_17/Prec/20171202_023.txt
ncols	170
nrows	115
xllcorner	350000.000000
yllcorner	4445000.000000
cellsize	1000.000000
nodata_value	-9999.000000
[rows 34 to 67 of 115, columns 75 to 149 of 170]
0.750032 0.751697 0.731575 0.72845 0.76835 0.758264 0.74887 0.721673 0.69894 0.66583 0.613865 0.542559 0.457994 0.314832 0.394526 0.45572 0.448538 0.439254 0.40356 0.33346 0.380843 0.376979 0.273397 0.148068 0 0 -9999 -9999 -9999 -9999 -9999 -9999 -9999 -9999 -9999 -9999 -9999 -9999 -9999 -9999 -9999 -9999 -9999 -9999 -9999 -9999 -9999 -9999 -9999 -9999 -9999 -9999 -9999 -9999 -9999 -9999 -9999 -9999 -9999 -9999 -9999 -9999 -9999 -9999 -9999 -9999 -9999 -9999 -9999 -9999 -9999 -9999 -9999 -9999 -9999
0.734467 0.755209 0.751659 0.752959 0.759479 0.766726 0.758127 0.730789 0.663021 0.648419 0.640152 0.591639 0.495868 0.400118 0.370981 0.466496 0.489267 0.476767 0.492569 0.431152 0.449422 0.431342 0.386336 0.276632 0.16784 0.127491 0 -9999 -9999 -9999 -9999 -9999 -9999 -9999 -9999 -9999 -9999 -9999 -9999 -9999 -9999 -9999 -9999 -9999 -9999 -9999 -9999 -9999 -9999 -9999 -9999 -9999 -9999 -9999 -9999 -9999 -9999 -9999 -9999 -9999 -9999 -9999 -9999 -9999 -9999 -9999 -9999 -9999 -9999 -9999 -9999 -9999 -9999 -9999 -9999
0.685326 0.702962 0.730712 0.752935 0.764537 0.77616 0.768028 0.720152 0.69399 0.686723 0.653177 0.598131 0.561408 0.498813 0.433476 0.449435 0.528948 0.482921 0.536337 0.52285 0.525521 0.475687 0.37576 0.255536 0.166445 0.128524 0 -9999 -9999 -9999 -9999 -9999 -9999 -9999 -9999 -9999 -9999 -9999 -9999 -9999 -9999 -9999 -9999 -9999 -9999 -9999 -9999 -9999 -9999 -9999 -9999 -9999 -9999 -9999 -9999 -9999 -9999 -9999 -9999 -9999 -9999 -9999 -9999 -9999 -9999 -9999 -9999 -9999 -9999 -9999 -9999 -9999 -9999 -9999 -9999
0.686511 0.695931 0.746503 0.753161 0.757912 0.781156 0.774839 0.753221 0.735911 0.713465 0.685769 0.643249 0.596554 0.537186 0.525686 0.573889 0.566749 0.546738 0.546827 0.565788 0.548394 0.466051 0.341855 0.27333 0.11902 0 0 0 -9999 -9999 -9999 -9999 -9999 -9999 -9999 -9999 -9999 -9999 -9999 -9999 0 -9999 -9999 -9999 -9999 -9999 -9999 -9999 -9999 -9999 -9999 -9999 -9999 -9999 -9999 -9999 -9999 -9999 -9999 -9999 -9999 0 -9999 -9999 -9999 -9999 -9999 -9999 -9999 -9999 -9999 -9999 -9999 -9999 -9999
0.719608 0.738357 0.766105 0.752641 0.7602 0.788045 0.782392 0.765717 0.74809 0.71491 0.703176 0.677019 0.626932 0.611742 0.623029 0.623693 0.624611 0.621077 0.606249 0.583981 0.557828 0.492928 0.429879 0.383619 0.257841 0.174066 0.112407 0 0 -9999 -9999 -9999 -9999 -9999 -9999 -9999 0 0 0 0 0.113393 0 -9999 -9999 -9999 -9999 -9999 -9999 -9999 -9999 -9999 -9999 -9999 -9999 -9999 -9999 -9999 -9999 -9999 -9999 -9999 0 0 -9999 -9999 -9999 -9999 -9999 -9999 -9999 -9999 -9999 -9999 -9999 -9999
0.741188 0.749691 0.775738 0.787132 0.778508 0.783611 0.789219 0.782197 0.763695 0.73819 0.734147 0.700227 0.679233 0.661917 0.679412 0.676148 0.657102 0.634505 0.612384 0.56951 0.553246 0.51808 0.471949 0.405208 0.337143 0.222016 0.104242 0 0 -9999 -9999 -9999 -9999 -9999 -9999 0 0.102361 0.12418 0 0.113191 0.150556 0.142003 0 -9999 -9999 -9999 -9999 -9999 -9999 -9999 -9999 -9999 -9999 -9999 -9999 -9999 -9999 0.13816 0 0 0 0 0 -9999 -9999 -9999 -9999 -9999 -9999 -9999 -9999 -9999 -9999 -9999 -9999
0.749417 0.768828 0.785645 0.780156 0.794647 0.792591 0.793082 0.787679 0.780961 0.773466 0.744216 0.729178 0.685616 0.716901 0.708406 0.690558 0.643539 0.616273 0.54009 0.49863 0.46728 0.505534 0.450224 0.351815 0.233011 0 0 0 0 -9999 -9999 -9999 -9999 -9999 -9999 0 0.111721 0.145708 0.149602 0 0.166563 0.156524 0.114746 0.102882 0.131688 0.144428 0.114908 0.147278 0.155945 0.136164 0.15272 -9999 -9999 -9999 -9999 0.152411 0.152438 0.15163 0.122158 0 0 0 0 -9999 -9999 -9999 -9999 -9999 -9999 -9999 -9999 -9999 -9999 -9999 -9999
0.771927 0.773361 0.763813 0.778307 0.789356 0.790633 0.80199 0.795234 0.790678 0.786544 0.774664 0.750799 0.750232 0.743241 0.724653 0.645696 0.553377 0.578213 0.508546 0.387853 0.448078 0.477754 0.415332 0.29753 0.164075 0 0 0 0 -9999 -9999 -9999 0 0 0 0 0 0.131451 0.162126 0.183399 0.180799 0.151718 0.111079 0 0 0.149742 0.164322 0.161053 0.170254 0.151846 0.157911 0.175778 0.184028 0.184046 0.177215 0.173914 0.173155 0.16814 0.140529 0 0 0 0 -9999 -9999 -9999 -9999 -9999 -9999 -9999 -9999 -9999 -9999 -9999 -9999
0.763756 0.77032 0.788977 0.781658 0.793471 0.794466 0.80138 0.799324 0.774365 0.789855 0.78509 0.77889 0.76804 0.752592 0.686306 0.595673 0.503035 0.453083 0.456031 0.377415 0.384426 0.413875 0.366278 0.282219 0.160347 0.128332 0 0 0 -9999 -9999 0 0 0 0 0 0 0.13468 0.138965 0.197096 0.182146 0.100138 0.106799 0 0 0.112134 0.116095 0.141115 0.174335 0.179324 0.1774 0.188147 0.188833 0.187592 0.185299 0.174573 0.176245 0.174299 0.156018 0 0 0 0 -9999 -9999 -9999 -9999 -9999 -9999 -9999 -9999 -9999 -9999 -9999 -9999
0.788607 0.805093 0.797213 0.808272 0.78983 0.772018 0.797508 0.800019 0.78196 0.76894 0.78762 0.784052 0.778241 0.769257 0.706819 0.633561 0.524835 0.451316 0.399985 0.356915 0.289762 0.294861 0.267625 0.237682 0.22939 0.169834 0 0 0 0 -9999 0 0 0 0 0.111641 0 0.155203 0.167317 0.202481 0.181623 0.130571 0.107715 0.103552 0 0.132652 0.155252 0.161121 0.171961 0.184216 0.186425 0.188759 0.188731 0.187927 0.187082 0.184922 0.182419 0.178096 0.169449 0.124388 0 0 0 -9999 -9999 -9999 -9999 -9999 -9999 -9999 -9999 -9999 -9999 -9999 -9999
0.8095 0.812734 0.812163 0.811502 0.809295 0.806408 0.802846 0.804262 0.795746 0.753579 0.755794 0.76163 0.782294 0.776616 0.765566 0.721851 0.591637 0.5382 0.456956 0.360906 0.30116 0.29675 0.339575 0.315127 0.251169 0.182843 0 0 0 0 0 0 0 0 0 0.124133 0.156701 0.169973 0.195482 0.209448 0.180428 0.1496 0.13661 0.113197 0.107384 0.104231 0.125609 0.1322 0.171525 0.183992 0.18728 0.188987 0.1892 0.188935 0.188587 0.187223 0.184312 0.181934 0.178753 0.169077 0.105937 0 0 -9999 -9999 -9999 -9999 -9999 -9999 -9999 -9999 -9999 -9999 -9999 -9999
0.773419 0.763247 0.75837 0.764852 0.775992 0.795627 0.792752 0.804963 0.798582 0.759923 0.71874 0.753185 0.765296 0.776311 0.771119 0.758525 0.644321 0.577651 0.519742 0.426054 0.425229 0.428924 0.40816 0.36962 0.255565 0.142377 0 0 0 0 0 0 0 0 0 0 0.148973 0.177002 0.187558 0.215189 0.179951 0.167728 0.139385 0.145306 0.140176 0.137018 0 0.121104 0.123089 0.16958 0.188312 0.190656 0.190529 0.190513 0.189212 0.187788 0.185575 0.1837 0.177895 0.171954 0.129072 0 0 -9999 -9999 -9999 -9999 -9999 -9999 -9999 -9999 -9999 -9999 -9999 -9999
-9999 0.746846 0.747712 0.744536 0.750449 0.791647 0.798804 0.803114 0.800428 0.78257 0.739282 0.728192 0.734055 0.691699 0.717686 0.754439 0.741878 0.722162 0.616832 0.54561 0.567633 0.531333 0.441087 0.364627 0.288893 0.159035 0 0 0 0 0 0 0 0 0 0 0.132621 0.192798 0.222937 0.217975 0.181089 0.17303 0.130203 0.1691 0.169874 0.147534 0.127348 0.121841 0.143588 0.150463 0.186495 0.193747 0.192837 0.191775 0.1905 0.188713 0.186568 0.181852 0.177832 0.173086 0.166615 0 0 -9999 -9999 -9999 -9999 -9999 -9999 -9999 -9999 -9999 -9999 -9999 -9999
-9999 0.712249 0.706728 0.718253 0.77077 0.792269 0.798439 0.792576 0.795237 0.781967 0.745288 0.707669 0.672182 0.624847 0.644547 0.702969 0.730982 0.721141 0.62655 0.640709 0.603359 0.550038 0.438685 0.349764 0.290948 0.164569 0 0 0 0 0 0 0 0.115913 0.144791 0.121469 0.156157 0.22534 0.228027 0.193366 0.196899 0.172108 0.114109 0.171376 0.185339 0.168592 0.168317 0.151503 0.158099 0.172174 0.185692 0.194156 0.19381 0.192215 0.190499 0.188906 0.18623 0.182479 0.178875 0.174059 0.168249 0 0 -9999 -9999 -9999 -9999 -9999 -9999 -9999 -9999 -9999 -9999 -9999 -9999
-9999 -9999 0.665336 0.70883 0.782218 0.791063 0.781448 0.79338 0.791019 0.771624 0.755441 0.710305 0.648711 0.53002 0.55407 0.607336 0.684791 0.717203 0.693924 0.641837 0.574498 0.441851 0.321889 0.285231 0.244505 0.1454 0 0 0 0 0 0 0 0.121531 0.170725 0.150961 0.193109 0.242301 0.223457 0.212826 0.203493 0.175289 0.172646 0.173397 0.204342 0.177774 0.188327 0.176983 0.173807 0.179491 0.186535 0.194242 0.194091 0.192559 0.191274 0.188396 0.186426 0.182855 0.178636 0.173841 0.168139 0.151577 0 0 -9999 -9999 -9999 -9999 -9999 -9999 -9999 -9999 -9999 -9999 -9999
-9999 -9999 0.614139 0.62913 0.718233 0.736969 0.77367 0.791366 0.788213 0.756767 0.738135 0.671685 0.64891 0.539308 0.484467 0.51748 0.490745 0.598939 0.690322 0.640875 0.400829 0.298496 0.217862 0.207528 0.182793 0.13762 0 0 0 0 0.110318 0.139657 0.142115 0.138501 0.215956 0.226292 0.253296 0.250111 0.254633 0.217401 0.194341 0.212813 0.18736 0.18125 0.213308 0.175818 0.203057 0.18764 0.176012 0.173267 0.19154 0.193742 0.194187 0.192455 0.19032 0.187648 0.184454 0.182108 0.178148 0.172752 0.167991 0.161586 0.140201 0 0 0 -9999 -9999 -9999 -9999 -9999 -9999 -9999 -9999 -9999
-9999 -9999 -9999 0.536589 0.665218 0.716832 0.742404 0.783519 0.784561 0.764426 0.734962 0.66653 0.605811 0.507255 0.393479 0.324663 0.487103 0.624335 0.686872 0.650999 0.448226 0.353974 0.327097 0.345213 0.285437 0.234656 0.113969 0 0 0 0 0.128749 0.178329 0.215739 0.218888 0.246566 0.259786 0.262913 0.269429 0.266306 0.263388 0.222873 0.247622 0.223552 0.232572 0.221794 0.211345 0.193515 0.169674 0.18265 0.19402 0.195561 0.193704 0.191683 0.190094 0.187829 0.184483 0.180075 0.176381 0.172061 0.166647 0.161455 0.153703 0.140889 0 0 0 -9999 -9999 -9999 -9999 -9999 -9999 -9999 -9999
-9999 -9999 -9999 0.468229 0.596477 0.651291 0.729684 0.769364 0.777687 0.771932 0.747037 0.694012 0.615028 0.547924 0.421149 0.287766 0.456499 0.602495 0.674423 0.661344 0.481246 0.501997 0.445337 0.436136 0.350464 0.301747 0.248011 0.184345 0.11856 0 0 0.129581 0.189733 0.239707 0.264025 0.279267 0.288624 0.280251 0.271715 0.215958 0.259715 0.254109 0.248379 0.241332 0.236227 0.228535 0.219682 0.204232 0.200836 0.184316 0.196326 0.193663 0.192655 0.191416 0.189498 0.186922 0.184083 0.180644 0.176417 0.170776 0.165637 0.160242 0.153119 0.146984 0.139151 0.12346 0 0 0 0 -9999 -9999 -9999 -9999 -9999
-9999 -9999 -9999 0.273828 0.466038 0.620138 0.6965 0.752221 0.766127 0.76922 0.735937 0.71053 0.652519 0.596653 0.511324 0.384397 0.30155 0.420553 0.603928 0.656242 0.623809 0.598958 0.538268 0.480992 0.454749 0.436025 0.362002 0.284276 0.189088 0.149722 0.111154 0.198122 0.205362 0.195132 0.298652 0.299301 0.294841 0.25681 0.20363 0.21281 0.184402 0.201863 0.167137 0.195352 0.218911 0.225556 0.221247 0.204956 0.198723 0.195485 0.19533 0.193928 0.192111 0.190319 0.188522 0.186268 0.182856 0.179573 0.176977 0.170865 0.166004 0.159113 0.152304 0.146669 0.139642 0.132725 0.114254 0 0 0 0 -9999 -9999 -9999 -9999
-9999 -9999 -9999 0.289196 0.446308 0.581186 0.65091 0.727669 0.741407 0.764941 0.75484 0.727591 0.67602 0.611919 0.540343 0.430268 0.344848 0.424989 0.53556 0.613815 0.620891 0.598432 0.576429 0.547297 0.526683 0.495438 0.454985 0.394399 0.302617 0.247721 0.17555 0.273526 0.279577 0.259259 0.310369 0.307294 0.227752 0.167244 0.160738 0.186224 0.150185 0.139463 0.114504 0.137305 0.201906 0.174826 0.175517 0.192577 0.195801 0.195383 0.194712 0.192998 0.19134 0.189234 0.187578 0.185694 0.182239 0.179072 0.175788 0.171199 0.164745 0.159461 0.152273 0.145091 0.139069 0.132582 0.123702 0.113084 0.110855 0.100727 0 0 -9999 -9999 -9999
-9999 -9999 -9999 0.308152 0.396699 0.517446 0.627022 0.709242 0.739173 0.760125 0.755133 0.723323 0.695014 0.652528 0.588443 0.541313 0.463363 0.357976 0.504536 0.529459 0.547064 0.55357 0.579254 0.557886 0.516713 0.457549 0.462463 0.436696 0.36378 0.332286 0.289415 0.340398 0.334504 0.328708 0.323005 0.254067 0.159625 0 0.138904 0.127633 0.137045 0 0.111881 0.160302 0.173973 0.13559 0.106721 0.171995 0.180933 0.187029 0.190366 0.192012 0.189554 0.188636 0.186307 0.184014 0.181438 0.178124 0.17473 0.170689 0.166262 0.158548 0.151646 0.145898 0.13856 0.133321 0.125132 0.119555 0.112575 0.10709 0 0 0 -9999 -9999
-9999 -9999 -9999 -9999 0.345061 0.487646 0.62646 0.700686 0.745251 0.764056 0.757802 0.738375 0.716877 0.688018 0.6398 0.579861 0.488125 0.41627 0.443569 0.466963 0.445988 0.460435 0.534365 0.547134 0.483725 0.338933 0.382698 0.440437 0.425906 0.408051 0.391262 0.376538 0.362355 0.340292 0.290277 0.144722 0.112548 0 0 0 0 0 0.108537 0.133943 0.141613 0 0 0.140157 0.166097 0.159603 0.174883 0.189486 0.188217 0.186819 0.184414 0.182611 0.180361 0.177441 0.173473 0.169579 0.165487 0.156645 0.150381 0.140353 0.13209 0.120238 0.124162 0.120341 0.113535 0.108674 0.103615 0 0 0 -9999
-9999 -9999 -9999 -9999 0.301214 0.457039 0.622359 0.670277 0.718759 0.760193 0.754899 0.727554 0.701256 0.674065 0.643398 0.571927 0.501278 0.432132 0.400789 0.399703 0.361022 0.396282 0.499432 0.505382 0.478116 0.323418 0.269469 0.352593 0.42155 0.416876 0.399947 0.296061 0.310048 0.25325 0.179219 0.157013 0.124097 0 0 0 0 0 0 0 0.115545 0 0 0.107081 0.13991 0.138794 0.17343 0.184539 0.186005 0.184857 0.18336 0.181251 0.179359 0.176315 0.172799 0.16882 0.163516 0.155514 0.13462 0 0 0 0 0.109074 0.113021 0.110081 0.105428 0 0 0 -9999
-9999 -9999 -9999 -9999 0.322629 0.428371 0.574379 0.680892 0.680768 0.72947 0.751598 0.721962 0.689354 0.655863 0.636918 0.559516 0.474329 0.402671 0.318493 0.318002 0.356666 0.40244 0.46423 0.462024 0.429904 0.328746 0.343964 0.397123 0.420401 0.420179 0.402783 0.373996 0.355328 0.311816 0.290927 0.234464 0.148792 0.113671 0.131974 0 0 0 0 0 0 0 0 0.111943 0.141045 0.166254 0.177104 0.180188 0.186005 0.184078 0.182516 0.18052 0.177875 0.175137 0.170891 0.166618 0.155786 0.141212 0 0 0 0 0 0.103856 0.111246 0.108819 0.105938 0.101053 0 0 -9999
-9999 -9999 -9999 -9999 0.34469 0.43945 0.565251 0.639122 0.646427 0.701082 0.749108 0.73627 0.70224 0.686848 0.651057 0.583937 0.509828 0.428708 0.383067 0.291499 0.35655 0.37815 0.428981 0.444617 0.353195 0.313937 0.345932 0.378524 0.385187 0.420333 0.410915 0.388324 0.317967 0.281234 0.289533 0.272109 0.245217 0.185081 0.179568 0.140057 0.121918 0.104471 0 0 0 0 0.102201 0.131726 0.150561 0.167517 0.170351 0.176497 0.185109 0.183808 0.181865 0.179371 0.176982 0.173421 0.16738 0.161613 0.143403 0.11357 0 0 0 0 0 0.100358 0.105531 0.108186 0.104714 0.101646 0 0 0
-9999 -9999 -9999 -9999 0.329911 0.431521 0.538199 0.578599 0.579546 0.684107 0.745516 0.73872 0.718744 0.696287 0.618752 0.614352 0.591169 0.516959 0.412568 0.29809 0.294927 0.330065 0.387857 0.402211 0.277684 0.234948 0.244276 0.300392 0.350303 0.403875 0.411185 0.384812 0.278933 0.16772 0.211366 0.258988 0.25464 0.235617 0.17928 0.159083 0.140465 0 0 0 0 0 0 0.127041 0.154291 0.14079 0.145007 0.171028 0.184962 0.183217 0.181082 0.179096 0.176077 0.17231 0.163217 0.153581 0.139357 0 0 0 0 0 0 0.100772 0.106299 0.10665 0.104019 0.101002 0 0 0
-9999 -9999 -9999 -9999 0.299079 0.371046 0.473018 0.509926 0.573205 0.671717 0.716664 0.734513 0.726732 0.709095 0.66981 0.642348 0.595959 0.519052 0.416819 0.303597 0.225001 0.245304 0.3203 0.323839 0.216014 0.164025 0.200969 0.261926 0.358459 0.410029 0.409641 0.396367 0.369042 0.286057 0.18774 0.183155 0.225265 0.182149 0.132913 0.153987 0.145567 0.10367 0 0 0 0 0 0.101895 0.160215 0.166481 0.162339 0.185527 0.184392 0.182544 0.181007 0.17839 0.17546 0.171867 0.163897 0.149571 0.100737 0 0 0 0 0 0 0 0.101958 0.103657 0.103646 0.101338 0 0 0
-9999 -9999 -9999 -9999 0.244075 0.330485 0.425916 0.51497 0.598944 0.670292 0.669521 0.703704 0.696351 0.710198 0.695748 0.657914 0.617144 0.549273 0.420934 0.310477 0.190417 0.205537 0.298079 0.256582 0.191847 0 0.170683 0.26862 0.35716 0.401235 0.350741 0.385995 0.375513 0.34046 0.279528 0.188423 0.185288 0.116406 0.109327 0.138244 0.144863 0.135234 0.110304 0 0 0 0 0 0.131573 0.175135 0.180372 0.186673 0.184558 0.182185 0.180339 0.177794 0.1741 0.168891 0.160678 0.11937 0 0 0 0 0 0 0 0 0.102078 0.103381 0.102475 0.100878 0 0 0
-9999 -9999 -9999 -9999 -9999 0.325003 0.424223 0.496051 0.510725 0.573667 0.60453 0.626642 0.625787 0.700732 0.696874 0.669412 0.63092 0.571217 0.47084 0.396673 0.280754 0.193298 0.185509 0.154035 0.168255 0.147742 0.180003 0.273712 0.372637 0.37517 0.2973 0.29985 0.307379 0.333572 0.31131 0.188889 0.124439 0 0.100934 0.133433 0.138001 0.135432 0.12394 0 0 0 0.123737 0.129451 0.158604 0.179477 0.183375 0.185702 0.183751 0.181797 0.179199 0.175158 0.171403 0.162629 0.146404 0.100555 0 0 0 0 0 0 0 0.10008 0.1023 0.102171 0.101278 0 0 0 0
-9999 -9999 -9999 -9999 -9999 0.294172 0.41044 0.430282 0.422372 0.375765 0.388111 0.531665 0.554738 0.626284 0.692882 0.678012 0.639748 0.582818 0.517956 0.423304 0.294079 0.188157 0.107328 0.181114 0.248058 0.255382 0.274408 0.327401 0.329279 0.248989 0.173989 0.203584 0.219084 0.298389 0.308227 0.286223 0.21063 0.125152 0 0.123527 0.125625 0.124053 0.120066 0.107178 0 0.110816 0.138645 0.157119 0.165942 0.1834 0.1859 0.184933 0.183892 0.180927 0.177253 0.171371 0.164964 0.146105 0.123752 0 0 0 0 0 0 0 0 0 0 0 0 0 0 0 0
-9999 -9999 -9999 -9999 -9999 -9999 -9999 -9999 -9999 -9999 0.38093 0.40679 0.510996 0.59493 0.691428 0.681644 0.646975 0.607189 0.516833 0.41778 0.389029 0.278225 0.1371 0.20036 0.248473 0.285347 0.290568 0.299994 0.26044 0.190778 0 0.13429 0.21235 0.296403 0.290276 0.287948 0.246599 0.189365 0 0.113895 0.11201 0.114589 0.109359 0 0 0.1154 0.114099 0.144557 0.180451 0.184987 0.186458 0.185911 0.183772 0.179334 0.174195 0.1674 0.158363 0.145047 0.120462 0 0 0 0 0 0 0 0 0 0 0 0 0 0 0 0
-9999 -9999 -9999 -9999 -9999 -9999 -9999 -9999 -9999 -9999 0.277622 0.262897 0.494167 0.587314 0.672478 0.678012 0.641557 0.595221 0.540476 0.478076 0.393194 0.234087 0.135293 0.21822 0.235478 0.250148 0.233833 0.176873 0.162407 0 0 0.118324 0.194535 0.26757 0.277033 0.266228 0.254733 0.148618 0 0 0 0.1031 0 0 0 0.11843 0.148387 0.168757 0.180569 0.187558 0.186886 0.185746 0.182844 0.176715 0.170181 0.163048 0.15393 0.144467 0.124772 0 0 0 0 0 0 0 0 0 0 0 0 0 0 0 0
-9999 -9999 -9999 -9999 -9999 -9999 -9999 -9999 -9999 -9999 -9999 0.20493 0.415078 0.553372 0.65464 0.675367 0.65072 0.614055 0.56196 0.495652 0.443421 0.292881 0.160525 0.145712 0.164431 0.169329 0.159664 0 0 0 0 0 0.181338 0.245578 0.260401 0.182904 0.235752 0.214232 0.146417 0 0 0 0 0 0 0.127811 0.118771 0.164345 0.160748 0.188603 0.187242 0.185287 0.181301 0.17599 0.168565 0.159895 0.149289 0.138718 0.118209 0 0 0 0 0 0 0 0 0 0 0 0 0 0 0 0
-9999 -9999 -9999 -9999 -9999 -9999 -9999 -9999 -9999 -9999 -9999 0.235342 0.348911 0.529088 0.620725 0.671785 0.656779 0.62538 0.592686 0.540261 0.45005 0.318633 -9999 -9999 -9999 -9999 -9999 -9999 0 0 0.140266 0.156775 0.193546 0.239834 0.246703 0.183772 0.118979 0.192401 0.172991 0.146474 0 0 0 0 0 0.10914 0.108993 0.125991 0.17551 0.18914 0.186751 0.184125 0.17926 0.173869 0.167685 0.157544 0.146072 0.134376 0 0 0 0 0 0 0 0 0 0 0 0 0 0 0 0 0
