Test_Spring_2018/12_17/Prec/20171228_022.txt
ncols	170
nrows	115
xllcorner	350000.000000
yllcorner	4445000.000000
cellsize	1000.000000
nodata_value	-9999.000000
[rows 35 to 69 of 115, columns 79 to 157 of 170]
0.260598 0.265276 0.268731 0.27076 0.270076 0.27219 0.274367 0.273901 0.270426 0.266773 0.266917 0.274327 0.277439 0.2785 0.281282 0.279592 0.282665 0.283662 0.274346 0.273042 0.273914 0.27172 0.267467 -9999 -9999 -9999 -9999 -9999 -9999 -9999 -9999 -9999 -9999 -9999 -9999 -9999 -9999 -9999 -9999 -9999 -9999 -9999 -9999 -9999 -9999 -9999 -9999 -9999 -9999 -9999 -9999 -9999 -9999 -9999 -9999 -9999 -9999 -9999 -9999 -9999 -9999 -9999 -9999 -9999 -9999 -9999 -9999 -9999 -9999 -9999 -9999 -9999 -9999 -9999 -9999 -9999 -9999 -9999 -9999
0.262676 0.267767 0.271381 0.272302 0.274124 0.276677 0.277318 0.276359 0.276186 0.274254 0.271981 0.274373 0.28044 0.279106 0.283641 0.284277 0.285905 0.284474 0.280394 0.268742 0.270076 0.267439 0.263291 -9999 -9999 -9999 -9999 -9999 -9999 -9999 -9999 -9999 -9999 -9999 -9999 -9999 -9999 -9999 -9999 -9999 -9999 -9999 -9999 -9999 -9999 -9999 -9999 -9999 -9999 -9999 -9999 -9999 -9999 -9999 -9999 -9999 -9999 -9999 -9999 -9999 -9999 -9999 -9999 -9999 -9999 -9999 -9999 -9999 -9999 -9999 -9999 -9999 -9999 -9999 -9999 -9999 -9999 -9999 -9999
0.264175 0.270186 0.274106 0.276723 0.279156 0.28084 0.281778 0.281434 0.28048 0.278477 0.279052 0.282972 0.283532 0.283285 0.284213 0.286264 0.286195 0.274304 0.275821 0.271717 0.263854 0.259429 0.258185 0.254449 -9999 -9999 -9999 -9999 -9999 -9999 -9999 -9999 -9999 -9999 -9999 -9999 0.228072 -9999 -9999 -9999 -9999 -9999 -9999 -9999 -9999 -9999 -9999 -9999 -9999 -9999 -9999 -9999 -9999 -9999 -9999 -9999 -9999 0 -9999 -9999 -9999 -9999 -9999 -9999 -9999 -9999 -9999 -9999 -9999 -9999 -9999 -9999 -9999 -9999 -9999 -9999 -9999 -9999 -9999
0.266303 0.272905 0.277131 0.280241 0.282783 0.28388 0.285714 0.286203 0.284837 0.285146 0.286713 0.287438 0.288037 0.288299 0.287867 0.286997 0.285903 0.282907 0.27871 0.27541 0.262871 0.262582 0.257452 0.250706 0.244946 -9999 -9999 -9999 -9999 -9999 -9999 -9999 0.235687 0.232557 0.229216 0.226268 0.224521 0.217723 -9999 -9999 -9999 -9999 -9999 -9999 -9999 -9999 -9999 -9999 -9999 -9999 -9999 -9999 -9999 -9999 -9999 -9999 -9999 0 0 -9999 -9999 -9999 -9999 -9999 -9999 -9999 -9999 -9999 -9999 -9999 -9999 -9999 -9999 -9999 -9999 -9999 -9999 -9999 -9999
0.269475 0.275137 0.280358 0.284289 0.286944 0.288559 0.29081 0.290707 0.290826 0.290702 0.292262 0.292332 0.291299 0.289959 0.288605 0.286022 0.285004 0.282863 0.279189 0.27421 0.269046 0.262189 0.253356 0.244651 0.237178 -9999 -9999 -9999 -9999 -9999 -9999 0.233958 0.233884 0.232502 0.226262 0.224927 0.222712 0.217125 0.199101 -9999 -9999 -9999 -9999 -9999 -9999 -9999 -9999 -9999 -9999 -9999 -9999 -9999 -9999 0.112826 0.106655 0 0 0 0 -9999 -9999 -9999 -9999 -9999 -9999 -9999 -9999 -9999 -9999 -9999 -9999 -9999 -9999 -9999 -9999 -9999 -9999 -9999 -9999
0.263659 0.278319 0.283629 0.287954 0.291498 0.294258 0.294999 0.29587 0.294425 0.296837 0.296475 0.295245 0.29209 0.289981 0.284944 0.28194 0.279958 0.28087 0.276202 0.268912 0.260328 0.254804 0.247019 0.241681 0.234433 -9999 -9999 -9999 -9999 -9999 -9999 0.230672 0.230951 0.23042 0.227564 0.220786 0.22032 0.20589 0.19679 0.18888 0.18294 0.175809 0.161329 0.149993 0.143568 0.136047 0.131344 -9999 -9999 -9999 -9999 0.113635 0.111662 0.109798 0.106226 0 0 0 0 -9999 -9999 -9999 -9999 -9999 -9999 -9999 -9999 -9999 -9999 -9999 -9999 -9999 -9999 -9999 -9999 -9999 -9999 -9999 -9999
0.266521 0.280975 0.286096 0.290575 0.294415 0.297455 0.299193 0.2994 0.300215 0.299994 0.298561 0.29319 0.286781 0.287132 0.283869 0.282954 0.27827 0.278231 0.272706 0.263851 0.254003 0.252757 0.245643 0.239034 0.226656 -9999 -9999 -9999 0.222029 0.223896 0.222487 0.221659 0.222787 0.22265 0.225795 0.223258 0.218198 0.203063 0.19365 0.183366 0.175895 0.171655 0.164013 0.14604 0.139281 0.131567 0.122922 0.119327 0.115973 0.112896 0.110075 0.107971 0.106342 0.104589 0.101441 0 0 0 0 -9999 -9999 -9999 -9999 -9999 -9999 -9999 -9999 -9999 -9999 -9999 -9999 -9999 -9999 -9999 -9999 -9999 -9999 -9999 -9999
0.27097 0.276347 0.289271 0.294413 0.297331 0.301682 0.303865 0.305007 0.304992 0.30394 0.299283 0.292747 0.285806 0.281231 0.285763 0.279652 0.272079 0.271618 0.268609 0.255037 0.245642 0.241633 0.240075 0.228525 0.220335 -9999 -9999 0.214255 0.21948 0.222797 0.223761 0.222821 0.22082 0.221391 0.21834 0.217663 0.211354 0.193733 0.186841 0.180767 0.172981 0.159672 0.151278 0.139887 0.130853 0.124725 0.119043 0.115025 0.111344 0.108421 0.10619 0.104039 0.102977 0.101829 0 0 0 0 0 -9999 -9999 -9999 -9999 -9999 -9999 -9999 -9999 -9999 -9999 -9999 -9999 -9999 -9999 -9999 -9999 -9999 -9999 -9999 -9999
0.273399 0.278536 0.287151 0.298016 0.301627 0.304467 0.308067 0.309271 0.309336 0.30834 0.303501 0.297517 0.289127 0.282647 0.282766 0.278339 0.260721 0.258129 0.253802 0.249497 0.246651 0.242181 0.23819 0.231498 0.220288 0.214558 -9999 0.212606 0.214296 0.218755 0.222314 0.223864 0.220779 0.221808 0.219106 0.216581 0.209926 0.194116 0.179077 0.170456 0.161239 0.154677 0.149318 0.136447 0.129185 0.120388 0.114838 0.110335 0.106741 0.104084 0.102268 0.101012 0.100124 0 0 0 0 0 0 -9999 -9999 -9999 -9999 -9999 -9999 -9999 -9999 -9999 -9999 -9999 -9999 -9999 -9999 -9999 -9999 -9999 -9999 -9999 -9999
0.276006 0.282674 0.291202 0.297994 0.306036 0.307323 0.309996 0.311674 0.313101 0.312003 0.309808 0.305126 0.294999 0.293467 0.281688 0.273089 0.261261 0.257676 0.257102 0.252822 0.24648 0.240146 0.235303 0.229794 0.22299 0.211814 0.210664 0.212532 0.213832 0.216698 0.221548 0.22433 0.224293 0.22239 0.220193 0.216345 0.203134 0.188434 0.179213 0.168893 0.159308 0.149778 0.141807 0.129242 0.124664 0.118141 0.110606 0.106097 0.102659 0.100274 0 0 0 0 0 0 0 0 0 -9999 -9999 -9999 -9999 -9999 -9999 -9999 -9999 -9999 -9999 -9999 -9999 -9999 -9999 -9999 -9999 -9999 -9999 -9999 -9999
0.276015 0.28468 0.292609 0.300514 0.307046 0.310917 0.311077 0.314374 0.315135 0.314767 0.312593 0.309366 0.299842 0.292636 0.285831 0.276929 0.268373 0.264875 0.260235 0.254876 0.245416 0.236354 0.228925 0.219836 0.216728 0.211381 0.210396 0.211396 0.216084 0.219213 0.219886 0.219754 0.223943 0.222784 0.215498 0.211362 0.202485 0.188661 0.178009 0.168895 0.158851 0.148852 0.134577 0.125102 0.117155 0.112792 0.108211 0.102604 0 0 0 0 0 0 0 0 0 0 0 -9999 -9999 -9999 -9999 -9999 -9999 -9999 -9999 -9999 -9999 -9999 -9999 -9999 -9999 -9999 -9999 -9999 -9999 -9999 -9999
0.275981 0.286405 0.295283 0.303037 0.30917 0.312982 0.314706 0.315279 0.315553 0.311859 0.310169 0.310661 0.306561 0.301737 0.291754 0.27944 0.276401 0.270225 0.261236 0.253455 0.246135 0.236057 0.230037 0.220153 0.212485 0.21016 0.21403 0.2171 0.222083 0.223968 0.221765 0.222091 0.221231 0.220939 0.21773 0.211313 0.201932 0.188129 0.176177 0.168581 0.158494 0.147017 0.135868 0.122274 0.115358 0.108602 0.10476 0.100532 0 0 0 0 0 0 0 0 0 0 0 -9999 -9999 -9999 -9999 -9999 -9999 -9999 -9999 -9999 -9999 -9999 -9999 -9999 -9999 -9999 -9999 -9999 -9999 -9999 -9999
0.278026 0.287557 0.296566 0.303886 0.310468 0.314643 0.315803 0.315372 0.313146 0.309065 0.307932 0.3083 0.306328 0.301801 0.292157 0.284697 0.277888 0.270476 0.260062 0.251427 0.245046 0.235185 0.228543 0.220961 0.212338 0.212975 0.214439 0.217178 0.222652 0.226333 0.226976 0.223794 0.222955 0.222971 0.217864 0.209379 0.202041 0.187058 0.173896 0.167101 0.157555 0.146219 0.1361 0.121833 0.11402 0.10773 0.102646 0 0 0 0 0 0 0 0 0 0 0 0 -9999 -9999 -9999 -9999 -9999 -9999 -9999 -9999 -9999 -9999 -9999 -9999 -9999 -9999 -9999 -9999 -9999 -9999 -9999 -9999
0.278862 0.28766 0.295735 0.304099 0.310383 0.314195 0.316556 0.315498 0.31181 0.303493 0.302538 0.302489 0.303283 0.301077 0.295452 0.283958 0.275228 0.26302 0.252007 0.246398 0.241083 0.232879 0.227462 0.219523 0.219942 0.221262 0.223432 0.224433 0.223461 0.226553 0.228498 0.225421 0.224857 0.223484 0.216871 0.209555 0.201229 0.185913 0.175857 0.165636 0.157041 0.145129 0.135694 0.121845 0.113592 0.106959 0.101649 0 0 0 0 0 0 0 0 0 0 0 0 0 -9999 -9999 -9999 -9999 -9999 -9999 -9999 -9999 -9999 -9999 -9999 -9999 -9999 -9999 -9999 -9999 -9999 -9999 -9999
0.274567 0.283702 0.2943 0.302828 0.308923 0.311926 0.313468 0.311765 0.310357 0.302306 0.297306 0.296062 0.290707 0.292924 0.293997 0.282563 0.263646 0.253204 0.244504 0.240468 0.236145 0.231196 0.22313 0.21836 0.222146 0.224319 0.22617 0.227705 0.22738 0.226896 0.230453 0.228925 0.227298 0.222661 0.217249 0.208223 0.198989 0.186375 0.175012 0.164482 0.156101 0.143743 0.135525 0.121632 0.113146 0.106269 0.101838 0 0 0 0 0 0 0 0 0 0 0 0 0 0 0 -9999 -9999 -9999 -9999 -9999 -9999 -9999 -9999 -9999 -9999 -9999 -9999 -9999 -9999 -9999 -9999 -9999
0.270288 0.280879 0.290443 0.300016 0.306091 0.309637 0.310961 0.308462 0.304863 0.297558 0.288044 0.282614 0.288485 0.292499 0.291952 0.28127 0.264642 0.254763 0.249311 0.247034 0.240741 0.23556 0.229306 0.225017 0.22078 0.22057 0.223644 0.225107 0.22815 0.22996 0.22899 0.228499 0.225638 0.221237 0.215851 0.2088 0.200791 0.184761 0.176572 0.165266 0.155863 0.145452 0.135421 0.121657 0.112829 0.107208 0.102639 0 0 0 0 0 0 0 0 0 0 0 0 0 0 0 0 -9999 -9999 -9999 -9999 -9999 -9999 -9999 -9999 -9999 -9999 -9999 -9999 -9999 -9999 -9999 -9999
0.264575 0.274683 0.286831 0.299303 0.302061 0.305956 0.307399 0.305759 0.301138 0.295826 0.285765 0.274298 0.280944 0.288614 0.288803 0.283988 0.26437 0.261432 0.254381 0.250631 0.242932 0.237974 0.235863 0.230599 0.225699 0.221078 0.215859 0.22313 0.22663 0.228991 0.229068 0.22766 0.224839 0.220097 0.212913 0.202848 0.197757 0.183937 0.174337 0.164471 0.154723 0.145015 0.135614 0.122306 0.115136 0.108167 0 0 0 0 0 0 0 0 0 0 0 0 0 0 0 0 0 0 0 0 -9999 -9999 -9999 -9999 -9999 -9999 -9999 -9999 -9999 -9999 -9999 -9999 -9999
0.254869 0.274758 0.2857 0.29087 0.296662 0.300753 0.301497 0.301405 0.298069 0.293586 0.286232 0.275488 0.266635 0.270521 0.276692 0.281004 0.270147 0.264765 0.257677 0.251262 0.247189 0.244089 0.240989 0.234987 0.228354 0.221419 0.219227 0.22437 0.224521 0.223101 0.22762 0.225177 0.221431 0.214681 0.206151 0.200102 0.19 0.177784 0.166983 0.159749 0.152284 0.144037 0.135525 0.122498 0.107386 0.102865 0 0 0 0 0 0 0 0 0 0 0 0 0 0 0 0 0 0 0 0 0 -9999 -9999 -9999 -9999 -9999 -9999 -9999 -9999 -9999 -9999 -9999 -9999
0.254972 0.269401 0.274876 0.284669 0.289954 0.294868 0.296729 0.296424 0.293506 0.288714 0.282457 0.273081 0.264508 0.265253 0.268975 0.269341 0.260308 0.262043 0.257456 0.252872 0.249265 0.245452 0.244573 0.239535 0.227712 0.224175 0.21976 0.225276 0.225076 0.2228 0.224017 0.221203 0.212974 0.204936 0.199184 0.194326 0.185092 0.171128 0.161029 0.154108 0.149716 0.129741 0.122653 0.112141 0.107343 0.101203 0 0 0 0 0 0 0 0 0 0 0 0 0 0 0 0 0 0 0 0 0 0 -9999 -9999 -9999 -9999 -9999 -9999 -9999 -9999 -9999 -9999 -9999
0.24955 0.262463 0.269125 0.278613 0.284322 0.288671 0.290557 0.289855 0.288328 0.284969 0.279435 0.274138 0.266441 0.256735 0.261648 0.260719 0.25254 0.248983 0.246964 0.242729 0.237943 0.244286 0.242662 0.233079 0.227963 0.225552 0.22257 0.225013 0.22381 0.222124 0.219796 0.212989 0.203866 0.195063 0.193097 0.186569 0.180062 0.162277 0.14715 0.141787 0.134699 0.126296 0.118037 0.11046 0.103727 0.100407 0 0 0 0 0 0 0 0 0 0 0 0 0 0 0 0 0 0 0 0 0 0 0 -9999 -9999 -9999 -9999 -9999 -9999 -9999 -9999 -9999 -9999
0.243933 0.251985 0.264863 0.273403 0.279548 0.283427 0.284998 0.284906 0.28379 0.281369 0.277012 0.271279 0.263131 0.255767 0.254012 0.253356 0.242788 0.240003 0.241082 0.23902 0.23299 0.226147 0.219594 0.221956 0.22046 0.218991 0.217608 0.222364 0.220376 0.217484 0.212374 0.200979 0.188568 0.180385 0.175159 0.167228 0.161906 0.14726 0.143347 0.137373 0.130638 0.120169 0.10704 0.102587 0 0 0 0 0 0 0 0 0 0 0 0 0 0 0 0 0 0 0 0 0 0 0 0 0 0 -9999 -9999 -9999 -9999 -9999 -9999 -9999 -9999 -9999
0.232951 0.246505 0.260251 0.266627 0.272481 0.277279 0.278618 0.277903 0.27648 0.274256 0.27114 0.265024 0.258473 0.251658 0.246848 0.243735 0.233727 0.23247 0.235493 0.233163 0.229297 0.213701 0.208766 0.212324 0.215373 0.21427 0.212458 0.205362 0.204855 0.199682 0.192876 0.188427 0.182637 0.174175 0.170763 0.162193 0.157204 0.141457 0.136602 0.130727 0.126602 0.117186 0.103434 0 0 0 0 0 0 0 0 0 0 0 0 0 0 0 0 0 0 0 0 0 0 0 0 0 0 0 -9999 -9999 -9999 -9999 -9999 -9999 -9999 -9999 -9999
0.231416 0.241322 0.25328 0.262518 0.26501 0.269831 0.27249 0.271468 0.269622 0.267092 0.264829 0.258611 0.251507 0.244878 0.237299 0.23454 0.234087 0.228869 0.229637 0.226921 0.222776 0.209703 0.208622 0.210122 0.210127 0.208896 0.206665 0.203625 0.200898 0.1963 0.192528 0.186098 0.177367 0.171048 0.167365 0.156868 0.15156 0.14756 0.129759 0.126816 0.122319 0.112551 0 0 0 0 0 0 0 0 0 0 0 0 0 0 0 0 0 0 0 0 0 0 0 0 0 0 0 0 -9999 -9999 -9999 -9999 -9999 -9999 -9999 -9999 -9999
0.230098 0.238716 0.248885 0.255658 0.258114 0.262899 0.266794 0.266577 0.264572 0.263134 0.259999 0.254575 0.248365 0.241447 0.236407 0.228545 0.229862 0.223329 0.223576 0.221958 0.209052 0.204224 0.203907 0.203906 0.202595 0.203082 0.200962 0.197965 0.19194 0.187574 0.18546 0.181385 0.176289 0.168785 0.164081 0.157022 0.150941 0.144705 0.126364 0.122389 0.116996 0.107604 0 0 0 0 0 0 0 0 0 0 0 0 0 0 0 0 0 0 0 0 0 0 0 0 0 0 0 0 0 0 -9999 -9999 -9999 -9999 0 -9999 -9999
0.226817 0.235261 0.243763 0.248072 0.249719 0.257078 0.261482 0.261434 0.260162 0.258302 0.252783 0.251184 0.248148 0.241836 0.233541 0.224514 0.221966 0.216003 0.217021 0.215325 0.19993 0.194735 0.192853 0.19395 0.19486 0.196097 0.19464 0.191139 0.18281 0.173934 0.173873 0.173706 0.170122 0.165318 0.157985 0.152484 0.146838 0.139638 0.124966 0.115679 0.111635 0 0 0 0 0 0 0 0 0 0 0 0 0 0 0 0 0 0 0 0 0 0 0 0 0 0 0 0 0 0 0 0 0 0 0 0 -9999 -9999
0.222813 0.229003 0.236745 0.240406 0.245327 0.252 0.255174 0.25639 0.255727 0.254116 0.250877 0.248004 0.243718 0.237381 0.229343 0.2205 0.213591 0.212452 0.208821 0.197912 0.19148 0.185552 0.185052 0.186148 0.189493 0.190302 0.188104 0.185132 0.181249 0.173944 0.165535 0.162398 0.161741 0.155795 0.149219 0.146534 0.141901 0.135132 0.128861 0.112386 0.103538 0 0 0 0 0 0 0 0 0 0 0 0 0 0 0 0 0 0 0 0 0 0 0 0 0 0 0 0 0 0 0 0 0 0 0 0 -9999 -9999
0.217615 0.22421 0.231146 0.237486 0.243277 0.248053 0.248296 0.250294 0.24954 0.249725 0.247942 0.244493 0.240599 0.234863 0.225352 0.216713 0.20737 0.205887 0.203498 0.192195 0.185165 0.175711 0.177897 0.180879 0.183454 0.183532 0.178127 0.177803 0.174773 0.170233 0.164057 0.155952 0.152835 0.145643 0.141869 0.139998 0.136616 0.132109 0.126574 0.114774 0.100485 0 0 0 0 0 0 0 0 0 0 0 0 0 0 0 0 0 0 0 0 0 0 0 0 0 0 0 0 0 0 0 0 0 0 0 0 0 -9999
-9999 0.221776 0.228573 0.233564 0.234976 0.238995 0.240883 0.242003 0.241514 0.245222 0.24403 0.241186 0.237437 0.232194 0.224328 0.217798 0.208636 0.20101 0.184946 0.181478 0.17888 0.174331 0.173009 0.175444 0.178331 0.175688 0.168437 0.166011 0.163938 0.162978 0.15914 0.149336 0.142826 0.136774 0.13552 0.134184 0.131006 0.127222 0.122756 0.108302 0 0 0 0 0 0 0 0 0 0 0 0 0 0 0 0 0 0 0 0 0 0 0 0 0 0 0 0 0 0 0 0 0 0 0 0 0 0 0
-9999 0.218139 0.225636 0.227286 0.227114 0.224464 0.225075 0.23319 0.233996 0.237425 0.240325 0.238186 0.23442 0.229303 0.22347 0.215647 0.205573 0.196683 0.183299 0.179611 0.178738 0.175532 0.173117 0.172839 0.169715 0.161929 0.154629 0.153643 0.151965 0.154141 0.152284 0.148556 0.141619 0.133992 0.128485 0.128194 0.125158 0.121691 0.117884 0.108752 0 0 0 0 0 0 0 0 0 0 0 0 0 0 0 0 0 0 0 0 0 0 0 0 0 0 0 0 0 0 0 0 0 0 0 0 0 0 0
-9999 -9999 -9999 -9999 -9999 -9999 0.222087 0.223151 0.228628 0.232706 0.2373 0.235402 0.231783 0.227594 0.220153 0.211925 0.20757 0.190138 0.180778 0.17656 0.174039 0.17223 0.168656 0.165475 0.159601 0.152173 0.143691 0.142901 0.144859 0.147357 0.144687 0.142311 0.137638 0.131955 0.122318 0.122391 0.119378 0.11637 0.112651 0 0 0 0 0 0 0 0 0 0 0 0 0 0 0 0 0 0 0 0 0 0 0 0 0 0 0 0 0 0 0 0 0 0 0 0 0 0 0 -9999
-9999 -9999 -9999 -9999 -9999 -9999 0.213944 0.21252 0.22539 0.229937 0.233795 0.232723 0.228908 0.224215 0.218715 0.212445 0.204537 0.186544 0.176658 0.177291 0.16871 0.165206 0.159978 0.152526 0.147801 0.139825 0.133552 0.135359 0.137193 0.13912 0.137526 0.134878 0.132236 0.123974 0.116744 0.114953 0.112764 0.111092 0.102468 0 0 0 0 0 0 0 0 0 0 0 0 0 0 0 0 0 0 0 0 0 0 0 0 0 0 0 0 0 0 0 0 0 0 0 0 -9999 -9999 -9999 -9999
-9999 -9999 -9999 -9999 -9999 -9999 -9999 0.207465 0.219031 0.226174 0.230912 0.230649 0.227417 0.223146 0.217608 0.21086 0.204566 0.186688 0.174427 0.168868 0.161958 0.155642 0.15038 0.140804 0.133788 0.129849 0.127339 0.127656 0.129922 0.131442 0.130359 0.124049 0.125494 0.122526 0.116677 0.111609 0.107036 0.105681 0 0 0 0 0 0 0 0 0 0 0 0 0 0 0 0 0 0 0 0 0 0 0 0 0 0 0 0 0 0 0 0 0 0 0 0 -9999 -9999 -9999 -9999 -9999
-9999 -9999 -9999 -9999 -9999 -9999 -9999 0.208111 0.213962 0.223527 0.227638 0.229071 0.22628 0.222145 0.217519 0.211297 0.197603 0.185274 -9999 -9999 -9999 -9999 -9999 -9999 0.122764 0.125915 0.126882 0.124739 0.124312 0.124923 0.123605 0.118448 0.113303 0.116257 0.11357 0.110157 0.105158 0 0 0 0 0 0 0 0 0 0 0 0 0 0 0 0 0 0 0 0 0 0 0 0 0 0 0 0 0 0 0 0 0 0 0 0 -9999 -9999 -9999 -9999 -9999 -9999
-9999 -9999 -9999 -9999 -9999 -9999 -9999 -9999 0.210211 0.218311 0.225525 0.227915 0.224738 0.221204 0.216123 0.21114 0.191544 0.186183 -9999 -9999 -9999 -9999 -9999 -9999 0.122456 0.122577 0.122527 0.121775 0.120008 0.118751 0.117007 0.110508 0.106136 0.10826 0.10609 0.103048 0.100412 0 0 0 0 0 0 0 0 0 0 0 0 0 0 0 0 0 0 0 0 0 0 0 0 0 0 0 0 0 0 0 0 0 0 -9999 -9999 -9999 -9999 -9999 -9999 -9999 -9999
-9999 -9999 -9999 -9999 -9999 -9999 -9999 -9999 -9999 0.222956 0.221721 0.225865 0.223344 0.219077 0.213108 0.208236 -9999 -9999 -9999 -9999 -9999 -9999 -9999 -9999 0.115373 0.116793 0.116568 0.11441 0.111325 0.108753 0.107513 0.100812 0 0 0 -9999 0 0 0 0 0 0 0 0 0 0 0 0 0 0 0 0 0 0 0 0 0 0 0 0 0 0 0 0 0 0 0 0 0 0 0 -9999 -9999 -9999 -9999 -9999 -9999 -9999 -9999
