Test_Spring_2018/12_17/Prec/20171228_004.txt
ncols	170
nrows	115
xllcorner	350000.000000
yllcorner	4445000.000000
cellsize	1000.000000
nodata_value	-9999.000000
[rows 32 to 63 of 115, columns 71 to 141 of 170]
1.89603 1.87842 1.84635 1.8501 1.85125 1.74427 1.69766 1.67425 1.65595 1.62681 1.58297 1.55721 1.53209 1.51195 1.46435 1.3549 1.25574 1.29192 1.28248 1.23947 1.28719 1.24545 1.15367 1.02823 1.07734 1.04812 0.897516 0.853153 -9999 -9999 -9999 -9999 -9999 -9999 -9999 -9999 -9999 -9999 -9999 -9999 -9999 -9999 -9999 -9999 -9999 -9999 -9999 -9999 -9999 -9999 -9999 -9999 -9999 -9999 -9999 -9999 -9999 -9999 -9999 -9999 -9999 -9999 -9999 -9999 -9999 -9999 -9999 -9999 -9999 -9999 -9999
1.88892 1.8646 1.84082 1.85561 1.83587 1.78005 1.71194 1.67711 1.66368 1.64224 1.61431 1.58884 1.56363 1.52259 1.47021 1.37488 1.2635 1.22977 1.26781 1.2593 1.25615 1.21675 1.16975 1.10237 1.13489 1.1393 1.04744 0.92115 0.836689 -9999 -9999 -9999 -9999 -9999 -9999 -9999 -9999 -9999 -9999 -9999 -9999 -9999 -9999 -9999 -9999 -9999 -9999 -9999 -9999 -9999 -9999 -9999 -9999 -9999 -9999 -9999 -9999 -9999 -9999 -9999 -9999 -9999 -9999 -9999 -9999 -9999 -9999 -9999 -9999 -9999 -9999
1.87561 1.84729 1.79749 1.79913 1.7952 1.74885 1.65898 1.6454 1.66775 1.64918 1.63169 1.60003 1.57262 1.53715 1.48654 1.42031 1.3434 1.21818 1.27747 1.32142 1.30869 1.29403 1.25728 1.1918 1.22328 1.21214 1.09247 0.943908 0.886449 0.855839 -9999 -9999 -9999 -9999 -9999 -9999 -9999 -9999 -9999 -9999 -9999 -9999 -9999 -9999 -9999 -9999 -9999 -9999 -9999 -9999 -9999 -9999 -9999 -9999 -9999 -9999 -9999 -9999 -9999 -9999 -9999 -9999 -9999 -9999 -9999 -9999 -9999 -9999 -9999 -9999 -9999
1.85502 1.82695 1.76985 1.77145 1.77921 1.77319 1.71025 1.66358 1.65837 1.65421 1.63747 1.60579 1.54123 1.52121 1.50694 1.45979 1.37386 1.28817 1.25773 1.33047 1.34295 1.32611 1.33252 1.27484 1.28291 1.26076 1.20736 1.07294 0.959778 0.920088 0.853682 -9999 -9999 -9999 -9999 -9999 -9999 -9999 -9999 -9999 -9999 -9999 -9999 -9999 -9999 -9999 -9999 -9999 -9999 -9999 -9999 -9999 -9999 -9999 -9999 -9999 -9999 -9999 -9999 -9999 -9999 -9999 -9999 -9999 -9999 -9999 -9999 -9999 -9999 -9999 -9999
-9999 -9999 -9999 1.73188 1.72468 1.70387 1.69113 1.66143 1.66033 1.65972 1.64334 1.59468 1.56463 1.55082 1.51583 1.46352 1.42677 1.36888 1.30888 1.31623 1.37615 1.33208 1.37016 1.35272 1.34852 1.30077 1.1842 1.06133 0.965548 0.928759 0.872896 -9999 -9999 -9999 -9999 -9999 -9999 -9999 -9999 -9999 -9999 -9999 -9999 -9999 -9999 -9999 -9999 -9999 -9999 -9999 -9999 -9999 -9999 -9999 -9999 -9999 -9999 -9999 -9999 -9999 -9999 -9999 -9999 -9999 -9999 -9999 -9999 -9999 -9999 -9999 -9999
-9999 -9999 -9999 -9999 1.72217 1.69526 1.72424 1.65946 1.65242 1.66123 1.6462 1.61922 1.59652 1.57027 1.54033 1.49868 1.45403 1.39923 1.38426 1.41878 1.40751 1.3855 1.38 1.38999 1.36977 1.2867 1.16065 1.09844 0.933107 0.879405 0.872475 0.832526 -9999 -9999 -9999 -9999 -9999 -9999 -9999 -9999 -9999 -9999 -9999 -9999 0.82694 -9999 -9999 -9999 -9999 -9999 -9999 -9999 -9999 -9999 -9999 -9999 -9999 -9999 -9999 -9999 -9999 -9999 -9999 -9999 -9999 0.394254 -9999 -9999 -9999 -9999 -9999
-9999 -9999 -9999 1.76682 1.72522 1.72747 1.73693 1.69141 1.65168 1.66394 1.64923 1.6262 1.60322 1.56819 1.55167 1.52388 1.47683 1.45906 1.46346 1.45919 1.45514 1.44732 1.43003 1.40644 1.37954 1.29505 1.23766 1.19441 1.06914 0.981465 0.927123 0.85167 0.791304 -9999 -9999 -9999 -9999 -9999 -9999 -9999 0.843004 0.830788 0.82152 0.824808 0.852775 0.817784 -9999 -9999 -9999 -9999 -9999 -9999 -9999 -9999 -9999 -9999 -9999 -9999 -9999 -9999 -9999 -9999 -9999 -9999 -9999 0.436717 0.374515 -9999 -9999 -9999 -9999
-9999 -9999 -9999 1.73132 1.74081 1.73389 1.74113 1.7362 1.66396 1.65694 1.6512 1.63595 1.61218 1.58358 1.57364 1.53977 1.51724 1.49823 1.50833 1.50139 1.4814 1.45839 1.43562 1.39552 1.37732 1.31924 1.27625 1.21652 1.15609 1.02818 0.928259 0.83125 0.752106 -9999 -9999 -9999 -9999 -9999 -9999 0.868033 0.891648 0.901321 0.84885 0.873052 0.893609 0.875958 0.809491 -9999 -9999 -9999 -9999 -9999 -9999 -9999 -9999 -9999 -9999 -9999 -9999 -9999 -9999 0.727641 0.665819 0.549599 0.48448 0.440588 0.382321 -9999 -9999 -9999 -9999
-9999 -9999 -9999 1.73166 1.7455 1.74676 1.74542 1.72548 1.69108 1.6607 1.65029 1.6361 1.62198 1.60834 1.57776 1.55988 1.51914 1.5409 1.5301 1.51172 1.46919 1.4429 1.37596 1.33755 1.2849 1.31185 1.26162 1.17609 1.07416 0.929208 0.891917 0.847528 0.776016 -9999 -9999 -9999 -9999 -9999 -9999 0.886269 0.912236 0.931411 0.924626 0.87123 0.916501 0.880804 0.834054 0.81254 0.825402 0.825867 0.784145 0.791196 0.792161 0.770578 0.779836 -9999 -9999 -9999 -9999 0.759196 0.753778 0.746892 0.715514 0.589065 0.498573 0.415484 0.392198 -9999 -9999 -9999 -9999
-9999 -9999 -9999 1.7648 1.76219 1.74763 1.72338 1.71882 1.68176 1.65512 1.65924 1.6435 1.63085 1.61984 1.60369 1.57879 1.57416 1.565 1.54676 1.47886 1.39996 1.4179 1.34969 1.23325 1.27135 1.29147 1.23566 1.13444 1.02081 0.947793 0.919682 0.861922 0.80122 -9999 -9999 -9999 0.826598 0.870629 0.868408 0.875881 0.914363 0.940617 0.946065 0.951928 0.932493 0.885756 0.838737 0.789169 0.78685 0.83502 0.837367 0.807842 0.80919 0.788883 0.796687 0.807579 0.810843 0.807319 0.797869 0.790836 0.785228 0.775316 0.745898 0.623378 0.552171 0.501636 0.395323 -9999 -9999 -9999 -9999
-9999 -9999 -9999 1.77543 1.76938 1.75864 1.74347 1.72022 1.71287 1.67271 1.65392 1.64158 1.61173 1.61685 1.60668 1.59669 1.58402 1.56846 1.51146 1.43464 1.35623 1.31301 1.3028 1.23482 1.22988 1.25035 1.19752 1.13419 1.03047 1.00155 0.945648 0.840251 0.754352 -9999 -9999 0.738655 0.829493 0.891763 0.920719 0.924704 0.917813 0.953449 0.946545 0.983139 0.955012 0.864331 0.856026 0.799909 0.800423 0.814536 0.807545 0.813203 0.823937 0.82267 0.816726 0.822017 0.819396 0.815243 0.809943 0.797101 0.793737 0.78647 0.764732 0.679316 0.631295 0.576398 0.413598 -9999 -9999 -9999 -9999
-9999 -9999 -9999 1.7939 1.78982 1.78698 1.76269 1.75319 1.70374 1.64837 1.65573 1.63672 1.61224 1.59362 1.60292 1.59538 1.58733 1.57772 1.5246 1.46291 1.37196 1.30996 1.25679 1.21867 1.16076 1.16192 1.13622 1.10831 1.09847 1.03872 0.956205 0.897331 0.788582 0.733795 -9999 0.746115 0.784747 0.860508 0.923641 0.960826 0.937655 0.979655 0.978705 0.993272 0.962409 0.896579 0.867011 0.849683 0.828867 0.847856 0.842073 0.831769 0.83315 0.829453 0.827061 0.825663 0.822824 0.81946 0.815791 0.810423 0.803904 0.794849 0.781125 0.736203 0.686601 0.594236 0.423047 -9999 -9999 -9999 -9999
-9999 -9999 1.77552 1.79599 1.80609 1.79143 1.77209 1.75161 1.72933 1.6864 1.65393 1.64213 1.61804 1.57515 1.57086 1.57133 1.5856 1.57929 1.56936 1.53285 1.42485 1.37297 1.30998 1.22938 1.17133 1.16494 1.19747 1.17429 1.11853 1.05938 0.969675 0.905595 0.841317 0.721894 0.725232 0.766729 0.79695 0.847525 0.926534 0.979513 0.998635 0.999891 1.00823 1.00657 0.970555 0.921799 0.895939 0.861722 0.842618 0.8265 0.831672 0.821184 0.833625 0.837521 0.829665 0.827971 0.825669 0.823158 0.820333 0.816038 0.809529 0.802331 0.793252 0.779642 0.718679 0.580431 0.462425 -9999 -9999 -9999 -9999
-9999 -9999 -9999 1.78817 1.77554 1.74903 1.72517 1.70947 1.69695 1.67256 1.65261 1.64669 1.61988 1.57522 1.53503 1.55936 1.5669 1.57488 1.5704 1.56029 1.46472 1.40973 1.36167 1.28357 1.27496 1.27559 1.25572 1.22103 1.12389 1.02765 0.905448 0.808723 0.791061 0.727329 0.738588 0.764732 0.839517 0.891133 0.9094 0.920334 0.998886 1.01155 1.00915 1.01895 0.975633 0.94185 0.902503 0.891736 0.872343 0.855362 0.777054 0.812415 0.803876 0.833756 0.835947 0.830564 0.82824 0.82628 0.823061 0.819118 0.813555 0.807072 0.797605 0.784066 0.739771 0.571067 0.467121 -9999 -9999 -9999 -9999
-9999 -9999 -9999 -9999 -9999 1.73455 1.7147 1.6901 1.67225 1.66557 1.65304 1.63979 1.62297 1.59632 1.54787 1.53464 1.53727 1.50146 1.52456 1.55367 1.54413 1.52857 1.44183 1.37719 1.39371 1.36151 1.28433 1.21838 1.15298 1.04291 0.942746 0.833379 0.749266 0.734511 0.801647 0.853093 0.929158 0.961016 0.937415 0.954385 0.990005 1.02996 1.0432 1.02585 0.980891 0.950308 0.898422 0.914322 0.899137 0.865565 0.834763 0.813319 0.820498 0.817056 0.839451 0.839674 0.83078 0.828195 0.825306 0.821409 0.816256 0.808023 0.798752 0.78744 0.773329 0.6001 0.450071 -9999 -9999 -9999 -9999
-9999 -9999 -9999 -9999 -9999 1.70562 1.68004 1.66706 1.68713 1.66401 1.65007 1.62784 1.61497 1.59176 1.55242 1.51499 1.48354 1.44367 1.46037 1.50976 1.53426 1.52735 1.44996 1.45651 1.42421 1.37817 1.28368 1.20748 1.15607 1.04878 0.940466 0.861441 0.761162 0.784949 0.815026 0.859055 0.939439 0.994992 1.01573 0.991066 1.01222 1.05981 1.05047 1.00861 0.997086 0.952606 0.887895 0.918639 0.91393 0.884476 0.869589 0.838371 0.83245 0.834458 0.837805 0.838738 0.834006 0.828662 0.825592 0.822109 0.816923 0.809571 0.800919 0.789774 0.776358 0.659448 0.449749 -9999 -9999 -9999 -9999
-9999 -9999 -9999 -9999 -9999 -9999 1.64608 1.6594 1.69653 1.66283 1.63557 1.62781 1.61055 1.58209 1.55957 1.51655 1.46321 1.36436 1.38483 1.4302 1.49591 1.5243 1.50626 1.45829 1.40143 1.28993 1.18843 1.15551 1.11901 1.03415 0.942185 0.855778 0.879902 0.910341 0.947557 0.964834 0.953014 0.999757 1.03739 1.0159 1.04351 1.07488 1.04806 1.0264 1.00449 0.957319 0.938465 0.922385 0.931573 0.893739 0.887477 0.860473 0.846023 0.84065 0.83824 0.83822 0.833426 0.828976 0.825854 0.821454 0.816987 0.810026 0.801131 0.790264 0.777172 0.753726 0.628716 0.5517 -9999 -9999 -9999
-9999 -9999 -9999 -9999 -9999 -9999 1.60513 1.59512 1.64551 1.61991 1.63109 1.62817 1.61028 1.57183 1.54797 1.48636 1.46513 1.37492 1.32785 1.35653 1.33615 1.42741 1.50444 1.4587 1.25908 1.17279 1.10391 1.09276 1.06941 1.02902 0.897709 0.853507 0.922449 0.962456 0.993113 1.01646 1.01735 1.01276 1.07452 1.07684 1.09226 1.08073 1.07375 1.0306 0.997835 0.989594 0.952224 0.930721 0.940971 0.894125 0.901591 0.871049 0.849321 0.836639 0.843171 0.838259 0.833669 0.828882 0.824912 0.821303 0.814646 0.808855 0.800404 0.789318 0.7773 0.762547 0.724706 0.655863 0.619766 0.621219 -9999
-9999 -9999 -9999 -9999 -9999 -9999 -9999 1.52175 1.60552 1.60709 1.60951 1.62635 1.6122 1.58242 1.54927 1.487 1.43419 1.35288 1.26128 1.1989 1.33501 1.45029 1.50348 1.46873 1.30004 1.2205 1.19612 1.20848 1.15604 1.11084 1.00208 0.962496 0.91656 0.921354 0.967622 1.00641 1.04603 1.07522 1.07543 1.09507 1.09522 1.08944 1.08474 1.07052 1.05513 0.998488 1.0033 0.967464 0.959067 0.934625 0.91108 0.878543 0.846603 0.846727 0.847271 0.841493 0.834824 0.829365 0.825573 0.822079 0.818025 0.806189 0.798133 0.788202 0.775973 0.762588 0.736133 0.713174 0.664641 0.605516 0.535747
-9999 -9999 -9999 -9999 -9999 -9999 -9999 1.4698 1.55427 1.5585 1.60538 1.61626 1.61261 1.5964 1.56711 1.51749 1.44932 1.39364 1.29079 1.18408 1.31854 1.43503 1.49587 1.48586 1.32955 1.34517 1.29612 1.28583 1.21186 1.16821 1.11434 1.05935 1.00275 0.944085 0.909042 1.00625 1.05427 1.0936 1.11121 1.12057 1.12408 1.10781 1.08471 1.02773 1.0518 1.02452 1.00495 0.983958 0.964522 0.943164 0.921347 0.890956 0.876007 0.85166 0.854588 0.843315 0.836718 0.831527 0.827067 0.822938 0.818975 0.814379 0.801715 0.786367 0.774698 0.761551 0.735668 0.718745 0.699933 0.674416 0.587353
-9999 -9999 -9999 -9999 -9999 -9999 -9999 1.31482 1.45347 1.53281 1.57953 1.61447 1.6127 1.60419 1.56813 1.5413 1.49018 1.4433 1.37409 1.27196 1.20719 1.29645 1.45079 1.48496 1.45022 1.42804 1.37561 1.32547 1.30059 1.28163 1.21042 1.14318 1.06187 1.02692 0.992781 1.06262 1.06647 1.05569 1.13867 1.13591 1.12807 1.09139 1.03528 1.03429 0.989121 0.981396 0.938793 0.947883 0.952978 0.944192 0.926725 0.895977 0.883014 0.868846 0.856782 0.847903 0.840317 0.834251 0.829415 0.82506 0.820156 0.815288 0.810462 0.792034 0.781962 0.760625 0.734978 0.719052 0.701477 0.683754 0.656499
-9999 -9999 -9999 -9999 -9999 -9999 -9999 1.32853 1.41385 1.50904 1.55538 1.60472 1.60352 1.61241 1.59576 1.56736 1.52126 1.467 1.40842 1.31934 1.2515 1.32094 1.39913 1.46552 1.46303 1.43077 1.41027 1.38336 1.36322 1.33372 1.28947 1.23639 1.15747 1.10928 1.04692 1.12546 1.12795 1.10852 1.14791 1.14197 1.07203 1.01692 1.0054 1.01179 0.97268 0.941955 0.896577 0.902156 0.94212 0.913509 0.899975 0.896409 0.886603 0.871763 0.861888 0.852623 0.84488 0.838132 0.832898 0.828288 0.822792 0.817517 0.811712 0.804025 0.78119 0.769711 0.743474 0.718499 0.702367 0.685589 0.666814
-9999 -9999 -9999 -9999 -9999 -9999 -9999 1.35823 1.38119 1.46575 1.54628 1.60109 1.61406 1.62137 1.60921 1.57701 1.54983 1.51288 1.4597 1.42179 1.35913 1.27404 1.39729 1.40093 1.40605 1.41124 1.43046 1.40994 1.37229 1.29782 1.29878 1.27402 1.21055 1.1814 1.14294 1.18224 1.1745 1.16679 1.15893 1.09834 1.01605 0.949004 0.988093 0.971783 0.962639 0.873022 0.918639 0.945943 0.943753 0.885798 0.84867 0.885707 0.876552 0.871207 0.864772 0.858223 0.849575 0.843413 0.837106 0.831573 0.826204 0.820245 0.813871 0.806284 0.797438 0.769927 0.743552 0.728887 0.718465 0.702582 0.675436
-9999 -9999 -9999 -9999 -9999 -9999 -9999 -9999 1.35218 1.45935 1.5604 1.609 1.63439 1.64011 1.62693 1.6048 1.58288 1.55664 1.51589 1.46659 1.3917 1.33358 1.35742 1.35677 1.32843 1.3389 1.39789 1.40555 1.34952 1.21742 1.24872 1.29254 1.27645 1.25764 1.23985 1.21471 1.19982 1.17836 1.1336 1.00945 0.988306 0.936554 0.93596 0.905043 0.924848 0.877813 0.918485 0.927661 0.921496 0.856409 0.836259 0.870871 0.880562 0.864301 0.867142 0.863286 0.855432 0.848517 0.84166 0.83596 0.830256 0.824038 0.823878 0.816379 0.807866 0.777651 0.750478 0.73252 0.715283 0.69454 0.686558
-9999 -9999 -9999 -9999 -9999 -9999 -9999 -9999 1.32963 1.44526 1.56931 1.59708 1.62649 1.65147 1.63936 1.61067 1.58449 1.55908 1.5321 1.47234 1.41392 1.35705 1.33142 1.33051 1.26379 1.29122 1.37423 1.3762 1.35012 1.20825 1.15993 1.22481 1.27785 1.26995 1.25199 1.16222 1.17014 1.1196 1.0548 1.03274 1.00149 0.941749 0.960995 0.914101 0.92222 0.863392 0.881444 0.882949 0.90507 0.84729 0.817503 0.850486 0.866541 0.855245 0.874439 0.87518 0.869001 0.86168 0.854974 0.848462 0.842568 0.835855 0.828577 0.820449 0.810512 0.797453 0.754365 0.667226 0.653653 0.655289 0.655863
-9999 -9999 -9999 -9999 -9999 -9999 -9999 -9999 1.35788 1.43306 1.54208 1.6192 1.60908 1.64058 1.65144 1.62085 1.58919 1.55808 1.5401 1.47461 1.40324 1.34337 1.27315 1.27197 1.30277 1.30237 1.35101 1.34619 1.31615 1.21825 1.22725 1.26743 1.28276 1.27859 1.26024 1.23254 1.2133 1.17355 1.15249 1.10182 1.02667 0.992867 1.00264 0.921861 0.917881 0.934589 0.847141 0.881496 0.890684 0.821142 0.824007 0.861841 0.875433 0.886418 0.886268 0.880527 0.877916 0.869729 0.862579 0.855637 0.848509 0.841406 0.832901 0.82398 0.809037 0.790258 0.725925 0.650334 0.641652 0.65294 0.660973
-9999 -9999 -9999 -9999 -9999 -9999 -9999 -9999 1.38692 1.45384 1.54695 1.59781 1.59446 1.63134 1.66387 1.64721 1.61415 1.59759 1.56506 1.50732 1.44431 1.37578 1.33668 1.25943 1.31151 1.28892 1.32837 1.3383 1.248 1.2123 1.2353 1.25859 1.26029 1.28549 1.27379 1.2512 1.18909 1.15479 1.15766 1.13906 1.1123 1.0576 1.04752 1.00864 0.986705 0.964567 0.865 0.877301 0.867018 0.846844 0.871703 0.88582 0.891476 0.896093 0.889641 0.886609 0.886314 0.878479 0.870687 0.862877 0.855414 0.847039 0.836464 0.825774 0.804288 0.772566 0.721209 0.600387 0.634062 0.669519 0.655432
-9999 -9999 -9999 -9999 -9999 -9999 -9999 -9999 1.38557 1.45882 1.53677 1.56054 1.55247 1.63104 1.67486 1.66322 1.64162 1.61884 1.55124 1.54477 1.52319 1.45966 1.37125 1.27444 1.26959 1.28055 1.30143 1.3103 1.19239 1.1539 1.15828 1.20121 1.23887 1.27946 1.2817 1.25601 1.16446 1.0684 1.10034 1.13534 1.127 1.10608 1.05377 1.03077 1.00844 0.966073 0.878812 0.845033 0.847767 0.864926 0.87202 0.889763 0.902873 0.882705 0.877712 0.891314 0.895463 0.887146 0.878936 0.871161 0.862697 0.853619 0.839972 0.825565 0.806928 0.740022 0.693839 0.611095 0.632981 0.653366 0.626842
-9999 -9999 -9999 -9999 -9999 -9999 -9999 -9999 1.37088 1.42008 1.49464 1.51601 1.55995 1.63384 1.66423 1.67302 1.66138 1.64229 1.60591 1.57981 1.53843 1.47205 1.38483 1.28855 1.22085 1.23485 1.25308 1.24903 1.14881 1.10277 1.13018 1.17732 1.25377 1.2929 1.28891 1.27414 1.2476 1.17482 1.08913 1.0807 1.11056 1.06945 1.02279 1.03377 1.01979 0.977562 0.943377 0.864266 0.844906 0.851719 0.85426 0.876919 0.91616 0.912724 0.901112 0.912566 0.904318 0.895855 0.887946 0.879334 0.870532 0.861119 0.847894 0.829103 0.781361 0.737862 0.680921 0.663509 0.657689 0.650982 0.645193
-9999 -9999 -9999 -9999 -9999 -9999 -9999 -9999 1.33596 1.39741 1.46691 1.5318 1.5932 1.64488 1.63761 1.65995 1.64857 1.65531 1.63913 1.60402 1.56679 1.50737 1.39806 1.30362 1.20125 1.21072 1.26686 1.19308 1.13672 1.04432 1.11338 1.19137 1.26147 1.29465 1.2494 1.27492 1.26237 1.22922 1.17433 1.0941 1.08624 1.02352 1.01145 1.02867 1.02694 1.01132 0.982637 0.919519 0.86468 0.85867 0.852486 0.87262 0.900838 0.928599 0.925036 0.922726 0.913778 0.904876 0.896584 0.887787 0.878005 0.866827 0.852924 0.811307 0.763205 0.728997 0.685565 0.669669 0.697344 0.664465 0.650941
-9999 -9999 -9999 -9999 -9999 -9999 -9999 -9999 -9999 1.40319 1.47603 1.52691 1.53122 1.57616 1.59522 1.60763 1.60158 1.65873 1.65105 1.62417 1.58843 1.53535 1.44877 1.384 1.28476 1.20914 1.176 1.1164 1.12546 1.10579 1.12979 1.20458 1.28359 1.28269 1.21506 1.21371 1.21617 1.23369 1.21069 1.10434 1.04546 0.994656 1.01339 1.03322 1.0295 1.01948 1.00177 0.940573 0.871924 0.901018 0.919801 0.915757 0.931498 0.940784 0.936396 0.93103 0.922374 0.913874 0.904902 0.894691 0.884573 0.870065 0.849078 0.803206 0.707161 0.699555 0.678306 0.639409 0.665172 0.630139 0.651188
-9999 -9999 -9999 -9999 -9999 -9999 -9999 -9999 -9999 1.38724 1.47426 1.48226 1.46805 1.42252 1.42639 1.5394 1.55315 1.60739 1.65785 1.64114 1.60528 1.55416 1.49664 1.41462 1.30413 1.21306 1.13054 1.17076 1.19997 1.20356 1.2169 1.25836 1.25745 1.18839 1.12346 1.14476 1.15396 1.21547 1.21895 1.19548 1.12707 1.0499 1.0042 1.03405 1.02785 1.01828 1.00649 0.971308 0.922997 0.925861 0.939841 0.946521 0.945673 0.952412 0.947155 0.93933 0.931636 0.922423 0.912577 0.90074 0.888203 0.865012 0.83852 0.769572 0.709677 0.667401 0.616535 0.689581 0.679929 0.670672 0.652569
