Test_Spring_2018/12_17/Prec/20171217_008.txt
ncols	170
nrows	115
xllcorner	350000.000000
yllcorner	4445000.000000
cellsize	1000.000000
nodata_value	-9999.000000
[rows 31 to 61 of 115, columns 70 to 139 of 170]
0 0 0 0 0 0 0 0 0 0 0 0.101474 0.106354 0.113032 0.117009 0.126999 0.154724 0.149519 0.148845 0.158626 0.157009 0.153038 0.162021 0.182911 0.194152 0.210289 0.215513 0.229152 0.243532 -9999 -9999 -9999 -9999 -9999 -9999 -9999 -9999 -9999 -9999 -9999 -9999 -9999 -9999 -9999 -9999 -9999 -9999 -9999 -9999 -9999 -9999 -9999 -9999 -9999 -9999 -9999 -9999 -9999 -9999 -9999 -9999 -9999 -9999 -9999 -9999 -9999 -9999 -9999 -9999 -9999
0 0 0 0 0 0 0 0 0 0 0 0.104264 0.108472 0.112638 0.115967 0.124598 0.145037 0.163705 0.15704 0.159168 0.167818 0.159556 0.168343 0.186733 0.21162 0.203729 0.210706 0.240588 0.255893 -9999 -9999 -9999 -9999 -9999 -9999 -9999 -9999 -9999 -9999 -9999 -9999 -9999 -9999 -9999 -9999 -9999 -9999 -9999 -9999 -9999 -9999 -9999 -9999 -9999 -9999 -9999 -9999 -9999 -9999 -9999 -9999 -9999 -9999 -9999 -9999 -9999 -9999 -9999 -9999 -9999
0 0 0 0 0 0 0 0 0 0 0 0.10002 0.104269 0.108541 0.115887 0.125474 0.14328 0.164245 0.170721 0.163821 0.165857 0.167042 0.175215 0.184967 0.198695 0.193705 0.194102 0.212898 0.243374 0.262298 -9999 -9999 -9999 -9999 -9999 -9999 -9999 -9999 -9999 -9999 -9999 -9999 -9999 -9999 -9999 -9999 -9999 -9999 -9999 -9999 -9999 -9999 -9999 -9999 -9999 -9999 -9999 -9999 -9999 -9999 -9999 -9999 -9999 -9999 -9999 -9999 -9999 -9999 -9999 -9999
0 0 0 0 0 0 0 0 0 0 0 0 0.103774 0.108529 0.114879 0.124169 0.136502 0.150955 0.174633 0.163654 0.155697 0.158562 0.161923 0.169576 0.182765 0.177777 0.18091 0.209971 0.240871 0.253013 0.260035 -9999 -9999 -9999 -9999 -9999 -9999 -9999 -9999 -9999 -9999 -9999 -9999 -9999 -9999 -9999 -9999 -9999 -9999 -9999 -9999 -9999 -9999 -9999 -9999 -9999 -9999 -9999 -9999 -9999 -9999 -9999 -9999 -9999 -9999 -9999 -9999 -9999 -9999 -9999
-9999 0 0 0 0 0 0 0 0 0 0 0 0.104153 0.115958 0.11943 0.121891 0.130627 0.146759 0.162938 0.168803 0.155328 0.153326 0.15697 0.156348 0.167918 0.167188 0.172236 0.188838 0.216545 0.239288 0.247883 0.261442 -9999 -9999 -9999 -9999 -9999 -9999 -9999 -9999 -9999 -9999 -9999 -9999 -9999 -9999 -9999 -9999 -9999 -9999 -9999 -9999 -9999 -9999 -9999 -9999 -9999 -9999 -9999 -9999 -9999 -9999 -9999 -9999 -9999 -9999 -9999 -9999 -9999 -9999
-9999 -9999 -9999 -9999 0 0 0 0 0 0 0 0 0.107554 0.112884 0.115206 0.12158 0.131277 0.13811 0.149001 0.160371 0.15914 0.148101 0.156772 0.150064 0.153927 0.155389 0.165137 0.194965 0.218926 0.23829 0.246227 0.25769 -9999 -9999 -9999 -9999 -9999 -9999 -9999 -9999 -9999 -9999 -9999 -9999 -9999 -9999 -9999 -9999 -9999 -9999 -9999 -9999 -9999 -9999 -9999 -9999 -9999 -9999 -9999 -9999 -9999 -9999 -9999 -9999 -9999 -9999 -9999 -9999 -9999 -9999
-9999 -9999 -9999 -9999 -9999 0 0 0 0 0 0 0 0.104075 0.108034 0.112709 0.118127 0.125797 0.134085 0.144345 0.147168 0.140741 0.143041 0.147466 0.148882 0.147484 0.151872 0.173517 0.199632 0.21238 0.244481 0.255519 0.257666 0.265956 -9999 -9999 -9999 -9999 -9999 -9999 -9999 -9999 -9999 -9999 -9999 -9999 0.277518 -9999 -9999 -9999 -9999 -9999 -9999 -9999 -9999 -9999 -9999 -9999 -9999 -9999 -9999 -9999 -9999 -9999 -9999 -9999 -9999 0.393801 -9999 -9999 -9999
-9999 -9999 -9999 -9999 0 0 0 0 0 0.100191 0 0 0.103746 0.107762 0.114089 0.116962 0.121996 0.130701 0.133934 0.133049 0.133873 0.134744 0.136424 0.139995 0.144857 0.150444 0.173488 0.185269 0.19439 0.218589 0.236269 0.247278 0.262176 0.274141 -9999 -9999 -9999 -9999 -9999 -9999 -9999 0.269088 0.272502 0.275567 0.276481 0.272962 0.281523 -9999 -9999 -9999 -9999 -9999 -9999 -9999 -9999 -9999 -9999 -9999 -9999 -9999 -9999 -9999 -9999 -9999 -9999 -9999 0.389613 0.401678 -9999 -9999
-9999 -9999 -9999 -9999 0 0 0 0 0 0 0 0.100229 0.102738 0.106896 0.111997 0.11361 0.119762 0.123807 0.12723 0.12522 0.126493 0.130314 0.134807 0.139363 0.147295 0.151201 0.169037 0.178085 0.190285 0.202578 0.227453 0.246988 0.265868 0.28128 -9999 -9999 -9999 -9999 -9999 -9999 0.26272 0.259253 0.25866 0.27005 0.267263 0.265443 0.271098 0.29482 -9999 -9999 -9999 -9999 -9999 -9999 -9999 -9999 -9999 -9999 -9999 -9999 -9999 -9999 0.339185 0.350531 0.372139 0.384218 0.392481 0.403706 -9999 -9999
-9999 -9999 -9999 -9999 0 0 0 0 0 0 0 0.101092 0.103387 0.105711 0.107971 0.113448 0.116555 0.123994 0.119688 0.121575 0.124963 0.132991 0.138065 0.150919 0.158508 0.174611 0.170458 0.18088 0.197938 0.218034 0.246496 0.25377 0.262652 0.276527 -9999 -9999 -9999 -9999 -9999 -9999 0.258417 0.254552 0.252276 0.255228 0.267313 0.261148 0.2785 0.290618 0.298165 0.299357 0.302939 0.317529 0.318517 0.321371 0.328189 0.328838 -9999 -9999 -9999 -9999 0.337992 0.338827 0.339703 0.345081 0.368392 0.385054 0.40055 0.407194 -9999 -9999
-9999 -9999 -9999 -9999 0 0 0 0 0 0 0.101191 0.102174 0.1046 0.106483 0.108096 0.110727 0.115064 0.115646 0.117164 0.120485 0.133273 0.148247 0.145078 0.156079 0.179176 0.177095 0.17427 0.185772 0.205801 0.228095 0.242946 0.248476 0.2598 0.273119 -9999 -9999 -9999 0.268448 0.260375 0.261249 0.260585 0.254414 0.250919 0.250474 0.251633 0.261039 0.277337 0.290012 0.30339 0.308005 0.303159 0.306914 0.318328 0.321567 0.328538 0.333856 0.333689 0.334479 0.336064 0.338306 0.33969 0.340492 0.341901 0.346905 0.365332 0.378147 0.387345 0.409791 -9999 -9999
-9999 -9999 -9999 -9999 0 0 0 0 0 0 0 0.103509 0.105224 0.110278 0.108784 0.110226 0.111702 0.113764 0.116466 0.12709 0.141569 0.156474 0.164869 0.167877 0.181218 0.186868 0.18402 0.192932 0.207965 0.228323 0.234405 0.245737 0.265409 0.28163 -9999 -9999 0.284122 0.266911 0.25527 0.250181 0.250147 0.252568 0.247416 0.250748 0.24635 0.257275 0.281795 0.287517 0.302063 0.306719 0.314799 0.320506 0.326473 0.326657 0.329933 0.333608 0.334636 0.336594 0.33828 0.339655 0.341996 0.342201 0.34292 0.346287 0.361716 0.370277 0.382427 0.413319 -9999 -9999
-9999 -9999 -9999 -9999 0 0 0 0 0 0 0.10419 0.10216 0.106279 0.11024 0.113143 0.110847 0.111809 0.112965 0.114531 0.124428 0.136079 0.153388 0.165373 0.176446 0.184229 0.201658 0.202601 0.208494 0.214639 0.217171 0.227385 0.243625 0.254812 0.274852 0.284903 -9999 0.281847 0.274304 0.259975 0.248345 0.242013 0.247533 0.241285 0.243675 0.245806 0.255158 0.275254 0.291529 0.299746 0.308625 0.309917 0.316149 0.325416 0.329004 0.331742 0.334927 0.337315 0.339338 0.340827 0.341788 0.342568 0.343188 0.344057 0.345735 0.353376 0.363876 0.381116 0.413521 -9999 -9999
-9999 -9999 -9999 0 0 0 0 0 0 0 0.101467 0.102814 0.104378 0.109106 0.116503 0.116699 0.116096 0.113012 0.113949 0.11572 0.122661 0.143235 0.153843 0.168013 0.184111 0.199523 0.201994 0.196981 0.202264 0.213444 0.224983 0.242317 0.253039 0.264866 0.286669 0.285485 0.277106 0.270971 0.261243 0.246518 0.237164 0.234734 0.236261 0.238621 0.242209 0.25858 0.275855 0.286104 0.298019 0.30707 0.315443 0.319589 0.328918 0.331385 0.334114 0.337342 0.339841 0.341749 0.343005 0.343685 0.34411 0.34456 0.344911 0.345562 0.348598 0.359555 0.389016 0.411631 -9999 -9999
-9999 -9999 -9999 -9999 0 0 0 0.102391 0.103711 0.104246 0.104288 0.106574 0.106255 0.108055 0.11632 0.123214 0.118063 0.116221 0.114461 0.11523 0.117238 0.136912 0.148096 0.158104 0.173848 0.179902 0.181153 0.186083 0.193566 0.212532 0.231008 0.254349 0.272207 0.274881 0.285392 0.282372 0.27671 0.26201 0.251949 0.248579 0.247109 0.233493 0.233967 0.241287 0.243801 0.25689 0.271666 0.284929 0.292881 0.302421 0.311358 0.331598 0.332478 0.338364 0.336363 0.339446 0.341799 0.343663 0.344722 0.345355 0.345576 0.345709 0.345798 0.347435 0.351544 0.359915 0.392089 0.412125 -9999 -9999
-9999 -9999 -9999 -9999 -9999 -9999 0.102557 0.104855 0.107759 0.109169 0.105857 0.106585 0.107489 0.109177 0.112899 0.120574 0.122459 0.121524 0.128024 0.124025 0.119118 0.121644 0.125505 0.14292 0.159063 0.157538 0.16506 0.180848 0.194244 0.20721 0.22824 0.247319 0.267436 0.282486 0.284246 0.270477 0.259444 0.244367 0.237921 0.242367 0.239727 0.236734 0.232281 0.233717 0.241657 0.255404 0.269854 0.285866 0.289161 0.29825 0.310621 0.322171 0.333885 0.336933 0.341279 0.339984 0.342062 0.344943 0.346022 0.346484 0.346592 0.346556 0.348585 0.349878 0.351803 0.354579 0.38772 0.416538 -9999 -9999
-9999 -9999 -9999 -9999 -9999 -9999 0.108638 0.111979 0.112618 0.106769 0.106508 0.107361 0.109811 0.110619 0.113576 0.119847 0.126004 0.13148 0.138904 0.13597 0.127197 0.123392 0.125717 0.141462 0.144195 0.151954 0.162144 0.181228 0.196561 0.206867 0.227323 0.247856 0.262153 0.280135 0.274506 0.267599 0.258126 0.241974 0.230989 0.227382 0.233341 0.231586 0.225839 0.231728 0.24452 0.252222 0.269494 0.288193 0.288939 0.296275 0.308058 0.316756 0.330363 0.335918 0.339227 0.341477 0.343347 0.345466 0.346918 0.347335 0.347308 0.347972 0.348804 0.350063 0.35207 0.354847 0.377507 0.417679 -9999 -9999
-9999 -9999 -9999 -9999 -9999 -9999 -9999 0.119112 0.114739 0.105593 0.107256 0.110504 0.11011 0.111635 0.11549 0.11852 0.125766 0.135353 0.153851 0.150242 0.142279 0.130767 0.126504 0.131123 0.144167 0.156596 0.179149 0.19956 0.206722 0.214188 0.230372 0.247769 0.26339 0.257851 0.250899 0.242583 0.238101 0.239352 0.229992 0.223133 0.22843 0.225525 0.222932 0.232236 0.241358 0.251163 0.269054 0.279236 0.288917 0.293715 0.307128 0.314219 0.327009 0.334116 0.338737 0.341977 0.343929 0.34597 0.347212 0.347591 0.347909 0.348195 0.349052 0.350488 0.352596 0.35547 0.360662 0.384969 0.400819 -9999
-9999 -9999 -9999 -9999 -9999 -9999 -9999 0.127741 0.127737 0.11605 0.116096 0.112021 0.110634 0.112202 0.117876 0.121337 0.131974 0.135458 0.152472 0.161374 0.156587 0.161339 0.145253 0.131975 0.14465 0.183983 0.201767 0.216006 0.219032 0.223985 0.231751 0.256545 0.264182 0.250174 0.241409 0.234333 0.228719 0.227983 0.228203 0.216896 0.217629 0.217064 0.2226 0.228201 0.241404 0.253276 0.263838 0.277489 0.288151 0.292686 0.307712 0.312105 0.325473 0.33381 0.339667 0.341088 0.343851 0.345776 0.347306 0.34775 0.347997 0.348775 0.349558 0.351083 0.353411 0.356256 0.359959 0.367914 0.382289 0.390715
-9999 -9999 -9999 -9999 -9999 -9999 -9999 -9999 0.142685 0.124701 0.11953 0.117068 0.111919 0.112743 0.117491 0.12222 0.132914 0.142347 0.157682 0.17544 0.187087 0.162338 0.141717 0.132919 0.143579 0.17703 0.193488 0.199284 0.197831 0.208231 0.216878 0.237437 0.244212 0.25189 0.249812 0.240361 0.232907 0.224108 0.218055 0.218418 0.216178 0.218122 0.22256 0.227687 0.235366 0.243864 0.263458 0.268994 0.282177 0.29003 0.300622 0.310637 0.324243 0.334297 0.337549 0.339941 0.342753 0.34603 0.347085 0.347566 0.347907 0.348428 0.350434 0.35208 0.354382 0.357437 0.361018 0.366873 0.372633 0.383385
-9999 -9999 -9999 -9999 -9999 -9999 -9999 -9999 0.153847 0.135761 0.129998 0.119158 0.115594 0.115291 0.116472 0.120494 0.12881 0.141136 0.151618 0.171463 0.192428 0.165822 0.145664 0.13537 0.138452 0.172451 0.170882 0.181252 0.184009 0.198427 0.206768 0.21703 0.226753 0.236513 0.247407 0.255114 0.235115 0.224916 0.217093 0.214269 0.213999 0.215851 0.221848 0.229935 0.245513 0.246369 0.260247 0.270096 0.280186 0.289816 0.299516 0.308895 0.321932 0.328526 0.336174 0.338908 0.343815 0.345533 0.346608 0.347336 0.347954 0.348642 0.349662 0.35328 0.355701 0.358803 0.362451 0.3682 0.372823 0.377921
-9999 -9999 -9999 -9999 -9999 -9999 -9999 -9999 0.1847 0.156458 0.137317 0.126378 0.119056 0.117328 0.117122 0.122468 0.12651 0.135612 0.144398 0.157837 0.177849 0.191088 0.172202 0.144079 0.139791 0.150892 0.156337 0.167252 0.177452 0.182577 0.186257 0.199869 0.213603 0.227845 0.23712 0.241877 0.227305 0.225664 0.227466 0.212427 0.214469 0.218402 0.228662 0.242791 0.247866 0.260483 0.270422 0.284244 0.288286 0.292913 0.299868 0.308063 0.320997 0.328407 0.333741 0.34026 0.342928 0.344886 0.346237 0.347191 0.348038 0.349102 0.35037 0.3519 0.357474 0.360745 0.364084 0.36974 0.374144 0.378927
-9999 -9999 -9999 -9999 -9999 -9999 -9999 -9999 0.185358 0.163753 0.143808 0.13464 0.123257 0.121529 0.118132 0.119882 0.12425 0.132397 0.142521 0.153867 0.171296 0.18497 0.172912 0.155301 0.143703 0.14887 0.157078 0.161869 0.167618 0.174063 0.179589 0.188118 0.1974 0.216613 0.224275 0.234672 0.218764 0.21764 0.221271 0.21456 0.21722 0.232781 0.246346 0.252408 0.255207 0.267687 0.282057 0.294115 0.298398 0.296034 0.307719 0.314867 0.32268 0.327665 0.336133 0.339533 0.342297 0.34437 0.345987 0.34719 0.348282 0.349657 0.351186 0.353056 0.355533 0.36272 0.366494 0.372345 0.375809 0.380215
-9999 -9999 -9999 -9999 -9999 -9999 -9999 -9999 0.18453 0.172158 0.154291 0.138926 0.126641 0.122364 0.119372 0.120346 0.125461 0.130022 0.136821 0.14704 0.154682 0.167211 0.1841 0.161763 0.157471 0.161222 0.16365 0.160911 0.1654 0.172826 0.188353 0.187813 0.198317 0.20927 0.213667 0.219893 0.211699 0.212774 0.214395 0.216702 0.229671 0.24747 0.2631 0.259351 0.266577 0.272603 0.297713 0.295397 0.295685 0.301293 0.313841 0.325062 0.325133 0.333794 0.336861 0.339595 0.341896 0.344247 0.345905 0.347492 0.348949 0.350484 0.352303 0.354408 0.356949 0.359917 0.368601 0.374281 0.378524 0.387014
-9999 -9999 -9999 -9999 -9999 -9999 -9999 -9999 -9999 0.182616 0.162287 0.141228 0.130082 0.123437 0.12072 0.121863 0.125052 0.12859 0.13333 0.141163 0.150906 0.165693 0.177454 0.173809 0.169769 0.180008 0.178991 0.168641 0.167741 0.178604 0.204378 0.205892 0.197086 0.199404 0.202182 0.204846 0.209409 0.212094 0.216496 0.225861 0.250816 0.256908 0.26957 0.273173 0.28299 0.283493 0.300542 0.297918 0.30116 0.307084 0.323781 0.335675 0.337162 0.337782 0.342723 0.343567 0.342073 0.344395 0.346351 0.348216 0.34988 0.351638 0.353637 0.358395 0.361271 0.364489 0.374555 0.380136 0.385027 0.389621
-9999 -9999 -9999 -9999 -9999 -9999 -9999 -9999 -9999 0.19167 0.168058 0.142811 0.135747 0.128491 0.122262 0.123284 0.127739 0.132053 0.136551 0.14165 0.153181 0.164651 0.175946 0.181393 0.182155 0.194203 0.189843 0.174853 0.174956 0.180148 0.216243 0.225234 0.212685 0.202246 0.203269 0.206272 0.223017 0.221664 0.231754 0.245032 0.250805 0.258879 0.272874 0.272485 0.284999 0.287485 0.306362 0.307572 0.311844 0.312049 0.327029 0.340712 0.342764 0.342137 0.346171 0.344028 0.345021 0.347082 0.349232 0.351243 0.353285 0.355338 0.357709 0.360354 0.363308 0.366711 0.37076 0.383607 0.399813 0.403548
-9999 -9999 -9999 -9999 -9999 -9999 -9999 -9999 -9999 0.189554 0.173673 0.151387 0.135157 0.135479 0.128126 0.124888 0.12972 0.135033 0.140519 0.143783 0.156218 0.16992 0.181558 0.195188 0.19579 0.190298 0.189746 0.181129 0.182446 0.188362 0.216929 0.215271 0.20759 0.204512 0.205106 0.208461 0.213763 0.217749 0.225963 0.231083 0.242251 0.258521 0.267468 0.268638 0.287256 0.291702 0.292464 0.316862 0.314587 0.316909 0.333829 0.347096 0.342798 0.342621 0.342509 0.344121 0.346485 0.348043 0.350528 0.352779 0.355025 0.357392 0.359868 0.362726 0.365766 0.370012 0.375012 0.388585 0.405782 0.408431
-9999 -9999 -9999 -9999 -9999 -9999 -9999 -9999 -9999 0.187466 0.17322 0.154035 0.142869 0.142022 0.133742 0.126472 0.128692 0.134229 0.136886 0.14276 0.153561 0.165493 0.178555 0.186111 0.200854 0.191176 0.194403 0.187423 0.1859 0.213664 0.220709 0.216553 0.212242 0.211954 0.207253 0.209597 0.214161 0.226416 0.233738 0.234415 0.239539 0.246612 0.259362 0.264078 0.274562 0.282127 0.289932 0.316443 0.318046 0.323792 0.337177 0.340724 0.340857 0.342201 0.343371 0.346295 0.3483 0.349584 0.352159 0.354663 0.357169 0.35965 0.362369 0.365573 0.368861 0.374225 0.38153 0.392513 0.418286 0.412794
-9999 -9999 -9999 -9999 -9999 -9999 -9999 -9999 -9999 0.191232 0.175843 0.159592 0.153617 0.153747 0.137677 0.128317 0.129591 0.132929 0.136671 0.149031 0.15001 0.15395 0.165878 0.182538 0.20079 0.201687 0.203469 0.194631 0.193253 0.226766 0.23441 0.233883 0.226031 0.219153 0.211754 0.211674 0.217009 0.234969 0.254043 0.249296 0.244312 0.247854 0.254121 0.266646 0.27395 0.281386 0.292797 0.315771 0.326973 0.330102 0.34182 0.34361 0.343076 0.343083 0.349035 0.351826 0.350852 0.351455 0.354259 0.356952 0.35952 0.362211 0.365036 0.36875 0.372633 0.377329 0.391121 0.400983 0.415617 0.41623
-9999 -9999 -9999 -9999 -9999 -9999 -9999 -9999 -9999 0.197583 0.18675 0.171185 0.165724 0.156111 0.140973 0.134172 0.131591 0.133009 0.135974 0.142333 0.146867 0.154375 0.166667 0.182929 0.200921 0.213524 0.210704 0.205946 0.21622 0.237594 0.24672 0.241953 0.233438 0.219401 0.212444 0.213701 0.217126 0.222952 0.237722 0.255193 0.258391 0.254686 0.264676 0.276024 0.276792 0.282519 0.293772 0.303653 0.326336 0.339841 0.347516 0.350194 0.348809 0.344006 0.34695 0.35115 0.350745 0.353835 0.356792 0.359514 0.36228 0.365026 0.367859 0.371396 0.375978 0.386013 0.395239 0.40698 0.411236 0.415079
-9999 -9999 -9999 -9999 -9999 -9999 -9999 -9999 -9999 0.207758 0.194608 0.180018 0.166392 0.15353 0.142613 0.14293 0.137782 0.139109 0.137132 0.139576 0.14568 0.152258 0.163081 0.183355 0.200857 0.219871 0.217807 0.210778 0.231277 0.242423 0.260339 0.247797 0.23357 0.220852 0.215144 0.224304 0.220244 0.223522 0.230883 0.242575 0.259305 0.262675 0.276684 0.281441 0.280961 0.28431 0.290499 0.299315 0.317329 0.339305 0.349582 0.354011 0.353244 0.350687 0.347933 0.350803 0.353167 0.356539 0.359689 0.362548 0.365361 0.368252 0.37133 0.37487 0.383603 0.393539 0.400847 0.409886 0.413724 0.406712
