Test_Spring_2018/12_17/Prec/20171202_006.txt
ncols	170
nrows	115
xllcorner	350000.000000
yllcorner	4445000.000000
cellsize	1000.000000
nodata_value	-9999.000000
[rows 31 to 61 of 115, columns 70 to 139 of 170]
0.10995 0.106758 0.10585 0.108774 0.109049 0.107717 0.106622 0.10771 0.126697 0.12863 0.13278 0.135032 0.138546 0.143762 0.146765 0.155176 0.179242 0.174716 0.174316 0.183211 0.182299 0.17946 0.188032 0.207065 0.217685 0.232549 0.23752 0.251487 0.264316 -9999 -9999 -9999 -9999 -9999 -9999 -9999 -9999 -9999 -9999 -9999 -9999 -9999 -9999 -9999 -9999 -9999 -9999 -9999 -9999 -9999 -9999 -9999 -9999 -9999 -9999 -9999 -9999 -9999 -9999 -9999 -9999 -9999 -9999 -9999 -9999 -9999 -9999 -9999 -9999 -9999
0.107465 0.10635 0.107061 0.110055 0.10706 0.104414 0.110798 0.127365 0.127035 0.128592 0.13202 0.137988 0.141131 0.144358 0.146987 0.154395 0.172273 0.188768 0.183305 0.185691 0.193937 0.187561 0.196207 0.213345 0.236228 0.23051 0.237762 0.266257 0.266779 -9999 -9999 -9999 -9999 -9999 -9999 -9999 -9999 -9999 -9999 -9999 -9999 -9999 -9999 -9999 -9999 -9999 -9999 -9999 -9999 -9999 -9999 -9999 -9999 -9999 -9999 -9999 -9999 -9999 -9999 -9999 -9999 -9999 -9999 -9999 -9999 -9999 -9999 -9999 -9999 -9999
0.110049 0.106662 0.108634 0.110445 0.105833 0.106845 0.112424 0.125562 0.127456 0.128508 0.130961 0.134596 0.137969 0.141474 0.14779 0.156207 0.17196 0.19064 0.196841 0.191542 0.194232 0.196359 0.204759 0.21469 0.228219 0.225493 0.227528 0.244826 0.260592 0.275876 -9999 -9999 -9999 -9999 -9999 -9999 -9999 -9999 -9999 -9999 -9999 -9999 -9999 -9999 -9999 -9999 -9999 -9999 -9999 -9999 -9999 -9999 -9999 -9999 -9999 -9999 -9999 -9999 -9999 -9999 -9999 -9999 -9999 -9999 -9999 -9999 -9999 -9999 -9999 -9999
0.114076 0.10795 0.110743 0.117015 0.11476 0.11337 0.127909 0.132129 0.133404 0.128813 0.131038 0.133189 0.13781 0.141893 0.147496 0.155811 0.166947 0.180115 0.201534 0.192888 0.187096 0.190975 0.195502 0.203984 0.217489 0.21528 0.220291 0.233424 0.261668 0.273725 0.281191 -9999 -9999 -9999 -9999 -9999 -9999 -9999 -9999 -9999 -9999 -9999 -9999 -9999 -9999 -9999 -9999 -9999 -9999 -9999 -9999 -9999 -9999 -9999 -9999 -9999 -9999 -9999 -9999 -9999 -9999 -9999 -9999 -9999 -9999 -9999 -9999 -9999 -9999 -9999
-9999 0.110374 0.113294 0.120946 0.118882 0.115751 0.125777 0.131161 0.13096 0.13111 0.131157 0.133372 0.13817 0.148536 0.151748 0.154228 0.162365 0.177161 0.192218 0.198507 0.188158 0.188098 0.193239 0.194923 0.207513 0.209597 0.216932 0.219704 0.243992 0.267992 0.277612 0.291409 -9999 -9999 -9999 -9999 -9999 -9999 -9999 -9999 -9999 -9999 -9999 -9999 -9999 -9999 -9999 -9999 -9999 -9999 -9999 -9999 -9999 -9999 -9999 -9999 -9999 -9999 -9999 -9999 -9999 -9999 -9999 -9999 -9999 -9999 -9999 -9999 -9999 -9999
-9999 -9999 -9999 -9999 0.124894 0.134701 0.135075 0.134543 0.13169 0.131321 0.130927 0.133213 0.140924 0.145716 0.148007 0.153997 0.163085 0.169896 0.180508 0.191823 0.19244 0.184817 0.194749 0.19159 0.198 0.202632 0.214792 0.22817 0.251427 0.273621 0.28355 0.296415 -9999 -9999 -9999 -9999 -9999 -9999 -9999 -9999 -9999 -9999 -9999 -9999 -9999 -9999 -9999 -9999 -9999 -9999 -9999 -9999 -9999 -9999 -9999 -9999 -9999 -9999 -9999 -9999 -9999 -9999 -9999 -9999 -9999 -9999 -9999 -9999 -9999 -9999
-9999 -9999 -9999 -9999 -9999 0.134692 0.136311 0.130712 0.132224 0.132945 0.131093 0.133228 0.137429 0.141055 0.145434 0.150635 0.158019 0.166203 0.176413 0.180467 0.176816 0.181189 0.187836 0.192287 0.194705 0.202591 0.21171 0.237021 0.252229 0.285713 0.299352 0.305103 0.315954 -9999 -9999 -9999 -9999 -9999 -9999 -9999 -9999 -9999 -9999 -9999 -9999 0.289943 -9999 -9999 -9999 -9999 -9999 -9999 -9999 -9999 -9999 -9999 -9999 -9999 -9999 -9999 -9999 -9999 -9999 -9999 -9999 -9999 0.2478 -9999 -9999 -9999
-9999 -9999 -9999 -9999 0.117955 0.131689 0.130672 0.128394 0.133609 0.133192 0.130811 0.132911 0.136455 0.140107 0.145905 0.148873 0.15397 0.162575 0.16676 0.167756 0.1707 0.174175 0.178874 0.185754 0.194296 0.203988 0.214107 0.229142 0.242182 0.267044 0.290465 0.305112 0.322884 0.337622 -9999 -9999 -9999 -9999 -9999 -9999 -9999 0.326555 0.322062 0.315937 0.306765 0.292731 0.288444 -9999 -9999 -9999 -9999 -9999 -9999 -9999 -9999 -9999 -9999 -9999 -9999 -9999 -9999 -9999 -9999 -9999 -9999 -9999 0.2346 0.245023 -9999 -9999
-9999 -9999 -9999 -9999 0.130483 0.128529 0.129153 0.127322 0.127393 0.131121 0.131905 0.132486 0.134678 0.13837 0.143013 0.144804 0.150834 0.155374 0.159793 0.159958 0.163539 0.169941 0.177559 0.18588 0.197804 0.20685 0.213717 0.227348 0.244175 0.261416 0.290853 0.314238 0.33678 0.355768 -9999 -9999 -9999 -9999 -9999 -9999 0.341618 0.331683 0.322482 0.322142 0.308017 0.293554 0.284665 0.279193 -9999 -9999 -9999 -9999 -9999 -9999 -9999 -9999 -9999 -9999 -9999 -9999 -9999 -9999 0.177568 0.188138 0.208033 0.219666 0.227765 0.238034 -9999 -9999
-9999 -9999 -9999 -9999 0.129586 0.127091 0.126485 0.126127 0.128667 0.127514 0.131036 0.132286 0.134171 0.136117 0.138127 0.143155 0.146418 0.153868 0.151558 0.155239 0.160888 0.171307 0.179903 0.196078 0.208444 0.215618 0.218122 0.234013 0.256273 0.281629 0.318211 0.329729 0.344956 0.363971 -9999 -9999 -9999 -9999 -9999 -9999 0.353468 0.342267 0.330331 0.321048 0.318077 0.297765 0.28643 0.279222 0.267674 0.25055 0.235805 0.227859 0.214345 0.202138 0.194913 0.184019 -9999 -9999 -9999 -9999 0.163697 0.164028 0.165557 0.171798 0.194096 0.210609 0.225808 0.228012 -9999 -9999
-9999 -9999 -9999 -9999 0.123257 0.123643 0.125751 0.129203 0.12918 0.128634 0.131555 0.134074 0.135789 0.137039 0.138172 0.140429 0.14454 0.145856 0.148591 0.153597 0.167645 0.184428 0.186225 0.200134 0.226144 0.219601 0.224234 0.242191 0.268308 0.296967 0.323299 0.334703 0.35358 0.383523 -9999 -9999 -9999 0.396166 0.388405 0.386048 0.37988 0.366485 0.353148 0.329385 0.314955 0.308243 0.291857 0.282618 0.273595 0.256908 0.232324 0.215987 0.206017 0.192244 0.183541 0.174805 0.16451 0.157299 0.153073 0.151636 0.151467 0.152491 0.155342 0.162178 0.181082 0.195196 0.205744 0.219597 -9999 -9999
-9999 -9999 -9999 -9999 0.14028 0.141797 0.143338 0.129414 0.132377 0.132372 0.133024 0.134136 0.134984 0.138726 0.136853 0.137797 0.139177 0.141628 0.145337 0.156784 0.172506 0.189568 0.201951 0.209858 0.228827 0.230648 0.235949 0.25198 0.288734 0.316564 0.332109 0.356315 0.379558 0.402472 -9999 -9999 0.423014 0.41013 0.399552 0.391938 0.385907 0.379244 0.363345 0.35246 0.33269 0.327093 0.317141 0.300493 0.273822 0.254531 0.234666 0.218603 0.200126 0.185085 0.17219 0.161888 0.151745 0.145044 0.140779 0.138824 0.140051 0.141367 0.144604 0.151083 0.168486 0.179781 0.189333 0.216376 -9999 -9999
-9999 -9999 -9999 -9999 0.13943 0.141069 0.141535 0.144557 0.144214 0.133128 0.1363 0.133633 0.134538 0.137009 0.138647 0.13601 0.136669 0.138131 0.140755 0.151599 0.165022 0.184506 0.200496 0.216122 0.230983 0.257295 0.267357 0.282421 0.298285 0.311446 0.332966 0.362761 0.383389 0.407553 0.425237 -9999 0.435163 0.431351 0.418757 0.405429 0.393546 0.388886 0.370988 0.357925 0.345314 0.333325 0.317736 0.300885 0.283878 0.267235 0.244121 0.208858 0.191212 0.174359 0.162453 0.150541 0.140767 0.133684 0.129195 0.127189 0.127678 0.13023 0.134629 0.140739 0.152436 0.162416 0.181547 0.210912 -9999 -9999
-9999 -9999 -9999 0.13387 0.138622 0.138246 0.140787 0.142923 0.144129 0.14464 0.144399 0.13293 0.132869 0.134405 0.139627 0.138834 0.137838 0.135383 0.137344 0.141098 0.150554 0.173182 0.187617 0.217893 0.24204 0.256071 0.268461 0.275058 0.291286 0.313171 0.335697 0.367209 0.390498 0.411906 0.437918 0.445179 0.443939 0.441951 0.433712 0.417723 0.40293 0.390735 0.378724 0.367536 0.351469 0.335723 0.316632 0.29976 0.283693 0.264878 0.24563 0.223285 0.203302 0.167318 0.15093 0.140945 0.130558 0.123029 0.118351 0.116453 0.117275 0.120541 0.125493 0.131768 0.137038 0.152152 0.17943 0.200804 -9999 -9999
-9999 -9999 -9999 -9999 0.139824 0.143486 0.148083 0.150881 0.151036 0.149505 0.145835 0.144459 0.140482 0.132888 0.137748 0.142496 0.137254 0.135677 0.135167 0.138043 0.14331 0.171321 0.189244 0.207621 0.232304 0.239497 0.251712 0.267932 0.287055 0.316748 0.346369 0.384092 0.412596 0.427032 0.448619 0.452748 0.454546 0.445581 0.437357 0.431365 0.423285 0.400884 0.38986 0.372483 0.353359 0.340943 0.318178 0.301993 0.280452 0.260014 0.239202 0.228892 0.199609 0.17976 0.155757 0.130161 0.121506 0.113697 0.108918 0.107333 0.108572 0.112335 0.117943 0.123388 0.131686 0.144667 0.177595 0.197376 -9999 -9999
-9999 -9999 -9999 -9999 -9999 -9999 0.151222 0.153267 0.154633 0.153583 0.146633 0.143455 0.140067 0.137369 0.136856 0.138644 0.139327 0.138373 0.144983 0.14617 0.146607 0.155724 0.167773 0.19325 0.211042 0.220627 0.239045 0.265491 0.290537 0.315751 0.348369 0.383056 0.414214 0.440104 0.453055 0.450564 0.447741 0.438803 0.433974 0.434908 0.425742 0.410632 0.391266 0.373409 0.358037 0.34502 0.320826 0.305528 0.278338 0.255884 0.236436 0.216918 0.195576 0.171885 0.152265 0.131303 0.117426 0.106357 0.101696 0.100271 0.101888 0.106103 0.111781 0.119266 0.127526 0.136114 0.170296 0.198215 -9999 -9999
-9999 -9999 -9999 -9999 -9999 -9999 0.157277 0.16017 0.159407 0.151785 0.14723 0.143819 0.141421 0.137599 0.136095 0.138356 0.141425 0.145967 0.153958 0.15463 0.152203 0.156099 0.167207 0.191698 0.198495 0.216685 0.237932 0.267747 0.294955 0.318296 0.350836 0.387145 0.413541 0.442278 0.449029 0.452757 0.451781 0.441931 0.433276 0.426626 0.424867 0.411712 0.390951 0.376574 0.364889 0.345903 0.323476 0.309576 0.279149 0.254111 0.233075 0.209997 0.189307 0.166899 0.145606 0.127146 0.112695 0.103189 0 0 0 0.102079 0.108544 0.116317 0.124934 0.133762 0.15898 0.197057 -9999 -9999
-9999 -9999 -9999 -9999 -9999 -9999 -9999 0.167593 0.162331 0.151672 0.148629 0.147103 0.142013 0.138626 0.137746 0.137055 0.141355 0.14937 0.166834 0.167005 0.165438 0.16281 0.168414 0.183463 0.199563 0.222089 0.254365 0.285531 0.305747 0.326701 0.355548 0.389113 0.416588 0.424673 0.430149 0.432538 0.43584 0.441216 0.433959 0.424994 0.422378 0.408291 0.390329 0.378933 0.363978 0.346693 0.324607 0.302976 0.280007 0.252364 0.23234 0.207436 0.185637 0.164218 0.143762 0.125931 0.111398 0.101756 0 0 0 0.101099 0.107605 0.115525 0.124197 0.133061 0.142961 0.167179 0.183229 -9999
-9999 -9999 -9999 -9999 -9999 -9999 -9999 0.176888 0.175361 0.162405 0.157902 0.149918 0.143923 0.140561 0.141279 0.142384 0.148906 0.151512 0.168377 0.17839 0.179697 0.191369 0.18673 0.186209 0.201834 0.24786 0.275918 0.301578 0.317993 0.336484 0.357633 0.397311 0.417343 0.417539 0.420951 0.423987 0.425952 0.429091 0.430188 0.417409 0.41085 0.399065 0.388548 0.374317 0.36335 0.348292 0.320113 0.301893 0.280123 0.252556 0.234217 0.207213 0.186159 0.166015 0.14681 0.127528 0.113795 0.104087 0 0 0 0.10298 0.109121 0.116777 0.125288 0.133783 0.142076 0.151771 0.166358 0.174248
-9999 -9999 -9999 -9999 -9999 -9999 -9999 -9999 0.19074 0.172286 0.163299 0.156804 0.147645 0.143788 0.147018 0.14708 0.154034 0.161992 0.177487 0.197584 0.209787 0.195674 0.186992 0.190238 0.203518 0.244162 0.270744 0.288629 0.30064 0.3233 0.344533 0.37987 0.398347 0.416666 0.425127 0.427066 0.424084 0.420308 0.415689 0.413073 0.404368 0.39488 0.384006 0.370111 0.355175 0.338092 0.318562 0.294254 0.275662 0.251943 0.230651 0.209449 0.189442 0.171526 0.150669 0.13272 0.11935 0.109571 0.104371 0.102749 0.104543 0.109274 0.11294 0.120063 0.127908 0.135986 0.143647 0.151056 0.157825 0.167576
-9999 -9999 -9999 -9999 -9999 -9999 -9999 -9999 0.203485 0.185007 0.175686 0.162069 0.153825 0.155618 0.151847 0.151684 0.156886 0.167595 0.178951 0.200833 0.225973 0.204994 0.195051 0.196665 0.211206 0.243033 0.253332 0.274579 0.289534 0.314864 0.334885 0.360377 0.380379 0.39946 0.420985 0.43028 0.418694 0.4131 0.406592 0.401129 0.394371 0.385873 0.379043 0.366289 0.359441 0.337 0.313588 0.294545 0.274743 0.254052 0.233432 0.213088 0.193929 0.17416 0.158136 0.139085 0.127353 0.118514 0.113185 0.111362 0.112749 0.116795 0.122903 0.12192 0.131951 0.139272 0.146298 0.152997 0.158387 0.162971
-9999 -9999 -9999 -9999 -9999 -9999 -9999 -9999 0.234109 0.206865 0.185401 0.171971 0.170456 0.164112 0.159691 0.161194 0.16307 0.171226 0.18119 0.197378 0.221403 0.24142 0.226206 0.212504 0.21697 0.227509 0.243237 0.264167 0.284727 0.300939 0.315787 0.343238 0.369645 0.390996 0.39989 0.410918 0.403133 0.404312 0.405798 0.389579 0.385093 0.378996 0.3752 0.373318 0.358656 0.345296 0.319778 0.306038 0.282803 0.259587 0.238395 0.2188 0.201274 0.181386 0.16449 0.149736 0.138185 0.129739 0.124473 0.122329 0.123103 0.126439 0.131583 0.137818 0.133244 0.139145 0.149688 0.155574 0.160327 0.16437
-9999 -9999 -9999 -9999 -9999 -9999 -9999 -9999 0.238564 0.216608 0.195988 0.195617 0.181324 0.175625 0.169053 0.167982 0.170585 0.178176 0.189375 0.203584 0.224991 0.244838 0.243686 0.228444 0.229694 0.233749 0.246771 0.261473 0.277172 0.297678 0.313051 0.335291 0.352235 0.367818 0.381637 0.396424 0.386483 0.387368 0.390008 0.380962 0.377274 0.381946 0.381976 0.372648 0.35911 0.349733 0.328439 0.313878 0.292888 0.265612 0.250644 0.231236 0.210348 0.191854 0.175043 0.161561 0.150701 0.142566 0.137339 0.134839 0.134923 0.137377 0.141441 0.146608 0.152486 0.143895 0.148875 0.153838 0.162851 0.166275
-9999 -9999 -9999 -9999 -9999 -9999 -9999 -9999 0.245078 0.229379 0.210755 0.206743 0.192277 0.185011 0.179438 0.17826 0.181949 0.186661 0.19499 0.208025 0.220475 0.238719 0.262089 0.252262 0.247559 0.248684 0.264467 0.27268 0.287099 0.303748 0.325196 0.333304 0.339463 0.355984 0.36571 0.375718 0.37155 0.373626 0.374072 0.372796 0.378358 0.385577 0.388332 0.371654 0.362179 0.350077 0.339558 0.318203 0.2939 0.273682 0.261991 0.24823 0.222647 0.203051 0.187722 0.174661 0.164024 0.156351 0.150963 0.148209 0.147686 0.149099 0.152077 0.15605 0.160622 0.165327 0.153177 0.157258 0.160606 0.157913
-9999 -9999 -9999 -9999 -9999 -9999 -9999 -9999 -9999 0.24683 0.240748 0.219008 0.205881 0.196955 0.192058 0.191441 0.193793 0.197847 0.204485 0.215407 0.229542 0.249509 0.268078 0.274208 0.268008 0.272896 0.281581 0.282198 0.290929 0.309581 0.346896 0.34298 0.341817 0.349437 0.356381 0.361995 0.361935 0.364749 0.367218 0.372003 0.38825 0.391604 0.392635 0.383427 0.377372 0.361824 0.344179 0.320476 0.30089 0.283129 0.274783 0.260119 0.231222 0.212584 0.199854 0.185935 0.177743 0.170254 0.164935 0.161854 0.160618 0.161086 0.162927 0.161432 0.164595 0.167932 0.152048 0.155337 0.158662 0.161386
-9999 -9999 -9999 -9999 -9999 -9999 -9999 -9999 -9999 0.277402 0.254079 0.229123 0.220094 0.211204 0.203789 0.203539 0.20734 0.212245 0.218647 0.226949 0.242214 0.258673 0.276076 0.289278 0.299074 0.290143 0.29511 0.290835 0.299582 0.312417 0.344442 0.358644 0.353247 0.348785 0.353308 0.358409 0.374227 0.37281 0.379812 0.387875 0.387524 0.387216 0.390041 0.378243 0.375693 0.362468 0.348267 0.329732 0.31297 0.29219 0.28431 0.273368 0.245329 0.226981 0.214559 0.19881 0.187996 0.180333 0.174887 0.171278 0.169379 0.168841 0.169556 0.171115 0.1732 0.175641 0.178381 0.16136 0.173017 0.174732
-9999 -9999 -9999 -9999 -9999 -9999 -9999 -9999 -9999 0.283924 0.26756 0.245525 0.228911 0.227102 0.219152 0.215561 0.219959 0.225854 0.233064 0.239528 0.255174 0.273022 0.290042 0.30962 0.318453 0.322396 0.299413 0.300014 0.309123 0.321897 0.345743 0.349849 0.34792 0.349128 0.352556 0.357305 0.362559 0.365354 0.370415 0.371226 0.375663 0.382803 0.381732 0.372034 0.375774 0.365428 0.350318 0.339532 0.318692 0.301456 0.29697 0.275837 0.254124 0.237375 0.2223 0.210523 0.201294 0.193267 0.18788 0.183966 0.181498 0.180311 0.180089 0.180766 0.181881 0.184088 0.186799 0.196713 0.179599 0.180109
-9999 -9999 -9999 -9999 -9999 -9999 -9999 -9999 -9999 0.290681 0.27583 0.256712 0.244812 0.242314 0.233881 0.227045 0.229346 0.235501 0.240161 0.248681 0.262535 0.278351 0.296034 0.309664 0.330173 0.329783 0.308206 0.309719 0.315838 0.339059 0.350827 0.352167 0.352611 0.355703 0.35398 0.357361 0.361544 0.371216 0.375258 0.372076 0.371267 0.370571 0.373193 0.36714 0.364501 0.357779 0.349883 0.341775 0.325628 0.312746 0.293529 0.277291 0.26059 0.246162 0.233005 0.222948 0.213727 0.205517 0.200004 0.195867 0.19298 0.191094 0.190188 0.190232 0.190643 0.192962 0.196912 0.203902 0.19177 0.184911
-9999 -9999 -9999 -9999 -9999 -9999 -9999 -9999 -9999 0.302574 0.286676 0.270186 0.26297 0.26152 0.246483 0.23799 0.239571 0.243817 0.249334 0.263315 0.268285 0.276728 0.292965 0.31405 0.337118 0.34547 0.335399 0.320737 0.326681 0.353811 0.365738 0.369898 0.366909 0.363917 0.359521 0.360486 0.365071 0.379494 0.393622 0.385597 0.375943 0.372252 0.369417 0.370519 0.36557 0.359337 0.355326 0.346086 0.337916 0.323746 0.301678 0.286404 0.269978 0.255132 0.246762 0.237024 0.225442 0.216668 0.211179 0.206835 0.203464 0.201094 0.19953 0.19923 0.199375 0.200364 0.209302 0.214717 0.221114 0.18874
-9999 -9999 -9999 -9999 -9999 -9999 -9999 -9999 -9999 0.316553 0.304441 0.288468 0.281702 0.271796 0.257649 0.251457 0.249697 0.252238 0.256978 0.265549 0.273389 0.284663 0.300896 0.321301 0.343817 0.362097 0.367233 0.335836 0.336459 0.367536 0.380638 0.380992 0.377333 0.367997 0.363891 0.36592 0.368723 0.372428 0.38268 0.393957 0.391374 0.38132 0.381765 0.38194 0.371471 0.364028 0.360263 0.354356 0.342389 0.322541 0.312162 0.298253 0.28164 0.263088 0.252496 0.24428 0.233348 0.22675 0.221243 0.216626 0.213001 0.210149 0.20799 0.206897 0.207007 0.212034 0.216399 0.222927 0.22284 0.188367
-9999 -9999 -9999 -9999 -9999 -9999 -9999 -9999 -9999 0.333498 0.319018 0.303665 0.289622 0.276795 0.266289 0.26628 0.262239 0.264637 0.264965 0.26999 0.279047 0.289336 0.304112 0.327858 0.349811 0.3736 0.379361 0.359502 0.36153 0.376976 0.397894 0.391616 0.383133 0.375106 0.372226 0.381255 0.377569 0.379043 0.382763 0.388884 0.397976 0.393938 0.397728 0.392 0.380333 0.370762 0.362589 0.355844 0.341759 0.326898 0.319262 0.307121 0.291297 0.274943 0.259574 0.250338 0.241891 0.235514 0.230053 0.225333 0.221435 0.218319 0.215925 0.214346 0.217576 0.222012 0.224213 0.227919 0.227038 0.213412
