Test_Spring_2018/12_17/Prec/20171213_023.txt
ncols	170
nrows	115
xllcorner	350000.000000
yllcorner	4445000.000000
cellsize	1000.000000
nodata_value	-9999.000000
[rows 31 to 61 of 115, columns 70 to 139 of 170]
1.33334 1.33629 1.33515 1.32771 1.32526 1.314 1.34243 1.33936 1.31546 1.31254 1.30672 1.3047 1.30083 1.29403 1.29053 1.2771 1.23615 1.24208 1.23957 1.21985 1.21522 1.21254 1.18952 1.14799 1.12004 1.08454 1.05744 1.04409 1.01057 -9999 -9999 -9999 -9999 -9999 -9999 -9999 -9999 -9999 -9999 -9999 -9999 -9999 -9999 -9999 -9999 -9999 -9999 -9999 -9999 -9999 -9999 -9999 -9999 -9999 -9999 -9999 -9999 -9999 -9999 -9999 -9999 -9999 -9999 -9999 -9999 -9999 -9999 -9999 -9999 -9999
1.29841 1.29961 1.29749 1.29155 1.29599 1.3003 1.30583 1.27891 1.28566 1.28305 1.2778 1.26863 1.2644 1.25999 1.25628 1.244 1.21331 1.18407 1.1909 1.18348 1.16519 1.17071 1.15012 1.11462 1.06898 1.0713 1.05159 1.00978 0.968773 -9999 -9999 -9999 -9999 -9999 -9999 -9999 -9999 -9999 -9999 -9999 -9999 -9999 -9999 -9999 -9999 -9999 -9999 -9999 -9999 -9999 -9999 -9999 -9999 -9999 -9999 -9999 -9999 -9999 -9999 -9999 -9999 -9999 -9999 -9999 -9999 -9999 -9999 -9999 -9999 -9999
1.25511 1.26173 1.25908 1.25661 1.26502 1.26409 1.24605 1.25354 1.25496 1.2529 1.2487 1.24268 1.23717 1.23142 1.22079 1.20636 1.1792 1.14667 1.13469 1.14159 1.1345 1.12788 1.11024 1.08967 1.06273 1.06301 1.05511 1.01455 0.971418 0.914384 -9999 -9999 -9999 -9999 -9999 -9999 -9999 -9999 -9999 -9999 -9999 -9999 -9999 -9999 -9999 -9999 -9999 -9999 -9999 -9999 -9999 -9999 -9999 -9999 -9999 -9999 -9999 -9999 -9999 -9999 -9999 -9999 -9999 -9999 -9999 -9999 -9999 -9999 -9999 -9999
1.20991 1.2226 1.22003 1.2114 1.21698 1.22095 1.19642 1.21727 1.21462 1.2218 1.21742 1.21314 1.20469 1.19716 1.18708 1.17245 1.15309 1.13029 1.09355 1.10749 1.11654 1.10917 1.10057 1.08517 1.06114 1.06349 1.05352 0.995089 0.936454 0.912756 0.896805 -9999 -9999 -9999 -9999 -9999 -9999 -9999 -9999 -9999 -9999 -9999 -9999 -9999 -9999 -9999 -9999 -9999 -9999 -9999 -9999 -9999 -9999 -9999 -9999 -9999 -9999 -9999 -9999 -9999 -9999 -9999 -9999 -9999 -9999 -9999 -9999 -9999 -9999 -9999
-9999 1.18232 1.18093 1.17125 1.1776 1.1853 1.17829 1.16524 1.18861 1.18748 1.1862 1.18104 1.17145 1.15251 1.14583 1.14069 1.12639 1.1013 1.07622 1.06636 1.08493 1.08641 1.07928 1.07806 1.05842 1.05643 1.04546 1.01179 0.941641 0.917564 0.900359 0.875916 -9999 -9999 -9999 -9999 -9999 -9999 -9999 -9999 -9999 -9999 -9999 -9999 -9999 -9999 -9999 -9999 -9999 -9999 -9999 -9999 -9999 -9999 -9999 -9999 -9999 -9999 -9999 -9999 -9999 -9999 -9999 -9999 -9999 -9999 -9999 -9999 -9999 -9999
-9999 -9999 -9999 -9999 1.13603 1.1319 1.1335 1.13148 1.15786 1.15726 1.15609 1.15 1.13459 1.1242 1.11838 1.10691 1.09098 1.07979 1.06312 1.04617 1.04806 1.06451 1.0518 1.06147 1.05511 1.05174 1.03554 0.960645 0.922526 0.903809 0.888507 0.86788 -9999 -9999 -9999 -9999 -9999 -9999 -9999 -9999 -9999 -9999 -9999 -9999 -9999 -9999 -9999 -9999 -9999 -9999 -9999 -9999 -9999 -9999 -9999 -9999 -9999 -9999 -9999 -9999 -9999 -9999 -9999 -9999 -9999 -9999 -9999 -9999 -9999 -9999
-9999 -9999 -9999 -9999 -9999 1.10411 1.10276 1.11447 1.1285 1.12565 1.12623 1.11948 1.10899 1.09961 1.08947 1.07883 1.06567 1.05253 1.0374 1.03406 1.04497 1.04338 1.03874 1.03831 1.04158 1.03566 1.00042 0.936853 0.917194 0.879938 0.860875 0.854582 0.839077 -9999 -9999 -9999 -9999 -9999 -9999 -9999 -9999 -9999 -9999 -9999 -9999 0.809079 -9999 -9999 -9999 -9999 -9999 -9999 -9999 -9999 -9999 -9999 -9999 -9999 -9999 -9999 -9999 -9999 -9999 -9999 -9999 -9999 0.594694 -9999 -9999 -9999
-9999 -9999 -9999 -9999 1.08948 1.0796 1.08544 1.09172 1.08165 1.09772 1.09839 1.09067 1.08016 1.06963 1.05618 1.04867 1.03915 1.02555 1.02137 1.0245 1.02608 1.02821 1.0294 1.02765 1.02351 1.01755 0.95845 0.942231 0.929006 0.893508 0.875925 0.857063 0.832144 0.81144 -9999 -9999 -9999 -9999 -9999 -9999 -9999 0.809063 0.805172 0.802046 0.802207 0.808894 0.797664 -9999 -9999 -9999 -9999 -9999 -9999 -9999 -9999 -9999 -9999 -9999 -9999 -9999 -9999 -9999 -9999 -9999 -9999 -9999 0.600035 0.578966 -9999 -9999
-9999 -9999 -9999 -9999 1.04976 1.05966 1.06327 1.06894 1.0693 1.07541 1.06983 1.06351 1.05401 1.04216 1.02957 1.02326 1.0118 1.0052 1.00131 1.00707 1.00932 1.00871 1.00751 1.00614 0.999275 0.997468 0.949296 0.93831 0.921547 0.903574 0.876448 0.845405 0.814832 0.789148 -9999 -9999 -9999 -9999 -9999 -9999 0.807396 0.813874 0.816581 0.801929 0.808298 0.813216 0.806962 0.742362 -9999 -9999 -9999 -9999 -9999 -9999 -9999 -9999 -9999 -9999 -9999 -9999 -9999 -9999 0.684019 0.665333 0.631141 0.610597 0.595282 0.575231 -9999 -9999
-9999 -9999 -9999 -9999 1.02743 1.03914 1.04536 1.04865 1.04456 1.05795 1.04647 1.03776 1.02737 1.01708 1.00769 0.994978 0.987665 0.976148 0.984174 0.985131 0.985558 0.980306 0.979981 0.968171 0.963565 0.922064 0.932943 0.921065 0.898072 0.869313 0.835488 0.824267 0.808548 0.78513 -9999 -9999 -9999 -9999 -9999 -9999 0.803691 0.811351 0.817225 0.81575 0.800964 0.813036 0.76068 0.74546 0.736821 0.737348 0.734122 0.721181 0.718038 0.71453 0.704961 0.70428 -9999 -9999 -9999 -9999 0.688907 0.686456 0.683568 0.673632 0.636828 0.60937 0.583177 0.563704 -9999 -9999
-9999 -9999 -9999 -9999 1.01675 1.02447 1.02662 1.02359 1.0235 1.03354 1.02294 1.01414 1.00262 0.992028 0.98275 0.973611 0.964163 0.962797 0.962671 0.962301 0.949947 0.935738 0.948944 0.941313 0.892507 0.904423 0.914576 0.90217 0.875665 0.844322 0.830158 0.822031 0.802756 0.774053 -9999 -9999 -9999 0.772747 0.784306 0.783582 0.785982 0.797233 0.805103 0.815098 0.817166 0.782951 0.759249 0.743612 0.72679 0.722676 0.732255 0.728887 0.717383 0.713608 0.704088 0.691699 0.692535 0.691676 0.689314 0.685601 0.682722 0.680231 0.676349 0.666662 0.641885 0.619898 0.602723 0.548637 -9999 -9999
-9999 -9999 -9999 -9999 0.991155 0.997868 1.00116 1.01032 1.00483 1.00128 1.00283 0.993044 0.981371 0.96493 0.959197 0.95103 0.945371 0.941811 0.940359 0.930052 0.916374 0.903685 0.901416 0.887067 0.87656 0.878342 0.889394 0.881391 0.85635 0.828445 0.820215 0.808628 0.7797 0.753202 -9999 -9999 0.742223 0.766367 0.783261 0.791518 0.7933 0.792305 0.803119 0.801858 0.812193 0.77873 0.743492 0.738207 0.726755 0.722986 0.707986 0.702178 0.700791 0.700362 0.696964 0.692739 0.692138 0.689835 0.68754 0.685249 0.681021 0.679387 0.676413 0.66895 0.643139 0.626905 0.600209 0.539566 -9999 -9999
-9999 -9999 -9999 -9999 0.981478 0.988754 0.994219 0.99132 0.990051 0.98477 0.97984 0.973478 0.962079 0.946155 0.932968 0.929563 0.924235 0.92196 0.922528 0.914011 0.905538 0.890575 0.88443 0.861676 0.86044 0.841362 0.84722 0.844264 0.839328 0.838135 0.823784 0.804624 0.786227 0.756106 0.738434 -9999 0.738127 0.74796 0.768834 0.786854 0.798148 0.792918 0.805763 0.806369 0.789347 0.779051 0.750809 0.725465 0.716526 0.706713 0.708142 0.708152 0.701982 0.698724 0.694954 0.691832 0.689571 0.687465 0.685685 0.684147 0.682271 0.67998 0.67665 0.671456 0.656827 0.633586 0.603292 0.540402 -9999 -9999
-9999 -9999 -9999 0.953153 0.970532 0.982021 0.984397 0.982972 0.978631 0.971276 0.968526 0.9589 0.945745 0.932018 0.911376 0.903654 0.900245 0.904144 0.905897 0.90993 0.909243 0.890517 0.872854 0.860373 0.846945 0.836104 0.840519 0.85435 0.851292 0.837849 0.822297 0.801098 0.783167 0.763269 0.729951 0.728903 0.739006 0.74668 0.760752 0.783389 0.79928 0.805995 0.807687 0.794218 0.792121 0.767668 0.743607 0.731735 0.717628 0.707916 0.699328 0.697037 0.69111 0.695474 0.693598 0.689532 0.687459 0.685819 0.684606 0.683617 0.682302 0.680201 0.677476 0.673554 0.662574 0.64163 0.589478 0.541223 -9999 -9999
-9999 -9999 -9999 -9999 0.958889 0.964206 0.963426 0.960845 0.957881 0.953229 0.954434 0.941157 0.930799 0.917977 0.898582 0.88051 0.883506 0.885495 0.891381 0.89728 0.904455 0.875875 0.870231 0.866701 0.854406 0.858118 0.864966 0.864723 0.858939 0.834459 0.80904 0.778856 0.750945 0.744613 0.726023 0.728913 0.734938 0.755164 0.769681 0.775581 0.779907 0.80322 0.796415 0.785774 0.784573 0.768257 0.748092 0.73193 0.723894 0.713774 0.704743 0.679185 0.685955 0.680905 0.687242 0.688643 0.686211 0.684919 0.684204 0.683404 0.682413 0.680705 0.678201 0.670714 0.657662 0.639661 0.586068 0.541476 -9999 -9999
-9999 -9999 -9999 -9999 -9999 -9999 0.951865 0.950497 0.945188 0.939187 0.944627 0.93346 0.92108 0.907668 0.892499 0.874966 0.867426 0.868018 0.861786 0.874564 0.885483 0.891631 0.897014 0.88286 0.872904 0.885664 0.883687 0.867856 0.853752 0.838486 0.809639 0.785727 0.754717 0.730314 0.725084 0.742778 0.757224 0.777974 0.787119 0.781454 0.787473 0.788013 0.795851 0.795548 0.78621 0.768848 0.749281 0.72915 0.728145 0.718939 0.705172 0.692816 0.683867 0.683449 0.680884 0.686245 0.686081 0.684703 0.68414 0.683688 0.682873 0.681332 0.673521 0.667172 0.658968 0.648783 0.593323 0.535647 -9999 -9999
-9999 -9999 -9999 -9999 -9999 -9999 0.937729 0.934853 0.932961 0.937772 0.938492 0.92728 0.91275 0.900745 0.886784 0.870182 0.857019 0.848136 0.839206 0.848816 0.869573 0.884962 0.892549 0.880836 0.890722 0.889924 0.884186 0.863714 0.847011 0.835948 0.808252 0.782314 0.760174 0.731712 0.737588 0.745329 0.757241 0.779797 0.795605 0.801551 0.791868 0.795024 0.804538 0.797456 0.780783 0.772197 0.748482 0.724403 0.727243 0.720785 0.708126 0.700278 0.68876 0.685022 0.684363 0.68486 0.685316 0.684615 0.684111 0.683793 0.683169 0.679538 0.674766 0.668206 0.659575 0.64906 0.608714 0.534182 -9999 -9999
-9999 -9999 -9999 -9999 -9999 -9999 -9999 0.920595 0.926251 0.936203 0.934348 0.920066 0.910211 0.897607 0.882714 0.871177 0.85636 0.84145 0.816469 0.826866 0.846143 0.872553 0.889498 0.893852 0.888325 0.880466 0.856422 0.834 0.829438 0.822745 0.8016 0.780507 0.756764 0.763314 0.77146 0.781543 0.786292 0.783234 0.79666 0.8067 0.798968 0.803633 0.808283 0.795942 0.784465 0.772601 0.747897 0.736306 0.725981 0.723332 0.7084 0.703107 0.692965 0.687205 0.684886 0.684184 0.684748 0.684335 0.684077 0.683934 0.682553 0.6798 0.67486 0.667868 0.6589 0.648047 0.633261 0.582025 0.550181 -9999
-9999 -9999 -9999 -9999 -9999 -9999 -9999 0.905353 0.904803 0.918925 0.92015 0.91741 0.909813 0.897917 0.881018 0.869208 0.848653 0.843096 0.819858 0.812208 0.826357 0.828245 0.862004 0.892127 0.886664 0.838703 0.821352 0.807829 0.809303 0.806385 0.797835 0.766146 0.754552 0.773995 0.785215 0.793829 0.800522 0.799474 0.799214 0.81573 0.814781 0.81586 0.808348 0.801251 0.78354 0.76842 0.754362 0.737532 0.725678 0.723382 0.706086 0.704823 0.693929 0.686487 0.682492 0.684611 0.684101 0.683952 0.682967 0.682889 0.681468 0.678184 0.673297 0.666117 0.656768 0.64592 0.63331 0.606143 0.57653 0.556049
-9999 -9999 -9999 -9999 -9999 -9999 -9999 -9999 0.881576 0.905508 0.915483 0.911331 0.910315 0.900529 0.879412 0.8688 0.850881 0.836681 0.815826 0.793409 0.784756 0.829397 0.86903 0.891724 0.888548 0.848568 0.83263 0.83117 0.839038 0.828052 0.818314 0.793219 0.783277 0.771204 0.773024 0.779939 0.791118 0.804657 0.81374 0.81311 0.816232 0.813956 0.807924 0.801345 0.791565 0.781199 0.753624 0.748573 0.732847 0.72553 0.714664 0.705034 0.693803 0.683826 0.683675 0.684375 0.683803 0.680282 0.680818 0.680662 0.679097 0.675685 0.669874 0.66257 0.653348 0.642309 0.630028 0.605992 0.589316 0.565655
-9999 -9999 -9999 -9999 -9999 -9999 -9999 -9999 0.864833 0.889503 0.901679 0.910971 0.895471 0.890536 0.884891 0.875899 0.861876 0.843574 0.829781 0.803958 0.778059 0.824027 0.866285 0.890207 0.894388 0.85574 0.865669 0.856948 0.858276 0.841221 0.831962 0.8224 0.808467 0.793758 0.767096 0.755993 0.786703 0.802446 0.814263 0.818427 0.818699 0.815883 0.806532 0.797186 0.775584 0.776268 0.756885 0.745262 0.73388 0.723732 0.713972 0.705077 0.694611 0.689594 0.682843 0.681083 0.676297 0.677056 0.677459 0.676893 0.674933 0.671355 0.665911 0.658416 0.64842 0.637574 0.625497 0.601715 0.587118 0.572182
-9999 -9999 -9999 -9999 -9999 -9999 -9999 -9999 0.8198 0.860042 0.873365 0.886606 0.892407 0.891526 0.888669 0.87834 0.871035 0.857659 0.846278 0.829553 0.80449 0.790493 0.825577 0.873997 0.894237 0.888514 0.887308 0.877162 0.867092 0.863491 0.86104 0.846877 0.81038 0.792251 0.778826 0.773708 0.796523 0.799782 0.797551 0.819837 0.816792 0.810959 0.795961 0.774653 0.767974 0.753961 0.740151 0.722443 0.719719 0.716673 0.710672 0.703222 0.692747 0.682762 0.679871 0.672455 0.672554 0.672718 0.672555 0.671592 0.669333 0.665339 0.659766 0.652734 0.642877 0.632171 0.620047 0.59656 0.582812 0.56884
-9999 -9999 -9999 -9999 -9999 -9999 -9999 -9999 0.79585 0.838256 0.866327 0.875544 0.889834 0.889733 0.892306 0.88788 0.880507 0.868713 0.855272 0.841288 0.819467 0.80409 0.827275 0.860546 0.883784 0.885982 0.886739 0.884938 0.880928 0.851242 0.84773 0.842925 0.832555 0.804396 0.795497 0.782067 0.80691 0.809506 0.804703 0.814841 0.810997 0.788106 0.768273 0.759757 0.755243 0.738131 0.717429 0.705574 0.702225 0.709173 0.690218 0.684494 0.681923 0.679351 0.668561 0.667843 0.667419 0.667112 0.666363 0.664958 0.662398 0.658136 0.652485 0.645359 0.636592 0.625101 0.613686 0.589623 0.577605 0.564759
-9999 -9999 -9999 -9999 -9999 -9999 -9999 -9999 0.769578 0.828233 0.853782 0.872363 0.888685 0.893064 0.895715 0.892989 0.884892 0.878535 0.869904 0.857249 0.849307 0.834907 0.814608 0.852421 0.865824 0.869348 0.843293 0.852109 0.850278 0.844043 0.837447 0.841722 0.826231 0.812748 0.808519 0.801172 0.814651 0.814066 0.812319 0.809281 0.790354 0.764258 0.741441 0.747392 0.737503 0.728377 0.691733 0.690269 0.69263 0.687865 0.677371 0.665175 0.673622 0.661937 0.661569 0.661345 0.661176 0.660127 0.659104 0.657064 0.654043 0.649769 0.644046 0.637042 0.62873 0.619335 0.606456 0.582886 0.570407 0.547317
-9999 -9999 -9999 -9999 -9999 -9999 -9999 -9999 -9999 0.786544 0.815229 0.846718 0.863343 0.873182 0.877191 0.875592 0.871178 0.866547 0.860515 0.850334 0.837759 0.818156 0.803385 0.811646 0.8221 0.816111 0.82165 0.841007 0.846443 0.834489 0.804534 0.802654 0.81877 0.818202 0.816607 0.814773 0.814934 0.811984 0.806194 0.792841 0.756348 0.742064 0.723352 0.718149 0.70409 0.702113 0.677391 0.683159 0.680915 0.675329 0.654404 0.645289 0.64388 0.647013 0.643659 0.646003 0.653543 0.652197 0.650523 0.648009 0.644775 0.640418 0.634813 0.62174 0.613201 0.603733 0.589605 0.565888 0.552824 0.540482
-9999 -9999 -9999 -9999 -9999 -9999 -9999 -9999 -9999 0.773639 0.809337 0.847159 0.857962 0.868906 0.878291 0.877048 0.870898 0.865191 0.859507 0.853259 0.837862 0.82287 0.80842 0.802837 0.804372 0.796815 0.806613 0.832128 0.835406 0.831149 0.782249 0.771789 0.792903 0.810692 0.811325 0.808725 0.785525 0.788631 0.77452 0.755403 0.74712 0.735323 0.714802 0.71561 0.69766 0.69485 0.665062 0.665053 0.661059 0.663563 0.644738 0.632434 0.629593 0.633984 0.631391 0.637601 0.638701 0.637567 0.6355 0.632741 0.629009 0.624357 0.618419 0.611387 0.603368 0.594322 0.584125 0.566665 0.527098 0.516679
-9999 -9999 -9999 -9999 -9999 -9999 -9999 -9999 -9999 0.779551 0.803995 0.837628 0.862135 0.862112 0.873341 0.878529 0.871927 0.864782 0.857594 0.853918 0.836965 0.818372 0.803022 0.784912 0.786149 0.79649 0.807696 0.823136 0.823945 0.817958 0.779412 0.784049 0.797451 0.80392 0.804791 0.801366 0.794812 0.789923 0.778536 0.771477 0.755331 0.731581 0.718632 0.717258 0.690386 0.684701 0.684815 0.647025 0.65247 0.651545 0.629463 0.613981 0.623205 0.626386 0.62936 0.62953 0.628177 0.627457 0.624702 0.621549 0.617634 0.612794 0.607116 0.6003 0.592772 0.583157 0.572257 0.548674 0.514154 0.505958
-9999 -9999 -9999 -9999 -9999 -9999 -9999 -9999 -9999 0.785713 0.807909 0.837159 0.854403 0.8563 0.869069 0.880334 0.877656 0.870181 0.867082 0.859389 0.844586 0.828258 0.810391 0.800742 0.780591 0.796503 0.801752 0.814098 0.818412 0.780721 0.771966 0.779678 0.787556 0.789418 0.797668 0.795388 0.789666 0.772424 0.762269 0.76175 0.754567 0.744462 0.726018 0.719518 0.704703 0.694436 0.684115 0.642888 0.642435 0.63619 0.616406 0.617277 0.6195 0.619943 0.620532 0.618306 0.617087 0.616475 0.613419 0.609867 0.605693 0.600954 0.595318 0.5885 0.581193 0.570568 0.556931 0.537821 0.491419 0.495806
-9999 -9999 -9999 -9999 -9999 -9999 -9999 -9999 -9999 0.783522 0.807589 0.832723 0.842528 0.843182 0.867599 0.882059 0.880825 0.876565 0.871752 0.854297 0.853677 0.848753 0.832109 0.808534 0.782647 0.782365 0.786845 0.803691 0.807104 0.760131 0.749839 0.751583 0.764107 0.775164 0.786938 0.787856 0.780706 0.754852 0.727261 0.734694 0.742428 0.737595 0.728796 0.71088 0.700815 0.690759 0.675081 0.64212 0.624012 0.621385 0.607418 0.606731 0.60952 0.611488 0.604583 0.60214 0.604959 0.605092 0.601553 0.597711 0.593572 0.588784 0.583371 0.576281 0.568648 0.559602 0.537017 0.520166 0.48588 0.486874
-9999 -9999 -9999 -9999 -9999 -9999 -9999 -9999 -9999 0.777774 0.795351 0.819707 0.828982 0.8442 0.867407 0.878202 0.882683 0.8812 0.877388 0.868542 0.86236 0.851773 0.834118 0.810593 0.784501 0.766342 0.770907 0.787206 0.769741 0.742827 0.729684 0.737044 0.749952 0.77102 0.781668 0.780214 0.775558 0.767352 0.745956 0.72058 0.716258 0.722156 0.70795 0.691854 0.69149 0.683985 0.668515 0.655254 0.619422 0.59931 0.592929 0.590616 0.594292 0.602955 0.60009 0.595203 0.596873 0.593111 0.589227 0.585342 0.581038 0.576417 0.571351 0.564967 0.556816 0.540454 0.525165 0.506104 0.498054 0.48461
-9999 -9999 -9999 -9999 -9999 -9999 -9999 -9999 -9999 0.766622 0.787881 0.811069 0.832631 0.85286 0.870016 0.870427 0.878711 0.87729 0.880595 0.877253 0.868401 0.858748 0.842749 0.812745 0.786764 0.758506 0.761279 0.777632 0.751134 0.734285 0.707504 0.725667 0.74638 0.764943 0.773249 0.759723 0.765754 0.761048 0.750405 0.733464 0.709189 0.704705 0.684656 0.678366 0.679923 0.675971 0.667965 0.65621 0.630979 0.59447 0.583703 0.578539 0.580987 0.585994 0.591176 0.587923 0.585236 0.580862 0.576589 0.572511 0.568261 0.563662 0.558571 0.552601 0.53881 0.523105 0.511166 0.496601 0.489657 0.488275
