Test_Spring_2018/12_17/Prec/20171217_009.txt
ncols	170
nrows	115
xllcorner	350000.000000
yllcorner	4445000.000000
cellsize	1000.000000
nodata_value	-9999.000000
[rows 31 to 61 of 115, columns 70 to 139 of 170]
0 0 0 0 0 0 0 0 0 0 0 0 0.101797 0.107675 0.111312 0.119882 0.143042 0.139117 0.138937 0.147387 0.146497 0.143717 0.151647 0.169427 0.179324 0.193302 0.195915 0.208532 0.220962 -9999 -9999 -9999 -9999 -9999 -9999 -9999 -9999 -9999 -9999 -9999 -9999 -9999 -9999 -9999 -9999 -9999 -9999 -9999 -9999 -9999 -9999 -9999 -9999 -9999 -9999 -9999 -9999 -9999 -9999 -9999 -9999 -9999 -9999 -9999 -9999 -9999 -9999 -9999 -9999 -9999
0 0 0 0 0 0 0 0 0 0 0 0 0.103491 0.107305 0.110413 0.117875 0.135049 0.150773 0.14567 0.147825 0.155379 0.149056 0.156805 0.1725 0.193588 0.187751 0.194184 0.217706 0.225611 -9999 -9999 -9999 -9999 -9999 -9999 -9999 -9999 -9999 -9999 -9999 -9999 -9999 -9999 -9999 -9999 -9999 -9999 -9999 -9999 -9999 -9999 -9999 -9999 -9999 -9999 -9999 -9999 -9999 -9999 -9999 -9999 -9999 -9999 -9999 -9999 -9999 -9999 -9999 -9999 -9999
0 0 0 0 0 0 0 0 0 0 0 0 0 0.103883 0.110298 0.118549 0.133559 0.151175 0.156883 0.151609 0.153713 0.155152 0.162377 0.170943 0.182818 0.179331 0.180308 0.193857 0.214853 0.231208 -9999 -9999 -9999 -9999 -9999 -9999 -9999 -9999 -9999 -9999 -9999 -9999 -9999 -9999 -9999 -9999 -9999 -9999 -9999 -9999 -9999 -9999 -9999 -9999 -9999 -9999 -9999 -9999 -9999 -9999 -9999 -9999 -9999 -9999 -9999 -9999 -9999 -9999 -9999 -9999
0 0 0 0 0 0 0 0 0 0 0 0 0 0.103819 0.109412 0.117416 0.12792 0.140175 0.16003 0.151393 0.145266 0.148075 0.151326 0.158146 0.169555 0.166042 0.169237 0.186293 0.213019 0.223117 0.228976 -9999 -9999 -9999 -9999 -9999 -9999 -9999 -9999 -9999 -9999 -9999 -9999 -9999 -9999 -9999 -9999 -9999 -9999 -9999 -9999 -9999 -9999 -9999 -9999 -9999 -9999 -9999 -9999 -9999 -9999 -9999 -9999 -9999 -9999 -9999 -9999 -9999 -9999 -9999
-9999 0 0 0 0 0 0 0 0 0 0 0 0 0.109875 0.113094 0.115471 0.123009 0.136634 0.150311 0.15552 0.144843 0.143636 0.147108 0.147104 0.157165 0.157138 0.161888 0.17073 0.192113 0.211491 0.218613 0.229778 -9999 -9999 -9999 -9999 -9999 -9999 -9999 -9999 -9999 -9999 -9999 -9999 -9999 -9999 -9999 -9999 -9999 -9999 -9999 -9999 -9999 -9999 -9999 -9999 -9999 -9999 -9999 -9999 -9999 -9999 -9999 -9999 -9999 -9999 -9999 -9999 -9999 -9999
-9999 -9999 -9999 -9999 0 0 0 0 0 0 0 0 0.102531 0.107288 0.109552 0.115137 0.123452 0.129413 0.138724 0.148449 0.147833 0.139179 0.146776 0.141756 0.145468 0.147234 0.155842 0.176159 0.193873 0.210458 0.217034 0.226473 -9999 -9999 -9999 -9999 -9999 -9999 -9999 -9999 -9999 -9999 -9999 -9999 -9999 -9999 -9999 -9999 -9999 -9999 -9999 -9999 -9999 -9999 -9999 -9999 -9999 -9999 -9999 -9999 -9999 -9999 -9999 -9999 -9999 -9999 -9999 -9999 -9999 -9999
-9999 -9999 -9999 -9999 -9999 0 0 0 0 0 0 0 0 0.103244 0.107431 0.112213 0.118841 0.12598 0.134754 0.13743 0.132525 0.134834 0.138929 0.14059 0.13997 0.144144 0.157458 0.179783 0.190502 0.215459 0.224607 0.22641 0.233217 -9999 -9999 -9999 -9999 -9999 -9999 -9999 -9999 -9999 -9999 -9999 -9999 0.227317 -9999 -9999 -9999 -9999 -9999 -9999 -9999 -9999 -9999 -9999 -9999 -9999 -9999 -9999 -9999 -9999 -9999 -9999 -9999 -9999 0.278088 -9999 -9999 -9999
-9999 -9999 -9999 -9999 0 0 0 0 0 0 0 0 0 0.102971 0.108501 0.11117 0.115606 0.123063 0.126033 0.125638 0.126682 0.127806 0.129638 0.13307 0.137606 0.142774 0.15789 0.167821 0.17557 0.193636 0.208836 0.217986 0.230296 0.240134 -9999 -9999 -9999 -9999 -9999 -9999 -9999 0.230031 0.230879 0.231099 0.22921 0.22335 0.22713 -9999 -9999 -9999 -9999 -9999 -9999 -9999 -9999 -9999 -9999 -9999 -9999 -9999 -9999 -9999 -9999 -9999 -9999 -9999 0.271986 0.282235 -9999 -9999
-9999 -9999 -9999 -9999 0 0 0 0 0 0 0 0 0 0.102219 0.106721 0.108327 0.113655 0.117251 0.120349 0.119006 0.120402 0.123941 0.128085 0.132331 0.139403 0.143205 0.154124 0.161826 0.172139 0.182537 0.201772 0.218022 0.233708 0.246489 -9999 -9999 -9999 -9999 -9999 -9999 0.227374 0.222821 0.220246 0.227133 0.221964 0.217212 0.218262 0.229672 -9999 -9999 -9999 -9999 -9999 -9999 -9999 -9999 -9999 -9999 -9999 -9999 -9999 -9999 0.225737 0.235456 0.253766 0.264301 0.271684 0.281425 -9999 -9999
-9999 -9999 -9999 -9999 0 0 0 0 0 0 0 0 0 0.101216 0.103358 0.108115 0.110904 0.117259 0.113968 0.115804 0.118921 0.125911 0.13053 0.14161 0.148416 0.158397 0.155233 0.164094 0.178448 0.195326 0.219708 0.224008 0.231596 0.243254 -9999 -9999 -9999 -9999 -9999 -9999 0.225162 0.220207 0.216109 0.215851 0.222649 0.213991 0.220447 0.225871 0.227315 0.223402 0.221428 0.226364 0.223599 0.22182 0.223701 0.220978 -9999 -9999 -9999 -9999 0.22065 0.221354 0.222464 0.227546 0.247541 0.262119 0.2757 0.277583 -9999 -9999
-9999 -9999 -9999 -9999 0 0 0 0 0 0 0 0 0 0.101847 0.103424 0.105801 0.109561 0.110232 0.111692 0.11467 0.12549 0.138167 0.135986 0.145622 0.165826 0.16039 0.158339 0.168128 0.184982 0.203744 0.217003 0.220162 0.229912 0.241612 -9999 -9999 -9999 0.238114 0.230961 0.2308 0.228949 0.2221 0.216961 0.213156 0.210671 0.213817 0.219818 0.2252 0.230906 0.229255 0.219789 0.21749 0.220594 0.218672 0.220282 0.218473 0.215626 0.214177 0.214003 0.214974 0.215793 0.216606 0.21829 0.223192 0.241918 0.253632 0.262306 0.280104 -9999 -9999
-9999 -9999 -9999 -9999 0 0 0 0 0 0 0 0 0.100524 0.104965 0.10396 0.105325 0.106695 0.108545 0.110944 0.119902 0.132092 0.144701 0.152034 0.155496 0.167086 0.168397 0.166341 0.174055 0.187289 0.204519 0.210049 0.220448 0.235602 0.249506 -9999 -9999 0.252677 0.238469 0.228498 0.223496 0.222165 0.222317 0.215671 0.215425 0.208243 0.212624 0.225353 0.224739 0.229221 0.227015 0.223409 0.222492 0.21988 0.216535 0.215083 0.214551 0.212497 0.211909 0.211811 0.212148 0.213908 0.214444 0.215816 0.219647 0.233551 0.241832 0.249307 0.278101 -9999 -9999
-9999 -9999 -9999 -9999 0 0 0 0 0 0 0 0 0.101414 0.10494 0.107525 0.105783 0.106691 0.107757 0.109185 0.117516 0.127356 0.141934 0.152219 0.162262 0.169306 0.18095 0.182052 0.187299 0.192829 0.195462 0.204582 0.219127 0.228996 0.244868 0.25385 -9999 0.252353 0.24627 0.234219 0.223912 0.21741 0.220048 0.21236 0.21112 0.208771 0.21182 0.220577 0.223524 0.224163 0.225247 0.220101 0.216753 0.216455 0.214253 0.213235 0.212043 0.210938 0.210321 0.210069 0.210156 0.210795 0.211892 0.213645 0.216361 0.224132 0.231048 0.246487 0.276613 -9999 -9999
-9999 -9999 -9999 0 0 0 0 0 0 0 0 0 0 0.104019 0.110277 0.110551 0.110137 0.107678 0.108553 0.110169 0.116114 0.133366 0.142829 0.155327 0.169257 0.179171 0.181555 0.177872 0.182756 0.192586 0.202804 0.218326 0.228096 0.238648 0.256422 0.256258 0.249972 0.245221 0.237088 0.224315 0.215343 0.211387 0.209967 0.208438 0.207136 0.211131 0.217184 0.219185 0.222336 0.22303 0.223187 0.220016 0.219475 0.213508 0.210987 0.210719 0.209564 0.208796 0.208374 0.208328 0.208836 0.210002 0.211567 0.213691 0.215324 0.225809 0.249695 0.271572 -9999 -9999
-9999 -9999 -9999 -9999 0 0 0 0 0 0 0 0 0 0.102831 0.110116 0.115874 0.111685 0.110216 0.108843 0.109608 0.111475 0.128365 0.138086 0.146944 0.16061 0.163002 0.164405 0.168942 0.175689 0.192 0.208023 0.228585 0.244221 0.247398 0.25712 0.25488 0.251008 0.239366 0.231083 0.227728 0.225263 0.212062 0.209708 0.208815 0.20575 0.210683 0.214319 0.21833 0.217747 0.218371 0.218531 0.22816 0.220324 0.21915 0.212194 0.208732 0.208223 0.20739 0.206844 0.206854 0.207337 0.208419 0.209967 0.211245 0.215114 0.2233 0.250989 0.270757 -9999 -9999
-9999 -9999 -9999 -9999 -9999 -9999 0 0 0 0 0 0 0.100982 0.10304 0.106613 0.113669 0.115246 0.114498 0.119897 0.116791 0.113114 0.1156 0.119303 0.134268 0.145541 0.144571 0.151151 0.164648 0.176305 0.187739 0.20594 0.223077 0.240679 0.254161 0.256698 0.246366 0.237869 0.226043 0.220831 0.223971 0.220563 0.214543 0.207269 0.203897 0.205017 0.21017 0.213241 0.219135 0.21434 0.21422 0.216846 0.218985 0.219806 0.216053 0.214127 0.208456 0.206562 0.206177 0.205694 0.205646 0.206145 0.207216 0.208931 0.21127 0.214216 0.217851 0.246378 0.27336 -9999 -9999
-9999 -9999 -9999 -9999 -9999 -9999 0 0 0.101213 0 0 0.100113 0.102969 0.104329 0.107291 0.112801 0.118119 0.122631 0.128818 0.126568 0.11963 0.116906 0.119347 0.132945 0.133267 0.139937 0.148721 0.164947 0.178224 0.187508 0.205285 0.223669 0.236553 0.252526 0.249069 0.244471 0.237567 0.224804 0.215921 0.212189 0.215474 0.21135 0.202897 0.203028 0.207945 0.207901 0.213092 0.220944 0.213803 0.212002 0.213918 0.213505 0.215736 0.213913 0.211038 0.208224 0.206137 0.205355 0.205067 0.205042 0.205492 0.206532 0.208311 0.210635 0.213649 0.217278 0.237173 0.273465 -9999 -9999
-9999 -9999 -9999 -9999 -9999 -9999 -9999 0.105367 0.102817 0 0 0.102629 0.103167 0.105138 0.108853 0.111706 0.117852 0.125778 0.14107 0.138262 0.131987 0.122918 0.119937 0.124379 0.133196 0.143706 0.162662 0.179983 0.186544 0.193501 0.207779 0.223599 0.237596 0.234244 0.229727 0.223999 0.221228 0.222854 0.215296 0.209007 0.211712 0.2066 0.20068 0.20354 0.205343 0.206926 0.212538 0.213282 0.213398 0.209428 0.21262 0.210834 0.212367 0.211813 0.210028 0.208052 0.206065 0.205255 0.204884 0.204825 0.205408 0.206399 0.20816 0.210575 0.213607 0.217247 0.222707 0.245897 0.260137 -9999
-9999 -9999 -9999 -9999 -9999 -9999 -9999 0.11225 0.113296 0.104758 0.106048 0.10368 0.103414 0.105432 0.110655 0.113917 0.122861 0.125764 0.139723 0.147448 0.143786 0.148093 0.135377 0.125084 0.133537 0.166176 0.181199 0.19343 0.196574 0.201446 0.208777 0.230662 0.238063 0.227714 0.221673 0.216931 0.213196 0.212922 0.213294 0.203366 0.202201 0.199 0.199762 0.19958 0.204756 0.208066 0.207684 0.21134 0.212334 0.208231 0.212847 0.208951 0.211056 0.211635 0.210981 0.207613 0.206376 0.205525 0.20517 0.205253 0.205774 0.207015 0.208614 0.210981 0.214068 0.217559 0.221681 0.231358 0.244317 0.252188
-9999 -9999 -9999 -9999 -9999 -9999 -9999 -9999 0.1253 0.111567 0.108555 0.10751 0.104147 0.105557 0.110238 0.114447 0.123422 0.131244 0.143847 0.158414 0.168976 0.149007 0.132548 0.125921 0.132592 0.16038 0.174294 0.179554 0.178978 0.188287 0.196289 0.214632 0.221251 0.228662 0.228034 0.22133 0.214992 0.208505 0.203632 0.203243 0.199807 0.19839 0.198298 0.197812 0.198561 0.199244 0.206447 0.203635 0.206927 0.205791 0.207007 0.207993 0.210496 0.21272 0.210132 0.207735 0.206664 0.206052 0.205887 0.205943 0.206445 0.207508 0.209665 0.21196 0.214847 0.218341 0.22221 0.2301 0.23587 0.245592
-9999 -9999 -9999 -9999 -9999 -9999 -9999 -9999 0.13411 0.120267 0.116743 0.108787 0.106901 0.107568 0.109032 0.112684 0.119734 0.129973 0.138623 0.154948 0.172211 0.151607 0.135926 0.128044 0.131252 0.156522 0.15558 0.164566 0.167404 0.179954 0.18762 0.197407 0.20634 0.215339 0.225367 0.230516 0.215105 0.207305 0.200848 0.197751 0.1959 0.194883 0.196342 0.197713 0.205168 0.199814 0.202568 0.203638 0.204734 0.205422 0.206274 0.207109 0.209428 0.209126 0.210433 0.206791 0.207396 0.207004 0.20682 0.206986 0.207575 0.208595 0.210131 0.212173 0.216008 0.219343 0.223089 0.23084 0.235554 0.240542
-9999 -9999 -9999 -9999 -9999 -9999 -9999 -9999 0.159044 0.136809 0.122451 0.114386 0.109541 0.108765 0.109103 0.113872 0.117444 0.125077 0.132383 0.143489 0.160017 0.171025 0.157376 0.134718 0.132452 0.13868 0.143478 0.152868 0.161767 0.16659 0.170321 0.182758 0.194984 0.207516 0.21272 0.217715 0.206537 0.205575 0.206876 0.193627 0.193643 0.194376 0.199466 0.206735 0.205824 0.209623 0.209464 0.214221 0.21078 0.207799 0.206845 0.207155 0.209726 0.207755 0.207822 0.208581 0.208259 0.208083 0.208072 0.208306 0.20891 0.210028 0.211531 0.213363 0.216065 0.219064 0.224107 0.231749 0.236149 0.240787
-9999 -9999 -9999 -9999 -9999 -9999 -9999 -9999 0.15921 0.14261 0.127176 0.12104 0.112438 0.111665 0.109396 0.111237 0.115119 0.122018 0.130483 0.139927 0.154386 0.165799 0.156114 0.144078 0.135078 0.136046 0.143937 0.148239 0.153407 0.159292 0.164447 0.172617 0.180908 0.193029 0.200269 0.209628 0.197088 0.196323 0.198952 0.192445 0.192937 0.203288 0.21123 0.21226 0.209459 0.214276 0.217881 0.221177 0.218417 0.210177 0.210653 0.210582 0.209219 0.208574 0.209855 0.209537 0.209383 0.209312 0.209454 0.20976 0.210377 0.211523 0.212993 0.214852 0.21725 0.220354 0.223618 0.2314 0.23696 0.241193
-9999 -9999 -9999 -9999 -9999 -9999 -9999 -9999 0.157576 0.148865 0.135114 0.123957 0.114607 0.111743 0.109825 0.11106 0.115602 0.119607 0.125398 0.133977 0.140444 0.150967 0.165137 0.147113 0.146505 0.146073 0.148259 0.146312 0.150394 0.156975 0.171703 0.171751 0.175582 0.185287 0.189557 0.195197 0.188733 0.189542 0.190337 0.191138 0.200083 0.212331 0.222116 0.215301 0.216903 0.216164 0.228989 0.218697 0.21266 0.211046 0.215954 0.219701 0.212262 0.212778 0.211726 0.211018 0.210563 0.210721 0.210824 0.211307 0.212035 0.213088 0.214554 0.216359 0.218576 0.221157 0.224707 0.232408 0.236318 0.241758
-9999 -9999 -9999 -9999 -9999 -9999 -9999 -9999 -9999 0.156417 0.141457 0.125005 0.116628 0.111855 0.11021 0.111637 0.114655 0.117883 0.122048 0.128734 0.136994 0.149433 0.159434 0.156827 0.156837 0.161349 0.160708 0.152449 0.152027 0.16134 0.183505 0.17888 0.172129 0.17454 0.177268 0.179755 0.184326 0.186232 0.189141 0.195643 0.214422 0.21607 0.223389 0.222636 0.226425 0.220939 0.227223 0.219403 0.216313 0.21547 0.223666 0.225424 0.219093 0.215613 0.216267 0.214129 0.211935 0.212061 0.212332 0.212909 0.213627 0.214654 0.216043 0.218201 0.22037 0.222858 0.226583 0.234439 0.238769 0.242946
-9999 -9999 -9999 -9999 -9999 -9999 -9999 -9999 -9999 0.164 0.1455 0.125601 0.120586 0.115325 0.110817 0.112183 0.116291 0.120216 0.124246 0.128747 0.138539 0.148301 0.15796 0.162861 0.16397 0.172892 0.169474 0.157352 0.15769 0.162252 0.185937 0.193558 0.18349 0.175141 0.176149 0.17864 0.192213 0.190588 0.197992 0.207563 0.210448 0.214684 0.223238 0.219419 0.225713 0.223313 0.230177 0.225965 0.224185 0.219095 0.226313 0.229826 0.223967 0.219689 0.219755 0.215245 0.213802 0.21368 0.214018 0.214564 0.215388 0.216414 0.21784 0.219588 0.221658 0.224152 0.227226 0.232695 0.249843 0.253252
-9999 -9999 -9999 -9999 -9999 -9999 -9999 -9999 -9999 0.161525 0.149393 0.131938 0.119395 0.12039 0.114987 0.112888 0.117356 0.122159 0.127062 0.130113 0.140705 0.152354 0.162335 0.173994 0.174984 0.17101 0.169251 0.162335 0.163616 0.168701 0.185541 0.184217 0.177941 0.175416 0.175826 0.178364 0.182295 0.184867 0.190577 0.193343 0.200643 0.211667 0.216185 0.213833 0.225394 0.224903 0.221055 0.232241 0.225466 0.2225 0.231678 0.231482 0.223945 0.22022 0.216995 0.215634 0.21532 0.214735 0.215257 0.215876 0.216725 0.217855 0.219214 0.220992 0.223 0.226069 0.229822 0.240689 0.253436 0.255904
-9999 -9999 -9999 -9999 -9999 -9999 -9999 -9999 -9999 0.159048 0.148284 0.133402 0.125049 0.125111 0.11898 0.113605 0.115971 0.121012 0.123642 0.128895 0.138195 0.148432 0.159619 0.166308 0.178944 0.171527 0.172973 0.167372 0.166273 0.182118 0.187794 0.184259 0.180578 0.180152 0.176001 0.177502 0.180633 0.189842 0.194689 0.193718 0.196017 0.199507 0.207243 0.207953 0.213013 0.21532 0.217529 0.230562 0.227284 0.227432 0.230073 0.22568 0.221964 0.219616 0.217519 0.217265 0.216638 0.215771 0.216279 0.216998 0.21794 0.219041 0.22048 0.222432 0.224547 0.228449 0.234021 0.242689 0.262167 0.257902
-9999 -9999 -9999 -9999 -9999 -9999 -9999 -9999 -9999 0.161376 0.149712 0.137279 0.133233 0.134135 0.121633 0.114582 0.116216 0.119495 0.123068 0.133705 0.134969 0.13867 0.148956 0.163157 0.178693 0.17998 0.177107 0.173212 0.172202 0.192281 0.198347 0.197675 0.190938 0.184935 0.178401 0.177744 0.181356 0.195123 0.209531 0.204027 0.197981 0.198579 0.201038 0.208268 0.210845 0.213205 0.218564 0.231031 0.233557 0.231754 0.22977 0.227226 0.223061 0.219675 0.22154 0.221166 0.218047 0.216554 0.217169 0.21795 0.218847 0.220029 0.221471 0.22377 0.226312 0.229613 0.240477 0.248179 0.263758 0.258908
-9999 -9999 -9999 -9999 -9999 -9999 -9999 -9999 -9999 0.165834 0.157976 0.146161 0.142584 0.135515 0.123823 0.11892 0.117425 0.119168 0.122145 0.127885 0.13211 0.13878 0.149391 0.163284 0.17862 0.189543 0.187797 0.182491 0.183258 0.200712 0.207922 0.203671 0.196287 0.184281 0.17799 0.178314 0.18024 0.183922 0.194705 0.207419 0.208069 0.202699 0.208242 0.21455 0.211817 0.212856 0.218179 0.22217 0.23193 0.234466 0.233317 0.231551 0.226709 0.219361 0.218721 0.219457 0.216741 0.217219 0.21788 0.218608 0.219598 0.220767 0.22217 0.224291 0.227385 0.235063 0.242157 0.251389 0.254525 0.255921
-9999 -9999 -9999 -9999 -9999 -9999 -9999 -9999 -9999 0.173459 0.163774 0.152829 0.142594 0.132903 0.124731 0.125726 0.12216 0.123865 0.122809 0.12536 0.130905 0.136833 0.146257 0.163466 0.17841 0.194615 0.193494 0.183119 0.195517 0.204365 0.218761 0.208059 0.195913 0.184922 0.179586 0.186336 0.182029 0.183546 0.188171 0.196079 0.207824 0.208247 0.217082 0.217961 0.214202 0.21329 0.21445 0.217566 0.226137 0.23279 0.23372 0.23335 0.228954 0.223379 0.217965 0.217515 0.216985 0.217607 0.218351 0.21913 0.220116 0.221381 0.22298 0.225111 0.23164 0.23926 0.244796 0.25182 0.254614 0.252827
