Test_Spring_2018/12_17/Prec/20171203_016.txt
ncols	170
nrows	115
xllcorner	350000.000000
yllcorner	4445000.000000
cellsize	1000.000000
nodata_value	-9999.000000
[rows 33 to 65 of 115, columns 76 to 151 of 170]
0.212556 0.221253 0.224881 0.228787 0.230953 0.231589 0.232283 0.232614 0.229676 0.224304 0.210812 0.194126 0.191272 0.201255 0.202721 0.205138 0.201032 0.195637 0.186672 0.195931 0.200234 0.189915 0.181691 0.17985 -9999 -9999 -9999 -9999 -9999 -9999 -9999 -9999 -9999 -9999 -9999 -9999 -9999 -9999 -9999 -9999 -9999 -9999 -9999 -9999 -9999 -9999 -9999 -9999 -9999 -9999 -9999 -9999 -9999 -9999 -9999 -9999 -9999 -9999 -9999 -9999 -9999 -9999 -9999 -9999 -9999 -9999 -9999 -9999 -9999 -9999 -9999 -9999 -9999 -9999 -9999 -9999
0.211748 0.212262 0.216075 0.226165 0.228543 0.230768 0.230051 0.229725 0.227581 0.222372 0.214059 0.203595 0.18423 0.19818 0.209322 0.210221 0.210838 0.207555 0.199186 0.208495 0.210189 0.195879 0.193899 0.186157 0.183166 -9999 -9999 -9999 -9999 -9999 -9999 -9999 -9999 -9999 -9999 -9999 -9999 -9999 -9999 -9999 -9999 -9999 -9999 -9999 -9999 -9999 -9999 -9999 -9999 -9999 -9999 -9999 -9999 -9999 -9999 -9999 -9999 -9999 -9999 -9999 -9999 -9999 -9999 -9999 -9999 -9999 -9999 -9999 -9999 -9999 -9999 -9999 -9999 -9999 -9999 -9999
0.204428 0.210935 0.216361 0.221276 0.226051 0.228177 0.227217 0.219933 0.220379 0.221579 0.2166 0.204442 0.192238 0.190011 0.206495 0.21214 0.212581 0.217357 0.210656 0.21598 0.215926 0.211378 0.202632 0.196837 0.19235 0.18284 -9999 -9999 -9999 -9999 -9999 -9999 -9999 -9999 -9999 -9999 -9999 -9999 -9999 -9999 -9999 -9999 -9999 -9999 -9999 -9999 -9999 -9999 -9999 -9999 -9999 -9999 -9999 -9999 -9999 -9999 -9999 -9999 -9999 -9999 -9999 -9999 -9999 -9999 -9999 -9999 -9999 -9999 -9999 -9999 -9999 -9999 -9999 -9999 -9999 -9999
0.191227 0.204707 0.213066 0.218645 0.223936 0.22596 0.22173 0.220484 0.221846 0.219104 0.21304 0.209682 0.202467 0.19491 0.199639 0.214018 0.209726 0.220475 0.221327 0.22471 0.220305 0.213985 0.197895 0.195438 0.191686 0.184252 -9999 -9999 -9999 -9999 -9999 -9999 -9999 -9999 -9999 -9999 -9999 -9999 -9999 -9999 -9999 -9999 -9999 -9999 -9999 -9999 -9999 -9999 -9999 -9999 -9999 -9999 -9999 -9999 -9999 -9999 -9999 -9999 -9999 -9999 -9999 -9999 -9999 -9999 -9999 -9999 -9999 -9999 -9999 -9999 -9999 -9999 -9999 -9999 -9999 -9999
0.187193 0.198922 0.209953 0.214477 0.221423 0.223585 0.223121 0.223011 0.221906 0.219867 0.215541 0.210605 0.203856 0.204423 0.214116 0.21572 0.215602 0.218694 0.22479 0.225583 0.216614 0.206957 0.199921 0.18732 0.180777 0.182426 0.177799 -9999 -9999 -9999 -9999 -9999 -9999 -9999 -9999 -9999 -9999 -9999 -9999 0.188206 -9999 -9999 -9999 -9999 -9999 -9999 -9999 -9999 -9999 -9999 -9999 -9999 -9999 -9999 -9999 -9999 -9999 -9999 -9999 -9999 0 -9999 -9999 -9999 -9999 -9999 -9999 -9999 -9999 -9999 -9999 -9999 -9999 -9999 -9999 -9999
0.190642 0.199127 0.206128 0.211898 0.219496 0.221655 0.221777 0.22143 0.21851 0.218661 0.216613 0.211044 0.210855 0.214853 0.217524 0.22052 0.223135 0.224326 0.224638 0.22456 0.224016 0.218376 0.215198 0.199134 0.197585 0.190923 0.180088 0.171627 -9999 -9999 -9999 -9999 -9999 -9999 -9999 0.190085 0.188062 0.18643 0.186939 0.191795 0.185138 -9999 -9999 -9999 -9999 -9999 -9999 -9999 -9999 -9999 -9999 -9999 -9999 -9999 -9999 -9999 -9999 -9999 -9999 -9999 0 0 -9999 -9999 -9999 -9999 -9999 -9999 -9999 -9999 -9999 -9999 -9999 -9999 -9999 -9999
0.18955 0.198036 0.204006 0.212012 0.216205 0.219975 0.221399 0.220725 0.218729 0.219801 0.216377 0.214998 0.214386 0.21929 0.221439 0.221604 0.221613 0.222044 0.219675 0.221545 0.225624 0.223089 0.217414 0.211414 0.2047 0.190111 0.175633 0.163973 -9999 -9999 -9999 -9999 -9999 -9999 0.193859 0.198403 0.200259 0.190714 0.194917 0.198335 0.194718 0.176388 -9999 -9999 -9999 -9999 -9999 -9999 -9999 -9999 -9999 -9999 -9999 -9999 -9999 -9999 0.143954 0.130869 0.107592 0 0 0 -9999 -9999 -9999 -9999 -9999 -9999 -9999 -9999 -9999 -9999 -9999 -9999 -9999 -9999
0.189784 0.197214 0.200906 0.207615 0.215282 0.21823 0.219758 0.220646 0.221103 0.218134 0.217287 0.212313 0.218833 0.219776 0.21977 0.215876 0.215419 0.20808 0.206338 0.211054 0.221721 0.21842 0.208618 0.195625 0.184374 0.1829 0.178248 0.168198 -9999 -9999 -9999 -9999 -9999 -9999 0.197148 0.202007 0.205463 0.204066 0.194092 0.201856 0.189677 0.18012 0.175071 0.176212 0.175104 0.170638 0.166638 0.165423 0.160257 0.160807 -9999 -9999 -9999 -9999 0.152241 0.150015 0.147248 0.139702 0.114543 0 0 0 -9999 -9999 -9999 -9999 -9999 -9999 -9999 -9999 -9999 -9999 -9999 -9999 -9999 -9999
0.188023 0.191886 0.198876 0.205202 0.213091 0.214556 0.215865 0.217007 0.217839 0.217284 0.214875 0.216064 0.216552 0.215688 0.206255 0.195347 0.202536 0.200303 0.190894 0.20568 0.21567 0.211946 0.199894 0.185355 0.187185 0.187672 0.180927 0.167547 -9999 -9999 -9999 0.180479 0.189284 0.189287 0.190678 0.197381 0.201635 0.207851 0.208449 0.204448 0.190219 0.180438 0.170149 0.168399 0.17581 0.174974 0.168691 0.167541 0.162644 0.159707 0.16101 0.160996 0.159741 0.157315 0.155136 0.152937 0.149603 0.142321 0.12085 0.105147 0 0 -9999 -9999 -9999 -9999 -9999 -9999 -9999 -9999 -9999 -9999 -9999 -9999 -9999 -9999
0.198531 0.19124 0.19512 0.2013 0.205568 0.213079 0.21503 0.212972 0.216532 0.216785 0.216744 0.216122 0.21511 0.206932 0.195666 0.184727 0.180833 0.188246 0.181564 0.188721 0.198929 0.203503 0.193623 0.181277 0.182223 0.185441 0.171846 0.160056 -9999 -9999 0.164875 0.182659 0.194707 0.200215 0.200768 0.199002 0.204672 0.202454 0.207999 0.201624 0.179697 0.17665 0.171541 0.170152 0.166869 0.164433 0.167485 0.165688 0.164619 0.162909 0.163387 0.162515 0.161353 0.159866 0.156786 0.15509 0.152267 0.146336 0.128345 0.11658 0 0 -9999 -9999 -9999 -9999 -9999 -9999 -9999 -9999 -9999 -9999 -9999 -9999 -9999 -9999
0.199235 0.203354 0.209505 0.199884 0.201495 0.208606 0.214056 0.212903 0.211989 0.215499 0.215566 0.215413 0.215113 0.20731 0.198528 0.185155 0.177815 0.176882 0.175866 0.170241 0.176955 0.179144 0.181148 0.186504 0.189466 0.187955 0.182283 0.167561 0.161127 -9999 0.168213 0.176576 0.190998 0.202537 0.208869 0.203869 0.210372 0.208902 0.210068 0.202984 0.185493 0.174329 0.169469 0.164274 0.166605 0.169924 0.169869 0.168958 0.165402 0.164516 0.163997 0.163314 0.162521 0.16153 0.159961 0.157791 0.15467 0.150138 0.13935 0.124566 0.10368 0 -9999 -9999 -9999 -9999 -9999 -9999 -9999 -9999 -9999 -9999 -9999 -9999 -9999 -9999
0.198968 0.204518 0.209138 0.212576 0.215494 0.209043 0.211814 0.214097 0.208639 0.209447 0.210652 0.214183 0.214114 0.213794 0.20929 0.192638 0.19001 0.181413 0.172348 0.170047 0.175791 0.18901 0.192434 0.190103 0.187139 0.184602 0.184974 0.178071 0.16075 0.164378 0.174102 0.180976 0.190768 0.205016 0.213963 0.216317 0.215105 0.214976 0.212879 0.200797 0.186223 0.179273 0.171146 0.166135 0.162068 0.162262 0.162359 0.16825 0.168181 0.164848 0.164503 0.164156 0.163748 0.163112 0.161889 0.15981 0.157041 0.153288 0.14617 0.131323 0 0 -9999 -9999 -9999 -9999 -9999 -9999 -9999 -9999 -9999 -9999 -9999 -9999 -9999 -9999
0.190499 0.195682 0.201551 0.207074 0.213322 0.214709 0.21749 0.212543 0.208844 0.202959 0.208219 0.210218 0.212404 0.212744 0.21274 0.198854 0.19262 0.188603 0.180079 0.186915 0.194252 0.198398 0.200235 0.19098 0.181923 0.173773 0.163095 0.166042 0.16319 0.168731 0.175815 0.190798 0.200715 0.203805 0.2049 0.217718 0.218295 0.213201 0.212286 0.201809 0.189772 0.180104 0.176028 0.170857 0.166612 0.151751 0.16012 0.158355 0.163906 0.167038 0.165131 0.165013 0.164923 0.164402 0.163378 0.161543 0.158905 0.153792 0.146025 0.13359 0 0 -9999 -9999 -9999 -9999 -9999 -9999 -9999 -9999 -9999 -9999 -9999 -9999 -9999 -9999
0.187386 0.193615 0.198143 0.202919 0.212345 0.215148 0.216614 0.216325 0.213298 0.205391 0.203663 0.204533 0.198519 0.203162 0.210833 0.211677 0.212427 0.201326 0.197037 0.206734 0.20835 0.202427 0.198991 0.195947 0.184907 0.181008 0.168549 0.15994 0.162956 0.179677 0.193523 0.208781 0.215071 0.210444 0.212423 0.215987 0.220559 0.21999 0.213787 0.202669 0.191041 0.178863 0.179454 0.174966 0.167717 0.161535 0.159636 0.160907 0.160654 0.165371 0.166225 0.165827 0.165811 0.165501 0.16459 0.162876 0.158219 0.153536 0.147604 0.140371 0.103645 0 -9999 -9999 -9999 -9999 -9999 -9999 -9999 -9999 -9999 -9999 -9999 -9999 -9999 -9999
0.18198 0.187313 0.194059 0.205794 0.212198 0.214769 0.214612 0.215017 0.212568 0.206423 0.200073 0.194636 0.187793 0.191591 0.202 0.208795 0.210929 0.201386 0.209906 0.210786 0.20999 0.201104 0.196058 0.195858 0.185692 0.180537 0.173967 0.16281 0.173143 0.183426 0.194879 0.211745 0.222299 0.225371 0.21934 0.220786 0.22645 0.221484 0.210541 0.205201 0.19091 0.176231 0.1794 0.176766 0.170289 0.167079 0.163469 0.162552 0.163499 0.164991 0.16619 0.166329 0.166237 0.165995 0.16522 0.162789 0.1593 0.154601 0.148527 0.141217 0.114466 0 -9999 -9999 -9999 -9999 -9999 -9999 -9999 -9999 -9999 -9999 -9999 -9999 -9999 -9999
-9999 0.18127 0.192714 0.207481 0.2119 0.212025 0.214472 0.214079 0.210683 0.20759 0.200259 0.190845 0.173197 0.177557 0.187076 0.201148 0.209482 0.210507 0.209028 0.205365 0.192676 0.182536 0.185402 0.188033 0.18211 0.180066 0.172402 0.184019 0.195789 0.207559 0.21431 0.214285 0.223358 0.229542 0.223954 0.226409 0.228946 0.22061 0.213124 0.205722 0.190844 0.18437 0.179011 0.178895 0.170953 0.1694 0.166645 0.164348 0.164135 0.16476 0.165947 0.166204 0.16626 0.166102 0.165 0.162964 0.159477 0.154638 0.1485 0.141125 0.131177 0.101356 0 -9999 -9999 -9999 -9999 -9999 -9999 -9999 -9999 -9999 -9999 -9999 -9999 -9999
-9999 0.174089 0.181061 0.198016 0.203807 0.210794 0.214075 0.213577 0.208422 0.204933 0.194617 0.191049 0.175077 0.167039 0.173445 0.171784 0.191319 0.209352 0.208118 0.178408 0.170109 0.165733 0.172438 0.177386 0.17949 0.170383 0.170432 0.190258 0.203865 0.214551 0.222492 0.224648 0.224525 0.234796 0.234021 0.234212 0.228907 0.224083 0.212628 0.203195 0.195326 0.185494 0.179173 0.179297 0.169796 0.170823 0.167542 0.164056 0.162646 0.165003 0.165393 0.165746 0.165502 0.165288 0.164218 0.161876 0.158543 0.153729 0.147506 0.140296 0.131914 0.117908 0 0 0 -9999 -9999 -9999 -9999 -9999 -9999 -9999 -9999 -9999 -9999 -9999
-9999 -9999 0.167734 0.190374 0.200961 0.206198 0.212981 0.213171 0.210075 0.205089 0.194418 0.185276 0.171024 0.155197 0.144662 0.171243 0.194965 0.208464 0.209056 0.184658 0.177291 0.180689 0.191382 0.190813 0.19182 0.186759 0.187539 0.186498 0.193701 0.207239 0.217259 0.226884 0.232936 0.232139 0.233456 0.232674 0.228458 0.224094 0.217924 0.211689 0.19509 0.192982 0.184156 0.180994 0.175638 0.171136 0.167616 0.162368 0.163345 0.164661 0.164909 0.163848 0.164049 0.163797 0.162678 0.160442 0.156496 0.151744 0.145759 0.138579 0.130552 0.118764 0.108288 0 0 0 -9999 -9999 -9999 -9999 -9999 -9999 -9999 -9999 -9999 -9999
-9999 -9999 0.158315 0.180598 0.191513 0.204569 0.212328 0.212938 0.211749 0.20763 0.199443 0.187705 0.178251 0.160489 0.142459 0.16511 0.191649 0.206319 0.209164 0.188736 0.198221 0.196756 0.20294 0.198066 0.198955 0.203695 0.201422 0.198239 0.193693 0.19098 0.212605 0.22376 0.231727 0.234219 0.233867 0.231389 0.228474 0.221305 0.207558 0.208632 0.197457 0.191104 0.185114 0.180079 0.175384 0.171269 0.168254 0.166125 0.162681 0.163255 0.161476 0.161868 0.161987 0.1615 0.16018 0.157916 0.154556 0.151103 0.143213 0.136292 0.128519 0.117108 0.108031 0 0 0 0 0 0 -9999 -9999 -9999 -9999 -9999 -9999 -9999
-9999 -9999 0.130334 0.161845 0.18926 0.201675 0.209666 0.211795 0.212089 0.206898 0.203029 0.194578 0.186891 0.175343 0.158197 0.14834 0.162083 0.192939 0.207725 0.209099 0.211307 0.208754 0.207218 0.210709 0.21554 0.216913 0.211372 0.203641 0.201218 0.200231 0.216767 0.219902 0.218884 0.233401 0.231129 0.226938 0.216839 0.208138 0.204569 0.194258 0.186803 0.176517 0.176171 0.175731 0.17342 0.170153 0.167174 0.163327 0.162048 0.159323 0.159387 0.159404 0.159187 0.158491 0.157042 0.154586 0.151227 0.147027 0.142731 0.136439 0.126097 0.115097 0.106599 0 0 0 0 0 0 0 -9999 -9999 -9999 -9999 -9999 -9999
-9999 -9999 0.136135 0.162733 0.184424 0.194754 0.206671 0.208838 0.21232 0.210758 0.206765 0.199398 0.190538 0.181034 0.166309 0.155872 0.170868 0.181995 0.197724 0.204784 0.209523 0.212237 0.214346 0.21594 0.218667 0.22518 0.222706 0.212315 0.209445 0.203034 0.220959 0.223798 0.221302 0.22815 0.225635 0.210617 0.197652 0.192249 0.196446 0.186424 0.174759 0.165833 0.16508 0.171125 0.16229 0.159988 0.162264 0.16135 0.15721 0.156913 0.156668 0.156423 0.15588 0.154962 0.153391 0.150834 0.147498 0.143304 0.138104 0.133345 0.126532 0.115726 0.104815 0 0 0 0 0 0 0 0 -9999 -9999 -9999 -9999 -9999
-9999 -9999 0.136615 0.156922 0.176178 0.192105 0.204757 0.209357 0.212519 0.211822 0.207247 0.203438 0.197838 0.189409 0.183988 0.17446 0.161361 0.186571 0.183741 0.192113 0.194725 0.20444 0.207664 0.208328 0.214166 0.221194 0.22042 0.214954 0.215057 0.212612 0.223206 0.224121 0.223833 0.222361 0.210317 0.193522 0.178917 0.183225 0.177451 0.180351 0.158352 0.16104 0.164256 0.162789 0.154239 0.147679 0.157306 0.153318 0.153484 0.153564 0.153552 0.152897 0.152254 0.151002 0.149207 0.146711 0.143387 0.13932 0.134453 0.128882 0.123675 0.113321 0.105879 0 0 0 0 0 0 0 0 0 -9999 -9999 -9999 -9999
-9999 -9999 -9999 0.146965 0.16805 0.189468 0.200979 0.207904 0.210913 0.210189 0.207585 0.204839 0.201226 0.195018 0.187426 0.175499 0.167034 0.173947 0.168669 0.171331 0.178239 0.19463 0.202331 0.198963 0.189668 0.199221 0.213374 0.216291 0.218109 0.219303 0.220472 0.220005 0.217307 0.209388 0.186203 0.178518 0.166998 0.164434 0.156315 0.165509 0.151412 0.156837 0.157065 0.155074 0.14298 0.142092 0.14535 0.14794 0.146073 0.147742 0.149885 0.149137 0.148168 0.146697 0.144841 0.142353 0.13915 0.134286 0.129515 0.124127 0.11899 0.108811 0.10103 0 0 0 0 0 0 0 0 0 0 -9999 -9999 -9999
-9999 -9999 -9999 0.141293 0.165068 0.190059 0.19733 0.204632 0.210889 0.210214 0.206359 0.202838 0.19941 0.195741 0.186288 0.177337 0.16903 0.166839 0.169652 0.156091 0.165698 0.185952 0.192032 0.193417 0.179251 0.176192 0.193477 0.208281 0.211533 0.212277 0.199192 0.202878 0.195026 0.183676 0.179248 0.17249 0.160099 0.16174 0.151341 0.151022 0.14382 0.145529 0.144661 0.147987 0.137312 0.13462 0.137342 0.140907 0.139706 0.144073 0.144997 0.144421 0.143258 0.141721 0.139664 0.137133 0.133882 0.130001 0.125513 0.120334 0.114323 0.107279 0 0 0 0 0 0 0 0 0 0 0 -9999 -9999 -9999
-9999 -9999 -9999 0.146862 0.162554 0.18418 0.199856 0.199582 0.206702 0.209962 0.205624 0.201034 0.196543 0.194498 0.183997 0.17267 0.163742 0.153333 0.155871 0.164681 0.163309 0.176899 0.181213 0.181264 0.174494 0.181157 0.193324 0.200699 0.204107 0.204372 0.202257 0.200915 0.195075 0.191861 0.182611 0.168376 0.16123 0.161743 0.145795 0.143839 0.145841 0.134332 0.139699 0.140877 0.12817 0.127596 0.134716 0.13768 0.140307 0.140939 0.14046 0.140332 0.13887 0.13719 0.135085 0.132462 0.129369 0.125586 0.121352 0.115724 0.109178 0 0 0 0 0 0 0 0 0 0 0 0 -9999 -9999 -9999
-9999 -9999 -9999 0.152687 0.166083 0.184131 0.194459 0.194921 0.202625 0.209512 0.20748 0.202496 0.20055 0.195816 0.186682 0.176817 0.16624 0.161331 0.149895 0.162276 0.156001 0.167542 0.17405 0.168609 0.166602 0.175202 0.183718 0.18807 0.196307 0.197389 0.195941 0.186725 0.181915 0.183229 0.180114 0.175078 0.164657 0.162125 0.154315 0.149628 0.14506 0.132242 0.133896 0.13174 0.124749 0.131314 0.134078 0.135478 0.136779 0.136076 0.135898 0.136031 0.13453 0.132705 0.1305 0.127967 0.124883 0.121046 0.116879 0.110505 0.102089 0 0 0 0 0 0 0 0 0 0 0 0 0 0 -9999
-9999 -9999 -9999 0.153049 0.166739 0.181289 0.18606 0.18511 0.199905 0.208473 0.207075 0.203966 0.200761 0.189589 0.189674 0.187255 0.177508 0.163558 0.148412 0.150245 0.159616 0.157055 0.162959 0.152055 0.149039 0.153737 0.165274 0.17563 0.186205 0.189451 0.187197 0.172539 0.156576 0.163324 0.170208 0.168903 0.165068 0.155394 0.150969 0.146696 0.138899 0.120787 0.12272 0.123112 0.124904 0.126203 0.129587 0.13224 0.128916 0.128323 0.13101 0.131829 0.130176 0.128277 0.126161 0.12361 0.120643 0.116563 0.112095 0.106651 0 0 0 0 0 0 0 0 0 0 0 0 0 0 0 0
-9999 -9999 -9999 0.150944 0.159373 0.172498 0.176119 0.18397 0.197399 0.203116 0.205089 0.203543 0.20084 0.195214 0.191678 0.185622 0.175304 0.161491 0.146312 0.13658 0.141889 0.142415 0.145043 0.137506 0.132693 0.141094 0.152919 0.169842 0.179744 0.181531 0.181023 0.178024 0.166294 0.151887 0.151171 0.157138 0.150071 0.141883 0.144082 0.141771 0.134407 0.128596 0.120649 0.114212 0.117123 0.117653 0.121913 0.12923 0.128833 0.126925 0.129113 0.127607 0.125894 0.12408 0.121913 0.119475 0.11669 0.11299 0.108079 0 0 0 0 0 0 0 0 0 0 0 0 0 0 0 0 0
-9999 -9999 -9999 0.145027 0.154706 0.166041 0.176765 0.187103 0.19594 0.194371 0.198437 0.196672 0.198467 0.196391 0.191165 0.185835 0.176757 0.158906 0.143989 0.127853 0.132148 0.15002 0.135545 0.128574 0.115 0.130541 0.147532 0.162895 0.171345 0.165352 0.17192 0.171341 0.166791 0.158083 0.144595 0.144056 0.133463 0.131965 0.13573 0.136059 0.133894 0.129407 0.116884 0.112462 0.112895 0.111916 0.115728 0.121008 0.126187 0.125651 0.125269 0.123587 0.121789 0.119956 0.11787 0.115433 0.112568 0.109036 0.100322 0 0 0 0 0 0 0 0 0 0 0 0 0 0 0 0 0
-9999 -9999 -9999 -9999 0.15487 0.16587 0.173221 0.172492 0.179495 0.182193 0.184078 0.183005 0.193752 0.193126 0.189367 0.184321 0.176422 0.162709 0.153156 0.137529 0.126296 0.127635 0.115159 0.119793 0.119088 0.12612 0.14216 0.158766 0.160702 0.150363 0.151852 0.153874 0.15849 0.155658 0.137643 0.128154 0.120075 0.12455 0.1292 0.129566 0.128782 0.126597 0.113058 0.109545 0.115071 0.1187 0.11816 0.121162 0.122947 0.122201 0.121214 0.119558 0.117847 0.115956 0.113737 0.111419 0.108184 0.103646 0 0 0 0 0 0 0 0 0 0 0 0 0 0 0 0 0 0
-9999 -9999 -9999 -9999 0.150671 0.163228 0.161919 0.157061 0.14703 0.14646 0.166167 0.168416 0.178489 0.188338 0.186445 0.181454 0.174009 0.165653 0.153044 0.135399 0.121326 0.115234 0.129669 0.12664 0.1299 0.134703 0.144376 0.146168 0.135438 0.125308 0.130684 0.133802 0.146359 0.1484 0.145573 0.134624 0.122101 0.115283 0.122138 0.122442 0.122097 0.121294 0.114322 0.105897 0.114165 0.117023 0.118467 0.118462 0.119754 0.118808 0.11734 0.115847 0.114033 0.112058 0.109671 0.107094 0.102511 0 0 0 0 0 0 0 0 0 0 0 0 0 0 0 0 0 0 0
-9999 -9999 -9999 -9999 -9999 -9999 -9999 -9999 -9999 0.141119 0.142831 0.157011 0.168833 0.183154 0.182089 0.17775 0.173011 0.16097 0.147812 0.145292 0.129642 0.115106 0.128028 0.121794 0.129331 0.131873 0.134793 0.13014 0.120772 0.10795 0.113994 0.126389 0.139629 0.139325 0.139566 0.133931 0.125873 0.108053 0.115391 0.115377 0.115915 0.115157 0.105742 0.102655 0.11099 0.109587 0.112895 0.11699 0.116373 0.115297 0.113922 0.11231 0.110344 0.108244 0.10584 0.103013 0 0 0 0 0 0 0 0 0 0 0 0 0 0 0 0 0 0 0 0
-9999 -9999 -9999 -9999 -9999 -9999 -9999 -9999 -9999 0.12034 0.115644 0.148694 0.161865 0.17457 0.175968 0.171586 0.166112 0.159651 0.152201 0.141437 0.123536 0.110269 0.124021 0.115205 0.119318 0.118482 0.111267 0.110165 0 0 0.105756 0.11777 0.129321 0.131384 0.130454 0.129452 0.114278 0.102071 0.10422 0.105966 0.109694 0.102755 0 0.10217 0.107795 0.111173 0.113035 0.113565 0.113349 0.111985 0.110565 0.108899 0.106763 0.104562 0.102238 0 0 0 0 0 0 0 0 0 0 0 0 0 0 0 0 0 0 0 0 0
