Test_Spring_2018/12_17/Prec/20171218_011.txt
ncols	170
nrows	115
xllcorner	350000.000000
yllcorner	4445000.000000
cellsize	1000.000000
nodata_value	-9999.000000
[rows 31 to 61 of 115, columns 70 to 139 of 170]
0.108615 0.107135 0.107442 0.110655 0.112008 0.11174 0.113551 0.115539 0.121208 0.123553 0.127495 0.129982 0.133297 0.13772 0.140333 0.146681 0.164247 0.160525 0.159504 0.164973 0.162922 0.159158 0.163508 0.175322 0.180806 0.189312 0.188578 0.194202 0.201351 -9999 -9999 -9999 -9999 -9999 -9999 -9999 -9999 -9999 -9999 -9999 -9999 -9999 -9999 -9999 -9999 -9999 -9999 -9999 -9999 -9999 -9999 -9999 -9999 -9999 -9999 -9999 -9999 -9999 -9999 -9999 -9999 -9999 -9999 -9999 -9999 -9999 -9999 -9999 -9999 -9999
0.108147 0.107976 0.109222 0.112211 0.110865 0.109824 0.116352 0.121217 0.120078 0.121761 0.124787 0.129623 0.132304 0.134929 0.136965 0.142322 0.155143 0.166703 0.161882 0.162545 0.167233 0.160928 0.165407 0.175911 0.190466 0.183915 0.186821 0.20101 0.205158 -9999 -9999 -9999 -9999 -9999 -9999 -9999 -9999 -9999 -9999 -9999 -9999 -9999 -9999 -9999 -9999 -9999 -9999 -9999 -9999 -9999 -9999 -9999 -9999 -9999 -9999 -9999 -9999 -9999 -9999 -9999 -9999 -9999 -9999 -9999 -9999 -9999 -9999 -9999 -9999 -9999
0.111312 0.109265 0.111197 0.113053 0.110233 0.111573 0.115723 0.118996 0.119096 0.120048 0.122001 0.124777 0.127294 0.129815 0.134283 0.140145 0.151219 0.164245 0.167895 0.162875 0.16348 0.163433 0.167763 0.173006 0.180708 0.176335 0.175355 0.184013 0.196813 0.205875 -9999 -9999 -9999 -9999 -9999 -9999 -9999 -9999 -9999 -9999 -9999 -9999 -9999 -9999 -9999 -9999 -9999 -9999 -9999 -9999 -9999 -9999 -9999 -9999 -9999 -9999 -9999 -9999 -9999 -9999 -9999 -9999 -9999 -9999 -9999 -9999 -9999 -9999 -9999 -9999
0.11548 0.111219 0.113519 0.118392 0.117024 0.116305 0.119043 0.121485 0.122272 0.118744 0.120198 0.121566 0.124696 0.127366 0.131063 0.136643 0.14416 0.153015 0.167748 0.160221 0.154575 0.155804 0.157283 0.161442 0.169081 0.165007 0.166086 0.17777 0.193287 0.199928 0.203319 -9999 -9999 -9999 -9999 -9999 -9999 -9999 -9999 -9999 -9999 -9999 -9999 -9999 -9999 -9999 -9999 -9999 -9999 -9999 -9999 -9999 -9999 -9999 -9999 -9999 -9999 -9999 -9999 -9999 -9999 -9999 -9999 -9999 -9999 -9999 -9999 -9999 -9999 -9999
-9999 0.113985 0.116147 0.121778 0.120276 0.11799 0.117113 0.119084 0.119397 0.11903 0.118578 0.1197 0.12269 0.129725 0.131454 0.132572 0.137746 0.147687 0.157676 0.161057 0.152031 0.150336 0.152223 0.151328 0.158198 0.157132 0.159724 0.165401 0.179119 0.191166 0.195828 0.2037 -9999 -9999 -9999 -9999 -9999 -9999 -9999 -9999 -9999 -9999 -9999 -9999 -9999 -9999 -9999 -9999 -9999 -9999 -9999 -9999 -9999 -9999 -9999 -9999 -9999 -9999 -9999 -9999 -9999 -9999 -9999 -9999 -9999 -9999 -9999 -9999 -9999 -9999
-9999 -9999 -9999 -9999 0.124921 0.124029 0.12201 0.120937 0.118961 0.117912 0.11685 0.117759 0.122646 0.125379 0.126253 0.129801 0.135559 0.139558 0.146225 0.153252 0.152233 0.144939 0.150271 0.14572 0.147906 0.14851 0.154383 0.167384 0.180491 0.190607 0.195098 0.201867 -9999 -9999 -9999 -9999 -9999 -9999 -9999 -9999 -9999 -9999 -9999 -9999 -9999 -9999 -9999 -9999 -9999 -9999 -9999 -9999 -9999 -9999 -9999 -9999 -9999 -9999 -9999 -9999 -9999 -9999 -9999 -9999 -9999 -9999 -9999 -9999 -9999 -9999
-9999 -9999 -9999 -9999 -9999 0.124022 0.122682 0.117523 0.118489 0.117951 0.115554 0.116113 0.118215 0.119916 0.12218 0.12504 0.129472 0.134427 0.140764 0.142432 0.138245 0.139698 0.142529 0.143426 0.14249 0.145226 0.154983 0.169937 0.177719 0.194712 0.201434 0.202468 0.207448 -9999 -9999 -9999 -9999 -9999 -9999 -9999 -9999 -9999 -9999 -9999 -9999 0.202018 -9999 -9999 -9999 -9999 -9999 -9999 -9999 -9999 -9999 -9999 -9999 -9999 -9999 -9999 -9999 -9999 -9999 -9999 -9999 -9999 0.230412 -9999 -9999 -9999
-9999 -9999 -9999 -9999 0.120371 0.120529 0.118409 0.115374 0.118024 0.117091 0.114059 0.114379 0.115821 0.117402 0.120606 0.121762 0.124481 0.129731 0.131642 0.131059 0.131686 0.132422 0.133717 0.136232 0.139556 0.143309 0.15293 0.160348 0.166035 0.179892 0.189532 0.196483 0.205929 0.213483 -9999 -9999 -9999 -9999 -9999 -9999 -9999 0.20518 0.205801 0.205962 0.204522 0.200038 0.203124 -9999 -9999 -9999 -9999 -9999 -9999 -9999 -9999 -9999 -9999 -9999 -9999 -9999 -9999 -9999 -9999 -9999 -9999 -9999 0.226303 0.232627 -9999 -9999
-9999 -9999 -9999 -9999 0.121635 0.118496 0.117249 0.114228 0.112652 0.114626 0.11369 0.112707 0.113014 0.114524 0.116823 0.117097 0.12051 0.122806 0.124922 0.123748 0.124833 0.127661 0.130984 0.134368 0.139905 0.142827 0.149529 0.155417 0.163302 0.171231 0.184379 0.197034 0.20927 0.219263 -9999 -9999 -9999 -9999 -9999 -9999 0.204427 0.200796 0.198706 0.204005 0.199943 0.196255 0.197146 0.201211 -9999 -9999 -9999 -9999 -9999 -9999 -9999 -9999 -9999 -9999 -9999 -9999 -9999 -9999 0.196606 0.203087 0.216049 0.222755 0.226829 0.232592 -9999 -9999
-9999 -9999 -9999 -9999 0.12169 0.117805 0.115319 0.113065 0.113015 0.110856 0.111981 0.11133 0.111301 0.111471 0.111827 0.114506 0.115947 0.120452 0.117701 0.119159 0.121772 0.1275 0.13142 0.140361 0.145922 0.152275 0.149953 0.156938 0.168153 0.181303 0.198466 0.202178 0.208248 0.217495 -9999 -9999 -9999 -9999 -9999 -9999 0.203829 0.199859 0.196541 0.196221 0.201427 0.194636 0.195093 0.199286 0.200483 0.197608 0.196337 0.200789 0.197083 0.196086 0.197939 0.196167 -9999 -9999 -9999 -9999 0.195666 0.195536 0.195469 0.198243 0.212392 0.222097 0.230824 0.231743 -9999 -9999
-9999 -9999 -9999 -9999 0.117822 0.115696 0.114862 0.11509 0.112881 0.110878 0.111381 0.111894 0.111696 0.111355 0.11111 0.111839 0.11402 0.114166 0.115266 0.117837 0.12673 0.137204 0.136154 0.142311 0.156892 0.153232 0.151967 0.159854 0.173185 0.187958 0.196694 0.199629 0.207512 0.219239 -9999 -9999 -9999 0.216848 0.211311 0.211199 0.209753 0.204402 0.20038 0.195011 0.192933 0.192948 0.195639 0.199719 0.204176 0.203025 0.195901 0.194458 0.195789 0.194751 0.196481 0.19787 0.195869 0.194861 0.194715 0.195294 0.195555 0.195587 0.196057 0.198782 0.209322 0.216628 0.221335 0.233513 -9999 -9999
-9999 -9999 -9999 -9999 0.118727 0.116929 0.115472 0.115165 0.114982 0.112803 0.111589 0.110954 0.110068 0.11156 0.109169 0.109039 0.109352 0.110478 0.112434 0.11984 0.130017 0.140678 0.147293 0.149519 0.159332 0.161121 0.16006 0.164271 0.177728 0.191412 0.195887 0.202802 0.21486 0.225865 -9999 -9999 0.228693 0.217697 0.209977 0.206106 0.205077 0.205191 0.200004 0.199808 0.194223 0.195768 0.203784 0.203195 0.203677 0.202064 0.202451 0.202011 0.20066 0.196736 0.195963 0.195891 0.194577 0.194311 0.194288 0.194423 0.195449 0.195272 0.195475 0.197311 0.206707 0.211442 0.216695 0.23593 -9999 -9999
-9999 -9999 -9999 -9999 0.119062 0.117073 0.11462 0.114482 0.112329 0.112754 0.113208 0.109362 0.108832 0.109428 0.109704 0.107081 0.107031 0.107607 0.10893 0.11602 0.124579 0.137009 0.14617 0.153899 0.160382 0.172842 0.174547 0.179276 0.184026 0.186336 0.191815 0.202113 0.210065 0.222653 0.22981 -9999 0.228869 0.224205 0.21487 0.206876 0.201832 0.2039 0.197921 0.196971 0.193572 0.195895 0.200862 0.205612 0.206154 0.207061 0.203129 0.198232 0.198685 0.197277 0.195467 0.194944 0.19444 0.194225 0.194151 0.194149 0.194343 0.194621 0.195108 0.19603 0.200568 0.205411 0.215307 0.235439 -9999 -9999
-9999 -9999 -9999 0.124059 0.119047 0.115192 0.113964 0.112972 0.111845 0.110744 0.109529 0.108104 0.106527 0.106802 0.109819 0.108703 0.107618 0.105505 0.106511 0.108531 0.114252 0.128986 0.136722 0.149741 0.162053 0.17109 0.173974 0.17189 0.176242 0.18423 0.192332 0.2034 0.209704 0.218139 0.232149 0.232137 0.227326 0.223691 0.217408 0.2075 0.20055 0.197506 0.196441 0.194059 0.192951 0.198183 0.201335 0.202914 0.205402 0.205986 0.206159 0.203746 0.203795 0.197324 0.195687 0.194814 0.194336 0.19407 0.193931 0.193887 0.194026 0.194383 0.194726 0.195156 0.195922 0.202233 0.219384 0.233145 -9999 -9999
-9999 -9999 -9999 -9999 0.120268 0.119037 0.119067 0.1184 0.116433 0.11385 0.110209 0.108835 0.105985 0.104903 0.107998 0.111099 0.107071 0.105778 0.10513 0.106626 0.109339 0.124505 0.133867 0.142552 0.154871 0.158248 0.160526 0.16497 0.170864 0.183954 0.196596 0.21165 0.223856 0.226265 0.232958 0.231302 0.228347 0.219326 0.212919 0.210358 0.208499 0.198285 0.195675 0.196338 0.19422 0.198352 0.199723 0.202879 0.202455 0.202968 0.203117 0.210641 0.204951 0.203996 0.198555 0.194811 0.194102 0.19384 0.193662 0.193718 0.193886 0.194213 0.194557 0.195104 0.197051 0.201677 0.221105 0.233133 -9999 -9999
-9999 -9999 -9999 -9999 -9999 -9999 0.120917 0.119597 0.118498 0.116321 0.110388 0.107872 0.105671 0.104302 0.104693 0.108101 0.108563 0.107869 0.112571 0.11164 0.110007 0.113771 0.118625 0.132252 0.14296 0.143799 0.150239 0.161764 0.171549 0.180872 0.195214 0.207628 0.221324 0.231705 0.233504 0.225273 0.218251 0.209062 0.205041 0.207549 0.20498 0.200571 0.195164 0.192847 0.194065 0.198435 0.19946 0.204105 0.200403 0.200324 0.202364 0.204011 0.205005 0.201982 0.200407 0.195949 0.194477 0.193554 0.193465 0.19352 0.193744 0.194101 0.195235 0.196096 0.197042 0.198112 0.218152 0.235741 -9999 -9999
-9999 -9999 -9999 -9999 -9999 -9999 0.124652 0.123925 0.121294 0.114382 0.110331 0.107819 0.10654 0.104545 0.104398 0.10696 0.110101 0.113527 0.118939 0.118353 0.114579 0.1144 0.118397 0.131087 0.133387 0.140287 0.148535 0.162254 0.173343 0.181007 0.195008 0.208396 0.218366 0.230625 0.227686 0.223858 0.218283 0.208177 0.201286 0.198566 0.201206 0.198249 0.191998 0.192495 0.196753 0.197148 0.199904 0.206103 0.200582 0.19918 0.200637 0.200248 0.202279 0.200692 0.19831 0.196021 0.194356 0.193762 0.193426 0.193524 0.193745 0.194386 0.195204 0.196096 0.19713 0.198212 0.211524 0.236343 -9999 -9999
-9999 -9999 -9999 -9999 -9999 -9999 -9999 0.128407 0.122561 0.113535 0.110717 0.109743 0.106642 0.105109 0.105538 0.106023 0.109879 0.115942 0.128441 0.127448 0.124232 0.119162 0.118994 0.124614 0.133591 0.143539 0.159757 0.174361 0.180234 0.186085 0.197341 0.208711 0.219496 0.216636 0.212808 0.208041 0.20564 0.206772 0.200883 0.196087 0.198407 0.194745 0.190546 0.193255 0.19517 0.196906 0.200043 0.200735 0.200879 0.197776 0.200195 0.198689 0.200117 0.199444 0.197835 0.196128 0.194482 0.193825 0.193566 0.193566 0.193972 0.194496 0.195344 0.196359 0.197457 0.198594 0.200692 0.215319 0.223343 -9999
-9999 -9999 -9999 -9999 -9999 -9999 -9999 0.133992 0.131023 0.12045 0.116672 0.111084 0.107421 0.10598 0.107626 0.108727 0.114552 0.116686 0.12825 0.135214 0.134017 0.139353 0.131591 0.125725 0.134407 0.161594 0.174747 0.185383 0.188586 0.192797 0.198616 0.214674 0.220273 0.211911 0.206844 0.202798 0.199608 0.199264 0.199544 0.191994 0.191233 0.189123 0.190205 0.190622 0.195241 0.198389 0.196872 0.199865 0.200704 0.197487 0.200985 0.197786 0.199611 0.199744 0.198935 0.196064 0.194931 0.194185 0.193996 0.194044 0.194513 0.195035 0.195794 0.196823 0.198028 0.199118 0.200245 0.204395 0.21148 0.214247
-9999 -9999 -9999 -9999 -9999 -9999 -9999 -9999 0.140943 0.12649 0.119512 0.11511 0.109176 0.107381 0.108966 0.110524 0.116563 0.122515 0.132975 0.145663 0.154791 0.141137 0.130382 0.127302 0.134514 0.157867 0.170112 0.175281 0.175556 0.183199 0.189517 0.202767 0.207722 0.213161 0.212276 0.206217 0.201537 0.196293 0.192492 0.192397 0.19014 0.189112 0.189593 0.189839 0.191071 0.192224 0.196592 0.194573 0.197211 0.196296 0.197116 0.197676 0.199782 0.201123 0.198728 0.196532 0.195449 0.195199 0.194867 0.194854 0.195278 0.196144 0.196608 0.19763 0.19875 0.199931 0.200962 0.203798 0.205398 0.209722
-9999 -9999 -9999 -9999 -9999 -9999 -9999 -9999 0.148615 0.134315 0.127159 0.117595 0.112212 0.111312 0.11019 0.111402 0.115979 0.123794 0.131104 0.145046 0.160242 0.145531 0.134409 0.130227 0.134583 0.15589 0.156479 0.164489 0.167378 0.177513 0.183548 0.190084 0.19682 0.203477 0.210101 0.214735 0.202399 0.196136 0.191113 0.188929 0.187933 0.187776 0.188841 0.190541 0.197039 0.193523 0.194358 0.195382 0.196315 0.196812 0.197325 0.19773 0.199683 0.198993 0.199562 0.19716 0.197248 0.196514 0.196109 0.196125 0.196566 0.197358 0.198465 0.198661 0.199748 0.200903 0.201961 0.204785 0.20572 0.206524
-9999 -9999 -9999 -9999 -9999 -9999 -9999 -9999 0.169053 0.148504 0.132195 0.122869 0.117906 0.114754 0.112932 0.115133 0.117051 0.122817 0.128994 0.138727 0.153164 0.163634 0.154114 0.138524 0.136952 0.143247 0.148201 0.156444 0.163999 0.168079 0.171031 0.179589 0.187587 0.197202 0.202342 0.205842 0.19682 0.195904 0.196946 0.186869 0.187341 0.188556 0.193299 0.198658 0.198696 0.202195 0.20065 0.204559 0.201957 0.199587 0.198676 0.198644 0.200809 0.200266 0.199549 0.199668 0.198794 0.198176 0.197845 0.197846 0.198232 0.19904 0.200076 0.201194 0.201112 0.202289 0.203144 0.205985 0.206862 0.207597
-9999 -9999 -9999 -9999 -9999 -9999 -9999 -9999 0.169509 0.152628 0.1377 0.132057 0.122763 0.11987 0.116221 0.116279 0.118501 0.123681 0.130671 0.138952 0.15157 0.162119 0.156396 0.147801 0.142563 0.144685 0.149911 0.154097 0.158683 0.161859 0.166031 0.171294 0.1777 0.188722 0.194002 0.200939 0.190892 0.190161 0.19226 0.187448 0.188291 0.196988 0.203933 0.205555 0.2028 0.207263 0.208454 0.211057 0.208984 0.202511 0.20482 0.204312 0.203343 0.202072 0.202564 0.201577 0.200807 0.200228 0.199957 0.199943 0.200262 0.201018 0.201966 0.203064 0.204338 0.203775 0.204845 0.207869 0.20832 0.208963
-9999 -9999 -9999 -9999 -9999 -9999 -9999 -9999 0.168054 0.159182 0.145876 0.136822 0.127255 0.123005 0.119848 0.119584 0.122394 0.12531 0.130128 0.13758 0.143762 0.153373 0.165978 0.153535 0.153486 0.154248 0.15525 0.154607 0.158391 0.163845 0.171834 0.171956 0.176985 0.184296 0.187313 0.191408 0.186146 0.186681 0.187376 0.188264 0.195681 0.205827 0.214166 0.209628 0.211643 0.210226 0.218413 0.213025 0.208404 0.207032 0.210226 0.212706 0.207111 0.207025 0.205443 0.204156 0.203138 0.202705 0.202351 0.202406 0.202732 0.203334 0.204207 0.205211 0.206321 0.207426 0.206491 0.209503 0.2104 0.211695
-9999 -9999 -9999 -9999 -9999 -9999 -9999 -9999 -9999 0.16521 0.153653 0.138709 0.130224 0.124786 0.122094 0.122164 0.12388 0.126188 0.12964 0.135432 0.142763 0.153581 0.162641 0.161927 0.16196 0.166352 0.166829 0.161163 0.161369 0.168921 0.185077 0.183815 0.178348 0.1799 0.181649 0.183235 0.184786 0.186221 0.188587 0.193918 0.208975 0.21274 0.219242 0.219516 0.22332 0.218214 0.220974 0.215119 0.212777 0.212004 0.218101 0.220075 0.214651 0.211192 0.210923 0.208498 0.205894 0.205415 0.205149 0.205215 0.205456 0.205955 0.206691 0.208014 0.209036 0.210042 0.208901 0.211936 0.21325 0.214156
-9999 -9999 -9999 -9999 -9999 -9999 -9999 -9999 -9999 0.175514 0.159202 0.141882 0.1363 0.130727 0.126001 0.126159 0.128799 0.131654 0.134941 0.138914 0.147277 0.155816 0.164401 0.169327 0.171275 0.177553 0.175733 0.166958 0.167696 0.171524 0.191411 0.197378 0.189411 0.182682 0.1832 0.184892 0.195295 0.193984 0.199869 0.207617 0.210325 0.214228 0.221596 0.219371 0.225016 0.223824 0.225077 0.221996 0.220656 0.216574 0.221926 0.225429 0.220351 0.216318 0.215634 0.211392 0.209582 0.208871 0.208602 0.208572 0.208813 0.209223 0.2099 0.210721 0.211622 0.212625 0.213806 0.213487 0.223427 0.223942
-9999 -9999 -9999 -9999 -9999 -9999 -9999 -9999 -9999 0.175717 0.164676 0.149558 0.138385 0.137928 0.132699 0.130298 0.133296 0.13685 0.14077 0.143511 0.152351 0.162184 0.170826 0.180825 0.1825 0.180244 0.177814 0.173007 0.17443 0.178651 0.193388 0.192448 0.187524 0.185437 0.185599 0.18743 0.190405 0.192421 0.19701 0.199443 0.205543 0.214657 0.21878 0.217586 0.227223 0.227415 0.224897 0.228874 0.223621 0.221196 0.228097 0.22891 0.222463 0.218916 0.215722 0.213978 0.213073 0.212006 0.211857 0.211839 0.212032 0.212445 0.212989 0.213761 0.214563 0.215995 0.217724 0.22474 0.228021 0.227982
-9999 -9999 -9999 -9999 -9999 -9999 -9999 -9999 -9999 0.175949 0.166265 0.153434 0.145788 0.144835 0.139229 0.134415 0.135857 0.139619 0.141734 0.146105 0.153809 0.162386 0.171797 0.17775 0.188339 0.183262 0.183129 0.179273 0.178802 0.192919 0.197624 0.195028 0.192216 0.191869 0.188584 0.189707 0.19214 0.19938 0.203316 0.202823 0.204976 0.20814 0.214671 0.215751 0.220212 0.222483 0.224603 0.229774 0.227225 0.227229 0.229022 0.226679 0.223264 0.220854 0.218603 0.217775 0.216666 0.215394 0.215226 0.21525 0.21546 0.215776 0.216304 0.217138 0.217963 0.220011 0.22316 0.228506 0.23686 0.231721
-9999 -9999 -9999 -9999 -9999 -9999 -9999 -9999 -9999 0.179937 0.169823 0.159164 0.15512 0.15504 0.144652 0.138668 0.139625 0.142044 0.14487 0.153365 0.154701 0.158049 0.166609 0.178264 0.190973 0.192559 0.18988 0.186315 0.185887 0.203443 0.208493 0.208197 0.203095 0.198507 0.193471 0.193009 0.195894 0.206736 0.218138 0.214093 0.209693 0.210525 0.212845 0.218896 0.221312 0.223526 0.22802 0.234223 0.234507 0.232996 0.232742 0.230366 0.226663 0.223515 0.224423 0.223567 0.220567 0.218836 0.218754 0.218803 0.218929 0.219242 0.219696 0.220722 0.221813 0.223345 0.2306 0.235213 0.243716 0.234878
-9999 -9999 -9999 -9999 -9999 -9999 -9999 -9999 -9999 0.185579 0.178682 0.168749 0.165301 0.159216 0.149633 0.145455 0.144058 0.145316 0.147664 0.152287 0.155838 0.161383 0.170067 0.181354 0.193788 0.202784 0.20189 0.196157 0.199452 0.212744 0.218732 0.215722 0.210209 0.201047 0.196305 0.1967 0.198345 0.201376 0.209967 0.220096 0.22086 0.216962 0.221585 0.226811 0.224983 0.22607 0.230459 0.233763 0.23582 0.237392 0.238109 0.236389 0.232224 0.226069 0.225107 0.225192 0.222568 0.222415 0.222384 0.222378 0.222538 0.222779 0.223125 0.223931 0.225375 0.230254 0.234532 0.240329 0.241236 0.23509
-9999 -9999 -9999 -9999 -9999 -9999 -9999 -9999 -9999 0.193666 0.185578 0.17655 0.16813 0.160197 0.15352 0.154064 0.151137 0.152403 0.151603 0.153697 0.158198 0.163066 0.170714 0.184475 0.196502 0.209533 0.209072 0.200067 0.211049 0.218409 0.23005 0.222094 0.212968 0.204703 0.200809 0.206303 0.203164 0.20455 0.208354 0.214715 0.224068 0.224602 0.231691 0.232578 0.229844 0.229315 0.230385 0.232957 0.235511 0.238679 0.241162 0.240582 0.23684 0.232153 0.227566 0.226815 0.22597 0.225984 0.226045 0.226078 0.226202 0.22646 0.226881 0.227606 0.231635 0.236388 0.239389 0.243427 0.244062 0.238668
