Test_Spring_2018/12_17/Prec/20171229_002.txt
ncols	170
nrows	115
xllcorner	350000.000000
yllcorner	4445000.000000
cellsize	1000.000000
nodata_value	-9999.000000
[rows 31 to 61 of 115, columns 71 to 141 of 170]
0.21058 0.214118 0.213321 0.215846 0.226382 0.232746 0.234835 0.246932 0.247883 0.24596 0.24604 0.244401 0.240571 0.239263 0.231533 0.205327 0.213192 0.216432 0.208989 0.213556 0.220814 0.214943 0.197038 0.189405 0.176954 0.176873 0.173568 0.163018 -9999 -9999 -9999 -9999 -9999 -9999 -9999 -9999 -9999 -9999 -9999 -9999 -9999 -9999 -9999 -9999 -9999 -9999 -9999 -9999 -9999 -9999 -9999 -9999 -9999 -9999 -9999 -9999 -9999 -9999 -9999 -9999 -9999 -9999 -9999 -9999 -9999 -9999 -9999 -9999 -9999 -9999 -9999
0.212069 0.213738 0.212897 0.21933 0.22549 0.229056 0.233578 0.248934 0.250506 0.249659 0.245596 0.244693 0.243542 0.243011 0.236799 0.218243 0.201473 0.210958 0.211432 0.205304 0.216882 0.211032 0.195478 0.173429 0.18553 0.18241 0.163094 0.154637 -9999 -9999 -9999 -9999 -9999 -9999 -9999 -9999 -9999 -9999 -9999 -9999 -9999 -9999 -9999 -9999 -9999 -9999 -9999 -9999 -9999 -9999 -9999 -9999 -9999 -9999 -9999 -9999 -9999 -9999 -9999 -9999 -9999 -9999 -9999 -9999 -9999 -9999 -9999 -9999 -9999 -9999 -9999
0.212589 0.212837 0.213477 0.22191 0.223822 0.226398 0.237864 0.250763 0.253152 0.253708 0.252679 0.251791 0.250609 0.246005 0.238885 0.223116 0.204 0.199873 0.209643 0.210265 0.211916 0.206514 0.199676 0.188925 0.197742 0.201137 0.186124 0.168853 0.163751 -9999 -9999 -9999 -9999 -9999 -9999 -9999 -9999 -9999 -9999 -9999 -9999 -9999 -9999 -9999 -9999 -9999 -9999 -9999 -9999 -9999 -9999 -9999 -9999 -9999 -9999 -9999 -9999 -9999 -9999 -9999 -9999 -9999 -9999 -9999 -9999 -9999 -9999 -9999 -9999 -9999 -9999
0.2118 0.211178 0.206652 0.21243 0.217347 0.229503 0.243405 0.245923 0.255264 0.256362 0.257369 0.25528 0.253681 0.25018 0.24342 0.233343 0.220957 0.198968 0.212868 0.223705 0.223451 0.222837 0.217958 0.207536 0.216115 0.216441 0.19426 0.184222 0.174438 0.169826 -9999 -9999 -9999 -9999 -9999 -9999 -9999 -9999 -9999 -9999 -9999 -9999 -9999 -9999 -9999 -9999 -9999 -9999 -9999 -9999 -9999 -9999 -9999 -9999 -9999 -9999 -9999 -9999 -9999 -9999 -9999 -9999 -9999 -9999 -9999 -9999 -9999 -9999 -9999 -9999 -9999
0.209473 0.208838 0.202843 0.208595 0.215802 0.229382 0.24219 0.250883 0.254911 0.258889 0.260103 0.258065 0.249258 0.248803 0.249144 0.242779 0.228601 0.214281 0.210608 0.226994 0.231592 0.230485 0.233969 0.225021 0.228997 0.22716 0.217472 0.202525 0.189839 0.183493 0.171844 -9999 -9999 -9999 -9999 -9999 -9999 -9999 -9999 -9999 -9999 -9999 -9999 -9999 -9999 -9999 -9999 -9999 -9999 -9999 -9999 -9999 -9999 -9999 -9999 -9999 -9999 -9999 -9999 -9999 -9999 -9999 -9999 -9999 -9999 -9999 -9999 -9999 -9999 -9999 -9999
-9999 -9999 -9999 0.202437 0.215432 0.230518 0.239622 0.25192 0.256914 0.261735 0.26315 0.257902 0.255903 0.256697 0.252995 0.245592 0.240949 0.231965 0.22242 0.22593 0.239676 0.233155 0.242742 0.241595 0.243148 0.23632 0.223523 0.201261 0.19215 0.186459 0.176961 -9999 -9999 -9999 -9999 -9999 -9999 -9999 -9999 -9999 -9999 -9999 -9999 -9999 -9999 -9999 -9999 -9999 -9999 -9999 -9999 -9999 -9999 -9999 -9999 -9999 -9999 -9999 -9999 -9999 -9999 -9999 -9999 -9999 -9999 -9999 -9999 -9999 -9999 -9999 -9999
-9999 -9999 -9999 -9999 0.216514 0.230081 0.242065 0.253027 0.257123 0.264013 0.265889 0.265023 0.26456 0.262973 0.260251 0.254871 0.248589 0.240077 0.239166 0.247825 0.247526 0.245181 0.246162 0.250304 0.24871 0.233266 0.219956 0.209996 0.187084 0.178227 0.178423 0.172059 -9999 -9999 -9999 -9999 -9999 -9999 -9999 -9999 -9999 -9999 -9999 -9999 0.166691 -9999 -9999 -9999 -9999 -9999 -9999 -9999 -9999 -9999 -9999 -9999 -9999 -9999 -9999 -9999 -9999 -9999 -9999 -9999 -9999 0 -9999 -9999 -9999 -9999 -9999
-9999 -9999 -9999 0.212205 0.230479 0.237562 0.24616 0.248734 0.258855 0.266732 0.268924 0.269025 0.268634 0.265387 0.265268 0.262511 0.255623 0.254162 0.256834 0.257717 0.258637 0.258901 0.257458 0.254977 0.252059 0.245016 0.236056 0.229953 0.20734 0.199657 0.19079 0.177687 0.167364 -9999 -9999 -9999 -9999 -9999 -9999 -9999 0.178484 0.174643 0.171063 0.169654 0.172821 0.163501 -9999 -9999 -9999 -9999 -9999 -9999 -9999 -9999 -9999 -9999 -9999 -9999 -9999 -9999 -9999 -9999 -9999 -9999 -9999 0 0 -9999 -9999 -9999 -9999
-9999 -9999 -9999 0.225458 0.234163 0.239946 0.248637 0.254936 0.263247 0.267741 0.271998 0.273849 0.273451 0.271516 0.272652 0.268598 0.26632 0.264394 0.267932 0.268044 0.265624 0.262727 0.260073 0.254286 0.253054 0.250666 0.24467 0.235544 0.226367 0.210369 0.192844 0.17577 0.162009 -9999 -9999 -9999 -9999 -9999 -9999 0.187196 0.190507 0.190695 0.178389 0.180725 0.182074 0.175742 0.160786 -9999 -9999 -9999 -9999 -9999 -9999 -9999 -9999 -9999 -9999 -9999 -9999 -9999 -9999 0.119385 0.108264 0 0 0 0 -9999 -9999 -9999 -9999
-9999 -9999 -9999 0.225484 0.235556 0.243514 0.251141 0.255135 0.267315 0.271014 0.274718 0.277041 0.278685 0.279726 0.276785 0.275712 0.269668 0.275434 0.274598 0.272183 0.265096 0.261336 0.249898 0.244354 0.242514 0.250112 0.242881 0.228948 0.211939 0.1938 0.18768 0.181155 0.16915 -9999 -9999 -9999 -9999 -9999 -9999 0.193781 0.197354 0.199133 0.195422 0.182241 0.188003 0.178758 0.166027 0.158115 0.156878 0.15326 0.141306 0.140527 0.137614 0.130631 0.130057 -9999 -9999 -9999 -9999 0.121214 0.120622 0.120133 0.115182 0 0 0 0 -9999 -9999 -9999 -9999
-9999 -9999 -9999 0.231694 0.239132 0.244648 0.24849 0.256178 0.268063 0.272586 0.285418 0.28717 0.288771 0.289959 0.289461 0.286663 0.287355 0.286836 0.284377 0.272201 0.257991 0.262901 0.246144 0.232672 0.240552 0.246954 0.238835 0.222097 0.203107 0.199073 0.195084 0.186261 0.182315 -9999 -9999 -9999 0.191412 0.200043 0.199184 0.199744 0.205885 0.209179 0.202048 0.200036 0.194663 0.180726 0.167458 0.153571 0.148868 0.154064 0.150447 0.14176 0.138501 0.131399 0.134571 0.134332 0.13319 0.131363 0.129039 0.12783 0.12749 0.126814 0.122727 0 0 0 0 -9999 -9999 -9999 -9999
-9999 -9999 -9999 0.244825 0.252109 0.258681 0.262474 0.266775 0.273798 0.283044 0.287149 0.289745 0.288057 0.292352 0.292885 0.292783 0.291638 0.289578 0.279259 0.265079 0.250746 0.243561 0.249503 0.23856 0.238205 0.244832 0.232342 0.230809 0.213868 0.211498 0.209739 0.190123 0.175376 -9999 -9999 0.17644 0.194729 0.206959 0.212174 0.211987 0.209149 0.214095 0.210242 0.214409 0.207485 0.184746 0.178879 0.15571 0.15103 0.153875 0.147988 0.144455 0.143469 0.139463 0.135023 0.133365 0.130847 0.128781 0.127269 0.125043 0.125361 0.125503 0.123274 0.108925 0.10204 0 0 -9999 -9999 -9999 -9999
-9999 -9999 -9999 0.255835 0.264355 0.273097 0.277426 0.284234 0.27481 0.281014 0.288867 0.291652 0.291052 0.290646 0.294819 0.294962 0.294437 0.293238 0.283385 0.271899 0.254908 0.243915 0.240649 0.235633 0.23181 0.235183 0.233414 0.231247 0.232572 0.220469 0.213416 0.204386 0.184166 0.175376 -9999 0.180439 0.188623 0.20353 0.215416 0.221661 0.215544 0.221575 0.218669 0.220106 0.210318 0.19208 0.185242 0.177194 0.168145 0.166623 0.153255 0.146035 0.141575 0.137705 0.133543 0.130246 0.127453 0.125426 0.12424 0.123602 0.12354 0.123654 0.12337 0.117337 0.109262 0 0 -9999 -9999 -9999 -9999
-9999 -9999 0.23738 0.255783 0.267781 0.274879 0.280775 0.28596 0.29013 0.297442 0.291279 0.294502 0.294818 0.289579 0.290922 0.292391 0.295948 0.295106 0.293414 0.286608 0.266111 0.261311 0.256512 0.244062 0.234242 0.236383 0.246222 0.245214 0.237798 0.229608 0.220466 0.20764 0.197391 0.175116 0.177429 0.186748 0.193365 0.203404 0.218401 0.227701 0.229766 0.227722 0.228023 0.224305 0.216013 0.20121 0.191524 0.179761 0.170565 0.161654 0.156714 0.148545 0.139268 0.135329 0.130703 0.127023 0.12411 0.122139 0.121131 0.120834 0.121011 0.121811 0.122814 0.122161 0.113534 0 0 -9999 -9999 -9999 -9999
-9999 -9999 -9999 0.254029 0.262226 0.267592 0.273111 0.279652 0.286064 0.296753 0.298394 0.301635 0.296938 0.291693 0.285846 0.291746 0.293743 0.295449 0.294596 0.292761 0.280911 0.27274 0.26644 0.254703 0.25485 0.258589 0.258421 0.255371 0.240064 0.224796 0.209141 0.192434 0.190848 0.17865 0.181859 0.188251 0.203624 0.213908 0.217072 0.218162 0.231791 0.233073 0.231435 0.23031 0.218168 0.206085 0.193468 0.185919 0.17624 0.166673 0.144904 0.145076 0.136877 0.136632 0.12816 0.124263 0.121142 0.119179 0.118108 0.118003 0.118586 0.119824 0.120219 0.121201 0.116135 0 0 -9999 -9999 -9999 -9999
-9999 -9999 -9999 -9999 -9999 0.265886 0.272552 0.277642 0.283212 0.297113 0.300152 0.301836 0.301685 0.298604 0.289716 0.288095 0.28894 0.281921 0.287543 0.29582 0.29604 0.295714 0.282054 0.271619 0.278479 0.27601 0.264838 0.255839 0.246855 0.228989 0.217471 0.198291 0.183711 0.182349 0.196655 0.206882 0.222535 0.228994 0.224016 0.226306 0.232989 0.239028 0.239222 0.232772 0.220229 0.208637 0.193358 0.190736 0.181538 0.168336 0.155393 0.143973 0.138355 0.131141 0.129732 0.125036 0.118882 0.116717 0.115721 0.115728 0.116574 0.117341 0.118816 0.120306 0.121431 0 0 -9999 -9999 -9999 -9999
-9999 -9999 -9999 -9999 -9999 0.261561 0.267287 0.274748 0.287756 0.298216 0.300839 0.300589 0.301005 0.298391 0.291805 0.284874 0.278952 0.271737 0.275864 0.28701 0.293987 0.295504 0.283849 0.287526 0.285027 0.280005 0.265576 0.254667 0.248468 0.231169 0.217914 0.20459 0.186774 0.192852 0.199854 0.209282 0.225346 0.236445 0.240272 0.234993 0.238017 0.245624 0.241477 0.230282 0.224264 0.209907 0.192013 0.192122 0.184749 0.17208 0.161927 0.148241 0.139706 0.133205 0.127763 0.122947 0.118379 0.114977 0.113953 0.11411 0.114919 0.116287 0.118083 0.119819 0.121291 0.102522 0 -9999 -9999 -9999 -9999
-9999 -9999 -9999 -9999 -9999 -9999 0.262213 0.274716 0.290914 0.299108 0.298908 0.301254 0.300597 0.29677 0.293328 0.285349 0.275128 0.256199 0.261126 0.27159 0.286745 0.295303 0.295387 0.288557 0.281379 0.263668 0.247921 0.245473 0.242162 0.229183 0.219002 0.204113 0.210443 0.21769 0.225972 0.230093 0.228266 0.237581 0.244779 0.240049 0.244428 0.248982 0.241537 0.234388 0.226424 0.211574 0.202634 0.193567 0.188828 0.174404 0.165779 0.152742 0.14234 0.134196 0.127442 0.122283 0.117588 0.114536 0.113384 0.113351 0.11443 0.115958 0.117805 0.1197 0.121333 0.120892 0 0 -9999 -9999 -9999
-9999 -9999 -9999 -9999 -9999 -9999 0.255892 0.263557 0.282033 0.29166 0.298672 0.301703 0.30071 0.29478 0.291678 0.280005 0.275936 0.259016 0.250445 0.257791 0.256285 0.27725 0.296007 0.289644 0.254656 0.24188 0.232475 0.234214 0.233368 0.228932 0.211 0.204175 0.219076 0.228021 0.234875 0.240068 0.240866 0.240067 0.25215 0.251835 0.253939 0.250254 0.246835 0.235653 0.225727 0.218582 0.206147 0.196117 0.191654 0.175516 0.169592 0.155891 0.144045 0.134438 0.129386 0.123227 0.11853 0.11532 0.114002 0.114277 0.114595 0.116341 0.11826 0.120091 0.121907 0.123127 0.119155 0.109004 0.104783 0.107407 -9999
-9999 -9999 -9999 -9999 -9999 -9999 -9999 0.250656 0.275193 0.290046 0.295011 0.301625 0.301167 0.300235 0.293495 0.281149 0.271044 0.256005 0.239735 0.228162 0.25734 0.2831 0.297273 0.292982 0.264014 0.252499 0.251684 0.257878 0.251184 0.24561 0.232067 0.225937 0.218212 0.220092 0.230523 0.238738 0.246519 0.252271 0.25234 0.256083 0.254353 0.251935 0.249139 0.243802 0.237483 0.221058 0.217077 0.204465 0.196571 0.185006 0.173223 0.15936 0.145673 0.138694 0.132576 0.126317 0.121023 0.117821 0.116493 0.116719 0.118158 0.117457 0.119326 0.12124 0.122864 0.124197 0.122252 0.120911 0.114127 0.104804 0
-9999 -9999 -9999 -9999 -9999 -9999 -9999 0.242112 0.266228 0.281603 0.294883 0.303703 0.30751 0.304431 0.298581 0.288877 0.275955 0.266094 0.247774 0.229475 0.255713 0.282062 0.297745 0.299933 0.271472 0.278411 0.272624 0.274206 0.263091 0.257577 0.254801 0.245446 0.235428 0.225943 0.220162 0.239091 0.248433 0.256116 0.259559 0.26131 0.261709 0.256434 0.249322 0.235862 0.2375 0.227006 0.218565 0.209163 0.199438 0.188808 0.177701 0.164669 0.154605 0.143127 0.136958 0.130084 0.12526 0.122125 0.120608 0.12058 0.121844 0.123992 0.121511 0.122983 0.124455 0.125574 0.123428 0.123034 0.121845 0.118901 0.10351
-9999 -9999 -9999 -9999 -9999 -9999 -9999 0.213785 0.247855 0.283421 0.295642 0.3092 0.309569 0.308139 0.301162 0.296124 0.286744 0.278781 0.267157 0.249821 0.240431 0.257275 0.291244 0.302131 0.29708 0.296469 0.28982 0.283397 0.281615 0.280657 0.274625 0.264748 0.249377 0.244133 0.237382 0.250885 0.251535 0.24938 0.265545 0.264919 0.263127 0.255386 0.241299 0.239154 0.226158 0.219689 0.207101 0.203948 0.199418 0.191673 0.181865 0.169327 0.159269 0.150155 0.142229 0.135946 0.131072 0.127803 0.126141 0.125892 0.126703 0.128455 0.130867 0.125762 0.127088 0.127441 0.124928 0.124431 0.12322 0.121571 0.117664
-9999 -9999 -9999 -9999 -9999 -9999 -9999 0.224616 0.258491 0.280969 0.298863 0.309989 0.310571 0.312719 0.309758 0.304652 0.296466 0.287231 0.27778 0.263017 0.252973 0.270187 0.284209 0.301207 0.302094 0.299221 0.298576 0.29644 0.297832 0.294463 0.294005 0.284344 0.271093 0.261664 0.249337 0.264475 0.264799 0.260899 0.26851 0.267233 0.253317 0.242011 0.238786 0.235847 0.225779 0.214917 0.200668 0.197243 0.199972 0.188623 0.179904 0.173175 0.164935 0.155869 0.148837 0.142772 0.138049 0.134701 0.13288 0.13237 0.13274 0.133998 0.135744 0.137448 0.129822 0.13047 0.127348 0.125941 0.124708 0.122983 0.120515
-9999 -9999 -9999 -9999 -9999 -9999 -9999 0.233832 0.255406 0.27542 0.30055 0.312757 0.316225 0.318255 0.316404 0.310788 0.306495 0.300776 0.292441 0.287637 0.2785 0.265378 0.29318 0.291995 0.293892 0.300864 0.307993 0.307039 0.302346 0.296697 0.297857 0.295755 0.283524 0.27777 0.27007 0.277508 0.275791 0.274126 0.272463 0.260476 0.244122 0.23049 0.237193 0.232577 0.225641 0.203411 0.209284 0.210216 0.204802 0.186986 0.174218 0.17617 0.167877 0.161605 0.155667 0.150457 0.145759 0.142585 0.140468 0.139546 0.139584 0.140251 0.141361 0.142526 0.143517 0.133382 0.129691 0.128725 0.128162 0.12641 0.123226
-9999 -9999 -9999 -9999 -9999 -9999 -9999 -9999 0.255035 0.287213 0.309122 0.3201 0.326059 0.327911 0.326035 0.32258 0.319506 0.316048 0.310273 0.303342 0.291874 0.284035 0.292423 0.289766 0.284577 0.289968 0.304598 0.308898 0.300394 0.285071 0.294448 0.303381 0.300303 0.296476 0.29273 0.286482 0.28334 0.27895 0.27003 0.245581 0.242172 0.23155 0.230562 0.223183 0.22169 0.207628 0.212182 0.210004 0.20431 0.186695 0.178537 0.178307 0.174944 0.166839 0.162979 0.158499 0.154162 0.150903 0.148586 0.147392 0.146994 0.147137 0.148831 0.149498 0.150044 0.137884 0.133482 0.13154 0.129475 0.12645 0.12565
-9999 -9999 -9999 -9999 -9999 -9999 -9999 -9999 0.264485 0.289846 0.316147 0.323093 0.329963 0.33576 0.334296 0.329743 0.325968 0.322729 0.31961 0.31052 0.302067 0.294205 0.292628 0.295939 0.27589 0.284336 0.303413 0.306382 0.303534 0.28925 0.280561 0.293605 0.304047 0.302388 0.298643 0.280833 0.282098 0.271982 0.259101 0.254533 0.248061 0.235823 0.238686 0.228223 0.227995 0.207978 0.208427 0.20514 0.205427 0.189756 0.180578 0.180169 0.17858 0.171934 0.17168 0.168413 0.164503 0.161154 0.158735 0.157131 0.156336 0.15594 0.155832 0.155786 0.155454 0.154438 0.13845 0.121342 0.119613 0.12062 0.121198
-9999 -9999 -9999 -9999 -9999 -9999 -9999 -9999 0.276373 0.293598 0.31687 0.333468 0.332728 0.339949 0.343126 0.338341 0.333581 0.329239 0.327807 0.317444 0.306239 0.297513 0.286917 0.28985 0.298981 0.29065 0.302802 0.304261 0.300492 0.295227 0.297718 0.305976 0.309118 0.308258 0.3045 0.298848 0.294823 0.28679 0.28239 0.27216 0.257034 0.249781 0.250748 0.233674 0.231154 0.232189 0.205764 0.209224 0.207394 0.189897 0.185464 0.188513 0.18694 0.185102 0.181466 0.177231 0.174195 0.17072 0.168113 0.166185 0.164785 0.163847 0.16296 0.162179 0.160275 0.157561 0.145803 0.120819 0.119657 0.122201 0.123933
-9999 -9999 -9999 -9999 -9999 -9999 -9999 -9999 0.289068 0.304453 0.32452 0.335994 0.336651 0.345034 0.352559 0.350578 0.345583 0.344049 0.339671 0.330645 0.320831 0.31013 0.305299 0.293076 0.30607 0.292621 0.302794 0.306985 0.304511 0.29861 0.303862 0.308894 0.309471 0.314444 0.312074 0.307484 0.29512 0.288139 0.288361 0.284307 0.27853 0.2671 0.26412 0.255191 0.249195 0.242752 0.213824 0.213254 0.207971 0.197661 0.20067 0.199539 0.196864 0.194202 0.189696 0.186265 0.183846 0.180476 0.177646 0.175318 0.173504 0.171869 0.170059 0.168369 0.164609 0.158799 0.149033 0.114057 0.120762 0.127666 0.123189
-9999 -9999 -9999 -9999 -9999 -9999 -9999 -9999 0.296367 0.312767 0.329772 0.335947 0.335727 0.352322 0.362124 0.36117 0.358405 0.35559 0.344232 0.345014 0.343039 0.333032 0.318282 0.301954 0.303573 0.302631 0.302416 0.306297 0.298663 0.292235 0.293925 0.302897 0.310622 0.318731 0.319198 0.31409 0.296026 0.276989 0.282837 0.289159 0.286865 0.281915 0.270587 0.264689 0.258601 0.248263 0.225369 0.212249 0.209787 0.208987 0.206841 0.206806 0.205981 0.198855 0.194958 0.195022 0.193619 0.190187 0.187183 0.184646 0.182306 0.18011 0.177204 0.174247 0.170484 0.15725 0.147962 0.128989 0.123316 0.126904 0.116945
-9999 -9999 -9999 -9999 -9999 -9999 -9999 -9999 0.301455 0.312954 0.329191 0.334871 0.344824 0.36055 0.367767 0.370806 0.369943 0.36775 0.362327 0.359067 0.352975 0.342138 0.327344 0.310854 0.29998 0.305046 0.298291 0.302249 0.295542 0.287705 0.294001 0.303944 0.319408 0.327397 0.326796 0.32393 0.318616 0.304131 0.286972 0.284727 0.289762 0.280729 0.270367 0.270993 0.26647 0.256158 0.247154 0.221681 0.211286 0.212374 0.209633 0.210885 0.215501 0.211969 0.207071 0.20694 0.203254 0.199825 0.196795 0.193894 0.191181 0.18852 0.185225 0.180895 0.170908 0.161699 0.149782 0.145479 0.13105 0.127011 0.122579
-9999 -9999 -9999 -9999 -9999 -9999 -9999 -9999 0.302834 0.31653 0.331676 0.345813 0.359179 0.370588 0.370462 0.376123 0.37524 0.377964 0.376308 0.371066 0.365533 0.355789 0.336423 0.320059 0.302224 0.306266 0.31281 0.308487 0.298876 0.282101 0.29669 0.312848 0.32728 0.334309 0.325832 0.330966 0.328462 0.321726 0.310533 0.29417 0.2917 0.278278 0.274496 0.276183 0.273934 0.268752 0.26083 0.241896 0.220795 0.219836 0.215622 0.216653 0.21941 0.222257 0.21919 0.216579 0.212886 0.209406 0.20623 0.203112 0.199923 0.196542 0.192668 0.183383 0.172798 0.164865 0.155055 0.150542 0.151583 0.13203 0.125839
