Test_Spring_2018/12_17/Prec/20171210_007.txt
ncols	170
nrows	115
xllcorner	350000.000000
yllcorner	4445000.000000
cellsize	1000.000000
nodata_value	-9999.000000
[rows 33 to 65 of 115, columns 76 to 151 of 170]
0.159902 0.16917 0.179892 0.181997 0.184209 0.186474 0.188557 0.190515 0.192759 0.195188 0.198619 0.20239 0.204159 0.204096 0.20521 0.206212 0.208168 0.210367 0.21314 0.213451 0.214528 0.213534 0.216306 0.22202 -9999 -9999 -9999 -9999 -9999 -9999 -9999 -9999 -9999 -9999 -9999 -9999 -9999 -9999 -9999 -9999 -9999 -9999 -9999 -9999 -9999 -9999 -9999 -9999 -9999 -9999 -9999 -9999 -9999 -9999 -9999 -9999 -9999 -9999 -9999 -9999 -9999 -9999 -9999 -9999 -9999 -9999 -9999 -9999 -9999 -9999 -9999 -9999 -9999 -9999 -9999 -9999
0.162413 0.178629 0.180797 0.181986 0.184113 0.186103 0.188332 0.190333 0.192423 0.194791 0.197464 0.200337 0.204379 0.203732 0.203462 0.204633 0.205875 0.207709 0.210309 0.210502 0.211809 0.207735 0.217629 0.219287 0.220229 -9999 -9999 -9999 -9999 -9999 -9999 -9999 -9999 -9999 -9999 -9999 -9999 -9999 -9999 -9999 -9999 -9999 -9999 -9999 -9999 -9999 -9999 -9999 -9999 -9999 -9999 -9999 -9999 -9999 -9999 -9999 -9999 -9999 -9999 -9999 -9999 -9999 -9999 -9999 -9999 -9999 -9999 -9999 -9999 -9999 -9999 -9999 -9999 -9999 -9999 -9999
0.157457 0.172979 0.180457 0.182364 0.184146 0.186129 0.188363 0.191299 0.192986 0.194415 0.196574 0.199632 0.202624 0.204179 0.203108 0.203556 0.204756 0.205391 0.207671 0.208318 0.209749 0.207808 0.210348 0.216103 0.217097 0.218707 -9999 -9999 -9999 -9999 -9999 -9999 -9999 -9999 -9999 -9999 -9999 -9999 -9999 -9999 -9999 -9999 -9999 -9999 -9999 -9999 -9999 -9999 -9999 -9999 -9999 -9999 -9999 -9999 -9999 -9999 -9999 -9999 -9999 -9999 -9999 -9999 -9999 -9999 -9999 -9999 -9999 -9999 -9999 -9999 -9999 -9999 -9999 -9999 -9999 -9999
0.16682 0.173512 0.18065 0.182512 0.184252 0.186261 0.188945 0.191017 0.192538 0.194465 0.196715 0.198477 0.2007 0.202923 0.203416 0.202569 0.204352 0.204073 0.205214 0.206039 0.207975 0.210431 0.209645 0.214779 0.215553 0.216754 -9999 -9999 -9999 -9999 -9999 -9999 -9999 -9999 -9999 -9999 -9999 -9999 -9999 -9999 -9999 -9999 -9999 -9999 -9999 -9999 -9999 -9999 -9999 -9999 -9999 -9999 -9999 -9999 -9999 -9999 -9999 -9999 -9999 -9999 -9999 -9999 -9999 -9999 -9999 -9999 -9999 -9999 -9999 -9999 -9999 -9999 -9999 -9999 -9999 -9999
0.167208 0.168638 0.180865 0.18297 0.18455 0.186584 0.18876 0.190664 0.192495 0.194268 0.196202 0.198099 0.200163 0.201158 0.200864 0.201707 0.20282 0.203525 0.203851 0.204953 0.203825 0.210067 0.211807 0.214577 0.215659 0.215512 0.216142 -9999 -9999 -9999 -9999 -9999 -9999 -9999 -9999 -9999 -9999 -9999 -9999 0.200062 -9999 -9999 -9999 -9999 -9999 -9999 -9999 -9999 -9999 -9999 -9999 -9999 -9999 -9999 -9999 -9999 -9999 -9999 -9999 -9999 0.126216 -9999 -9999 -9999 -9999 -9999 -9999 -9999 -9999 -9999 -9999 -9999 -9999 -9999 -9999 -9999
0.166576 0.168673 0.176037 0.183314 0.184914 0.187024 0.189157 0.191096 0.193149 0.194556 0.196088 0.197971 0.199009 0.19941 0.199982 0.200525 0.201159 0.20204 0.203092 0.204239 0.205755 0.207287 0.208427 0.207761 0.21212 0.213087 0.214543 0.215573 -9999 -9999 -9999 -9999 -9999 -9999 -9999 0.207145 0.205783 0.204071 0.201755 0.198529 0.196622 -9999 -9999 -9999 -9999 -9999 -9999 -9999 -9999 -9999 -9999 -9999 -9999 -9999 -9999 -9999 -9999 -9999 -9999 -9999 0.124824 0.121811 -9999 -9999 -9999 -9999 -9999 -9999 -9999 -9999 -9999 -9999 -9999 -9999 -9999 -9999
0.166602 0.168968 0.17162 0.183401 0.185623 0.187612 0.189622 0.19162 0.193516 0.194729 0.196357 0.197539 0.198505 0.198646 0.199161 0.199979 0.20087 0.201763 0.203109 0.203913 0.204544 0.205603 0.207052 0.208475 0.210148 0.212207 0.214166 0.215648 -9999 -9999 -9999 -9999 -9999 -9999 0.207318 0.205349 0.203462 0.202846 0.199975 0.196876 0.19444 0.182487 -9999 -9999 -9999 -9999 -9999 -9999 -9999 -9999 -9999 -9999 -9999 -9999 -9999 -9999 0.132411 0.130881 0.130296 0.127954 0.124598 0.121142 -9999 -9999 -9999 -9999 -9999 -9999 -9999 -9999 -9999 -9999 -9999 -9999 -9999 -9999
0.166467 0.169297 0.172577 0.179947 0.186158 0.18839 0.190461 0.192264 0.193791 0.195498 0.19666 0.198211 0.198037 0.198579 0.19925 0.2005 0.201339 0.203218 0.204396 0.205032 0.204244 0.205385 0.207389 0.209772 0.215572 0.212449 0.213064 0.214359 -9999 -9999 -9999 -9999 -9999 -9999 0.206618 0.204631 0.202517 0.200724 0.199752 0.195928 0.184356 0.181532 0.177906 0.173345 0.16913 0.163626 0.155527 0.152181 0.149762 0.14691 -9999 -9999 -9999 -9999 0.13713 0.134995 0.132544 0.130261 0.129855 0.127973 0.125322 0.113015 -9999 -9999 -9999 -9999 -9999 -9999 -9999 -9999 -9999 -9999 -9999 -9999 -9999 -9999
0.166632 0.170315 0.173485 0.181038 0.187015 0.189727 0.191828 0.19356 0.194963 0.196226 0.197469 0.197997 0.198483 0.199089 0.200886 0.202935 0.202539 0.203908 0.209265 0.205093 0.204375 0.205563 0.207878 0.210482 0.214256 0.211228 0.212189 0.21127 -9999 -9999 -9999 0.209109 0.207388 0.206643 0.205405 0.203085 0.200735 0.200274 0.197716 0.194723 0.184347 0.181263 0.17807 0.173622 0.167952 0.163605 0.154319 0.150937 0.148532 0.143761 0.141538 0.13975 0.138256 0.136893 0.135303 0.133368 0.131107 0.128803 0.129802 0.127243 0.123464 0.108996 -9999 -9999 -9999 -9999 -9999 -9999 -9999 -9999 -9999 -9999 -9999 -9999 -9999 -9999
0.165917 0.171782 0.175562 0.178821 0.18581 0.190731 0.19284 0.195059 0.196065 0.197148 0.197949 0.198586 0.199118 0.200575 0.202462 0.204365 0.205385 0.207553 0.209327 0.206444 0.205638 0.206144 0.204964 0.20729 0.207765 0.210631 0.210357 0.212277 -9999 -9999 0.212 0.209365 0.207295 0.205844 0.204738 0.203563 0.200928 0.198953 0.195457 0.192549 0.183888 0.179674 0.177486 0.172661 0.16408 0.16 0.153712 0.147328 0.144773 0.142805 0.140952 0.139586 0.138403 0.137224 0.136035 0.134236 0.132014 0.129522 0.127923 0.124623 0.114969 0.108665 -9999 -9999 -9999 -9999 -9999 -9999 -9999 -9999 -9999 -9999 -9999 -9999 -9999 -9999
0.166954 0.170964 0.174584 0.180052 0.187473 0.189753 0.193953 0.196088 0.197705 0.198267 0.198942 0.199369 0.199637 0.200868 0.202241 0.204329 0.205699 0.208596 0.209536 0.205897 0.205361 0.205555 0.205858 0.205759 0.206413 0.209841 0.210955 0.211387 0.212693 -9999 0.212227 0.211053 0.208762 0.206532 0.204627 0.203853 0.200994 0.198755 0.195221 0.19268 0.183496 0.175778 0.17136 0.167108 0.162044 0.158097 0.152195 0.148841 0.144024 0.142147 0.140709 0.139643 0.138756 0.137846 0.136739 0.135225 0.133165 0.13048 0.127753 0.11959 0.115857 0.109409 -9999 -9999 -9999 -9999 -9999 -9999 -9999 -9999 -9999 -9999 -9999 -9999 -9999 -9999
0.166997 0.171138 0.175295 0.179401 0.18645 0.190942 0.193459 0.196942 0.199181 0.200058 0.200471 0.200247 0.200325 0.200348 0.200962 0.203359 0.205707 0.205358 0.207017 0.205559 0.205113 0.203758 0.203888 0.204923 0.206124 0.209565 0.210395 0.211792 0.213221 0.213239 0.212258 0.211444 0.209909 0.207359 0.205088 0.203227 0.201324 0.198471 0.195501 0.189131 0.179674 0.175161 0.170843 0.166258 0.161836 0.157231 0.151532 0.147848 0.14509 0.141743 0.140567 0.139786 0.139195 0.138573 0.137709 0.136397 0.134405 0.131615 0.124496 0.120536 0.114172 0.106153 -9999 -9999 -9999 -9999 -9999 -9999 -9999 -9999 -9999 -9999 -9999 -9999 -9999 -9999
0.168213 0.172691 0.17695 0.18103 0.187668 0.191035 0.193651 0.196952 0.200064 0.201823 0.20158 0.201453 0.201079 0.200864 0.200707 0.202532 0.203385 0.204081 0.205571 0.202876 0.202161 0.202059 0.202436 0.204499 0.206651 0.210856 0.212984 0.213221 0.214476 0.213338 0.212902 0.211102 0.209651 0.208705 0.207519 0.204129 0.201736 0.196524 0.192552 0.189436 0.179572 0.175073 0.169864 0.165027 0.160414 0.157759 0.150907 0.147882 0.144581 0.142501 0.140471 0.139971 0.139662 0.139332 0.138704 0.137552 0.135644 0.130536 0.123667 0.118577 0.115673 0.106933 -9999 -9999 -9999 -9999 -9999 -9999 -9999 -9999 -9999 -9999 -9999 -9999 -9999 -9999
0.168716 0.173259 0.17791 0.182289 0.18852 0.191812 0.194702 0.197207 0.199444 0.202156 0.202821 0.202762 0.203428 0.202036 0.201109 0.200731 0.200489 0.202064 0.201085 0.199788 0.199822 0.20111 0.202242 0.203495 0.206015 0.209635 0.212148 0.214152 0.214514 0.212883 0.211198 0.209484 0.208621 0.208784 0.207455 0.20377 0.200094 0.196417 0.192909 0.189593 0.179601 0.17515 0.169027 0.163879 0.159525 0.155558 0.150163 0.146767 0.144392 0.142094 0.141002 0.140147 0.140097 0.139988 0.139554 0.138533 0.13416 0.130259 0.125195 0.11906 0.115922 0.108044 -9999 -9999 -9999 -9999 -9999 -9999 -9999 -9999 -9999 -9999 -9999 -9999 -9999 -9999
0.169576 0.174357 0.178808 0.18232 0.188984 0.192371 0.195534 0.19797 0.200135 0.202159 0.203681 0.20445 0.205166 0.204258 0.202393 0.201085 0.20055 0.201812 0.199016 0.198877 0.199199 0.200879 0.202244 0.203142 0.205613 0.209435 0.211245 0.213737 0.213217 0.212618 0.211683 0.209664 0.20826 0.207098 0.206447 0.203881 0.199891 0.19663 0.193568 0.189225 0.179532 0.17522 0.168565 0.163029 0.158483 0.154064 0.148953 0.145937 0.143512 0.141814 0.140847 0.140539 0.140426 0.140471 0.140148 0.138103 0.135354 0.13135 0.126133 0.119779 0.114975 0.108397 -9999 -9999 -9999 -9999 -9999 -9999 -9999 -9999 -9999 -9999 -9999 -9999 -9999 -9999
-9999 0.175347 0.179143 0.182231 0.189154 0.192876 0.19567 0.198212 0.200504 0.202096 0.20367 0.205023 0.207226 0.206202 0.204408 0.20202 0.200547 0.200259 0.198803 0.199238 0.201172 0.202998 0.203255 0.203776 0.205699 0.209124 0.211172 0.210585 0.209965 0.209251 0.209049 0.209501 0.208288 0.206771 0.206003 0.203205 0.199533 0.196609 0.192928 0.188743 0.179072 0.173526 0.168001 0.162084 0.157746 0.153129 0.147964 0.145232 0.143076 0.141614 0.140762 0.140538 0.140594 0.140639 0.140111 0.138505 0.135714 0.131655 0.126347 0.119882 0.112603 0.103795 0 -9999 -9999 -9999 -9999 -9999 -9999 -9999 -9999 -9999 -9999 -9999 -9999 -9999
-9999 0.176424 0.180732 0.183406 0.190092 0.192781 0.1954 0.197917 0.200434 0.201822 0.204077 0.204627 0.206489 0.207449 0.206078 0.205858 0.202782 0.200071 0.198506 0.202527 0.203806 0.204793 0.204491 0.204681 0.205491 0.20994 0.210955 0.209273 0.208447 0.207928 0.207589 0.207516 0.207651 0.205591 0.203978 0.201435 0.198794 0.195324 0.192153 0.188228 0.177544 0.172507 0.167176 0.161305 0.157277 0.152404 0.147389 0.144926 0.143026 0.14139 0.140691 0.140467 0.140109 0.140301 0.139785 0.138028 0.135166 0.131067 0.125751 0.119265 0.111793 0.10082 0 0 0 -9999 -9999 -9999 -9999 -9999 -9999 -9999 -9999 -9999 -9999 -9999
-9999 -9999 0.182392 0.184069 0.190016 0.192809 0.194833 0.197182 0.199362 0.201191 0.203269 0.204644 0.206325 0.207921 0.20967 0.205521 0.201853 0.19975 0.19784 0.201087 0.202198 0.20206 0.201161 0.202082 0.203012 0.20693 0.207838 0.209064 0.209128 0.208178 0.206646 0.206001 0.20522 0.204646 0.202965 0.200145 0.19735 0.19384 0.189986 0.185697 0.176227 0.170278 0.165471 0.160237 0.155807 0.151871 0.146968 0.144856 0.142689 0.141218 0.14051 0.138701 0.139188 0.139232 0.138582 0.137025 0.133722 0.129618 0.124332 0.117964 0.11062 0 0 0 0 0 -9999 -9999 -9999 -9999 -9999 -9999 -9999 -9999 -9999 -9999
-9999 -9999 0.183388 0.184833 0.190646 0.192158 0.195254 0.196042 0.197871 0.199577 0.201342 0.203143 0.204239 0.2062 0.208009 0.204348 0.201755 0.199487 0.199027 0.199839 0.198563 0.199056 0.198729 0.200187 0.201063 0.203633 0.204915 0.206387 0.207959 0.207409 0.205463 0.204501 0.203363 0.20226 0.200769 0.198785 0.196239 0.192105 0.189449 0.184319 0.17412 0.169036 0.164106 0.159394 0.155112 0.151333 0.146432 0.143989 0.142479 0.13882 0.137023 0.137408 0.137656 0.137495 0.136672 0.134972 0.132267 0.128258 0.122205 0.11603 0.108961 0 0 0 0 0 0 0 0 -9999 -9999 -9999 -9999 -9999 -9999 -9999
-9999 -9999 0.186908 0.186731 0.192011 0.193211 0.192953 0.194736 0.196292 0.198131 0.199323 0.200734 0.201681 0.20289 0.204695 0.205395 0.203168 0.198301 0.198528 0.196196 0.195903 0.196495 0.197173 0.197376 0.1976 0.20064 0.202064 0.204132 0.2025 0.20384 0.202435 0.202444 0.202443 0.199587 0.198336 0.196614 0.195024 0.192646 0.188912 0.184111 0.173451 0.169267 0.16389 0.158855 0.154527 0.150869 0.146018 0.140089 0.138885 0.135503 0.135513 0.135637 0.135613 0.135189 0.134145 0.132314 0.129548 0.125779 0.120574 0.114707 0.106899 0 0 0 0 0 0 0 0 0 -9999 -9999 -9999 -9999 -9999 -9999
-9999 -9999 0.187474 0.191751 0.191867 0.191223 0.191912 0.193547 0.194572 0.195873 0.197102 0.198425 0.199632 0.200675 0.20227 0.203174 0.20052 0.198872 0.196315 0.19287 0.195191 0.194988 0.195074 0.194888 0.195348 0.197786 0.198941 0.197312 0.198828 0.200698 0.198889 0.198761 0.198833 0.196971 0.19574 0.195582 0.19451 0.19183 0.187164 0.184176 0.173845 0.168681 0.163742 0.158152 0.150203 0.146864 0.141426 0.139451 0.134504 0.133933 0.133666 0.133472 0.133141 0.13243 0.131154 0.129185 0.126378 0.122694 0.118162 0.111911 0.105553 0 0 0 0 0 0 0 0 0 0 -9999 -9999 -9999 -9999 -9999
-9999 -9999 0.185568 0.192057 0.192235 0.190333 0.190707 0.191844 0.19281 0.193943 0.195258 0.196135 0.196974 0.197977 0.198395 0.199291 0.20066 0.196726 0.197218 0.193528 0.192104 0.190771 0.190616 0.191092 0.197137 0.196715 0.192708 0.194338 0.195175 0.196234 0.195213 0.195159 0.194783 0.194009 0.194108 0.194272 0.193575 0.189751 0.186932 0.182116 0.173303 0.163182 0.157729 0.153295 0.150021 0.147481 0.140934 0.134373 0.133039 0.132141 0.131507 0.131009 0.130335 0.129358 0.127877 0.125766 0.122947 0.119365 0.115037 0.109997 0.102965 0 0 0 0 0 0 0 0 0 0 0 -9999 -9999 -9999 -9999
-9999 -9999 -9999 0.191842 0.189208 0.18857 0.189006 0.189754 0.190708 0.191841 0.192905 0.19368 0.194305 0.195068 0.195857 0.197146 0.19791 0.196548 0.197362 0.194315 0.193104 0.190774 0.189881 0.19076 0.195457 0.189199 0.18794 0.188328 0.188843 0.189295 0.191941 0.191881 0.191703 0.191761 0.193425 0.189591 0.188361 0.185419 0.182884 0.176811 0.166564 0.161044 0.156435 0.152443 0.150262 0.14419 0.134994 0.132615 0.131346 0.129948 0.129125 0.128294 0.127332 0.126099 0.124419 0.122203 0.119384 0.115086 0.110785 0.105835 0 0 0 0 0 0 0 0 0 0 0 0 0 -9999 -9999 -9999
-9999 -9999 -9999 0.189781 0.188773 0.187357 0.188151 0.188663 0.189033 0.190079 0.191285 0.192181 0.192827 0.193308 0.194444 0.195406 0.196227 0.196194 0.195511 0.195053 0.193434 0.190489 0.189699 0.189748 0.189068 0.189759 0.187747 0.186144 0.186124 0.186324 0.188216 0.187429 0.187831 0.188242 0.187183 0.185952 0.18505 0.181795 0.179906 0.176387 0.164264 0.159699 0.155642 0.151248 0.149139 0.143288 0.133694 0.131082 0.12953 0.127493 0.126094 0.124909 0.12365 0.122132 0.120237 0.117854 0.114946 0.111468 0.107423 0.10286 0 0 0 0 0 0 0 0 0 0 0 0 0 -9999 -9999 -9999
-9999 -9999 -9999 0.188609 0.188427 0.187216 0.186614 0.188002 0.188115 0.18852 0.189745 0.190779 0.191595 0.191894 0.193232 0.194585 0.195543 0.196689 0.196051 0.194595 0.192253 0.190146 0.18947 0.189532 0.187226 0.186281 0.184675 0.183785 0.183422 0.183387 0.183487 0.183199 0.183189 0.182417 0.18207 0.182005 0.180568 0.17773 0.17692 0.173964 0.170343 0.15818 0.153611 0.149821 0.148231 0.13494 0.131367 0.128746 0.126488 0.124737 0.123262 0.121733 0.120255 0.118546 0.116524 0.114116 0.111256 0.107951 0.104168 0.100071 0 0 0 0 0 0 0 0 0 0 0 0 0 -9999 -9999 -9999
-9999 -9999 -9999 0.187545 0.187408 0.186453 0.186387 0.187498 0.187392 0.187192 0.188032 0.18909 0.189546 0.190235 0.191408 0.192584 0.193792 0.194174 0.195465 0.193462 0.191688 0.189762 0.188636 0.185846 0.185722 0.184234 0.18284 0.182064 0.180724 0.180294 0.180059 0.180683 0.180413 0.17897 0.177807 0.176574 0.175777 0.1736 0.17193 0.169653 0.167253 0.155272 0.151531 0.148465 0.139058 0.131503 0.128531 0.126042 0.123816 0.122049 0.120302 0.118505 0.116824 0.114977 0.112881 0.110459 0.107695 0.104592 0.101092 0 0 0 0 0 0 0 0 0 0 0 0 0 0 0 0 -9999
-9999 -9999 -9999 0.187387 0.186964 0.186277 0.186794 0.187938 0.18671 0.186172 0.186849 0.187596 0.188199 0.189774 0.189656 0.189789 0.190869 0.192486 0.194247 0.193641 0.18953 0.189477 0.188278 0.185724 0.185503 0.184293 0.182194 0.18029 0.178342 0.177351 0.177008 0.178225 0.179408 0.177176 0.174659 0.173014 0.171463 0.170492 0.168591 0.166513 0.164821 0.156138 0.150069 0.146859 0.132153 0.129129 0.126054 0.12331 0.121595 0.119642 0.117308 0.115232 0.113417 0.111471 0.109319 0.106933 0.104268 0.101399 0 0 0 0 0 0 0 0 0 0 0 0 0 0 0 0 0 0
-9999 -9999 -9999 0.187712 0.187809 0.187127 0.187633 0.187401 0.186237 0.185993 0.186118 0.186583 0.187069 0.187832 0.188187 0.188793 0.18991 0.191452 0.19314 0.194047 0.192853 0.189742 0.182644 0.185292 0.185083 0.183098 0.180686 0.177593 0.175477 0.174453 0.173669 0.173114 0.173621 0.174317 0.172901 0.170341 0.169389 0.168396 0.165777 0.163639 0.162097 0.16027 0.147249 0.137604 0.130009 0.127123 0.123899 0.120425 0.118185 0.116275 0.113862 0.111973 0.110058 0.108038 0.105889 0.10355 0.100992 0 0 0 0 0 0 0 0 0 0 0 0 0 0 0 0 0 0 0
-9999 -9999 -9999 0.1887 0.18844 0.187842 0.187209 0.186498 0.185859 0.186532 0.186279 0.186703 0.186498 0.186708 0.187241 0.187684 0.188558 0.190577 0.192124 0.193796 0.19259 0.187077 0.184278 0.18408 0.184853 0.181615 0.178221 0.175086 0.17293 0.172776 0.170831 0.169812 0.169248 0.169138 0.169548 0.167989 0.167662 0.165895 0.163231 0.160899 0.158794 0.156923 0.147764 0.134677 0.127347 0.124673 0.121468 0.1182 0.115076 0.112857 0.110688 0.108728 0.10676 0.104722 0.102594 0.100344 0 0 0 0 0 0 0 0 0 0 0 0 0 0 0 0 0 0 0 0
-9999 -9999 -9999 -9999 0.188549 0.187861 0.187574 0.188295 0.187811 0.187797 0.187765 0.188015 0.186486 0.18642 0.186671 0.186989 0.187601 0.188929 0.189596 0.191041 0.19182 0.182733 0.184932 0.182884 0.181614 0.179307 0.175789 0.172235 0.170761 0.171018 0.169628 0.168141 0.166246 0.165318 0.16641 0.166191 0.165635 0.163175 0.160531 0.158331 0.15615 0.154047 0.138126 0.127513 0.123824 0.120479 0.11782 0.114784 0.112036 0.109748 0.107577 0.105551 0.103545 0.101532 0 0 0 0 0 0 0 0 0 0 0 0 0 0 0 0 0 0 0 0 0 0
-9999 -9999 -9999 -9999 0.189404 0.188393 0.189217 0.190424 0.192233 0.192595 0.189999 0.189707 0.188192 0.186579 0.186475 0.18668 0.187107 0.18755 0.188483 0.190027 0.190994 0.186951 0.181425 0.17957 0.17749 0.175235 0.172352 0.170626 0.170707 0.170759 0.168693 0.16697 0.163935 0.162344 0.161377 0.161456 0.161636 0.160875 0.158043 0.155954 0.153788 0.151534 0.14198 0.129123 0.120816 0.117516 0.114497 0.111786 0.109012 0.106666 0.104499 0.102419 0.100434 0 0 0 0 0 0 0 0 0 0 0 0 0 0 0 0 0 0 0 0 0 0 0
-9999 -9999 -9999 -9999 -9999 -9999 -9999 -9999 -9999 0.193398 0.193244 0.191214 0.189373 0.187042 0.186716 0.186707 0.186616 0.18741 0.188234 0.187457 0.182525 0.185152 0.179753 0.177973 0.175027 0.172821 0.170627 0.169569 0.16926 0.169529 0.167257 0.164179 0.161038 0.15981 0.15849 0.157928 0.1576 0.158487 0.155688 0.153717 0.151466 0.149201 0.136118 0.126821 0.118252 0.115448 0.112061 0.10867 0.106064 0.103662 0.101437 0 0 0 0 0 0 0 0 0 0 0 0 0 0 0 0 0 0 0 0 0 0 0 0 0
-9999 -9999 -9999 -9999 -9999 -9999 -9999 -9999 -9999 0.196592 0.197279 0.192551 0.190442 0.18824 0.187455 0.187315 0.187166 0.186998 0.186815 0.186951 0.184382 0.184149 0.180074 0.176722 0.173968 0.171958 0.170922 0.169143 0.168775 0.168075 0.164774 0.161712 0.158821 0.157322 0.156257 0.155162 0.155944 0.156157 0.154167 0.152 0.149308 0.140476 0.134007 0.130592 0.115849 0.112244 0.108924 0.105907 0.103144 0.100711 0 0 0 0 0 0 0 0 0 0 0 0 0 0 0 0 0 0 0 0 0 0 0 0 0 0
