Test_Spring_2018/12_17/Prec/20171228_000.txt
ncols	170
nrows	115
xllcorner	350000.000000
yllcorner	4445000.000000
cellsize	1000.000000
nodata_value	-9999.000000
[rows 31 to 61 of 115, columns 70 to 139 of 170]
0.237017 0.241613 0.242833 0.238372 0.238004 0.246349 0.247769 0.246911 0.25286 0.251533 0.246803 0.244884 0.241048 0.234688 0.231777 0.220927 0.186796 0.196135 0.199754 0.189949 0.195544 0.204699 0.197312 0.174766 0.1654 0.150027 0.154761 0.151567 0.139081 -9999 -9999 -9999 -9999 -9999 -9999 -9999 -9999 -9999 -9999 -9999 -9999 -9999 -9999 -9999 -9999 -9999 -9999 -9999 -9999 -9999 -9999 -9999 -9999 -9999 -9999 -9999 -9999 -9999 -9999 -9999 -9999 -9999 -9999 -9999 -9999 -9999 -9999 -9999 -9999 -9999
0.238067 0.239761 0.238784 0.234459 0.239251 0.243608 0.240106 0.244291 0.252807 0.252366 0.249062 0.241907 0.239012 0.236051 0.23412 0.225201 0.200811 0.178894 0.190529 0.190894 0.183043 0.197862 0.190698 0.171357 0.143907 0.159972 0.156798 0.137821 0.132311 -9999 -9999 -9999 -9999 -9999 -9999 -9999 -9999 -9999 -9999 -9999 -9999 -9999 -9999 -9999 -9999 -9999 -9999 -9999 -9999 -9999 -9999 -9999 -9999 -9999 -9999 -9999 -9999 -9999 -9999 -9999 -9999 -9999 -9999 -9999 -9999 -9999 -9999 -9999 -9999 -9999
0.231343 0.236692 0.234068 0.231785 0.239266 0.238355 0.237289 0.246927 0.252307 0.252934 0.251414 0.248089 0.245177 0.242135 0.234996 0.224911 0.204083 0.17924 0.173676 0.185993 0.1869 0.18932 0.18297 0.174974 0.162163 0.174349 0.179751 0.166415 0.150288 0.141552 -9999 -9999 -9999 -9999 -9999 -9999 -9999 -9999 -9999 -9999 -9999 -9999 -9999 -9999 -9999 -9999 -9999 -9999 -9999 -9999 -9999 -9999 -9999 -9999 -9999 -9999 -9999 -9999 -9999 -9999 -9999 -9999 -9999 -9999 -9999 -9999 -9999 -9999 -9999 -9999
0.222296 0.232016 0.228427 0.219705 0.223919 0.226902 0.239968 0.242499 0.243147 0.252571 0.251674 0.250855 0.246326 0.242673 0.236874 0.227215 0.213629 0.197398 0.16925 0.186982 0.201084 0.201342 0.20137 0.196183 0.184129 0.196362 0.198218 0.180193 0.165515 0.155322 0.151613 -9999 -9999 -9999 -9999 -9999 -9999 -9999 -9999 -9999 -9999 -9999 -9999 -9999 -9999 -9999 -9999 -9999 -9999 -9999 -9999 -9999 -9999 -9999 -9999 -9999 -9999 -9999 -9999 -9999 -9999 -9999 -9999 -9999 -9999 -9999 -9999 -9999 -9999 -9999
-9999 0.225484 0.222001 0.211514 0.215759 0.221675 0.237535 0.242375 0.246299 0.248864 0.251493 0.25079 0.246181 0.233238 0.231206 0.230512 0.221641 0.203194 0.184916 0.180509 0.201914 0.208639 0.208385 0.2142 0.204416 0.211211 0.210734 0.20503 0.18843 0.175069 0.169513 0.157077 -9999 -9999 -9999 -9999 -9999 -9999 -9999 -9999 -9999 -9999 -9999 -9999 -9999 -9999 -9999 -9999 -9999 -9999 -9999 -9999 -9999 -9999 -9999 -9999 -9999 -9999 -9999 -9999 -9999 -9999 -9999 -9999 -9999 -9999 -9999 -9999 -9999 -9999
-9999 -9999 -9999 -9999 0.204716 0.219864 0.227593 0.236217 0.244373 0.247981 0.251476 0.250813 0.241917 0.237439 0.236848 0.230928 0.220715 0.214438 0.203076 0.19142 0.19675 0.215446 0.20871 0.222713 0.223301 0.227492 0.221152 0.207585 0.186608 0.178194 0.173866 0.164525 -9999 -9999 -9999 -9999 -9999 -9999 -9999 -9999 -9999 -9999 -9999 -9999 -9999 -9999 -9999 -9999 -9999 -9999 -9999 -9999 -9999 -9999 -9999 -9999 -9999 -9999 -9999 -9999 -9999 -9999 -9999 -9999 -9999 -9999 -9999 -9999 -9999 -9999
-9999 -9999 -9999 -9999 -9999 0.218243 0.224173 0.236151 0.242492 0.244698 0.25054 0.250176 0.246571 0.2438 0.239989 0.235186 0.227498 0.219184 0.208562 0.208112 0.220301 0.221542 0.220563 0.224125 0.231958 0.232691 0.220638 0.202499 0.193277 0.17198 0.164072 0.167443 0.162226 -9999 -9999 -9999 -9999 -9999 -9999 -9999 -9999 -9999 -9999 -9999 -9999 0.175854 -9999 -9999 -9999 -9999 -9999 -9999 -9999 -9999 -9999 -9999 -9999 -9999 -9999 -9999 -9999 -9999 -9999 -9999 -9999 -9999 0 -9999 -9999 -9999
-9999 -9999 -9999 -9999 0.211147 0.22524 0.230936 0.238341 0.238524 0.243276 0.250015 0.249692 0.246971 0.243984 0.237816 0.236151 0.231723 0.222673 0.221154 0.225507 0.228164 0.231389 0.234226 0.235264 0.235268 0.234929 0.229711 0.222376 0.218633 0.197746 0.192078 0.184364 0.170951 0.160732 -9999 -9999 -9999 -9999 -9999 -9999 -9999 0.187635 0.183764 0.180303 0.179726 0.185119 0.174818 -9999 -9999 -9999 -9999 -9999 -9999 -9999 -9999 -9999 -9999 -9999 -9999 -9999 -9999 -9999 -9999 -9999 -9999 -9999 0 0 -9999 -9999
-9999 -9999 -9999 -9999 0.219779 0.22761 0.231385 0.238572 0.242519 0.245212 0.247222 0.249091 0.248184 0.244819 0.240018 0.239737 0.233559 0.230384 0.228417 0.234134 0.236189 0.23564 0.235011 0.235118 0.231575 0.234051 0.235643 0.232732 0.225786 0.218635 0.2066 0.188348 0.17028 0.156001 -9999 -9999 -9999 -9999 -9999 -9999 0.199846 0.204873 0.205952 0.191247 0.195301 0.198293 0.191736 0.178484 -9999 -9999 -9999 -9999 -9999 -9999 -9999 -9999 -9999 -9999 -9999 -9999 -9999 -9999 0.144844 0.130201 0.102257 0 0 0 -9999 -9999
-9999 -9999 -9999 -9999 0.217994 0.22732 0.233539 0.23898 0.239545 0.245519 0.247276 0.247949 0.24717 0.24598 0.244612 0.238903 0.236382 0.228421 0.236366 0.236797 0.236035 0.230058 0.228922 0.218522 0.215989 0.218593 0.233643 0.229878 0.217518 0.201069 0.183245 0.183343 0.179086 0.167355 -9999 -9999 -9999 -9999 -9999 -9999 0.210357 0.215511 0.218414 0.214457 0.198657 0.207164 0.200608 0.186231 0.178167 0.178725 0.176336 0.170023 0.168437 0.166189 0.158616 0.158995 -9999 -9999 -9999 -9999 0.149737 0.14869 0.147601 0.140714 0.110473 0 0 0 -9999 -9999
-9999 -9999 -9999 -9999 0.224374 0.230077 0.23283 0.233023 0.23778 0.242913 0.245215 0.255849 0.254035 0.252498 0.251063 0.248265 0.243444 0.24403 0.244081 0.242639 0.229751 0.215068 0.225344 0.209964 0.193397 0.21402 0.228318 0.224187 0.209 0.190727 0.191498 0.194478 0.18772 0.18549 -9999 -9999 -9999 0.206198 0.218149 0.217684 0.218787 0.226876 0.23137 0.224357 0.222603 0.218709 0.204074 0.189059 0.173491 0.16977 0.178734 0.176525 0.171581 0.169038 0.161441 0.165346 0.166051 0.165328 0.163435 0.160607 0.158909 0.15806 0.156578 0.150613 0.117336 0.101253 0 0 -9999 -9999
-9999 -9999 -9999 -9999 0.225485 0.23054 0.234445 0.246376 0.246536 0.249962 0.252011 0.253782 0.252521 0.246331 0.248446 0.24666 0.245092 0.243313 0.241522 0.230356 0.215313 0.200982 0.196487 0.204982 0.19683 0.207137 0.222181 0.215438 0.220256 0.205029 0.207953 0.211719 0.193903 0.179253 -9999 -9999 0.188665 0.213262 0.229617 0.236641 0.23653 0.232934 0.239265 0.234583 0.240368 0.233958 0.207886 0.202198 0.177234 0.173689 0.17867 0.173689 0.176932 0.175668 0.172196 0.167952 0.166966 0.164568 0.162398 0.160581 0.157524 0.157406 0.156833 0.153086 0.133853 0.124096 0.113654 0 -9999 -9999
-9999 -9999 -9999 -9999 0.236889 0.243167 0.249537 0.250173 0.253899 0.248186 0.246002 0.250504 0.250419 0.245141 0.240884 0.24342 0.241981 0.240949 0.240353 0.230023 0.218778 0.201556 0.192801 0.190656 0.190659 0.197941 0.209357 0.214259 0.218554 0.227078 0.22099 0.218603 0.212595 0.193057 0.185487 -9999 0.196687 0.208339 0.22791 0.243162 0.250939 0.242884 0.250317 0.246601 0.250036 0.238427 0.217949 0.210349 0.202186 0.193063 0.193745 0.181827 0.180275 0.176547 0.171817 0.168077 0.165127 0.162455 0.160361 0.158934 0.157822 0.157109 0.15636 0.154928 0.146106 0.136989 0.116857 0 -9999 -9999
-9999 -9999 -9999 0.215273 0.236134 0.246435 0.250334 0.252597 0.253913 0.253964 0.254193 0.250085 0.248686 0.245432 0.234664 0.233324 0.233397 0.237501 0.237442 0.237693 0.232726 0.211485 0.207845 0.209282 0.20037 0.199366 0.209897 0.230223 0.236652 0.234706 0.231425 0.226926 0.219282 0.211242 0.1879 0.193704 0.207511 0.21706 0.230252 0.249207 0.260583 0.262636 0.259536 0.260687 0.25622 0.245932 0.229569 0.218992 0.206203 0.197042 0.188528 0.185246 0.182333 0.175013 0.171864 0.166364 0.163041 0.160289 0.15829 0.157063 0.156312 0.155791 0.155771 0.15582 0.155518 0.143449 0.114739 0 -9999 -9999
-9999 -9999 -9999 -9999 0.23326 0.238367 0.239734 0.241218 0.243981 0.246628 0.251107 0.248711 0.248734 0.243426 0.233319 0.22261 0.228166 0.23024 0.233475 0.234957 0.236571 0.225256 0.220802 0.219563 0.212065 0.224161 0.237309 0.245506 0.249915 0.2385 0.226757 0.214486 0.199789 0.203412 0.194164 0.20186 0.211922 0.232487 0.245812 0.249502 0.250189 0.266673 0.268283 0.265579 0.26418 0.249292 0.236283 0.222015 0.214665 0.205024 0.195855 0.171399 0.179059 0.171185 0.173206 0.165766 0.16132 0.158367 0.1564 0.155067 0.154493 0.154385 0.154794 0.155239 0.156806 0.149558 0.111519 0 -9999 -9999
-9999 -9999 -9999 -9999 -9999 -9999 0.236303 0.239037 0.239787 0.241225 0.249819 0.249143 0.247141 0.243306 0.23637 0.224454 0.22035 0.220923 0.213104 0.22336 0.236734 0.242143 0.247944 0.237689 0.235789 0.253176 0.258883 0.253545 0.25084 0.247893 0.233263 0.226643 0.209133 0.196511 0.199596 0.221408 0.237605 0.258434 0.266755 0.259917 0.261923 0.269657 0.276482 0.27618 0.267886 0.252406 0.23994 0.22231 0.221287 0.212366 0.198722 0.185654 0.178573 0.174137 0.167452 0.167805 0.163535 0.156997 0.154787 0.153531 0.153044 0.153188 0.154343 0.155366 0.156382 0.156971 0.118153 0 -9999 -9999
-9999 -9999 -9999 -9999 -9999 -9999 0.229561 0.231018 0.234745 0.245633 0.249962 0.248828 0.24444 0.241386 0.235082 0.224466 0.21457 0.206522 0.198302 0.206048 0.224149 0.238259 0.246553 0.239029 0.255208 0.260956 0.263683 0.254475 0.249615 0.250478 0.236832 0.228252 0.218396 0.201837 0.214504 0.227108 0.241518 0.263301 0.277426 0.28163 0.274042 0.276798 0.28549 0.279559 0.265147 0.257897 0.241862 0.220917 0.223405 0.21687 0.203996 0.19459 0.184632 0.176599 0.170928 0.166252 0.161905 0.157318 0.153638 0.152331 0.152001 0.152664 0.153615 0.155018 0.156327 0.157347 0.132747 0 -9999 -9999
-9999 -9999 -9999 -9999 -9999 -9999 -9999 0.223339 0.233582 0.248673 0.250295 0.245775 0.244879 0.240633 0.232925 0.226397 0.21492 0.201525 0.178501 0.187251 0.204476 0.22897 0.246211 0.253616 0.256459 0.256301 0.242957 0.232139 0.238103 0.242715 0.234641 0.230051 0.218284 0.232475 0.246678 0.260943 0.268626 0.267497 0.279407 0.287928 0.280912 0.285342 0.290105 0.279937 0.270625 0.260868 0.244179 0.234605 0.225439 0.222269 0.207198 0.199779 0.190653 0.180302 0.172598 0.166306 0.161565 0.156847 0.153598 0.152141 0.151705 0.152446 0.153594 0.155062 0.156579 0.157821 0.156534 0.130036 0.114868 -9999
-9999 -9999 -9999 -9999 -9999 -9999 -9999 0.214108 0.218457 0.236735 0.240405 0.24537 0.24565 0.241252 0.231101 0.225438 0.20897 0.203462 0.182478 0.175004 0.188171 0.191366 0.224223 0.255192 0.258514 0.222844 0.215609 0.2127 0.223852 0.231478 0.234158 0.219627 0.218043 0.243079 0.259416 0.271861 0.280919 0.2832 0.282285 0.296886 0.295864 0.297446 0.291773 0.286743 0.272316 0.260063 0.253169 0.23913 0.22871 0.225859 0.208575 0.204556 0.1946 0.182401 0.172833 0.168705 0.162701 0.157991 0.154777 0.153029 0.152976 0.152811 0.15426 0.15585 0.157325 0.158843 0.159715 0.154807 0.141645 0.136158
-9999 -9999 -9999 -9999 -9999 -9999 -9999 -9999 0.201199 0.227598 0.238167 0.24095 0.246181 0.242822 0.238549 0.228535 0.211938 0.19885 0.180284 0.161051 0.15292 0.19487 0.233536 0.258363 0.264086 0.235696 0.229704 0.237369 0.253859 0.253754 0.254711 0.2455 0.244603 0.240737 0.247997 0.265313 0.278017 0.28913 0.296647 0.296119 0.299685 0.297616 0.293662 0.289511 0.282568 0.274925 0.256274 0.252938 0.239174 0.231881 0.220312 0.208739 0.198595 0.183981 0.177689 0.172157 0.165996 0.161392 0.157673 0.15595 0.155873 0.157094 0.155654 0.157243 0.158892 0.160235 0.161322 0.159074 0.157159 0.14846
-9999 -9999 -9999 -9999 -9999 -9999 -9999 -9999 0.189441 0.215817 0.227322 0.241159 0.246452 0.250806 0.24533 0.236712 0.223673 0.207141 0.195214 0.17336 0.152437 0.194594 0.234823 0.261129 0.27096 0.246491 0.263432 0.26428 0.274432 0.268259 0.268874 0.272947 0.267641 0.260619 0.253822 0.24988 0.276312 0.2895 0.299625 0.303589 0.304858 0.304127 0.298132 0.289351 0.272183 0.274701 0.263651 0.254597 0.244822 0.235079 0.224547 0.213665 0.204593 0.194452 0.182328 0.177867 0.171452 0.166108 0.162511 0.160602 0.16027 0.161347 0.163406 0.160991 0.161091 0.162337 0.163241 0.160847 0.160202 0.158664
-9999 -9999 -9999 -9999 -9999 -9999 -9999 -9999 0.152381 0.191983 0.224614 0.238245 0.255581 0.254571 0.251549 0.241806 0.234942 0.223082 0.213658 0.200317 0.180533 0.17171 0.204987 0.253943 0.27575 0.28058 0.287305 0.286447 0.28584 0.290969 0.296853 0.296284 0.2905 0.2764 0.27416 0.268964 0.288504 0.290746 0.288556 0.308935 0.307475 0.304265 0.293461 0.277519 0.274673 0.259863 0.254017 0.239636 0.237693 0.234399 0.227345 0.217899 0.209469 0.201092 0.191555 0.184727 0.177905 0.172512 0.16879 0.166765 0.166244 0.166851 0.168524 0.170992 0.16601 0.167463 0.165719 0.16299 0.162291 0.160787
-9999 -9999 -9999 -9999 -9999 -9999 -9999 -9999 0.159441 0.194022 0.220806 0.244258 0.257125 0.256814 0.258723 0.254419 0.247743 0.237604 0.226682 0.216131 0.199548 0.189732 0.215342 0.24776 0.275276 0.287505 0.291771 0.297874 0.302067 0.31056 0.31304 0.319192 0.312784 0.301216 0.293357 0.280949 0.302553 0.304478 0.300262 0.310041 0.308072 0.28979 0.274783 0.270191 0.269693 0.25735 0.246056 0.230898 0.22849 0.234251 0.224481 0.216142 0.215239 0.206865 0.199402 0.191903 0.185335 0.180144 0.176368 0.174223 0.173478 0.173655 0.174842 0.176609 0.178357 0.170957 0.171724 0.168527 0.164502 0.163041
-9999 -9999 -9999 -9999 -9999 -9999 -9999 -9999 0.166539 0.188464 0.212644 0.246127 0.260841 0.264634 0.266794 0.264251 0.257222 0.252254 0.245942 0.23686 0.232889 0.224081 0.210905 0.250422 0.265723 0.27876 0.292975 0.308792 0.314369 0.315079 0.314304 0.321749 0.324984 0.314007 0.310556 0.303879 0.315671 0.315086 0.313895 0.312154 0.296893 0.275852 0.258218 0.266536 0.260726 0.2563 0.230718 0.241528 0.244657 0.240037 0.221094 0.20738 0.217563 0.211735 0.205354 0.199177 0.193665 0.188516 0.185012 0.182577 0.18143 0.181329 0.181924 0.183048 0.184274 0.185359 0.175491 0.171703 0.170733 0.17031
-9999 -9999 -9999 -9999 -9999 -9999 -9999 -9999 -9999 0.18256 0.22602 0.253501 0.267281 0.274834 0.277306 0.275203 0.271299 0.268154 0.264877 0.259097 0.252366 0.240453 0.233773 0.248356 0.263276 0.26731 0.280031 0.304662 0.316206 0.311392 0.29777 0.316267 0.332519 0.33293 0.331748 0.329996 0.323575 0.321244 0.316756 0.306037 0.275234 0.271996 0.258571 0.257479 0.248473 0.251827 0.236897 0.244202 0.243252 0.238096 0.217994 0.21616 0.22134 0.2188 0.210082 0.206555 0.20231 0.197629 0.194069 0.191472 0.190105 0.189602 0.1897 0.191524 0.192282 0.192966 0.181141 0.176653 0.174555 0.172337
-9999 -9999 -9999 -9999 -9999 -9999 -9999 -9999 -9999 0.195363 0.227543 0.26111 0.270223 0.279349 0.287216 0.285979 0.280984 0.277203 0.2744 0.27212 0.262689 0.254558 0.247708 0.249386 0.257815 0.257682 0.27363 0.303241 0.31243 0.314161 0.302555 0.296392 0.317423 0.334659 0.33598 0.334083 0.313746 0.317106 0.305519 0.29002 0.28479 0.276966 0.261761 0.265805 0.253077 0.25359 0.236221 0.23825 0.235774 0.23805 0.220212 0.217043 0.222275 0.221861 0.214891 0.215875 0.212831 0.208751 0.205165 0.202555 0.200808 0.199963 0.199551 0.199487 0.199535 0.199292 0.198276 0.182211 0.16186 0.160178
-9999 -9999 -9999 -9999 -9999 -9999 -9999 -9999 -9999 0.207607 0.230024 0.260256 0.282099 0.281979 0.29204 0.297049 0.292065 0.28729 0.283286 0.283283 0.272291 0.260637 0.252572 0.242587 0.250239 0.266189 0.282226 0.302435 0.309104 0.30908 0.308509 0.316068 0.330599 0.33822 0.340306 0.338237 0.333288 0.329956 0.321129 0.316582 0.304378 0.285798 0.277167 0.279018 0.258065 0.255787 0.258251 0.233525 0.23952 0.238958 0.218614 0.225921 0.231347 0.230832 0.229875 0.226494 0.222191 0.219234 0.215541 0.212789 0.210764 0.209313 0.208398 0.207542 0.206857 0.204815 0.201833 0.187457 0.161452 0.16062
-9999 -9999 -9999 -9999 -9999 -9999 -9999 -9999 -9999 0.220436 0.241108 0.267797 0.283604 0.285687 0.297611 0.30849 0.307374 0.302556 0.302321 0.298711 0.289486 0.27959 0.26893 0.266101 0.25425 0.274787 0.285103 0.30227 0.311883 0.31455 0.311249 0.321882 0.331933 0.335981 0.345237 0.344772 0.341096 0.327173 0.319757 0.321218 0.31704 0.310539 0.296804 0.293825 0.283375 0.276786 0.269802 0.24229 0.243077 0.237999 0.23163 0.24374 0.243738 0.241717 0.239625 0.235078 0.231767 0.229605 0.226099 0.223156 0.220753 0.218937 0.217321 0.215492 0.21386 0.209669 0.202958 0.191312 0.153101 0.162425
-9999 -9999 -9999 -9999 -9999 -9999 -9999 -9999 -9999 0.226041 0.248619 0.271963 0.281522 0.282922 0.305666 0.31978 0.320261 0.318525 0.316856 0.304513 0.307823 0.307896 0.298055 0.282494 0.265228 0.27105 0.280468 0.301507 0.310278 0.306066 0.301684 0.307407 0.322128 0.334972 0.347988 0.350969 0.346546 0.325358 0.302667 0.311373 0.320513 0.318597 0.31326 0.299829 0.29336 0.286749 0.274864 0.249849 0.240139 0.23854 0.251348 0.249984 0.251276 0.251513 0.243669 0.239841 0.240945 0.240083 0.236547 0.233471 0.230926 0.2286 0.226453 0.223434 0.220406 0.21643 0.200507 0.189685 0.16784 0.16608
-9999 -9999 -9999 -9999 -9999 -9999 -9999 -9999 -9999 0.228568 0.24556 0.268495 0.277919 0.292683 0.314702 0.32586 0.331696 0.332607 0.331909 0.327235 0.325483 0.320341 0.309406 0.293692 0.276071 0.265815 0.27601 0.295856 0.306733 0.301075 0.294557 0.305811 0.321472 0.343894 0.35655 0.358018 0.356344 0.351317 0.334421 0.313952 0.312302 0.319819 0.309423 0.297346 0.299275 0.294735 0.28293 0.272884 0.250398 0.244284 0.254047 0.251851 0.254698 0.261769 0.258422 0.253268 0.254098 0.25034 0.246849 0.243821 0.240932 0.238282 0.235724 0.232415 0.227862 0.21621 0.205638 0.191718 0.187549 0.176328
-9999 -9999 -9999 -9999 -9999 -9999 -9999 -9999 -9999 0.226231 0.246691 0.268826 0.289504 0.309039 0.325945 0.328084 0.33751 0.338604 0.344312 0.344537 0.340331 0.335919 0.326349 0.304757 0.287188 0.26794 0.27665 0.295514 0.31324 0.30432 0.286165 0.307689 0.331 0.351888 0.363134 0.354445 0.36283 0.361312 0.354249 0.341386 0.321857 0.319922 0.304048 0.300431 0.3038 0.302223 0.296984 0.288329 0.268717 0.254879 0.261838 0.257715 0.260215 0.264853 0.269547 0.266668 0.264317 0.260548 0.257024 0.253878 0.250821 0.24771 0.244416 0.240575 0.229955 0.217787 0.209095 0.198119 0.193956 0.198119
