Test_Spring_2018/12_17/Prec/20171202_014.txt
ncols	170
nrows	115
xllcorner	350000.000000
yllcorner	4445000.000000
cellsize	1000.000000
nodata_value	-9999.000000
[rows 31 to 61 of 115, columns 70 to 139 of 170]
0.55816 0.560996 0.564698 0.569787 0.57442 0.56847 0.588371 0.592545 0.614001 0.617573 0.621677 0.625017 0.628397 0.631829 0.634054 0.63717 0.64405 0.641761 0.639742 0.639462 0.635373 0.629786 0.626623 0.625678 0.621559 0.618044 0.60344 0.599473 0.593825 -9999 -9999 -9999 -9999 -9999 -9999 -9999 -9999 -9999 -9999 -9999 -9999 -9999 -9999 -9999 -9999 -9999 -9999 -9999 -9999 -9999 -9999 -9999 -9999 -9999 -9999 -9999 -9999 -9999 -9999 -9999 -9999 -9999 -9999 -9999 -9999 -9999 -9999 -9999 -9999 -9999
0.554307 0.557841 0.562047 0.56711 0.570659 0.574538 0.586636 0.594289 0.610232 0.6132 0.616572 0.620458 0.623215 0.625597 0.627318 0.629854 0.634783 0.6386 0.635286 0.633469 0.632565 0.626642 0.624341 0.623818 0.624346 0.616038 0.611065 0.604954 0.596678 -9999 -9999 -9999 -9999 -9999 -9999 -9999 -9999 -9999 -9999 -9999 -9999 -9999 -9999 -9999 -9999 -9999 -9999 -9999 -9999 -9999 -9999 -9999 -9999 -9999 -9999 -9999 -9999 -9999 -9999 -9999 -9999 -9999 -9999 -9999 -9999 -9999 -9999 -9999 -9999 -9999
0.552117 0.55503 0.559597 0.564255 0.567207 0.571949 0.567302 0.590775 0.60669 0.609122 0.611796 0.614586 0.617006 0.619106 0.621602 0.624228 0.628453 0.632952 0.633217 0.629509 0.627479 0.624648 0.623023 0.621264 0.620028 0.61362 0.608231 0.599237 0.597302 0.593005 -9999 -9999 -9999 -9999 -9999 -9999 -9999 -9999 -9999 -9999 -9999 -9999 -9999 -9999 -9999 -9999 -9999 -9999 -9999 -9999 -9999 -9999 -9999 -9999 -9999 -9999 -9999 -9999 -9999 -9999 -9999 -9999 -9999 -9999 -9999 -9999 -9999 -9999 -9999 -9999
0.550613 0.552715 0.55748 0.563358 0.566876 0.57075 0.569649 0.602669 0.605006 0.605508 0.607805 0.609847 0.612328 0.61433 0.616411 0.618879 0.621733 0.624712 0.629596 0.625241 0.621191 0.619422 0.617328 0.615893 0.61547 0.610101 0.606521 0.596544 0.598142 0.595978 0.5927 -9999 -9999 -9999 -9999 -9999 -9999 -9999 -9999 -9999 -9999 -9999 -9999 -9999 -9999 -9999 -9999 -9999 -9999 -9999 -9999 -9999 -9999 -9999 -9999 -9999 -9999 -9999 -9999 -9999 -9999 -9999 -9999 -9999 -9999 -9999 -9999 -9999 -9999 -9999
-9999 0.551007 0.555736 0.561929 0.565392 0.568622 0.576156 0.582251 0.601183 0.602859 0.604303 0.60614 0.608461 0.612105 0.613358 0.614065 0.616061 0.619618 0.622858 0.62314 0.618163 0.615736 0.614385 0.611612 0.611623 0.608253 0.606149 0.601175 0.594984 0.597773 0.595996 0.595718 -9999 -9999 -9999 -9999 -9999 -9999 -9999 -9999 -9999 -9999 -9999 -9999 -9999 -9999 -9999 -9999 -9999 -9999 -9999 -9999 -9999 -9999 -9999 -9999 -9999 -9999 -9999 -9999 -9999 -9999 -9999 -9999 -9999 -9999 -9999 -9999 -9999 -9999
-9999 -9999 -9999 -9999 0.56475 0.572401 0.588041 0.580633 0.598611 0.600014 0.601192 0.602907 0.605939 0.607854 0.608768 0.610475 0.612793 0.614151 0.616297 0.618313 0.616868 0.612662 0.613181 0.609537 0.608337 0.606336 0.606301 0.603924 0.599583 0.602719 0.60179 0.601998 -9999 -9999 -9999 -9999 -9999 -9999 -9999 -9999 -9999 -9999 -9999 -9999 -9999 -9999 -9999 -9999 -9999 -9999 -9999 -9999 -9999 -9999 -9999 -9999 -9999 -9999 -9999 -9999 -9999 -9999 -9999 -9999 -9999 -9999 -9999 -9999 -9999 -9999
-9999 -9999 -9999 -9999 -9999 0.570374 0.585588 0.587361 0.596333 0.598003 0.598692 0.60029 0.602234 0.603759 0.605258 0.606755 0.608648 0.61053 0.612743 0.612893 0.610507 0.610135 0.610097 0.6091 0.60722 0.606677 0.604737 0.60803 0.6093 0.609377 0.610181 0.608988 0.609589 -9999 -9999 -9999 -9999 -9999 -9999 -9999 -9999 -9999 -9999 -9999 -9999 0.578394 -9999 -9999 -9999 -9999 -9999 -9999 -9999 -9999 -9999 -9999 -9999 -9999 -9999 -9999 -9999 -9999 -9999 -9999 -9999 -9999 0.602178 -9999 -9999 -9999
-9999 -9999 -9999 -9999 0.558942 0.578252 0.581493 0.58424 0.57913 0.596019 0.59655 0.598125 0.599866 0.601397 0.603326 0.604222 0.605535 0.607662 0.608292 0.607762 0.607539 0.60719 0.606904 0.606964 0.607241 0.607634 0.60561 0.60727 0.608403 0.606188 0.611134 0.613109 0.616313 0.618932 -9999 -9999 -9999 -9999 -9999 -9999 -9999 0.604059 0.600682 0.596734 0.591877 0.585656 0.582385 -9999 -9999 -9999 -9999 -9999 -9999 -9999 -9999 -9999 -9999 -9999 -9999 -9999 -9999 -9999 -9999 -9999 -9999 -9999 0.602342 0.611115 -9999 -9999
-9999 -9999 -9999 -9999 0.572097 0.575177 0.578957 0.581893 0.585171 0.59378 0.595282 0.596454 0.597836 0.599417 0.601059 0.601681 0.603354 0.604418 0.605259 0.604658 0.604816 0.605538 0.606345 0.607091 0.608642 0.609165 0.606626 0.608243 0.610869 0.613783 0.614505 0.619532 0.624654 0.629043 -9999 -9999 -9999 -9999 -9999 -9999 0.617374 0.612496 0.607588 0.60509 0.59852 0.591882 0.586987 0.584033 -9999 -9999 -9999 -9999 -9999 -9999 -9999 -9999 -9999 -9999 -9999 -9999 -9999 -9999 0.572266 0.578544 0.588159 0.59608 0.60372 0.61274 -9999 -9999
-9999 -9999 -9999 -9999 0.569922 0.572922 0.576443 0.57991 0.584 0.601112 0.593889 0.595337 0.596703 0.597846 0.598796 0.600437 0.601397 0.603409 0.602414 0.602965 0.60387 0.605919 0.607187 0.610407 0.6123 0.610414 0.609062 0.611615 0.616129 0.621741 0.631965 0.62746 0.630937 0.635824 -9999 -9999 -9999 -9999 -9999 -9999 0.627308 0.621997 0.616143 0.610827 0.60723 0.598605 0.592893 0.589324 0.58487 0.5792 0.574622 0.569752 0.570377 0.567725 0.566684 0.564686 -9999 -9999 -9999 -9999 0.565928 0.568101 0.571094 0.57606 0.586408 0.595887 0.60585 0.62224 -9999 -9999
-9999 -9999 -9999 -9999 0.566459 0.570388 0.574824 0.579538 0.583024 0.599638 0.593308 0.597036 0.598313 0.599219 0.599895 0.600738 0.601987 0.602302 0.602898 0.604002 0.607554 0.611693 0.611256 0.612142 0.617773 0.612545 0.611989 0.615349 0.621223 0.628067 0.635645 0.631992 0.636955 0.646327 -9999 -9999 -9999 0.649726 0.646852 0.645102 0.641767 0.63588 0.629628 0.618783 0.611602 0.599142 0.599508 0.59503 0.591025 0.585239 0.577603 0.572772 0.571395 0.568114 0.566468 0.565877 0.563828 0.562728 0.562578 0.563388 0.564823 0.566988 0.570211 0.575257 0.584135 0.593114 0.602055 0.627528 -9999 -9999
-9999 -9999 -9999 -9999 0.564136 0.568214 0.572479 0.581349 0.585698 0.588831 0.602712 0.596766 0.597877 0.599579 0.599449 0.599974 0.600492 0.6012 0.602147 0.605195 0.609311 0.613616 0.616347 0.617391 0.621567 0.619068 0.61895 0.619457 0.629211 0.636077 0.639674 0.647065 0.648398 0.655189 -9999 -9999 0.662224 0.658504 0.655025 0.651878 0.648625 0.64465 0.637535 0.631543 0.622781 0.611837 0.612973 0.606164 0.594977 0.588189 0.582953 0.577995 0.570917 0.569728 0.566555 0.564215 0.561964 0.560753 0.560329 0.56074 0.562363 0.564451 0.5677 0.572654 0.581679 0.589935 0.605932 0.626727 -9999 -9999
-9999 -9999 -9999 -9999 0.565851 0.570074 0.57412 0.578941 0.582692 0.588791 0.602687 0.60277 0.597841 0.599252 0.600207 0.599748 0.600107 0.600575 0.601251 0.604168 0.607663 0.612723 0.616558 0.61994 0.623005 0.628002 0.629431 0.632354 0.63563 0.638321 0.641524 0.650722 0.656525 0.65959 0.665406 -9999 0.669625 0.668793 0.664923 0.66024 0.655334 0.651911 0.64412 0.637342 0.625379 0.618216 0.61691 0.610608 0.60394 0.597776 0.590121 0.577766 0.570925 0.566368 0.565483 0.562416 0.559997 0.558391 0.557622 0.557758 0.558949 0.561243 0.564763 0.569645 0.577167 0.591203 0.603763 0.625588 -9999 -9999
-9999 -9999 -9999 0.559039 0.564801 0.568512 0.573297 0.578047 0.582469 0.586497 0.598921 0.601913 0.602308 0.598879 0.600934 0.60106 0.600975 0.600335 0.600842 0.601723 0.604088 0.610085 0.613427 0.621266 0.627132 0.628544 0.630708 0.631245 0.634714 0.640037 0.645817 0.65544 0.660256 0.666754 0.671839 0.674949 0.675436 0.675348 0.672911 0.667569 0.66187 0.65625 0.650101 0.639941 0.631361 0.623482 0.620426 0.61321 0.606604 0.599598 0.592854 0.58556 0.577928 0.566201 0.561717 0.56063 0.557742 0.555712 0.554604 0.554517 0.5556 0.557968 0.561603 0.566592 0.576862 0.587478 0.605476 0.625088 -9999 -9999
-9999 -9999 -9999 -9999 0.564501 0.569438 0.57494 0.580054 0.58438 0.588049 0.599105 0.600499 0.600686 0.601996 0.600939 0.60271 0.601418 0.601048 0.600847 0.601478 0.602633 0.61017 0.61461 0.618997 0.625057 0.624572 0.62673 0.630115 0.634487 0.642146 0.65006 0.661527 0.669575 0.673841 0.679506 0.679571 0.681125 0.679176 0.676879 0.674538 0.670848 0.66228 0.653839 0.645186 0.635719 0.628196 0.623544 0.616362 0.607991 0.600328 0.592932 0.588918 0.578473 0.572385 0.565226 0.556987 0.555463 0.553066 0.551662 0.551435 0.552462 0.554869 0.558676 0.566487 0.576158 0.586829 0.604566 0.624119 -9999 -9999
-9999 -9999 -9999 -9999 -9999 -9999 0.575454 0.580488 0.585345 0.58936 0.599221 0.600229 0.600705 0.600951 0.601468 0.602178 0.602621 0.602436 0.604303 0.604432 0.604174 0.606258 0.609008 0.615482 0.61842 0.61986 0.623859 0.630259 0.636398 0.642804 0.651632 0.662227 0.671073 0.678691 0.682789 0.68254 0.681077 0.679241 0.678024 0.677777 0.673836 0.665971 0.657117 0.648203 0.639753 0.631964 0.626531 0.619503 0.609368 0.600973 0.5938 0.586915 0.578644 0.571198 0.565055 0.558581 0.554193 0.550851 0.549254 0.548886 0.549891 0.552363 0.558927 0.565592 0.573876 0.583645 0.602188 0.62445 -9999 -9999
-9999 -9999 -9999 -9999 -9999 -9999 0.576846 0.582218 0.586584 0.588846 0.599301 0.600372 0.601256 0.601277 0.601581 0.602669 0.603741 0.605153 0.607414 0.607396 0.606313 0.606892 0.609391 0.615612 0.615423 0.619403 0.624268 0.631691 0.638498 0.644391 0.653217 0.664272 0.671724 0.680149 0.682428 0.683971 0.68417 0.681439 0.679163 0.676761 0.674415 0.668137 0.65893 0.651068 0.643715 0.634202 0.629102 0.622448 0.611309 0.602066 0.5943 0.586218 0.578002 0.57071 0.56385 0.557869 0.55309 0.549817 0.547804 0.547363 0.548344 0.551958 0.557071 0.563984 0.572599 0.582716 0.598973 0.62443 -9999 -9999
-9999 -9999 -9999 -9999 -9999 -9999 -9999 0.584027 0.587151 0.588619 0.599557 0.601288 0.601503 0.601753 0.602323 0.602613 0.604106 0.60649 0.611529 0.611369 0.610548 0.609256 0.610192 0.613718 0.616284 0.62158 0.629704 0.637569 0.642384 0.647605 0.655361 0.665602 0.673324 0.675697 0.677541 0.678635 0.68003 0.681939 0.679958 0.676768 0.674505 0.668064 0.659796 0.652933 0.644758 0.635847 0.630859 0.622003 0.613031 0.602992 0.59544 0.586711 0.578057 0.570876 0.564074 0.558092 0.553124 0.549675 0.547647 0.547103 0.548389 0.551593 0.556798 0.563867 0.572636 0.582917 0.594885 0.61643 0.632838 -9999
-9999 -9999 -9999 -9999 -9999 -9999 -9999 0.586269 0.590472 0.591288 0.601982 0.601924 0.601973 0.602328 0.603451 0.604329 0.606521 0.607391 0.612297 0.614925 0.614963 0.61786 0.615872 0.614938 0.617412 0.629604 0.636571 0.642895 0.646647 0.651171 0.656682 0.668683 0.67418 0.674177 0.675324 0.676508 0.677428 0.678402 0.678904 0.674883 0.671103 0.66548 0.659566 0.652093 0.645292 0.637228 0.630668 0.622913 0.614357 0.604361 0.597277 0.587878 0.579358 0.572429 0.565865 0.559347 0.554518 0.550989 0.549323 0.548651 0.550009 0.553139 0.558297 0.565342 0.5741 0.584285 0.595769 0.613057 0.628943 0.643596
-9999 -9999 -9999 -9999 -9999 -9999 -9999 -9999 0.594277 0.593441 0.603135 0.603565 0.602769 0.603067 0.604989 0.605659 0.608046 0.610521 0.615058 0.620866 0.623888 0.619349 0.616249 0.616483 0.61831 0.629026 0.635644 0.639775 0.642291 0.648042 0.653563 0.664301 0.66927 0.674426 0.676921 0.676372 0.676174 0.675561 0.674349 0.673285 0.669985 0.663705 0.657926 0.650825 0.643155 0.634775 0.631084 0.621731 0.614222 0.605422 0.597517 0.589804 0.581548 0.575212 0.568115 0.561942 0.557202 0.555315 0.552811 0.552163 0.553511 0.556876 0.561525 0.5684 0.576895 0.58683 0.597938 0.614373 0.627654 0.642468
-9999 -9999 -9999 -9999 -9999 -9999 -9999 -9999 0.597123 0.596169 0.606167 0.604555 0.603987 0.606056 0.606056 0.606749 0.60871 0.612056 0.615449 0.621816 0.629089 0.626279 0.618873 0.618713 0.622199 0.629176 0.631152 0.636327 0.639745 0.646288 0.651442 0.659336 0.664668 0.669937 0.673833 0.677075 0.674256 0.67298 0.671145 0.669247 0.666571 0.662985 0.658401 0.649279 0.644286 0.634669 0.630334 0.62272 0.615028 0.607234 0.599613 0.592208 0.584205 0.577342 0.571663 0.568002 0.564402 0.560399 0.558027 0.557471 0.558819 0.562057 0.567116 0.570906 0.580868 0.590327 0.600905 0.616811 0.629157 0.641881
-9999 -9999 -9999 -9999 -9999 -9999 -9999 -9999 0.604988 0.601342 0.607985 0.606537 0.608206 0.607923 0.607812 0.609077 0.610167 0.612863 0.615931 0.620713 0.627716 0.633524 0.633702 0.630116 0.624353 0.625162 0.628799 0.633952 0.639043 0.642957 0.646596 0.655091 0.658325 0.664779 0.667633 0.67125 0.669346 0.669892 0.670291 0.665249 0.663279 0.660499 0.658063 0.654267 0.647934 0.637104 0.632726 0.626886 0.618395 0.610029 0.602372 0.59529 0.587813 0.585897 0.579199 0.575387 0.570423 0.566783 0.564656 0.564195 0.565498 0.56859 0.573342 0.579597 0.583417 0.592077 0.604428 0.619675 0.631152 0.642974
-9999 -9999 -9999 -9999 -9999 -9999 -9999 -9999 0.604046 0.613397 0.610211 0.612752 0.610587 0.61054 0.609878 0.610487 0.611889 0.614524 0.61805 0.622346 0.628664 0.634485 0.634173 0.63551 0.636056 0.63525 0.630445 0.633854 0.637578 0.637442 0.641574 0.648936 0.65376 0.658217 0.662403 0.666907 0.664194 0.66451 0.665152 0.662163 0.660457 0.660896 0.659715 0.655571 0.647858 0.643161 0.641012 0.629963 0.622335 0.612974 0.614262 0.60684 0.598 0.590961 0.587276 0.581789 0.577332 0.574074 0.572216 0.571857 0.573092 0.575971 0.580348 0.586116 0.593169 0.596745 0.605822 0.620719 0.633337 0.644142
-9999 -9999 -9999 -9999 -9999 -9999 -9999 -9999 0.597828 0.616226 0.61358 0.615133 0.612936 0.612482 0.612183 0.612855 0.614678 0.616589 0.619392 0.623448 0.627256 0.632688 0.639561 0.636746 0.642069 0.640259 0.638965 0.640753 0.644297 0.648462 0.647123 0.64908 0.650458 0.655155 0.657968 0.660899 0.659694 0.66022 0.660135 0.659366 0.660366 0.66162 0.661352 0.655234 0.651027 0.643331 0.644863 0.645697 0.637403 0.630086 0.61898 0.613437 0.603469 0.599645 0.593794 0.588761 0.584697 0.581878 0.58024 0.58001 0.58119 0.583787 0.587756 0.592965 0.599301 0.606606 0.60987 0.623997 0.63377 0.650613
-9999 -9999 -9999 -9999 -9999 -9999 -9999 -9999 -9999 0.614069 0.616133 0.612522 0.611102 0.610554 0.610815 0.611961 0.613635 0.615504 0.61787 0.621275 0.625456 0.631216 0.636492 0.638108 0.643626 0.642732 0.644753 0.644364 0.646279 0.651046 0.663016 0.660449 0.659355 0.660882 0.662295 0.663407 0.656942 0.657561 0.657979 0.65893 0.663043 0.669603 0.669299 0.665866 0.663169 0.654873 0.654984 0.647208 0.640455 0.634068 0.630269 0.623689 0.617335 0.610425 0.605298 0.600001 0.592235 0.589768 0.588402 0.588264 0.589337 0.591657 0.595181 0.603705 0.609777 0.616753 0.619278 0.633102 0.642498 0.652023
-9999 -9999 -9999 -9999 -9999 -9999 -9999 -9999 -9999 0.62292 0.61905 0.614463 0.614208 0.613672 0.613233 0.614547 0.616734 0.618969 0.621406 0.624202 0.628868 0.633762 0.638844 0.642642 0.645407 0.648661 0.649616 0.64782 0.649753 0.652842 0.662687 0.666007 0.663679 0.661684 0.662366 0.663288 0.667387 0.666531 0.668147 0.670068 0.669509 0.668894 0.669086 0.664902 0.663255 0.658346 0.656954 0.650801 0.645029 0.637965 0.634543 0.629349 0.623849 0.617401 0.612758 0.607327 0.603608 0.601194 0.599923 0.599789 0.600839 0.603034 0.60638 0.610766 0.61608 0.622231 0.629139 0.631699 0.647883 0.656207
-9999 -9999 -9999 -9999 -9999 -9999 -9999 -9999 -9999 0.62397 0.622122 0.61839 0.615953 0.61751 0.616972 0.617397 0.619858 0.622499 0.625302 0.627701 0.632614 0.638042 0.643131 0.648885 0.651459 0.652567 0.651926 0.651543 0.653581 0.656652 0.664132 0.664519 0.663191 0.662826 0.663165 0.663948 0.664932 0.665244 0.666236 0.665992 0.666771 0.668278 0.667317 0.663745 0.663952 0.659936 0.654402 0.654587 0.647777 0.641923 0.639701 0.635852 0.628726 0.623077 0.618014 0.614084 0.611153 0.608919 0.607891 0.607809 0.608736 0.610674 0.613561 0.617386 0.622001 0.62756 0.633841 0.642718 0.650822 0.65797
-9999 -9999 -9999 -9999 -9999 -9999 -9999 -9999 -9999 0.625183 0.623841 0.621021 0.620021 0.621455 0.620865 0.620446 0.622408 0.62524 0.627421 0.630534 0.635037 0.639976 0.645345 0.649446 0.65547 0.655366 0.655672 0.655533 0.656687 0.664153 0.666733 0.666306 0.665655 0.66582 0.664638 0.664991 0.665623 0.667884 0.668529 0.667076 0.666288 0.665486 0.665579 0.663068 0.661447 0.658533 0.655169 0.656197 0.650874 0.64644 0.643978 0.638183 0.632777 0.628087 0.623876 0.620737 0.61808 0.616028 0.615141 0.615099 0.615922 0.617578 0.620086 0.623445 0.627476 0.632599 0.638689 0.646095 0.655173 0.659452
-9999 -9999 -9999 -9999 -9999 -9999 -9999 -9999 -9999 0.62802 0.626513 0.624586 0.62507 0.626928 0.62454 0.623757 0.625624 0.628013 0.630545 0.635337 0.63734 0.640205 0.645206 0.651511 0.658303 0.660754 0.655799 0.660018 0.661086 0.669632 0.672234 0.672607 0.67094 0.669317 0.667336 0.666958 0.667672 0.671273 0.674806 0.671906 0.668513 0.666815 0.665309 0.664876 0.662606 0.659875 0.657703 0.661311 0.655501 0.650821 0.647406 0.642596 0.637485 0.632905 0.630321 0.627507 0.624379 0.622343 0.621593 0.62156 0.622238 0.623668 0.625816 0.628822 0.632443 0.636772 0.643836 0.650252 0.662658 0.660536
-9999 -9999 -9999 -9999 -9999 -9999 -9999 -9999 -9999 0.631638 0.631447 0.629867 0.630663 0.630233 0.628253 0.628274 0.62929 0.631285 0.633675 0.63696 0.639842 0.643556 0.648568 0.654673 0.661295 0.66661 0.66805 0.665795 0.664292 0.674863 0.677769 0.677005 0.675118 0.671629 0.669707 0.669612 0.66978 0.670239 0.672614 0.675287 0.673921 0.670354 0.669789 0.669089 0.665232 0.662183 0.660134 0.6574 0.657815 0.655562 0.651891 0.647628 0.642629 0.63715 0.634101 0.631903 0.629119 0.627841 0.627173 0.627097 0.627677 0.62888 0.630701 0.633258 0.636585 0.641746 0.647089 0.653389 0.658038 0.660287
-9999 -9999 -9999 -9999 -9999 -9999 -9999 -9999 -9999 0.636334 0.635756 0.634626 0.63355 0.632483 0.631743 0.633711 0.634186 0.636229 0.637397 0.639682 0.642923 0.646334 0.65089 0.657919 0.664324 0.671182 0.672747 0.664663 0.675383 0.678886 0.684008 0.681276 0.677953 0.674816 0.673226 0.675141 0.673403 0.673191 0.673647 0.674802 0.676806 0.674971 0.67537 0.672956 0.668764 0.665123 0.661832 0.658908 0.661572 0.65797 0.655238 0.651597 0.646946 0.642229 0.637918 0.635539 0.633578 0.632442 0.631832 0.631731 0.632194 0.633233 0.634851 0.637082 0.641086 0.645803 0.650207 0.655342 0.659385 0.665377
