Test_Spring_2018/12_17/Prec/20171204_014.txt
ncols	170
nrows	115
xllcorner	350000.000000
yllcorner	4445000.000000
cellsize	1000.000000
nodata_value	-9999.000000
[rows 33 to 65 of 115, columns 75 to 149 of 170]
0.555556 0.527861 0.522378 0.51339 0.50635 0.498278 0.489448 0.481192 0.473222 0.46324 0.451885 0.434592 0.415177 0.407029 0.409225 0.40469 0.400786 0.391457 0.380748 0.366778 0.366799 0.362447 0.330792 0.272685 0.251283 -9999 -9999 -9999 -9999 -9999 -9999 -9999 -9999 -9999 -9999 -9999 -9999 -9999 -9999 -9999 -9999 -9999 -9999 -9999 -9999 -9999 -9999 -9999 -9999 -9999 -9999 -9999 -9999 -9999 -9999 -9999 -9999 -9999 -9999 -9999 -9999 -9999 -9999 -9999 -9999 -9999 -9999 -9999 -9999 -9999 -9999 -9999 -9999 -9999 -9999
0.564482 0.533789 0.531267 0.524327 0.522755 0.515554 0.508772 0.500208 0.49248 0.483774 0.473017 0.460071 0.445574 0.424055 0.42887 0.431273 0.425278 0.418717 0.40868 0.39422 0.393411 0.386261 0.336077 0.284117 0.270074 0.260097 -9999 -9999 -9999 -9999 -9999 -9999 -9999 -9999 -9999 -9999 -9999 -9999 -9999 -9999 -9999 -9999 -9999 -9999 -9999 -9999 -9999 -9999 -9999 -9999 -9999 -9999 -9999 -9999 -9999 -9999 -9999 -9999 -9999 -9999 -9999 -9999 -9999 -9999 -9999 -9999 -9999 -9999 -9999 -9999 -9999 -9999 -9999 -9999 -9999
0.577233 0.567377 0.54011 0.542452 0.53719 0.532475 0.526321 0.518331 0.505841 0.499863 0.494709 0.484722 0.468952 0.452919 0.44446 0.450424 0.44734 0.439667 0.43499 0.420827 0.415896 0.406503 0.376573 0.336635 0.29231 0.280864 0.265984 -9999 -9999 -9999 -9999 -9999 -9999 -9999 -9999 -9999 -9999 -9999 -9999 -9999 -9999 -9999 -9999 -9999 -9999 -9999 -9999 -9999 -9999 -9999 -9999 -9999 -9999 -9999 -9999 -9999 -9999 -9999 -9999 -9999 -9999 -9999 -9999 -9999 -9999 -9999 -9999 -9999 -9999 -9999 -9999 -9999 -9999 -9999 -9999
0.578022 0.575173 0.5518 0.557436 0.552977 0.549159 0.543573 0.533738 0.526808 0.522277 0.514594 0.50415 0.495521 0.483339 0.47028 0.466301 0.469313 0.456902 0.455886 0.446608 0.439061 0.425223 0.385183 0.346473 0.304708 0.293435 0.279988 -9999 -9999 -9999 -9999 -9999 -9999 -9999 -9999 -9999 -9999 -9999 -9999 -9999 -9999 -9999 -9999 -9999 -9999 -9999 -9999 -9999 -9999 -9999 -9999 -9999 -9999 -9999 -9999 -9999 -9999 -9999 -9999 -9999 -9999 -9999 -9999 -9999 -9999 -9999 -9999 -9999 -9999 -9999 -9999 -9999 -9999 -9999 -9999
0.591869 0.588174 0.588473 0.571974 0.566836 0.56474 0.559875 0.553775 0.548559 0.542865 0.536426 0.527867 0.518254 0.506432 0.499514 0.498895 0.490959 0.480852 0.472632 0.466315 0.455515 0.418979 0.393478 0.37616 0.311278 0.297264 0.290719 0.280133 -9999 -9999 -9999 -9999 -9999 -9999 -9999 -9999 -9999 -9999 -9999 -9999 0.212846 -9999 -9999 -9999 -9999 -9999 -9999 -9999 -9999 -9999 -9999 -9999 -9999 -9999 -9999 -9999 -9999 -9999 -9999 -9999 -9999 0 -9999 -9999 -9999 -9999 -9999 -9999 -9999 -9999 -9999 -9999 -9999 -9999 -9999
0.611252 0.606476 0.603616 0.57598 0.580986 0.579752 0.575477 0.570612 0.566078 0.559822 0.555914 0.549786 0.540052 0.533521 0.529101 0.522385 0.514747 0.505775 0.49485 0.482652 0.469832 0.433611 0.415574 0.400154 0.360592 0.322228 0.308721 0.293077 0.280347 -9999 -9999 -9999 -9999 -9999 -9999 -9999 0.2551 0.246441 0.237375 0.229358 0.22424 0.209571 -9999 -9999 -9999 -9999 -9999 -9999 -9999 -9999 -9999 -9999 -9999 -9999 -9999 -9999 -9999 -9999 -9999 -9999 -9999 0 0 -9999 -9999 -9999 -9999 -9999 -9999 -9999 -9999 -9999 -9999 -9999 -9999
0.627141 0.620328 0.6167 0.612544 0.596063 0.592424 0.590007 0.586975 0.583116 0.578565 0.576295 0.569822 0.563913 0.557244 0.553405 0.545799 0.535128 0.52304 0.51026 0.494547 0.481818 0.448447 0.431394 0.412674 0.394779 0.338468 0.318238 0.299546 0.284354 -9999 -9999 -9999 -9999 -9999 -9999 0.276222 0.273219 0.267124 0.251063 0.245068 0.237748 0.224309 0.196774 -9999 -9999 -9999 -9999 -9999 -9999 -9999 -9999 -9999 -9999 -9999 -9999 -9999 -9999 0 0 0 0 0 0 -9999 -9999 -9999 -9999 -9999 -9999 -9999 -9999 -9999 -9999 -9999 -9999
0.640651 0.634194 0.6288 0.622251 0.630097 0.605519 0.603021 0.600899 0.599273 0.597726 0.593268 0.589704 0.581566 0.580862 0.573838 0.564115 0.549474 0.535965 0.515734 0.499057 0.466799 0.458001 0.43872 0.415263 0.390565 0.344539 0.321426 0.310348 0.296529 -9999 -9999 -9999 -9999 -9999 -9999 0.290181 0.28724 0.281978 0.2717 0.253566 0.248606 0.22527 0.205242 0.18868 0.177169 0.164255 0.126366 0.115854 0.107277 0 0 -9999 -9999 -9999 -9999 0 0 0 0 0 0 0 0 -9999 -9999 -9999 -9999 -9999 -9999 -9999 -9999 -9999 -9999 -9999 -9999
0.65491 0.645283 0.636005 0.631376 0.638496 0.616004 0.621244 0.619347 0.618475 0.617907 0.616137 0.612147 0.60969 0.604922 0.597066 0.580322 0.56041 0.553078 0.525279 0.500855 0.475991 0.464851 0.4435 0.416673 0.389376 0.354039 0.332765 0.319836 0.309763 -9999 -9999 -9999 0.306149 0.30989 0.305897 0.301949 0.300967 0.296712 0.284422 0.273803 0.260024 0.23222 0.210598 0.188384 0.173054 0.165387 0.151848 0.116329 0.106756 0 0 0 0 0 0 0 0 0 0 0 0 0 0 -9999 -9999 -9999 -9999 -9999 -9999 -9999 -9999 -9999 -9999 -9999 -9999
0.681996 0.672318 0.652998 0.645487 0.642131 0.647861 0.630404 0.629668 0.627124 0.629714 0.629608 0.628443 0.625323 0.619881 0.606424 0.588087 0.567673 0.550762 0.542429 0.519714 0.489111 0.477463 0.445572 0.422465 0.396122 0.382157 0.353578 0.324622 0.309359 -9999 -9999 0.303521 0.315401 0.322335 0.323219 0.318942 0.311354 0.308077 0.296964 0.290515 0.275272 0.240786 0.223939 0.19264 0.176007 0.155934 0.14025 0.111657 0.102322 0 0 0 0 0 0 0 0 0 0 0 0 0 0 -9999 -9999 -9999 -9999 -9999 -9999 -9999 -9999 -9999 -9999 -9999 -9999
0.69724 0.688319 0.677988 0.671528 0.648018 0.651002 0.651402 0.638073 0.637044 0.637032 0.640508 0.640384 0.638447 0.634154 0.621295 0.604904 0.582209 0.561901 0.546215 0.526872 0.485393 0.470163 0.451739 0.434017 0.420195 0.390998 0.359115 0.345526 0.319517 0.310413 -9999 0.311727 0.31684 0.326353 0.332622 0.333369 0.32344 0.320796 0.309978 0.30178 0.282856 0.250832 0.221769 0.202018 0.181827 0.167726 0.142722 0.111481 0.100086 0 0 0 0 0 0 0 0 0 0 0 0 0 0 -9999 -9999 -9999 -9999 -9999 -9999 -9999 -9999 -9999 -9999 -9999 -9999
0.707339 0.695968 0.685749 0.677269 0.670413 0.673084 0.656611 0.655778 0.646035 0.64324 0.64547 0.647137 0.648915 0.645424 0.638876 0.62598 0.600489 0.585316 0.559214 0.532927 0.494453 0.476997 0.46582 0.447735 0.42638 0.406195 0.37349 0.349664 0.3372 0.313346 0.31408 0.320657 0.325284 0.331837 0.340904 0.344238 0.340461 0.331785 0.324092 0.310515 0.281786 0.251437 0.229323 0.205666 0.184208 0.163558 0.146689 0.115387 0 0 0 0 0 0 0 0 0 0 0 0 0 0 0 -9999 -9999 -9999 -9999 -9999 -9999 -9999 -9999 -9999 -9999 -9999 -9999
0.709523 0.695828 0.684434 0.676218 0.670452 0.674958 0.669633 0.667824 0.658968 0.65015 0.647781 0.653402 0.654666 0.653557 0.647965 0.638857 0.61547 0.595154 0.574086 0.547479 0.515706 0.498295 0.47864 0.457985 0.429841 0.403584 0.366303 0.345613 0.338387 0.321688 0.320073 0.325058 0.336725 0.344032 0.344882 0.342528 0.347433 0.342183 0.324243 0.310753 0.287633 0.258485 0.233199 0.211606 0.188768 0.166651 0.136482 0.111281 0 0 0 0 0 0 0 0 0 0 0 0 0 0 0 -9999 -9999 -9999 -9999 -9999 -9999 -9999 -9999 -9999 -9999 -9999 -9999
-9999 0.698689 0.687468 0.677608 0.670753 0.677062 0.672495 0.669415 0.66709 0.664194 0.654824 0.655409 0.65631 0.64921 0.646639 0.644688 0.633088 0.618269 0.591347 0.553799 0.537842 0.515025 0.486425 0.460563 0.436288 0.40741 0.37328 0.35043 0.333468 0.328473 0.336852 0.341082 0.353419 0.358373 0.353642 0.352486 0.349462 0.345241 0.334328 0.316454 0.292435 0.263029 0.234985 0.216199 0.192907 0.167337 0.142932 0.109172 0 0 0 0 0 0 0 0 0 0 0 0 0 0 0 -9999 -9999 -9999 -9999 -9999 -9999 -9999 -9999 -9999 -9999 -9999 -9999
-9999 0.698562 0.686273 0.677796 0.676077 0.679445 0.674298 0.669596 0.66758 0.665017 0.660581 0.655663 0.651863 0.644468 0.642406 0.642153 0.635568 0.622045 0.596436 0.569208 0.54595 0.520789 0.489295 0.461514 0.438777 0.409831 0.374429 0.355599 0.33607 0.33647 0.339507 0.345759 0.357161 0.365813 0.367165 0.359992 0.356169 0.353043 0.338759 0.317109 0.297512 0.265681 0.235201 0.217899 0.195428 0.169749 0.14693 0.111479 0 0 0 0 0 0 0 0 0 0 0 0 0 0 0 -9999 -9999 -9999 -9999 -9999 -9999 -9999 -9999 -9999 -9999 -9999 -9999
-9999 -9999 0.684564 0.679691 0.680152 0.68164 0.67416 0.671107 0.668064 0.664418 0.662169 0.656995 0.64976 0.633933 0.632601 0.632015 0.63162 0.623439 0.606596 0.571738 0.54505 0.510512 0.477952 0.456251 0.435453 0.40947 0.376242 0.35605 0.354096 0.355205 0.359083 0.361388 0.360183 0.367339 0.371569 0.364719 0.361926 0.356552 0.339801 0.321045 0.299897 0.26757 0.243502 0.219267 0.198548 0.171403 0.149548 0.114566 0 0 0 0 0 0 0 0 0 0 0 0 0 0 0 0 -9999 -9999 -9999 -9999 -9999 -9999 -9999 -9999 -9999 -9999 -9999
-9999 -9999 0.681387 0.673114 0.675268 0.677828 0.675435 0.672587 0.668949 0.663397 0.659875 0.652468 0.649727 0.636207 0.623152 0.62045 0.608088 0.609402 0.606709 0.572433 0.525725 0.495201 0.46762 0.449235 0.430405 0.410782 0.371686 0.357308 0.361482 0.363627 0.366225 0.369096 0.369165 0.36888 0.377134 0.372426 0.367957 0.356571 0.342875 0.321278 0.298835 0.272307 0.245844 0.221072 0.200724 0.172481 0.152773 0.117306 0 0 0 0 0 0 0 0 0 0 0 0 0 0 0 0 0 0 -9999 -9999 -9999 -9999 -9999 -9999 -9999 -9999 -9999
-9999 -9999 -9999 0.665036 0.67185 0.678503 0.674446 0.673925 0.670258 0.665673 0.660786 0.65203 0.644415 0.631957 0.616798 0.594974 0.605559 0.610939 0.605528 0.573123 0.531654 0.502822 0.482246 0.467724 0.445065 0.424954 0.388856 0.374968 0.362347 0.359037 0.364699 0.366829 0.372623 0.37676 0.375839 0.376136 0.365424 0.355066 0.342043 0.325062 0.305666 0.27269 0.252945 0.226776 0.204398 0.179996 0.156431 0.120853 0.100935 0 0 0 0 0 0 0 0 0 0 0 0 0 0 0 0 0 0 -9999 -9999 -9999 -9999 -9999 -9999 -9999 -9999
-9999 -9999 -9999 0.659975 0.666836 0.674337 0.676311 0.679314 0.672147 0.66831 0.663372 0.655866 0.645563 0.636434 0.619464 0.600507 0.607571 0.605836 0.602367 0.587337 0.535146 0.520949 0.497696 0.480649 0.455471 0.435983 0.407522 0.391335 0.376912 0.366384 0.353687 0.36651 0.372838 0.377807 0.378859 0.377302 0.372974 0.357695 0.338203 0.315719 0.30277 0.274739 0.252478 0.229441 0.206476 0.183495 0.16112 0.126148 0.109317 0 0 0 0 0 0 0 0 0 0 0 0 0 0 0 0 0 0 0 0 0 -9999 -9999 -9999 -9999 -9999
-9999 -9999 -9999 0.640178 0.654841 0.681724 0.682143 0.677182 0.67379 0.670446 0.663877 0.658997 0.650569 0.642252 0.629822 0.611418 0.596884 0.592936 0.605301 0.585566 0.551236 0.532739 0.510028 0.488154 0.470756 0.455363 0.424186 0.410623 0.39155 0.374044 0.366181 0.374315 0.373505 0.37052 0.380305 0.376524 0.370293 0.357871 0.331825 0.318738 0.290656 0.266318 0.241956 0.224476 0.206277 0.186329 0.165765 0.13112 0.115165 0.100911 0 0 0 0 0 0 0 0 0 0 0 0 0 0 0 0 0 0 0 0 0 -9999 -9999 -9999 -9999
-9999 -9999 -9999 0.654191 0.676005 0.682311 0.675955 0.678373 0.674579 0.673135 0.66869 0.662913 0.654588 0.644704 0.633446 0.61675 0.601807 0.605135 0.595512 0.594533 0.564761 0.532892 0.51587 0.498311 0.490211 0.472958 0.444313 0.427557 0.399016 0.387153 0.374566 0.383151 0.381297 0.376247 0.379059 0.374279 0.358816 0.343686 0.332843 0.311175 0.291355 0.264201 0.234704 0.218086 0.206272 0.187039 0.167598 0.136174 0.121416 0.106908 0 0 0 0 0 0 0 0 0 0 0 0 0 0 0 0 0 0 0 0 0 0 -9999 -9999 -9999
-9999 -9999 -9999 0.677936 0.675622 0.680571 0.677965 0.68089 0.6787 0.676474 0.672045 0.665071 0.658845 0.65092 0.640051 0.630487 0.616271 0.597598 0.607536 0.583856 0.555244 0.554212 0.543277 0.526456 0.507365 0.459359 0.449235 0.424346 0.4085 0.398917 0.389115 0.391288 0.387125 0.382937 0.378243 0.365064 0.347495 0.330573 0.32719 0.3141 0.286411 0.251682 0.247232 0.233946 0.216093 0.18614 0.164725 0.139549 0.124169 0.113094 0.103549 0 0 0 0 0 0 0 0 0 0 0 0 0 0 0 0 0 0 0 0 0 0 -9999 -9999
-9999 -9999 -9999 -9999 0.693648 0.690541 0.698133 0.698956 0.697259 0.693527 0.687776 0.681264 0.675071 0.668263 0.659074 0.648061 0.632516 0.618305 0.614651 0.589267 0.554412 0.543753 0.53958 0.527866 0.507151 0.463361 0.441296 0.438638 0.428611 0.41938 0.411344 0.396152 0.39018 0.383248 0.37257 0.349734 0.347249 0.332588 0.323773 0.308998 0.283973 0.255239 0.245915 0.231439 0.214497 0.189216 0.152905 0.141693 0.131611 0.119269 0.111243 0.103321 0 0 0 0 0 0 0 0 0 0 0 0 0 0 0 0 0 0 0 0 0 0 -9999
-9999 -9999 -9999 -9999 0.683713 0.693 0.704033 0.701873 0.700618 0.69938 0.693387 0.685441 0.678088 0.670844 0.663118 0.650183 0.636714 0.622565 0.611882 0.603675 0.544502 0.537171 0.537397 0.525827 0.510338 0.447439 0.430774 0.431334 0.431208 0.423306 0.414818 0.396685 0.392987 0.380999 0.366737 0.35806 0.347213 0.331188 0.325241 0.308448 0.2982 0.250842 0.239449 0.225161 0.213631 0.190759 0.153695 0.142847 0.134574 0.123654 0.118481 0.112065 0.106043 0.101171 0 0 0 0 0 0 0 0 0 0 0 0 0 0 0 0 0 0 0 0 -9999
-9999 -9999 -9999 -9999 0.692272 0.695956 0.704946 0.709878 0.702837 0.702302 0.699263 0.690617 0.681994 0.673435 0.666538 0.65239 0.636789 0.622078 0.605028 0.596994 0.592678 0.539424 0.53553 0.523815 0.508564 0.450662 0.442574 0.439758 0.434199 0.426634 0.417727 0.408012 0.399832 0.388778 0.380207 0.366917 0.349401 0.336908 0.329616 0.308193 0.296665 0.287048 0.233552 0.225101 0.212885 0.189504 0.153347 0.147983 0.140134 0.13303 0.125522 0.118435 0.113 0.107906 0.103998 0.101029 0 0 0 0 0 0 0 0 0 0 0 0 0 0 0 0 0 0 -9999
-9999 -9999 -9999 -9999 0.701205 0.703848 0.710636 0.711795 0.705631 0.705675 0.705463 0.698453 0.68922 0.682321 0.672926 0.659542 0.644877 0.628777 0.616182 0.597363 0.596388 0.538564 0.534008 0.525086 0.466391 0.451589 0.445789 0.440683 0.433153 0.429642 0.421393 0.412006 0.397193 0.386414 0.380792 0.371686 0.360807 0.345146 0.335005 0.319777 0.306032 0.291373 0.23533 0.224631 0.21058 0.189273 0.162288 0.154265 0.14591 0.138394 0.130341 0.123853 0.118812 0.113687 0.109481 0.106078 0.103407 0.10116 0 0 0 0 0 0 0 0 0 0 0 0 0 0 0 0 0
-9999 -9999 -9999 -9999 0.706007 0.709638 0.71429 0.711549 0.704625 0.7105 0.711682 0.705103 0.697176 0.689027 0.674246 0.667906 0.658938 0.643389 0.623652 0.602075 0.593093 0.561436 0.532126 0.523561 0.459926 0.445015 0.43674 0.434547 0.432162 0.430732 0.424254 0.414107 0.394694 0.374651 0.372815 0.371066 0.362574 0.351615 0.335387 0.322554 0.309006 0.291828 0.258362 0.220096 0.208642 0.173035 0.163899 0.156954 0.150138 0.139435 0.131855 0.127906 0.123542 0.11828 0.113854 0.110219 0.107113 0.104443 0.101536 0 0 0 0 0 0 0 0 0 0 0 0 0 0 0 0
-9999 -9999 -9999 -9999 0.709085 0.709271 0.713437 0.710326 0.710805 0.715894 0.714979 0.711112 0.704352 0.696445 0.68585 0.676412 0.664355 0.648207 0.62852 0.606977 0.589017 0.582343 0.527415 0.494169 0.455362 0.439538 0.434684 0.433145 0.436306 0.434569 0.427029 0.418223 0.407874 0.390881 0.371868 0.363625 0.360409 0.346414 0.330944 0.323029 0.310813 0.293881 0.27755 0.222904 0.201681 0.171761 0.162372 0.156485 0.153717 0.145647 0.137275 0.133102 0.126969 0.121629 0.117129 0.113209 0.109857 0.106923 0.103858 0.100326 0 0 0 0 0 0 0 0 0 0 0 0 0 0 0
-9999 -9999 -9999 -9999 0.709387 0.711271 0.71467 0.717771 0.72071 0.722538 0.716108 0.714041 0.707133 0.702715 0.694781 0.683798 0.672097 0.656729 0.633687 0.612271 0.589249 0.581897 0.555518 0.473088 0.455509 0.433074 0.43423 0.437122 0.439341 0.436681 0.423112 0.41995 0.41144 0.399949 0.385166 0.36643 0.357637 0.340408 0.329817 0.322757 0.31231 0.299255 0.28382 0.253975 0.20446 0.173063 0.162588 0.156483 0.152247 0.148738 0.141571 0.135435 0.129181 0.123727 0.119096 0.115056 0.111458 0.108163 0.104896 0 0 0 0 0 0 0 0 0 0 0 0 0 0 0 0
-9999 -9999 -9999 -9999 -9999 0.717334 0.721135 0.722184 0.716901 0.717737 0.715047 0.711485 0.705236 0.707908 0.70101 0.690995 0.679268 0.664561 0.644532 0.627137 0.604347 0.58459 0.521342 0.464242 0.455954 0.443885 0.438512 0.440901 0.444363 0.436774 0.419948 0.412874 0.406451 0.402153 0.39185 0.369253 0.353013 0.33737 0.331074 0.324265 0.313411 0.301049 0.287086 0.249004 0.185049 0.179129 0.172167 0.162519 0.156422 0.150193 0.142842 0.136208 0.129942 0.1245 0.119736 0.115469 0.111812 0.108039 0.103766 0 0 0 0 0 0 0 0 0 0 0 0 0 0 0 0
-9999 -9999 -9999 -9999 -9999 0.720155 0.725884 0.720736 0.712802 0.700681 0.695846 0.70674 0.703314 0.705499 0.706822 0.698084 0.686104 0.671396 0.655223 0.63501 0.610251 0.587922 0.527821 0.500054 0.468858 0.459927 0.452883 0.450399 0.442346 0.424969 0.408555 0.404769 0.399352 0.401393 0.39489 0.384157 0.366472 0.346922 0.331208 0.325627 0.314169 0.301587 0.288158 0.261368 0.217286 0.182358 0.174393 0.165998 0.157263 0.150449 0.142794 0.135672 0.129457 0.123873 0.11899 0.114538 0.110616 0.105707 0.100772 0 0 0 0 0 0 0 0 0 0 0 0 0 0 0 0
-9999 -9999 -9999 -9999 -9999 -9999 -9999 -9999 -9999 -9999 0.70127 0.698308 0.704604 0.708274 0.713075 0.704773 0.692958 0.679939 0.660314 0.6391 0.625761 0.574637 0.53485 0.506156 0.472424 0.466722 0.457867 0.450141 0.437193 0.421183 0.402953 0.400005 0.4022 0.404954 0.396645 0.388263 0.374568 0.358194 0.33327 0.327476 0.315086 0.302465 0.288298 0.240803 0.218872 0.183316 0.171332 0.163871 0.157939 0.149256 0.141231 0.133996 0.12757 0.121809 0.116816 0.112374 0.108298 0.104227 0 0 0 0 0 0 0 0 0 0 0 0 0 0 0 0 0
-9999 -9999 -9999 -9999 -9999 -9999 -9999 -9999 -9999 -9999 0.694953 0.687408 0.708996 0.713878 0.717344 0.71075 0.698483 0.684321 0.668451 0.651018 0.630364 0.562257 0.537991 0.535451 0.474391 0.465659 0.454008 0.438308 0.42839 0.411977 0.398853 0.401667 0.403952 0.405672 0.399421 0.390131 0.379953 0.357599 0.33661 0.326031 0.314231 0.303228 0.274361 0.240706 0.227938 0.183714 0.174634 0.165262 0.155868 0.146996 0.138363 0.130834 0.124221 0.118281 0.113247 0.108973 0.105156 0.101847 0 0 0 0 0 0 0 0 0 0 0 0 0 0 0 0 0
