Test_Spring_2018/12_17/Prec/20171216_011.txt
ncols	170
nrows	115
xllcorner	350000.000000
yllcorner	4445000.000000
cellsize	1000.000000
nodata_value	-9999.000000
[rows 31 to 61 of 115, columns 70 to 139 of 170]
1.6195 1.63758 1.64674 1.64087 1.64724 1.63522 1.67418 1.67795 1.63517 1.63626 1.62831 1.6281 1.62202 1.60778 1.60128 1.57032 1.47183 1.49005 1.48842 1.44534 1.44055 1.44135 1.39236 1.29783 1.23672 1.15658 1.09119 1.04084 0.964135 -9999 -9999 -9999 -9999 -9999 -9999 -9999 -9999 -9999 -9999 -9999 -9999 -9999 -9999 -9999 -9999 -9999 -9999 -9999 -9999 -9999 -9999 -9999 -9999 -9999 -9999 -9999 -9999 -9999 -9999 -9999 -9999 -9999 -9999 -9999 -9999 -9999 -9999 -9999 -9999 -9999
1.59411 1.60515 1.60914 1.60437 1.62549 1.64612 1.62915 1.58102 1.60643 1.6085 1.60269 1.58592 1.58025 1.57324 1.56743 1.54014 1.4674 1.39848 1.41907 1.40488 1.36425 1.3827 1.33679 1.25395 1.14584 1.1559 1.11103 0.980772 0.897145 -9999 -9999 -9999 -9999 -9999 -9999 -9999 -9999 -9999 -9999 -9999 -9999 -9999 -9999 -9999 -9999 -9999 -9999 -9999 -9999 -9999 -9999 -9999 -9999 -9999 -9999 -9999 -9999 -9999 -9999 -9999 -9999 -9999 -9999 -9999 -9999 -9999 -9999 -9999 -9999 -9999
1.54666 1.56875 1.56906 1.57067 1.59972 1.60596 1.56861 1.5626 1.57713 1.58102 1.57872 1.57091 1.56345 1.55451 1.53273 1.50094 1.4372 1.3598 1.33293 1.35252 1.33733 1.3231 1.28141 1.23218 1.16693 1.16861 1.14976 1.04107 0.926405 0.826927 -9999 -9999 -9999 -9999 -9999 -9999 -9999 -9999 -9999 -9999 -9999 -9999 -9999 -9999 -9999 -9999 -9999 -9999 -9999 -9999 -9999 -9999 -9999 -9999 -9999 -9999 -9999 -9999 -9999 -9999 -9999 -9999 -9999 -9999 -9999 -9999 -9999 -9999 -9999 -9999
1.49256 1.52765 1.52615 1.51068 1.53122 1.5485 1.49341 1.52157 1.52502 1.55243 1.55078 1.54867 1.53544 1.52353 1.50434 1.47285 1.42861 1.3749 1.28577 1.321 1.34336 1.32444 1.30192 1.26207 1.20053 1.20387 1.1766 1.02968 0.906894 0.844286 0.80107 -9999 -9999 -9999 -9999 -9999 -9999 -9999 -9999 -9999 -9999 -9999 -9999 -9999 -9999 -9999 -9999 -9999 -9999 -9999 -9999 -9999 -9999 -9999 -9999 -9999 -9999 -9999 -9999 -9999 -9999 -9999 -9999 -9999 -9999 -9999 -9999 -9999 -9999 -9999
-9999 1.48151 1.48118 1.4616 1.48282 1.50858 1.49777 1.47438 1.5086 1.51647 1.52383 1.52118 1.50682 1.46834 1.45885 1.45168 1.42025 1.36045 1.29899 1.27357 1.31698 1.31696 1.2947 1.28633 1.23199 1.22103 1.18783 1.10768 0.960236 0.877322 0.82875 0.762948 -9999 -9999 -9999 -9999 -9999 -9999 -9999 -9999 -9999 -9999 -9999 -9999 -9999 -9999 -9999 -9999 -9999 -9999 -9999 -9999 -9999 -9999 -9999 -9999 -9999 -9999 -9999 -9999 -9999 -9999 -9999 -9999 -9999 -9999 -9999 -9999 -9999 -9999
-9999 -9999 -9999 -9999 1.42705 1.41993 1.44098 1.43534 1.48007 1.49053 1.49985 1.4968 1.47003 1.45452 1.44868 1.42686 1.39176 1.3659 1.32405 1.27916 1.27876 1.31257 1.27299 1.28777 1.26239 1.24421 1.19445 1.0548 0.935129 0.863787 0.817542 0.759169 -9999 -9999 -9999 -9999 -9999 -9999 -9999 -9999 -9999 -9999 -9999 -9999 -9999 -9999 -9999 -9999 -9999 -9999 -9999 -9999 -9999 -9999 -9999 -9999 -9999 -9999 -9999 -9999 -9999 -9999 -9999 -9999 -9999 -9999 -9999 -9999 -9999 -9999
-9999 -9999 -9999 -9999 -9999 1.39325 1.40876 1.447 1.45387 1.46041 1.47608 1.47366 1.46136 1.45046 1.43571 1.41715 1.38935 1.35832 1.31907 1.3058 1.32494 1.31086 1.28745 1.27326 1.26757 1.23905 1.1435 1.02058 0.958253 0.824123 0.766071 0.741008 0.694578 -9999 -9999 -9999 -9999 -9999 -9999 -9999 -9999 -9999 -9999 -9999 -9999 0.598315 -9999 -9999 -9999 -9999 -9999 -9999 -9999 -9999 -9999 -9999 -9999 -9999 -9999 -9999 -9999 -9999 -9999 -9999 -9999 -9999 0.223258 -9999 -9999 -9999
-9999 -9999 -9999 -9999 1.39764 1.38471 1.40688 1.43267 1.40706 1.43806 1.45633 1.45413 1.44442 1.43315 1.41223 1.40284 1.38466 1.35225 1.33888 1.3395 1.3327 1.3243 1.31131 1.28961 1.26126 1.22833 1.11546 1.05701 1.00718 0.888649 0.818408 0.76005 0.688529 0.629126 -9999 -9999 -9999 -9999 -9999 -9999 -9999 0.600248 0.59123 0.584684 0.586844 0.605732 0.580953 -9999 -9999 -9999 -9999 -9999 -9999 -9999 -9999 -9999 -9999 -9999 -9999 -9999 -9999 -9999 -9999 -9999 -9999 -9999 0.250304 0.209458 -9999 -9999
-9999 -9999 -9999 -9999 1.34272 1.37243 1.38978 1.41532 1.43057 1.42767 1.43322 1.43748 1.43326 1.42151 1.40506 1.40029 1.37812 1.36285 1.34903 1.35405 1.34593 1.32706 1.30401 1.27875 1.23905 1.21182 1.1182 1.06878 1.00659 0.943207 0.832846 0.742027 0.654623 0.581414 -9999 -9999 -9999 -9999 -9999 -9999 0.600831 0.617095 0.624713 0.590089 0.608086 0.623193 0.611409 0.505888 -9999 -9999 -9999 -9999 -9999 -9999 -9999 -9999 -9999 -9999 -9999 -9999 -9999 -9999 0.43908 0.398857 0.32134 0.278894 0.250949 0.213012 -9999 -9999
-9999 -9999 -9999 -9999 1.32045 1.35497 1.37967 1.40086 1.40713 1.44246 1.42087 1.42248 1.41937 1.41452 1.40857 1.38985 1.37893 1.35148 1.36601 1.35705 1.3414 1.3073 1.28208 1.22636 1.18743 1.10223 1.10149 1.04578 0.964385 0.870886 0.756222 0.69824 0.64556 0.576415 -9999 -9999 -9999 -9999 -9999 -9999 0.594543 0.614119 0.630032 0.628517 0.594854 0.628348 0.54926 0.518342 0.504128 0.512917 0.51267 0.463299 0.468607 0.469605 0.455099 0.461849 -9999 -9999 -9999 -9999 0.453471 0.451839 0.449429 0.430353 0.34607 0.286456 0.231834 0.209871 -9999 -9999
-9999 -9999 -9999 -9999 1.3229 1.3481 1.36386 1.3711 1.38952 1.4217 1.40536 1.40313 1.40031 1.39775 1.39476 1.3869 1.37187 1.36962 1.36304 1.3488 1.29871 1.239 1.24339 1.20002 1.09283 1.08494 1.078 1.01676 0.922716 0.819219 0.750762 0.69876 0.635246 0.558308 -9999 -9999 -9999 0.527993 0.554526 0.5521 0.558573 0.587931 0.609815 0.629751 0.638488 0.579859 0.548148 0.517485 0.484295 0.482797 0.515307 0.515836 0.47713 0.478315 0.464592 0.463245 0.471678 0.475064 0.474016 0.469135 0.466139 0.464314 0.459683 0.441752 0.367438 0.321315 0.289276 0.210993 -9999 -9999
-9999 -9999 -9999 -9999 1.31802 1.34191 1.36125 1.36001 1.36668 1.38183 1.40249 1.39271 1.39325 1.37978 1.38861 1.38548 1.38116 1.37372 1.3629 1.322 1.26556 1.20574 1.16745 1.13716 1.07491 1.03842 1.03065 0.98106 0.889348 0.791857 0.745945 0.686155 0.586432 0.506508 -9999 -9999 0.45351 0.509431 0.549364 0.569584 0.57517 0.575039 0.605068 0.606116 0.636626 0.578565 0.517568 0.513656 0.488282 0.488849 0.488146 0.482525 0.469421 0.47817 0.478072 0.474838 0.479463 0.478857 0.477434 0.475472 0.468568 0.468374 0.465653 0.453093 0.396851 0.366272 0.32397 0.21461 -9999 -9999
-9999 -9999 -9999 -9999 1.30755 1.33316 1.35847 1.36738 1.38436 1.36985 1.37928 1.39683 1.38712 1.37839 1.37183 1.38279 1.38068 1.37673 1.37007 1.33168 1.28522 1.21611 1.16403 1.10444 1.06112 0.966435 0.943028 0.89973 0.853993 0.820331 0.757393 0.676714 0.610196 0.511504 0.455263 -9999 0.438821 0.459352 0.509417 0.554322 0.584173 0.574475 0.610517 0.617228 0.597046 0.579566 0.536286 0.509404 0.498525 0.484784 0.498002 0.50342 0.480275 0.482057 0.480964 0.480224 0.480314 0.479617 0.478797 0.478016 0.476305 0.474005 0.470114 0.463113 0.434729 0.397183 0.335834 0.220704 -9999 -9999
-9999 -9999 -9999 1.25966 1.29675 1.33374 1.35264 1.36667 1.37785 1.38539 1.40137 1.39266 1.39561 1.383 1.36077 1.36321 1.36716 1.37882 1.37444 1.36541 1.33567 1.25403 1.20001 1.12301 1.04672 0.971492 0.940757 0.935351 0.890865 0.823772 0.754798 0.668085 0.599616 0.531504 0.429684 0.417025 0.435267 0.450479 0.484075 0.541003 0.583035 0.603828 0.613366 0.598602 0.602225 0.574263 0.54267 0.526655 0.504313 0.491847 0.481044 0.484593 0.463511 0.481 0.484629 0.480774 0.480744 0.480492 0.480325 0.480178 0.479243 0.476975 0.474375 0.470571 0.459018 0.419077 0.324848 0.246075 -9999 -9999
-9999 -9999 -9999 -9999 1.28142 1.30413 1.31632 1.32875 1.34476 1.36063 1.38919 1.39033 1.39837 1.38989 1.36387 1.34248 1.36337 1.37066 1.37603 1.37037 1.35808 1.26718 1.21309 1.16031 1.08373 1.041 1.01308 0.969807 0.915648 0.81852 0.722598 0.611775 0.518107 0.48209 0.418598 0.411432 0.419264 0.465517 0.50055 0.516718 0.53098 0.593751 0.591677 0.590804 0.601499 0.575102 0.554074 0.52892 0.522775 0.510198 0.498891 0.445225 0.456577 0.453094 0.476024 0.483896 0.48186 0.481692 0.481977 0.481606 0.48093 0.479302 0.477162 0.469785 0.461359 0.432522 0.318359 0.249148 -9999 -9999
-9999 -9999 -9999 -9999 -9999 -9999 1.30061 1.31691 1.32806 1.3416 1.38241 1.38989 1.39409 1.3933 1.38344 1.35538 1.35099 1.35511 1.33029 1.3387 1.34692 1.32634 1.29773 1.21666 1.13773 1.12078 1.06867 0.984543 0.907568 0.831052 0.724617 0.627728 0.524776 0.442735 0.412638 0.443668 0.469254 0.516799 0.538833 0.52694 0.546102 0.565886 0.598165 0.611866 0.604049 0.576601 0.557921 0.524205 0.536423 0.526808 0.50421 0.483291 0.456459 0.464089 0.464476 0.482586 0.485389 0.483333 0.483273 0.483168 0.48252 0.481129 0.475422 0.470419 0.463995 0.4557 0.338275 0.237321 -9999 -9999
-9999 -9999 -9999 -9999 -9999 -9999 1.27618 1.28916 1.30904 1.34955 1.37932 1.38686 1.38593 1.38884 1.3822 1.36215 1.34095 1.3218 1.29222 1.29741 1.3205 1.32212 1.29812 1.22209 1.19098 1.13924 1.0765 0.979544 0.894778 0.827282 0.722345 0.619369 0.537182 0.444102 0.440635 0.446475 0.467174 0.518094 0.556766 0.575315 0.560335 0.579651 0.617202 0.615373 0.590668 0.586095 0.557885 0.515334 0.537753 0.535388 0.515728 0.505898 0.472963 0.471931 0.476403 0.481764 0.485338 0.484804 0.483943 0.48375 0.483363 0.480902 0.477159 0.472399 0.465896 0.457895 0.378979 0.236953 -9999 -9999
-9999 -9999 -9999 -9999 -9999 -9999 -9999 1.26225 1.30039 1.353 1.37584 1.37493 1.38471 1.38537 1.37581 1.36785 1.34331 1.30894 1.23915 1.24645 1.26608 1.29515 1.29448 1.2583 1.18911 1.11986 1.01173 0.909707 0.854591 0.797449 0.70818 0.6167 0.529959 0.522843 0.524482 0.535706 0.538427 0.52629 0.558994 0.587888 0.577264 0.600855 0.627056 0.612975 0.601884 0.589945 0.559774 0.548601 0.538838 0.546057 0.52076 0.517035 0.487342 0.48077 0.480503 0.482225 0.485417 0.485046 0.484538 0.484522 0.483243 0.481596 0.477983 0.47289 0.466402 0.458454 0.443563 0.359599 0.308535 -9999
-9999 -9999 -9999 -9999 -9999 -9999 -9999 1.23066 1.25236 1.31387 1.34262 1.3684 1.38192 1.38262 1.36665 1.35561 1.31928 1.30742 1.24369 1.20367 1.21143 1.18095 1.22304 1.25182 1.18399 1.01682 0.926286 0.847126 0.807622 0.760327 0.702537 0.585045 0.528355 0.553022 0.562111 0.569518 0.576855 0.571425 0.569567 0.614785 0.620218 0.635034 0.631333 0.630424 0.604158 0.584405 0.580736 0.556683 0.543127 0.551103 0.519736 0.525631 0.493561 0.482269 0.477273 0.485409 0.485481 0.485433 0.484451 0.484039 0.483015 0.480303 0.477384 0.472462 0.46568 0.458333 0.449293 0.425128 0.37963 0.356951
-9999 -9999 -9999 -9999 -9999 -9999 -9999 -9999 1.19746 1.2811 1.32879 1.34841 1.37553 1.37893 1.36001 1.34808 1.31222 1.27855 1.22076 1.15128 1.0946 1.17157 1.23028 1.24298 1.18308 1.03795 0.953028 0.90559 0.883551 0.817736 0.75819 0.657814 0.605836 0.553021 0.539089 0.546837 0.56807 0.594307 0.615355 0.617894 0.63458 0.638429 0.638041 0.638089 0.63113 0.62285 0.585662 0.590356 0.566868 0.562056 0.546181 0.530975 0.497277 0.479192 0.483216 0.487458 0.487126 0.484424 0.483922 0.48367 0.482736 0.480637 0.475318 0.470578 0.464495 0.456914 0.44874 0.43239 0.418374 0.387161
-9999 -9999 -9999 -9999 -9999 -9999 -9999 -9999 1.15664 1.23946 1.28916 1.33874 1.35477 1.35576 1.35839 1.34869 1.3212 1.27676 1.23644 1.15922 1.07497 1.15164 1.208 1.2268 1.19445 1.04957 1.03158 0.968946 0.933213 0.854573 0.798093 0.737496 0.676822 0.618342 0.542832 0.508932 0.572187 0.603969 0.63156 0.64546 0.6544 0.659585 0.650318 0.638186 0.601252 0.619566 0.602221 0.589946 0.576539 0.56415 0.55049 0.536643 0.503864 0.497593 0.484968 0.487703 0.484189 0.48374 0.483458 0.48279 0.481471 0.479491 0.476488 0.471644 0.462386 0.455157 0.447122 0.431224 0.421359 0.410572
-9999 -9999 -9999 -9999 -9999 -9999 -9999 -9999 1.04454 1.16287 1.25279 1.30332 1.32797 1.34225 1.34925 1.33417 1.32181 1.28876 1.25438 1.2004 1.11968 1.06078 1.10247 1.1868 1.18205 1.12234 1.08043 1.01762 0.956766 0.914115 0.876871 0.806741 0.707556 0.63876 0.600307 0.57087 0.6153 0.61646 0.60913 0.667234 0.66708 0.663675 0.640418 0.602447 0.603018 0.575211 0.570999 0.54269 0.549829 0.554277 0.549328 0.538611 0.504772 0.494072 0.489537 0.485742 0.484305 0.483155 0.482283 0.481406 0.480018 0.477514 0.47447 0.471117 0.464034 0.457724 0.445198 0.429589 0.420448 0.410549
-9999 -9999 -9999 -9999 -9999 -9999 -9999 -9999 1.03157 1.14361 1.22764 1.25707 1.30697 1.32019 1.33793 1.33522 1.32108 1.29108 1.25156 1.20513 1.13397 1.07386 1.10488 1.13582 1.15894 1.12225 1.07331 1.03482 0.992341 0.913607 0.873665 0.826304 0.774928 0.701914 0.660559 0.611978 0.66231 0.662203 0.648383 0.675867 0.672754 0.62592 0.589256 0.582374 0.586056 0.559725 0.539322 0.511449 0.516083 0.544461 0.518294 0.510902 0.494619 0.492868 0.48722 0.485341 0.48353 0.482208 0.480861 0.479768 0.478325 0.47559 0.472487 0.468708 0.463553 0.455261 0.448301 0.432408 0.418622 0.409776
-9999 -9999 -9999 -9999 -9999 -9999 -9999 -9999 1.00484 1.11364 1.18846 1.23719 1.28896 1.31025 1.32547 1.32471 1.30715 1.2897 1.26201 1.21962 1.18428 1.12879 1.05511 1.12209 1.09959 1.07037 1.00738 0.996752 0.960186 0.913703 0.849284 0.833765 0.794165 0.740426 0.712678 0.68071 0.704009 0.696543 0.69024 0.684629 0.643283 0.587248 0.541709 0.568981 0.558121 0.550151 0.489209 0.51228 0.531543 0.531019 0.496294 0.472704 0.482948 0.481096 0.482251 0.48255 0.482454 0.480419 0.479457 0.477692 0.475762 0.473334 0.470038 0.466182 0.461422 0.455923 0.446128 0.430443 0.422255 0.413713
-9999 -9999 -9999 -9999 -9999 -9999 -9999 -9999 -9999 1.04637 1.1131 1.19801 1.24576 1.2759 1.29029 1.28893 1.27815 1.2639 1.24288 1.2081 1.16386 1.09885 1.04263 1.04053 1.01136 0.960856 0.946303 0.965687 0.950985 0.894131 0.787662 0.78288 0.801134 0.780645 0.760494 0.742984 0.727424 0.714737 0.698529 0.667007 0.581403 0.560458 0.524405 0.523454 0.501687 0.512028 0.480385 0.50841 0.515211 0.511943 0.468714 0.434809 0.46328 0.47475 0.468507 0.47527 0.480195 0.4786 0.477099 0.475029 0.473153 0.470746 0.46759 0.465098 0.460521 0.455371 0.444817 0.429025 0.418678 0.409256
-9999 -9999 -9999 -9999 -9999 -9999 -9999 -9999 -9999 0.99755 1.09032 1.18827 1.21912 1.24966 1.27526 1.27303 1.25665 1.23892 1.21849 1.19376 1.14348 1.09135 1.03794 1.0041 0.98587 0.901637 0.901386 0.939791 0.923505 0.889285 0.764823 0.718705 0.752412 0.780031 0.7677 0.750129 0.684641 0.687321 0.650654 0.604732 0.588474 0.56607 0.524195 0.536608 0.503694 0.508688 0.465899 0.478406 0.479954 0.496105 0.457862 0.415955 0.443393 0.458952 0.455825 0.473542 0.478328 0.47795 0.476266 0.474426 0.47215 0.469797 0.466504 0.4626 0.458063 0.452402 0.444861 0.426924 0.370994 0.36426
-9999 -9999 -9999 -9999 -9999 -9999 -9999 -9999 -9999 1.00694 1.06921 1.1542 1.21643 1.21758 1.24571 1.25769 1.23893 1.21689 1.19254 1.17452 1.12131 1.06174 1.00805 0.945639 0.929409 0.934358 0.896244 0.913322 0.89445 0.859346 0.765576 0.759995 0.777602 0.779881 0.770397 0.752611 0.729615 0.713391 0.683808 0.667564 0.631338 0.578518 0.554244 0.560016 0.503767 0.500433 0.511542 0.449421 0.473573 0.48086 0.434515 0.41463 0.444659 0.458257 0.47014 0.474309 0.474429 0.476367 0.47406 0.472004 0.469639 0.466753 0.463592 0.459306 0.454714 0.446103 0.435093 0.393132 0.356104 0.352936
-9999 -9999 -9999 -9999 -9999 -9999 -9999 -9999 -9999 1.01728 1.07131 1.14288 1.18473 1.18838 1.21837 1.24377 1.23354 1.21 1.19559 1.16802 1.12104 1.06848 1.01042 0.971158 0.904628 0.926157 0.873748 0.886479 0.879513 0.790601 0.753864 0.75888 0.765599 0.758975 0.769877 0.756696 0.73711 0.691269 0.6652 0.665168 0.650764 0.63104 0.592339 0.584475 0.557028 0.541432 0.525949 0.455367 0.464465 0.458423 0.445998 0.440483 0.454022 0.461917 0.469157 0.468743 0.470518 0.473923 0.471836 0.469433 0.466683 0.463886 0.460258 0.455019 0.449712 0.43711 0.41769 0.385065 0.318092 0.344253
-9999 -9999 -9999 -9999 -9999 -9999 -9999 -9999 -9999 1.00728 1.06323 1.12204 1.1431 1.14152 1.19842 1.23021 1.22247 1.20627 1.18753 1.13625 1.12522 1.1022 1.04893 0.977348 0.899015 0.883108 0.870585 0.856037 0.849806 0.742371 0.704744 0.697752 0.718491 0.736885 0.758509 0.754916 0.733126 0.666948 0.598348 0.618167 0.640505 0.633423 0.617986 0.581234 0.564839 0.549135 0.519913 0.462563 0.435255 0.438216 0.42495 0.433296 0.449138 0.461915 0.451883 0.452231 0.465234 0.471574 0.469139 0.466546 0.464032 0.460866 0.457163 0.450285 0.442933 0.432801 0.389717 0.361097 0.310733 0.339681
-9999 -9999 -9999 -9999 -9999 -9999 -9999 -9999 -9999 0.98868 1.02583 1.08013 1.09751 1.1298 1.18191 1.20323 1.20863 1.19877 1.18248 1.15294 1.12908 1.09339 1.0393 0.969808 0.893173 0.83546 0.83338 0.81041 0.782068 0.701422 0.659376 0.668741 0.69273 0.737956 0.758644 0.750759 0.736403 0.714787 0.662124 0.60118 0.593775 0.613052 0.583944 0.551306 0.558498 0.548782 0.519887 0.496718 0.44063 0.429361 0.408156 0.413283 0.432331 0.462828 0.464043 0.459618 0.470961 0.468677 0.466127 0.463835 0.460955 0.457872 0.454344 0.44823 0.438381 0.408793 0.382295 0.346768 0.338587 0.352503
-9999 -9999 -9999 -9999 -9999 -9999 -9999 -9999 -9999 0.956763 1.00017 1.04895 1.09431 1.1369 1.17233 1.16666 1.18057 1.17045 1.17181 1.15639 1.12687 1.09481 1.04644 0.962814 0.888513 0.808036 0.803804 0.826024 0.730632 0.681334 0.607936 0.646217 0.691553 0.732465 0.749033 0.71275 0.725991 0.713945 0.688516 0.648828 0.592312 0.585967 0.542343 0.533821 0.545665 0.544714 0.534388 0.51524 0.476133 0.435066 0.404883 0.403942 0.421099 0.443818 0.466218 0.467092 0.468799 0.465919 0.463045 0.460577 0.457771 0.454325 0.44999 0.443887 0.418892 0.389601 0.370023 0.344285 0.337614 0.364748
