Test_Spring_2018/12_17/Prec/20171216_021.txt
ncols	170
nrows	115
xllcorner	350000.000000
yllcorner	4445000.000000
cellsize	1000.000000
nodata_value	-9999.000000
[rows 31 to 61 of 115, columns 71 to 141 of 170]
0.996979 1.00354 1.00594 1.01101 1.008 1.00228 1.00483 1.0161 1.01491 1.01064 1.00784 1.00322 0.996489 0.99204 0.981798 0.954801 0.959009 0.95903 0.949216 0.95012 0.953059 0.943419 0.922054 0.909234 0.891152 0.867344 0.833642 0.815308 -9999 -9999 -9999 -9999 -9999 -9999 -9999 -9999 -9999 -9999 -9999 -9999 -9999 -9999 -9999 -9999 -9999 -9999 -9999 -9999 -9999 -9999 -9999 -9999 -9999 -9999 -9999 -9999 -9999 -9999 -9999 -9999 -9999 -9999 -9999 -9999 -9999 -9999 -9999 -9999 -9999 -9999 -9999
1.01949 1.02358 1.02523 1.0333 1.0408 1.01682 1.00709 1.03528 1.03492 1.03202 1.02591 1.02246 1.01861 1.01519 1.00649 0.986415 0.967841 0.973034 0.969701 0.959921 0.965758 0.955022 0.934679 0.907617 0.910949 0.899678 0.833262 0.798853 -9999 -9999 -9999 -9999 -9999 -9999 -9999 -9999 -9999 -9999 -9999 -9999 -9999 -9999 -9999 -9999 -9999 -9999 -9999 -9999 -9999 -9999 -9999 -9999 -9999 -9999 -9999 -9999 -9999 -9999 -9999 -9999 -9999 -9999 -9999 -9999 -9999 -9999 -9999 -9999 -9999 -9999 -9999
1.04173 1.04374 1.04606 1.05539 1.05865 1.04461 1.02836 1.05521 1.05589 1.05471 1.0519 1.04901 1.04564 1.0389 1.02959 1.01206 0.991087 0.983344 0.987746 0.98317 0.978829 0.967284 0.953638 0.935637 0.934775 0.928344 0.8869 0.819612 0.804063 -9999 -9999 -9999 -9999 -9999 -9999 -9999 -9999 -9999 -9999 -9999 -9999 -9999 -9999 -9999 -9999 -9999 -9999 -9999 -9999 -9999 -9999 -9999 -9999 -9999 -9999 -9999 -9999 -9999 -9999 -9999 -9999 -9999 -9999 -9999 -9999 -9999 -9999 -9999 -9999 -9999 -9999
1.06312 1.06356 1.06046 1.06681 1.07244 1.04988 1.06858 1.06971 1.07709 1.07691 1.07656 1.07322 1.07007 1.06482 1.05615 1.04389 1.02886 1.00433 1.01175 1.0155 1.00822 0.999715 0.986439 0.967297 0.964799 0.954214 0.88527 0.842232 0.821264 0.805501 -9999 -9999 -9999 -9999 -9999 -9999 -9999 -9999 -9999 -9999 -9999 -9999 -9999 -9999 -9999 -9999 -9999 -9999 -9999 -9999 -9999 -9999 -9999 -9999 -9999 -9999 -9999 -9999 -9999 -9999 -9999 -9999 -9999 -9999 -9999 -9999 -9999 -9999 -9999 -9999 -9999
1.08321 1.08283 1.07766 1.08342 1.09077 1.08464 1.09572 1.09353 1.09649 1.09954 1.10009 1.09756 1.08855 1.0867 1.08493 1.07623 1.05945 1.04147 1.03209 1.03986 1.03573 1.0253 1.01806 0.998614 0.990254 0.976072 0.932095 0.890849 0.84266 0.824144 0.801582 -9999 -9999 -9999 -9999 -9999 -9999 -9999 -9999 -9999 -9999 -9999 -9999 -9999 -9999 -9999 -9999 -9999 -9999 -9999 -9999 -9999 -9999 -9999 -9999 -9999 -9999 -9999 -9999 -9999 -9999 -9999 -9999 -9999 -9999 -9999 -9999 -9999 -9999 -9999 -9999
-9999 -9999 -9999 1.09763 1.09036 1.1239 1.11153 1.11386 1.11821 1.12274 1.12433 1.11977 1.11786 1.11792 1.11303 1.10368 1.09556 1.08206 1.06656 1.06149 1.06432 1.04734 1.04389 1.02968 1.01718 0.996532 0.951384 0.898042 0.851815 0.832488 0.81069 -9999 -9999 -9999 -9999 -9999 -9999 -9999 -9999 -9999 -9999 -9999 -9999 -9999 -9999 -9999 -9999 -9999 -9999 -9999 -9999 -9999 -9999 -9999 -9999 -9999 -9999 -9999 -9999 -9999 -9999 -9999 -9999 -9999 -9999 -9999 -9999 -9999 -9999 -9999 -9999
-9999 -9999 -9999 -9999 1.10935 1.14112 1.15134 1.13404 1.13818 1.14545 1.14846 1.14898 1.14955 1.14839 1.14513 1.13806 1.12852 1.11512 1.10676 1.10524 1.09377 1.07883 1.06554 1.05403 1.03646 0.982758 0.957719 0.930397 0.853749 0.829887 0.815546 0.796566 -9999 -9999 -9999 -9999 -9999 -9999 -9999 -9999 -9999 -9999 -9999 -9999 0.696375 -9999 -9999 -9999 -9999 -9999 -9999 -9999 -9999 -9999 -9999 -9999 -9999 -9999 -9999 -9999 -9999 -9999 -9999 -9999 -9999 0.405736 -9999 -9999 -9999 -9999 -9999
-9999 -9999 -9999 1.14421 1.15991 1.16469 1.17193 1.15456 1.15913 1.16829 1.17276 1.17544 1.17734 1.17582 1.17587 1.1718 1.16191 1.15469 1.14887 1.13909 1.12715 1.11267 1.09498 1.07506 1.0538 1.01082 0.981594 0.955401 0.899443 0.853454 0.829261 0.802861 0.780683 -9999 -9999 -9999 -9999 -9999 -9999 -9999 0.731901 0.722831 0.713626 0.705895 0.701759 0.685621 -9999 -9999 -9999 -9999 -9999 -9999 -9999 -9999 -9999 -9999 -9999 -9999 -9999 -9999 -9999 -9999 -9999 -9999 -9999 0.409721 0.393266 -9999 -9999 -9999 -9999
-9999 -9999 -9999 1.17427 1.17909 1.18253 1.18999 1.19663 1.18183 1.18902 1.19672 1.20247 1.20584 1.20688 1.20921 1.20473 1.19938 1.19158 1.18587 1.17418 1.15754 1.13811 1.11696 1.09141 1.06895 1.02744 0.998114 0.966475 0.935764 0.866172 0.832322 0.800912 0.774574 -9999 -9999 -9999 -9999 -9999 -9999 0.744279 0.742329 0.737241 0.720234 0.715918 0.709935 0.696151 0.647477 -9999 -9999 -9999 -9999 -9999 -9999 -9999 -9999 -9999 -9999 -9999 -9999 -9999 -9999 0.473524 0.45946 0.435292 0.419651 0.407101 0.391241 -9999 -9999 -9999 -9999
-9999 -9999 -9999 1.18929 1.19493 1.2002 1.20686 1.21188 1.22312 1.21098 1.21967 1.22749 1.23439 1.2397 1.23962 1.23882 1.23051 1.22967 1.21935 1.20417 1.18156 1.1592 1.12751 1.09939 1.05815 1.03806 1.00453 0.965542 0.924929 0.86542 0.827474 0.804211 0.778417 -9999 -9999 -9999 -9999 -9999 -9999 0.74882 0.747684 0.744501 0.735616 0.717203 0.715089 0.674305 0.652116 0.633758 0.621166 0.606341 0.551575 0.533929 0.524031 0.511292 0.50529 -9999 -9999 -9999 -9999 0.479847 0.476519 0.472955 0.464765 0.439119 0.419161 0.399664 0.377397 -9999 -9999 -9999 -9999
-9999 -9999 -9999 1.20855 1.21137 1.21428 1.21767 1.22658 1.23916 1.23026 1.24959 1.25838 1.26681 1.2738 1.27732 1.27602 1.27456 1.26822 1.25619 1.23145 1.20132 1.18556 1.14388 1.11531 1.07032 1.04583 1.00819 0.963468 0.91809 0.869689 0.832786 0.805878 0.77351 -9999 -9999 -9999 0.747618 0.750947 0.746243 0.742977 0.744517 0.742824 0.741471 0.733394 0.715022 0.676827 0.653384 0.628653 0.611877 0.604035 0.588381 0.53255 0.521868 0.508736 0.495309 0.491335 0.487273 0.4831 0.47873 0.475357 0.472479 0.468751 0.461165 0.442423 0.426124 0.412459 0.368662 -9999 -9999 -9999 -9999
-9999 -9999 -9999 1.25371 1.25663 1.26048 1.24232 1.24861 1.25948 1.27315 1.2686 1.27997 1.28727 1.29889 1.30492 1.30728 1.30484 1.29722 1.27752 1.24984 1.21794 1.18899 1.17887 1.14059 1.08776 1.06159 1.00886 0.953209 0.908115 0.87883 0.836457 0.791626 0.762871 -9999 -9999 0.735479 0.747148 0.754576 0.756278 0.753141 0.747162 0.747456 0.738595 0.735763 0.715892 0.670937 0.653738 0.629721 0.611887 0.58399 0.566177 0.525072 0.511267 0.501886 0.493315 0.488351 0.483461 0.479573 0.476466 0.472648 0.470764 0.468047 0.462261 0.444348 0.4321 0.407524 0.365498 -9999 -9999 -9999 -9999
-9999 -9999 -9999 1.27256 1.2765 1.28236 1.28609 1.29405 1.27156 1.284 1.30027 1.29925 1.3094 1.31853 1.32948 1.33331 1.3322 1.32557 1.3059 1.27969 1.24381 1.20934 1.18771 1.15228 1.07112 1.03864 1.00207 0.966434 0.93588 0.883905 0.835723 0.806551 0.76589 0.745474 -9999 0.734573 0.737791 0.748584 0.757333 0.760958 0.752725 0.754535 0.746814 0.737071 0.71934 0.678621 0.642937 0.622022 0.600248 0.585742 0.567106 0.523567 0.511746 0.49786 0.489752 0.483666 0.479023 0.475733 0.473493 0.471639 0.469818 0.467338 0.463416 0.452998 0.432271 0.410229 0.366661 -9999 -9999 -9999 -9999
-9999 -9999 1.28622 1.28088 1.28784 1.29216 1.29744 1.30422 1.31217 1.32515 1.31449 1.32851 1.32986 1.33625 1.3461 1.35234 1.35573 1.3497 1.3372 1.31444 1.27402 1.25165 1.19611 1.14942 1.08389 1.04715 1.01813 0.98067 0.939481 0.900273 0.849636 0.803888 0.77691 0.739828 0.733061 0.735769 0.73838 0.745682 0.758246 0.765559 0.765535 0.760497 0.752708 0.742106 0.709623 0.671778 0.648708 0.62342 0.600562 0.578438 0.560773 0.518905 0.50666 0.496838 0.485214 0.479207 0.47499 0.47234 0.470841 0.469809 0.468599 0.466979 0.46429 0.453315 0.438057 0.402668 0.368586 -9999 -9999 -9999 -9999
-9999 -9999 -9999 1.28629 1.28971 1.29244 1.29746 1.30568 1.31602 1.33277 1.34257 1.35487 1.35357 1.35351 1.35806 1.36936 1.37204 1.36863 1.35676 1.33794 1.29674 1.25887 1.21848 1.17004 1.11153 1.07351 1.03269 0.99085 0.940133 0.892387 0.834803 0.795113 0.773787 0.740572 0.732396 0.733026 0.744421 0.752839 0.755498 0.756131 0.767324 0.763606 0.745866 0.735188 0.712592 0.676987 0.650353 0.628024 0.603885 0.580411 0.54675 0.513383 0.498729 0.493145 0.483466 0.475533 0.471663 0.46959 0.468572 0.468174 0.467668 0.466628 0.459819 0.450859 0.437782 0.401083 0.369308 -9999 -9999 -9999 -9999
-9999 -9999 -9999 -9999 -9999 1.29666 1.30276 1.30974 1.31947 1.33952 1.35091 1.3622 1.37213 1.37873 1.37368 1.37885 1.38102 1.36994 1.3585 1.34933 1.32347 1.29145 1.24274 1.17677 1.1397 1.09389 1.04097 0.99175 0.945002 0.89327 0.838689 0.795808 0.762021 0.745193 0.747342 0.746828 0.759145 0.764798 0.760737 0.763095 0.761959 0.762068 0.754474 0.738539 0.71503 0.679616 0.649806 0.631254 0.606898 0.57954 0.553487 0.510295 0.498066 0.486348 0.481745 0.475697 0.469313 0.467545 0.467043 0.467103 0.467073 0.461821 0.457849 0.452021 0.444114 0.406295 0.366113 -9999 -9999 -9999 -9999
-9999 -9999 -9999 -9999 -9999 1.29746 1.30268 1.31176 1.32821 1.34515 1.3561 1.36563 1.37617 1.38334 1.38523 1.38321 1.37951 1.36768 1.35903 1.34944 1.32923 1.29815 1.25034 1.19648 1.1496 1.10018 1.04303 0.990856 0.945533 0.893319 0.836676 0.79858 0.761494 0.751328 0.746884 0.749047 0.760237 0.770594 0.774077 0.767928 0.767592 0.769038 0.75723 0.73659 0.718578 0.680394 0.647665 0.631122 0.608019 0.580828 0.557108 0.512413 0.497692 0.486906 0.478983 0.473228 0.46889 0.466272 0.466043 0.466451 0.46483 0.462543 0.458647 0.452722 0.444734 0.416686 0.365703 -9999 -9999 -9999 -9999
-9999 -9999 -9999 -9999 -9999 -9999 1.30183 1.3153 1.33435 1.3489 1.35684 1.36831 1.37749 1.38326 1.38782 1.38559 1.37754 1.35523 1.34736 1.33715 1.32436 1.29961 1.26234 1.19871 1.14726 1.08593 1.02723 0.982442 0.939431 0.890872 0.836902 0.797236 0.782126 0.773031 0.769822 0.767254 0.762939 0.771474 0.778272 0.772812 0.773575 0.772008 0.756899 0.739624 0.719499 0.680661 0.655839 0.630719 0.609899 0.581069 0.558794 0.515015 0.49885 0.486875 0.478085 0.472338 0.468163 0.466117 0.465874 0.465756 0.465008 0.462721 0.458658 0.45262 0.444506 0.43292 0.39691 0.372658 -9999 -9999 -9999
-9999 -9999 -9999 -9999 -9999 -9999 1.29905 1.30775 1.32835 1.34359 1.35732 1.36858 1.37663 1.37973 1.38087 1.37714 1.37471 1.35548 1.33268 1.31991 1.29234 1.27944 1.25983 1.19704 1.1209 1.06472 1.01241 0.971988 0.931719 0.8914 0.830566 0.798545 0.791468 0.784053 0.779584 0.777947 0.7749 0.774317 0.785997 0.782888 0.781224 0.771792 0.760047 0.738833 0.716732 0.684795 0.656807 0.630912 0.610526 0.580383 0.560882 0.516546 0.499388 0.486388 0.479423 0.472972 0.468924 0.466168 0.465969 0.466035 0.464371 0.462091 0.457904 0.451642 0.443572 0.433438 0.412917 0.390162 0.372511 0.361096 -9999
-9999 -9999 -9999 -9999 -9999 -9999 -9999 1.29788 1.32331 1.34245 1.35323 1.36659 1.37393 1.37646 1.37744 1.37065 1.36209 1.34424 1.31982 1.28236 1.28364 1.27623 1.25373 1.19379 1.12473 1.07125 1.02823 0.993229 0.94886 0.90861 0.852301 0.821581 0.794305 0.780676 0.778497 0.776536 0.781636 0.786445 0.786497 0.789305 0.779219 0.770516 0.759038 0.742997 0.724169 0.68372 0.663756 0.635899 0.612844 0.587387 0.563072 0.518341 0.499864 0.48955 0.481802 0.475344 0.468375 0.466898 0.466453 0.466205 0.465444 0.460557 0.456179 0.449938 0.441735 0.431852 0.413405 0.399063 0.379514 0.357691 0.333854
-9999 -9999 -9999 -9999 -9999 -9999 -9999 1.2915 1.31571 1.33428 1.35137 1.37422 1.36782 1.37202 1.3724 1.36683 1.35481 1.34117 1.31476 1.28305 1.2774 1.26272 1.24344 1.20866 1.12451 1.09012 1.04471 1.0075 0.960932 0.922378 0.876646 0.843953 0.815232 0.790081 0.767428 0.77951 0.785294 0.790975 0.793153 0.793201 0.790667 0.772481 0.754644 0.731134 0.719714 0.684741 0.661259 0.63697 0.612936 0.589048 0.566057 0.521541 0.506744 0.492562 0.481604 0.472939 0.46974 0.467969 0.466972 0.466128 0.464897 0.462707 0.455841 0.447403 0.439271 0.429543 0.411331 0.398478 0.38473 0.369476 0.343197
-9999 -9999 -9999 -9999 -9999 -9999 -9999 1.2668 1.29919 1.34844 1.36138 1.35568 1.36146 1.36536 1.36302 1.36027 1.35039 1.33784 1.31739 1.2869 1.25885 1.23624 1.23693 1.19984 1.13907 1.10052 1.05693 1.01486 0.979052 0.946657 0.898835 0.865448 0.8324 0.801576 0.786481 0.79293 0.789845 0.785453 0.798096 0.794872 0.789369 0.776757 0.743959 0.730967 0.703751 0.672619 0.646093 0.628327 0.609889 0.589484 0.568487 0.523609 0.503693 0.492666 0.480335 0.474957 0.471284 0.468916 0.467317 0.465859 0.463905 0.461182 0.457413 0.446847 0.439097 0.426769 0.408819 0.396692 0.383813 0.370675 0.355832
-9999 -9999 -9999 -9999 -9999 -9999 -9999 1.29364 1.32537 1.34568 1.33609 1.34931 1.35333 1.35855 1.35804 1.35364 1.34365 1.32921 1.31055 1.28277 1.25502 1.24808 1.21572 1.19991 1.14537 1.09595 1.0607 1.02521 0.996605 0.962989 0.919736 0.88865 0.842113 0.820827 0.800224 0.807392 0.802973 0.795794 0.799395 0.794416 0.776848 0.760221 0.749334 0.720752 0.699225 0.663551 0.634668 0.617579 0.606707 0.578313 0.559122 0.517674 0.505802 0.489559 0.482234 0.47663 0.472583 0.469604 0.467356 0.465248 0.46262 0.459348 0.455065 0.449392 0.435596 0.426576 0.408385 0.394502 0.382623 0.370468 0.357998
-9999 -9999 -9999 -9999 -9999 -9999 -9999 1.32151 1.32324 1.34031 1.33222 1.34457 1.34926 1.35239 1.35103 1.34455 1.33687 1.32487 1.307 1.28865 1.26259 1.22932 1.23018 1.17834 1.1268 1.10694 1.07923 1.04486 1.00863 0.950033 0.926635 0.882884 0.855703 0.837738 0.820902 0.820235 0.812891 0.806552 0.800465 0.784577 0.763835 0.744384 0.742144 0.728217 0.691165 0.645445 0.632414 0.619144 0.600812 0.573104 0.551011 0.51609 0.497865 0.489781 0.483112 0.477816 0.473249 0.469882 0.466874 0.464021 0.460885 0.457063 0.452396 0.446632 0.439725 0.423124 0.405255 0.394397 0.376675 0.364895 0.352417
-9999 -9999 -9999 -9999 -9999 -9999 -9999 -9999 1.34247 1.33155 1.34956 1.35813 1.36237 1.36268 1.35891 1.35243 1.34443 1.33368 1.31797 1.29806 1.27073 1.24346 1.22796 1.17256 1.11426 1.08802 1.07006 1.04329 1.00616 0.945836 0.904254 0.892806 0.873624 0.856782 0.842664 0.827867 0.818201 0.808238 0.794389 0.766089 0.755769 0.738144 0.728161 0.711189 0.675259 0.636418 0.627171 0.612103 0.59452 0.567067 0.515315 0.501882 0.495015 0.485132 0.480112 0.478063 0.473294 0.469333 0.465708 0.462308 0.458654 0.454436 0.446632 0.440394 0.43319 0.414652 0.39655 0.385382 0.374213 0.362485 0.353284
-9999 -9999 -9999 -9999 -9999 -9999 -9999 -9999 1.31165 1.33085 1.35145 1.35478 1.35821 1.36046 1.35546 1.34652 1.33669 1.32528 1.31155 1.28967 1.26556 1.2392 1.21595 1.19483 1.09447 1.07364 1.06235 1.03686 1.0072 0.919147 0.889591 0.882655 0.876112 0.861118 0.8465 0.820887 0.81402 0.797556 0.778841 0.767532 0.753951 0.734335 0.727622 0.70786 0.696656 0.626918 0.6149 0.599802 0.588604 0.563743 0.5098 0.495994 0.490681 0.481858 0.479707 0.475318 0.470501 0.466009 0.461872 0.457746 0.453476 0.448629 0.443131 0.436874 0.429683 0.421364 0.39931 0.370695 0.361041 0.354182 0.347373
-9999 -9999 -9999 -9999 -9999 -9999 -9999 -9999 1.32111 1.33164 1.34809 1.35875 1.35368 1.35568 1.35342 1.34294 1.3311 1.31789 1.30526 1.28219 1.25596 1.22959 1.19925 1.17924 1.16321 1.07004 1.05465 1.0299 1.00134 0.919926 0.901556 0.89082 0.877787 0.863334 0.848206 0.832958 0.82038 0.804882 0.793011 0.775757 0.753681 0.738244 0.729666 0.703969 0.690981 0.680801 0.602676 0.594631 0.582322 0.556499 0.497098 0.494835 0.489436 0.484724 0.479079 0.473332 0.468838 0.463818 0.459219 0.454675 0.449931 0.44488 0.439171 0.432933 0.425162 0.416277 0.398909 0.364358 0.356394 0.352083 0.347412
-9999 -9999 -9999 -9999 -9999 -9999 -9999 -9999 1.33187 1.33948 1.35169 1.35628 1.35105 1.35269 1.35306 1.34393 1.33088 1.3195 1.30377 1.28186 1.25716 1.22959 1.20542 1.17272 1.16157 1.06246 1.04705 1.02647 0.94413 0.916904 0.901744 0.888415 0.87307 0.863681 0.849323 0.834375 0.81342 0.798102 0.789731 0.777521 0.763557 0.744083 0.73188 0.713786 0.697954 0.681405 0.599322 0.588386 0.573624 0.544574 0.501043 0.495018 0.488477 0.482725 0.4759 0.470459 0.46612 0.460868 0.455869 0.450936 0.445984 0.44067 0.434684 0.428355 0.419769 0.409046 0.394556 0.351856 0.352206 0.352966 0.340751
-9999 -9999 -9999 -9999 -9999 -9999 -9999 -9999 1.33834 1.34565 1.3538 1.35226 1.34494 1.35281 1.35407 1.34481 1.33292 1.31972 1.29723 1.28415 1.26676 1.24023 1.20763 1.172 1.15142 1.10143 1.03873 1.01906 0.930703 0.903634 0.885592 0.875967 0.86701 0.860139 0.847865 0.831834 0.805028 0.778082 0.774309 0.771164 0.760132 0.746497 0.726763 0.711669 0.696099 0.676417 0.63101 0.576568 0.564946 0.503555 0.495826 0.490781 0.485747 0.475619 0.468979 0.466342 0.462586 0.457029 0.451764 0.446705 0.441529 0.436149 0.429788 0.42308 0.41539 0.398877 0.385862 0.360115 0.348849 0.347622 0.312827
-9999 -9999 -9999 -9999 -9999 -9999 -9999 -9999 1.34344 1.34506 1.3513 1.34812 1.34893 1.3549 1.35278 1.34628 1.33538 1.32218 1.30474 1.2878 1.26668 1.23959 1.2073 1.17198 1.14052 1.12266 1.02672 0.971125 0.91896 0.890832 0.877023 0.868126 0.865914 0.858489 0.844711 0.830169 0.814464 0.791206 0.766074 0.754888 0.750476 0.733188 0.714537 0.705696 0.69192 0.672652 0.654444 0.573394 0.544551 0.494978 0.486761 0.482784 0.482481 0.475308 0.467384 0.464213 0.458079 0.452344 0.447025 0.441781 0.436597 0.431308 0.425271 0.418123 0.40567 0.393817 0.379425 0.371961 0.349774 0.339701 0.313558
-9999 -9999 -9999 -9999 -9999 -9999 -9999 -9999 1.34578 1.3482 1.3523 1.35575 1.35865 1.35975 1.35009 1.34526 1.33374 1.32457 1.31024 1.29128 1.27058 1.24449 1.20808 1.17297 1.13527 1.11656 1.07417 0.943433 0.912464 0.875971 0.8694 0.865737 0.862064 0.853201 0.831674 0.823917 0.810344 0.793845 0.773981 0.749877 0.738724 0.717659 0.705332 0.697833 0.686519 0.672295 0.65538 0.615163 0.541249 0.48965 0.480021 0.475638 0.473329 0.471609 0.464976 0.459195 0.452796 0.446886 0.441468 0.436243 0.431028 0.425661 0.419827 0.409012 0.396954 0.387258 0.375801 0.369146 0.364434 0.33891 0.311891
