Test_Spring_2018/12_17/Prec/20171216_010.txt
ncols	170
nrows	115
xllcorner	350000.000000
yllcorner	4445000.000000
cellsize	1000.000000
nodata_value	-9999.000000
[rows 31 to 61 of 115, columns 70 to 139 of 170]
1.19075 1.20521 1.21316 1.21006 1.21707 1.23223 1.26368 1.27257 1.26725 1.27507 1.27615 1.28326 1.28573 1.28166 1.28316 1.26532 1.19491 1.21403 1.21749 1.1888 1.18966 1.19512 1.16269 1.09584 1.05563 1.00169 0.966379 0.96641 0.916458 -9999 -9999 -9999 -9999 -9999 -9999 -9999 -9999 -9999 -9999 -9999 -9999 -9999 -9999 -9999 -9999 -9999 -9999 -9999 -9999 -9999 -9999 -9999 -9999 -9999 -9999 -9999 -9999 -9999 -9999 -9999 -9999 -9999 -9999 -9999 -9999 -9999 -9999 -9999 -9999 -9999
1.14929 1.15902 1.16366 1.16201 1.18083 1.19983 1.20956 1.19229 1.22591 1.23408 1.23626 1.22998 1.23214 1.23309 1.23472 1.2195 1.16898 1.1212 1.14235 1.13671 1.1109 1.13104 1.10209 1.04534 0.969882 0.986353 0.96122 0.907962 0.8512 -9999 -9999 -9999 -9999 -9999 -9999 -9999 -9999 -9999 -9999 -9999 -9999 -9999 -9999 -9999 -9999 -9999 -9999 -9999 -9999 -9999 -9999 -9999 -9999 -9999 -9999 -9999 -9999 -9999 -9999 -9999 -9999 -9999 -9999 -9999 -9999 -9999 -9999 -9999 -9999 -9999
1.08988 1.10885 1.11137 1.11527 1.14071 1.1489 1.14837 1.15934 1.18332 1.19254 1.19691 1.19695 1.19712 1.196 1.18486 1.16591 1.1223 1.06821 1.05326 1.07442 1.06916 1.06518 1.04065 1.01099 0.969699 0.980715 0.976521 0.911132 0.862164 0.798569 -9999 -9999 -9999 -9999 -9999 -9999 -9999 -9999 -9999 -9999 -9999 -9999 -9999 -9999 -9999 -9999 -9999 -9999 -9999 -9999 -9999 -9999 -9999 -9999 -9999 -9999 -9999 -9999 -9999 -9999 -9999 -9999 -9999 -9999 -9999 -9999 -9999 -9999 -9999 -9999
1.02454 1.0543 1.05622 1.04767 1.06713 1.08423 1.08629 1.11381 1.12261 1.14965 1.15405 1.15788 1.15295 1.14893 1.13926 1.12021 1.09153 1.05586 0.993334 1.02726 1.05189 1.0454 1.03687 1.01572 0.978551 0.992049 0.982442 0.89071 0.838278 0.800294 0.776794 -9999 -9999 -9999 -9999 -9999 -9999 -9999 -9999 -9999 -9999 -9999 -9999 -9999 -9999 -9999 -9999 -9999 -9999 -9999 -9999 -9999 -9999 -9999 -9999 -9999 -9999 -9999 -9999 -9999 -9999 -9999 -9999 -9999 -9999 -9999 -9999 -9999 -9999 -9999
-9999 0.99531 0.999023 0.988138 1.00882 1.03297 1.04777 1.06303 1.08918 1.10089 1.11176 1.11455 1.10804 1.08283 1.08005 1.07931 1.06029 1.02 0.979184 0.96699 1.00879 1.01801 1.01099 1.01552 0.985331 0.989191 0.976323 0.930354 0.837511 0.814537 0.787665 0.746705 -9999 -9999 -9999 -9999 -9999 -9999 -9999 -9999 -9999 -9999 -9999 -9999 -9999 -9999 -9999 -9999 -9999 -9999 -9999 -9999 -9999 -9999 -9999 -9999 -9999 -9999 -9999 -9999 -9999 -9999 -9999 -9999 -9999 -9999 -9999 -9999 -9999 -9999
-9999 -9999 -9999 -9999 0.944896 0.96357 0.987362 1.01335 1.04653 1.05998 1.07187 1.07367 1.05682 1.04852 1.04782 1.03521 1.01303 0.998887 0.973473 0.946888 0.955829 0.992339 0.973358 0.997267 0.991023 0.990923 0.966854 0.876091 0.80678 0.79352 0.769458 0.735049 -9999 -9999 -9999 -9999 -9999 -9999 -9999 -9999 -9999 -9999 -9999 -9999 -9999 -9999 -9999 -9999 -9999 -9999 -9999 -9999 -9999 -9999 -9999 -9999 -9999 -9999 -9999 -9999 -9999 -9999 -9999 -9999 -9999 -9999 -9999 -9999 -9999 -9999
-9999 -9999 -9999 -9999 -9999 0.924095 0.943215 0.978195 1.00613 1.0163 1.03256 1.03409 1.0275 1.02183 1.01338 1.00256 0.98554 0.967238 0.944033 0.942402 0.967343 0.968166 0.96315 0.966416 0.977145 0.970927 0.918179 0.837386 0.805452 0.753215 0.721321 0.71365 0.688199 -9999 -9999 -9999 -9999 -9999 -9999 -9999 -9999 -9999 -9999 -9999 -9999 0.65356 -9999 -9999 -9999 -9999 -9999 -9999 -9999 -9999 -9999 -9999 -9999 -9999 -9999 -9999 -9999 -9999 -9999 -9999 -9999 -9999 0.284729 -9999 -9999 -9999
-9999 -9999 -9999 -9999 0.881673 0.899009 0.923251 0.949088 0.95902 0.979389 0.997063 0.997923 0.992324 0.985277 0.971022 0.966377 0.956132 0.936469 0.933312 0.94291 0.948764 0.95526 0.959884 0.959184 0.954442 0.946896 0.880468 0.853997 0.833645 0.76754 0.754542 0.722463 0.678682 0.642677 -9999 -9999 -9999 -9999 -9999 -9999 -9999 0.653187 0.646462 0.64111 0.641994 0.655343 0.634626 -9999 -9999 -9999 -9999 -9999 -9999 -9999 -9999 -9999 -9999 -9999 -9999 -9999 -9999 -9999 -9999 -9999 -9999 -9999 0.30202 0.264229 -9999 -9999
-9999 -9999 -9999 -9999 0.838896 0.871174 0.892595 0.91878 0.935389 0.952777 0.960003 0.964908 0.962392 0.953729 0.941694 0.939532 0.925399 0.918497 0.914972 0.9284 0.934133 0.933879 0.932427 0.930958 0.919639 0.918792 0.869704 0.852527 0.824868 0.795286 0.759975 0.704339 0.649497 0.603756 -9999 -9999 -9999 -9999 -9999 -9999 0.651403 0.664468 0.670246 0.642912 0.655685 0.665802 0.65479 0.559559 -9999 -9999 -9999 -9999 -9999 -9999 -9999 -9999 -9999 -9999 -9999 -9999 -9999 -9999 0.463291 0.428472 0.364356 0.326641 0.299397 0.263718 -9999 -9999
-9999 -9999 -9999 -9999 0.803179 0.840512 0.868599 0.892042 0.901946 0.922264 0.932528 0.934368 0.931449 0.926714 0.921387 0.907223 0.900773 0.883868 0.902056 0.905047 0.905826 0.895147 0.893765 0.870882 0.862489 0.821567 0.84471 0.825242 0.785244 0.734751 0.690764 0.668042 0.641315 0.599727 -9999 -9999 -9999 -9999 -9999 -9999 0.646779 0.661939 0.673636 0.671355 0.64382 0.667664 0.593915 0.566561 0.551866 0.55476 0.55061 0.529193 0.520304 0.515683 0.499493 0.500151 -9999 -9999 -9999 -9999 0.477209 0.473136 0.468202 0.44996 0.380803 0.32991 0.282025 0.246233 -9999 -9999
-9999 -9999 -9999 -9999 0.787815 0.819385 0.841644 0.855004 0.874526 0.892193 0.904171 0.894545 0.89102 0.887084 0.882982 0.87613 0.865524 0.867235 0.868538 0.86713 0.841304 0.811099 0.83302 0.831327 0.766239 0.794217 0.815325 0.794338 0.747267 0.691584 0.684296 0.667565 0.633938 0.582409 -9999 -9999 -9999 0.587959 0.611034 0.610384 0.615454 0.637263 0.652605 0.672186 0.676749 0.628699 0.591677 0.563967 0.534138 0.528654 0.54938 0.545511 0.522676 0.517983 0.502272 0.491304 0.494267 0.493823 0.490347 0.484158 0.479478 0.47555 0.469091 0.451816 0.395246 0.35479 0.324203 0.241626 -9999 -9999
-9999 -9999 -9999 -9999 0.750488 0.781565 0.807256 0.826929 0.837519 0.852119 0.859999 0.871614 0.869451 0.855686 0.859239 0.854645 0.851133 0.848008 0.845655 0.823797 0.793684 0.764489 0.755041 0.747154 0.724591 0.731758 0.753549 0.759325 0.715977 0.666497 0.65497 0.649807 0.593647 0.545931 -9999 -9999 0.531432 0.578745 0.611826 0.6281 0.631789 0.630061 0.650845 0.648743 0.668989 0.620173 0.560857 0.553176 0.535278 0.530899 0.518504 0.509929 0.51115 0.507748 0.503071 0.496609 0.496838 0.493606 0.490197 0.486649 0.479343 0.477018 0.472306 0.459344 0.41185 0.383173 0.334767 0.239336 -9999 -9999
-9999 -9999 -9999 -9999 0.725115 0.757973 0.788625 0.80436 0.82392 0.832739 0.831922 0.844769 0.850546 0.839079 0.829321 0.834208 0.8312 0.829871 0.830244 0.8103 0.788356 0.752963 0.734276 0.705992 0.699974 0.667816 0.679179 0.67527 0.668995 0.671043 0.665258 0.64486 0.612543 0.554461 0.523289 -9999 0.526499 0.546425 0.586941 0.621638 0.643255 0.633257 0.657737 0.659066 0.639039 0.621039 0.575042 0.542131 0.528449 0.51295 0.51868 0.523411 0.515608 0.51131 0.501986 0.497592 0.49457 0.491599 0.489042 0.486816 0.483911 0.480306 0.474949 0.466417 0.440421 0.39826 0.343879 0.243648 -9999 -9999
-9999 -9999 -9999 0.64395 0.705489 0.748179 0.774748 0.795101 0.810625 0.820716 0.826714 0.832724 0.831986 0.829453 0.806317 0.803348 0.803875 0.813702 0.815281 0.817855 0.809113 0.764808 0.739479 0.710958 0.681006 0.661643 0.669701 0.697454 0.69463 0.673386 0.649181 0.625085 0.608936 0.573489 0.509752 0.509856 0.530723 0.54644 0.573857 0.617187 0.647379 0.659965 0.663025 0.646747 0.644295 0.610835 0.573394 0.554679 0.531562 0.516609 0.50353 0.502138 0.494853 0.506956 0.504797 0.495338 0.492506 0.490232 0.488578 0.487249 0.485322 0.482059 0.477921 0.471961 0.452824 0.41578 0.331401 0.258899 -9999 -9999
-9999 -9999 -9999 -9999 0.68419 0.716698 0.738808 0.7585 0.778182 0.79495 0.811114 0.812997 0.818155 0.815425 0.797178 0.77479 0.787411 0.793073 0.801629 0.806559 0.811402 0.759398 0.741242 0.727879 0.699201 0.706615 0.718842 0.719501 0.711401 0.66921 0.626428 0.584922 0.536794 0.529677 0.506356 0.512041 0.525085 0.564643 0.592795 0.604089 0.612087 0.656154 0.649403 0.638204 0.639373 0.611969 0.582152 0.55568 0.544506 0.529084 0.515389 0.469793 0.486702 0.479073 0.492655 0.497431 0.491502 0.489648 0.488725 0.487597 0.486203 0.483696 0.48008 0.467273 0.452465 0.423118 0.32674 0.261177 -9999 -9999
-9999 -9999 -9999 -9999 -9999 -9999 0.72012 0.743246 0.759563 0.774847 0.800966 0.80792 0.810157 0.806947 0.795925 0.775801 0.768248 0.770849 0.75564 0.77283 0.791157 0.794615 0.796595 0.762177 0.740184 0.761204 0.756255 0.727012 0.703014 0.678482 0.629381 0.599641 0.545852 0.504542 0.499279 0.536889 0.56916 0.60965 0.627478 0.61663 0.62775 0.635728 0.653516 0.656323 0.642315 0.613278 0.584794 0.551118 0.553658 0.540225 0.517674 0.497321 0.484217 0.485287 0.481694 0.492706 0.492793 0.48988 0.489021 0.488404 0.487285 0.485142 0.474963 0.466476 0.455456 0.441594 0.342272 0.251853 -9999 -9999
-9999 -9999 -9999 -9999 -9999 -9999 0.695957 0.716789 0.740162 0.776574 0.79468 0.802044 0.800624 0.800453 0.791974 0.773099 0.755119 0.739431 0.72007 0.732649 0.764414 0.784921 0.790547 0.76027 0.775549 0.770406 0.75807 0.719871 0.690914 0.67448 0.627738 0.594058 0.55737 0.508522 0.524602 0.543377 0.568998 0.614115 0.64459 0.656456 0.640235 0.648572 0.669736 0.659857 0.632139 0.62012 0.583915 0.542996 0.5531 0.545083 0.524747 0.513008 0.494929 0.48951 0.48932 0.490789 0.491772 0.490324 0.48913 0.488648 0.487878 0.483318 0.477119 0.468657 0.45734 0.443411 0.373458 0.251088 -9999 -9999
-9999 -9999 -9999 -9999 -9999 -9999 -9999 0.691872 0.729543 0.775636 0.788818 0.790204 0.797579 0.796171 0.78584 0.77656 0.755266 0.728202 0.677784 0.691741 0.720528 0.761867 0.785154 0.785336 0.771088 0.752389 0.705103 0.663171 0.657376 0.649332 0.61517 0.590749 0.551127 0.569132 0.589651 0.612981 0.625011 0.620914 0.647051 0.666961 0.65381 0.665114 0.677139 0.657404 0.639787 0.621729 0.583797 0.566865 0.552028 0.55137 0.526743 0.519847 0.504307 0.494862 0.491291 0.490231 0.491178 0.490072 0.489304 0.489047 0.487221 0.483936 0.477731 0.468859 0.457368 0.443282 0.422508 0.344774 0.294012 -9999
-9999 -9999 -9999 -9999 -9999 -9999 -9999 0.664034 0.689142 0.742422 0.760458 0.78308 0.794083 0.793472 0.778922 0.768901 0.737875 0.728395 0.681283 0.661417 0.68066 0.675497 0.731052 0.780546 0.766685 0.67169 0.637267 0.612368 0.618127 0.617309 0.607166 0.562674 0.546241 0.588854 0.615271 0.635841 0.651619 0.652534 0.65226 0.684111 0.684771 0.6893 0.678223 0.668582 0.639193 0.615051 0.597534 0.570699 0.55301 0.553052 0.523903 0.524624 0.507587 0.494782 0.487836 0.491967 0.490702 0.489972 0.488281 0.487947 0.48623 0.482022 0.476221 0.46735 0.455519 0.441814 0.425511 0.393915 0.347515 0.318219
-9999 -9999 -9999 -9999 -9999 -9999 -9999 -9999 0.64381 0.714441 0.747216 0.765816 0.78818 0.790622 0.774176 0.763683 0.735037 0.70932 0.667157 0.61895 0.596385 0.673316 0.74066 0.776539 0.767695 0.688272 0.656802 0.65506 0.673082 0.656887 0.644418 0.612707 0.599374 0.58187 0.590334 0.611127 0.636404 0.662664 0.680334 0.67962 0.686401 0.68733 0.679103 0.670478 0.656236 0.641184 0.597993 0.593596 0.568507 0.558941 0.54199 0.526683 0.508987 0.491234 0.491497 0.492818 0.491359 0.486255 0.486302 0.485942 0.484124 0.480215 0.472483 0.463659 0.452337 0.438494 0.422978 0.397598 0.375764 0.340232
-9999 -9999 -9999 -9999 -9999 -9999 -9999 -9999 0.609529 0.679745 0.714011 0.756444 0.763842 0.771924 0.7743 0.766606 0.74541 0.712203 0.684088 0.630182 0.574111 0.654354 0.729712 0.768764 0.771573 0.69862 0.716848 0.701514 0.707179 0.6794 0.667726 0.665909 0.644855 0.622209 0.582271 0.568353 0.62788 0.658583 0.681688 0.690305 0.691818 0.687949 0.681379 0.664903 0.62809 0.634054 0.606529 0.589519 0.572623 0.557582 0.542659 0.528672 0.512485 0.504126 0.491767 0.488164 0.483297 0.48342 0.483414 0.482496 0.480151 0.47614 0.470037 0.462855 0.447524 0.434115 0.418976 0.39429 0.376134 0.356895
-9999 -9999 -9999 -9999 -9999 -9999 -9999 -9999 0.520288 0.618026 0.671392 0.717018 0.748047 0.761652 0.768566 0.757927 0.749527 0.726077 0.703261 0.66766 0.614326 0.581091 0.641421 0.727466 0.765805 0.756696 0.754213 0.736485 0.720568 0.718418 0.719573 0.709333 0.65506 0.624213 0.60946 0.60143 0.646226 0.653449 0.650078 0.693511 0.688947 0.679527 0.653226 0.628576 0.62092 0.594272 0.577394 0.548646 0.548131 0.546525 0.538684 0.527392 0.511324 0.493177 0.488279 0.481465 0.480485 0.479789 0.479025 0.477651 0.474998 0.470394 0.464167 0.456458 0.446855 0.434606 0.414181 0.390196 0.373221 0.355357
-9999 -9999 -9999 -9999 -9999 -9999 -9999 -9999 0.493235 0.574911 0.648155 0.687224 0.730566 0.744374 0.760727 0.760845 0.752261 0.732194 0.706198 0.676871 0.630971 0.596463 0.635311 0.693654 0.734094 0.741236 0.74832 0.746884 0.742705 0.703369 0.701664 0.709469 0.693679 0.654305 0.639845 0.616319 0.665345 0.671681 0.66378 0.68441 0.678635 0.636971 0.601668 0.588522 0.60025 0.572809 0.543448 0.519499 0.517662 0.535005 0.501777 0.493896 0.493286 0.489742 0.479692 0.477765 0.476206 0.475041 0.473567 0.471709 0.46876 0.46382 0.457505 0.449559 0.439485 0.428455 0.415041 0.391146 0.369358 0.353089
-9999 -9999 -9999 -9999 -9999 -9999 -9999 -9999 0.448164 0.547349 0.613539 0.669346 0.714848 0.735805 0.751307 0.754095 0.744016 0.734642 0.718545 0.692806 0.674639 0.643392 0.600778 0.669378 0.691633 0.702877 0.667133 0.686351 0.686496 0.679261 0.690554 0.702739 0.690546 0.668073 0.662869 0.651322 0.679102 0.679803 0.678156 0.674088 0.639943 0.592499 0.551773 0.566407 0.551377 0.558 0.498166 0.499815 0.509354 0.504747 0.480584 0.460387 0.481113 0.472333 0.472009 0.471509 0.470953 0.468883 0.467354 0.464671 0.461122 0.456304 0.449856 0.442008 0.43254 0.421664 0.409196 0.386086 0.37113 0.347558
-9999 -9999 -9999 -9999 -9999 -9999 -9999 -9999 -9999 0.468533 0.544078 0.617899 0.66213 0.691878 0.708704 0.712841 0.709522 0.703755 0.693478 0.673793 0.648476 0.609194 0.579044 0.593167 0.611452 0.606315 0.61869 0.658541 0.672892 0.654951 0.61778 0.635196 0.670079 0.672892 0.673379 0.673002 0.678332 0.674998 0.666126 0.64286 0.575668 0.548993 0.516381 0.509997 0.487241 0.510812 0.474045 0.490282 0.49094 0.484743 0.448685 0.437614 0.450943 0.458032 0.452085 0.456581 0.46411 0.462034 0.459762 0.456573 0.452885 0.448022 0.441757 0.430034 0.42054 0.409855 0.396754 0.373889 0.357615 0.34198
-9999 -9999 -9999 -9999 -9999 -9999 -9999 -9999 -9999 0.44141 0.522056 0.606014 0.637497 0.668027 0.694144 0.698394 0.691605 0.684005 0.674952 0.663605 0.633962 0.604643 0.576324 0.565249 0.568389 0.560659 0.581954 0.634156 0.644831 0.641831 0.587647 0.572386 0.617169 0.655354 0.660497 0.659105 0.618098 0.62695 0.602824 0.569131 0.556206 0.536837 0.5012 0.506639 0.476767 0.476161 0.455018 0.460151 0.457444 0.466715 0.434801 0.418253 0.430441 0.440553 0.43676 0.449373 0.452136 0.450821 0.448188 0.444935 0.440698 0.435658 0.42911 0.421323 0.412337 0.401865 0.38944 0.370673 0.317588 0.30491
-9999 -9999 -9999 -9999 -9999 -9999 -9999 -9999 -9999 0.443808 0.500853 0.574882 0.630796 0.639045 0.667646 0.683507 0.675601 0.66539 0.653953 0.648281 0.616671 0.581631 0.552803 0.519048 0.522742 0.544529 0.575101 0.608803 0.615303 0.609377 0.577341 0.59132 0.621848 0.638902 0.644959 0.64248 0.63372 0.627881 0.609509 0.599358 0.571991 0.530349 0.509607 0.511297 0.464776 0.458999 0.464564 0.43048 0.445826 0.448708 0.410814 0.405052 0.425685 0.434163 0.441722 0.44359 0.442427 0.44258 0.439199 0.435599 0.43123 0.425852 0.419624 0.411902 0.403366 0.391226 0.376824 0.338245 0.302671 0.293573
-9999 -9999 -9999 -9999 -9999 -9999 -9999 -9999 -9999 0.446445 0.497077 0.560809 0.601175 0.611661 0.642109 0.668828 0.668065 0.657271 0.654024 0.641399 0.614827 0.585209 0.552772 0.536342 0.500422 0.533874 0.554084 0.582691 0.596509 0.568692 0.557775 0.578171 0.598692 0.607473 0.628102 0.628333 0.621702 0.592886 0.577439 0.580329 0.570603 0.5555 0.524777 0.517149 0.494019 0.479885 0.465915 0.427538 0.43182 0.424813 0.407736 0.41876 0.426681 0.430652 0.434433 0.432515 0.432354 0.43338 0.429964 0.42598 0.421308 0.416119 0.409783 0.401705 0.393111 0.378483 0.358261 0.327604 0.269758 0.284041
-9999 -9999 -9999 -9999 -9999 -9999 -9999 -9999 -9999 0.432893 0.484984 0.538928 0.563386 0.570046 0.62155 0.653571 0.655148 0.650449 0.644259 0.613669 0.61502 0.608213 0.579291 0.537539 0.491879 0.495581 0.517762 0.553404 0.566273 0.522958 0.509837 0.519511 0.549488 0.576362 0.604265 0.611145 0.602357 0.557699 0.509595 0.528215 0.547482 0.542967 0.531141 0.502243 0.488633 0.475351 0.451613 0.401539 0.402139 0.402404 0.403015 0.406589 0.416288 0.423928 0.414222 0.412679 0.420954 0.424045 0.42022 0.41603 0.411586 0.406274 0.400159 0.391207 0.381522 0.369365 0.331521 0.304619 0.259009 0.277458
-9999 -9999 -9999 -9999 -9999 -9999 -9999 -9999 -9999 0.412246 0.44986 0.500364 0.522056 0.55497 0.60297 0.627155 0.639146 0.63964 0.635626 0.622037 0.613654 0.597121 0.567473 0.527078 0.482288 0.453123 0.467743 0.512092 0.510511 0.48308 0.465371 0.486504 0.517896 0.56448 0.590832 0.593766 0.590297 0.579834 0.544095 0.500739 0.497574 0.514049 0.492446 0.467537 0.472932 0.465033 0.442229 0.42384 0.399069 0.383296 0.383048 0.384233 0.396399 0.417619 0.41644 0.411041 0.417861 0.414156 0.410154 0.406191 0.401556 0.396505 0.390824 0.382855 0.37172 0.345098 0.320629 0.289011 0.278349 0.284083
-9999 -9999 -9999 -9999 -9999 -9999 -9999 -9999 -9999 0.380929 0.423428 0.469711 0.513019 0.553923 0.589132 0.592609 0.611309 0.611772 0.621548 0.619021 0.606414 0.592754 0.56751 0.516104 0.472881 0.425795 0.43825 0.486981 0.483168 0.459621 0.416895 0.459478 0.506509 0.549004 0.571516 0.552021 0.569469 0.566207 0.551482 0.524715 0.484036 0.481242 0.449029 0.443348 0.452968 0.452432 0.444487 0.429647 0.395266 0.380895 0.37335 0.369925 0.380617 0.395753 0.410784 0.409324 0.408574 0.404307 0.400014 0.395954 0.391505 0.386398 0.380411 0.372848 0.350494 0.324613 0.306022 0.28251 0.273568 0.289302
