Test_Spring_2018/12_17/Prec/20171203_014.txt
ncols	170
nrows	115
xllcorner	350000.000000
yllcorner	4445000.000000
cellsize	1000.000000
nodata_value	-9999.000000
[rows 33 to 65 of 115, columns 75 to 149 of 170]
0.332044 0.348171 0.368846 0.391365 0.396251 0.399713 0.40189 0.404035 0.405785 0.40477 0.401651 0.391826 0.379282 0.377811 0.386632 0.388502 0.391117 0.388469 0.384829 0.37838 0.386772 0.391264 0.377529 0.375113 0.370294 -9999 -9999 -9999 -9999 -9999 -9999 -9999 -9999 -9999 -9999 -9999 -9999 -9999 -9999 -9999 -9999 -9999 -9999 -9999 -9999 -9999 -9999 -9999 -9999 -9999 -9999 -9999 -9999 -9999 -9999 -9999 -9999 -9999 -9999 -9999 -9999 -9999 -9999 -9999 -9999 -9999 -9999 -9999 -9999 -9999 -9999 -9999 -9999 -9999 -9999
0.314437 0.339562 0.369808 0.374636 0.384447 0.387912 0.391141 0.391879 0.392834 0.392232 0.389084 0.38338 0.37591 0.361236 0.373529 0.383584 0.385397 0.387038 0.385584 0.380077 0.388926 0.391659 0.370048 0.374615 0.368671 0.366503 -9999 -9999 -9999 -9999 -9999 -9999 -9999 -9999 -9999 -9999 -9999 -9999 -9999 -9999 -9999 -9999 -9999 -9999 -9999 -9999 -9999 -9999 -9999 -9999 -9999 -9999 -9999 -9999 -9999 -9999 -9999 -9999 -9999 -9999 -9999 -9999 -9999 -9999 -9999 -9999 -9999 -9999 -9999 -9999 -9999 -9999 -9999 -9999 -9999
0.300677 0.316923 0.348357 0.365295 0.370867 0.376122 0.379051 0.379334 0.374396 0.375655 0.37752 0.37443 0.365615 0.356873 0.356329 0.371051 0.377123 0.379087 0.384634 0.380945 0.387003 0.388694 0.380975 0.365537 0.370798 0.36752 0.360016 -9999 -9999 -9999 -9999 -9999 -9999 -9999 -9999 -9999 -9999 -9999 -9999 -9999 -9999 -9999 -9999 -9999 -9999 -9999 -9999 -9999 -9999 -9999 -9999 -9999 -9999 -9999 -9999 -9999 -9999 -9999 -9999 -9999 -9999 -9999 -9999 -9999 -9999 -9999 -9999 -9999 -9999 -9999 -9999 -9999 -9999 -9999 -9999
0.291468 0.312674 0.334292 0.353247 0.359324 0.364859 0.36749 0.364864 0.364534 0.366283 0.364767 0.360694 0.359001 0.354417 0.349796 0.355345 0.3689 0.367505 0.378376 0.381285 0.386225 0.384796 0.371592 0.355563 0.363471 0.360932 0.355188 -9999 -9999 -9999 -9999 -9999 -9999 -9999 -9999 -9999 -9999 -9999 -9999 -9999 -9999 -9999 -9999 -9999 -9999 -9999 -9999 -9999 -9999 -9999 -9999 -9999 -9999 -9999 -9999 -9999 -9999 -9999 -9999 -9999 -9999 -9999 -9999 -9999 -9999 -9999 -9999 -9999 -9999 -9999 -9999 -9999 -9999 -9999 -9999
0.281081 0.300521 0.312717 0.341686 0.346893 0.353635 0.356156 0.356298 0.35659 0.356066 0.354896 0.352095 0.349102 0.344993 0.347164 0.35706 0.360698 0.363158 0.368344 0.376003 0.379329 0.370049 0.35938 0.35572 0.351119 0.346509 0.348235 0.344609 -9999 -9999 -9999 -9999 -9999 -9999 -9999 -9999 -9999 -9999 -9999 -9999 0.334806 -9999 -9999 -9999 -9999 -9999 -9999 -9999 -9999 -9999 -9999 -9999 -9999 -9999 -9999 -9999 -9999 -9999 -9999 -9999 -9999 0.147938 -9999 -9999 -9999 -9999 -9999 -9999 -9999 -9999 -9999 -9999 -9999 -9999 -9999
0.285625 0.295008 0.304856 0.321314 0.336239 0.343377 0.345663 0.345981 0.345755 0.34345 0.343793 0.342665 0.339104 0.340375 0.345525 0.350061 0.355244 0.360403 0.364578 0.36809 0.371223 0.364471 0.362584 0.362374 0.347397 0.355033 0.350197 0.341659 0.334756 -9999 -9999 -9999 -9999 -9999 -9999 -9999 0.342651 0.339212 0.335748 0.333638 0.334647 0.325951 -9999 -9999 -9999 -9999 -9999 -9999 -9999 -9999 -9999 -9999 -9999 -9999 -9999 -9999 -9999 -9999 -9999 -9999 -9999 0.153066 0.137509 -9999 -9999 -9999 -9999 -9999 -9999 -9999 -9999 -9999 -9999 -9999 -9999
0.27767 0.286488 0.296649 0.304116 0.328376 0.332626 0.33597 0.33702 0.336173 0.334266 0.335056 0.332606 0.332343 0.333315 0.339379 0.343801 0.34711 0.350655 0.354758 0.356658 0.361907 0.359857 0.360904 0.359039 0.356489 0.356293 0.34524 0.3339 0.324516 -9999 -9999 -9999 -9999 -9999 -9999 0.34395 0.34628 0.346138 0.336416 0.337409 0.337332 0.331127 0.297957 -9999 -9999 -9999 -9999 -9999 -9999 -9999 -9999 -9999 -9999 -9999 -9999 -9999 -9999 0.215304 0.202033 0.180233 0.165286 0.15279 0.137544 -9999 -9999 -9999 -9999 -9999 -9999 -9999 -9999 -9999 -9999 -9999 -9999
0.268857 0.279766 0.289415 0.29526 0.30973 0.324501 0.326926 0.32772 0.327753 0.327448 0.324634 0.324021 0.320721 0.327472 0.330486 0.333454 0.333884 0.337547 0.335912 0.338892 0.338807 0.351324 0.352203 0.347395 0.339523 0.339677 0.335748 0.332531 0.324584 -9999 -9999 -9999 -9999 -9999 -9999 0.344062 0.346778 0.348047 0.345007 0.334584 0.338033 0.311369 0.299425 0.290858 0.287134 0.281537 0.274837 0.261369 0.256115 0.248068 0.245076 -9999 -9999 -9999 -9999 0.225976 0.222082 0.217586 0.208954 0.185719 0.166991 0.148554 0.124217 -9999 -9999 -9999 -9999 -9999 -9999 -9999 -9999 -9999 -9999 -9999 -9999
0.262617 0.272187 0.279318 0.288078 0.301771 0.316141 0.313199 0.313733 0.313841 0.313673 0.312626 0.310562 0.312079 0.313815 0.315275 0.310569 0.305325 0.315217 0.322576 0.314608 0.32914 0.34161 0.342616 0.336412 0.327657 0.338208 0.336592 0.331883 0.316071 -9999 -9999 -9999 0.326543 0.333135 0.332377 0.332471 0.336542 0.338257 0.346423 0.344552 0.332515 0.310842 0.298475 0.285413 0.27909 0.280134 0.274591 0.261096 0.255821 0.247985 0.237254 0.235804 0.233648 0.230742 0.227015 0.223475 0.219768 0.214873 0.206419 0.19081 0.174823 0.160916 0.121209 -9999 -9999 -9999 -9999 -9999 -9999 -9999 -9999 -9999 -9999 -9999 -9999
0.256486 0.26712 0.270342 0.276751 0.284107 0.293925 0.306377 0.307161 0.30435 0.30604 0.305316 0.304896 0.304769 0.305224 0.300823 0.294813 0.28983 0.291129 0.296965 0.296575 0.30558 0.318403 0.332002 0.322213 0.315532 0.319127 0.329196 0.317 0.308398 -9999 -9999 0.313274 0.327484 0.336808 0.340571 0.34001 0.337206 0.339999 0.335952 0.337696 0.323956 0.29652 0.289366 0.28532 0.278979 0.263917 0.257202 0.25593 0.246741 0.242543 0.238374 0.236475 0.233891 0.231356 0.228687 0.224693 0.221623 0.217304 0.210027 0.192478 0.17942 0.153485 0.117839 -9999 -9999 -9999 -9999 -9999 -9999 -9999 -9999 -9999 -9999 -9999 -9999
0.24843 0.260519 0.268409 0.277195 0.279331 0.286622 0.292464 0.301379 0.299004 0.29675 0.298344 0.29774 0.297794 0.298728 0.294643 0.290767 0.284043 0.282869 0.282787 0.287312 0.282414 0.292359 0.298492 0.304236 0.31239 0.323053 0.329246 0.326242 0.313469 0.309143 -9999 0.315693 0.322434 0.333778 0.342461 0.346561 0.34107 0.344417 0.340809 0.334361 0.324792 0.300906 0.279848 0.270622 0.261272 0.258271 0.259808 0.255782 0.250854 0.241667 0.238333 0.235862 0.233716 0.231787 0.229826 0.227332 0.224104 0.219698 0.213623 0.201883 0.179364 0.157662 0.120231 -9999 -9999 -9999 -9999 -9999 -9999 -9999 -9999 -9999 -9999 -9999 -9999
0.245321 0.256536 0.265939 0.273814 0.2799 0.288412 0.289605 0.291228 0.295666 0.289465 0.288599 0.288665 0.291505 0.292504 0.294439 0.294085 0.284859 0.283934 0.279197 0.276823 0.278896 0.288376 0.303791 0.311081 0.313441 0.314959 0.320505 0.32726 0.323087 0.308624 0.312376 0.320715 0.326403 0.334089 0.344982 0.351148 0.351496 0.348436 0.342298 0.336924 0.316444 0.294661 0.283282 0.271038 0.261534 0.253132 0.248618 0.244902 0.248368 0.244817 0.237427 0.235342 0.233756 0.232446 0.23107 0.229121 0.226173 0.222185 0.216791 0.202699 0.186198 0.152837 0.122745 -9999 -9999 -9999 -9999 -9999 -9999 -9999 -9999 -9999 -9999 -9999 -9999
0.236273 0.246474 0.255892 0.265087 0.273155 0.284324 0.286694 0.289426 0.288238 0.286143 0.27966 0.282808 0.284232 0.286922 0.289316 0.292593 0.281301 0.280297 0.281691 0.279871 0.289663 0.300677 0.309052 0.315407 0.31256 0.309579 0.310746 0.30504 0.309875 0.311821 0.316272 0.322689 0.335084 0.342944 0.344807 0.344544 0.353215 0.349088 0.336957 0.331234 0.317354 0.297388 0.28339 0.274074 0.264169 0.255432 0.238631 0.241519 0.23646 0.238061 0.239708 0.235118 0.233992 0.233224 0.23221 0.230651 0.228073 0.224293 0.214224 0.202328 0.187277 0.152872 0.124262 -9999 -9999 -9999 -9999 -9999 -9999 -9999 -9999 -9999 -9999 -9999 -9999
-9999 0.241228 0.251735 0.260114 0.26786 0.281651 0.285404 0.28727 0.287076 0.284242 0.279117 0.276487 0.276865 0.272793 0.278038 0.285365 0.289195 0.293745 0.289362 0.290324 0.303274 0.30981 0.310252 0.312616 0.315125 0.31092 0.315719 0.308978 0.30486 0.309624 0.324921 0.337681 0.350433 0.355416 0.351016 0.351371 0.348875 0.348513 0.343229 0.332794 0.317969 0.298101 0.281712 0.275883 0.266319 0.255022 0.245191 0.239746 0.237248 0.234319 0.23617 0.235561 0.234357 0.233888 0.233261 0.231968 0.229607 0.221352 0.214017 0.204772 0.193686 0.158095 0.122252 -9999 -9999 -9999 -9999 -9999 -9999 -9999 -9999 -9999 -9999 -9999 -9999
-9999 0.234527 0.244463 0.25484 0.26846 0.279935 0.283768 0.284568 0.285146 0.282931 0.277472 0.272165 0.267367 0.262045 0.266288 0.276778 0.285233 0.290727 0.287461 0.298758 0.304548 0.30917 0.30732 0.308555 0.313604 0.310405 0.314385 0.312763 0.30694 0.317957 0.328329 0.338991 0.353418 0.361891 0.363291 0.3559 0.35368 0.353893 0.344704 0.330077 0.319584 0.297366 0.278692 0.274753 0.266567 0.255843 0.248433 0.241647 0.237522 0.235748 0.235198 0.235083 0.234613 0.234225 0.233796 0.232714 0.228589 0.223127 0.215673 0.20616 0.194826 0.167101 0.122178 -9999 -9999 -9999 -9999 -9999 -9999 -9999 -9999 -9999 -9999 -9999 -9999
-9999 -9999 0.237603 0.251903 0.268163 0.278216 0.280348 0.283539 0.283736 0.280977 0.278144 0.271794 0.263895 0.24992 0.254479 0.264056 0.27817 0.288439 0.293491 0.29654 0.298515 0.293434 0.290555 0.298246 0.305709 0.306127 0.312798 0.310567 0.323454 0.335907 0.34772 0.354757 0.355541 0.362859 0.366729 0.359811 0.358225 0.355683 0.343521 0.331446 0.319061 0.29624 0.284073 0.273161 0.266996 0.255125 0.249146 0.243159 0.238092 0.23557 0.234512 0.234563 0.234335 0.234193 0.233881 0.232262 0.228953 0.223435 0.215784 0.206118 0.194623 0.180383 0.147714 0.1241 -9999 -9999 -9999 -9999 -9999 -9999 -9999 -9999 -9999 -9999 -9999
-9999 -9999 0.229931 0.240643 0.258785 0.270163 0.278112 0.282274 0.282686 0.278778 0.275575 0.266801 0.263787 0.250605 0.246115 0.25299 0.254128 0.273173 0.291685 0.294665 0.275325 0.273603 0.275254 0.285982 0.295315 0.302282 0.303364 0.307542 0.327262 0.341392 0.352499 0.360632 0.36272 0.362798 0.369848 0.36692 0.363398 0.354392 0.344951 0.329557 0.315449 0.298261 0.283394 0.27176 0.265885 0.252885 0.249152 0.242899 0.237064 0.233758 0.234261 0.233791 0.233719 0.232913 0.232726 0.2311 0.227463 0.22201 0.214326 0.204552 0.193171 0.180201 0.160357 0.138037 0.120381 0.108329 -9999 -9999 -9999 -9999 -9999 -9999 -9999 -9999 -9999
-9999 -9999 -9999 0.227957 0.250731 0.266208 0.272975 0.280256 0.281534 0.277242 0.274159 0.265921 0.258529 0.246814 0.233847 0.230042 0.253782 0.275907 0.290408 0.294518 0.279155 0.277901 0.285603 0.299372 0.30411 0.310111 0.314525 0.319347 0.322267 0.331312 0.343583 0.352619 0.361986 0.367055 0.365137 0.363542 0.359791 0.35166 0.342604 0.331525 0.320073 0.295887 0.28743 0.273953 0.26562 0.256187 0.248199 0.241945 0.234882 0.233672 0.233451 0.232933 0.229979 0.230548 0.23023 0.22846 0.22489 0.218822 0.211173 0.201619 0.190334 0.177766 0.15986 0.144608 0.125517 0.105011 0 -9999 -9999 -9999 -9999 -9999 -9999 -9999 -9999
-9999 -9999 -9999 0.2183 0.24074 0.256685 0.269962 0.27444 0.27607 0.276923 0.274751 0.268729 0.259419 0.251723 0.237273 0.222781 0.245267 0.273149 0.28824 0.294308 0.28126 0.293286 0.296732 0.30657 0.307584 0.31329 0.325614 0.327901 0.329058 0.326338 0.324614 0.344869 0.355413 0.36201 0.362768 0.359872 0.35405 0.349297 0.337033 0.32 0.314668 0.295035 0.283433 0.272542 0.262981 0.254358 0.246938 0.241297 0.236948 0.232296 0.228164 0.225786 0.226593 0.226931 0.226263 0.224195 0.220501 0.215009 0.209673 0.19733 0.186413 0.174268 0.156911 0.143108 0.128975 0.114021 0 0 0 0 -9999 -9999 -9999 -9999 -9999
-9999 -9999 -9999 0.193446 0.223242 0.246535 0.26037 0.268373 0.272716 0.274929 0.272086 0.269771 0.263328 0.257244 0.247961 0.234266 0.226766 0.243984 0.271017 0.292258 0.296446 0.302194 0.304382 0.307619 0.315073 0.323669 0.333171 0.328459 0.326586 0.324251 0.327005 0.342959 0.3469 0.346188 0.356712 0.352375 0.345345 0.332597 0.323462 0.315027 0.29946 0.283092 0.268695 0.26274 0.257245 0.250865 0.244405 0.238986 0.227632 0.225759 0.221537 0.22184 0.222126 0.221973 0.220938 0.218614 0.214675 0.209168 0.202171 0.195809 0.185826 0.169995 0.153303 0.140378 0.127194 0.114169 0.1001 0 0 0 0 -9999 -9999 -9999 -9999
-9999 -9999 -9999 0.187827 0.218079 0.239855 0.250066 0.262936 0.267364 0.272274 0.272537 0.270325 0.264976 0.258149 0.250696 0.239087 0.231183 0.244239 0.261153 0.276271 0.284446 0.298854 0.304898 0.310684 0.309643 0.316798 0.330938 0.33337 0.323563 0.32515 0.323185 0.340008 0.343552 0.341591 0.345964 0.341588 0.326047 0.311303 0.30203 0.303812 0.290197 0.270464 0.256662 0.250799 0.250928 0.231899 0.226915 0.22627 0.223968 0.217413 0.21694 0.216757 0.216575 0.215911 0.214488 0.211915 0.207828 0.202361 0.195485 0.187161 0.180262 0.169634 0.153362 0.137108 0.125009 0.113007 0.101058 0 0 0 0 0 -9999 -9999 -9999
-9999 -9999 -9999 0.175175 0.210431 0.230073 0.244552 0.257951 0.264353 0.26908 0.270178 0.267675 0.265411 0.261433 0.255044 0.251116 0.244046 0.234403 0.256181 0.263327 0.272304 0.269059 0.280444 0.287137 0.292222 0.313444 0.32331 0.320247 0.319692 0.323226 0.324079 0.334674 0.336475 0.336236 0.333942 0.322041 0.305354 0.28966 0.288683 0.279171 0.280457 0.252738 0.241525 0.238944 0.233212 0.222618 0.214377 0.219664 0.212094 0.211378 0.210999 0.210748 0.209966 0.208971 0.207076 0.204194 0.200118 0.194724 0.188113 0.180314 0.171503 0.164245 0.148769 0.137596 0.122 0.110468 0 0 0 0 0 0 0 -9999 -9999
-9999 -9999 -9999 -9999 0.188887 0.208618 0.229956 0.242926 0.251736 0.256852 0.258387 0.257847 0.256689 0.254428 0.249801 0.243951 0.234665 0.22842 0.23501 0.240471 0.244845 0.253053 0.269452 0.279295 0.280577 0.281597 0.286429 0.301909 0.308106 0.313011 0.316795 0.324742 0.325222 0.322963 0.31552 0.294803 0.280302 0.267049 0.260464 0.249029 0.25549 0.2343 0.23357 0.229057 0.223294 0.209984 0.205989 0.203142 0.203725 0.201218 0.201926 0.203727 0.202609 0.201116 0.198867 0.195839 0.191768 0.186573 0.178603 0.170996 0.1625 0.15556 0.140455 0.129313 0.118346 0.10711 0 0 0 0 0 0 0 0 -9999
-9999 -9999 -9999 -9999 0.178981 0.202134 0.226068 0.235366 0.244305 0.251957 0.253527 0.252056 0.250429 0.248535 0.246214 0.239116 0.232472 0.226537 0.225866 0.229662 0.229741 0.239853 0.259007 0.267087 0.271693 0.260836 0.261741 0.279092 0.294262 0.299735 0.302649 0.29368 0.297453 0.290979 0.280735 0.275187 0.266944 0.253472 0.25085 0.238171 0.233514 0.222654 0.219447 0.214501 0.213401 0.201498 0.196005 0.192611 0.193901 0.191766 0.194434 0.194459 0.19325 0.19139 0.188917 0.185615 0.181466 0.176259 0.170097 0.163055 0.155144 0.146339 0.138008 0.115188 0.105752 0 0 0 0 0 0 0 0 0 -9999
-9999 -9999 -9999 -9999 0.179548 0.195868 0.216808 0.232675 0.235313 0.24356 0.248289 0.246482 0.244118 0.241545 0.240754 0.233035 0.224675 0.218399 0.211171 0.214748 0.223792 0.234498 0.247918 0.254146 0.257182 0.251324 0.25948 0.272062 0.280607 0.285638 0.287678 0.28721 0.286678 0.281747 0.278159 0.268934 0.254996 0.246224 0.243216 0.226609 0.22119 0.218984 0.205039 0.205547 0.203029 0.189704 0.18227 0.185906 0.18662 0.187419 0.186854 0.185514 0.184447 0.182168 0.179468 0.176103 0.171954 0.167051 0.16124 0.154763 0.14692 0.138168 0.122533 0.107817 0.10005 0 0 0 0 0 0 0 0 0 -9999
-9999 -9999 -9999 -9999 0.180173 0.194383 0.212189 0.22352 0.226589 0.235203 0.242827 0.242915 0.240324 0.239955 0.237166 0.230739 0.223737 0.216262 0.213559 0.205829 0.217668 0.224831 0.236279 0.243893 0.238574 0.239096 0.248251 0.257296 0.262824 0.271233 0.273479 0.273199 0.266073 0.261893 0.262033 0.257972 0.251798 0.240792 0.235798 0.226281 0.219156 0.212109 0.197678 0.195537 0.190593 0.178628 0.180229 0.180326 0.179678 0.179246 0.177405 0.176103 0.175062 0.172611 0.169723 0.166294 0.162329 0.157641 0.152084 0.146036 0.138027 0.128245 0.115419 0 0 0 0 0 0 0 0 0 0 0 0
-9999 -9999 -9999 -9999 0.176276 0.19052 0.205295 0.211946 0.213722 0.227967 0.2369 0.237506 0.236493 0.235211 0.227352 0.228534 0.227694 0.221 0.211042 0.200301 0.203517 0.21421 0.223469 0.230242 0.219709 0.218938 0.22442 0.235377 0.24524 0.255057 0.258637 0.257381 0.245645 0.232364 0.236952 0.24116 0.238289 0.232979 0.222629 0.216297 0.209947 0.200695 0.179373 0.180865 0.178199 0.172076 0.170644 0.171207 0.171467 0.167138 0.165204 0.166037 0.165396 0.162717 0.159738 0.156434 0.152599 0.148241 0.142805 0.1369 0.130084 0.11598 0.104775 0 0 0 0 0 0 0 0 0 0 0 0
-9999 -9999 -9999 -9999 0.170334 0.180169 0.19363 0.199196 0.207957 0.220994 0.227558 0.230878 0.231161 0.230357 0.227083 0.225448 0.221774 0.214702 0.204896 0.194115 0.18789 0.193993 0.2071 0.204045 0.202383 0.199729 0.207743 0.218454 0.233158 0.241992 0.244013 0.243878 0.241384 0.231454 0.218972 0.217185 0.220447 0.212846 0.204065 0.203474 0.199086 0.190523 0.183196 0.173311 0.162048 0.159987 0.157947 0.15916 0.163075 0.160956 0.157783 0.158049 0.155397 0.152597 0.149687 0.146427 0.142858 0.138907 0.134113 0.128248 0.117922 0.108046 0 0 0 0 0 0 0 0 0 0 0 0 0
-9999 -9999 -9999 -9999 0.16132 0.172067 0.18396 0.195146 0.205799 0.215022 0.215622 0.220601 0.220712 0.223584 0.223248 0.220324 0.217315 0.211307 0.198263 0.187675 0.176191 0.181328 0.199123 0.19435 0.189593 0.17947 0.192845 0.207305 0.220322 0.227587 0.222974 0.228298 0.227591 0.223401 0.215567 0.203584 0.2018 0.191625 0.188572 0.189575 0.187633 0.18355 0.177512 0.161765 0.154879 0.150569 0.147282 0.148041 0.150169 0.152394 0.150159 0.148192 0.145286 0.142367 0.139469 0.136388 0.13302 0.129286 0.124981 0.116446 0.106803 0 0 0 0 0 0 0 0 0 0 0 0 0 0
-9999 -9999 -9999 -9999 -9999 0.168005 0.179547 0.187906 0.189502 0.197144 0.201119 0.20428 0.204929 0.215053 0.215923 0.214235 0.211508 0.206496 0.196816 0.190545 0.179402 0.171846 0.170727 0.172653 0.176993 0.176942 0.183062 0.196365 0.210005 0.211644 0.203209 0.204188 0.205431 0.208596 0.205549 0.190024 0.181193 0.173294 0.175345 0.177337 0.175678 0.172926 0.168907 0.150267 0.144395 0.146218 0.146587 0.143699 0.143817 0.143111 0.140525 0.137915 0.134926 0.132044 0.129147 0.126094 0.123046 0.119316 0.114568 0.106082 0 0 0 0 0 0 0 0 0 0 0 0 0 0 0
-9999 -9999 -9999 -9999 -9999 0.160616 0.173376 0.174656 0.172821 0.166587 0.16783 0.18534 0.18863 0.198189 0.207538 0.207383 0.20473 0.200111 0.194774 0.186009 0.173169 0.163201 0.155842 0.170633 0.177178 0.180033 0.184016 0.191817 0.193126 0.184197 0.175655 0.179563 0.181558 0.191097 0.192026 0.188898 0.179058 0.16778 0.160929 0.164935 0.16343 0.16119 0.158386 0.147888 0.133967 0.139354 0.138977 0.137522 0.135005 0.133687 0.130741 0.12758 0.12462 0.121627 0.118724 0.11569 0.112677 0.108182 0.103231 0 0 0 0 0 0 0 0 0 0 0 0 0 0 0 0
-9999 -9999 -9999 -9999 -9999 -9999 -9999 -9999 -9999 -9999 0.159461 0.162325 0.175197 0.186125 0.19907 0.199583 0.19747 0.195053 0.186736 0.177506 0.176846 0.160509 0.151076 0.164612 0.168117 0.174161 0.176011 0.17803 0.173809 0.165688 0.154717 0.158975 0.168355 0.178407 0.177477 0.176938 0.171558 0.164086 0.14854 0.153131 0.151529 0.150112 0.147387 0.132496 0.125697 0.130721 0.126722 0.126554 0.127108 0.123997 0.120719 0.117453 0.114285 0.111142 0.108208 0.105331 0.10238 0 0 0 0 0 0 0 0 0 0 0 0 0 0 0 0 0 0
-9999 -9999 -9999 -9999 -9999 -9999 -9999 -9999 -9999 -9999 0.138995 0.136566 0.164609 0.176556 0.188147 0.190629 0.188474 0.185464 0.181659 0.177027 0.16965 0.152864 0.142842 0.1545 0.157921 0.160949 0.15979 0.153317 0.151677 0.142538 0.136136 0.14567 0.154641 0.163299 0.16433 0.162951 0.161474 0.148425 0.137605 0.138162 0.138108 0.139337 0.129695 0.122076 0.121259 0.122225 0.121858 0.120245 0.11762 0.114544 0.110772 0.107263 0.103924 0.100612 0 0 0 0 0 0 0 0 0 0 0 0 0 0 0 0 0 0 0 0 0
