Test_Spring_2018/12_17/Prec/20171202_002.txt
ncols	170
nrows	115
xllcorner	350000.000000
yllcorner	4445000.000000
cellsize	1000.000000
nodata_value	-9999.000000
[rows 31 to 61 of 115, columns 70 to 139 of 170]
0.260037 0.257051 0.259175 0.269657 0.274587 0.277439 0.287843 0.294021 0.317719 0.323899 0.334552 0.34085 0.349518 0.361462 0.36828 0.386218 0.437139 0.426454 0.424044 0.440924 0.436272 0.426928 0.441431 0.47781 0.495829 0.522652 0.517636 0.533921 0.556283 -9999 -9999 -9999 -9999 -9999 -9999 -9999 -9999 -9999 -9999 -9999 -9999 -9999 -9999 -9999 -9999 -9999 -9999 -9999 -9999 -9999 -9999 -9999 -9999 -9999 -9999 -9999 -9999 -9999 -9999 -9999 -9999 -9999 -9999 -9999 -9999 -9999 -9999 -9999 -9999 -9999
0.262537 0.263545 0.268619 0.278711 0.276101 0.274286 0.301879 0.315632 0.321268 0.326105 0.334716 0.34849 0.355926 0.363196 0.368803 0.384191 0.421477 0.455294 0.441637 0.444166 0.458611 0.441204 0.455311 0.487026 0.530556 0.512618 0.522173 0.557516 0.592244 -9999 -9999 -9999 -9999 -9999 -9999 -9999 -9999 -9999 -9999 -9999 -9999 -9999 -9999 -9999 -9999 -9999 -9999 -9999 -9999 -9999 -9999 -9999 -9999 -9999 -9999 -9999 -9999 -9999 -9999 -9999 -9999 -9999 -9999 -9999 -9999 -9999 -9999 -9999 -9999 -9999
0.275974 0.27168 0.278955 0.285999 0.279419 0.284928 0.300865 0.315423 0.325469 0.32877 0.334883 0.343296 0.350866 0.358385 0.371526 0.388715 0.421082 0.459159 0.469976 0.455588 0.45761 0.457758 0.470652 0.486196 0.508874 0.496361 0.493685 0.513332 0.571771 0.602331 -9999 -9999 -9999 -9999 -9999 -9999 -9999 -9999 -9999 -9999 -9999 -9999 -9999 -9999 -9999 -9999 -9999 -9999 -9999 -9999 -9999 -9999 -9999 -9999 -9999 -9999 -9999 -9999 -9999 -9999 -9999 -9999 -9999 -9999 -9999 -9999 -9999 -9999 -9999 -9999
0.292591 0.281988 0.290522 0.306595 0.304561 0.304478 0.314867 0.338428 0.341911 0.332785 0.338093 0.343054 0.353034 0.361543 0.372903 0.389591 0.411768 0.437684 0.480567 0.458499 0.441779 0.444957 0.448759 0.460282 0.481864 0.469288 0.471679 0.519894 0.56888 0.588172 0.598064 -9999 -9999 -9999 -9999 -9999 -9999 -9999 -9999 -9999 -9999 -9999 -9999 -9999 -9999 -9999 -9999 -9999 -9999 -9999 -9999 -9999 -9999 -9999 -9999 -9999 -9999 -9999 -9999 -9999 -9999 -9999 -9999 -9999 -9999 -9999 -9999 -9999 -9999 -9999
-9999 0.294786 0.303084 0.321604 0.319501 0.31527 0.313383 0.331655 0.340798 0.341524 0.341961 0.346889 0.357111 0.37891 0.385015 0.389048 0.40457 0.433633 0.462493 0.471791 0.444664 0.438625 0.4428 0.438713 0.457115 0.452338 0.458178 0.494716 0.530889 0.565577 0.578446 0.600831 -9999 -9999 -9999 -9999 -9999 -9999 -9999 -9999 -9999 -9999 -9999 -9999 -9999 -9999 -9999 -9999 -9999 -9999 -9999 -9999 -9999 -9999 -9999 -9999 -9999 -9999 -9999 -9999 -9999 -9999 -9999 -9999 -9999 -9999 -9999 -9999 -9999 -9999
-9999 -9999 -9999 -9999 0.338474 0.336747 0.342975 0.343259 0.346764 0.346203 0.345592 0.350627 0.367065 0.376957 0.381078 0.392546 0.409951 0.421698 0.440671 0.46017 0.455772 0.432695 0.44605 0.430382 0.434165 0.433249 0.447644 0.508815 0.538119 0.566528 0.578118 0.59658 -9999 -9999 -9999 -9999 -9999 -9999 -9999 -9999 -9999 -9999 -9999 -9999 -9999 -9999 -9999 -9999 -9999 -9999 -9999 -9999 -9999 -9999 -9999 -9999 -9999 -9999 -9999 -9999 -9999 -9999 -9999 -9999 -9999 -9999 -9999 -9999 -9999 -9999
-9999 -9999 -9999 -9999 -9999 0.342194 0.350747 0.339101 0.352524 0.35421 0.3505 0.355302 0.364376 0.371935 0.380654 0.390511 0.404258 0.418783 0.436575 0.440044 0.425804 0.42742 0.432598 0.431808 0.425467 0.4297 0.474255 0.519899 0.540146 0.580631 0.597863 0.598841 0.611658 -9999 -9999 -9999 -9999 -9999 -9999 -9999 -9999 -9999 -9999 -9999 -9999 0.634509 -9999 -9999 -9999 -9999 -9999 -9999 -9999 -9999 -9999 -9999 -9999 -9999 -9999 -9999 -9999 -9999 -9999 -9999 -9999 -9999 0.812481 -9999 -9999 -9999
-9999 -9999 -9999 -9999 0.335576 0.346339 0.343867 0.33912 0.351067 0.359489 0.354785 0.359744 0.367712 0.375648 0.387706 0.393034 0.402021 0.417413 0.422096 0.418567 0.417698 0.41641 0.416169 0.419053 0.42402 0.430095 0.477237 0.495242 0.508356 0.538434 0.563934 0.581264 0.60628 0.626273 -9999 -9999 -9999 -9999 -9999 -9999 -9999 0.614057 0.622058 0.629903 0.634259 0.630895 0.650652 -9999 -9999 -9999 -9999 -9999 -9999 -9999 -9999 -9999 -9999 -9999 -9999 -9999 -9999 -9999 -9999 -9999 -9999 -9999 0.822545 0.834778 -9999 -9999
-9999 -9999 -9999 -9999 0.350338 0.344998 0.345721 0.34178 0.342463 0.359914 0.362236 0.364323 0.369863 0.378385 0.388459 0.391693 0.402964 0.409776 0.414834 0.409126 0.40892 0.412873 0.41754 0.42186 0.432111 0.43458 0.471301 0.483746 0.502152 0.520906 0.549037 0.582007 0.614242 0.640509 -9999 -9999 -9999 -9999 -9999 -9999 0.602418 0.597448 0.598395 0.622299 0.620382 0.620947 0.636172 0.681038 -9999 -9999 -9999 -9999 -9999 -9999 -9999 -9999 -9999 -9999 -9999 -9999 -9999 -9999 0.786489 0.799254 0.829776 0.841506 0.84552 0.854871 -9999 -9999
-9999 -9999 -9999 -9999 0.354093 0.347129 0.344932 0.344038 0.350086 0.357648 0.36559 0.369624 0.37512 0.380581 0.385695 0.396443 0.40226 0.415547 0.406218 0.40771 0.411264 0.422781 0.428155 0.447514 0.456622 0.488861 0.476168 0.490639 0.517572 0.550356 0.595878 0.595417 0.608697 0.631864 -9999 -9999 -9999 -9999 -9999 -9999 0.594814 0.589438 0.587681 0.596384 0.622895 0.616153 0.649806 0.678606 0.699682 0.709636 0.724677 0.758227 0.746366 0.760725 0.782095 0.791107 -9999 -9999 -9999 -9999 0.819434 0.815897 0.810062 0.810579 0.842939 0.861744 0.877729 0.880336 -9999 -9999
-9999 -9999 -9999 -9999 0.345924 0.344654 0.347982 0.355164 0.355886 0.364885 0.371869 0.376177 0.382196 0.387133 0.391339 0.397053 0.405406 0.406074 0.407721 0.411919 0.432979 0.457353 0.447187 0.461257 0.499773 0.496123 0.485331 0.501221 0.53309 0.569369 0.589026 0.585775 0.603249 0.61775 -9999 -9999 -9999 0.604868 0.589993 0.592293 0.592236 0.582475 0.57837 0.588326 0.595141 0.617304 0.651192 0.682115 0.715301 0.733006 0.733791 0.751158 0.760183 0.777155 0.800662 0.817856 0.82544 0.832789 0.839112 0.843805 0.843881 0.839904 0.834345 0.833197 0.856924 0.866958 0.869532 0.877374 -9999 -9999
-9999 -9999 -9999 -9999 0.353408 0.353501 0.355485 0.356586 0.363904 0.366006 0.37741 0.381916 0.38699 0.398236 0.397021 0.400854 0.404135 0.407738 0.411656 0.429426 0.453462 0.477417 0.488446 0.489995 0.508894 0.518708 0.507569 0.515826 0.527442 0.559797 0.565987 0.579571 0.605498 0.633124 -9999 -9999 0.633598 0.601186 0.579678 0.570924 0.572176 0.578659 0.571761 0.581569 0.577944 0.602904 0.652982 0.671499 0.717961 0.737135 0.761497 0.783672 0.805802 0.79973 0.817986 0.835989 0.847379 0.858178 0.865565 0.869056 0.870846 0.865211 0.857402 0.851898 0.866894 0.867736 0.878821 0.898569 -9999 -9999
-9999 -9999 -9999 -9999 0.3538 0.353516 0.352919 0.360043 0.362171 0.371847 0.388969 0.387003 0.392317 0.40191 0.40928 0.406475 0.409068 0.41116 0.413031 0.429398 0.447991 0.47616 0.493514 0.509618 0.517653 0.538805 0.533786 0.538098 0.543101 0.541688 0.55201 0.574426 0.591136 0.619612 0.636223 -9999 0.628138 0.613729 0.587203 0.566284 0.555881 0.568323 0.559649 0.568086 0.576054 0.600026 0.642759 0.68147 0.70665 0.734372 0.749112 0.784011 0.814241 0.834754 0.837173 0.855998 0.871464 0.883616 0.89148 0.894588 0.893377 0.887965 0.879472 0.86952 0.86845 0.875782 0.89011 0.911675 -9999 -9999
-9999 -9999 -9999 0.367143 0.355258 0.350022 0.353592 0.35895 0.364899 0.371711 0.384187 0.390275 0.395324 0.403121 0.419225 0.421384 0.421312 0.415669 0.416443 0.417614 0.42728 0.461303 0.476921 0.488989 0.511081 0.536758 0.53397 0.517315 0.520117 0.534271 0.549537 0.573684 0.586118 0.604429 0.638293 0.634473 0.617856 0.606018 0.588052 0.561369 0.545394 0.543136 0.549206 0.55692 0.569232 0.60692 0.645059 0.673568 0.706699 0.735953 0.765273 0.787792 0.820252 0.849858 0.869362 0.876365 0.89344 0.906501 0.914691 0.917625 0.915661 0.909414 0.899061 0.885994 0.879235 0.881334 0.919508 0.923527 -9999 -9999
-9999 -9999 -9999 -9999 0.359953 0.362774 0.370522 0.377444 0.381654 0.384942 0.390968 0.397672 0.399641 0.406337 0.421924 0.436845 0.428503 0.425333 0.421152 0.420446 0.420808 0.448743 0.462679 0.47349 0.494368 0.501734 0.496117 0.497481 0.503861 0.532043 0.559776 0.594803 0.622891 0.623397 0.637641 0.627323 0.615695 0.587808 0.569181 0.563683 0.562458 0.539424 0.542915 0.561395 0.571996 0.603886 0.638115 0.673028 0.69969 0.730922 0.762494 0.816369 0.834703 0.863254 0.876422 0.903348 0.911704 0.925612 0.934067 0.937196 0.934774 0.927506 0.91592 0.907215 0.897927 0.894726 0.935107 0.933664 -9999 -9999
-9999 -9999 -9999 -9999 -9999 -9999 0.377473 0.382952 0.390212 0.395264 0.395047 0.398998 0.403418 0.409253 0.418619 0.434343 0.439289 0.437928 0.449234 0.437681 0.424476 0.423206 0.423144 0.447385 0.47231 0.46115 0.466806 0.488007 0.505014 0.521604 0.553731 0.580553 0.612565 0.635916 0.635299 0.60658 0.582293 0.553653 0.541731 0.550801 0.547402 0.543967 0.53909 0.546496 0.567529 0.601062 0.635279 0.675945 0.694648 0.725882 0.764812 0.803502 0.84332 0.867669 0.893734 0.907687 0.925437 0.939803 0.948736 0.95175 0.949066 0.941192 0.934848 0.922124 0.90786 0.893391 0.934704 0.949223 -9999 -9999
-9999 -9999 -9999 -9999 -9999 -9999 0.389411 0.396875 0.399963 0.391538 0.397016 0.401275 0.408664 0.412942 0.420967 0.434685 0.447391 0.458063 0.470696 0.462383 0.441451 0.428215 0.425081 0.445961 0.445462 0.451355 0.461718 0.488802 0.509166 0.520551 0.55138 0.580767 0.601754 0.630439 0.615916 0.599911 0.580071 0.548428 0.528009 0.522069 0.534546 0.533645 0.526425 0.542268 0.572555 0.595077 0.634958 0.681049 0.695477 0.72399 0.762432 0.796461 0.840606 0.87031 0.89509 0.91624 0.934084 0.948915 0.957968 0.961003 0.958062 0.952275 0.942075 0.929014 0.914565 0.899713 0.921047 0.956588 -9999 -9999
-9999 -9999 -9999 -9999 -9999 -9999 -9999 0.41053 0.404274 0.389701 0.398753 0.407473 0.409539 0.415142 0.424834 0.432497 0.447329 0.46559 0.499029 0.489449 0.470007 0.442345 0.426857 0.426899 0.445538 0.460062 0.493409 0.522885 0.527919 0.533935 0.556737 0.580244 0.603687 0.588469 0.571483 0.552859 0.542342 0.543532 0.525983 0.513877 0.525209 0.522162 0.520847 0.543113 0.566627 0.593186 0.634375 0.664739 0.696034 0.720019 0.761725 0.79298 0.835855 0.868656 0.896059 0.919206 0.937316 0.95208 0.961141 0.963966 0.961925 0.955112 0.945048 0.932429 0.918287 0.903731 0.892557 0.898599 0.905692 -9999
-9999 -9999 -9999 -9999 -9999 -9999 -9999 0.426702 0.428566 0.409187 0.415195 0.410149 0.410255 0.415827 0.428805 0.436076 0.457842 0.464793 0.495577 0.509061 0.495591 0.498354 0.460893 0.427634 0.445777 0.510617 0.535164 0.553222 0.550641 0.552077 0.559289 0.596696 0.605366 0.574474 0.554232 0.538035 0.525499 0.523002 0.523389 0.503343 0.505475 0.506779 0.520609 0.535929 0.56702 0.597385 0.624801 0.661555 0.694569 0.717916 0.762444 0.788434 0.832095 0.866897 0.896296 0.915747 0.935105 0.949447 0.959253 0.962031 0.960179 0.954076 0.94425 0.932291 0.919139 0.905146 0.891809 0.86771 0.872555 0.867913
-9999 -9999 -9999 -9999 -9999 -9999 -9999 -9999 0.456202 0.424948 0.421185 0.41898 0.411873 0.41586 0.424676 0.435902 0.457359 0.475295 0.502881 0.533527 0.54998 0.497855 0.452155 0.427518 0.442371 0.496507 0.518853 0.521425 0.510755 0.522628 0.53176 0.561458 0.568779 0.578609 0.571079 0.550195 0.534686 0.517363 0.506107 0.507849 0.505861 0.509642 0.521359 0.535689 0.556321 0.580186 0.624135 0.645424 0.682749 0.711813 0.747501 0.783334 0.826631 0.863881 0.887665 0.908219 0.927058 0.94473 0.952576 0.955365 0.953814 0.948713 0.940336 0.929441 0.917226 0.904693 0.892213 0.864801 0.854564 0.855092
-9999 -9999 -9999 -9999 -9999 -9999 -9999 -9999 0.476511 0.444905 0.440002 0.421936 0.418849 0.415139 0.420003 0.429605 0.446375 0.469533 0.487976 0.522524 0.557792 0.503819 0.456386 0.429346 0.426613 0.486319 0.475431 0.486946 0.484535 0.504305 0.513257 0.524005 0.53718 0.551228 0.56748 0.579742 0.540842 0.521058 0.506586 0.502395 0.504017 0.510759 0.524613 0.540786 0.575922 0.585199 0.617969 0.646797 0.677723 0.709356 0.742505 0.776157 0.817153 0.846821 0.877693 0.901424 0.92233 0.934449 0.941979 0.945145 0.944317 0.940005 0.933102 0.934537 0.913502 0.902478 0.891576 0.864737 0.853773 0.844935
-9999 -9999 -9999 -9999 -9999 -9999 -9999 -9999 0.533359 0.482609 0.454576 0.435856 0.416611 0.415895 0.417751 0.429446 0.43793 0.454857 0.470031 0.492637 0.52626 0.546059 0.50574 0.446312 0.4262 0.44402 0.446723 0.459748 0.471712 0.47461 0.47533 0.492627 0.512675 0.535541 0.550258 0.557037 0.528497 0.524859 0.52845 0.501475 0.507333 0.517781 0.54121 0.570626 0.586954 0.61166 0.636442 0.672036 0.690885 0.712238 0.739173 0.769382 0.808627 0.84349 0.868193 0.893727 0.909525 0.921366 0.928983 0.932486 0.932354 0.929354 0.923822 0.91636 0.922892 0.916082 0.890055 0.863908 0.854205 0.846228
-9999 -9999 -9999 -9999 -9999 -9999 -9999 -9999 0.535597 0.50147 0.465612 0.440618 0.421463 0.420277 0.415718 0.420283 0.42903 0.443935 0.461493 0.480211 0.509159 0.530034 0.501936 0.463432 0.434579 0.4424 0.446253 0.448378 0.45255 0.457741 0.462229 0.47011 0.483275 0.516065 0.527827 0.545415 0.514612 0.512108 0.519206 0.507785 0.514709 0.546671 0.575968 0.592429 0.601106 0.632225 0.665176 0.688738 0.707153 0.714412 0.753982 0.780996 0.809044 0.832613 0.862727 0.880699 0.895618 0.906885 0.914545 0.918441 0.919085 0.917362 0.913344 0.907809 0.901735 0.91322 0.907739 0.882642 0.854691 0.847615
-9999 -9999 -9999 -9999 -9999 -9999 -9999 -9999 0.534795 0.516165 0.484011 0.445876 0.424584 0.418163 0.413889 0.416577 0.426367 0.434335 0.445565 0.462195 0.473024 0.492026 0.518316 0.470679 0.456627 0.462737 0.46105 0.449234 0.451081 0.458753 0.475148 0.469602 0.485639 0.50314 0.509105 0.519161 0.502959 0.504705 0.50813 0.513538 0.539617 0.575566 0.608423 0.606166 0.625524 0.640638 0.69279 0.701945 0.713096 0.735063 0.759623 0.792871 0.804672 0.835577 0.852868 0.868331 0.881322 0.892323 0.899623 0.904186 0.905868 0.905186 0.90279 0.899042 0.894637 0.889959 0.906295 0.881444 0.875628 0.888084
-9999 -9999 -9999 -9999 -9999 -9999 -9999 -9999 -9999 0.536678 0.486909 0.448742 0.429102 0.417755 0.413496 0.416041 0.421856 0.427635 0.434865 0.447004 0.461822 0.485185 0.502101 0.489571 0.476134 0.495245 0.487126 0.461593 0.453874 0.468442 0.50783 0.506134 0.486066 0.48746 0.49041 0.493833 0.499409 0.504269 0.512938 0.531508 0.57987 0.596152 0.623454 0.634853 0.658921 0.663112 0.699587 0.703364 0.719021 0.740451 0.782541 0.814486 0.831769 0.84372 0.862907 0.873282 0.867914 0.878132 0.885597 0.890669 0.893118 0.893605 0.892623 0.905673 0.90383 0.901596 0.924406 0.89838 0.895152 0.891338
-9999 -9999 -9999 -9999 -9999 -9999 -9999 -9999 -9999 0.538502 0.495163 0.448842 0.436436 0.423547 0.412331 0.414278 0.422138 0.429129 0.435766 0.44277 0.460998 0.478347 0.494659 0.499434 0.494963 0.518551 0.504591 0.470801 0.465351 0.469716 0.528333 0.541116 0.514341 0.492165 0.492042 0.496263 0.526758 0.52409 0.543397 0.5693 0.581885 0.599522 0.629039 0.632611 0.661219 0.672098 0.707205 0.717356 0.734021 0.743748 0.781506 0.815134 0.833005 0.841491 0.85793 0.861807 0.870243 0.879149 0.886536 0.891891 0.895523 0.89748 0.898481 0.898648 0.898271 0.897844 0.897951 0.9276 0.919643 0.915838
-9999 -9999 -9999 -9999 -9999 -9999 -9999 -9999 -9999 0.532351 0.5032 0.462111 0.432264 0.433163 0.419493 0.413157 0.421435 0.430071 0.438415 0.441947 0.461908 0.483553 0.50071 0.521017 0.516543 0.500356 0.501398 0.479795 0.476889 0.482859 0.527507 0.520611 0.50308 0.494773 0.493952 0.498907 0.508098 0.515422 0.531227 0.541863 0.564433 0.597219 0.617097 0.623275 0.662877 0.676905 0.684922 0.729912 0.733575 0.746353 0.786735 0.822729 0.823785 0.832095 0.839849 0.84991 0.860249 0.867782 0.875613 0.881512 0.885905 0.889097 0.89119 0.892862 0.893921 0.896472 0.89985 0.918807 0.927961 0.923669
-9999 -9999 -9999 -9999 -9999 -9999 -9999 -9999 -9999 0.526359 0.500068 0.464529 0.44386 0.442281 0.426583 0.412437 0.41559 0.424448 0.427378 0.435719 0.452638 0.471052 0.490992 0.500131 0.52224 0.498435 0.506872 0.488483 0.480413 0.522849 0.531734 0.520233 0.509023 0.50593 0.495218 0.498268 0.506057 0.528786 0.542893 0.545192 0.556413 0.571936 0.598764 0.611348 0.635474 0.654937 0.67561 0.723611 0.733879 0.752303 0.790604 0.802521 0.810965 0.821244 0.830577 0.84238 0.851497 0.858163 0.866037 0.872537 0.8778 0.881839 0.885244 0.888612 0.89134 0.8973 0.906382 0.921963 0.948854 0.93082
-9999 -9999 -9999 -9999 -9999 -9999 -9999 -9999 -9999 0.531472 0.502915 0.472676 0.461488 0.461505 0.43103 0.412755 0.413937 0.418515 0.423342 0.443704 0.442258 0.445765 0.46363 0.489821 0.518548 0.514543 0.520917 0.498544 0.490728 0.54379 0.55373 0.548913 0.530981 0.515464 0.499592 0.497998 0.507124 0.540419 0.576397 0.568529 0.560849 0.569737 0.584396 0.611441 0.629461 0.648433 0.675494 0.720961 0.743862 0.75683 0.788552 0.79963 0.806114 0.813186 0.83078 0.841755 0.844866 0.849986 0.85822 0.865223 0.870985 0.876021 0.88043 0.885727 0.890685 0.896624 0.919119 0.933961 0.928793 0.936593
-9999 -9999 -9999 -9999 -9999 -9999 -9999 -9999 -9999 0.541657 0.521531 0.492465 0.482101 0.463777 0.434873 0.421205 0.415027 0.415875 0.419126 0.428187 0.433295 0.443401 0.461893 0.487291 0.515474 0.533236 0.521956 0.515968 0.529447 0.559902 0.572382 0.5594 0.539968 0.510828 0.49553 0.49621 0.50159 0.512106 0.539968 0.573529 0.581118 0.576501 0.598131 0.622983 0.628765 0.644444 0.671029 0.695564 0.735553 0.774371 0.791543 0.803777 0.808132 0.805676 0.817133 0.830286 0.834115 0.84368 0.852174 0.859403 0.865905 0.871609 0.876776 0.882644 0.889934 0.906964 0.922136 0.941735 0.947174 0.934195
-9999 -9999 -9999 -9999 -9999 -9999 -9999 -9999 -9999 0.559286 0.534829 0.507549 0.481885 0.457416 0.436295 0.435801 0.424718 0.425278 0.419183 0.420816 0.42873 0.436966 0.452571 0.48529 0.51236 0.541856 0.531712 0.522273 0.548762 0.564262 0.592743 0.56483 0.534315 0.507226 0.493885 0.508988 0.500139 0.505716 0.519648 0.542401 0.575293 0.583978 0.613235 0.625914 0.629471 0.640772 0.657893 0.680344 0.716716 0.766387 0.787819 0.802997 0.80813 0.809471 0.80991 0.820243 0.828988 0.838943 0.84781 0.855469 0.862408 0.868901 0.875204 0.881894 0.897864 0.915739 0.92843 0.944139 0.949985 0.905488
