Test_Spring_2018/12_17/Prec/20171216_008.txt
ncols	170
nrows	115
xllcorner	350000.000000
yllcorner	4445000.000000
cellsize	1000.000000
nodata_value	-9999.000000
[rows 32 to 63 of 115, columns 72 to 143 of 170]
0.713312 0.709204 0.711314 0.712986 0.72349 0.702167 0.701757 0.698981 0.694229 0.686836 0.682476 0.678148 0.674624 0.666318 0.647309 0.630092 0.636312 0.634696 0.627345 0.635767 0.628821 0.613344 0.592192 0.60139 0.597242 0.556648 0.533858 -9999 -9999 -9999 -9999 -9999 -9999 -9999 -9999 -9999 -9999 -9999 -9999 -9999 -9999 -9999 -9999 -9999 -9999 -9999 -9999 -9999 -9999 -9999 -9999 -9999 -9999 -9999 -9999 -9999 -9999 -9999 -9999 -9999 -9999 -9999 -9999 -9999 -9999 -9999 -9999 -9999 -9999 -9999 -9999 -9999
0.71223 0.70965 0.713774 0.711956 0.716486 0.706231 0.703985 0.702127 0.698798 0.694243 0.690009 0.685711 0.678571 0.669373 0.652656 0.633083 0.626861 0.632984 0.631002 0.629903 0.622505 0.613777 0.60153 0.606584 0.606836 0.57584 0.536245 0.520283 -9999 -9999 -9999 -9999 -9999 -9999 -9999 -9999 -9999 -9999 -9999 -9999 -9999 -9999 -9999 -9999 -9999 -9999 -9999 -9999 -9999 -9999 -9999 -9999 -9999 -9999 -9999 -9999 -9999 -9999 -9999 -9999 -9999 -9999 -9999 -9999 -9999 -9999 -9999 -9999 -9999 -9999 -9999 -9999
0.710729 0.703736 0.705691 0.70674 0.699138 0.702064 0.700344 0.704782 0.702064 0.69943 0.69422 0.689601 0.683429 0.67447 0.662629 0.648756 0.626343 0.635641 0.642105 0.638588 0.634572 0.626584 0.613495 0.617061 0.613173 0.562089 0.530985 0.517483 0.508695 -9999 -9999 -9999 -9999 -9999 -9999 -9999 -9999 -9999 -9999 -9999 -9999 -9999 -9999 -9999 -9999 -9999 -9999 -9999 -9999 -9999 -9999 -9999 -9999 -9999 -9999 -9999 -9999 -9999 -9999 -9999 -9999 -9999 -9999 -9999 -9999 -9999 -9999 -9999 -9999 -9999 -9999 -9999
0.708864 0.700679 0.702731 0.705945 0.692877 0.697864 0.705428 0.70525 0.705181 0.702827 0.697743 0.686792 0.683326 0.680603 0.671919 0.656232 0.640274 0.633549 0.644342 0.644397 0.639075 0.637477 0.62452 0.62268 0.61539 0.586813 0.546513 0.519011 0.506922 0.490302 -9999 -9999 -9999 -9999 -9999 -9999 -9999 -9999 -9999 -9999 -9999 -9999 -9999 -9999 -9999 -9999 -9999 -9999 -9999 -9999 -9999 -9999 -9999 -9999 -9999 -9999 -9999 -9999 -9999 -9999 -9999 -9999 -9999 -9999 -9999 -9999 -9999 -9999 -9999 -9999 -9999 -9999
-9999 -9999 0.697819 0.685347 0.684954 0.696224 0.707083 0.707813 0.708567 0.706479 0.698644 0.6938 0.691486 0.685175 0.67549 0.668075 0.656559 0.644215 0.643042 0.650488 0.639494 0.642257 0.634992 0.629613 0.616335 0.575628 0.5359 0.509186 0.495839 0.479313 -9999 -9999 -9999 -9999 -9999 -9999 -9999 -9999 -9999 -9999 -9999 -9999 -9999 -9999 -9999 -9999 -9999 -9999 -9999 -9999 -9999 -9999 -9999 -9999 -9999 -9999 -9999 -9999 -9999 -9999 -9999 -9999 -9999 -9999 -9999 -9999 -9999 -9999 -9999 -9999 -9999 -9999
-9999 -9999 -9999 0.686987 0.68576 0.69231 0.708836 0.708797 0.711449 0.709866 0.706028 0.702664 0.698343 0.692959 0.685059 0.676091 0.664772 0.659717 0.662584 0.656895 0.648722 0.642789 0.638942 0.629308 0.593825 0.564208 0.545061 0.493136 0.475054 0.465227 0.449992 -9999 -9999 -9999 -9999 -9999 -9999 -9999 -9999 -9999 -9999 -9999 -9999 0.387989 -9999 -9999 -9999 -9999 -9999 -9999 -9999 -9999 -9999 -9999 -9999 -9999 -9999 -9999 -9999 -9999 -9999 -9999 -9999 -9999 0.169066 -9999 -9999 -9999 -9999 -9999 -9999 -9999
-9999 -9999 0.707818 0.69175 0.693745 0.697232 0.702366 0.71113 0.714721 0.713536 0.71071 0.707588 0.70197 0.699038 0.693546 0.68403 0.678822 0.676649 0.67216 0.666885 0.660145 0.650969 0.639933 0.627582 0.590569 0.570716 0.552907 0.510791 0.480799 0.460962 0.437898 0.418054 -9999 -9999 -9999 -9999 -9999 -9999 -9999 0.386403 0.382419 0.378834 0.377031 0.378886 0.369098 -9999 -9999 -9999 -9999 -9999 -9999 -9999 -9999 -9999 -9999 -9999 -9999 -9999 -9999 -9999 -9999 -9999 -9999 -9999 0.172595 0.157955 -9999 -9999 -9999 -9999 -9999 -9999
-9999 -9999 0.693564 0.69667 0.697321 0.700783 0.702436 0.715802 0.716472 0.717263 0.716196 0.713315 0.709122 0.707545 0.701093 0.695756 0.690097 0.688484 0.682906 0.674043 0.663634 0.652266 0.636929 0.624446 0.590492 0.571184 0.548491 0.52537 0.477343 0.447757 0.419241 0.394628 -9999 -9999 -9999 -9999 -9999 -9999 0.374455 0.377451 0.378378 0.368513 0.371504 0.373179 0.367361 0.333481 -9999 -9999 -9999 -9999 -9999 -9999 -9999 -9999 -9999 -9999 -9999 -9999 -9999 -9999 0.230784 0.217621 0.194848 0.180584 0.169573 0.155603 -9999 -9999 -9999 -9999 -9999 -9999
-9999 -9999 0.695664 0.699653 0.701986 0.704359 0.703937 0.714078 0.720202 0.720688 0.720303 0.719557 0.718356 0.71352 0.71001 0.701544 0.702768 0.697165 0.689013 0.675431 0.663406 0.643123 0.626582 0.594171 0.585689 0.563089 0.533809 0.501343 0.456493 0.428417 0.407251 0.382437 -9999 -9999 -9999 -9999 -9999 -9999 0.360063 0.364511 0.368252 0.367497 0.358246 0.365265 0.340153 0.328431 0.320031 0.316649 0.310385 0.282076 0.274384 0.26879 0.259576 0.256132 -9999 -9999 -9999 -9999 0.235818 0.232812 0.229633 0.222115 0.197883 0.179446 0.161757 0.129451 -9999 -9999 -9999 -9999 -9999 -9999
-9999 -9999 0.703308 0.704584 0.704465 0.703308 0.706111 0.716011 0.722371 0.723102 0.723099 0.723254 0.723104 0.721253 0.716866 0.71478 0.710569 0.703364 0.686107 0.665492 0.660194 0.640563 0.61028 0.591003 0.579358 0.553679 0.519488 0.482772 0.447918 0.420585 0.39536 0.36577 -9999 -9999 -9999 0.335391 0.339437 0.337342 0.338422 0.345894 0.351759 0.358123 0.360278 0.349707 0.332051 0.320868 0.308028 0.302264 0.304345 0.297889 0.270571 0.265076 0.256127 0.248367 0.246262 0.243439 0.240027 0.236101 0.232969 0.230289 0.226877 0.219913 0.200329 0.185442 0.173474 0.126877 -9999 -9999 -9999 -9999 -9999 -9999
-9999 -9999 0.715677 0.716584 0.717281 0.707444 0.707449 0.710785 0.718899 0.725866 0.727128 0.724975 0.728224 0.727916 0.726468 0.723162 0.717792 0.703583 0.68423 0.662889 0.645958 0.634614 0.609851 0.582989 0.570055 0.542791 0.503338 0.466951 0.443654 0.410861 0.372563 0.343247 -9999 -9999 0.309292 0.319371 0.326925 0.330879 0.332251 0.332928 0.341538 0.342771 0.350972 0.340092 0.316587 0.312601 0.302787 0.297672 0.287177 0.279452 0.261756 0.256833 0.251705 0.246251 0.243347 0.239739 0.236519 0.233664 0.229916 0.228018 0.225433 0.220111 0.203346 0.192453 0.160371 0.126119 -9999 -9999 -9999 -9999 -9999 -9999
-9999 -9999 0.718531 0.719754 0.721917 0.721078 0.723449 0.712721 0.718439 0.724481 0.730565 0.730046 0.72985 0.733471 0.732865 0.730586 0.726247 0.712462 0.695218 0.670939 0.649743 0.629637 0.608581 0.561209 0.543045 0.519481 0.49503 0.473472 0.440312 0.401133 0.372823 0.335704 0.312662 -9999 0.29532 0.296456 0.306749 0.317294 0.325297 0.32418 0.33496 0.338269 0.337463 0.333556 0.315534 0.301875 0.29517 0.2868 0.284461 0.279375 0.259452 0.254291 0.247787 0.243053 0.239155 0.235739 0.232945 0.230712 0.228626 0.226552 0.223999 0.220347 0.210786 0.183452 0.16314 0.127132 -9999 -9999 -9999 -9999 -9999 -9999
-9999 0.723796 0.719982 0.723808 0.724184 0.724568 0.725518 0.726819 0.733811 0.728246 0.731679 0.735689 0.731952 0.733796 0.735014 0.736855 0.73313 0.726619 0.713282 0.685359 0.666482 0.632446 0.601749 0.563622 0.542325 0.526966 0.501466 0.470125 0.438354 0.396912 0.362558 0.334102 0.297727 0.286736 0.28538 0.285209 0.291573 0.305519 0.317078 0.324199 0.328887 0.329635 0.332515 0.322716 0.308387 0.301643 0.292152 0.284127 0.275698 0.270309 0.251588 0.249644 0.245358 0.239212 0.235434 0.232335 0.229964 0.22819 0.22662 0.224873 0.222932 0.220317 0.203668 0.189147 0.157708 0.130577 -9999 -9999 -9999 -9999 -9999 -9999
-9999 -9999 0.719473 0.719504 0.718055 0.717967 0.720145 0.72363 0.733899 0.735533 0.73964 0.737607 0.736496 0.732657 0.738411 0.739344 0.738159 0.732443 0.723303 0.692053 0.668775 0.644382 0.612744 0.582026 0.560328 0.534279 0.505171 0.4651 0.425405 0.377045 0.339697 0.318098 0.288377 0.277897 0.273839 0.281566 0.288513 0.292529 0.297507 0.315653 0.319331 0.319811 0.324257 0.31833 0.30724 0.298313 0.292958 0.284908 0.276311 0.256443 0.246159 0.239737 0.240322 0.237063 0.232543 0.229661 0.227638 0.226067 0.224831 0.223502 0.221904 0.210626 0.202712 0.19044 0.155991 0.130955 -9999 -9999 -9999 -9999 -9999 -9999
-9999 -9999 -9999 -9999 0.716435 0.717267 0.718196 0.721114 0.734475 0.737779 0.741042 0.743433 0.743454 0.738626 0.738216 0.738511 0.72982 0.72638 0.723155 0.709675 0.6924 0.660335 0.621684 0.602604 0.573951 0.536719 0.500957 0.465178 0.421972 0.376502 0.336179 0.302479 0.283608 0.282246 0.280748 0.288909 0.292776 0.28998 0.296481 0.30393 0.314937 0.321043 0.321026 0.314989 0.30487 0.293841 0.293134 0.285831 0.274375 0.262726 0.243081 0.239522 0.234514 0.234573 0.231549 0.227792 0.225879 0.224578 0.223545 0.222454 0.214584 0.209712 0.203655 0.196332 0.160793 0.127499 -9999 -9999 -9999 -9999 -9999 -9999
-9999 -9999 -9999 -9999 0.711998 0.711952 0.715028 0.724675 0.735173 0.738418 0.740341 0.743648 0.744503 0.741418 0.737026 0.731562 0.721693 0.718613 0.717985 0.709944 0.693585 0.662449 0.63554 0.60718 0.575294 0.534253 0.495949 0.461879 0.418521 0.371159 0.335713 0.298973 0.286647 0.278872 0.277317 0.285715 0.293907 0.298766 0.296865 0.304364 0.316763 0.318996 0.314743 0.314471 0.302128 0.288868 0.290734 0.285271 0.274582 0.265765 0.244812 0.239192 0.235348 0.232339 0.229657 0.226797 0.2246 0.223409 0.222552 0.218925 0.215151 0.21025 0.20404 0.196621 0.170582 0.12676 -9999 -9999 -9999 -9999 -9999 -9999
-9999 -9999 -9999 -9999 -9999 0.706318 0.713911 0.726471 0.735062 0.73596 0.740353 0.742885 0.74283 0.742668 0.737325 0.728077 0.708101 0.705574 0.704078 0.702921 0.692366 0.671154 0.634524 0.601565 0.558037 0.515501 0.484454 0.452802 0.413235 0.368681 0.332044 0.316959 0.305965 0.299622 0.293625 0.286474 0.293104 0.300685 0.29969 0.308147 0.317533 0.316511 0.315522 0.313253 0.300391 0.294979 0.288733 0.285725 0.273698 0.266535 0.246585 0.239753 0.2349 0.23115 0.228526 0.225834 0.223907 0.222772 0.221154 0.218709 0.214924 0.20987 0.203575 0.196068 0.186046 0.156755 0.136439 -9999 -9999 -9999 -9999 -9999
-9999 -9999 -9999 -9999 -9999 0.699057 0.702411 0.717012 0.726876 0.734145 0.739095 0.741248 0.73922 0.737259 0.729392 0.725677 0.707106 0.69284 0.688408 0.672339 0.672657 0.667916 0.631671 0.574194 0.535236 0.498606 0.471654 0.442672 0.411253 0.360323 0.33151 0.32469 0.315817 0.308716 0.304019 0.298582 0.296468 0.308268 0.310569 0.316496 0.317994 0.319929 0.31479 0.310282 0.303889 0.295142 0.287935 0.285189 0.271773 0.267225 0.246805 0.23902 0.233203 0.231268 0.228014 0.225502 0.222639 0.221751 0.220225 0.217348 0.213691 0.208637 0.202232 0.194853 0.186296 0.172082 0.153205 0.139746 0.132649 -9999 -9999 -9999
-9999 -9999 -9999 -9999 -9999 -9999 0.688809 0.708739 0.72313 0.728401 0.736266 0.738569 0.734975 0.733093 0.724368 0.714915 0.697721 0.675647 0.655546 0.666716 0.671474 0.662998 0.628946 0.57746 0.540378 0.512218 0.49017 0.457056 0.425752 0.379538 0.352432 0.32658 0.31232 0.306354 0.304472 0.30707 0.310575 0.31132 0.317076 0.318126 0.319936 0.321602 0.320867 0.318879 0.303689 0.302069 0.292361 0.286496 0.27717 0.267565 0.246795 0.237573 0.234282 0.231577 0.228368 0.221941 0.221225 0.220282 0.218689 0.216164 0.211433 0.206411 0.2002 0.192817 0.184569 0.172447 0.161667 0.146257 0.128917 0.109746 -9999 -9999
-9999 -9999 -9999 -9999 -9999 -9999 0.678485 0.69794 0.712592 0.724901 0.732827 0.729846 0.731355 0.729467 0.722372 0.709855 0.696871 0.672833 0.645123 0.652782 0.661824 0.65536 0.634644 0.577831 0.558323 0.527088 0.502372 0.466835 0.43713 0.401516 0.372945 0.346313 0.318577 0.299988 0.309748 0.313722 0.318641 0.32182 0.325044 0.328124 0.324414 0.321875 0.313054 0.317331 0.306673 0.300661 0.293499 0.285852 0.277308 0.268343 0.247787 0.241832 0.234611 0.224178 0.221012 0.220249 0.219432 0.218234 0.216414 0.213819 0.210252 0.204469 0.197421 0.190252 0.182218 0.17043 0.160979 0.151028 0.139852 0.11807 0.101368 0
-9999 -9999 -9999 -9999 -9999 -9999 0.650046 0.678166 0.707958 0.719253 0.719807 0.723466 0.725392 0.721503 0.717657 0.707593 0.695867 0.67764 0.650982 0.628093 0.624014 0.633212 0.628057 0.593259 0.568631 0.538292 0.508222 0.482745 0.458891 0.421575 0.387424 0.358174 0.335895 0.320601 0.325811 0.32202 0.317852 0.33166 0.331926 0.332072 0.327469 0.314234 0.314459 0.305684 0.297801 0.287632 0.285663 0.282395 0.276285 0.268425 0.247507 0.227894 0.225028 0.220698 0.219423 0.218284 0.217117 0.21568 0.213685 0.210847 0.207217 0.2028 0.195189 0.188316 0.179506 0.168087 0.159185 0.149862 0.140476 0.129501 0.117817 0
-9999 -9999 -9999 -9999 -9999 -9999 0.652671 0.6823 0.701068 0.700482 0.712095 0.714802 0.718722 0.71727 0.71239 0.702646 0.689359 0.672974 0.648879 0.62605 0.624694 0.615414 0.608813 0.579297 0.564773 0.541602 0.517238 0.490011 0.465692 0.433934 0.408661 0.375547 0.356086 0.336391 0.343266 0.339081 0.332958 0.33852 0.337343 0.325756 0.316949 0.315506 0.310356 0.302612 0.289916 0.278751 0.276175 0.279075 0.250962 0.245291 0.229216 0.226654 0.220742 0.218972 0.217394 0.215985 0.214471 0.212772 0.210595 0.207587 0.2039 0.199409 0.193931 0.184897 0.177504 0.166118 0.157066 0.148464 0.139739 0.130745 0.118912 0.106281
-9999 -9999 -9999 -9999 -9999 -9999 0.65766 0.674575 0.690735 0.693697 0.705181 0.709253 0.711851 0.710229 0.70391 0.69688 0.686299 0.67086 0.655929 0.634614 0.607432 0.61447 0.589799 0.562996 0.542096 0.525633 0.50256 0.477214 0.455326 0.439203 0.412853 0.389628 0.374206 0.359093 0.35932 0.353195 0.348642 0.345344 0.33386 0.319186 0.307349 0.313748 0.310198 0.299927 0.276426 0.260687 0.261614 0.257489 0.24486 0.235219 0.225288 0.219323 0.217895 0.216482 0.215113 0.213287 0.211635 0.209557 0.207092 0.204058 0.200291 0.195833 0.19059 0.184623 0.17432 0.163386 0.155364 0.144476 0.136051 0.128093 0.120326 0.107261
-9999 -9999 -9999 -9999 -9999 -9999 -9999 0.669915 0.674189 0.692552 0.701859 0.706959 0.708197 0.705411 0.700004 0.693265 0.684161 0.67075 0.653968 0.630864 0.608835 0.599304 0.572825 0.540574 0.524606 0.516864 0.500471 0.473657 0.426871 0.408656 0.403721 0.390127 0.377765 0.367211 0.370345 0.362816 0.355465 0.345154 0.3219 0.302067 0.291054 0.288755 0.280966 0.272255 0.25546 0.258797 0.256661 0.251945 0.237211 0.213897 0.214568 0.215333 0.2119 0.211945 0.212397 0.210447 0.208433 0.206078 0.203474 0.200356 0.19661 0.191421 0.186189 0.180326 0.16931 0.158546 0.150216 0.142012 0.133307 0.127004 0.119866 0.105353
-9999 -9999 -9999 -9999 -9999 -9999 -9999 0.647787 0.667568 0.688911 0.693592 0.698367 0.701966 0.69849 0.691224 0.683221 0.673973 0.662922 0.644594 0.624877 0.603869 0.58683 0.572807 0.522651 0.511312 0.50943 0.49372 0.473662 0.415888 0.394497 0.394065 0.393036 0.382924 0.372466 0.350866 0.347267 0.334465 0.319883 0.313153 0.305085 0.292167 0.29284 0.281917 0.280293 0.250826 0.250282 0.246882 0.247136 0.233743 0.20795 0.207931 0.209598 0.206777 0.209371 0.208802 0.206941 0.20466 0.202154 0.199263 0.196006 0.192115 0.187648 0.182595 0.176853 0.170268 0.156801 0.136296 0.129269 0.124968 0.120658 0.111645 0.105506
-9999 -9999 -9999 -9999 -9999 -9999 -9999 0.649632 0.661501 0.679292 0.691535 0.68852 0.692342 0.692029 0.683771 0.674343 0.663852 0.654348 0.635272 0.613814 0.593019 0.569212 0.556264 0.547959 0.508196 0.501891 0.486485 0.467139 0.417042 0.406534 0.402594 0.395591 0.386455 0.376055 0.365125 0.356607 0.345327 0.337878 0.325732 0.309603 0.30073 0.299381 0.282286 0.278336 0.277817 0.24197 0.244302 0.242378 0.227001 0.201547 0.206525 0.207567 0.208356 0.207339 0.205382 0.203888 0.201251 0.198525 0.195496 0.192052 0.188213 0.183743 0.178845 0.172599 0.165443 0.150231 0.130605 0.124933 0.122799 0.120255 0.108828 0.10522
-9999 -9999 -9999 -9999 -9999 -9999 -9999 0.651881 0.661442 0.67558 0.682377 0.679653 0.683582 0.686288 0.679844 0.669754 0.661557 0.649533 0.63202 0.612443 0.59079 0.573177 0.548043 0.5445 0.500893 0.494295 0.482697 0.433075 0.414759 0.407491 0.401276 0.392382 0.388609 0.379473 0.369388 0.353289 0.342681 0.339035 0.332063 0.323931 0.311095 0.30601 0.295909 0.288663 0.281294 0.242394 0.24095 0.235694 0.223443 0.206353 0.207079 0.206549 0.206004 0.203648 0.201912 0.200597 0.197844 0.194894 0.191678 0.188223 0.184298 0.179686 0.174771 0.167742 0.158744 0.146205 0.119071 0.12119 0.12369 0.117892 0.107641 0.104096
-9999 -9999 -9999 -9999 -9999 -9999 -9999 0.649186 0.658995 0.669664 0.670945 0.666603 0.677005 0.681024 0.674934 0.666464 0.657007 0.638922 0.630462 0.618421 0.598166 0.572705 0.544982 0.532477 0.511356 0.485831 0.475069 0.420769 0.402758 0.392925 0.390618 0.388311 0.38743 0.380801 0.370159 0.348851 0.32737 0.328505 0.330531 0.325311 0.318063 0.30545 0.297909 0.290448 0.279471 0.254332 0.232444 0.229447 0.203626 0.202791 0.203981 0.204541 0.199486 0.197149 0.198066 0.197324 0.194341 0.191233 0.188011 0.184451 0.180551 0.175626 0.17035 0.164147 0.149437 0.138187 0.1202 0.118414 0.118714 0.106087 0.106797 0.103627
-9999 -9999 -9999 -9999 -9999 -9999 -9999 0.644511 0.649347 0.658632 0.658733 0.662668 0.671616 0.672761 0.669769 0.662723 0.653758 0.641079 0.629388 0.614226 0.593908 0.569189 0.542173 0.519478 0.510436 0.473577 0.447854 0.410148 0.391414 0.386041 0.384836 0.389505 0.388538 0.380907 0.372145 0.362002 0.344421 0.32506 0.319406 0.320617 0.309715 0.297934 0.296143 0.29002 0.27898 0.269298 0.232554 0.220053 0.197727 0.195968 0.197834 0.202708 0.200327 0.196627 0.196969 0.193914 0.190785 0.18767 0.184316 0.180784 0.176982 0.172351 0.166592 0.155673 0.145355 0.132607 0.126619 0.119954 0.116106 0.107222 0.105486 0.102171
-9999 -9999 -9999 -9999 -9999 -9999 -9999 0.636655 0.642818 0.650478 0.657402 0.66372 0.668272 0.662444 0.661446 0.654215 0.649612 0.640447 0.627334 0.613131 0.594344 0.566199 0.539945 0.511729 0.502386 0.49037 0.425251 0.404646 0.378266 0.380397 0.384754 0.388487 0.386589 0.371869 0.370074 0.362314 0.351525 0.337417 0.319269 0.313884 0.299172 0.293305 0.292528 0.288461 0.281951 0.273142 0.252079 0.219887 0.195247 0.191817 0.193054 0.195811 0.198606 0.196086 0.193861 0.190537 0.187235 0.184021 0.180669 0.17707 0.17313 0.168606 0.159169 0.14849 0.1401 0.130017 0.124619 0.126741 0.116014 0.106025 0.104174 0.101117
-9999 -9999 -9999 -9999 -9999 -9999 -9999 -9999 0.641508 0.649035 0.652898 0.648786 0.651706 0.650063 0.647084 0.640617 0.644674 0.63702 0.625452 0.611693 0.594236 0.570284 0.549434 0.522031 0.498235 0.457213 0.408111 0.399023 0.385382 0.379839 0.383726 0.389051 0.38129 0.362711 0.356273 0.351109 0.349086 0.3405 0.31785 0.303659 0.291023 0.290491 0.290162 0.285725 0.280135 0.273144 0.246567 0.196458 0.198865 0.199559 0.196402 0.196776 0.196154 0.193284 0.190355 0.186949 0.183641 0.180297 0.176756 0.173219 0.168883 0.163363 0.153456 0.134778 0.131289 0.125344 0.116262 0.118452 0.102019 0.103757 0.10288 0
-9999 -9999 -9999 -9999 -9999 -9999 -9999 -9999 0.636675 0.645978 0.641846 0.634054 0.620953 0.616414 0.630656 0.627536 0.631095 0.633561 0.623868 0.610232 0.593265 0.574478 0.550761 0.521493 0.495064 0.446762 0.433767 0.408027 0.398359 0.390913 0.388972 0.380418 0.360828 0.342694 0.340177 0.336216 0.341864 0.337945 0.329732 0.314003 0.296911 0.285322 0.286781 0.281932 0.27639 0.270338 0.25357 0.216956 0.199477 0.199113 0.197569 0.194831 0.193534 0.190306 0.186781 0.183422 0.179932 0.176444 0.172697 0.168881 0.163237 0.157002 0.143373 0.131229 0.122033 0.111246 0.121782 0.118219 0.109799 0.101606 0.100817 0
