Test_Spring_2018/12_17/Prec/20171213_020.txt
ncols	170
nrows	115
xllcorner	350000.000000
yllcorner	4445000.000000
cellsize	1000.000000
nodata_value	-9999.000000
[rows 34 to 67 of 115, columns 77 to 153 of 170]
0.636008 0.615184 0.609516 0.588173 0.568319 0.543916 0.522488 0.49909 0.470846 0.437509 0.400995 0.345997 0.366481 0.381568 0.374417 0.367042 0.351175 0.324027 0.336301 0.331503 0.28624 0.18371 0.163063 0.153166 -9999 -9999 -9999 -9999 -9999 -9999 -9999 -9999 -9999 -9999 -9999 -9999 -9999 -9999 -9999 -9999 -9999 -9999 -9999 -9999 -9999 -9999 -9999 -9999 -9999 -9999 -9999 -9999 -9999 -9999 -9999 -9999 -9999 -9999 -9999 -9999 -9999 -9999 -9999 -9999 -9999 -9999 -9999 -9999 -9999 -9999 -9999 -9999 -9999 -9999 -9999 -9999 -9999
0.653002 0.612665 0.595357 0.579302 0.559204 0.534276 0.49738 0.479867 0.466067 0.440339 0.400231 0.361408 0.345967 0.373129 0.376689 0.368993 0.371131 0.347668 0.350956 0.342105 0.320691 0.24599 0.184688 0.171167 0.146645 -9999 -9999 -9999 -9999 -9999 -9999 -9999 -9999 -9999 -9999 -9999 -9999 -9999 -9999 -9999 -9999 -9999 -9999 -9999 -9999 -9999 -9999 -9999 -9999 -9999 -9999 -9999 -9999 -9999 -9999 -9999 -9999 -9999 -9999 -9999 -9999 -9999 -9999 -9999 -9999 -9999 -9999 -9999 -9999 -9999 -9999 -9999 -9999 -9999 -9999 -9999 -9999
0.636345 0.601563 0.585045 0.569558 0.548775 0.516234 0.492646 0.477158 0.454685 0.426781 0.406659 0.379379 0.352476 0.353829 0.377264 0.359311 0.374994 0.368498 0.367449 0.348776 0.275886 0.233717 0.179141 0.166879 0.146615 -9999 -9999 -9999 -9999 -9999 -9999 -9999 -9999 -9999 -9999 -9999 -9999 -9999 -9999 -9999 -9999 -9999 -9999 -9999 -9999 -9999 -9999 -9999 -9999 -9999 -9999 -9999 -9999 -9999 -9999 -9999 -9999 -9999 -9999 -9999 -9999 -9999 -9999 -9999 -9999 -9999 -9999 -9999 -9999 -9999 -9999 -9999 -9999 -9999 -9999 -9999 -9999
0.643147 0.590267 0.570118 0.557236 0.535885 0.511111 0.489676 0.468558 0.44777 0.424083 0.400948 0.375341 0.367265 0.380397 0.375962 0.36787 0.366875 0.372334 0.36559 0.334238 0.258455 0.23528 0.158403 0.139429 0.138961 0.124791 -9999 -9999 -9999 -9999 -9999 -9999 -9999 -9999 -9999 -9999 -9999 -9999 0.146803 -9999 -9999 -9999 -9999 -9999 -9999 -9999 -9999 -9999 -9999 -9999 -9999 -9999 -9999 -9999 -9999 -9999 -9999 -9999 -9999 0 -9999 -9999 -9999 -9999 -9999 -9999 -9999 -9999 -9999 -9999 -9999 -9999 -9999 -9999 -9999 -9999 -9999
0.639027 0.599883 0.557563 0.544563 0.521937 0.497537 0.474996 0.44961 0.43384 0.415674 0.391813 0.381711 0.382256 0.380688 0.380269 0.379054 0.374417 0.367358 0.358837 0.302234 0.281802 0.266662 0.22389 0.173561 0.153977 0.125405 0.102556 -9999 -9999 -9999 -9999 -9999 -9999 -9999 0.135462 0.133107 0.13219 0.136532 0.150961 0.139986 -9999 -9999 -9999 -9999 -9999 -9999 -9999 -9999 -9999 -9999 -9999 -9999 -9999 -9999 -9999 -9999 -9999 -9999 -9999 0 0 -9999 -9999 -9999 -9999 -9999 -9999 -9999 -9999 -9999 -9999 -9999 -9999 -9999 -9999 -9999 -9999
0.631731 0.607919 0.549868 0.527255 0.506599 0.483909 0.459896 0.436291 0.422733 0.402047 0.38841 0.378465 0.382259 0.38077 0.375198 0.369173 0.363626 0.351106 0.347176 0.303891 0.289871 0.268508 0.246245 0.185819 0.147875 0.110543 0 -9999 -9999 -9999 -9999 -9999 -9999 0.135697 0.147696 0.154443 0.136395 0.149571 0.161419 0.157877 0.134172 -9999 -9999 -9999 -9999 -9999 -9999 -9999 -9999 -9999 -9999 -9999 -9999 -9999 -9999 0.139853 0.116214 0 0 0 0 -9999 -9999 -9999 -9999 -9999 -9999 -9999 -9999 -9999 -9999 -9999 -9999 -9999 -9999 -9999 -9999
0.624786 0.592629 0.546448 0.513777 0.489358 0.46549 0.444097 0.425645 0.403275 0.389013 0.368407 0.375709 0.372137 0.367337 0.354111 0.348263 0.326327 0.31585 0.277517 0.293067 0.276785 0.245494 0.206784 0.133079 0.127214 0.1111 0 -9999 -9999 -9999 -9999 -9999 -9999 0.135801 0.148891 0.159713 0.160446 0.142645 0.164905 0.154058 0.13935 0.134671 0.143619 0.147221 0.141569 0.152368 0.154239 0.146606 0.151134 -9999 -9999 -9999 -9999 0.145803 0.144613 0.143045 0.131769 0 0 0 0 -9999 -9999 -9999 -9999 -9999 -9999 -9999 -9999 -9999 -9999 -9999 -9999 -9999 -9999 -9999 -9999
0.607589 0.579122 0.529313 0.496257 0.467596 0.442547 0.421382 0.403839 0.387382 0.370618 0.365177 0.360762 0.355126 0.331339 0.304463 0.317512 0.302657 0.238631 0.263692 0.277376 0.259563 0.222475 0.179399 0.135579 0.1331 0.111541 0 -9999 -9999 -9999 0 0.115666 0.116136 0.121026 0.138976 0.152491 0.162865 0.169384 0.163276 0.151199 0.136843 0.121277 0.124511 0.147768 0.152061 0.155517 0.157595 0.150453 0.151528 0.156542 0.158336 0.157358 0.154049 0.151857 0.150425 0.147454 0.136787 0 0 0 0 -9999 -9999 -9999 -9999 -9999 -9999 -9999 -9999 -9999 -9999 -9999 -9999 -9999 -9999 -9999 -9999
0.594571 0.557227 0.52703 0.476335 0.449058 0.423743 0.394347 0.382449 0.367985 0.357283 0.349074 0.342953 0.322843 0.296869 0.271726 0.261618 0.244666 0.224047 0.232426 0.246772 0.237956 0.212003 0.173227 0.163705 0.129124 0 0 -9999 -9999 0 0 0.118677 0.131596 0.135004 0.134632 0.152041 0.152788 0.171545 0.161835 0.132135 0.133543 0.122037 0.126855 0.13423 0.135013 0.146635 0.157587 0.158311 0.156741 0.159419 0.158732 0.15738 0.15563 0.150985 0.15038 0.148428 0.140847 0.107711 0 0 0 -9999 -9999 -9999 -9999 -9999 -9999 -9999 -9999 -9999 -9999 -9999 -9999 -9999 -9999 -9999 -9999
0.577303 0.545053 0.511321 0.452528 0.430243 0.404371 0.375919 0.353612 0.346639 0.337004 0.331172 0.328345 0.311 0.292546 0.263845 0.247683 0.217044 0.209508 0.194392 0.201319 0.196538 0.189931 0.189672 0.174465 0.130118 0.108745 0 0 -9999 0 0 0.101217 0.127766 0.144475 0.13749 0.157523 0.160814 0.168408 0.160522 0.141171 0.1329 0.130764 0.127104 0.139318 0.147005 0.152036 0.154768 0.158644 0.158502 0.158419 0.157548 0.156396 0.155178 0.153435 0.151453 0.148703 0.144315 0.127526 0.107254 0 0 -9999 -9999 -9999 -9999 -9999 -9999 -9999 -9999 -9999 -9999 -9999 -9999 -9999 -9999 -9999 -9999
0.574495 0.535699 0.497336 0.444216 0.415091 0.386932 0.361169 0.328351 0.315593 0.309312 0.313004 0.312351 0.313568 0.306575 0.272367 0.246985 0.228698 0.204362 0.192521 0.197134 0.216507 0.212327 0.19392 0.173118 0.127654 0.109539 0 0 0 0 0 0 0.124666 0.147608 0.157633 0.161196 0.166196 0.169735 0.159164 0.146628 0.141378 0.132784 0.130213 0.128655 0.13541 0.140443 0.153402 0.156771 0.157568 0.157329 0.156596 0.155681 0.154682 0.153245 0.15115 0.149051 0.146465 0.140845 0.117571 0 0 -9999 -9999 -9999 -9999 -9999 -9999 -9999 -9999 -9999 -9999 -9999 -9999 -9999 -9999 -9999 -9999
0.549399 0.510769 0.474748 0.42798 0.394355 0.369767 0.344461 0.313255 0.285807 0.289314 0.290738 0.296579 0.300913 0.305648 0.266403 0.253098 0.242847 0.220245 0.229044 0.237106 0.235835 0.227453 0.192699 0.157211 0 0 0 0 0 0 0 0.106253 0.114268 0.120048 0.153966 0.16049 0.162748 0.170756 0.157874 0.151542 0.141107 0.142304 0.13997 0.138446 0.111863 0.135489 0.135457 0.150363 0.156354 0.15674 0.155949 0.155173 0.153904 0.152485 0.150647 0.148719 0.144832 0.140054 0.123301 0 0 -9999 -9999 -9999 -9999 -9999 -9999 -9999 -9999 -9999 -9999 -9999 -9999 -9999 -9999 -9999 -9999
0.539527 0.496064 0.456792 0.416473 0.385209 0.357204 0.331755 0.306678 0.27946 0.267953 0.267747 0.256404 0.272416 0.287205 0.292014 0.295191 0.269827 0.256672 0.272552 0.26779 0.243751 0.22308 0.201463 0.160658 0.112704 0 0 0 0 0 0.119225 0.132005 0.122923 0.130967 0.146365 0.164985 0.173606 0.170604 0.157084 0.152124 0.136804 0.149013 0.148661 0.140753 0.133714 0.134484 0.141111 0.142826 0.154334 0.156229 0.155616 0.154536 0.153317 0.151809 0.150012 0.146497 0.143301 0.139532 0.134858 0 0 -9999 -9999 -9999 -9999 -9999 -9999 -9999 -9999 -9999 -9999 -9999 -9999 -9999 -9999 -9999 -9999
0.520375 0.481026 0.456629 0.409462 0.377501 0.345845 0.322054 0.298496 0.272983 0.253136 0.239378 0.225435 0.237493 0.264895 0.283682 0.290566 0.269182 0.284973 0.281344 0.271199 0.240376 0.215778 0.200031 0.160573 0.109878 0 0 0 0 0 0.121702 0.143963 0.152663 0.143283 0.153327 0.174861 0.174211 0.161198 0.161132 0.150561 0.130138 0.14848 0.152547 0.146533 0.146191 0.143129 0.144729 0.148896 0.152921 0.155268 0.154637 0.153567 0.152228 0.150806 0.148567 0.145763 0.142669 0.13882 0.134294 0 0 -9999 -9999 -9999 -9999 -9999 -9999 -9999 -9999 -9999 -9999 -9999 -9999 -9999 -9999 -9999 -9999
0.501942 0.47339 0.456156 0.405034 0.368113 0.342735 0.317572 0.292233 0.273783 0.251454 0.22899 0.191589 0.205111 0.230784 0.266089 0.287084 0.289533 0.283185 0.269545 0.232907 0.199258 0.192209 0.182597 0.152356 0.108533 0 0 0.105896 0.122512 0.130332 0.12584 0.144688 0.16004 0.15201 0.164508 0.179313 0.17142 0.166407 0.162008 0.150285 0.148363 0.147804 0.157558 0.148275 0.151578 0.150339 0.148697 0.150084 0.15197 0.154088 0.153543 0.152448 0.151292 0.149381 0.147484 0.144725 0.141399 0.137522 0.132989 0.124487 0 0 -9999 -9999 -9999 -9999 -9999 -9999 -9999 -9999 -9999 -9999 -9999 -9999 -9999 -9999 -9999
0.48099 0.443926 0.433025 0.385998 0.365561 0.342998 0.318304 0.289471 0.27078 0.239972 0.23067 0.195896 0.183045 0.20154 0.201561 0.247457 0.287833 0.282008 0.2103 0.18356 0.162893 0.164542 0.160232 0.14803 0 0 0.106417 0.125252 0.139426 0.149878 0.150493 0.148717 0.173449 0.175703 0.183157 0.180463 0.180397 0.166496 0.157514 0.1614 0.151858 0.149013 0.159148 0.14622 0.155108 0.152546 0.148087 0.146663 0.152309 0.152585 0.152235 0.150967 0.149558 0.147662 0.145424 0.143061 0.139808 0.135718 0.13149 0.126379 0.114922 0 0 0 -9999 -9999 -9999 -9999 -9999 -9999 -9999 -9999 -9999 -9999 -9999 -9999 -9999
-9999 0.411556 0.415744 0.380935 0.358361 0.345004 0.322812 0.292109 0.272198 0.243473 0.221205 0.189657 0.155764 0.140461 0.202934 0.257727 0.287684 0.285707 0.225862 0.201338 0.198277 0.209177 0.192978 0.178815 0.12778 0.11644 0.101642 0.106445 0.126172 0.143452 0.160267 0.172286 0.172255 0.179997 0.183551 0.183041 0.183706 0.181266 0.179063 0.163232 0.170508 0.161674 0.164113 0.160117 0.156393 0.153103 0.144555 0.148377 0.151696 0.151728 0.150193 0.149029 0.147771 0.145988 0.143499 0.140719 0.137554 0.133835 0.129411 0.124741 0.117876 0.110049 0 0 0 -9999 -9999 -9999 -9999 -9999 -9999 -9999 -9999 -9999 -9999 -9999 -9999
-9999 0.388225 0.394772 0.362571 0.3597 0.332682 0.318046 0.302293 0.284178 0.260533 0.231778 0.210109 0.171032 0.131663 0.195318 0.253663 0.285721 0.289115 0.23733 0.250588 0.237035 0.238403 0.213273 0.199633 0.170111 0.152564 0.133556 0.111106 0 0.140751 0.16117 0.177498 0.184683 0.188418 0.189926 0.18685 0.18266 0.162709 0.176189 0.172053 0.169181 0.166066 0.16379 0.160819 0.157605 0.155228 0.153499 0.14743 0.150553 0.148704 0.14798 0.147017 0.1456 0.14368 0.141347 0.138466 0.135261 0.13157 0.12729 0.122623 0.116033 0.110556 0.104355 0 0 0 0 0 -9999 -9999 -9999 -9999 -9999 -9999 -9999 -9999 -9999
-9999 0.323178 0.35401 0.335558 0.336595 0.334761 0.322668 0.310616 0.290026 0.275554 0.253388 0.234748 0.208569 0.170246 0.147884 0.195059 0.263066 0.289332 0.285944 0.283149 0.267609 0.252412 0.246806 0.242968 0.205527 0.179655 0.151335 0.141132 0.130079 0.160252 0.163049 0.159371 0.193211 0.192259 0.18935 0.175102 0.157808 0.159657 0.149265 0.152872 0.140361 0.149072 0.156391 0.158203 0.156478 0.153964 0.150592 0.149042 0.147692 0.146844 0.145764 0.14454 0.143103 0.141253 0.138717 0.135904 0.132996 0.128959 0.124667 0.120448 0.114051 0.108894 0.103131 0 0 0 0 0 0 -9999 -9999 -9999 -9999 -9999 -9999 -9999 -9999
-9999 0.306084 0.307169 0.326732 0.327198 0.334199 0.323306 0.318915 0.306468 0.291349 0.270921 0.248788 0.226221 0.192382 0.167926 0.199547 0.243712 0.275378 0.28431 0.283353 0.280055 0.273732 0.265041 0.257173 0.229476 0.213142 0.186206 0.170295 0.147922 0.181773 0.184245 0.177327 0.193823 0.191841 0.164052 0.142513 0.139025 0.148816 0.135786 0.12994 0.121048 0.127986 0.149042 0.138461 0.138466 0.147462 0.147986 0.146195 0.145531 0.14448 0.143359 0.141946 0.140492 0.138726 0.136166 0.133416 0.130334 0.12653 0.122218 0.117625 0.111022 0.106798 0.101562 0 0 0 0 0 0 0 -9999 -9999 -9999 -9999 -9999 -9999 -9999
-9999 0.310882 0.291708 0.309043 0.324631 0.335176 0.331001 0.326619 0.316321 0.299699 0.286693 0.271107 0.250113 0.236226 0.213084 0.18146 0.234475 0.24965 0.261043 0.261468 0.273726 0.269858 0.258935 0.223169 0.228902 0.224683 0.203146 0.194879 0.182207 0.200329 0.198868 0.196937 0.194617 0.170826 0.138289 0.112114 0.129199 0.124392 0.129497 0 0.116797 0.132344 0.136425 0.123604 0.113677 0.138963 0.139984 0.14149 0.14207 0.142043 0.140559 0.139461 0.137718 0.135778 0.133507 0.130736 0.127681 0.124156 0.120264 0.115412 0.109037 0.104039 0 0 0 0 0 0 0 0 0 -9999 -9999 -9999 -9999 -9999 -9999
-9999 -9999 0.271625 0.296366 0.324762 0.334031 0.335886 0.331603 0.321332 0.308904 0.297834 0.286106 0.269433 0.250078 0.221042 0.199342 0.211258 0.225147 0.222944 0.230945 0.258632 0.265586 0.246741 0.178481 0.198386 0.220991 0.218932 0.215224 0.211318 0.208628 0.204446 0.197193 0.180224 0.131017 0.118474 0 0 0 0.105738 0 0.113848 0.121747 0.123835 0.102384 0.105232 0.124893 0.132955 0.130188 0.13469 0.139083 0.137908 0.136571 0.134746 0.132938 0.130775 0.128167 0.124699 0.121255 0.117523 0.112364 0.106208 0 0 0 0 0 0 0 0 0 0 0 -9999 -9999 -9999 -9999 -9999
-9999 -9999 0.25299 0.28705 0.326292 0.328358 0.332727 0.336833 0.327336 0.312374 0.299513 0.287908 0.276475 0.252498 0.229669 0.207998 0.199434 0.201285 0.195737 0.209959 0.246774 0.250902 0.243691 0.172407 0.157681 0.188419 0.213994 0.214489 0.210413 0.176787 0.182132 0.163401 0.13856 0.130774 0.119209 0 0.105414 0 0 0 0 0.100166 0.113334 0 0 0.112012 0.122315 0.12127 0.132161 0.135134 0.134802 0.133483 0.131905 0.129954 0.127887 0.125233 0.122216 0.11884 0.114828 0.109739 0.100471 0 0 0 0 0 0 0 0 0 0 0 -9999 -9999 -9999 -9999 -9999
-9999 -9999 0.257341 0.276846 0.31149 0.334668 0.323953 0.331319 0.331496 0.315968 0.300927 0.286919 0.278931 0.252368 0.223992 0.200759 0.1738 0.175149 0.189794 0.212239 0.23466 0.235578 0.226339 0.171897 0.179919 0.200308 0.210344 0.212132 0.207778 0.199217 0.193663 0.179458 0.172523 0.153454 0.124442 0.112223 0.117818 0 0 0 0 0 0.103416 0 0 0.111825 0.120831 0.128528 0.131395 0.131613 0.132669 0.131032 0.129392 0.12746 0.125147 0.122629 0.119429 0.116043 0.110296 0.103145 0 0 0 0 0 0 0 0 0 0 0 0 -9999 -9999 -9999 -9999 -9999
-9999 -9999 0.260541 0.278378 0.307975 0.32165 0.314532 0.324708 0.334083 0.324448 0.308973 0.300861 0.286922 0.263362 0.238178 0.211225 0.196585 0.166919 0.189858 0.20401 0.222299 0.228777 0.175094 0.164792 0.178089 0.19131 0.195552 0.208991 0.207188 0.200645 0.177812 0.165935 0.168868 0.162996 0.153804 0.133393 0.131194 0.117611 0.111193 0.10505 0 0 0 0 0.107543 0.116655 0.122191 0.127082 0.127216 0.128404 0.130343 0.128873 0.127076 0.124965 0.122748 0.119986 0.11624 0.112431 0.104314 0 0 0 0 0 0 0 0 0 0 0 0 0 0 0 -9999 -9999 -9999
-9999 -9999 0.250146 0.272075 0.296825 0.300597 0.292391 0.320047 0.334453 0.327174 0.31654 0.306036 0.277971 0.275115 0.266616 0.241585 0.206888 0.169148 0.168878 0.183042 0.207688 0.213413 0.148146 0.136367 0.141799 0.16264 0.181141 0.200583 0.204266 0.196403 0.161685 0.12494 0.139774 0.155764 0.154242 0.14772 0.128665 0.121675 0.115218 0.100948 0 0 0 0 0.10299 0.113344 0.121674 0.116351 0.116913 0.124711 0.128396 0.12675 0.12487 0.122924 0.120506 0.117704 0.112982 0.107942 0.101236 0 0 0 0 0 0 0 0 0 0 0 0 0 0 0 0 0 0
-9999 -9999 0.23326 0.24687 0.271421 0.275186 0.288774 0.315154 0.324611 0.325955 0.319619 0.31081 0.295506 0.284817 0.268371 0.242206 0.207973 0.170385 0.144619 0.152098 0.183917 0.186813 0.125907 0.110781 0.125218 0.147475 0.181395 0.200032 0.201045 0.197506 0.189041 0.161757 0.129168 0.127778 0.14189 0.12742 0.110853 0.117774 0.114828 0.100699 0 0 0 0 0 0.10325 0.121967 0.123244 0.120994 0.127826 0.126454 0.124758 0.12307 0.120914 0.118538 0.115816 0.111505 0.104943 0 0 0 0 0 0 0 0 0 0 0 0 0 0 0 0 0 0 0
-9999 -9999 0.20736 0.227188 0.250753 0.272977 0.294337 0.312323 0.307032 0.314243 0.308333 0.310229 0.303316 0.28917 0.27456 0.25133 0.208251 0.171454 0.131677 0.137274 0.170337 0.135739 0.116283 0 0.113182 0.147647 0.178758 0.194776 0.178947 0.191581 0.188722 0.17747 0.157412 0.127139 0.126188 0.103181 0.100797 0.110427 0.112595 0.109333 0.100966 0 0 0 0 0 0.11079 0.124546 0.125435 0.126619 0.124916 0.123044 0.121254 0.119127 0.116505 0.11326 0.108891 0 0 0 0 0 0 0 0 0 0 0 0 0 0 0 0 0 0 0 0
-9999 -9999 -9999 0.218319 0.244178 0.26152 0.260447 0.276243 0.282041 0.285626 0.282214 0.304791 0.301603 0.291054 0.277286 0.256832 0.223118 0.198448 0.160028 0.131279 0.13209 0.100106 0.106922 0.102003 0.114576 0.147513 0.181993 0.18403 0.158972 0.160614 0.163744 0.17296 0.16584 0.125118 0.103701 0 0 0.106858 0.108407 0.107573 0.103763 0 0 0 0.10812 0.109325 0.118333 0.124526 0.124988 0.124858 0.123223 0.121501 0.119469 0.11685 0.114217 0.109789 0.102751 0 0 0 0 0 0 0 0 0 0 0 0 0 0 0 0 0 0 0 0
-9999 -9999 -9999 0.200287 0.2327 0.23339 0.225393 0.205092 0.20516 0.24976 0.254697 0.276438 0.297073 0.290958 0.277457 0.25809 0.236385 0.204968 0.162179 0.127312 0 0.104554 0.132206 0.136528 0.144604 0.163853 0.165808 0.14008 0.11592 0.126554 0.132306 0.159253 0.162852 0.15571 0.13058 0.1021 0 0.101709 0.102484 0.102041 0.1008 0 0 0.102931 0.111618 0.117144 0.119401 0.124495 0.124526 0.123328 0.122024 0.119986 0.117611 0.114388 0.110874 0.103074 0 0 0 0 0 0 0 0 0 0 0 0 0 0 0 0 0 0 0 0 0
-9999 -9999 -9999 -9999 -9999 -9999 -9999 -9999 0.197208 0.202822 0.235245 0.261464 0.292419 0.288308 0.276293 0.26292 0.232924 0.200244 0.191234 0.156507 0 0.109651 0.13101 0.145202 0.14864 0.153289 0.141349 0.119129 0 0.101791 0.128414 0.156903 0.155124 0.154537 0.140846 0.121812 0 0 0 0 0 0 0 0.102988 0.102008 0.111611 0.122986 0.123819 0.123561 0.122551 0.120921 0.118423 0.115581 0.112066 0.107676 0.101722 0 0 0 0 0 0 0 0 0 0 0 0 0 0 0 0 0 0 0 0 0
-9999 -9999 -9999 -9999 -9999 -9999 -9999 -9999 0.156269 0.148644 0.223903 0.253558 0.281084 0.282462 0.270211 0.254996 0.237236 0.217113 0.189599 0.112667 0 0.111789 0.125398 0.132208 0.12847 0.110927 0.107367 0 0 0 0.121074 0.145815 0.149192 0.145719 0.141974 0.106571 0 0 0 0 0 0 0 0.102599 0.112161 0.118477 0.121881 0.123612 0.122709 0.121565 0.119733 0.116713 0.113434 0.109821 0.105402 0.100722 0 0 0 0 0 0 0 0 0 0 0 0 0 0 0 0 0 0 0 0 0
-9999 -9999 -9999 -9999 -9999 -9999 -9999 -9999 -9999 0.122519 0.191033 0.236144 0.269446 0.276318 0.268439 0.256878 0.24041 0.219359 0.203111 0.130941 0 0 0 0.104083 0.102639 0 0 0 0 0 0.115519 0.137241 0.142329 0.116479 0.13419 0.127033 0.10442 0 0 0 0 0 0 0.100693 0.101034 0.11588 0.11423 0.123034 0.121988 0.12065 0.118523 0.115829 0.112287 0.108176 0.103256 0 0 0 0 0 0 0 0 0 0 0 0 0 0 0 0 0 0 0 0 0 -9999
-9999 -9999 -9999 -9999 -9999 -9999 -9999 -9999 -9999 0.125473 0.161973 0.221436 0.251919 0.269379 0.265193 0.255871 0.246359 0.230398 0.179587 0.138106 -9999 -9999 -9999 -9999 -9999 -9999 0 0 0.100047 0.106081 0.118683 0.134304 0.136632 0.115555 0 0.118365 0.111896 0.10312 0 0 0 0 0 0 0 0.102034 0.118262 0.122418 0.121132 0.119663 0.117321 0.114662 0.111576 0.106991 0.101772 0 0 0 0 0 0 0 0 0 0 0 0 0 0 0 0 0 0 0 0 -9999 -9999
