Test_Spring_2018/12_17/Prec/20171213_022.txt
ncols	170
nrows	115
xllcorner	350000.000000
yllcorner	4445000.000000
cellsize	1000.000000
nodata_value	-9999.000000
[rows 31 to 61 of 115, columns 70 to 139 of 170]
1.09988 1.09588 1.08796 1.07393 1.06346 1.04886 1.03402 1.0223 0.976558 0.967097 0.955055 0.946542 0.936932 0.925577 0.918222 0.903624 0.866665 0.87242 0.872717 0.85993 0.862141 0.867736 0.857053 0.831439 0.818589 0.799785 0.787421 0.772241 0.755797 -9999 -9999 -9999 -9999 -9999 -9999 -9999 -9999 -9999 -9999 -9999 -9999 -9999 -9999 -9999 -9999 -9999 -9999 -9999 -9999 -9999 -9999 -9999 -9999 -9999 -9999 -9999 -9999 -9999 -9999 -9999 -9999 -9999 -9999 -9999 -9999 -9999 -9999 -9999 -9999 -9999
1.08966 1.08324 1.07367 1.06031 1.05544 1.04983 1.01814 1.00182 0.968524 0.960181 0.949662 0.936053 0.927294 0.919131 0.912574 0.899707 0.872146 0.847313 0.855472 0.852752 0.842067 0.853533 0.843498 0.821521 0.79157 0.804082 0.797771 0.754258 0.730216 -9999 -9999 -9999 -9999 -9999 -9999 -9999 -9999 -9999 -9999 -9999 -9999 -9999 -9999 -9999 -9999 -9999 -9999 -9999 -9999 -9999 -9999 -9999 -9999 -9999 -9999 -9999 -9999 -9999 -9999 -9999 -9999 -9999 -9999 -9999 -9999 -9999 -9999 -9999 -9999 -9999
1.07192 1.06948 1.05873 1.04782 1.046 1.03564 1.01334 0.995915 0.959655 0.952437 0.943643 0.933683 0.924757 0.916338 0.904522 0.890379 0.866221 0.83854 0.830009 0.839182 0.837374 0.837145 0.828401 0.818062 0.803008 0.812348 0.815039 0.786129 0.743244 0.711379 -9999 -9999 -9999 -9999 -9999 -9999 -9999 -9999 -9999 -9999 -9999 -9999 -9999 -9999 -9999 -9999 -9999 -9999 -9999 -9999 -9999 -9999 -9999 -9999 -9999 -9999 -9999 -9999 -9999 -9999 -9999 -9999 -9999 -9999 -9999 -9999 -9999 -9999 -9999 -9999
1.0521 1.05432 1.04301 1.02617 1.02146 1.01513 0.997684 0.949678 0.942051 0.943326 0.93497 0.927236 0.916488 0.907235 0.896527 0.882666 0.86554 0.846338 0.815928 0.830688 0.842175 0.840329 0.83838 0.831396 0.817717 0.827744 0.827598 0.780347 0.732761 0.720957 0.715503 -9999 -9999 -9999 -9999 -9999 -9999 -9999 -9999 -9999 -9999 -9999 -9999 -9999 -9999 -9999 -9999 -9999 -9999 -9999 -9999 -9999 -9999 -9999 -9999 -9999 -9999 -9999 -9999 -9999 -9999 -9999 -9999 -9999 -9999 -9999 -9999 -9999 -9999 -9999
-9999 1.03765 1.02679 1.00848 1.00397 1.00057 0.995933 0.951276 0.936312 0.930598 0.925352 0.917375 0.906198 0.88756 0.880292 0.875049 0.862507 0.841252 0.820732 0.814243 0.833351 0.838399 0.836812 0.841248 0.830469 0.835854 0.834069 0.810806 0.762101 0.736637 0.72983 0.716265 -9999 -9999 -9999 -9999 -9999 -9999 -9999 -9999 -9999 -9999 -9999 -9999 -9999 -9999 -9999 -9999 -9999 -9999 -9999 -9999 -9999 -9999 -9999 -9999 -9999 -9999 -9999 -9999 -9999 -9999 -9999 -9999 -9999 -9999 -9999 -9999 -9999 -9999
-9999 -9999 -9999 -9999 0.983856 0.979345 0.945174 0.93727 0.92556 0.920385 0.915477 0.907036 0.891205 0.880442 0.874292 0.863784 0.849925 0.840712 0.82726 0.814143 0.818121 0.835525 0.828323 0.841499 0.841588 0.845137 0.838287 0.788435 0.756768 0.736411 0.731272 0.72116 -9999 -9999 -9999 -9999 -9999 -9999 -9999 -9999 -9999 -9999 -9999 -9999 -9999 -9999 -9999 -9999 -9999 -9999 -9999 -9999 -9999 -9999 -9999 -9999 -9999 -9999 -9999 -9999 -9999 -9999 -9999 -9999 -9999 -9999 -9999 -9999 -9999 -9999
-9999 -9999 -9999 -9999 -9999 0.969008 0.933883 0.935734 0.914895 0.907675 0.904379 0.895577 0.884326 0.874744 0.8651 0.855499 0.844109 0.833098 0.82074 0.819102 0.830439 0.831542 0.830766 0.834558 0.842521 0.843445 0.816763 0.779036 0.769548 0.727443 0.719296 0.722067 0.716336 -9999 -9999 -9999 -9999 -9999 -9999 -9999 -9999 -9999 -9999 -9999 -9999 0.686431 -9999 -9999 -9999 -9999 -9999 -9999 -9999 -9999 -9999 -9999 -9999 -9999 -9999 -9999 -9999 -9999 -9999 -9999 -9999 -9999 0.397969 -9999 -9999 -9999
-9999 -9999 -9999 -9999 0.972691 0.937622 0.932977 0.929525 0.913432 0.896722 0.893447 0.883881 0.872781 0.862409 0.850053 0.84331 0.835112 0.823607 0.820572 0.824233 0.827006 0.830886 0.834725 0.836944 0.838122 0.8388 0.801222 0.794269 0.790619 0.760802 0.74468 0.737123 0.723875 0.713596 -9999 -9999 -9999 -9999 -9999 -9999 -9999 0.723443 0.714553 0.705196 0.697804 0.695441 0.677022 -9999 -9999 -9999 -9999 -9999 -9999 -9999 -9999 -9999 -9999 -9999 -9999 -9999 -9999 -9999 -9999 -9999 -9999 -9999 0.403601 0.382946 -9999 -9999
-9999 -9999 -9999 -9999 0.936494 0.933844 0.926416 0.921726 0.913542 0.889072 0.880161 0.871791 0.861637 0.85023 0.838745 0.83312 0.823223 0.817716 0.814729 0.820402 0.823413 0.824532 0.825955 0.828232 0.826869 0.831149 0.802568 0.800479 0.794197 0.787483 0.757335 0.740025 0.722765 0.709051 -9999 -9999 -9999 -9999 -9999 -9999 0.742034 0.742592 0.7383 0.717578 0.714185 0.708819 0.693279 0.641425 -9999 -9999 -9999 -9999 -9999 -9999 -9999 -9999 -9999 -9999 -9999 -9999 -9999 -9999 0.485851 0.467502 0.435641 0.415637 0.400117 0.380381 -9999 -9999
-9999 -9999 -9999 -9999 0.930299 0.928195 0.922086 0.914498 0.901733 0.883026 0.869633 0.85903 0.848079 0.83806 0.82942 0.81824 0.811936 0.802042 0.809271 0.81052 0.811676 0.808487 0.810453 0.803498 0.8041 0.780144 0.796457 0.794089 0.783026 0.767697 0.741342 0.73461 0.731426 0.720782 -9999 -9999 -9999 -9999 -9999 -9999 0.755567 0.756142 0.753355 0.742685 0.719285 0.718537 0.675475 0.649415 0.629174 0.617276 0.602686 0.579848 0.560654 0.548743 0.532735 0.525643 -9999 -9999 -9999 -9999 0.493566 0.489393 0.485032 0.474588 0.440681 0.414823 0.389934 0.366581 -9999 -9999
-9999 -9999 -9999 -9999 0.932934 0.926256 0.915561 0.901518 0.891439 0.870645 0.857165 0.837932 0.826455 0.816676 0.808585 0.800844 0.792825 0.791716 0.791549 0.791159 0.780543 0.768838 0.781896 0.786807 0.758568 0.771221 0.787407 0.785242 0.771934 0.755303 0.747976 0.745383 0.740375 0.729588 -9999 -9999 -9999 0.753899 0.764561 0.761899 0.75945 0.76244 0.76053 0.755451 0.745089 0.722939 0.680914 0.652928 0.624028 0.606637 0.601887 0.586771 0.559355 0.546471 0.529972 0.514527 0.509741 0.504609 0.499159 0.493348 0.488887 0.485189 0.480511 0.47084 0.444828 0.423969 0.4071 0.357597 -9999 -9999
-9999 -9999 -9999 -9999 0.917882 0.90973 0.899501 0.885577 0.870467 0.858863 0.836346 0.82567 0.814043 0.799222 0.794307 0.787478 0.782771 0.779678 0.778204 0.768936 0.756926 0.746322 0.745724 0.743544 0.739037 0.743184 0.760224 0.773731 0.768 0.754891 0.759498 0.757279 0.736996 0.725565 -9999 -9999 0.741178 0.765786 0.78114 0.785966 0.782269 0.773546 0.772907 0.75997 0.75584 0.731014 0.678351 0.658498 0.627253 0.608635 0.581622 0.563629 0.549857 0.534693 0.523103 0.512284 0.506057 0.499666 0.49444 0.490171 0.484935 0.482439 0.479024 0.471739 0.448335 0.43305 0.405296 0.353608 -9999 -9999
-9999 -9999 -9999 -9999 0.906375 0.897456 0.888191 0.873199 0.861409 0.848586 0.821338 0.812748 0.801762 0.787407 0.776043 0.77341 0.768992 0.766959 0.767126 0.759253 0.751599 0.738855 0.734788 0.724489 0.728367 0.720697 0.733877 0.740965 0.74779 0.759112 0.771114 0.764062 0.761742 0.741439 0.737589 -9999 0.753875 0.766434 0.785329 0.798363 0.802291 0.788884 0.788759 0.775994 0.76273 0.738506 0.690607 0.650186 0.62624 0.601968 0.588183 0.567481 0.548457 0.534111 0.518059 0.507809 0.499949 0.493742 0.489154 0.485878 0.483134 0.480571 0.477365 0.472555 0.459343 0.435768 0.408008 0.354323 -9999 -9999
-9999 -9999 -9999 0.902887 0.903919 0.897622 0.884686 0.870103 0.854878 0.839033 0.815159 0.803454 0.790369 0.778205 0.760352 0.753971 0.751219 0.754522 0.755633 0.758586 0.757601 0.741486 0.732722 0.730265 0.724423 0.718866 0.731427 0.753934 0.763315 0.765009 0.765894 0.759286 0.769214 0.765593 0.743281 0.752857 0.769366 0.78046 0.793512 0.810318 0.817666 0.81379 0.802803 0.789807 0.772944 0.732294 0.68745 0.659348 0.629477 0.603923 0.580095 0.562746 0.542815 0.527785 0.515776 0.501887 0.494014 0.488231 0.484335 0.48188 0.480079 0.478199 0.476058 0.472873 0.461322 0.442431 0.39854 0.357779 -9999 -9999
-9999 -9999 -9999 -9999 0.899354 0.886798 0.87028 0.853931 0.839234 0.825168 0.80528 0.790275 0.779503 0.76773 0.751103 0.735683 0.738497 0.740099 0.744757 0.74927 0.755085 0.737152 0.735262 0.736731 0.732311 0.740053 0.755335 0.766277 0.774103 0.767106 0.76042 0.747508 0.740228 0.750871 0.755168 0.764621 0.778161 0.800555 0.814086 0.816106 0.812907 0.822793 0.813196 0.78722 0.770003 0.738252 0.69574 0.662635 0.636813 0.60969 0.584308 0.545563 0.535662 0.517466 0.511147 0.498826 0.489 0.483537 0.480254 0.478284 0.477189 0.476139 0.474702 0.467507 0.458068 0.442506 0.395359 0.357869 -9999 -9999
-9999 -9999 -9999 -9999 -9999 -9999 0.862973 0.847112 0.829846 0.814133 0.79828 0.784886 0.77219 0.759846 0.746695 0.731761 0.725355 0.725711 0.719778 0.73141 0.743425 0.7508 0.758784 0.751313 0.746482 0.765476 0.77356 0.771478 0.772693 0.774449 0.76556 0.759259 0.750122 0.745822 0.756459 0.78446 0.806756 0.829853 0.838771 0.830593 0.828573 0.822398 0.816749 0.80152 0.776454 0.742955 0.700164 0.662627 0.641969 0.614688 0.584246 0.55612 0.53166 0.516769 0.502079 0.496557 0.488583 0.480031 0.477021 0.475613 0.47502 0.474523 0.468901 0.464601 0.458417 0.450024 0.401529 0.352724 -9999 -9999
-9999 -9999 -9999 -9999 -9999 -9999 0.852385 0.834889 0.820283 0.813687 0.793863 0.780223 0.76548 0.754224 0.74202 0.727784 0.71645 0.708525 0.700981 0.709863 0.729166 0.744787 0.754928 0.749859 0.762687 0.770173 0.775318 0.769557 0.7689 0.774745 0.767309 0.759892 0.758951 0.75155 0.772267 0.791913 0.811732 0.836911 0.851677 0.853278 0.839614 0.832653 0.828205 0.806725 0.774852 0.748538 0.701667 0.660107 0.642206 0.616718 0.586636 0.561843 0.534565 0.51626 0.502787 0.492676 0.485014 0.478842 0.474756 0.473628 0.473434 0.471409 0.46879 0.464641 0.458405 0.450011 0.414929 0.351525 -9999 -9999
-9999 -9999 -9999 -9999 -9999 -9999 -9999 0.823197 0.815095 0.812864 0.790747 0.774268 0.763434 0.751497 0.738343 0.728423 0.715581 0.70245 0.680741 0.690397 0.708538 0.733934 0.752421 0.761558 0.761123 0.762619 0.751946 0.744607 0.754637 0.764369 0.7627 0.759612 0.757286 0.780421 0.803113 0.824793 0.838355 0.84107 0.853821 0.859842 0.846797 0.841181 0.832511 0.806449 0.779092 0.749873 0.702057 0.671261 0.641721 0.619365 0.587082 0.564277 0.537955 0.517631 0.502473 0.491113 0.483389 0.477375 0.473943 0.472795 0.47203 0.470914 0.468322 0.46399 0.457659 0.449158 0.436531 0.393531 0.364788 -9999
-9999 -9999 -9999 -9999 -9999 -9999 -9999 0.81004 0.796697 0.798193 0.778537 0.772018 0.763006 0.751521 0.736464 0.726816 0.708957 0.703798 0.683639 0.677659 0.691439 0.695574 0.728844 0.760549 0.760153 0.726676 0.721777 0.722064 0.737148 0.749891 0.758858 0.746075 0.753904 0.787842 0.812805 0.832856 0.847857 0.852833 0.853396 0.864972 0.858241 0.849726 0.830752 0.809618 0.777203 0.74553 0.707303 0.67228 0.641703 0.6199 0.585749 0.566599 0.539738 0.517981 0.501352 0.492409 0.483681 0.477814 0.473663 0.472492 0.471961 0.469737 0.467196 0.462734 0.456129 0.447705 0.437054 0.41511 0.388366 0.368749
-9999 -9999 -9999 -9999 -9999 -9999 -9999 -9999 0.776401 0.786734 0.774325 0.766536 0.763147 0.753345 0.738117 0.727556 0.711179 0.698494 0.680459 0.66163 0.655676 0.697175 0.735617 0.760841 0.762226 0.735551 0.731622 0.742054 0.762224 0.767324 0.774545 0.766554 0.774979 0.780597 0.79659 0.819974 0.835422 0.851312 0.859954 0.856662 0.853265 0.843128 0.825999 0.805981 0.781222 0.754469 0.705106 0.681129 0.647894 0.622363 0.594401 0.568461 0.541776 0.518123 0.505064 0.495003 0.486245 0.477389 0.47444 0.473014 0.47214 0.470994 0.465295 0.460602 0.454022 0.445386 0.435011 0.415829 0.400392 0.378043
-9999 -9999 -9999 -9999 -9999 -9999 -9999 -9999 0.761358 0.772775 0.761764 0.765724 0.754269 0.750366 0.743395 0.734249 0.721278 0.705044 0.693217 0.671485 0.650461 0.693276 0.733997 0.760202 0.77083 0.741824 0.760028 0.763561 0.777312 0.776258 0.782903 0.787092 0.79088 0.79306 0.792436 0.789553 0.822985 0.840485 0.85142 0.852444 0.846926 0.835811 0.823469 0.796845 0.762796 0.746764 0.705475 0.67689 0.648506 0.621497 0.595406 0.570921 0.545682 0.526915 0.508519 0.495546 0.484307 0.479173 0.475943 0.473889 0.472325 0.470642 0.46816 0.460069 0.451161 0.442542 0.432252 0.413287 0.399658 0.384959
-9999 -9999 -9999 -9999 -9999 -9999 -9999 -9999 0.721149 0.746693 0.743398 0.749744 0.755273 0.751592 0.747117 0.736843 0.729765 0.717872 0.708208 0.694473 0.674228 0.664608 0.699334 0.746937 0.770982 0.770087 0.778048 0.779642 0.782589 0.792242 0.80365 0.802177 0.799933 0.795649 0.791153 0.795012 0.820943 0.82718 0.82576 0.842776 0.834834 0.82181 0.798459 0.777084 0.75807 0.723098 0.687786 0.655258 0.635731 0.616148 0.594479 0.572297 0.54807 0.524711 0.510156 0.494866 0.487071 0.481427 0.477539 0.474821 0.472561 0.470007 0.466871 0.462826 0.450428 0.44213 0.429081 0.410329 0.39741 0.383594
-9999 -9999 -9999 -9999 -9999 -9999 -9999 -9999 0.708603 0.71784 0.735818 0.744206 0.752846 0.750003 0.75036 0.7453 0.738222 0.727772 0.716382 0.705104 0.68773 0.676902 0.700824 0.735463 0.762404 0.767925 0.77622 0.784336 0.79164 0.796519 0.804839 0.808897 0.81138 0.794028 0.795417 0.79115 0.818185 0.823447 0.819692 0.82634 0.818237 0.791155 0.764641 0.746211 0.741139 0.712736 0.672264 0.638635 0.620006 0.61051 0.579212 0.559184 0.542587 0.527281 0.507612 0.497548 0.489572 0.483577 0.479028 0.475595 0.472598 0.469238 0.465415 0.460672 0.454504 0.438343 0.428628 0.409551 0.39471 0.381913
-9999 -9999 -9999 -9999 -9999 -9999 -9999 -9999 0.703282 0.706422 0.722637 0.740314 0.750989 0.752227 0.752769 0.749278 0.741646 0.736018 0.728907 0.718865 0.713646 0.70367 0.689593 0.727378 0.746134 0.752132 0.757498 0.77489 0.783586 0.788779 0.785767 0.80054 0.794034 0.791603 0.796037 0.796205 0.812679 0.814788 0.81363 0.809044 0.788359 0.759337 0.731311 0.726777 0.707109 0.699628 0.646369 0.633516 0.620437 0.601039 0.570442 0.546045 0.540349 0.518829 0.508121 0.499044 0.491623 0.485084 0.48018 0.47588 0.472008 0.468053 0.463527 0.458246 0.451872 0.444329 0.42484 0.406024 0.394279 0.375746
-9999 -9999 -9999 -9999 -9999 -9999 -9999 -9999 -9999 0.685473 0.710395 0.732527 0.742707 0.747927 0.748961 0.745945 0.741275 0.737207 0.732725 0.725485 0.717083 0.703553 0.6953 0.708235 0.726069 0.722974 0.736001 0.76179 0.77595 0.775221 0.753947 0.759083 0.782423 0.79031 0.796116 0.800272 0.800876 0.800594 0.795879 0.782573 0.747145 0.732945 0.709569 0.69649 0.67441 0.676289 0.633632 0.625434 0.609861 0.591258 0.559442 0.539169 0.524973 0.516277 0.503158 0.496393 0.492603 0.485947 0.480398 0.47541 0.470917 0.466336 0.461296 0.452934 0.445976 0.438049 0.416179 0.397088 0.384766 0.372498
-9999 -9999 -9999 -9999 -9999 -9999 -9999 -9999 -9999 0.676647 0.702065 0.730276 0.735843 0.742413 0.74845 0.745993 0.739998 0.735118 0.731005 0.727193 0.716256 0.706595 0.698385 0.698919 0.706666 0.703517 0.719684 0.75018 0.761716 0.766895 0.724627 0.724468 0.751245 0.774273 0.78125 0.784108 0.767522 0.772266 0.760304 0.742265 0.731995 0.717071 0.693072 0.686364 0.662158 0.6502 0.619911 0.608065 0.592385 0.58225 0.553637 0.532117 0.517598 0.511026 0.499415 0.496662 0.49072 0.484133 0.478012 0.47248 0.467145 0.461854 0.456059 0.449679 0.442567 0.434467 0.425087 0.398725 0.365334 0.354755
-9999 -9999 -9999 -9999 -9999 -9999 -9999 -9999 -9999 0.676866 0.692991 0.717981 0.735857 0.733158 0.741047 0.744402 0.738179 0.73218 0.726857 0.725348 0.713068 0.700222 0.691117 0.68054 0.687758 0.703784 0.716819 0.738036 0.74685 0.749886 0.715518 0.727766 0.74706 0.759498 0.766047 0.767673 0.765254 0.762869 0.753342 0.7461 0.729475 0.704831 0.688321 0.680745 0.649914 0.636696 0.627832 0.591142 0.584968 0.573119 0.542909 0.519012 0.516847 0.510173 0.504214 0.49681 0.48915 0.48314 0.476433 0.470385 0.464559 0.458655 0.452559 0.445813 0.43859 0.429511 0.419125 0.397374 0.357298 0.348674
-9999 -9999 -9999 -9999 -9999 -9999 -9999 -9999 -9999 0.676174 0.690711 0.712175 0.723952 0.723118 0.732512 0.741312 0.738654 0.732506 0.730884 0.725999 0.715701 0.704907 0.693637 0.690411 0.678882 0.699595 0.707219 0.725446 0.73695 0.702252 0.702672 0.717044 0.730956 0.738839 0.751347 0.753596 0.75166 0.73842 0.730064 0.728809 0.720466 0.708357 0.687839 0.676703 0.657398 0.641273 0.624454 0.586759 0.57655 0.561172 0.532446 0.525402 0.518094 0.509887 0.502574 0.493656 0.486521 0.480836 0.47392 0.467412 0.461107 0.454927 0.448434 0.441219 0.433732 0.423361 0.410251 0.392158 0.340912 0.34328
-9999 -9999 -9999 -9999 -9999 -9999 -9999 -9999 -9999 0.667081 0.683458 0.701476 0.706863 0.705019 0.72464 0.73631 0.735018 0.731815 0.728869 0.715667 0.717945 0.717301 0.707282 0.692057 0.67562 0.682242 0.687141 0.711303 0.721879 0.678652 0.677439 0.68627 0.70388 0.719437 0.734717 0.739524 0.736211 0.715453 0.69202 0.697973 0.703055 0.696092 0.684651 0.664325 0.650011 0.63498 0.614448 0.569862 0.561086 0.549797 0.528941 0.519466 0.51348 0.507348 0.494142 0.485555 0.482324 0.477525 0.470275 0.463462 0.457011 0.450512 0.443872 0.436047 0.427905 0.418574 0.397383 0.381063 0.350594 0.339079
-9999 -9999 -9999 -9999 -9999 -9999 -9999 -9999 -9999 0.653812 0.664562 0.681879 0.686754 0.697555 0.716087 0.72457 0.728331 0.727685 0.725819 0.720391 0.718132 0.712889 0.702335 0.687487 0.671169 0.66245 0.674108 0.691557 0.682124 0.658214 0.654461 0.668086 0.685897 0.710042 0.724214 0.726867 0.725708 0.720398 0.702521 0.680115 0.675037 0.677881 0.66226 0.644131 0.638946 0.626861 0.60727 0.589172 0.557955 0.529751 0.518566 0.508401 0.503874 0.504208 0.495077 0.484818 0.480937 0.472977 0.465541 0.458688 0.451986 0.445443 0.438855 0.431363 0.422483 0.406507 0.39146 0.373058 0.364154 0.340753
-9999 -9999 -9999 -9999 -9999 -9999 -9999 -9999 -9999 0.634833 0.648635 0.664732 0.680108 0.695082 0.708189 0.707542 0.714641 0.714179 0.718757 0.718468 0.714304 0.710361 0.701771 0.681803 0.666098 0.649052 0.659578 0.675594 0.652206 0.645819 0.630367 0.653549 0.678254 0.700274 0.712453 0.704634 0.712873 0.710734 0.7024 0.687572 0.665375 0.659505 0.639181 0.630045 0.627022 0.618559 0.606033 0.589832 0.552948 0.527016 0.512656 0.500569 0.495514 0.493168 0.491512 0.483073 0.47571 0.467444 0.459806 0.452829 0.446133 0.439496 0.432718 0.425389 0.411381 0.395783 0.383495 0.3689 0.360907 0.358629
