Test_Spring_2018/12_17/Prec/20171216_019.txt
ncols	170
nrows	115
xllcorner	350000.000000
yllcorner	4445000.000000
cellsize	1000.000000
nodata_value	-9999.000000
[rows 31 to 61 of 115, columns 71 to 141 of 170]
1.65071 1.6512 1.64274 1.64004 1.6354 1.59402 1.59042 1.57849 1.5721 1.56068 1.55365 1.54391 1.53055 1.52257 1.50273 1.4478 1.4584 1.46018 1.44137 1.44532 1.45404 1.43711 1.39657 1.3752 1.3441 1.32203 1.29042 1.26228 -9999 -9999 -9999 -9999 -9999 -9999 -9999 -9999 -9999 -9999 -9999 -9999 -9999 -9999 -9999 -9999 -9999 -9999 -9999 -9999 -9999 -9999 -9999 -9999 -9999 -9999 -9999 -9999 -9999 -9999 -9999 -9999 -9999 -9999 -9999 -9999 -9999 -9999 -9999 -9999 -9999 -9999 -9999
1.65648 1.65335 1.64488 1.64986 1.65387 1.58862 1.56389 1.58384 1.57909 1.5701 1.55541 1.54727 1.53913 1.53261 1.51554 1.47505 1.4381 1.45147 1.44741 1.4304 1.44694 1.4296 1.39313 1.34369 1.35926 1.34528 1.26739 1.22099 -9999 -9999 -9999 -9999 -9999 -9999 -9999 -9999 -9999 -9999 -9999 -9999 -9999 -9999 -9999 -9999 -9999 -9999 -9999 -9999 -9999 -9999 -9999 -9999 -9999 -9999 -9999 -9999 -9999 -9999 -9999 -9999 -9999 -9999 -9999 -9999 -9999 -9999 -9999 -9999 -9999 -9999 -9999
1.66065 1.65471 1.64909 1.65799 1.65403 1.63363 1.57338 1.58902 1.58615 1.58013 1.57148 1.56353 1.55542 1.5411 1.52222 1.48691 1.44523 1.43219 1.44558 1.4411 1.43816 1.42119 1.40093 1.37262 1.38135 1.3793 1.32733 1.24396 1.20453 -9999 -9999 -9999 -9999 -9999 -9999 -9999 -9999 -9999 -9999 -9999 -9999 -9999 -9999 -9999 -9999 -9999 -9999 -9999 -9999 -9999 -9999 -9999 -9999 -9999 -9999 -9999 -9999 -9999 -9999 -9999 -9999 -9999 -9999 -9999 -9999 -9999 -9999 -9999 -9999 -9999 -9999
1.66243 1.65472 1.63913 1.64294 1.64478 1.61449 1.58429 1.58158 1.59224 1.58745 1.58288 1.57277 1.56397 1.55182 1.53362 1.50915 1.48022 1.43271 1.45371 1.46844 1.46139 1.45309 1.436 1.40769 1.41528 1.40658 1.31819 1.2479 1.21989 1.20219 -9999 -9999 -9999 -9999 -9999 -9999 -9999 -9999 -9999 -9999 -9999 -9999 -9999 -9999 -9999 -9999 -9999 -9999 -9999 -9999 -9999 -9999 -9999 -9999 -9999 -9999 -9999 -9999 -9999 -9999 -9999 -9999 -9999 -9999 -9999 -9999 -9999 -9999 -9999 -9999 -9999
1.66125 1.65339 1.63489 1.63855 1.6447 1.63134 1.6331 1.5931 1.59366 1.5945 1.59046 1.58059 1.55811 1.55191 1.5474 1.53007 1.49764 1.46469 1.45176 1.47678 1.47859 1.46879 1.46708 1.44085 1.43876 1.42498 1.37134 1.30089 1.24425 1.22215 1.19041 -9999 -9999 -9999 -9999 -9999 -9999 -9999 -9999 -9999 -9999 -9999 -9999 -9999 -9999 -9999 -9999 -9999 -9999 -9999 -9999 -9999 -9999 -9999 -9999 -9999 -9999 -9999 -9999 -9999 -9999 -9999 -9999 -9999 -9999 -9999 -9999 -9999 -9999 -9999 -9999
-9999 -9999 -9999 1.62948 1.61612 1.63827 1.63052 1.59724 1.59963 1.60213 1.59858 1.58271 1.57345 1.56983 1.55774 1.53853 1.52444 1.50167 1.47732 1.47735 1.49626 1.47549 1.48475 1.4726 1.46485 1.44036 1.36066 1.29496 1.24351 1.22139 1.19256 -9999 -9999 -9999 -9999 -9999 -9999 -9999 -9999 -9999 -9999 -9999 -9999 -9999 -9999 -9999 -9999 -9999 -9999 -9999 -9999 -9999 -9999 -9999 -9999 -9999 -9999 -9999 -9999 -9999 -9999 -9999 -9999 -9999 -9999 -9999 -9999 -9999 -9999 -9999 -9999
-9999 -9999 -9999 -9999 1.62044 1.63922 1.65164 1.60161 1.60216 1.60862 1.60604 1.59873 1.59266 1.58474 1.5748 1.55971 1.54264 1.52084 1.51296 1.52262 1.51417 1.50079 1.49273 1.48971 1.47475 1.409 1.35123 1.31785 1.22863 1.19895 1.18732 1.16397 -9999 -9999 -9999 -9999 -9999 -9999 -9999 -9999 -9999 -9999 -9999 -9999 1.08544 -9999 -9999 -9999 -9999 -9999 -9999 -9999 -9999 -9999 -9999 -9999 -9999 -9999 -9999 -9999 -9999 -9999 -9999 -9999 -9999 0.681009 -9999 -9999 -9999 -9999 -9999
-9999 -9999 -9999 1.65289 1.65259 1.65513 1.66055 1.64116 1.60757 1.61586 1.61396 1.60871 1.60307 1.59234 1.58778 1.5781 1.56017 1.55207 1.55107 1.54563 1.53911 1.53008 1.51649 1.49964 1.48078 1.41284 1.37977 1.35193 1.2841 1.23319 1.20263 1.16497 1.13384 -9999 -9999 -9999 -9999 -9999 -9999 -9999 1.11005 1.10041 1.09111 1.08554 1.08812 1.066 -9999 -9999 -9999 -9999 -9999 -9999 -9999 -9999 -9999 -9999 -9999 -9999 -9999 -9999 -9999 -9999 -9999 -9999 -9999 0.687164 0.656517 -9999 -9999 -9999 -9999
-9999 -9999 -9999 1.65622 1.66158 1.66103 1.66602 1.66666 1.61795 1.61967 1.62181 1.62015 1.61488 1.60714 1.60552 1.59386 1.58522 1.57654 1.57732 1.57029 1.55698 1.54122 1.52435 1.49992 1.48279 1.42366 1.39425 1.35852 1.32274 1.24669 1.1978 1.15102 1.11204 -9999 -9999 -9999 -9999 -9999 -9999 1.11715 1.12187 1.12075 1.09546 1.0977 1.09725 1.08109 1.00517 -9999 -9999 -9999 -9999 -9999 -9999 -9999 -9999 -9999 -9999 -9999 -9999 -9999 -9999 0.805433 0.77894 0.731466 0.702176 0.679654 0.650432 -9999 -9999 -9999 -9999
-9999 -9999 -9999 1.65866 1.66606 1.669 1.67123 1.66674 1.63751 1.62761 1.62878 1.62833 1.62743 1.62599 1.61721 1.61194 1.59666 1.60317 1.5958 1.58389 1.56129 1.5432 1.50847 1.48317 1.42788 1.4231 1.38908 1.34183 1.28873 1.21297 1.17883 1.15066 1.11374 -9999 -9999 -9999 -9999 -9999 -9999 1.11793 1.12407 1.12693 1.11895 1.09212 1.1006 1.04044 1.00938 0.986601 0.975834 0.959951 0.904594 0.886429 0.874017 0.854375 0.847701 -9999 -9999 -9999 -9999 0.811886 0.80743 0.802587 0.788265 0.737602 0.69925 0.662234 0.622042 -9999 -9999 -9999 -9999
-9999 -9999 -9999 1.67293 1.67464 1.67213 1.66628 1.66809 1.63962 1.63204 1.62576 1.62633 1.6276 1.62861 1.62643 1.61934 1.61792 1.61269 1.6019 1.57038 1.53278 1.52964 1.50565 1.45169 1.42736 1.41802 1.37989 1.32478 1.26541 1.21496 1.18374 1.1495 1.09719 -9999 -9999 -9999 1.08459 1.09804 1.09442 1.09422 1.10498 1.11013 1.12315 1.11847 1.09152 1.03945 1.00708 0.972379 0.954364 0.954688 0.9378 0.882682 0.869314 0.849296 0.826223 0.822686 0.817947 0.812178 0.805436 0.800475 0.796476 0.790813 0.777322 0.742891 0.712193 0.687503 0.604968 -9999 -9999 -9999 -9999
-9999 -9999 -9999 1.68818 1.68924 1.68858 1.66057 1.65604 1.6581 1.63349 1.63135 1.6344 1.63041 1.63855 1.63952 1.63865 1.63454 1.62686 1.60112 1.56547 1.52692 1.49949 1.48475 1.44438 1.40464 1.39392 1.3663 1.29715 1.24062 1.21348 1.17065 1.11555 1.07379 -9999 -9999 1.05027 1.08124 1.10225 1.11102 1.11012 1.10433 1.11319 1.10452 1.11027 1.07967 1.0128 0.993945 0.971708 0.953081 0.915736 0.895092 0.859712 0.847045 0.835143 0.823386 0.8178 0.811173 0.805709 0.80123 0.794896 0.792548 0.788614 0.778592 0.743585 0.721035 0.674595 0.593718 -9999 -9999 -9999 -9999
-9999 -9999 -9999 1.68191 1.68326 1.68542 1.67998 1.68061 1.65852 1.63036 1.64205 1.64115 1.64042 1.64083 1.65005 1.65079 1.64876 1.64329 1.61858 1.58781 1.54343 1.50757 1.47507 1.44412 1.35894 1.33814 1.30787 1.27779 1.25585 1.22281 1.16929 1.1344 1.08114 1.05314 -9999 1.0488 1.06101 1.0879 1.11023 1.1224 1.11095 1.12237 1.11582 1.10463 1.08156 1.02395 0.9727 0.947601 0.920974 0.909461 0.899393 0.857887 0.843892 0.828433 0.81788 0.809954 0.803668 0.799131 0.796037 0.79334 0.790629 0.786743 0.780268 0.760742 0.721288 0.678925 0.594843 -9999 -9999 -9999 -9999
-9999 -9999 1.68224 1.68358 1.69063 1.68875 1.6856 1.68263 1.67962 1.65758 1.64786 1.65348 1.65176 1.64422 1.64931 1.65375 1.66044 1.6562 1.64727 1.62517 1.57334 1.5421 1.48044 1.42926 1.36724 1.34144 1.33099 1.30094 1.26036 1.22051 1.16498 1.13215 1.0977 1.04408 1.0405 1.05318 1.06309 1.0814 1.11045 1.12914 1.13391 1.1302 1.12071 1.11024 1.06269 1.01086 0.981633 0.94865 0.921186 0.89519 0.877989 0.838398 0.835676 0.824491 0.81071 0.802954 0.79738 0.793849 0.791863 0.790384 0.78844 0.785886 0.781603 0.761326 0.732318 0.662162 0.597764 -9999 -9999 -9999 -9999
-9999 -9999 -9999 1.68139 1.68026 1.67428 1.6698 1.66903 1.67019 1.6566 1.65863 1.66605 1.66215 1.6532 1.64573 1.65974 1.66425 1.66537 1.65814 1.64526 1.58528 1.54584 1.50654 1.45435 1.40953 1.38441 1.3526 1.31675 1.25946 1.2048 1.1368 1.08818 1.07217 1.04333 1.04238 1.05008 1.0775 1.09701 1.10402 1.10749 1.13478 1.13116 1.10734 1.09731 1.06497 1.01812 0.982353 0.956723 0.927847 0.900379 0.850979 0.828763 0.811772 0.811677 0.806933 0.797664 0.79265 0.790017 0.788625 0.788 0.787045 0.78525 0.772362 0.755814 0.731201 0.65789 0.598322 -9999 -9999 -9999 -9999
-9999 -9999 -9999 -9999 -9999 1.66998 1.66725 1.66346 1.663 1.65716 1.66261 1.66799 1.67166 1.67062 1.65813 1.65859 1.66154 1.64628 1.64388 1.64316 1.62283 1.59676 1.54144 1.47733 1.45616 1.41719 1.36256 1.31385 1.26755 1.20709 1.14722 1.09391 1.05332 1.04176 1.06354 1.08178 1.11041 1.12319 1.11506 1.12113 1.12285 1.12912 1.12227 1.10105 1.06695 1.02065 0.978933 0.962122 0.933803 0.89928 0.867008 0.823847 0.812734 0.800391 0.800537 0.795131 0.789714 0.787476 0.786826 0.786769 0.786401 0.775807 0.768278 0.757731 0.74381 0.668075 0.590813 -9999 -9999 -9999 -9999
-9999 -9999 -9999 -9999 -9999 1.66001 1.65524 1.65594 1.66987 1.65852 1.66382 1.66627 1.67187 1.67255 1.66541 1.65621 1.64657 1.62852 1.6267 1.63206 1.62362 1.59977 1.54683 1.5086 1.46799 1.42281 1.36082 1.30759 1.26604 1.20635 1.14351 1.10179 1.05556 1.05895 1.06747 1.08336 1.11428 1.13637 1.14384 1.13145 1.13349 1.14205 1.12597 1.09468 1.07213 1.02007 0.972633 0.96059 0.935562 0.902129 0.875545 0.829106 0.813338 0.803442 0.79698 0.79242 0.78824 0.786066 0.785776 0.786185 0.782376 0.777441 0.769816 0.758856 0.744612 0.689312 0.589313 -9999 -9999 -9999 -9999
-9999 -9999 -9999 -9999 -9999 -9999 1.64308 1.65357 1.67386 1.65864 1.65902 1.66698 1.67107 1.66991 1.66918 1.65825 1.64023 1.60033 1.59969 1.60317 1.60967 1.59848 1.56717 1.50808 1.45778 1.38768 1.32277 1.28558 1.24959 1.19842 1.14195 1.09786 1.09866 1.10506 1.11674 1.12303 1.1197 1.13862 1.15258 1.14158 1.14562 1.14753 1.12425 1.09981 1.07268 1.0192 0.988449 0.95855 0.938554 0.90198 0.87878 0.834323 0.81585 0.803753 0.795724 0.791364 0.787633 0.785914 0.785895 0.785149 0.782968 0.777889 0.769766 0.758428 0.743797 0.722981 0.654373 0.609142 -9999 -9999 -9999
-9999 -9999 -9999 -9999 -9999 -9999 1.62786 1.62937 1.65438 1.6417 1.65621 1.66573 1.66935 1.66426 1.6599 1.64361 1.63779 1.60146 1.57449 1.57162 1.54583 1.55812 1.56238 1.50404 1.40051 1.3401 1.2877 1.25903 1.2284 1.19437 1.12355 1.0958 1.11388 1.12429 1.13383 1.14257 1.14255 1.1426 1.16524 1.16282 1.1618 1.14713 1.13076 1.09784 1.06631 1.02719 0.989516 0.957748 0.938458 0.898963 0.881469 0.836067 0.815556 0.801395 0.797315 0.791609 0.788277 0.78526 0.785414 0.784596 0.781563 0.776507 0.768098 0.756235 0.741617 0.723756 0.687625 0.645444 0.614662 0.597476 -9999
-9999 -9999 -9999 -9999 -9999 -9999 -9999 1.60115 1.6382 1.63465 1.6453 1.66163 1.66609 1.65741 1.65393 1.6364 1.61842 1.5852 1.54335 1.50385 1.53693 1.55865 1.55455 1.50063 1.40951 1.3525 1.31763 1.29862 1.25795 1.22292 1.161 1.13559 1.11116 1.10871 1.12209 1.13295 1.15039 1.1626 1.16167 1.16501 1.15805 1.14509 1.12927 1.10702 1.08202 1.02483 1.00342 0.966925 0.941413 0.91116 0.882989 0.837135 0.813627 0.804983 0.799234 0.793582 0.784542 0.784266 0.784165 0.782973 0.779766 0.773026 0.764312 0.752521 0.737593 0.720175 0.688347 0.663674 0.628727 0.589497 0.546346
-9999 -9999 -9999 -9999 -9999 -9999 -9999 1.58037 1.61702 1.61296 1.63939 1.65517 1.64889 1.65284 1.64989 1.63636 1.61211 1.58822 1.54215 1.49023 1.51978 1.54132 1.54113 1.51296 1.41204 1.39202 1.34924 1.32301 1.27544 1.24204 1.2011 1.17057 1.14258 1.11285 1.08963 1.12823 1.14812 1.16339 1.16826 1.16712 1.16052 1.14404 1.12113 1.08302 1.07317 1.02725 0.997635 0.96772 0.9392 0.91128 0.884951 0.840056 0.823807 0.806727 0.79408 0.784374 0.783 0.782401 0.78153 0.779539 0.775821 0.769729 0.760804 0.746996 0.732231 0.715064 0.683698 0.66193 0.638911 0.6132 0.564627
-9999 -9999 -9999 -9999 -9999 -9999 -9999 1.52048 1.5766 1.60205 1.62707 1.62871 1.63768 1.64316 1.63647 1.63051 1.61198 1.59108 1.55766 1.50787 1.46841 1.47591 1.51162 1.50091 1.44671 1.41429 1.3719 1.33227 1.30443 1.28143 1.23439 1.1938 1.15774 1.12686 1.1148 1.14231 1.14475 1.14035 1.16887 1.16255 1.15132 1.12626 1.09162 1.07427 1.04029 1.00223 0.965232 0.947904 0.929946 0.908122 0.884773 0.839725 0.811259 0.800763 0.786303 0.782726 0.780512 0.778993 0.777333 0.774621 0.769998 0.763393 0.754708 0.742018 0.727506 0.708895 0.678066 0.65757 0.636064 0.614445 0.589518
-9999 -9999 -9999 -9999 -9999 -9999 -9999 1.52725 1.54611 1.5876 1.58702 1.61357 1.62108 1.63149 1.63067 1.623 1.6056 1.58159 1.55225 1.50787 1.46815 1.47706 1.47638 1.47934 1.43708 1.40507 1.37645 1.34717 1.31578 1.28996 1.25297 1.22491 1.16975 1.15015 1.12666 1.1564 1.15727 1.14863 1.16 1.15192 1.11716 1.08526 1.0672 1.0534 1.02066 0.9733 0.940546 0.923417 0.920034 0.875517 0.855618 0.820347 0.809401 0.789348 0.783606 0.77946 0.776597 0.774138 0.771627 0.768183 0.762836 0.75577 0.74664 0.735023 0.719489 0.703265 0.671919 0.652223 0.632475 0.612529 0.592162
-9999 -9999 -9999 -9999 -9999 -9999 -9999 1.5382 1.52878 1.5651 1.57266 1.59946 1.61047 1.61858 1.61794 1.60765 1.59652 1.57864 1.55142 1.52675 1.48994 1.44231 1.47077 1.43935 1.40157 1.37677 1.36305 1.33632 1.30552 1.2607 1.2506 1.20862 1.18065 1.16743 1.15191 1.16587 1.1618 1.15655 1.14946 1.12043 1.08091 1.04475 1.04618 1.0251 1.00375 0.935343 0.916626 0.907407 0.888549 0.859453 0.831973 0.811139 0.789067 0.783068 0.778331 0.774702 0.770857 0.767909 0.764314 0.759945 0.754241 0.746738 0.737469 0.726227 0.713175 0.695181 0.664636 0.646156 0.612012 0.592854 0.577315
-9999 -9999 -9999 -9999 -9999 -9999 -9999 -9999 1.51415 1.52487 1.56683 1.5895 1.60336 1.60916 1.60659 1.5988 1.58872 1.57431 1.5516 1.52286 1.48195 1.44507 1.43711 1.40196 1.35182 1.33572 1.33885 1.32439 1.2881 1.21392 1.18617 1.19589 1.18544 1.17565 1.16722 1.16402 1.1562 1.14487 1.12329 1.0701 1.044 1.01289 0.998981 0.972148 0.960085 0.907498 0.904306 0.890082 0.87137 0.832262 0.783026 0.773872 0.771919 0.762189 0.761094 0.767864 0.763676 0.759777 0.755362 0.750453 0.744343 0.736704 0.718686 0.70688 0.693535 0.673812 0.64324 0.624025 0.605313 0.585832 0.571934
-9999 -9999 -9999 -9999 -9999 -9999 -9999 -9999 1.46369 1.50865 1.55735 1.57032 1.5838 1.59505 1.59135 1.57987 1.56735 1.55284 1.53532 1.50316 1.46928 1.43409 1.4091 1.39231 1.31039 1.30265 1.31659 1.30154 1.27769 1.16725 1.13992 1.15719 1.1719 1.16521 1.15557 1.11922 1.11897 1.0958 1.06582 1.05006 1.029 0.995472 0.989901 0.958292 0.946372 0.886766 0.876873 0.861461 0.854858 0.81978 0.766162 0.755936 0.75639 0.748234 0.752734 0.75112 0.747212 0.742686 0.737763 0.731944 0.725167 0.716803 0.706977 0.695713 0.682853 0.668149 0.6436 0.59179 0.575944 0.566289 0.55695
-9999 -9999 -9999 -9999 -9999 -9999 -9999 -9999 1.46468 1.49271 1.53391 1.56345 1.56029 1.57226 1.57565 1.56227 1.54687 1.52983 1.51572 1.48185 1.44395 1.40876 1.36843 1.35302 1.34909 1.29049 1.29316 1.2769 1.2526 1.15611 1.15022 1.15783 1.15771 1.15147 1.14061 1.12642 1.11505 1.09518 1.08112 1.05458 1.01738 0.994194 0.986028 0.942938 0.927862 0.920149 0.849229 0.847652 0.837575 0.799238 0.741167 0.748185 0.7477 0.747589 0.744355 0.739701 0.736488 0.731063 0.725547 0.719355 0.712164 0.703981 0.694297 0.683589 0.669918 0.654302 0.621338 0.576925 0.564344 0.559678 0.554409
-9999 -9999 -9999 -9999 -9999 -9999 -9999 -9999 1.46569 1.48882 1.52221 1.54005 1.53762 1.54995 1.56002 1.55071 1.53402 1.52204 1.5025 1.47194 1.4379 1.40047 1.37295 1.33037 1.33571 1.26819 1.26875 1.25909 1.16173 1.13739 1.13662 1.13746 1.13151 1.13536 1.12601 1.11277 1.08454 1.06612 1.06073 1.04622 1.02751 0.99719 0.982557 0.956307 0.935801 0.914897 0.839965 0.831503 0.815328 0.779187 0.745227 0.743593 0.740073 0.737282 0.731228 0.727045 0.724158 0.71841 0.71236 0.705766 0.698624 0.6904 0.680629 0.670166 0.655135 0.635895 0.60909 0.548974 0.553605 0.559274 0.538298
-9999 -9999 -9999 -9999 -9999 -9999 -9999 -9999 1.45516 1.47884 1.5047 1.51058 1.50464 1.531 1.54394 1.53545 1.52233 1.50767 1.47502 1.464 1.44611 1.4114 1.36644 1.3176 1.30268 1.27406 1.24171 1.23246 1.123 1.0977 1.08972 1.09739 1.10417 1.11291 1.10788 1.09266 1.05273 1.01075 1.01608 1.02178 1.01041 0.993473 0.963983 0.944783 0.925323 0.898054 0.838037 0.803651 0.793339 0.73548 0.730271 0.73012 0.729271 0.716895 0.710955 0.712518 0.710848 0.704581 0.698206 0.691673 0.684445 0.676492 0.66633 0.655428 0.642565 0.61136 0.587749 0.543545 0.544554 0.545783 0.493314
-9999 -9999 -9999 -9999 -9999 -9999 -9999 -9999 1.43957 1.45238 1.47512 1.47831 1.49017 1.51328 1.51993 1.51812 1.50808 1.49449 1.47355 1.45551 1.43077 1.39573 1.35204 1.30424 1.26661 1.25924 1.20583 1.15622 1.08789 1.05966 1.05992 1.06857 1.08912 1.09649 1.08831 1.07646 1.06032 1.02674 0.988016 0.977725 0.981176 0.95744 0.931 0.925564 0.910317 0.884165 0.860853 0.794039 0.758872 0.714151 0.707499 0.709204 0.717946 0.711496 0.702661 0.702991 0.696315 0.689755 0.683435 0.67675 0.669789 0.662332 0.653152 0.641599 0.618956 0.597696 0.57127 0.559583 0.54448 0.527929 0.492459
-9999 -9999 -9999 -9999 -9999 -9999 -9999 -9999 1.41639 1.43187 1.45085 1.46857 1.48534 1.49872 1.49012 1.49252 1.48202 1.47786 1.46454 1.44343 1.42074 1.38892 1.33764 1.29118 1.24113 1.23249 1.22332 1.09707 1.06401 1.01811 1.03343 1.05294 1.07032 1.07465 1.05028 1.05289 1.04155 1.02263 0.995525 0.958723 0.948666 0.917638 0.905075 0.902968 0.893296 0.878021 0.857572 0.8099 0.749497 0.699736 0.689919 0.690569 0.694912 0.699755 0.693506 0.688284 0.681037 0.674154 0.667728 0.661233 0.654394 0.646978 0.638431 0.619367 0.597714 0.581104 0.56091 0.550929 0.55144 0.524276 0.486549
