Test_Spring_2018/12_17/Prec/20171209_010.txt
ncols	170
nrows	115
xllcorner	350000.000000
yllcorner	4445000.000000
cellsize	1000.000000
nodata_value	-9999.000000
[rows 34 to 67 of 115, columns 75 to 149 of 170]
0.353175 0.339767 0.310518 0.307174 0.302117 0.299175 0.296278 0.294187 0.291982 0.290263 0.289363 0.289287 0.289765 0.292638 0.286347 0.280773 0.277946 0.275141 0.273348 0.272896 0.267562 0.264277 0.252409 0.246238 0.244944 0.242379 -9999 -9999 -9999 -9999 -9999 -9999 -9999 -9999 -9999 -9999 -9999 -9999 -9999 -9999 -9999 -9999 -9999 -9999 -9999 -9999 -9999 -9999 -9999 -9999 -9999 -9999 -9999 -9999 -9999 -9999 -9999 -9999 -9999 -9999 -9999 -9999 -9999 -9999 -9999 -9999 -9999 -9999 -9999 -9999 -9999 -9999 -9999 -9999 -9999
0.353817 0.340217 0.318695 0.307022 0.303505 0.300034 0.297287 0.295373 0.295166 0.292806 0.290186 0.28919 0.290079 0.290889 0.288871 0.281629 0.277248 0.274188 0.269842 0.268544 0.263872 0.2606 0.2534 0.24274 0.238581 0.235928 0.234694 -9999 -9999 -9999 -9999 -9999 -9999 -9999 -9999 -9999 -9999 -9999 -9999 -9999 -9999 -9999 -9999 -9999 -9999 -9999 -9999 -9999 -9999 -9999 -9999 -9999 -9999 -9999 -9999 -9999 -9999 -9999 -9999 -9999 -9999 -9999 -9999 -9999 -9999 -9999 -9999 -9999 -9999 -9999 -9999 -9999 -9999 -9999 -9999
0.347435 0.324852 0.320209 0.307869 0.304301 0.300821 0.298233 0.297337 0.295583 0.293053 0.291559 0.290866 0.289303 0.288653 0.287943 0.283712 0.276681 0.274605 0.268264 0.264492 0.259902 0.257332 0.248877 0.241335 0.235644 0.232284 0.229997 -9999 -9999 -9999 -9999 -9999 -9999 -9999 -9999 -9999 -9999 -9999 -9999 -9999 -9999 -9999 -9999 -9999 -9999 -9999 -9999 -9999 -9999 -9999 -9999 -9999 -9999 -9999 -9999 -9999 -9999 -9999 -9999 -9999 -9999 -9999 -9999 -9999 -9999 -9999 -9999 -9999 -9999 -9999 -9999 -9999 -9999 -9999 -9999
0.346893 0.325713 0.319943 0.308679 0.305537 0.301749 0.299269 0.297481 0.29554 0.293784 0.292164 0.291017 0.289858 0.288997 0.28592 0.280126 0.276329 0.272789 0.268169 0.262536 0.258181 0.251552 0.248327 0.245506 0.234666 0.231547 0.226282 0.222862 -9999 -9999 -9999 -9999 -9999 -9999 -9999 -9999 -9999 -9999 -9999 -9999 0.170017 -9999 -9999 -9999 -9999 -9999 -9999 -9999 -9999 -9999 -9999 -9999 -9999 -9999 -9999 -9999 -9999 -9999 -9999 -9999 -9999 0 -9999 -9999 -9999 -9999 -9999 -9999 -9999 -9999 -9999 -9999 -9999 -9999 -9999
0.328919 0.324448 0.319692 0.316927 0.306354 0.302546 0.300229 0.298439 0.29671 0.295574 0.293443 0.291717 0.290724 0.287998 0.283849 0.279777 0.275333 0.270716 0.266226 0.261729 0.257112 0.246577 0.242852 0.238367 0.230446 0.223317 0.219821 0.217646 0.21504 -9999 -9999 -9999 -9999 -9999 -9999 -9999 0.179739 0.177084 0.174206 0.170561 0.165502 0.163353 -9999 -9999 -9999 -9999 -9999 -9999 -9999 -9999 -9999 -9999 -9999 -9999 -9999 -9999 -9999 -9999 -9999 -9999 -9999 0 0 -9999 -9999 -9999 -9999 -9999 -9999 -9999 -9999 -9999 -9999 -9999 -9999
0.328353 0.324344 0.319721 0.315844 0.306438 0.303737 0.301161 0.299197 0.297728 0.296488 0.294221 0.292942 0.290816 0.288156 0.283639 0.279518 0.275583 0.271343 0.266655 0.262424 0.256747 0.244545 0.239346 0.234903 0.230507 0.217817 0.215971 0.214332 0.212215 -9999 -9999 -9999 -9999 -9999 -9999 0.176879 0.172769 0.169389 0.169023 0.164709 0.160366 0.15768 0.149579 -9999 -9999 -9999 -9999 -9999 -9999 -9999 -9999 -9999 -9999 -9999 -9999 -9999 -9999 0 0 0 0 0 0 -9999 -9999 -9999 -9999 -9999 -9999 -9999 -9999 -9999 -9999 -9999 -9999
0.328219 0.323793 0.3196 0.316496 0.30613 0.304287 0.302138 0.300349 0.298648 0.296913 0.295895 0.294008 0.292905 0.288265 0.284728 0.281014 0.277928 0.273475 0.270498 0.265608 0.253471 0.244195 0.238549 0.23456 0.231402 0.225787 0.213927 0.209134 0.206193 -9999 -9999 -9999 -9999 -9999 -9999 0.171198 0.16732 0.163843 0.16159 0.161483 0.15625 0.147812 0.14627 0.14329 0.138485 0.134248 0.125341 0.117748 0.11436 0.112269 0.108801 -9999 -9999 -9999 -9999 0 0 0 0 0 0 0 0 -9999 -9999 -9999 -9999 -9999 -9999 -9999 -9999 -9999 -9999 -9999 -9999
0.327377 0.323707 0.320636 0.316783 0.307067 0.30517 0.310503 0.308535 0.306533 0.304503 0.302697 0.301195 0.298451 0.29559 0.292743 0.291843 0.290914 0.284573 0.272849 0.26909 0.254339 0.244598 0.238384 0.234312 0.230878 0.220976 0.208666 0.203982 0.203867 -9999 -9999 -9999 0.181663 0.176086 0.173416 0.170738 0.166825 0.16364 0.157014 0.154326 0.150339 0.1454 0.14406 0.142628 0.138707 0.132222 0.128032 0.116284 0.113101 0.11119 0.110655 0.107331 0.104439 0.101857 0 0 0 0 0 0 0 0 0 -9999 -9999 -9999 -9999 -9999 -9999 -9999 -9999 -9999 -9999 -9999 -9999
0.33075 0.326943 0.328042 0.325089 0.321443 0.313677 0.311039 0.308994 0.307968 0.305293 0.303365 0.301305 0.299131 0.296726 0.295886 0.295438 0.294402 0.290902 0.283794 0.27978 0.267115 0.257071 0.23889 0.235035 0.230528 0.222423 0.211985 0.204463 0.201225 -9999 -9999 0.184415 0.175843 0.169536 0.165612 0.163487 0.162262 0.159076 0.157944 0.154435 0.151939 0.149879 0.146962 0.140356 0.136394 0.134337 0.13069 0.121247 0.114661 0.111835 0.109414 0.106566 0.10417 0.101822 0 0 0 0 0 0 0 0 0 -9999 -9999 -9999 -9999 -9999 -9999 -9999 -9999 -9999 -9999 -9999 -9999
0.337111 0.333247 0.330272 0.326474 0.32148 0.314869 0.311616 0.309367 0.308178 0.306818 0.304094 0.302101 0.299886 0.297356 0.296446 0.295304 0.294857 0.292146 0.287112 0.281215 0.272156 0.262756 0.254111 0.245114 0.234902 0.216796 0.207063 0.200783 0.194642 0.190251 -9999 0.178446 0.17251 0.165721 0.160406 0.15703 0.157059 0.154027 0.153058 0.149443 0.149206 0.146424 0.146802 0.144229 0.141453 0.136422 0.127503 0.11922 0.116012 0.110968 0.10853 0.106189 0.103993 0.101798 0 0 0 0 0 0 0 0 0 -9999 -9999 -9999 -9999 -9999 -9999 -9999 -9999 -9999 -9999 -9999 -9999
0.336026 0.332748 0.329473 0.32612 0.322829 0.315859 0.311516 0.309462 0.307862 0.307814 0.305911 0.303697 0.300567 0.298058 0.295162 0.29287 0.293283 0.289353 0.28595 0.282102 0.271864 0.262242 0.250019 0.24001 0.231228 0.222425 0.211993 0.195634 0.189876 0.185859 0.179352 0.17214 0.166676 0.161321 0.155517 0.151739 0.150107 0.149545 0.147224 0.146304 0.148308 0.145396 0.14386 0.142225 0.1394 0.136088 0.131503 0.123358 0.114929 0.111843 0.107905 0.105727 0.103668 0.101603 0 0 0 0 0 0 0 0 0 -9999 -9999 -9999 -9999 -9999 -9999 -9999 -9999 -9999 -9999 -9999 -9999
0.337254 0.334569 0.331466 0.327775 0.323859 0.316148 0.313688 0.310801 0.307796 0.30759 0.307573 0.304322 0.301699 0.298663 0.295667 0.292196 0.29185 0.288657 0.284051 0.279836 0.266916 0.256443 0.246218 0.236097 0.228614 0.220851 0.211349 0.204393 0.194352 0.182652 0.174039 0.16752 0.159902 0.154664 0.152138 0.150786 0.146596 0.144888 0.145843 0.14493 0.146148 0.142911 0.142194 0.13948 0.13669 0.133387 0.13286 0.122603 0.119237 0.114144 0.108267 0.105092 0.103162 0.101212 0 0 0 0 0 0 0 0 0 -9999 -9999 -9999 -9999 -9999 -9999 -9999 -9999 -9999 -9999 -9999 -9999
-9999 0.335054 0.33171 0.328365 0.324575 0.316074 0.313107 0.310458 0.308315 0.306992 0.306484 0.305189 0.302943 0.302237 0.298051 0.292649 0.288311 0.283202 0.280467 0.271787 0.261122 0.251903 0.244059 0.234952 0.225295 0.217569 0.206421 0.199479 0.192177 0.182706 0.170787 0.159263 0.151627 0.147502 0.147262 0.145882 0.144123 0.142424 0.141982 0.142719 0.144282 0.141218 0.141247 0.13728 0.134294 0.131774 0.128813 0.121473 0.117242 0.113718 0.109187 0.106088 0.102457 0.100636 0 0 0 0 0 0 0 0 0 -9999 -9999 -9999 -9999 -9999 -9999 -9999 -9999 -9999 -9999 -9999 -9999
-9999 0.33635 0.333267 0.329271 0.32348 0.315793 0.312738 0.310377 0.3079 0.306306 0.305853 0.305448 0.304966 0.304554 0.300783 0.294617 0.288725 0.283282 0.280122 0.267946 0.259566 0.250824 0.243558 0.234614 0.223864 0.21556 0.204432 0.195554 0.18866 0.17695 0.166624 0.157581 0.148355 0.143139 0.14095 0.141696 0.140896 0.139051 0.13996 0.142131 0.142228 0.140077 0.140838 0.136187 0.132691 0.129935 0.126117 0.119303 0.115633 0.111749 0.108083 0.104894 0.102365 0 0 0 0 0 0 0 0 0 0 -9999 -9999 -9999 -9999 -9999 -9999 -9999 -9999 -9999 -9999 -9999 -9999
-9999 -9999 0.334961 0.329616 0.322891 0.315645 0.313089 0.309835 0.307405 0.305924 0.30453 0.304448 0.305013 0.307574 0.303717 0.297883 0.290095 0.283042 0.277058 0.267656 0.260515 0.254989 0.247993 0.23678 0.225128 0.215519 0.203402 0.194677 0.181418 0.169205 0.158394 0.150591 0.146394 0.141419 0.138305 0.139084 0.138057 0.137121 0.139011 0.140295 0.141013 0.139093 0.137643 0.135349 0.131174 0.128815 0.124526 0.117488 0.114162 0.110557 0.107091 0.103876 0.1013 0 0 0 0 0 0 0 0 0 0 0 -9999 -9999 -9999 -9999 -9999 -9999 -9999 -9999 -9999 -9999 -9999
-9999 -9999 0.337228 0.333034 0.325606 0.317813 0.313203 0.309533 0.306946 0.305778 0.30429 0.30499 0.303904 0.306199 0.305409 0.300505 0.297125 0.287125 0.276609 0.267195 0.267298 0.260674 0.252189 0.240002 0.227783 0.216038 0.20591 0.195115 0.179643 0.166953 0.156451 0.14832 0.143453 0.140978 0.137127 0.135718 0.135258 0.136422 0.137316 0.139663 0.14093 0.137048 0.136539 0.134535 0.13032 0.12841 0.123427 0.1165 0.113474 0.110157 0.106167 0.103112 0.100451 0 0 0 0 0 0 0 0 0 0 0 0 0 -9999 -9999 -9999 -9999 -9999 -9999 -9999 -9999 -9999
-9999 -9999 -9999 0.337225 0.328148 0.318822 0.314525 0.309719 0.306761 0.30485 0.303669 0.304272 0.304617 0.306388 0.308433 0.307124 0.296114 0.285103 0.275991 0.266133 0.265003 0.258351 0.247972 0.234933 0.224471 0.213277 0.202284 0.191505 0.181934 0.171148 0.159466 0.151108 0.14429 0.140029 0.139058 0.138639 0.135634 0.136361 0.137006 0.13781 0.138135 0.136488 0.133875 0.132586 0.129312 0.126314 0.122888 0.115957 0.113402 0.109396 0.105632 0.102536 0 0 0 0 0 0 0 0 0 0 0 0 0 0 0 -9999 -9999 -9999 -9999 -9999 -9999 -9999 -9999
-9999 -9999 -9999 0.340722 0.331669 0.322012 0.315435 0.310662 0.306955 0.304343 0.302761 0.30253 0.303452 0.303809 0.306321 0.308581 0.296244 0.285012 0.275763 0.268817 0.263406 0.252464 0.243765 0.232331 0.223439 0.212686 0.199413 0.189832 0.181167 0.173125 0.166888 0.155237 0.14796 0.143032 0.140928 0.140662 0.141696 0.138295 0.137878 0.140596 0.138805 0.135419 0.133967 0.131932 0.129226 0.126115 0.122655 0.115487 0.112082 0.10926 0.103283 0 0 0 0 0 0 0 0 0 0 0 0 0 0 0 0 0 0 0 -9999 -9999 -9999 -9999 -9999
-9999 -9999 -9999 0.349732 0.338102 0.324533 0.317877 0.311741 0.30793 0.304765 0.303316 0.301738 0.301603 0.301336 0.30204 0.303994 0.303463 0.291689 0.277996 0.268849 0.257569 0.248999 0.241019 0.23216 0.221473 0.210157 0.198332 0.189356 0.182312 0.1749 0.168232 0.158062 0.152935 0.15029 0.144601 0.144475 0.145534 0.148526 0.144312 0.144495 0.142869 0.13813 0.137742 0.134192 0.13029 0.12661 0.123009 0.115717 0.108865 0.106047 0.10178 0 0 0 0 0 0 0 0 0 0 0 0 0 0 0 0 0 0 0 0 -9999 -9999 -9999 -9999
-9999 -9999 -9999 0.351307 0.336585 0.327583 0.320551 0.313951 0.310032 0.305874 0.303288 0.301582 0.300978 0.300866 0.300866 0.302051 0.301627 0.293626 0.280735 0.270526 0.257375 0.24995 0.240985 0.231634 0.22204 0.211613 0.198714 0.190033 0.183987 0.177067 0.172128 0.161685 0.156592 0.154157 0.150238 0.149744 0.153264 0.156515 0.157692 0.1475 0.148787 0.144796 0.140665 0.137252 0.131639 0.12488 0.121379 0.11261 0.109403 0.104357 0.101633 0 0 0 0 0 0 0 0 0 0 0 0 0 0 0 0 0 0 0 0 0 -9999 -9999 -9999
-9999 -9999 -9999 0.356584 0.340556 0.332196 0.323356 0.316516 0.311872 0.307713 0.304769 0.303072 0.301321 0.300134 0.299669 0.298166 0.297402 0.297066 0.285557 0.274857 0.261376 0.254111 0.243139 0.233429 0.224081 0.214666 0.203585 0.194349 0.1878 0.180446 0.174678 0.166352 0.161741 0.158499 0.156515 0.158178 0.161663 0.164814 0.1628 0.163327 0.151286 0.149612 0.140724 0.136234 0.132734 0.127534 0.125249 0.114254 0.108163 0.104954 0.101939 0 0 0 0 0 0 0 0 0 0 0 0 0 0 0 0 0 0 0 0 0 0 -9999 -9999
-9999 -9999 -9999 -9999 0.349225 0.338511 0.329224 0.322514 0.317038 0.312715 0.309567 0.307119 0.304876 0.302964 0.301737 0.300714 0.300533 0.2989 0.292412 0.281688 0.269317 0.260155 0.247818 0.237402 0.229717 0.222193 0.209692 0.197682 0.189266 0.181824 0.175346 0.172645 0.168366 0.165585 0.16503 0.169299 0.16652 0.168104 0.16725 0.167751 0.151823 0.147254 0.142466 0.138805 0.135494 0.13475 0.125822 0.116469 0.112141 0.10916 0.105354 0 0 0 0 0 0 0 0 0 0 0 0 0 0 0 0 0 0 0 0 0 0 0 -9999
-9999 -9999 -9999 -9999 0.35252 0.342889 0.33269 0.327201 0.32166 0.316445 0.31323 0.311015 0.308823 0.30666 0.304518 0.303785 0.302602 0.300791 0.296737 0.290658 0.275227 0.265648 0.252651 0.243138 0.234655 0.22738 0.220214 0.207786 0.196491 0.18894 0.182757 0.181104 0.175621 0.174021 0.174021 0.172642 0.172263 0.173618 0.171158 0.171871 0.169577 0.150218 0.146399 0.143035 0.138304 0.137235 0.128733 0.118975 0.114328 0.111079 0.106416 0.102798 0 0 0 0 0 0 0 0 0 0 0 0 0 0 0 0 0 0 0 0 0 0 -9999
-9999 -9999 -9999 -9999 0.355119 0.347774 0.338591 0.330894 0.327495 0.322072 0.317754 0.315585 0.31354 0.311475 0.308665 0.307987 0.30724 0.305427 0.303518 0.297495 0.289156 0.26891 0.258049 0.249396 0.241703 0.232641 0.22323 0.212591 0.203664 0.196328 0.190436 0.185826 0.181647 0.179309 0.176793 0.176366 0.177613 0.177092 0.174511 0.176347 0.174166 0.170639 0.150545 0.145457 0.141333 0.140869 0.125928 0.120216 0.115687 0.111319 0.107574 0.104207 0.100795 0 0 0 0 0 0 0 0 0 0 0 0 0 0 0 0 0 0 0 0 0 -9999
-9999 -9999 -9999 -9999 0.358234 0.351618 0.343536 0.337426 0.333926 0.328402 0.323094 0.320232 0.318168 0.315223 0.312924 0.311628 0.310241 0.30867 0.3051 0.302819 0.293509 0.274055 0.263971 0.254999 0.245769 0.238917 0.229314 0.219997 0.212181 0.203744 0.197767 0.193016 0.190928 0.188141 0.184127 0.181688 0.180036 0.180007 0.177861 0.177101 0.175349 0.173367 0.152431 0.148325 0.145116 0.136863 0.125673 0.121125 0.116983 0.112917 0.109453 0.105893 0.102275 0 0 0 0 0 0 0 0 0 0 0 0 0 0 0 0 0 0 0 0 0 0
-9999 -9999 -9999 -9999 0.363387 0.35682 0.349848 0.345412 0.342433 0.33506 0.329325 0.326253 0.323568 0.320794 0.320031 0.315954 0.312262 0.310214 0.308906 0.30749 0.300991 0.28493 0.270608 0.261976 0.254274 0.247932 0.239649 0.229755 0.220522 0.211625 0.205169 0.200672 0.200018 0.200139 0.194411 0.188943 0.185931 0.183739 0.183185 0.18116 0.178996 0.177654 0.170963 0.152859 0.148936 0.13223 0.128043 0.123295 0.118774 0.115924 0.112365 0.107935 0.104021 0.100758 0 0 0 0 0 0 0 0 0 0 0 0 0 0 0 0 0 0 0 0 0
-9999 -9999 -9999 -9999 0.369699 0.364732 0.358337 0.354407 0.349189 0.342318 0.33743 0.333427 0.330226 0.32715 0.324641 0.32128 0.318286 0.316096 0.314478 0.312842 0.309344 0.301396 0.278734 0.267301 0.262356 0.256638 0.247505 0.237706 0.226841 0.218264 0.212297 0.207348 0.203457 0.202299 0.202171 0.198533 0.193236 0.191609 0.190326 0.186179 0.183199 0.181503 0.179267 0.155069 0.145944 0.135572 0.131552 0.126529 0.1207 0.117015 0.11377 0.109416 0.10606 0.102717 0 0 0 0 0 0 0 0 0 0 0 0 0 0 0 0 0 0 0 0 0
-9999 -9999 -9999 -9999 0.377459 0.372348 0.366672 0.361032 0.355348 0.349903 0.347112 0.342558 0.33935 0.334888 0.331173 0.327979 0.32445 0.32157 0.320715 0.318697 0.31669 0.308822 0.28924 0.27422 0.268951 0.265661 0.254647 0.243533 0.233201 0.225117 0.221346 0.214483 0.209896 0.20668 0.204837 0.204487 0.200723 0.199785 0.196385 0.191528 0.187564 0.184215 0.181429 0.172078 0.147715 0.138125 0.134463 0.129527 0.12423 0.118998 0.115354 0.11167 0.108315 0.10493 0.101454 0 0 0 0 0 0 0 0 0 0 0 0 0 0 0 0 0 0 0 0
-9999 -9999 -9999 -9999 -9999 0.379001 0.373695 0.369263 0.366874 0.36215 0.358337 0.354437 0.350995 0.343935 0.339581 0.335665 0.331679 0.328064 0.325657 0.321769 0.319257 0.315329 0.295033 0.284053 0.275471 0.268587 0.259886 0.249059 0.238439 0.232198 0.229664 0.224214 0.2189 0.21311 0.209545 0.210271 0.208752 0.206893 0.201606 0.196253 0.192032 0.18808 0.184468 0.167342 0.14464 0.139076 0.134087 0.130304 0.125614 0.121307 0.117722 0.114201 0.110825 0.107385 0.103871 0.100281 0 0 0 0 0 0 0 0 0 0 0 0 0 0 0 0 0 0 0
-9999 -9999 -9999 -9999 -9999 0.387112 0.381714 0.38 0.379067 0.379281 0.37656 0.367878 0.363508 0.356493 0.349019 0.344239 0.33981 0.335591 0.331214 0.327661 0.325226 0.321644 0.311984 0.292266 0.277587 0.269447 0.261254 0.25213 0.245567 0.242822 0.24027 0.233787 0.228178 0.220186 0.215215 0.211668 0.21039 0.209554 0.20714 0.200951 0.196514 0.192218 0.18802 0.176456 0.161904 0.140975 0.136122 0.131759 0.127886 0.123732 0.120231 0.116874 0.113477 0.11007 0.106558 0.102963 0 0 0 0 0 0 0 0 0 0 0 0 0 0 0 0 0 0 0
-9999 -9999 -9999 -9999 -9999 -9999 -9999 -9999 -9999 -9999 0.386956 0.383339 0.375711 0.368087 0.359124 0.353732 0.34864 0.343127 0.339164 0.335156 0.32799 0.318106 0.316283 0.296601 0.282679 0.273099 0.265345 0.257966 0.253128 0.250019 0.24824 0.241618 0.233506 0.225338 0.220983 0.216528 0.213685 0.211475 0.211886 0.205356 0.200783 0.196018 0.191589 0.176664 0.16455 0.143548 0.139778 0.13487 0.129884 0.126293 0.122891 0.11958 0.116281 0.112962 0.109501 0.105887 0.102105 0 0 0 0 0 0 0 0 0 0 0 0 0 0 0 0 0 0
-9999 -9999 -9999 -9999 -9999 -9999 -9999 -9999 -9999 -9999 0.40199 0.400316 0.387565 0.379452 0.370652 0.364165 0.358545 0.352602 0.346425 0.340141 0.33452 0.327155 0.321634 0.308947 0.287928 0.278922 0.271837 0.267073 0.26119 0.258328 0.254967 0.24657 0.238634 0.230985 0.226009 0.22186 0.217686 0.217314 0.216036 0.210738 0.205469 0.199602 0.187692 0.179888 0.174061 0.146122 0.140952 0.136411 0.132425 0.128794 0.125571 0.122386 0.119215 0.116037 0.112662 0.109036 0.105168 0.100963 0 0 0 0 0 0 0 0 0 0 0 0 0 0 0 0 0
-9999 -9999 -9999 -9999 -9999 -9999 -9999 -9999 -9999 -9999 -9999 0.414417 0.402633 0.392545 0.382747 0.375105 0.368312 0.361167 0.354003 0.34697 0.339109 0.330499 0.325545 0.316157 0.297971 0.286018 0.278364 0.274642 0.270067 0.264242 0.258235 0.250956 0.242874 0.235709 0.230593 0.229199 0.222338 0.218381 0.216175 0.213116 0.209389 0.203108 0.187927 0.182895 0.176692 0.162544 0.144607 0.138992 0.13567 0.131273 0.128207 0.125205 0.122222 0.119129 0.115863 0.112309 0.108439 0.104136 0 0 0 0 0 0 0 0 0 0 0 0 0 0 0 0 0
-9999 -9999 -9999 -9999 -9999 -9999 -9999 -9999 -9999 -9999 -9999 0.425396 0.417689 0.40575 0.395973 0.386497 0.378539 0.370273 0.36132 0.352681 0.341151 0.334926 -9999 -9999 -9999 -9999 -9999 -9999 0.2761 0.265181 0.256752 0.251317 0.245339 0.239095 0.23445 0.232544 0.230521 0.222607 0.218279 0.21405 0.210503 0.204629 0.192007 0.185275 0.177956 0.171439 0.14724 0.142766 0.137318 0.133625 0.130771 0.127991 0.12524 0.122319 0.119121 0.115677 0.111807 0.107424 0.104479 0 0 0 0 0 0 0 0 0 0 0 0 0 0 0 0
