Test_Spring_2018/12_17/Prec/20171217_006.txt
ncols	170
nrows	115
xllcorner	350000.000000
yllcorner	4445000.000000
cellsize	1000.000000
nodata_value	-9999.000000
[rows 31 to 61 of 115, columns 70 to 139 of 170]
0.181522 0.17955 0.181587 0.190082 0.194414 0.199199 0.20997 0.215329 0.234856 0.240524 0.249515 0.2551 0.262409 0.272145 0.277927 0.292157 0.33152 0.323971 0.322783 0.336372 0.333649 0.327456 0.339544 0.368404 0.383367 0.405111 0.414825 0.431841 0.450909 -9999 -9999 -9999 -9999 -9999 -9999 -9999 -9999 -9999 -9999 -9999 -9999 -9999 -9999 -9999 -9999 -9999 -9999 -9999 -9999 -9999 -9999 -9999 -9999 -9999 -9999 -9999 -9999 -9999 -9999 -9999 -9999 -9999 -9999 -9999 -9999 -9999 -9999 -9999 -9999 -9999
0.184142 0.185165 0.189393 0.19753 0.196056 0.195237 0.221148 0.236521 0.238171 0.242802 0.250242 0.261544 0.26795 0.274172 0.279086 0.291432 0.320464 0.346878 0.337164 0.33985 0.351699 0.339372 0.351157 0.376456 0.410846 0.398474 0.407104 0.450968 0.470312 -9999 -9999 -9999 -9999 -9999 -9999 -9999 -9999 -9999 -9999 -9999 -9999 -9999 -9999 -9999 -9999 -9999 -9999 -9999 -9999 -9999 -9999 -9999 -9999 -9999 -9999 -9999 -9999 -9999 -9999 -9999 -9999 -9999 -9999 -9999 -9999 -9999 -9999 -9999 -9999 -9999
0.194897 0.191861 0.197737 0.203523 0.198995 0.203729 0.218435 0.236903 0.241976 0.245439 0.250989 0.258231 0.264774 0.271228 0.281929 0.295693 0.321021 0.35072 0.359688 0.349509 0.351909 0.35297 0.363838 0.376822 0.395334 0.387111 0.386446 0.415492 0.45539 0.483477 -9999 -9999 -9999 -9999 -9999 -9999 -9999 -9999 -9999 -9999 -9999 -9999 -9999 -9999 -9999 -9999 -9999 -9999 -9999 -9999 -9999 -9999 -9999 -9999 -9999 -9999 -9999 -9999 -9999 -9999 -9999 -9999 -9999 -9999 -9999 -9999 -9999 -9999 -9999 -9999
0.207884 0.200046 0.206881 0.219545 0.21848 0.218957 0.233632 0.251434 0.255088 0.249097 0.254057 0.258699 0.267112 0.274357 0.283736 0.297153 0.314747 0.335205 0.368627 0.352612 0.340745 0.344128 0.348085 0.358026 0.375733 0.367505 0.370757 0.41267 0.457372 0.473409 0.482221 -9999 -9999 -9999 -9999 -9999 -9999 -9999 -9999 -9999 -9999 -9999 -9999 -9999 -9999 -9999 -9999 -9999 -9999 -9999 -9999 -9999 -9999 -9999 -9999 -9999 -9999 -9999 -9999 -9999 -9999 -9999 -9999 -9999 -9999 -9999 -9999 -9999 -9999 -9999
-9999 0.209967 0.216647 0.231199 0.230109 0.227455 0.231251 0.244299 0.254789 0.256337 0.257618 0.262269 0.270898 0.2883 0.293701 0.297495 0.310034 0.3329 0.355645 0.363537 0.34375 0.340123 0.344387 0.342471 0.357806 0.355589 0.361557 0.38228 0.426346 0.456945 0.468097 0.486413 -9999 -9999 -9999 -9999 -9999 -9999 -9999 -9999 -9999 -9999 -9999 -9999 -9999 -9999 -9999 -9999 -9999 -9999 -9999 -9999 -9999 -9999 -9999 -9999 -9999 -9999 -9999 -9999 -9999 -9999 -9999 -9999 -9999 -9999 -9999 -9999 -9999 -9999
-9999 -9999 -9999 -9999 0.244726 0.248439 0.250464 0.253558 0.25984 0.260452 0.260979 0.265749 0.279146 0.287498 0.291401 0.300867 0.31484 0.324507 0.33971 0.355371 0.352905 0.336311 0.347599 0.336907 0.341175 0.341996 0.354603 0.396776 0.432474 0.458459 0.468749 0.484183 -9999 -9999 -9999 -9999 -9999 -9999 -9999 -9999 -9999 -9999 -9999 -9999 -9999 -9999 -9999 -9999 -9999 -9999 -9999 -9999 -9999 -9999 -9999 -9999 -9999 -9999 -9999 -9999 -9999 -9999 -9999 -9999 -9999 -9999 -9999 -9999 -9999 -9999
-9999 -9999 -9999 -9999 -9999 0.252711 0.2568 0.249162 0.264686 0.267071 0.265287 0.26992 0.277736 0.284325 0.291734 0.299964 0.31113 0.32289 0.33717 0.340599 0.330628 0.332861 0.337954 0.338661 0.335304 0.340171 0.367657 0.406314 0.423045 0.470037 0.484784 0.487048 0.498195 -9999 -9999 -9999 -9999 -9999 -9999 -9999 -9999 -9999 -9999 -9999 -9999 0.508979 -9999 -9999 -9999 -9999 -9999 -9999 -9999 -9999 -9999 -9999 -9999 -9999 -9999 -9999 -9999 -9999 -9999 -9999 -9999 -9999 0.663223 -9999 -9999 -9999
-9999 -9999 -9999 -9999 0.242592 0.252492 0.251911 0.249629 0.261535 0.271574 0.269092 0.273889 0.280886 0.287769 0.297711 0.302462 0.309963 0.322341 0.32659 0.324654 0.324856 0.324886 0.325887 0.329466 0.334835 0.341252 0.373483 0.388648 0.400193 0.435975 0.460016 0.474942 0.495572 0.512173 -9999 -9999 -9999 -9999 -9999 -9999 -9999 0.501712 0.505802 0.509333 0.509762 0.503859 0.515123 -9999 -9999 -9999 -9999 -9999 -9999 -9999 -9999 -9999 -9999 -9999 -9999 -9999 -9999 -9999 -9999 -9999 -9999 -9999 0.654022 0.670682 -9999 -9999
-9999 -9999 -9999 -9999 0.254374 0.25165 0.253617 0.252066 0.254037 0.272344 0.275282 0.277934 0.283101 0.290426 0.298829 0.301939 0.311121 0.316895 0.321369 0.317724 0.318405 0.322431 0.327213 0.331967 0.34149 0.345332 0.369836 0.381012 0.396884 0.413128 0.449846 0.476945 0.503317 0.524915 -9999 -9999 -9999 -9999 -9999 -9999 0.496024 0.490231 0.488388 0.503473 0.49831 0.494461 0.501197 0.531247 -9999 -9999 -9999 -9999 -9999 -9999 -9999 -9999 -9999 -9999 -9999 -9999 -9999 -9999 0.579706 0.595862 0.626576 0.643637 0.655114 0.670596 -9999 -9999
-9999 -9999 -9999 -9999 0.257215 0.253377 0.253249 0.254153 0.260343 0.26992 0.278321 0.282498 0.287645 0.292621 0.297203 0.305971 0.310917 0.321539 0.314969 0.316744 0.320252 0.330039 0.335401 0.351704 0.360498 0.382287 0.374356 0.38736 0.410065 0.437383 0.476809 0.488737 0.500962 0.52047 -9999 -9999 -9999 -9999 -9999 -9999 0.492433 0.485919 0.481471 0.484292 0.499971 0.489592 0.510513 0.525758 0.534481 0.534163 0.537258 0.553226 0.555038 0.557535 0.565778 0.565388 -9999 -9999 -9999 -9999 0.574972 0.576106 0.57742 0.585182 0.618412 0.64207 0.663883 0.675249 -9999 -9999
-9999 -9999 -9999 -9999 0.250885 0.251521 0.255749 0.262955 0.265227 0.275941 0.283558 0.28584 0.291485 0.296137 0.300063 0.304986 0.311801 0.312693 0.314328 0.317978 0.334624 0.354013 0.347364 0.36219 0.395916 0.388296 0.382063 0.396459 0.423295 0.453701 0.473884 0.483077 0.498841 0.517957 -9999 -9999 -9999 0.511137 0.499311 0.49997 0.498184 0.488311 0.48201 0.479344 0.479194 0.49147 0.509734 0.525369 0.541966 0.546094 0.536789 0.539765 0.553165 0.555869 0.56403 0.566605 0.565278 0.565527 0.567128 0.569881 0.571604 0.572646 0.57464 0.581764 0.611523 0.629793 0.642699 0.680164 -9999 -9999
-9999 -9999 -9999 -9999 0.254025 0.255713 0.258989 0.262255 0.269641 0.273024 0.285179 0.290736 0.295703 0.30517 0.304936 0.30836 0.311216 0.314229 0.317473 0.33135 0.350172 0.369186 0.37868 0.383141 0.399582 0.402944 0.396542 0.408536 0.428407 0.456056 0.463792 0.479426 0.508713 0.531724 -9999 -9999 0.53557 0.511026 0.494175 0.48636 0.485424 0.487671 0.47886 0.481859 0.473647 0.487841 0.517754 0.523238 0.540125 0.5439 0.547883 0.553487 0.557162 0.55746 0.560452 0.564239 0.564504 0.566351 0.568074 0.569603 0.572722 0.572966 0.574035 0.578882 0.600815 0.612835 0.631328 0.67848 -9999 -9999
-9999 -9999 -9999 -9999 0.252611 0.253964 0.255273 0.262614 0.266245 0.277978 0.294513 0.294475 0.300292 0.308504 0.314776 0.313073 0.315302 0.317042 0.318593 0.331276 0.345847 0.368007 0.382304 0.397675 0.405973 0.425877 0.424751 0.431021 0.438065 0.440414 0.455198 0.477897 0.493646 0.523465 0.537949 -9999 0.534045 0.523344 0.502739 0.485648 0.475735 0.482316 0.47182 0.473302 0.474931 0.485792 0.509209 0.524645 0.533171 0.542716 0.541586 0.546252 0.554498 0.557556 0.561324 0.564301 0.566435 0.568348 0.569799 0.570772 0.571722 0.572614 0.57395 0.576438 0.587321 0.603399 0.627583 0.676725 -9999 -9999
-9999 -9999 -9999 0.25819 0.253461 0.251136 0.255743 0.261885 0.268588 0.275985 0.289102 0.297498 0.302624 0.309896 0.322791 0.324799 0.324898 0.320619 0.321202 0.322179 0.329841 0.356391 0.37053 0.387416 0.40737 0.424416 0.425271 0.415886 0.421607 0.436205 0.451808 0.476221 0.492366 0.509406 0.541654 0.540323 0.528707 0.520108 0.50612 0.48467 0.470461 0.46569 0.466158 0.468147 0.470897 0.487139 0.506215 0.517244 0.530678 0.540133 0.548762 0.551562 0.559854 0.559742 0.561804 0.566159 0.568424 0.570183 0.571336 0.571962 0.572465 0.57317 0.573815 0.57487 0.580193 0.595716 0.633263 0.667882 -9999 -9999
-9999 -9999 -9999 -9999 0.256745 0.26064 0.268535 0.275996 0.281516 0.286382 0.294652 0.301706 0.304891 0.312465 0.325192 0.336863 0.330569 0.328064 0.324751 0.324179 0.324651 0.350941 0.363843 0.374922 0.394182 0.397782 0.396739 0.401371 0.410134 0.435761 0.461224 0.494233 0.519737 0.52399 0.540116 0.536881 0.52922 0.508527 0.49414 0.488889 0.48591 0.465213 0.464657 0.469882 0.470311 0.485494 0.500797 0.515797 0.523288 0.533146 0.542309 0.567763 0.563955 0.569884 0.564973 0.566859 0.569913 0.571648 0.572579 0.573199 0.573468 0.573765 0.574061 0.577187 0.580515 0.591701 0.636448 0.667144 -9999 -9999
-9999 -9999 -9999 -9999 -9999 -9999 0.27365 0.280108 0.288065 0.294397 0.29797 0.303029 0.308164 0.314019 0.322151 0.33513 0.338893 0.33768 0.346071 0.338486 0.329872 0.330669 0.333018 0.354489 0.372385 0.36691 0.37467 0.394651 0.411762 0.428819 0.457906 0.484884 0.513637 0.535548 0.538784 0.52 0.505393 0.484231 0.475045 0.480959 0.476345 0.469616 0.460903 0.460043 0.468008 0.483913 0.498572 0.517228 0.517849 0.526833 0.540674 0.55359 0.565135 0.566955 0.571039 0.567531 0.569242 0.572568 0.573592 0.57403 0.574181 0.57426 0.576479 0.577981 0.580145 0.583241 0.629217 0.672165 -9999 -9999
-9999 -9999 -9999 -9999 -9999 -9999 0.282483 0.29051 0.295359 0.291502 0.299462 0.30483 0.312294 0.31701 0.324147 0.335167 0.345068 0.352973 0.362792 0.357019 0.342232 0.333966 0.334063 0.353094 0.351882 0.359543 0.371041 0.395665 0.415497 0.428752 0.457011 0.486063 0.506545 0.532641 0.525394 0.516402 0.503661 0.481239 0.465637 0.459871 0.46727 0.462967 0.452355 0.457733 0.472474 0.479633 0.498178 0.520479 0.517304 0.523639 0.536506 0.545257 0.559471 0.564828 0.567447 0.569016 0.570489 0.572723 0.574372 0.574793 0.574774 0.575475 0.576422 0.577764 0.579905 0.582846 0.613762 0.672661 -9999 -9999
-9999 -9999 -9999 -9999 -9999 -9999 -9999 0.300568 0.298318 0.289808 0.300518 0.309327 0.312778 0.318543 0.32698 0.333405 0.344855 0.358605 0.384154 0.377426 0.3638 0.344586 0.335331 0.338559 0.352031 0.366351 0.395444 0.421965 0.430181 0.439393 0.461566 0.486148 0.508488 0.501106 0.491951 0.480933 0.475275 0.477513 0.464261 0.45402 0.460414 0.454466 0.448313 0.458505 0.467966 0.478042 0.497396 0.507498 0.516946 0.519599 0.534729 0.54116 0.554213 0.561795 0.566321 0.569355 0.571008 0.573192 0.574571 0.574967 0.575344 0.575588 0.576464 0.577921 0.580045 0.58296 0.588875 0.625081 0.646222 -9999
-9999 -9999 -9999 -9999 -9999 -9999 -9999 0.31239 0.316298 0.304103 0.312496 0.310822 0.312795 0.318562 0.329537 0.336455 0.352925 0.357985 0.381421 0.392564 0.383524 0.387526 0.361559 0.33944 0.352465 0.405145 0.427541 0.44535 0.447726 0.453383 0.463578 0.498654 0.509586 0.490092 0.478283 0.468952 0.461618 0.460807 0.461202 0.444532 0.444594 0.441977 0.44739 0.452323 0.467594 0.480611 0.489533 0.504573 0.515424 0.517715 0.535161 0.537792 0.551686 0.561079 0.567427 0.567942 0.570808 0.572871 0.574553 0.575082 0.575296 0.576162 0.576802 0.578227 0.5805 0.58321 0.586865 0.599766 0.61874 0.629027
-9999 -9999 -9999 -9999 -9999 -9999 -9999 -9999 0.336613 0.315297 0.316224 0.316682 0.313147 0.317716 0.327935 0.336427 0.352603 0.366137 0.387232 0.411026 0.425599 0.387802 0.35556 0.339995 0.350283 0.394774 0.415433 0.421351 0.417435 0.430877 0.442325 0.471343 0.480977 0.492224 0.489809 0.477305 0.466232 0.454233 0.445632 0.445519 0.440988 0.442482 0.446369 0.450681 0.45816 0.46645 0.488262 0.491852 0.506377 0.513479 0.524713 0.535438 0.549698 0.56162 0.564346 0.566311 0.569296 0.57279 0.57407 0.574599 0.574857 0.575184 0.57747 0.578907 0.580982 0.583847 0.587211 0.597166 0.603848 0.617456
-9999 -9999 -9999 -9999 -9999 -9999 -9999 -9999 0.351138 0.329437 0.329448 0.317756 0.318066 0.320174 0.324183 0.331586 0.344347 0.362014 0.376282 0.403169 0.431082 0.393176 0.359755 0.342306 0.343904 0.387488 0.382711 0.395291 0.397473 0.416688 0.427707 0.442046 0.455787 0.469875 0.486316 0.495738 0.467966 0.453823 0.442595 0.437888 0.436153 0.436762 0.443127 0.452559 0.471383 0.468933 0.482708 0.49259 0.502873 0.512654 0.522769 0.532734 0.546208 0.553317 0.56238 0.565541 0.569802 0.571796 0.573044 0.573827 0.57436 0.574786 0.575406 0.578411 0.58169 0.584506 0.587882 0.597821 0.602878 0.608488
-9999 -9999 -9999 -9999 -9999 -9999 -9999 -9999 0.393302 0.356867 0.340272 0.327896 0.320178 0.320352 0.322224 0.3314 0.33804 0.351151 0.363105 0.381042 0.407812 0.424578 0.398449 0.356331 0.344603 0.355816 0.361249 0.374791 0.387689 0.393764 0.398173 0.417241 0.437516 0.457706 0.468037 0.475374 0.455108 0.452955 0.45528 0.433125 0.434668 0.438291 0.450332 0.467947 0.471655 0.487675 0.495974 0.51171 0.513592 0.516451 0.522845 0.531298 0.544637 0.554215 0.559833 0.565056 0.568081 0.570352 0.571891 0.57287 0.573585 0.5744 0.575232 0.576135 0.581003 0.583603 0.58859 0.598619 0.603385 0.608621
-9999 -9999 -9999 -9999 -9999 -9999 -9999 -9999 0.394672 0.372472 0.34707 0.336749 0.32325 0.323195 0.320347 0.324289 0.331344 0.34313 0.357103 0.372249 0.395587 0.413253 0.394129 0.370671 0.352267 0.355263 0.361356 0.366393 0.37311 0.382442 0.389387 0.401116 0.413934 0.437049 0.448251 0.463373 0.440979 0.439366 0.444143 0.43375 0.436159 0.456376 0.473237 0.478969 0.480261 0.494375 0.508801 0.524599 0.527044 0.520173 0.535513 0.542407 0.548175 0.552974 0.559658 0.563342 0.566441 0.568775 0.570563 0.571751 0.57266 0.573769 0.574844 0.57613 0.578017 0.584362 0.587517 0.598052 0.604205 0.608999
-9999 -9999 -9999 -9999 -9999 -9999 -9999 -9999 0.392287 0.381968 0.359257 0.339929 0.324884 0.320968 0.318509 0.321225 0.329299 0.336028 0.345394 0.359136 0.368814 0.38515 0.407511 0.374022 0.370309 0.371459 0.374958 0.369487 0.374471 0.383829 0.401531 0.400109 0.409633 0.425175 0.431516 0.440475 0.428826 0.430143 0.431915 0.434259 0.451316 0.47477 0.494687 0.48664 0.493861 0.499606 0.529492 0.524982 0.521588 0.525898 0.543536 0.55642 0.551161 0.556945 0.55975 0.562434 0.564782 0.567386 0.569085 0.57066 0.571934 0.573133 0.57451 0.576051 0.577991 0.580348 0.588177 0.598884 0.603328 0.609252
-9999 -9999 -9999 -9999 -9999 -9999 -9999 -9999 -9999 0.395588 0.369171 0.341545 0.327867 0.320342 0.318075 0.320898 0.326186 0.33151 0.338099 0.348686 0.361659 0.381557 0.396991 0.390445 0.388049 0.39841 0.395478 0.379392 0.376892 0.391283 0.427462 0.422693 0.409631 0.412547 0.416211 0.419733 0.423434 0.426856 0.432442 0.444743 0.478828 0.488165 0.504052 0.506688 0.517833 0.516065 0.534398 0.527067 0.5281 0.533067 0.553567 0.564262 0.558855 0.557895 0.563474 0.563555 0.56356 0.565979 0.567945 0.569755 0.571176 0.572569 0.574111 0.575889 0.578003 0.580444 0.589329 0.600524 0.605868 0.610946
-9999 -9999 -9999 -9999 -9999 -9999 -9999 -9999 -9999 0.405717 0.374291 0.340483 0.332396 0.323821 0.316421 0.318992 0.326066 0.332549 0.338917 0.345801 0.361551 0.377002 0.392068 0.398752 0.398774 0.41698 0.409526 0.387049 0.386154 0.392624 0.436857 0.448894 0.430455 0.41513 0.416165 0.420017 0.443341 0.440788 0.454303 0.472089 0.478895 0.488642 0.506471 0.503521 0.518628 0.519234 0.540881 0.539196 0.541881 0.538886 0.557087 0.570235 0.565181 0.562373 0.566539 0.562206 0.562544 0.564516 0.566637 0.568493 0.570251 0.571838 0.573667 0.575685 0.577969 0.580771 0.584427 0.596863 0.624423 0.628424
-9999 -9999 -9999 -9999 -9999 -9999 -9999 -9999 -9999 0.399698 0.379066 0.349266 0.327952 0.329989 0.320869 0.317311 0.324914 0.332877 0.340773 0.345228 0.362492 0.381382 0.39722 0.415833 0.415914 0.407366 0.407928 0.39472 0.395729 0.403374 0.43646 0.43336 0.421803 0.416867 0.417182 0.421404 0.428318 0.433228 0.443964 0.450066 0.4645 0.485896 0.496581 0.495918 0.519808 0.523322 0.521432 0.550726 0.544239 0.544375 0.565429 0.571752 0.5633 0.561031 0.559155 0.559986 0.562077 0.563135 0.565545 0.567584 0.569515 0.571477 0.573436 0.575786 0.578264 0.582366 0.587498 0.60483 0.630119 0.632709
-9999 -9999 -9999 -9999 -9999 -9999 -9999 -9999 -9999 0.393604 0.37513 0.349567 0.335291 0.335523 0.324979 0.31563 0.319518 0.32786 0.331852 0.340193 0.355352 0.371974 0.390107 0.400362 0.420827 0.406586 0.413036 0.402356 0.3995 0.431218 0.440428 0.433796 0.427012 0.425987 0.418689 0.421371 0.427125 0.443688 0.453062 0.452774 0.458569 0.466874 0.482985 0.487411 0.499797 0.507827 0.51604 0.548384 0.547494 0.552562 0.562333 0.560572 0.558332 0.558095 0.557875 0.560382 0.561761 0.562233 0.564594 0.566848 0.569047 0.571118 0.573418 0.576301 0.579211 0.585009 0.593537 0.607308 0.644788 0.635919
-9999 -9999 -9999 -9999 -9999 -9999 -9999 -9999 -9999 0.39576 0.375529 0.353998 0.346968 0.348471 0.32676 0.314395 0.316944 0.322217 0.327868 0.345595 0.346991 0.352483 0.369258 0.392721 0.418435 0.419483 0.41924 0.411246 0.408771 0.448371 0.458508 0.457076 0.445258 0.434833 0.423643 0.422806 0.429576 0.45417 0.480182 0.47212 0.463499 0.46676 0.473648 0.489191 0.497081 0.504958 0.518329 0.545703 0.558417 0.55976 0.562591 0.562339 0.559018 0.556713 0.563106 0.565219 0.562157 0.561468 0.563989 0.566381 0.568582 0.570917 0.57338 0.577041 0.580885 0.58584 0.603713 0.616003 0.642029 0.637483
-9999 -9999 -9999 -9999 -9999 -9999 -9999 -9999 -9999 0.401559 0.38771 0.367045 0.360637 0.34819 0.327734 0.318974 0.316048 0.31865 0.323303 0.332648 0.339288 0.350074 0.367603 0.390745 0.416336 0.434268 0.430284 0.425954 0.432675 0.462323 0.474659 0.467254 0.45452 0.433913 0.423328 0.424352 0.428354 0.435637 0.455473 0.478956 0.481927 0.474848 0.487004 0.500852 0.499427 0.50485 0.517966 0.529007 0.555651 0.565009 0.56831 0.56917 0.56446 0.555113 0.557011 0.560909 0.558446 0.561106 0.563688 0.566009 0.568426 0.570823 0.573326 0.576806 0.581739 0.594401 0.605895 0.620963 0.625406 0.632219
-9999 -9999 -9999 -9999 -9999 -9999 -9999 -9999 -9999 0.412806 0.395599 0.376242 0.358138 0.340993 0.326485 0.327819 0.321255 0.323781 0.321501 0.325418 0.334465 0.34413 0.359792 0.38887 0.413995 0.441269 0.438575 0.426284 0.452504 0.467818 0.49276 0.474377 0.453573 0.43487 0.426072 0.438326 0.431663 0.435291 0.444553 0.459775 0.481946 0.48488 0.502701 0.507117 0.50385 0.505812 0.511629 0.521039 0.541335 0.56202 0.568759 0.571898 0.567835 0.56144 0.554991 0.55676 0.558018 0.560893 0.563606 0.566025 0.568465 0.571075 0.573978 0.577547 0.588493 0.601134 0.610016 0.621344 0.625268 0.621505
