Test_Spring_2018/12_17/Prec/20171201_013.txt
ncols	170
nrows	115
xllcorner	350000.000000
yllcorner	4445000.000000
cellsize	1000.000000
nodata_value	-9999.000000
[rows 32 to 63 of 115, columns 72 to 143 of 170]
2.5107 2.50666 2.52495 2.54188 2.52067 2.52649 2.5668 2.56775 2.56112 2.54451 2.53803 2.53109 2.52646 2.50446 2.4442 2.38996 2.41839 2.41884 2.39872 2.43411 2.41471 2.36461 2.29378 2.32957 2.31719 2.21836 2.18553 -9999 -9999 -9999 -9999 -9999 -9999 -9999 -9999 -9999 -9999 -9999 -9999 -9999 -9999 -9999 -9999 -9999 -9999 -9999 -9999 -9999 -9999 -9999 -9999 -9999 -9999 -9999 -9999 -9999 -9999 -9999 -9999 -9999 -9999 -9999 -9999 -9999 -9999 -9999 -9999 -9999 -9999 -9999 -9999 -9999
2.52646 2.5266 2.55082 2.55428 2.54199 2.55644 2.59017 2.59412 2.59244 2.58597 2.58018 2.57372 2.55681 2.53228 2.48088 2.41919 2.40462 2.43367 2.43401 2.43745 2.41855 2.39488 2.3586 2.38333 2.39073 2.32694 2.24255 2.21988 -9999 -9999 -9999 -9999 -9999 -9999 -9999 -9999 -9999 -9999 -9999 -9999 -9999 -9999 -9999 -9999 -9999 -9999 -9999 -9999 -9999 -9999 -9999 -9999 -9999 -9999 -9999 -9999 -9999 -9999 -9999 -9999 -9999 -9999 -9999 -9999 -9999 -9999 -9999 -9999 -9999 -9999 -9999 -9999
2.54027 2.52368 2.53917 2.5518 2.56201 2.58841 2.5929 2.619 2.61951 2.62001 2.61106 2.60389 2.59093 2.56788 2.53449 2.49383 2.42298 2.4645 2.49618 2.49283 2.48805 2.46959 2.43344 2.45658 2.45363 2.3606 2.30075 2.26633 2.24834 -9999 -9999 -9999 -9999 -9999 -9999 -9999 -9999 -9999 -9999 -9999 -9999 -9999 -9999 -9999 -9999 -9999 -9999 -9999 -9999 -9999 -9999 -9999 -9999 -9999 -9999 -9999 -9999 -9999 -9999 -9999 -9999 -9999 -9999 -9999 -9999 -9999 -9999 -9999 -9999 -9999 -9999 -9999
2.55214 2.53035 2.54527 2.56474 2.59501 2.61366 2.62638 2.63612 2.64611 2.64781 2.63963 2.61046 2.60757 2.60718 2.58564 2.53937 2.49233 2.47829 2.52673 2.53778 2.53054 2.53733 2.50484 2.51263 2.50206 2.45932 2.39365 2.32751 2.30375 2.26379 -9999 -9999 -9999 -9999 -9999 -9999 -9999 -9999 -9999 -9999 -9999 -9999 -9999 -9999 -9999 -9999 -9999 -9999 -9999 -9999 -9999 -9999 -9999 -9999 -9999 -9999 -9999 -9999 -9999 -9999 -9999 -9999 -9999 -9999 -9999 -9999 -9999 -9999 -9999 -9999 -9999 -9999
-9999 -9999 2.5439 2.57125 2.616 2.62251 2.64733 2.66034 2.6734 2.67628 2.65866 2.65146 2.65308 2.64047 2.61595 2.59963 2.56915 2.53628 2.54372 2.58264 2.55748 2.58238 2.5733 2.57249 2.54532 2.49204 2.40248 2.3474 2.32526 2.29178 -9999 -9999 -9999 -9999 -9999 -9999 -9999 -9999 -9999 -9999 -9999 -9999 -9999 -9999 -9999 -9999 -9999 -9999 -9999 -9999 -9999 -9999 -9999 -9999 -9999 -9999 -9999 -9999 -9999 -9999 -9999 -9999 -9999 -9999 -9999 -9999 -9999 -9999 -9999 -9999 -9999 -9999
-9999 -9999 -9999 2.5909 2.63109 2.66482 2.66802 2.67842 2.69836 2.70326 2.70004 2.69835 2.69315 2.68414 2.66633 2.64501 2.61588 2.60971 2.63267 2.62673 2.61369 2.61053 2.6169 2.60509 2.54115 2.49389 2.45578 2.34372 2.31113 2.3077 2.28444 -9999 -9999 -9999 -9999 -9999 -9999 -9999 -9999 -9999 -9999 -9999 -9999 2.24424 -9999 -9999 -9999 -9999 -9999 -9999 -9999 -9999 -9999 -9999 -9999 -9999 -9999 -9999 -9999 -9999 -9999 -9999 -9999 -9999 1.75484 -9999 -9999 -9999 -9999 -9999 -9999 -9999
-9999 -9999 2.60897 2.65302 2.6702 2.69296 2.67951 2.70052 2.72396 2.73043 2.73095 2.73025 2.72058 2.72037 2.71123 2.68822 2.68115 2.68588 2.68386 2.68092 2.67503 2.66312 2.64751 2.63031 2.59325 2.5567 2.52965 2.43816 2.38927 2.35701 2.31241 2.27736 -9999 -9999 -9999 -9999 -9999 -9999 -9999 2.30093 2.28667 2.27291 2.26569 2.27263 2.24033 -9999 -9999 -9999 -9999 -9999 -9999 -9999 -9999 -9999 -9999 -9999 -9999 -9999 -9999 -9999 -9999 -9999 -9999 -9999 1.78558 1.73819 -9999 -9999 -9999 -9999 -9999 -9999
-9999 -9999 2.65917 2.67991 2.69235 2.71496 2.73125 2.72999 2.74323 2.75679 2.76357 2.76368 2.75895 2.7634 2.75074 2.7425 2.73399 2.74115 2.73614 2.72189 2.70504 2.68812 2.66084 2.64759 2.62379 2.59525 2.55756 2.52057 2.43291 2.37304 2.31574 2.26984 -9999 -9999 -9999 -9999 -9999 -9999 2.34043 2.34884 2.34698 2.30553 2.30964 2.31041 2.28697 2.21682 -9999 -9999 -9999 -9999 -9999 -9999 -9999 -9999 -9999 -9999 -9999 -9999 -9999 -9999 1.99776 1.95413 1.87623 1.82856 1.79285 1.74738 -9999 -9999 -9999 -9999 -9999 -9999
-9999 -9999 2.67452 2.69861 2.71713 2.73589 2.74467 2.77462 2.76845 2.78092 2.78999 2.79742 2.80292 2.79541 2.79274 2.77309 2.7888 2.78203 2.76856 2.73885 2.71823 2.67252 2.64462 2.62192 2.63412 2.60031 2.54628 2.4836 2.40177 2.36538 2.34087 2.30041 -9999 -9999 -9999 -9999 -9999 -9999 2.37078 2.37997 2.38293 2.36814 2.3232 2.33732 2.28669 2.24096 2.2106 2.20162 2.18579 2.12683 2.09728 2.0874 2.06547 2.06405 -9999 -9999 -9999 -9999 2.03069 2.02357 2.01482 1.99007 1.90596 1.8426 1.78251 1.74819 -9999 -9999 -9999 -9999 -9999 -9999
-9999 -9999 2.70819 2.72303 2.73309 2.73941 2.75945 2.7891 2.78704 2.83007 2.83809 2.84622 2.85306 2.85403 2.84667 2.84867 2.845 2.83323 2.78902 2.73664 2.74272 2.67638 2.62694 2.62856 2.63547 2.59739 2.53318 2.46308 2.42545 2.39598 2.36396 2.33692 -9999 -9999 -9999 2.36523 2.39221 2.38879 2.389 2.40585 2.41296 2.39759 2.3873 2.36903 2.30079 2.25272 2.20301 2.18263 2.19402 2.17863 2.10986 2.09946 2.07791 2.07937 2.08063 2.07859 2.07337 2.06508 2.05834 2.05211 2.04247 2.0198 1.9327 1.88096 1.84036 1.74106 -9999 -9999 -9999 -9999 -9999 -9999
-9999 -9999 2.78103 2.79525 2.80818 2.79352 2.80283 2.82255 2.847 2.84795 2.85944 2.85819 2.87574 2.88087 2.88272 2.87949 2.87121 2.83471 2.78379 2.7303 2.69748 2.70944 2.66224 2.63773 2.64456 2.58586 2.5506 2.48638 2.46966 2.44331 2.36963 2.32161 -9999 -9999 2.32587 2.38403 2.42273 2.43863 2.43661 2.42522 2.43724 2.42083 2.42895 2.40425 2.30963 2.28421 2.21588 2.19501 2.18395 2.16181 2.13432 2.11278 2.10263 2.09183 2.08989 2.08474 2.07983 2.07489 2.06545 2.06138 2.05402 2.0365 1.97845 1.94159 1.89218 1.76738 -9999 -9999 -9999 -9999 -9999 -9999
-9999 -9999 2.82458 2.84216 2.86148 2.86828 2.88436 2.8342 2.84972 2.87613 2.87717 2.88024 2.88401 2.90145 2.90485 2.90413 2.89883 2.86376 2.82095 2.7585 2.71286 2.69457 2.66481 2.61113 2.60585 2.58536 2.56492 2.55703 2.50188 2.45934 2.42679 2.35467 2.32708 -9999 2.34546 2.37252 2.4201 2.45725 2.47553 2.45381 2.46898 2.45514 2.45654 2.4198 2.33939 2.29599 2.26344 2.22901 2.21965 2.18265 2.14477 2.13178 2.10645 2.09774 2.09195 2.08721 2.08354 2.08049 2.07655 2.07141 2.06368 2.05158 2.01857 1.9756 1.90885 1.7788 -9999 -9999 -9999 -9999 -9999 -9999
-9999 2.79722 2.83425 2.86202 2.8755 2.88662 2.89711 2.90613 2.92421 2.89168 2.90533 2.90297 2.89244 2.90184 2.91013 2.92275 2.9189 2.90946 2.8811 2.80716 2.78447 2.74052 2.68467 2.62804 2.61742 2.63194 2.61388 2.57749 2.54066 2.49203 2.44047 2.40617 2.3313 2.34012 2.37143 2.39417 2.42697 2.47423 2.50226 2.50616 2.49581 2.49381 2.47623 2.43006 2.36035 2.32088 2.27601 2.24064 2.20786 2.18935 2.15075 2.12994 2.12052 2.09855 2.09284 2.08896 2.08657 2.08493 2.08259 2.07835 2.0725 2.0638 2.04659 2.00109 1.90583 1.8092 -9999 -9999 -9999 -9999 -9999 -9999
-9999 -9999 2.83734 2.85261 2.86011 2.86951 2.88377 2.89942 2.92805 2.93277 2.9441 2.92474 2.90875 2.89629 2.91908 2.92731 2.93177 2.92508 2.9122 2.85853 2.81827 2.78184 2.72709 2.70063 2.69375 2.67568 2.65012 2.58803 2.52822 2.45931 2.40143 2.39327 2.35024 2.35873 2.38143 2.43216 2.46619 2.47667 2.47913 2.51928 2.52089 2.5009 2.48906 2.44216 2.38081 2.3314 2.29914 2.26184 2.2268 2.15556 2.14418 2.12154 2.12545 2.10809 2.09386 2.09046 2.0891 2.08804 2.08677 2.08395 2.07927 2.06852 2.05402 2.01889 1.90519 1.8171 -9999 -9999 -9999 -9999 -9999 -9999
-9999 -9999 -9999 -9999 2.86133 2.8739 2.88319 2.8958 2.93435 2.94317 2.94947 2.95135 2.94489 2.9163 2.91594 2.92094 2.89833 2.90833 2.92695 2.91537 2.89914 2.83891 2.77976 2.7812 2.75387 2.70037 2.65529 2.61227 2.54369 2.48782 2.42197 2.37302 2.36764 2.41302 2.44419 2.49624 2.51865 2.50387 2.51023 2.52505 2.53793 2.53081 2.5017 2.45293 2.39296 2.33459 2.31729 2.28118 2.2346 2.19108 2.14424 2.13025 2.11301 2.1151 2.10723 2.09217 2.09097 2.09077 2.09025 2.08838 2.0815 2.073 2.06077 2.04416 1.92755 1.81126 -9999 -9999 -9999 -9999 -9999 -9999
-9999 -9999 -9999 -9999 2.85357 2.86292 2.87931 2.91487 2.94239 2.94954 2.94947 2.95291 2.9478 2.93061 2.91131 2.89531 2.87161 2.87972 2.90588 2.91532 2.90459 2.85027 2.83501 2.80654 2.77062 2.70633 2.65473 2.61996 2.55273 2.49143 2.44378 2.38465 2.40265 2.42527 2.45662 2.50873 2.54592 2.55809 2.54003 2.54539 2.56293 2.54184 2.49743 2.46867 2.39988 2.33289 2.32384 2.29326 2.24828 2.21359 2.16025 2.13754 2.12307 2.11312 2.10548 2.09806 2.09231 2.09242 2.09263 2.09048 2.08571 2.07795 2.06607 2.05002 1.96786 1.8151 -9999 -9999 -9999 -9999 -9999 -9999
-9999 -9999 -9999 -9999 -9999 2.85209 2.88407 2.92932 2.94942 2.94729 2.95493 2.95462 2.94539 2.93784 2.91591 2.88605 2.82581 2.83652 2.86062 2.89577 2.90716 2.88964 2.8414 2.79816 2.72232 2.65374 2.62849 2.60259 2.54875 2.49705 2.44441 2.46093 2.48259 2.50925 2.52402 2.52064 2.55205 2.57522 2.55862 2.5681 2.57588 2.54422 2.51226 2.47716 2.4067 2.36761 2.32967 2.30728 2.25683 2.22703 2.176 2.14769 2.12838 2.11463 2.10623 2.09869 2.09475 2.09437 2.09401 2.09283 2.08853 2.08086 2.06937 2.05371 2.02888 1.92806 1.86428 -9999 -9999 -9999 -9999 -9999
-9999 -9999 -9999 -9999 -9999 2.83704 2.85377 2.90593 2.93019 2.9502 2.95946 2.95757 2.94125 2.9322 2.89986 2.88931 2.83655 2.80252 2.81703 2.80023 2.85086 2.89226 2.84575 2.71569 2.65564 2.6072 2.59528 2.57726 2.55029 2.4742 2.44682 2.49017 2.51708 2.53917 2.55719 2.56139 2.56116 2.60007 2.59614 2.59838 2.58023 2.56112 2.51647 2.4752 2.42883 2.37886 2.33799 2.31657 2.26085 2.23962 2.18644 2.15367 2.12981 2.1214 2.10984 2.10224 2.09764 2.09668 2.09753 2.0933 2.08975 2.08245 2.071 2.05623 2.03699 1.98967 1.93119 1.8912 1.87311 -9999 -9999 -9999
-9999 -9999 -9999 -9999 -9999 -9999 2.81797 2.88901 2.92931 2.94244 2.96235 2.9615 2.95678 2.93882 2.90297 2.87306 2.82591 2.77257 2.72076 2.80062 2.86689 2.89461 2.85514 2.74474 2.68937 2.6685 2.67108 2.63516 2.60496 2.54247 2.51732 2.48967 2.49429 2.52849 2.55248 2.57944 2.59943 2.60038 2.61119 2.59793 2.58376 2.56669 2.54053 2.51077 2.43531 2.41215 2.36347 2.33154 2.29034 2.25084 2.19672 2.15804 2.1422 2.13016 2.11794 2.10774 2.10299 2.10168 2.10214 2.10287 2.08963 2.08254 2.07191 2.05727 2.03925 1.99908 1.96928 1.92229 1.86775 1.80612 -9999 -9999
-9999 -9999 -9999 -9999 -9999 -9999 2.79591 2.86558 2.90723 2.94596 2.97722 2.97783 2.97008 2.95408 2.92575 2.88637 2.85499 2.79497 2.73259 2.79775 2.85917 2.89257 2.88225 2.76644 2.76997 2.73445 2.72338 2.67426 2.64477 2.61581 2.58063 2.54572 2.51647 2.49193 2.55323 2.58458 2.61013 2.62123 2.62545 2.62371 2.59791 2.56375 2.51246 2.50806 2.45125 2.41464 2.37647 2.33915 2.30111 2.26383 2.21155 2.18393 2.15354 2.14157 2.12525 2.11637 2.11124 2.10885 2.10818 2.10824 2.10762 2.09243 2.07204 2.05801 2.04061 2.00099 1.97571 1.94781 1.91477 1.8435 1.78964 1.73253
-9999 -9999 -9999 -9999 -9999 -9999 2.71198 2.81289 2.92569 2.95941 2.98392 2.98507 2.98153 2.96102 2.94641 2.91735 2.89134 2.85197 2.79251 2.75565 2.78502 2.87802 2.88536 2.84394 2.82504 2.78793 2.75275 2.73371 2.71914 2.67967 2.64659 2.59409 2.56569 2.54508 2.58873 2.59218 2.58628 2.63674 2.63313 2.62429 2.59528 2.53822 2.52347 2.46833 2.42427 2.37533 2.35733 2.33673 2.308 2.27486 2.22308 2.19603 2.17234 2.15121 2.1376 2.12773 2.12143 2.11799 2.11626 2.11482 2.11319 2.11057 2.08572 2.07442 2.04207 2.00276 1.97908 1.95304 1.92594 1.89246 1.85584 1.78723
-9999 -9999 -9999 -9999 -9999 -9999 2.76142 2.85889 2.92338 2.95529 2.98807 2.98897 2.99563 2.98666 2.97083 2.94465 2.91397 2.88099 2.82944 2.79066 2.83532 2.85026 2.88952 2.86737 2.83137 2.8143 2.79361 2.79204 2.76966 2.74615 2.70948 2.65031 2.61938 2.58063 2.62867 2.63035 2.61829 2.64137 2.63533 2.58828 2.54808 2.53208 2.50695 2.46739 2.40913 2.35066 2.33245 2.33507 2.29715 2.26719 2.23174 2.2088 2.18212 2.16514 2.15125 2.14091 2.13354 2.12898 2.1261 2.12327 2.12043 2.11642 2.10981 2.07626 2.06199 2.02219 1.98227 1.95832 1.9331 1.90615 1.8758 1.82694
-9999 -9999 -9999 -9999 -9999 -9999 2.81384 2.85498 2.91173 2.9631 2.99852 3.00755 3.01281 3.00626 2.9878 2.97292 2.95254 2.92258 2.90206 2.86618 2.81606 2.89262 2.85538 2.83729 2.85444 2.86192 2.84463 2.81663 2.76321 2.75869 2.72928 2.68745 2.66747 2.64251 2.66563 2.66012 2.65436 2.6478 2.6078 2.55294 2.50548 2.52082 2.49998 2.4601 2.36636 2.37968 2.37522 2.35217 2.28758 2.245 2.23533 2.20901 2.19288 2.17838 2.16618 2.15498 2.14734 2.14127 2.13683 2.13304 2.1288 2.12363 2.11651 2.10698 2.06532 2.02527 2.00469 1.9824 1.95798 1.91506 1.89085 1.83973
-9999 -9999 -9999 -9999 -9999 -9999 -9999 2.87802 2.94383 3.00696 3.03681 3.05185 3.05477 3.04649 3.03339 3.02125 3.00727 2.98503 2.95789 2.91504 2.88201 2.89832 2.854 2.81333 2.81639 2.8485 2.84874 2.80973 2.73512 2.73546 2.75727 2.74312 2.72806 2.71432 2.68859 2.67783 2.66283 2.63298 2.55357 2.54365 2.50575 2.49724 2.46809 2.44365 2.37469 2.38137 2.36783 2.34442 2.28497 2.23815 2.23485 2.22601 2.20322 2.19422 2.18114 2.17017 2.16153 2.15435 2.14887 2.14389 2.13857 2.13745 2.12969 2.11989 2.07347 2.03161 2.00944 1.98651 1.96053 1.94183 1.91907 1.86063
-9999 -9999 -9999 -9999 -9999 -9999 -9999 2.88297 2.95574 3.03226 3.04893 3.06614 3.08061 3.07272 3.05526 3.04002 3.02591 3.01133 2.97694 2.94327 2.91013 2.89538 2.89476 2.78083 2.79444 2.84145 2.83839 2.81788 2.72344 2.68825 2.72279 2.75064 2.74181 2.72739 2.66945 2.67153 2.63779 2.59493 2.5775 2.55336 2.51041 2.51417 2.47568 2.46903 2.36654 2.36113 2.34475 2.34056 2.28747 2.23617 2.2322 2.22838 2.20946 2.21096 2.20296 2.19248 2.18285 2.17489 2.16795 2.16186 2.1553 2.14795 2.13926 2.12831 2.11406 2.05596 1.97496 1.95545 1.9445 1.93247 1.89482 1.8733
-9999 -9999 -9999 -9999 -9999 -9999 -9999 2.9243 2.97126 3.03786 3.08423 3.07691 3.09506 3.10086 3.08179 3.06261 3.04427 3.03434 2.99548 2.9529 2.91694 2.874 2.87245 2.88947 2.8096 2.83563 2.8285 2.80566 2.73737 2.73717 2.75641 2.76091 2.75396 2.73879 2.71823 2.70301 2.67518 2.65844 2.62296 2.57158 2.54433 2.54239 2.48354 2.47015 2.46792 2.34328 2.34864 2.33824 2.27965 2.23945 2.24882 2.24455 2.24005 2.2302 2.21844 2.21004 2.19953 2.19071 2.18279 2.17517 2.16761 2.15886 2.14921 2.13495 2.11724 2.07043 1.97079 1.95533 1.9515 1.94534 1.8965 1.88566
-9999 -9999 -9999 -9999 -9999 -9999 -9999 2.96835 3.00916 3.06524 3.09498 3.09136 3.11241 3.13105 3.11996 3.09926 3.08901 3.06923 3.03408 2.99554 2.95322 2.92833 2.87936 2.90869 2.81088 2.83119 2.83303 2.77003 2.74214 2.75037 2.75909 2.75499 2.76566 2.75411 2.73616 2.69414 2.66905 2.66641 2.65007 2.62797 2.58776 2.57372 2.5408 2.51695 2.49173 2.35812 2.35138 2.3305 2.29145 2.27696 2.27294 2.26475 2.25707 2.24386 2.23398 2.22698 2.21644 2.2068 2.19779 2.18933 2.18037 2.16981 2.15868 2.14021 2.1146 2.07602 1.94705 1.95845 1.97047 1.94878 1.90705 1.89625
-9999 -9999 -9999 -9999 -9999 -9999 -9999 2.9957 3.03921 3.08516 3.0977 3.09069 3.13679 3.16185 3.15324 3.13882 3.1239 3.08167 3.0768 3.06248 3.02209 2.96595 2.90404 2.8977 2.87045 2.8251 2.8261 2.74518 2.71538 2.71202 2.73256 2.7502 2.76999 2.76661 2.74633 2.68583 2.62247 2.63715 2.65321 2.64206 2.62237 2.58248 2.55946 2.53576 2.49876 2.40374 2.33744 2.3257 2.29346 2.28538 2.28452 2.28169 2.25949 2.24762 2.24819 2.24396 2.23298 2.22279 2.21338 2.20384 2.19396 2.18109 2.16736 2.15047 2.10335 2.06816 1.989 1.966 1.9697 1.91543 1.91988 1.91023
-9999 -9999 -9999 -9999 -9999 -9999 -9999 3.01631 3.04388 3.08684 3.09722 3.12149 3.16422 3.18053 3.1838 3.17473 3.16119 3.13704 3.11904 3.09142 3.0481 2.99154 2.92888 2.88314 2.88687 2.80687 2.78091 2.72827 2.69356 2.70404 2.72692 2.76807 2.7867 2.77921 2.76529 2.7442 2.69471 2.63703 2.62619 2.63815 2.60592 2.56943 2.56728 2.54892 2.5124 2.48003 2.35548 2.31678 2.29268 2.28262 2.28551 2.29933 2.28791 2.27241 2.27193 2.26023 2.24913 2.23895 2.22876 2.21867 2.20823 2.1953 2.17863 2.14379 2.11099 2.06939 2.05141 1.98972 1.97284 1.9365 1.93198 1.92164
-9999 -9999 -9999 -9999 -9999 -9999 -9999 3.02544 3.05923 3.09812 3.13442 3.16879 3.19743 3.19015 3.20111 3.19147 3.19285 3.18005 3.15541 3.12912 3.08882 3.01752 2.95483 2.88681 2.88682 2.88275 2.7728 2.73113 2.66765 2.7033 2.74479 2.78182 2.79659 2.76364 2.77414 2.76136 2.73585 2.69675 2.64169 2.63034 2.5847 2.56926 2.57089 2.5601 2.54004 2.51134 2.43006 2.33531 2.30432 2.28947 2.29136 2.29895 2.30708 2.29687 2.28824 2.27628 2.26496 2.2545 2.24405 2.23316 2.22141 2.20783 2.177 2.14181 2.11468 2.08144 2.06463 2.05183 1.98994 1.95002 1.9448 1.93522
-9999 -9999 -9999 -9999 -9999 -9999 -9999 -9999 3.09225 3.1322 3.15919 3.15807 3.1821 3.19045 3.19478 3.18771 3.21911 3.21054 3.18982 3.16323 3.12553 3.06684 3.02104 2.95374 2.90059 2.81864 2.7371 2.73483 2.71536 2.72305 2.76229 2.80456 2.79832 2.75152 2.74545 2.74172 2.74706 2.72729 2.65605 2.61327 2.57472 2.57795 2.58104 2.56894 2.55227 2.53033 2.43385 2.33108 2.33764 2.33838 2.32583 2.32614 2.32331 2.31293 2.30271 2.29114 2.28021 2.26939 2.25806 2.24688 2.23297 2.2149 2.18132 2.11669 2.10578 2.08614 2.05536 2.05516 1.95315 1.96025 1.95818 1.94863
-9999 -9999 -9999 -9999 -9999 -9999 -9999 -9999 3.11163 3.15927 3.15932 3.14636 3.11463 3.1133 3.17872 3.18319 3.21207 3.23815 3.22258 3.1947 3.15689 3.11463 3.0569 2.98139 2.91752 2.85448 2.8358 2.7912 2.78535 2.78606 2.80459 2.79776 2.7497 2.70451 2.71228 2.71266 2.74487 2.74123 2.72059 2.67181 2.61691 2.58046 2.58943 2.57556 2.55893 2.5404 2.48736 2.40513 2.36018 2.35807 2.35223 2.34261 2.33848 2.32785 2.31641 2.30569 2.29454 2.28335 2.27113 2.2585 2.23925 2.21774 2.16994 2.12731 2.09509 2.05727 2.095 2.07269 2.01778 1.97114 1.96909 1.9593
