Test_Spring_2018/12_17/Prec/20171203_013.txt
ncols	170
nrows	115
xllcorner	350000.000000
yllcorner	4445000.000000
cellsize	1000.000000
nodata_value	-9999.000000
[rows 34 to 67 of 115, columns 76 to 151 of 170]
0.265523 0.287303 0.289989 0.291854 0.29433 0.296597 0.298938 0.301004 0.303042 0.305205 0.307525 0.309935 0.313177 0.312841 0.312758 0.313736 0.31475 0.316196 0.31821 0.318398 0.319419 0.308514 0.319672 0.320176 0.32011 -9999 -9999 -9999 -9999 -9999 -9999 -9999 -9999 -9999 -9999 -9999 -9999 -9999 -9999 -9999 -9999 -9999 -9999 -9999 -9999 -9999 -9999 -9999 -9999 -9999 -9999 -9999 -9999 -9999 -9999 -9999 -9999 -9999 -9999 -9999 -9999 -9999 -9999 -9999 -9999 -9999 -9999 -9999 -9999 -9999 -9999 -9999 -9999 -9999 -9999 -9999
0.250379 0.269874 0.279783 0.281847 0.283643 0.285441 0.287311 0.289639 0.291 0.29219 0.294 0.296588 0.299245 0.300943 0.300776 0.301853 0.303569 0.304901 0.307489 0.30883 0.310727 0.306141 0.301665 0.312979 0.313507 0.314385 -9999 -9999 -9999 -9999 -9999 -9999 -9999 -9999 -9999 -9999 -9999 -9999 -9999 -9999 -9999 -9999 -9999 -9999 -9999 -9999 -9999 -9999 -9999 -9999 -9999 -9999 -9999 -9999 -9999 -9999 -9999 -9999 -9999 -9999 -9999 -9999 -9999 -9999 -9999 -9999 -9999 -9999 -9999 -9999 -9999 -9999 -9999 -9999 -9999 -9999
0.25205 0.261208 0.270173 0.271879 0.273236 0.274593 0.276328 0.277553 0.278405 0.279694 0.281433 0.283066 0.285336 0.2879 0.289425 0.290163 0.293051 0.294488 0.297037 0.299332 0.302402 0.298579 0.296123 0.307411 0.308351 0.309423 -9999 -9999 -9999 -9999 -9999 -9999 -9999 -9999 -9999 -9999 -9999 -9999 -9999 -9999 -9999 -9999 -9999 -9999 -9999 -9999 -9999 -9999 -9999 -9999 -9999 -9999 -9999 -9999 -9999 -9999 -9999 -9999 -9999 -9999 -9999 -9999 -9999 -9999 -9999 -9999 -9999 -9999 -9999 -9999 -9999 -9999 -9999 -9999 -9999 -9999
0.243445 0.245317 0.260907 0.262479 0.263308 0.264216 0.265077 0.265703 0.266381 0.26725 0.268587 0.270321 0.272648 0.274633 0.276071 0.278723 0.281844 0.284826 0.287597 0.290939 0.289571 0.292534 0.295873 0.303004 0.304781 0.305364 0.306272 -9999 -9999 -9999 -9999 -9999 -9999 -9999 -9999 -9999 -9999 -9999 -9999 0.276227 -9999 -9999 -9999 -9999 -9999 -9999 -9999 -9999 -9999 -9999 -9999 -9999 -9999 -9999 -9999 -9999 -9999 -9999 -9999 -9999 0.145831 -9999 -9999 -9999 -9999 -9999 -9999 -9999 -9999 -9999 -9999 -9999 -9999 -9999 -9999 -9999
0.234561 0.236845 0.246332 0.253442 0.25387 0.254349 0.254661 0.254812 0.255215 0.25547 0.256305 0.258 0.259705 0.261576 0.264167 0.267233 0.27074 0.274676 0.278852 0.283092 0.280871 0.285061 0.288689 0.287967 0.298878 0.300855 0.302869 0.304238 -9999 -9999 -9999 -9999 -9999 -9999 -9999 0.291663 0.288443 0.284638 0.280066 0.274522 0.269718 -9999 -9999 -9999 -9999 -9999 -9999 -9999 -9999 -9999 -9999 -9999 -9999 -9999 -9999 -9999 -9999 -9999 -9999 -9999 0.144844 0.14004 -9999 -9999 -9999 -9999 -9999 -9999 -9999 -9999 -9999 -9999 -9999 -9999 -9999 -9999
0.226756 0.229173 0.231156 0.244763 0.245231 0.245113 0.244787 0.244446 0.244249 0.243978 0.244651 0.245753 0.24753 0.249519 0.252556 0.256467 0.260923 0.265704 0.270982 0.275857 0.274195 0.278851 0.283486 0.287734 0.294629 0.298013 0.300912 0.303056 -9999 -9999 -9999 -9999 -9999 -9999 0.293806 0.290447 0.286781 0.28371 0.278591 0.27298 0.267584 0.24298 -9999 -9999 -9999 -9999 -9999 -9999 -9999 -9999 -9999 -9999 -9999 -9999 -9999 -9999 0.159211 0.156094 0.153574 0.149589 0.144692 0.139579 -9999 -9999 -9999 -9999 -9999 -9999 -9999 -9999 -9999 -9999 -9999 -9999 -9999 -9999
0.219483 0.222199 0.224471 0.229984 0.237092 0.236632 0.235783 0.234726 0.233735 0.23342 0.233468 0.23475 0.235758 0.238337 0.241962 0.246828 0.252 0.258368 0.264417 0.264262 0.26864 0.274208 0.280065 0.28578 0.299121 0.296548 0.298959 0.301412 -9999 -9999 -9999 -9999 -9999 -9999 0.293914 0.290498 0.286566 0.282467 0.278599 0.27222 0.2487 0.24236 0.235344 0.227636 0.220278 0.215561 0.200437 0.194151 0.188936 0.183773 -9999 -9999 -9999 -9999 0.165783 0.162482 0.158909 0.155366 0.153095 0.149537 0.145217 0.128546 -9999 -9999 -9999 -9999 -9999 -9999 -9999 -9999 -9999 -9999 -9999 -9999 -9999 -9999
0.213139 0.216463 0.218479 0.2235 0.22991 0.227592 0.226371 0.22485 0.223371 0.222379 0.222229 0.222595 0.224086 0.226828 0.231537 0.23734 0.241994 0.250863 0.256431 0.258547 0.263865 0.270335 0.277253 0.283904 0.296083 0.294506 0.297718 0.294552 -9999 -9999 -9999 0.296274 0.294451 0.292799 0.290219 0.286288 0.281836 0.282812 0.277517 0.264897 0.249335 0.242388 0.2353 0.227298 0.218497 0.210895 0.198359 0.191882 0.186582 0.177005 0.172947 0.169546 0.166623 0.163968 0.161219 0.158199 0.154846 0.151317 0.15288 0.148894 0.143763 0.124965 -9999 -9999 -9999 -9999 -9999 -9999 -9999 -9999 -9999 -9999 -9999 -9999 -9999 -9999
0.204568 0.210119 0.212458 0.213484 0.216671 0.221107 0.219346 0.217633 0.215327 0.213752 0.21295 0.213241 0.214793 0.21839 0.223559 0.229797 0.236191 0.23968 0.247626 0.251549 0.25732 0.267234 0.268042 0.27506 0.280197 0.290751 0.291814 0.295924 -9999 -9999 0.300159 0.298393 0.296392 0.294194 0.291605 0.288349 0.283423 0.278491 0.271977 0.259711 0.2454 0.23723 0.234741 0.226043 0.210296 0.202843 0.196418 0.184377 0.179218 0.174988 0.171291 0.168341 0.165818 0.163487 0.161225 0.158477 0.155297 0.151733 0.148622 0.143993 0.130492 0.122268 -9999 -9999 -9999 -9999 -9999 -9999 -9999 -9999 -9999 -9999 -9999 -9999 -9999 -9999
0.199203 0.202693 0.204892 0.209225 0.212239 0.21067 0.213284 0.210979 0.208628 0.206225 0.205004 0.20496 0.206305 0.209901 0.215018 0.221882 0.229147 0.234234 0.242236 0.243798 0.25009 0.256771 0.263274 0.269135 0.278439 0.289802 0.294508 0.296272 0.299812 -9999 0.30248 0.301993 0.299891 0.297063 0.29373 0.290546 0.285154 0.279672 0.267959 0.260988 0.245894 0.230183 0.221471 0.213179 0.204638 0.200216 0.193666 0.187008 0.177303 0.173173 0.169882 0.167299 0.165176 0.163237 0.161226 0.158865 0.155947 0.15234 0.148437 0.136967 0.131521 0.123101 -9999 -9999 -9999 -9999 -9999 -9999 -9999 -9999 -9999 -9999 -9999 -9999 -9999 -9999
0.195225 0.198814 0.201332 0.202775 0.205329 0.206444 0.204333 0.205267 0.202941 0.200385 0.198666 0.197952 0.199116 0.201914 0.206719 0.214213 0.219283 0.22469 0.233299 0.239616 0.246643 0.252847 0.259927 0.267359 0.274512 0.286254 0.294578 0.299291 0.301908 0.304161 0.304841 0.304787 0.303303 0.300169 0.296395 0.29214 0.287149 0.277231 0.269788 0.255151 0.239411 0.229917 0.220837 0.211922 0.20357 0.195572 0.18908 0.184557 0.178849 0.171584 0.16859 0.166367 0.164642 0.163107 0.161461 0.159414 0.156677 0.153079 0.143472 0.138041 0.129803 0.120159 -9999 -9999 -9999 -9999 -9999 -9999 -9999 -9999 -9999 -9999 -9999 -9999 -9999 -9999
0.192769 0.196614 0.199153 0.200458 0.202452 0.201464 0.199445 0.198262 0.198137 0.195938 0.193477 0.192671 0.193435 0.196107 0.200499 0.204587 0.211577 0.219302 0.228216 0.234211 0.241586 0.249323 0.257203 0.266047 0.274565 0.287317 0.294274 0.299049 0.305571 0.306223 0.30756 0.306903 0.305514 0.303517 0.300389 0.294729 0.28664 0.274433 0.265186 0.256325 0.239851 0.229901 0.219749 0.210316 0.201565 0.194855 0.187236 0.181079 0.175374 0.172329 0.167435 0.165564 0.164213 0.163068 0.16176 0.159971 0.157404 0.150465 0.142549 0.136132 0.131105 0.120827 -9999 -9999 -9999 -9999 -9999 -9999 -9999 -9999 -9999 -9999 -9999 -9999 -9999 -9999
0.190373 0.19427 0.197081 0.198561 0.200114 0.198978 0.197049 0.194708 0.192454 0.19201 0.190069 0.18919 0.190666 0.192292 0.194389 0.199403 0.205705 0.214299 0.221856 0.229088 0.237421 0.246642 0.255568 0.264311 0.273642 0.286333 0.294085 0.30066 0.3051 0.307036 0.308071 0.307596 0.306672 0.305438 0.302046 0.293007 0.284801 0.275818 0.26646 0.256994 0.240067 0.229769 0.218607 0.208686 0.199942 0.192119 0.185423 0.178972 0.174001 0.169762 0.167041 0.164897 0.163877 0.163034 0.161996 0.160408 0.154802 0.149969 0.143862 0.136597 0.131316 0.121616 -9999 -9999 -9999 -9999 -9999 -9999 -9999 -9999 -9999 -9999 -9999 -9999 -9999 -9999
0.188797 0.192875 0.195547 0.196392 0.198261 0.197231 0.195534 0.193154 0.19084 0.189103 0.188177 0.187854 0.188943 0.190504 0.192915 0.197182 0.203252 0.211643 0.217959 0.226214 0.234964 0.24473 0.25413 0.262944 0.272614 0.285748 0.293357 0.300667 0.304768 0.307747 0.309304 0.308856 0.307538 0.304956 0.300946 0.294378 0.285637 0.276639 0.267279 0.256712 0.239761 0.229309 0.217539 0.20717 0.198182 0.189969 0.183411 0.177281 0.17234 0.168646 0.166123 0.164609 0.163593 0.162955 0.162074 0.159234 0.15569 0.150766 0.144511 0.137035 0.130441 0.121675 -9999 -9999 -9999 -9999 -9999 -9999 -9999 -9999 -9999 -9999 -9999 -9999 -9999 -9999
-9999 0.191889 0.194111 0.194725 0.196893 0.196279 0.194476 0.192341 0.190264 0.188303 0.187337 0.187493 0.189751 0.191122 0.193449 0.196744 0.201947 0.209024 0.216268 0.224893 0.234845 0.24476 0.253414 0.262084 0.271522 0.284527 0.29255 0.297772 0.302015 0.305091 0.307335 0.308774 0.307618 0.304691 0.300738 0.293862 0.285199 0.276278 0.266273 0.255661 0.238615 0.227125 0.216136 0.205448 0.196618 0.18829 0.18172 0.175889 0.171248 0.167832 0.165491 0.164122 0.163317 0.162704 0.161561 0.159279 0.155691 0.150705 0.144354 0.136765 0.128279 0.117814 0.108708 -9999 -9999 -9999 -9999 -9999 -9999 -9999 -9999 -9999 -9999 -9999 -9999 -9999
-9999 0.191395 0.194075 0.194528 0.196714 0.195597 0.193967 0.192118 0.190489 0.188532 0.187971 0.187649 0.189415 0.1926 0.195054 0.19973 0.203429 0.20837 0.215249 0.226312 0.235545 0.244652 0.252762 0.261109 0.26968 0.283487 0.290794 0.295275 0.299455 0.302765 0.304978 0.30562 0.305656 0.302263 0.297777 0.291083 0.283186 0.273846 0.264228 0.253827 0.236059 0.225012 0.214246 0.203685 0.195195 0.18679 0.180464 0.174965 0.170638 0.167194 0.165046 0.163724 0.16243 0.161998 0.160851 0.158391 0.154716 0.149671 0.143296 0.135686 0.127061 0.114985 0.105814 0 0 -9999 -9999 -9999 -9999 -9999 -9999 -9999 -9999 -9999 -9999 -9999
-9999 -9999 0.194471 0.194365 0.196262 0.195586 0.193912 0.192351 0.189095 0.188464 0.188599 0.189019 0.190668 0.193362 0.199192 0.200573 0.203425 0.20838 0.21455 0.224586 0.233281 0.24117 0.248508 0.257134 0.265566 0.278853 0.285971 0.292576 0.297389 0.299099 0.299943 0.301168 0.300531 0.29831 0.293644 0.287223 0.279349 0.27014 0.260184 0.2497 0.233045 0.22153 0.211375 0.201504 0.192912 0.185403 0.179379 0.174311 0.169915 0.166693 0.164596 0.16134 0.161121 0.160517 0.159198 0.156901 0.152755 0.147677 0.14132 0.133819 0.125333 0.113223 0.103457 0 0 0 -9999 -9999 -9999 -9999 -9999 -9999 -9999 -9999 -9999 -9999
-9999 -9999 0.194663 0.194602 0.196707 0.195478 0.191656 0.189747 0.189172 0.188777 0.188934 0.189837 0.19109 0.193984 0.197793 0.199073 0.20468 0.208972 0.215321 0.223285 0.229623 0.237464 0.244747 0.253331 0.261319 0.273332 0.280467 0.287045 0.2905 0.292399 0.294155 0.295072 0.294181 0.291656 0.287302 0.281253 0.275671 0.265208 0.256489 0.245715 0.228846 0.21834 0.208425 0.199255 0.191054 0.183909 0.178169 0.173037 0.169277 0.162945 0.16005 0.159582 0.159102 0.15825 0.156705 0.154215 0.150634 0.14677 0.138522 0.131213 0.123012 0.111193 0.101753 0 0 0 0 0 0 -9999 -9999 -9999 -9999 -9999 -9999 -9999
-9999 -9999 0.196978 0.195918 0.1928 0.192448 0.190052 0.189794 0.189403 0.189463 0.189471 0.190261 0.191463 0.19372 0.197328 0.201 0.204307 0.205684 0.215378 0.220304 0.22673 0.234011 0.241445 0.248509 0.255466 0.267458 0.269865 0.277428 0.278421 0.283719 0.285649 0.287183 0.287158 0.28344 0.279503 0.27398 0.26758 0.262381 0.253368 0.241967 0.225201 0.215832 0.206001 0.196964 0.189059 0.182289 0.176908 0.166764 0.163756 0.15899 0.15793 0.157182 0.156392 0.155229 0.153412 0.150737 0.147052 0.142306 0.137628 0.13091 0.120176 0.108753 0 0 0 0 0 0 0 0 -9999 -9999 -9999 -9999 -9999 -9999
-9999 -9999 0.191155 0.193362 0.192856 0.190546 0.189952 0.189963 0.189553 0.189555 0.18987 0.190776 0.192238 0.194303 0.197556 0.201064 0.202638 0.207124 0.210374 0.213818 0.225235 0.231221 0.237529 0.23649 0.243745 0.255541 0.262533 0.26318 0.269159 0.274434 0.275766 0.277045 0.277075 0.274252 0.270612 0.26666 0.261127 0.253744 0.247303 0.23912 0.222927 0.212309 0.203282 0.194246 0.180641 0.174533 0.169212 0.165113 0.158455 0.156564 0.155232 0.154148 0.153012 0.151516 0.149423 0.146568 0.142813 0.138133 0.132578 0.127266 0.120044 0.108911 0 0 0 0 0 0 0 0 0 -9999 -9999 -9999 -9999 -9999
-9999 -9999 0.179196 0.193559 0.193315 0.190183 0.189666 0.189646 0.189539 0.189731 0.190366 0.191101 0.19234 0.194309 0.196483 0.199676 0.203869 0.204673 0.211293 0.213893 0.20904 0.213865 0.219951 0.226751 0.244423 0.249954 0.248319 0.254468 0.259353 0.263548 0.265141 0.2663 0.26598 0.264129 0.261791 0.258504 0.253769 0.246099 0.238836 0.232864 0.2184 0.202243 0.192995 0.185025 0.178292 0.173063 0.167178 0.158642 0.15576 0.153604 0.151929 0.150516 0.14901 0.147207 0.144872 0.141857 0.138079 0.133506 0.128178 0.122163 0.116461 0.105807 0 0 0 0 0 0 0 0 0 0 -9999 -9999 -9999 -9999
-9999 -9999 -9999 0.182735 0.180135 0.179733 0.180044 0.180524 0.181144 0.181943 0.182809 0.183657 0.184674 0.186161 0.188105 0.190926 0.193897 0.195843 0.201826 0.204655 0.208432 0.211773 0.216514 0.222795 0.235492 0.231938 0.235982 0.240832 0.245155 0.24863 0.254476 0.255438 0.255245 0.254166 0.253304 0.245555 0.240716 0.234032 0.22731 0.22085 0.20569 0.196591 0.188515 0.181338 0.176022 0.170519 0.159306 0.155193 0.15236 0.149784 0.148057 0.146303 0.144482 0.142398 0.139851 0.136729 0.132967 0.127553 0.122272 0.11638 0.110809 0.100292 0 0 0 0 0 0 0 0 0 0 0 -9999 -9999 -9999
-9999 -9999 -9999 0.180112 0.179573 0.178642 0.179312 0.179728 0.180036 0.180904 0.182002 0.18304 0.184131 0.185406 0.187541 0.189962 0.192733 0.195342 0.197952 0.20421 0.207046 0.209221 0.213284 0.218146 0.221677 0.226639 0.229333 0.231957 0.235245 0.238016 0.241251 0.241555 0.24179 0.241071 0.238339 0.234682 0.230621 0.224304 0.21871 0.211747 0.199029 0.191224 0.184074 0.177028 0.172117 0.167037 0.15569 0.151507 0.148499 0.145421 0.143036 0.140929 0.138794 0.136414 0.133644 0.130362 0.12653 0.122122 0.117165 0.111731 0.105922 0.10039 0 0 0 0 0 0 0 0 0 0 0 -9999 -9999 -9999
-9999 -9999 -9999 0.178926 0.179025 0.17829 0.17797 0.17913 0.179339 0.179821 0.181019 0.182224 0.183468 0.184578 0.186776 0.189328 0.191959 0.195128 0.197355 0.199363 0.204249 0.2064 0.20984 0.213967 0.215294 0.218249 0.220504 0.222974 0.225393 0.227489 0.229008 0.229478 0.229358 0.227864 0.225936 0.223555 0.219588 0.214148 0.209966 0.20403 0.197584 0.185454 0.17839 0.172198 0.167997 0.156044 0.150876 0.146784 0.143275 0.1404 0.13791 0.135483 0.133126 0.130565 0.127691 0.124423 0.120702 0.116541 0.111938 0.107041 0.101873 0 0 0 0 0 0 0 0 0 0 0 0 -9999 -9999 -9999
-9999 -9999 -9999 0.177768 0.177905 0.177385 0.177509 0.178514 0.178618 0.178702 0.179658 0.180906 0.181872 0.183224 0.185191 0.18744 0.19002 0.192298 0.195589 0.196715 0.201663 0.203344 0.205791 0.206186 0.209135 0.210965 0.212686 0.214596 0.215704 0.217029 0.217947 0.218899 0.218528 0.216624 0.214318 0.211412 0.208377 0.203948 0.19966 0.194782 0.189781 0.178411 0.172398 0.167109 0.156028 0.149845 0.145282 0.141373 0.137918 0.13502 0.132291 0.12962 0.127077 0.124401 0.121495 0.118279 0.114733 0.110868 0.106654 0.102327 0 0 0 0 0 0 0 0 0 0 0 0 0 0 0 -9999
-9999 -9999 -9999 0.177233 0.177147 0.176835 0.177416 0.178471 0.177756 0.177609 0.178455 0.179463 0.180504 0.182451 0.183324 0.184613 0.186864 0.189777 0.19306 0.194809 0.195241 0.20019 0.201987 0.20174 0.203964 0.20535 0.205903 0.206366 0.206485 0.206946 0.207455 0.208655 0.209319 0.206896 0.203772 0.200868 0.197663 0.194599 0.19062 0.186377 0.182374 0.171727 0.166649 0.161563 0.148827 0.144113 0.139601 0.135569 0.132525 0.129478 0.126281 0.123375 0.120719 0.117984 0.115085 0.111985 0.108644 0.105121 0.101346 0 0 0 0 0 0 0 0 0 0 0 0 0 0 0 0 0
-9999 -9999 -9999 0.176998 0.177288 0.176972 0.177541 0.177557 0.17689 0.17696 0.177371 0.178132 0.179025 0.180269 0.181369 0.182843 0.1849 0.18748 0.190375 0.192874 0.193962 0.197316 0.19063 0.197058 0.198702 0.19891 0.198649 0.197671 0.197177 0.197207 0.197077 0.196749 0.196837 0.196682 0.194563 0.191241 0.188836 0.186154 0.182058 0.178195 0.174708 0.170986 0.159704 0.148998 0.142826 0.13838 0.133858 0.12933 0.125903 0.122878 0.119603 0.116824 0.1141 0.111344 0.108521 0.105569 0.102461 0 0 0 0 0 0 0 0 0 0 0 0 0 0 0 0 0 0 0
-9999 -9999 -9999 0.177198 0.177197 0.176924 0.176614 0.176248 0.175952 0.176681 0.176767 0.177438 0.177732 0.178455 0.179557 0.180739 0.182402 0.185089 0.187574 0.190297 0.19097 0.189772 0.190637 0.191825 0.193681 0.19241 0.190882 0.189378 0.188409 0.188722 0.187431 0.186574 0.185786 0.185065 0.184471 0.18214 0.180511 0.177596 0.173836 0.170195 0.16663 0.163185 0.153358 0.142282 0.136252 0.132095 0.127664 0.123323 0.11923 0.115955 0.112845 0.110005 0.107258 0.104541 0.101825 0 0 0 0 0 0 0 0 0 0 0 0 0 0 0 0 0 0 0 0 0
-9999 -9999 -9999 -9999 0.176649 0.176279 0.176197 0.176873 0.17665 0.176809 0.176999 0.177464 0.176668 0.177073 0.177828 0.178753 0.180024 0.181958 0.183507 0.185741 0.187549 0.180549 0.187347 0.186684 0.186524 0.185471 0.183373 0.181101 0.180239 0.180518 0.179383 0.178003 0.176142 0.174837 0.174884 0.17377 0.172236 0.169104 0.165685 0.162463 0.159139 0.155779 0.140777 0.133801 0.12892 0.12435 0.120375 0.116215 0.112387 0.10903 0.105893 0.102996 0.100243 0 0 0 0 0 0 0 0 0 0 0 0 0 0 0 0 0 0 0 0 0 0 0
-9999 -9999 -9999 -9999 0.176613 0.175963 0.176676 0.177668 0.179116 0.179491 0.17767 0.177639 0.176755 0.175879 0.176235 0.176922 0.177877 0.178934 0.180441 0.182467 0.184094 0.180946 0.178956 0.180066 0.178865 0.177411 0.175357 0.17405 0.173986 0.173792 0.171902 0.170185 0.167397 0.165618 0.164223 0.163519 0.162779 0.161202 0.157927 0.155069 0.152011 0.148753 0.139502 0.128908 0.121939 0.117459 0.113224 0.109285 0.105393 0.101943 0 0 0 0 0 0 0 0 0 0 0 0 0 0 0 0 0 0 0 0 0 0 0 0 0 0
-9999 -9999 -9999 -9999 -9999 -9999 -9999 -9999 -9999 0.17908 0.179015 0.177579 0.176346 0.174817 0.174881 0.175266 0.175669 0.176807 0.178016 0.178042 0.172493 0.176408 0.174262 0.1749 0.172654 0.170835 0.168899 0.167713 0.167006 0.166678 0.164406 0.161517 0.158588 0.157106 0.155548 0.15453 0.153625 0.153541 0.150547 0.148025 0.145122 0.142035 0.131517 0.122648 0.115329 0.111241 0.106702 0.102192 0 0 0 0 0 0 0 0 0 0 0 0 0 0 0 0 0 0 0 0 0 0 0 0 0 0 0 0
-9999 -9999 -9999 -9999 -9999 -9999 -9999 -9999 -9999 0.180428 0.180905 0.177336 0.175799 0.174259 0.173861 0.174022 0.17424 0.174489 0.17475 0.175244 0.172753 0.172634 0.169503 0.170186 0.167726 0.165682 0.164247 0.162157 0.16108 0.159744 0.156481 0.153467 0.15067 0.14901 0.147744 0.146486 0.146625 0.146263 0.144114 0.141665 0.13862 0.130776 0.125269 0.121018 0.108946 0.104231 0 0 0 0 0 0 0 0 0 0 0 0 0 0 0 0 0 0 0 0 0 0 0 0 0 0 0 0 0 0
-9999 -9999 -9999 -9999 -9999 -9999 -9999 -9999 -9999 -9999 0.181717 0.178355 0.175945 0.173958 0.173095 0.172812 0.172583 0.172458 0.172406 0.171965 0.168818 0.168736 0.16662 0.1644 0.163797 0.161097 0.159598 0.157546 0.154895 0.152167 0.149047 0.145799 0.14313 0.141478 0.141443 0.139411 0.13849 0.138116 0.137168 0.135612 0.132645 0.122958 0.119442 0.115036 0.106005 0 0 0 0 0 0 0 0 0 0 0 0 0 0 0 0 0 0 0 0 0 0 0 0 0 0 0 0 0 0 0
-9999 -9999 -9999 -9999 -9999 -9999 -9999 -9999 -9999 -9999 0.181432 0.179471 0.176243 0.174215 0.172647 0.171949 0.171339 0.170571 0.16992 0.166099 0.16573 -9999 -9999 -9999 -9999 -9999 -9999 0.152511 0.147495 0.143486 0.14081 0.138209 0.135846 0.134441 0.134379 0.134458 0.132319 0.131453 0.130367 0.129149 0.125208 0.118085 0.113949 0.109047 0.103981 0 0 0 0 0 0 0 0 0 0 0 0 0 0 0 0 0 0 0 0 0 0 0 0 0 0 0 0 0 0 0
