Test_Spring_2018/12_17/Prec/20171203_023.txt
ncols	170
nrows	115
xllcorner	350000.000000
yllcorner	4445000.000000
cellsize	1000.000000
nodata_value	-9999.000000
[rows 33 to 65 of 115, columns 73 to 145 of 170]
0.339878 0.343884 0.343754 0.346917 0.342194 0.33535 0.337023 0.33755 0.337092 0.336755 0.336264 0.333632 0.32944 0.319788 0.308058 0.305941 0.312749 0.31381 0.315615 0.313022 0.309615 0.303815 0.310578 0.313977 0.304616 0.293586 0.29261 -9999 -9999 -9999 -9999 -9999 -9999 -9999 -9999 -9999 -9999 -9999 -9999 -9999 -9999 -9999 -9999 -9999 -9999 -9999 -9999 -9999 -9999 -9999 -9999 -9999 -9999 -9999 -9999 -9999 -9999 -9999 -9999 -9999 -9999 -9999 -9999 -9999 -9999 -9999 -9999 -9999 -9999 -9999 -9999 -9999 -9999
0.33567 0.337838 0.339465 0.345735 0.32997 0.331513 0.33742 0.338101 0.338757 0.33748 0.336565 0.334495 0.330414 0.32429 0.316774 0.303224 0.312626 0.320166 0.320732 0.321156 0.318947 0.313283 0.31979 0.321091 0.30631 0.301405 0.296149 0.294144 -9999 -9999 -9999 -9999 -9999 -9999 -9999 -9999 -9999 -9999 -9999 -9999 -9999 -9999 -9999 -9999 -9999 -9999 -9999 -9999 -9999 -9999 -9999 -9999 -9999 -9999 -9999 -9999 -9999 -9999 -9999 -9999 -9999 -9999 -9999 -9999 -9999 -9999 -9999 -9999 -9999 -9999 -9999 -9999 -9999
0.333052 0.335094 0.338047 0.342236 0.338311 0.333869 0.336185 0.338497 0.339087 0.337656 0.331977 0.331694 0.332007 0.328144 0.319409 0.31069 0.308862 0.319917 0.323558 0.323649 0.326737 0.32196 0.325452 0.325258 0.319262 0.310541 0.302759 0.299432 0.292645 -9999 -9999 -9999 -9999 -9999 -9999 -9999 -9999 -9999 -9999 -9999 -9999 -9999 -9999 -9999 -9999 -9999 -9999 -9999 -9999 -9999 -9999 -9999 -9999 -9999 -9999 -9999 -9999 -9999 -9999 -9999 -9999 -9999 -9999 -9999 -9999 -9999 -9999 -9999 -9999 -9999 -9999 -9999 -9999
-9999 0.330604 0.334427 0.327827 0.336126 0.333684 0.336395 0.339026 0.339533 0.335857 0.334331 0.334682 0.332282 0.32765 0.32491 0.319541 0.313945 0.316789 0.326259 0.322901 0.329867 0.330029 0.33192 0.328454 0.321104 0.306971 0.30114 0.298035 0.292404 -9999 -9999 -9999 -9999 -9999 -9999 -9999 -9999 -9999 -9999 -9999 -9999 -9999 -9999 -9999 -9999 -9999 -9999 -9999 -9999 -9999 -9999 -9999 -9999 -9999 -9999 -9999 -9999 -9999 -9999 -9999 -9999 -9999 -9999 -9999 -9999 -9999 -9999 -9999 -9999 -9999 -9999 -9999 -9999
-9999 -9999 0.334294 0.327273 0.333387 0.333511 0.335415 0.339132 0.339707 0.338609 0.337868 0.336531 0.334614 0.331163 0.327304 0.322193 0.322086 0.328217 0.328759 0.328084 0.32958 0.333107 0.33296 0.323499 0.31614 0.310366 0.294968 0.28967 0.290016 0.286076 -9999 -9999 -9999 -9999 -9999 -9999 -9999 -9999 -9999 -9999 -9999 -9999 0.284727 -9999 -9999 -9999 -9999 -9999 -9999 -9999 -9999 -9999 -9999 -9999 -9999 -9999 -9999 -9999 -9999 -9999 -9999 -9999 -9999 0.150855 -9999 -9999 -9999 -9999 -9999 -9999 -9999 -9999 -9999
-9999 0.335083 0.328892 0.331699 0.335426 0.338982 0.335367 0.339466 0.340004 0.339298 0.338398 0.335828 0.335427 0.333541 0.32923 0.328582 0.33076 0.331964 0.333326 0.334359 0.33435 0.333676 0.332677 0.328948 0.323852 0.320424 0.305965 0.300396 0.294782 0.286349 0.279607 -9999 -9999 -9999 -9999 -9999 -9999 -9999 0.287398 0.285495 0.283778 0.283419 0.285913 0.28036 -9999 -9999 -9999 -9999 -9999 -9999 -9999 -9999 -9999 -9999 -9999 -9999 -9999 -9999 -9999 -9999 -9999 -9999 -9999 0.156052 0.142288 -9999 -9999 -9999 -9999 -9999 -9999 -9999 -9999
-9999 0.327336 0.331067 0.332833 0.336378 0.338362 0.336989 0.338672 0.340274 0.34045 0.339336 0.337424 0.337681 0.334869 0.333439 0.332481 0.335232 0.335995 0.335294 0.334384 0.333666 0.330931 0.331021 0.330233 0.326974 0.321527 0.315842 0.304513 0.293205 0.28205 0.272921 -9999 -9999 -9999 -9999 -9999 -9999 0.288815 0.291568 0.292437 0.285396 0.287677 0.289272 0.285876 0.265752 -9999 -9999 -9999 -9999 -9999 -9999 -9999 -9999 -9999 -9999 -9999 -9999 -9999 -9999 0.211714 0.200184 0.181259 0.168027 0.156782 0.143137 -9999 -9999 -9999 -9999 -9999 -9999 -9999 -9999
-9999 0.327334 0.331761 0.334695 0.33731 0.337554 0.334438 0.3393 0.340291 0.340529 0.340505 0.340311 0.337836 0.336833 0.332961 0.336905 0.336911 0.336134 0.332548 0.331182 0.324953 0.322438 0.322174 0.327754 0.323673 0.315085 0.304288 0.291524 0.287278 0.282657 0.274456 -9999 -9999 -9999 -9999 -9999 -9999 0.289601 0.292675 0.294754 0.293415 0.286054 0.290709 0.275699 0.2676 0.262462 0.261485 0.258924 0.251462 0.242091 0.239862 0.235064 0.234315 -9999 -9999 -9999 -9999 0.222667 0.219397 0.215373 0.207631 0.187323 0.170711 0.154249 0.136215 -9999 -9999 -9999 -9999 -9999 -9999 -9999 -9999
-9999 0.331266 0.333843 0.335 0.334946 0.337261 0.334049 0.338848 0.338053 0.338205 0.338442 0.338603 0.337884 0.335895 0.336319 0.336154 0.334916 0.327626 0.319149 0.322925 0.320485 0.312918 0.318987 0.323825 0.319157 0.308714 0.296546 0.292568 0.28962 0.283357 0.268759 -9999 -9999 -9999 0.274681 0.280323 0.27999 0.280635 0.284905 0.287425 0.295036 0.295021 0.291811 0.275519 0.267252 0.258488 0.255492 0.258749 0.256364 0.243444 0.241375 0.236914 0.231305 0.231553 0.230899 0.229296 0.226685 0.223935 0.220772 0.216358 0.208719 0.193164 0.178687 0.165879 0.133612 -9999 -9999 -9999 -9999 -9999 -9999 -9999 -9999
-9999 0.327244 0.329391 0.331125 0.334254 0.334355 0.336348 0.333026 0.337846 0.338448 0.33653 0.338632 0.338547 0.338264 0.337512 0.336362 0.330112 0.321537 0.312969 0.309024 0.313045 0.306737 0.307603 0.312407 0.313314 0.298759 0.287943 0.286386 0.283807 0.271994 0.262665 -9999 -9999 0.263534 0.275287 0.283221 0.286737 0.286871 0.285377 0.288908 0.286901 0.290075 0.284843 0.263814 0.26011 0.258968 0.256169 0.248168 0.244831 0.243173 0.237261 0.235853 0.234189 0.23414 0.233171 0.231892 0.23015 0.226949 0.224227 0.220177 0.21339 0.197702 0.185683 0.165546 0.133412 -9999 -9999 -9999 -9999 -9999 -9999 -9999 -9999
-9999 0.326624 0.32893 0.331631 0.331847 0.334016 0.335909 0.330989 0.334819 0.338425 0.337176 0.33628 0.338522 0.338406 0.338059 0.337457 0.331495 0.324617 0.314327 0.30792 0.306043 0.303457 0.290572 0.292503 0.291336 0.290101 0.29127 0.29054 0.284695 0.279154 0.26699 0.261555 -9999 0.265084 0.270439 0.28008 0.287809 0.29197 0.288298 0.292424 0.290933 0.291046 0.285319 0.267556 0.254581 0.24942 0.244124 0.244148 0.248127 0.244515 0.242933 0.236901 0.236064 0.235614 0.235065 0.234311 0.233142 0.23115 0.228197 0.223951 0.218041 0.207127 0.189448 0.169913 0.136151 -9999 -9999 -9999 -9999 -9999 -9999 -9999 -9999
0.319048 0.326517 0.330738 0.332149 0.333193 0.334234 0.3351 0.332374 0.335693 0.336929 0.33854 0.334599 0.335077 0.335839 0.338112 0.337739 0.336956 0.333021 0.320444 0.317551 0.305806 0.296984 0.290924 0.291915 0.298056 0.297547 0.293211 0.288614 0.282184 0.28019 0.274056 0.260628 0.262401 0.268593 0.27301 0.279553 0.289211 0.295217 0.296623 0.295454 0.294843 0.292694 0.280113 0.264469 0.257719 0.250222 0.245 0.240624 0.239423 0.236451 0.242346 0.24176 0.237094 0.237048 0.237018 0.236799 0.236101 0.234513 0.231711 0.227708 0.222246 0.211227 0.196168 0.165929 0.138317 -9999 -9999 -9999 -9999 -9999 -9999 -9999 -9999
-9999 0.325156 0.326675 0.32677 0.327439 0.32929 0.33161 0.331526 0.332953 0.335757 0.337593 0.335226 0.331191 0.334828 0.336133 0.337378 0.337094 0.336264 0.323312 0.316836 0.311535 0.302868 0.302911 0.30475 0.304426 0.302611 0.293331 0.284393 0.274121 0.264996 0.265564 0.262145 0.264971 0.26944 0.279515 0.286221 0.288275 0.288923 0.29752 0.297551 0.291191 0.289277 0.280619 0.266784 0.25804 0.253235 0.247856 0.243358 0.231871 0.234802 0.233334 0.237217 0.241011 0.238513 0.238907 0.239152 0.238738 0.237434 0.234874 0.230956 0.22287 0.211305 0.197303 0.166709 0.140252 -9999 -9999 -9999 -9999 -9999 -9999 -9999 -9999
-9999 -9999 -9999 0.324774 0.326086 0.327006 0.32886 0.331255 0.333826 0.335924 0.337039 0.336268 0.333295 0.332203 0.332801 0.328474 0.330244 0.334275 0.332995 0.331193 0.320869 0.313484 0.316792 0.314502 0.307075 0.301471 0.296315 0.285905 0.278581 0.268221 0.260878 0.261879 0.272627 0.281458 0.291807 0.29609 0.292885 0.29415 0.295293 0.297512 0.295931 0.290248 0.281013 0.267482 0.256898 0.255219 0.250274 0.243726 0.23826 0.234341 0.235132 0.235239 0.239029 0.240308 0.240567 0.241065 0.240961 0.239847 0.237423 0.230229 0.223144 0.2142 0.203489 0.171805 0.139129 -9999 -9999 -9999 -9999 -9999 -9999 -9999 -9999
-9999 -9999 -9999 0.320875 0.321558 0.324034 0.33074 0.331277 0.33384 0.334983 0.33673 0.336494 0.333462 0.330085 0.326394 0.321295 0.323063 0.328824 0.331565 0.330617 0.321245 0.322558 0.319665 0.315578 0.305989 0.299171 0.295885 0.28602 0.277869 0.271577 0.262537 0.268635 0.275041 0.282539 0.293922 0.301179 0.303087 0.298544 0.298825 0.301685 0.296955 0.28788 0.282482 0.267107 0.254711 0.254745 0.251057 0.245067 0.241711 0.236778 0.236226 0.237338 0.239105 0.240809 0.24175 0.242275 0.242325 0.241373 0.237676 0.23243 0.225215 0.21601 0.205046 0.179991 0.139561 -9999 -9999 -9999 -9999 -9999 -9999 -9999 -9999
-9999 -9999 -9999 -9999 0.316917 0.322699 0.331586 0.330882 0.331884 0.334927 0.336225 0.335416 0.334535 0.330267 0.323933 0.31152 0.313658 0.318776 0.326465 0.329713 0.327525 0.321904 0.315814 0.30349 0.292981 0.291555 0.290192 0.283243 0.277266 0.270279 0.276949 0.284114 0.29162 0.295956 0.295836 0.302068 0.306162 0.301868 0.302752 0.303351 0.296181 0.289356 0.28243 0.266604 0.259783 0.253935 0.251984 0.245029 0.242884 0.238648 0.237275 0.237728 0.239036 0.240856 0.241982 0.242715 0.242851 0.241502 0.23839 0.2331 0.225721 0.216386 0.205285 0.191671 0.161631 0.139765 -9999 -9999 -9999 -9999 -9999 -9999 -9999
-9999 -9999 -9999 -9999 0.311175 0.314011 0.32452 0.324779 0.330576 0.33425 0.335511 0.333509 0.331831 0.325797 0.323512 0.31179 0.306215 0.309164 0.306019 0.316931 0.326398 0.320915 0.296932 0.287624 0.281085 0.282322 0.282592 0.281211 0.270412 0.2688 0.281191 0.289696 0.296525 0.301725 0.302958 0.302918 0.309826 0.308665 0.307899 0.303006 0.298139 0.288488 0.280085 0.269005 0.25986 0.253359 0.251607 0.243636 0.243335 0.238781 0.236679 0.236393 0.23896 0.240285 0.241505 0.241745 0.241945 0.240607 0.23722 0.232012 0.224639 0.215249 0.204282 0.191782 0.172654 0.151916 0.135078 0.122975 -9999 -9999 -9999 -9999 -9999
-9999 -9999 -9999 -9999 -9999 0.303861 0.318413 0.321886 0.326525 0.332613 0.334325 0.332497 0.330622 0.324214 0.318053 0.307488 0.29494 0.288697 0.304936 0.31873 0.325104 0.320881 0.300607 0.292008 0.290885 0.294945 0.291519 0.289486 0.281476 0.280458 0.278602 0.282778 0.291619 0.297619 0.30433 0.308482 0.307716 0.308113 0.306269 0.302032 0.297399 0.291312 0.285062 0.267909 0.264095 0.255918 0.251966 0.246908 0.242876 0.23813 0.234861 0.236237 0.23809 0.239294 0.238361 0.239521 0.239612 0.23817 0.234917 0.229178 0.221895 0.212761 0.201947 0.189862 0.172436 0.157768 0.139778 0.120558 0.100307 -9999 -9999 -9999 -9999
-9999 -9999 -9999 -9999 -9999 0.296039 0.3105 0.314029 0.324055 0.331031 0.330578 0.33157 0.330164 0.325358 0.317351 0.310065 0.296227 0.281432 0.299094 0.315382 0.322622 0.321463 0.302553 0.305651 0.301316 0.30241 0.296159 0.294176 0.29288 0.289858 0.286606 0.282779 0.279109 0.294002 0.301704 0.307092 0.308492 0.307643 0.30501 0.301255 0.294373 0.283058 0.281825 0.268321 0.261661 0.255508 0.250346 0.245811 0.242103 0.237605 0.236476 0.234783 0.234591 0.233424 0.235072 0.236017 0.235814 0.234144 0.230831 0.225745 0.220842 0.208982 0.19858 0.186955 0.170077 0.156742 0.143061 0.128648 0.10688 0 0 0 -9999
-9999 -9999 -9999 -9999 -9999 0.275072 0.29604 0.310904 0.320486 0.323954 0.327197 0.329034 0.326729 0.324764 0.318945 0.312873 0.303374 0.289324 0.279695 0.292875 0.311094 0.319299 0.315467 0.313728 0.308807 0.304758 0.304404 0.305272 0.301613 0.29649 0.290142 0.285587 0.284766 0.296089 0.29819 0.297304 0.306857 0.304592 0.3007 0.29246 0.284134 0.279821 0.270512 0.259501 0.250244 0.248066 0.24615 0.243324 0.240245 0.235609 0.230641 0.230804 0.228136 0.229592 0.230748 0.231254 0.230745 0.228886 0.225416 0.220387 0.213882 0.208077 0.198658 0.183353 0.167135 0.154671 0.141916 0.129258 0.11571 0.102006 0 0 0
-9999 -9999 -9999 -9999 -9999 0.277259 0.289657 0.305223 0.309179 0.318908 0.321999 0.325833 0.325848 0.323671 0.318537 0.311679 0.303685 0.291473 0.281681 0.288962 0.301951 0.309658 0.309619 0.311418 0.310291 0.308913 0.307789 0.307244 0.306855 0.303798 0.292664 0.290259 0.285626 0.297795 0.299575 0.297556 0.301734 0.299213 0.287822 0.277578 0.272313 0.272363 0.263586 0.249436 0.241237 0.238899 0.241534 0.230765 0.228599 0.227463 0.22744 0.222842 0.223824 0.224787 0.225493 0.22554 0.224704 0.222664 0.21912 0.214199 0.207885 0.200154 0.193871 0.183823 0.16802 0.152162 0.140461 0.1288 0.117177 0.101232 0 0 0
-9999 -9999 -9999 -9999 -9999 0.276188 0.282714 0.296721 0.304022 0.314124 0.318713 0.322147 0.322596 0.319907 0.317176 0.312598 0.305468 0.299845 0.290937 0.279225 0.293597 0.298391 0.299417 0.298751 0.302301 0.301589 0.299397 0.300149 0.303313 0.297762 0.293213 0.29276 0.290735 0.29774 0.298065 0.297437 0.295797 0.286654 0.274 0.262622 0.26405 0.258435 0.257258 0.235992 0.232026 0.232389 0.22992 0.223515 0.218416 0.221997 0.216587 0.217498 0.218454 0.21928 0.219424 0.219165 0.217929 0.215653 0.212168 0.207377 0.201373 0.194185 0.185972 0.179356 0.164308 0.153581 0.138471 0.127228 0.113171 0.103211 0 0 0
-9999 -9999 -9999 -9999 -9999 -9999 0.273397 0.283274 0.299173 0.308396 0.314441 0.317614 0.317907 0.316483 0.314458 0.3113 0.305825 0.298903 0.28858 0.280301 0.282354 0.287108 0.284175 0.285885 0.294195 0.296713 0.291878 0.279455 0.280107 0.288733 0.289974 0.290711 0.291168 0.293829 0.293064 0.290657 0.284492 0.267639 0.258744 0.249298 0.245833 0.238457 0.241004 0.224975 0.22673 0.225193 0.222467 0.213168 0.208334 0.207045 0.209226 0.208554 0.210381 0.213073 0.212884 0.212177 0.21064 0.20826 0.204821 0.200258 0.192992 0.186015 0.178119 0.171877 0.157122 0.146476 0.135892 0.125029 0.116077 0.106797 0 0 0
-9999 -9999 -9999 -9999 -9999 -9999 0.259603 0.276954 0.295333 0.301606 0.30783 0.313143 0.313394 0.311071 0.308529 0.305576 0.301987 0.293989 0.285957 0.278066 0.274162 0.273574 0.271842 0.275561 0.286667 0.288192 0.286712 0.265984 0.26234 0.273005 0.282259 0.283801 0.283759 0.274262 0.276235 0.270158 0.261496 0.257379 0.251453 0.24148 0.241012 0.232207 0.230323 0.21686 0.216254 0.214116 0.21514 0.206854 0.200463 0.198461 0.201105 0.200636 0.204036 0.204991 0.204702 0.203675 0.20195 0.199351 0.195867 0.191321 0.185803 0.179379 0.172063 0.163839 0.15637 0.13497 0.125796 0.118656 0.111667 0 0 0 0
-9999 -9999 -9999 -9999 -9999 -9999 0.258667 0.270634 0.286781 0.29884 0.299836 0.305702 0.308624 0.305969 0.302738 0.299151 0.296827 0.288307 0.278879 0.270819 0.261537 0.261017 0.264757 0.272053 0.278685 0.279074 0.276724 0.260533 0.263475 0.27049 0.274471 0.27593 0.275361 0.273213 0.271574 0.266759 0.263616 0.256172 0.245149 0.238862 0.23774 0.225269 0.222415 0.222343 0.205572 0.20786 0.207503 0.19786 0.188623 0.193323 0.195365 0.197292 0.197875 0.197615 0.197411 0.196007 0.194083 0.191438 0.187974 0.183717 0.178539 0.172645 0.165445 0.157334 0.143252 0.129303 0.121628 0.116561 0.111333 0 0 0 0
-9999 -9999 -9999 -9999 -9999 -9999 0.257629 0.268247 0.282081 0.290545 0.292082 0.298366 0.303798 0.302765 0.299333 0.297604 0.293583 0.286186 0.277971 0.269002 0.263718 0.253811 0.260186 0.265029 0.270305 0.272227 0.256049 0.252653 0.256802 0.261148 0.262865 0.267438 0.267231 0.265357 0.25816 0.253945 0.253856 0.250624 0.24597 0.237529 0.234445 0.227711 0.223138 0.218704 0.200884 0.200761 0.198203 0.188485 0.187757 0.189351 0.19015 0.190964 0.190409 0.190143 0.189932 0.188366 0.186275 0.183576 0.180274 0.176213 0.17127 0.165765 0.158456 0.149508 0.137856 0.119369 0.117777 0.116508 0.107726 0 0 0 0
-9999 -9999 -9999 -9999 -9999 -9999 0.252679 0.263796 0.27544 0.280235 0.280904 0.292132 0.298785 0.298261 0.296209 0.293731 0.28543 0.284526 0.2816 0.273378 0.262056 0.249752 0.249006 0.252676 0.260976 0.262453 0.242091 0.23788 0.239188 0.24542 0.251052 0.257018 0.258093 0.255486 0.244409 0.232442 0.236043 0.239693 0.237665 0.233855 0.226003 0.221749 0.217618 0.211112 0.193016 0.189739 0.189015 0.180316 0.180671 0.18259 0.184106 0.181569 0.180905 0.182428 0.182542 0.18077 0.178593 0.175991 0.172794 0.169007 0.164162 0.158777 0.152481 0.139871 0.129607 0.11247 0.11452 0.112085 0 0 0 0 0
-9999 -9999 -9999 -9999 -9999 -9999 0.246003 0.253879 0.264832 0.269056 0.275935 0.286357 0.291162 0.293059 0.292188 0.290171 0.285803 0.282543 0.277251 0.268762 0.257643 0.245403 0.236768 0.238384 0.248646 0.242329 0.229336 0.223718 0.22737 0.233578 0.243491 0.248769 0.248633 0.247048 0.243845 0.234703 0.223753 0.222213 0.225261 0.219352 0.212669 0.213125 0.210501 0.204438 0.199488 0.184777 0.175466 0.171329 0.171121 0.173558 0.178155 0.177483 0.175762 0.1768 0.175204 0.173325 0.171196 0.168617 0.165624 0.162157 0.157828 0.152445 0.14314 0.134091 0.123159 0.116996 0.114282 0.107423 0 0 0 0 0
-9999 -9999 -9999 -9999 -9999 -9999 0.236818 0.246005 0.256093 0.265485 0.274301 0.281753 0.281706 0.285168 0.284263 0.285442 0.283612 0.279285 0.274572 0.267 0.253151 0.241105 0.228054 0.228917 0.238719 0.227763 0.2203 0.208442 0.216752 0.226252 0.234837 0.238874 0.233181 0.23628 0.234614 0.230336 0.223293 0.213034 0.211714 0.203522 0.201596 0.203298 0.202653 0.200307 0.196383 0.182583 0.170706 0.164738 0.163465 0.165523 0.168617 0.171652 0.170749 0.169911 0.168111 0.166133 0.164006 0.161556 0.1587 0.15537 0.1514 0.143691 0.134901 0.127595 0.11894 0.113555 0.111836 0.106267 0 0 0 0 0
-9999 -9999 -9999 -9999 -9999 -9999 -9999 0.241787 0.252087 0.259523 0.261028 0.267451 0.270518 0.272629 0.272314 0.279731 0.278966 0.275693 0.2712 0.264436 0.253399 0.244975 0.232176 0.22224 0.216207 0.211021 0.211267 0.207965 0.210137 0.218687 0.227839 0.227141 0.218238 0.217675 0.217679 0.219645 0.216651 0.203357 0.196016 0.18971 0.192068 0.194565 0.194121 0.192877 0.190652 0.172801 0.159392 0.162562 0.16443 0.163437 0.164878 0.165479 0.164329 0.162987 0.161147 0.159212 0.157078 0.154623 0.15199 0.148597 0.144169 0.136408 0.122169 0.1187 0.113331 0.105598 0.104348 0 0 0 0 0 0
-9999 -9999 -9999 -9999 -9999 -9999 -9999 0.23506 0.24695 0.248865 0.24788 0.242877 0.243909 0.258414 0.260488 0.267509 0.273966 0.271969 0.267474 0.260949 0.253484 0.242818 0.228453 0.216348 0.198715 0.206735 0.212902 0.211979 0.212272 0.216108 0.214766 0.205083 0.196088 0.198017 0.198669 0.206055 0.206446 0.203683 0.195492 0.186324 0.181134 0.185353 0.185059 0.184279 0.183126 0.173696 0.158234 0.158348 0.159665 0.159979 0.159275 0.159448 0.158074 0.156333 0.154564 0.152558 0.150414 0.147941 0.145274 0.141144 0.136434 0.126248 0.116973 0.109667 0.10108 0.107708 0.10264 0 0 0 0 0 0
-9999 -9999 -9999 -9999 -9999 -9999 -9999 -9999 -9999 -9999 -9999 -9999 0.239046 0.241348 0.251707 0.259963 0.269472 0.267978 0.263823 0.259007 0.248821 0.23755 0.233305 0.215423 0.196295 0.203022 0.206476 0.208081 0.206414 0.205223 0.199097 0.190038 0.178943 0.181155 0.18808 0.195923 0.194769 0.194248 0.189894 0.184015 0.171509 0.176295 0.175997 0.176 0.175007 0.158633 0.152752 0.152713 0.15108 0.15262 0.154658 0.153438 0.151898 0.150164 0.148287 0.146189 0.144016 0.141636 0.138945 0.135681 0.131073 0.12312 0.11568 0.108666 0 0.104071 0 0 0 0 0 0 0
-9999 -9999 -9999 -9999 -9999 -9999 -9999 -9999 -9999 -9999 -9999 -9999 0.224556 0.222607 0.245991 0.255166 0.263494 0.263561 0.259191 0.25364 0.247011 0.239342 0.22908 0.20338 0.190923 0.196931 0.198854 0.197628 0.193175 0.184583 0.180498 0.170465 0.163179 0.169837 0.176417 0.183109 0.183678 0.182524 0.18158 0.171078 0.162702 0.164191 0.165341 0.16773 0.159261 0.151127 0.152062 0.14725 0.148873 0.149365 0.148882 0.14786 0.146052 0.144237 0.142304 0.140111 0.137934 0.135718 0.13327 0.130693 0.126903 0.118867 0.112499 0.105476 0 0 0 0 0 0 0 0 0
