Test_Spring_2018/12_17/Prec/20171203_001.txt
ncols	170
nrows	115
xllcorner	350000.000000
yllcorner	4445000.000000
cellsize	1000.000000
nodata_value	-9999.000000
[rows 31 to 61 of 115, columns 70 to 139 of 170]
1.70237 1.68617 1.66222 1.62667 1.59624 1.54961 1.4724 1.43886 1.31568 1.2857 1.25176 1.22466 1.19654 1.16643 1.14438 1.11093 1.03987 1.04398 1.03963 1.01344 1.01395 1.02084 0.99985 0.953166 0.92872 0.893977 0.870905 0.816735 0.78746 -9999 -9999 -9999 -9999 -9999 -9999 -9999 -9999 -9999 -9999 -9999 -9999 -9999 -9999 -9999 -9999 -9999 -9999 -9999 -9999 -9999 -9999 -9999 -9999 -9999 -9999 -9999 -9999 -9999 -9999 -9999 -9999 -9999 -9999 -9999 -9999 -9999 -9999 -9999 -9999 -9999
1.69679 1.67584 1.6486 1.61392 1.59309 1.57021 1.45412 1.38947 1.3109 1.2834 1.25266 1.21726 1.19109 1.16688 1.14643 1.11602 1.06106 1.01172 1.02038 1.01082 0.98796 1.00389 0.982754 0.941031 0.885518 0.903645 0.889103 0.783505 0.747589 -9999 -9999 -9999 -9999 -9999 -9999 -9999 -9999 -9999 -9999 -9999 -9999 -9999 -9999 -9999 -9999 -9999 -9999 -9999 -9999 -9999 -9999 -9999 -9999 -9999 -9999 -9999 -9999 -9999 -9999 -9999 -9999 -9999 -9999 -9999 -9999 -9999 -9999 -9999 -9999 -9999
1.67912 1.66448 1.63467 1.6038 1.58798 1.55671 1.4953 1.38771 1.30473 1.27947 1.25206 1.22333 1.19719 1.17279 1.14336 1.11073 1.06151 1.00686 0.986011 0.996332 0.987947 0.982521 0.962436 0.939609 0.908565 0.919761 0.919353 0.864828 0.766938 0.695272 -9999 -9999 -9999 -9999 -9999 -9999 -9999 -9999 -9999 -9999 -9999 -9999 -9999 -9999 -9999 -9999 -9999 -9999 -9999 -9999 -9999 -9999 -9999 -9999 -9999 -9999 -9999 -9999 -9999 -9999 -9999 -9999 -9999 -9999 -9999 -9999 -9999 -9999 -9999 -9999
1.65863 1.65142 1.62002 1.57828 1.55695 1.53229 1.45228 1.30979 1.28335 1.27286 1.24632 1.22163 1.19252 1.16683 1.13942 1.10726 1.07009 1.02984 0.970565 0.989922 1.00377 0.994559 0.98514 0.96689 0.936888 0.947843 0.941009 0.859582 0.730957 0.706799 0.693844 -9999 -9999 -9999 -9999 -9999 -9999 -9999 -9999 -9999 -9999 -9999 -9999 -9999 -9999 -9999 -9999 -9999 -9999 -9999 -9999 -9999 -9999 -9999 -9999 -9999 -9999 -9999 -9999 -9999 -9999 -9999 -9999 -9999 -9999 -9999 -9999 -9999 -9999 -9999
-9999 1.63632 1.60493 1.55992 1.53825 1.51805 1.4662 1.36241 1.28235 1.25954 1.23832 1.21321 1.18343 1.14156 1.12018 1.10298 1.07367 1.02964 0.987133 0.969085 0.99543 0.997283 0.987441 0.987803 0.9615 0.962957 0.951731 0.910066 0.807005 0.728567 0.711651 0.683321 -9999 -9999 -9999 -9999 -9999 -9999 -9999 -9999 -9999 -9999 -9999 -9999 -9999 -9999 -9999 -9999 -9999 -9999 -9999 -9999 -9999 -9999 -9999 -9999 -9999 -9999 -9999 -9999 -9999 -9999 -9999 -9999 -9999 -9999 -9999 -9999 -9999 -9999
-9999 -9999 -9999 -9999 1.51491 1.46299 1.38526 1.34701 1.27231 1.25001 1.22912 1.20308 1.16521 1.13705 1.11769 1.09141 1.0598 1.03654 1.00603 0.976064 0.975558 0.998046 0.977484 0.991846 0.98307 0.979867 0.958245 0.856398 0.794162 0.722411 0.70663 0.682581 -9999 -9999 -9999 -9999 -9999 -9999 -9999 -9999 -9999 -9999 -9999 -9999 -9999 -9999 -9999 -9999 -9999 -9999 -9999 -9999 -9999 -9999 -9999 -9999 -9999 -9999 -9999 -9999 -9999 -9999 -9999 -9999 -9999 -9999 -9999 -9999 -9999 -9999
-9999 -9999 -9999 -9999 -9999 1.45494 1.37501 1.36032 1.26192 1.23544 1.21691 1.19001 1.16 1.13393 1.10862 1.08406 1.05683 1.03046 1.00174 0.991389 1.00317 0.996689 0.986363 0.983327 0.986882 0.977611 0.926252 0.837884 0.810397 0.700772 0.677855 0.67428 0.656543 -9999 -9999 -9999 -9999 -9999 -9999 -9999 -9999 -9999 -9999 -9999 -9999 0.616365 -9999 -9999 -9999 -9999 -9999 -9999 -9999 -9999 -9999 -9999 -9999 -9999 -9999 -9999 -9999 -9999 -9999 -9999 -9999 -9999 0.315909 -9999 -9999 -9999
-9999 -9999 -9999 -9999 1.51792 1.40985 1.38217 1.35702 1.3037 1.22307 1.204 1.17544 1.14558 1.11818 1.08835 1.06898 1.04752 1.02047 1.00797 1.00669 1.00327 1.00103 0.997877 0.991026 0.981482 0.970222 0.886769 0.861889 0.842452 0.780263 0.713411 0.689879 0.657157 0.630511 -9999 -9999 -9999 -9999 -9999 -9999 -9999 0.635478 0.626806 0.618734 0.615217 0.621304 0.600169 -9999 -9999 -9999 -9999 -9999 -9999 -9999 -9999 -9999 -9999 -9999 -9999 -9999 -9999 -9999 -9999 -9999 -9999 -9999 0.32883 0.302348 -9999 -9999
-9999 -9999 -9999 -9999 1.43894 1.41297 1.37885 1.35004 1.31612 1.21545 1.18592 1.15903 1.13066 1.10156 1.07349 1.05642 1.03242 1.01612 1.00394 1.0062 1.00301 0.995522 0.987431 0.979637 0.964348 0.957725 0.888654 0.870128 0.843901 0.816742 0.726469 0.683801 0.642009 0.607454 -9999 -9999 -9999 -9999 -9999 -9999 0.643296 0.650449 0.651179 0.625097 0.630433 0.633371 0.619373 0.56796 -9999 -9999 -9999 -9999 -9999 -9999 -9999 -9999 -9999 -9999 -9999 -9999 -9999 -9999 0.445357 0.419344 0.37072 0.343652 0.325446 0.301026 -9999 -9999
-9999 -9999 -9999 -9999 1.43917 1.41231 1.37865 1.34308 1.29967 1.2141 1.17145 1.14023 1.11034 1.08379 1.06101 1.03481 1.0176 0.994237 1.0002 0.995017 0.988589 0.973308 0.965505 0.9407 0.927486 0.865649 0.877696 0.856488 0.819602 0.775022 0.684346 0.662805 0.643164 0.611852 -9999 -9999 -9999 -9999 -9999 -9999 0.64643 0.654781 0.659662 0.652859 0.625567 0.63875 0.602012 0.57426 0.556442 0.552577 0.543226 0.514374 0.507084 0.498833 0.481847 0.478739 -9999 -9999 -9999 -9999 0.451741 0.448883 0.446094 0.433484 0.381179 0.344039 0.309893 0.284511 -9999 -9999
-9999 -9999 -9999 -9999 1.45424 1.41746 1.37385 1.3252 1.28473 1.19585 1.15246 1.1292 1.09714 1.06997 1.04747 1.027 1.00708 0.999698 0.993999 0.987458 0.962258 0.933846 0.946747 0.915988 0.842856 0.852014 0.861802 0.838657 0.795395 0.745949 0.686485 0.669574 0.644402 0.618103 -9999 -9999 -9999 0.623304 0.640402 0.637933 0.639259 0.653155 0.661264 0.6588 0.656311 0.634096 0.60132 0.572857 0.542561 0.53156 0.541454 0.532043 0.507049 0.498266 0.481222 0.474745 0.473389 0.470061 0.465155 0.458992 0.454968 0.452488 0.448923 0.437641 0.3895 0.361097 0.341201 0.282769 -9999 -9999
-9999 -9999 -9999 -9999 1.45808 1.4182 1.37436 1.32362 1.2733 1.2305 1.14555 1.10798 1.07508 1.03892 1.02202 1.00353 0.989989 0.979967 0.972863 0.951731 0.924757 0.898638 0.887891 0.866598 0.843659 0.836698 0.847398 0.816364 0.78845 0.743306 0.728685 0.680646 0.631805 0.594662 -9999 -9999 0.584459 0.621477 0.646479 0.65735 0.657423 0.652415 0.664549 0.657882 0.668402 0.64363 0.592709 0.580251 0.543525 0.532865 0.522962 0.509301 0.49899 0.494074 0.484905 0.474878 0.47086 0.464927 0.459806 0.455618 0.449544 0.448527 0.446679 0.439272 0.405344 0.387112 0.352703 0.285755 -9999 -9999
-9999 -9999 -9999 -9999 1.46249 1.4215 1.37912 1.32658 1.27994 1.21199 1.11908 1.08741 1.05218 1.01655 0.988542 0.977739 0.965394 0.958106 0.954836 0.937088 0.918492 0.889222 0.872672 0.83787 0.828746 0.800528 0.803659 0.793927 0.781724 0.77571 0.739223 0.681296 0.655709 0.606076 0.582037 -9999 0.58521 0.600531 0.631447 0.656912 0.671132 0.659415 0.674269 0.670041 0.665429 0.645548 0.604813 0.577232 0.559515 0.539756 0.536371 0.518245 0.500392 0.490462 0.48025 0.471257 0.464126 0.457975 0.453243 0.449976 0.447436 0.445612 0.443616 0.440218 0.423945 0.394422 0.357295 0.287165 -9999 -9999
-9999 -9999 -9999 1.51152 1.46584 1.42794 1.37753 1.32387 1.26935 1.21464 1.12718 1.06929 1.03196 0.998031 0.958793 0.941864 0.933088 0.935966 0.935373 0.937453 0.931357 0.896942 0.869254 0.851637 0.82556 0.799589 0.800193 0.815335 0.805312 0.780004 0.751941 0.692211 0.656239 0.628211 0.574952 0.575546 0.592246 0.604277 0.624849 0.657199 0.678221 0.684373 0.682114 0.67736 0.670745 0.642772 0.608945 0.587685 0.562098 0.542249 0.523279 0.513156 0.494563 0.484216 0.47593 0.465029 0.457506 0.451476 0.447168 0.444484 0.442768 0.441433 0.440776 0.439923 0.42848 0.404996 0.347885 0.300247 -9999 -9999
-9999 -9999 -9999 -9999 1.46464 1.41472 1.3567 1.29839 1.24305 1.18962 1.10861 1.06083 1.02356 0.978128 0.939995 0.907668 0.909131 0.909889 0.916438 0.922261 0.928919 0.88931 0.876734 0.866595 0.842614 0.838711 0.842819 0.836288 0.821584 0.778888 0.735114 0.662635 0.620056 0.610389 0.577221 0.579886 0.590371 0.621361 0.642584 0.649588 0.653069 0.68425 0.683812 0.674024 0.671141 0.64455 0.616614 0.589019 0.572584 0.551887 0.531815 0.485874 0.485837 0.470192 0.471837 0.460569 0.452064 0.445959 0.441956 0.439313 0.438067 0.437542 0.437656 0.430837 0.427032 0.41063 0.341756 0.300253 -9999 -9999
-9999 -9999 -9999 -9999 -9999 -9999 1.348 1.28933 1.22816 1.17039 1.09586 1.04958 1.00788 0.970582 0.935888 0.898635 0.884514 0.883758 0.872761 0.891531 0.908459 0.915619 0.920651 0.895193 0.871924 0.885267 0.875996 0.845633 0.817893 0.788524 0.738837 0.676329 0.628427 0.590839 0.582401 0.608648 0.626859 0.658586 0.671677 0.661216 0.667309 0.676824 0.68914 0.688797 0.674125 0.646396 0.61945 0.586036 0.58024 0.560738 0.53312 0.506576 0.482144 0.47265 0.459912 0.459631 0.451957 0.441908 0.437723 0.435387 0.434404 0.434351 0.430193 0.428581 0.426274 0.422739 0.352124 0.291417 -9999 -9999
-9999 -9999 -9999 -9999 -9999 -9999 1.33364 1.27143 1.21399 1.171 1.08907 1.04134 0.995137 0.958938 0.925344 0.892466 0.867861 0.853117 0.839572 0.854091 0.885105 0.907197 0.916468 0.895479 0.902781 0.895934 0.881063 0.843547 0.811543 0.788025 0.73944 0.673948 0.638806 0.59445 0.602254 0.612997 0.630087 0.662594 0.685752 0.693638 0.680996 0.686638 0.701974 0.69189 0.66662 0.652603 0.619557 0.580381 0.580455 0.564997 0.538764 0.51858 0.489748 0.474511 0.463873 0.455454 0.448007 0.440396 0.43466 0.432363 0.431693 0.430142 0.429043 0.427798 0.425657 0.422499 0.375622 0.28992 -9999 -9999
-9999 -9999 -9999 -9999 -9999 -9999 -9999 1.25527 1.20881 1.17293 1.08661 1.03326 0.993113 0.955053 0.919246 0.893456 0.866668 0.842668 0.804748 0.820956 0.850394 0.889914 0.914112 0.918134 0.902613 0.885458 0.843074 0.802587 0.788733 0.771445 0.732252 0.673757 0.635539 0.643501 0.654157 0.667964 0.673876 0.668109 0.687402 0.702301 0.691233 0.699477 0.707849 0.690245 0.673277 0.654707 0.620403 0.600343 0.580615 0.570896 0.541069 0.52446 0.497368 0.478557 0.464845 0.454048 0.44625 0.438667 0.433533 0.431179 0.429761 0.429223 0.428284 0.42692 0.424872 0.421822 0.414191 0.36407 0.333191 -9999
-9999 -9999 -9999 -9999 -9999 -9999 -9999 1.23762 1.1824 1.15314 1.07083 1.03446 0.99705 0.959263 0.919609 0.893577 0.857553 0.847139 0.812813 0.799843 0.821864 0.824775 0.874961 0.918522 0.903434 0.825992 0.793962 0.767002 0.762187 0.750369 0.729862 0.654629 0.634179 0.661026 0.67576 0.686861 0.695354 0.694363 0.692238 0.717635 0.715667 0.718692 0.708943 0.699598 0.673547 0.6504 0.632475 0.604722 0.582845 0.573745 0.540341 0.529742 0.501397 0.479791 0.463256 0.456433 0.446749 0.439362 0.433528 0.431051 0.430029 0.428236 0.427667 0.42635 0.424063 0.421324 0.41722 0.40364 0.376121 0.361936
-9999 -9999 -9999 -9999 -9999 -9999 -9999 -9999 1.15451 1.14134 1.07154 1.03311 1.00536 0.970191 0.928239 0.90073 0.867004 0.842878 0.811654 0.779965 0.761495 0.829243 0.88861 0.921299 0.909791 0.844751 0.815101 0.806526 0.8114 0.787283 0.76478 0.698498 0.680021 0.658646 0.658634 0.674816 0.689131 0.705591 0.717523 0.716909 0.723811 0.717696 0.710328 0.701962 0.688145 0.67245 0.634364 0.624649 0.597124 0.580615 0.557098 0.533974 0.505263 0.479855 0.469148 0.460182 0.45041 0.439986 0.435342 0.432844 0.431716 0.431333 0.427135 0.425736 0.423683 0.420616 0.416876 0.407921 0.399552 0.380055
-9999 -9999 -9999 -9999 -9999 -9999 -9999 -9999 1.13757 1.12755 1.06036 1.04285 1.00021 0.973655 0.947801 0.922098 0.893457 0.86226 0.840881 0.803304 0.766625 0.825894 0.888365 0.923066 0.926807 0.859796 0.869505 0.850127 0.845224 0.811964 0.790149 0.746121 0.721192 0.695377 0.66613 0.647764 0.688232 0.708028 0.724015 0.730492 0.732867 0.731887 0.716424 0.698985 0.667404 0.668594 0.643153 0.6237 0.602986 0.582474 0.560937 0.539256 0.512109 0.49451 0.474119 0.46069 0.45014 0.443509 0.438931 0.436006 0.434376 0.43373 0.433457 0.426956 0.423376 0.420234 0.416319 0.407392 0.401385 0.394258
-9999 -9999 -9999 -9999 -9999 -9999 -9999 -9999 1.07877 1.09492 1.04158 1.02848 1.01362 0.989761 0.967972 0.939713 0.920415 0.895676 0.876882 0.852032 0.815687 0.796356 0.833151 0.905094 0.93159 0.914114 0.907183 0.885856 0.863896 0.851139 0.839732 0.787386 0.752954 0.717457 0.697334 0.682317 0.711049 0.712027 0.706682 0.740355 0.73739 0.731451 0.712339 0.676525 0.668891 0.639489 0.622674 0.59419 0.586837 0.577414 0.561989 0.542996 0.516488 0.490868 0.476835 0.464364 0.455479 0.448505 0.4435 0.440233 0.43822 0.436807 0.435999 0.435552 0.425006 0.421953 0.415958 0.40689 0.401099 0.394351
-9999 -9999 -9999 -9999 -9999 -9999 -9999 -9999 1.07296 1.03756 1.04415 1.03068 1.02585 1.00378 0.990274 0.97056 0.950407 0.927042 0.903964 0.882053 0.84946 0.827019 0.862647 0.890941 0.9237 0.917572 0.911926 0.903433 0.890875 0.875086 0.859496 0.816812 0.793209 0.752913 0.731683 0.704544 0.736644 0.736742 0.727442 0.742494 0.737926 0.705691 0.678729 0.668978 0.656037 0.631533 0.605154 0.574729 0.5667 0.572788 0.538089 0.52213 0.508179 0.495382 0.480366 0.470081 0.46126 0.4543 0.448942 0.445307 0.442868 0.440803 0.439363 0.438025 0.436029 0.421978 0.417948 0.408328 0.400492 0.394199
-9999 -9999 -9999 -9999 -9999 -9999 -9999 -9999 1.09681 1.03387 1.03908 1.04164 1.04128 1.0268 1.0137 0.996339 0.974456 0.958358 0.941389 0.920226 0.907376 0.885264 0.854136 0.910321 0.903644 0.898901 0.896105 0.903466 0.893128 0.87475 0.823174 0.822399 0.803404 0.775471 0.761964 0.744568 0.759854 0.755313 0.750591 0.745466 0.71766 0.680032 0.64795 0.659487 0.646688 0.624344 0.573692 0.571687 0.572852 0.561553 0.527429 0.502383 0.506154 0.492413 0.483387 0.474918 0.467467 0.460207 0.455027 0.450737 0.447591 0.44517 0.442981 0.440921 0.438494 0.435546 0.418066 0.408175 0.402408 0.395534
-9999 -9999 -9999 -9999 -9999 -9999 -9999 -9999 -9999 1.03279 1.04326 1.06099 1.05951 1.05142 1.03842 1.02092 1.00305 0.988424 0.974759 0.957255 0.937819 0.908669 0.886994 0.899656 0.887999 0.867048 0.870968 0.894397 0.895441 0.869029 0.783233 0.786894 0.804172 0.796251 0.787179 0.778504 0.773096 0.765191 0.754342 0.73338 0.678585 0.659168 0.632829 0.627049 0.607567 0.594699 0.562029 0.569969 0.564403 0.552326 0.515634 0.495035 0.498511 0.495259 0.481987 0.47769 0.47323 0.466379 0.460818 0.456101 0.452581 0.449634 0.4469 0.444904 0.441948 0.438614 0.418415 0.408071 0.400712 0.393627
-9999 -9999 -9999 -9999 -9999 -9999 -9999 -9999 -9999 1.02493 1.04929 1.07924 1.07111 1.06631 1.06247 1.04593 1.02528 1.00834 0.99408 0.981088 0.955765 0.931924 0.909154 0.89949 0.899819 0.846468 0.856686 0.88956 0.887729 0.873566 0.772954 0.751127 0.776799 0.797471 0.792524 0.783318 0.743844 0.745246 0.721789 0.691925 0.679476 0.662503 0.632812 0.635503 0.609575 0.605961 0.553666 0.552876 0.54489 0.545509 0.512678 0.48872 0.491771 0.491714 0.480937 0.483796 0.479743 0.473609 0.467774 0.462898 0.458705 0.45526 0.451842 0.448444 0.444847 0.440563 0.434974 0.408322 0.372731 0.367064
-9999 -9999 -9999 -9999 -9999 -9999 -9999 -9999 -9999 1.04523 1.05534 1.08138 1.096 1.07616 1.07614 1.06983 1.04845 1.02883 1.01138 1.00107 0.971999 0.941265 0.915751 0.885921 0.884831 0.896694 0.867538 0.885316 0.880133 0.86394 0.779653 0.781439 0.796274 0.800647 0.796822 0.787009 0.773189 0.762768 0.743478 0.731681 0.706981 0.671429 0.652611 0.651411 0.611455 0.603081 0.60277 0.537098 0.543609 0.539491 0.5024 0.489083 0.498026 0.497384 0.496322 0.4913 0.48466 0.480052 0.473775 0.468545 0.463929 0.45967 0.455762 0.451511 0.447251 0.440556 0.43229 0.404882 0.36495 0.361234
-9999 -9999 -9999 -9999 -9999 -9999 -9999 -9999 -9999 1.06521 1.07436 1.09594 1.10141 1.08591 1.08921 1.09263 1.07728 1.05682 1.04486 1.0275 1.00055 0.972041 0.941562 0.923507 0.889252 0.908993 0.868384 0.88164 0.882131 0.797537 0.780124 0.787308 0.794589 0.792798 0.800882 0.793442 0.78136 0.752543 0.735194 0.73316 0.721704 0.706341 0.678682 0.669186 0.646977 0.631296 0.614992 0.54343 0.541236 0.529503 0.50949 0.509781 0.509192 0.505579 0.502125 0.494652 0.489258 0.485641 0.479446 0.473804 0.468622 0.463978 0.459265 0.453866 0.448591 0.438891 0.424957 0.402803 0.343121 0.357118
-9999 -9999 -9999 -9999 -9999 -9999 -9999 -9999 -9999 1.07176 1.08582 1.10306 1.09888 1.0828 1.10466 1.11348 1.10049 1.08472 1.06969 1.03684 1.03046 1.01826 0.988704 0.948764 0.905182 0.899997 0.887013 0.876383 0.875878 0.778122 0.758995 0.757861 0.772935 0.785822 0.799963 0.797986 0.784226 0.742683 0.699062 0.708964 0.719806 0.71202 0.698475 0.671221 0.655756 0.640059 0.615475 0.566399 0.527132 0.521291 0.513882 0.510262 0.511515 0.511302 0.497639 0.49092 0.492588 0.490843 0.484387 0.478455 0.473129 0.467874 0.462656 0.455751 0.448703 0.440004 0.411107 0.39097 0.356135 0.355582
-9999 -9999 -9999 -9999 -9999 -9999 -9999 -9999 -9999 1.07207 1.07803 1.09566 1.09205 1.09914 1.12004 1.12389 1.11981 1.10821 1.09441 1.07409 1.05866 1.03719 1.00542 0.964929 0.920545 0.888004 0.889583 0.862261 0.841968 0.764162 0.741296 0.749327 0.76571 0.794479 0.807616 0.802661 0.793149 0.778606 0.744479 0.704693 0.697075 0.705172 0.683026 0.658085 0.656897 0.644763 0.620346 0.598965 0.534736 0.514986 0.508136 0.50283 0.506347 0.517276 0.510767 0.501346 0.502145 0.495181 0.488612 0.482719 0.476926 0.471392 0.465886 0.459009 0.449972 0.428905 0.409717 0.384947 0.376828 0.364725
-9999 -9999 -9999 -9999 -9999 -9999 -9999 -9999 -9999 1.06331 1.07617 1.09328 1.1094 1.12504 1.13758 1.12628 1.1283 1.1169 1.11375 1.10148 1.08161 1.06108 1.03132 0.980592 0.936031 0.888009 0.886838 0.889722 0.791645 0.76376 0.720805 0.745815 0.7747 0.800392 0.810664 0.788043 0.795165 0.786228 0.768501 0.741435 0.703444 0.695526 0.664158 0.653649 0.655008 0.647982 0.634733 0.615686 0.576731 0.522797 0.510681 0.501795 0.504324 0.510676 0.517313 0.511288 0.506297 0.499011 0.492212 0.486097 0.480152 0.474126 0.467795 0.460548 0.441839 0.420543 0.405187 0.386024 0.378477 0.390012
