Test_Spring_2018/12_17/Prec/20171201_000.txt
ncols	170
nrows	115
xllcorner	350000.000000
yllcorner	4445000.000000
cellsize	1000.000000
nodata_value	-9999.000000
[rows 32 to 63 of 115, columns 72 to 143 of 170]
2.64014 2.62107 2.63451 2.64689 2.61102 2.57861 2.57234 2.5718 2.56183 2.53877 2.53102 2.523 2.51826 2.4882 2.40259 2.32453 2.36359 2.3615 2.32909 2.37551 2.34336 2.26749 2.16255 2.21107 2.19183 2.1089 2.05538 -9999 -9999 -9999 -9999 -9999 -9999 -9999 -9999 -9999 -9999 -9999 -9999 -9999 -9999 -9999 -9999 -9999 -9999 -9999 -9999 -9999 -9999 -9999 -9999 -9999 -9999 -9999 -9999 -9999 -9999 -9999 -9999 -9999 -9999 -9999 -9999 -9999 -9999 -9999 -9999 -9999 -9999 -9999 -9999 -9999
2.58679 2.57599 2.59978 2.59412 2.5899 2.55318 2.53392 2.53632 2.53146 2.5205 2.51112 2.50126 2.47674 2.44144 2.36766 2.27898 2.25753 2.29828 2.29783 2.30181 2.27402 2.23971 2.18784 2.22384 2.23572 2.15994 2.08404 2.01157 -9999 -9999 -9999 -9999 -9999 -9999 -9999 -9999 -9999 -9999 -9999 -9999 -9999 -9999 -9999 -9999 -9999 -9999 -9999 -9999 -9999 -9999 -9999 -9999 -9999 -9999 -9999 -9999 -9999 -9999 -9999 -9999 -9999 -9999 -9999 -9999 -9999 -9999 -9999 -9999 -9999 -9999 -9999 -9999
2.52905 2.49665 2.5098 2.51843 2.52316 2.46314 2.46479 2.49741 2.4936 2.4901 2.47354 2.46008 2.43899 2.40418 2.35531 2.29683 2.1959 2.25642 2.30356 2.30117 2.29726 2.27422 2.22624 2.26335 2.26332 2.15289 2.06686 2.02307 2.00253 -9999 -9999 -9999 -9999 -9999 -9999 -9999 -9999 -9999 -9999 -9999 -9999 -9999 -9999 -9999 -9999 -9999 -9999 -9999 -9999 -9999 -9999 -9999 -9999 -9999 -9999 -9999 -9999 -9999 -9999 -9999 -9999 -9999 -9999 -9999 -9999 -9999 -9999 -9999 -9999 -9999 -9999 -9999
2.46784 2.43044 2.44465 2.46423 2.47455 2.4584 2.43954 2.44709 2.45459 2.45016 2.43188 2.38424 2.37524 2.37115 2.33837 2.27193 2.20613 2.1892 2.26312 2.28477 2.28115 2.29817 2.25926 2.27794 2.27005 2.2218 2.10485 2.05573 2.02767 1.97552 -9999 -9999 -9999 -9999 -9999 -9999 -9999 -9999 -9999 -9999 -9999 -9999 -9999 -9999 -9999 -9999 -9999 -9999 -9999 -9999 -9999 -9999 -9999 -9999 -9999 -9999 -9999 -9999 -9999 -9999 -9999 -9999 -9999 -9999 -9999 -9999 -9999 -9999 -9999 -9999 -9999 -9999
-9999 -9999 2.36936 2.38226 2.3651 2.40372 2.39735 2.40769 2.41707 2.41144 2.37662 2.35751 2.35244 2.32903 2.29104 2.2675 2.22648 2.1847 2.2029 2.268 2.24274 2.28982 2.28844 2.29852 2.27012 2.15803 2.06462 2.03029 2.00535 1.96267 -9999 -9999 -9999 -9999 -9999 -9999 -9999 -9999 -9999 -9999 -9999 -9999 -9999 -9999 -9999 -9999 -9999 -9999 -9999 -9999 -9999 -9999 -9999 -9999 -9999 -9999 -9999 -9999 -9999 -9999 -9999 -9999 -9999 -9999 -9999 -9999 -9999 -9999 -9999 -9999 -9999 -9999
-9999 -9999 -9999 2.34343 2.32057 2.35908 2.35678 2.36124 2.3777 2.37174 2.35418 2.33976 2.3222 2.30193 2.27244 2.24173 2.20376 2.20235 2.24584 2.25055 2.24683 2.25814 2.28316 2.28149 2.21606 2.10628 2.06509 1.97295 1.93392 1.93441 1.90472 -9999 -9999 -9999 -9999 -9999 -9999 -9999 -9999 -9999 -9999 -9999 -9999 1.92796 -9999 -9999 -9999 -9999 -9999 -9999 -9999 -9999 -9999 -9999 -9999 -9999 -9999 -9999 -9999 -9999 -9999 -9999 -9999 -9999 1.43616 -9999 -9999 -9999 -9999 -9999 -9999 -9999
-9999 -9999 2.32171 2.29601 2.31388 2.33587 2.34485 2.3232 2.34156 2.33434 2.31847 2.30196 2.27499 2.26504 2.24671 2.21351 2.2082 2.22463 2.23562 2.24859 2.25957 2.26302 2.26115 2.25601 2.17861 2.14479 2.12175 2.02958 1.99715 1.95657 1.89592 1.84719 -9999 -9999 -9999 -9999 -9999 -9999 -9999 1.91459 1.90685 1.90125 1.90596 1.93135 1.90054 -9999 -9999 -9999 -9999 -9999 -9999 -9999 -9999 -9999 -9999 -9999 -9999 -9999 -9999 -9999 -9999 -9999 -9999 -9999 1.46467 1.40643 -9999 -9999 -9999 -9999 -9999 -9999
-9999 -9999 2.24806 2.27595 2.28712 2.30794 2.31515 2.29921 2.29958 2.29866 2.28774 2.26859 2.24538 2.23961 2.21484 2.20257 2.1963 2.21852 2.22859 2.22955 2.22954 2.23073 2.217 2.22201 2.17131 2.15213 2.11638 2.07789 2.01438 1.93443 1.85509 1.78987 -9999 -9999 -9999 -9999 -9999 -9999 1.91097 1.93562 1.94802 1.90565 1.92971 1.94957 1.93477 1.832 -9999 -9999 -9999 -9999 -9999 -9999 -9999 -9999 -9999 -9999 -9999 -9999 -9999 -9999 1.71709 1.66236 1.55961 1.50093 1.45998 1.40547 -9999 -9999 -9999 -9999 -9999 -9999
-9999 -9999 2.21524 2.24898 2.26884 2.28308 2.2775 2.25439 2.27011 2.26352 2.25163 2.23887 2.22677 2.20123 2.18918 2.16029 2.18972 2.19433 2.19572 2.17885 2.17829 2.14338 2.13381 2.09288 2.13889 2.11553 2.05904 1.98569 1.90256 1.88226 1.84924 1.79067 -9999 -9999 -9999 -9999 -9999 -9999 1.90705 1.93448 1.95605 1.95459 1.91162 1.95394 1.88324 1.84151 1.82065 1.82876 1.82507 1.80099 1.79343 1.78764 1.76249 1.76504 -9999 -9999 -9999 -9999 1.73444 1.72976 1.72405 1.69677 1.58578 1.50549 1.43064 1.37432 -9999 -9999 -9999 -9999 -9999 -9999
-9999 -9999 2.21389 2.23542 2.2431 2.23837 2.24671 2.22012 2.23588 2.2247 2.21066 2.19823 2.18737 2.17337 2.15418 2.15607 2.15782 2.15559 2.11356 2.06501 2.10356 2.08769 1.99501 2.05524 2.09773 2.07173 2.00346 1.92148 1.90034 1.88916 1.84474 1.78179 -9999 -9999 -9999 1.81503 1.85654 1.85817 1.86884 1.90703 1.93457 1.95818 1.96783 1.92872 1.8772 1.83531 1.78987 1.78457 1.82242 1.81939 1.7965 1.7907 1.76638 1.75579 1.76157 1.76173 1.75701 1.74808 1.74201 1.73765 1.72962 1.70425 1.60836 1.54551 1.49953 1.37157 -9999 -9999 -9999 -9999 -9999 -9999
-9999 -9999 2.17753 2.19694 2.20893 2.21863 2.21095 2.21304 2.17952 2.19449 2.18186 2.1526 2.15405 2.14363 2.13616 2.13015 2.12602 2.09017 2.04124 1.99454 1.98138 1.98173 1.94963 1.9744 2.01815 2.02 1.97382 1.90167 1.89213 1.87819 1.79805 1.72804 -9999 -9999 1.72281 1.80476 1.86222 1.89119 1.89897 1.89767 1.93373 1.93227 1.9682 1.92347 1.8349 1.82664 1.79046 1.78741 1.77947 1.76864 1.78035 1.77987 1.77323 1.76335 1.76437 1.75967 1.75483 1.75007 1.73954 1.7378 1.73272 1.71465 1.64012 1.59729 1.5209 1.3734 -9999 -9999 -9999 -9999 -9999 -9999
-9999 -9999 2.16102 2.18257 2.20186 2.19855 2.20417 2.18773 2.14038 2.14836 2.15451 2.12835 2.10735 2.1124 2.10576 2.10289 2.10356 2.07126 2.03626 1.97974 1.95172 1.91767 1.91343 1.88696 1.91445 1.91696 1.91558 1.92775 1.91465 1.87674 1.83372 1.74825 1.7041 -9999 1.7198 1.75596 1.82514 1.88398 1.92081 1.90532 1.94704 1.95092 1.94795 1.92274 1.85645 1.81494 1.79708 1.77563 1.78863 1.79087 1.78734 1.78189 1.77043 1.76372 1.75908 1.75452 1.75081 1.74802 1.74464 1.74074 1.73467 1.72409 1.68537 1.61915 1.53486 1.37965 -9999 -9999 -9999 -9999 -9999 -9999
-9999 2.0827 2.14384 2.17943 2.18975 2.19188 2.1887 2.17962 2.14453 2.13217 2.12027 2.11325 2.06959 2.06139 2.06059 2.07638 2.07944 2.08489 2.07233 2.00172 1.97022 1.94009 1.89853 1.88008 1.90271 1.95798 1.96255 1.93628 1.90451 1.8607 1.83367 1.78409 1.68692 1.69269 1.73128 1.76001 1.80701 1.87959 1.9301 1.9515 1.95744 1.95371 1.95436 1.91145 1.85977 1.83459 1.80156 1.78135 1.76346 1.76412 1.76017 1.77434 1.7718 1.75879 1.75415 1.75041 1.74791 1.74638 1.74447 1.7411 1.73711 1.73097 1.70258 1.6466 1.51561 1.40633 -9999 -9999 -9999 -9999 -9999 -9999
-9999 -9999 2.12125 2.13821 2.13929 2.13843 2.14021 2.1403 2.12183 2.10824 2.10388 2.08583 2.05318 2.01254 2.03169 2.0408 2.05584 2.0658 2.07643 2.00577 1.98318 1.96938 1.93092 1.95726 1.98742 1.99832 1.99439 1.93354 1.87094 1.79896 1.72768 1.72286 1.68506 1.70027 1.72554 1.79327 1.84105 1.86024 1.87366 1.94677 1.95139 1.94267 1.95075 1.91176 1.87302 1.83548 1.82259 1.80188 1.78314 1.71076 1.74636 1.73404 1.75613 1.75955 1.75109 1.74773 1.74615 1.74473 1.74357 1.74142 1.73838 1.7201 1.70224 1.65961 1.50685 1.40933 -9999 -9999 -9999 -9999 -9999 -9999
-9999 -9999 -9999 -9999 2.11571 2.1191 2.11381 2.10989 2.10751 2.10098 2.09062 2.07493 2.04963 2.01198 1.99767 2.0019 1.97807 2.0116 2.04975 2.06295 2.07481 2.02728 2.00485 2.05024 2.05257 2.0144 1.98434 1.95264 1.87939 1.82721 1.74619 1.68441 1.68076 1.74659 1.80093 1.86984 1.90022 1.88251 1.90084 1.92548 1.96006 1.97073 1.95414 1.9129 1.87666 1.8276 1.83769 1.82048 1.78721 1.75657 1.74216 1.74397 1.73734 1.75441 1.75329 1.74668 1.74496 1.7442 1.74339 1.74184 1.72838 1.71863 1.70572 1.68901 1.53174 1.39337 -9999 -9999 -9999 -9999 -9999 -9999
-9999 -9999 -9999 -9999 2.08168 2.08048 2.08591 2.11584 2.09976 2.09279 2.07532 2.06371 2.04187 2.00593 1.97406 1.94814 1.91907 1.94483 2.00428 2.04665 2.06554 2.02582 2.06567 2.06844 2.059 2.00624 1.968 1.94954 1.87988 1.82119 1.76797 1.69321 1.72435 1.75858 1.80295 1.87834 1.92942 1.94957 1.92716 1.94513 1.98554 1.97554 1.93662 1.92386 1.87509 1.81433 1.83714 1.82902 1.79946 1.78301 1.76007 1.75091 1.74963 1.75061 1.75066 1.74692 1.74398 1.74331 1.74302 1.73764 1.73067 1.72113 1.70795 1.69139 1.58295 1.39193 -9999 -9999 -9999 -9999 -9999 -9999
-9999 -9999 -9999 -9999 -9999 2.04401 2.0728 2.11825 2.09359 2.07593 2.07215 2.05767 2.03205 2.01144 1.97383 1.9292 1.84861 1.8771 1.93225 2.00979 2.05864 2.06998 2.06148 2.04224 1.97523 1.91634 1.91626 1.91137 1.86209 1.81837 1.75973 1.79495 1.83291 1.87422 1.89579 1.88992 1.93366 1.96795 1.94907 1.97209 1.99757 1.97149 1.9495 1.92697 1.87548 1.85454 1.8362 1.84028 1.8036 1.79508 1.77616 1.76015 1.75304 1.74961 1.7494 1.74604 1.74386 1.74343 1.74142 1.73814 1.73126 1.72118 1.70787 1.69122 1.66425 1.54712 1.47169 -9999 -9999 -9999 -9999 -9999
-9999 -9999 -9999 -9999 -9999 2.00259 2.01105 2.06856 2.05157 2.06863 2.07028 2.0565 2.02327 2.0024 1.94804 1.93198 1.85698 1.82963 1.86932 1.87037 1.97297 2.06621 2.05857 1.91328 1.8675 1.83658 1.85528 1.86191 1.85183 1.77426 1.75334 1.82865 1.87585 1.91221 1.93972 1.94377 1.94327 1.99769 2.00112 2.01304 2.00044 1.99116 1.94979 1.91728 1.89958 1.86226 1.83917 1.84435 1.80011 1.80407 1.78263 1.76093 1.7481 1.75313 1.74915 1.74636 1.74268 1.74211 1.74046 1.73549 1.72937 1.71938 1.70558 1.68961 1.67005 1.62919 1.56091 1.52087 1.51345 -9999 -9999 -9999
-9999 -9999 -9999 -9999 -9999 -9999 1.9419 2.02892 2.03611 2.04656 2.06679 2.05767 2.02725 2.00158 1.94984 1.90669 1.83971 1.76559 1.73576 1.87258 1.99471 2.06543 2.06597 1.94621 1.905 1.91197 1.95046 1.93112 1.91661 1.85926 1.8428 1.81813 1.83518 1.87975 1.92131 1.9633 1.99259 1.99327 2.00819 2.01219 2.00432 1.99671 1.98034 1.96278 1.90255 1.90218 1.86671 1.85585 1.83163 1.80895 1.78655 1.7566 1.75565 1.75602 1.75174 1.74198 1.74113 1.7406 1.73888 1.73501 1.72487 1.71499 1.70202 1.68574 1.66736 1.63666 1.60876 1.55815 1.49811 1.42878 -9999 -9999
-9999 -9999 -9999 -9999 -9999 -9999 1.8918 1.97953 1.98918 2.0395 2.04178 2.04655 2.03818 2.01699 1.97732 1.92146 1.87737 1.7935 1.70834 1.84534 1.98457 2.06018 2.07597 1.96997 2.01037 1.99428 2.01173 1.97261 1.9588 1.94978 1.91992 1.8862 1.83714 1.81539 1.91161 1.96119 1.99966 2.01587 2.02209 2.02102 2.01187 1.99114 1.93727 1.95424 1.91972 1.89823 1.87605 1.85591 1.83486 1.81422 1.79459 1.78016 1.7584 1.74976 1.74142 1.74015 1.73935 1.73804 1.73555 1.73158 1.7254 1.71479 1.69664 1.6809 1.6629 1.63309 1.6109 1.58683 1.55682 1.47304 1.41452 1.36918
-9999 -9999 -9999 -9999 -9999 -9999 1.75152 1.88658 1.93974 1.99402 2.03598 2.04309 2.04255 2.01654 1.99786 1.9578 1.92201 1.86787 1.78664 1.74027 1.84337 1.99541 2.07507 2.07381 2.07922 2.05843 2.0395 2.04208 2.04887 2.02474 1.96402 1.91226 1.89132 1.87579 1.94805 1.95913 1.95405 2.02793 2.02406 2.01363 1.97645 1.93619 1.93048 1.89266 1.87545 1.83416 1.83874 1.84053 1.83097 1.81465 1.79563 1.76361 1.75452 1.74379 1.74057 1.73817 1.73634 1.73443 1.73154 1.7266 1.72014 1.71226 1.69693 1.68261 1.6577 1.62871 1.60798 1.58566 1.56324 1.53265 1.49798 1.43644
-9999 -9999 -9999 -9999 -9999 -9999 1.73167 1.8136 1.91245 1.96747 2.02189 2.03026 2.04589 2.03791 2.01887 1.9841 1.94253 1.89807 1.82834 1.77901 1.85197 1.95049 2.02659 2.05131 2.07755 2.08288 2.08259 2.05729 2.05647 2.05871 2.03308 1.9739 1.94833 1.90766 1.98735 1.99734 1.985 2.02125 2.01528 1.95127 1.89882 1.88368 1.90204 1.86331 1.82547 1.79024 1.79223 1.82505 1.77109 1.76048 1.76794 1.7618 1.74672 1.74222 1.73833 1.73544 1.73267 1.73014 1.72683 1.72131 1.71455 1.70602 1.69473 1.67613 1.66009 1.63105 1.60382 1.58356 1.56282 1.54055 1.50873 1.47719
-9999 -9999 -9999 -9999 -9999 -9999 1.70667 1.77804 1.86721 1.95255 2.01204 2.03337 2.04836 2.04521 2.02377 2.00642 1.98069 1.94142 1.91663 1.87169 1.8089 1.93048 1.96794 1.9983 1.9845 2.02338 2.02903 2.02072 2.03203 2.05397 2.04215 2.00434 1.99454 1.97419 2.01923 2.02027 2.01849 2.01395 1.96092 1.88702 1.82512 1.85533 1.83674 1.84507 1.75633 1.76204 1.78285 1.77941 1.74024 1.70911 1.75245 1.7405 1.73919 1.73734 1.73543 1.73134 1.72873 1.72499 1.72073 1.71532 1.70813 1.69943 1.6887 1.67612 1.65417 1.62597 1.60748 1.57913 1.55965 1.5338 1.51581 1.48101
-9999 -9999 -9999 -9999 -9999 -9999 -9999 1.69822 1.81323 1.917 1.97365 2.00859 2.02482 2.02306 2.01215 2.00042 1.9843 1.95536 1.91936 1.86195 1.82067 1.85303 1.88558 1.88736 1.91522 1.98723 2.01563 1.98916 1.91538 1.95528 2.01367 2.01823 2.01847 2.01722 2.02836 2.02307 2.00954 1.97324 1.86537 1.82286 1.77384 1.76869 1.73669 1.77129 1.72048 1.75254 1.7582 1.75175 1.6951 1.68867 1.71404 1.72549 1.71493 1.72144 1.73073 1.72692 1.7233 1.71885 1.71436 1.70874 1.70158 1.68888 1.67794 1.66545 1.64142 1.61344 1.59241 1.57229 1.54952 1.53848 1.52244 1.48394
-9999 -9999 -9999 -9999 -9999 -9999 -9999 1.67504 1.79148 1.91453 1.95231 1.99041 2.02343 2.0228 2.0066 1.99177 1.97713 1.96102 1.91659 1.87414 1.83428 1.82334 1.83584 1.82491 1.86634 1.95783 1.97947 1.97728 1.88466 1.86128 1.93624 1.99961 2.00798 2.00548 1.93773 1.95295 1.91437 1.86082 1.84245 1.81419 1.75966 1.77343 1.72899 1.73287 1.69662 1.70978 1.70941 1.72817 1.67813 1.66327 1.68679 1.70343 1.69672 1.71698 1.72103 1.71862 1.71453 1.71006 1.70467 1.69871 1.69096 1.68178 1.6711 1.6583 1.64247 1.60813 1.52962 1.51369 1.51147 1.50881 1.49533 1.48518
-9999 -9999 -9999 -9999 -9999 -9999 -9999 1.6909 1.77091 1.87994 1.96028 1.96335 2.00191 2.02147 2.00392 1.9848 1.96578 1.95822 1.90939 1.85611 1.81393 1.76399 1.77597 1.81754 1.8678 1.92782 1.94194 1.93454 1.87863 1.90362 1.95522 1.98399 1.99426 1.99037 1.97629 1.96746 1.93848 1.92377 1.88126 1.81577 1.7853 1.79224 1.71957 1.71421 1.72735 1.66856 1.69757 1.70542 1.64526 1.65164 1.6863 1.70042 1.71273 1.71552 1.71337 1.71364 1.70847 1.70345 1.69776 1.691 1.6834 1.67382 1.66328 1.64705 1.62723 1.56748 1.50863 1.49794 1.50508 1.5098 1.48807 1.48497
-9999 -9999 -9999 -9999 -9999 -9999 -9999 1.70697 1.77881 1.87309 1.92976 1.93829 1.9813 2.0198 2.01462 1.99463 1.98883 1.96908 1.92758 1.88207 1.83259 1.80995 1.75515 1.81486 1.84662 1.89744 1.92311 1.87375 1.85835 1.894 1.92926 1.94466 1.9794 1.98035 1.97009 1.92346 1.89936 1.90608 1.89244 1.87037 1.82283 1.8137 1.77901 1.75914 1.73933 1.67227 1.68254 1.6737 1.65072 1.68226 1.69595 1.70277 1.70906 1.70585 1.7056 1.70751 1.70239 1.69673 1.69039 1.68367 1.67549 1.6648 1.65356 1.63254 1.60239 1.555 1.45816 1.48547 1.51463 1.50763 1.4852 1.48133
-9999 -9999 -9999 -9999 -9999 -9999 -9999 1.69602 1.77252 1.85273 1.88502 1.88889 1.96807 2.01632 2.01559 2.00585 1.99497 1.94496 1.94878 1.93994 1.89512 1.82943 1.75739 1.76689 1.80513 1.86253 1.88614 1.81122 1.79206 1.81004 1.86114 1.90675 1.95385 1.96612 1.95255 1.87987 1.80177 1.83433 1.8683 1.86326 1.84637 1.80141 1.78177 1.76262 1.72604 1.6483 1.64227 1.64512 1.66378 1.67063 1.6873 1.70031 1.6845 1.68212 1.69601 1.70148 1.69575 1.6897 1.68357 1.67634 1.66809 1.65544 1.64178 1.62418 1.5642 1.52232 1.45266 1.47813 1.49492 1.46732 1.48472 1.48182
-9999 -9999 -9999 -9999 -9999 -9999 -9999 1.67302 1.72766 1.80415 1.83367 1.88252 1.9572 1.99345 2.01054 2.00963 2.00222 1.97987 1.9669 1.94108 1.89405 1.82958 1.75799 1.71226 1.73882 1.80826 1.81546 1.75906 1.73222 1.76922 1.82286 1.90135 1.94621 1.95224 1.94769 1.93164 1.87394 1.80383 1.80035 1.82952 1.79587 1.75684 1.76794 1.75702 1.72136 1.69285 1.6466 1.62496 1.63977 1.64258 1.66334 1.69892 1.69737 1.68879 1.70044 1.69478 1.68878 1.68302 1.67637 1.66925 1.66129 1.64972 1.63306 1.59089 1.55234 1.50199 1.48626 1.49287 1.49443 1.47835 1.48248 1.47807
-9999 -9999 -9999 -9999 -9999 -9999 -9999 1.63204 1.69667 1.76801 1.83495 1.89849 1.95325 1.9562 1.98499 1.9843 1.99964 1.99523 1.97468 1.95285 1.91224 1.82865 1.75879 1.68266 1.70502 1.78399 1.77083 1.73449 1.66623 1.73881 1.81853 1.89054 1.92935 1.89858 1.9288 1.92473 1.90171 1.85879 1.79291 1.78971 1.7379 1.72999 1.74738 1.74797 1.73627 1.71312 1.65916 1.63011 1.63301 1.62811 1.64645 1.67206 1.69745 1.69554 1.69481 1.6883 1.68181 1.67579 1.66922 1.66167 1.65276 1.64132 1.60551 1.56393 1.53443 1.49681 1.48329 1.51332 1.50031 1.47791 1.48077 1.47706
-9999 -9999 -9999 -9999 -9999 -9999 -9999 -9999 1.69048 1.76404 1.81803 1.83095 1.87927 1.90485 1.92468 1.92855 1.98806 1.99128 1.97824 1.95806 1.92335 1.85999 1.81635 1.74308 1.69092 1.69098 1.69038 1.71088 1.70572 1.73816 1.81433 1.8934 1.90168 1.8507 1.85695 1.86575 1.88704 1.8722 1.7838 1.73645 1.69571 1.71546 1.73585 1.73534 1.72911 1.71599 1.66191 1.63124 1.65706 1.6739 1.67084 1.6852 1.69404 1.69104 1.68732 1.68085 1.67464 1.66811 1.66058 1.65318 1.64197 1.62508 1.58637 1.5037 1.4984 1.48109 1.44828 1.48116 1.45154 1.47234 1.47961 1.47568
-9999 -9999 -9999 -9999 -9999 -9999 -9999 -9999 1.66529 1.75057 1.7663 1.76233 1.73082 1.74261 1.85013 1.87113 1.92808 1.98232 1.97845 1.95853 1.92597 1.88848 1.83013 1.74731 1.68182 1.63729 1.7014 1.76279 1.77765 1.80029 1.84672 1.85522 1.80323 1.75409 1.77974 1.79418 1.85388 1.86231 1.84674 1.79145 1.72814 1.69206 1.7218 1.71967 1.7143 1.70669 1.67607 1.64161 1.66582 1.6783 1.68435 1.68383 1.69004 1.6859 1.67971 1.67387 1.66697 1.65979 1.65112 1.64208 1.62388 1.60293 1.54487 1.49474 1.45999 1.41763 1.48365 1.48685 1.47458 1.46755 1.47493 1.47054
