Test_Spring_2018/12_17/Prec/20171217_007.txt
ncols	170
nrows	115
xllcorner	350000.000000
yllcorner	4445000.000000
cellsize	1000.000000
nodata_value	-9999.000000
[rows 31 to 61 of 115, columns 70 to 139 of 170]
0.127925 0.125344 0.125873 0.131529 0.133762 0.137512 0.143763 0.147028 0.168067 0.171888 0.178523 0.182543 0.188101 0.195768 0.200388 0.211982 0.244036 0.238335 0.237933 0.249641 0.248343 0.244426 0.255466 0.280241 0.293953 0.313292 0.32163 0.338431 0.355638 -9999 -9999 -9999 -9999 -9999 -9999 -9999 -9999 -9999 -9999 -9999 -9999 -9999 -9999 -9999 -9999 -9999 -9999 -9999 -9999 -9999 -9999 -9999 -9999 -9999 -9999 -9999 -9999 -9999 -9999 -9999 -9999 -9999 -9999 -9999 -9999 -9999 -9999 -9999 -9999 -9999
0.127403 0.127354 0.129777 0.135267 0.132925 0.131074 0.150754 0.167019 0.169077 0.172121 0.177547 0.186221 0.191077 0.195931 0.19988 0.209993 0.233755 0.255569 0.248367 0.25137 0.261969 0.253228 0.264169 0.28622 0.315792 0.307727 0.316752 0.354094 0.370093 -9999 -9999 -9999 -9999 -9999 -9999 -9999 -9999 -9999 -9999 -9999 -9999 -9999 -9999 -9999 -9999 -9999 -9999 -9999 -9999 -9999 -9999 -9999 -9999 -9999 -9999 -9999 -9999 -9999 -9999 -9999 -9999 -9999 -9999 -9999 -9999 -9999 -9999 -9999 -9999 -9999
0.133599 0.130355 0.134204 0.137886 0.133157 0.135859 0.148116 0.165553 0.170305 0.172428 0.176333 0.181724 0.186683 0.19172 0.200351 0.211632 0.232444 0.256981 0.26497 0.257697 0.260807 0.263053 0.273439 0.28574 0.302695 0.298207 0.299951 0.324206 0.358391 0.381845 -9999 -9999 -9999 -9999 -9999 -9999 -9999 -9999 -9999 -9999 -9999 -9999 -9999 -9999 -9999 -9999 -9999 -9999 -9999 -9999 -9999 -9999 -9999 -9999 -9999 -9999 -9999 -9999 -9999 -9999 -9999 -9999 -9999 -9999 -9999 -9999 -9999 -9999 -9999 -9999
0.141756 0.134696 0.139387 0.148688 0.146808 0.1461 0.163157 0.176691 0.178896 0.173361 0.176757 0.180001 0.186426 0.192061 0.199599 0.210598 0.225186 0.242317 0.270164 0.258311 0.250061 0.254385 0.259415 0.269509 0.286084 0.281876 0.287082 0.320657 0.359055 0.374474 0.383937 -9999 -9999 -9999 -9999 -9999 -9999 -9999 -9999 -9999 -9999 -9999 -9999 -9999 -9999 -9999 -9999 -9999 -9999 -9999 -9999 -9999 -9999 -9999 -9999 -9999 -9999 -9999 -9999 -9999 -9999 -9999 -9999 -9999 -9999 -9999 -9999 -9999 -9999 -9999
-9999 0.140592 0.145204 0.156066 0.154184 0.150946 0.158101 0.170394 0.17652 0.177015 0.177358 0.180521 0.18703 0.200793 0.205055 0.208245 0.218753 0.237881 0.257198 0.264809 0.250352 0.249247 0.254798 0.255614 0.270602 0.271602 0.279368 0.297572 0.333136 0.362096 0.373808 0.391131 -9999 -9999 -9999 -9999 -9999 -9999 -9999 -9999 -9999 -9999 -9999 -9999 -9999 -9999 -9999 -9999 -9999 -9999 -9999 -9999 -9999 -9999 -9999 -9999 -9999 -9999 -9999 -9999 -9999 -9999 -9999 -9999 -9999 -9999 -9999 -9999 -9999 -9999
-9999 -9999 -9999 -9999 0.164079 0.170968 0.172855 0.175844 0.178367 0.177998 0.177604 0.180725 0.190949 0.197271 0.20022 0.207927 0.219574 0.228069 0.241387 0.255432 0.255186 0.24387 0.255415 0.249497 0.255932 0.259804 0.273375 0.307902 0.338691 0.36441 0.37586 0.391271 -9999 -9999 -9999 -9999 -9999 -9999 -9999 -9999 -9999 -9999 -9999 -9999 -9999 -9999 -9999 -9999 -9999 -9999 -9999 -9999 -9999 -9999 -9999 -9999 -9999 -9999 -9999 -9999 -9999 -9999 -9999 -9999 -9999 -9999 -9999 -9999 -9999 -9999
-9999 -9999 -9999 -9999 -9999 0.17264 0.175975 0.16869 0.179982 0.180889 0.178451 0.181271 0.186793 0.191514 0.197147 0.203747 0.213076 0.223278 0.235937 0.240259 0.234183 0.238383 0.245281 0.248986 0.249715 0.257344 0.28214 0.315742 0.333282 0.375021 0.390588 0.395849 0.408008 -9999 -9999 -9999 -9999 -9999 -9999 -9999 -9999 -9999 -9999 -9999 -9999 0.417535 -9999 -9999 -9999 -9999 -9999 -9999 -9999 -9999 -9999 -9999 -9999 -9999 -9999 -9999 -9999 -9999 -9999 -9999 -9999 -9999 0.522077 -9999 -9999 -9999
-9999 -9999 -9999 -9999 0.158925 0.171652 0.170078 0.166986 0.176923 0.181994 0.178761 0.181469 0.186085 0.190813 0.198294 0.201934 0.208216 0.218909 0.223538 0.223689 0.226084 0.228835 0.23283 0.239321 0.247617 0.257057 0.284763 0.301598 0.315546 0.347295 0.372584 0.388647 0.409 0.425707 -9999 -9999 -9999 -9999 -9999 -9999 -9999 0.423655 0.425204 0.425882 0.423713 0.416165 0.422303 -9999 -9999 -9999 -9999 -9999 -9999 -9999 -9999 -9999 -9999 -9999 -9999 -9999 -9999 -9999 -9999 -9999 -9999 -9999 0.513459 0.52774 -9999 -9999
-9999 -9999 -9999 -9999 0.172445 0.169229 0.169593 0.166922 0.166945 0.180044 0.18091 0.181588 0.184426 0.189228 0.195217 0.197336 0.204855 0.210177 0.21505 0.213984 0.217029 0.223366 0.230857 0.238812 0.251039 0.259021 0.281279 0.295555 0.313675 0.332051 0.366602 0.393146 0.41874 0.440026 -9999 -9999 -9999 -9999 -9999 -9999 0.425376 0.419135 0.415514 0.425093 0.417926 0.411533 0.413501 0.433961 -9999 -9999 -9999 -9999 -9999 -9999 -9999 -9999 -9999 -9999 -9999 -9999 -9999 -9999 0.449291 0.462865 0.488364 0.502939 0.513063 0.526438 -9999 -9999
-9999 -9999 -9999 -9999 0.173232 0.169021 0.167544 0.166658 0.16984 0.173606 0.180475 0.182041 0.184515 0.187086 0.189691 0.196148 0.200085 0.209263 0.205256 0.208727 0.214326 0.225693 0.234124 0.251966 0.26423 0.284925 0.284318 0.300802 0.325191 0.353263 0.392915 0.405822 0.420643 0.440833 -9999 -9999 -9999 -9999 -9999 -9999 0.427946 0.420788 0.414639 0.413816 0.422951 0.410715 0.423414 0.431431 0.434207 0.429795 0.428338 0.440606 0.440579 0.439367 0.443212 0.440521 -9999 -9999 -9999 -9999 0.443063 0.444118 0.445605 0.452529 0.480196 0.500228 0.518813 0.527944 -9999 -9999
-9999 -9999 -9999 -9999 0.166782 0.166077 0.167952 0.171933 0.171672 0.176031 0.181837 0.184661 0.187023 0.188818 0.190424 0.193386 0.19857 0.19977 0.202442 0.207633 0.224191 0.243769 0.243019 0.25744 0.288617 0.28835 0.289866 0.30826 0.336791 0.368163 0.393062 0.404598 0.422984 0.444899 -9999 -9999 -9999 0.450876 0.441889 0.442025 0.439273 0.42916 0.421222 0.414227 0.409985 0.417184 0.425299 0.433011 0.441551 0.440168 0.428171 0.426417 0.438035 0.436592 0.440038 0.438886 0.435803 0.434495 0.434772 0.436446 0.437713 0.438798 0.440952 0.447481 0.472968 0.488809 0.500339 0.531612 -9999 -9999
-9999 -9999 -9999 -9999 0.168096 0.168176 0.169174 0.172999 0.176634 0.176733 0.182051 0.185416 0.186759 0.191986 0.189811 0.191219 0.192963 0.195767 0.19977 0.213403 0.232038 0.251757 0.264605 0.272291 0.29219 0.301378 0.303301 0.318111 0.344728 0.374377 0.387705 0.409034 0.436619 0.460617 -9999 -9999 0.474919 0.456786 0.443754 0.436915 0.434589 0.433896 0.423463 0.421924 0.410827 0.419166 0.436334 0.43547 0.441272 0.439008 0.435917 0.436017 0.437129 0.435441 0.434548 0.434846 0.432868 0.432747 0.433091 0.433814 0.436308 0.436891 0.438474 0.443354 0.462195 0.473099 0.488295 0.528448 -9999 -9999
-9999 -9999 -9999 -9999 0.168774 0.168695 0.168109 0.171931 0.17232 0.178634 0.187113 0.183878 0.186931 0.190668 0.193315 0.190217 0.191198 0.192844 0.195497 0.208332 0.223842 0.246542 0.263819 0.281085 0.295071 0.321693 0.328563 0.341504 0.355049 0.364672 0.383222 0.410939 0.430446 0.458497 0.475368 -9999 0.479458 0.472663 0.456604 0.442136 0.432292 0.434724 0.422464 0.419165 0.417131 0.420401 0.431722 0.436341 0.437513 0.439703 0.433538 0.429644 0.433868 0.432092 0.43327 0.432666 0.432027 0.431865 0.431974 0.432304 0.433159 0.43443 0.436422 0.439604 0.449723 0.463229 0.484123 0.526006 -9999 -9999
-9999 -9999 -9999 0.170169 0.168749 0.165615 0.167546 0.170182 0.172769 0.175482 0.180979 0.183699 0.184308 0.188103 0.195678 0.195225 0.194229 0.190879 0.192755 0.19628 0.206493 0.233149 0.249272 0.273128 0.29738 0.319193 0.328397 0.329417 0.342614 0.362841 0.38362 0.412969 0.43295 0.453218 0.48312 0.486601 0.480539 0.475576 0.464865 0.446746 0.433181 0.426087 0.422251 0.420402 0.41707 0.421935 0.429314 0.431821 0.436396 0.43798 0.439203 0.436096 0.439684 0.43239 0.430205 0.43198 0.431295 0.430932 0.430797 0.430912 0.43153 0.432818 0.434447 0.436679 0.441766 0.455836 0.485604 0.515624 -9999 -9999
-9999 -9999 -9999 -9999 0.170875 0.172696 0.177157 0.180671 0.182054 0.182411 0.183684 0.185417 0.184056 0.186112 0.194109 0.201149 0.194758 0.192718 0.191443 0.193839 0.198484 0.226195 0.243661 0.260617 0.284919 0.296573 0.304886 0.317872 0.334154 0.363905 0.393243 0.430048 0.458247 0.468439 0.487369 0.488269 0.485617 0.470987 0.459949 0.454807 0.450105 0.429844 0.426031 0.423156 0.417269 0.422875 0.426704 0.431902 0.431179 0.432617 0.433829 0.448616 0.441905 0.441543 0.433137 0.429475 0.430402 0.429963 0.429657 0.429835 0.430382 0.431495 0.433021 0.436548 0.439557 0.449921 0.487359 0.514267 -9999 -9999
-9999 -9999 -9999 -9999 -9999 -9999 0.180794 0.183358 0.186521 0.187828 0.185071 0.1849 0.184806 0.185572 0.188746 0.196873 0.198429 0.197336 0.205514 0.203188 0.20039 0.207202 0.216527 0.242326 0.265878 0.270878 0.286807 0.31269 0.336198 0.359489 0.392202 0.424509 0.455692 0.480465 0.489096 0.478719 0.469937 0.454998 0.448155 0.451953 0.445777 0.436398 0.424349 0.417729 0.417565 0.423369 0.426292 0.434043 0.427379 0.42774 0.432379 0.436706 0.441989 0.43803 0.436664 0.430005 0.428463 0.42901 0.428795 0.428885 0.429434 0.430494 0.4328 0.435313 0.438457 0.44236 0.480853 0.517696 -9999 -9999
-9999 -9999 -9999 -9999 -9999 -9999 0.187679 0.191434 0.191978 0.184915 0.185567 0.18547 0.18707 0.186728 0.188923 0.195142 0.201646 0.207862 0.217283 0.215795 0.208693 0.208387 0.216149 0.240266 0.24871 0.264642 0.283906 0.313843 0.339838 0.360329 0.392629 0.426823 0.451516 0.479836 0.480128 0.477761 0.470977 0.454802 0.442765 0.436895 0.440442 0.432979 0.419231 0.417458 0.422555 0.421062 0.426892 0.437339 0.427364 0.425347 0.428971 0.429716 0.436885 0.4356 0.432894 0.43022 0.428408 0.428173 0.428367 0.428486 0.428959 0.430204 0.432126 0.434561 0.437727 0.441534 0.467874 0.517611 -9999 -9999
-9999 -9999 -9999 -9999 -9999 -9999 -9999 0.199556 0.194353 0.183509 0.186361 0.189007 0.18732 0.187778 0.190978 0.193444 0.201141 0.212098 0.234212 0.231991 0.225893 0.216825 0.217129 0.228584 0.248999 0.270412 0.303984 0.335532 0.352206 0.369482 0.396903 0.427507 0.45371 0.454975 0.453717 0.449702 0.44863 0.452464 0.442276 0.43295 0.435517 0.426708 0.41654 0.418626 0.419417 0.420231 0.426655 0.427176 0.427327 0.422256 0.427628 0.426416 0.432545 0.432981 0.431749 0.430205 0.428501 0.428206 0.428217 0.428311 0.429026 0.430072 0.431936 0.434453 0.437585 0.441343 0.447449 0.478821 0.497072 -9999
-9999 -9999 -9999 -9999 -9999 -9999 -9999 0.209434 0.209296 0.195575 0.196651 0.190932 0.188156 0.188715 0.194054 0.197484 0.208899 0.212841 0.233228 0.24555 0.243139 0.252789 0.239523 0.230408 0.250327 0.302611 0.33063 0.354985 0.366773 0.381 0.398557 0.437477 0.454281 0.445589 0.442039 0.439267 0.436758 0.438057 0.438906 0.424508 0.421851 0.415832 0.415131 0.413103 0.418727 0.422056 0.420166 0.424796 0.426183 0.420907 0.428223 0.423999 0.430885 0.432822 0.43309 0.429526 0.428807 0.42841 0.42851 0.428747 0.429324 0.43077 0.432381 0.434798 0.437969 0.441477 0.445674 0.458152 0.47459 0.483845
-9999 -9999 -9999 -9999 -9999 -9999 -9999 -9999 0.226544 0.205666 0.200915 0.19716 0.190177 0.190004 0.195422 0.199703 0.211336 0.222219 0.240752 0.263061 0.279909 0.255617 0.237058 0.232969 0.250313 0.295638 0.321897 0.336274 0.3426 0.362733 0.380915 0.414605 0.430008 0.445838 0.449604 0.444796 0.43825 0.43048 0.424055 0.423096 0.417247 0.414197 0.412515 0.410268 0.409899 0.409715 0.418521 0.414187 0.41881 0.417662 0.420175 0.422685 0.430114 0.434241 0.431698 0.429388 0.428811 0.429027 0.429104 0.429277 0.429804 0.430813 0.433433 0.435728 0.438601 0.442099 0.445934 0.455946 0.462353 0.474218
-9999 -9999 -9999 -9999 -9999 -9999 -9999 -9999 0.239497 0.218614 0.213427 0.200203 0.195144 0.195744 0.195887 0.19957 0.208661 0.223019 0.236078 0.260828 0.287856 0.262694 0.24385 0.237816 0.24786 0.29165 0.296818 0.316032 0.326735 0.350978 0.368261 0.389621 0.407854 0.425541 0.445361 0.455763 0.436397 0.426787 0.418228 0.413643 0.410228 0.407583 0.408754 0.409487 0.418717 0.410296 0.413019 0.414199 0.415792 0.417177 0.419122 0.421322 0.428507 0.428983 0.431753 0.430062 0.42993 0.429776 0.429771 0.430052 0.43067 0.431602 0.432952 0.434647 0.439578 0.442862 0.446545 0.456438 0.46141 0.466716
-9999 -9999 -9999 -9999 -9999 -9999 -9999 -9999 0.275126 0.242708 0.222416 0.209264 0.202868 0.199862 0.198696 0.204171 0.208587 0.219427 0.230655 0.248083 0.273971 0.292981 0.278204 0.251726 0.251482 0.268352 0.281107 0.300425 0.319111 0.332061 0.343337 0.367958 0.392568 0.41452 0.425773 0.435593 0.42204 0.421981 0.424356 0.405772 0.405213 0.405306 0.411297 0.421037 0.418767 0.423644 0.422443 0.428878 0.424176 0.420425 0.419785 0.421146 0.428723 0.430949 0.43117 0.430531 0.430467 0.430533 0.430697 0.431013 0.431612 0.432662 0.433969 0.435461 0.437765 0.440361 0.447223 0.457075 0.461671 0.466562
-9999 -9999 -9999 -9999 -9999 -9999 -9999 -9999 0.275995 0.253753 0.230608 0.223154 0.209408 0.206726 0.202217 0.203864 0.208918 0.218862 0.231754 0.246811 0.269665 0.289013 0.279563 0.267533 0.26028 0.269856 0.283046 0.294744 0.307687 0.32395 0.336692 0.354957 0.371199 0.392739 0.406156 0.421871 0.406315 0.406534 0.410864 0.401886 0.402247 0.416073 0.426367 0.426967 0.423163 0.429318 0.433468 0.438412 0.434708 0.423602 0.43046 0.430822 0.432783 0.431955 0.431328 0.431191 0.431261 0.431377 0.43167 0.432019 0.432589 0.433657 0.434922 0.43648 0.438562 0.441162 0.444032 0.454089 0.462161 0.466573
-9999 -9999 -9999 -9999 -9999 -9999 -9999 -9999 0.275596 0.263991 0.243456 0.229602 0.21515 0.209882 0.206177 0.207249 0.213433 0.219464 0.228656 0.242445 0.253976 0.271828 0.295366 0.274443 0.278699 0.285849 0.296484 0.299473 0.310779 0.325353 0.347783 0.352513 0.362938 0.380048 0.38903 0.399355 0.392187 0.394604 0.396468 0.397876 0.410287 0.427049 0.440217 0.430152 0.431894 0.43147 0.448647 0.440325 0.432086 0.430124 0.437606 0.44326 0.436919 0.434595 0.433313 0.432527 0.43207 0.432404 0.43255 0.433073 0.433747 0.434661 0.435923 0.437436 0.439317 0.441528 0.444535 0.454663 0.458562 0.463953
-9999 -9999 -9999 -9999 -9999 -9999 -9999 -9999 -9999 0.277092 0.258573 0.234428 0.221589 0.213909 0.210834 0.212399 0.216639 0.221718 0.228711 0.23986 0.253843 0.274264 0.291822 0.292242 0.297372 0.311221 0.315427 0.309008 0.313444 0.331288 0.368933 0.367643 0.361733 0.368141 0.374503 0.380049 0.383797 0.387743 0.392641 0.402171 0.428536 0.435391 0.445666 0.444633 0.449957 0.443738 0.451812 0.441036 0.436942 0.436058 0.447861 0.455123 0.442594 0.437808 0.438827 0.435952 0.433126 0.43331 0.433599 0.434177 0.434785 0.435635 0.43679 0.438543 0.440344 0.442417 0.445534 0.456045 0.460547 0.464856
-9999 -9999 -9999 -9999 -9999 -9999 -9999 -9999 -9999 0.293206 0.266573 0.237947 0.230147 0.222119 0.215348 0.217084 0.22304 0.229203 0.236026 0.244046 0.259994 0.276411 0.293147 0.303638 0.309161 0.329508 0.329277 0.316905 0.32186 0.332555 0.373263 0.387492 0.376626 0.367757 0.37154 0.376988 0.397525 0.396477 0.407728 0.421746 0.426222 0.432439 0.444597 0.43943 0.448385 0.445224 0.455635 0.449947 0.447706 0.440888 0.451306 0.461184 0.448905 0.442921 0.443022 0.43673 0.434689 0.434431 0.434719 0.43517 0.435855 0.436647 0.437809 0.439236 0.440936 0.443074 0.445896 0.451254 0.475086 0.478397
-9999 -9999 -9999 -9999 -9999 -9999 -9999 -9999 -9999 0.291832 0.274391 0.249495 0.231499 0.232517 0.224777 0.221907 0.228535 0.236018 0.244068 0.24998 0.266874 0.285672 0.302529 0.322073 0.326993 0.325197 0.330605 0.324995 0.330775 0.341734 0.372649 0.374027 0.368162 0.367194 0.369975 0.375382 0.382406 0.38723 0.396171 0.400774 0.411532 0.427359 0.43401 0.431014 0.447436 0.447031 0.441963 0.458494 0.449293 0.445443 0.45858 0.459029 0.448393 0.443104 0.438519 0.436529 0.435966 0.434964 0.43542 0.435899 0.436561 0.437462 0.438517 0.439992 0.441631 0.444611 0.448428 0.462101 0.479102 0.481144
-9999 -9999 -9999 -9999 -9999 -9999 -9999 -9999 -9999 0.290465 0.275213 0.254203 0.242351 0.242344 0.233837 0.226597 0.230436 0.238326 0.243198 0.252101 0.267025 0.283613 0.301855 0.314101 0.334897 0.32787 0.337458 0.333233 0.335251 0.364862 0.375945 0.373918 0.371412 0.373165 0.369416 0.373272 0.379127 0.393214 0.400982 0.400429 0.404286 0.409686 0.420931 0.422307 0.429733 0.433307 0.436754 0.455982 0.451677 0.452174 0.452063 0.450533 0.445177 0.441742 0.438657 0.438126 0.437038 0.435555 0.435912 0.436459 0.437196 0.438016 0.43916 0.440873 0.442667 0.446827 0.453207 0.463829 0.490229 0.48288
-9999 -9999 -9999 -9999 -9999 -9999 -9999 -9999 -9999 0.295791 0.27954 0.262216 0.256642 0.258056 0.24087 0.231464 0.234403 0.23989 0.246066 0.262403 0.265947 0.273187 0.289899 0.312325 0.336826 0.341589 0.343097 0.342652 0.344418 0.379721 0.391034 0.392732 0.385728 0.379503 0.372284 0.373028 0.379496 0.399931 0.421066 0.414217 0.406472 0.407898 0.411841 0.422392 0.426408 0.430107 0.43799 0.454931 0.460343 0.45811 0.456116 0.452341 0.446311 0.44137 0.44375 0.44298 0.438336 0.435904 0.436338 0.436908 0.437527 0.438417 0.439536 0.441712 0.444091 0.447403 0.461168 0.47043 0.492318 0.483142
-9999 -9999 -9999 -9999 -9999 -9999 -9999 -9999 -9999 0.304051 0.293353 0.277131 0.272448 0.262946 0.24708 0.240824 0.23949 0.242872 0.248191 0.257603 0.265139 0.276329 0.293255 0.314976 0.3389 0.35681 0.357137 0.356922 0.362753 0.392289 0.40494 0.40141 0.393308 0.378539 0.371536 0.373558 0.377612 0.383928 0.399992 0.418604 0.42024 0.413363 0.421654 0.430957 0.427592 0.429472 0.437328 0.44332 0.458041 0.457515 0.460803 0.458087 0.451072 0.440551 0.439381 0.440104 0.435962 0.436222 0.436659 0.437098 0.437796 0.438622 0.439645 0.441537 0.444654 0.454045 0.462506 0.47386 0.47663 0.477745
-9999 -9999 -9999 -9999 -9999 -9999 -9999 -9999 -9999 0.316672 0.30364 0.288852 0.275077 0.262103 0.251316 0.253421 0.24927 0.252621 0.252276 0.257148 0.266394 0.276371 0.291428 0.317547 0.340671 0.3657 0.366639 0.356979 0.383447 0.398291 0.420771 0.408048 0.393137 0.379656 0.373882 0.384799 0.380089 0.38334 0.390781 0.40267 0.419803 0.421028 0.433928 0.435661 0.430876 0.430041 0.432089 0.436861 0.448313 0.455039 0.461158 0.46037 0.453952 0.445874 0.438 0.437024 0.435891 0.436305 0.436811 0.437274 0.437918 0.438829 0.440078 0.441933 0.449792 0.459041 0.465257 0.473445 0.475641 0.473371
