Test_Spring_2018/12_17/Prec/20171217_014.txt
ncols	170
nrows	115
xllcorner	350000.000000
yllcorner	4445000.000000
cellsize	1000.000000
nodata_value	-9999.000000
[rows 31 to 61 of 115, columns 70 to 139 of 170]
0.586166 0.592584 0.599826 0.607859 0.617075 0.620326 0.627818 0.638973 0.653397 0.663659 0.67347 0.682793 0.691153 0.698247 0.704052 0.707887 0.708961 0.709819 0.708454 0.704591 0.69948 0.692808 0.683982 0.673295 0.662132 0.649994 0.623369 0.627649 0.613326 -9999 -9999 -9999 -9999 -9999 -9999 -9999 -9999 -9999 -9999 -9999 -9999 -9999 -9999 -9999 -9999 -9999 -9999 -9999 -9999 -9999 -9999 -9999 -9999 -9999 -9999 -9999 -9999 -9999 -9999 -9999 -9999 -9999 -9999 -9999 -9999 -9999 -9999 -9999 -9999 -9999
0.574773 0.581247 0.5885 0.596516 0.605758 0.615764 0.615136 0.618166 0.639181 0.648544 0.65737 0.665391 0.67271 0.678946 0.683958 0.687267 0.688415 0.688041 0.687353 0.684589 0.679942 0.674756 0.667402 0.658448 0.648253 0.639085 0.628663 0.620002 0.597215 -9999 -9999 -9999 -9999 -9999 -9999 -9999 -9999 -9999 -9999 -9999 -9999 -9999 -9999 -9999 -9999 -9999 -9999 -9999 -9999 -9999 -9999 -9999 -9999 -9999 -9999 -9999 -9999 -9999 -9999 -9999 -9999 -9999 -9999 -9999 -9999 -9999 -9999 -9999 -9999 -9999
0.561609 0.568502 0.575926 0.584173 0.593546 0.603207 0.606394 0.605609 0.625202 0.633968 0.642115 0.649476 0.655976 0.66145 0.665619 0.668431 0.669504 0.669064 0.668026 0.66635 0.662916 0.658314 0.652233 0.645085 0.636889 0.628998 0.620328 0.596403 0.592031 0.579701 -9999 -9999 -9999 -9999 -9999 -9999 -9999 -9999 -9999 -9999 -9999 -9999 -9999 -9999 -9999 -9999 -9999 -9999 -9999 -9999 -9999 -9999 -9999 -9999 -9999 -9999 -9999 -9999 -9999 -9999 -9999 -9999 -9999 -9999 -9999 -9999 -9999 -9999 -9999 -9999
0.546972 0.554443 0.562229 0.570566 0.580054 0.589981 0.58864 0.602446 0.61135 0.620115 0.627816 0.634731 0.640594 0.6455 0.649265 0.651775 0.653001 0.652981 0.651347 0.650412 0.648231 0.644438 0.639637 0.633709 0.626695 0.619963 0.612281 0.580943 0.585715 0.57498 0.564866 -9999 -9999 -9999 -9999 -9999 -9999 -9999 -9999 -9999 -9999 -9999 -9999 -9999 -9999 -9999 -9999 -9999 -9999 -9999 -9999 -9999 -9999 -9999 -9999 -9999 -9999 -9999 -9999 -9999 -9999 -9999 -9999 -9999 -9999 -9999 -9999 -9999 -9999 -9999
-9999 0.539177 0.547559 0.556391 0.566367 0.576779 0.581867 0.594229 0.598675 0.607089 0.614725 0.621345 0.626856 0.631042 0.634655 0.637316 0.638657 0.638638 0.637659 0.636278 0.634979 0.632165 0.628168 0.623555 0.617532 0.611478 0.604565 0.587116 0.564818 0.570392 0.560836 0.551423 -9999 -9999 -9999 -9999 -9999 -9999 -9999 -9999 -9999 -9999 -9999 -9999 -9999 -9999 -9999 -9999 -9999 -9999 -9999 -9999 -9999 -9999 -9999 -9999 -9999 -9999 -9999 -9999 -9999 -9999 -9999 -9999 -9999 -9999 -9999 -9999 -9999 -9999
-9999 -9999 -9999 -9999 0.55227 0.559309 0.577602 0.582375 0.58668 0.59532 0.603031 0.609581 0.614774 0.619117 0.62262 0.624957 0.626218 0.626771 0.626281 0.624952 0.623469 0.621682 0.618045 0.614415 0.60947 0.60396 0.597424 0.579095 0.559085 0.565144 0.556073 0.547168 -9999 -9999 -9999 -9999 -9999 -9999 -9999 -9999 -9999 -9999 -9999 -9999 -9999 -9999 -9999 -9999 -9999 -9999 -9999 -9999 -9999 -9999 -9999 -9999 -9999 -9999 -9999 -9999 -9999 -9999 -9999 -9999 -9999 -9999 -9999 -9999 -9999 -9999
-9999 -9999 -9999 -9999 -9999 0.547055 0.565065 0.576017 0.575743 0.584759 0.592834 0.599532 0.604969 0.60935 0.612667 0.615005 0.616369 0.616912 0.616608 0.615968 0.615081 0.612984 0.610006 0.606407 0.602194 0.596964 0.581579 0.572512 0.564897 0.559617 0.550653 0.542477 0.53443 -9999 -9999 -9999 -9999 -9999 -9999 -9999 -9999 -9999 -9999 -9999 -9999 0.474125 -9999 -9999 -9999 -9999 -9999 -9999 -9999 -9999 -9999 -9999 -9999 -9999 -9999 -9999 -9999 -9999 -9999 -9999 -9999 -9999 0.362234 -9999 -9999 -9999
-9999 -9999 -9999 -9999 0.525051 0.541274 0.553599 0.565297 0.57133 0.575701 0.584295 0.591319 0.596986 0.601456 0.604716 0.60719 0.608699 0.609258 0.609407 0.609099 0.608021 0.60623 0.603651 0.600203 0.595913 0.590844 0.574709 0.567598 0.560291 0.542157 0.546732 0.538182 0.529889 0.522324 -9999 -9999 -9999 -9999 -9999 -9999 -9999 0.487473 0.484128 0.480688 0.477172 0.473654 0.469253 -9999 -9999 -9999 -9999 -9999 -9999 -9999 -9999 -9999 -9999 -9999 -9999 -9999 -9999 -9999 -9999 -9999 -9999 -9999 0.365066 0.361302 -9999 -9999
-9999 -9999 -9999 -9999 0.514748 0.529082 0.542688 0.555549 0.567152 0.568288 0.57737 0.584975 0.591051 0.595715 0.599144 0.601724 0.603181 0.603982 0.60413 0.603913 0.602867 0.600997 0.598356 0.594937 0.590549 0.585598 0.570006 0.562998 0.55546 0.547732 0.542338 0.533294 0.524778 0.517069 -9999 -9999 -9999 -9999 -9999 -9999 0.488324 0.48581 0.483102 0.4796 0.476586 0.473211 0.46912 0.436324 -9999 -9999 -9999 -9999 -9999 -9999 -9999 -9999 -9999 -9999 -9999 -9999 -9999 -9999 0.381703 0.378583 0.374673 0.371037 0.367416 0.363507 -9999 -9999
-9999 -9999 -9999 -9999 0.501363 0.517486 0.532766 0.546942 0.559579 0.566019 0.572265 0.580466 0.587008 0.592063 0.595805 0.598247 0.599859 0.600435 0.600921 0.600424 0.599194 0.597031 0.594283 0.590341 0.585861 0.571831 0.56585 0.558556 0.550531 0.542155 0.545536 0.52805 0.519942 0.512271 -9999 -9999 -9999 -9999 -9999 -9999 0.485729 0.483734 0.481576 0.478916 0.475443 0.472529 0.442211 0.437562 0.433094 0.428996 0.4249 0.412494 0.403449 0.400906 0.398506 0.396724 -9999 -9999 -9999 -9999 0.388734 0.38676 0.384482 0.381648 0.377564 0.37355 0.369368 0.361161 -9999 -9999
-9999 -9999 -9999 -9999 0.488969 0.506843 0.523733 0.539255 0.553394 0.560939 0.568713 0.569637 0.576988 0.582773 0.587104 0.590056 0.591745 0.592593 0.592471 0.591416 0.589079 0.585866 0.582857 0.587287 0.580904 0.568757 0.562359 0.554649 0.546103 0.537251 0.540203 0.523534 0.5151 0.506094 -9999 -9999 -9999 0.488213 0.486095 0.484016 0.482315 0.480985 0.479399 0.477687 0.475115 0.452447 0.443413 0.438548 0.433571 0.429087 0.425242 0.421186 0.404535 0.402038 0.399756 0.398164 0.39687 0.395659 0.394422 0.393047 0.391508 0.38971 0.387538 0.384816 0.380294 0.37634 0.372297 0.359341 -9999 -9999
-9999 -9999 -9999 -9999 0.469424 0.488281 0.506308 0.525673 0.540542 0.553826 0.561356 0.568799 0.576968 0.583177 0.58807 0.591299 0.593177 0.593831 0.593395 0.5916 0.588739 0.585047 0.580923 0.575429 0.569374 0.557235 0.550449 0.551213 0.539709 0.530857 0.522853 0.523535 0.50859 0.500872 -9999 -9999 0.486116 0.484113 0.482606 0.481329 0.480115 0.478845 0.477815 0.475989 0.474081 0.454253 0.445138 0.440615 0.434288 0.429565 0.424147 0.419958 0.409874 0.402821 0.400885 0.399309 0.398154 0.397107 0.396093 0.394976 0.393563 0.39192 0.389847 0.387207 0.383519 0.379814 0.372537 0.36298 -9999 -9999
-9999 -9999 -9999 -9999 0.455424 0.475111 0.494017 0.511589 0.527935 0.551488 0.560237 0.571704 0.578253 0.585175 0.590288 0.593956 0.595903 0.596458 0.595772 0.593572 0.590321 0.585903 0.580962 0.574507 0.568105 0.552273 0.544784 0.536843 0.528838 0.52112 0.519391 0.518699 0.509585 0.496685 0.490204 -9999 0.481915 0.47972 0.478764 0.478308 0.477931 0.476999 0.476483 0.475095 0.459182 0.455298 0.446457 0.440015 0.435137 0.430246 0.425885 0.420026 0.410038 0.407355 0.40153 0.400131 0.399098 0.398269 0.397495 0.396615 0.395468 0.393938 0.391932 0.389391 0.386055 0.379703 0.374802 0.365029 -9999 -9999
-9999 -9999 -9999 0.422714 0.446676 0.468129 0.488489 0.507618 0.525293 0.541306 0.552065 0.572677 0.582554 0.588103 0.593462 0.597266 0.599343 0.599962 0.598966 0.5967 0.593093 0.587832 0.58176 0.572284 0.564539 0.551443 0.543247 0.535336 0.526919 0.51837 0.510128 0.508891 0.504939 0.496504 0.485934 0.481263 0.478236 0.476258 0.475441 0.475587 0.475836 0.475781 0.475279 0.463358 0.460265 0.454545 0.446045 0.440945 0.435646 0.430513 0.42555 0.421057 0.411464 0.407155 0.405003 0.400665 0.399802 0.399183 0.398637 0.39798 0.397032 0.39565 0.393756 0.391292 0.386391 0.382048 0.372982 0.363623 -9999 -9999
-9999 -9999 -9999 -9999 0.439234 0.46181 0.48338 0.503768 0.522769 0.540122 0.552486 0.566781 0.578846 0.592744 0.597055 0.600785 0.603162 0.603566 0.602372 0.599661 0.5957 0.587688 0.580772 0.573189 0.564731 0.551685 0.542959 0.53403 0.525095 0.51582 0.506975 0.504712 0.495807 0.488697 0.484601 0.477946 0.474943 0.473667 0.473192 0.473117 0.473349 0.474269 0.466597 0.462851 0.459651 0.455349 0.446989 0.441548 0.436254 0.430883 0.425679 0.420141 0.411141 0.408033 0.405883 0.403087 0.400297 0.399854 0.399504 0.399033 0.398261 0.397028 0.395236 0.391608 0.385656 0.380875 0.374451 0.365081 -9999 -9999
-9999 -9999 -9999 -9999 -9999 -9999 0.479352 0.50076 0.520673 0.538987 0.552706 0.568066 0.580954 0.591213 0.598717 0.604268 0.606354 0.606595 0.604671 0.601008 0.596324 0.590086 0.582839 0.574166 0.561008 0.551986 0.542437 0.532547 0.523006 0.513836 0.504724 0.502204 0.493133 0.485381 0.479545 0.475847 0.473351 0.472297 0.471881 0.471675 0.47226 0.467927 0.466364 0.463854 0.460364 0.455979 0.447647 0.44192 0.436713 0.431198 0.425644 0.420395 0.410932 0.407894 0.405366 0.403695 0.402354 0.400294 0.400082 0.399762 0.399131 0.398022 0.394392 0.391164 0.387184 0.382569 0.37593 0.365994 -9999 -9999
-9999 -9999 -9999 -9999 -9999 -9999 0.475888 0.497788 0.518436 0.537806 0.552171 0.568274 0.581792 0.592723 0.60076 0.605828 0.60836 0.608201 0.605788 0.602114 0.597179 0.590725 0.582988 0.573853 0.561028 0.551095 0.541077 0.530783 0.520998 0.511905 0.502827 0.500027 0.491339 0.483538 0.478213 0.474291 0.471853 0.471032 0.471006 0.471284 0.469501 0.468463 0.467031 0.464325 0.460589 0.456501 0.448035 0.442087 0.43692 0.431393 0.42576 0.420551 0.411046 0.407813 0.405296 0.40342 0.402095 0.401197 0.400376 0.400146 0.399612 0.397768 0.395393 0.392164 0.388144 0.383465 0.377285 0.366693 -9999 -9999
-9999 -9999 -9999 -9999 -9999 -9999 -9999 0.494914 0.515988 0.535799 0.550402 0.566818 0.580949 0.592287 0.600659 0.606177 0.608641 0.608303 0.605303 0.601445 0.596166 0.589767 0.582018 0.573133 0.559545 0.54917 0.53839 0.527993 0.51868 0.509844 0.501148 0.498612 0.490065 0.483705 0.478641 0.474955 0.472381 0.470731 0.470644 0.470667 0.469768 0.468825 0.467261 0.464403 0.460882 0.456698 0.448218 0.442707 0.437055 0.431636 0.425884 0.420718 0.411267 0.407913 0.405291 0.403332 0.401983 0.401081 0.400544 0.400216 0.399515 0.398046 0.395701 0.392488 0.388478 0.383798 0.378526 0.368756 0.362203 -9999
-9999 -9999 -9999 -9999 -9999 -9999 -9999 0.491908 0.512442 0.532217 0.546725 0.563609 0.57796 0.589517 0.59803 0.603318 0.605979 0.606123 0.60292 0.59891 0.593374 0.586013 0.578778 0.570755 0.557156 0.545432 0.535025 0.525136 0.516279 0.507857 0.499912 0.497386 0.489595 0.483984 0.479267 0.4757 0.473293 0.471015 0.470662 0.470863 0.470185 0.469099 0.467107 0.464461 0.46076 0.456516 0.448443 0.442817 0.437177 0.43183 0.426041 0.421051 0.411537 0.408109 0.405397 0.403496 0.402059 0.401116 0.400238 0.39999 0.399457 0.39762 0.39531 0.392142 0.388186 0.38358 0.37846 0.369589 0.363179 0.357233
-9999 -9999 -9999 -9999 -9999 -9999 -9999 -9999 0.508191 0.527704 0.541789 0.558313 0.572725 0.5843 0.591802 0.597925 0.600742 0.600738 0.597785 0.592433 0.587819 0.582141 0.575301 0.567232 0.553917 0.542819 0.532838 0.523785 0.515584 0.507317 0.499772 0.498129 0.490829 0.484464 0.479695 0.472383 0.471308 0.471177 0.471048 0.470523 0.469893 0.468685 0.466718 0.464104 0.460739 0.45675 0.448228 0.443164 0.437532 0.432146 0.426715 0.421539 0.411939 0.408443 0.405857 0.403865 0.402362 0.40016 0.39987 0.399521 0.398905 0.397848 0.39428 0.391176 0.387329 0.382845 0.37788 0.369204 0.363406 0.357482
-9999 -9999 -9999 -9999 -9999 -9999 -9999 -9999 0.50354 0.522107 0.535063 0.551425 0.564467 0.574715 0.583831 0.589985 0.593045 0.593106 0.590702 0.585593 0.57864 0.57834 0.570092 0.562532 0.553981 0.539417 0.530942 0.52222 0.514372 0.506463 0.499484 0.499252 0.49232 0.486285 0.474106 0.471206 0.471212 0.471025 0.470837 0.470324 0.469448 0.468105 0.46841 0.463423 0.459698 0.456215 0.448016 0.442917 0.437649 0.43237 0.427176 0.422203 0.412528 0.409264 0.406453 0.403449 0.400408 0.399817 0.399361 0.398848 0.398093 0.396941 0.395269 0.391805 0.385996 0.381689 0.376927 0.368371 0.362869 0.357458
-9999 -9999 -9999 -9999 -9999 -9999 -9999 -9999 0.497319 0.515194 0.524797 0.541065 0.553388 0.564765 0.573632 0.579599 0.582959 0.583437 0.581516 0.577252 0.570945 0.56373 0.56462 0.558773 0.549024 0.536293 0.528169 0.520124 0.512573 0.505809 0.499693 0.500302 0.481824 0.47788 0.47376 0.471914 0.47153 0.470744 0.469877 0.469829 0.468679 0.46711 0.464813 0.465081 0.46245 0.454976 0.447002 0.441927 0.43722 0.43245 0.427635 0.42294 0.413139 0.408386 0.405922 0.40129 0.400207 0.399409 0.398739 0.398028 0.397104 0.395819 0.394072 0.391802 0.387136 0.383467 0.375693 0.367275 0.362072 0.356943
-9999 -9999 -9999 -9999 -9999 -9999 -9999 -9999 0.487975 0.498661 0.515825 0.529443 0.542576 0.55325 0.561824 0.567769 0.571141 0.571925 0.570385 0.566845 0.561409 0.554991 0.549132 0.551738 0.54542 0.533459 0.524165 0.517235 0.510673 0.488407 0.483823 0.486831 0.48258 0.476848 0.474297 0.472121 0.471703 0.470738 0.469603 0.468948 0.467619 0.465335 0.462814 0.460307 0.461541 0.458047 0.449807 0.441131 0.43668 0.432547 0.426269 0.421839 0.411951 0.40907 0.402858 0.401231 0.399963 0.39895 0.398049 0.397119 0.396007 0.394576 0.392743 0.390443 0.387643 0.381898 0.377933 0.369581 0.361103 0.356284
-9999 -9999 -9999 -9999 -9999 -9999 -9999 -9999 0.463373 0.490331 0.505963 0.518847 0.530979 0.540975 0.548973 0.554672 0.55799 0.559205 0.558315 0.5555 0.551391 0.545946 0.539543 0.534782 0.538418 0.527385 0.503598 0.497524 0.491795 0.486687 0.490236 0.486134 0.479944 0.476754 0.474446 0.472472 0.471564 0.470354 0.469174 0.467899 0.465907 0.463425 0.460767 0.458804 0.455939 0.457326 0.448457 0.44384 0.439706 0.435204 0.42651 0.422107 0.412428 0.404917 0.402829 0.401107 0.399687 0.398451 0.397329 0.396169 0.394859 0.393284 0.391356 0.389026 0.386267 0.383089 0.376442 0.368163 0.363641 0.360258
-9999 -9999 -9999 -9999 -9999 -9999 -9999 -9999 -9999 0.462075 0.477836 0.491875 0.504105 0.514505 0.522836 0.5289 0.532681 0.53427 0.533745 0.531237 0.527125 0.521615 0.515515 0.509839 0.514041 0.503474 0.49776 0.493038 0.488416 0.483815 0.488291 0.481649 0.479068 0.476447 0.474263 0.472448 0.47092 0.46953 0.46809 0.466335 0.463627 0.461396 0.458818 0.45643 0.453425 0.455784 0.446975 0.443419 0.439402 0.435175 0.430401 0.418747 0.410013 0.407445 0.40498 0.403038 0.399369 0.397939 0.396593 0.395218 0.393722 0.392003 0.389985 0.389461 0.386764 0.383682 0.376674 0.368123 0.363698 0.359237
-9999 -9999 -9999 -9999 -9999 -9999 -9999 -9999 -9999 0.453815 0.46729 0.480023 0.490705 0.500043 0.507749 0.51333 0.516893 0.518628 0.518616 0.517026 0.513815 0.50963 0.504797 0.49992 0.495207 0.49632 0.491819 0.488274 0.48441 0.480786 0.482522 0.478858 0.476811 0.475085 0.473119 0.471331 0.469016 0.467757 0.465919 0.463854 0.462058 0.459961 0.457338 0.455233 0.45221 0.449483 0.446185 0.44265 0.438832 0.435175 0.430763 0.418964 0.409744 0.407286 0.404854 0.402997 0.401189 0.39948 0.397851 0.396233 0.394533 0.392674 0.390573 0.38818 0.385464 0.382411 0.379026 0.371197 0.361724 0.357544
-9999 -9999 -9999 -9999 -9999 -9999 -9999 -9999 -9999 0.44534 0.456864 0.468015 0.477917 0.485813 0.492796 0.498114 0.501488 0.50332 0.503706 0.502925 0.500592 0.497367 0.493686 0.489582 0.486066 0.482955 0.486188 0.483206 0.480064 0.477068 0.479857 0.477216 0.475266 0.473403 0.471619 0.469898 0.468213 0.466667 0.464902 0.46324 0.46115 0.45864 0.456332 0.454235 0.451021 0.448359 0.445719 0.441927 0.43868 0.435152 0.430882 0.412154 0.40971 0.407267 0.405039 0.402922 0.400936 0.399115 0.397308 0.39551 0.39364 0.391627 0.389414 0.386945 0.384205 0.381133 0.377766 0.373725 0.360186 0.356255
-9999 -9999 -9999 -9999 -9999 -9999 -9999 -9999 -9999 0.436955 0.446989 0.456671 0.465145 0.47213 0.478423 0.483483 0.486813 0.488746 0.489671 0.489391 0.487982 0.485836 0.483157 0.480486 0.477334 0.4755 0.480114 0.477904 0.475667 0.47962 0.476689 0.474646 0.472885 0.471149 0.469836 0.468294 0.466724 0.464786 0.463091 0.461681 0.459935 0.457953 0.455517 0.453332 0.450675 0.448007 0.445181 0.44174 0.438484 0.434984 0.423695 0.412336 0.409734 0.407243 0.404936 0.402697 0.400641 0.398716 0.396768 0.394814 0.392793 0.390652 0.38833 0.385779 0.382997 0.379874 0.376426 0.372589 0.358296 0.35493
-9999 -9999 -9999 -9999 -9999 -9999 -9999 -9999 -9999 0.428421 0.437262 0.445615 0.452763 0.458807 0.464822 0.469543 0.472734 0.474858 0.476058 0.475997 0.475851 0.475013 0.473372 0.471245 0.468928 0.467523 0.463611 0.472391 0.470876 0.475124 0.472731 0.47097 0.469775 0.468682 0.467735 0.466486 0.464994 0.462842 0.460595 0.459527 0.458371 0.456643 0.454631 0.45214 0.449771 0.447252 0.444397 0.435868 0.437991 0.434798 0.414781 0.412021 0.409512 0.407115 0.404547 0.402273 0.4003 0.398315 0.396244 0.394162 0.392022 0.389765 0.387351 0.384709 0.381855 0.378751 0.37497 0.371219 0.362028 0.353603
-9999 -9999 -9999 -9999 -9999 -9999 -9999 -9999 -9999 0.419962 0.427463 0.434736 0.44091 0.446655 0.451988 0.456148 0.459346 0.461613 0.463128 0.463866 0.464194 0.463964 0.46319 0.462016 0.460652 0.459548 0.459286 0.466576 0.462705 0.470567 0.468664 0.467604 0.466838 0.466441 0.465725 0.464605 0.463369 0.461976 0.460055 0.45791 0.456408 0.455144 0.453026 0.450696 0.44878 0.446471 0.443755 0.441016 0.437982 0.426316 0.414264 0.411521 0.409097 0.406968 0.404548 0.402167 0.40011 0.397922 0.395758 0.393582 0.391338 0.38899 0.386496 0.383796 0.380853 0.377429 0.373859 0.369989 0.366376 0.352478
-9999 -9999 -9999 -9999 -9999 -9999 -9999 -9999 -9999 0.41156 0.418221 0.424522 0.430277 0.435457 0.439982 0.443363 0.446491 0.448773 0.450768 0.452126 0.452953 0.453485 0.45359 0.453061 0.452594 0.452009 0.452525 0.451287 0.467716 0.466238 0.464444 0.464279 0.464223 0.464098 0.463596 0.46229 0.461632 0.460524 0.459119 0.457385 0.45527 0.453727 0.451487 0.449591 0.447832 0.445742 0.443389 0.440808 0.432593 0.426059 0.41399 0.41119 0.408756 0.406517 0.404389 0.402055 0.399817 0.397565 0.395331 0.393082 0.390764 0.388336 0.385758 0.382987 0.379759 0.376274 0.372738 0.368941 0.365277 0.357024
