Test_Spring_2018/12_17/Prec/20171209_021.txt
ncols	170
nrows	115
xllcorner	350000.000000
yllcorner	4445000.000000
cellsize	1000.000000
nodata_value	-9999.000000
[rows 31 to 61 of 115, columns 71 to 141 of 170]
1.15147 1.15943 1.17347 1.18519 1.17631 1.21467 1.22716 1.22579 1.23818 1.25306 1.26474 1.27696 1.28991 1.29815 1.31121 1.34204 1.33307 1.32654 1.32908 1.31596 1.29754 1.29131 1.29635 1.28856 1.28475 1.23821 1.23795 1.22796 -9999 -9999 -9999 -9999 -9999 -9999 -9999 -9999 -9999 -9999 -9999 -9999 -9999 -9999 -9999 -9999 -9999 -9999 -9999 -9999 -9999 -9999 -9999 -9999 -9999 -9999 -9999 -9999 -9999 -9999 -9999 -9999 -9999 -9999 -9999 -9999 -9999 -9999 -9999 -9999 -9999 -9999 -9999
1.14003 1.15016 1.1642 1.1714 1.17987 1.20908 1.20639 1.21147 1.22202 1.23448 1.24942 1.25961 1.26851 1.27496 1.28566 1.30775 1.32568 1.31266 1.30725 1.30687 1.28507 1.28042 1.28467 1.29455 1.26591 1.25301 1.24478 1.21174 -9999 -9999 -9999 -9999 -9999 -9999 -9999 -9999 -9999 -9999 -9999 -9999 -9999 -9999 -9999 -9999 -9999 -9999 -9999 -9999 -9999 -9999 -9999 -9999 -9999 -9999 -9999 -9999 -9999 -9999 -9999 -9999 -9999 -9999 -9999 -9999 -9999 -9999 -9999 -9999 -9999 -9999 -9999
1.12831 1.14028 1.15287 1.15789 1.17085 1.17021 1.19151 1.19801 1.20693 1.21703 1.22779 1.2371 1.24525 1.25549 1.26671 1.28551 1.30603 1.3082 1.29321 1.28631 1.27644 1.27257 1.2687 1.26774 1.24425 1.22582 1.19855 1.19271 1.18054 -9999 -9999 -9999 -9999 -9999 -9999 -9999 -9999 -9999 -9999 -9999 -9999 -9999 -9999 -9999 -9999 -9999 -9999 -9999 -9999 -9999 -9999 -9999 -9999 -9999 -9999 -9999 -9999 -9999 -9999 -9999 -9999 -9999 -9999 -9999 -9999 -9999 -9999 -9999 -9999 -9999 -9999
1.11687 1.13024 1.14886 1.15708 1.16691 1.14873 1.18356 1.1927 1.19369 1.20278 1.21084 1.22097 1.2291 1.23775 1.2483 1.26076 1.27399 1.29596 1.27692 1.2595 1.25253 1.24436 1.23939 1.23917 1.21709 1.20316 1.16393 1.17372 1.16646 1.15414 -9999 -9999 -9999 -9999 -9999 -9999 -9999 -9999 -9999 -9999 -9999 -9999 -9999 -9999 -9999 -9999 -9999 -9999 -9999 -9999 -9999 -9999 -9999 -9999 -9999 -9999 -9999 -9999 -9999 -9999 -9999 -9999 -9999 -9999 -9999 -9999 -9999 -9999 -9999 -9999 -9999
1.10611 1.12013 1.14098 1.14978 1.1576 1.15023 1.1441 1.1777 1.18459 1.1905 1.19823 1.20815 1.22399 1.22916 1.23185 1.24025 1.25554 1.26934 1.26986 1.24682 1.23509 1.22808 1.21464 1.21352 1.19718 1.18634 1.15904 1.13633 1.14717 1.1374 1.1342 -9999 -9999 -9999 -9999 -9999 -9999 -9999 -9999 -9999 -9999 -9999 -9999 -9999 -9999 -9999 -9999 -9999 -9999 -9999 -9999 -9999 -9999 -9999 -9999 -9999 -9999 -9999 -9999 -9999 -9999 -9999 -9999 -9999 -9999 -9999 -9999 -9999 -9999 -9999 -9999
-9999 -9999 -9999 1.14489 1.14047 1.14439 1.13824 1.16817 1.17447 1.17982 1.18758 1.20117 1.20969 1.21356 1.22075 1.23037 1.23535 1.24347 1.25061 1.24189 1.22044 1.21966 1.19986 1.19054 1.17717 1.17208 1.15053 1.13498 1.1422 1.13205 1.12685 -9999 -9999 -9999 -9999 -9999 -9999 -9999 -9999 -9999 -9999 -9999 -9999 -9999 -9999 -9999 -9999 -9999 -9999 -9999 -9999 -9999 -9999 -9999 -9999 -9999 -9999 -9999 -9999 -9999 -9999 -9999 -9999 -9999 -9999 -9999 -9999 -9999 -9999 -9999 -9999
-9999 -9999 -9999 -9999 1.12937 1.13531 1.13906 1.15985 1.16799 1.17179 1.17963 1.1889 1.1961 1.20287 1.2092 1.21676 1.22366 1.23135 1.22911 1.21481 1.20873 1.20338 1.19297 1.17782 1.16782 1.1487 1.15091 1.14668 1.14531 1.13867 1.123 1.11552 -9999 -9999 -9999 -9999 -9999 -9999 -9999 -9999 -9999 -9999 -9999 -9999 0.98703 -9999 -9999 -9999 -9999 -9999 -9999 -9999 -9999 -9999 -9999 -9999 -9999 -9999 -9999 -9999 -9999 -9999 -9999 -9999 -9999 0.836562 -9999 -9999 -9999 -9999 -9999
-9999 -9999 -9999 1.11114 1.10758 1.11846 1.12729 1.1306 1.16157 1.16535 1.17374 1.18271 1.19043 1.19948 1.2033 1.20822 1.21589 1.21588 1.20964 1.20368 1.19604 1.18754 1.17943 1.17112 1.16213 1.13608 1.1305 1.12161 1.10868 1.11262 1.10675 1.10666 1.10478 -9999 -9999 -9999 -9999 -9999 -9999 -9999 1.01733 1.01228 1.00625 0.997039 0.982011 0.979862 -9999 -9999 -9999 -9999 -9999 -9999 -9999 -9999 -9999 -9999 -9999 -9999 -9999 -9999 -9999 -9999 -9999 -9999 -9999 0.831672 0.836985 -9999 -9999 -9999 -9999
-9999 -9999 -9999 1.08319 1.09405 1.10811 1.11855 1.13075 1.15397 1.16282 1.17014 1.1782 1.18675 1.19499 1.19789 1.20449 1.2072 1.20763 1.20022 1.19474 1.19028 1.18467 1.17723 1.17181 1.1602 1.12857 1.11893 1.11257 1.10649 1.09805 1.10133 1.10546 1.1074 -9999 -9999 -9999 -9999 -9999 -9999 1.01738 1.00559 0.996503 1.00017 0.986822 0.973524 0.967654 0.922758 -9999 -9999 -9999 -9999 -9999 -9999 -9999 -9999 -9999 -9999 -9999 -9999 -9999 -9999 0.801949 0.809003 0.827026 0.833523 0.834928 0.838931 -9999 -9999 -9999 -9999
-9999 -9999 -9999 1.07233 1.08369 1.09741 1.11104 1.12769 1.16056 1.15976 1.16912 1.17789 1.1852 1.19096 1.19884 1.20248 1.20938 1.20124 1.19825 1.195 1.19494 1.18944 1.19067 1.18397 1.1539 1.12875 1.11933 1.11717 1.11869 1.13309 1.10338 1.09572 1.09573 -9999 -9999 -9999 -9999 -9999 -9999 1.01091 0.999461 0.989065 0.983538 0.987107 0.968686 0.921113 0.920112 0.913534 0.899671 0.888745 0.863909 0.841405 0.834465 0.833235 0.826215 -9999 -9999 -9999 -9999 0.810222 0.806643 0.802716 0.803262 0.823309 0.834921 0.844264 0.831074 -9999 -9999 -9999 -9999
-9999 -9999 -9999 1.05522 1.07165 1.0903 1.11033 1.12513 1.15904 1.1603 1.16782 1.17775 1.18553 1.19144 1.19686 1.20247 1.20199 1.20061 1.19921 1.20637 1.2138 1.19849 1.19852 1.20333 1.15778 1.13252 1.1227 1.1223 1.12482 1.12206 1.09134 1.08583 1.08271 -9999 -9999 -9999 1.03745 1.02216 1.01759 1.01131 0.998331 0.98747 0.978376 0.969691 0.936259 0.92314 0.921541 0.920233 0.908875 0.88706 0.875602 0.839447 0.832379 0.831002 0.825996 0.819661 0.815441 0.812888 0.811542 0.809352 0.806301 0.803436 0.803891 0.8206 0.827793 0.829736 0.834007 -9999 -9999 -9999 -9999
-9999 -9999 -9999 1.05653 1.07483 1.09356 1.10385 1.12352 1.13848 1.17007 1.17091 1.18129 1.1938 1.19716 1.20203 1.20498 1.20651 1.20654 1.2132 1.22181 1.22844 1.22527 1.21023 1.20736 1.17175 1.14561 1.12913 1.11415 1.11384 1.0985 1.09139 1.08257 1.08534 -9999 -9999 1.05651 1.03065 1.01238 1.00217 0.997693 0.995382 0.98337 0.97944 0.964983 0.938103 0.935298 0.925312 0.919411 0.906642 0.890398 0.880677 0.850733 0.831477 0.826214 0.822996 0.818226 0.815723 0.813818 0.812096 0.811604 0.808435 0.805234 0.804124 0.815553 0.817971 0.814416 0.838199 -9999 -9999 -9999 -9999
-9999 -9999 -9999 1.04825 1.06725 1.08527 1.10682 1.12392 1.14016 1.17554 1.18417 1.18653 1.199 1.20837 1.20983 1.21279 1.21361 1.21239 1.21796 1.22282 1.23136 1.2312 1.22457 1.21394 1.18212 1.15875 1.14052 1.12262 1.1012 1.08432 1.08129 1.07387 1.07058 1.06899 -9999 1.04789 1.0339 1.01367 0.997223 0.986733 0.98891 0.976416 0.971893 0.941753 0.939065 0.931056 0.92251 0.913663 0.905462 0.888966 0.872189 0.84629 0.838454 0.825338 0.82159 0.818613 0.816627 0.815081 0.813546 0.811949 0.809849 0.807296 0.804587 0.807316 0.804732 0.814695 0.83956 -9999 -9999 -9999 -9999
-9999 -9999 1.03189 1.04123 1.05871 1.0807 1.10257 1.12333 1.14293 1.17477 1.18664 1.19841 1.20353 1.21901 1.2241 1.22586 1.22217 1.22023 1.2163 1.21523 1.22662 1.22211 1.21086 1.20748 1.18228 1.1588 1.12643 1.10586 1.09266 1.08109 1.07817 1.06384 1.05963 1.06422 1.05314 1.03677 1.02527 1.01131 0.992475 0.97965 0.973781 0.970829 0.948842 0.941357 0.936342 0.925292 0.918038 0.912087 0.902764 0.892986 0.879174 0.854235 0.837367 0.83019 0.821423 0.81885 0.817197 0.815978 0.814788 0.813452 0.81176 0.809099 0.805541 0.797857 0.801979 0.826032 0.839694 -9999 -9999 -9999 -9999
-9999 -9999 -9999 1.0376 1.06121 1.08696 1.11098 1.13185 1.15045 1.17876 1.1939 1.20407 1.21428 1.22529 1.2387 1.23581 1.23377 1.22874 1.22338 1.21616 1.21875 1.21363 1.2043 1.19901 1.16235 1.13581 1.11311 1.09353 1.08776 1.08281 1.08544 1.08374 1.06811 1.06129 1.04397 1.03127 1.01087 0.997479 0.992497 0.98956 0.971878 0.956065 0.948012 0.937764 0.937225 0.923026 0.918104 0.906522 0.896582 0.886287 0.889596 0.855186 0.848119 0.834331 0.824455 0.818667 0.817404 0.816517 0.815883 0.814924 0.813418 0.810897 0.805173 0.803264 0.804527 0.83102 0.841266 -9999 -9999 -9999 -9999
-9999 -9999 -9999 -9999 -9999 1.08805 1.11209 1.1357 1.15627 1.18115 1.19539 1.20775 1.21888 1.23016 1.24149 1.24697 1.24614 1.25042 1.23695 1.21963 1.20711 1.19267 1.19058 1.16865 1.13854 1.11779 1.10613 1.0921 1.0785 1.07551 1.07239 1.07267 1.07068 1.05745 1.03058 1.00779 0.987605 0.979037 0.983678 0.980164 0.964494 0.951472 0.942372 0.937958 0.937666 0.922835 0.920175 0.902415 0.891038 0.883717 0.87632 0.854239 0.843484 0.836574 0.825771 0.82126 0.817262 0.816853 0.816522 0.815921 0.814661 0.812545 0.809392 0.80513 0.79994 0.827274 0.847081 -9999 -9999 -9999 -9999
-9999 -9999 -9999 -9999 -9999 1.09299 1.1187 1.1403 1.15325 1.18185 1.19682 1.21151 1.22218 1.23305 1.24534 1.25467 1.26121 1.26573 1.2545 1.2325 1.21221 1.19531 1.19055 1.15302 1.13256 1.11402 1.10535 1.09285 1.07565 1.0715 1.06954 1.06294 1.06411 1.04249 1.02349 1.0055 0.982812 0.969565 0.96493 0.967544 0.960388 0.94598 0.941862 0.942749 0.9353 0.92349 0.923328 0.902104 0.888151 0.879579 0.868399 0.848503 0.840289 0.832023 0.825165 0.82047 0.818464 0.817089 0.817028 0.816586 0.815484 0.813616 0.810532 0.806386 0.801134 0.816458 0.84889 -9999 -9999 -9999 -9999
-9999 -9999 -9999 -9999 -9999 -9999 1.1254 1.1414 1.15076 1.18166 1.19959 1.21134 1.22311 1.23525 1.24407 1.25515 1.2661 1.2833 1.27114 1.24982 1.22051 1.19584 1.17817 1.15212 1.13669 1.13195 1.12465 1.1028 1.08234 1.07334 1.06782 1.06278 1.0374 1.01437 0.993879 0.981658 0.979405 0.967807 0.959012 0.962274 0.953882 0.94307 0.942802 0.939474 0.934304 0.923124 0.913143 0.901843 0.88482 0.877902 0.864723 0.84392 0.837376 0.830547 0.824805 0.820235 0.818209 0.817348 0.817046 0.816874 0.815813 0.814038 0.811199 0.80719 0.802049 0.797578 0.812005 0.8165 -9999 -9999 -9999
-9999 -9999 -9999 -9999 -9999 -9999 1.13378 1.15431 1.16046 1.18945 1.19897 1.20955 1.22137 1.2356 1.24355 1.25914 1.26339 1.27948 1.2802 1.26248 1.25164 1.21371 1.17597 1.14958 1.165 1.15531 1.14151 1.11549 1.09269 1.07467 1.07799 1.06432 1.02967 1.00481 0.985825 0.972314 0.966066 0.965694 0.952301 0.949078 0.943247 0.941606 0.937171 0.938538 0.935826 0.916391 0.910541 0.900565 0.883462 0.878587 0.862564 0.842411 0.837389 0.832051 0.824303 0.82066 0.818468 0.817526 0.81733 0.817427 0.815955 0.814034 0.811273 0.807538 0.802432 0.796388 0.792447 0.795448 0.79054 0.776897 -9999
-9999 -9999 -9999 -9999 -9999 -9999 -9999 1.16893 1.16716 1.18999 1.20086 1.2068 1.2175 1.22672 1.23847 1.254 1.26488 1.279 1.29236 1.28985 1.24601 1.20349 1.1715 1.14317 1.15294 1.1428 1.1205 1.09047 1.07487 1.05882 1.05827 1.04435 1.03479 1.01783 0.989801 0.974241 0.962219 0.954248 0.953573 0.94911 0.942077 0.939109 0.9342 0.929514 0.923305 0.914236 0.899758 0.893226 0.880484 0.871187 0.862104 0.842186 0.839433 0.831369 0.824825 0.821224 0.819147 0.818229 0.817763 0.817634 0.817578 0.813776 0.811073 0.807335 0.802603 0.796661 0.790665 0.784324 0.782515 0.782226 0.783678
-9999 -9999 -9999 -9999 -9999 -9999 -9999 1.17886 1.17583 1.19756 1.19815 1.20424 1.20746 1.21724 1.22773 1.24025 1.2542 1.26279 1.27863 1.29241 1.24824 1.19933 1.16672 1.14708 1.1423 1.11329 1.09771 1.07395 1.06434 1.04929 1.03838 1.02878 1.02229 1.00937 1.00534 0.978293 0.964012 0.9533 0.948287 0.945399 0.943444 0.939165 0.93326 0.937821 0.923454 0.908132 0.899385 0.890251 0.88044 0.871044 0.862112 0.841472 0.835295 0.832533 0.823518 0.822614 0.820533 0.819244 0.818587 0.818273 0.817922 0.817291 0.813679 0.806939 0.802461 0.796945 0.791306 0.784287 0.776773 0.76996 0.775744
-9999 -9999 -9999 -9999 -9999 -9999 -9999 1.21087 1.19491 1.19848 1.1986 1.19266 1.20037 1.20776 1.2191 1.22632 1.23638 1.24302 1.2518 1.26494 1.26746 1.22891 1.17867 1.14112 1.11148 1.09229 1.0792 1.0657 1.0473 1.02857 1.02301 1.00101 1.00305 0.994671 0.992884 0.971334 0.965931 0.965224 0.9455 0.944434 0.944201 0.949333 0.949352 0.943114 0.936156 0.91664 0.91344 0.898575 0.88424 0.872864 0.863666 0.842787 0.83361 0.829132 0.827434 0.824378 0.82224 0.820789 0.819818 0.819154 0.818646 0.817793 0.816241 0.810935 0.80751 0.797203 0.792055 0.785546 0.778544 0.770879 0.764731
-9999 -9999 -9999 -9999 -9999 -9999 -9999 1.20398 1.21025 1.20038 1.19096 1.18817 1.19472 1.19753 1.20402 1.21106 1.21975 1.22789 1.23455 1.2453 1.2491 1.22129 1.18161 1.14928 1.11318 1.08819 1.07022 1.05366 1.01608 1.00205 0.993159 0.98738 0.984392 0.983207 0.987383 0.963639 0.957958 0.958365 0.947119 0.945899 0.958152 0.966583 0.964669 0.947305 0.947741 0.932797 0.922434 0.909072 0.888082 0.879686 0.870129 0.842338 0.835831 0.833868 0.829759 0.826667 0.824315 0.82266 0.821363 0.820326 0.819548 0.818462 0.816914 0.814918 0.807747 0.803682 0.799367 0.787278 0.78083 0.773878 0.766873
-9999 -9999 -9999 -9999 -9999 -9999 -9999 1.18128 1.21585 1.20681 1.18772 1.18249 1.1849 1.18709 1.19186 1.19915 1.20346 1.20781 1.21349 1.21374 1.21711 1.22319 1.18283 1.1563 1.11965 1.07891 1.05315 1.0361 1.02337 1.01485 0.996642 0.978769 0.979061 0.974107 0.973167 0.957496 0.953458 0.950649 0.948671 0.958281 0.972402 0.982742 0.96957 0.967114 0.949597 0.946964 0.925985 0.908161 0.896191 0.888189 0.884437 0.847535 0.843668 0.837671 0.832907 0.829163 0.826796 0.8247 0.823243 0.821987 0.820789 0.819525 0.817887 0.815804 0.813089 0.804527 0.800661 0.795673 0.79162 0.784797 0.771357
-9999 -9999 -9999 -9999 -9999 -9999 -9999 -9999 1.20595 1.18113 1.16676 1.1625 1.16198 1.16425 1.16897 1.1738 1.17664 1.17832 1.18094 1.18324 1.18889 1.18898 1.16976 1.1418 1.11225 1.0907 1.05854 1.03748 1.03055 1.04254 1.00871 0.98424 0.974391 0.967009 0.961249 0.956479 0.953489 0.952961 0.958106 0.980507 0.982658 0.989112 0.98392 0.984239 0.958523 0.945637 0.926328 0.913137 0.90286 0.905066 0.876609 0.862158 0.851849 0.847915 0.840813 0.83202 0.829328 0.827128 0.825449 0.823859 0.822376 0.820872 0.821485 0.819466 0.816879 0.808057 0.80438 0.800624 0.795874 0.791141 0.783111
-9999 -9999 -9999 -9999 -9999 -9999 -9999 -9999 1.19967 1.18139 1.16048 1.15918 1.15647 1.1535 1.15706 1.16263 1.16599 1.1674 1.16729 1.17232 1.17524 1.17611 1.16872 1.15466 1.12072 1.09749 1.06213 1.04414 1.03257 1.03702 1.03175 1.00376 0.979845 0.970515 0.964879 0.975997 0.9675 0.972451 0.981104 0.98096 0.982768 0.990336 0.980475 0.983959 0.974815 0.948654 0.934764 0.923915 0.90838 0.909834 0.883366 0.869913 0.858737 0.854102 0.843727 0.838072 0.834646 0.832138 0.830044 0.828285 0.826571 0.824994 0.823286 0.821307 0.81909 0.816781 0.809059 0.817739 0.813102 0.804617 0.795886
-9999 -9999 -9999 -9999 -9999 -9999 -9999 -9999 1.19356 1.18226 1.16303 1.1498 1.15427 1.14883 1.14663 1.15196 1.1561 1.15861 1.15674 1.16341 1.16978 1.1722 1.17545 1.16274 1.14217 1.09211 1.0658 1.05093 1.04176 1.03734 1.02098 0.99916 0.983935 0.974192 0.968765 0.966523 0.963505 0.965677 0.964423 0.969773 0.980363 0.981894 0.973681 0.984186 0.977598 0.965858 0.942837 0.925601 0.913514 0.918195 0.886712 0.87083 0.860635 0.851593 0.845573 0.841403 0.837199 0.834752 0.832548 0.830628 0.828915 0.827192 0.82559 0.823736 0.822687 0.821863 0.830093 0.825035 0.820208 0.810639 0.80139
-9999 -9999 -9999 -9999 -9999 -9999 -9999 -9999 1.18824 1.17718 1.15992 1.151 1.15288 1.1453 1.13767 1.13943 1.14349 1.14275 1.14409 1.14945 1.15459 1.15962 1.15717 1.16179 1.13789 1.09245 1.06957 1.05298 1.04737 1.04067 1.02232 1.0049 0.99317 0.977532 0.970842 0.967464 0.973371 0.974022 0.96721 0.965232 0.965023 0.970606 0.966322 0.967711 0.964931 0.961615 0.939988 0.927984 0.920634 0.915641 0.879283 0.868939 0.860845 0.853482 0.849031 0.844408 0.839736 0.837154 0.834959 0.833055 0.831237 0.829637 0.828391 0.826925 0.827406 0.829625 0.835527 0.839852 0.826791 0.812983 0.822819
-9999 -9999 -9999 -9999 -9999 -9999 -9999 -9999 1.19035 1.17653 1.16121 1.15691 1.15875 1.14139 1.13061 1.13075 1.13201 1.13244 1.14131 1.13597 1.1327 1.13727 1.14609 1.15576 1.145 1.11045 1.07454 1.05935 1.05994 1.05481 1.04127 1.02034 1.00146 0.982887 0.973398 0.970694 0.982753 0.996337 0.982998 0.96922 0.964723 0.962778 0.967263 0.965119 0.962394 0.96349 0.956901 0.936438 0.926777 0.890662 0.881896 0.871172 0.861831 0.860041 0.855491 0.847456 0.841899 0.839415 0.837253 0.835254 0.833557 0.832037 0.83143 0.830823 0.830867 0.84089 0.846123 0.854378 0.832338 0.822603 0.826791
-9999 -9999 -9999 -9999 -9999 -9999 -9999 -9999 1.19618 1.1862 1.17045 1.1656 1.15543 1.13826 1.12971 1.125 1.1238 1.12328 1.12549 1.1245 1.12576 1.13137 1.1405 1.15071 1.15409 1.13947 1.08437 1.05801 1.06981 1.06705 1.04926 1.02801 1.00129 0.983343 0.975371 0.970401 0.96854 0.977016 0.988573 0.983815 0.970915 0.973047 0.976142 0.966627 0.962081 0.963195 0.962256 0.933949 0.928937 0.895747 0.888272 0.876801 0.862158 0.857034 0.854088 0.846653 0.843831 0.841422 0.839202 0.837368 0.835727 0.834283 0.833637 0.834083 0.840543 0.845883 0.853842 0.853103 0.832653 0.842752 0.830815
-9999 -9999 -9999 -9999 -9999 -9999 -9999 -9999 1.20708 1.19333 1.1776 1.16254 1.14784 1.13474 1.13366 1.12563 1.12409 1.11789 1.11575 1.11676 1.11733 1.12174 1.13594 1.1462 1.15748 1.14437 1.10077 1.07328 1.07284 1.08054 1.05436 1.02696 1.00196 0.985568 0.986596 0.973136 0.968319 0.968297 0.973183 0.983611 0.978601 0.98519 0.980766 0.969818 0.962601 0.958037 0.955979 0.943475 0.926443 0.896518 0.891108 0.880382 0.868289 0.856692 0.852191 0.84783 0.845267 0.843034 0.840958 0.839213 0.837834 0.836839 0.836447 0.841928 0.848704 0.852387 0.85789 0.857363 0.842334 0.846549 0.837547
