Test_Spring_2018/12_17/Prec/20171209_020.txt
ncols	170
nrows	115
xllcorner	350000.000000
yllcorner	4445000.000000
cellsize	1000.000000
nodata_value	-9999.000000
[rows 32 to 63 of 115, columns 72 to 143 of 170]
0.969261 0.974871 0.968613 0.963569 0.998577 1.00209 0.97862 0.983396 0.992343 1.00666 1.01514 1.02352 1.03014 1.0458 1.08194 1.11412 1.10005 1.10084 1.11245 1.09301 1.10348 1.13067 1.16919 1.14887 1.15517 1.1965 1.20523 -9999 -9999 -9999 -9999 -9999 -9999 -9999 -9999 -9999 -9999 -9999 -9999 -9999 -9999 -9999 -9999 -9999 -9999 -9999 -9999 -9999 -9999 -9999 -9999 -9999 -9999 -9999 -9999 -9999 -9999 -9999 -9999 -9999 -9999 -9999 -9999 -9999 -9999 -9999 -9999 -9999 -9999 -9999 -9999 -9999
0.944932 0.948875 0.939861 0.942609 0.957571 0.973131 0.952528 0.955407 0.961253 0.969529 0.977153 0.984806 0.997842 1.01466 1.04588 1.08233 1.09239 1.078 1.07913 1.07828 1.08954 1.10331 1.12395 1.11091 1.10743 1.11483 1.16963 1.17534 -9999 -9999 -9999 -9999 -9999 -9999 -9999 -9999 -9999 -9999 -9999 -9999 -9999 -9999 -9999 -9999 -9999 -9999 -9999 -9999 -9999 -9999 -9999 -9999 -9999 -9999 -9999 -9999 -9999 -9999 -9999 -9999 -9999 -9999 -9999 -9999 -9999 -9999 -9999 -9999 -9999 -9999 -9999 -9999
0.921197 0.935067 0.931461 0.929597 0.937807 0.935093 0.937748 0.928264 0.932626 0.936691 0.945648 0.953304 0.963835 0.979642 1.00089 1.0259 1.06737 1.04669 1.03129 1.0351 1.03961 1.05161 1.07332 1.06229 1.06564 1.08612 1.1285 1.14657 1.15552 -9999 -9999 -9999 -9999 -9999 -9999 -9999 -9999 -9999 -9999 -9999 -9999 -9999 -9999 -9999 -9999 -9999 -9999 -9999 -9999 -9999 -9999 -9999 -9999 -9999 -9999 -9999 -9999 -9999 -9999 -9999 -9999 -9999 -9999 -9999 -9999 -9999 -9999 -9999 -9999 -9999 -9999 -9999
0.898254 0.915774 0.913171 0.908081 0.902948 0.89377 0.906166 0.905651 0.904585 0.907681 0.915854 0.935283 0.939954 0.943065 0.957731 0.985984 1.01466 1.02516 1.00124 0.997985 1.00485 1.00399 1.0248 1.02336 1.032 1.05191 1.05841 1.11012 1.12316 1.14497 -9999 -9999 -9999 -9999 -9999 -9999 -9999 -9999 -9999 -9999 -9999 -9999 -9999 -9999 -9999 -9999 -9999 -9999 -9999 -9999 -9999 -9999 -9999 -9999 -9999 -9999 -9999 -9999 -9999 -9999 -9999 -9999 -9999 -9999 -9999 -9999 -9999 -9999 -9999 -9999 -9999 -9999
-9999 -9999 0.899136 0.897057 0.86833 0.87663 0.881879 0.879582 0.876685 0.878869 0.891912 0.898866 0.900745 0.910379 0.926611 0.938445 0.958287 0.979668 0.979048 0.961261 0.978974 0.969178 0.978169 0.982591 1.00149 1.0235 1.05046 1.09697 1.11009 1.12923 -9999 -9999 -9999 -9999 -9999 -9999 -9999 -9999 -9999 -9999 -9999 -9999 -9999 -9999 -9999 -9999 -9999 -9999 -9999 -9999 -9999 -9999 -9999 -9999 -9999 -9999 -9999 -9999 -9999 -9999 -9999 -9999 -9999 -9999 -9999 -9999 -9999 -9999 -9999 -9999 -9999 -9999
-9999 -9999 -9999 0.873263 0.847536 0.835953 0.858343 0.85757 0.850776 0.851615 0.856388 0.859939 0.865236 0.872622 0.885032 0.899675 0.91901 0.926112 0.917567 0.925327 0.937298 0.944018 0.945583 0.957187 0.992298 1.01756 1.04311 1.09742 1.11733 1.12087 1.13502 -9999 -9999 -9999 -9999 -9999 -9999 -9999 -9999 -9999 -9999 -9999 -9999 1.11633 -9999 -9999 -9999 -9999 -9999 -9999 -9999 -9999 -9999 -9999 -9999 -9999 -9999 -9999 -9999 -9999 -9999 -9999 -9999 -9999 1.17793 -9999 -9999 -9999 -9999 -9999 -9999 -9999
-9999 -9999 0.834929 0.815462 0.814328 0.809337 0.829311 0.8342 0.825416 0.825157 0.827527 0.830139 0.837514 0.839734 0.847168 0.862716 0.870063 0.87154 0.87736 0.884239 0.893178 0.905748 0.920539 0.936249 0.952524 0.978533 0.99904 1.03072 1.07436 1.09485 1.12177 1.14299 -9999 -9999 -9999 -9999 -9999 -9999 -9999 1.1197 1.12207 1.12322 1.11996 1.10821 1.11763 -9999 -9999 -9999 -9999 -9999 -9999 -9999 -9999 -9999 -9999 -9999 -9999 -9999 -9999 -9999 -9999 -9999 -9999 -9999 1.17726 1.19348 -9999 -9999 -9999 -9999 -9999 -9999
-9999 -9999 0.790658 0.78914 0.791437 0.787161 0.785287 0.807787 0.804592 0.8002 0.79876 0.800489 0.804695 0.803958 0.813062 0.820367 0.828605 0.829056 0.837054 0.850895 0.866767 0.883115 0.905441 0.920128 0.930758 0.953474 0.980945 1.00766 1.05111 1.08794 1.12293 1.15114 -9999 -9999 -9999 -9999 -9999 -9999 1.11063 1.10156 1.09704 1.11335 1.10365 1.09511 1.09946 1.10388 -9999 -9999 -9999 -9999 -9999 -9999 -9999 -9999 -9999 -9999 -9999 -9999 -9999 -9999 1.11407 1.12982 1.16349 1.17971 1.18882 1.20308 -9999 -9999 -9999 -9999 -9999 -9999
-9999 -9999 0.770639 0.768326 0.768173 0.766735 0.769496 0.768543 0.781662 0.777649 0.774566 0.771788 0.769847 0.775247 0.77849 0.791901 0.786795 0.795165 0.808289 0.831323 0.850124 0.883346 0.907109 0.919112 0.920692 0.947469 0.985093 1.02706 1.09266 1.09482 1.11284 1.13911 -9999 -9999 -9999 -9999 -9999 -9999 1.10287 1.09335 1.08601 1.08735 1.10437 1.08809 1.08356 1.09892 1.10617 1.10228 1.1031 1.12936 1.114 1.11495 1.12373 1.12207 -9999 -9999 -9999 -9999 1.12648 1.12457 1.12211 1.12707 1.16356 1.18764 1.20927 1.20318 -9999 -9999 -9999 -9999 -9999 -9999
-9999 -9999 0.741531 0.745429 0.750909 0.757112 0.754224 0.752943 0.76366 0.755156 0.751431 0.746974 0.743062 0.74273 0.747808 0.748902 0.75454 0.766132 0.797033 0.833664 0.839009 0.873379 0.904077 0.910492 0.916136 0.946441 0.990842 1.03804 1.07965 1.08122 1.10454 1.12883 -9999 -9999 -9999 1.12352 1.1085 1.10892 1.10596 1.09247 1.08305 1.07986 1.07729 1.06852 1.08445 1.10043 1.11779 1.1198 1.10538 1.10701 1.11648 1.1184 1.12785 1.13381 1.13178 1.13167 1.13292 1.13502 1.13506 1.13338 1.13202 1.13635 1.16441 1.18127 1.19119 1.22061 -9999 -9999 -9999 -9999 -9999 -9999
-9999 -9999 0.721332 0.726814 0.731206 0.736889 0.739991 0.735302 0.733226 0.738406 0.732135 0.732089 0.721475 0.718128 0.71755 0.721186 0.729292 0.754753 0.789863 0.827864 0.855626 0.854261 0.891371 0.913372 0.920052 0.950699 0.986521 1.0312 1.049 1.08211 1.1108 1.14288 -9999 -9999 1.15213 1.12167 1.10055 1.0905 1.08879 1.09072 1.07831 1.08031 1.06773 1.06443 1.09536 1.09869 1.11753 1.11929 1.12517 1.13045 1.14092 1.12844 1.13183 1.13669 1.13731 1.13983 1.14178 1.14278 1.14488 1.14234 1.13981 1.14113 1.16322 1.17232 1.17882 1.23235 -9999 -9999 -9999 -9999 -9999 -9999
-9999 -9999 0.704037 0.709347 0.711291 0.71743 0.71563 0.72472 0.726797 0.713472 0.716032 0.712827 0.708997 0.69809 0.696043 0.697898 0.704233 0.729069 0.760159 0.803809 0.839554 0.856335 0.884875 0.930582 0.94506 0.967371 0.98893 1.00274 1.03295 1.07516 1.09958 1.13045 1.15135 -9999 1.14937 1.13654 1.11083 1.08921 1.07626 1.08369 1.06921 1.06935 1.05365 1.06374 1.08645 1.1049 1.1126 1.12203 1.11858 1.12371 1.13984 1.14249 1.13739 1.14179 1.14534 1.1485 1.1506 1.15131 1.15096 1.14939 1.14722 1.14546 1.15341 1.15884 1.18193 1.2371 -9999 -9999 -9999 -9999 -9999 -9999
-9999 0.687924 0.692701 0.693698 0.699818 0.704171 0.705672 0.704861 0.702456 0.700873 0.692515 0.694516 0.697782 0.690562 0.685204 0.679282 0.684661 0.69547 0.718975 0.769584 0.789274 0.83153 0.875877 0.918452 0.936953 0.940981 0.962181 0.992575 1.02222 1.06665 1.09483 1.11974 1.15548 1.15596 1.14272 1.13267 1.11537 1.08826 1.06988 1.06297 1.06224 1.05087 1.05062 1.06915 1.0867 1.09713 1.11099 1.12038 1.12934 1.13165 1.14755 1.14725 1.14947 1.14829 1.15248 1.15591 1.15806 1.15869 1.15805 1.15641 1.15342 1.14979 1.14429 1.15632 1.19899 1.23568 -9999 -9999 -9999 -9999 -9999 -9999
-9999 -9999 0.686763 0.695778 0.706019 0.711799 0.711366 0.706723 0.697508 0.691936 0.680861 0.676128 0.683776 0.687956 0.674041 0.670161 0.670788 0.680145 0.695406 0.73605 0.77077 0.804643 0.84932 0.87642 0.893799 0.916684 0.942841 0.988153 1.03114 1.08675 1.12492 1.13454 1.15908 1.15208 1.14402 1.11886 1.10106 1.0943 1.08995 1.06287 1.05234 1.05627 1.05315 1.06857 1.0813 1.09663 1.10298 1.11291 1.12265 1.15362 1.15412 1.16087 1.15459 1.15779 1.15798 1.16172 1.16392 1.16484 1.16415 1.16216 1.15882 1.15364 1.1525 1.15944 1.20836 1.23963 -9999 -9999 -9999 -9999 -9999 -9999
-9999 -9999 -9999 -9999 0.704598 0.708949 0.711311 0.70814 0.69265 0.684142 0.675063 0.6675 0.664747 0.673163 0.671592 0.66919 0.684596 0.686339 0.683338 0.700831 0.722857 0.770524 0.81707 0.830957 0.860329 0.903438 0.940977 0.97633 1.02466 1.07304 1.11589 1.1482 1.15542 1.13368 1.1149 1.08922 1.07796 1.08517 1.07863 1.06452 1.05025 1.04547 1.05161 1.06776 1.07963 1.09949 1.09717 1.10603 1.12173 1.13701 1.15669 1.15835 1.16348 1.15955 1.16249 1.16568 1.16822 1.16912 1.16847 1.16638 1.16387 1.16028 1.15649 1.15318 1.20355 1.24996 -9999 -9999 -9999 -9999 -9999 -9999
-9999 -9999 -9999 -9999 0.709758 0.716005 0.714391 0.698339 0.688369 0.680272 0.674133 0.665128 0.661095 0.665123 0.672261 0.681262 0.697238 0.698632 0.692993 0.699157 0.718508 0.763339 0.786209 0.817055 0.851607 0.901073 0.942582 0.973712 1.02157 1.07291 1.10584 1.14386 1.13824 1.12908 1.11423 1.08623 1.06688 1.05935 1.06581 1.05752 1.04066 1.04355 1.05809 1.06314 1.0799 1.10432 1.09725 1.10282 1.11735 1.12747 1.15039 1.15652 1.15982 1.16228 1.16494 1.16862 1.17095 1.17194 1.17122 1.16934 1.16656 1.16293 1.15925 1.15586 1.18733 1.25374 -9999 -9999 -9999 -9999 -9999 -9999
-9999 -9999 -9999 -9999 -9999 0.724461 0.714072 0.692445 0.68628 0.682998 0.672304 0.66509 0.663092 0.661625 0.670536 0.687 0.723016 0.723013 0.718577 0.710664 0.717945 0.742616 0.783827 0.822955 0.879645 0.93158 0.958633 0.984924 1.02543 1.07142 1.10709 1.10334 1.09565 1.08423 1.07849 1.08194 1.0654 1.05163 1.05764 1.04721 1.0359 1.04481 1.05269 1.06143 1.07926 1.0884 1.0973 1.09831 1.11575 1.12299 1.14442 1.15332 1.15896 1.1632 1.166 1.16957 1.17197 1.17275 1.17243 1.17046 1.16781 1.16459 1.16118 1.15803 1.15827 1.19622 1.21593 -9999 -9999 -9999 -9999 -9999
-9999 -9999 -9999 -9999 -9999 0.736783 0.734524 0.708862 0.700418 0.684844 0.673241 0.666944 0.668937 0.669289 0.683235 0.689102 0.721836 0.745093 0.745928 0.766601 0.752119 0.744138 0.784143 0.870955 0.918721 0.959331 0.978816 1.00055 1.02602 1.08539 1.10695 1.08825 1.07753 1.06852 1.0609 1.05999 1.06096 1.03945 1.03697 1.03081 1.03416 1.03656 1.05188 1.06447 1.0693 1.08481 1.09561 1.09629 1.11673 1.11921 1.14176 1.15287 1.1607 1.16163 1.16582 1.16909 1.1715 1.17252 1.17235 1.17075 1.16808 1.16518 1.16236 1.15938 1.15717 1.16608 1.18331 1.18998 1.18453 -9999 -9999 -9999
-9999 -9999 -9999 -9999 -9999 -9999 0.759532 0.723251 0.706267 0.694627 0.677406 0.670876 0.667197 0.671905 0.688845 0.705594 0.735323 0.771948 0.804927 0.772044 0.748584 0.747712 0.783207 0.858651 0.903315 0.928206 0.939199 0.970336 0.99715 1.04895 1.06897 1.08917 1.09053 1.0733 1.06311 1.0499 1.03969 1.03917 1.03235 1.02977 1.03143 1.03331 1.03909 1.046 1.06726 1.06859 1.08423 1.09111 1.10382 1.11652 1.1397 1.15392 1.15705 1.15963 1.16376 1.16761 1.17001 1.17093 1.17081 1.17002 1.16775 1.16528 1.16271 1.16045 1.1584 1.16402 1.16617 1.17731 1.19245 1.21162 -9999 -9999
-9999 -9999 -9999 -9999 -9999 -9999 0.778586 0.742865 0.72573 0.70027 0.673432 0.671206 0.669489 0.673677 0.686919 0.709165 0.730255 0.770396 0.814791 0.779164 0.760118 0.755441 0.775512 0.85152 0.862916 0.895131 0.912937 0.950679 0.976479 1.00973 1.03486 1.05871 1.07602 1.09375 1.06227 1.04653 1.03322 1.02715 1.02408 1.02348 1.03139 1.03388 1.05433 1.04809 1.05949 1.06906 1.07961 1.09006 1.10148 1.11325 1.13571 1.14379 1.15476 1.15489 1.16206 1.16541 1.16754 1.16864 1.16886 1.16828 1.16726 1.16896 1.16278 1.16105 1.15961 1.16573 1.16632 1.16779 1.17181 1.19692 1.21273 1.22205
-9999 -9999 -9999 -9999 -9999 -9999 0.833484 0.780351 0.719471 0.697832 0.684949 0.67875 0.675488 0.682868 0.689086 0.705937 0.724077 0.752538 0.794746 0.826652 0.807333 0.768835 0.780932 0.814627 0.837417 0.869566 0.899788 0.920118 0.936935 0.975951 0.994989 1.02896 1.04994 1.0642 1.04225 1.04177 1.04577 1.01802 1.01939 1.02289 1.03671 1.05951 1.06287 1.07035 1.07516 1.09247 1.09275 1.0947 1.10157 1.11148 1.13413 1.13883 1.14637 1.15477 1.1592 1.16261 1.16488 1.16608 1.16649 1.16647 1.16591 1.16486 1.1687 1.16868 1.16069 1.16748 1.16824 1.1697 1.17138 1.17649 1.18352 1.19939
-9999 -9999 -9999 -9999 -9999 -9999 0.810326 0.768393 0.732106 0.717954 0.69564 0.69042 0.682394 0.68417 0.691617 0.707154 0.727802 0.752329 0.789443 0.821418 0.808714 0.793602 0.784413 0.806204 0.839573 0.85962 0.880858 0.883448 0.904517 0.935684 0.961359 1.00035 1.02075 1.0447 1.0201 1.02045 1.0278 1.01517 1.01799 1.04276 1.06301 1.06911 1.07212 1.08885 1.10213 1.1079 1.10921 1.09916 1.10845 1.11707 1.13134 1.13728 1.14745 1.15235 1.15658 1.1598 1.16217 1.1635 1.16411 1.16453 1.16444 1.16413 1.1641 1.1697 1.1703 1.17873 1.1706 1.17199 1.17368 1.17617 1.19043 1.19445
-9999 -9999 -9999 -9999 -9999 -9999 0.783042 0.783884 0.751931 0.727892 0.704855 0.696003 0.689602 0.690787 0.700195 0.709705 0.724519 0.746868 0.766027 0.79528 0.83354 0.802572 0.81265 0.830571 0.822432 0.828543 0.847737 0.8721 0.922899 0.931104 0.954549 0.981312 0.995263 1.01129 1.00021 1.00439 1.00818 1.01191 1.03355 1.06279 1.08729 1.07642 1.08472 1.09404 1.12693 1.11088 1.1055 1.11005 1.11844 1.13459 1.13535 1.14429 1.14773 1.15115 1.1542 1.15754 1.15961 1.16131 1.16235 1.16295 1.16338 1.16363 1.16397 1.16443 1.17188 1.18085 1.1828 1.19894 1.20037 1.19039 1.19138 1.1973
-9999 -9999 -9999 -9999 -9999 -9999 -9999 0.776395 0.747443 0.711003 0.692077 0.681057 0.677051 0.680098 0.687128 0.695289 0.706281 0.723632 0.745334 0.777056 0.804368 0.805079 0.814281 0.843319 0.851063 0.842403 0.850775 0.880122 0.942075 0.950031 0.94205 0.953126 0.964017 0.973575 0.988857 0.995775 1.00459 1.02115 1.06458 1.06947 1.08886 1.09135 1.1045 1.10431 1.12274 1.11256 1.11308 1.11873 1.14409 1.16657 1.16035 1.15812 1.16422 1.16351 1.15272 1.15566 1.15793 1.15985 1.16105 1.16195 1.16272 1.17416 1.17561 1.1771 1.18739 1.19696 1.20053 1.20332 1.20677 1.20543 1.20589 1.22187
-9999 -9999 -9999 -9999 -9999 -9999 -9999 0.799135 0.758725 0.715157 0.703952 0.692285 0.682448 0.685719 0.695412 0.70528 0.716049 0.728587 0.753419 0.778972 0.805058 0.821498 0.830321 0.870838 0.871576 0.853531 0.862597 0.880688 0.956789 0.980372 0.964768 0.95219 0.959262 0.968903 1.00209 1.00177 1.02083 1.04452 1.05377 1.06625 1.08859 1.08457 1.10321 1.10361 1.1296 1.12692 1.12985 1.12575 1.14844 1.17462 1.16918 1.1648 1.16926 1.16308 1.16285 1.16475 1.16689 1.16873 1.17043 1.17187 1.17348 1.17514 1.17687 1.17893 1.1817 1.1963 1.22608 1.2279 1.22413 1.22033 1.21958 1.22721
-9999 -9999 -9999 -9999 -9999 -9999 -9999 0.795929 0.769683 0.731779 0.704559 0.706878 0.695448 0.691489 0.702206 0.714138 0.726849 0.73615 0.762515 0.791834 0.818159 0.848734 0.856623 0.854171 0.872386 0.864772 0.875007 0.89339 0.954999 0.958588 0.950848 0.950698 0.956367 0.966142 0.978501 0.987564 1.00325 1.01248 1.03168 1.05925 1.07304 1.07237 1.10254 1.10704 1.10478 1.14061 1.13232 1.13243 1.15895 1.17908 1.16777 1.16426 1.16128 1.16173 1.1638 1.1646 1.16714 1.16921 1.17112 1.17302 1.17479 1.17689 1.17893 1.18274 1.18754 1.20736 1.23578 1.23618 1.22947 1.22353 1.2358 1.2331
-9999 -9999 -9999 -9999 -9999 -9999 -9999 0.792699 0.769711 0.737718 0.719942 0.720553 0.707842 0.697012 0.703351 0.715911 0.723688 0.737684 0.761023 0.786947 0.815469 0.834699 0.867324 0.856695 0.881607 0.876053 0.880313 0.940343 0.959068 0.957358 0.954893 0.95906 0.954674 0.962184 0.9729 0.996591 1.01065 1.01203 1.02064 1.03208 1.0531 1.05926 1.07536 1.08596 1.09681 1.13695 1.13603 1.14264 1.15762 1.1658 1.16256 1.16184 1.16112 1.16385 1.16515 1.16531 1.16784 1.17022 1.17249 1.17453 1.17675 1.17956 1.1822 1.18825 1.19748 1.21303 1.2571 1.24339 1.22879 1.23644 1.24185 1.24021
-9999 -9999 -9999 -9999 -9999 -9999 -9999 0.79987 0.775179 0.748791 0.74067 0.743384 0.717058 0.702789 0.707683 0.716481 0.726294 0.751896 0.757539 0.768935 0.795104 0.830211 0.868607 0.876319 0.887373 0.88899 0.892744 0.962206 0.981252 0.985329 0.975863 0.96764 0.957917 0.960681 0.972484 1.00622 1.04127 1.03301 1.0237 1.02908 1.03883 1.05935 1.07017 1.08095 1.09865 1.12994 1.14953 1.15175 1.16936 1.16892 1.16458 1.16149 1.16933 1.17174 1.16761 1.16643 1.16926 1.17188 1.1742 1.1766 1.17906 1.18288 1.18675 1.19183 1.21296 1.22684 1.25527 1.2488 1.2395 1.25614 1.24689 1.24555
-9999 -9999 -9999 -9999 -9999 -9999 -9999 0.811593 0.795417 0.770612 0.763754 0.749349 0.724988 0.715554 0.713743 0.719234 0.727708 0.742533 0.754418 0.771995 0.798521 0.832544 0.870034 0.898202 0.899025 0.909312 0.930767 0.980244 1.00132 0.997204 0.985998 0.964457 0.955093 0.959898 0.96802 0.979865 1.00715 1.0387 1.04416 1.03676 1.05343 1.07213 1.07156 1.07959 1.09731 1.11245 1.14597 1.16116 1.17724 1.1785 1.1727 1.16102 1.16345 1.16833 1.16514 1.16833 1.17136 1.17398 1.17663 1.17915 1.18169 1.18531 1.19061 1.20547 1.21868 1.2362 1.24018 1.24583 1.25133 1.25601 1.25244 1.25227
-9999 -9999 -9999 -9999 -9999 -9999 -9999 0.830101 0.810157 0.787458 0.766312 0.746389 0.729846 0.733364 0.727108 0.732521 0.732158 0.739914 0.754478 0.770187 0.793818 0.834702 0.87094 0.910171 0.911895 0.906076 0.963395 0.987793 1.0241 1.00559 0.983706 0.964117 0.956635 0.975294 0.969789 0.97692 0.990862 1.01207 1.04183 1.04722 1.07126 1.07836 1.07576 1.07975 1.08862 1.10203 1.12484 1.1579 1.17856 1.18302 1.17836 1.17069 1.16288 1.16533 1.16703 1.17068 1.17401 1.17686 1.17962 1.18245 1.18553 1.18929 1.20219 1.21708 1.22708 1.24002 1.24352 1.23432 1.25243 1.26017 1.25757 1.25763
-9999 -9999 -9999 -9999 -9999 -9999 -9999 -9999 0.815146 0.791683 0.775624 0.775298 0.761295 0.756109 0.753288 0.756872 0.73935 0.743979 0.755409 0.770183 0.791187 0.823876 0.849567 0.887214 0.917152 0.954242 0.993187 0.995125 1.00656 1.003 0.981995 0.959237 0.963135 0.989267 0.992775 0.994807 0.991625 1.00207 1.04065 1.0633 1.08336 1.08013 1.07674 1.08153 1.08866 1.09857 1.12626 1.17509 1.16814 1.16452 1.16838 1.1653 1.16408 1.16714 1.17017 1.17396 1.17732 1.1805 1.18376 1.18666 1.19076 1.19678 1.21097 1.24189 1.24279 1.24816 1.2594 1.25396 1.27532 1.26611 1.26222 1.26278
-9999 -9999 -9999 -9999 -9999 -9999 -9999 -9999 0.827254 0.799348 0.798087 0.804293 0.821049 0.821123 0.78439 0.781224 0.76451 0.749254 0.756906 0.771317 0.791219 0.813646 0.844712 0.885734 0.920498 0.976808 0.973996 0.973489 0.976856 0.976706 0.966795 0.970886 0.997681 1.0228 1.01858 1.01826 1.00017 1.00162 1.0122 1.03805 1.06703 1.08561 1.07895 1.08473 1.09191 1.10009 1.12182 1.15414 1.1638 1.16223 1.16293 1.16589 1.16596 1.1697 1.1739 1.17762 1.18141 1.18497 1.18878 1.19243 1.19931 1.207 1.22877 1.24727 1.25969 1.27492 1.24829 1.25457 1.26262 1.27153 1.26792 1.26901
