Test_Spring_2018/12_17/Prec/20171228_017.txt
ncols	170
nrows	115
xllcorner	350000.000000
yllcorner	4445000.000000
cellsize	1000.000000
nodata_value	-9999.000000
[rows 31 to 61 of 115, columns 70 to 139 of 170]
0.312701 0.308847 0.306801 0.307808 0.306689 0.302104 0.299196 0.298699 0.294954 0.295004 0.296929 0.297405 0.298929 0.301802 0.302826 0.308043 0.325601 0.319985 0.317368 0.32186 0.318144 0.312544 0.315775 0.327123 0.331528 0.339208 0.330402 0.333663 0.339507 -9999 -9999 -9999 -9999 -9999 -9999 -9999 -9999 -9999 -9999 -9999 -9999 -9999 -9999 -9999 -9999 -9999 -9999 -9999 -9999 -9999 -9999 -9999 -9999 -9999 -9999 -9999 -9999 -9999 -9999 -9999 -9999 -9999 -9999 -9999 -9999 -9999 -9999 -9999 -9999 -9999
0.309178 0.30695 0.306157 0.30717 0.303367 0.299839 0.300617 0.298913 0.29237 0.291906 0.293007 0.296193 0.297136 0.298126 0.298572 0.302728 0.315103 0.32615 0.319341 0.31853 0.322105 0.313653 0.316942 0.326769 0.340978 0.332109 0.333545 0.339594 0.336084 -9999 -9999 -9999 -9999 -9999 -9999 -9999 -9999 -9999 -9999 -9999 -9999 -9999 -9999 -9999 -9999 -9999 -9999 -9999 -9999 -9999 -9999 -9999 -9999 -9999 -9999 -9999 -9999 -9999 -9999 -9999 -9999 -9999 -9999 -9999 -9999 -9999 -9999 -9999 -9999 -9999
0.309676 0.305591 0.305762 0.305768 0.300596 0.299909 0.300765 0.294929 0.289915 0.288837 0.288924 0.289992 0.29086 0.291816 0.29497 0.299709 0.310185 0.322822 0.325235 0.318174 0.317232 0.315542 0.318584 0.322571 0.329191 0.32258 0.319638 0.320614 0.325134 0.327655 -9999 -9999 -9999 -9999 -9999 -9999 -9999 -9999 -9999 -9999 -9999 -9999 -9999 -9999 -9999 -9999 -9999 -9999 -9999 -9999 -9999 -9999 -9999 -9999 -9999 -9999 -9999 -9999 -9999 -9999 -9999 -9999 -9999 -9999 -9999 -9999 -9999 -9999 -9999 -9999
0.311321 0.305004 0.305783 0.309297 0.305929 0.30321 0.298285 0.293129 0.291994 0.286186 0.285869 0.285518 0.287155 0.288351 0.290722 0.295191 0.301804 0.309889 0.324385 0.314553 0.306737 0.306372 0.306217 0.30892 0.315352 0.308931 0.308083 0.306596 0.314308 0.319175 0.320536 -9999 -9999 -9999 -9999 -9999 -9999 -9999 -9999 -9999 -9999 -9999 -9999 -9999 -9999 -9999 -9999 -9999 -9999 -9999 -9999 -9999 -9999 -9999 -9999 -9999 -9999 -9999 -9999 -9999 -9999 -9999 -9999 -9999 -9999 -9999 -9999 -9999 -9999 -9999
-9999 0.305349 0.306175 0.310721 0.307408 0.303172 0.295559 0.292056 0.28749 0.285274 0.283001 0.28249 0.284068 0.290107 0.290393 0.290037 0.294122 0.303407 0.312719 0.314774 0.303223 0.299601 0.299806 0.296882 0.302343 0.299053 0.299679 0.297165 0.29906 0.307708 0.310237 0.316325 -9999 -9999 -9999 -9999 -9999 -9999 -9999 -9999 -9999 -9999 -9999 -9999 -9999 -9999 -9999 -9999 -9999 -9999 -9999 -9999 -9999 -9999 -9999 -9999 -9999 -9999 -9999 -9999 -9999 -9999 -9999 -9999 -9999 -9999 -9999 -9999 -9999 -9999
-9999 -9999 -9999 -9999 0.31043 0.30331 0.296488 0.292691 0.285694 0.282857 0.28003 0.279387 0.283126 0.284548 0.283968 0.286322 0.291088 0.293911 0.299604 0.305625 0.30278 0.292983 0.29686 0.289826 0.290029 0.288388 0.292395 0.292943 0.299067 0.305296 0.307404 0.312064 -9999 -9999 -9999 -9999 -9999 -9999 -9999 -9999 -9999 -9999 -9999 -9999 -9999 -9999 -9999 -9999 -9999 -9999 -9999 -9999 -9999 -9999 -9999 -9999 -9999 -9999 -9999 -9999 -9999 -9999 -9999 -9999 -9999 -9999 -9999 -9999 -9999 -9999
-9999 -9999 -9999 -9999 -9999 0.301549 0.295679 0.288319 0.283923 0.281754 0.27757 0.27664 0.277425 0.277803 0.278817 0.280488 0.28386 0.287766 0.293119 0.293287 0.286951 0.286643 0.287697 0.286485 0.283118 0.283609 0.285561 0.294305 0.299809 0.308075 0.312367 0.310535 0.313116 -9999 -9999 -9999 -9999 -9999 -9999 -9999 -9999 -9999 -9999 -9999 -9999 0.273927 -9999 -9999 -9999 -9999 -9999 -9999 -9999 -9999 -9999 -9999 -9999 -9999 -9999 -9999 -9999 -9999 -9999 -9999 -9999 -9999 0.216531 -9999 -9999 -9999
-9999 -9999 -9999 -9999 0.301495 0.293429 0.289555 0.284614 0.285249 0.279735 0.27495 0.27385 0.274005 0.274339 0.276464 0.276352 0.277922 0.282205 0.282758 0.280475 0.279372 0.278222 0.277501 0.27792 0.279027 0.280411 0.277679 0.282523 0.285418 0.292334 0.297495 0.30188 0.309131 0.314477 -9999 -9999 -9999 -9999 -9999 -9999 -9999 0.286697 0.284948 0.282483 0.278017 0.269954 0.26988 -9999 -9999 -9999 -9999 -9999 -9999 -9999 -9999 -9999 -9999 -9999 -9999 -9999 -9999 -9999 -9999 -9999 -9999 -9999 0.211533 0.215112 -9999 -9999
-9999 -9999 -9999 -9999 0.294529 0.289746 0.286925 0.282084 0.278766 0.276042 0.273632 0.271197 0.270204 0.270556 0.271787 0.270804 0.273216 0.27434 0.275164 0.272254 0.271634 0.272712 0.274105 0.275325 0.278654 0.27889 0.273113 0.275944 0.280885 0.285861 0.290059 0.300419 0.310507 0.318358 -9999 -9999 -9999 -9999 -9999 -9999 0.286026 0.279944 0.275372 0.278626 0.271372 0.264207 0.261719 0.252709 -9999 -9999 -9999 -9999 -9999 -9999 -9999 -9999 -9999 -9999 -9999 -9999 -9999 -9999 0.189885 0.194487 0.205959 0.210362 0.211638 0.21451 -9999 -9999
-9999 -9999 -9999 -9999 0.293137 0.28764 0.283552 0.27962 0.278032 0.271318 0.27093 0.268946 0.267681 0.266672 0.265886 0.267633 0.26799 0.27161 0.26718 0.267173 0.268212 0.272402 0.274342 0.281474 0.284619 0.279242 0.27287 0.276524 0.284721 0.295021 0.307839 0.304025 0.307171 0.314058 -9999 -9999 -9999 -9999 -9999 -9999 0.28349 0.277203 0.271433 0.268658 0.271579 0.26103 0.249144 0.249475 0.246318 0.238585 0.232567 0.227881 0.215771 0.210973 0.20961 0.204621 -9999 -9999 -9999 -9999 0.192568 0.190374 0.188129 0.18879 0.201615 0.209292 0.215591 0.206325 -9999 -9999
-9999 -9999 -9999 -9999 0.287585 0.2841 0.281888 0.280727 0.276836 0.270461 0.26952 0.264053 0.263025 0.261878 0.260828 0.260776 0.26218 0.261169 0.260957 0.26206 0.269751 0.278839 0.275017 0.283374 0.292831 0.280094 0.274496 0.278737 0.288842 0.30052 0.303784 0.299283 0.304202 0.308573 -9999 -9999 -9999 0.297234 0.289471 0.287643 0.284271 0.276453 0.269822 0.266114 0.261127 0.254984 0.248969 0.24898 0.249152 0.24305 0.230386 0.223997 0.212837 0.207908 0.20638 0.200204 0.195706 0.192553 0.190514 0.189338 0.187783 0.185847 0.184175 0.184688 0.197995 0.203053 0.204896 0.203234 -9999 -9999
-9999 -9999 -9999 -9999 0.284525 0.281431 0.278628 0.27404 0.272507 0.268883 0.264068 0.262646 0.261059 0.262118 0.258925 0.258118 0.257635 0.257803 0.258577 0.264949 0.273966 0.28312 0.287471 0.28384 0.290774 0.284182 0.278473 0.282687 0.285532 0.295853 0.296354 0.297888 0.304894 0.313951 -9999 -9999 0.310428 0.296769 0.286807 0.281049 0.278278 0.276531 0.268682 0.265903 0.25682 0.2523 0.25251 0.247247 0.247526 0.240635 0.229081 0.22387 0.213671 0.203228 0.199431 0.196828 0.193249 0.191108 0.189422 0.187979 0.187452 0.185441 0.183576 0.183155 0.19061 0.192583 0.189398 0.201742 -9999 -9999
-9999 -9999 -9999 -9999 0.278879 0.275316 0.271297 0.269898 0.266432 0.268041 0.26535 0.260632 0.259627 0.259926 0.259863 0.256534 0.255817 0.255499 0.255633 0.261646 0.268812 0.279749 0.286671 0.289154 0.292103 0.290645 0.287291 0.287349 0.287626 0.285512 0.290048 0.295147 0.300143 0.308739 0.314076 -9999 0.309299 0.302752 0.291225 0.281145 0.274134 0.274615 0.265937 0.262308 0.253244 0.252002 0.248891 0.242577 0.237995 0.233914 0.224759 0.217969 0.209837 0.204668 0.197615 0.194655 0.192145 0.190279 0.188772 0.187406 0.186168 0.184803 0.18334 0.181948 0.184057 0.181632 0.188342 0.201585 -9999 -9999
-9999 -9999 -9999 0.286989 0.277898 0.27228 0.269608 0.267323 0.265063 0.263032 0.259074 0.259011 0.257107 0.257258 0.260412 0.258931 0.257249 0.254107 0.253944 0.2544 0.258377 0.271673 0.274994 0.279679 0.287943 0.288726 0.286212 0.27843 0.277931 0.281739 0.286075 0.292336 0.297843 0.303869 0.315201 0.313297 0.306539 0.301324 0.293329 0.281333 0.272369 0.26734 0.26404 0.257077 0.252422 0.248036 0.242723 0.238948 0.236182 0.231482 0.226596 0.219248 0.211274 0.203123 0.198282 0.193471 0.191186 0.189493 0.188151 0.18696 0.18585 0.184711 0.183168 0.181249 0.175828 0.178828 0.189391 0.195567 -9999 -9999
-9999 -9999 -9999 -9999 0.278295 0.27551 0.274212 0.272323 0.269228 0.265707 0.259405 0.25808 0.255305 0.255397 0.258819 0.262136 0.257396 0.25525 0.253318 0.253173 0.253771 0.262747 0.26819 0.272398 0.280243 0.27457 0.270986 0.269975 0.270863 0.280014 0.289151 0.299767 0.309784 0.309707 0.315896 0.311344 0.30681 0.295916 0.287971 0.284145 0.28084 0.268027 0.261865 0.255305 0.24847 0.247985 0.240571 0.238194 0.231962 0.226948 0.221852 0.225234 0.211153 0.206963 0.198497 0.193608 0.190204 0.188735 0.187573 0.186693 0.18578 0.184721 0.183233 0.179158 0.175037 0.175457 0.191622 0.195742 -9999 -9999
-9999 -9999 -9999 -9999 -9999 -9999 0.275237 0.272669 0.270599 0.267641 0.259093 0.256735 0.254901 0.254035 0.255003 0.259282 0.259574 0.258161 0.262092 0.25797 0.252225 0.251944 0.252141 0.261388 0.26402 0.258418 0.259043 0.265478 0.270391 0.275271 0.286172 0.293947 0.305657 0.314405 0.314383 0.303918 0.295141 0.28424 0.279049 0.280867 0.276848 0.267688 0.258351 0.251659 0.248198 0.247685 0.239736 0.238708 0.228661 0.222814 0.219656 0.216551 0.209924 0.20357 0.199466 0.192821 0.18993 0.188002 0.187125 0.186409 0.185683 0.184733 0.18152 0.178895 0.175647 0.171941 0.188507 0.198549 -9999 -9999
-9999 -9999 -9999 -9999 -9999 -9999 0.278259 0.276364 0.272687 0.264662 0.258359 0.256183 0.255547 0.254188 0.254743 0.257979 0.261452 0.264587 0.268798 0.265517 0.257712 0.252907 0.251911 0.259857 0.253113 0.25386 0.256226 0.26487 0.271075 0.274068 0.28458 0.293491 0.301239 0.312184 0.307158 0.301676 0.294658 0.282895 0.27467 0.270476 0.271319 0.265333 0.25491 0.251079 0.250705 0.245612 0.239414 0.239879 0.227685 0.220284 0.21643 0.211096 0.205746 0.201078 0.19625 0.192149 0.189229 0.187815 0.186839 0.186279 0.185621 0.18389 0.181944 0.179228 0.175906 0.172018 0.18103 0.198846 -9999 -9999
-9999 -9999 -9999 -9999 -9999 -9999 -9999 0.28012 0.272982 0.262727 0.257873 0.257504 0.255012 0.254285 0.255583 0.256637 0.260895 0.266901 0.278969 0.275167 0.267853 0.257559 0.251846 0.2519 0.252313 0.256249 0.267209 0.276752 0.277234 0.278264 0.285836 0.292638 0.301415 0.296009 0.290172 0.283812 0.280381 0.280974 0.273864 0.267449 0.267994 0.261121 0.252785 0.251196 0.248085 0.244289 0.238407 0.232753 0.22668 0.217399 0.214617 0.208125 0.202236 0.198706 0.194877 0.191569 0.188816 0.187456 0.186644 0.186026 0.185317 0.183887 0.1819 0.179213 0.175839 0.171881 0.168524 0.175137 0.177559 -9999
-9999 -9999 -9999 -9999 -9999 -9999 -9999 0.284938 0.280969 0.269071 0.263172 0.257829 0.254788 0.254218 0.256885 0.257912 0.264575 0.266386 0.277305 0.282293 0.277118 0.278118 0.264049 0.251507 0.251543 0.274304 0.281945 0.287207 0.284853 0.284198 0.285965 0.297985 0.301257 0.289994 0.282941 0.277476 0.273253 0.271845 0.271584 0.262093 0.259177 0.253881 0.251185 0.246973 0.246707 0.244372 0.233367 0.230227 0.224951 0.215618 0.214116 0.205904 0.200529 0.198029 0.195218 0.190765 0.188671 0.187277 0.186162 0.185751 0.185062 0.183581 0.181427 0.178687 0.175364 0.171303 0.166853 0.162009 0.163429 0.160354
-9999 -9999 -9999 -9999 -9999 -9999 -9999 -9999 0.290344 0.27422 0.264725 0.260676 0.255145 0.254169 0.254252 0.257239 0.264289 0.2702 0.279865 0.290767 0.297329 0.277608 0.260312 0.250878 0.24934 0.268057 0.274861 0.27432 0.268946 0.27222 0.274716 0.283764 0.286492 0.290432 0.288046 0.279845 0.273001 0.267111 0.262299 0.260833 0.256177 0.251969 0.248529 0.24407 0.240081 0.235582 0.231025 0.222525 0.21935 0.21269 0.208439 0.204512 0.199474 0.198441 0.194019 0.19039 0.188398 0.185969 0.185606 0.185046 0.184221 0.183023 0.180542 0.177762 0.174347 0.170416 0.165924 0.159692 0.155259 0.154033
-9999 -9999 -9999 -9999 -9999 -9999 -9999 -9999 0.297026 0.281043 0.271152 0.261403 0.254873 0.251903 0.252317 0.254742 0.260044 0.267884 0.274058 0.286337 0.298921 0.278831 0.261466 0.251001 0.249596 0.263203 0.257544 0.260366 0.258099 0.264335 0.266745 0.268529 0.273352 0.278733 0.28355 0.285336 0.271815 0.264668 0.258373 0.254481 0.251078 0.247749 0.245905 0.242081 0.243898 0.234406 0.226081 0.221111 0.216298 0.211409 0.207052 0.203174 0.197942 0.194826 0.193731 0.18778 0.185921 0.185271 0.184685 0.18402 0.183099 0.181739 0.17988 0.177261 0.172944 0.169095 0.164783 0.15865 0.153724 0.148894
-9999 -9999 -9999 -9999 -9999 -9999 -9999 -9999 0.31738 0.294514 0.271836 0.262612 0.253653 0.251809 0.251169 0.254417 0.256612 0.262084 0.266973 0.274693 0.286568 0.293271 0.278513 0.25562 0.248746 0.246216 0.245667 0.24907 0.252202 0.252102 0.251387 0.255409 0.259942 0.268902 0.269365 0.272951 0.262855 0.261344 0.26148 0.248812 0.246899 0.24501 0.246238 0.248674 0.243649 0.240756 0.22999 0.22845 0.220063 0.212324 0.206674 0.202557 0.197464 0.190949 0.189097 0.185932 0.184967 0.184244 0.183542 0.18269 0.181581 0.180167 0.178223 0.175649 0.172461 0.168914 0.163359 0.157411 0.152735 0.148137
-9999 -9999 -9999 -9999 -9999 -9999 -9999 -9999 0.312629 0.290793 0.274973 0.263702 0.25479 0.252864 0.249882 0.250485 0.252777 0.257462 0.263194 0.269391 0.279441 0.286477 0.27516 0.26129 0.249781 0.242646 0.244291 0.24363 0.243852 0.240858 0.241765 0.242152 0.247065 0.25202 0.25712 0.264235 0.252778 0.251232 0.252312 0.245234 0.243632 0.249893 0.253581 0.250897 0.244232 0.243858 0.236058 0.232477 0.22499 0.213076 0.206552 0.202367 0.19374 0.190669 0.186477 0.184972 0.183889 0.182965 0.182102 0.181047 0.179738 0.178214 0.176202 0.173712 0.170878 0.16707 0.16329 0.157539 0.151753 0.147408
-9999 -9999 -9999 -9999 -9999 -9999 -9999 -9999 0.307824 0.294869 0.280613 0.264606 0.255005 0.251198 0.248373 0.248296 0.250979 0.253041 0.256364 0.261734 0.264944 0.271234 0.280278 0.261626 0.257124 0.248894 0.242422 0.236459 0.23585 0.237674 0.242721 0.240244 0.236889 0.243632 0.246046 0.249801 0.243299 0.242882 0.242218 0.241217 0.246725 0.254587 0.259895 0.250657 0.248211 0.242916 0.243001 0.227119 0.216858 0.210611 0.209839 0.209101 0.195116 0.188944 0.186219 0.184163 0.182553 0.181527 0.180337 0.179171 0.177756 0.176035 0.174 0.171554 0.168761 0.165622 0.16146 0.155939 0.151928 0.1465
-9999 -9999 -9999 -9999 -9999 -9999 -9999 -9999 -9999 0.297152 0.276927 0.260999 0.252265 0.246836 0.244202 0.244201 0.245457 0.246694 0.248445 0.252 0.256534 0.264265 0.269597 0.263935 0.259565 0.255427 0.25076 0.239722 0.235547 0.239925 0.25088 0.239059 0.231342 0.231766 0.232718 0.233611 0.236887 0.237202 0.238165 0.241889 0.255698 0.253713 0.256863 0.252759 0.252185 0.242644 0.236825 0.225294 0.217892 0.212617 0.215339 0.20785 0.194487 0.189092 0.18764 0.184137 0.181121 0.179784 0.178461 0.177135 0.175534 0.173698 0.171604 0.168782 0.165976 0.162846 0.158618 0.153102 0.149753 0.146167
-9999 -9999 -9999 -9999 -9999 -9999 -9999 -9999 -9999 0.296156 0.278108 0.259188 0.2532 0.2472 0.24195 0.241711 0.243724 0.245414 0.246956 0.248618 0.254479 0.26002 0.265204 0.266116 0.263636 0.262525 0.255783 0.241731 0.238448 0.238988 0.245164 0.249265 0.238659 0.229804 0.229119 0.229815 0.23995 0.237064 0.241669 0.247848 0.248017 0.248983 0.253273 0.246713 0.248478 0.24263 0.236397 0.22828 0.22232 0.213723 0.215855 0.209732 0.196391 0.190246 0.188143 0.182411 0.179439 0.177617 0.176078 0.174478 0.172762 0.170776 0.168627 0.166224 0.163569 0.160778 0.158037 0.154835 0.157115 0.153502
-9999 -9999 -9999 -9999 -9999 -9999 -9999 -9999 -9999 0.291539 0.278902 0.261997 0.249493 0.248667 0.242491 0.239138 0.241307 0.243627 0.245841 0.246252 0.252834 0.260073 0.265673 0.272516 0.270144 0.263466 0.252995 0.243614 0.241348 0.242507 0.242299 0.238784 0.231333 0.227308 0.225952 0.226502 0.228247 0.228761 0.231789 0.232092 0.235987 0.242762 0.243716 0.238557 0.245003 0.241015 0.234048 0.230878 0.220962 0.214431 0.21844 0.203202 0.193889 0.188143 0.183101 0.179857 0.177622 0.175173 0.173573 0.171858 0.170048 0.168113 0.16596 0.163729 0.16126 0.159285 0.157524 0.161509 0.158081 0.154243
-9999 -9999 -9999 -9999 -9999 -9999 -9999 -9999 -9999 0.286707 0.275213 0.260429 0.25138 0.249624 0.242679 0.236395 0.23665 0.23908 0.239312 0.241597 0.247129 0.253265 0.26003 0.262814 0.27054 0.261133 0.253414 0.245361 0.241248 0.239296 0.241478 0.236062 0.230745 0.228387 0.223 0.222503 0.223404 0.229418 0.231601 0.228662 0.228293 0.228706 0.232498 0.230092 0.231194 0.2298 0.228217 0.22659 0.219901 0.216237 0.208759 0.195578 0.189512 0.184868 0.180662 0.178191 0.175499 0.172617 0.17083 0.169066 0.167258 0.165293 0.163283 0.161357 0.159215 0.158259 0.158419 0.160958 0.163404 0.154354
-9999 -9999 -9999 -9999 -9999 -9999 -9999 -9999 -9999 0.285786 0.273493 0.260718 0.255226 0.254059 0.241564 0.23373 0.233262 0.234124 0.23513 0.242011 0.240767 0.241443 0.247572 0.256901 0.267262 0.265429 0.255974 0.247627 0.24373 0.245016 0.247548 0.244534 0.236539 0.229323 0.221773 0.219295 0.220466 0.23024 0.240473 0.233635 0.226175 0.224184 0.223588 0.226869 0.226028 0.224867 0.226157 0.226291 0.222494 0.217346 0.199347 0.194051 0.187588 0.181993 0.181043 0.178326 0.173357 0.169788 0.16796 0.166154 0.164269 0.162397 0.160484 0.159016 0.157467 0.156287 0.161287 0.163383 0.165936 0.153558
-9999 -9999 -9999 -9999 -9999 -9999 -9999 -9999 -9999 0.286547 0.277442 0.265108 0.259911 0.251847 0.239925 0.233817 0.230608 0.230118 0.230608 0.233354 0.234698 0.237999 0.244529 0.253735 0.264069 0.270572 0.266251 0.252682 0.243508 0.249162 0.252661 0.246554 0.237924 0.225492 0.218025 0.216254 0.215876 0.216978 0.224068 0.232709 0.230969 0.223965 0.226095 0.228722 0.223513 0.221387 0.222805 0.223025 0.218261 0.210529 0.199398 0.194783 0.187714 0.178677 0.175493 0.173598 0.168843 0.166832 0.164949 0.163044 0.161232 0.1594 0.157562 0.156109 0.155249 0.158056 0.16015 0.163875 0.162267 0.149314
-9999 -9999 -9999 -9999 -9999 -9999 -9999 -9999 -9999 0.289916 0.279186 0.267501 0.256533 0.24613 0.237101 0.235926 0.230897 0.23035 0.22742 0.2275 0.230044 0.232815 0.238452 0.250602 0.260722 0.271826 0.268126 0.252658 0.244428 0.249192 0.258771 0.247111 0.234338 0.222661 0.215891 0.219477 0.213703 0.212895 0.214711 0.219266 0.227002 0.225 0.23003 0.22816 0.222209 0.218554 0.216554 0.216135 0.213189 0.206158 0.196744 0.193306 0.18657 0.178964 0.171623 0.168611 0.165612 0.163638 0.161767 0.159885 0.158095 0.156419 0.154871 0.153595 0.155863 0.15886 0.159892 0.162018 0.160405 0.148737
