Test_Spring_2018/12_17/Prec/20171202_004.txt
ncols	170
nrows	115
xllcorner	350000.000000
yllcorner	4445000.000000
cellsize	1000.000000
nodata_value	-9999.000000
[rows 31 to 61 of 115, columns 70 to 139 of 170]
0 0 0 0 0 0 0 0 0 0 0 0 0.102394 0.111625 0.11649 0.131147 0.174663 0.164398 0.161361 0.175154 0.170111 0.160936 0.17255 0.203231 0.217842 0.240108 0.238746 0.251755 0.270359 -9999 -9999 -9999 -9999 -9999 -9999 -9999 -9999 -9999 -9999 -9999 -9999 -9999 -9999 -9999 -9999 -9999 -9999 -9999 -9999 -9999 -9999 -9999 -9999 -9999 -9999 -9999 -9999 -9999 -9999 -9999 -9999 -9999 -9999 -9999 -9999 -9999 -9999 -9999 -9999 -9999
0 0 0 0 0 0 0 0 0 0 0 0.100692 0.105826 0.110941 0.114715 0.127123 0.158729 0.187356 0.174554 0.175908 0.187676 0.171626 0.183095 0.209934 0.247082 0.230535 0.237988 0.27215 0.285866 -9999 -9999 -9999 -9999 -9999 -9999 -9999 -9999 -9999 -9999 -9999 -9999 -9999 -9999 -9999 -9999 -9999 -9999 -9999 -9999 -9999 -9999 -9999 -9999 -9999 -9999 -9999 -9999 -9999 -9999 -9999 -9999 -9999 -9999 -9999 -9999 -9999 -9999 -9999 -9999 -9999
0 0 0 0 0 0 0 0 0 0 0 0 0 0.104331 0.11465 0.128613 0.15593 0.188316 0.196965 0.183659 0.184729 0.184198 0.194826 0.207789 0.226996 0.215475 0.212548 0.233623 0.267355 0.28874 -9999 -9999 -9999 -9999 -9999 -9999 -9999 -9999 -9999 -9999 -9999 -9999 -9999 -9999 -9999 -9999 -9999 -9999 -9999 -9999 -9999 -9999 -9999 -9999 -9999 -9999 -9999 -9999 -9999 -9999 -9999 -9999 -9999 -9999 -9999 -9999 -9999 -9999 -9999 -9999
0 0 0 0 0 0 0 0 0 0 0 0 0 0.104479 0.1132 0.126708 0.145137 0.166953 0.203697 0.183814 0.168686 0.171008 0.173933 0.183647 0.20218 0.190905 0.192716 0.22351 0.259864 0.276105 0.284114 -9999 -9999 -9999 -9999 -9999 -9999 -9999 -9999 -9999 -9999 -9999 -9999 -9999 -9999 -9999 -9999 -9999 -9999 -9999 -9999 -9999 -9999 -9999 -9999 -9999 -9999 -9999 -9999 -9999 -9999 -9999 -9999 -9999 -9999 -9999 -9999 -9999 -9999 -9999
-9999 0 0 0.103321 0 0 0 0 0 0 0 0 0 0.116847 0.120924 0.123354 0.135984 0.160604 0.185202 0.192858 0.16883 0.163326 0.166834 0.163197 0.179253 0.175105 0.180254 0.195905 0.227784 0.256246 0.26711 0.286232 -9999 -9999 -9999 -9999 -9999 -9999 -9999 -9999 -9999 -9999 -9999 -9999 -9999 -9999 -9999 -9999 -9999 -9999 -9999 -9999 -9999 -9999 -9999 -9999 -9999 -9999 -9999 -9999 -9999 -9999 -9999 -9999 -9999 -9999 -9999 -9999 -9999 -9999
-9999 -9999 -9999 -9999 0.113069 0.109136 0.103921 0 0 0 0 0 0.10503 0.112162 0.114434 0.123322 0.137606 0.14716 0.163232 0.179955 0.175981 0.155841 0.167643 0.154193 0.157805 0.157362 0.170326 0.203198 0.233867 0.257122 0.267154 0.283123 -9999 -9999 -9999 -9999 -9999 -9999 -9999 -9999 -9999 -9999 -9999 -9999 -9999 -9999 -9999 -9999 -9999 -9999 -9999 -9999 -9999 -9999 -9999 -9999 -9999 -9999 -9999 -9999 -9999 -9999 -9999 -9999 -9999 -9999 -9999 -9999 -9999 -9999
-9999 -9999 -9999 -9999 -9999 0.111345 0.108404 0 0 0 0 0 0 0.104632 0.110827 0.118257 0.129346 0.141383 0.156536 0.159429 0.147078 0.148767 0.153725 0.153593 0.148705 0.153116 0.177443 0.212718 0.230344 0.26967 0.284954 0.285973 0.297228 -9999 -9999 -9999 -9999 -9999 -9999 -9999 -9999 -9999 -9999 -9999 -9999 0.282421 -9999 -9999 -9999 -9999 -9999 -9999 -9999 -9999 -9999 -9999 -9999 -9999 -9999 -9999 -9999 -9999 -9999 -9999 -9999 -9999 0.362447 -9999 -9999 -9999
-9999 -9999 -9999 -9999 0.105277 0.104659 0.100156 0 0 0 0 0 0 0.104588 0.11358 0.116985 0.123905 0.136751 0.140572 0.137529 0.137089 0.136523 0.137064 0.140488 0.145842 0.15224 0.175164 0.191161 0.202922 0.23457 0.256112 0.271786 0.294063 0.311783 -9999 -9999 -9999 -9999 -9999 -9999 -9999 0.287305 0.289457 0.290641 0.287949 0.277702 0.286876 -9999 -9999 -9999 -9999 -9999 -9999 -9999 -9999 -9999 -9999 -9999 -9999 -9999 -9999 -9999 -9999 -9999 -9999 -9999 0.355334 0.370429 -9999 -9999
-9999 -9999 -9999 -9999 0.10841 0.101495 0 0 0 0 0 0 0 0.103575 0.110691 0.112179 0.121069 0.126465 0.130729 0.125968 0.12635 0.130655 0.13582 0.140865 0.151222 0.154872 0.169712 0.181214 0.197992 0.215129 0.244123 0.273887 0.302902 0.326527 -9999 -9999 -9999 -9999 -9999 -9999 0.284397 0.275604 0.270976 0.285372 0.276196 0.268186 0.272021 0.290424 -9999 -9999 -9999 -9999 -9999 -9999 -9999 -9999 -9999 -9999 -9999 -9999 -9999 -9999 0.287558 0.303029 0.334845 0.350699 0.359891 0.373484 -9999 -9999
-9999 -9999 -9999 -9999 0.109967 0.101518 0 0 0 0 0 0 0 0.102018 0.104636 0.112578 0.116667 0.127755 0.119566 0.121276 0.125194 0.136411 0.142544 0.161106 0.170873 0.183946 0.173763 0.187417 0.212065 0.241922 0.281714 0.287318 0.300278 0.321693 -9999 -9999 -9999 -9999 -9999 -9999 0.281893 0.272337 0.264726 0.265012 0.27961 0.263955 0.272838 0.28563 0.290912 0.285911 0.285012 0.295675 0.284225 0.284017 0.290866 0.28823 -9999 -9999 -9999 -9999 0.290396 0.28947 0.288369 0.294247 0.328903 0.352212 0.373095 0.376033 -9999 -9999
-9999 -9999 -9999 -9999 0.101301 0 0 0.100815 0 0 0 0.101293 0.103815 0.105673 0.107274 0.110662 0.116891 0.116983 0.118505 0.122797 0.142298 0.165095 0.15804 0.170893 0.203463 0.189782 0.18161 0.196899 0.226304 0.259711 0.277605 0.280834 0.298014 0.317108 -9999 -9999 -9999 0.307211 0.292786 0.292343 0.288692 0.275315 0.265548 0.261102 0.257417 0.26284 0.273794 0.286668 0.300616 0.300374 0.284961 0.283958 0.283265 0.283336 0.290221 0.291305 0.28821 0.28714 0.287684 0.289457 0.289816 0.289046 0.288939 0.294248 0.324279 0.341296 0.351791 0.374162 -9999 -9999
-9999 -9999 -9999 -9999 0.10683 0.10437 0.103132 0.1011 0.103864 0.101869 0.103386 0.103456 0.104841 0.111929 0.108566 0.11015 0.111871 0.114539 0.118152 0.134494 0.156867 0.179635 0.191475 0.19244 0.211592 0.21108 0.202922 0.20992 0.228261 0.258595 0.266132 0.279607 0.307423 0.333433 -9999 -9999 0.337195 0.308678 0.288705 0.278704 0.276116 0.276644 0.263938 0.264216 0.251127 0.259216 0.283762 0.284796 0.299544 0.298518 0.296999 0.298931 0.296284 0.286052 0.287211 0.289817 0.2888 0.289854 0.290844 0.291508 0.293723 0.292232 0.291186 0.293927 0.31571 0.325639 0.338479 0.377586 -9999 -9999
-9999 -9999 -9999 -9999 0.106689 0.103889 0.100329 0.103071 0.101083 0.10459 0.110975 0.105563 0.106485 0.111845 0.115743 0.111362 0.112395 0.113749 0.115671 0.130975 0.148859 0.175635 0.193373 0.207748 0.217787 0.23368 0.231483 0.237486 0.244151 0.245279 0.255615 0.277445 0.294855 0.324571 0.3412 -9999 0.336865 0.324467 0.3004 0.279919 0.267121 0.27262 0.25791 0.256303 0.251038 0.258753 0.275678 0.286174 0.290446 0.296075 0.289774 0.290514 0.293071 0.293208 0.288982 0.290839 0.292208 0.293625 0.29461 0.294935 0.294926 0.294383 0.293774 0.293862 0.30295 0.314177 0.337126 0.37864 -9999 -9999
-9999 -9999 -9999 0.119087 0.10709 0 0 0.100693 0.101743 0.103228 0.105617 0.105876 0.106523 0.1099 0.121203 0.120993 0.119613 0.114207 0.115256 0.117456 0.127785 0.159975 0.174408 0.192394 0.215607 0.231469 0.231582 0.219645 0.224773 0.239902 0.2561 0.279844 0.293182 0.31238 0.346312 0.345151 0.332148 0.322398 0.306113 0.280774 0.263123 0.255605 0.253381 0.249811 0.248468 0.26015 0.272135 0.278809 0.288318 0.293484 0.29805 0.296384 0.299164 0.295322 0.294933 0.293662 0.295405 0.296914 0.297847 0.298059 0.297792 0.297239 0.295977 0.294484 0.294811 0.308167 0.350941 0.37683 -9999 -9999
-9999 -9999 -9999 -9999 0.11049 0.110172 0.113554 0.115664 0.114935 0.113043 0.109685 0.111185 0.108756 0.110178 0.120819 0.131613 0.122931 0.119679 0.116468 0.117167 0.119572 0.147886 0.163757 0.177292 0.199842 0.200547 0.198512 0.202639 0.211226 0.238957 0.266414 0.30013 0.328198 0.332106 0.347573 0.34224 0.334007 0.310608 0.294037 0.287384 0.282659 0.256876 0.251824 0.252274 0.247814 0.259754 0.267228 0.278087 0.280437 0.285746 0.290637 0.314691 0.303547 0.306812 0.298396 0.298231 0.297775 0.299485 0.300412 0.300867 0.300562 0.299733 0.298207 0.297609 0.30053 0.309638 0.356658 0.378268 -9999 -9999
-9999 -9999 -9999 -9999 -9999 -9999 0.118872 0.119562 0.121302 0.120727 0.111834 0.110715 0.110216 0.11137 0.116234 0.127249 0.130112 0.128432 0.138793 0.131166 0.121565 0.123825 0.127757 0.153335 0.171595 0.164911 0.17298 0.194691 0.21282 0.230692 0.262262 0.289158 0.320959 0.345141 0.348175 0.326223 0.307719 0.28395 0.273472 0.279705 0.273144 0.261677 0.248065 0.242609 0.246565 0.259085 0.265671 0.280434 0.274637 0.278694 0.288722 0.298213 0.304621 0.303086 0.304939 0.298856 0.299447 0.30115 0.302374 0.302814 0.302559 0.301641 0.302837 0.302288 0.301778 0.301654 0.350077 0.385935 -9999 -9999
-9999 -9999 -9999 -9999 -9999 -9999 0.128768 0.1311 0.129088 0.116619 0.112661 0.111692 0.11367 0.113356 0.116958 0.126369 0.135844 0.144667 0.156333 0.150769 0.135183 0.127162 0.12861 0.15147 0.147965 0.156357 0.168713 0.195731 0.216954 0.230437 0.26103 0.290357 0.312686 0.34169 0.33275 0.32208 0.307335 0.281287 0.263538 0.256285 0.262919 0.25526 0.239383 0.240957 0.252538 0.254877 0.265827 0.28459 0.274277 0.275146 0.283922 0.288521 0.29796 0.300422 0.300568 0.300307 0.300657 0.302476 0.303738 0.304278 0.303951 0.304042 0.303708 0.303107 0.302686 0.30248 0.333702 0.388024 -9999 -9999
-9999 -9999 -9999 -9999 -9999 -9999 -9999 0.142708 0.132527 0.114679 0.113851 0.116771 0.114092 0.114927 0.119975 0.124091 0.135457 0.150904 0.180717 0.174085 0.159859 0.139318 0.13007 0.134832 0.148177 0.164195 0.196704 0.225877 0.233764 0.242593 0.266193 0.290406 0.314868 0.305512 0.294404 0.281438 0.27484 0.277424 0.262234 0.24981 0.255437 0.245868 0.235068 0.242118 0.247602 0.25324 0.265096 0.269834 0.273953 0.270569 0.28191 0.283822 0.291929 0.296927 0.299247 0.30066 0.301218 0.302993 0.304286 0.304689 0.304907 0.304497 0.304196 0.30386 0.303564 0.303472 0.306173 0.334626 0.352653 -9999
-9999 -9999 -9999 -9999 -9999 -9999 -9999 0.156815 0.15382 0.131883 0.128453 0.119457 0.115169 0.11607 0.124064 0.128483 0.145469 0.151022 0.178591 0.191965 0.182945 0.18896 0.160502 0.13616 0.14889 0.208842 0.233644 0.252806 0.25398 0.258721 0.268587 0.304791 0.316173 0.292931 0.278777 0.267735 0.2592 0.258006 0.258521 0.239046 0.23675 0.231004 0.233485 0.23455 0.246754 0.255838 0.255792 0.26629 0.272115 0.26841 0.282489 0.280116 0.289217 0.296319 0.300737 0.299252 0.301175 0.302774 0.304432 0.30493 0.305171 0.305099 0.304612 0.304368 0.304407 0.304268 0.304575 0.306406 0.322125 0.327782
-9999 -9999 -9999 -9999 -9999 -9999 -9999 -9999 0.178414 0.146322 0.134456 0.128152 0.117768 0.117468 0.122598 0.129847 0.147001 0.162181 0.186946 0.215513 0.23216 0.190134 0.154357 0.13741 0.146784 0.197285 0.220048 0.225548 0.219493 0.23315 0.244453 0.27363 0.28351 0.29548 0.292061 0.276571 0.263461 0.249943 0.240059 0.239482 0.233287 0.230173 0.230987 0.231463 0.234897 0.238751 0.253609 0.251215 0.261478 0.263499 0.270648 0.277715 0.287296 0.297371 0.297668 0.297832 0.299842 0.303251 0.304233 0.30464 0.304856 0.305104 0.305119 0.305007 0.304994 0.305251 0.305474 0.30396 0.305871 0.315583
-9999 -9999 -9999 -9999 -9999 -9999 -9999 -9999 0.196946 0.164847 0.152118 0.132255 0.12379 0.120032 0.121173 0.127185 0.140367 0.160161 0.176921 0.208807 0.242285 0.197867 0.160236 0.140958 0.143128 0.189418 0.182961 0.196054 0.196965 0.217233 0.228048 0.240271 0.254831 0.270018 0.286815 0.29641 0.26476 0.248636 0.235604 0.229648 0.226574 0.225569 0.227704 0.23179 0.248471 0.240299 0.246135 0.251298 0.25703 0.262432 0.268579 0.275017 0.283782 0.288453 0.296064 0.296282 0.301541 0.302812 0.303637 0.304209 0.304624 0.304894 0.30521 0.307603 0.30569 0.306129 0.306651 0.305085 0.305501 0.306386
-9999 -9999 -9999 -9999 -9999 -9999 -9999 -9999 0.24767 0.199209 0.16383 0.144016 0.127676 0.123754 0.122566 0.130642 0.136745 0.151164 0.165044 0.186385 0.21823 0.238746 0.20646 0.158787 0.144911 0.153759 0.158917 0.173056 0.186219 0.191412 0.194649 0.212125 0.231874 0.254344 0.264018 0.272371 0.249127 0.246555 0.248884 0.222789 0.223373 0.225777 0.237219 0.250362 0.25049 0.260133 0.259927 0.272225 0.268738 0.266587 0.268815 0.273818 0.282532 0.288079 0.292097 0.298694 0.300586 0.302079 0.303111 0.303765 0.304252 0.304852 0.305334 0.305633 0.30959 0.310879 0.307892 0.306334 0.306842 0.307704
-9999 -9999 -9999 -9999 -9999 -9999 -9999 -9999 0.248319 0.209835 0.175292 0.154961 0.135043 0.131096 0.124645 0.126763 0.133277 0.146011 0.161945 0.17976 0.207301 0.228463 0.207376 0.176715 0.155631 0.154534 0.159738 0.164055 0.170084 0.176168 0.182432 0.191309 0.204981 0.228311 0.24074 0.257795 0.231885 0.229713 0.234657 0.221885 0.223355 0.244736 0.261728 0.265413 0.258162 0.270034 0.276995 0.285834 0.283446 0.270569 0.28111 0.284668 0.284744 0.287267 0.295769 0.297925 0.299876 0.301365 0.302565 0.303322 0.303893 0.304713 0.305392 0.306102 0.307185 0.312293 0.31385 0.312636 0.30865 0.309455
-9999 -9999 -9999 -9999 -9999 -9999 -9999 -9999 0.24824 0.224332 0.193368 0.162509 0.141155 0.133042 0.127195 0.12796 0.135578 0.14234 0.152723 0.168582 0.180071 0.199294 0.22535 0.187167 0.177797 0.174112 0.173919 0.165991 0.169893 0.178744 0.193397 0.190438 0.197258 0.214258 0.220891 0.230641 0.216803 0.217756 0.219049 0.220713 0.238866 0.263917 0.284445 0.272447 0.27749 0.273992 0.29889 0.287142 0.278277 0.278371 0.290323 0.301079 0.288589 0.296269 0.297056 0.298134 0.299229 0.300976 0.301985 0.303069 0.30394 0.304759 0.305714 0.306696 0.307882 0.309216 0.315586 0.314252 0.315546 0.319871
-9999 -9999 -9999 -9999 -9999 -9999 -9999 -9999 -9999 0.242856 0.202938 0.167123 0.14762 0.135603 0.130131 0.131068 0.135421 0.140371 0.147251 0.159074 0.17385 0.196627 0.214211 0.2064 0.197296 0.203471 0.198523 0.178297 0.173509 0.188027 0.223699 0.213112 0.196881 0.199159 0.202463 0.205716 0.2094 0.212529 0.217988 0.230903 0.268472 0.2769 0.292746 0.292977 0.302552 0.289399 0.300925 0.28803 0.284729 0.286046 0.305365 0.310467 0.305291 0.301293 0.30517 0.303129 0.299103 0.300621 0.301877 0.303151 0.304103 0.305068 0.306166 0.309678 0.311236 0.312891 0.320764 0.319064 0.321705 0.323699
-9999 -9999 -9999 -9999 -9999 -9999 -9999 -9999 -9999 0.252928 0.212965 0.170438 0.157655 0.144664 0.133445 0.134123 0.140448 0.14655 0.15291 0.160153 0.177729 0.195003 0.211756 0.218721 0.217795 0.226196 0.215873 0.188152 0.185055 0.190358 0.23094 0.243073 0.220449 0.201572 0.201602 0.204966 0.230688 0.226708 0.24102 0.260023 0.266169 0.275367 0.293486 0.287437 0.301748 0.299132 0.306318 0.300365 0.299426 0.292064 0.309159 0.317281 0.313251 0.30742 0.309899 0.302959 0.301688 0.302587 0.303917 0.305162 0.306451 0.307635 0.309113 0.310746 0.312546 0.314729 0.317618 0.32935 0.344708 0.345948
-9999 -9999 -9999 -9999 -9999 -9999 -9999 -9999 -9999 0.25001 0.222816 0.185243 0.157605 0.157009 0.143959 0.137655 0.144522 0.152155 0.160012 0.164141 0.183071 0.203876 0.221097 0.241329 0.240093 0.228712 0.215458 0.198148 0.197038 0.203509 0.230644 0.225187 0.210201 0.202969 0.201904 0.205423 0.212079 0.216419 0.227349 0.232812 0.247615 0.270148 0.280128 0.276823 0.30139 0.302359 0.296923 0.311973 0.300955 0.297596 0.318343 0.323921 0.311648 0.306711 0.302489 0.301639 0.302496 0.302418 0.304113 0.305569 0.307044 0.308644 0.310273 0.312321 0.314426 0.318246 0.323044 0.341578 0.353313 0.353417
-9999 -9999 -9999 -9999 -9999 -9999 -9999 -9999 -9999 0.247223 0.222874 0.190502 0.171226 0.168791 0.154256 0.141365 0.143923 0.151841 0.154981 0.163246 0.179387 0.197182 0.216607 0.226836 0.248562 0.230284 0.222898 0.20822 0.202436 0.227119 0.235364 0.225586 0.215793 0.212766 0.202697 0.204183 0.209259 0.226733 0.235921 0.233931 0.23876 0.24628 0.262539 0.265187 0.27675 0.283127 0.289547 0.307662 0.303452 0.30612 0.319026 0.311183 0.306336 0.30399 0.301885 0.303132 0.303309 0.302656 0.304359 0.306105 0.307918 0.309676 0.311744 0.314482 0.317204 0.323144 0.332078 0.346847 0.372543 0.359996
-9999 -9999 -9999 -9999 -9999 -9999 -9999 -9999 -9999 0.254089 0.228073 0.200648 0.189965 0.189215 0.162032 0.145746 0.146735 0.151002 0.155817 0.174536 0.174533 0.179158 0.196591 0.221517 0.248826 0.247659 0.238805 0.219838 0.214185 0.247266 0.256258 0.252129 0.236261 0.222161 0.207346 0.204529 0.210527 0.237 0.265094 0.254082 0.242335 0.24408 0.249833 0.265345 0.271926 0.278341 0.290923 0.313256 0.314693 0.313424 0.315586 0.313138 0.307328 0.302856 0.30854 0.309511 0.304741 0.302873 0.304854 0.306836 0.308724 0.310859 0.313206 0.316955 0.320906 0.326091 0.346004 0.359412 0.37359 0.365013
-9999 -9999 -9999 -9999 -9999 -9999 -9999 -9999 -9999 0.265303 0.246927 0.220809 0.21112 0.19461 0.169026 0.156949 0.151647 0.152737 0.156199 0.165017 0.170662 0.18094 0.198786 0.222879 0.249579 0.267306 0.259745 0.238216 0.237462 0.263776 0.274917 0.263587 0.246331 0.220241 0.205822 0.204869 0.207461 0.2139 0.234773 0.259829 0.261335 0.251251 0.263119 0.276812 0.272881 0.276681 0.289194 0.299245 0.310215 0.323425 0.321657 0.320756 0.313599 0.301275 0.302001 0.305187 0.30125 0.30335 0.305514 0.30752 0.309761 0.312081 0.314605 0.318303 0.323698 0.337956 0.350853 0.367801 0.372502 0.362499
-9999 -9999 -9999 -9999 -9999 -9999 -9999 -9999 -9999 0.282905 0.26099 0.236677 0.213864 0.19221 0.173619 0.173209 0.163741 0.164651 0.159977 0.162291 0.170335 0.178903 0.194141 0.22454 0.250194 0.278118 0.271532 0.247464 0.25661 0.270597 0.295758 0.271441 0.24456 0.220307 0.207626 0.219276 0.209418 0.211495 0.220128 0.235652 0.259156 0.260594 0.279044 0.282057 0.276176 0.276196 0.280543 0.288936 0.303478 0.319184 0.321595 0.323538 0.317335 0.308587 0.299918 0.30082 0.301291 0.303769 0.30621 0.308454 0.310852 0.313559 0.316704 0.320696 0.333209 0.347714 0.35794 0.370979 0.375524 0.355242
