Test_Spring_2018/12_17/Prec/20171204_003.txt
ncols	170
nrows	115
xllcorner	350000.000000
yllcorner	4445000.000000
cellsize	1000.000000
nodata_value	-9999.000000
[rows 33 to 65 of 115, columns 74 to 147 of 170]
0.630017 0.618714 0.60804 0.547712 0.526768 0.520444 0.512335 0.502904 0.49458 0.486824 0.475426 0.461603 0.437029 0.408828 0.401753 0.414266 0.415135 0.418065 0.412062 0.404663 0.39245 0.407119 0.414795 0.397574 0.365384 0.345142 -9999 -9999 -9999 -9999 -9999 -9999 -9999 -9999 -9999 -9999 -9999 -9999 -9999 -9999 -9999 -9999 -9999 -9999 -9999 -9999 -9999 -9999 -9999 -9999 -9999 -9999 -9999 -9999 -9999 -9999 -9999 -9999 -9999 -9999 -9999 -9999 -9999 -9999 -9999 -9999 -9999 -9999 -9999 -9999 -9999 -9999 -9999 -9999
0.611753 0.604575 0.593206 0.520354 0.513659 0.516655 0.509136 0.502274 0.492111 0.483573 0.473461 0.459951 0.442944 0.42377 0.392507 0.410628 0.425365 0.425779 0.4263 0.421557 0.409734 0.423941 0.427224 0.397344 0.35882 0.350062 0.348125 -9999 -9999 -9999 -9999 -9999 -9999 -9999 -9999 -9999 -9999 -9999 -9999 -9999 -9999 -9999 -9999 -9999 -9999 -9999 -9999 -9999 -9999 -9999 -9999 -9999 -9999 -9999 -9999 -9999 -9999 -9999 -9999 -9999 -9999 -9999 -9999 -9999 -9999 -9999 -9999 -9999 -9999 -9999 -9999 -9999 -9999 -9999
0.600791 0.596592 0.585977 0.567115 0.51337 0.508819 0.504799 0.497806 0.487307 0.468647 0.46234 0.458197 0.446066 0.424419 0.403573 0.398045 0.420468 0.427653 0.427711 0.434451 0.424726 0.43272 0.432979 0.419858 0.385805 0.36154 0.356782 0.344541 -9999 -9999 -9999 -9999 -9999 -9999 -9999 -9999 -9999 -9999 -9999 -9999 -9999 -9999 -9999 -9999 -9999 -9999 -9999 -9999 -9999 -9999 -9999 -9999 -9999 -9999 -9999 -9999 -9999 -9999 -9999 -9999 -9999 -9999 -9999 -9999 -9999 -9999 -9999 -9999 -9999 -9999 -9999 -9999 -9999 -9999
0.586442 0.575562 0.556175 0.55749 0.507438 0.503558 0.500029 0.492668 0.477231 0.467256 0.462216 0.452306 0.438612 0.429846 0.416338 0.403098 0.408422 0.428346 0.421452 0.436784 0.43788 0.442765 0.436317 0.400654 0.375878 0.355626 0.351364 0.341569 -9999 -9999 -9999 -9999 -9999 -9999 -9999 -9999 -9999 -9999 -9999 -9999 -9999 -9999 -9999 -9999 -9999 -9999 -9999 -9999 -9999 -9999 -9999 -9999 -9999 -9999 -9999 -9999 -9999 -9999 -9999 -9999 -9999 -9999 -9999 -9999 -9999 -9999 -9999 -9999 -9999 -9999 -9999 -9999 -9999 -9999
-9999 0.57085 0.549694 0.550228 0.501364 0.495362 0.49373 0.486131 0.475834 0.467264 0.458476 0.449537 0.438413 0.427455 0.414787 0.413581 0.426331 0.427784 0.427082 0.431283 0.439966 0.440917 0.421409 0.387667 0.377301 0.340168 0.331313 0.334233 0.327842 -9999 -9999 -9999 -9999 -9999 -9999 -9999 -9999 -9999 -9999 -9999 -9999 0.34201 -9999 -9999 -9999 -9999 -9999 -9999 -9999 -9999 -9999 -9999 -9999 -9999 -9999 -9999 -9999 -9999 -9999 -9999 -9999 -9999 0.141322 -9999 -9999 -9999 -9999 -9999 -9999 -9999 -9999 -9999 -9999 -9999
0.587442 0.560563 0.553872 0.548702 0.540259 0.48882 0.487379 0.479131 0.469176 0.459889 0.448231 0.442411 0.434671 0.422966 0.420129 0.424245 0.42709 0.430886 0.434428 0.436033 0.436355 0.435989 0.410187 0.4016 0.396404 0.37099 0.352 0.342318 0.326397 0.313827 -9999 -9999 -9999 -9999 -9999 -9999 -9999 0.340378 0.337583 0.335209 0.335729 0.342295 0.331737 -9999 -9999 -9999 -9999 -9999 -9999 -9999 -9999 -9999 -9999 -9999 -9999 -9999 -9999 -9999 -9999 -9999 -9999 -9999 0.149055 0.127597 -9999 -9999 -9999 -9999 -9999 -9999 -9999 -9999 -9999 -9999
0.565411 0.560832 0.551225 0.54482 0.534856 0.485583 0.478199 0.471471 0.462755 0.452519 0.441932 0.43737 0.42772 0.422378 0.419297 0.425185 0.42775 0.427881 0.428029 0.42884 0.425445 0.427976 0.410223 0.405835 0.396589 0.38659 0.358887 0.337197 0.315526 0.297878 -9999 -9999 -9999 -9999 -9999 -9999 0.33999 0.347037 0.350144 0.336499 0.34267 0.347378 0.341447 0.311484 -9999 -9999 -9999 -9999 -9999 -9999 -9999 -9999 -9999 -9999 -9999 -9999 -9999 -9999 0.236603 0.217649 0.183855 0.162959 0.146997 0.126541 -9999 -9999 -9999 -9999 -9999 -9999 -9999 -9999 -9999 -9999
0.56215 0.558379 0.550376 0.540957 0.526143 0.473235 0.471727 0.462814 0.453474 0.444965 0.43764 0.427107 0.421356 0.411103 0.418901 0.419589 0.419628 0.414444 0.414453 0.404369 0.402191 0.387356 0.402306 0.396526 0.380892 0.360251 0.326083 0.32312 0.315374 0.299697 -9999 -9999 -9999 -9999 -9999 -9999 0.339723 0.347429 0.353105 0.351589 0.337324 0.348573 0.328428 0.313275 0.304236 0.30381 0.299765 0.289468 0.278878 0.27445 0.264416 0.262975 -9999 -9999 -9999 -9999 0.245159 0.241991 0.238264 0.227693 0.191462 0.16402 0.137738 0.110476 -9999 -9999 -9999 -9999 -9999 -9999 -9999 -9999 -9999 -9999
0.56783 0.559347 0.546552 0.530265 0.518529 0.465286 0.462808 0.443943 0.434274 0.426262 0.419731 0.413076 0.405491 0.404732 0.404265 0.402837 0.3896 0.374584 0.386045 0.388849 0.359894 0.377564 0.391405 0.38477 0.365518 0.342207 0.327245 0.326894 0.315727 0.291733 -9999 -9999 -9999 0.307694 0.320512 0.320798 0.323346 0.333776 0.340646 0.353314 0.354674 0.349671 0.325979 0.310565 0.293884 0.289177 0.29743 0.293373 0.278403 0.27391 0.264121 0.25352 0.25376 0.252476 0.249803 0.245828 0.242576 0.23958 0.235125 0.225009 0.198266 0.176042 0.158337 0.10749 -9999 -9999 -9999 -9999 -9999 -9999 -9999 -9999 -9999 -9999
0.559125 0.549522 0.537514 0.514077 0.497071 0.484188 0.435765 0.435061 0.425543 0.412334 0.409519 0.404039 0.400148 0.397195 0.395143 0.383746 0.368565 0.354204 0.350125 0.348606 0.33923 0.346253 0.360271 0.370376 0.349297 0.328954 0.327682 0.316975 0.296219 0.277689 -9999 -9999 0.281721 0.307277 0.324848 0.333237 0.33468 0.332904 0.341992 0.339453 0.347966 0.339107 0.304641 0.299059 0.293174 0.288892 0.275806 0.269505 0.269697 0.263469 0.259548 0.254991 0.254014 0.251511 0.249057 0.246585 0.242193 0.240138 0.236653 0.228736 0.203227 0.186697 0.154647 0.10331 -9999 -9999 -9999 -9999 -9999 -9999 -9999 -9999 -9999 -9999
0.546389 0.536226 0.525482 0.508431 0.494936 0.475698 0.424172 0.418851 0.416569 0.404178 0.394608 0.39391 0.390453 0.388665 0.388287 0.378166 0.367361 0.350175 0.34171 0.330109 0.329146 0.313783 0.322409 0.323997 0.324911 0.330369 0.335528 0.318369 0.3085 0.285993 0.275234 -9999 0.28365 0.295463 0.316537 0.333799 0.343776 0.337405 0.347832 0.346494 0.348971 0.338744 0.310963 0.288259 0.279334 0.269576 0.270526 0.27485 0.270358 0.266226 0.257905 0.254506 0.252067 0.249879 0.248046 0.246423 0.244395 0.241836 0.238115 0.23244 0.217626 0.18992 0.159681 0.105708 -9999 -9999 -9999 -9999 -9999 -9999 -9999 -9999 -9999 -9999
0.545111 0.538142 0.523618 0.507145 0.48998 0.472288 0.42648 0.413285 0.403537 0.398362 0.381989 0.377421 0.375917 0.379985 0.380564 0.382052 0.378205 0.356919 0.346354 0.331758 0.318701 0.312278 0.319383 0.336882 0.339652 0.333654 0.326458 0.309015 0.31041 0.298706 0.272451 0.276562 0.289942 0.299608 0.313983 0.33527 0.349146 0.35359 0.352849 0.353683 0.351205 0.329072 0.305419 0.293739 0.279937 0.270332 0.261836 0.259386 0.255322 0.262719 0.259998 0.252603 0.250431 0.248782 0.247595 0.246604 0.245222 0.242951 0.239906 0.235526 0.22075 0.199404 0.152381 0.112012 -9999 -9999 -9999 -9999 -9999 -9999 -9999 -9999 -9999 -9999
0.541393 0.527911 0.509676 0.491382 0.474833 0.459087 0.419011 0.406473 0.398685 0.387616 0.375696 0.361471 0.366168 0.368438 0.372848 0.375902 0.379226 0.353868 0.346075 0.341034 0.328822 0.335851 0.345176 0.349297 0.349572 0.333283 0.317004 0.291851 0.274941 0.278015 0.273966 0.281241 0.2908 0.312335 0.32695 0.332028 0.334513 0.354263 0.356233 0.346622 0.345126 0.329245 0.309287 0.29352 0.285508 0.275562 0.266712 0.242228 0.250195 0.245055 0.250836 0.254122 0.249512 0.24826 0.247621 0.246897 0.245916 0.244114 0.241373 0.2313 0.220198 0.202313 0.15055 0.11339 -9999 -9999 -9999 -9999 -9999 -9999 -9999 -9999 -9999 -9999
-9999 -9999 0.503363 0.485662 0.466316 0.44874 0.414049 0.403384 0.393635 0.384159 0.373391 0.360255 0.35501 0.355978 0.348839 0.357925 0.36839 0.371432 0.373972 0.358675 0.350606 0.363912 0.364795 0.354108 0.346558 0.339188 0.319891 0.301345 0.281868 0.268155 0.2716 0.295293 0.315618 0.337617 0.346998 0.340863 0.344654 0.34952 0.356548 0.355795 0.346445 0.329482 0.310066 0.29051 0.289195 0.28016 0.266873 0.255014 0.248028 0.247359 0.244742 0.249748 0.249587 0.24828 0.247831 0.247496 0.246752 0.245191 0.237279 0.2308 0.22243 0.21208 0.15864 0.108872 -9999 -9999 -9999 -9999 -9999 -9999 -9999 -9999 -9999 -9999
-9999 -9999 0.493448 0.473978 0.457489 0.449771 0.411264 0.400323 0.388347 0.380078 0.37038 0.357755 0.347336 0.339317 0.330247 0.337603 0.354812 0.366608 0.371191 0.358148 0.368779 0.369141 0.366408 0.351302 0.341314 0.338023 0.319957 0.299875 0.289071 0.271756 0.285999 0.30043 0.31686 0.341592 0.357233 0.362088 0.3538 0.356333 0.364814 0.357484 0.341047 0.332338 0.308954 0.285632 0.28799 0.281613 0.269443 0.261943 0.252534 0.248779 0.248031 0.248462 0.248925 0.248344 0.247973 0.247796 0.247281 0.243716 0.238983 0.232422 0.223776 0.213246 0.174293 0.108445 -9999 -9999 -9999 -9999 -9999 -9999 -9999 -9999 -9999 -9999
-9999 -9999 -9999 0.462859 0.453376 0.450298 0.409288 0.395113 0.387261 0.378128 0.367299 0.359313 0.34717 0.333508 0.309014 0.317166 0.333021 0.355341 0.368855 0.371098 0.367051 0.360676 0.340505 0.323501 0.325014 0.325851 0.314012 0.298616 0.28635 0.302394 0.318887 0.335631 0.345319 0.345383 0.358931 0.368382 0.360651 0.364515 0.368259 0.355821 0.344231 0.33234 0.308 0.296547 0.286423 0.283718 0.269456 0.264461 0.256413 0.250805 0.248537 0.247871 0.248464 0.248174 0.248055 0.24805 0.246823 0.244208 0.239417 0.232574 0.223754 0.213053 0.198536 0.154879 0.124903 -9999 -9999 -9999 -9999 -9999 -9999 -9999 -9999 -9999
-9999 -9999 -9999 0.450186 0.434869 0.435704 0.396859 0.393276 0.387139 0.378242 0.365112 0.356318 0.339328 0.334299 0.31139 0.302625 0.313707 0.312838 0.342444 0.369264 0.365369 0.320876 0.307019 0.298383 0.30551 0.309793 0.309772 0.284062 0.283202 0.311388 0.330727 0.346037 0.35757 0.360661 0.360865 0.376098 0.375481 0.375876 0.367989 0.360467 0.342896 0.327878 0.313664 0.297254 0.285722 0.283417 0.266982 0.265895 0.257221 0.250086 0.246282 0.248337 0.247935 0.247904 0.247062 0.247139 0.245905 0.242845 0.238204 0.231313 0.222282 0.211744 0.199449 0.178825 0.151062 0.131754 0.122364 -9999 -9999 -9999 -9999 -9999 -9999 -9999
-9999 -9999 -9999 -9999 0.414344 0.424639 0.392709 0.387376 0.386986 0.379551 0.364992 0.356053 0.339867 0.326487 0.305822 0.282704 0.272732 0.312665 0.348026 0.367933 0.366406 0.329514 0.316939 0.319634 0.332638 0.328998 0.327553 0.307552 0.307933 0.305868 0.316032 0.335643 0.349464 0.363942 0.373118 0.372124 0.373955 0.373466 0.366968 0.35992 0.349878 0.339386 0.312368 0.307203 0.292057 0.285055 0.274814 0.265855 0.256984 0.247515 0.247423 0.248169 0.24773 0.244389 0.245099 0.24511 0.243766 0.240678 0.235263 0.228379 0.219614 0.209049 0.19722 0.179817 0.164439 0.142177 0.117172 0 -9999 -9999 -9999 -9999 -9999 -9999
-9999 -9999 -9999 -9999 0.399634 0.410921 0.379149 0.38618 0.379795 0.37341 0.368517 0.360729 0.347936 0.330468 0.316462 0.290189 0.263184 0.301454 0.343513 0.36478 0.368273 0.33494 0.346882 0.342509 0.349035 0.339281 0.337881 0.331815 0.327915 0.322892 0.316089 0.310351 0.342354 0.359047 0.370957 0.374661 0.373929 0.369763 0.365788 0.355056 0.333822 0.333885 0.314735 0.303405 0.292475 0.282875 0.273775 0.265598 0.257609 0.252932 0.246628 0.242806 0.240458 0.241441 0.242033 0.241678 0.24 0.236813 0.231897 0.227307 0.215628 0.205389 0.193896 0.17705 0.163726 0.149829 0.134261 0.102695 0 0 0 -9999 -9999 -9999
-9999 -9999 -9999 -9999 0.357606 0.384091 0.363938 0.372458 0.374084 0.372456 0.369757 0.360266 0.353508 0.340497 0.328708 0.311153 0.285141 0.269398 0.296519 0.340279 0.365788 0.364009 0.365303 0.359393 0.354786 0.357417 0.362 0.350523 0.342061 0.330531 0.324113 0.32311 0.34768 0.352631 0.351358 0.372495 0.368848 0.362066 0.346331 0.333897 0.327189 0.311674 0.297947 0.280944 0.278354 0.27561 0.270183 0.26347 0.255651 0.24242 0.240503 0.236626 0.237068 0.237508 0.237594 0.236904 0.234997 0.231484 0.226525 0.220235 0.214523 0.205171 0.189857 0.173646 0.161198 0.148292 0.135482 0.120431 0.104462 0 0 0 -9999 -9999
-9999 -9999 -9999 -9999 0.352563 0.335064 0.355724 0.358266 0.369458 0.36815 0.370143 0.365814 0.358626 0.346878 0.333044 0.31816 0.295425 0.278655 0.298689 0.323751 0.344883 0.350737 0.361902 0.363742 0.364587 0.365347 0.366959 0.36185 0.357925 0.338815 0.334965 0.326034 0.352579 0.357025 0.353509 0.363363 0.359265 0.336611 0.316631 0.307384 0.313766 0.297354 0.277334 0.264004 0.260953 0.267832 0.244714 0.240137 0.240418 0.238796 0.232655 0.232442 0.232434 0.232476 0.232059 0.231014 0.228895 0.225206 0.220257 0.213966 0.206156 0.19993 0.189831 0.173953 0.15803 0.146268 0.134497 0.122484 0.103787 0 0 0 0 -9999
-9999 -9999 -9999 -9999 0.355694 0.323102 0.341458 0.352565 0.365381 0.367913 0.369518 0.366363 0.358124 0.351306 0.341955 0.328398 0.319045 0.303486 0.282516 0.317253 0.323492 0.331167 0.333408 0.345113 0.347425 0.346161 0.345097 0.354954 0.348922 0.341127 0.341586 0.338383 0.354163 0.355717 0.355327 0.352962 0.334893 0.309596 0.2872 0.29212 0.28212 0.28664 0.251657 0.24445 0.24707 0.24314 0.231859 0.221189 0.232074 0.22593 0.226202 0.226536 0.226847 0.226263 0.225668 0.224105 0.221636 0.218025 0.213099 0.207013 0.199723 0.191417 0.184738 0.169623 0.158824 0.14087 0.129733 0.115733 0.10592 0 0 0 0 0
-9999 -9999 -9999 -9999 -9999 0.306585 0.322914 0.347304 0.358747 0.36478 0.366125 0.362786 0.357214 0.351713 0.345041 0.334541 0.321895 0.302769 0.288541 0.296628 0.301198 0.300284 0.308 0.32957 0.338568 0.331591 0.299392 0.308095 0.329096 0.333923 0.337253 0.33966 0.34803 0.347474 0.343481 0.331639 0.297275 0.278535 0.260176 0.254601 0.240738 0.253902 0.230563 0.236404 0.23485 0.230309 0.211335 0.205973 0.210368 0.214063 0.211508 0.214281 0.220059 0.219299 0.218194 0.216287 0.213721 0.210132 0.205413 0.19576 0.1885 0.180366 0.173698 0.159001 0.147741 0.136838 0.125321 0.117601 0.108699 0 0 0 0 0
-9999 -9999 -9999 -9999 -9999 0.285749 0.313121 0.343637 0.349539 0.35652 0.362808 0.359604 0.352174 0.345459 0.338965 0.332096 0.316711 0.301951 0.288038 0.282985 0.28522 0.276269 0.288023 0.315362 0.32215 0.322259 0.276532 0.272072 0.297519 0.31952 0.324755 0.326316 0.307594 0.313122 0.301547 0.284544 0.277289 0.266304 0.246811 0.247545 0.23056 0.228194 0.217131 0.217743 0.214757 0.218103 0.201292 0.193109 0.196832 0.201916 0.200269 0.206898 0.208595 0.20812 0.206747 0.204736 0.201851 0.198161 0.193324 0.187511 0.180803 0.173125 0.164318 0.155143 0.125967 0.116943 0.112218 0.107591 0 0 0 0 0 0
-9999 -9999 -9999 -9999 -9999 0.285875 0.302649 0.329167 0.347981 0.344357 0.352175 0.354852 0.34678 0.33853 0.330499 0.326033 0.309191 0.291081 0.276417 0.259571 0.261621 0.272879 0.282495 0.300259 0.30462 0.302925 0.266952 0.276604 0.294474 0.305488 0.310776 0.311461 0.308577 0.306645 0.29792 0.292754 0.278502 0.256702 0.244993 0.244253 0.219371 0.214817 0.216029 0.198999 0.205245 0.205566 0.18586 0.180822 0.190805 0.194961 0.19882 0.199916 0.199479 0.199585 0.197728 0.195496 0.192569 0.188811 0.18431 0.178778 0.1726 0.164442 0.155035 0.133508 0.116565 0.109717 0.10839 0.106527 0 0 0 0 0 0
-9999 -9999 -9999 -9999 -9999 0.285171 0.299746 0.321943 0.333626 0.331558 0.340557 0.348747 0.344191 0.335486 0.331282 0.323025 0.308332 0.292543 0.275692 0.267104 0.249028 0.265741 0.26942 0.284344 0.292045 0.255808 0.252576 0.264992 0.277431 0.283896 0.296068 0.297786 0.295731 0.282207 0.274918 0.276341 0.271071 0.262774 0.246418 0.241397 0.228555 0.220195 0.211992 0.193306 0.19425 0.189785 0.178624 0.183751 0.187345 0.189151 0.190988 0.190039 0.189951 0.190366 0.18841 0.185963 0.182932 0.179388 0.175026 0.169571 0.163673 0.154624 0.142691 0.125504 0 0.103229 0.109091 0.102978 0 0 0 0 0 0
-9999 -9999 -9999 -9999 -9999 0.275485 0.2916 0.309574 0.313833 0.310216 0.329937 0.340868 0.337468 0.331702 0.325862 0.30843 0.307412 0.302732 0.28736 0.265867 0.242655 0.244249 0.255509 0.266407 0.273366 0.228631 0.223924 0.230593 0.24734 0.262434 0.277876 0.282611 0.279258 0.257706 0.234104 0.243444 0.252798 0.250024 0.243392 0.228099 0.220346 0.212741 0.199963 0.172319 0.175186 0.174479 0.172307 0.173522 0.177957 0.1815 0.176488 0.175592 0.179583 0.180926 0.17871 0.176162 0.173311 0.169843 0.165792 0.160162 0.154028 0.146553 0.126196 0.111254 0 0 0.100706 0 0 0 0 0 0 0
-9999 -9999 -9999 -9999 -9999 0.261423 0.270937 0.287693 0.290954 0.300703 0.318853 0.325965 0.327776 0.32456 0.319721 0.310652 0.304643 0.294963 0.279066 0.258078 0.235113 0.220115 0.227094 0.242054 0.237253 0.204263 0.196928 0.208945 0.226024 0.250584 0.264921 0.267408 0.266499 0.261875 0.244408 0.222904 0.22122 0.229132 0.217896 0.204894 0.206929 0.202306 0.190261 0.180462 0.169196 0.158968 0.157985 0.15802 0.163642 0.173873 0.173004 0.170067 0.173224 0.1711 0.168761 0.166347 0.163486 0.160296 0.156672 0.151795 0.145241 0.130887 0.11755 0.100614 0 0 0 0 0 0 0 0 0 0
-9999 -9999 -9999 -9999 -9999 0.241296 0.253665 0.268647 0.282939 0.296854 0.308748 0.30561 0.310806 0.307588 0.309622 0.306052 0.297911 0.289626 0.275875 0.249326 0.22705 0.202992 0.208732 0.233328 0.198565 0.188028 0.167909 0.19029 0.214824 0.237009 0.249123 0.240164 0.249489 0.248336 0.241314 0.228135 0.207874 0.206376 0.190097 0.186958 0.191383 0.190701 0.186305 0.178472 0.159528 0.153453 0.148661 0.146402 0.151246 0.158364 0.165476 0.164398 0.163689 0.161222 0.158719 0.156294 0.153623 0.150564 0.147003 0.142591 0.130744 0.117086 0.10702 0 0 0 0 0 0 0 0 0 0 0
-9999 -9999 -9999 -9999 -9999 -9999 0.243185 0.258488 0.268516 0.266826 0.276488 0.279959 0.282327 0.280458 0.295888 0.294783 0.289137 0.281626 0.269948 0.249771 0.23563 0.212594 0.195928 0.191132 0.165601 0.172019 0.170655 0.180581 0.203656 0.227564 0.230087 0.214707 0.216558 0.219154 0.225488 0.220897 0.194088 0.179615 0.167089 0.172753 0.178551 0.177987 0.175641 0.171164 0.151597 0.141511 0.148538 0.152863 0.1512 0.154818 0.156802 0.15525 0.153518 0.150991 0.148571 0.146077 0.143293 0.140552 0.13665 0.131017 0.118778 0 0 0 0 0 0 0 0 0 0 0 0 0
-9999 -9999 -9999 -9999 -9999 -9999 0.226389 0.24474 0.242766 0.235566 0.220819 0.219899 0.248605 0.251922 0.266718 0.281244 0.278686 0.271623 0.260968 0.248947 0.230664 0.204962 0.184384 0.146676 0.169348 0.178862 0.183265 0.189898 0.203618 0.205846 0.189817 0.17467 0.182134 0.186303 0.204217 0.206763 0.202156 0.185628 0.166704 0.15598 0.165057 0.164442 0.16274 0.16024 0.149646 0.132578 0.143833 0.146854 0.147879 0.146896 0.147944 0.145902 0.143304 0.140898 0.138272 0.13567 0.132728 0.129765 0.124119 0.11769 0.100093 0 0 0 0 0 0 0 0 0 0 0 0 0
-9999 -9999 -9999 -9999 -9999 -9999 -9999 -9999 -9999 -9999 -9999 0.204321 0.207112 0.228151 0.245831 0.267225 0.266234 0.260488 0.254137 0.237082 0.218309 0.214931 0.186886 0.143388 0.164044 0.168777 0.1794 0.182687 0.186496 0.17925 0.165135 0.146001 0.154399 0.17208 0.191006 0.190174 0.190103 0.181399 0.169063 0.142365 0.152194 0.15113 0.150689 0.148181 0.129241 0.124805 0.135781 0.132362 0.135854 0.140585 0.138592 0.136124 0.133465 0.130746 0.127828 0.125053 0.122179 0.119023 0.115068 0.108706 0 0 0 0 0 0 0 0 0 0 0 0 0 0
-9999 -9999 -9999 -9999 -9999 -9999 -9999 -9999 -9999 -9999 -9999 0.166614 0.160343 0.209182 0.229129 0.248489 0.25143 0.245967 0.238891 0.230301 0.220151 0.205012 0.152116 0.133584 0.154328 0.156323 0.161928 0.160242 0.149208 0.147069 0.131538 0.121001 0.139188 0.156314 0.172803 0.175476 0.173768 0.1719 0.149263 0.130809 0.133103 0.134598 0.138754 0.128326 0.117787 0.119592 0.127715 0.130987 0.132067 0.131288 0.129574 0.126409 0.123451 0.120487 0.117233 0.114312 0.11165 0.108877 0.106262 0.101539 0 0 0 0 0 0 0 0 0 0 0 0 0 0
