Test_Spring_2018/12_17/Prec/20171228_011.txt
ncols	170
nrows	115
xllcorner	350000.000000
yllcorner	4445000.000000
cellsize	1000.000000
nodata_value	-9999.000000
[rows 31 to 61 of 115, columns 70 to 139 of 170]
0.716489 0.723437 0.722282 0.707499 0.70209 0.713485 0.701501 0.694664 0.646325 0.640602 0.627145 0.62065 0.609995 0.593756 0.586 0.559848 0.47909 0.501051 0.509705 0.486833 0.50035 0.522306 0.505283 0.452542 0.430908 0.395171 0.407219 0.393539 0.365427 -9999 -9999 -9999 -9999 -9999 -9999 -9999 -9999 -9999 -9999 -9999 -9999 -9999 -9999 -9999 -9999 -9999 -9999 -9999 -9999 -9999 -9999 -9999 -9999 -9999 -9999 -9999 -9999 -9999 -9999 -9999 -9999 -9999 -9999 -9999 -9999 -9999 -9999 -9999 -9999 -9999
0.719297 0.719291 0.712898 0.698441 0.705275 0.71088 0.683545 0.67075 0.645934 0.642442 0.632455 0.613679 0.605264 0.597011 0.591488 0.569765 0.511801 0.459855 0.48715 0.487962 0.469449 0.504389 0.487487 0.441849 0.377072 0.414892 0.407383 0.355732 0.351153 -9999 -9999 -9999 -9999 -9999 -9999 -9999 -9999 -9999 -9999 -9999 -9999 -9999 -9999 -9999 -9999 -9999 -9999 -9999 -9999 -9999 -9999 -9999 -9999 -9999 -9999 -9999 -9999 -9999 -9999 -9999 -9999 -9999 -9999 -9999 -9999 -9999 -9999 -9999 -9999 -9999
0.70307 0.711693 0.701444 0.691857 0.705122 0.698433 0.687969 0.676198 0.644445 0.643532 0.637783 0.628049 0.619571 0.611074 0.593186 0.568591 0.518865 0.459824 0.446337 0.475057 0.47688 0.482234 0.466845 0.447494 0.416709 0.44479 0.456834 0.425646 0.387715 0.359759 -9999 -9999 -9999 -9999 -9999 -9999 -9999 -9999 -9999 -9999 -9999 -9999 -9999 -9999 -9999 -9999 -9999 -9999 -9999 -9999 -9999 -9999 -9999 -9999 -9999 -9999 -9999 -9999 -9999 -9999 -9999 -9999 -9999 -9999 -9999 -9999 -9999 -9999 -9999 -9999
0.680697 0.699742 0.687321 0.662654 0.668309 0.670892 0.675593 0.623584 0.622523 0.642324 0.638012 0.634142 0.621797 0.611787 0.596966 0.573263 0.540475 0.501571 0.434637 0.475882 0.508529 0.508446 0.507697 0.4945 0.464958 0.492524 0.495497 0.460373 0.409005 0.38504 0.376494 -9999 -9999 -9999 -9999 -9999 -9999 -9999 -9999 -9999 -9999 -9999 -9999 -9999 -9999 -9999 -9999 -9999 -9999 -9999 -9999 -9999 -9999 -9999 -9999 -9999 -9999 -9999 -9999 -9999 -9999 -9999 -9999 -9999 -9999 -9999 -9999 -9999 -9999 -9999
-9999 0.68291 0.670906 0.642203 0.64802 0.657575 0.670702 0.637813 0.629626 0.63315 0.637055 0.633369 0.620749 0.588754 0.582732 0.580076 0.558296 0.51404 0.470215 0.459062 0.508672 0.523518 0.521713 0.533985 0.509229 0.523313 0.520021 0.512765 0.465451 0.424143 0.410274 0.380355 -9999 -9999 -9999 -9999 -9999 -9999 -9999 -9999 -9999 -9999 -9999 -9999 -9999 -9999 -9999 -9999 -9999 -9999 -9999 -9999 -9999 -9999 -9999 -9999 -9999 -9999 -9999 -9999 -9999 -9999 -9999 -9999 -9999 -9999 -9999 -9999 -9999 -9999
-9999 -9999 -9999 -9999 0.620572 0.632979 0.606502 0.623251 0.624764 0.630567 0.636359 0.632637 0.609805 0.597684 0.594994 0.579954 0.554951 0.539309 0.511683 0.483285 0.49478 0.537562 0.520095 0.551195 0.550306 0.557548 0.539613 0.504869 0.454953 0.423862 0.411809 0.388093 -9999 -9999 -9999 -9999 -9999 -9999 -9999 -9999 -9999 -9999 -9999 -9999 -9999 -9999 -9999 -9999 -9999 -9999 -9999 -9999 -9999 -9999 -9999 -9999 -9999 -9999 -9999 -9999 -9999 -9999 -9999 -9999 -9999 -9999 -9999 -9999 -9999 -9999
-9999 -9999 -9999 -9999 -9999 0.627611 0.598671 0.622637 0.620012 0.622261 0.633379 0.630201 0.619728 0.611558 0.601235 0.588813 0.569757 0.549297 0.523372 0.521301 0.548803 0.550178 0.545923 0.551924 0.567503 0.565846 0.541924 0.487455 0.462095 0.401442 0.379747 0.384783 0.369864 -9999 -9999 -9999 -9999 -9999 -9999 -9999 -9999 -9999 -9999 -9999 -9999 0.453809 -9999 -9999 -9999 -9999 -9999 -9999 -9999 -9999 -9999 -9999 -9999 -9999 -9999 -9999 -9999 -9999 -9999 -9999 -9999 -9999 0.395424 -9999 -9999 -9999
-9999 -9999 -9999 -9999 0.63215 0.606114 0.614881 0.627663 0.624229 0.618276 0.631257 0.627991 0.619484 0.610748 0.594867 0.589886 0.578578 0.556442 0.552011 0.561239 0.566162 0.572 0.576402 0.575968 0.572458 0.567477 0.550767 0.529046 0.5154 0.46398 0.436634 0.414177 0.378599 0.351091 -9999 -9999 -9999 -9999 -9999 -9999 -9999 0.431096 0.430745 0.432555 0.442153 0.466604 0.454614 -9999 -9999 -9999 -9999 -9999 -9999 -9999 -9999 -9999 -9999 -9999 -9999 -9999 -9999 -9999 -9999 -9999 -9999 -9999 0.42131 0.393183 -9999 -9999
-9999 -9999 -9999 -9999 0.599006 0.612482 0.616235 0.628021 0.632309 0.622136 0.62368 0.625381 0.621039 0.611388 0.598778 0.597165 0.581868 0.57373 0.568359 0.580855 0.584315 0.58109 0.577007 0.573898 0.561364 0.562184 0.560893 0.548428 0.52592 0.50254 0.461645 0.41285 0.364821 0.32634 -9999 -9999 -9999 -9999 -9999 -9999 0.435945 0.456122 0.468672 0.445454 0.467646 0.488251 0.486993 0.480501 -9999 -9999 -9999 -9999 -9999 -9999 -9999 -9999 -9999 -9999 -9999 -9999 -9999 -9999 0.563946 0.533946 0.472719 0.442011 0.424373 0.398963 -9999 -9999
-9999 -9999 -9999 -9999 0.596199 0.612668 0.621626 0.628743 0.624538 0.620466 0.62271 0.621385 0.617251 0.612737 0.608327 0.594094 0.587642 0.568454 0.586655 0.586823 0.583667 0.567526 0.561962 0.533608 0.52278 0.52329 0.552725 0.536991 0.500308 0.453471 0.393053 0.390223 0.373161 0.339165 -9999 -9999 -9999 -9999 -9999 -9999 0.443442 0.464896 0.483048 0.486746 0.463918 0.499473 0.509275 0.493058 0.491728 0.510434 0.521638 0.523698 0.543911 0.552297 0.546735 0.558491 -9999 -9999 -9999 -9999 0.571802 0.573697 0.575172 0.562917 0.495776 0.450432 0.410214 0.410685 -9999 -9999
-9999 -9999 -9999 -9999 0.612762 0.620107 0.620278 0.614411 0.619519 0.613564 0.616664 0.618369 0.613155 0.609245 0.606033 0.599823 0.588798 0.590222 0.589838 0.585194 0.552668 0.514923 0.534988 0.512865 0.461373 0.510654 0.537179 0.519257 0.474419 0.421663 0.403459 0.405715 0.381064 0.352963 -9999 -9999 -9999 0.389847 0.420207 0.423725 0.433361 0.461769 0.4838 0.496341 0.508499 0.513065 0.509544 0.49408 0.477295 0.488071 0.528076 0.540781 0.554717 0.563677 0.55904 0.570824 0.582624 0.58939 0.591807 0.590597 0.590873 0.592283 0.591686 0.580361 0.515507 0.481645 0.460828 0.429402 -9999 -9999
-9999 -9999 -9999 -9999 0.601377 0.606609 0.609233 0.620806 0.61514 0.61814 0.608055 0.612945 0.609377 0.594964 0.600658 0.597387 0.594536 0.590779 0.586291 0.558762 0.520987 0.483679 0.468317 0.476215 0.449258 0.472877 0.499984 0.494769 0.475326 0.428822 0.425044 0.414064 0.368272 0.325759 -9999 -9999 0.333102 0.390432 0.430965 0.452262 0.459497 0.461145 0.48859 0.492173 0.522219 0.520677 0.49081 0.498388 0.482964 0.496386 0.520704 0.528314 0.555278 0.575233 0.581612 0.584265 0.592618 0.595655 0.597334 0.598146 0.594631 0.597017 0.597728 0.590785 0.547557 0.527232 0.50749 0.437723 -9999 -9999
-9999 -9999 -9999 -9999 0.607741 0.614088 0.621387 0.616181 0.619474 0.612717 0.593406 0.602755 0.604396 0.592694 0.583998 0.591557 0.589588 0.588038 0.586637 0.56113 0.532125 0.487587 0.461547 0.444312 0.435487 0.432355 0.448923 0.449837 0.449193 0.458555 0.44795 0.421393 0.396944 0.346509 0.320793 -9999 0.337331 0.363627 0.411517 0.452301 0.478538 0.470384 0.501429 0.50855 0.530086 0.522604 0.507428 0.507967 0.511208 0.512353 0.536473 0.550791 0.568264 0.578035 0.587496 0.592171 0.596405 0.598985 0.600712 0.602026 0.602445 0.602612 0.602006 0.599614 0.580088 0.561765 0.517335 0.442506 -9999 -9999
-9999 -9999 -9999 0.577435 0.607185 0.622138 0.622909 0.621044 0.618391 0.614342 0.602949 0.601636 0.598858 0.594119 0.570767 0.569873 0.572076 0.583102 0.583233 0.58271 0.568305 0.51385 0.4953 0.475265 0.442442 0.435191 0.448328 0.484298 0.487426 0.470903 0.451504 0.420999 0.403591 0.374513 0.314835 0.321609 0.349677 0.370552 0.403184 0.452743 0.487783 0.504047 0.511107 0.526658 0.535318 0.530342 0.524915 0.523807 0.518045 0.521069 0.525517 0.541828 0.558792 0.58084 0.590991 0.595614 0.59945 0.601997 0.603796 0.605142 0.605739 0.605526 0.605724 0.605899 0.606633 0.579505 0.520583 0.476863 -9999 -9999
-9999 -9999 -9999 -9999 0.601094 0.602999 0.597176 0.593061 0.59364 0.595766 0.595296 0.590867 0.593646 0.589167 0.569105 0.546803 0.562522 0.569193 0.577321 0.579702 0.580579 0.537091 0.516543 0.501819 0.471019 0.49303 0.511112 0.517323 0.514606 0.47476 0.434495 0.38523 0.340693 0.340548 0.31667 0.330401 0.349122 0.395606 0.428361 0.44193 0.451973 0.502675 0.518161 0.528835 0.545058 0.53158 0.535098 0.526837 0.535556 0.53919 0.543893 0.512105 0.555871 0.56113 0.587401 0.599051 0.602613 0.604819 0.606539 0.607223 0.60761 0.607589 0.607936 0.608977 0.616558 0.601147 0.514393 0.479029 -9999 -9999
-9999 -9999 -9999 -9999 -9999 -9999 0.587828 0.586374 0.582129 0.581543 0.591569 0.591821 0.590581 0.586109 0.574768 0.553095 0.546544 0.550023 0.532244 0.551696 0.576372 0.580451 0.583105 0.546026 0.532978 0.56042 0.559944 0.533316 0.513006 0.492414 0.444733 0.40859 0.357112 0.318436 0.318302 0.364105 0.401596 0.448481 0.469297 0.458 0.471223 0.499547 0.530218 0.547013 0.547574 0.533467 0.539 0.523976 0.548892 0.555603 0.551209 0.547772 0.558331 0.573099 0.580086 0.600561 0.606494 0.607529 0.608554 0.609079 0.609153 0.609076 0.612806 0.614771 0.617332 0.619951 0.531038 0.468876 -9999 -9999
-9999 -9999 -9999 -9999 -9999 -9999 0.570026 0.565424 0.568239 0.590147 0.590735 0.590482 0.584279 0.582337 0.573142 0.553422 0.534597 0.51797 0.498012 0.512956 0.549187 0.5731 0.580816 0.549287 0.577846 0.577038 0.568816 0.532461 0.50659 0.494624 0.449025 0.408309 0.374914 0.327054 0.349631 0.373834 0.404336 0.45515 0.489585 0.504311 0.493931 0.511759 0.546834 0.550447 0.536785 0.542414 0.539907 0.517739 0.551718 0.56495 0.56336 0.569606 0.57447 0.581794 0.592106 0.601499 0.607817 0.609316 0.609685 0.609875 0.609969 0.611681 0.613005 0.615435 0.618299 0.62162 0.566004 0.469091 -9999 -9999
-9999 -9999 -9999 -9999 -9999 -9999 -9999 0.544662 0.562996 0.595084 0.58967 0.581907 0.584442 0.580185 0.568118 0.558374 0.53573 0.506583 0.452016 0.469059 0.502806 0.550677 0.578897 0.581959 0.578547 0.563358 0.516891 0.476512 0.476068 0.472982 0.440689 0.409658 0.372151 0.39722 0.423844 0.452333 0.46725 0.463579 0.493068 0.517605 0.508813 0.530341 0.555875 0.549234 0.547379 0.546961 0.542903 0.547653 0.554377 0.575873 0.569528 0.580963 0.588319 0.590752 0.596816 0.60288 0.608645 0.610081 0.610461 0.610764 0.610725 0.612044 0.613645 0.616036 0.619213 0.622911 0.622158 0.574882 0.54638 -9999
-9999 -9999 -9999 -9999 -9999 -9999 -9999 0.519491 0.524188 0.564095 0.563601 0.578527 0.584139 0.57978 0.562133 0.552529 0.518894 0.508529 0.458052 0.43757 0.46143 0.458752 0.523474 0.581829 0.57957 0.480582 0.448562 0.427003 0.439095 0.443552 0.437168 0.383173 0.370391 0.42176 0.454105 0.478907 0.497533 0.501897 0.501345 0.539499 0.545781 0.560177 0.56058 0.565458 0.550928 0.544035 0.562696 0.556463 0.559871 0.581857 0.570128 0.589491 0.59481 0.592958 0.594745 0.606056 0.609003 0.610619 0.611596 0.611196 0.611408 0.612159 0.614552 0.617303 0.620437 0.62483 0.629202 0.632976 0.609206 0.604737
-9999 -9999 -9999 -9999 -9999 -9999 -9999 -9999 0.479529 0.538892 0.554437 0.564379 0.581746 0.579836 0.569549 0.55353 0.519773 0.491245 0.446216 0.395842 0.372248 0.460827 0.539229 0.583188 0.587184 0.505676 0.477018 0.480939 0.506285 0.493299 0.483744 0.442893 0.432702 0.416889 0.428733 0.463709 0.492512 0.518801 0.538314 0.540773 0.555031 0.564179 0.56791 0.573997 0.576171 0.579166 0.569433 0.58747 0.582105 0.592806 0.593817 0.59472 0.598911 0.590939 0.600139 0.60795 0.610467 0.613831 0.612979 0.612961 0.61352 0.61466 0.615814 0.618886 0.622714 0.626928 0.631976 0.642446 0.645207 0.633139
-9999 -9999 -9999 -9999 -9999 -9999 -9999 -9999 0.446831 0.506423 0.523627 0.559619 0.573792 0.58166 0.576934 0.563613 0.537713 0.500634 0.470978 0.414321 0.356431 0.448982 0.533482 0.581353 0.58936 0.524563 0.550744 0.539462 0.550829 0.524591 0.515364 0.506482 0.487036 0.464887 0.441066 0.430138 0.491672 0.52332 0.549238 0.562319 0.570959 0.577028 0.578972 0.576803 0.553692 0.579377 0.586686 0.589881 0.592598 0.596256 0.598511 0.599908 0.605402 0.607116 0.601871 0.611933 0.616371 0.615875 0.615591 0.615617 0.616228 0.617798 0.620247 0.623151 0.625611 0.629991 0.63491 0.645717 0.651497 0.656273
-9999 -9999 -9999 -9999 -9999 -9999 -9999 -9999 0.353287 0.444294 0.505166 0.541274 0.574728 0.579851 0.580046 0.563248 0.551199 0.524623 0.500596 0.464009 0.409076 0.377252 0.448369 0.549249 0.591054 0.597012 0.60014 0.585943 0.573118 0.574758 0.579231 0.560024 0.534919 0.498039 0.490887 0.477432 0.523409 0.529767 0.526955 0.578817 0.580865 0.580695 0.564753 0.547734 0.556626 0.545228 0.563833 0.552845 0.572415 0.589687 0.598591 0.601883 0.60723 0.610868 0.611371 0.620132 0.619689 0.619068 0.618794 0.619147 0.620151 0.621628 0.624272 0.628327 0.631432 0.636319 0.638566 0.649489 0.655193 0.660012
-9999 -9999 -9999 -9999 -9999 -9999 -9999 -9999 0.356468 0.422318 0.487258 0.530022 0.566198 0.571945 0.582722 0.577776 0.565368 0.542298 0.514504 0.484595 0.437645 0.404214 0.452413 0.521695 0.572177 0.597091 0.602628 0.606098 0.60588 0.610157 0.608043 0.604965 0.585935 0.556618 0.53668 0.507038 0.558568 0.564703 0.557453 0.584447 0.585191 0.549153 0.522732 0.522968 0.546539 0.53412 0.539692 0.529914 0.54662 0.583472 0.579863 0.585131 0.607152 0.611295 0.623044 0.623497 0.623219 0.623017 0.622932 0.623663 0.625099 0.62673 0.629513 0.633223 0.63718 0.641019 0.646115 0.657382 0.658799 0.663707
-9999 -9999 -9999 -9999 -9999 -9999 -9999 -9999 0.362051 0.398693 0.457221 0.521119 0.560628 0.574922 0.585147 0.583316 0.569243 0.557832 0.540726 0.514479 0.497824 0.467653 0.425549 0.506591 0.536194 0.565465 0.581331 0.607787 0.611296 0.60473 0.593686 0.607025 0.612432 0.584975 0.576284 0.560913 0.589948 0.590668 0.590897 0.590892 0.560256 0.517457 0.484365 0.51433 0.513013 0.530896 0.501995 0.539498 0.568865 0.58113 0.562926 0.553636 0.599523 0.618583 0.623026 0.62574 0.627458 0.627258 0.628123 0.628857 0.630348 0.632562 0.635325 0.638924 0.64299 0.647505 0.65139 0.662593 0.667897 0.680917
-9999 -9999 -9999 -9999 -9999 -9999 -9999 -9999 -9999 0.369255 0.451982 0.519715 0.5562 0.57844 0.588464 0.58678 0.579329 0.571672 0.561424 0.54292 0.519953 0.482848 0.456599 0.479495 0.508939 0.51966 0.539455 0.588176 0.607154 0.588847 0.53597 0.577978 0.614917 0.615662 0.613626 0.611046 0.606998 0.604066 0.596854 0.575871 0.508617 0.498463 0.47456 0.481432 0.471571 0.508341 0.505252 0.541219 0.559143 0.568216 0.542692 0.557932 0.606843 0.621408 0.619748 0.628284 0.631607 0.632392 0.633409 0.634435 0.636405 0.638915 0.641892 0.650786 0.655286 0.660278 0.664499 0.676243 0.679446 0.68311
-9999 -9999 -9999 -9999 -9999 -9999 -9999 -9999 -9999 0.362246 0.438785 0.519897 0.544235 0.56897 0.590536 0.589872 0.579076 0.569483 0.560301 0.5504 0.521799 0.494679 0.46936 0.463348 0.472888 0.482696 0.511602 0.573497 0.588241 0.586551 0.53998 0.523586 0.572488 0.613485 0.617841 0.615354 0.57002 0.581132 0.557597 0.525521 0.518499 0.506415 0.47821 0.496899 0.477734 0.491609 0.499231 0.521261 0.53393 0.558752 0.536726 0.546237 0.595721 0.613919 0.615256 0.633618 0.640517 0.642881 0.64432 0.646117 0.648286 0.651315 0.654565 0.658325 0.662506 0.666553 0.669635 0.668472 0.646342 0.65146
-9999 -9999 -9999 -9999 -9999 -9999 -9999 -9999 -9999 0.373428 0.426213 0.498494 0.551723 0.553486 0.579108 0.592219 0.58076 0.568472 0.556486 0.55237 0.520871 0.486543 0.459695 0.427676 0.436951 0.465844 0.517715 0.558783 0.568796 0.564029 0.543931 0.560617 0.594778 0.613575 0.620129 0.617582 0.608853 0.604498 0.587763 0.581775 0.558521 0.521199 0.508489 0.521832 0.482899 0.489581 0.509055 0.502767 0.533974 0.550543 0.520965 0.571802 0.603384 0.620081 0.634544 0.641842 0.645324 0.650245 0.651705 0.653782 0.656208 0.658951 0.662301 0.665545 0.669327 0.670375 0.669915 0.643447 0.641714 0.649135
-9999 -9999 -9999 -9999 -9999 -9999 -9999 -9999 -9999 0.384591 0.432506 0.495473 0.533389 0.539233 0.568211 0.594301 0.591365 0.57871 0.57571 0.563562 0.537041 0.507958 0.476302 0.462598 0.427379 0.468546 0.508992 0.544121 0.562159 0.547872 0.538621 0.563155 0.587213 0.597939 0.621685 0.623171 0.617687 0.588617 0.575478 0.583924 0.579837 0.571184 0.546533 0.548447 0.534063 0.530162 0.526709 0.514618 0.532376 0.536991 0.559147 0.601064 0.618618 0.630646 0.641489 0.645327 0.650725 0.657413 0.659538 0.661711 0.664073 0.667006 0.669913 0.672144 0.67498 0.672183 0.664041 0.644967 0.617869 0.649658
-9999 -9999 -9999 -9999 -9999 -9999 -9999 -9999 -9999 0.377564 0.429196 0.483322 0.50546 0.508645 0.562179 0.595126 0.595454 0.589881 0.583671 0.55145 0.555316 0.550824 0.522375 0.480028 0.433445 0.441273 0.477508 0.526667 0.543669 0.513885 0.502718 0.516143 0.551535 0.583226 0.616005 0.625769 0.618686 0.572684 0.523766 0.549559 0.577155 0.579571 0.574919 0.552293 0.547257 0.543089 0.527665 0.502635 0.514327 0.526118 0.588913 0.602697 0.622275 0.638669 0.635128 0.640025 0.655436 0.665071 0.667302 0.669627 0.672388 0.67507 0.677838 0.678472 0.679254 0.678169 0.649436 0.63332 0.613217 0.654212
-9999 -9999 -9999 -9999 -9999 -9999 -9999 -9999 -9999 0.362392 0.40004 0.452246 0.473048 0.506741 0.55768 0.582972 0.595505 0.596072 0.592383 0.578803 0.571583 0.555876 0.526082 0.484692 0.438588 0.409758 0.429182 0.49645 0.522434 0.48686 0.471149 0.497933 0.535726 0.590092 0.622066 0.628303 0.627774 0.620003 0.584948 0.542223 0.544693 0.569681 0.553419 0.534236 0.549146 0.549867 0.534465 0.524103 0.526361 0.550356 0.582752 0.593778 0.616203 0.647921 0.654279 0.655489 0.669884 0.672556 0.675013 0.677835 0.680417 0.683185 0.686003 0.687084 0.685459 0.667472 0.652511 0.630173 0.631328 0.674013
-9999 -9999 -9999 -9999 -9999 -9999 -9999 -9999 -9999 0.335151 0.380105 0.429447 0.475767 0.519745 0.557794 0.561201 0.581853 0.582819 0.59453 0.593103 0.580971 0.568064 0.5427 0.488717 0.443979 0.395107 0.412046 0.47598 0.499587 0.478206 0.4354 0.486563 0.542423 0.59312 0.621679 0.603884 0.627042 0.627602 0.615889 0.591361 0.552029 0.555146 0.526401 0.527577 0.546228 0.554171 0.554339 0.547176 0.536861 0.563512 0.58825 0.594178 0.615168 0.640522 0.665245 0.671319 0.677859 0.680339 0.682774 0.685614 0.688328 0.690754 0.692758 0.693647 0.67887 0.660863 0.651531 0.637302 0.639579 0.684636
