Test_Spring_2018/12_17/Prec/20171209_022.txt
ncols	170
nrows	115
xllcorner	350000.000000
yllcorner	4445000.000000
cellsize	1000.000000
nodata_value	-9999.000000
[rows 32 to 63 of 115, columns 71 to 141 of 170]
0.92254 0.931693 0.945799 0.949481 0.954213 1.00471 1.02103 1.01144 1.02214 1.03556 1.05282 1.06398 1.07432 1.08258 1.09863 1.13294 1.16374 1.1532 1.15616 1.169 1.15409 1.16601 1.19282 1.22958 1.21327 1.22048 1.24618 1.24426 -9999 -9999 -9999 -9999 -9999 -9999 -9999 -9999 -9999 -9999 -9999 -9999 -9999 -9999 -9999 -9999 -9999 -9999 -9999 -9999 -9999 -9999 -9999 -9999 -9999 -9999 -9999 -9999 -9999 -9999 -9999 -9999 -9999 -9999 -9999 -9999 -9999 -9999 -9999 -9999 -9999 -9999 -9999
0.932741 0.943734 0.955152 0.955359 0.966356 0.990319 1.02414 1.01872 1.0281 1.03942 1.05214 1.06352 1.07419 1.08903 1.10669 1.1368 1.17123 1.18165 1.16989 1.1718 1.1717 1.18222 1.19471 1.21309 1.20098 1.19719 1.20196 1.22599 1.25743 -9999 -9999 -9999 -9999 -9999 -9999 -9999 -9999 -9999 -9999 -9999 -9999 -9999 -9999 -9999 -9999 -9999 -9999 -9999 -9999 -9999 -9999 -9999 -9999 -9999 -9999 -9999 -9999 -9999 -9999 -9999 -9999 -9999 -9999 -9999 -9999 -9999 -9999 -9999 -9999 -9999 -9999
0.943701 0.955907 0.975227 0.979496 0.985862 1.00446 1.02684 1.0369 1.03577 1.04661 1.0566 1.07027 1.082 1.09547 1.11281 1.13417 1.15808 1.19595 1.17733 1.16279 1.1649 1.16712 1.17565 1.19254 1.17982 1.17981 1.18014 1.23308 1.24427 1.24749 -9999 -9999 -9999 -9999 -9999 -9999 -9999 -9999 -9999 -9999 -9999 -9999 -9999 -9999 -9999 -9999 -9999 -9999 -9999 -9999 -9999 -9999 -9999 -9999 -9999 -9999 -9999 -9999 -9999 -9999 -9999 -9999 -9999 -9999 -9999 -9999 -9999 -9999 -9999 -9999 -9999
0.955714 0.968011 0.989753 0.994311 0.997496 1.00243 1.00855 1.04028 1.04801 1.05506 1.06541 1.07965 1.10313 1.11232 1.11891 1.13459 1.16112 1.18672 1.19479 1.17087 1.16454 1.16651 1.16098 1.17448 1.16779 1.17008 1.16748 1.19438 1.22422 1.22938 1.24289 -9999 -9999 -9999 -9999 -9999 -9999 -9999 -9999 -9999 -9999 -9999 -9999 -9999 -9999 -9999 -9999 -9999 -9999 -9999 -9999 -9999 -9999 -9999 -9999 -9999 -9999 -9999 -9999 -9999 -9999 -9999 -9999 -9999 -9999 -9999 -9999 -9999 -9999 -9999 -9999
-9999 -9999 -9999 1.01204 1.01767 1.00938 1.02227 1.05002 1.05722 1.06395 1.07494 1.09504 1.1087 1.11651 1.1297 1.14705 1.15859 1.17543 1.19189 1.18702 1.16541 1.17459 1.15835 1.15849 1.15434 1.16321 1.19082 1.20094 1.22477 1.22821 1.2378 -9999 -9999 -9999 -9999 -9999 -9999 -9999 -9999 -9999 -9999 -9999 -9999 -9999 -9999 -9999 -9999 -9999 -9999 -9999 -9999 -9999 -9999 -9999 -9999 -9999 -9999 -9999 -9999 -9999 -9999 -9999 -9999 -9999 -9999 -9999 -9999 -9999 -9999 -9999 -9999
-9999 -9999 -9999 -9999 1.02387 1.01958 1.01927 1.05978 1.06971 1.07454 1.08606 1.10047 1.11267 1.12485 1.13691 1.15119 1.16501 1.18055 1.18275 1.1688 1.16772 1.16905 1.16474 1.15527 1.15465 1.15868 1.20149 1.21205 1.23693 1.24459 1.23861 1.24317 -9999 -9999 -9999 -9999 -9999 -9999 -9999 -9999 -9999 -9999 -9999 -9999 1.15656 -9999 -9999 -9999 -9999 -9999 -9999 -9999 -9999 -9999 -9999 -9999 -9999 -9999 -9999 -9999 -9999 -9999 -9999 -9999 -9999 1.01863 -9999 -9999 -9999 -9999 -9999
-9999 -9999 -9999 1.01065 1.00884 1.01708 1.02367 1.04719 1.08021 1.08513 1.09768 1.11195 1.12514 1.1407 1.14918 1.15946 1.17391 1.17783 1.17348 1.17034 1.16592 1.16166 1.15952 1.15876 1.15868 1.17414 1.18173 1.18526 1.19542 1.21498 1.22258 1.23729 1.24811 -9999 -9999 -9999 -9999 -9999 -9999 -9999 1.18429 1.18102 1.17618 1.16682 1.14927 1.15014 -9999 -9999 -9999 -9999 -9999 -9999 -9999 -9999 -9999 -9999 -9999 -9999 -9999 -9999 -9999 -9999 -9999 -9999 -9999 1.00992 1.01574 -9999 -9999 -9999 -9999
-9999 -9999 -9999 1.00369 1.00987 1.02192 1.03037 1.04297 1.08681 1.09892 1.11006 1.12317 1.13766 1.1521 1.15914 1.17152 1.17845 1.18233 1.1755 1.17215 1.1713 1.17022 1.1682 1.17084 1.16651 1.17181 1.17355 1.18068 1.18849 1.20187 1.22247 1.2431 1.25922 -9999 -9999 -9999 -9999 -9999 -9999 1.18347 1.1702 1.16049 1.16883 1.15313 1.13771 1.13311 1.11599 -9999 -9999 -9999 -9999 -9999 -9999 -9999 -9999 -9999 -9999 -9999 -9999 -9999 -9999 0.971264 0.980398 1.00486 1.0127 1.01304 1.01679 -9999 -9999 -9999 -9999
-9999 -9999 -9999 1.00766 1.01351 1.02426 1.03667 1.05529 1.0909 1.10954 1.12355 1.13769 1.15042 1.16126 1.17519 1.18301 1.19538 1.18647 1.18519 1.18422 1.18886 1.18724 1.19694 1.19735 1.20026 1.17903 1.18136 1.1948 1.21382 1.24945 1.23332 1.23743 1.25088 -9999 -9999 -9999 -9999 -9999 -9999 1.1786 1.16494 1.15258 1.14717 1.15491 1.13182 1.10823 1.10978 1.10338 1.08656 1.07378 1.05518 1.02545 1.0165 1.01544 1.00598 -9999 -9999 -9999 -9999 0.983446 0.977899 0.97164 0.971478 0.998708 1.01366 1.02507 0.999984 -9999 -9999 -9999 -9999
-9999 -9999 -9999 1.00086 1.01279 1.02964 1.05047 1.06605 1.10399 1.12288 1.13493 1.15052 1.1637 1.17448 1.18456 1.19474 1.1961 1.19615 1.19642 1.20949 1.22403 1.2078 1.21568 1.25091 1.211 1.19008 1.1924 1.20901 1.23015 1.24258 1.22433 1.2319 1.23484 -9999 -9999 -9999 1.20587 1.18836 1.18467 1.17757 1.16036 1.14592 1.14226 1.13197 1.12566 1.10871 1.10968 1.11107 1.09815 1.07028 1.05693 1.02143 1.0125 1.01141 0.998769 0.990591 0.98517 0.981845 0.979935 0.97651 0.971528 0.966466 0.96577 0.994326 1.00284 1.00354 0.989852 -9999 -9999 -9999 -9999
-9999 -9999 -9999 1.0126 1.02646 1.04291 1.05443 1.07664 1.09439 1.13267 1.14895 1.16499 1.18468 1.19164 1.20064 1.20668 1.21043 1.21198 1.22317 1.2378 1.25078 1.25146 1.25265 1.25886 1.2318 1.20964 1.20686 1.19939 1.21673 1.21271 1.21966 1.22958 1.24763 -9999 -9999 1.23629 1.20501 1.18256 1.16997 1.16437 1.1612 1.14407 1.13861 1.11876 1.11499 1.11289 1.10181 1.10839 1.09381 1.0673 1.05685 1.02827 1.00381 0.997882 0.994626 0.988911 0.986124 0.983857 0.981488 0.980475 0.975257 0.969581 0.966466 0.98075 0.981876 0.970677 0.989316 -9999 -9999 -9999 -9999
-9999 -9999 -9999 1.01276 1.02697 1.04192 1.06427 1.08277 1.1061 1.15021 1.16327 1.17965 1.199 1.21419 1.21804 1.22371 1.22604 1.22537 1.23459 1.24353 1.25894 1.26376 1.27514 1.27077 1.24712 1.22899 1.21964 1.21189 1.19983 1.19986 1.21387 1.22079 1.23563 1.24589 -9999 1.23346 1.2186 1.19269 1.17033 1.15515 1.15723 1.13831 1.13101 1.11596 1.11455 1.10517 1.09072 1.08144 1.07353 1.05422 1.04466 1.02155 1.01264 0.996789 0.993088 0.990189 0.988352 0.986748 0.984721 0.982136 0.978352 0.973434 0.96782 0.969476 0.960309 0.971163 0.991499 -9999 -9999 -9999 -9999
-9999 -9999 1.00848 1.01326 1.02433 1.04411 1.06627 1.08947 1.11356 1.15342 1.17422 1.19287 1.21033 1.23383 1.24246 1.24605 1.24162 1.23958 1.23502 1.23533 1.25466 1.26383 1.25608 1.26206 1.24896 1.23144 1.20292 1.19236 1.19299 1.19618 1.21144 1.21514 1.22535 1.24794 1.24244 1.22661 1.21493 1.19728 1.1707 1.1512 1.14078 1.13433 1.12314 1.11406 1.10454 1.09046 1.08296 1.07796 1.06877 1.05943 1.04474 1.02315 1.01124 1.00341 0.993539 0.9915 0.990366 0.989386 0.987926 0.985702 0.982395 0.977146 0.97008 0.954506 0.957036 0.980091 0.98458 -9999 -9999 -9999 -9999
-9999 -9999 -9999 1.01654 1.03552 1.05996 1.08462 1.10753 1.12984 1.16484 1.18719 1.20386 1.22301 1.24553 1.26559 1.26225 1.25985 1.25318 1.2464 1.2379 1.25194 1.25139 1.24708 1.25088 1.22169 1.2006 1.1866 1.17832 1.19044 1.20399 1.22827 1.24538 1.24074 1.24966 1.23728 1.22663 1.20204 1.18466 1.17699 1.17064 1.14249 1.13214 1.11818 1.10407 1.10453 1.08587 1.08167 1.06882 1.05903 1.04937 1.05949 1.02451 1.01888 1.00353 0.998218 0.992287 0.991938 0.991588 0.990991 0.989282 0.986133 0.980892 0.969073 0.95804 0.955016 0.987474 0.987035 -9999 -9999 -9999 -9999
-9999 -9999 -9999 -9999 -9999 1.06691 1.09118 1.11761 1.14237 1.17247 1.19324 1.21274 1.23122 1.24995 1.27068 1.2789 1.27799 1.28438 1.26611 1.24752 1.23475 1.22131 1.22767 1.21618 1.18864 1.17636 1.17867 1.17893 1.18063 1.19771 1.21471 1.23532 1.25065 1.2473 1.2213 1.19933 1.17483 1.16391 1.16933 1.16147 1.14301 1.12334 1.10971 1.10344 1.10391 1.08422 1.08317 1.06165 1.05005 1.04496 1.04035 1.02298 1.01264 1.00757 0.996579 0.993864 0.992859 0.993332 0.993227 0.992003 0.989094 0.981028 0.972554 0.961738 0.949062 0.982215 0.995223 -9999 -9999 -9999 -9999
-9999 -9999 -9999 -9999 -9999 1.07785 1.10428 1.1276 1.14126 1.17649 1.19795 1.22038 1.23784 1.25567 1.27507 1.28991 1.29932 1.30682 1.29288 1.26512 1.24157 1.22495 1.22785 1.19433 1.18084 1.17205 1.17896 1.18175 1.17873 1.19457 1.21368 1.22493 1.24511 1.23015 1.21552 1.19859 1.17156 1.15376 1.14543 1.14937 1.13747 1.11538 1.10836 1.10922 1.09922 1.08366 1.08607 1.05967 1.04458 1.03798 1.02837 1.01425 1.00796 1.00142 0.996446 0.993834 0.994075 0.994504 0.994832 0.993804 0.98963 0.983701 0.974991 0.963953 0.95078 0.96649 0.997274 -9999 -9999 -9999 -9999
-9999 -9999 -9999 -9999 -9999 -9999 1.11642 1.1317 1.14006 1.17833 1.2036 1.22145 1.24005 1.25931 1.2735 1.29021 1.30612 1.33145 1.31633 1.28973 1.25361 1.22617 1.21095 1.19379 1.18755 1.19838 1.20723 1.19674 1.18907 1.19802 1.2121 1.22558 1.20813 1.19124 1.17456 1.16584 1.1674 1.15209 1.13886 1.14185 1.12791 1.1106 1.10872 1.10328 1.09625 1.08143 1.06982 1.05749 1.03811 1.03403 1.02181 1.00658 1.00298 0.998813 0.995738 0.993575 0.993993 0.994817 0.995049 0.99405 0.99038 0.984393 0.97579 0.964671 0.951372 0.938721 0.94382 0.942862 -9999 -9999 -9999
-9999 -9999 -9999 -9999 -9999 -9999 1.12999 1.15178 1.1555 1.19081 1.20379 1.21954 1.23778 1.25961 1.27231 1.29598 1.30214 1.3253 1.33002 1.30869 1.29893 1.25278 1.2091 1.19147 1.2288 1.23231 1.23156 1.21473 1.2033 1.19899 1.22518 1.22604 1.19514 1.17544 1.16078 1.15022 1.14732 1.14762 1.12749 1.12204 1.11163 1.10718 1.09919 1.10022 1.09649 1.06986 1.064 1.05349 1.03399 1.03284 1.01668 1.00255 1.00128 0.99942 0.99368 0.99299 0.993291 0.993575 0.994186 0.993217 0.989506 0.983205 0.974582 0.963712 0.950328 0.935329 0.914249 0.911149 0.897499 0.872315 -9999
-9999 -9999 -9999 -9999 -9999 -9999 -9999 1.17363 1.16616 1.19248 1.20706 1.21584 1.23207 1.25035 1.26682 1.28887 1.30449 1.32504 1.34505 1.34953 1.29301 1.24031 1.20462 1.18418 1.21298 1.21523 1.20172 1.17839 1.17633 1.17394 1.19374 1.1935 1.19758 1.18862 1.16908 1.15173 1.13804 1.12777 1.1259 1.11719 1.10773 1.10142 1.09274 1.08511 1.07632 1.06436 1.04615 1.04043 1.02703 1.01953 1.01315 0.999508 1.00149 0.995792 0.991798 0.991202 0.989743 0.991225 0.991443 0.990155 0.987074 0.980279 0.971727 0.960857 0.948027 0.933217 0.909144 0.892934 0.883837 0.877766 0.875172
-9999 -9999 -9999 -9999 -9999 -9999 -9999 1.18825 1.17915 1.20371 1.20348 1.22085 1.22422 1.23744 1.25206 1.26984 1.28995 1.30284 1.32662 1.34843 1.29185 1.23704 1.20016 1.18365 1.19929 1.17388 1.16887 1.15335 1.15861 1.15644 1.16025 1.16507 1.17263 1.18282 1.18365 1.15125 1.13457 1.12072 1.11305 1.10695 1.10129 1.09661 1.08835 1.0939 1.07354 1.05273 1.04258 1.03304 1.02365 1.01583 1.00945 0.994912 0.991912 0.993627 0.984519 0.985101 0.986449 0.987302 0.987214 0.9857 0.98231 0.976923 0.971004 0.956624 0.944323 0.930314 0.906716 0.889837 0.872922 0.857845 0.861619
-9999 -9999 -9999 -9999 -9999 -9999 -9999 1.23365 1.20649 1.21864 1.21567 1.20518 1.21486 1.22467 1.24051 1.25086 1.26558 1.2759 1.28992 1.31102 1.31826 1.27253 1.20875 1.17706 1.15692 1.14436 1.14166 1.13934 1.13072 1.1219 1.13172 1.14095 1.15602 1.15214 1.15781 1.13323 1.12934 1.13004 1.10195 1.09897 1.09629 1.10089 1.10472 1.09465 1.08789 1.06125 1.0589 1.0411 1.02509 1.0142 1.00714 0.99233 0.981814 0.981484 0.979977 0.980874 0.981872 0.982325 0.981738 0.979799 0.976375 0.970966 0.963384 0.956492 0.945603 0.926596 0.903714 0.887966 0.872144 0.856173 0.843268
-9999 -9999 -9999 -9999 -9999 -9999 -9999 1.2398 1.23957 1.22157 1.20527 1.19942 1.20753 1.21088 1.21991 1.23012 1.24305 1.25569 1.26691 1.28479 1.29394 1.25957 1.21499 1.17808 1.14841 1.13846 1.12749 1.11938 1.112 1.1067 1.10876 1.11361 1.11845 1.12653 1.14038 1.11263 1.10851 1.11114 1.09559 1.09299 1.10869 1.11861 1.11398 1.09571 1.09622 1.07612 1.06741 1.05161 1.02593 1.01364 1.00626 0.982449 0.97902 0.975896 0.975618 0.97602 0.976369 0.976319 0.975207 0.972836 0.969278 0.963922 0.956832 0.948363 0.940488 0.928864 0.906547 0.88617 0.871557 0.856951 0.843097
-9999 -9999 -9999 -9999 -9999 -9999 -9999 1.23517 1.2469 1.23056 1.20083 1.19173 1.19411 1.19672 1.20342 1.21411 1.22099 1.22845 1.23842 1.24151 1.25006 1.26364 1.21274 1.18916 1.15834 1.1436 1.12079 1.11076 1.107 1.11858 1.10586 1.09024 1.10121 1.10332 1.10953 1.09311 1.09143 1.08983 1.08794 1.10134 1.12037 1.13371 1.11375 1.10945 1.09336 1.0911 1.05657 1.03442 1.0217 1.0199 1.02029 0.983443 0.976337 0.97318 0.971404 0.970382 0.970323 0.969409 0.968005 0.965442 0.961579 0.956411 0.94975 0.941787 0.932564 0.924348 0.90283 0.889847 0.874179 0.859759 0.8414
-9999 -9999 -9999 -9999 -9999 -9999 -9999 -9999 1.26056 1.21978 1.19594 1.18707 1.18412 1.18581 1.1917 1.19856 1.20346 1.20768 1.21429 1.22153 1.2347 1.24116 1.22144 1.1989 1.17813 1.15917 1.12576 1.10849 1.11142 1.14057 1.10376 1.08054 1.07703 1.07573 1.07524 1.08009 1.07996 1.08187 1.09056 1.12272 1.11974 1.12788 1.11951 1.11934 1.09254 1.07636 1.05103 1.03537 1.02482 1.03282 1.00881 0.985733 0.976276 0.975794 0.970442 0.964459 0.963541 0.962239 0.960462 0.957553 0.953597 0.948556 0.942889 0.935336 0.92662 0.919405 0.897752 0.88678 0.874963 0.863894 0.848975
-9999 -9999 -9999 -9999 -9999 -9999 -9999 -9999 1.24858 1.21942 1.18706 1.18306 1.1776 1.17235 1.17702 1.18522 1.19104 1.19491 1.19753 1.20838 1.21724 1.2242 1.22047 1.20828 1.18979 1.16706 1.12767 1.11329 1.10816 1.12398 1.12743 1.09799 1.07347 1.06859 1.0677 1.08923 1.08152 1.09155 1.10561 1.10622 1.10891 1.11943 1.1052 1.1102 1.09786 1.07374 1.05622 1.04385 1.02562 1.03219 1.01068 0.988083 0.976759 0.974633 0.964021 0.959516 0.957357 0.955498 0.953113 0.950055 0.945963 0.941092 0.935249 0.928461 0.921016 0.913357 0.909008 0.904769 0.8936 0.877568 0.86187
-9999 -9999 -9999 -9999 -9999 -9999 -9999 -9999 1.2377 1.21923 1.18994 1.16963 1.17491 1.16662 1.16347 1.1716 1.17868 1.18415 1.18415 1.19709 1.21043 1.21903 1.22968 1.21854 1.19705 1.15706 1.12918 1.11783 1.11473 1.11654 1.10296 1.0811 1.0679 1.0616 1.06041 1.06262 1.0626 1.06884 1.06922 1.07818 1.094 1.09668 1.0855 1.10112 1.09294 1.07806 1.06021 1.03876 1.02525 1.03608 0.998906 0.980223 0.969706 0.960721 0.955712 0.952817 0.949175 0.947183 0.944601 0.941462 0.937696 0.933099 0.928007 0.922075 0.916996 0.912147 0.92023 0.90836 0.897371 0.880127 0.86388
-9999 -9999 -9999 -9999 -9999 -9999 -9999 -9999 1.22731 1.20988 1.18403 1.1704 1.17248 1.16156 1.15102 1.15431 1.16141 1.16229 1.16675 1.17758 1.18882 1.20063 1.20255 1.21521 1.18809 1.15452 1.1303 1.11527 1.11402 1.11323 1.09561 1.07889 1.06966 1.05418 1.05059 1.05081 1.0633 1.06747 1.06026 1.05929 1.06038 1.06946 1.06452 1.06781 1.06554 1.06299 1.04808 1.03408 1.02716 1.01708 0.979284 0.968 0.959942 0.952799 0.949502 0.945515 0.940872 0.938494 0.935898 0.932927 0.929322 0.925351 0.921325 0.916573 0.914323 0.914433 0.919806 0.922233 0.899962 0.876987 0.867999
-9999 -9999 -9999 -9999 -9999 -9999 -9999 -9999 1.22685 1.20615 1.18363 1.17703 1.17949 1.15503 1.1403 1.14149 1.14472 1.14727 1.16231 1.15778 1.15676 1.16747 1.18482 1.20396 1.19466 1.16508 1.13262 1.11845 1.12487 1.12515 1.11325 1.09052 1.07021 1.04978 1.0416 1.04236 1.06339 1.08593 1.06969 1.05236 1.04787 1.04685 1.05495 1.05379 1.05208 1.05615 1.05301 1.03752 1.02725 0.983103 0.973587 0.96138 0.95111 0.951406 0.947519 0.9383 0.932107 0.929706 0.927141 0.924176 0.921031 0.917589 0.914982 0.912019 0.90974 0.921498 0.926447 0.924992 0.900723 0.88377 0.861469
-9999 -9999 -9999 -9999 -9999 -9999 -9999 -9999 1.23114 1.21649 1.19385 1.18691 1.17268 1.14881 1.13746 1.13191 1.13173 1.13293 1.13844 1.1399 1.14504 1.15686 1.17416 1.19348 1.20356 1.18848 1.14137 1.11169 1.13171 1.13434 1.1154 1.09123 1.05893 1.03862 1.03198 1.0291 1.03015 1.0454 1.06464 1.06042 1.04444 1.04972 1.05639 1.04529 1.04146 1.04592 1.04777 1.02505 1.01508 0.980937 0.973038 0.959467 0.941308 0.936482 0.934488 0.925788 0.923228 0.920797 0.918147 0.915548 0.912746 0.909788 0.907583 0.906622 0.913971 0.919588 0.928859 0.925803 0.893795 0.884468 0.859001
-9999 -9999 -9999 -9999 -9999 -9999 -9999 -9999 1.24221 1.22272 1.20058 1.17953 1.15917 1.14129 1.14074 1.1306 1.12998 1.12312 1.12238 1.12653 1.13046 1.14027 1.16438 1.18327 1.20396 1.19033 1.14752 1.12361 1.12875 1.14529 1.11353 1.07975 1.04905 1.03021 1.03574 1.02036 1.01694 1.02005 1.02991 1.04749 1.04309 1.05514 1.05164 1.03901 1.03184 1.02862 1.02915 1.0193 1.00264 0.972526 0.967421 0.954678 0.939848 0.925515 0.920998 0.91638 0.913979 0.911687 0.909243 0.906895 0.904703 0.902717 0.90128 0.907912 0.916165 0.919865 0.926036 0.923591 0.890126 0.882051 0.860382
-9999 -9999 -9999 -9999 -9999 -9999 -9999 -9999 -9999 1.22101 1.19693 1.1793 1.17551 1.15906 1.15002 1.14247 1.13992 1.11756 1.11409 1.11564 1.11905 1.12689 1.14406 1.15389 1.17352 1.18548 1.1502 1.14031 1.12538 1.11957 1.1011 1.06789 1.0341 1.0252 1.03719 1.0297 1.02157 1.00928 1.00953 1.03516 1.04644 1.05519 1.0427 1.02963 1.02341 1.01881 1.01628 0.999463 0.969283 0.953356 0.940749 0.935322 0.924217 0.915401 0.911055 0.907307 0.904813 0.902467 0.900389 0.898732 0.897016 0.896521 0.897817 0.906425 0.929969 0.926467 0.92684 0.932339 0.914297 0.875906 0.863457
-9999 -9999 -9999 -9999 -9999 -9999 -9999 -9999 -9999 1.22644 1.19725 1.19191 1.19312 1.20357 1.19872 1.16039 1.15158 1.1299 1.10866 1.10697 1.11026 1.11732 1.12547 1.14025 1.16294 1.17916 1.17353 1.13549 1.09596 1.08259 1.06681 1.04318 1.03311 1.04444 1.05528 1.04073 1.03046 1.00487 0.997248 0.998026 1.01251 1.02961 1.03701 1.02127 1.01613 1.01165 1.00751 1.00167 0.96779 0.939535 0.928343 0.919585 0.913395 0.905241 0.90107 0.898026 0.895268 0.893252 0.891652 0.890806 0.890245 0.892902 0.896477 0.912763 0.926118 0.933926 0.944126 0.916626 0.910136 0.874657 0.866205
