Test_Spring_2018/01_18/Temp/20180113_002.txt
ncols	170
nrows	115
xllcorner	350000.000000
yllcorner	4445000.000000
cellsize	1000.000000
nodata_value	-9999.000000
[rows 32 to 63 of 115, columns 72 to 143 of 170]
7.7875 7.47319 7.95558 8.39973 8.13208 7.95316 8.68424 8.68307 8.43213 7.84423 7.6277 7.40316 7.26495 6.51081 4.39763 2.49238 3.51052 3.53284 2.82564 4.08843 3.41837 1.67357 -0.788701 0.546669 0.196711 -1.54505 -1.97567 -9999 -9999 -9999 -9999 -9999 -9999 -9999 -9999 -9999 -9999 -9999 -9999 -9999 -9999 -9999 -9999 -9999 -9999 -9999 -9999 -9999 -9999 -9999 -9999 -9999 -9999 -9999 -9999 -9999 -9999 -9999 -9999 -9999 -9999 -9999 -9999 -9999 -9999 -9999 -9999 -9999 -9999 -9999 -9999 -9999
7.36621 7.23048 7.9481 7.93189 7.88714 8.15173 8.60552 8.69498 8.5964 8.33928 8.11647 7.87948 7.28016 6.41769 4.60896 2.44058 1.94741 3.00603 3.05508 3.22366 2.61291 1.84625 0.647906 1.62588 2.00455 0.85703 -0.640645 -1.60495 -9999 -9999 -9999 -9999 -9999 -9999 -9999 -9999 -9999 -9999 -9999 -9999 -9999 -9999 -9999 -9999 -9999 -9999 -9999 -9999 -9999 -9999 -9999 -9999 -9999 -9999 -9999 -9999 -9999 -9999 -9999 -9999 -9999 -9999 -9999 -9999 -9999 -9999 -9999 -9999 -9999 -9999 -9999 -9999
6.86409 6.1657 6.59776 6.92195 7.52684 7.68704 7.77625 8.63253 8.58597 8.54503 8.17765 7.88352 7.39698 6.56686 5.38557 3.96354 1.48871 3.01192 4.20426 4.17192 4.10475 3.56717 2.41591 3.37585 3.41922 1.95525 0.292666 -0.689951 -1.09749 -9999 -9999 -9999 -9999 -9999 -9999 -9999 -9999 -9999 -9999 -9999 -9999 -9999 -9999 -9999 -9999 -9999 -9999 -9999 -9999 -9999 -9999 -9999 -9999 -9999 -9999 -9999 -9999 -9999 -9999 -9999 -9999 -9999 -9999 -9999 -9999 -9999 -9999 -9999 -9999 -9999 -9999 -9999
6.29355 5.44082 5.87559 6.45618 7.27868 7.70355 8.03031 8.28566 8.54604 8.51395 8.13798 7.02992 6.87043 6.82103 6.04785 4.4269 2.80803 2.38738 4.20726 4.72691 4.61894 5.02399 4.04855 4.50702 4.31664 3.79796 2.19589 0.735458 0.128838 -1.06821 -9999 -9999 -9999 -9999 -9999 -9999 -9999 -9999 -9999 -9999 -9999 -9999 -9999 -9999 -9999 -9999 -9999 -9999 -9999 -9999 -9999 -9999 -9999 -9999 -9999 -9999 -9999 -9999 -9999 -9999 -9999 -9999 -9999 -9999 -9999 -9999 -9999 -9999 -9999 -9999 -9999 -9999
-9999 -9999 4.90147 5.69496 6.34942 7.15254 7.84803 8.19418 8.53033 8.50203 7.75181 7.38411 7.35065 6.84355 5.95121 5.39051 4.37062 3.30807 3.71159 5.26331 4.57061 5.66949 5.57467 5.77523 5.03786 3.64599 1.7835 0.698704 0.155908 -0.81436 -9999 -9999 -9999 -9999 -9999 -9999 -9999 -9999 -9999 -9999 -9999 -9999 -9999 -9999 -9999 -9999 -9999 -9999 -9999 -9999 -9999 -9999 -9999 -9999 -9999 -9999 -9999 -9999 -9999 -9999 -9999 -9999 -9999 -9999 -9999 -9999 -9999 -9999 -9999 -9999 -9999 -9999
-9999 -9999 -9999 5.54729 6.04578 7.11821 7.67703 7.90143 8.44431 8.44444 8.15951 7.94397 7.63167 7.22409 6.55304 5.81277 4.85344 4.76312 5.75512 5.76571 5.55644 5.71795 6.22685 6.09063 4.95185 2.98792 1.94787 -0.160603 -1.06616 -0.975142 -1.61752 -9999 -9999 -9999 -9999 -9999 -9999 -9999 -9999 -9999 -9999 -9999 -9999 0.812984 -9999 -9999 -9999 -9999 -9999 -9999 -9999 -9999 -9999 -9999 -9999 -9999 -9999 -9999 -9999 -9999 -9999 -9999 -9999 -9999 -3.07415 -9999 -9999 -9999 -9999 -9999 -9999 -9999
-9999 -9999 5.4463 6.11635 6.63773 7.31 7.37615 7.77955 8.40401 8.41211 8.20971 7.981 7.46831 7.34006 6.95735 6.15374 5.98798 6.31132 6.45936 6.62742 6.73033 6.64399 6.43568 6.16694 5.43457 4.52171 3.90864 1.97958 1.00643 0.072024 -1.34152 -2.44769 -9999 -9999 -9999 -9999 -9999 -9999 -9999 0.0823789 0.0281436 0.0514471 0.359416 1.21272 0.708587 -9999 -9999 -9999 -9999 -9999 -9999 -9999 -9999 -9999 -9999 -9999 -9999 -9999 -9999 -9999 -9999 -9999 -9999 -9999 -2.30304 -3.41658 -9999 -9999 -9999 -9999 -9999 -9999
-9999 -9999 5.62546 6.33033 6.68241 7.3356 7.70926 7.95853 8.17458 8.38081 8.34488 8.09192 7.70762 7.7085 7.17927 6.8931 6.68825 7.12619 7.21143 7.03345 6.8107 6.61362 6.05895 5.99361 5.81524 5.23555 4.2847 3.3049 1.89404 -0.0241895 -1.90544 -3.42316 -9999 -9999 -9999 -9999 -9999 -9999 0.243047 0.951558 1.37529 0.468781 1.23993 1.94464 1.83008 1.14556 -9999 -9999 -9999 -9999 -9999 -9999 -9999 -9999 -9999 -9999 -9999 -9999 -9999 -9999 2.97464 1.83279 -0.471879 -1.65396 -2.36371 -3.37632 -9999 -9999 -9999 -9999 -9999 -9999
-9999 -9999 5.48237 6.31517 6.87952 7.38046 7.46081 7.9782 8.20177 8.3122 8.29802 8.24683 8.17481 7.71274 7.51296 6.81523 7.47933 7.45239 7.28222 6.61353 6.32289 5.17611 4.67082 4.55988 5.52223 4.80941 3.32208 1.46298 -0.767374 -0.913936 -1.65381 -3.01034 -9999 -9999 -9999 -9999 -9999 -9999 0.462495 1.22038 1.85266 1.94319 1.04211 2.29568 2.24777 1.54377 1.38275 1.95697 2.2473 2.03054 2.71707 2.91665 2.60462 2.94307 -9999 -9999 -9999 -9999 3.13542 3.17949 3.21231 2.73543 0.217794 -1.50215 -3.04672 -3.18944 -9999 -9999 -9999 -9999 -9999 -9999
-9999 -9999 6.05538 6.56859 6.82855 6.87131 7.3211 7.77389 8.05013 8.25116 8.20951 8.19177 8.17279 8.0136 7.64587 7.70986 7.67839 7.46305 6.19136 4.70745 5.35215 4.4708 2.58717 4.11876 4.95892 4.15154 2.3496 0.260259 -0.420898 -0.393442 -1.42186 -2.74344 -9999 -9999 -9999 -1.60845 -0.522301 -0.429272 -0.110254 0.901219 1.67023 2.24809 2.64185 2.62844 2.21092 1.52223 0.773856 1.03842 2.38015 2.70615 2.98303 3.1899 2.90007 3.04907 3.40625 3.58982 3.62539 3.53877 3.51733 3.54459 3.49969 3.05452 0.802181 -0.487438 -1.31068 -2.96114 -9999 -9999 -9999 -9999 -9999 -9999
-9999 -9999 5.72976 6.17627 6.53812 7.13927 7.20338 7.58309 7.81139 8.14559 8.18228 7.78945 8.11144 8.06787 8.00548 7.87516 7.68513 6.61118 5.13178 3.64888 2.9636 3.2549 2.12074 2.70347 3.5549 3.24392 2.14071 0.279384 0.0165562 -0.414136 -2.14331 -3.80786 -9999 -9999 -3.71732 -1.6318 -0.163869 0.592467 0.825537 0.846292 1.81561 1.89004 2.93376 2.68805 1.30502 1.4589 0.918037 1.26501 1.75697 1.89059 2.59914 3.27943 3.40633 3.40741 3.63408 3.67902 3.689 3.68089 3.5237 3.5925 3.60133 3.32303 1.6907 0.893947 0.0177969 -2.93986 -9999 -9999 -9999 -9999 -9999 -9999
-9999 -9999 5.95556 6.45475 7.00133 7.09067 7.49569 7.45573 7.34404 7.90716 8.11258 7.83482 7.63421 7.99897 7.97153 7.92074 7.83847 6.82905 5.66136 3.89474 2.79664 2.12568 1.6485 1.01525 1.45241 1.3182 1.13846 1.34442 0.833274 -0.185675 -1.19818 -3.09274 -4.11805 -9999 -3.60527 -2.66506 -0.91897 0.564598 1.50566 1.16474 2.26716 2.47013 3.106 2.73027 1.89032 1.52858 1.49499 1.38328 2.12562 2.62355 2.97652 3.21073 3.50306 3.57582 3.64884 3.67805 3.69291 3.70796 3.70192 3.69387 3.65877 3.55292 2.8014 2.00735 0.291054 -2.84304 -9999 -9999 -9999 -9999 -9999 -9999
-9999 4.4981 5.8959 6.73262 7.0573 7.29191 7.49869 7.64844 7.80791 7.95464 8.05463 8.0103 7.27668 7.33445 7.46381 7.87699 7.84513 7.75195 7.11262 4.96334 4.22024 3.13621 1.73105 1.14487 1.4381 2.58938 2.53792 1.77539 0.925524 -0.247621 -0.995178 -2.15721 -4.3875 -4.1886 -3.18641 -2.44122 -1.25516 0.558638 1.8295 2.39548 2.60803 3.0539 3.28471 2.77083 2.28239 2.07578 1.69431 1.63938 1.64095 2.08896 2.43923 3.21712 3.47771 3.59573 3.65489 3.68568 3.70742 3.72874 3.73465 3.71746 3.71613 3.70804 3.65206 2.59414 -0.0508534 -2.0418 -9999 -9999 -9999 -9999 -9999 -9999
-9999 -9999 5.63571 6.00453 6.10204 6.27162 6.61735 7.01557 7.58151 7.65387 7.96346 7.96144 7.32913 6.59868 7.23097 7.48069 7.73966 7.74531 7.66124 5.85577 4.91063 4.16659 2.81933 3.30607 3.76759 3.80275 3.52443 1.88975 0.261603 -1.61422 -3.36872 -3.4536 -4.39831 -3.90064 -3.23923 -1.53858 -0.342421 0.141406 0.488295 2.33206 2.81039 2.97369 3.44444 2.79838 2.63486 2.14934 2.29209 2.24856 2.25019 0.907526 2.25318 2.33113 3.20612 3.59826 3.68555 3.70778 3.73153 3.73345 3.73629 3.73008 3.73686 3.72228 3.7059 3.0178 -0.335523 -2.01843 -9999 -9999 -9999 -9999 -9999 -9999
-9999 -9999 -9999 -9999 5.75334 6.03514 6.21618 6.52832 7.4843 7.74105 7.91119 7.92482 7.64227 6.91954 6.72742 6.85723 6.15134 6.73817 7.54178 7.52035 7.42168 5.83447 5.02363 5.80949 5.57078 4.37836 3.43999 2.5138 0.607738 -0.786184 -2.79678 -4.30706 -4.36521 -2.70111 -1.31937 0.401506 1.15965 0.724882 1.19147 2.10647 3.14599 3.64777 3.52735 2.84645 2.75096 2.00301 2.73586 2.79764 2.45525 2.15912 2.27652 2.70859 2.87227 3.55622 3.72021 3.74731 3.75036 3.75094 3.74575 3.73963 3.72931 3.7203 3.70914 3.6769 0.230067 -2.45052 -9999 -9999 -9999 -9999 -9999 -9999
-9999 -9999 -9999 -9999 5.09008 5.26241 5.71272 6.86664 7.47262 7.71647 7.70782 7.81971 7.62008 6.98381 6.33045 5.71387 4.91956 5.37074 6.56773 7.27307 7.35248 5.96113 6.68569 6.41483 5.88096 4.3215 3.17232 2.56317 0.733332 -0.83194 -2.16978 -4.01703 -3.22862 -2.36044 -1.2451 0.63261 1.89877 2.41774 1.97839 2.5626 3.75912 3.76412 3.10716 3.14835 2.74876 1.7271 2.78862 3.08662 2.84459 2.90601 2.81599 2.97577 3.26806 3.54743 3.73238 3.75537 3.75588 3.74742 3.74477 3.74322 3.72798 3.72725 3.71611 3.69738 1.47227 -2.50249 -9999 -9999 -9999 -9999 -9999 -9999
-9999 -9999 -9999 -9999 -9999 4.48816 5.51383 7.04523 7.42732 7.39275 7.70833 7.73474 7.42902 7.16303 6.37029 5.28775 3.21046 3.73729 4.83902 6.42872 7.26396 7.15061 6.68628 5.87843 3.92357 2.21287 2.00544 1.72563 0.390297 -0.81475 -2.30204 -1.44169 -0.499423 0.531301 1.07189 0.929078 2.01372 2.89762 2.51944 3.23657 4.0736 3.6916 3.46517 3.27505 2.8133 2.78451 2.83182 3.43431 3.01591 3.27145 3.27777 3.26171 3.40294 3.56563 3.73649 3.76249 3.76043 3.76085 3.73838 3.74326 3.73136 3.71988 3.70953 3.69333 3.49126 1.35035 0.070563 -9999 -9999 -9999 -9999 -9999
-9999 -9999 -9999 -9999 -9999 3.54194 4.05413 5.86751 6.42937 7.23013 7.65486 7.6736 7.15836 6.87059 5.69023 5.30587 3.38418 2.51354 3.24968 2.96624 5.15605 7.09406 6.67306 2.76033 1.34342 0.332937 0.592992 0.595784 0.224241 -1.82844 -2.39543 -0.556687 0.600449 1.49645 2.17553 2.31544 2.28991 3.67368 3.85589 4.30428 4.20466 4.2448 3.54371 3.10945 3.48727 3.05017 2.97483 3.59728 2.98254 3.53677 3.47114 3.30291 3.29244 3.65622 3.7281 3.76478 3.76465 3.74784 3.72705 3.71435 3.72432 3.71722 3.69567 3.69575 3.67517 3.42063 2.31252 1.92544 2.355 -9999 -9999 -9999
-9999 -9999 -9999 -9999 -9999 -9999 2.36268 4.88229 6.03511 6.63969 7.4905 7.59229 7.31854 6.82113 5.61887 4.56132 2.84332 0.881715 -0.157002 2.94892 5.65238 7.06341 6.87891 3.62197 2.33685 2.27766 3.03518 2.39667 1.91235 0.352959 -0.114251 -0.763706 -0.365239 0.884364 1.90453 2.88816 3.60266 3.65901 4.12193 4.38747 4.40765 4.48975 4.40609 4.33771 3.66222 4.12784 3.73132 3.94059 3.80453 3.68151 3.57648 3.18861 3.45978 3.69952 3.75963 3.77625 3.75902 3.75307 3.74042 3.71556 3.7034 3.70027 3.69674 3.68342 3.68258 3.67077 3.54655 2.87999 1.98768 0.860356 -9999 -9999
-9999 -9999 -9999 -9999 -9999 -9999 1.103 3.61014 4.81998 6.37451 7.17439 7.49914 7.45472 7.05136 6.13746 4.76284 3.61748 1.42796 -0.845193 2.41544 5.32048 6.88783 6.97093 4.23502 4.99426 4.38135 4.62919 3.50666 3.04038 2.67364 1.86683 0.984321 0.0187871 -0.492551 1.79965 2.97559 3.92143 4.36625 4.6168 4.74089 4.67217 4.49819 3.47796 4.25337 4.21149 4.13322 4.04363 3.99981 3.91843 3.82262 3.76669 3.74515 3.48681 3.77574 3.76624 3.76745 3.7661 3.75588 3.73895 3.72405 3.70643 3.70464 3.69366 3.68267 3.67505 3.67169 3.6633 3.62664 3.4496 1.93547 1.02987 0.776764
-9999 -9999 -9999 -9999 -9999 -9999 -2.42042 1.22648 4.1598 5.68995 6.93642 7.2774 7.40368 6.86325 6.45849 5.47268 4.53915 3.10009 0.945633 -0.381151 2.06086 5.60967 6.91861 6.81771 6.73611 6.02729 5.38853 5.30802 5.35611 4.61439 3.53028 2.11304 1.67042 1.17227 2.87905 3.1087 2.98164 4.85821 4.86029 4.75138 4.03053 3.22543 3.37668 2.87729 3.25832 2.66333 3.20829 3.6792 3.85435 3.8385 3.77586 3.76701 3.73651 3.78405 3.78051 3.76964 3.7607 3.75473 3.74521 3.72109 3.70664 3.71275 3.69598 3.68371 3.67221 3.67098 3.66656 3.63922 3.61443 3.38149 3.03133 2.36464
-9999 -9999 -9999 -9999 -9999 -9999 -2.26517 0.804805 3.40603 4.96788 6.46701 6.81378 7.31848 7.20749 6.78373 5.92667 4.85642 3.67184 1.82335 0.449378 2.08146 4.43903 6.12624 6.73235 6.72653 6.68602 6.52572 6.45974 6.27293 6.14197 5.36381 4.02573 3.26824 2.16021 4.06254 4.27402 3.97384 4.92198 4.87202 3.43254 2.32538 2.18577 2.86001 2.21728 2.10391 1.70334 2.15328 3.36115 3.00793 3.07615 3.62433 3.71249 3.76735 3.78034 3.77386 3.76855 3.7566 3.75547 3.75444 3.73074 3.71878 3.71209 3.68969 3.68402 3.66857 3.65826 3.64801 3.633 3.61018 3.54364 3.47182 3.54844
-9999 -9999 -9999 -9999 -9999 -9999 -2.20554 -0.138905 2.20179 4.50104 6.10203 6.74697 7.21598 7.20928 6.71708 6.2902 5.61869 4.57639 3.86114 2.62064 0.918853 3.76975 4.64599 5.42755 5.75605 6.56959 6.54965 6.17671 5.7451 6.14582 6.02755 4.96737 4.6175 4.02776 5.08485 5.08509 5.05338 4.99426 3.77772 2.08773 0.736606 1.70552 1.50089 1.94703 0.565741 1.7021 2.61508 2.91028 2.28743 1.82476 3.25041 3.48381 3.62184 3.70931 3.76586 3.74902 3.76107 3.75029 3.74384 3.73713 3.72297 3.71381 3.69986 3.6858 3.67183 3.66304 3.6462 3.62673 3.62499 3.58883 3.57443 3.56233
-9999 -9999 -9999 -9999 -9999 -9999 -9999 -1.35921 1.6105 4.25942 5.73361 6.66012 7.11064 7.10084 6.84837 6.55796 6.14091 5.38849 4.44389 2.95226 1.84487 2.54649 3.40532 3.50292 4.07265 5.72528 6.28964 5.48897 3.5123 4.68047 5.98153 5.95873 5.84575 5.71943 5.55674 5.41113 5.09513 4.2525 1.67582 1.16859 0.156788 0.269779 -0.249995 0.882363 0.458698 1.61976 2.12208 2.31069 1.23417 1.46226 2.72261 3.22025 3.1349 3.4393 3.72918 3.73644 3.74254 3.73275 3.73697 3.73735 3.73067 3.7165 3.70543 3.69709 3.67147 3.67409 3.57772 3.51499 3.38844 3.54407 3.55854 3.56636
-9999 -9999 -9999 -9999 -9999 -9999 -9999 -1.94962 1.01156 4.13124 5.13216 6.13111 6.99295 7.00827 6.62344 6.25736 5.88037 5.45147 4.30608 3.19553 2.1354 1.77911 1.99191 1.97882 2.90054 5.05349 5.46998 5.2916 3.22883 2.52812 4.2667 5.72743 5.84075 5.7062 3.98323 4.3477 3.41726 2.15614 1.80766 1.25471 0.0883432 0.647201 -0.207485 0.156617 0.0608512 0.719281 1.0395 1.8228 0.884303 0.88947 2.1269 2.75024 2.76372 3.41796 3.64981 3.70901 3.72238 3.7315 3.73252 3.7412 3.7337 3.72276 3.70887 3.67657 3.60106 3.3696 2.12496 2.12598 2.46727 2.79025 3.3798 3.54363
-9999 -9999 -9999 -9999 -9999 -9999 -9999 -1.61025 0.44434 3.21235 5.26234 5.39006 6.38591 6.89924 6.48101 6.01029 5.52876 5.31754 4.07116 2.70234 1.59633 0.287498 0.502324 1.44098 2.98081 4.37125 4.6194 4.33123 3.22772 3.74972 4.93495 5.56346 5.74752 5.59938 5.22263 5.00408 4.31844 4.02019 3.0688 1.58235 0.995817 1.36443 -0.213356 -0.104875 0.476282 -0.140549 0.878538 1.36534 0.153833 1.11583 2.21033 2.76887 3.25691 3.48682 3.57724 3.71703 3.71883 3.72892 3.73368 3.73001 3.72846 3.70411 3.68382 3.55041 3.35428 2.19236 1.70853 1.8027 2.33868 2.80794 3.3 3.50031
-9999 -9999 -9999 -9999 -9999 -9999 -9999 -1.26321 0.586517 2.98642 4.44771 4.7082 5.81275 6.79471 6.6835 6.19389 6.04386 5.53658 4.47939 3.3119 2.03605 1.41545 -0.0101674 1.39215 2.50583 3.68314 4.23356 3.32814 2.87007 3.67812 4.4813 4.80113 5.61205 5.6026 5.33597 4.19242 3.63383 3.86729 3.62627 3.2056 2.18191 2.13465 1.47648 1.20286 0.944339 0.112209 0.642694 0.694224 0.837055 1.99118 2.55988 2.93624 3.27837 3.36672 3.51437 3.70658 3.72179 3.72693 3.72429 3.72624 3.71036 3.65361 3.6056 3.33828 2.86614 1.98633 0.562213 1.56503 2.61373 2.92554 3.23134 3.38861
-9999 -9999 -9999 -9999 -9999 -9999 -9999 -1.58176 0.383218 2.43415 3.291 3.43554 5.43564 6.65979 6.6606 6.42784 6.15623 4.90506 4.97732 4.7263 3.5753 1.89925 0.0586689 0.230603 1.32758 2.88548 3.39952 1.89959 1.36688 1.75689 2.97208 4.05958 5.19504 5.4822 5.14691 3.36792 1.47748 2.35166 3.28584 3.27888 3.00251 2.05301 1.75032 1.47614 0.78291 -0.388179 -0.215796 0.108031 1.41889 1.83107 2.46887 2.99821 2.79595 2.91116 3.41746 3.70716 3.71627 3.71962 3.72742 3.71897 3.69985 3.58824 3.47018 3.27318 2.04416 1.27941 0.168647 1.45905 2.17342 2.55468 3.23462 3.39568
-9999 -9999 -9999 -9999 -9999 -9999 -9999 -2.19354 -0.767831 1.19243 1.98181 3.24147 5.13153 6.06051 6.50516 6.49409 6.31269 5.75181 5.4142 4.75005 3.55273 1.91598 0.0967471 -1.08777 -0.486588 1.61038 2.10784 0.721973 0.0152702 0.893103 2.18827 4.10648 5.20177 5.34831 5.24748 4.8793 3.49866 1.83091 1.83481 2.66863 1.96773 1.15338 1.59854 1.51405 0.829485 0.331047 0.0302323 0.217974 0.96561 1.27223 2.00931 3.09808 3.25238 3.21951 3.67679 3.69786 3.70669 3.72214 3.71973 3.71368 3.69809 3.60667 3.4041 2.58537 1.87122 0.878373 0.754203 1.90375 2.40527 2.87355 3.20623 3.31355
-9999 -9999 -9999 -9999 -9999 -9999 -9999 -3.24451 -1.56699 0.269253 1.98846 3.61486 5.01442 5.12149 5.85902 5.85687 6.24273 6.13069 5.61075 5.05124 4.01952 1.91719 0.149342 -1.77852 -1.27112 0.864095 1.15137 0.220673 -1.49814 0.274601 2.22958 4.00117 4.9595 4.20561 4.97513 4.91014 4.39177 3.39826 1.85445 1.88183 0.724412 0.672327 1.26402 1.45485 1.35419 0.979562 0.383865 0.487346 0.941714 1.05513 1.73234 2.57654 3.40182 3.53891 3.69478 3.69967 3.70035 3.71136 3.71113 3.69201 3.64782 3.55219 2.86541 2.04902 1.54542 0.853022 0.767473 2.09388 2.62057 2.91467 3.2017 3.31393
-9999 -9999 -9999 -9999 -9999 -9999 -9999 -9999 -1.74222 0.154828 1.55826 1.9354 3.1793 3.85039 4.36941 4.48349 5.96675 6.0474 5.71736 5.20334 4.32326 2.72778 1.61596 -0.23324 -1.56255 -1.01375 -0.753235 -0.26581 -0.410702 0.379378 2.25804 4.21523 4.42752 3.18195 3.36463 3.62329 4.20496 3.90722 1.80427 0.734897 -0.153092 0.474441 1.13469 1.29302 1.3232 1.19357 1.04581 0.796412 1.68013 2.33352 2.48351 3.05296 3.47289 3.58747 3.67333 3.68227 3.6914 3.68968 3.66322 3.6435 3.53573 3.29658 2.52846 0.683921 0.768024 0.566779 -0.00834595 1.28513 2.10345 2.83327 3.22016 3.31859
-9999 -9999 -9999 -9999 -9999 -9999 -9999 -9999 -2.37726 -0.182178 0.280736 0.245248 -0.482897 -0.149383 2.54467 3.08616 4.50858 5.85543 5.75531 5.251 4.42752 3.47697 2.00585 -0.0737252 -1.72618 -2.41673 -0.639463 1.10843 1.46807 2.02451 3.17535 3.3931 2.12034 0.926593 1.5945 1.99608 3.53072 3.80926 3.50868 2.24073 0.791241 0.0335939 0.923409 1.04053 1.09198 1.10052 1.07087 1.03675 2.03705 2.58759 2.96889 3.1756 3.53588 3.62666 3.65443 3.68046 3.67201 3.65142 3.59228 3.52526 3.23682 2.88804 1.63097 0.582584 -0.0719655 -0.90227 0.962177 1.51321 2.28181 2.77497 3.15963 3.24226
