Test_Spring_2018/01_18/Temp/20180119_010.txt
ncols	170
nrows	115
xllcorner	350000.000000
yllcorner	4445000.000000
cellsize	1000.000000
nodata_value	-9999.000000
[rows 32 to 63 of 115, columns 72 to 143 of 170]
10.4957 10.2235 10.6599 11.062 10.8142 10.6545 11.3074 11.3133 11.0972 10.5816 10.3967 10.2049 10.0901 9.42767 7.55631 5.87005 6.78464 6.81332 6.19295 7.32509 6.73756 5.19375 3.01149 4.20764 3.90431 2.35273 1.97648 -9999 -9999 -9999 -9999 -9999 -9999 -9999 -9999 -9999 -9999 -9999 -9999 -9999 -9999 -9999 -9999 -9999 -9999 -9999 -9999 -9999 -9999 -9999 -9999 -9999 -9999 -9999 -9999 -9999 -9999 -9999 -9999 -9999 -9999 -9999 -9999 -9999 -9999 -9999 -9999 -9999 -9999 -9999 -9999 -9999
10.1229 10.0096 10.6553 10.6479 10.6075 10.833 11.2393 11.3259 11.2455 11.0242 10.8337 10.6308 10.1058 9.34696 7.7464 5.826 5.39601 6.34657 6.39894 6.55758 6.02279 5.34915 4.29134 5.16954 5.51447 4.49902 3.16579 2.30809 -9999 -9999 -9999 -9999 -9999 -9999 -9999 -9999 -9999 -9999 -9999 -9999 -9999 -9999 -9999 -9999 -9999 -9999 -9999 -9999 -9999 -9999 -9999 -9999 -9999 -9999 -9999 -9999 -9999 -9999 -9999 -9999 -9999 -9999 -9999 -9999 -9999 -9999 -9999 -9999 -9999 -9999 -9999 -9999
9.67826 9.06442 9.45605 9.75152 10.2815 10.4172 10.5035 11.2723 11.2381 11.2092 10.8901 10.6364 10.2117 9.4816 8.43923 7.18279 4.9898 6.35367 7.42314 7.40301 7.35179 6.88194 5.866 6.72813 6.77474 5.4761 3.98922 3.12372 2.76993 -9999 -9999 -9999 -9999 -9999 -9999 -9999 -9999 -9999 -9999 -9999 -9999 -9999 -9999 -9999 -9999 -9999 -9999 -9999 -9999 -9999 -9999 -9999 -9999 -9999 -9999 -9999 -9999 -9999 -9999 -9999 -9999 -9999 -9999 -9999 -9999 -9999 -9999 -9999 -9999 -9999 -9999 -9999
9.173 8.42178 8.81575 9.33925 10.0692 10.4438 10.7314 10.9656 11.2044 11.1833 10.8565 9.8787 9.74501 9.70945 9.03017 7.59678 6.16532 5.79985 7.42762 7.89856 7.81104 8.17977 7.32021 7.73616 7.57475 7.11924 5.69238 4.39334 3.86236 2.80625 -9999 -9999 -9999 -9999 -9999 -9999 -9999 -9999 -9999 -9999 -9999 -9999 -9999 -9999 -9999 -9999 -9999 -9999 -9999 -9999 -9999 -9999 -9999 -9999 -9999 -9999 -9999 -9999 -9999 -9999 -9999 -9999 -9999 -9999 -9999 -9999 -9999 -9999 -9999 -9999 -9999 -9999
-9999 -9999 7.95137 8.65571 9.24134 9.9557 10.5711 10.886 11.1921 11.1743 10.5145 10.1953 10.1738 9.73104 8.94578 8.45569 7.55716 6.62068 6.98843 8.37757 7.76984 8.75581 8.67964 8.86607 8.21792 6.97786 5.32717 4.36208 3.88774 3.03325 -9999 -9999 -9999 -9999 -9999 -9999 -9999 -9999 -9999 -9999 -9999 -9999 -9999 -9999 -9999 -9999 -9999 -9999 -9999 -9999 -9999 -9999 -9999 -9999 -9999 -9999 -9999 -9999 -9999 -9999 -9999 -9999 -9999 -9999 -9999 -9999 -9999 -9999 -9999 -9999 -9999 -9999
-9999 -9999 -9999 8.52646 8.97321 9.93328 10.4209 10.6272 11.1171 11.1245 10.8786 10.6947 10.4251 10.071 9.48263 8.83288 7.98832 7.91687 8.80823 8.82635 8.64872 8.80073 9.26158 9.1483 8.14096 6.3941 5.47655 3.59897 2.80169 2.89118 2.32841 -9999 -9999 -9999 -9999 -9999 -9999 -9999 -9999 -9999 -9999 -9999 -9999 4.62659 -9999 -9999 -9999 -9999 -9999 -9999 -9999 -9999 -9999 -9999 -9999 -9999 -9999 -9999 -9999 -9999 -9999 -9999 -9999 -9999 1.40943 -9999 -9999 -9999 -9999 -9999 -9999 -9999
-9999 -9999 8.44079 9.03235 9.50185 10.1056 10.1645 10.5203 11.0826 11.0969 10.9243 10.7287 10.2809 10.1753 9.84362 9.13765 8.99922 9.29591 9.43655 9.59484 9.69495 9.62644 9.44914 9.21782 8.5649 7.76029 7.22231 5.51226 4.64659 3.82357 2.57452 1.59919 -9999 -9999 -9999 -9999 -9999 -9999 -9999 3.93151 3.89464 3.92689 4.21251 4.98335 4.54659 -9999 -9999 -9999 -9999 -9999 -9999 -9999 -9999 -9999 -9999 -9999 -9999 -9999 -9999 -9999 -9999 -9999 -9999 -9999 2.09779 1.11885 -9999 -9999 -9999 -9999 -9999 -9999
-9999 -9999 8.59271 9.22518 9.54362 10.1299 10.4676 10.681 10.8797 11.0701 11.0455 10.8283 10.4947 10.5041 10.0422 9.79675 9.62373 10.0225 10.1075 9.95799 9.76841 9.60136 9.11583 9.0653 8.90552 8.39699 7.55818 6.69361 5.43715 3.73859 2.07318 0.731481 -9999 -9999 -9999 -9999 -9999 -9999 4.06327 4.70495 5.0935 4.29876 4.99666 5.63552 5.54556 4.94647 -9999 -9999 -9999 -9999 -9999 -9999 -9999 -9999 -9999 -9999 -9999 -9999 -9999 -9999 6.74909 5.74475 3.70596 2.66593 2.04615 1.15701 -9999 -9999 -9999 -9999 -9999 -9999
-9999 -9999 8.46843 9.21422 9.721 10.1713 10.2476 10.7043 10.9049 11.0099 11.0045 10.9668 10.9111 10.5087 10.3401 9.72874 10.329 10.3145 10.1723 9.58641 9.3365 8.32452 7.88281 7.78366 8.64685 8.01953 6.70304 5.0558 3.07084 2.94749 2.29719 1.09865 -9999 -9999 -9999 -9999 -9999 -9999 4.25828 4.94409 5.5184 5.61091 4.82137 5.94876 5.91631 5.30232 5.17137 5.69447 5.96495 5.78132 6.40532 6.59503 6.32947 6.64248 -9999 -9999 -9999 -9999 6.87165 6.92229 6.96294 6.55014 4.32186 2.80329 1.44083 1.32614 -9999 -9999 -9999 -9999 -9999 -9999
-9999 -9999 8.98131 9.44227 9.6777 9.71984 10.1242 10.5233 10.7709 10.9555 10.9258 10.9179 10.9096 10.7769 10.4592 10.5257 10.5075 10.3256 9.20379 7.89283 8.47519 7.69919 6.02556 7.39363 8.14776 7.43591 5.8391 3.98657 3.37969 3.41088 2.50356 1.33522 -9999 -9999 -9999 2.38223 3.35908 3.45286 3.74809 4.65968 5.35583 5.88252 6.24519 6.24266 5.88487 5.28472 4.63143 4.87922 6.08522 6.38749 6.64432 6.84061 6.59487 6.74025 7.06976 7.24469 7.28786 7.22226 7.21461 7.25026 7.22173 6.83714 4.84406 3.70831 2.98756 1.53438 -9999 -9999 -9999 -9999 -9999 -9999
-9999 -9999 8.69555 9.09692 9.42272 9.95739 10.0184 10.3605 10.5616 10.8622 10.9021 10.5605 10.8556 10.826 10.7801 10.6741 10.515 9.56958 8.26318 6.95328 6.3525 6.61547 5.61392 6.13785 6.90185 6.63014 5.65266 4.00273 3.775 3.39209 1.861 0.388011 -9999 -9999 0.495308 2.36074 3.67729 4.36131 4.58025 4.61069 5.48529 5.56395 6.50505 6.2964 5.07976 5.22933 4.76146 5.08275 5.53417 5.66533 6.30569 6.92378 7.04873 7.06159 7.27498 7.32656 7.34693 7.35112 7.22264 7.29521 7.31444 7.07827 5.63757 4.94033 4.173 1.55614 -9999 -9999 -9999 -9999 -9999 -9999
-9999 -9999 8.89674 9.34455 9.83433 9.91728 10.2812 10.2476 10.1462 10.6531 10.8406 10.6014 10.4316 10.7654 10.7509 10.7159 10.6531 9.76528 8.73642 7.17428 6.20631 5.61376 5.19652 4.63629 5.03142 4.91796 4.76379 4.95269 4.50194 3.59562 2.70183 1.02396 0.119944 -9999 0.594275 1.44078 3.00487 4.336 5.185 4.89389 5.88717 6.08045 6.65663 6.33516 5.60184 5.29427 5.2772 5.19052 5.8635 6.31965 6.64392 6.86465 7.13731 7.21395 7.29063 7.3282 7.35286 7.37761 7.38354 7.38767 7.36778 7.285 6.62789 5.93342 4.41826 1.64433 -9999 -9999 -9999 -9999 -9999 -9999
-9999 7.60501 8.84673 9.59431 9.88615 10.0978 10.2849 10.4215 10.5616 10.6956 10.7912 10.758 10.1142 10.1751 10.3003 10.6784 10.6607 10.5883 10.0297 8.12728 7.47221 6.51363 5.27047 4.75412 5.02088 6.05065 6.0102 5.33704 4.58622 3.54285 2.88252 1.85597 -0.120099 0.065462 0.966375 1.63938 2.70531 4.33034 5.47293 5.98886 6.1907 6.59843 6.81667 6.37386 5.95344 5.78275 5.45638 5.42037 5.43447 5.84557 6.16774 6.87289 7.11692 7.23418 7.29852 7.33745 7.36819 7.39845 7.41497 7.41092 7.42102 7.42518 7.38712 6.45757 4.11884 2.36192 -9999 -9999 -9999 -9999 -9999 -9999
-9999 -9999 8.61816 8.94904 9.03832 9.19168 9.50191 9.85919 10.3608 10.4305 10.7122 10.7164 10.1617 9.52156 10.0944 10.3273 10.5686 10.5844 10.52 8.92017 8.0876 7.43317 6.24134 6.67929 7.09547 7.13196 6.88932 5.43987 3.99626 2.32766 0.772996 0.704247 -0.129922 0.321509 0.919194 2.44221 3.51719 3.95914 4.27987 5.93277 6.36988 6.5291 6.96118 6.39976 6.26857 5.84993 5.9901 5.96438 5.97864 4.79678 6.00469 6.08659 6.87735 7.23868 7.32825 7.35953 7.392 7.40496 7.41868 7.42435 7.44164 7.44019 7.4389 6.83878 3.86767 2.38476 -9999 -9999 -9999 -9999 -9999 -9999
-9999 -9999 -9999 -9999 8.7301 8.98295 9.14633 9.42672 10.2754 10.5089 10.6664 10.6857 10.4427 9.80831 9.64791 9.77433 9.15742 9.68991 10.4139 10.4039 10.3243 8.91968 8.20383 8.90884 8.70182 7.64594 6.8158 5.99636 4.3052 3.06525 1.28251 -0.0545228 -0.098974 1.38959 2.62753 4.16855 4.8539 4.47871 4.90605 5.73249 6.67032 7.13002 7.03633 6.44407 6.37355 5.7216 6.38687 6.45495 6.16326 5.9125 6.02786 6.42486 6.58282 7.20338 7.36111 7.39704 7.41106 7.42278 7.42931 7.43503 7.43801 7.44176 7.44378 7.42719 4.37296 2.00248 -9999 -9999 -9999 -9999 -9999 -9999
-9999 -9999 -9999 -9999 8.142 8.29727 8.70002 9.72913 10.2664 10.4883 10.4867 10.5935 10.4242 9.86757 9.29649 8.759 8.06318 8.47507 9.54981 10.1864 10.2653 9.0348 9.68485 9.44963 8.97988 7.5973 6.57944 6.04187 4.41834 3.02591 1.84154 0.2046 0.913201 1.69361 2.69484 4.3752 5.51252 5.98597 5.60718 6.13965 7.21726 7.2351 6.66419 6.71444 6.37346 5.4781 6.43586 6.71417 6.51182 6.5792 6.51012 6.6649 6.9373 7.19793 7.3743 7.40632 7.41819 7.42184 7.43061 7.44079 7.43881 7.44996 7.45204 7.44754 5.48027 1.95845 -9999 -9999 -9999 -9999 -9999 -9999
-9999 -9999 -9999 -9999 -9999 7.61039 8.52499 9.88991 10.228 10.2023 10.4891 10.5198 10.2562 10.029 9.33406 8.38197 6.54486 7.02405 8.01406 9.43739 10.1887 10.0952 9.68749 8.97451 7.24054 5.72337 5.54329 5.29867 4.11502 3.04306 1.72571 2.49755 3.343 4.26801 4.75792 4.6408 5.61662 6.4146 6.09041 6.74115 7.49897 7.17256 6.9847 6.8292 6.43296 6.42093 6.47644 7.02565 6.66641 6.90651 6.92316 6.92152 7.05952 7.21634 7.38016 7.41485 7.42437 7.43593 7.42716 7.4429 7.44392 7.44554 7.44838 7.44618 7.27875 5.38843 4.26254 -9999 -9999 -9999 -9999 -9999
-9999 -9999 -9999 -9999 -9999 6.77067 7.22861 8.84454 9.3426 10.0601 10.4441 10.468 10.018 9.77112 8.73126 8.40032 6.70178 5.93724 6.60195 6.35883 8.31519 10.0467 9.67758 6.20241 4.94709 4.05295 4.28885 4.29575 3.96963 2.14361 1.64509 3.28742 4.3241 5.1293 5.74243 5.87679 5.86496 7.10769 7.28188 7.69351 7.61799 7.66709 7.05692 6.68419 7.03484 6.65953 6.60589 7.17285 6.63891 7.14473 7.09733 6.96028 6.96331 7.29901 7.37476 7.41894 7.43032 7.42651 7.41922 7.41942 7.43993 7.44548 7.4384 7.45072 7.44478 7.23269 6.25954 5.92775 6.32229 -9999 -9999 -9999
-9999 -9999 -9999 -9999 -9999 -9999 5.72635 7.97086 8.99472 9.53788 10.3011 10.3989 10.1619 9.72933 8.67027 7.74028 6.22279 4.48839 3.57275 6.34491 8.75822 10.0209 9.86231 6.9707 5.8328 5.78517 6.46385 5.90044 5.47423 4.08714 3.67757 3.10645 3.46831 4.58742 5.50464 6.38975 7.03625 7.09799 7.52212 7.77052 7.80148 7.8878 7.82681 7.77948 7.19296 7.62067 7.28122 7.48052 7.37238 7.27564 7.19309 6.8606 7.11415 7.33948 7.40475 7.43166 7.42752 7.43339 7.43338 7.42264 7.42377 7.43289 7.44186 7.44229 7.45393 7.45782 7.35998 6.77952 5.99806 5.00729 -9999 -9999
-9999 -9999 -9999 -9999 -9999 -9999 4.60843 6.84226 7.91691 9.30543 10.0212 10.3165 10.2861 9.93703 9.13429 7.922 6.91372 4.97634 2.96415 5.87265 8.46417 9.86603 9.94672 7.51771 8.19882 7.65885 7.88442 6.89074 6.48093 6.15496 5.44354 4.66532 3.81263 3.36693 5.41543 6.47163 7.32389 7.73116 7.96621 8.08928 8.03984 7.89842 7.00405 7.70724 7.68429 7.62798 7.56147 7.5355 7.47593 7.40332 7.3643 7.35765 7.14009 7.4093 7.41368 7.42606 7.4361 7.43824 7.43448 7.43266 7.42859 7.43929 7.44182 7.44433 7.44993 7.46139 7.46656 7.44646 7.3013 5.96638 5.1726 4.96037
-9999 -9999 -9999 -9999 -9999 -9999 1.47674 4.72505 7.32995 8.69736 9.81102 10.1226 10.2439 9.77267 9.42265 8.55599 7.73589 6.4659 4.55911 3.38813 5.56678 8.73168 9.9015 9.81693 9.7503 9.12536 8.56254 8.4963 8.54451 7.88505 6.92533 5.67191 5.28706 4.85252 6.38028 6.59464 6.49235 8.17325 8.18711 8.10269 7.47422 6.76921 6.91685 6.48597 6.8391 6.32293 6.82079 7.25263 7.42117 7.4196 7.37442 7.37919 7.36427 7.42028 7.42863 7.43033 7.43368 7.43968 7.44259 7.43264 7.43146 7.44873 7.44657 7.44792 7.45026 7.46364 7.4723 7.46045 7.4507 7.25557 6.95591 6.37586
-9999 -9999 -9999 -9999 -9999 -9999 1.61495 4.34304 6.66284 8.05563 9.39676 9.71345 10.1713 10.082 9.7148 8.96239 8.02038 6.97652 5.3417 4.1286 5.58926 7.69133 9.19954 9.74406 9.74363 9.71364 9.5769 9.5222 9.36183 9.2456 8.56048 7.37881 6.71314 5.73619 7.43802 7.63624 7.37989 8.23469 8.20207 6.9337 5.96131 5.84993 6.46051 5.90169 5.81489 5.47159 5.88475 6.97208 6.67064 6.74379 7.24178 7.3326 7.39599 7.41928 7.42507 7.4318 7.43255 7.44294 7.45349 7.44399 7.44508 7.45101 7.44312 7.45124 7.44985 7.45532 7.45877 7.45784 7.44981 7.40268 7.3516 7.433
-9999 -9999 -9999 -9999 -9999 -9999 1.67264 3.50657 5.59496 7.64351 9.07537 9.65731 10.0833 10.0866 9.65829 9.28831 8.70075 7.7832 7.15636 6.06187 4.55652 7.10093 7.88393 8.58476 8.88224 9.6121 9.60032 9.27447 8.88911 9.25272 9.15614 8.22095 7.91815 7.40248 8.35245 8.36277 8.34522 8.30381 7.23317 5.74171 4.55203 5.42658 5.25724 5.66443 4.44945 5.47329 6.29835 6.5737 6.03199 5.63275 6.91115 7.13413 7.2689 7.3585 7.42043 7.41697 7.43918 7.44107 7.44689 7.45258 7.45176 7.45554 7.45518 7.45484 7.45592 7.46278 7.46031 7.45646 7.46722 7.44692 7.44595 7.44862
-9999 -9999 -9999 -9999 -9999 -9999 -9999 2.42508 5.06861 7.43213 8.75114 9.58346 9.99283 9.99311 9.77782 9.52895 9.16747 8.50753 7.67639 6.35826 5.38156 6.01378 6.78057 6.87293 7.38651 8.86326 9.37174 8.66583 6.90646 7.95416 9.11942 9.10732 9.01543 8.91215 8.77714 8.65774 8.38723 7.64866 5.36781 4.92824 4.04023 4.15309 3.70318 4.72033 4.35723 5.40288 5.86243 6.04281 5.09756 5.31015 6.44754 6.90246 6.83853 7.12116 7.3904 7.40847 7.42547 7.42834 7.44373 7.4558 7.4617 7.46157 7.46385 7.46867 7.45972 7.4769 7.4037 7.36032 7.26002 7.41057 7.43533 7.46006
-9999 -9999 -9999 -9999 -9999 -9999 -9999 1.89748 4.53852 7.32105 8.21911 9.1159 9.89113 9.91361 9.58037 9.26395 8.93787 8.56554 7.5556 6.57638 5.6417 5.33281 5.52983 5.51862 6.34566 8.26791 8.64525 8.49337 6.65855 6.043 7.59783 8.90582 9.01548 8.90505 7.38191 7.71631 6.89912 5.78814 5.48946 5.00918 3.98345 4.49275 3.74465 4.08093 4.00631 4.60463 4.90203 5.61134 4.78877 4.80285 5.92016 6.48691 6.51094 7.10487 7.32291 7.38728 7.41085 7.43065 7.4433 7.46286 7.46811 7.47043 7.47022 7.45372 7.39883 7.20703 6.11471 6.12802 6.44391 6.74336 7.28224 7.4439
-9999 -9999 -9999 -9999 -9999 -9999 -9999 2.2017 4.03647 6.50632 8.33779 8.45951 9.35391 9.81932 9.4562 9.04651 8.62723 8.44839 7.34847 6.1394 5.16388 4.00762 4.20656 5.04915 6.41902 7.66324 7.89118 7.64201 6.66074 7.13328 8.19612 8.76398 8.93678 8.81441 8.48902 8.30476 7.70534 7.4509 6.61571 5.3048 4.79473 5.13459 3.74298 3.85166 4.3809 3.84253 4.76154 5.20697 4.14144 5.01099 5.99707 6.50619 6.95245 7.16895 7.26124 7.3974 7.41078 7.43153 7.44759 7.45622 7.46682 7.45723 7.45133 7.34488 7.18268 6.1613 5.74781 5.84396 6.33306 6.76267 7.21967 7.40959
-9999 -9999 -9999 -9999 -9999 -9999 -9999 2.5126 4.16535 6.30787 7.6157 7.85556 8.84663 9.72888 9.63878 9.21214 9.08764 8.64526 7.71355 6.68354 5.55691 5.01298 3.75262 5.00787 5.99842 7.05332 7.55047 6.74488 6.34559 7.07288 7.79607 8.08954 8.82019 8.82133 8.594 7.58685 7.10043 7.31897 7.11567 6.75279 5.85366 5.82338 5.24975 5.01834 4.80042 4.0702 4.55444 4.61255 4.75609 5.79251 6.31082 6.6579 6.9744 7.06502 7.20832 7.3912 7.41659 7.43302 7.44258 7.45626 7.45415 7.41576 7.38523 7.15964 6.75189 5.98149 4.73169 5.6362 6.58145 6.87569 7.16281 7.31458
-9999 -9999 -9999 -9999 -9999 -9999 -9999 2.23125 3.98671 5.81891 6.58908 6.72581 8.51358 9.61124 9.62071 9.42248 9.18971 8.08545 8.15848 7.94376 6.92821 5.44535 3.8159 3.97668 4.95855 6.34588 6.81091 5.47661 5.01114 5.36674 6.45667 7.43326 8.45278 8.7179 8.42956 6.85713 5.18584 5.97434 6.81648 6.82157 6.58717 5.75411 5.4966 5.26458 4.65983 3.63089 3.79339 4.0937 5.27374 5.65292 6.23272 6.71593 6.54817 6.66276 7.12521 7.3949 7.41495 7.42987 7.44877 7.45325 7.44831 7.36113 7.2683 7.10528 6.02419 5.35616 4.38287 5.5457 6.19355 6.55303 7.17006 7.32535
-9999 -9999 -9999 -9999 -9999 -9999 -9999 1.68892 2.96476 4.71639 5.42661 6.55543 8.24531 9.08034 9.48462 9.48356 9.33098 8.84077 8.54912 7.96685 6.91009 5.46223 3.85184 2.80597 3.34858 5.21363 5.66434 4.43145 3.81136 4.60111 5.76234 7.47809 8.46198 8.60208 8.52238 8.20509 6.98735 5.51442 5.5289 6.28192 5.66977 4.95687 5.36461 5.30128 4.70417 4.27271 4.01494 4.19869 4.87336 5.15864 5.8268 6.80776 6.95728 6.94019 7.3591 7.38989 7.40976 7.43551 7.44539 7.45206 7.45028 7.3811 7.21309 6.49697 5.87396 5.00303 4.90494 5.94521 6.40859 6.84099 7.1492 7.25685
-9999 -9999 -9999 -9999 -9999 -9999 -9999 0.755783 2.25573 3.89711 5.43458 6.88971 8.14322 8.24704 8.91187 8.91871 9.27078 9.17986 8.72599 8.2368 7.32738 5.46534 3.90071 2.19358 2.65284 4.55857 4.80724 3.98786 2.46745 4.05345 5.80176 7.38715 8.24927 7.58836 8.28301 8.23548 7.78485 6.91175 5.5493 5.58485 4.56654 4.53175 5.06982 5.2514 5.17374 4.85241 4.33528 4.44113 4.85499 4.96844 5.58339 6.34682 7.09334 7.22753 7.37837 7.39483 7.40752 7.42937 7.44122 7.4363 7.40911 7.33621 6.73745 6.02344 5.58777 4.98419 4.92052 6.11548 6.60424 6.88188 7.14964 7.26181
-9999 -9999 -9999 -9999 -9999 -9999 -9999 -9999 2.10166 3.79717 5.05376 5.39751 6.51256 7.11818 7.58862 7.69889 9.02725 9.10777 8.82286 8.37415 7.59964 6.18854 5.20756 3.57043 2.3957 2.88988 3.11505 3.55732 3.43718 4.14899 5.82945 7.57998 7.77842 6.68013 6.85271 7.09314 7.62117 7.36707 5.5072 4.56704 3.78843 4.35826 4.95735 5.11002 5.14879 5.04545 4.93103 4.71595 5.51481 6.10871 6.25468 6.77376 7.15974 7.27398 7.3626 7.38273 7.40298 7.41355 7.40211 7.39668 7.31295 7.11238 6.44129 4.81262 4.89984 4.73327 4.23414 5.40251 6.15189 6.81377 7.17053 7.2706
-9999 -9999 -9999 -9999 -9999 -9999 -9999 -9999 1.53841 3.49907 3.91894 3.89563 3.25631 3.56164 5.96714 6.45769 7.73198 8.939 8.85866 8.41862 7.69449 6.85714 5.5565 3.71441 2.25217 1.63743 3.22567 4.78203 5.11072 5.61465 6.64758 6.85062 5.72789 4.67569 5.27997 5.64756 7.02341 7.28203 7.02566 5.90887 4.63077 3.96834 4.77171 4.88779 4.94554 4.96521 4.95545 4.9354 5.83522 6.33771 6.68956 6.88601 7.21901 7.31214 7.34915 7.38453 7.38919 7.383 7.3425 7.29501 7.05055 6.75246 5.6464 4.72607 4.15621 3.43008 5.10141 5.60938 6.31117 6.76619 7.12114 7.20734
