Test_Spring_2018/01_18/Temp/20180111_016.txt
ncols	170
nrows	115
xllcorner	350000.000000
yllcorner	4445000.000000
cellsize	1000.000000
nodata_value	-9999.000000
[rows 32 to 63 of 115, columns 72 to 143 of 170]
10.3686 10.0748 10.5363 10.9616 10.7107 10.5414 11.24 11.2428 11.0089 10.4555 10.2543 10.0454 9.91849 9.20756 7.20806 5.40566 6.37488 6.39987 5.73311 6.93401 6.30226 4.65146 2.32033 3.58975 3.26125 1.60947 1.20147 -9999 -9999 -9999 -9999 -9999 -9999 -9999 -9999 -9999 -9999 -9999 -9999 -9999 -9999 -9999 -9999 -9999 -9999 -9999 -9999 -9999 -9999 -9999 -9999 -9999 -9999 -9999 -9999 -9999 -9999 -9999 -9999 -9999 -9999 -9999 -9999 -9999 -9999 -9999 -9999 -9999 -9999 -9999 -9999 -9999
9.97033 9.84588 10.5305 10.5193 10.4799 10.7309 11.1666 11.2553 11.1657 10.9259 10.7186 10.4979 9.93374 9.12004 7.40915 5.35724 4.89357 5.90108 5.95135 6.11486 5.53939 4.816 3.68327 4.61386 4.9762 3.88885 2.46811 1.55406 -9999 -9999 -9999 -9999 -9999 -9999 -9999 -9999 -9999 -9999 -9999 -9999 -9999 -9999 -9999 -9999 -9999 -9999 -9999 -9999 -9999 -9999 -9999 -9999 -9999 -9999 -9999 -9999 -9999 -9999 -9999 -9999 -9999 -9999 -9999 -9999 -9999 -9999 -9999 -9999 -9999 -9999 -9999 -9999
9.49547 8.8376 9.25148 9.56304 10.1361 10.2931 10.3815 11.1972 11.1569 11.122 10.7776 10.5027 10.0454 9.26228 8.14625 6.80193 4.45941 5.90743 7.04169 7.01472 6.95466 6.4485 5.36043 6.27393 6.31837 4.9283 3.35076 2.42234 2.03922 -9999 -9999 -9999 -9999 -9999 -9999 -9999 -9999 -9999 -9999 -9999 -9999 -9999 -9999 -9999 -9999 -9999 -9999 -9999 -9999 -9999 -9999 -9999 -9999 -9999 -9999 -9999 -9999 -9999 -9999 -9999 -9999 -9999 -9999 -9999 -9999 -9999 -9999 -9999 -9999 -9999 -9999 -9999
8.95585 8.15166 8.56812 9.12278 9.90304 10.3103 10.6235 10.8695 11.1201 11.0936 10.741 9.69432 9.54703 9.50412 8.775 7.24208 5.71112 5.31615 7.04541 7.54183 7.4431 7.83069 6.90931 7.34734 7.17012 6.67854 5.15765 3.77456 3.20259 2.07088 -9999 -9999 -9999 -9999 -9999 -9999 -9999 -9999 -9999 -9999 -9999 -9999 -9999 -9999 -9999 -9999 -9999 -9999 -9999 -9999 -9999 -9999 -9999 -9999 -9999 -9999 -9999 -9999 -9999 -9999 -9999 -9999 -9999 -9999 -9999 -9999 -9999 -9999 -9999 -9999 -9999 -9999
-9999 -9999 7.64596 8.39897 9.02481 9.78927 10.452 10.7839 11.1064 11.0834 10.3759 10.0311 10.0033 9.52641 8.6843 8.15662 7.19357 6.19004 6.57645 8.05141 7.39831 8.44372 8.35727 8.55074 7.85484 6.53242 4.76767 3.74051 3.22893 2.3121 -9999 -9999 -9999 -9999 -9999 -9999 -9999 -9999 -9999 -9999 -9999 -9999 -9999 -9999 -9999 -9999 -9999 -9999 -9999 -9999 -9999 -9999 -9999 -9999 -9999 -9999 -9999 -9999 -9999 -9999 -9999 -9999 -9999 -9999 -9999 -9999 -9999 -9999 -9999 -9999 -9999 -9999
-9999 -9999 -9999 8.26051 8.73831 9.75884 10.2912 10.5076 11.0261 11.0299 10.7635 10.563 10.2708 9.88823 9.25592 8.55801 7.65241 7.57069 8.51508 8.5289 8.33416 8.49083 8.97674 8.85085 7.77152 5.90953 4.92633 2.92664 2.07097 2.16021 1.55419 -9999 -9999 -9999 -9999 -9999 -9999 -9999 -9999 -9999 -9999 -9999 -9999 3.90779 -9999 -9999 -9999 -9999 -9999 -9999 -9999 -9999 -9999 -9999 -9999 -9999 -9999 -9999 -9999 -9999 -9999 -9999 -9999 -9999 0.284215 -9999 -9999 -9999 -9999 -9999 -9999 -9999
-9999 -9999 8.16564 8.80295 9.30103 9.94209 10.0079 10.3934 10.9891 11.0005 10.8123 10.5992 10.117 9.9993 9.64039 8.88246 8.72928 9.03981 9.18407 9.34722 9.44847 9.37014 9.176 8.92438 8.22756 7.36487 6.78632 4.95846 4.03674 3.1536 1.81627 0.770485 -9999 -9999 -9999 -9999 -9999 -9999 -9999 3.1992 3.15205 3.17839 3.47458 4.28773 3.81377 -9999 -9999 -9999 -9999 -9999 -9999 -9999 -9999 -9999 -9999 -9999 -9999 -9999 -9999 -9999 -9999 -9999 -9999 -9999 1.01753 -0.0356026 -9999 -9999 -9999 -9999 -9999 -9999
-9999 -9999 8.33541 9.00748 9.34498 9.96789 10.3257 10.5645 10.773 10.9721 10.9417 10.7056 10.3451 10.3499 9.85207 9.58476 9.39458 9.81381 9.89858 9.73367 9.52616 9.34282 8.82023 8.76138 8.58992 8.04293 7.14392 6.2174 4.87907 3.06296 1.28201 -0.154129 -9999 -9999 -9999 -9999 -9999 -9999 3.34758 4.0237 4.42987 3.57481 4.31029 4.98269 4.8782 4.22594 -9999 -9999 -9999 -9999 -9999 -9999 -9999 -9999 -9999 -9999 -9999 -9999 -9999 -9999 6.01154 4.93229 2.75036 1.63255 0.962343 0.00478042 -9999 -9999 -9999 -9999 -9999 -9999
-9999 -9999 8.20158 8.99489 9.53356 10.012 10.0917 10.585 10.8002 10.9084 10.8986 10.8538 10.7894 10.3552 10.1699 9.5124 10.1462 10.1247 9.96735 9.33722 9.06536 7.98156 7.50572 7.3987 8.3137 7.64029 6.23241 4.47197 2.3577 2.22001 1.52102 0.237542 -9999 -9999 -9999 -9999 -9999 -9999 3.55598 4.27907 4.88313 4.97353 4.12371 5.31662 5.26876 4.60513 4.45619 5.00424 5.28307 5.07879 5.7314 5.92439 5.63239 5.95718 -9999 -9999 -9999 -9999 6.15932 6.20485 6.23955 5.79077 3.4069 1.77906 0.31724 0.180836 -9999 -9999 -9999 -9999 -9999 -9999
-9999 -9999 8.74683 9.23705 9.48705 9.53103 9.96086 10.3929 10.6579 10.8504 10.8146 10.8017 10.7876 10.6408 10.2963 10.3611 10.3354 10.1354 8.93369 7.53061 8.1455 7.3147 5.5297 6.98241 7.78137 7.01807 5.31165 3.33265 2.68694 2.71418 1.74141 0.488408 -9999 -9999 -9999 1.57809 2.61198 2.70449 3.01144 3.97501 4.70874 5.26356 5.64153 5.63034 5.23555 4.58647 3.88065 4.1351 5.41076 5.72337 5.98558 6.18553 5.91464 6.05799 6.40082 6.57906 6.61695 6.53893 6.52257 6.5522 6.51319 6.09442 3.96377 2.74384 1.9658 0.398277 -9999 -9999 -9999 -9999 -9999 -9999
-9999 -9999 8.43809 8.86499 9.21157 9.78478 9.84893 10.2123 10.4316 10.752 10.7905 10.422 10.7313 10.6941 10.6391 10.5198 10.3439 9.32986 7.93127 6.52916 5.88305 6.16068 5.08827 5.64146 6.45097 6.15919 5.11141 3.34848 3.10113 2.69302 1.05541 -0.520171 -9999 -9999 -0.424676 1.5565 2.95243 3.67394 3.89952 3.92392 4.8477 4.92298 5.91716 5.68597 4.37613 4.52588 4.01921 4.35178 4.81906 4.94935 5.62286 6.27047 6.39493 6.40019 6.61941 6.66635 6.68012 6.67664 6.53166 6.60074 6.61269 6.3521 4.80742 4.05463 3.22358 0.419729 -9999 -9999 -9999 -9999 -9999 -9999
-9999 -9999 8.65249 9.12916 9.65076 9.73884 10.1263 10.0934 9.99025 10.5278 10.7263 10.4668 10.2807 10.6308 10.609 10.5652 10.4916 9.53875 8.43573 6.76463 5.72708 5.09253 4.64287 4.03978 4.45616 4.33071 4.16201 4.35899 3.87651 2.91054 1.95269 0.158607 -0.810671 -9999 -0.317762 0.577586 2.23733 3.64845 4.54541 4.22702 5.27711 5.47438 6.07964 5.72781 4.93305 4.59144 4.56326 4.46102 5.16855 5.64621 5.98272 6.20882 6.48906 6.56242 6.6361 6.66828 6.68682 6.70542 6.70384 6.7001 6.67041 6.57329 5.86363 5.1111 3.48578 0.514459 -9999 -9999 -9999 -9999 -9999 -9999
-9999 7.2715 8.59819 9.39477 9.70589 9.93164 10.1311 10.2765 10.4307 10.5747 10.6733 10.6352 9.94382 10.0029 10.1299 10.5261 10.5003 10.4163 9.8142 7.78029 7.07801 6.05036 4.72036 4.16503 4.44472 5.53781 5.49051 4.76903 3.96482 2.85271 2.14612 1.04672 -1.06522 -0.873462 0.0803105 0.790815 1.91967 3.64398 4.85374 5.3953 5.60179 6.02761 6.251 5.76595 5.30453 5.1123 4.75426 4.70583 4.71104 5.13961 5.47392 6.21709 6.46841 6.58393 6.64462 6.67845 6.70364 6.7283 6.73815 6.72579 6.72812 6.72364 6.67172 5.67079 3.16365 1.27605 -9999 -9999 -9999 -9999 -9999 -9999
-9999 -9999 8.35379 8.70665 8.8023 8.96633 9.29747 9.67848 10.2181 10.2906 10.5882 10.591 9.99578 9.30762 9.91159 10.1529 10.4029 10.4126 10.337 8.62637 7.73303 7.03 5.7547 6.21647 6.65549 6.69017 6.42758 4.87902 3.33675 1.55835 -0.103096 -0.181224 -1.07421 -0.59923 0.0314877 1.64793 2.78644 3.24988 3.58369 5.33682 5.79407 5.95207 6.40261 5.79416 5.64087 5.18414 5.32309 5.28546 5.29072 4.02156 5.29977 5.37812 6.21232 6.5896 6.6765 6.70235 6.72958 6.73596 6.74297 6.74106 6.75108 6.73932 6.72532 6.07473 2.89684 1.3011 -9999 -9999 -9999 -9999 -9999 -9999
-9999 -9999 -9999 -9999 8.47381 8.7442 8.91916 9.21857 10.128 10.3754 10.5408 10.5581 10.2947 9.61425 9.43667 9.56433 8.89958 9.45965 10.2248 10.2075 10.1166 8.61398 7.84581 8.59234 8.36728 7.2379 6.34935 5.47239 3.66651 2.34498 0.440677 -0.988891 -1.04127 0.539682 1.85335 3.48903 4.21231 3.80488 4.25223 5.12336 6.11338 6.59343 6.48342 5.84186 5.75311 5.04753 5.74592 5.80812 5.48722 5.21033 5.32416 5.73837 5.89828 6.55162 6.71206 6.74274 6.75046 6.75566 6.75511 6.75332 6.74605 6.74015 6.73169 6.70277 3.43603 0.894233 -9999 -9999 -9999 -9999 -9999 -9999
-9999 -9999 -9999 -9999 7.84706 8.01364 8.44391 9.54146 10.1191 10.3543 10.3504 10.4609 10.2762 9.67758 9.06285 8.48288 7.73403 8.16573 9.30406 9.97578 10.0536 8.73655 9.42401 9.16852 8.66349 7.186 6.09749 5.52104 3.78738 2.30339 1.03695 -0.712079 0.0382278 0.864611 1.92579 3.7102 4.91518 5.4119 4.99982 5.55823 6.69705 6.70603 6.08725 6.13026 5.75317 4.78803 5.79801 6.08417 5.85845 5.92059 5.83788 5.99403 6.276 6.54587 6.72629 6.75314 6.75857 6.75526 6.75715 6.75925 6.74795 6.74983 6.74129 6.72505 4.61652 0.847592 -9999 -9999 -9999 -9999 -9999 -9999
-9999 -9999 -9999 -9999 -9999 7.28163 8.25744 9.71292 10.0784 10.0497 10.3532 10.3827 10.0975 9.85003 9.10314 8.08139 6.11622 6.61959 7.66755 9.17767 9.97201 9.86655 9.42674 8.66205 6.8097 5.18877 4.99313 4.72894 3.46414 2.32173 0.913652 1.73181 2.62805 3.60862 4.12493 3.9937 5.02659 5.86925 5.51527 6.19965 6.99756 6.63955 6.42888 6.2525 5.81646 5.79264 5.84101 6.41587 6.02295 6.26919 6.2779 6.26741 6.40625 6.56558 6.73273 6.7625 6.76553 6.77067 6.75367 6.76203 6.75387 6.7455 6.73765 6.72376 6.53322 4.50294 3.29002 -9999 -9999 -9999 -9999 -9999
-9999 -9999 -9999 -9999 -9999 6.38656 6.87557 8.59845 9.13437 9.89774 10.3048 10.3271 9.84329 9.57482 8.46054 8.10078 6.28303 5.46151 6.16279 5.89691 7.97549 9.8149 9.41614 5.70766 4.36536 3.40835 3.65599 3.6598 3.30888 1.36288 0.827463 2.57335 3.67341 4.52632 5.17399 5.31061 5.291 6.60756 6.78483 7.21434 7.12412 7.16625 6.50547 6.09756 6.45747 6.0465 5.97859 6.57238 5.99334 6.52283 6.46335 6.30864 6.30371 6.65376 6.72711 6.76703 6.77173 6.7606 6.74516 6.73685 6.7494 6.74516 6.72668 6.72821 6.70977 6.46799 5.41787 5.05129 5.45897 -9999 -9999 -9999
-9999 -9999 -9999 -9999 -9999 -9999 5.27394 7.66647 8.76272 9.34013 10.1512 10.2523 9.99603 9.5296 8.39468 7.39662 5.77194 3.9158 2.93459 5.88217 8.44772 9.78751 9.61298 6.52632 5.30905 5.25409 5.97349 5.36941 4.9117 3.43349 2.99282 2.37974 2.76061 3.94815 4.91909 5.85616 6.53814 6.59611 7.03947 7.29548 7.31876 7.40059 7.32513 7.26406 6.62524 7.07014 6.69772 6.8998 6.77464 6.66207 6.5652 6.20229 6.46442 6.69687 6.75906 6.77931 6.76816 6.76727 6.75952 6.73962 6.73125 6.73079 6.72942 6.71831 6.71866 6.70711 6.58995 5.95852 5.11307 4.04487 -9999 -9999
-9999 -9999 -9999 -9999 -9999 -9999 4.08161 6.46238 7.61271 9.09082 9.85259 10.1636 10.1267 9.74936 8.88775 7.589 6.50717 4.4349 2.28284 5.37752 8.13437 9.62242 9.70293 7.10911 7.83026 7.25045 7.4868 6.42399 5.98358 5.63624 4.87375 4.03985 3.12639 2.64456 4.82213 5.9415 6.84275 7.26896 7.51087 7.63275 7.57153 7.41053 6.44704 7.18593 7.14778 7.07701 6.99563 6.95778 6.88451 6.79777 6.74737 6.73179 6.49188 6.76993 6.76578 6.77232 6.77615 6.77115 6.75929 6.74881 6.73518 6.73673 6.72784 6.71905 6.7131 6.70972 6.70258 6.66858 6.5015 5.06678 4.20917 3.96887
-9999 -9999 -9999 -9999 -9999 -9999 0.742906 4.20438 6.98711 8.44236 9.62638 9.95473 10.0795 9.57212 9.19312 8.26291 7.38186 6.02107 3.98155 2.72632 5.04461 8.41126 9.65457 9.55915 9.48328 8.81273 8.20868 8.13405 8.18153 7.47876 6.45152 5.11108 4.69357 4.22536 5.84786 6.06998 5.95392 7.73749 7.74375 7.64463 6.96519 6.20547 6.35259 5.88294 6.24567 5.68504 6.20531 6.65552 6.8255 6.8146 6.75772 6.75235 6.72873 6.77829 6.78037 6.77534 6.77186 6.7708 6.76593 6.74669 6.73611 6.74452 6.73171 6.72191 6.71178 6.7106 6.70749 6.68259 6.66014 6.44041 6.10967 5.47742
-9999 -9999 -9999 -9999 -9999 -9999 0.890015 3.80364 6.27418 7.75634 9.18252 9.51625 9.9997 9.89931 9.50216 8.69391 7.68318 6.56364 4.81422 3.51431 5.06412 7.30219 8.90369 9.47857 9.47562 9.43893 9.28873 9.22565 9.05072 8.9271 8.19234 6.92503 6.21068 5.1642 6.97205 7.17687 6.89659 7.79982 7.75664 6.39591 5.35014 5.2216 5.86421 5.25846 5.15226 4.77635 5.20658 6.35555 6.02221 6.09118 6.61332 6.70196 6.75802 6.77567 6.77481 6.77491 6.76845 6.7719 6.77501 6.75618 6.74801 6.74439 6.7255 6.72314 6.71019 6.70055 6.69161 6.67871 6.65843 6.59677 6.52846 6.6011
-9999 -9999 -9999 -9999 -9999 -9999 0.946733 2.91045 5.13399 7.31482 8.83747 9.45375 9.90321 9.90156 9.4394 9.0389 8.40615 7.42149 6.74655 5.57327 3.96232 6.66757 7.50108 8.24249 8.55323 9.32624 9.30917 8.95764 8.55013 8.93289 8.82137 7.81977 7.49187 6.93675 7.94316 7.94763 7.9218 7.86994 6.72063 5.12233 3.84521 4.76764 4.57736 5.00352 3.69514 4.77342 5.64261 5.92629 5.34051 4.90612 6.25995 6.48485 6.62085 6.70896 6.7677 6.75671 6.77289 6.7671 6.76504 6.76233 6.75215 6.74633 6.73562 6.72452 6.7143 6.70635 6.69197 6.67336 6.67318 6.64043 6.62865 6.61733
-9999 -9999 -9999 -9999 -9999 -9999 -9999 1.75327 4.56906 7.0851 8.48749 9.37067 9.80253 9.79784 9.56287 9.29166 8.90008 8.19017 7.29769 5.88625 4.83881 5.50629 6.32322 6.41623 6.95825 8.52705 9.06418 8.30732 6.43311 7.54066 8.77757 8.7596 8.65636 8.54065 8.39213 8.25823 7.96278 7.16798 4.72904 4.25031 3.29473 3.40549 2.91627 3.99268 3.59211 4.69642 5.17631 5.35898 4.34235 4.55989 5.7581 6.23485 6.15897 6.45265 6.73319 6.74492 6.75533 6.7504 6.75843 6.76247 6.75947 6.74817 6.74025 6.73467 6.71357 6.71656 6.62697 6.56925 6.45108 6.60055 6.61634 6.62428
-9999 -9999 -9999 -9999 -9999 -9999 -9999 1.19012 4.00195 6.96421 7.91774 8.86945 9.69112 9.7101 9.34952 9.00648 8.65282 8.24966 7.16688 6.11685 5.11438 4.77902 4.98308 4.97193 5.84789 7.89127 8.28841 8.12171 6.16257 5.50132 7.15305 8.5416 8.65286 8.52926 6.89975 7.2494 6.37131 5.17963 4.85316 4.33271 3.2306 3.76413 2.95743 3.30628 3.2157 3.84354 4.15085 4.89737 4.01162 4.01756 5.19388 5.78967 5.80735 6.43255 6.65724 6.7181 6.73532 6.74825 6.7532 6.76511 6.76136 6.75406 6.74369 6.71566 6.64648 6.4303 5.251 5.25408 5.57981 5.88827 6.44724 6.60564
-9999 -9999 -9999 -9999 -9999 -9999 -9999 1.51257 3.46479 6.09352 8.04156 8.1671 9.11569 9.60669 9.21433 8.772 8.3192 8.12244 6.94398 5.64918 4.60335 3.36505 3.57121 4.46356 5.92481 7.24543 7.48314 7.21249 6.16256 6.66061 7.7877 8.38717 8.56543 8.42886 8.07562 7.87241 7.22635 6.94753 6.0494 4.6439 4.09156 4.44476 2.95253 3.05908 3.61382 3.02902 3.999 4.46444 3.31984 4.23112 5.2734 5.80764 6.2751 6.49785 6.58829 6.72543 6.73159 6.74539 6.7539 6.75415 6.75616 6.73631 6.7201 6.59646 6.41322 5.3142 4.85755 4.94926 5.4599 5.90735 6.37444 6.56735
-9999 -9999 -9999 -9999 -9999 -9999 -9999 1.84219 3.60011 5.87975 7.26952 7.52081 8.57233 9.50754 9.40617 8.94588 8.80736 8.32991 7.33088 6.22708 5.02035 4.43471 3.08571 4.41783 5.4752 6.5939 7.11831 6.25567 5.82431 6.59357 7.35841 7.66517 8.43768 8.43252 8.18361 7.10331 6.57764 6.8029 6.57826 6.18325 5.21648 5.17543 4.55516 4.29951 4.0582 3.2692 3.77598 3.82876 3.96656 5.06142 5.60509 5.9665 6.29549 6.38389 6.52846 6.7152 6.734 6.74307 6.74459 6.75024 6.73879 6.68839 6.64612 6.39576 5.95111 5.11985 3.77203 4.72555 5.7226 6.02121 6.31176 6.46409
-9999 -9999 -9999 -9999 -9999 -9999 -9999 1.54069 3.40783 5.35652 6.17312 6.31436 8.21486 9.37959 9.38436 9.16755 8.91374 7.73103 7.8029 7.5681 6.47985 4.89366 3.15136 3.31706 4.35871 5.83835 6.32838 4.90188 4.39977 4.77266 5.92809 6.96262 8.04275 8.31872 8.00462 6.3218 4.53333 5.36603 6.25562 6.25288 5.99469 5.09828 4.81512 4.559 3.9056 2.79674 2.96247 3.27345 4.51477 4.90988 5.51899 6.02534 5.83807 5.95182 6.43633 6.71541 6.72836 6.73573 6.74717 6.74304 6.72865 6.62641 6.51793 6.33448 5.17248 4.45058 3.39945 4.62663 5.30696 5.66918 6.31718 6.47332
-9999 -9999 -9999 -9999 -9999 -9999 -9999 0.961141 2.31695 4.1796 4.93215 6.13057 7.92665 8.81145 9.23697 9.23032 9.06203 8.53382 8.21715 7.59072 6.45865 4.90981 3.18785 2.06758 2.6403 4.63004 5.1006 3.78587 3.11878 3.95415 5.18534 7.00739 8.04935 8.1919 8.10002 7.75473 6.44957 4.87223 4.87982 5.67427 5.01363 4.24543 4.67139 4.59519 3.95006 3.48143 3.19604 3.37642 4.08523 4.38022 5.08339 6.12004 6.27074 6.24398 6.68192 6.70624 6.71889 6.73773 6.73953 6.73777 6.72686 6.64393 6.45552 5.68283 5.00923 4.07132 3.95697 5.04977 5.52869 5.97351 6.29248 6.39786
-9999 -9999 -9999 -9999 -9999 -9999 -9999 -0.0348017 1.55971 3.30473 4.93879 6.48484 7.8158 7.92129 8.62445 8.62624 8.99579 8.89316 8.40366 7.87651 6.9015 4.91132 3.23814 1.41315 1.89699 3.92335 4.1906 3.31099 1.68426 3.36802 5.22469 6.90764 7.81965 7.1084 7.84164 7.78375 7.29609 6.358 4.89821 4.92812 3.83472 3.78931 4.35427 4.53919 4.44773 4.09653 3.53344 3.6321 4.06276 4.17453 4.82087 5.62555 6.41232 6.54661 6.69871 6.70763 6.71253 6.72716 6.73108 6.71702 6.67912 6.59237 5.94507 5.17482 4.70106 4.04825 3.97076 5.23094 5.73456 6.01443 6.29032 6.40054
-9999 -9999 -9999 -9999 -9999 -9999 -9999 -9999 1.39408 3.19671 4.53132 4.89288 6.0762 6.71641 7.21238 7.32435 8.73437 8.81447 8.50506 8.02108 7.1899 5.68031 4.62915 2.87876 1.62119 2.13997 2.38523 2.8501 2.71552 3.46751 5.25171 7.1105 7.31507 6.13756 6.31433 6.56325 7.11854 6.84013 4.85026 3.84038 3.00251 3.60155 4.23161 4.38578 4.41845 4.29957 4.15994 3.92099 4.76304 5.38671 5.53311 6.07723 6.47959 6.59246 6.67811 6.69083 6.70372 6.70631 6.68542 6.67089 6.57284 6.35018 5.62596 3.8811 3.96477 3.77784 3.23639 4.46674 5.2433 5.93915 6.30989 6.40718
-9999 -9999 -9999 -9999 -9999 -9999 -9999 -9999 0.792582 2.87774 3.32059 3.2909 2.60447 2.92459 5.48273 5.99994 7.3523 8.63292 8.54154 8.06681 7.28933 6.39122 4.99941 3.03057 1.46658 0.807021 2.49455 4.15334 4.49699 5.02732 6.12133 6.33079 5.12725 3.99876 4.6355 5.01989 6.47869 6.74669 6.46573 5.26766 3.89753 3.18336 4.03118 4.14637 4.19927 4.21144 4.18584 4.15156 5.10164 5.62775 5.9934 6.19351 6.53924 6.62946 6.65997 6.68885 6.68507 6.66979 6.61798 6.55871 6.2895 5.96306 4.77544 3.78562 3.16916 2.38602 4.15776 4.68444 5.41383 5.88575 6.25453 6.33698
