Test_Spring_2018/01_18/Temp/20180111_010.txt
ncols	170
nrows	115
xllcorner	350000.000000
yllcorner	4445000.000000
cellsize	1000.000000
nodata_value	-9999.000000
[rows 32 to 63 of 115, columns 72 to 143 of 170]
10.2841 10.0241 10.4263 10.7965 10.5613 10.4062 11.0131 11.0127 10.8048 10.317 10.138 9.95247 9.83886 9.21339 7.4583 5.87607 6.72376 6.74362 6.15696 7.2076 6.65141 5.20166 3.1553 4.2654 3.97445 2.51547 2.15399 -9999 -9999 -9999 -9999 -9999 -9999 -9999 -9999 -9999 -9999 -9999 -9999 -9999 -9999 -9999 -9999 -9999 -9999 -9999 -9999 -9999 -9999 -9999 -9999 -9999 -9999 -9999 -9999 -9999 -9999 -9999 -9999 -9999 -9999 -9999 -9999 -9999 -9999 -9999 -9999 -9999 -9999 -9999 -9999 -9999
9.93574 9.82426 10.4219 10.4095 10.3656 10.5729 10.9494 11.0244 10.9432 10.7303 10.5461 10.3503 9.8534 9.13785 7.63578 5.83478 5.42619 6.30737 6.34925 6.49031 5.98339 5.34664 4.35088 5.16391 5.47862 4.52034 3.26488 2.4567 -9999 -9999 -9999 -9999 -9999 -9999 -9999 -9999 -9999 -9999 -9999 -9999 -9999 -9999 -9999 -9999 -9999 -9999 -9999 -9999 -9999 -9999 -9999 -9999 -9999 -9999 -9999 -9999 -9999 -9999 -9999 -9999 -9999 -9999 -9999 -9999 -9999 -9999 -9999 -9999 -9999 -9999 -9999 -9999
9.52041 8.9412 9.30149 9.572 10.0609 10.1872 10.2619 10.9742 10.9363 10.9032 10.5989 10.3556 9.95241 9.26375 8.28321 7.10256 5.04674 6.31406 7.30621 7.28021 7.22507 6.77869 5.82201 6.61999 6.65596 5.43085 4.03507 3.21848 2.88004 -9999 -9999 -9999 -9999 -9999 -9999 -9999 -9999 -9999 -9999 -9999 -9999 -9999 -9999 -9999 -9999 -9999 -9999 -9999 -9999 -9999 -9999 -9999 -9999 -9999 -9999 -9999 -9999 -9999 -9999 -9999 -9999 -9999 -9999 -9999 -9999 -9999 -9999 -9999 -9999 -9999 -9999 -9999
9.04836 8.34078 8.70325 9.18682 9.8631 10.2093 10.4749 10.6877 10.9049 10.8792 10.5677 9.6479 9.51664 9.47694 8.83566 7.48967 6.14535 5.79688 7.31062 7.74339 7.65426 7.99134 7.1807 7.56176 7.40331 6.96756 5.62594 4.40446 3.90044 2.90583 -9999 -9999 -9999 -9999 -9999 -9999 -9999 -9999 -9999 -9999 -9999 -9999 -9999 -9999 -9999 -9999 -9999 -9999 -9999 -9999 -9999 -9999 -9999 -9999 -9999 -9999 -9999 -9999 -9999 -9999 -9999 -9999 -9999 -9999 -9999 -9999 -9999 -9999 -9999 -9999 -9999 -9999
-9999 -9999 7.89565 8.54803 9.09222 9.75323 10.3252 10.6135 10.8937 10.8711 10.2486 9.94417 9.91771 9.49764 8.75736 8.29271 7.4463 6.56428 6.90069 8.19128 7.61604 8.52972 8.45095 8.61747 8.00417 6.83655 5.28448 4.375 3.92385 3.11758 -9999 -9999 -9999 -9999 -9999 -9999 -9999 -9999 -9999 -9999 -9999 -9999 -9999 -9999 -9999 -9999 -9999 -9999 -9999 -9999 -9999 -9999 -9999 -9999 -9999 -9999 -9999 -9999 -9999 -9999 -9999 -9999 -9999 -9999 -9999 -9999 -9999 -9999 -9999 -9999 -9999 -9999
-9999 -9999 -9999 8.42726 8.84165 9.73316 10.185 10.372 10.8239 10.825 10.5892 10.4114 10.1532 9.81594 9.25969 8.64587 7.84986 7.776 8.60156 8.6111 8.43759 8.57199 8.99485 8.88122 7.92975 6.29092 5.4256 3.66172 2.90879 2.98447 2.45082 -9999 -9999 -9999 -9999 -9999 -9999 -9999 -9999 -9999 -9999 -9999 -9999 4.49843 -9999 -9999 -9999 -9999 -9999 -9999 -9999 -9999 -9999 -9999 -9999 -9999 -9999 -9999 -9999 -9999 -9999 -9999 -9999 -9999 1.31669 -9999 -9999 -9999 -9999 -9999 -9999 -9999
-9999 -9999 8.35284 8.9023 9.3355 9.89416 9.94288 10.2725 10.7921 10.7998 10.6327 10.4439 10.0193 9.91435 9.59791 8.93156 8.79527 9.06532 9.18938 9.32976 9.41564 9.34386 9.17035 8.94629 8.32714 7.56719 7.0564 5.44886 4.63215 3.8552 2.68031 1.76127 -9999 -9999 -9999 -9999 -9999 -9999 -9999 3.87998 3.83781 3.86013 4.11906 4.83126 4.41506 -9999 -9999 -9999 -9999 -9999 -9999 -9999 -9999 -9999 -9999 -9999 -9999 -9999 -9999 -9999 -9999 -9999 -9999 -9999 1.95887 1.03605 -9999 -9999 -9999 -9999 -9999 -9999
-9999 -9999 8.49678 9.08226 9.37444 9.91696 10.2272 10.4229 10.603 10.7753 10.7466 10.5378 10.2201 10.2226 9.78456 9.54848 9.37983 9.74523 9.81713 9.66984 9.48491 9.3209 8.85923 8.80393 8.64534 8.16188 7.36987 6.55387 5.37037 3.77531 2.21137 0.950022 -9999 -9999 -9999 -9999 -9999 -9999 4.01043 4.60235 4.95765 4.20725 4.85132 5.44012 5.34783 4.77523 -9999 -9999 -9999 -9999 -9999 -9999 -9999 -9999 -9999 -9999 -9999 -9999 -9999 -9999 6.33536 5.38929 3.47657 2.49688 1.90971 1.07071 -9999 -9999 -9999 -9999 -9999 -9999
-9999 -9999 8.38029 9.07177 9.54005 9.95569 10.0219 10.4462 10.6272 10.7198 10.7092 10.6682 10.6102 10.2281 10.0641 9.48618 10.04 10.0191 9.87874 9.32354 9.08207 8.12845 7.70755 7.60563 8.40361 7.80899 6.57052 5.02312 3.16052 3.03561 2.42008 1.29247 -9999 -9999 -9999 -9999 -9999 -9999 4.19237 4.82553 5.35438 5.43293 4.68719 5.73233 5.68953 5.10719 4.97611 5.45611 5.7001 5.51715 6.09011 6.25918 6.00305 6.28765 -9999 -9999 -9999 -9999 6.46408 6.50392 6.53435 6.141 4.05124 2.62442 1.34328 1.22612 -9999 -9999 -9999 -9999 -9999 -9999
-9999 -9999 8.85907 9.28453 9.49943 9.53385 9.90679 10.2774 10.5025 10.6705 10.6373 10.6243 10.6106 10.4805 10.1772 10.2327 10.2086 10.0313 8.97551 7.74281 8.27888 7.54476 5.97409 7.24136 7.93725 7.26346 5.76291 4.02355 3.44839 3.46794 2.61222 1.51287 -9999 -9999 -9999 2.46144 3.36686 3.44715 3.71557 4.55975 5.20249 5.68644 6.01718 6.00546 5.65984 5.09025 4.47094 4.69352 5.81142 6.08501 6.31233 6.48748 6.24983 6.37714 6.67738 6.83334 6.86628 6.79764 6.78315 6.80906 6.77492 6.40796 4.53844 3.46928 2.78766 1.41591 -9999 -9999 -9999 -9999 -9999 -9999
-9999 -9999 8.59183 8.96169 9.2611 9.75704 9.80925 10.1241 10.3093 10.584 10.6159 10.2913 10.5612 10.5275 10.4782 10.3724 10.2168 9.32598 8.09765 6.86579 6.29626 6.53492 5.59065 6.06928 6.77429 6.51032 5.58795 4.03782 3.81664 3.45078 2.01112 0.627109 -9999 -9999 0.705129 2.44084 3.66374 4.29558 4.4928 4.51373 5.32321 5.38881 6.26 6.05586 4.90793 5.03875 4.59174 4.8828 5.29419 5.40786 5.9952 6.56324 6.67199 6.67622 6.86802 6.90878 6.9205 6.91717 6.78988 6.85036 6.8609 6.63264 5.27876 4.61929 3.89283 1.43559 -9999 -9999 -9999 -9999 -9999 -9999
-9999 -9999 8.78054 9.19392 9.64666 9.71942 10.0548 10.0189 9.92155 10.3902 10.5592 10.3303 10.1661 10.472 10.4521 10.4127 10.3468 9.50986 8.54073 7.07305 6.16029 5.59931 5.20081 4.66584 5.02606 4.91113 4.75825 4.92603 4.49505 3.64005 2.79684 1.22048 0.368305 -9999 0.796949 1.58075 3.03501 4.27156 5.05752 4.77808 5.69845 5.87113 6.40064 6.09177 5.39542 5.09745 5.07233 4.98216 5.60181 6.01797 6.30999 6.50784 6.75359 6.81743 6.88154 6.90929 6.92512 6.94109 6.93948 6.93611 6.91015 6.82524 6.2035 5.54555 4.12147 1.51753 -9999 -9999 -9999 -9999 -9999 -9999
-9999 7.57832 8.73318 9.42677 9.69473 9.8879 10.0582 10.1814 10.3096 10.4302 10.5145 10.4775 9.87033 9.92136 10.032 10.3786 10.3549 10.2797 9.74984 7.96411 7.34457 6.43966 5.2693 4.77589 5.01598 5.96903 5.92224 5.28444 4.57424 3.59103 2.96469 1.99768 0.143205 0.309296 1.14392 1.7657 2.75462 4.26586 5.3262 5.80085 5.98179 6.35433 6.54994 6.1261 5.72211 5.55333 5.23904 5.19603 5.1999 5.57481 5.86492 6.51426 6.73411 6.83521 6.88785 6.91695 6.93854 6.95977 6.96814 6.95721 6.95935 6.9557 6.91158 6.03487 3.83877 2.18509 -9999 -9999 -9999 -9999 -9999 -9999
-9999 -9999 8.51897 8.82335 8.90216 9.04099 9.32649 9.65598 10.1221 10.1824 10.4406 10.4396 9.91532 9.31139 9.84035 10.0512 10.2695 10.2766 10.2085 8.70566 7.91916 7.29889 6.17635 6.57448 6.95402 6.97887 6.74302 5.37978 4.02218 2.4547 0.993758 0.921442 0.133626 0.547738 1.09912 2.51518 3.51263 3.91857 4.2111 5.74809 6.14856 6.2882 6.68334 6.14995 6.01615 5.61555 5.73699 5.70344 5.70731 4.59373 5.71139 5.7793 6.5098 6.83881 6.9146 6.93662 6.95993 6.96509 6.97094 6.96918 6.97807 6.96871 6.95786 6.38852 3.60362 2.20596 -9999 -9999 -9999 -9999 -9999 -9999
-9999 -9999 -9999 -9999 8.61372 8.84562 8.994 9.25176 10.0421 10.2556 10.3979 10.4108 10.1782 9.57958 9.42347 9.53488 8.95129 9.44098 10.1097 10.092 10.009 8.68766 8.00805 8.65733 8.45448 7.45858 6.67371 5.899 4.31001 3.14294 1.46885 0.2115 0.162169 1.54548 2.69453 4.12747 4.76095 4.40348 4.79567 5.55982 6.42813 6.84936 6.7532 6.19091 6.11376 5.49504 6.10698 6.16094 5.87882 5.63509 5.73194 6.09419 6.23344 6.80524 6.94495 6.97078 6.97692 6.98099 6.98021 6.97854 6.97301 6.96854 6.96206 6.93786 4.07519 1.84822 -9999 -9999 -9999 -9999 -9999 -9999
-9999 -9999 -9999 -9999 8.06374 8.20452 8.57661 9.53398 10.0334 10.2361 10.2298 10.3244 10.1608 9.63485 9.09498 8.58608 7.92879 8.30602 9.30214 9.8885 9.95347 8.79487 9.39143 9.16216 8.71377 7.41256 6.45223 5.94081 4.41495 3.10536 1.9903 0.452707 1.10696 1.82862 2.7569 4.31983 5.37565 5.81103 5.44986 5.9398 6.9387 6.94707 6.40499 6.44296 6.11308 5.26686 6.15199 6.40229 6.20357 6.25702 6.18154 6.31746 6.5636 6.79912 6.95626 6.97886 6.9828 6.97939 6.98074 6.9828 6.97333 6.97573 6.96927 6.95628 5.1091 1.80638 -9999 -9999 -9999 -9999 -9999 -9999
-9999 -9999 -9999 -9999 -9999 7.5622 8.41254 9.68364 9.99696 9.96826 10.2314 10.255 10.0032 9.78502 9.12946 8.23317 6.50955 6.94966 7.86662 9.18808 9.8813 9.78497 9.39329 8.71763 7.08803 5.66106 5.48347 5.24575 4.13086 3.12067 1.88133 2.59431 3.37641 4.23317 4.6837 4.56729 5.47219 6.21081 5.90069 6.50113 7.20124 6.88795 6.70375 6.54946 6.16794 6.14701 6.18911 6.6925 6.34717 6.56197 6.5666 6.55635 6.67694 6.81546 6.96089 6.98601 6.98786 6.99181 6.97667 6.98412 6.97744 6.97091 6.96511 6.95422 6.78863 5.01023 3.94835 -9999 -9999 -9999 -9999 -9999
-9999 -9999 -9999 -9999 -9999 6.77699 7.2006 8.70618 9.16891 9.83457 10.1884 10.2056 9.77962 9.54292 8.5652 8.24927 6.65515 5.93317 6.54623 6.31073 8.12994 9.73881 9.38319 6.1268 4.94448 4.09965 4.31077 4.30806 3.99441 2.27969 1.8054 3.3317 4.29245 5.03725 5.60289 5.72132 5.70344 6.85768 7.01303 7.39005 7.31156 7.34912 6.77034 6.4131 6.72942 6.36909 6.30925 6.82924 6.32072 6.78381 6.7286 6.59186 6.58635 6.89202 6.95518 6.98916 6.99257 6.98221 6.96849 6.96127 6.97277 6.96988 6.95478 6.95744 6.94273 6.73232 5.81316 5.49323 5.85203 -9999 -9999 -9999
-9999 -9999 -9999 -9999 -9999 -9999 5.79619 7.88894 8.84289 9.34554 10.0536 10.1397 9.91286 9.50267 8.5068 7.63115 6.2062 4.57822 3.71461 6.29644 8.5427 9.71368 9.55475 6.84371 5.77119 5.71738 6.34227 5.80678 5.39966 4.09509 3.70394 3.16216 3.4924 4.53033 5.37976 6.19982 6.79698 6.84773 7.2369 7.46089 7.48188 7.55423 7.48861 7.43545 6.87616 7.26618 6.93937 7.11593 7.00533 6.9055 6.81746 6.49816 6.72675 6.92932 6.98267 6.99983 6.98909 6.98773 6.98075 6.96354 6.95645 6.95687 6.95677 6.94832 6.95005 6.94143 6.84016 6.28797 5.54807 4.61278 -9999 -9999
-9999 -9999 -9999 -9999 -9999 -9999 4.75078 6.83339 7.83473 9.12708 9.79165 10.0615 10.0273 9.69506 8.93864 7.79922 6.85006 5.03248 3.14468 5.85439 8.26657 9.56769 9.63424 7.35376 7.98093 7.46725 7.6689 6.7315 6.33978 6.02673 5.35359 4.61833 3.81354 3.38888 5.29571 6.27554 7.06487 7.43837 7.65082 7.75841 7.70373 7.56289 6.71867 7.36681 7.3341 7.27201 7.20034 7.16655 7.10143 7.02427 6.9769 6.96211 6.75057 6.99372 6.9892 6.99373 6.99616 6.99122 6.98065 6.9717 6.96036 6.96176 6.95523 6.94876 6.94491 6.94334 6.93843 6.90991 6.76464 5.50792 4.75702 4.54781
-9999 -9999 -9999 -9999 -9999 -9999 1.82378 4.85407 7.28641 8.55873 9.59316 9.87861 9.98606 9.53966 9.20619 8.38969 7.61637 6.4224 4.63315 3.53112 5.55884 8.50748 9.59079 9.50085 9.42957 8.83665 8.30185 8.2311 8.26744 7.6429 6.7375 5.55829 5.18972 4.77631 6.19652 6.3897 6.28706 7.85045 7.85614 7.76982 7.17492 6.50701 6.63649 6.22452 6.54322 6.05162 6.5074 6.90149 7.04965 7.039 6.98589 6.98118 6.9591 7.00185 7.00233 6.99678 6.99286 6.9914 6.98697 6.97032 6.9616 6.96984 6.95848 6.95103 6.94365 6.94388 6.94237 6.9217 6.9031 6.71144 6.42234 5.86942
-9999 -9999 -9999 -9999 -9999 -9999 1.95324 4.49971 6.6619 7.95705 9.20452 9.49464 9.91643 9.82675 9.47719 8.76743 7.88023 6.89759 5.36254 4.22127 5.57795 7.53408 8.93479 9.43263 9.42237 9.38551 9.24896 9.1889 9.03043 8.91353 8.26508 7.15129 6.52165 5.60138 7.18413 7.36211 7.11541 7.90685 7.86903 6.67644 5.76017 5.6481 6.20874 5.67795 5.58552 5.25509 5.6319 6.6386 6.34722 6.4065 6.86079 6.93725 6.98595 7.00009 6.99809 6.99713 6.99066 6.99318 6.99576 6.97942 6.97276 6.97035 6.95475 6.95234 6.94213 6.9348 6.92819 6.9179 6.90106 6.84783 6.7897 6.85468
-9999 -9999 -9999 -9999 -9999 -9999 2.00629 3.71715 5.66296 7.57057 8.90267 9.44049 9.83242 9.82917 9.42247 9.07 8.514 7.64943 7.05624 6.0259 4.61149 6.9807 7.70437 8.34831 8.6176 9.29072 9.27094 8.95777 8.58869 8.91996 8.81937 7.93766 7.64702 7.15766 8.03784 8.04015 8.01646 7.97043 6.96266 5.56157 4.44224 5.25136 5.0849 5.45496 4.30846 5.25565 6.0173 6.26535 5.74991 5.36795 6.55138 6.74836 6.86636 6.94239 6.99276 6.98216 6.99561 6.99006 6.9881 6.98586 6.97735 6.97289 6.96432 6.95553 6.94598 6.93993 6.92828 6.91396 6.91467 6.88658 6.87681 6.86812
-9999 -9999 -9999 -9999 -9999 -9999 -9999 2.70601 5.16945 7.37204 8.59858 9.37022 9.74652 9.7404 9.53265 9.29333 8.94858 8.32475 7.54075 6.30156 5.38118 5.96389 6.67256 6.74788 7.21915 8.5903 9.05677 8.38866 6.73671 7.70454 8.78508 8.76577 8.67209 8.56793 8.43397 8.31498 8.05483 7.35733 5.21874 4.80057 3.96303 4.06045 3.63183 4.57149 4.22074 5.18871 5.60903 5.76852 4.87635 5.0634 6.11388 6.53073 6.46302 6.71934 6.96361 6.97302 6.98147 6.97672 6.98358 6.9872 6.9849 6.97621 6.97003 6.966 6.94667 6.95004 6.87235 6.82254 6.71963 6.85126 6.86556 6.87265
-9999 -9999 -9999 -9999 -9999 -9999 -9999 2.21118 4.67306 7.26701 8.10012 8.93189 9.64993 9.66449 9.3465 9.04405 8.73238 8.37732 7.42633 6.50387 5.62286 5.32639 5.50246 5.48145 6.24576 8.03331 8.3774 8.22707 6.50183 5.91839 7.36295 8.57703 8.67164 8.56073 7.13 7.43489 6.66383 5.61826 5.33157 4.87509 3.90885 4.37665 3.66946 3.97526 3.89157 4.44173 4.7107 5.36453 4.58714 4.58872 5.62012 6.14146 6.15591 6.70299 6.89903 6.95156 6.96602 6.97694 6.98111 6.9916 6.98858 6.98262 6.97412 6.95022 6.89028 6.69969 5.66616 5.66948 5.95558 6.22644 6.71788 6.85564
-9999 -9999 -9999 -9999 -9999 -9999 -9999 2.49455 4.20297 6.50466 8.20977 8.31729 9.1466 9.57494 9.22901 8.8394 8.44067 8.26641 7.2314 6.09426 5.17517 4.08708 4.26507 5.04433 6.31347 7.46765 7.67229 7.43117 6.5033 6.93655 7.92145 8.44401 8.59758 8.47547 8.16376 7.98396 7.41628 7.17091 6.38287 5.15025 4.66576 4.97524 3.66682 3.76001 4.24601 3.72854 4.57843 4.98584 3.98156 4.77794 5.6909 6.15838 6.56729 6.76166 6.84011 6.95961 6.96443 6.97613 6.98338 6.98358 6.9855 6.9684 6.9546 6.84669 6.68655 5.72355 5.32145 5.4023 5.85035 6.24293 6.6524 6.82152
-9999 -9999 -9999 -9999 -9999 -9999 -9999 2.78427 4.32251 6.31828 7.53406 7.75188 8.67145 9.48921 9.39833 8.99288 8.86957 8.44911 7.5713 6.60152 5.54131 5.02542 3.84002 5.00494 5.91974 6.89714 7.35341 6.58963 6.20825 6.87957 7.54715 7.81334 8.4881 8.48134 8.26119 7.31248 6.85031 7.04677 6.84905 6.50215 5.65412 5.61776 5.0736 4.84907 4.63704 3.94014 4.38391 4.42954 4.55034 5.50698 5.98289 6.29896 6.58658 6.66328 6.78929 6.95235 6.96829 6.97586 6.97694 6.9818 6.9718 6.92777 6.89096 6.67176 6.28226 5.55381 4.37011 5.20634 6.08068 6.34133 6.59714 6.73057
-9999 -9999 -9999 -9999 -9999 -9999 -9999 2.52074 4.15488 5.86063 6.57399 6.69541 8.35931 9.3783 9.38043 9.18837 8.9639 7.92504 7.98601 7.77801 6.82163 5.42852 3.89835 4.04075 4.94734 6.23557 6.66191 5.404 4.96084 5.28491 6.29517 7.19961 8.14425 8.3841 8.10689 6.62997 5.06068 5.78961 6.56862 6.56548 6.33849 5.55205 5.30327 5.07818 4.50474 3.53176 3.67181 3.9438 5.02953 5.37534 5.9087 6.35193 6.18706 6.28609 6.71021 6.95429 6.96515 6.97122 6.98096 6.97717 6.96448 6.87486 6.77983 6.61912 5.60052 4.96777 4.04566 5.11989 5.71642 6.03376 6.6017 6.73835
-9999 -9999 -9999 -9999 -9999 -9999 -9999 2.01348 3.19945 4.82988 5.48719 6.53551 8.10792 8.8815 9.25249 9.24464 9.09509 8.62996 8.35022 7.79881 6.80396 5.44358 3.93126 2.94628 3.44541 5.17714 5.58656 4.42686 3.83927 4.56899 5.64586 7.24092 8.15225 8.27527 8.19296 7.88871 6.74313 5.3591 5.36476 6.06039 5.48044 4.80625 5.17901 5.11153 4.54525 4.13366 3.87777 4.03584 4.65421 4.91229 5.52819 6.43643 6.56794 6.54388 6.92726 6.94805 6.95868 6.97479 6.97605 6.97425 6.9645 6.89167 6.7264 6.04892 5.45833 4.63603 4.53574 5.49121 5.90954 6.30058 6.57993 6.672
-9999 -9999 -9999 -9999 -9999 -9999 -9999 1.1412 2.53654 4.06393 5.49416 6.84733 8.01202 8.1024 8.71682 8.71635 9.03829 8.94622 8.5149 8.05047 7.19327 5.44593 3.97636 2.37356 2.79482 4.5645 4.78565 4.0118 2.58303 4.0567 5.68211 7.15536 7.9529 7.3275 7.96866 7.91641 7.48754 6.66392 5.38305 5.4083 4.44882 4.40818 4.9027 5.06403 4.98307 4.67437 4.17947 4.26115 4.63582 4.73332 5.29946 6.00442 6.69367 6.81089 6.94374 6.95108 6.95493 6.96735 6.97042 6.95776 6.92424 6.84792 6.28018 5.60467 5.18912 4.61659 4.54845 5.65214 6.0902 6.33655 6.57803 6.67424
-9999 -9999 -9999 -9999 -9999 -9999 -9999 -9999 2.39228 3.97026 5.13805 5.45284 6.48817 7.0474 7.4802 7.57634 8.81046 8.87855 8.60507 8.17843 7.44727 6.12121 5.19693 3.65953 2.55409 3.0014 3.20402 3.60896 3.48848 4.14537 5.70736 7.33491 7.51235 6.47828 6.63165 6.84844 7.33394 7.08864 5.34299 4.45658 3.72104 4.24529 4.79677 4.93106 4.95884 4.85378 4.73006 4.51332 5.2511 5.79743 5.92534 6.40194 6.75426 6.85278 6.92744 6.93817 6.94904 6.95089 6.93216 6.91901 6.83264 6.63703 6.0017 4.47159 4.54456 4.38032 3.90527 4.9818 5.66113 6.27069 6.59523 6.68002
-9999 -9999 -9999 -9999 -9999 -9999 -9999 -9999 1.86585 3.6916 4.07765 4.04952 3.4457 3.72438 5.96516 6.41661 7.60018 8.72076 8.63839 8.2198 7.53566 6.74563 5.52264 3.79367 2.41955 1.83403 3.30696 4.75269 5.05152 5.51416 6.47114 6.65281 5.59584 4.60484 5.16156 5.49715 6.77479 7.00854 6.76107 5.70962 4.50736 3.88023 4.62254 4.72259 4.76804 4.77783 4.75447 4.72123 5.54928 6.01013 6.33031 6.5054 6.80815 6.8869 6.91329 6.93822 6.93451 6.92068 6.87479 6.82234 6.5858 6.29906 5.25732 4.38899 3.848 3.16088 4.71368 5.17306 5.81245 6.22405 6.54678 6.61849
