Test_Spring_2018/01_18/Temp/20180108_013.txt
ncols	170
nrows	115
xllcorner	350000.000000
yllcorner	4445000.000000
cellsize	1000.000000
nodata_value	-9999.000000
[rows 32 to 63 of 115, columns 72 to 143 of 170]
13.1683 12.8751 13.3181 13.7256 13.4638 13.2877 13.9568 13.9524 13.7174 13.1711 12.9683 12.7583 12.6282 11.9289 9.97372 8.21069 9.14953 9.16792 8.51193 9.67651 9.05449 7.43895 5.16009 6.39098 6.06407 4.43388 4.02717 -9999 -9999 -9999 -9999 -9999 -9999 -9999 -9999 -9999 -9999 -9999 -9999 -9999 -9999 -9999 -9999 -9999 -9999 -9999 -9999 -9999 -9999 -9999 -9999 -9999 -9999 -9999 -9999 -9999 -9999 -9999 -9999 -9999 -9999 -9999 -9999 -9999 -9999 -9999 -9999 -9999 -9999 -9999 -9999 -9999
12.7787 12.6507 13.3112 13.2933 13.2416 13.4711 13.884 13.9634 13.8692 13.6287 13.42 13.1984 12.6421 11.8427 10.1688 8.16255 7.70456 8.68071 8.72367 8.87698 8.30982 7.59836 6.48776 7.38842 7.73504 6.6607 5.26108 4.3577 -9999 -9999 -9999 -9999 -9999 -9999 -9999 -9999 -9999 -9999 -9999 -9999 -9999 -9999 -9999 -9999 -9999 -9999 -9999 -9999 -9999 -9999 -9999 -9999 -9999 -9999 -9999 -9999 -9999 -9999 -9999 -9999 -9999 -9999 -9999 -9999 -9999 -9999 -9999 -9999 -9999 -9999 -9999 -9999
12.3146 11.6665 12.0631 12.3599 12.9014 13.0384 13.1175 13.9056 13.8595 13.8187 13.4764 13.202 12.7499 11.9804 10.8864 9.56987 7.28034 8.6859 9.78557 9.75319 9.68848 9.1888 8.12176 9.0058 9.04258 7.67091 6.11509 5.20354 4.82362 -9999 -9999 -9999 -9999 -9999 -9999 -9999 -9999 -9999 -9999 -9999 -9999 -9999 -9999 -9999 -9999 -9999 -9999 -9999 -9999 -9999 -9999 -9999 -9999 -9999 -9999 -9999 -9999 -9999 -9999 -9999 -9999 -9999 -9999 -9999 -9999 -9999 -9999 -9999 -9999 -9999 -9999 -9999
11.7874 10.9967 11.3958 11.9295 12.6783 13.0586 13.3523 13.585 13.8225 13.7898 13.4396 12.4128 12.263 12.215 11.4982 9.99787 8.49949 8.1085 9.7882 10.266 10.1637 10.5352 9.6307 10.0513 9.87198 9.38322 7.88196 6.52116 5.95721 4.84773 -9999 -9999 -9999 -9999 -9999 -9999 -9999 -9999 -9999 -9999 -9999 -9999 -9999 -9999 -9999 -9999 -9999 -9999 -9999 -9999 -9999 -9999 -9999 -9999 -9999 -9999 -9999 -9999 -9999 -9999 -9999 -9999 -9999 -9999 -9999 -9999 -9999 -9999 -9999 -9999 -9999 -9999
-9999 -9999 10.4957 11.2181 11.8171 12.5496 13.1839 13.5004 13.8078 13.7786 13.0823 12.7398 12.7065 12.2355 11.4086 10.8882 9.94353 8.95934 9.33004 10.7618 10.119 11.1319 11.0412 11.2234 10.5385 9.23512 7.50123 6.48743 5.98239 5.08243 -9999 -9999 -9999 -9999 -9999 -9999 -9999 -9999 -9999 -9999 -9999 -9999 -9999 -9999 -9999 -9999 -9999 -9999 -9999 -9999 -9999 -9999 -9999 -9999 -9999 -9999 -9999 -9999 -9999 -9999 -9999 -9999 -9999 -9999 -9999 -9999 -9999 -9999 -9999 -9999 -9999 -9999
-9999 -9999 -9999 11.0818 11.5366 12.5239 13.0259 13.2297 13.7281 13.725 13.4588 13.2569 12.9658 12.5868 11.9645 11.2783 10.3897 10.3041 11.2188 11.2263 11.0303 11.1768 11.6441 11.515 10.4533 8.62707 7.66203 5.6935 4.85305 4.93386 4.33707 -9999 -9999 -9999 -9999 -9999 -9999 -9999 -9999 -9999 -9999 -9999 -9999 6.55537 -9999 -9999 -9999 -9999 -9999 -9999 -9999 -9999 -9999 -9999 -9999 -9999 -9999 -9999 -9999 -9999 -9999 -9999 -9999 -9999 2.88417 -9999 -9999 -9999 -9999 -9999 -9999 -9999
-9999 -9999 11.0001 11.6061 12.0839 12.7011 12.7527 13.117 13.6906 13.6948 13.5047 13.2906 12.8143 12.6936 12.3379 11.5933 11.4382 11.7352 11.8699 12.023 12.1156 12.033 11.8374 11.5856 10.8925 10.0449 9.47418 7.67918 6.76873 5.90165 4.59201 3.56673 -9999 -9999 -9999 -9999 -9999 -9999 -9999 5.88953 5.83761 5.85721 6.13973 6.92609 6.45768 -9999 -9999 -9999 -9999 -9999 -9999 -9999 -9999 -9999 -9999 -9999 -9999 -9999 -9999 -9999 -9999 -9999 -9999 -9999 3.60092 2.56791 -9999 -9999 -9999 -9999 -9999 -9999
-9999 -9999 11.1573 11.8045 12.1255 12.7248 13.0657 13.2823 13.4782 13.6654 13.6291 13.3926 13.035 13.0337 12.5427 12.2765 12.0855 12.4885 12.5654 12.3987 12.1904 12.0054 11.4896 11.4256 11.2449 10.7049 9.82168 8.91173 7.58916 5.81261 4.07055 2.66482 -9999 -9999 -9999 -9999 -9999 -9999 6.04019 6.69354 7.08356 6.24395 6.95468 7.60381 7.49553 6.84803 -9999 -9999 -9999 -9999 -9999 -9999 -9999 -9999 -9999 -9999 -9999 -9999 -9999 -9999 8.49649 7.43826 5.30492 4.20877 3.54886 2.60881 -9999 -9999 -9999 -9999 -9999 -9999
-9999 -9999 11.0263 11.7913 12.3081 12.7662 12.8357 13.3048 13.503 13.6014 13.5852 13.5351 13.4663 13.0372 12.8509 12.2045 12.8168 12.7904 12.6314 12.0113 11.7402 10.6775 10.2071 10.0898 10.9748 10.3113 8.93192 7.2089 5.13622 4.99007 4.30275 3.04591 -9999 -9999 -9999 -9999 -9999 -9999 6.24349 6.94269 7.52564 7.60768 6.77301 7.92948 7.87153 7.21797 7.06625 7.59411 7.85973 7.651 8.27664 8.45964 8.17009 8.48196 -9999 -9999 -9999 -9999 8.65438 8.69311 8.72097 8.27722 5.94687 4.35334 2.92155 2.78025 -9999 -9999 -9999 -9999 -9999 -9999
-9999 -9999 11.5572 12.0265 12.2615 12.2957 12.7062 13.1153 13.3624 13.542 13.5006 13.4817 13.4621 13.3133 12.9721 13.03 12.9997 12.7993 11.6223 10.2489 10.8423 10.0264 8.27669 9.68331 10.455 9.7037 8.03307 6.0968 5.45577 5.47085 4.51666 3.29027 -9999 -9999 -9999 4.3318 5.33457 5.41957 5.71345 6.64722 7.35672 7.89054 8.25271 8.23318 7.83942 7.19993 6.50524 6.74682 7.98412 8.28289 8.52502 8.71496 8.44618 8.58368 8.91329 9.08244 9.11466 9.03368 9.01253 9.03589 8.99202 8.57764 6.49146 5.29538 4.52992 2.99181 -9999 -9999 -9999 -9999 -9999 -9999
-9999 -9999 11.2543 11.6616 11.9906 12.5396 12.5935 12.9393 13.1418 13.444 13.4749 13.1094 13.4051 13.3634 13.3046 13.1831 13.0065 12.0128 10.644 9.27162 8.63587 8.89775 7.84568 8.37559 9.15748 8.8653 7.83652 6.11079 5.86265 5.45421 3.8475 2.30601 -9999 -9999 2.38376 4.31015 5.66599 6.36429 6.57896 6.59727 7.49207 7.5595 8.52247 8.28896 7.00332 7.14255 6.64017 6.9578 7.40935 7.53036 8.17851 8.80063 8.91724 8.91787 9.12716 9.16849 9.17736 9.16919 9.02275 9.08462 9.09042 8.83019 7.31788 6.5773 5.75946 3.01725 -9999 -9999 -9999 -9999 -9999 -9999
-9999 -9999 11.4607 11.9162 12.4156 12.4924 12.8612 12.821 12.7092 13.2257 13.4101 13.151 12.9638 13.2997 13.2734 13.2258 13.149 12.2152 11.1347 9.5001 8.48281 7.85581 7.4107 6.81306 7.21164 7.08196 6.91013 7.09485 6.61668 5.66452 4.72459 2.96648 2.01637 -9999 2.48707 3.35512 4.96828 6.33895 7.2082 6.89244 7.91043 8.09678 8.6792 8.32967 7.5461 7.20803 7.17394 7.06777 7.75114 8.20903 8.52885 8.74409 9.00914 9.07628 9.14386 9.17097 9.18464 9.19812 9.19159 9.18253 9.14775 9.04683 8.34845 7.60748 6.0159 3.11026 -9999 -9999 -9999 -9999 -9999 -9999
-9999 10.1261 11.407 12.1741 12.4679 12.6786 12.8639 12.9968 13.1361 13.2688 13.3579 13.313 12.6333 12.6857 12.8046 13.186 13.1561 13.0692 12.4772 10.4891 9.797 8.78825 7.48488 6.93424 7.19939 8.25739 8.20371 7.4929 6.70159 5.60719 4.91128 3.83364 1.76694 1.94898 2.87404 3.56203 4.65781 6.33392 7.5082 8.03083 8.2265 8.63464 8.84603 8.36789 7.9095 7.71535 7.35959 7.30577 7.30439 7.71593 8.03371 8.75144 8.99157 9.09717 9.15221 9.18107 9.20137 9.22089 9.2256 9.20821 9.20468 9.19406 9.13653 8.15374 5.7042 3.85517 -9999 -9999 -9999 -9999 -9999 -9999
-9999 -9999 11.1679 11.5021 11.5855 11.7358 12.0492 12.4116 12.9265 12.9895 13.2726 13.2688 12.6819 12.0059 12.5899 12.8205 13.0596 13.0643 12.9856 11.3112 10.4342 9.74233 8.49221 8.93301 9.35334 9.3794 9.11568 7.59844 6.08749 4.34363 2.71756 2.63531 1.75862 2.21498 2.82522 4.39645 5.50176 5.94885 6.26935 7.97312 8.41263 8.56135 8.99439 8.39487 8.23686 7.7848 7.91343 7.87002 7.86859 6.62505 7.86302 7.93396 8.74203 9.10416 9.18296 9.20415 9.22655 9.22836 9.23039 9.22328 9.22729 9.20947 9.19014 8.54915 5.44423 3.87966 -9999 -9999 -9999 -9999 -9999 -9999
-9999 -9999 -9999 -9999 11.2637 11.5175 11.6784 11.9611 12.8366 13.07 13.2242 13.2346 12.972 12.303 12.1252 12.2451 11.5926 12.1338 12.874 12.8515 12.7567 11.2854 10.5278 11.2479 11.0208 9.91197 9.03792 8.17524 6.40718 5.1087 3.24581 1.84609 1.78928 3.32507 4.59985 6.18992 6.89055 6.48879 6.92006 7.76405 8.72367 9.18581 9.07244 8.44066 8.3456 7.65089 8.32481 8.37865 8.05918 7.78283 7.88576 8.28402 8.43471 9.0667 9.21844 9.24288 9.24634 9.24707 9.24182 9.2349 9.22252 9.21079 9.19614 9.16119 5.96967 3.48284 -9999 -9999 -9999 -9999 -9999 -9999
-9999 -9999 -9999 -9999 10.6511 10.8035 11.2133 12.2739 12.8259 13.0475 13.0365 13.1378 12.9519 12.3632 11.7591 11.1893 10.4547 10.8708 11.9752 12.6244 12.6941 11.4036 12.065 11.8083 11.3082 9.85998 8.79092 8.2211 6.52336 5.06653 3.82538 2.11419 2.83983 3.64003 4.66949 6.40411 7.57436 8.0541 7.64757 8.18685 9.29158 9.29458 8.68532 8.7209 8.34481 7.39707 8.37471 8.64682 8.42007 8.47413 8.38545 8.53207 8.80166 9.05976 9.23093 9.25259 9.25323 9.24572 9.24293 9.24003 9.22358 9.21953 9.2049 9.18239 7.11996 3.43694 -9999 -9999 -9999 -9999 -9999 -9999
-9999 -9999 -9999 -9999 -9999 10.0882 11.0298 12.4393 12.7845 12.7488 13.0376 13.06 12.7761 12.5297 11.7969 10.7964 8.87617 9.36206 10.3785 11.8449 12.6131 12.5038 12.0662 11.3132 9.49966 7.91162 7.71293 7.44748 6.20677 5.08292 3.70366 4.49499 5.36287 6.31335 6.81165 6.67904 7.68146 8.49841 8.14862 8.81075 9.58324 9.22857 9.01722 8.83901 8.4055 8.3754 8.41567 8.96919 8.57943 8.81291 8.8133 8.79739 8.92737 9.07763 9.23578 9.26024 9.25876 9.25938 9.23824 9.24145 9.22816 9.21424 9.2004 9.1803 8.98767 6.99958 5.80969 -9999 -9999 -9999 -9999 -9999
-9999 -9999 -9999 -9999 -9999 9.21391 9.68105 11.3514 11.8628 12.5993 12.989 13.0044 12.527 12.26 11.1689 10.8138 9.03735 8.23148 8.9099 8.64508 10.6652 12.4518 12.0543 8.43164 7.11537 6.17458 6.40806 6.40392 6.0541 4.14689 3.61833 5.31402 6.38056 7.20658 7.8329 7.96137 7.93778 9.21686 9.38463 9.79836 9.70514 9.74062 9.09058 8.68677 9.02923 8.62181 8.54877 9.1208 8.54961 9.05919 8.99305 8.83648 8.82623 9.1623 9.22892 9.26319 9.26334 9.24805 9.2286 9.21531 9.2223 9.21253 9.18847 9.18356 9.15884 8.91431 7.88322 7.51839 7.9083 -9999 -9999 -9999
-9999 -9999 -9999 -9999 -9999 -9999 8.11821 10.4415 11.4992 12.0545 12.8382 12.9304 12.674 12.2144 11.1033 10.1259 8.53755 6.72349 5.76111 8.62883 11.1237 12.4233 12.2444 9.22799 8.03373 7.97238 8.66586 8.06924 7.61543 6.1642 5.72804 5.12418 5.48964 6.64152 7.58322 8.49196 9.15225 9.20438 9.63225 9.87581 9.89329 9.96756 9.8882 9.82261 9.19154 9.61856 9.24878 9.43903 9.31035 9.19405 9.09142 8.73183 8.98182 9.20317 9.25882 9.27404 9.25852 9.25316 9.24118 9.21733 9.20292 9.19695 9.18974 9.17267 9.16645 9.14646 9.025 8.4021 7.57053 6.52183 -9999 -9999
-9999 -9999 -9999 -9999 -9999 -9999 6.95441 9.2665 10.377 11.8104 12.545 12.8416 12.8002 12.4273 11.5826 10.3119 9.25267 7.22781 5.12494 8.13616 10.8162 12.2604 12.3321 9.79432 10.4898 9.91701 10.1398 9.09613 8.65933 8.31046 7.56066 6.74158 5.84478 5.37009 7.48775 8.57412 9.44809 9.85913 10.0906 10.205 10.1402 9.97568 9.03076 9.74512 9.69964 9.62412 9.53818 9.49466 9.41664 9.32558 9.2682 9.24716 9.0077 9.27342 9.26477 9.26619 9.26519 9.25575 9.23971 9.22502 9.20719 9.20314 9.18672 9.1721 9.15994 9.14801 9.13398 9.09365 8.9235 7.51763 6.67437 6.43132
-9999 -9999 -9999 -9999 -9999 -9999 3.69829 7.06416 9.76429 11.1758 12.3228 12.6369 12.7531 12.2533 11.8789 10.9673 10.1037 8.77227 6.77902 5.55003 7.80391 11.0797 12.283 12.1808 12.0996 11.4385 10.8422 10.7621 10.8011 10.1057 9.09708 7.78437 7.37221 6.91036 8.48687 8.69853 8.58073 10.3149 10.3165 10.2154 9.54848 8.80232 8.94066 8.47362 8.81897 8.26608 8.7668 9.19919 9.35841 9.34137 9.27762 9.26664 9.23794 9.28157 9.27832 9.26838 9.26016 9.25448 9.24518 9.22191 9.20703 9.21053 9.19189 9.17696 9.15759 9.1479 9.13802 9.10675 9.07776 8.85643 8.52691 7.9018
-9999 -9999 -9999 -9999 -9999 -9999 3.83851 6.66719 9.06812 10.505 11.8889 12.2084 12.6741 12.571 12.1788 11.386 10.3957 9.29938 7.58882 6.31622 7.82132 9.99653 11.5513 12.1025 12.0904 12.0475 11.8938 11.8245 11.6468 11.5158 10.7933 9.55261 8.85054 7.82498 9.58215 9.77687 9.49891 10.3748 10.3281 8.99711 7.97304 7.84296 8.46337 7.8676 7.75591 7.37921 7.79232 8.90603 8.5752 8.63603 9.13654 9.21706 9.26699 9.27866 9.2725 9.26749 9.25629 9.25492 9.25333 9.23039 9.21783 9.20958 9.18625 9.17724 9.15902 9.14122 9.1219 9.10253 9.07587 9.0088 8.93765 8.99945
-9999 -9999 -9999 -9999 -9999 -9999 3.89337 5.79497 7.95534 10.0733 11.5513 12.1462 12.5788 12.5718 12.1161 11.7207 11.0988 10.1338 9.47056 8.32136 6.74528 9.37648 10.1821 10.8957 11.1915 11.9379 11.9141 11.5643 11.1539 11.5207 11.4066 10.4243 10.099 9.55242 10.5283 10.5277 10.4977 10.4424 9.31741 7.75472 6.50507 7.39947 7.20902 7.61803 6.33437 7.38059 8.22177 8.49204 7.9102 7.48049 8.79175 9.00626 9.13314 9.21351 9.26543 9.24957 9.26038 9.24992 9.24321 9.23593 9.22134 9.21092 9.19557 9.17963 9.16243 9.14626 9.12597 9.10471 9.09766 9.05423 9.03572 9.0158
-9999 -9999 -9999 -9999 -9999 -9999 -9999 4.66619 7.40242 9.84849 11.2093 12.0643 12.4796 12.4696 12.2352 11.9656 11.5787 10.8814 10.0061 8.62465 7.59787 8.24261 9.03201 9.11336 9.63497 11.1574 11.6741 10.9294 9.09106 10.1651 11.3647 11.3413 11.2349 11.1166 10.9655 10.83 10.5371 9.75753 7.37528 6.90493 5.96873 6.07192 5.5901 6.63294 6.23398 7.3047 7.76656 7.93852 6.9413 7.14458 8.30756 8.76633 8.68647 8.96702 9.23191 9.23817 9.2433 9.23363 9.23668 9.23591 9.22827 9.21562 9.20317 9.1928 9.16512 9.15934 9.06589 9.00323 8.88138 9.02024 9.02864 9.02743
-9999 -9999 -9999 -9999 -9999 -9999 -9999 4.11357 6.84784 9.72904 10.6524 11.5742 12.3695 12.3825 12.0256 11.6859 11.3359 10.9375 9.87662 8.84748 7.86455 7.53177 7.72463 7.70359 8.55093 10.5362 10.9167 10.7475 8.82709 8.17638 9.78055 11.1283 11.2312 11.1052 9.51149 9.84725 8.98632 7.81982 7.49681 6.98474 5.90563 6.4209 5.62958 5.96456 5.86624 6.47261 6.76638 7.48818 6.61872 6.61587 7.75772 8.3327 8.34419 8.94802 9.16157 9.21559 9.22725 9.2349 9.23492 9.24181 9.23348 9.22166 9.20675 9.17445 9.10182 8.88355 7.72463 7.72141 8.03249 8.32657 8.86285 9.01033
-9999 -9999 -9999 -9999 -9999 -9999 -9999 4.42577 6.32226 8.87847 10.7714 10.8879 11.8069 12.28 11.8921 11.4555 11.0088 10.8116 9.65736 8.38962 7.36446 6.15153 6.34656 7.21037 8.62431 9.90523 10.1305 9.8602 8.82619 9.30576 10.3987 10.9774 11.1456 11.0071 10.6575 10.4543 9.81954 9.54286 8.66253 7.28763 6.7444 7.08386 5.62427 5.72309 6.25868 5.67805 6.61795 7.06592 5.94431 6.82517 7.83553 8.35067 8.80077 9.0124 9.09518 9.22361 9.2245 9.23297 9.2364 9.23186 9.22905 9.20492 9.18424 9.0587 8.87487 7.7981 7.34138 7.42472 7.91625 8.34605 8.79258 8.97424
-9999 -9999 -9999 -9999 -9999 -9999 -9999 4.7448 6.45207 8.66811 10.0169 10.256 11.2754 12.1815 12.0772 11.6231 11.4827 11.0119 10.0325 8.95101 7.76904 7.19242 5.87154 7.16417 8.18442 9.2687 9.77363 8.9219 8.49555 9.23967 9.97957 10.273 11.0207 11.0103 10.7625 9.70429 9.18687 9.40155 9.17773 8.78784 7.84057 7.79569 7.18612 6.93189 6.69154 5.91176 6.40026 6.44612 6.5755 7.63479 8.15928 8.5061 8.82137 8.90216 9.03781 9.21465 9.22788 9.23174 9.22831 9.22898 9.21297 9.15898 9.11283 8.86372 8.42506 7.60935 6.28375 7.20733 8.17319 8.45731 8.73266 8.87497
-9999 -9999 -9999 -9999 -9999 -9999 -9999 4.44847 6.26237 8.15591 8.94603 9.07794 10.9249 12.0548 12.054 11.8372 11.5844 10.4261 10.4907 10.2563 9.18988 7.63798 5.9338 6.08952 7.09583 8.53077 9.00236 7.6011 7.10594 7.46382 8.58461 9.58764 10.6352 10.899 10.5877 8.94214 7.19373 8.00056 8.86287 8.85535 8.59882 7.72011 7.43916 7.18452 6.54252 5.45261 5.60706 5.90476 7.10754 7.48739 8.07583 8.56411 8.37628 8.48192 8.94904 9.21598 9.22357 9.22577 9.23199 9.22307 9.20414 9.09954 8.98879 8.80486 7.6669 6.95782 5.9236 7.11179 7.76906 8.11357 8.73927 8.88548
-9999 -9999 -9999 -9999 -9999 -9999 -9999 3.88099 5.19656 7.00634 7.7341 8.89663 10.6419 11.4989 11.9082 11.8963 11.7269 11.2066 10.8925 10.2764 9.16731 7.65189 5.96765 4.86988 5.42241 7.35147 7.80445 6.51209 5.85624 6.66508 7.85984 9.63067 10.6411 10.7749 10.6803 10.3386 9.06139 7.51886 7.52138 8.29097 7.64212 6.8884 7.29874 7.21952 6.58566 6.12379 5.83467 6.00575 6.68907 6.97147 7.65177 8.65717 8.79894 8.76776 9.1896 9.20828 9.21562 9.22903 9.22585 9.2192 9.2036 9.11777 8.92904 8.17067 7.50879 6.58915 6.47223 7.52533 7.9852 8.41151 8.71662 8.81354
-9999 -9999 -9999 -9999 -9999 -9999 -9999 2.90751 4.4559 6.1511 7.73824 9.2397 10.5316 10.6289 11.309 11.3053 11.6602 11.5548 11.0723 10.553 9.59711 7.65154 6.01494 4.23029 4.69629 6.66263 6.91098 6.04805 4.45685 6.09283 7.89744 9.53275 10.4166 9.71818 10.4279 10.3665 9.8862 8.96685 7.53895 7.56326 6.49255 6.44344 6.98932 7.16469 7.07062 6.72331 6.16526 6.25505 6.66748 6.77143 7.39649 8.17593 8.93791 9.06387 9.20719 9.21096 9.21081 9.22015 9.21903 9.20036 9.15842 9.0688 8.43269 7.67663 7.20954 6.56782 6.48686 7.70532 8.187 8.45279 8.71604 8.81782
-9999 -9999 -9999 -9999 -9999 -9999 -9999 -9999 4.29186 6.04329 7.3386 7.68544 8.83345 9.45209 9.93019 10.034 11.4032 11.476 11.1691 10.692 9.87633 8.39933 7.36917 5.65734 4.42587 4.9228 5.14985 5.59764 5.46112 6.18889 7.92294 9.72976 9.92408 8.7712 8.93853 9.17626 9.71267 9.43642 7.49181 6.50254 5.68095 6.26008 6.86944 7.0149 7.04188 6.92114 6.77621 6.53451 7.35049 7.95361 8.09149 8.61708 9.0045 9.10972 9.1884 9.19597 9.20369 9.20133 9.17604 9.15689 9.05627 8.83411 8.12294 6.41677 6.49302 6.30543 5.77221 6.96421 7.70813 8.38085 8.73669 8.82602
-9999 -9999 -9999 -9999 -9999 -9999 -9999 -9999 3.70288 5.72979 6.15584 6.12132 5.44671 5.75337 8.24178 8.74069 10.0538 11.2969 11.2026 10.7345 9.97135 9.09051 7.72835 5.80364 4.27354 3.62019 5.25695 6.86692 7.19667 7.70844 8.76976 8.96887 7.79061 6.68558 7.30137 7.6712 9.08842 9.34486 9.06616 7.89347 6.55304 5.85206 6.67374 6.78124 6.82801 6.8351 6.80532 6.76114 7.68095 8.18912 8.54088 8.7313 9.06368 9.14698 9.17205 9.19548 9.18704 9.16731 9.11189 9.04912 8.7816 8.4582 7.29523 6.32503 5.71872 4.9499 6.67161 7.17751 7.87782 8.33027 8.68431 8.7593
