Test_Spring_2018/01_18/Temp/20180106_002.txt
ncols	170
nrows	115
xllcorner	350000.000000
yllcorner	4445000.000000
cellsize	1000.000000
nodata_value	-9999.000000
[rows 31 to 61 of 115, columns 70 to 139 of 170]
7.51533 8.11002 8.31992 7.88255 7.91109 8.92816 9.14261 9.11518 9.02851 8.91924 8.42375 8.24897 7.8552 7.17183 6.87719 5.67217 1.80757 2.88353 3.2961 2.16646 2.77686 3.77887 2.88387 0.251445 -0.888203 -2.71687 -2.13728 -2.68343 -4.15612 -9999 -9999 -9999 -9999 -9999 -9999 -9999 -9999 -9999 -9999 -9999 -9999 -9999 -9999 -9999 -9999 -9999 -9999 -9999 -9999 -9999 -9999 -9999 -9999 -9999 -9999 -9999 -9999 -9999 -9999 -9999 -9999 -9999 -9999 -9999 -9999 -9999 -9999 -9999 -9999 -9999
7.62826 7.89214 7.85172 7.42968 8.04578 8.61213 8.2619 8.02655 8.97352 8.96058 8.62198 7.84415 7.54997 7.24521 7.05289 6.05816 3.29294 0.798867 2.1139 2.13196 1.20007 2.83531 1.9529 -0.329183 -3.54552 -1.8136 -2.27704 -4.53395 -5.10057 -9999 -9999 -9999 -9999 -9999 -9999 -9999 -9999 -9999 -9999 -9999 -9999 -9999 -9999 -9999 -9999 -9999 -9999 -9999 -9999 -9999 -9999 -9999 -9999 -9999 -9999 -9999 -9999 -9999 -9999 -9999 -9999 -9999 -9999 -9999 -9999 -9999 -9999 -9999 -9999 -9999
6.85574 7.5357 7.30745 7.11778 8.04008 8.00644 7.9512 8.28851 8.87434 8.97948 8.83945 8.49268 8.19047 7.86966 7.07673 5.94097 3.57245 0.735551 0.0814648 1.44946 1.50252 1.71177 0.906121 -0.102204 -1.67249 -0.406947 0.078119 -1.41174 -3.36291 -4.6138 -9999 -9999 -9999 -9999 -9999 -9999 -9999 -9999 -9999 -9999 -9999 -9999 -9999 -9999 -9999 -9999 -9999 -9999 -9999 -9999 -9999 -9999 -9999 -9999 -9999 -9999 -9999 -9999 -9999 -9999 -9999 -9999 -9999 -9999 -9999 -9999 -9999 -9999 -9999 -9999
5.81836 6.99591 6.65758 5.73463 6.2847 6.6944 7.49296 7.69225 7.7972 8.90143 8.82926 8.76427 8.27382 7.87868 7.23278 6.13922 4.58817 2.72357 -0.512501 1.46055 3.00284 2.94989 2.85198 2.14158 0.632052 1.87346 1.92103 0.0196759 -2.13495 -3.42426 -3.96455 -9999 -9999 -9999 -9999 -9999 -9999 -9999 -9999 -9999 -9999 -9999 -9999 -9999 -9999 -9999 -9999 -9999 -9999 -9999 -9999 -9999 -9999 -9999 -9999 -9999 -9999 -9999 -9999 -9999 -9999 -9999 -9999 -9999 -9999 -9999 -9999 -9999 -9999 -9999
-9999 6.24465 5.91822 4.79403 5.34752 6.09121 7.15941 7.72045 8.13134 8.45271 8.78054 8.72719 8.22566 6.77018 6.55044 6.47404 5.45464 3.33074 1.20967 0.649872 3.00941 3.67524 3.52373 4.04097 2.76 3.34755 3.09002 2.4075 0.335224 -1.56963 -2.36985 -3.9396 -9999 -9999 -9999 -9999 -9999 -9999 -9999 -9999 -9999 -9999 -9999 -9999 -9999 -9999 -9999 -9999 -9999 -9999 -9999 -9999 -9999 -9999 -9999 -9999 -9999 -9999 -9999 -9999 -9999 -9999 -9999 -9999 -9999 -9999 -9999 -9999 -9999 -9999
-9999 -9999 -9999 -9999 4.0818 5.11145 5.95765 7.00518 7.89677 8.33657 8.76324 8.71495 7.72594 7.23511 7.17958 6.50684 5.33208 4.58936 3.24843 1.85203 2.3659 4.37598 3.46224 4.88301 4.74895 5.00006 4.02946 2.22093 -0.204007 -1.61988 -2.33737 -3.6121 -9999 -9999 -9999 -9999 -9999 -9999 -9999 -9999 -9999 -9999 -9999 -9999 -9999 -9999 -9999 -9999 -9999 -9999 -9999 -9999 -9999 -9999 -9999 -9999 -9999 -9999 -9999 -9999 -9999 -9999 -9999 -9999 -9999 -9999 -9999 -9999 -9999 -9999
-9999 -9999 -9999 -9999 -9999 4.92194 5.565 6.95038 7.67663 7.95798 8.65417 8.64305 8.26035 7.96783 7.54901 7.00585 6.11924 5.14236 3.88006 3.75 5.03023 5.03206 4.74778 4.94693 5.59907 5.41108 3.91978 1.36245 -0.0028995 -2.74169 -3.93212 -3.82448 -4.67271 -9999 -9999 -9999 -9999 -9999 -9999 -9999 -9999 -9999 -9999 -9999 -9999 -1.67473 -9999 -9999 -9999 -9999 -9999 -9999 -9999 -9999 -9999 -9999 -9999 -9999 -9999 -9999 -9999 -9999 -9999 -9999 -9999 -9999 -7.06479 -9999 -9999 -9999
-9999 -9999 -9999 -9999 4.79736 5.67132 6.3388 7.20309 7.28959 7.80181 8.60446 8.6039 8.32884 8.0192 7.33927 7.15993 6.64881 5.58916 5.36044 5.769 5.9493 6.15593 6.27802 6.15394 5.87137 5.51046 4.55945 3.35965 2.55048 0.0374259 -1.23417 -2.46274 -4.31596 -5.76913 -9999 -9999 -9999 -9999 -9999 -9999 -9999 -2.57812 -2.66226 -2.64539 -2.25767 -1.15951 -1.83002 -9999 -9999 -9999 -9999 -9999 -9999 -9999 -9999 -9999 -9999 -9999 -9999 -9999 -9999 -9999 -9999 -9999 -9999 -9999 -6.06861 -7.53757 -9999 -9999
-9999 -9999 -9999 -9999 5.04545 5.95196 6.39917 7.23894 7.71469 8.03736 8.30814 8.5659 8.50784 8.16664 7.65395 7.64271 6.94049 6.55469 6.27473 6.83222 6.93033 6.68577 6.38324 6.11461 5.38055 5.28448 5.05433 4.28859 3.03934 1.75232 -0.0798519 -2.59035 -5.05312 -7.04272 -9999 -9999 -9999 -9999 -9999 -9999 -2.35981 -1.45039 -0.91195 -2.1066 -1.11552 -0.211062 -0.374127 -1.27809 -9999 -9999 -9999 -9999 -9999 -9999 -9999 -9999 -9999 -9999 -9999 -9999 -9999 -9999 0.867115 -0.636804 -3.65602 -5.21311 -6.15542 -7.49295 -9999 -9999
-9999 -9999 -9999 -9999 4.86008 5.93359 6.65772 7.29952 7.39354 8.05478 8.34596 8.4791 8.44948 8.3712 8.2653 7.65075 7.37752 6.45521 7.307 7.25844 7.02341 6.13917 5.7479 4.2417 3.57181 3.42823 4.67142 3.73231 1.7842 -0.648328 -3.55856 -3.75151 -4.72735 -6.50711 -9999 -9999 -9999 -9999 -9999 -9999 -2.0779 -1.10433 -0.294337 -0.19012 -1.37782 0.241615 0.167469 -0.764663 -0.989703 -0.257216 0.105033 -0.189434 0.690744 0.933556 0.509726 0.933392 -9999 -9999 -9999 -9999 1.10094 1.14245 1.16933 0.531965 -2.76455 -5.02232 -7.05227 -7.26185 -9999 -9999
-9999 -9999 -9999 -9999 5.60716 6.26469 6.59267 6.63796 7.21377 7.79155 8.15055 8.40084 8.33549 8.30077 8.26388 8.04375 7.55142 7.62116 7.56628 7.27178 5.60111 3.65425 4.48112 3.32249 0.865689 2.85214 3.93626 2.87411 0.51629 -2.21603 -3.10797 -3.07504 -4.42688 -6.16859 -9999 -9999 -9999 -4.74312 -3.3422 -3.23535 -2.83415 -1.53081 -0.543333 0.203161 0.702329 0.679324 0.114677 -0.797565 -1.78796 -1.45906 0.272832 0.681008 1.03106 1.28311 0.887947 1.05613 1.50474 1.72736 1.75735 1.62836 1.58443 1.60397 1.5294 0.933071 -2.00938 -3.70643 -4.79664 -6.98544 -9999 -9999
-9999 -9999 -9999 -9999 5.19025 5.76126 6.22224 6.98828 7.06184 7.54664 7.83278 8.26534 8.30219 7.77884 8.18612 8.11648 8.02171 7.83798 7.57614 6.16259 4.22094 2.27507 1.36887 1.74296 0.253637 1.00363 2.10234 1.69052 0.235799 -2.19934 -2.5519 -3.11869 -5.37566 -7.55642 -9999 -9999 -7.47792 -4.77487 -2.87677 -1.90599 -1.61707 -1.6048 -0.356653 -0.274372 1.07081 0.742869 -1.07912 -0.89392 -1.60456 -1.16843 -0.554421 -0.396728 0.512511 1.38474 1.5331 1.51763 1.79623 1.83829 1.83505 1.80847 1.5878 1.66159 1.6571 1.27822 -0.865273 -1.92077 -3.08516 -6.97095 -9999 -9999
-9999 -9999 -9999 -9999 5.48417 6.1241 6.82599 6.93229 7.44993 7.38259 7.22638 7.95044 8.21327 7.83988 7.56623 8.02842 7.97894 7.89851 7.77669 6.44685 4.91095 2.5951 1.1508 0.270139 -0.363215 -1.20325 -0.644667 -0.829972 -1.07423 -0.815712 -1.48808 -2.82121 -4.1512 -6.62542 -7.97379 -9999 -7.3326 -6.12185 -3.86155 -1.94356 -0.73252 -1.19179 0.22944 0.478876 1.29807 0.794 -0.320214 -0.816381 -0.876134 -1.0376 -0.0863317 0.554037 0.99974 1.288 1.65449 1.73247 1.81099 1.8327 1.83597 1.83971 1.81611 1.78986 1.72819 1.57396 0.577961 -0.478144 -2.73304 -6.84837 -9999 -9999
-9999 -9999 -9999 3.59063 5.40588 6.48601 6.89923 7.19518 7.45488 7.64018 7.83714 8.0146 8.13492 8.07004 7.10189 7.16396 7.31854 7.84228 7.78582 7.64935 6.80149 3.9868 3.00977 1.58064 -0.262503 -1.03598 -0.664781 0.824907 0.748068 -0.254882 -1.37148 -2.90541 -3.88654 -5.41157 -8.3252 -8.07914 -6.78717 -5.8306 -4.30012 -1.95213 -0.311709 0.410256 0.671751 1.24172 1.52769 0.835154 0.178575 -0.106886 -0.620041 -0.707631 -0.721464 -0.153513 0.289047 1.29255 1.61544 1.75462 1.81526 1.83921 1.85163 1.8637 1.8558 1.81772 1.80006 1.77312 1.6801 0.283502 -3.19032 -5.81616 -9999 -9999
-9999 -9999 -9999 -9999 5.06625 5.53719 5.65478 5.86633 6.30735 6.8166 7.54347 7.62775 8.02047 8.00464 7.1712 6.20619 7.0158 7.32632 7.64849 7.64049 7.51578 5.14968 3.90423 2.92155 1.15377 1.77808 2.36864 2.40436 2.03221 -0.10671 -2.2369 -4.68613 -6.98173 -7.10259 -8.34252 -7.70413 -6.85611 -4.65477 -3.11126 -2.49624 -2.05992 0.326489 0.936967 1.12913 1.72614 0.868183 0.634841 -0.0142632 0.155402 0.0825948 0.068872 -1.69603 0.0434428 0.129533 1.25425 1.75335 1.85235 1.86537 1.88062 1.86759 1.85579 1.83205 1.82491 1.78729 1.74233 0.825905 -3.56379 -5.78835 -9999 -9999
-9999 -9999 -9999 -9999 -9999 -9999 5.20048 5.55847 5.78509 6.18234 7.41756 7.74212 7.95317 7.9595 7.57904 6.62447 6.35984 6.51395 5.57883 6.32689 7.3599 7.31713 7.17434 5.09299 4.0256 5.03797 4.71628 3.15277 1.92085 0.705268 -1.78669 -3.60787 -6.23678 -8.21436 -8.30076 -6.14424 -4.35499 -2.1273 -1.15456 -1.73652 -1.14449 0.0307833 1.36848 2.00547 1.83185 0.928081 0.783247 -0.208023 0.730295 0.794647 0.332775 -0.0684729 0.0708969 0.618715 0.817088 1.69348 1.89253 1.9149 1.9034 1.88877 1.86657 1.84294 1.80945 1.77922 1.74519 1.68273 -2.82935 -6.35386 -9999 -9999
-9999 -9999 -9999 -9999 -9999 -9999 4.33629 4.55176 5.12926 6.62326 7.40252 7.71022 7.68827 7.82253 7.55001 6.70765 5.84215 5.0237 3.97336 4.54561 6.08968 6.99364 7.08272 5.25642 6.18931 5.8249 5.11865 3.07699 1.57052 0.768146 -1.62427 -3.66855 -5.42068 -7.837 -6.82017 -5.7004 -4.25973 -1.82668 -0.19212 0.46793 -0.120454 0.623933 2.16578 2.15513 1.28206 1.3187 0.777461 -0.570643 0.795752 1.16784 0.836807 0.901578 0.7709 0.964331 1.33068 1.68039 1.90713 1.92276 1.90922 1.88294 1.86408 1.84462 1.80697 1.78715 1.7527 1.70735 -1.21349 -6.42431 -9999 -9999
-9999 -9999 -9999 -9999 -9999 -9999 -9999 3.5429 4.86995 6.85565 7.34311 7.28793 7.68825 7.71102 7.30016 6.94013 5.89293 4.46743 1.74549 2.41622 3.83612 5.89218 6.9659 6.80453 6.18836 5.12423 2.56657 0.32782 0.048322 -0.324923 -2.07299 -3.64786 -5.59454 -4.48306 -3.2656 -1.93388 -1.24191 -1.4416 -0.0433696 1.09242 0.58322 1.5005 2.57367 2.05845 1.74593 1.48085 0.858453 0.803718 0.84864 1.61742 1.0567 1.37457 1.36962 1.3343 1.50422 1.70228 1.91101 1.93084 1.91371 1.89926 1.85414 1.84358 1.81002 1.77584 1.74203 1.69956 1.41405 -1.40773 -3.0998 -9999
-9999 -9999 -9999 -9999 -9999 -9999 -9999 2.3099 2.96775 5.3206 6.04203 7.07493 7.61725 7.62984 6.9459 6.55691 5.00528 4.48939 1.97012 0.820376 1.76396 1.37955 4.21802 6.72918 6.16939 1.0599 -0.797038 -2.12363 -1.79419 -1.79935 -2.2918 -4.97102 -5.71865 -3.3324 -1.83492 -0.678634 0.193853 0.362458 0.31435 2.10098 2.32246 2.88943 2.74201 2.7765 1.84527 1.26187 1.73311 1.14628 1.03134 1.82615 1.00971 1.7169 1.61841 1.38511 1.3577 1.81806 1.8981 1.93202 1.91692 1.88028 1.83696 1.80389 1.79857 1.76978 1.72106 1.6995 1.65021 1.28589 -0.182582 -0.711621
-9999 -9999 -9999 -9999 -9999 -9999 -9999 -9999 0.763443 4.03606 5.52708 6.30407 7.40125 7.52184 7.1529 6.49099 4.91014 3.51726 1.26347 -1.30795 -2.67618 1.35528 4.86293 6.68743 6.43572 2.18045 0.495016 0.407591 1.38492 0.544014 -0.0955875 -2.13222 -2.74997 -3.60556 -3.09655 -1.47797 -0.163152 1.10497 2.02104 2.07825 2.66392 2.99479 3.00331 3.09229 2.9653 2.85841 1.95719 2.5464 2.01298 2.26951 2.0768 1.90177 1.75209 1.23286 1.5726 1.87156 1.93641 1.94191 1.90597 1.8834 1.85058 1.80023 1.76785 1.74401 1.71855 1.67938 1.6557 1.60748 1.42101 0.528046
-9999 -9999 -9999 -9999 -9999 -9999 -9999 -9999 -0.878428 2.37752 3.94239 5.95665 6.99121 7.39886 7.32772 6.78834 5.5832 3.77733 2.26973 -0.598479 -3.5757 0.65475 4.42856 6.45667 6.55176 2.97693 3.95473 3.14558 3.45855 1.98669 1.37025 0.887267 -0.173183 -1.33262 -2.59816 -3.27927 -0.305007 1.21365 2.43115 2.99455 3.30359 3.44687 3.3403 3.09914 1.75186 2.74424 2.66843 2.54902 2.41552 2.34234 2.22094 2.08144 1.99582 1.95398 1.60396 1.96494 1.9363 1.92525 1.90987 1.88162 1.8431 1.80563 1.76306 1.74293 1.70958 1.67343 1.64097 1.60368 1.56843 1.49651
-9999 -9999 -9999 -9999 -9999 -9999 -9999 -9999 -5.46963 -0.729208 3.08655 5.06793 6.67586 7.10722 7.25834 6.54032 5.99857 4.69934 3.46787 1.57756 -1.24486 -2.9888 0.174678 4.78347 6.48116 6.33928 6.2213 5.28684 4.44428 4.3296 4.38286 3.41102 1.99317 0.136173 -0.456441 -1.11674 1.09467 1.38039 1.20007 3.62891 3.61439 3.4543 2.49626 1.43079 1.60878 0.946439 1.42161 0.62906 1.32233 1.91982 2.13268 2.09738 2.00302 1.97385 1.92138 1.96524 1.94839 1.92137 1.89587 1.87297 1.84399 1.79446 1.75608 1.74316 1.70366 1.66521 1.6316 1.59705 1.56744 1.50815
-9999 -9999 -9999 -9999 -9999 -9999 -9999 -9999 -5.26115 -1.27394 2.10303 4.12121 6.06164 6.50031 7.1443 6.98572 6.4192 5.28779 3.87833 2.31971 -0.103936 -1.90924 0.202184 3.25534 5.43945 6.2185 6.20565 6.14151 5.92187 5.83054 5.57708 5.40061 4.37626 2.61577 1.61796 0.162763 2.62873 2.89067 2.4848 3.70412 3.62199 1.72861 0.26758 0.0667938 0.929408 0.0733854 -0.0961335 -0.627181 -0.0576214 1.50007 1.01889 1.0935 1.79527 1.89694 1.94836 1.95295 1.9319 1.91178 1.88207 1.86527 1.84724 1.79827 1.76326 1.73391 1.68314 1.65849 1.61564 1.56841 1.53746 1.49483
-9999 -9999 -9999 -9999 -9999 -9999 -9999 -9999 -5.18012 -2.50441 0.532726 3.51069 5.58349 6.41035 7.00766 6.98485 6.32915 5.75822 4.86835 3.49521 2.54813 0.916825 -1.31526 2.3845 3.50749 4.5152 4.93516 5.98336 5.94627 5.44978 4.88837 5.39962 5.22709 3.83483 3.36763 2.58731 3.95177 3.93835 3.88223 3.78935 2.18754 -0.0319084 -1.81043 -0.566576 -0.85172 -0.285512 -2.10668 -0.650575 0.521913 0.89052 0.0739902 -0.543184 1.30151 1.58364 1.75064 1.85182 1.91246 1.87691 1.87817 1.84857 1.8234 1.79664 1.75895 1.72673 1.68741 1.64732 1.6124 1.56739 1.52214 1.46143
-9999 -9999 -9999 -9999 -9999 -9999 -9999 -9999 -9999 -4.09107 -0.240708 3.19716 5.10427 6.29754 6.87042 6.84332 6.49983 6.1067 5.54846 4.55319 3.30753 1.34929 -0.10816 0.791576 1.89134 2.00815 2.73773 4.87871 5.60235 4.54801 1.96643 3.46914 5.15326 5.11246 4.95382 4.77723 4.5569 4.35326 3.92671 2.81312 -0.56054 -1.24354 -2.57998 -2.45129 -3.14705 -1.68686 -2.26019 -0.76508 -0.127451 0.102323 -1.31534 -1.03193 0.58702 1.22236 1.09846 1.48238 1.85465 1.85008 1.84324 1.81474 1.80342 1.78599 1.75832 1.71142 1.6756 1.64278 1.59269 1.56223 1.41358 1.30926
-9999 -9999 -9999 -9999 -9999 -9999 -9999 -9999 -9999 -4.86711 -1.02262 3.02817 4.31831 5.6057 6.71426 6.71973 6.2037 5.71194 5.20584 4.63206 3.1248 1.66298 0.267031 -0.211689 0.0513396 0.018164 1.20598 3.99838 4.52885 4.28466 1.58153 0.656848 2.91027 4.80161 4.93718 4.74933 2.49133 2.95219 1.72508 0.0662598 -0.404326 -1.14201 -2.67936 -1.96927 -3.10087 -2.64439 -2.78675 -1.94621 -1.54567 -0.541088 -1.77903 -1.7866 -0.198514 0.600024 0.604282 1.44334 1.73184 1.79483 1.79733 1.79332 1.77767 1.7709 1.74202 1.70777 1.66897 1.60571 1.48589 1.16827 -0.487088 -0.507609
-9999 -9999 -9999 -9999 -9999 -9999 -9999 -9999 -9999 -4.42591 -1.76307 1.82909 4.48566 4.63764 5.92054 6.57465 6.01495 5.38674 4.74437 4.45414 2.81523 1.01685 -0.439002 -2.15892 -1.89348 -0.684713 1.30547 3.104 3.41464 3.02684 1.57231 2.23993 3.7717 4.57809 4.80519 4.59909 4.09462 3.79562 2.88736 2.4831 1.22722 -0.726315 -1.5078 -1.04509 -3.11832 -2.99444 -2.25445 -3.07505 -1.76384 -1.14553 -2.73929 -1.51137 -0.099898 0.613683 1.23561 1.52124 1.62488 1.79239 1.77948 1.77655 1.7658 1.74316 1.72243 1.67125 1.62479 1.43055 1.15438 -0.380092 -1.03808 -0.936568
-9999 -9999 -9999 -9999 -9999 -9999 -9999 -9999 -9999 -3.97458 -1.57917 1.53295 3.42211 3.74672 5.17095 6.43538 6.27548 5.62252 5.41192 4.73584 3.34331 1.80714 0.129866 -0.69357 -2.56565 -0.753116 0.681167 2.20159 2.90553 1.70834 1.09823 2.13785 3.17116 3.5747 4.61788 4.59194 4.23053 2.72612 1.98328 2.2718 1.94164 1.37697 0.0263373 -0.0523469 -0.927006 -1.30054 -1.65421 -2.75496 -2.08019 -2.02899 -1.86839 -0.381131 0.344879 0.820607 1.25187 1.35249 1.53017 1.76554 1.76979 1.76028 1.73993 1.72484 1.68584 1.59299 1.51107 1.14307 0.508044 -0.658163 -2.54045 -1.25448
-9999 -9999 -9999 -9999 -9999 -9999 -9999 -9999 -9999 -4.39031 -1.84529 0.811686 1.91292 2.08608 4.67675 6.25644 6.24226 5.92374 5.55458 3.90919 3.98804 3.64575 2.13097 -0.0677693 -2.48075 -2.27154 -0.853065 1.1561 1.81217 -0.160616 -0.8686 -0.374301 1.19514 2.59818 4.06358 4.42356 3.97228 1.63971 -0.838455 0.284865 1.48598 1.4606 1.08397 -0.169798 -0.58092 -0.954832 -1.87457 -3.41864 -3.20831 -2.80235 -1.12182 -0.600409 0.215239 0.889802 0.611287 0.746386 1.39086 1.75286 1.7489 1.73696 1.73027 1.70186 1.65903 1.49522 1.32265 1.04693 -0.573518 -1.58916 -3.06647 -1.40126
-9999 -9999 -9999 -9999 -9999 -9999 -9999 -9999 -9999 -5.18803 -3.34615 -0.807821 0.205058 1.83066 4.27762 5.47243 6.03625 6.00636 5.75454 5.00833 4.55302 3.67231 2.09701 -0.0507447 -2.43617 -3.99455 -3.22632 -0.511683 0.114034 -1.70286 -2.63814 -1.50892 0.164057 2.64876 4.06123 4.23749 4.09128 3.59651 1.78242 -0.406011 -0.416771 0.653508 -0.275895 -1.35322 -0.789637 -0.916089 -1.82428 -2.48984 -2.89784 -2.67899 -1.72311 -1.3395 -0.39487 1.0081 1.19367 1.13535 1.71553 1.72721 1.72266 1.72641 1.70651 1.68147 1.64361 1.50662 1.22449 0.13937 -0.809658 -2.12189 -2.30237 -0.830921
-9999 -9999 -9999 -9999 -9999 -9999 -9999 -9999 -9999 -6.55794 -4.38857 -2.01233 0.211501 2.3145 4.12203 4.2457 5.19082 5.17231 5.65936 5.49775 4.80473 4.06019 2.70044 -0.0541129 -2.37286 -4.90005 -4.2544 -1.48329 -1.13634 -2.36409 -4.6186 -2.32408 0.20789 2.50094 3.7344 2.73703 3.72437 3.62435 2.93353 1.62355 -0.403529 -0.383687 -1.90757 -1.99144 -1.23661 -1.00406 -1.15128 -1.65541 -2.44857 -2.33834 -1.76518 -1.63354 -0.767252 0.316661 1.37596 1.53865 1.72576 1.71605 1.7007 1.6986 1.68164 1.63982 1.56508 1.42306 0.510626 -0.570882 -1.24503 -2.16529 -2.29498 -0.595562
