Test_Spring_2018/01_18/Temp/20180104_006.txt
ncols	170
nrows	115
xllcorner	350000.000000
yllcorner	4445000.000000
cellsize	1000.000000
nodata_value	-9999.000000
[rows 31 to 61 of 115, columns 71 to 141 of 170]
6.45637 6.64533 6.28498 6.31961 7.18002 7.37328 7.35951 7.28241 7.19964 6.78964 6.65201 6.32894 5.76048 5.52191 4.5112 1.24452 2.16836 2.52921 1.58157 2.10943 2.96898 2.21895 -0.00528134 -0.963772 -2.50711 -2.01757 -2.48018 -3.72248 -9999 -9999 -9999 -9999 -9999 -9999 -9999 -9999 -9999 -9999 -9999 -9999 -9999 -9999 -9999 -9999 -9999 -9999 -9999 -9999 -9999 -9999 -9999 -9999 -9999 -9999 -9999 -9999 -9999 -9999 -9999 -9999 -9999 -9999 -9999 -9999 -9999 -9999 -9999 -9999 -9999 -9999 -9999
6.26785 6.24479 5.89776 6.43109 6.92208 6.6241 6.42527 7.23355 7.23255 6.9556 6.30637 6.06764 5.82016 5.6682 4.83568 2.50139 0.396979 1.52333 1.54929 0.769141 2.16611 1.42716 -0.499425 -3.21884 -1.7414 -2.12637 -4.04923 -4.52367 -9999 -9999 -9999 -9999 -9999 -9999 -9999 -9999 -9999 -9999 -9999 -9999 -9999 -9999 -9999 -9999 -9999 -9999 -9999 -9999 -9999 -9999 -9999 -9999 -9999 -9999 -9999 -9999 -9999 -9999 -9999 -9999 -9999 -9999 -9999 -9999 -9999 -9999 -9999 -9999 -9999 -9999 -9999
5.96215 5.78001 5.63031 6.42358 6.40584 6.35704 6.64532 7.14716 7.24632 7.13775 6.85406 6.60839 6.34714 5.68559 4.73335 2.73547 0.340256 -0.203578 0.967562 1.02311 1.21083 0.537365 -0.308348 -1.63105 -0.548652 -0.12851 -1.3933 -3.04856 -4.1137 -9999 -9999 -9999 -9999 -9999 -9999 -9999 -9999 -9999 -9999 -9999 -9999 -9999 -9999 -9999 -9999 -9999 -9999 -9999 -9999 -9999 -9999 -9999 -9999 -9999 -9999 -9999 -9999 -9999 -9999 -9999 -9999 -9999 -9999 -9999 -9999 -9999 -9999 -9999 -9999 -9999 -9999
5.50132 5.22597 4.45445 4.93212 5.29051 5.95805 6.13247 6.23128 7.17783 7.12672 7.08192 6.67645 6.35204 5.8151 4.89857 3.59407 2.02362 -0.710188 0.97436 2.29334 2.25898 2.1862 1.5936 0.322872 1.38527 1.4348 -0.180286 -2.01891 -3.10295 -3.55148 -9999 -9999 -9999 -9999 -9999 -9999 -9999 -9999 -9999 -9999 -9999 -9999 -9999 -9999 -9999 -9999 -9999 -9999 -9999 -9999 -9999 -9999 -9999 -9999 -9999 -9999 -9999 -9999 -9999 -9999 -9999 -9999 -9999 -9999 -9999 -9999 -9999 -9999 -9999 -9999 -9999
4.86157 4.59641 3.65427 4.13488 4.77657 5.68394 6.15435 6.51255 6.79495 7.08299 7.04792 6.63291 5.40898 5.23343 5.17965 4.32613 2.53584 0.747947 0.284302 2.29677 2.87241 2.75451 3.2036 2.12712 2.63529 2.42642 1.85436 0.0857363 -1.52815 -2.1968 -3.51796 -9999 -9999 -9999 -9999 -9999 -9999 -9999 -9999 -9999 -9999 -9999 -9999 -9999 -9999 -9999 -9999 -9999 -9999 -9999 -9999 -9999 -9999 -9999 -9999 -9999 -9999 -9999 -9999 -9999 -9999 -9999 -9999 -9999 -9999 -9999 -9999 -9999 -9999 -9999 -9999
-9999 -9999 -9999 3.05924 3.93452 4.65798 5.54599 6.31157 6.69424 7.06593 7.03497 6.20631 5.8005 5.76418 5.20457 4.21934 3.60072 2.47476 1.30175 1.74898 3.46516 2.70108 3.9169 3.81359 4.03671 3.22331 1.68469 -0.370249 -1.56918 -2.1674 -3.23806 -9999 -9999 -9999 -9999 -9999 -9999 -9999 -9999 -9999 -9999 -9999 -9999 -9999 -9999 -9999 -9999 -9999 -9999 -9999 -9999 -9999 -9999 -9999 -9999 -9999 -9999 -9999 -9999 -9999 -9999 -9999 -9999 -9999 -9999 -9999 -9999 -9999 -9999 -9999 -9999
-9999 -9999 -9999 -9999 3.77214 4.32309 5.50795 6.123 6.37102 6.97107 6.97142 6.65688 6.41916 6.07464 5.62497 4.88426 4.0672 3.00817 2.90959 4.00718 4.02026 3.79043 3.97037 4.53422 4.38515 3.12782 0.957324 -0.190635 -2.5192 -3.51841 -3.41634 -4.12478 -9999 -9999 -9999 -9999 -9999 -9999 -9999 -9999 -9999 -9999 -9999 -9999 -1.41717 -9999 -9999 -9999 -9999 -9999 -9999 -9999 -9999 -9999 -9999 -9999 -9999 -9999 -9999 -9999 -9999 -9999 -9999 -9999 -9999 -5.6818 -9999 -9999 -9999 -9999 -9999
-9999 -9999 -9999 3.6632 4.40218 4.97793 5.72041 5.79382 6.23656 6.92663 6.93568 6.71225 6.45989 5.89385 5.75284 5.33076 4.4437 4.26167 4.62026 4.78522 4.97236 5.08755 4.99361 4.76488 4.46934 3.65963 2.65222 1.97605 -0.15267 -1.22842 -2.25965 -3.82043 -5.04155 -9999 -9999 -9999 -9999 -9999 -9999 -9999 -2.23324 -2.29127 -2.26356 -1.92123 -0.976251 -1.53141 -9999 -9999 -9999 -9999 -9999 -9999 -9999 -9999 -9999 -9999 -9999 -9999 -9999 -9999 -9999 -9999 -9999 -9999 -9999 -4.83061 -6.06015 -9999 -9999 -9999 -9999
-9999 -9999 -9999 3.86106 4.63948 5.02797 5.74919 6.16152 6.43452 6.6731 6.90097 6.8614 6.58214 6.15793 6.15958 5.57558 5.26035 5.03515 5.52043 5.61605 5.42084 5.17618 4.95991 4.34844 4.27768 4.08029 3.44103 2.39151 1.30995 -0.247895 -2.36647 -4.44423 -6.12028 -9999 -9999 -9999 -9999 -9999 -9999 -2.05862 -1.27376 -0.803513 -1.80328 -0.949014 -0.168163 -0.29273 -1.04852 -9999 -9999 -9999 -9999 -9999 -9999 -9999 -9999 -9999 -9999 -9999 -9999 -9999 -9999 0.995903 -0.264594 -2.81018 -4.11526 -4.89847 -6.0165 -9999 -9999 -9999 -9999
-9999 -9999 -9999 3.70396 4.62358 5.24644 5.79922 5.88721 6.45545 6.7031 6.82495 6.80927 6.7529 6.67373 6.16373 5.9438 5.17378 5.90892 5.88051 5.69394 4.95651 4.6369 3.37116 2.8143 2.6916 3.75651 2.97009 1.32765 -0.725712 -3.19119 -3.35016 -4.16668 -5.66471 -9999 -9999 -9999 -9999 -9999 -9999 -1.81713 -0.977656 -0.276885 -0.174735 -1.16838 0.2191 0.167113 -0.608951 -0.785043 -0.148732 0.173739 -0.0638743 0.69771 0.919558 0.575964 0.951179 -9999 -9999 -9999 -9999 1.17006 1.22017 1.25786 0.73225 -2.04866 -3.94813 -5.65391 -5.81194 -9999 -9999 -9999 -9999
-9999 -9999 -9999 4.33826 4.9045 5.19078 5.23699 5.73304 6.22979 6.53539 6.75648 6.71042 6.691 6.67044 6.49517 6.08967 6.16148 6.12799 5.89145 4.48762 2.84934 3.56342 2.59161 0.510182 2.20421 3.13408 2.24312 0.252955 -2.05492 -2.80841 -2.77529 -3.9108 -5.37207 -9999 -9999 -9999 -4.11297 -2.91119 -2.80678 -2.45249 -1.33284 -0.481017 0.161482 0.598861 0.586256 0.125956 -0.633107 -1.45824 -1.1641 0.320316 0.682115 0.991229 1.22112 0.902017 1.0663 1.46227 1.6664 1.70699 1.61259 1.59026 1.62175 1.57351 1.08288 -1.4033 -2.82721 -3.73586 -5.56091 -9999 -9999 -9999 -9999
-9999 -9999 -9999 3.98053 4.47297 4.87174 5.5323 5.60202 6.02063 6.26977 6.63957 6.67996 6.24594 6.60213 6.55462 6.48656 6.34368 6.13502 4.94969 3.31642 1.67935 0.923739 1.24611 -0.00570289 0.639766 1.58207 1.24022 0.0200186 -2.0359 -2.32538 -2.80189 -4.71019 -6.54869 -9999 -9999 -6.44533 -4.13932 -2.51567 -1.67824 -1.41893 -1.3941 -0.320883 -0.236534 0.919038 0.649535 -0.877584 -0.705528 -1.29908 -0.913819 -0.370298 -0.221047 0.563682 1.31815 1.45969 1.46215 1.71389 1.76481 1.77714 1.76951 1.59716 1.67458 1.68571 1.3795 -0.423153 -1.30251 -2.27088 -5.53927 -9999 -9999 -9999 -9999
-9999 -9999 -9999 4.22974 4.78021 5.38297 5.48037 5.92666 5.8799 5.75328 6.37506 6.60258 6.29564 6.07426 6.47798 6.44856 6.39362 6.30411 5.19019 3.90148 1.95096 0.739212 -0.00162442 -0.527371 -1.2275 -0.743151 -0.890287 -1.08783 -0.859187 -1.42276 -2.54932 -3.6672 -5.75858 -6.89068 -9999 -6.32186 -5.28157 -3.35054 -1.70946 -0.667726 -1.04258 0.17776 0.404201 1.10893 0.69593 -0.230899 -0.630148 -0.66538 -0.78697 0.0352031 0.589052 0.980839 1.24112 1.56661 1.64829 1.73025 1.76381 1.78154 1.79951 1.79421 1.7867 1.74928 1.63363 0.804355 -0.0730226 -1.96884 -5.43224 -9999 -9999 -9999 -9999
-9999 -9999 2.62249 4.16486 5.08816 5.4455 5.70324 5.93024 6.09429 6.26731 6.42743 6.53761 6.48922 5.67876 5.74321 5.8871 6.34495 6.31122 6.20992 5.5052 3.13188 2.31166 1.11392 -0.437555 -1.08393 -0.75865 0.514779 0.458977 -0.38271 -1.32097 -2.61782 -3.44268 -4.72582 -7.18853 -6.96773 -5.85912 -5.03438 -3.72227 -1.71626 -0.310065 0.317319 0.554258 1.04898 1.30627 0.739352 0.200981 -0.0253948 -0.445031 -0.503836 -0.500233 -0.0033072 0.385641 1.24847 1.5379 1.67051 1.73718 1.77251 1.79785 1.82277 1.83069 1.81307 1.81297 1.80533 1.74391 0.575748 -2.34716 -4.54731 -9999 -9999 -9999 -9999
-9999 -9999 -9999 3.87833 4.2844 4.3905 4.5762 4.95658 5.39504 6.01721 6.09626 6.43778 6.43457 5.73651 4.9299 5.6296 5.90685 6.19459 6.20258 6.11156 4.11675 3.07379 2.25301 0.765514 1.3048 1.81604 1.85601 1.54948 -0.256062 -2.05443 -4.12776 -6.06559 -6.15831 -7.20111 -6.64943 -5.91743 -4.03683 -2.71357 -2.17733 -1.79225 0.247225 0.777734 0.959526 1.48177 0.769864 0.59061 0.0560202 0.215737 0.16957 0.173292 -1.3086 0.180428 0.268399 1.23715 1.67307 1.77147 1.79737 1.82496 1.82846 1.83299 1.82751 1.83634 1.82097 1.80342 1.04378 -2.66139 -4.5212 -9999 -9999 -9999 -9999
-9999 -9999 -9999 -9999 -9999 4.00584 4.31543 4.51366 4.85686 5.91002 6.19274 6.38009 6.39487 6.08274 5.28451 5.07318 5.21796 4.43947 5.08946 5.97889 5.95679 5.84926 4.09667 3.20206 4.07179 3.80916 2.4925 1.45651 0.433923 -1.67159 -3.21231 -5.43315 -7.10105 -7.16418 -5.324 -3.7955 -1.89255 -1.05336 -1.53228 -1.01493 -0.00233244 1.14827 1.7047 1.5736 0.823147 0.719109 -0.105493 0.70636 0.776609 0.400199 0.0749062 0.206653 0.686069 0.868829 1.6265 1.8095 1.84164 1.8464 1.84843 1.84408 1.83868 1.82806 1.8191 1.80762 1.77268 -2.03593 -4.99834 -9999 -9999 -9999 -9999
-9999 -9999 -9999 -9999 -9999 3.27356 3.46209 3.95782 5.23121 5.89755 6.16597 6.1557 6.27903 6.05853 5.35593 4.63484 3.95479 3.07845 3.57864 4.90303 5.68408 5.77334 4.23716 5.03931 4.74123 4.15239 2.43009 1.16111 0.488865 -1.5324 -3.26244 -4.73978 -6.78005 -5.90759 -4.94695 -3.71312 -1.63667 -0.236071 0.338911 -0.145059 0.502225 1.82627 1.83364 1.10955 1.15705 0.716925 -0.410167 0.764908 1.09623 0.830773 0.900667 0.803261 0.981861 1.30685 1.61751 1.82375 1.8509 1.8532 1.84526 1.84372 1.84312 1.82735 1.82747 1.81593 1.79583 -0.66272 -5.0554 -9999 -9999 -9999 -9999
-9999 -9999 -9999 -9999 -9999 -9999 2.60714 3.7387 5.42922 5.84816 5.80888 6.15691 6.18578 5.84803 5.55464 4.67955 3.48455 1.19042 1.77418 2.99329 4.75161 5.67611 5.55223 5.04048 4.14893 1.98972 0.100255 -0.127987 -0.436265 -1.91104 -3.24296 -4.88542 -3.93344 -2.89092 -1.75061 -1.15191 -1.3084 -0.108366 0.869901 0.45351 1.24762 2.17433 1.75397 1.50558 1.29739 0.78855 0.758653 0.812904 1.48073 1.02039 1.30486 1.31398 1.29833 1.45647 1.63826 1.829 1.85953 1.8589 1.86085 1.83734 1.84391 1.83178 1.81996 1.80922 1.79185 1.5689 -0.79722 -2.21149 -9999 -9999 -9999
-9999 -9999 -9999 -9999 -9999 -9999 1.56223 2.12638 4.12859 4.7462 5.63009 6.09878 6.11919 5.54993 5.23229 3.92886 3.50544 1.38325 0.422585 1.23762 0.925879 3.34727 5.49031 5.02641 0.703588 -0.861162 -1.97682 -1.68845 -1.68441 -2.09407 -4.3627 -4.98808 -2.95482 -1.6748 -0.683319 0.0684654 0.224367 0.19757 1.72816 1.93115 2.42823 2.31976 2.36581 1.5928 1.11474 1.53367 1.0525 0.971186 1.66107 0.983766 1.59836 1.528 1.34423 1.33479 1.73887 1.82029 1.86266 1.86411 1.84705 1.8253 1.81258 1.82458 1.81753 1.79436 1.79492 1.77251 1.491 0.26643 -0.161423 0.313099 -9999
-9999 -9999 -9999 -9999 -9999 -9999 -9999 0.258103 3.04087 4.31159 4.97877 5.91839 6.03063 5.72746 5.17857 3.85104 2.68363 0.786499 -1.37978 -2.52637 0.90743 3.8964 5.457 5.25442 1.65628 0.237153 0.172767 1.01089 0.306237 -0.228023 -1.95153 -2.46658 -3.18301 -2.74134 -1.35915 -0.230563 0.857923 1.64894 1.71258 2.22549 2.52082 2.54468 2.63703 2.54626 2.47247 1.72729 2.24368 1.80739 2.04065 1.89234 1.75851 1.64461 1.21816 1.52 1.78705 1.85548 1.87539 1.85815 1.85308 1.84032 1.81375 1.80186 1.79916 1.79587 1.78159 1.78096 1.76771 1.63047 0.893794 -0.0924276 -1.33843
-9999 -9999 -9999 -9999 -9999 -9999 -9999 -1.13293 1.63621 2.97 4.68708 5.56981 5.92779 5.87919 5.43423 4.4253 2.90745 1.64306 -0.775165 -3.28582 0.317886 3.53022 5.26352 5.35647 2.33424 3.17432 2.498 2.77289 1.53336 1.01907 0.613542 -0.276772 -1.2507 -2.31653 -2.88062 -0.345966 0.955049 2.00172 2.49467 2.77286 2.91126 2.83666 2.64682 1.52097 2.37957 2.33455 2.24982 2.15269 2.10622 2.01832 1.91455 1.85489 1.83328 1.54997 1.87083 1.86224 1.8656 1.8659 1.85611 1.83861 1.82306 1.80422 1.80349 1.79264 1.78093 1.77281 1.76894 1.75976 1.71926 1.52358 -0.14978
-9999 -9999 -9999 -9999 -9999 -9999 -9999 -5.02556 -0.996669 2.24086 3.93121 5.30707 5.68408 5.82411 5.22763 4.78131 3.69305 2.66267 1.07368 -1.30589 -2.77085 -0.0723686 3.85042 5.2991 5.18882 5.09967 4.31734 3.61244 3.52448 3.57867 2.75868 1.56164 -0.00313353 -0.491524 -1.04048 0.847232 1.1025 0.963502 3.03867 3.04227 2.92317 2.1278 1.23943 1.4079 0.85909 1.28136 0.62556 1.22962 1.75194 1.94751 1.93207 1.86495 1.85635 1.825 1.87941 1.87768 1.86767 1.85955 1.85444 1.84514 1.81941 1.80412 1.81131 1.79421 1.78088 1.76976 1.76828 1.76358 1.73347 1.70616 1.44879
-9999 -9999 -9999 -9999 -9999 -9999 -9999 -4.85365 -1.4646 1.40928 3.13302 4.78965 5.17308 5.7313 5.60936 5.14198 4.19591 3.01435 1.70649 -0.335078 -1.85228 -0.0475297 2.55711 4.42254 5.09351 5.08944 5.04567 4.86952 4.79727 4.5919 4.44675 3.58819 2.10998 1.27443 0.0514768 2.15529 2.39047 2.06016 3.1093 3.05539 1.46585 0.24355 0.0905172 0.837018 0.128121 0.00386929 -0.435315 0.0636988 1.4004 1.01053 1.08808 1.69602 1.79576 1.85821 1.8748 1.86976 1.86585 1.85437 1.8546 1.85468 1.82945 1.81695 1.81007 1.78568 1.78106 1.76418 1.75263 1.74323 1.72688 1.70187 1.62853
-9999 -9999 -9999 -9999 -9999 -9999 -9999 -4.7861 -2.50624 0.0798751 2.61836 4.38761 5.10056 5.61933 5.6126 5.06953 4.59876 3.85775 2.70701 1.9177 0.547911 -1.33171 1.81982 2.78699 3.65186 4.01535 4.9153 4.89423 4.48313 4.007 4.45119 4.32075 3.15063 2.76552 2.11532 3.28503 3.28677 3.25313 3.18914 1.84602 -0.020353 -1.51225 -0.440246 -0.665083 -0.170611 -1.69607 -0.440541 0.570087 0.89819 0.214041 -0.295167 1.28235 1.542 1.69677 1.7956 1.86014 1.84342 1.85845 1.848 1.8421 1.83569 1.82082 1.81131 1.79635 1.78118 1.76761 1.75786 1.73949 1.71597 1.71431 1.67695
-9999 -9999 -9999 -9999 -9999 -9999 -9999 -9999 -3.85329 -0.574547 2.35255 3.98167 5.00576 5.50406 5.49384 5.2156 4.89555 4.43564 3.60513 2.56224 0.914802 -0.308056 0.468197 1.41568 1.52473 2.15521 3.98244 4.60707 3.72327 1.53777 2.82887 4.26817 4.24454 4.12127 3.98327 3.80632 3.64686 3.29903 2.36918 -0.477046 -1.03773 -2.15473 -2.0287 -2.6019 -1.34927 -1.81644 -0.531826 0.0249532 0.235218 -0.952489 -0.698701 0.695939 1.24816 1.1561 1.4947 1.81866 1.82852 1.83692 1.82757 1.83348 1.83495 1.82843 1.81181 1.80002 1.79115 1.76483 1.76781 1.66162 1.59264 1.4532 1.62568
-9999 -9999 -9999 -9999 -9999 -9999 -9999 -9999 -4.50746 -1.2354 2.21201 3.31814 4.4223 5.37512 5.39262 4.96804 4.56428 4.14852 3.67545 2.41058 1.18418 0.0134882 -0.37943 -0.143478 -0.159442 0.860002 3.24014 3.70135 3.50522 1.22305 0.450049 2.37279 3.98855 4.11531 3.96814 2.06557 2.4698 1.44295 0.0505894 -0.333258 -0.94313 -2.2309 -1.6121 -2.55538 -2.15169 -2.25653 -1.52738 -1.17186 -0.304461 -1.3397 -1.33243 0.036799 0.727805 0.744857 1.46995 1.72817 1.79543 1.81189 1.82343 1.82581 1.83646 1.82904 1.81767 1.80292 1.76775 1.68478 1.43122 0.0560883 0.0577288 0.43545 0.793013
-9999 -9999 -9999 -9999 -9999 -9999 -9999 -9999 -4.13156 -1.8613 1.19753 3.46303 3.60439 4.70528 5.27307 4.81152 4.29203 3.76067 3.52807 2.15151 0.639614 -0.581857 -2.0275 -1.78936 -0.751328 0.948728 2.48618 2.76134 2.44386 1.22153 1.79969 3.11085 3.80684 4.01169 3.84944 3.43453 3.19442 2.43808 2.1098 1.05968 -0.581771 -1.22873 -0.820124 -2.56247 -2.44124 -1.79756 -2.47816 -1.35034 -0.81063 -2.14764 -1.08348 0.128075 0.747367 1.28874 1.5448 1.64663 1.80289 1.80652 1.81913 1.82569 1.82276 1.82202 1.79596 1.77429 1.62755 1.41147 0.128084 -0.404242 -0.299514 0.293507 0.812859
-9999 -9999 -9999 -9999 -9999 -9999 -9999 -9999 -3.74724 -1.70332 0.948735 2.56368 2.85174 4.07273 5.15837 5.03604 4.49561 4.33052 3.77065 2.60308 1.31363 -0.0956055 -0.780731 -2.35551 -0.805139 0.423762 1.72566 2.33481 1.33098 0.825902 1.7201 2.60896 2.96374 3.86126 3.8522 3.55893 2.29655 1.68058 1.93989 1.67483 1.21121 0.0812009 0.0302587 -0.695767 -0.996757 -1.281 -2.19955 -1.61169 -1.55304 -1.39367 -0.117039 0.513359 0.931231 1.31125 1.41077 1.57576 1.7899 1.80831 1.81546 1.81388 1.81723 1.80076 1.73903 1.68689 1.39232 0.871389 -0.100069 -1.67123 -0.5622 0.597571 0.943019
-9999 -9999 -9999 -9999 -9999 -9999 -9999 -9999 -4.09854 -1.92723 0.33919 1.28616 1.44606 3.6567 5.00993 5.01134 4.7547 4.45518 3.07316 3.1537 2.87698 1.60566 -0.245903 -2.27932 -2.0887 -0.87533 0.843959 1.41287 -0.248134 -0.835782 -0.403658 0.940442 2.14349 3.39957 3.71821 3.349 1.38435 -0.703475 0.263894 1.29757 1.29118 0.987074 -0.0608866 -0.394024 -0.695598 -1.46021 -2.75302 -2.56124 -2.2017 -0.752291 -0.294968 0.411716 0.998557 0.776875 0.906006 1.46727 1.78909 1.80074 1.80592 1.81591 1.80784 1.7879 1.66566 1.53626 1.31956 -0.0376453 -0.881791 -2.10817 -0.679411 0.111017 0.532812
-9999 -9999 -9999 -9999 -9999 -9999 -9999 -9999 -4.77397 -3.19861 -1.0324 -0.160011 1.2322 3.3212 4.34819 4.84004 4.82834 4.62845 4.00923 3.63676 2.90343 1.58088 -0.227313 -2.23718 -3.54564 -2.88072 -0.565438 -0.0164319 -1.55002 -2.33003 -1.35891 0.0734723 2.19444 3.40603 3.56919 3.45902 3.05341 1.52895 -0.312786 -0.307153 0.615642 -0.157566 -1.05612 -0.562751 -0.654655 -1.40967 -1.95894 -2.29028 -2.08123 -1.2542 -0.913589 -0.0972544 1.10773 1.28002 1.24542 1.75245 1.77736 1.78868 1.80725 1.806 1.80067 1.78472 1.68493 1.46225 0.558626 -0.229435 -1.3255 -1.46158 -0.188104 0.367245 0.885308
-9999 -9999 -9999 -9999 -9999 -9999 -9999 -9999 -5.93481 -4.0812 -2.05206 -0.152158 1.64531 3.1922 3.31086 4.12633 4.12444 4.5514 4.42816 3.85415 3.23642 2.09682 -0.22593 -2.17907 -4.30907 -3.74787 -1.3871 -1.07687 -2.10456 -4.00317 -2.04318 0.118246 2.07707 3.13721 2.30521 3.1568 3.0862 2.51461 1.41798 -0.286754 -0.255117 -1.53278 -1.58889 -0.933527 -0.721119 -0.830814 -1.24325 -1.89996 -1.78447 -1.28164 -1.15457 -0.404454 0.530186 1.4439 1.59706 1.77095 1.77794 1.78024 1.79391 1.79511 1.7754 1.72795 1.62362 0.865976 -0.0349207 -0.590153 -1.35404 -1.44729 0.0200963 0.605164 0.930815
