Test_Spring_2018/01_18/Temp/20180115_015.txt
ncols	170
nrows	115
xllcorner	350000.000000
yllcorner	4445000.000000
cellsize	1000.000000
nodata_value	-9999.000000
[rows 32 to 63 of 115, columns 72 to 143 of 170]
9.4826 9.12389 9.66649 10.1655 9.8426 9.62908 10.448 10.4429 10.1554 9.48686 9.23897 8.9824 8.8239 7.96869 5.57572 3.41833 4.56962 4.59407 3.79297 5.22137 4.46228 2.4868 -0.300772 1.20945 0.812223 -1.17048 -1.66052 -9999 -9999 -9999 -9999 -9999 -9999 -9999 -9999 -9999 -9999 -9999 -9999 -9999 -9999 -9999 -9999 -9999 -9999 -9999 -9999 -9999 -9999 -9999 -9999 -9999 -9999 -9999 -9999 -9999 -9999 -9999 -9999 -9999 -9999 -9999 -9999 -9999 -9999 -9999 -9999 -9999 -9999 -9999 -9999 -9999
9.0148 8.85821 9.66706 9.64517 9.58287 9.86259 10.3679 10.4655 10.3506 10.0565 9.80158 9.53098 8.85067 7.87285 5.8244 3.36916 2.80998 4.00711 4.06176 4.2517 3.55961 2.691 1.33375 2.43941 2.86673 1.56624 -0.141642 -1.24227 -9999 -9999 -9999 -9999 -9999 -9999 -9999 -9999 -9999 -9999 -9999 -9999 -9999 -9999 -9999 -9999 -9999 -9999 -9999 -9999 -9999 -9999 -9999 -9999 -9999 -9999 -9999 -9999 -9999 -9999 -9999 -9999 -9999 -9999 -9999 -9999 -9999 -9999 -9999 -9999 -9999 -9999 -9999 -9999
8.45587 7.66243 8.14805 8.51135 9.17672 9.34124 9.43837 10.4038 10.3478 10.2984 9.87993 9.5447 8.99204 8.05085 6.71248 5.10187 2.29994 4.02281 5.37128 5.33374 5.25674 4.64728 3.34323 4.42838 4.47615 2.81496 0.913699 -0.198772 -0.660322 -9999 -9999 -9999 -9999 -9999 -9999 -9999 -9999 -9999 -9999 -9999 -9999 -9999 -9999 -9999 -9999 -9999 -9999 -9999 -9999 -9999 -9999 -9999 -9999 -9999 -9999 -9999 -9999 -9999 -9999 -9999 -9999 -9999 -9999 -9999 -9999 -9999 -9999 -9999 -9999 -9999 -9999 -9999
7.81984 6.85156 7.34011 7.99343 8.91177 9.37809 9.73481 10.0201 10.3114 10.272 9.84378 8.58741 8.4049 8.34728 7.47081 5.63509 3.80188 3.32481 5.38345 5.97056 5.84731 6.30458 5.19941 5.71692 5.50002 4.90884 3.08635 1.4223 0.735323 -0.61973 -9999 -9999 -9999 -9999 -9999 -9999 -9999 -9999 -9999 -9999 -9999 -9999 -9999 -9999 -9999 -9999 -9999 -9999 -9999 -9999 -9999 -9999 -9999 -9999 -9999 -9999 -9999 -9999 -9999 -9999 -9999 -9999 -9999 -9999 -9999 -9999 -9999 -9999 -9999 -9999 -9999 -9999
-9999 -9999 6.24714 7.13265 7.866 8.7635 9.53734 9.92522 10.3021 10.2669 9.41512 8.99662 8.95675 8.38119 7.3699 6.73415 5.57886 4.37536 4.83107 6.58618 5.80114 7.04356 6.93492 7.16043 6.32434 4.7368 2.62769 1.38851 0.773597 -0.324959 -9999 -9999 -9999 -9999 -9999 -9999 -9999 -9999 -9999 -9999 -9999 -9999 -9999 -9999 -9999 -9999 -9999 -9999 -9999 -9999 -9999 -9999 -9999 -9999 -9999 -9999 -9999 -9999 -9999 -9999 -9999 -9999 -9999 -9999 -9999 -9999 -9999 -9999 -9999 -9999 -9999 -9999
-9999 -9999 -9999 6.97471 7.53137 8.74015 9.35251 9.60233 10.213 10.2098 9.88451 9.63818 9.28276 8.81988 8.05911 7.22023 6.13357 6.03045 7.15221 7.16321 6.92526 7.10678 7.68128 7.52552 6.23227 4.00021 2.82145 0.423719 -0.601958 -0.499623 -1.22711 -9999 -9999 -9999 -9999 -9999 -9999 -9999 -9999 -9999 -9999 -9999 -9999 1.53629 -9999 -9999 -9999 -9999 -9999 -9999 -9999 -9999 -9999 -9999 -9999 -9999 -9999 -9999 -9999 -9999 -9999 -9999 -9999 -9999 -2.82177 -9999 -9999 -9999 -9999 -9999 -9999 -9999
-9999 -9999 6.88299 7.62566 8.21025 8.96565 9.02913 9.4726 10.1753 10.1809 9.94892 9.68763 9.10544 8.95876 8.52443 7.61401 7.4256 7.79077 7.9575 8.14677 8.26213 8.16311 7.92582 7.61992 6.7792 5.74411 5.04829 2.86351 1.75101 0.692597 -0.907853 -2.1602 -9999 -9999 -9999 -9999 -9999 -9999 -9999 0.708978 0.649283 0.677447 1.02785 1.99546 1.42681 -9999 -9999 -9999 -9999 -9999 -9999 -9999 -9999 -9999 -9999 -9999 -9999 -9999 -9999 -9999 -9999 -9999 -9999 -9999 -1.94294 -3.20068 -9999 -9999 -9999 -9999 -9999 -9999
-9999 -9999 7.08559 7.87733 8.26971 9.00292 9.41998 9.68309 9.92321 10.1529 10.1091 9.82028 9.38343 9.38299 8.78301 8.45836 8.22592 8.72097 8.81678 8.61453 8.36137 8.137 7.50763 7.43176 7.21832 6.55998 5.48154 4.37038 2.76275 0.59064 -1.53938 -3.25771 -9999 -9999 -9999 -9999 -9999 -9999 0.895466 1.69895 2.1803 1.15627 2.03097 2.8305 2.70283 1.9286 -9999 -9999 -9999 -9999 -9999 -9999 -9999 -9999 -9999 -9999 -9999 -9999 -9999 -9999 4.02632 2.73641 0.130599 -1.20467 -2.00537 -3.14881 -9999 -9999 -9999 -9999 -9999 -9999
-9999 -9999 6.93388 7.86971 8.50159 9.0618 9.14627 9.71795 9.96125 10.0822 10.0628 10.0023 9.91894 9.3947 9.16776 8.37759 9.12881 9.09798 8.90494 8.14747 7.81756 6.51836 5.94478 5.80835 6.89499 6.08563 4.39967 2.29298 -0.243133 -0.409551 -1.24812 -2.78425 -9999 -9999 -9999 -9999 -9999 -9999 1.14985 2.00934 2.72685 2.83134 1.81366 3.23447 3.18091 2.38623 2.20599 2.85772 3.18806 2.94137 3.723 3.95057 3.59906 3.98366 -9999 -9999 -9999 -9999 4.20994 4.26193 4.30134 3.76404 0.917279 -1.02664 -2.77203 -2.93026 -9999 -9999 -9999 -9999 -9999 -9999
-9999 -9999 7.59265 8.16602 8.45264 8.49353 8.99538 9.49363 9.79656 10.0189 9.96849 9.94597 9.92279 9.74158 9.32486 9.39709 9.36146 9.11775 7.67838 5.99855 6.72738 5.72839 3.5891 5.31771 6.26573 5.34897 3.30654 0.938857 0.156 0.18613 -0.979294 -2.47691 -9999 -9999 -9999 -1.19246 0.0377741 0.144406 0.507096 1.65369 2.52606 3.18281 3.63069 3.61594 3.14615 2.36888 1.52394 1.82524 3.34547 3.71602 4.03084 4.26658 3.94009 4.10984 4.51554 4.7248 4.76665 4.67036 4.64799 4.68091 4.63234 4.13093 1.5849 0.128087 -0.800864 -2.66432 -9999 -9999 -9999 -9999 -9999 -9999
-9999 -9999 7.23273 7.73016 8.13168 8.80197 8.86697 9.28971 9.53549 9.90584 9.94392 9.49685 9.85962 9.80944 9.73854 9.59117 9.37641 8.16129 6.48712 4.80865 4.03241 4.35626 3.07065 3.7255 4.68613 4.32963 3.07553 0.965676 0.665038 0.167218 -1.7904 -3.67549 -9999 -9999 -3.57404 -1.21319 0.449156 1.30657 1.57213 1.59767 2.6969 2.78345 3.96702 3.68963 2.12721 2.30354 1.69424 2.08883 2.64696 2.79976 3.60071 4.37445 4.51951 4.52211 4.78001 4.83228 4.84509 4.83758 4.66154 4.74147 4.75372 4.44121 2.59643 1.69742 0.708935 -2.63439 -9999 -9999 -9999 -9999 -9999 -9999
-9999 -9999 7.49499 8.05142 8.66149 8.75428 9.20474 9.15185 9.0127 9.6449 9.87112 9.55424 9.32565 9.73777 9.7067 9.64966 9.5572 8.41545 7.09434 5.09499 3.85167 3.08711 2.54489 1.82112 2.31261 2.15724 1.95019 2.17964 1.59587 0.432403 -0.715475 -2.86013 -4.02149 -9999 -3.44156 -2.37688 -0.399662 1.2809 2.34787 1.96424 3.2143 3.44651 4.16722 3.7444 2.7967 2.38931 2.35336 2.22886 3.07075 3.63651 4.03515 4.30182 4.63595 4.71958 4.80348 4.83786 4.85612 4.87476 4.86974 4.86267 4.82522 4.70791 3.86005 2.96436 1.02487 -2.51806 -9999 -9999 -9999 -9999 -9999 -9999
-9999 5.87022 7.43726 8.37493 8.73314 8.98963 9.21506 9.3766 9.54459 9.70444 9.81344 9.75887 8.92714 8.99201 9.13867 9.60705 9.57199 9.4675 8.74463 6.31243 5.46794 4.23735 2.64458 1.9763 2.30459 3.60367 3.54143 2.6744 1.70861 0.370938 -0.479305 -1.7961 -4.32048 -4.09595 -2.96171 -2.11773 -0.774245 1.28016 2.72051 3.36343 3.60656 4.11266 4.37644 3.79727 3.24742 3.01587 2.58628 2.52606 2.52961 3.03823 3.43403 4.31647 4.61285 4.74914 4.81728 4.85337 4.87933 4.905 4.91348 4.89605 4.89684 4.89018 4.82964 3.63523 0.645321 -1.60386 -9999 -9999 -9999 -9999 -9999 -9999
-9999 -9999 7.15223 7.55973 7.66018 7.84247 8.2246 8.66681 9.29469 9.37093 9.71691 9.71089 8.9928 8.1658 8.88187 9.16554 9.45993 9.46759 9.37339 7.32695 6.25613 5.41216 3.88478 4.43059 4.94906 4.98469 4.66536 2.81093 0.963986 -1.16891 -3.15719 -3.25538 -4.32717 -3.76395 -3.0154 -1.09009 0.264894 0.814233 1.20903 3.2982 3.84141 4.02886 4.56426 3.83569 3.65362 3.1065 3.27023 3.22293 3.22656 1.70862 3.23103 3.3209 4.31269 4.75816 4.85912 4.88545 4.91362 4.9173 4.92226 4.91724 4.92721 4.91327 4.89795 4.12219 0.330184 -1.57034 -9999 -9999 -9999 -9999 -9999 -9999
-9999 -9999 -9999 -9999 7.27355 7.58239 7.77769 8.12211 9.19132 9.47602 9.66405 9.67634 9.35477 8.5357 8.31896 8.46715 7.66982 8.3349 9.24395 9.21935 9.10652 7.30825 6.38625 7.27206 6.99785 5.64395 4.57735 3.52447 1.36271 -0.224777 -2.5031 -4.2146 -4.28203 -2.39961 -0.836141 1.11209 1.97141 1.48123 2.01159 3.04925 4.22836 4.79897 4.66541 3.89745 3.79245 2.94837 3.77996 3.85188 3.46617 3.13263 3.26508 3.75572 3.94249 4.71798 4.90496 4.93749 4.9422 4.94432 4.94016 4.93523 4.92607 4.91852 4.90876 4.87529 0.977497 -2.05209 -9999 -9999 -9999 -9999 -9999 -9999
-9999 -9999 -9999 -9999 6.53074 6.71545 7.21527 8.51215 9.1852 9.45519 9.44082 9.56428 9.33658 8.616 7.87704 7.18064 6.283 6.79468 8.1498 8.94775 9.03648 7.45985 8.27548 7.96527 7.35688 5.58745 4.2821 3.58784 1.51218 -0.269222 -1.78629 -3.87925 -2.98867 -2.00706 -0.744944 1.38069 2.81498 3.40423 2.90915 3.57283 4.92967 4.9381 4.19736 4.24666 3.7975 2.64369 3.84727 4.18654 3.91442 3.98553 3.8833 4.0658 4.39814 4.71576 4.92647 4.95386 4.95596 4.94783 4.94653 4.94686 4.93196 4.93377 4.92403 4.90586 2.39074 -2.10349 -9999 -9999 -9999 -9999 -9999 -9999
-9999 -9999 -9999 -9999 -9999 5.84684 6.99781 8.72188 9.14159 9.0965 9.44906 9.47581 9.12805 8.82654 7.92997 6.70618 4.35668 4.95398 6.20132 8.00015 8.94428 8.81399 8.28411 7.36615 5.14955 3.2089 2.96933 2.64775 1.13168 -0.242042 -1.92828 -0.956994 0.107691 1.27325 1.8849 1.72389 2.95274 3.95494 3.52919 4.34329 5.29328 4.86374 4.61024 4.39774 3.87824 3.84808 3.90385 4.58771 4.11599 4.40681 4.41364 4.39716 4.55856 4.74415 4.93893 4.96975 4.96884 4.97081 4.94708 4.95462 4.94348 4.9331 4.92424 4.9089 4.6833 2.26447 0.819254 -9999 -9999 -9999 -9999 -9999
-9999 -9999 -9999 -9999 -9999 4.78368 5.35374 7.39715 8.02039 8.92079 9.39698 9.41508 8.83022 8.50372 7.16836 6.73474 4.56142 3.57678 4.41031 4.08923 6.56636 8.75768 8.27685 3.84505 2.23733 1.08922 1.37878 1.37711 0.951878 -1.38114 -2.02578 0.0528222 1.36072 2.37383 3.14222 3.30109 3.27354 4.84145 5.04981 5.55973 5.44962 5.49777 4.70702 4.21818 4.64881 4.15652 4.07345 4.7799 4.08598 4.71485 4.64025 4.45157 4.44131 4.85452 4.93732 4.98025 4.98158 4.96404 4.94214 4.92992 4.9435 4.93803 4.91643 4.91947 4.89922 4.61522 3.36425 2.92918 3.41813 -9999 -9999 -9999
-9999 -9999 -9999 -9999 -9999 -9999 3.44766 6.29071 7.5829 8.26151 9.22007 9.33224 9.01877 8.45587 7.096 5.90034 3.95736 1.73853 0.56234 4.07703 7.13546 8.73041 8.51727 4.82778 3.36937 3.29805 4.15079 3.42354 2.87087 1.09612 0.564543 -0.172708 0.276664 1.68954 2.84414 3.95805 4.76796 4.83353 5.35962 5.66227 5.68764 5.78317 5.69108 5.61624 4.85473 5.38402 4.93742 5.17624 5.02405 4.88646 4.76723 4.33001 4.63853 4.9114 4.98092 5.00134 4.98327 4.97803 4.96536 4.93902 4.92804 4.92701 4.92573 4.91352 4.91554 4.9062 4.76867 4.01724 3.01017 1.73693 -9999 -9999
-9999 -9999 -9999 -9999 -9999 -9999 2.03039 4.85986 6.21677 7.97078 8.86965 9.23317 9.18189 8.72527 7.69152 6.13677 4.8416 2.3646 -0.207429 3.48169 6.76701 8.53893 8.63038 5.52905 6.38454 5.6868 5.96302 4.68828 4.15634 3.73132 2.81561 1.81477 0.719823 0.140501 2.73471 4.06622 5.13787 5.64299 5.92861 6.07136 5.9947 5.80106 4.64891 5.52888 5.48438 5.39804 5.29876 5.25111 5.1608 5.05402 4.99027 4.96766 4.67697 5.00553 4.99665 4.99945 4.9994 4.98938 4.97188 4.95682 4.93882 4.93918 4.9305 4.92084 4.91507 4.91525 4.90872 4.8701 4.67246 2.96143 1.93892 1.65534
-9999 -9999 -9999 -9999 -9999 -9999 -1.94875 2.17127 5.47583 7.20289 8.60766 8.9915 9.1333 8.52136 8.06357 6.94855 5.89281 4.26485 1.82692 0.325207 3.08662 7.10126 8.5784 8.45934 8.36351 7.55754 6.8307 6.73563 6.78617 5.93674 4.70634 3.10066 2.59847 2.03419 3.96588 4.22641 4.08375 6.20909 6.21336 6.09225 5.27873 4.36803 4.54135 3.9797 4.41373 3.74252 4.3613 4.89615 5.09615 5.07987 5.00842 5.00016 4.96737 5.02333 5.02084 5.01005 5.00146 4.99628 4.9872 4.96171 4.94731 4.9563 4.93996 4.92849 4.92001 4.92252 4.9204 4.89223 4.86685 4.60575 4.21181 3.46023
-9999 -9999 -9999 -9999 -9999 -9999 -1.76743 1.69339 4.632 6.39202 8.08567 8.4761 9.04608 8.91997 8.4404 7.47078 6.26002 4.91976 2.82785 1.27256 3.11879 5.78348 7.69073 8.37185 8.36031 8.31105 8.12608 8.04713 7.83211 7.67352 6.79079 5.27464 4.41642 3.162 5.31502 5.55495 5.21627 6.29074 6.23595 4.6088 3.35789 3.20205 3.96493 3.23954 3.11391 2.66409 3.17526 4.54411 4.14614 4.225 4.84464 4.94624 5.01081 5.02713 5.02137 5.01693 5.00499 5.00535 5.0059 4.98089 4.9693 4.96379 4.94062 4.93707 4.92203 4.91419 4.90743 4.89314 4.86992 4.79708 4.71724 4.80706
-9999 -9999 -9999 -9999 -9999 -9999 -1.6886 0.633981 3.27826 5.87264 7.68175 8.40967 8.93919 8.93093 8.37367 7.8906 7.1308 5.95127 5.14166 3.73728 1.81039 5.03543 6.02269 6.9025 7.27124 8.18855 8.16245 7.73684 7.2357 7.68703 7.55092 6.34984 5.95308 5.28531 6.48177 6.4826 6.44767 6.38206 5.00684 3.096 1.5688 2.66732 2.43772 2.94188 1.38123 2.66911 3.70422 4.04013 3.33862 2.81667 4.4292 4.69609 4.85405 4.95472 5.02035 5.00292 5.01821 5.00768 5.00214 4.99638 4.98229 4.97397 4.96033 4.94667 4.93389 4.92775 4.91127 4.89054 4.89117 4.85509 4.8412 4.83064
-9999 -9999 -9999 -9999 -9999 -9999 -9999 -0.736152 2.61524 5.60954 7.27512 8.32155 8.82994 8.81792 8.53167 8.20274 7.73061 6.87889 5.80948 4.1207 2.8664 3.65899 4.62615 4.73178 5.37374 7.24104 7.87661 6.96734 4.71825 6.0375 7.5084 7.48145 7.35284 7.20956 7.02552 6.86125 6.50449 5.55204 2.63734 2.06486 0.921495 1.05117 0.46475 1.74499 1.26809 2.58394 3.15424 3.36948 2.15289 2.40954 3.83909 4.4042 4.30947 4.65578 4.98685 4.99675 5.00535 4.996 5.00256 5.00484 4.99923 4.98397 4.9735 4.96621 4.94023 4.9471 4.84055 4.77209 4.6314 4.81003 4.82885 4.84276
-9999 -9999 -9999 -9999 -9999 -9999 -9999 -1.40187 1.94557 5.47299 6.60315 7.73167 8.70555 8.72185 8.28562 7.87083 7.44379 6.95798 5.66116 4.40351 3.20264 2.79798 3.03702 3.0143 4.0549 6.48877 6.95735 6.75272 4.40515 3.61053 5.57682 7.22901 7.35665 7.20414 5.25432 5.66727 4.61504 3.18883 2.79572 2.17135 0.852902 1.48701 0.521411 0.935156 0.825899 1.57283 1.93699 2.82521 1.7648 1.769 3.17271 3.88008 3.89722 4.63947 4.90368 4.97245 4.98937 5.00147 5.00444 5.01612 5.00954 4.99914 4.98548 4.95107 4.86782 4.60904 3.2045 3.20813 3.59685 3.96482 4.63539 4.82511
-9999 -9999 -9999 -9999 -9999 -9999 -9999 -1.01039 1.31147 4.44122 6.75887 6.90151 8.02706 8.60689 8.13273 7.59934 7.05381 6.81418 5.40291 3.85287 2.60003 1.11738 1.3588 2.41912 4.15342 5.72462 6.00302 5.67447 4.41239 5.00179 6.34206 7.05256 7.26038 7.09256 6.66632 6.41942 5.64417 5.30758 4.232 2.55104 1.88865 2.30732 0.523226 0.647559 1.30684 0.607678 1.76272 2.31535 0.945942 2.0343 3.27493 3.90896 4.46318 4.72524 4.8294 4.98942 4.99327 5.00651 5.01374 5.01147 5.01165 4.98608 4.96518 4.81633 4.59656 3.28384 2.74129 2.85028 3.45929 3.99277 4.55522 4.78418
-9999 -9999 -9999 -9999 -9999 -9999 -9999 -0.610485 1.47992 4.19337 5.84498 6.13799 7.3866 8.49677 8.36999 7.81511 7.64461 7.06978 5.87251 4.55027 3.1052 2.40147 0.786432 2.37163 3.62354 4.95379 5.57453 4.53576 4.01599 4.92933 5.83738 6.19868 7.11603 7.10523 6.80364 5.50986 4.87834 5.14342 4.87169 4.39679 3.23955 3.18744 2.444 2.13581 1.84471 0.901612 1.50365 1.56365 1.72823 3.03276 3.67831 4.10618 4.49526 4.59712 4.76608 4.98545 5.00451 5.01218 5.01107 5.01518 4.99916 4.93694 4.88468 4.58427 4.05212 3.05865 1.45203 2.58933 3.77856 4.13608 4.48563 4.66589
-9999 -9999 -9999 -9999 -9999 -9999 -9999 -0.964067 1.25712 3.57591 4.54365 4.70555 6.96774 8.352 8.35196 8.0877 7.77952 6.36272 6.44362 6.15854 4.85475 2.95657 0.871985 1.06484 2.30183 4.05889 4.63868 2.92707 2.32299 2.76337 4.13785 5.36805 6.65276 6.97768 6.59839 4.58547 2.44662 3.43675 4.49496 4.48819 4.17662 3.10333 2.76212 2.45322 1.67009 0.346845 0.539861 0.908003 2.39091 2.85933 3.58309 4.18408 3.95708 4.08935 4.66421 4.99394 5.00612 5.01179 5.02252 5.01488 4.99522 4.87093 4.7394 4.51857 3.12984 2.26657 1.0135 2.47741 3.28823 3.72563 4.49748 4.68204
-9999 -9999 -9999 -9999 -9999 -9999 -9999 -1.64969 -0.0385099 2.1779 3.06947 4.49352 6.63125 7.68149 8.18375 8.17037 7.96424 7.32863 6.94564 6.19298 4.83678 2.9831 0.922733 -0.419464 0.259129 2.6236 3.18259 1.60226 0.801401 1.79397 3.25904 5.42944 6.66875 6.83455 6.72062 6.30433 4.74241 2.85573 2.86106 3.80576 3.01369 2.0933 2.59839 2.50412 1.73076 1.16806 0.826022 1.04152 1.88569 2.23464 3.07075 4.30486 4.4814 4.44609 4.96549 4.99121 5.00309 5.02248 5.02168 5.01678 5.00113 4.89971 4.67253 3.74809 2.94206 1.82065 1.68239 2.9887 3.56107 4.09464 4.47348 4.59726
-9999 -9999 -9999 -9999 -9999 -9999 -9999 -2.83249 -0.936072 1.1402 3.08424 4.92347 6.50618 6.6263 7.46006 7.45678 7.89265 7.76502 7.17567 6.54144 5.37266 2.99209 0.989908 -1.19352 -0.621001 1.79113 2.09721 1.04278 -0.903458 1.10195 3.31378 5.31829 6.40261 5.54938 6.42046 6.34729 5.76121 4.63757 2.89128 2.92329 1.61452 1.55678 2.22769 2.44499 2.33243 1.90983 1.23779 1.3541 1.86639 1.99669 2.76505 3.72237 4.65827 4.81531 4.99361 5.00103 5.0037 5.01807 5.01975 5.00008 4.95208 4.84591 4.07077 3.14899 2.58126 1.7999 1.70536 3.21061 3.81283 4.14929 4.47651 4.60586
-9999 -9999 -9999 -9999 -9999 -9999 -9999 -9999 -1.12765 1.01762 2.60444 3.02997 4.43662 5.19515 5.78168 5.90999 7.58786 7.67833 7.30393 6.72119 5.72404 3.9171 2.65737 0.562983 -0.94315 -0.328821 -0.0505161 0.499981 0.334984 1.22828 3.35374 5.56828 5.80828 4.3986 4.60552 4.89863 5.5575 5.22128 2.8422 1.63298 0.629139 1.34055 2.08905 2.26956 2.30508 2.15975 1.99581 1.70772 2.70981 3.45121 3.62289 4.26927 4.74642 4.87799 4.97706 4.98907 5.00131 5.00128 4.97329 4.95296 4.83302 4.56444 3.69727 1.61193 1.70934 1.48386 0.835292 2.30418 3.23687 4.06527 4.50554 4.61931
-9999 -9999 -9999 -9999 -9999 -9999 -9999 -9999 -1.83969 0.643012 1.16556 1.12423 0.29917 0.675759 3.72394 4.33605 5.94514 7.46865 7.3545 6.78279 5.84972 4.77265 3.10628 0.751134 -1.12076 -1.91701 0.091191 2.06292 2.46885 3.09767 4.39938 4.6453 3.2046 1.85353 2.60959 3.06446 4.80183 5.11782 4.77856 3.34463 1.70536 0.849148 1.85749 1.99139 2.05101 2.06208 2.03121 1.99139 3.12145 3.74646 4.17992 4.41578 4.82542 4.93005 4.96336 4.99471 4.98706 4.96568 4.9007 4.82686 4.50247 4.10984 2.68934 1.50506 0.766557 -0.170806 1.94161 2.57033 3.44526 4.00738 4.44517 4.54111
