Test_Spring_2018/01_18/Temp/20180102_013.txt
ncols	170
nrows	115
xllcorner	350000.000000
yllcorner	4445000.000000
cellsize	1000.000000
nodata_value	-9999.000000
[rows 32 to 63 of 115, columns 72 to 143 of 170]
10.9162 10.6793 11.0679 11.4262 11.2054 11.0667 11.642 11.6503 11.4627 11.0108 10.8509 10.6851 10.5875 10.0064 8.35793 6.87309 7.68517 7.71505 7.17188 8.17639 7.66235 6.30384 4.38153 5.44261 5.17948 3.80958 3.48336 -9999 -9999 -9999 -9999 -9999 -9999 -9999 -9999 -9999 -9999 -9999 -9999 -9999 -9999 -9999 -9999 -9999 -9999 -9999 -9999 -9999 -9999 -9999 -9999 -9999 -9999 -9999 -9999 -9999 -9999 -9999 -9999 -9999 -9999 -9999 -9999 -9999 -9999 -9999 -9999 -9999 -9999 -9999 -9999 -9999
10.5908 10.4941 11.0676 11.0642 11.0285 11.2279 11.5856 11.6653 11.5976 11.4056 11.241 11.0655 10.6057 9.93955 8.53024 6.83862 6.46327 7.30716 7.35796 7.50266 7.03504 6.44483 5.51536 6.29554 6.60477 5.71289 4.53664 3.78287 -9999 -9999 -9999 -9999 -9999 -9999 -9999 -9999 -9999 -9999 -9999 -9999 -9999 -9999 -9999 -9999 -9999 -9999 -9999 -9999 -9999 -9999 -9999 -9999 -9999 -9999 -9999 -9999 -9999 -9999 -9999 -9999 -9999 -9999 -9999 -9999 -9999 -9999 -9999 -9999 -9999 -9999 -9999 -9999
10.2021 9.66331 10.0123 10.2764 10.7432 10.8602 10.9396 11.6218 11.595 11.573 11.2948 11.0745 10.7034 10.0627 9.14634 8.04105 6.10878 7.31759 8.26647 8.25319 8.21248 7.80209 6.90947 7.67536 7.72106 6.57958 5.26561 4.50625 4.19878 -9999 -9999 -9999 -9999 -9999 -9999 -9999 -9999 -9999 -9999 -9999 -9999 -9999 -9999 -9999 -9999 -9999 -9999 -9999 -9999 -9999 -9999 -9999 -9999 -9999 -9999 -9999 -9999 -9999 -9999 -9999 -9999 -9999 -9999 -9999 -9999 -9999 -9999 -9999 -9999 -9999 -9999 -9999
9.75993 9.0997 9.45068 9.91599 10.5622 10.8895 11.1446 11.3546 11.569 11.5539 11.269 10.4094 10.2953 10.268 9.67228 8.41073 7.15092 6.83253 8.27436 8.69463 8.62174 8.95179 8.19715 8.56892 8.43083 8.03366 6.77738 5.63052 5.16656 4.2389 -9999 -9999 -9999 -9999 -9999 -9999 -9999 -9999 -9999 -9999 -9999 -9999 -9999 -9999 -9999 -9999 -9999 -9999 -9999 -9999 -9999 -9999 -9999 -9999 -9999 -9999 -9999 -9999 -9999 -9999 -9999 -9999 -9999 -9999 -9999 -9999 -9999 -9999 -9999 -9999 -9999 -9999
-9999 -9999 8.69114 9.31451 9.83116 10.462 11.0067 11.2879 11.5617 11.5496 10.9707 10.6927 10.6777 10.2909 9.60165 9.17312 8.38393 7.56124 7.8903 9.12133 8.58897 9.46397 9.40103 9.57001 9.00201 7.9111 6.45788 5.60594 5.19198 4.44236 -9999 -9999 -9999 -9999 -9999 -9999 -9999 -9999 -9999 -9999 -9999 -9999 -9999 -9999 -9999 -9999 -9999 -9999 -9999 -9999 -9999 -9999 -9999 -9999 -9999 -9999 -9999 -9999 -9999 -9999 -9999 -9999 -9999 -9999 -9999 -9999 -9999 -9999 -9999 -9999 -9999 -9999
-9999 -9999 -9999 9.20383 9.59796 10.4487 10.8775 11.0628 11.4989 11.509 11.2956 11.1372 10.9032 10.5947 10.0794 9.50989 8.76837 8.70954 9.50095 9.5212 9.36855 9.50701 9.9182 9.82241 8.93748 7.39863 6.59281 4.93499 4.23582 4.31981 3.82787 -9999 -9999 -9999 -9999 -9999 -9999 -9999 -9999 -9999 -9999 -9999 -9999 5.9242 -9999 -9999 -9999 -9999 -9999 -9999 -9999 -9999 -9999 -9999 -9999 -9999 -9999 -9999 -9999 -9999 -9999 -9999 -9999 -9999 3.20416 -9999 -9999 -9999 -9999 -9999 -9999 -9999
-9999 -9999 9.13074 9.65108 10.0682 10.604 10.656 10.9717 11.4716 11.4878 11.3392 11.1705 10.7791 10.6902 10.4016 9.78248 9.66455 9.93082 10.0593 10.2032 10.2958 10.2394 10.087 9.88683 9.31421 8.60796 8.13727 6.63147 5.86782 5.14598 4.048 3.19179 -9999 -9999 -9999 -9999 -9999 -9999 -9999 5.29233 5.26483 5.29841 5.55576 6.24166 5.86121 -9999 -9999 -9999 -9999 -9999 -9999 -9999 -9999 -9999 -9999 -9999 -9999 -9999 -9999 -9999 -9999 -9999 -9999 -9999 3.81372 2.95516 -9999 -9999 -9999 -9999 -9999 -9999
-9999 -9999 9.26421 9.82491 10.1084 10.6286 10.9295 11.1166 11.2953 11.467 11.4491 11.2614 10.971 10.9836 10.5801 10.3677 10.2193 10.5758 10.655 10.5271 10.3638 10.2203 9.79559 9.75502 9.61782 9.17296 8.43652 7.67745 6.56862 5.07358 3.60793 2.42821 -9999 -9999 -9999 -9999 -9999 -9999 5.40626 5.97792 6.32604 5.62924 6.2506 6.81988 6.74562 6.22529 -9999 -9999 -9999 -9999 -9999 -9999 -9999 -9999 -9999 -9999 -9999 -9999 -9999 -9999 7.89994 7.01861 5.22385 4.31117 3.76972 2.99049 -9999 -9999 -9999 -9999 -9999 -9999
-9999 -9999 9.15818 9.81865 10.2682 10.668 10.7378 11.1425 11.3203 11.4165 11.4156 11.3863 11.3414 10.9905 10.8461 10.3106 10.8451 10.8366 10.7153 10.202 9.98534 9.09566 8.70955 8.62575 9.39204 8.84218 7.68384 6.23354 4.48156 4.37748 3.80825 2.75496 -9999 -9999 -9999 -9999 -9999 -9999 5.58097 6.19155 6.70364 6.7903 6.09806 7.0987 7.07835 6.54147 6.43123 6.89862 7.14297 6.98561 7.54312 7.71625 7.48731 7.76926 -9999 -9999 -9999 -9999 7.9988 8.04895 8.09032 7.73135 5.76924 4.43398 3.2367 3.1436 -9999 -9999 -9999 -9999 -9999 -9999
-9999 -9999 9.61469 10.0233 10.2329 10.272 10.6313 10.985 11.2043 11.371 11.3486 11.3458 11.3428 11.2302 10.9541 11.0175 11.0059 10.8497 9.86327 8.70976 9.2281 8.54617 7.07193 8.2839 8.95379 8.32919 6.92322 5.29155 4.75669 4.78903 3.99282 2.96651 -9999 -9999 -9999 3.91179 4.77951 4.86734 5.13301 5.94295 6.56261 7.03235 7.35755 7.36189 7.05244 6.52778 5.95625 6.18052 7.25103 7.52349 7.75598 7.93491 7.72346 7.85761 8.15403 8.3139 8.35738 8.30479 8.30337 8.34023 8.32048 7.98639 6.2318 5.23462 4.60406 3.33142 -9999 -9999 -9999 -9999 -9999 -9999
-9999 -9999 9.36338 9.7191 10.0083 10.4839 10.5398 10.8444 11.0237 11.2907 11.3297 11.0322 11.2972 11.2756 11.2398 11.1508 11.015 10.1845 9.03516 7.8826 7.35611 7.59226 6.71167 7.17812 7.8567 7.61986 6.76082 5.30804 5.11132 4.77503 3.42783 2.13217 -9999 -9999 2.24251 3.89498 5.06269 5.67173 5.87002 5.90179 6.679 6.75335 7.58934 7.41147 6.34342 6.48082 6.07283 6.36201 6.76656 6.8879 7.45842 8.01038 8.12623 8.14304 8.33688 8.38778 8.41107 8.42006 8.3119 8.38131 8.4037 8.20065 6.93403 6.32408 5.65408 3.35169 -9999 -9999 -9999 -9999 -9999 -9999
-9999 -9999 9.5436 9.94008 10.3739 10.4488 10.7722 10.7464 10.6585 11.1094 11.2771 11.07 10.9246 11.2241 11.216 11.1899 11.139 10.3596 9.45539 8.0801 7.22936 6.71003 6.34539 5.85424 6.20705 6.11079 5.97869 6.14965 5.75509 4.95675 4.17245 2.69574 1.90261 -9999 2.3319 3.08459 4.47089 5.65138 6.40604 6.15384 7.03582 7.21136 7.72627 7.44741 6.80611 6.5402 6.53052 6.45941 7.05918 7.4674 7.75884 7.95934 8.20608 8.27918 8.35226 8.39073 8.41777 8.44486 8.45534 8.46428 8.45208 8.38447 7.80982 7.20374 5.87181 3.43069 -9999 -9999 -9999 -9999 -9999 -9999
-9999 8.40667 9.50224 10.1631 10.4218 10.6101 10.7771 10.9001 11.0256 11.1482 11.2362 11.2099 10.6458 10.7044 10.8198 11.1585 11.1477 11.0884 10.5996 8.92382 8.34946 7.50668 6.41268 5.96034 6.19972 7.11296 7.08119 6.49082 5.83199 4.91278 4.33383 3.4324 1.69244 1.86153 2.66233 3.26181 4.20819 5.64823 6.66214 7.1226 7.30567 7.6715 7.86921 7.48359 7.11853 6.97314 6.69033 6.66398 6.68191 7.05045 7.34006 7.96826 8.18928 8.29857 8.36071 8.40035 8.43269 8.4646 8.48437 8.48604 8.50031 8.50946 8.48256 7.66766 5.60975 4.06668 -9999 -9999 -9999 -9999 -9999 -9999
-9999 -9999 9.30291 9.59552 9.6751 9.81168 10.0872 10.4049 10.8497 10.9144 11.1669 11.1753 10.6892 10.1287 10.6395 10.8502 11.0681 11.0868 11.0344 9.62585 8.89469 8.32069 7.272 7.66234 8.03362 8.06964 7.85926 6.58328 5.3126 3.84134 2.47326 2.41749 1.68552 2.08931 2.62233 3.97245 4.92682 5.3221 5.61024 7.07474 7.46623 7.61205 7.99866 7.50799 7.39831 7.03398 7.16318 7.14593 7.16401 6.12583 7.19765 7.27551 7.97929 8.30378 8.38838 8.42121 8.45504 8.47162 8.48889 8.49911 8.5197 8.52461 8.53017 8.00641 5.38904 4.08797 -9999 -9999 -9999 -9999 -9999 -9999
-9999 -9999 -9999 -9999 9.40468 9.62896 9.7747 10.0243 10.7755 10.9849 11.1277 11.1489 10.9388 10.3833 10.2466 10.3633 9.82345 10.2984 10.9423 10.9378 10.8717 9.63521 9.00669 9.63301 9.45391 8.52524 7.79599 7.07631 5.58694 4.49428 2.92474 1.74893 1.71469 3.03429 4.13245 5.49847 6.10877 5.78245 6.16474 6.89992 7.73314 8.14414 8.06649 7.5486 7.49247 6.92213 7.51506 7.58064 7.32854 7.1126 7.21962 7.57572 7.72067 8.27406 8.41865 8.45566 8.47316 8.4886 8.49949 8.50973 8.5185 8.52764 8.53547 8.52709 5.8364 3.75154 -9999 -9999 -9999 -9999 -9999 -9999
-9999 -9999 -9999 -9999 8.88689 9.02492 9.38197 10.2927 10.7688 10.968 10.9702 11.0686 10.9237 10.4369 9.9376 9.46801 8.85853 9.2271 10.1808 10.7473 10.8211 9.73852 10.3162 10.1122 9.70112 8.48393 7.58887 7.11805 5.68836 4.46105 3.41988 1.97918 2.60991 3.30413 4.19339 5.68234 6.69178 7.1149 6.78553 7.26081 8.21748 8.23832 7.73927 7.7888 7.49382 6.70855 7.55978 7.81102 7.63781 7.7028 7.64694 7.78913 8.03512 8.27063 8.43164 8.4651 8.48071 8.48901 8.50186 8.51637 8.52024 8.53594 8.54388 8.54621 6.81546 3.71388 -9999 -9999 -9999 -9999 -9999 -9999
-9999 -9999 -9999 -9999 -9999 8.41969 9.22876 10.436 10.7363 10.7167 10.9736 11.0049 10.7766 10.5807 9.97205 9.13632 7.51902 7.94705 8.82597 10.0873 10.755 10.6764 10.3201 9.69422 8.16671 6.83066 6.67543 6.46328 5.42201 4.47769 3.31903 4.00544 4.75698 5.57885 6.01654 5.9182 6.785 7.49475 7.21354 7.79328 8.46759 8.18445 8.02369 7.89155 7.54779 7.54258 7.59705 8.08752 7.77576 7.99326 8.0131 8.01712 8.1444 8.28821 8.43811 8.47391 8.48741 8.5027 8.50013 8.51942 8.52596 8.53327 8.54189 8.54629 8.40497 6.74416 5.75694 -9999 -9999 -9999 -9999 -9999
-9999 -9999 -9999 -9999 -9999 7.67939 8.08527 9.51425 9.9558 10.5926 10.9353 10.9606 10.5676 10.3543 9.441 9.1538 7.65887 6.98854 7.58021 7.36999 9.10187 10.635 10.3128 7.24771 6.14292 5.35708 5.5692 5.57916 5.29515 3.68488 3.24927 4.70436 5.62472 6.34075 6.88723 7.01101 7.00561 8.10816 8.267 8.6356 8.57403 8.62252 8.08885 7.7649 8.08072 7.75471 7.7128 8.21892 7.75288 8.205 8.16827 8.05268 8.06074 8.3625 8.43462 8.47879 8.49406 8.49572 8.49445 8.50006 8.52382 8.53461 8.53448 8.55171 8.55302 8.37423 7.52189 7.23593 7.59135 -9999 -9999 -9999
-9999 -9999 -9999 -9999 -9999 -9999 6.75994 8.74413 9.65006 10.1329 10.8105 10.901 10.6961 10.3188 9.38847 8.5722 7.23711 5.7104 4.90636 7.35891 9.49437 10.6136 10.4773 7.92758 6.92654 6.88828 7.49144 6.9978 6.62539 5.40266 5.04558 4.54596 4.87036 5.86393 6.67883 7.4654 8.04134 8.10098 8.48068 8.70493 8.73741 8.81879 8.77011 8.73353 8.22179 8.60491 8.31058 8.49203 8.40199 8.32198 8.25416 7.96597 8.19524 8.39951 8.46236 8.49178 8.49306 8.50329 8.50848 8.50439 8.51112 8.52507 8.53912 8.54583 8.56263 8.57458 8.49516 7.98957 7.30643 6.43837 -9999 -9999
-9999 -9999 -9999 -9999 -9999 -9999 5.77396 7.74888 8.69974 9.92916 10.5652 10.8297 10.8073 10.5037 9.79961 8.73397 7.8485 6.1425 4.37033 6.94401 9.23589 10.478 10.5533 8.41201 9.01736 8.54439 8.74747 7.87389 7.516 7.23023 6.60656 5.92403 5.1765 4.78776 6.60157 7.5392 8.29684 8.66159 8.87433 8.98822 8.9494 8.82955 8.04495 8.67115 8.65711 8.6128 8.55949 8.54199 8.49481 8.43609 8.40667 8.4062 8.21942 8.46311 8.47256 8.48841 8.50224 8.50921 8.51112 8.51493 8.51696 8.53228 8.5408 8.54932 8.56074 8.57938 8.59085 8.58002 8.4587 7.28666 6.59236 6.41217
-9999 -9999 -9999 -9999 -9999 -9999 3.00959 5.88058 8.18326 9.39403 10.3808 10.66 10.7715 10.36 10.0557 9.29515 8.57579 7.4591 5.77997 4.75051 6.67976 9.47904 10.5147 10.4438 10.3889 9.84092 9.34785 9.29334 9.33996 8.75957 7.91778 6.81539 6.48032 6.10128 7.45522 7.64943 7.5641 9.05356 9.07094 9.0016 8.45186 7.83397 7.96958 7.5941 7.91221 7.46178 7.90684 8.2936 8.44783 8.45183 8.41693 8.42768 8.41964 8.47506 8.48739 8.49385 8.50183 8.51225 8.5201 8.51674 8.52132 8.54241 8.54661 8.55406 8.56276 8.5831 8.59755 8.5939 8.59207 8.42645 8.16841 7.66338
-9999 -9999 -9999 -9999 -9999 -9999 3.13338 5.54402 7.59558 8.82839 10.0165 10.3003 10.7089 10.6346 10.315 9.65536 8.82827 7.91121 6.47222 5.40555 6.69994 8.56164 9.89781 10.3825 10.3844 10.3619 10.2452 10.2027 10.065 9.96403 9.3634 8.32461 7.74136 6.88332 8.39098 8.57092 8.34953 9.10945 9.08578 7.97088 7.11741 7.02431 7.56806 7.07983 7.00954 6.71143 7.08168 8.04726 7.78802 7.85788 8.30251 8.38792 8.45022 8.47582 8.48594 8.4969 8.50265 8.517 8.53162 8.52869 8.53528 8.54633 8.54535 8.55886 8.56399 8.57745 8.58728 8.59316 8.59274 8.55772 8.52018 8.59925
-9999 -9999 -9999 -9999 -9999 -9999 3.18814 4.8065 6.65389 8.46585 9.73417 10.2522 10.6327 10.6401 10.2665 9.9445 9.43036 8.62479 8.0759 7.11396 5.78911 8.04045 8.73738 9.36016 9.62922 10.2778 10.2713 9.98752 9.64652 9.97195 9.89133 9.07 8.80722 8.35654 9.20024 9.21424 9.20371 9.17218 8.23182 6.9199 5.87452 6.65205 6.50776 6.87178 5.80524 6.7165 7.4505 7.69902 7.22545 6.87814 8.01192 8.2155 8.33962 8.42382 8.48358 8.48562 8.51037 8.51727 8.52775 8.53826 8.54318 8.55231 8.55794 8.56374 8.5712 8.58588 8.59033 8.59468 8.61084 8.59927 8.60481 8.61435
-9999 -9999 -9999 -9999 -9999 -9999 -9999 3.85525 6.19205 8.28277 9.45135 10.1904 10.5561 10.5607 10.3751 10.16 9.84548 9.26741 8.53816 7.37881 6.5209 7.08373 7.76671 7.8521 8.30981 9.61802 10.0711 9.45172 7.89911 8.82879 9.86219 9.85594 9.77932 9.69275 9.57705 9.47648 9.24255 8.59536 6.58627 6.2045 5.42557 5.53054 5.13853 6.04121 5.72702 6.65581 7.06701 7.23164 6.40219 6.59475 7.60613 8.01304 7.96171 8.21641 8.45883 8.47995 8.50016 8.50798 8.52696 8.54311 8.55396 8.56018 8.56817 8.57855 8.57726 8.6012 8.54315 8.51143 8.42941 8.56883 8.59705 8.62909
-9999 -9999 -9999 -9999 -9999 -9999 -9999 3.3892 5.72498 8.18591 8.98289 9.77893 10.4678 10.492 10.2023 9.92746 9.64416 9.32003 8.43284 7.57274 6.75192 6.48366 6.66209 6.65756 7.39213 9.0938 9.43113 9.30111 7.68199 7.14278 8.52026 9.67983 9.78124 9.68837 8.34806 8.64821 7.93149 6.95542 6.69676 6.27779 5.37719 5.83219 5.17682 5.47905 5.41867 5.95239 6.22037 6.85206 6.13095 6.14819 7.14203 7.64773 7.67415 8.2038 8.40153 8.46357 8.48964 8.51246 8.52906 8.55188 8.5622 8.57005 8.5758 8.56728 8.52497 8.36232 7.40666 7.42489 7.71029 7.98111 8.46446 8.61656
-9999 -9999 -9999 -9999 -9999 -9999 -9999 3.65852 5.28253 7.46751 9.08891 9.20061 9.99476 10.4102 10.0941 9.73686 9.37123 9.21794 8.25126 7.18816 6.33127 5.31471 5.49485 6.24332 7.4584 8.56136 8.76682 8.55094 7.68555 8.10729 9.05036 9.55637 9.71358 9.6102 9.32762 9.16975 8.64533 8.42563 7.69316 6.54063 6.09536 6.40068 5.17699 5.27819 5.75078 5.2809 6.09779 6.49644 5.56076 6.33548 7.21157 7.66643 8.06575 8.26216 8.3489 8.4744 8.49153 8.51523 8.53488 8.54806 8.56309 8.5604 8.56109 8.47308 8.33593 7.44012 7.08446 7.17575 7.61402 7.99972 8.41425 8.58807
-9999 -9999 -9999 -9999 -9999 -9999 -9999 3.93362 5.3971 7.29322 8.45235 8.66847 9.54808 10.3317 10.2566 9.88448 9.77916 9.39314 8.57499 7.67001 6.67967 6.20385 5.09532 6.20823 7.08847 8.02428 8.46753 7.75702 7.40887 8.05563 8.6988 8.96254 9.61241 9.61813 9.42216 8.53761 8.11298 8.31094 8.13644 7.82108 7.0322 7.01061 6.50922 6.31006 6.12282 5.48345 5.91638 5.97298 6.107 7.02724 7.49027 7.80207 8.08684 8.17215 8.30397 8.47079 8.49857 8.5185 8.53242 8.55008 8.55389 8.52575 8.50465 8.31139 7.95734 7.2831 6.18894 6.994 7.83503 8.10468 8.36588 8.50603
-9999 -9999 -9999 -9999 -9999 -9999 -9999 3.6856 5.24 6.86226 7.54674 7.67191 9.25516 10.229 10.242 10.0715 9.87063 8.90011 8.96922 8.78422 7.89196 6.587 5.15255 5.29899 6.17001 7.40108 7.81601 6.63859 6.23205 6.55061 7.51768 8.38471 9.2897 9.52856 9.27871 7.89498 6.424 7.12528 7.87397 7.88352 7.68162 6.95108 6.72883 6.5291 6.00021 5.09793 5.24578 5.51626 6.56535 6.90556 7.42291 7.85496 7.71213 7.81865 8.23236 8.47588 8.49897 8.5176 8.5398 8.54934 8.55064 8.47941 8.40327 8.26522 7.31652 6.73264 5.88184 6.91582 7.49417 7.82307 8.37417 8.51744
-9999 -9999 -9999 -9999 -9999 -9999 -9999 3.20704 4.33811 5.8894 6.52108 7.52248 9.01937 9.76139 10.1231 10.1268 9.99669 9.56845 9.31553 8.80594 7.87731 6.60327 5.18566 4.26653 4.75014 6.40272 6.80487 5.71719 5.17413 5.8761 6.90616 8.42595 9.2995 9.42797 9.36238 9.08705 8.01658 6.72082 6.7386 7.40861 6.87311 6.24866 6.61385 6.56306 6.04091 5.66504 5.44289 5.61255 6.21334 6.47065 7.06606 7.93767 8.07506 8.06533 8.44063 8.47321 8.49618 8.52439 8.53864 8.55013 8.55423 8.49888 8.35633 7.72983 7.18562 6.42254 6.34198 7.27035 7.68957 8.07926 8.35766 8.45888
-9999 -9999 -9999 -9999 -9999 -9999 -9999 2.38333 3.71251 5.16662 6.52899 7.81867 8.93032 9.0267 9.61851 9.62926 9.94485 9.86924 9.47308 9.0457 8.24718 6.60739 5.2302 3.72713 4.13714 5.82403 6.04606 5.327 3.9889 5.39404 6.94256 8.34725 9.11327 8.53439 9.15262 9.11551 8.72246 7.9564 6.75822 6.79464 5.90044 5.8748 6.35507 6.52054 6.45709 6.17848 5.72817 5.82816 6.19867 6.30424 6.85268 7.53222 8.19683 8.32072 8.45931 8.47927 8.49591 8.5207 8.53671 8.53797 8.51963 8.46098 7.93805 7.3134 6.93463 6.40762 6.35746 7.42145 7.8642 8.11724 8.35994 8.46519
-9999 -9999 -9999 -9999 -9999 -9999 -9999 -9999 3.57698 5.07907 6.19355 6.50192 7.4914 8.03101 8.45123 8.55335 9.73114 9.80695 9.56001 9.16838 8.48902 7.24744 6.38566 4.94441 3.91147 4.35172 4.55324 4.94832 4.84677 5.47993 6.96853 8.51906 8.69901 7.73388 7.8911 8.10827 8.57947 8.36002 6.72258 5.89736 5.21483 5.72311 6.25724 6.39718 6.43655 6.35043 6.2577 6.072 6.78286 7.31272 7.44703 7.91081 8.25704 8.36333 8.44699 8.4702 8.49354 8.50838 8.50383 8.50464 8.43637 8.26499 7.67818 6.24582 6.32881 6.18774 5.75304 6.79497 7.46813 8.05895 8.38028 8.47489
-9999 -9999 -9999 -9999 -9999 -9999 -9999 -9999 3.08013 4.81655 5.19229 5.17665 4.61699 4.89151 7.02061 7.45862 8.5887 9.65932 9.59306 9.2091 8.57421 7.8393 6.69523 5.07297 3.78612 3.24409 4.65097 6.03134 6.32612 6.7757 7.69247 7.87643 6.88967 5.96526 6.50369 6.83317 8.05306 8.28638 8.06497 7.08377 5.96015 5.38023 6.09477 6.20239 6.25852 6.28103 6.27974 6.26806 7.06729 7.51644 7.83256 8.01144 8.3109 8.39856 8.43665 8.47333 8.48291 8.48295 8.45274 8.41641 8.20622 7.94873 6.97781 6.17099 5.67374 5.03857 6.5206 6.97943 7.60917 8.01875 8.33855 8.42097
