Test_Spring_2018/01_18/Temp/20180101_003.txt
ncols	170
nrows	115
xllcorner	350000.000000
yllcorner	4445000.000000
cellsize	1000.000000
nodata_value	-9999.000000
[rows 31 to 61 of 115, columns 70 to 139 of 170]
4.58398 5.14792 5.35517 4.96206 5.00186 5.97558 6.2006 6.18966 6.15155 6.06446 5.6185 5.46981 5.11741 4.49577 4.23463 3.12817 -0.447149 0.563543 0.958565 -0.0776855 0.501618 1.4449 0.627839 -1.80139 -2.8444 -4.52648 -3.97108 -4.44828 -5.79978 -9999 -9999 -9999 -9999 -9999 -9999 -9999 -9999 -9999 -9999 -9999 -9999 -9999 -9999 -9999 -9999 -9999 -9999 -9999 -9999 -9999 -9999 -9999 -9999 -9999 -9999 -9999 -9999 -9999 -9999 -9999 -9999 -9999 -9999 -9999 -9999 -9999 -9999 -9999 -9999 -9999
4.69376 4.95063 4.92548 4.5465 5.13155 5.67075 5.38787 5.20267 6.1057 6.10787 5.80743 5.09892 4.83898 4.56888 4.40285 3.49178 0.937164 -1.36576 -0.13279 -0.103482 -0.955627 0.575583 -0.229707 -2.33372 -5.30444 -3.68152 -4.09604 -6.15909 -6.66803 -9999 -9999 -9999 -9999 -9999 -9999 -9999 -9999 -9999 -9999 -9999 -9999 -9999 -9999 -9999 -9999 -9999 -9999 -9999 -9999 -9999 -9999 -9999 -9999 -9999 -9999 -9999 -9999 -9999 -9999 -9999 -9999 -9999 -9999 -9999 -9999 -9999 -9999 -9999 -9999 -9999
3.98119 4.62434 4.42485 4.26155 5.13079 5.11298 5.09185 5.45108 6.0187 6.13041 6.01425 5.70587 5.4385 5.15356 4.43012 3.38827 1.20204 -1.41894 -2.01363 -0.731103 -0.668815 -0.461148 -1.19508 -2.11666 -3.55939 -2.36935 -1.90341 -3.26933 -5.04803 -6.17952 -9999 -9999 -9999 -9999 -9999 -9999 -9999 -9999 -9999 -9999 -9999 -9999 -9999 -9999 -9999 -9999 -9999 -9999 -9999 -9999 -9999 -9999 -9999 -9999 -9999 -9999 -9999 -9999 -9999 -9999 -9999 -9999 -9999 -9999 -9999 -9999 -9999 -9999 -9999 -9999
3.02236 4.12748 3.82588 2.982 3.50578 3.89953 4.6901 4.91198 5.02378 6.06292 6.00978 5.96297 5.52091 5.16702 4.58012 3.57751 2.15016 0.431785 -2.5595 -0.715228 0.729528 0.693946 0.617089 -0.0278008 -1.41398 -0.24617 -0.186166 -1.93128 -3.88562 -5.06799 -5.55542 -9999 -9999 -9999 -9999 -9999 -9999 -9999 -9999 -9999 -9999 -9999 -9999 -9999 -9999 -9999 -9999 -9999 -9999 -9999 -9999 -9999 -9999 -9999 -9999 -9999 -9999 -9999 -9999 -9999 -9999 -9999 -9999 -9999 -9999 -9999 -9999 -9999 -9999 -9999
-9999 3.43396 3.14355 2.11302 2.64015 3.3441 4.37109 4.92888 5.33873 5.65131 5.96955 5.93362 5.48131 4.14319 3.95187 3.89342 2.95957 1.00052 -0.955751 -1.46252 0.740933 1.37267 1.24622 1.74108 0.567304 1.12846 0.905598 0.291366 -1.60226 -3.33874 -4.06705 -5.51012 -9999 -9999 -9999 -9999 -9999 -9999 -9999 -9999 -9999 -9999 -9999 -9999 -9999 -9999 -9999 -9999 -9999 -9999 -9999 -9999 -9999 -9999 -9999 -9999 -9999 -9999 -9999 -9999 -9999 -9999 -9999 -9999 -9999 -9999 -9999 -9999 -9999 -9999
-9999 -9999 -9999 -9999 1.46945 2.45999 3.26776 4.26932 5.12567 5.54838 5.95853 5.92738 5.02262 4.57991 4.54097 3.92891 2.85076 2.1737 0.941535 -0.341807 0.148462 2.0281 1.19431 2.52814 2.41932 2.6686 1.78433 0.139247 -2.0956 -3.37736 -4.02827 -5.19691 -9999 -9999 -9999 -9999 -9999 -9999 -9999 -9999 -9999 -9999 -9999 -9999 -9999 -9999 -9999 -9999 -9999 -9999 -9999 -9999 -9999 -9999 -9999 -9999 -9999 -9999 -9999 -9999 -9999 -9999 -9999 -9999 -9999 -9999 -9999 -9999 -9999 -9999
-9999 -9999 -9999 -9999 -9999 2.28853 2.90783 4.20943 4.92593 5.20186 5.86238 5.86587 5.52393 5.26525 4.88898 4.39705 3.58621 2.69163 1.53231 1.42436 2.62601 2.64161 2.39233 2.59252 3.21392 3.05616 1.69219 -0.650903 -1.90082 -4.41033 -5.49944 -5.38414 -6.15677 -9999 -9999 -9999 -9999 -9999 -9999 -9999 -9999 -9999 -9999 -9999 -9999 -3.2657 -9999 -9999 -9999 -9999 -9999 -9999 -9999 -9999 -9999 -9999 -9999 -9999 -9999 -9999 -9999 -9999 -9999 -9999 -9999 -9999 -8.18128 -9999 -9999 -9999
-9999 -9999 -9999 -9999 2.14177 2.9947 3.63057 4.44909 4.55813 5.06184 5.82145 5.83486 5.59286 5.31821 4.69939 4.54493 4.08237 3.11068 2.91056 3.30243 3.48303 3.68883 3.81698 3.71752 3.47182 3.15423 2.30513 1.20971 0.47708 -1.83851 -2.98549 -4.10956 -5.81417 -7.14833 -9999 -9999 -9999 -9999 -9999 -9999 -9999 -4.10956 -4.18289 -4.16316 -3.79972 -2.77722 -3.39671 -9999 -9999 -9999 -9999 -9999 -9999 -9999 -9999 -9999 -9999 -9999 -9999 -9999 -9999 -9999 -9999 -9999 -9999 -9999 -7.25 -8.6094 -9999 -9999
-9999 -9999 -9999 -9999 2.40053 3.25888 3.69104 4.48753 4.94587 5.28555 5.55175 5.80509 5.76452 5.46044 4.9966 4.99785 4.35752 4.01097 3.76295 4.29284 4.39706 4.1841 3.91835 3.68514 3.02097 2.95001 2.77007 2.0787 0.938769 -0.236225 -1.90396 -4.21684 -6.48623 -8.3174 -9999 -9999 -9999 -9999 -9999 -9999 -3.89819 -3.049 -2.54513 -3.65076 -2.72809 -1.88622 -2.03549 -2.86966 -9999 -9999 -9999 -9999 -9999 -9999 -9999 -9999 -9999 -9999 -9999 -9999 -9999 -9999 -0.823672 -2.2148 -5.01269 -6.45361 -7.32407 -8.56162 -9999 -9999
-9999 -9999 -9999 -9999 2.23117 3.24539 3.93545 4.54902 4.65379 5.29628 5.59241 5.73022 5.71602 5.6558 5.56924 5.01004 4.76743 3.92239 4.7245 4.69151 4.48634 3.67964 3.33176 1.95026 1.34634 1.2459 2.42 1.56899 -0.218277 -2.45517 -5.11973 -5.28299 -6.17097 -7.80632 -9999 -9999 -9999 -9999 -9999 -9999 -3.62134 -2.71328 -1.95815 -1.85902 -2.95973 -1.45514 -1.51976 -2.38446 -2.59268 -1.9118 -1.5742 -1.83784 -1.02521 -0.797447 -1.18782 -0.790871 -9999 -9999 -9999 -9999 -0.610722 -0.566865 -0.536733 -1.1234 -4.17866 -6.27 -8.15015 -8.34443 -9999 -9999
-9999 -9999 -9999 -9999 2.92719 3.55622 3.87951 3.94028 4.49311 5.05833 5.41677 5.66817 5.62025 5.59978 5.57651 5.38264 4.9359 5.01104 4.97098 4.70932 3.17132 1.37822 2.1612 1.10017 -1.15214 0.715014 1.74274 0.778938 -1.38713 -3.90075 -4.69084 -4.64299 -5.87871 -7.46915 -9999 -9999 -9999 -6.09408 -4.78505 -4.6789 -4.30107 -3.08717 -2.16758 -1.48086 -1.01678 -1.02922 -1.55926 -2.40642 -3.32593 -3.02044 -1.41213 -1.03196 -0.703834 -0.46779 -0.831718 -0.668888 -0.248268 -0.0368669 -0.00381494 -0.118026 -0.153119 -0.129275 -0.192902 -0.741065 -3.47124 -5.04212 -6.05005 -8.08295 -9999 -9999
-9999 -9999 -9999 -9999 2.5405 3.08965 3.53688 4.27867 4.36558 4.83335 5.12521 5.54826 5.59505 5.12067 5.5092 5.45441 5.37605 5.21527 4.98258 3.68178 1.89206 0.099928 -0.725484 -0.353229 -1.71587 -0.99603 0.0459864 -0.313273 -1.62614 -3.86307 -4.16739 -4.65782 -6.73706 -8.74344 -9999 -9999 -8.62732 -6.10771 -4.33729 -3.42955 -3.15646 -3.14166 -1.98091 -1.90331 -0.654116 -0.950463 -2.64789 -2.47676 -3.14811 -2.7439 -2.17105 -2.0238 -1.17227 -0.365538 -0.225223 -0.236152 0.0266598 0.0705669 0.0729624 0.0540599 -0.144807 -0.0703177 -0.0686282 -0.41474 -2.39919 -3.37414 -4.45308 -8.05802 -9999 -9999
-9999 -9999 -9999 -9999 2.82425 3.43835 4.10996 4.2284 4.72809 4.68813 4.56918 5.25586 5.51832 5.18274 4.93865 5.37687 5.33985 5.27429 5.171 3.94749 2.53419 0.398671 -0.925943 -1.71886 -2.28605 -3.02776 -2.48555 -2.63329 -2.83553 -2.57118 -3.16898 -4.37017 -5.58409 -7.86544 -9.10002 -9999 -8.47695 -7.34245 -5.23594 -3.4493 -2.32079 -2.74438 -1.42375 -1.19185 -0.424652 -0.893239 -1.93436 -2.39525 -2.4519 -2.60276 -1.72039 -1.13607 -0.715746 -0.447209 -0.108383 -0.0326906 0.0443904 0.0695153 0.0781546 0.0876686 0.0720365 0.0539802 0.00288825 -0.134431 -1.05356 -2.03094 -4.11988 -7.93794 -9999 -9999
-9999 -9999 -9999 1.03568 2.75454 3.77818 4.18272 4.47806 4.73907 4.93005 5.13857 5.32235 5.44697 5.40181 4.51251 4.57866 4.73035 5.22495 5.18176 5.06558 4.29074 1.6922 0.80638 -0.489086 -2.1771 -2.86897 -2.49935 -1.0909 -1.13633 -2.04151 -3.05265 -4.44041 -5.32635 -6.72231 -9.41228 -9.16837 -7.95595 -7.05732 -5.6284 -3.44293 -1.91635 -1.24409 -1.00069 -0.46612 -0.201386 -0.845358 -1.46176 -1.72879 -2.20708 -2.29011 -2.30431 -1.77799 -1.36223 -0.439291 -0.137946 -0.00829362 0.0521863 0.0794942 0.096817 0.114337 0.113603 0.0848968 0.0749721 0.0560743 -0.0261231 -1.31772 -4.53773 -6.97303 -9999 -9999
-9999 -9999 -9999 -9999 2.44265 2.90161 3.03253 3.25025 3.68021 4.17244 4.87276 4.96627 5.34428 5.34366 4.58175 3.69392 4.45302 4.7491 5.05686 5.05956 4.9558 2.7843 1.64767 0.757314 -0.859753 -0.253042 0.321396 0.381442 0.0631335 -1.89528 -3.84609 -6.08297 -8.19135 -8.28294 -9.41324 -8.80715 -8.00663 -5.95253 -4.51164 -3.93507 -3.52657 -1.30981 -0.738702 -0.560904 -0.00783014 -0.805943 -1.02998 -1.63523 -1.48038 -1.55035 -1.5651 -3.20486 -1.58621 -1.50744 -0.463481 -0.00387211 0.0904221 0.107674 0.127801 0.122268 0.118209 0.103135 0.10328 0.0737585 0.0377182 -0.807952 -4.87832 -6.94114 -9999 -9999
-9999 -9999 -9999 -9999 -9999 -9999 2.61598 2.97017 3.20161 3.59027 4.76238 5.079 5.28834 5.30577 4.96251 4.08667 3.84812 3.99854 3.13884 3.84593 4.82022 4.79769 4.68509 2.77557 1.81136 2.77724 2.50584 1.08238 -0.0330435 -1.13344 -3.41917 -5.07273 -7.48989 -9.30446 -9.36589 -7.34791 -5.67365 -3.5951 -2.68414 -3.21885 -2.6661 -1.57155 -0.329257 0.261449 0.098802 -0.742254 -0.88449 -1.80786 -0.940033 -0.88322 -1.3145 -1.68899 -1.55641 -1.04954 -0.865901 -0.051556 0.135508 0.157697 0.15313 0.146311 0.132843 0.118141 0.0935676 0.0719277 0.046157 -0.00669924 -4.19061 -7.46008 -9999 -9999
-9999 -9999 -9999 -9999 -9999 -9999 1.81918 2.04139 2.59879 4.00571 4.75451 5.0555 5.04849 5.18453 4.94125 4.16766 3.37203 2.61941 1.65368 2.19635 3.64402 4.50051 4.60352 2.93123 3.82427 3.51275 2.88501 1.01831 -0.351372 -1.06767 -3.26049 -5.12097 -6.72396 -8.94558 -7.9828 -6.92709 -5.57631 -3.3072 -1.78199 -1.16399 -1.70596 -1.01305 0.418628 0.408025 -0.404044 -0.372368 -0.882739 -2.13763 -0.872756 -0.530635 -0.840827 -0.783117 -0.90176 -0.724245 -0.385029 -0.0598645 0.15271 0.170915 0.163017 0.145503 0.135304 0.124446 0.0965619 0.0847729 0.0587813 0.0219359 -2.68484 -7.51957 -9999 -9999
-9999 -9999 -9999 -9999 -9999 -9999 -9999 1.11059 2.36377 4.2271 4.70499 4.66909 5.05397 5.08644 4.71466 4.38871 3.42404 2.10811 -0.409571 0.224572 1.55709 3.48318 4.50038 4.37377 3.82914 2.86835 0.522249 -1.52721 -1.75782 -2.07567 -3.67032 -5.09512 -6.87875 -5.82578 -4.67686 -3.42452 -2.7688 -2.94355 -1.63775 -0.57779 -1.04673 -0.193252 0.803466 0.324604 0.0329443 -0.215384 -0.801086 -0.855453 -0.817303 -0.107071 -0.630638 -0.33818 -0.340381 -0.375448 -0.218798 -0.0346021 0.161089 0.183091 0.172407 0.165632 0.131066 0.128664 0.104701 0.0797174 0.0544452 0.0203967 -0.240066 -2.85714 -4.42489 -9999
-9999 -9999 -9999 -9999 -9999 -9999 -9999 -0.0283008 0.603473 2.80741 3.50244 4.47643 4.99306 5.01607 4.39084 4.03971 2.60642 2.1347 -0.195167 -1.24973 -0.359228 -0.698393 1.95694 4.31106 3.81865 -0.897366 -2.59322 -3.79624 -3.46192 -3.43843 -3.86795 -6.3181 -6.9891 -4.75322 -3.34469 -2.25546 -1.43235 -1.26496 -1.3018 0.362397 0.571878 1.10043 0.96445 0.996164 0.130527 -0.412986 0.0166754 -0.531388 -0.64146 0.093039 -0.667831 -0.0139834 -0.102956 -0.321862 -0.348481 0.0790814 0.155199 0.190179 0.18119 0.153788 0.121269 0.0971885 0.0994688 0.0795595 0.040528 0.0259841 -0.0151165 -0.351012 -1.71113 -2.19984
-9999 -9999 -9999 -9999 -9999 -9999 -9999 -9999 -1.43745 1.61986 3.02925 3.76553 4.79715 4.92046 4.5935 3.98589 2.52529 1.23992 -0.843135 -3.21901 -4.47143 -0.711618 2.56473 4.28119 4.07434 0.150715 -1.38655 -1.43997 -0.504966 -1.25802 -1.82492 -3.67899 -4.23012 -5.00407 -4.51361 -2.99318 -1.76083 -0.573739 0.284475 0.343545 0.891444 1.20122 1.21047 1.29327 1.17469 1.07402 0.230045 0.77409 0.275963 0.511135 0.3295 0.164631 0.028523 -0.455699 -0.141469 0.136262 0.19823 0.206393 0.178125 0.16362 0.140681 0.102183 0.076542 0.061212 0.0438075 0.0129759 -0.00425007 -0.0466745 -0.216651 -1.04303
-9999 -9999 -9999 -9999 -9999 -9999 -9999 -9999 -2.95641 0.0848962 1.56288 3.44744 4.42412 4.82089 4.76285 4.26955 3.15832 1.49019 0.100308 -2.55066 -5.30055 -1.35384 2.17234 4.0773 4.18989 0.89884 1.83279 1.10843 1.42571 0.0858879 -0.46061 -0.87303 -1.83601 -2.89281 -4.04611 -4.66462 -1.89184 -0.472248 0.665868 1.19506 1.48658 1.62287 1.52883 1.30289 0.0522649 0.972653 0.895319 0.782224 0.655885 0.585513 0.470509 0.338988 0.262994 0.222164 -0.103685 0.231059 0.206213 0.199424 0.190062 0.170043 0.141539 0.114717 0.0834829 0.0677441 0.0412272 0.013232 -0.0120561 -0.0442957 -0.0737361 -0.137794
-9999 -9999 -9999 -9999 -9999 -9999 -9999 -9999 -7.21306 -2.79442 0.777559 2.63094 4.14717 4.55726 4.70618 4.0478 3.5531 2.35598 1.22302 -0.519776 -3.12572 -4.72835 -1.76787 2.53174 4.13497 4.02942 3.94507 3.10317 2.34657 2.26523 2.33906 1.47233 0.182929 -1.52309 -2.0578 -2.6571 -0.592682 -0.31761 -0.476876 1.7842 1.77582 1.63108 0.744577 -0.238904 -0.0724287 -0.69166 -0.257062 -0.994243 -0.352449 0.200348 0.39618 0.361882 0.278661 0.249404 0.199938 0.240735 0.227106 0.205397 0.186443 0.171105 0.151111 0.11271 0.0849768 0.0808529 0.0441793 0.0144854 -0.0147201 -0.0443967 -0.0684067 -0.120504
-9999 -9999 -9999 -9999 -9999 -9999 -9999 -9999 -7.01004 -3.28075 -0.130552 1.7714 3.5841 4.00154 4.60867 4.47039 3.95354 2.91297 1.61543 0.180987 -2.05459 -3.7142 -1.73615 1.12558 3.17556 3.92408 3.93931 3.90395 3.72417 3.66969 3.45749 3.32902 2.3969 0.779578 -0.131718 -1.46934 0.831123 1.08406 0.715575 1.85425 1.78359 0.0305341 -1.3222 -1.50599 -0.69905 -1.49252 -1.65608 -2.15444 -1.62674 -0.181947 -0.629622 -0.561608 0.0951739 0.188186 0.234599 0.239759 0.222298 0.206933 0.183871 0.173889 0.163663 0.12534 0.100284 0.0804801 0.0404874 0.0146639 -0.0198363 -0.0612563 -0.0897678 -0.126157
-9999 -9999 -9999 -9999 -9999 -9999 -9999 -9999 -6.93163 -4.41747 -1.58305 1.2119 3.14785 3.92622 4.49076 4.47932 3.88052 3.36099 2.54638 1.28454 0.419772 -1.0784 -3.13252 0.321201 1.39417 2.35362 2.77175 3.76876 3.75817 3.32058 2.83754 3.33137 3.1893 1.91279 1.49339 0.781789 2.05954 2.05683 2.01315 1.93409 0.453254 -1.6019 -3.24868 -2.09079 -2.35293 -1.82054 -3.51686 -2.1638 -1.07614 -0.734994 -1.49826 -2.07176 -0.352901 -0.0934243 0.0618263 0.156895 0.215361 0.185628 0.191121 0.168951 0.151689 0.133506 0.105486 0.0825538 0.0527844 0.0218554 -0.0161176 -0.0555984 -0.0936664 -0.145442
-9999 -9999 -9999 -9999 -9999 -9999 -9999 -9999 -9999 -5.88585 -2.27617 0.928621 2.71135 3.83054 4.37321 4.35867 4.05057 3.69692 3.19089 2.28041 1.13895 -0.662417 -1.99734 -1.14274 -0.0895869 0.0421501 0.741808 2.75175 3.44586 2.48903 0.130981 1.54534 3.12537 3.1028 2.96937 2.81784 2.62253 2.44322 2.05581 1.02957 -2.09556 -2.722 -3.95779 -3.83439 -4.47703 -3.11333 -3.65164 -2.26331 -1.67139 -1.45837 -2.77472 -2.50287 -1.00402 -0.414779 -0.52959 -0.172175 0.173185 0.172191 0.170003 0.148556 0.143744 0.133764 0.114552 0.0794666 0.052635 0.028192 -0.0256332 -0.0519818 -0.185981 -0.279328
-9999 -9999 -9999 -9999 -9999 -9999 -9999 -9999 -9999 -6.57733 -2.99387 0.780058 1.9905 3.19762 4.23823 4.25469 3.78719 3.34266 2.88559 2.36671 0.982545 -0.358129 -1.63634 -2.06188 -1.79777 -1.79366 -0.669895 1.94342 2.45692 2.25084 -0.21897 -1.0601 1.04758 2.81787 2.95707 2.79479 0.709689 1.14721 0.0168458 -1.51522 -1.94521 -2.62395 -4.04577 -3.38216 -4.4288 -4.002 -4.13366 -3.35229 -2.9798 -2.04692 -3.19579 -3.19274 -1.72247 -0.981217 -0.976649 -0.196459 0.0734934 0.134983 0.141176 0.142094 0.132861 0.132355 0.111588 0.0859053 0.0558572 0.00278979 -0.10323 -0.407382 -1.94281 -1.95817
-9999 -9999 -9999 -9999 -9999 -9999 -9999 -9999 -9999 -6.15928 -3.67266 -0.324228 2.15497 2.3087 3.51178 4.131 3.62363 3.05305 2.46994 2.21455 0.708276 -0.944945 -2.2791 -3.85732 -3.59171 -2.44968 -0.567101 1.12253 1.43086 1.0904 -0.220608 0.415512 1.85267 2.61534 2.83913 2.65967 2.20215 1.93434 1.10006 0.732711 -0.425952 -2.23298 -2.9528 -2.51842 -4.43866 -4.32011 -3.63024 -4.39208 -3.17372 -2.59884 -4.07744 -2.93036 -1.62007 -0.957203 -0.378902 -0.112152 -0.0136322 0.144896 0.13666 0.13834 0.133304 0.117629 0.103972 0.0621185 0.0245326 -0.15047 -0.401884 -1.82175 -2.44653 -2.34844
-9999 -9999 -9999 -9999 -9999 -9999 -9999 -9999 -9999 -5.73152 -3.49306 -0.590001 1.17724 1.49169 2.8265 4.01285 3.87716 3.28408 3.10215 2.48883 1.2113 -0.198662 -1.73867 -2.48521 -4.20434 -2.5026 -1.13587 0.294688 0.967186 -0.103112 -0.652761 0.328043 1.30202 1.69037 2.67141 2.65902 2.33423 0.947518 0.266854 0.542725 0.243527 -0.274078 -1.52195 -1.58983 -2.3972 -2.74002 -3.06495 -4.08619 -3.4582 -3.40928 -3.26298 -1.87072 -1.19626 -0.753784 -0.352128 -0.256858 -0.0894679 0.132078 0.139678 0.135038 0.120792 0.111753 0.0807178 -0.000234109 -0.0711206 -0.407753 -0.992529 -2.07071 -3.83307 -2.63541
-9999 -9999 -9999 -9999 -9999 -9999 -9999 -9999 -9999 -6.10838 -3.73091 -1.25008 -0.213876 -0.0395768 2.37846 3.85793 3.85795 3.57572 3.24689 1.73397 1.82226 1.52038 0.13095 -1.89259 -4.11428 -3.90137 -2.56566 -0.665483 -0.0380994 -1.82856 -2.46957 -1.99537 -0.524058 0.791852 2.16467 2.51042 2.10219 -0.0532123 -2.34462 -1.29377 -0.171474 -0.18838 -0.53202 -1.69051 -2.06745 -2.41042 -3.26057 -4.69952 -4.49562 -4.1171 -2.54832 -2.06366 -1.30565 -0.678274 -0.935181 -0.807688 -0.206873 0.132246 0.132157 0.125093 0.123269 0.101547 0.066606 -0.0805883 -0.235976 -0.487259 -1.98699 -2.92558 -4.29737 -2.76332
-9999 -9999 -9999 -9999 -9999 -9999 -9999 -9999 -9999 -6.83969 -5.11471 -2.74373 -1.7892 -0.266296 2.01874 3.14135 3.67826 3.66423 3.44452 2.76636 2.35882 1.55704 0.11122 -1.86528 -4.06175 -5.48997 -4.75811 -2.20284 -1.60096 -3.25002 -4.1023 -3.03893 -1.47163 0.848246 2.17192 2.34716 2.22215 1.77271 0.0977611 -1.92547 -1.92807 -0.927936 -1.78469 -2.7794 -2.25157 -2.3648 -3.20416 -3.81871 -4.19713 -3.99724 -3.09604 -2.73906 -1.86107 -0.557318 -0.383224 -0.435089 0.106163 0.120134 0.119456 0.126825 0.112533 0.0936766 0.0630443 -0.0595884 -0.316984 -1.31987 -2.19661 -3.41068 -3.57443 -2.22542
-9999 -9999 -9999 -9999 -9999 -9999 -9999 -9999 -9999 -8.10208 -6.07284 -3.85202 -1.7731 0.193284 1.88512 2.01375 2.90486 2.90159 3.36785 3.23238 2.60414 1.92867 0.682773 -1.85718 -3.99196 -6.31968 -5.70179 -3.11202 -2.72974 -3.85304 -5.9299 -3.78483 -1.4201 0.721993 1.87962 0.965576 1.89287 1.80992 1.17767 -0.0301795 -1.90449 -1.87953 -3.28825 -3.36096 -2.65575 -2.43588 -2.56897 -3.03372 -3.77662 -3.67073 -3.12456 -3.00135 -2.19595 -1.18819 -0.202903 -0.0494818 0.127001 0.121166 0.110441 0.1123 0.10058 0.0659321 0.000805235 -0.126763 -0.969518 -1.96932 -2.59114 -3.44156 -3.55831 -1.98219
