Test_Spring_2018/01_18/Temp/20180109_005.txt
ncols	170
nrows	115
xllcorner	350000.000000
yllcorner	4445000.000000
cellsize	1000.000000
nodata_value	-9999.000000
[rows 31 to 61 of 115, columns 71 to 141 of 170]
8.18505 8.36377 7.9789 7.99954 8.87557 9.05658 9.02853 8.93093 8.83188 8.39696 8.2415 7.89565 7.29784 7.03846 5.98652 2.61925 3.55246 3.90781 2.92028 3.44702 4.31424 3.52972 1.23245 0.234403 -1.3636 -0.861862 -1.34417 -2.63179 -9999 -9999 -9999 -9999 -9999 -9999 -9999 -9999 -9999 -9999 -9999 -9999 -9999 -9999 -9999 -9999 -9999 -9999 -9999 -9999 -9999 -9999 -9999 -9999 -9999 -9999 -9999 -9999 -9999 -9999 -9999 -9999 -9999 -9999 -9999 -9999 -9999 -9999 -9999 -9999 -9999 -9999 -9999
7.98438 7.9455 7.57427 8.10665 8.5957 8.28012 8.05728 8.87273 8.85745 8.55893 7.87828 7.61882 7.35028 7.17966 6.3105 3.90002 1.72538 2.86629 2.87789 2.0622 3.48087 2.70759 0.715606 -2.08989 -0.588102 -0.99747 -2.96542 -3.47011 -9999 -9999 -9999 -9999 -9999 -9999 -9999 -9999 -9999 -9999 -9999 -9999 -9999 -9999 -9999 -9999 -9999 -9999 -9999 -9999 -9999 -9999 -9999 -9999 -9999 -9999 -9999 -9999 -9999 -9999 -9999 -9999 -9999 -9999 -9999 -9999 -9999 -9999 -9999 -9999 -9999 -9999 -9999
7.66316 7.46103 7.29232 8.09147 8.05839 8.00184 8.2752 8.77596 8.86336 8.7375 8.43186 8.16513 7.88232 7.1886 6.19645 4.13112 1.65795 1.08474 2.27151 2.31339 2.49093 1.78472 0.901802 -0.470552 0.625468 1.04194 -0.256269 -1.96804 -3.07277 -9999 -9999 -9999 -9999 -9999 -9999 -9999 -9999 -9999 -9999 -9999 -9999 -9999 -9999 -9999 -9999 -9999 -9999 -9999 -9999 -9999 -9999 -9999 -9999 -9999 -9999 -9999 -9999 -9999 -9999 -9999 -9999 -9999 -9999 -9999 -9999 -9999 -9999 -9999 -9999 -9999 -9999
7.18246 6.88473 6.07791 6.5532 6.90615 7.58019 7.74087 7.82789 8.78485 8.71786 8.65725 8.2264 7.87863 7.31266 6.35704 5.00319 3.37634 0.555536 2.26911 3.6075 3.55701 3.4671 2.84374 1.52446 2.59962 2.63532 0.973794 -0.921091 -2.04845 -2.52362 -9999 -9999 -9999 -9999 -9999 -9999 -9999 -9999 -9999 -9999 -9999 -9999 -9999 -9999 -9999 -9999 -9999 -9999 -9999 -9999 -9999 -9999 -9999 -9999 -9999 -9999 -9999 -9999 -9999 -9999 -9999 -9999 -9999 -9999 -9999 -9999 -9999 -9999 -9999 -9999 -9999
6.51788 6.2307 5.24887 5.72725 6.37099 7.28316 7.75915 8.10844 8.38375 8.66474 8.614 8.17324 6.9022 6.70698 6.63665 5.7455 3.89292 2.04277 1.55162 3.6016 4.17699 4.04062 4.48609 3.3659 3.87194 3.64205 3.03682 1.22191 -0.445351 -1.14709 -2.51854 -9999 -9999 -9999 -9999 -9999 -9999 -9999 -9999 -9999 -9999 -9999 -9999 -9999 -9999 -9999 -9999 -9999 -9999 -9999 -9999 -9999 -9999 -9999 -9999 -9999 -9999 -9999 -9999 -9999 -9999 -9999 -9999 -9999 -9999 -9999 -9999 -9999 -9999 -9999 -9999
-9999 -9999 -9999 4.61549 5.49519 6.22207 7.1269 7.89414 8.27232 8.6391 8.5925 7.72713 7.29558 7.24312 6.65355 5.62711 4.97686 3.80592 2.58665 3.03016 4.77591 3.9762 5.20834 5.08661 5.29978 4.44906 2.85225 0.741824 -0.500536 -1.13069 -2.24578 -9999 -9999 -9999 -9999 -9999 -9999 -9999 -9999 -9999 -9999 -9999 -9999 -9999 -9999 -9999 -9999 -9999 -9999 -9999 -9999 -9999 -9999 -9999 -9999 -9999 -9999 -9999 -9999 -9999 -9999 -9999 -9999 -9999 -9999 -9999 -9999 -9999 -9999 -9999 -9999
-9999 -9999 -9999 -9999 5.32086 5.87076 7.07184 7.6927 7.93269 8.53379 8.51927 8.18143 7.92227 7.55341 7.07654 6.30093 5.44691 4.34454 4.22781 5.33863 5.33641 5.08482 5.25365 5.81634 5.6472 4.33862 2.09473 0.899701 -1.48849 -2.53086 -2.44318 -3.18737 -9999 -9999 -9999 -9999 -9999 -9999 -9999 -9999 -9999 -9999 -9999 -9999 -0.599383 -9999 -9999 -9999 -9999 -9999 -9999 -9999 -9999 -9999 -9999 -9999 -9999 -9999 -9999 -9999 -9999 -9999 -9999 -9999 -9999 -5.24447 -9999 -9999 -9999 -9999 -9999
-9999 -9999 -9999 5.21937 5.95905 6.53526 7.28247 7.35092 7.78696 8.48044 8.47481 8.2304 7.95613 7.35983 7.19962 6.75089 5.82493 5.62248 5.97482 6.1284 6.30467 6.40699 6.29454 6.04355 5.72377 4.87449 3.82345 3.11208 0.92428 -0.194245 -1.27042 -2.89014 -4.16124 -9999 -9999 -9999 -9999 -9999 -9999 -9999 -1.40448 -1.47671 -1.46055 -1.1213 -0.163516 -0.745417 -9999 -9999 -9999 -9999 -9999 -9999 -9999 -9999 -9999 -9999 -9999 -9999 -9999 -9999 -9999 -9999 -9999 -9999 -9999 -4.3899 -5.66334 -9999 -9999 -9999 -9999
-9999 -9999 -9999 5.41047 6.19497 6.57919 7.30475 7.71315 7.9826 8.21274 8.43166 8.37589 8.07396 7.62312 7.60922 6.99422 6.655 6.40816 6.89041 6.97271 6.75645 6.48931 6.2511 5.60705 5.51762 5.29638 4.62269 3.52762 2.39933 0.798765 -1.39413 -3.54525 -5.28406 -9999 -9999 -9999 -9999 -9999 -9999 -1.23038 -0.437832 0.0324998 -1.00532 -0.140182 0.649625 0.510022 -0.277971 -9999 -9999 -9999 -9999 -9999 -9999 -9999 -9999 -9999 -9999 -9999 -9999 -9999 -9999 1.6154 0.310297 -2.31317 -3.66329 -4.47785 -5.63625 -9999 -9999 -9999 -9999
-9999 -9999 -9999 5.24148 6.17114 6.79613 7.34901 7.42472 7.9892 8.23629 8.34641 8.31514 8.2419 8.14509 7.60603 7.36458 6.55854 7.29716 7.25215 7.04474 6.27189 5.92766 4.61221 4.02394 3.87951 4.95472 4.12953 2.42543 0.299199 -2.24878 -2.41741 -3.27504 -4.83202 -9999 -9999 -9999 -9999 -9999 -9999 -1.00057 -0.151635 0.555746 0.649317 -0.381424 1.03147 0.966608 0.158467 -0.0346699 0.605081 0.921835 0.66412 1.44485 1.65582 1.28597 1.6536 -9999 -9999 -9999 -9999 1.79877 1.83732 1.86418 1.31378 -1.55055 -3.50999 -5.27065 -5.44734 -9999 -9999 -9999 -9999
-9999 -9999 -9999 5.88476 6.45205 6.73186 6.7651 7.25978 7.75122 8.05722 8.26569 8.20343 8.16828 8.13177 7.93631 7.50444 7.56229 7.51195 7.25312 5.79621 4.09851 4.81475 3.80423 1.65091 3.37082 4.30703 3.37408 1.31255 -1.07548 -1.86746 -1.84079 -3.02665 -4.55178 -9999 -9999 -9999 -3.33384 -2.11653 -2.02417 -1.67418 -0.537679 0.324772 0.978304 1.41677 1.39128 0.910093 0.119817 -0.73913 -0.450399 1.05879 1.41482 1.73061 1.94923 1.60381 1.748 2.13676 2.32909 2.35435 2.2421 2.20497 2.22427 2.16283 1.64828 -0.90626 -2.37694 -3.31882 -5.20784 -9999 -9999 -9999 -9999
-9999 -9999 -9999 5.51224 6.00404 6.39948 7.05779 7.11512 7.53032 7.76838 8.13925 8.1658 7.70523 8.0554 7.99106 7.90547 7.74294 7.51276 6.28012 4.58759 2.89096 2.09868 2.41209 1.10982 1.75352 2.70209 2.33591 1.05786 -1.07197 -1.38923 -1.89817 -3.86572 -5.77323 -9999 -9999 -5.72595 -3.37692 -1.7268 -0.882153 -0.62944 -0.616189 0.473914 0.549793 1.72531 1.43595 -0.139693 0.0256904 -0.588465 -0.206059 0.330377 0.468314 1.25766 2.02723 2.15448 2.1387 2.37886 2.41343 2.40926 2.38578 2.1946 2.26112 2.26086 1.93597 0.0760781 -0.835862 -1.84363 -5.2086 -9999 -9999 -9999 -9999
-9999 -9999 -9999 5.75772 6.30909 6.91392 6.99992 7.44376 7.37978 7.23265 7.85669 8.08031 7.75026 7.50775 7.90653 7.86061 7.7883 7.68033 6.52086 5.18181 3.1633 1.90268 1.12468 0.567212 -0.175789 0.302137 0.131637 -0.0909266 0.123586 -0.472893 -1.64966 -2.81791 -4.97554 -6.15836 -9999 -5.614 -4.56423 -2.59879 -0.929343 0.126525 -0.270086 0.971422 1.1936 1.90454 1.47078 0.511736 0.0853702 0.0370925 -0.100688 0.729144 1.28833 1.67409 1.92407 2.25049 2.31549 2.38087 2.39714 2.39812 2.40066 2.38079 2.36019 2.31031 2.18131 1.32079 0.407064 -1.54747 -5.11178 -9999 -9999 -9999 -9999
-9999 -9999 4.11597 5.68406 6.6183 6.97149 7.22225 7.44124 7.59542 7.75611 7.90513 8.00413 7.9432 7.09624 7.14691 7.27887 7.7328 7.68203 7.56168 6.8218 4.36919 3.50994 2.25846 0.647362 -0.0355763 0.278662 1.5656 1.48805 0.603689 -0.38001 -1.73177 -2.59793 -3.93583 -6.47679 -6.27087 -5.15266 -4.32433 -2.99417 -0.95017 0.479895 1.11212 1.34474 1.84047 2.09494 1.49915 0.938549 0.69514 0.252593 0.179427 0.169319 0.664497 1.0476 1.92087 2.20004 2.32546 2.37472 2.3924 2.40086 2.41027 2.40385 2.37287 2.36141 2.34349 2.2676 1.05991 -1.95313 -4.22099 -9999 -9999 -9999 -9999
-9999 -9999 -9999 5.38316 5.78678 5.88233 6.05934 6.4359 6.87186 7.49385 7.56108 7.89745 7.87916 7.15006 6.30687 7.00929 7.27788 7.55696 7.54867 7.43846 5.37122 4.28249 3.42132 1.87548 2.40898 2.91366 2.93434 2.5991 0.725208 -1.14152 -3.29057 -5.30055 -5.41665 -6.50667 -5.95602 -5.22456 -3.31279 -1.97125 -1.4356 -1.05335 1.02824 1.56066 1.73487 2.26069 1.51993 1.3281 0.76859 0.9208 0.860771 0.850929 -0.684565 0.827527 0.901395 1.87852 2.31078 2.39828 2.40599 2.4165 2.40373 2.39369 2.37511 2.37285 2.34431 2.31414 1.52497 -2.28683 -4.20504 -9999 -9999 -9999 -9999
-9999 -9999 -9999 -9999 -9999 5.48125 5.78551 5.97528 6.31362 7.3782 7.65463 7.83295 7.8339 7.49902 6.66547 6.43298 6.56563 5.75043 6.39988 7.295 7.25414 7.12509 5.30728 4.36924 5.24182 4.95196 3.58006 2.49592 1.42529 -0.756876 -2.35958 -4.66013 -6.39288 -6.47813 -4.60928 -3.0572 -1.12257 -0.277848 -0.784017 -0.265984 0.759691 1.92938 2.48997 2.34531 1.56503 1.45048 0.593446 1.41504 1.47462 1.07481 0.726448 0.84571 1.32148 1.49212 2.25234 2.42264 2.44134 2.42826 2.41384 2.39455 2.37596 2.35083 2.33043 2.30837 2.26287 -1.65511 -4.7047 -9999 -9999 -9999 -9999
-9999 -9999 -9999 -9999 -9999 4.72354 4.90363 5.39878 6.69183 7.3596 7.62147 7.59712 7.7096 7.46888 6.73298 5.97772 5.26389 4.34792 4.84408 6.18544 6.96858 7.0412 5.44519 6.24819 5.922 5.29711 3.50869 2.18526 1.47405 -0.621742 -2.41882 -3.95634 -6.07118 -5.19621 -4.22994 -2.98232 -0.868379 0.552489 1.12772 0.617308 1.26934 2.61689 2.61387 1.8605 1.89902 1.43951 0.272032 1.46642 1.79401 1.5082 1.56559 1.44985 1.61715 1.93401 2.2357 2.43004 2.44068 2.42693 2.4022 2.38568 2.37065 2.34184 2.3305 2.30813 2.27763 -0.255016 -4.77244 -9999 -9999 -9999 -9999
-9999 -9999 -9999 -9999 -9999 -9999 4.02013 5.16781 6.88897 7.30288 7.24905 7.59248 7.60809 7.24712 6.93123 6.01785 4.77559 2.40463 2.98644 4.2196 6.00549 6.93507 6.78821 6.24262 5.30719 3.07052 1.11045 0.855042 0.517357 -1.01753 -2.40596 -4.11278 -3.15661 -2.10692 -0.956088 -0.36015 -0.538174 0.677071 1.66604 1.22506 2.02756 2.96708 2.52479 2.25934 2.03517 1.50498 1.46338 1.50744 2.18039 1.69468 1.97246 1.96624 1.93451 2.08046 2.25023 2.42895 2.44327 2.42589 2.41166 2.37222 2.36484 2.33948 2.31553 2.29362 2.26555 2.02689 -0.410923 -1.87236 -9999 -9999 -9999
-9999 -9999 -9999 -9999 -9999 -9999 2.94168 3.50699 5.54797 6.16569 7.05927 7.52653 7.53348 6.93492 6.59358 5.24089 4.79051 2.59581 1.59288 2.41124 2.07256 4.53821 6.71767 6.2211 1.7642 0.137571 -1.02835 -0.753499 -0.77053 -1.21213 -3.56167 -4.2244 -2.15826 -0.864538 0.133792 0.88702 1.02937 0.985671 2.54093 2.73626 3.23362 3.11039 3.14635 2.34206 1.84053 2.2622 1.75722 1.66201 2.35754 1.64923 2.26596 2.17838 1.97446 1.94882 2.34711 2.41398 2.44074 2.42525 2.39177 2.35356 2.32717 2.32626 2.30681 2.27166 2.26151 2.2282 1.92944 0.662412 0.212793 0.68889 -9999
-9999 -9999 -9999 -9999 -9999 -9999 -9999 1.58341 4.42534 5.71312 6.38419 7.33469 7.43582 7.10875 6.5311 5.15364 3.93968 1.9759 -0.265025 -1.45892 2.04625 5.09432 6.67602 6.44766 2.73451 1.25741 1.17051 2.00974 1.26565 0.696475 -1.09327 -1.64242 -2.39779 -1.9641 -0.565564 0.574403 1.67468 2.47028 2.51997 3.03124 3.32397 3.33608 3.41903 3.31436 3.2272 2.45388 2.9723 2.51254 2.73935 2.57393 2.42271 2.29063 1.83799 2.1322 2.39027 2.44422 2.44657 2.41317 2.39211 2.36314 2.32016 2.29781 2.28238 2.26711 2.24119 2.22971 2.20582 2.05431 1.28748 0.264307 -1.0258
-9999 -9999 -9999 -9999 -9999 -9999 -9999 0.149543 2.97731 4.32948 6.07788 6.96961 7.32031 7.25647 6.78533 5.73474 4.16105 2.84661 0.34711 -2.24812 1.42989 4.71051 6.46948 6.54466 3.42259 4.26423 3.54955 3.81103 2.51835 1.97006 1.53331 0.599493 -0.419718 -1.53455 -2.1328 0.451195 1.76967 2.82763 3.3178 3.588 3.71511 3.62447 3.4238 2.25627 3.12545 3.0703 2.9714 2.85941 2.79896 2.6955 2.57521 2.49891 2.46205 2.15613 2.46679 2.44162 2.4299 2.41472 2.38897 2.3552 2.32349 2.28861 2.27503 2.25799 2.23413 2.21439 2.19966 2.17911 2.1264 1.91429 0.185482
-9999 -9999 -9999 -9999 -9999 -9999 -9999 -3.8517 0.268685 3.57362 5.2945 6.68878 7.06183 7.19134 6.5645 6.09114 4.95822 3.88389 2.23544 -0.225186 -1.74789 1.00008 5.00526 6.47753 6.3442 6.23245 5.40929 4.66559 4.55512 4.59065 3.72899 2.4779 0.853196 0.331584 -0.24933 1.67088 1.91622 1.75735 3.87119 3.8594 3.72199 2.89082 1.96525 2.12388 1.55867 1.98274 1.29732 1.90461 2.42768 2.61503 2.58543 2.50151 2.47292 2.42682 2.46632 2.45 2.42479 2.40118 2.38039 2.35514 2.31301 2.28171 2.27374 2.24466 2.21693 2.20427 2.19153 2.17511 2.13266 2.09305 1.81722
-9999 -9999 -9999 -9999 -9999 -9999 -9999 -3.6824 -0.222389 2.71293 4.46316 6.1493 6.52862 7.087 6.94693 6.45176 5.46465 4.23512 2.87521 0.76159 -0.814551 1.01795 3.66879 5.56258 6.23092 6.21404 6.14918 5.9485 5.85089 5.62062 5.45204 4.55205 3.01368 2.13842 0.866006 3.00813 3.23291 2.87767 3.93843 3.86743 2.22073 0.951151 0.779148 1.53156 0.789655 0.652108 0.201343 0.700466 2.05906 1.63789 1.7043 2.31358 2.40252 2.45024 2.45328 2.43373 2.41497 2.38809 2.37294 2.35744 2.31588 2.28746 2.26499 2.22486 2.20984 2.17868 2.15457 2.1461 2.11736 2.07977 1.99253
-9999 -9999 -9999 -9999 -9999 -9999 -9999 -3.62235 -1.29847 1.34121 3.92664 5.72798 6.44511 6.96268 6.94056 6.3675 5.86804 5.09059 3.89196 3.06361 1.63896 -0.309424 2.90511 3.87488 4.74278 5.09166 5.99511 5.95367 5.51235 5.0133 5.45027 5.29427 4.0755 3.66273 2.97828 4.16187 4.14711 4.09631 4.0146 2.62038 0.689369 -0.857137 0.227814 -0.0179294 0.475955 -1.09964 0.165591 1.18915 1.5126 0.812173 0.276276 1.88034 2.13037 2.27556 2.36305 2.41502 2.38325 2.38372 2.35775 2.33624 2.31409 2.28328 2.2581 2.22759 2.19724 2.17413 2.15174 2.11973 2.06947 2.0558 2.02144
-9999 -9999 -9999 -9999 -9999 -9999 -9999 -9999 -2.69104 0.653196 3.64262 5.29993 6.33617 6.83253 6.80664 6.50521 6.16028 5.67118 4.80111 3.71245 2.00281 0.728438 1.50533 2.45422 2.54695 3.17409 5.0296 5.65121 4.72513 2.46264 3.76536 5.22479 5.18326 5.03984 4.88155 4.69056 4.51037 4.1371 3.1667 0.229762 -0.369043 -1.53146 -1.41804 -2.022 -0.75097 -1.24009 0.064042 0.621568 0.823794 -0.408403 -0.163706 1.25218 1.80617 1.69882 2.0332 2.36292 2.35851 2.35228 2.32756 2.31829 2.30433 2.28216 2.23833 2.21035 2.18572 2.14894 2.13981 2.01726 1.93352 1.77807 1.94323
-9999 -9999 -9999 -9999 -9999 -9999 -9999 -9999 -3.37625 -0.0333011 3.48962 4.60974 5.72771 6.69015 6.69237 6.2405 5.80951 5.36568 4.86248 3.54616 2.26885 1.04831 0.625666 0.848208 0.809289 1.83603 4.25936 4.71361 4.49356 2.12757 1.31627 3.27192 4.91289 5.02605 4.85834 2.88928 3.28774 2.21759 0.772359 0.362169 -0.279928 -1.61763 -0.998555 -1.98238 -1.5836 -1.69981 -0.965943 -0.615212 0.261133 -0.814892 -0.823805 0.565578 1.26166 1.26598 1.99674 2.24805 2.30302 2.3054 2.30232 2.28945 2.28477 2.26137 2.2339 2.2031 2.15164 2.05154 1.78253 0.359941 0.348411 0.723339 1.07801
-9999 -9999 -9999 -9999 -9999 -9999 -9999 -9999 -2.99831 -0.683951 2.4397 4.74918 4.87863 5.99264 6.55929 6.06922 5.51932 4.95678 4.70041 3.2696 1.69951 0.427131 -1.07556 -0.850432 0.195507 1.918 3.47688 3.7405 3.39617 2.11765 2.69312 4.02118 4.71823 4.91152 4.72829 4.28591 4.02304 3.23046 2.87722 1.78322 0.0824347 -0.597648 -0.194312 -1.99824 -1.88942 -1.24417 -1.9504 -0.807306 -0.267529 -1.65355 -0.581173 0.648769 1.27091 1.813 2.06214 2.15274 2.29891 2.28809 2.28615 2.27769 2.25925 2.24294 2.20062 2.16293 1.99713 1.76052 0.429004 -0.122617 -0.0285914 0.566964 1.08727
-9999 -9999 -9999 -9999 -9999 -9999 -9999 -9999 -2.61174 -0.530147 2.17559 3.81697 4.09655 5.33343 6.43122 6.28905 5.7175 5.5308 4.93859 3.72238 2.38076 0.915934 0.194012 -1.4411 0.130951 1.36995 2.68737 3.29402 2.23934 1.70289 2.60277 3.49747 3.84434 4.74844 4.72236 4.40476 3.0927 2.44413 2.69388 2.40555 1.91353 0.737699 0.669409 -0.0915353 -0.416086 -0.723232 -1.67361 -1.08486 -1.03902 -0.892202 0.400212 1.03339 1.44848 1.82466 1.91287 2.06807 2.27348 2.27777 2.27024 2.25353 2.2417 2.20944 2.13073 2.06196 1.74461 1.19524 0.183848 -1.43351 -0.309013 0.867891 1.20591
-9999 -9999 -9999 -9999 -9999 -9999 -9999 -9999 -2.98011 -0.768245 1.54127 2.49668 2.64433 4.89649 6.26861 6.2532 5.97275 5.64802 4.21211 4.27688 3.97475 2.65168 0.732923 -1.37261 -1.19578 0.0325243 1.77327 2.33881 0.609548 -0.0115462 0.414164 1.77605 2.99343 4.26544 4.57559 4.17997 2.14714 -0.0119926 0.964397 2.00892 1.98614 1.65793 0.566442 0.208698 -0.116491 -0.916708 -2.25204 -2.06909 -1.71467 -0.248285 0.2069 0.918047 1.50621 1.26457 1.38287 1.94453 2.26028 2.25754 2.24799 2.24322 2.21981 2.18416 2.04355 1.89568 1.6584 0.250887 -0.62982 -1.8989 -0.440549 0.357063 0.77475
-9999 -9999 -9999 -9999 -9999 -9999 -9999 -9999 -3.68109 -2.0813 0.124914 1.00336 2.41529 4.54227 5.57928 6.06699 6.03778 5.81525 5.16218 4.76214 3.99156 2.61608 0.742045 -1.33911 -2.70053 -2.03681 0.317405 0.857892 -0.735991 -1.55446 -0.5756 0.876844 3.03617 4.26245 4.41294 4.28308 3.85017 2.26916 0.362645 0.35213 1.28297 0.473374 -0.464748 0.0257392 -0.084288 -0.874704 -1.45384 -1.80109 -1.60351 -0.774024 -0.438897 0.384471 1.60669 1.76906 1.71904 2.22479 2.23567 2.23248 2.23664 2.22038 2.19988 2.16849 2.05109 1.80769 0.865596 0.0422836 -1.09692 -1.2507 0.0520668 0.605312 1.12428
-9999 -9999 -9999 -9999 -9999 -9999 -9999 -9999 -4.88022 -2.99534 -0.930255 1.00227 2.82972 4.40004 4.50459 5.32422 5.30496 5.7257 5.58166 4.97487 4.32305 3.13549 0.733547 -1.28922 -3.49361 -2.93619 -0.529475 -0.241956 -1.31476 -3.28121 -1.28758 0.912981 2.90581 3.97653 3.10562 3.96269 3.87352 3.27037 2.12854 0.362753 0.37908 -0.948162 -1.02166 -0.364881 -0.162592 -0.290771 -0.729554 -1.41141 -1.30934 -0.812998 -0.697295 0.0578163 1.00228 1.92523 2.06761 2.23122 2.22351 2.21094 2.21002 2.1963 2.16114 2.09756 1.97568 1.18344 0.24431 -0.339934 -1.13817 -1.248 0.248265 0.837679 1.15863
