Test_Spring_2018/01_18/Temp/20180106_005.txt
ncols	170
nrows	115
xllcorner	350000.000000
yllcorner	4445000.000000
cellsize	1000.000000
nodata_value	-9999.000000
[rows 31 to 61 of 115, columns 70 to 139 of 170]
7.56788 8.16254 8.37042 7.92778 7.95311 8.9672 9.17692 9.14554 9.04992 8.93637 8.43486 8.25571 7.85667 7.16678 6.86763 5.65391 1.76809 2.84643 3.25828 2.12063 2.73128 3.73536 2.83333 0.18552 -0.962538 -2.80302 -2.2275 -2.78403 -4.26715 -9999 -9999 -9999 -9999 -9999 -9999 -9999 -9999 -9999 -9999 -9999 -9999 -9999 -9999 -9999 -9999 -9999 -9999 -9999 -9999 -9999 -9999 -9999 -9999 -9999 -9999 -9999 -9999 -9999 -9999 -9999 -9999 -9999 -9999 -9999 -9999 -9999 -9999 -9999 -9999 -9999
7.68187 7.94415 7.90056 7.47338 8.08914 8.65481 8.29283 8.0498 8.99561 8.97898 8.63523 7.85026 7.55136 7.24197 7.04567 6.04325 3.26203 0.75332 2.07187 2.08731 1.14826 2.78851 1.89907 -0.396798 -3.63145 -1.89443 -2.3633 -4.64249 -5.21668 -9999 -9999 -9999 -9999 -9999 -9999 -9999 -9999 -9999 -9999 -9999 -9999 -9999 -9999 -9999 -9999 -9999 -9999 -9999 -9999 -9999 -9999 -9999 -9999 -9999 -9999 -9999 -9999 -9999 -9999 -9999 -9999 -9999 -9999 -9999 -9999 -9999 -9999 -9999 -9999 -9999
6.90639 7.58674 7.35443 7.16075 8.08421 8.04709 7.98362 8.31383 8.89693 8.99903 8.85489 8.50313 8.19624 7.87078 7.07106 5.92697 3.54434 0.691157 0.0311936 1.40293 1.45346 1.66086 0.848483 -0.167618 -1.74844 -0.480036 0.0041032 -1.49995 -3.46992 -4.73381 -9999 -9999 -9999 -9999 -9999 -9999 -9999 -9999 -9999 -9999 -9999 -9999 -9999 -9999 -9999 -9999 -9999 -9999 -9999 -9999 -9999 -9999 -9999 -9999 -9999 -9999 -9999 -9999 -9999 -9999 -9999 -9999 -9999 -9999 -9999 -9999 -9999 -9999 -9999 -9999
5.86498 7.04527 6.70234 5.77189 6.32136 6.7297 7.52107 7.71377 7.81567 8.92168 8.84577 8.77719 8.28124 7.88116 7.22923 6.12758 4.56632 2.69006 -0.564186 1.41545 2.96223 2.90615 2.80481 2.08799 0.568157 1.81227 1.8568 -0.0625965 -2.23908 -3.53766 -4.08361 -9999 -9999 -9999 -9999 -9999 -9999 -9999 -9999 -9999 -9999 -9999 -9999 -9999 -9999 -9999 -9999 -9999 -9999 -9999 -9999 -9999 -9999 -9999 -9999 -9999 -9999 -9999 -9999 -9999 -9999 -9999 -9999 -9999 -9999 -9999 -9999 -9999 -9999 -9999
-9999 6.29147 5.96046 4.82777 5.38065 6.12455 7.19086 7.7454 8.1524 8.47185 8.79789 8.74106 8.23404 6.76864 6.54494 6.46533 5.43829 3.30152 1.16757 0.602296 2.97019 3.63624 3.48098 3.99758 2.70733 3.2944 3.03232 2.34093 0.248629 -1.67327 -2.48039 -4.06062 -9999 -9999 -9999 -9999 -9999 -9999 -9999 -9999 -9999 -9999 -9999 -9999 -9999 -9999 -9999 -9999 -9999 -9999 -9999 -9999 -9999 -9999 -9999 -9999 -9999 -9999 -9999 -9999 -9999 -9999 -9999 -9999 -9999 -9999 -9999 -9999 -9999 -9999
-9999 -9999 -9999 -9999 4.10988 5.13749 5.98293 7.02769 7.9177 8.35614 8.78151 8.72981 7.73303 7.23692 7.17828 6.49956 5.31647 4.56748 3.2174 1.81154 2.32496 4.34162 3.42045 4.8448 4.70683 4.95578 3.97716 2.15114 -0.292211 -1.72284 -2.44688 -3.73071 -9999 -9999 -9999 -9999 -9999 -9999 -9999 -9999 -9999 -9999 -9999 -9999 -9999 -9999 -9999 -9999 -9999 -9999 -9999 -9999 -9999 -9999 -9999 -9999 -9999 -9999 -9999 -9999 -9999 -9999 -9999 -9999 -9999 -9999 -9999 -9999 -9999 -9999
-9999 -9999 -9999 -9999 -9999 4.94795 5.58929 6.97759 7.69747 7.97668 8.67284 8.65851 8.27097 7.97417 7.55059 7.00214 6.10863 5.12443 3.85339 3.71991 5.00331 5.00214 4.71336 4.9102 5.56207 5.36972 3.86547 1.28948 -0.0859175 -2.84911 -4.04841 -3.94333 -4.79854 -9999 -9999 -9999 -9999 -9999 -9999 -9999 -9999 -9999 -9999 -9999 -9999 -1.81862 -9999 -9999 -9999 -9999 -9999 -9999 -9999 -9999 -9999 -9999 -9999 -9999 -9999 -9999 -9999 -9999 -9999 -9999 -9999 -9999 -7.27855 -9999 -9999 -9999
-9999 -9999 -9999 -9999 4.83085 5.7008 6.3676 7.23221 7.31155 7.8206 8.62372 8.62 8.34065 8.02672 7.34086 7.15806 6.64192 5.57461 5.34213 5.74985 5.92811 6.13267 6.25214 6.12412 5.83672 5.47051 4.50626 3.29701 2.48028 -0.0515673 -1.33693 -2.57449 -4.43949 -5.90238 -9999 -9999 -9999 -9999 -9999 -9999 -9999 -2.71544 -2.80241 -2.78794 -2.40091 -1.30012 -1.97645 -9999 -9999 -9999 -9999 -9999 -9999 -9999 -9999 -9999 -9999 -9999 -9999 -9999 -9999 -9999 -9999 -9999 -9999 -9999 -6.27672 -7.75374 -9999 -9999
-9999 -9999 -9999 -9999 5.07697 5.98375 6.42906 7.26886 7.74303 8.058 8.32668 8.58251 8.52124 8.17567 7.65794 7.64414 6.93609 6.54594 6.26204 6.81946 6.91515 6.66635 6.35911 6.08576 5.34461 5.24435 5.00444 4.23112 2.97202 1.67508 -0.176525 -2.70219 -5.17969 -7.18157 -9999 -9999 -9999 -9999 -9999 -9999 -2.49296 -1.58155 -1.04295 -2.24576 -1.25253 -0.346388 -0.5129 -1.42473 -9999 -9999 -9999 -9999 -9999 -9999 -9999 -9999 -9999 -9999 -9999 -9999 -9999 -9999 0.697892 -0.814575 -3.84947 -5.41522 -6.36315 -7.70809 -9999 -9999
-9999 -9999 -9999 -9999 4.8919 5.96625 6.68957 7.33027 7.42072 8.07953 8.36524 8.49585 8.4632 8.38187 8.27297 7.6531 7.37621 6.44712 7.30045 7.24899 7.00999 6.11845 5.722 4.20509 3.52828 3.37564 4.62059 3.67286 1.71137 -0.736732 -3.66858 -3.8685 -4.85207 -6.64314 -9999 -9999 -9999 -9999 -9999 -9999 -2.20902 -1.23311 -0.421643 -0.319406 -1.51532 0.109155 0.0310794 -0.908174 -1.13696 -0.40363 -0.0422326 -0.343597 0.538063 0.780016 0.352264 0.776133 -9999 -9999 -9999 -9999 0.936346 0.976562 1.00212 0.36033 -2.95317 -5.2229 -7.26362 -7.47512 -9999 -9999
-9999 -9999 -9999 -9999 5.6437 6.29983 6.62488 6.666 7.24034 7.81523 8.16931 8.42044 8.35178 8.31416 8.27457 8.05103 7.55409 7.62191 7.56445 7.2661 5.58486 3.62588 4.45356 3.28263 0.80838 2.79789 3.88278 2.81117 0.43778 -2.31177 -3.21574 -3.18859 -4.55001 -6.29889 -9999 -9999 -9999 -4.8767 -3.4712 -3.36585 -2.96473 -1.6572 -0.66709 0.0764376 0.575395 0.548466 -0.0212808 -0.940627 -1.9385 -1.61075 0.126721 0.534274 0.880415 1.13162 0.732655 0.902738 1.35158 1.57345 1.60189 1.4707 1.42506 1.4433 1.36708 0.766711 -2.19398 -3.90029 -4.99675 -7.19641 -9999 -9999
-9999 -9999 -9999 -9999 5.22769 5.79679 6.25534 7.02099 7.09056 7.57353 7.85583 8.28442 8.31843 7.78988 8.19665 8.12441 8.02705 7.84032 7.57506 6.15246 4.19904 2.2411 1.3275 1.69862 0.198379 0.945617 2.04513 1.62246 0.160339 -2.29077 -2.64932 -3.22588 -5.49926 -7.69358 -9999 -9999 -7.62263 -4.90889 -3.00378 -2.03028 -1.74183 -1.73137 -0.479244 -0.398637 0.950725 0.618082 -1.21503 -1.03163 -1.75378 -1.31839 -0.700813 -0.545075 0.363625 1.23714 1.38401 1.36639 1.64436 1.68477 1.6798 1.65149 1.42829 1.50108 1.49534 1.11352 -1.04118 -2.10262 -3.27316 -7.17794 -9999 -9999
-9999 -9999 -9999 -9999 5.52587 6.16422 6.86479 6.96695 7.48251 7.40855 7.2463 7.97018 8.22905 7.85118 7.57384 8.03607 7.98433 7.90153 7.77711 6.43875 4.89311 2.56352 1.10927 0.219856 -0.42044 -1.26779 -0.71086 -0.901563 -1.15164 -0.896637 -1.58076 -2.92737 -4.26749 -6.75857 -8.11635 -9999 -7.47716 -6.26277 -3.99363 -2.06829 -0.853208 -1.31639 0.109792 0.358467 1.17882 0.669971 -0.45202 -0.950467 -1.0132 -1.17831 -0.225524 0.410247 0.853225 1.14041 1.50588 1.58206 1.65891 1.67882 1.68035 1.6825 1.65733 1.62965 1.56652 1.41053 0.408875 -0.652902 -2.9192 -7.0545 -9999 -9999
-9999 -9999 -9999 3.63151 5.44806 6.52851 6.93882 7.23132 7.48749 7.66905 7.86152 8.03423 8.15177 8.08229 7.10719 7.16747 7.32088 7.84528 7.78666 7.6475 6.79329 3.96258 2.97705 1.53978 -0.315709 -1.09894 -0.73044 0.761617 0.679512 -0.333222 -1.46017 -3.00875 -4.0022 -5.53816 -8.47004 -8.22554 -6.92981 -5.97076 -4.43482 -2.07731 -0.430655 0.293175 0.554258 1.12467 1.40992 0.714105 0.0521355 -0.237175 -0.755513 -0.846487 -0.863544 -0.29619 0.14337 1.14483 1.46678 1.604 1.6628 1.68489 1.69556 1.70608 1.69671 1.6572 1.63837 1.61037 1.51621 0.112326 -3.37742 -6.016 -9999 -9999
-9999 -9999 -9999 -9999 5.10755 5.57574 5.68884 5.89635 6.3345 6.84137 7.56613 7.64668 8.03753 8.01739 7.17664 6.20503 7.01669 7.32697 7.64892 7.63897 7.51148 5.13231 3.87824 2.88776 1.108 1.72922 2.318 2.34901 1.96998 -0.184381 -2.33003 -4.7984 -7.10967 -7.23552 -8.48724 -7.84944 -6.99978 -4.79002 -3.24091 -2.6245 -2.18751 0.208834 0.820408 1.01329 1.61154 0.747641 0.510978 -0.143689 0.0240041 -0.0522072 -0.0692922 -1.84606 -0.103535 -0.0203966 1.10639 1.60258 1.69959 1.71063 1.72411 1.70939 1.69612 1.67108 1.66291 1.62434 1.57933 0.658199 -3.75263 -5.98789 -9999 -9999
-9999 -9999 -9999 -9999 -9999 -9999 5.23274 5.58724 5.80982 6.20399 7.4394 7.76123 7.96944 7.97242 7.58727 6.62512 6.3575 6.51072 5.56951 6.31979 7.35564 7.31047 7.16441 5.07011 3.99234 5.00527 4.67739 3.10144 1.85838 0.63154 -1.87783 -3.71533 -6.36173 -8.35336 -8.44437 -6.28123 -4.48741 -2.25116 -1.27548 -1.86163 -1.26807 -0.0879366 1.25505 1.89387 1.71799 0.80818 0.660514 -0.337916 0.602063 0.663589 0.1961 -0.210702 -0.0759952 0.470858 0.666682 1.54394 1.74091 1.75988 1.74643 1.73009 1.7064 1.68153 1.64738 1.61649 1.58197 1.51901 -3.01465 -6.55592 -9999 -9999
-9999 -9999 -9999 -9999 -9999 -9999 4.36477 4.57599 5.15103 6.64705 7.42425 7.72903 7.70303 7.83447 7.55771 6.70891 5.83722 5.01331 3.9565 4.52989 6.07954 6.98572 7.07275 5.23482 6.16693 5.79653 5.08224 3.02581 1.50679 0.694982 -1.71455 -3.77632 -5.54198 -7.97463 -6.95733 -5.836 -4.39159 -1.94957 -0.308885 0.353071 -0.239182 0.50784 2.05612 2.04437 1.16586 1.20106 0.655179 -0.701742 0.668345 1.03902 0.702897 0.764195 0.627462 0.818063 1.18248 1.53036 1.75501 1.76794 1.75186 1.72379 1.70348 1.68304 1.64454 1.62422 1.5894 1.54376 -1.39096 -6.62646 -9999 -9999
-9999 -9999 -9999 -9999 -9999 -9999 -9999 3.56266 4.89078 6.88079 7.36477 7.30488 7.70307 7.72242 7.3066 6.94239 5.88822 4.45434 1.71797 2.39039 3.81537 5.87923 6.95569 6.79071 6.16648 5.0931 2.51863 0.264167 -0.0220753 -0.402773 -2.16499 -3.75521 -5.71647 -4.60467 -3.38592 -2.05175 -1.35967 -1.56275 -0.1596 0.980327 0.467741 1.38859 2.46607 1.9475 1.63233 1.36449 0.737127 0.679774 0.722117 1.49135 0.924384 1.2399 1.2294 1.19003 1.35694 1.55232 1.75875 1.77581 1.75628 1.74 1.69336 1.68182 1.64751 1.61285 1.57877 1.53613 1.24935 -1.58569 -3.2858 -9999
-9999 -9999 -9999 -9999 -9999 -9999 -9999 2.32422 2.98 5.33894 6.058 7.09133 7.63216 7.64124 6.95098 6.55786 4.99664 4.47665 1.94409 0.78703 1.73347 1.34535 4.19504 6.7154 6.14788 1.01001 -0.860313 -2.19821 -1.87257 -1.8834 -2.38403 -5.08389 -5.84045 -3.4479 -1.94787 -0.79004 0.0833514 0.250349 0.200229 1.9943 2.21551 2.78443 2.6356 2.66944 1.73272 1.14512 1.61665 1.02472 0.906472 1.70186 0.877954 1.5846 1.48007 1.24169 1.21025 1.66909 1.74614 1.77731 1.75983 1.72121 1.67655 1.64214 1.63625 1.60707 1.55807 1.53649 1.4871 1.12121 -0.354223 -0.885867
-9999 -9999 -9999 -9999 -9999 -9999 -9999 -9999 0.765863 4.04904 5.54139 6.31763 7.41596 7.53352 7.16009 6.49233 4.90179 3.50056 1.23469 -1.35011 -2.72754 1.32125 4.84338 6.67392 6.41598 2.13652 0.438649 0.345943 1.32267 0.472222 -0.176161 -2.23035 -2.85639 -3.72109 -3.21425 -1.5921 -0.273862 0.997654 1.91625 1.97263 2.56056 2.89098 2.89886 2.98748 2.85887 2.75012 1.84268 2.43243 1.89377 2.14835 1.95117 1.77141 1.61543 1.08975 1.42717 1.72382 1.78559 1.78842 1.74983 1.72534 1.69122 1.64008 1.60602 1.58184 1.55623 1.51696 1.4933 1.44498 1.25761 0.36026
-9999 -9999 -9999 -9999 -9999 -9999 -9999 -9999 -0.882979 2.38361 3.95026 5.96973 7.00472 7.41185 7.33711 6.79241 5.57928 3.76301 2.24678 -0.636307 -3.62887 0.619166 4.40745 6.44265 6.53516 2.93753 3.91573 3.09805 3.40744 1.92322 1.29828 0.805203 -0.265535 -1.43546 -2.71173 -3.39922 -0.414253 1.10895 2.33033 2.89522 3.20511 3.34884 3.23955 2.99545 1.64076 2.63652 2.55842 2.43622 2.29943 2.2228 2.09732 1.95333 1.86174 1.81576 1.46019 1.8193 1.78755 1.7734 1.75548 1.72527 1.68538 1.64715 1.60428 1.58205 1.54822 1.51195 1.47942 1.44199 1.40648 1.334
-9999 -9999 -9999 -9999 -9999 -9999 -9999 -9999 -5.495 -0.736677 3.09123 5.07776 6.69091 7.12064 7.26923 6.545 5.99833 4.69101 3.4521 1.55144 -1.28569 -3.03932 0.135889 4.76441 6.46514 6.3168 6.19419 5.25081 4.39941 4.27905 4.32723 3.34312 1.91339 0.042668 -0.556026 -1.22352 0.994981 1.27936 1.0962 3.53526 3.5199 3.35866 2.39585 1.32208 1.50016 0.831595 1.30704 0.50854 1.2025 1.7998 2.01027 1.97108 1.87078 1.83803 1.78138 1.82237 1.80201 1.77187 1.74381 1.71896 1.68861 1.63817 1.59939 1.58655 1.54404 1.50551 1.47115 1.43633 1.40639 1.34649
-9999 -9999 -9999 -9999 -9999 -9999 -9999 -9999 -5.28461 -1.28402 2.10467 4.13012 6.07586 6.51303 7.15686 6.99472 6.42311 5.28429 3.86642 2.29889 -0.137711 -1.95309 0.166661 3.23022 5.42211 6.19903 6.17982 6.11113 5.88586 5.78976 5.52988 5.34488 4.31069 2.5386 1.53164 0.0655735 2.53991 2.80037 2.3905 3.61417 3.53069 1.62771 0.159287 -0.0429102 0.8195 -0.0417479 -0.214056 -0.751987 -0.182275 1.37988 0.894065 0.965314 1.66486 1.76316 1.81177 1.81276 1.78829 1.76517 1.73291 1.71417 1.69476 1.64478 1.60924 1.5797 1.52882 1.50034 1.45728 1.40965 1.37733 1.33404
-9999 -9999 -9999 -9999 -9999 -9999 -9999 -9999 -5.19956 -2.51869 0.528752 3.51891 5.59782 6.42514 7.02214 6.99641 6.33515 5.7594 4.86345 3.48214 2.52899 0.888301 -1.3562 2.35908 3.48258 4.48913 4.90862 5.95766 5.91584 5.41211 4.83808 5.34696 5.1705 3.76713 3.2935 2.50568 3.87335 3.85714 3.79862 3.7037 2.09311 -0.137728 -1.92539 -0.67632 -0.963678 -0.400101 -2.23208 -0.769689 0.405869 0.773266 -0.05299 -0.676656 1.1714 1.45192 1.61612 1.71432 1.77206 1.73353 1.73242 1.70081 1.67415 1.64633 1.60793 1.57529 1.53568 1.49537 1.45572 1.41007 1.36421 1.30478
-9999 -9999 -9999 -9999 -9999 -9999 -9999 -9999 -9999 -4.10884 -0.242161 3.20816 5.12061 6.31607 6.88847 6.85837 6.51072 6.11352 5.55068 4.54894 3.29571 1.32648 -0.139719 0.762226 1.86222 1.9733 2.70283 4.85008 5.5729 4.50899 1.90772 3.41443 5.10199 5.05658 4.89303 4.71182 4.4859 4.27859 3.8478 2.72718 -0.66388 -1.34992 -2.69356 -2.5651 -3.26516 -1.8039 -2.38237 -0.882232 -0.244052 -0.01606 -1.44369 -1.16419 0.459411 1.09414 0.966047 1.34834 1.71763 1.71033 1.70113 1.6706 1.65775 1.63917 1.61063 1.56468 1.52849 1.49537 1.43984 1.40855 1.2587 1.15321
-9999 -9999 -9999 -9999 -9999 -9999 -9999 -9999 -9999 -4.88436 -1.0253 3.04112 4.3339 5.62409 6.73485 6.73754 6.21653 5.72017 5.20963 4.63125 3.11502 1.64444 0.239921 -0.243214 0.0186423 -0.0238717 1.16623 3.96822 4.49723 4.24765 1.52605 0.592716 2.85262 4.74884 4.88117 4.68885 2.41693 2.87724 1.64201 -0.0265717 -0.500909 -1.24336 -2.78915 -2.07681 -3.21503 -2.75785 -2.90853 -2.06612 -1.66614 -0.659585 -1.90651 -1.91911 -0.32644 0.472475 0.473366 1.31316 1.6 1.66056 1.66073 1.65475 1.63748 1.62951 1.59962 1.56457 1.52509 1.46107 1.34019 1.01514 -0.649308 -0.670778
-9999 -9999 -9999 -9999 -9999 -9999 -9999 -9999 -9999 -4.43872 -1.76665 1.83922 4.50515 4.65474 5.94081 6.5953 6.03044 5.39696 4.74942 4.45582 2.8072 0.998323 -0.466482 -2.19678 -1.93251 -0.720708 1.26897 3.07257 3.38096 2.98738 1.52065 2.18753 3.72269 4.5291 4.75365 4.54321 4.03328 3.73016 2.81526 2.40707 1.14352 -0.820817 -1.60742 -1.14391 -3.22849 -3.10572 -2.36415 -3.19713 -1.88215 -1.26365 -2.86797 -1.63869 -0.223684 0.49007 1.11177 1.39568 1.49694 1.66263 1.64734 1.64242 1.62997 1.60587 1.58394 1.53162 1.48413 1.28821 1.00993 -0.532722 -1.20104 -1.10008
-9999 -9999 -9999 -9999 -9999 -9999 -9999 -9999 -9999 -3.98278 -1.57914 1.54466 3.43978 3.76301 5.19123 6.45905 6.29594 5.63757 5.42381 4.74245 3.34127 1.79574 0.108365 -0.721247 -2.60467 -0.786183 0.644791 2.16914 2.87294 1.665 1.04843 2.08938 3.12402 3.52597 4.57075 4.54152 4.17548 2.66126 1.91252 2.20032 1.86669 1.29761 -0.0611071 -0.14183 -1.0224 -1.39961 -1.75707 -2.87199 -2.19651 -2.14776 -1.98939 -0.499352 0.22709 0.702035 1.13234 1.23054 1.40632 1.64028 1.64227 1.63069 1.60849 1.5918 1.55129 1.45683 1.37343 1.00261 0.363482 -0.809427 -2.70851 -1.41766
-9999 -9999 -9999 -9999 -9999 -9999 -9999 -9999 -9999 -4.39793 -1.8437 0.823047 1.92672 2.09798 4.69835 6.28305 6.26641 5.9441 5.57099 3.91563 3.99274 3.64668 2.1225 -0.0890092 -2.51591 -2.30834 -0.890488 1.12223 1.77813 -0.20882 -0.923458 -0.430119 1.14349 2.54999 4.01924 4.37797 3.92176 1.57552 -0.916813 0.209652 1.41443 1.38698 1.00666 -0.254987 -0.670055 -1.04786 -1.97424 -3.52997 -3.32622 -2.92102 -1.2368 -0.715759 0.100877 0.775755 0.493069 0.626053 1.27097 1.63223 1.62599 1.61193 1.60334 1.57311 1.52854 1.36252 1.18775 0.909371 -0.720157 -1.74206 -3.22914 -1.56312
-9999 -9999 -9999 -9999 -9999 -9999 -9999 -9999 -9999 -5.1968 -3.34881 -0.801021 0.214104 1.84493 4.30107 5.49918 6.06338 6.03109 5.77586 5.02392 4.56427 3.67715 2.09208 -0.0682492 -2.46749 -4.03587 -3.26669 -0.54973 0.0762996 -1.7542 -2.69696 -1.56541 0.112511 2.60607 4.0224 4.19673 4.04718 3.54756 1.72245 -0.478661 -0.491664 0.581564 -0.354389 -1.439 -0.874961 -1.00434 -1.91929 -2.59059 -3.01029 -2.79368 -1.83697 -1.45432 -0.507979 0.898896 1.08263 1.02141 1.60183 1.61117 1.60435 1.60601 1.58405 1.55704 1.51726 1.37793 1.09282 0.000907857 -0.954285 -2.27445 -2.45753 -0.987932
-9999 -9999 -9999 -9999 -9999 -9999 -9999 -9999 -9999 -6.57053 -4.39324 -2.00808 0.223988 2.33468 4.14853 4.27055 5.21795 5.19714 5.6843 5.51972 4.82116 4.07079 2.70223 -0.0678429 -2.40011 -4.94188 -4.29581 -1.51938 -1.17785 -2.41426 -4.68229 -2.37965 0.161622 2.46289 3.69959 2.69492 3.68445 3.58153 2.88504 1.56649 -0.472547 -0.454935 -1.98841 -2.07508 -1.31912 -1.088 -1.23855 -1.74778 -2.54987 -2.44754 -1.87515 -1.74561 -0.877921 0.208485 1.27023 1.43118 1.61674 1.60465 1.58699 1.58274 1.56363 1.5196 1.44256 1.29795 0.379278 -0.709279 -1.38856 -2.31514 -2.44744 -0.743533
