Test_Spring_2018/01_18/Temp/20180108_004.txt
ncols	170
nrows	115
xllcorner	350000.000000
yllcorner	4445000.000000
cellsize	1000.000000
nodata_value	-9999.000000
[rows 32 to 63 of 115, columns 71 to 141 of 170]
8.27358 8.2405 7.90185 8.39478 8.84797 8.56676 8.38122 9.13957 9.12935 8.85832 8.23551 8.00003 7.75604 7.60202 6.80524 4.59032 2.59247 3.64535 3.65938 2.91248 4.22166 3.51435 1.686 -0.890586 0.496089 0.124473 -1.67578 -2.13028 -9999 -9999 -9999 -9999 -9999 -9999 -9999 -9999 -9999 -9999 -9999 -9999 -9999 -9999 -9999 -9999 -9999 -9999 -9999 -9999 -9999 -9999 -9999 -9999 -9999 -9999 -9999 -9999 -9999 -9999 -9999 -9999 -9999 -9999 -9999 -9999 -9999 -9999 -9999 -9999 -9999 -9999 -9999
7.98398 7.80061 7.6482 8.38647 8.35917 8.31545 8.58765 9.05652 9.1408 9.02872 8.75104 8.50901 8.25204 7.61689 6.70712 4.80993 2.53757 2.01346 3.10888 3.15114 3.31849 2.673 1.86523 0.607408 1.62094 2.00941 0.819042 -0.738952 -1.74133 -9999 -9999 -9999 -9999 -9999 -9999 -9999 -9999 -9999 -9999 -9999 -9999 -9999 -9999 -9999 -9999 -9999 -9999 -9999 -9999 -9999 -9999 -9999 -9999 -9999 -9999 -9999 -9999 -9999 -9999 -9999 -9999 -9999 -9999 -9999 -9999 -9999 -9999 -9999 -9999 -9999 -9999
7.54736 7.27598 6.53641 6.97667 7.30452 7.94823 8.106 8.19012 9.07456 9.01673 8.96462 8.57171 8.2551 7.73763 6.86161 5.61916 4.12561 1.53364 3.11387 4.34914 4.3068 4.22852 3.65974 2.45098 3.4456 3.48407 1.9647 0.24363 -0.788709 -1.22119 -9999 -9999 -9999 -9999 -9999 -9999 -9999 -9999 -9999 -9999 -9999 -9999 -9999 -9999 -9999 -9999 -9999 -9999 -9999 -9999 -9999 -9999 -9999 -9999 -9999 -9999 -9999 -9999 -9999 -9999 -9999 -9999 -9999 -9999 -9999 -9999 -9999 -9999 -9999 -9999 -9999
6.94125 6.67958 5.779 6.22214 6.8176 7.67678 8.12634 8.45405 8.71143 8.97389 8.93099 8.52908 7.3631 7.18685 7.12545 6.30882 4.60765 2.90883 2.46061 4.3507 4.88436 4.7635 5.17837 4.15308 4.62443 4.41898 3.87356 2.21667 0.696637 0.0563478 -1.20039 -9999 -9999 -9999 -9999 -9999 -9999 -9999 -9999 -9999 -9999 -9999 -9999 -9999 -9999 -9999 -9999 -9999 -9999 -9999 -9999 -9999 -9999 -9999 -9999 -9999 -9999 -9999 -9999 -9999 -9999 -9999 -9999 -9999 -9999 -9999 -9999 -9999 -9999 -9999 -9999
-9999 -9999 -9999 5.20447 6.03297 6.70977 7.55002 8.26253 8.61472 8.95627 8.91731 8.12482 7.73133 7.6865 7.14739 6.2063 5.6114 4.53753 3.41943 3.83151 5.44214 4.71115 5.85009 5.74384 5.94617 5.17006 3.72225 1.78432 0.656349 0.082717 -0.937355 -9999 -9999 -9999 -9999 -9999 -9999 -9999 -9999 -9999 -9999 -9999 -9999 -9999 -9999 -9999 -9999 -9999 -9999 -9999 -9999 -9999 -9999 -9999 -9999 -9999 -9999 -9999 -9999 -9999 -9999 -9999 -9999 -9999 -9999 -9999 -9999 -9999 -9999 -9999 -9999
-9999 -9999 -9999 -9999 5.87768 6.39175 7.50144 8.08269 8.30793 8.86525 8.85594 8.54892 8.3141 7.97816 7.54274 6.83239 6.04996 5.03917 4.93549 5.96162 5.96409 5.73762 5.89854 6.42244 6.27356 5.08151 3.03392 1.94222 -0.242106 -1.1941 -1.10659 -1.78486 -9999 -9999 -9999 -9999 -9999 -9999 -9999 -9999 -9999 -9999 -9999 -9999 0.612344 -9999 -9999 -9999 -9999 -9999 -9999 -9999 -9999 -9999 -9999 -9999 -9999 -9999 -9999 -9999 -9999 -9999 -9999 -9999 -9999 -3.68604 -9999 -9999 -9999 -9999 -9999
-9999 -9999 -9999 5.77002 6.47312 7.00813 7.70054 7.77118 8.17944 8.82194 8.82093 8.59995 8.35125 7.80601 7.66186 7.25218 6.40344 6.22055 6.54842 6.69381 6.86063 6.96002 6.86249 6.63822 6.35136 5.59141 4.63288 3.98717 1.97931 0.967381 -0.0149032 -1.49772 -2.66039 -9999 -9999 -9999 -9999 -9999 -9999 -9999 -0.105016 -0.17352 -0.161236 0.147989 1.02617 0.487727 -9999 -9999 -9999 -9999 -9999 -9999 -9999 -9999 -9999 -9999 -9999 -9999 -9999 -9999 -9999 -9999 -9999 -9999 -9999 -2.8904 -4.06368 -9999 -9999 -9999 -9999
-9999 -9999 -9999 5.96769 6.69458 7.05332 7.72617 8.10714 8.36493 8.58131 8.78704 8.73968 8.46548 8.05399 8.04431 7.48146 7.17239 6.9485 7.39579 7.47559 7.28133 7.04102 6.82816 6.24279 6.16859 5.98664 5.37632 4.37871 3.35076 1.89268 -0.115891 -2.08652 -3.67849 -9999 -9999 -9999 -9999 -9999 -9999 0.073197 0.800458 1.23039 0.272079 1.06429 1.78705 1.65476 0.933385 -9999 -9999 -9999 -9999 -9999 -9999 -9999 -9999 -9999 -9999 -9999 -9999 -9999 -9999 2.65138 1.44889 -0.966769 -2.21092 -2.9623 -4.02993 -9999 -9999 -9999 -9999
-9999 -9999 -9999 5.81589 6.67678 7.25749 7.77187 7.84712 8.37428 8.60857 8.7143 8.6895 8.62565 8.53974 8.04664 7.82724 7.08839 7.77097 7.73296 7.54615 6.83985 6.52885 5.32524 4.79178 4.6796 5.67886 4.9303 3.37356 1.42872 -0.894608 -1.04449 -1.82377 -3.24732 -9999 -9999 -9999 -9999 -9999 -9999 0.301582 1.08002 1.72721 1.80895 0.855816 2.15093 2.09342 1.34523 1.16337 1.74842 2.03693 1.80342 2.51238 2.70495 2.36365 2.70128 -9999 -9999 -9999 -9999 2.8323 2.86655 2.8897 2.38146 -0.256008 -2.061 -3.68309 -3.84408 -9999 -9999 -9999 -9999
-9999 -9999 -9999 6.4112 6.93916 7.20276 7.23948 7.70063 8.16086 8.44931 8.64825 8.59463 8.56545 8.5346 8.35719 7.96213 8.01773 7.97407 7.73909 6.40251 4.84528 5.51012 4.58619 2.62039 4.21656 5.08903 4.24255 2.35829 0.173972 -0.532409 -0.501085 -1.58108 -2.96946 -9999 -9999 -9999 -1.82477 -0.703073 -0.618212 -0.297928 0.744642 1.534 2.12591 2.52355 2.50249 2.05206 1.31951 0.524355 0.78587 2.17109 2.49609 2.78334 2.98291 2.66415 2.79768 3.15511 3.33191 3.35492 3.2512 3.21628 3.23292 3.17491 2.69969 0.345443 -1.01006 -1.87902 -3.61727 -9999 -9999 -9999 -9999
-9999 -9999 -9999 6.07438 6.5332 6.90343 7.51749 7.57636 7.96408 8.19052 8.53722 8.56523 8.14443 8.46906 8.41194 8.3351 8.18755 7.97809 6.8469 5.29343 3.73725 3.01438 3.31577 2.1269 2.73307 3.61759 3.29427 2.14028 0.19434 -0.0839458 -0.530495 -2.33434 -4.07881 -9999 -9999 -4.01264 -1.84761 -0.327757 0.448951 0.679175 0.687518 1.68547 1.74944 2.82476 2.55978 1.10169 1.248 0.671595 1.0187 1.50956 1.63366 2.36267 3.06326 3.17939 3.16445 3.38532 3.41715 3.41328 3.39139 3.21484 3.27496 3.27323 2.97243 1.25903 0.417665 -0.508612 -3.60848 -9999 -9999 -9999 -9999
-9999 -9999 -9999 6.30746 6.82163 7.38491 7.47059 7.88514 7.83089 7.70297 8.28155 8.49164 8.19068 7.96966 8.33825 8.29747 8.2325 8.13513 7.07101 5.84265 3.99038 2.83684 2.13379 1.63094 0.970298 1.42295 1.27977 1.08926 1.30122 0.769681 -0.290418 -1.35245 -3.33092 -4.40907 -9999 -3.8937 -2.92392 -1.11403 0.421228 1.38987 1.02037 2.15677 2.35443 3.00824 2.60204 1.7104 1.31159 1.26143 1.12965 1.88895 2.39466 2.75186 2.97976 3.27425 3.33373 3.39394 3.40912 3.41018 3.41239 3.3936 3.37364 3.32626 3.20567 2.41168 1.57151 -0.229236 -3.51265 -9999 -9999 -9999 -9999
-9999 -9999 4.78335 6.2429 7.10986 7.44208 7.67976 7.88775 8.03552 8.19052 8.33131 8.42585 8.37282 7.5953 7.64317 7.76562 8.18441 8.1393 8.031 7.35381 5.10219 4.32179 3.18671 1.71592 1.10309 1.40623 2.60518 2.54932 1.75146 0.862239 -0.358544 -1.13839 -2.35705 -4.68823 -4.48988 -3.45446 -2.68829 -1.46301 0.416543 1.72896 2.30542 2.51279 2.96705 3.1936 2.63696 2.11147 1.88048 1.46696 1.3941 1.38013 1.83194 2.18573 2.98212 3.23753 3.34887 3.39439 3.41103 3.41914 3.42785 3.42156 3.39216 3.38018 3.36178 3.29212 2.17864 -0.598376 -2.68907 -9999 -9999 -9999 -9999
-9999 -9999 -9999 5.96942 6.34863 6.44421 6.61436 6.9676 7.37481 7.95422 8.02018 8.33279 8.31798 7.64889 6.87394 7.52084 7.76872 8.02678 8.02136 7.92342 6.03358 5.04058 4.25883 2.84885 3.35604 3.83537 3.8703 3.57839 1.87115 0.170542 -1.78311 -3.61771 -3.71119 -4.70034 -4.18744 -3.5076 -1.7445 -0.508852 -0.0173819 0.330538 2.23999 2.72683 2.87869 3.35436 2.66453 2.47772 1.95532 2.0885 2.02726 2.01311 0.596167 1.98817 2.05295 2.94966 3.34334 3.42153 3.42913 3.43928 3.42772 3.41825 3.40037 3.39694 3.37058 3.33916 2.61045 -0.899481 -2.66855 -9999 -9999 -9999 -9999
-9999 -9999 -9999 -9999 -9999 6.07952 6.36701 6.54856 6.86605 7.85262 8.11097 8.278 8.28083 7.97385 7.20751 6.99389 7.11638 6.36736 6.96876 7.79825 7.76772 7.65812 5.99669 5.14897 5.9664 5.71548 4.46992 3.48977 2.52243 0.532393 -0.918075 -3.01942 -4.59985 -4.66639 -2.93734 -1.50274 0.28142 1.05986 0.59257 1.06513 2.00469 3.07393 3.58174 3.44011 2.71351 2.59736 1.80079 2.54946 2.5979 2.2246 1.8996 2.00961 2.4439 2.59834 3.29608 3.45175 3.46664 3.45519 3.44224 3.42438 3.4066 3.38245 3.36191 3.33935 3.29489 -0.312757 -3.12284 -9999 -9999 -9999 -9999
-9999 -9999 -9999 -9999 -9999 5.38685 5.56022 6.02282 7.21874 7.84015 8.085 8.06539 8.17065 7.95007 7.27331 6.5785 5.92197 5.08086 5.54052 6.77984 7.50767 7.58393 6.12697 6.88154 6.5965 6.03783 4.40955 3.20975 2.57357 0.663466 -0.965593 -2.36458 -4.29634 -3.47923 -2.58054 -1.42571 0.523248 1.83172 2.35919 1.88637 2.48067 3.71343 3.70251 3.00065 3.02723 2.59347 1.51103 2.60248 2.89726 2.62861 2.67669 2.57012 2.72033 3.00909 3.28476 3.46242 3.47167 3.45849 3.43613 3.42091 3.40661 3.37899 3.36686 3.3441 3.31349 0.980501 -3.18011 -9999 -9999 -9999 -9999
-9999 -9999 -9999 -9999 -9999 -9999 4.75198 5.81493 7.40469 7.79243 7.7467 8.06535 8.08136 7.75003 7.45961 6.61924 5.47653 3.2965 3.83504 4.97491 6.62552 7.49045 7.36705 6.88099 6.03561 3.99416 2.20811 1.99111 1.69871 0.304737 -0.948343 -2.50314 -1.60938 -0.631601 0.436809 0.991951 0.832105 1.95133 2.85985 2.45046 3.18329 4.04071 3.62573 3.37289 3.15784 2.65905 2.61252 2.64551 3.25797 2.80527 3.05598 3.04998 3.01685 3.14817 3.30227 3.4654 3.47795 3.46183 3.44892 3.41268 3.40545 3.3811 3.35748 3.33523 3.30695 3.0847 0.837547 -0.509791 -9999 -9999 -9999
-9999 -9999 -9999 -9999 -9999 -9999 3.76446 4.29143 6.17531 6.75049 7.57633 8.00884 8.01683 7.4669 7.15413 5.90934 5.49516 3.47741 2.55801 3.31635 3.01228 5.29058 7.30763 6.86665 2.78113 1.30083 0.245271 0.515907 0.518239 0.129835 -2.00782 -2.60235 -0.687686 0.514285 1.44211 2.14178 2.27693 2.23773 3.66744 3.8436 4.29594 4.17587 4.20127 3.453 2.98308 3.36032 2.88764 2.79263 3.42595 2.76844 3.33097 3.25008 3.05839 3.03165 3.39585 3.45592 3.47978 3.46533 3.43465 3.39985 3.37456 3.37277 3.35339 3.31908 3.30741 3.27422 2.99524 1.82684 1.41082 1.84695 -9999
-9999 -9999 -9999 -9999 -9999 -9999 -9999 2.52618 5.14679 6.3384 6.95942 7.83651 7.9312 7.63501 7.10274 5.83497 4.7185 2.91347 0.855128 -0.237783 2.99485 5.80897 7.27586 7.08143 3.67984 2.33667 2.27338 3.0627 2.39542 1.88893 0.265832 -0.224867 -0.906868 -0.496736 0.801309 1.85527 2.87097 3.60406 3.64871 4.11616 4.38033 4.3853 4.4545 4.35051 4.26239 3.54054 4.0099 3.5798 3.78206 3.6242 3.48019 3.35852 2.93792 3.20536 3.44041 3.48844 3.4898 3.45864 3.43927 3.41288 3.37365 3.3501 3.3345 3.31861 3.29256 3.27959 3.25361 3.11169 2.40388 1.46059 0.272145
-9999 -9999 -9999 -9999 -9999 -9999 -9999 1.21158 3.8189 5.0697 6.68186 7.50753 7.8361 7.77706 7.3432 6.37659 4.92952 3.72225 1.42623 -0.956041 2.43577 5.46363 7.09332 7.17541 4.31939 5.10894 4.46724 4.7241 3.55113 3.06286 2.68398 1.83845 0.912874 -0.0984309 -0.642236 1.74065 2.95702 3.93159 4.38178 4.62784 4.7408 4.65506 4.46025 3.37906 4.17154 4.11104 4.01297 3.90329 3.84161 3.741 3.62561 3.55558 3.51755 3.23276 3.51801 3.4914 3.47942 3.46485 3.44101 3.41005 3.38107 3.34908 3.33381 3.31368 3.28968 3.26926 3.2518 3.23051 3.17985 2.98285 1.39076
-9999 -9999 -9999 -9999 -9999 -9999 -9999 -2.46508 1.33126 4.38266 5.96897 7.26083 7.60462 7.72394 7.14734 6.71233 5.67127 4.68529 3.17254 0.91419 -0.479433 2.05879 5.75512 7.12124 7.01435 6.92581 6.1833 5.51424 5.42787 5.47559 4.705 3.57276 2.08835 1.61626 1.08872 2.86055 3.08945 2.94454 4.88896 4.87605 4.74625 3.9771 3.12402 3.26455 2.73234 3.1134 2.47633 3.029 3.50464 3.67193 3.6402 3.56363 3.53683 3.49043 3.52162 3.50457 3.48003 3.45752 3.43804 3.41472 3.37596 3.34712 3.33958 3.30851 3.28176 3.26356 3.24801 3.23066 3.18955 3.15132 2.8961
-9999 -9999 -9999 -9999 -9999 -9999 -9999 -2.30001 0.8911 3.59563 5.21791 6.77088 7.12088 7.63532 7.50714 7.05261 6.1462 5.0178 3.77075 1.83171 0.388774 2.08365 4.53431 6.28888 6.91934 6.91496 6.86905 6.69845 6.62939 6.43129 6.2979 5.48085 4.07415 3.27683 2.11251 4.0882 4.29807 3.97261 4.94843 4.88156 3.36373 2.19194 2.02932 2.72113 2.03342 1.89845 1.47149 1.92523 3.17011 2.78313 2.83949 3.40104 3.47831 3.51547 3.51545 3.49534 3.47658 3.45088 3.43636 3.42178 3.38334 3.35696 3.33592 3.29842 3.27881 3.24871 3.22294 3.20769 3.17929 3.14299 3.06131
-9999 -9999 -9999 -9999 -9999 -9999 -9999 -2.23805 -0.0937103 2.33869 4.73075 6.39004 7.05131 7.52873 7.50964 6.984 6.52674 5.81464 4.71618 3.9597 2.65595 0.871691 3.83906 4.7444 5.55749 5.89731 6.74234 6.718 6.32544 5.88384 6.29702 6.16288 5.05008 4.67757 4.05371 5.14713 5.1365 5.09127 5.01625 3.73239 1.9536 0.527743 1.5224 1.29223 1.74713 0.28959 1.45557 2.39224 2.68474 2.0285 1.53105 3.00862 3.23057 3.36073 3.43843 3.48405 3.45318 3.45244 3.42775 3.4074 3.38658 3.35779 3.33407 3.30529 3.27642 3.24811 3.22387 3.19267 3.14958 3.13518 3.09576
-9999 -9999 -9999 -9999 -9999 -9999 -9999 -9999 -1.36764 1.72521 4.47849 6.00554 6.96077 7.41912 7.39705 7.12184 6.80726 6.36091 5.56512 4.56942 3.00363 1.83958 2.56405 3.45074 3.55009 4.13942 5.85922 6.44372 5.60391 3.54507 4.75344 6.10505 6.07453 5.94904 5.80864 5.63154 5.4686 5.12677 4.23436 1.53153 0.984872 -0.0866449 0.0151001 -0.543698 0.62809 0.170287 1.36579 1.87421 2.0557 0.917474 1.14586 2.4385 2.94393 2.84139 3.14584 3.44213 3.4363 3.42922 3.40545 3.39613 3.38261 3.36155 3.32499 3.29862 3.27513 3.23364 3.22133 3.10688 3.02807 2.88327 3.03353
-9999 -9999 -9999 -9999 -9999 -9999 -9999 -9999 -1.97864 1.10066 4.34501 5.37814 6.40901 7.29668 7.30099 6.88784 6.49447 6.09005 5.63192 4.42668 3.2584 2.14343 1.7636 1.9783 1.95887 2.91481 5.15595 5.58533 5.39403 3.23932 2.50179 4.30919 5.82605 5.93614 5.78672 3.97881 4.34816 3.36524 2.03629 1.6588 1.06718 -0.165126 0.402411 -0.505338 -0.141366 -0.249314 0.422004 0.740658 1.54287 0.548773 0.544668 1.81268 2.4491 2.44949 3.11875 3.34739 3.39585 3.39637 3.39223 3.37937 3.37423 3.35193 3.32588 3.29666 3.24828 3.15495 2.89872 1.58551 1.57316 1.91637 2.24101
-9999 -9999 -9999 -9999 -9999 -9999 -9999 -9999 -1.62364 0.50932 3.38649 5.51423 5.63595 6.6635 7.18756 6.73967 6.2372 5.72377 5.49282 4.18214 2.74422 1.58114 0.206994 0.423371 1.39561 2.99682 4.4416 4.6946 4.38798 3.23337 3.771 5.00028 5.64809 5.83147 5.66745 5.26405 5.02487 4.29742 3.97338 2.96703 1.40168 0.774858 1.14434 -0.517501 -0.419836 0.17108 -0.479603 0.568517 1.06146 -0.217466 0.767533 1.89506 2.46368 2.95904 3.18526 3.26604 3.39836 3.38661 3.38333 3.37429 3.35623 3.34019 3.30022 3.26442 3.11062 2.89151 1.66483 1.14499 1.22974 1.77595 2.25298
-9999 -9999 -9999 -9999 -9999 -9999 -9999 -9999 -1.26056 0.658284 3.15109 4.66435 4.92451 6.06547 7.07857 6.95109 6.42896 6.26147 5.72154 4.60821 3.38026 2.03973 1.38346 -0.112344 1.34326 2.49918 3.72099 4.28878 3.34098 2.85552 3.69099 4.52099 4.84614 5.68317 5.66349 5.37474 4.17018 3.5753 3.80621 3.54135 3.08844 2.00582 1.94172 1.23988 0.939181 0.654192 -0.220414 0.317985 0.356795 0.482173 1.67601 2.2547 2.63301 2.97585 3.05408 3.19431 3.38108 3.38311 3.37453 3.35769 3.34548 3.31452 3.24081 3.1762 2.88275 2.3757 1.44342 -0.0577021 0.975134 2.05619 2.35901
-9999 -9999 -9999 -9999 -9999 -9999 -9999 -9999 -1.59201 0.446715 2.57507 3.45738 3.59639 5.67175 6.93752 6.9269 6.67278 6.37839 5.06218 5.12735 4.85561 3.64517 1.8873 -0.0418265 0.129505 1.26992 2.88594 3.41528 1.84638 1.28249 1.68119 2.94061 4.06635 5.24162 5.53112 5.17048 3.30271 1.31801 2.21759 3.17921 3.15825 2.85572 1.85044 1.51983 1.21882 0.480435 -0.754367 -0.582486 -0.259526 1.08873 1.50362 2.15422 2.69192 2.46642 2.5724 3.0866 3.37486 3.37032 3.35973 3.3537 3.33062 3.29633 3.16545 3.02784 2.80787 1.51107 0.69887 -0.473925 0.857449 1.58945 1.95842
-9999 -9999 -9999 -9999 -9999 -9999 -9999 -9999 -2.22953 -0.75394 1.27945 2.09108 3.39351 5.35388 6.31151 6.76395 6.7411 6.54078 5.94482 5.58222 4.87926 3.62035 1.90331 -0.0037719 -1.24817 -0.628916 1.55262 2.05986 0.613756 -0.132121 0.775198 2.11766 4.10986 5.24287 5.38534 5.26915 4.87343 3.42067 1.66778 1.65876 2.51531 1.76998 0.905937 1.35592 1.25302 0.523812 -0.01123 -0.330548 -0.158846 0.6103 0.914858 1.66883 2.79002 2.9363 2.88745 3.35022 3.35791 3.35288 3.35478 3.33804 3.31746 3.28689 3.17718 2.95146 2.08281 1.32334 0.273126 0.129488 1.31398 1.81412 2.28268
-9999 -9999 -9999 -9999 -9999 -9999 -9999 -9999 -3.32549 -1.58759 0.316006 2.09757 3.78241 5.23072 5.33051 6.08843 6.07477 6.46632 6.33866 5.78572 5.19189 4.10568 1.90269 0.0490843 -1.97119 -1.45001 0.773537 1.06677 0.0870459 -1.71527 0.125568 2.15623 3.99513 4.98495 4.1876 4.97944 4.89998 4.34693 3.29762 1.67361 1.68874 0.46715 0.398652 1.00166 1.18615 1.06629 0.660429 0.0267538 0.117101 0.579757 0.68248 1.3737 2.23937 3.0855 3.21369 3.36165 3.35221 3.33849 3.33562 3.32109 3.28688 3.22654 3.11252 2.38164 1.51552 0.975818 0.239125 0.135719 1.50682 2.03076 2.31692
-9999 -9999 -9999 -9999 -9999 -9999 -9999 -9999 -9999 -1.77043 0.196172 1.64784 2.02875 3.31434 4.00247 4.53218 4.63968 6.17626 6.2496 5.89478 5.34837 4.42038 2.74624 1.57715 -0.361108 -1.75663 -1.1925 -0.923917 -0.423986 -0.584102 0.23113 2.18194 4.2143 4.42543 3.11484 3.29417 3.55233 4.14711 3.8238 1.61634 0.487028 -0.453366 0.187361 0.861932 1.0125 1.02913 0.878835 0.704415 0.438438 1.34458 2.01048 2.15121 2.72985 3.15264 3.25701 3.33162 3.32615 3.32106 3.30481 3.26287 3.22807 3.10145 2.83777 2.02214 0.083247 0.156872 -0.0672996 -0.681653 0.644817 1.47578 2.22326
-9999 -9999 -9999 -9999 -9999 -9999 -9999 -9999 -9999 -2.43342 -0.156311 0.313482 0.263432 -0.509133 -0.173543 2.62562 3.17895 4.65195 6.04651 5.9316 5.39534 4.52645 3.52534 1.98135 -0.197271 -1.92999 -2.6551 -0.806081 1.0069 1.3732 1.94455 3.13577 3.3529 2.01426 0.757611 1.44317 1.85037 3.4395 3.71748 3.39076 2.05421 0.527857 -0.27689 0.637177 0.744655 0.783352 0.777066 0.722384 0.677916 1.71127 2.2695 2.65124 2.85096 3.21114 3.29032 3.304 3.31612 3.29252 3.25648 3.18042 3.09632 2.78127 2.40333 1.07762 -0.0303732 -0.727461 -1.60805 0.323214 0.875019 1.65754 2.15377
