Test_Spring_2018/01_18/Temp/20180111_000.txt
ncols	170
nrows	115
xllcorner	350000.000000
yllcorner	4445000.000000
cellsize	1000.000000
nodata_value	-9999.000000
[rows 32 to 63 of 115, columns 72 to 143 of 170]
9.25262 8.91409 9.42608 9.89714 9.60046 9.40473 10.1812 10.1767 9.90565 9.27485 9.04062 8.7979 8.64744 7.83948 5.5806 3.54379 4.62824 4.64954 3.89199 5.23773 4.51982 2.65443 0.0229599 1.44605 1.06971 -0.794685 -1.25634 -9999 -9999 -9999 -9999 -9999 -9999 -9999 -9999 -9999 -9999 -9999 -9999 -9999 -9999 -9999 -9999 -9999 -9999 -9999 -9999 -9999 -9999 -9999 -9999 -9999 -9999 -9999 -9999 -9999 -9999 -9999 -9999 -9999 -9999 -9999 -9999 -9999 -9999 -9999 -9999 -9999 -9999 -9999 -9999 -9999
8.80648 8.65851 9.42157 9.40109 9.34738 9.61983 10.1004 10.1927 10.0844 9.80678 9.5659 9.30995 8.66723 7.74363 5.80979 3.49203 2.96286 4.0905 4.14027 4.31765 3.66295 2.84175 1.55962 2.60102 3.00252 1.77603 0.17134 -0.861666 -9999 -9999 -9999 -9999 -9999 -9999 -9999 -9999 -9999 -9999 -9999 -9999 -9999 -9999 -9999 -9999 -9999 -9999 -9999 -9999 -9999 -9999 -9999 -9999 -9999 -9999 -9999 -9999 -9999 -9999 -9999 -9999 -9999 -9999 -9999 -9999 -9999 -9999 -9999 -9999 -9999 -9999 -9999 -9999
8.27407 7.52528 7.98337 8.32625 8.96404 9.12619 9.21825 10.1293 10.0765 10.0298 9.63463 9.31773 8.79546 7.90642 6.64249 5.12155 2.47659 4.10019 5.37052 5.33328 5.25883 4.68208 3.45011 4.47213 4.51555 2.95128 1.16916 0.117521 -0.320096 -9999 -9999 -9999 -9999 -9999 -9999 -9999 -9999 -9999 -9999 -9999 -9999 -9999 -9999 -9999 -9999 -9999 -9999 -9999 -9999 -9999 -9999 -9999 -9999 -9999 -9999 -9999 -9999 -9999 -9999 -9999 -9999 -9999 -9999 -9999 -9999 -9999 -9999 -9999 -9999 -9999 -9999 -9999
7.66864 6.75495 7.21583 7.83237 8.70479 9.15218 9.49275 9.76222 10.0372 9.99993 9.59562 8.40977 8.23672 8.18125 7.35306 5.61974 3.88863 3.43678 5.37704 5.92904 5.81091 6.24046 5.19607 5.68257 5.47629 4.91979 3.20708 1.64159 0.991344 -0.289219 -9999 -9999 -9999 -9999 -9999 -9999 -9999 -9999 -9999 -9999 -9999 -9999 -9999 -9999 -9999 -9999 -9999 -9999 -9999 -9999 -9999 -9999 -9999 -9999 -9999 -9999 -9999 -9999 -9999 -9999 -9999 -9999 -9999 -9999 -9999 -9999 -9999 -9999 -9999 -9999 -9999 -9999
-9999 -9999 6.17925 7.02056 7.71582 8.56706 9.30134 9.66774 10.0236 9.99042 9.18659 8.79123 8.7528 8.20871 7.25331 6.65198 5.56036 4.42314 4.85112 6.50492 5.76239 6.93259 6.82827 7.03928 6.24887 4.75927 2.76902 1.60449 1.02228 -0.0162493 -9999 -9999 -9999 -9999 -9999 -9999 -9999 -9999 -9999 -9999 -9999 -9999 -9999 -9999 -9999 -9999 -9999 -9999 -9999 -9999 -9999 -9999 -9999 -9999 -9999 -9999 -9999 -9999 -9999 -9999 -9999 -9999 -9999 -9999 -9999 -9999 -9999 -9999 -9999 -9999 -9999 -9999
-9999 -9999 -9999 6.86607 7.39477 8.53613 9.12189 9.35828 9.93483 9.93204 9.62503 9.39218 9.0561 8.61832 7.89922 7.10619 6.07922 5.97997 7.03619 7.0445 6.81799 6.98726 7.52738 7.37867 6.15966 4.05906 2.9454 0.689083 -0.280558 -0.186101 -0.874563 -9999 -9999 -9999 -9999 -9999 -9999 -9999 -9999 -9999 -9999 -9999 -9999 1.69646 -9999 -9999 -9999 -9999 -9999 -9999 -9999 -9999 -9999 -9999 -9999 -9999 -9999 -9999 -9999 -9999 -9999 -9999 -9999 -9999 -2.4708 -9999 -9999 -9999 -9999 -9999 -9999 -9999
-9999 -9999 6.76763 7.47699 8.02979 8.74377 8.80819 9.23113 9.89477 9.90051 9.68165 9.43481 8.88483 8.74535 8.33416 7.47354 7.29384 7.63622 7.79132 7.96768 8.07435 7.97888 7.7531 7.46274 6.67697 5.69891 5.04096 2.9793 1.93406 0.933583 -0.578338 -1.76197 -9999 -9999 -9999 -9999 -9999 -9999 -9999 0.922959 0.863566 0.887065 1.21459 2.12443 1.58504 -9999 -9999 -9999 -9999 -9999 -9999 -9999 -9999 -9999 -9999 -9999 -9999 -9999 -9999 -9999 -9999 -9999 -9999 -9999 -1.64709 -2.83661 -9999 -9999 -9999 -9999 -9999 -9999
-9999 -9999 6.96003 7.7085 8.08037 8.77383 9.169 9.42506 9.65262 9.86991 9.82884 9.55616 9.14336 9.14182 8.57427 8.26615 8.04474 8.50947 8.59748 8.4043 8.16316 7.94932 7.35359 7.28023 7.08578 6.46325 5.44448 4.39488 2.88339 0.832373 -1.17903 -2.80218 -9999 -9999 -9999 -9999 -9999 -9999 1.09706 1.85192 2.30287 1.33367 2.15574 2.90697 2.78356 2.05414 -9999 -9999 -9999 -9999 -9999 -9999 -9999 -9999 -9999 -9999 -9999 -9999 -9999 -9999 3.99133 2.77126 0.309804 -0.95299 -1.71141 -2.79309 -9999 -9999 -9999 -9999 -9999 -9999
-9999 -9999 6.81037 7.69523 8.29353 8.82428 8.90615 9.45094 9.6843 9.79932 9.7815 9.72433 9.64502 9.1493 8.93359 8.18613 8.89251 8.86091 8.67619 7.95902 7.64531 6.41737 5.87419 5.75161 6.77525 6.01037 4.41863 2.43004 0.0420999 -0.116211 -0.909156 -2.36032 -9999 -9999 -9999 -9999 -9999 -9999 1.33216 2.13977 2.81341 2.90875 1.94551 3.28279 3.23285 2.48034 2.30756 2.91973 3.22875 2.99521 3.72997 3.9419 3.60749 3.96747 -9999 -9999 -9999 -9999 4.16566 4.21148 4.24542 3.7353 1.0465 -0.790503 -2.44015 -2.59103 -9999 -9999 -9999 -9999 -9999 -9999
-9999 -9999 7.42513 7.96856 8.24169 8.28306 8.75922 9.23513 9.52484 9.73815 9.69099 9.66953 9.64688 9.47458 9.07963 9.14553 9.10937 8.87673 7.51607 5.92861 6.61359 5.66711 3.65208 5.28308 6.17605 5.30999 3.38213 1.14751 0.413549 0.440731 -0.660439 -2.07375 -9999 -9999 -9999 -0.872078 0.285531 0.383011 0.721956 1.80038 2.62009 3.23512 3.6544 3.6395 3.19445 2.45838 1.65858 1.9402 3.37181 3.71886 4.01497 4.23466 3.92389 4.08172 4.46152 4.65592 4.6923 4.59829 4.57396 4.60176 4.55267 4.07639 1.67082 0.293309 -0.586126 -2.34593 -9999 -9999 -9999 -9999 -9999 -9999
-9999 -9999 7.08387 7.55605 7.93786 8.57263 8.63691 9.03838 9.27552 9.62761 9.66411 9.24224 9.5837 9.53495 9.46609 9.32462 9.11926 7.96996 6.38755 4.80115 4.06611 4.3736 3.15882 3.77665 4.68158 4.34288 3.16122 1.16991 0.88537 0.419362 -1.42907 -3.2094 -9999 -9999 -3.12091 -0.896556 0.66865 1.47434 1.72157 1.7423 2.77596 2.8543 3.96763 3.70478 2.22882 2.3924 1.81363 2.18331 2.70818 2.84982 3.60438 4.33159 4.46565 4.46526 4.70562 4.7519 4.76086 4.75058 4.58125 4.65336 4.66161 4.3635 2.61993 1.76865 0.83417 -2.32297 -9999 -9999 -9999 -9999 -9999 -9999
-9999 -9999 7.32822 7.85661 8.4356 8.52643 8.95443 8.90413 8.77838 9.3765 9.59169 9.29273 9.0763 9.4636 9.43216 9.37571 9.28547 8.20514 6.95557 5.06625 3.8904 3.17047 2.65702 1.97645 2.43897 2.29141 2.0952 2.3108 1.75852 0.664416 -0.42009 -2.4452 -3.54295 -9999 -3.00089 -1.99937 -0.137187 1.44497 2.44815 2.08281 3.25867 3.47437 4.15265 3.75073 2.85465 2.46839 2.43184 2.3118 3.10347 3.6337 4.0087 4.2576 4.57002 4.64607 4.72229 4.75168 4.76577 4.78012 4.77209 4.76208 4.7234 4.60942 3.80629 2.95908 1.12638 -2.21903 -9999 -9999 -9999 -9999 -9999 -9999
-9999 5.78132 7.26697 8.15559 8.49749 8.74325 8.95939 9.1148 9.27847 9.42881 9.53274 9.48194 8.6965 8.75612 8.89219 9.3312 9.29488 9.19286 8.50744 6.20959 5.41292 4.25161 2.74734 2.11695 2.42565 3.65037 3.59092 2.77228 1.86044 0.601601 -0.202414 -1.44646 -3.83008 -3.62065 -2.5533 -1.76003 -0.495773 1.43899 2.79434 3.39736 3.62322 4.09855 4.34424 3.79557 3.2748 3.05371 2.64584 2.58649 2.58732 3.06465 3.43679 4.26585 4.54272 4.6684 4.72975 4.76073 4.78206 4.80301 4.80767 4.78786 4.78522 4.77559 4.71593 3.58606 0.762518 -1.36236 -9999 -9999 -9999 -9999 -9999 -9999
-9999 -9999 6.99148 7.38042 7.47963 7.6558 8.02012 8.44063 9.03828 9.11179 9.43891 9.43218 8.75425 7.97238 8.64549 8.91007 9.18436 9.18793 9.0954 7.16465 6.15208 5.35391 3.91139 4.42639 4.91464 4.94756 4.64572 2.89572 1.15274 -0.85642 -2.73373 -2.82821 -3.84156 -3.31268 -2.60923 -0.795889 0.479161 0.993993 1.36291 3.33025 3.84008 4.01416 4.51621 3.82597 3.65216 3.13339 3.28531 3.23819 3.23914 1.80465 3.23959 3.32159 4.25437 4.67132 4.76355 4.78531 4.8087 4.80887 4.81018 4.80204 4.80803 4.79203 4.77447 4.03956 0.459282 -1.33664 -9999 -9999 -9999 -9999 -9999 -9999
-9999 -9999 -9999 -9999 7.10932 7.40518 7.59352 7.92197 8.93601 9.20625 9.38439 9.39581 9.09137 8.31659 8.10957 8.2462 7.49041 8.11448 8.96982 8.94387 8.83507 7.13666 6.26649 7.10112 6.84166 5.56382 4.55712 3.5634 1.52352 0.0287892 -2.12211 -3.73857 -3.80433 -2.03095 -0.558817 1.27609 2.08349 1.6176 2.11437 3.09046 4.19957 4.73474 4.60573 3.87836 3.77725 2.97838 3.76039 3.82577 3.45945 3.14233 3.26594 3.72603 3.89934 4.62794 4.80126 4.82861 4.82984 4.82852 4.8212 4.81312 4.80138 4.79102 4.77866 4.74404 1.06398 -1.79705 -9999 -9999 -9999 -9999 -9999 -9999
-9999 -9999 -9999 -9999 6.40313 6.58203 7.05776 8.28485 8.92514 9.1815 9.16866 9.28489 9.06893 8.38714 7.68726 7.02703 6.17689 6.65628 7.9316 8.68164 8.76301 7.27373 8.04284 7.74923 7.17459 5.5048 4.27294 3.61759 1.65899 -0.0187584 -1.4515 -3.42785 -2.58986 -1.66633 -0.478476 1.52373 2.87351 3.42596 2.95562 3.57841 4.8552 4.86005 4.15826 4.20192 3.77615 2.68511 3.81807 4.13569 3.87654 3.94116 3.84335 4.01271 4.32333 4.61995 4.81562 4.83825 4.8369 4.82589 4.82126 4.81827 4.8009 4.79937 4.78705 4.76688 2.39125 -1.85149 -9999 -9999 -9999 -9999 -9999 -9999
-9999 -9999 -9999 -9999 -9999 5.7573 6.84728 8.47732 8.87853 8.83754 9.17076 9.19566 8.86635 8.57985 7.73127 6.5735 4.35359 4.91376 6.08743 7.78172 8.67012 8.54536 8.04516 7.17825 5.08646 3.25519 3.02878 2.72502 1.29431 0.00111783 -1.59126 -0.676864 0.325322 1.42235 1.99652 1.84152 2.99749 3.93955 3.53453 4.29925 5.19226 4.78395 4.54185 4.33857 3.84647 3.81549 3.86562 4.50833 4.06087 4.33275 4.33779 4.3194 4.46873 4.64076 4.82137 4.84721 4.84304 4.84153 4.81577 4.81953 4.80573 4.79271 4.78123 4.76376 4.54805 2.26324 0.897163 -9999 -9999 -9999 -9999 -9999
-9999 -9999 -9999 -9999 -9999 4.74904 5.29081 7.22191 7.81499 8.66579 9.11548 9.13211 8.57904 8.26917 7.00674 6.59436 4.54077 3.60852 4.39188 4.08634 6.42103 8.4865 8.03262 3.85079 2.33342 1.24978 1.52251 1.5205 1.1188 -1.07939 -1.68921 0.269761 1.50133 2.4545 3.17652 3.3234 3.29405 4.76984 4.96304 5.44083 5.3338 5.37618 4.62729 4.16333 4.56759 4.10065 4.01981 4.6838 4.0267 4.61746 4.54566 4.36479 4.35214 4.73887 4.81381 4.85105 4.84903 4.82911 4.8051 4.79019 4.79972 4.79135 4.76788 4.76776 4.74579 4.47495 3.29213 2.87911 3.33792 -9999 -9999 -9999
-9999 -9999 -9999 -9999 -9999 -9999 3.48708 6.17222 7.3962 8.03753 8.94209 9.04732 8.752 8.21826 6.93232 5.80114 3.96496 1.86871 0.755914 4.06911 6.95226 8.45517 8.25387 4.77231 3.39574 3.32787 4.13181 3.44518 2.92315 1.25164 0.748401 0.050838 0.472426 1.80318 2.88949 3.93707 4.69781 4.75634 5.24938 5.53161 5.55244 5.63957 5.54982 5.47645 4.75608 5.25287 4.82906 5.05187 4.90579 4.77345 4.65953 4.24415 4.53218 4.7865 4.84888 4.86507 4.84463 4.83632 4.82103 4.79292 4.77914 4.77498 4.7707 4.75621 4.75524 4.74351 4.61108 3.89959 2.94703 1.74344 -9999 -9999
-9999 -9999 -9999 -9999 -9999 -9999 2.14448 4.81641 6.10123 7.75679 8.60732 8.95017 8.89962 8.46622 7.48804 6.01824 4.79335 2.45369 0.0246416 3.50162 6.59916 8.26907 8.35396 5.42841 6.23466 5.57572 5.83564 4.63237 4.12974 3.73163 2.86589 1.91958 0.885052 0.335949 2.78017 4.03307 5.04078 5.51403 5.78026 5.91181 5.83642 5.65067 4.56089 5.3883 5.34436 5.26036 5.16416 5.11668 5.02892 4.92558 4.86403 4.83973 4.56244 4.86975 4.85807 4.85734 4.85391 4.8411 4.82128 4.80383 4.7837 4.78063 4.76928 4.75719 4.74889 4.7461 4.73722 4.69816 4.50916 2.8925 1.92543 1.65603
-9999 -9999 -9999 -9999 -9999 -9999 -1.61486 2.27408 5.39971 7.02912 8.35549 8.71601 8.84764 8.2678 7.83312 6.7783 5.77946 4.24092 1.93851 0.519602 3.12146 6.90714 8.29958 8.18744 8.09611 7.33494 6.64843 6.55787 6.60458 5.80618 4.64485 3.12764 2.6517 2.1164 3.93564 4.17823 4.04041 6.04222 6.0431 5.92577 5.15533 4.29327 4.454 3.92114 4.32865 3.69285 4.27403 4.77601 4.96207 4.94404 4.87525 4.86528 4.83112 4.8807 4.875 4.86144 4.84997 4.84176 4.8299 4.80263 4.7859 4.79133 4.77246 4.75871 4.74765 4.74703 4.74226 4.71301 4.68645 4.43757 4.06341 3.35243
-9999 -9999 -9999 -9999 -9999 -9999 -1.44524 1.82497 4.59779 6.2604 7.85713 8.22383 8.75944 8.63802 8.18293 7.26545 6.12051 4.85354 2.87768 1.4083 3.14815 5.65879 7.45666 8.09947 8.0877 8.04024 7.86475 7.79077 7.58674 7.44031 6.60531 5.17321 4.3608 3.17444 5.20251 5.42571 5.10303 6.11352 6.05873 4.52067 3.33763 3.18775 3.90464 3.21762 3.09721 2.66981 3.14943 4.43813 4.06104 4.13266 4.71588 4.80858 4.86634 4.87843 4.86966 4.86212 4.84751 4.84453 4.84178 4.81498 4.80091 4.79265 4.76781 4.76096 4.74391 4.7335 4.72405 4.70783 4.68323 4.61188 4.5348 4.61751
-9999 -9999 -9999 -9999 -9999 -9999 -1.37602 0.820328 3.31512 5.76494 7.47047 8.1555 8.65298 8.64283 8.11458 7.65625 6.93688 5.82168 5.05561 3.72865 1.90898 4.94979 5.87796 6.70817 7.05639 7.9208 7.89516 7.49251 7.02358 7.44726 7.31743 6.18174 5.80466 5.17176 6.29746 6.29514 6.25907 6.19408 4.89366 3.088 1.64433 2.67781 2.45842 2.93131 1.4571 2.67054 3.64444 3.95867 3.29347 2.79823 4.31822 4.56692 4.71267 4.80435 4.86294 4.84315 4.85425 4.84102 4.83253 4.82391 4.80748 4.79656 4.78068 4.76485 4.74925 4.74037 4.722 4.7006 4.69848 4.66128 4.64544 4.63341
-9999 -9999 -9999 -9999 -9999 -9999 -9999 -0.476863 2.68811 5.51215 7.08218 8.06769 8.54526 8.53164 8.25918 7.94641 7.49859 6.69278 5.68178 4.08664 2.90158 3.6477 4.55679 4.65669 5.26116 7.0216 7.61999 6.7609 4.64373 5.88719 7.27238 7.24431 7.12018 6.98209 6.80483 6.64682 6.30718 5.40559 2.65288 2.11055 1.02906 1.14861 0.592644 1.79779 1.34599 2.58471 3.12003 3.32035 2.16982 2.41113 3.75667 4.28656 4.19389 4.51727 4.82563 4.83165 4.83645 4.82434 4.82728 4.82624 4.8178 4.80101 4.78814 4.77835 4.75023 4.75357 4.65021 4.58281 4.44728 4.613 4.62795 4.63823
-9999 -9999 -9999 -9999 -9999 -9999 -9999 -1.10555 2.05189 5.37866 6.44347 7.50637 8.4231 8.43625 8.02239 7.62872 7.22353 6.76298 5.53746 4.34905 3.21434 2.83091 3.05484 3.03155 4.01194 6.30671 6.74741 6.55289 4.34418 3.59225 5.44474 7.00075 7.11838 6.9716 5.12918 5.51574 4.52006 3.17158 2.79776 2.20583 0.959159 1.55455 0.64083 1.02839 0.92349 1.62542 1.96621 2.80134 1.79809 1.80131 3.12244 3.78651 3.79939 4.4963 4.74221 4.80375 4.81639 4.82454 4.8241 4.83194 4.82261 4.80973 4.79382 4.75837 4.67689 4.4291 3.10081 3.10135 3.46517 3.80943 4.43999 4.61517
-9999 -9999 -9999 -9999 -9999 -9999 -9999 -0.740002 1.44962 4.40103 6.58597 6.71874 7.77856 8.32338 7.8738 7.3683 6.85137 6.62309 5.28961 3.82532 2.64153 1.24103 1.46709 2.46576 4.09996 5.58075 5.84188 5.53032 4.34587 4.89955 6.16142 6.82905 7.02232 6.86113 6.45608 6.22018 5.48583 5.16531 4.14767 2.55895 1.93118 2.32329 0.637361 0.75183 1.37096 0.709563 1.79639 2.31486 1.02005 2.04617 3.21335 3.80824 4.32778 4.57168 4.66662 4.81425 4.81458 4.82379 4.82738 4.82204 4.81906 4.79183 4.76904 4.62558 4.41524 3.17385 2.65786 2.75772 3.32929 3.82961 4.35723 4.57016
-9999 -9999 -9999 -9999 -9999 -9999 -9999 -0.366171 1.60482 4.16331 5.71979 5.99435 7.17023 8.21538 8.09353 7.56778 7.40467 6.86017 5.72855 4.47911 3.11388 2.44811 0.922691 2.41639 3.59529 4.84863 5.43258 4.45953 3.96691 4.82613 5.68024 6.01843 6.88109 6.86805 6.58062 5.35714 4.75841 5.00551 4.74621 4.29526 3.20061 3.14855 2.4443 2.15067 1.87315 0.98159 1.54665 1.60031 1.75275 2.98266 3.58843 3.98881 4.35257 4.44534 4.60141 4.80504 4.81972 4.82367 4.81937 4.82004 4.80174 4.73989 4.68747 4.40097 3.89587 2.95559 1.43563 2.50551 3.62438 3.95783 4.28529 4.4522
-9999 -9999 -9999 -9999 -9999 -9999 -9999 -0.702889 1.39123 3.5772 4.4884 4.6392 6.77125 8.07496 8.07266 7.82108 7.52807 6.18924 6.26337 5.9923 4.76027 2.96756 0.999055 1.17911 2.34544 3.9996 4.54481 2.93709 2.36488 2.77789 4.072 5.22991 6.43915 6.74285 6.38216 4.48026 2.45953 3.39065 4.38598 4.37662 4.07973 3.06425 2.73939 2.44502 1.70326 0.452653 0.632148 0.976449 2.37499 2.81367 3.49319 4.05687 3.83941 3.96087 4.49987 4.80761 4.81579 4.81785 4.8247 4.81425 4.79249 4.67203 4.54478 4.3333 3.02005 2.20253 1.01682 2.39391 3.15574 3.56525 4.2902 4.4611
-9999 -9999 -9999 -9999 -9999 -9999 -9999 -1.35263 0.16578 2.255 3.09421 4.43563 6.45021 7.43877 7.91031 7.89537 7.69859 7.09667 6.7331 6.02084 4.73926 2.98843 1.04266 -0.225554 0.412655 2.64089 3.16807 1.68255 0.924654 1.85857 3.23816 5.28306 6.44949 6.60311 6.49277 6.09713 4.62068 2.83783 2.83987 3.72808 2.97783 2.10652 2.58 2.48803 1.75541 1.22151 0.896903 1.09723 1.89306 2.21898 3.00447 4.16542 4.32864 4.292 4.77867 4.79961 4.8075 4.82248 4.81844 4.81055 4.79253 4.6936 4.47607 3.60075 2.83715 1.77603 1.64242 2.87026 3.40623 3.9072 4.26133 4.37481
-9999 -9999 -9999 -9999 -9999 -9999 -9999 -2.47126 -0.683967 1.27288 3.10488 4.83788 6.32879 6.43984 7.22406 7.2186 7.62741 7.50463 6.9463 6.34567 5.24079 2.99279 1.10181 -0.960106 -0.422056 1.85254 2.14715 1.15008 -0.68837 1.20106 3.28515 5.17357 6.19381 5.38612 6.20504 6.13311 5.57725 4.51423 2.86376 2.8909 1.65315 1.59559 2.22541 2.4273 2.31799 1.91619 1.2797 1.38686 1.86956 1.98918 2.71072 3.61052 4.4901 4.63492 4.79979 4.80346 4.80265 4.81288 4.81115 4.78929 4.74071 4.63726 3.90273 3.02986 2.49101 1.75063 1.6582 3.07447 3.63766 3.95261 4.25797 4.37665
-9999 -9999 -9999 -9999 -9999 -9999 -9999 -9999 -0.867598 1.1542 2.64909 3.04833 4.37308 5.08633 5.63725 5.75586 7.33628 7.41916 7.06351 6.51135 5.56829 3.86134 2.67068 0.692683 -0.730313 -0.150456 0.11639 0.633388 0.475355 1.31565 3.31829 5.40488 5.62864 4.29603 4.48842 4.76204 5.38064 5.06043 2.81295 1.66906 0.718902 1.38686 2.0898 2.2569 2.28721 2.14691 1.98967 1.71794 2.65995 3.35604 3.51465 4.1211 4.56789 4.68866 4.77877 4.78676 4.79496 4.79159 4.76184 4.73933 4.62284 4.36614 3.54473 1.57411 1.66269 1.44667 0.8315 2.213 3.0891 3.86721 4.27916 4.3831
-9999 -9999 -9999 -9999 -9999 -9999 -9999 -9999 -1.54221 0.797793 1.28855 1.24729 0.466595 0.819454 3.69261 4.26753 5.78298 7.21767 7.10743 6.56556 5.68284 4.66435 3.08998 0.865916 -0.902181 -1.64617 0.246271 2.10325 2.48386 3.0747 4.30026 4.52974 3.16798 1.8907 2.60116 3.02738 4.66342 4.95846 4.63528 3.27933 1.72962 0.918616 1.86659 1.98963 2.04258 2.04975 2.01739 1.97958 3.04301 3.62925 4.0348 4.25394 4.63703 4.73237 4.76045 4.78666 4.77609 4.75256 4.68789 4.61485 4.30545 3.93167 2.5882 1.46759 0.767514 -0.120158 1.8693 2.45812 3.28047 3.80649 4.21605 4.3031
