Test_Spring_2018/01_18/Temp/20180113_023.txt
ncols	170
nrows	115
xllcorner	350000.000000
yllcorner	4445000.000000
cellsize	1000.000000
nodata_value	-9999.000000
[rows 31 to 61 of 115, columns 71 to 141 of 170]
7.67525 7.89097 7.465 7.50068 8.50262 8.72624 8.70555 8.61316 8.51161 8.0276 7.86171 7.479 6.80938 6.52503 5.33832 1.51551 2.58881 3.00413 1.89045 2.50065 3.4983 2.61518 0.00952232 -1.11727 -2.92744 -2.36393 -2.90917 -4.3678 -9999 -9999 -9999 -9999 -9999 -9999 -9999 -9999 -9999 -9999 -9999 -9999 -9999 -9999 -9999 -9999 -9999 -9999 -9999 -9999 -9999 -9999 -9999 -9999 -9999 -9999 -9999 -9999 -9999 -9999 -9999 -9999 -9999 -9999 -9999 -9999 -9999 -9999 -9999 -9999 -9999 -9999 -9999
7.45677 7.42473 7.01428 7.63258 8.20152 7.85247 7.6157 8.55746 8.55135 8.22272 7.45898 7.17472 6.88009 6.69689 5.71836 2.98495 0.519993 1.82976 1.85369 0.935625 2.56125 1.69113 -0.566708 -3.75096 -2.03155 -2.48825 -4.7411 -5.3043 -9999 -9999 -9999 -9999 -9999 -9999 -9999 -9999 -9999 -9999 -9999 -9999 -9999 -9999 -9999 -9999 -9999 -9999 -9999 -9999 -9999 -9999 -9999 -9999 -9999 -9999 -9999 -9999 -9999 -9999 -9999 -9999 -9999 -9999 -9999 -9999 -9999 -9999 -9999 -9999 -9999 -9999 -9999
7.10124 6.88331 6.7034 7.6254 7.59988 7.53941 7.87435 8.45798 8.56885 8.43689 8.10021 7.80779 7.49703 6.7184 5.59994 3.2596 0.454862 -0.18683 1.17516 1.23355 1.44629 0.652714 -0.34219 -1.89447 -0.636629 -0.152607 -1.63891 -3.57942 -4.82911 -9999 -9999 -9999 -9999 -9999 -9999 -9999 -9999 -9999 -9999 -9999 -9999 -9999 -9999 -9999 -9999 -9999 -9999 -9999 -9999 -9999 -9999 -9999 -9999 -9999 -9999 -9999 -9999 -9999 -9999 -9999 -9999 -9999 -9999 -9999 -9999 -9999 -9999 -9999 -9999 -9999 -9999
6.56431 6.23749 5.33104 5.88428 6.29824 7.07522 7.27885 7.38937 8.49034 8.42551 8.36792 7.88878 7.5042 6.87114 5.79442 4.26422 2.42314 -0.777368 1.1845 2.71911 2.67236 2.58064 1.88148 0.389917 1.62439 1.67536 -0.221761 -2.37286 -3.64684 -4.17825 -9999 -9999 -9999 -9999 -9999 -9999 -9999 -9999 -9999 -9999 -9999 -9999 -9999 -9999 -9999 -9999 -9999 -9999 -9999 -9999 -9999 -9999 -9999 -9999 -9999 -9999 -9999 -9999 -9999 -9999 -9999 -9999 -9999 -9999 -9999 -9999 -9999 -9999 -9999 -9999 -9999
5.81819 5.50331 4.39754 4.95426 5.69927 6.75536 7.3032 7.71961 8.04459 8.37606 8.32985 7.83958 6.40399 6.19319 6.1245 5.12124 3.02328 0.927988 0.379845 2.72473 3.39069 3.24622 3.76416 2.49955 3.08641 2.83543 2.15834 0.0852279 -1.80548 -2.59413 -4.14515 -9999 -9999 -9999 -9999 -9999 -9999 -9999 -9999 -9999 -9999 -9999 -9999 -9999 -9999 -9999 -9999 -9999 -9999 -9999 -9999 -9999 -9999 -9999 -9999 -9999 -9999 -9999 -9999 -9999 -9999 -9999 -9999 -9999 -9999 -9999 -9999 -9999 -9999 -9999 -9999
-9999 -9999 -9999 3.69891 4.7176 5.56002 6.59396 7.48645 7.92866 8.35792 8.31657 7.34303 6.86337 6.81527 6.15557 4.9984 4.26943 2.94753 1.57051 2.0865 4.08505 3.18552 4.59928 4.47168 4.72543 3.76805 1.96358 -0.446156 -1.85208 -2.55848 -3.81685 -9999 -9999 -9999 -9999 -9999 -9999 -9999 -9999 -9999 -9999 -9999 -9999 -9999 -9999 -9999 -9999 -9999 -9999 -9999 -9999 -9999 -9999 -9999 -9999 -9999 -9999 -9999 -9999 -9999 -9999 -9999 -9999 -9999 -9999 -9999 -9999 -9999 -9999 -9999 -9999
-9999 -9999 -9999 -9999 4.52939 5.17029 6.55019 7.26787 7.55286 8.24904 8.24437 7.87159 7.58838 7.1802 6.64898 5.77751 4.81665 3.57291 3.45123 4.72705 4.7356 4.46023 4.66357 5.31542 5.13422 3.65644 1.11514 -0.233443 -2.96072 -4.1357 -4.02388 -4.85904 -9999 -9999 -9999 -9999 -9999 -9999 -9999 -9999 -9999 -9999 -9999 -9999 -1.79028 -9999 -9999 -9999 -9999 -9999 -9999 -9999 -9999 -9999 -9999 -9999 -9999 -9999 -9999 -9999 -9999 -9999 -9999 -9999 -9999 -6.94061 -9999 -9999 -9999 -9999 -9999
-9999 -9999 -9999 4.40734 5.26861 5.93699 6.80018 6.88241 7.39774 8.19924 8.20484 7.93862 7.63838 6.97142 6.80085 6.30167 5.259 5.0399 5.45233 5.63837 5.85021 5.97787 5.86111 5.58679 5.23436 4.28142 3.09698 2.29957 -0.196353 -1.45869 -2.67111 -4.5022 -5.93637 -9999 -9999 -9999 -9999 -9999 -9999 -9999 -2.71285 -2.78792 -2.76289 -2.37033 -1.27371 -1.92996 -9999 -9999 -9999 -9999 -9999 -9999 -9999 -9999 -9999 -9999 -9999 -9999 -9999 -9999 -9999 -9999 -9999 -9999 -9999 -5.9444 -7.38891 -9999 -9999 -9999 -9999
-9999 -9999 -9999 4.64193 5.54727 5.99706 6.83563 7.31324 7.63114 7.90527 8.16671 8.11542 7.78384 7.28266 7.2788 6.59042 6.21585 5.94627 6.50664 6.61155 6.37653 6.08363 5.82382 5.10218 5.01228 4.77458 4.0202 2.78647 1.5153 -0.311682 -2.79463 -5.22981 -7.19556 -9999 -9999 -9999 -9999 -9999 -9999 -2.50024 -1.59037 -1.04817 -2.22364 -1.23292 -0.328076 -0.481244 -1.37599 -9999 -9999 -9999 -9999 -9999 -9999 -9999 -9999 -9999 -9999 -9999 -9999 -9999 -9999 0.895717 -0.58455 -3.56645 -5.09903 -6.02198 -7.33626 -9999 -9999 -9999 -9999
-9999 -9999 -9999 4.45952 5.53006 6.25395 6.89596 6.99486 7.65729 7.94274 8.08046 8.05724 7.98619 7.88823 7.28658 7.02359 6.11759 6.97 6.93008 6.70517 5.83648 5.45587 3.9697 3.31173 3.16127 4.39798 3.47155 1.54494 -0.861788 -3.74808 -3.94268 -4.90427 -6.66205 -9999 -9999 -9999 -9999 -9999 -9999 -2.21666 -1.24293 -0.431346 -0.319297 -1.4877 0.125912 0.0538989 -0.860799 -1.07454 -0.339082 0.0296788 -0.257593 0.622755 0.874274 0.465233 0.896172 -9999 -9999 -9999 -9999 1.11561 1.16689 1.20359 0.581998 -2.67485 -4.90196 -6.9029 -7.09762 -9999 -9999 -9999 -9999
-9999 -9999 -9999 5.20175 5.85967 6.19056 6.24097 6.81694 7.396 7.74932 8.00274 7.94413 7.91636 7.88695 7.67644 7.19661 7.27417 7.22841 6.94516 5.29785 3.37641 4.20342 3.06115 0.623455 2.5937 3.6725 2.6238 0.290783 -2.41342 -3.29958 -3.26969 -4.60404 -6.31969 -9999 -9999 -9999 -4.87719 -3.48002 -3.36504 -2.95813 -1.657 -0.668919 0.0751345 0.578757 0.555295 0.00753153 -0.88739 -1.85958 -1.52402 0.202278 0.616929 0.967123 1.22801 0.847588 1.03143 1.48683 1.71815 1.75845 1.64104 1.60781 1.63741 1.57373 0.993038 -1.91893 -3.5904 -4.66002 -6.80377 -9999 -9999 -9999 -9999
-9999 -9999 -9999 4.78281 5.3546 5.81708 6.58801 6.666 7.15152 7.4409 7.86894 7.91152 7.39947 7.81034 7.74916 7.6636 7.49026 7.23975 5.8478 3.93225 2.01207 1.12168 1.49224 0.0219822 0.767095 1.86031 1.45368 0.0190699 -2.39079 -2.73662 -3.29952 -5.53762 -7.69317 -9999 -9999 -7.59392 -4.90653 -3.01637 -2.04487 -1.74887 -1.72692 -0.480132 -0.388881 0.953862 0.630333 -1.16376 -0.970797 -1.67205 -1.23013 -0.604451 -0.438154 0.469362 1.34201 1.4999 1.49542 1.78235 1.83474 1.84208 1.82614 1.6177 1.70103 1.70677 1.34157 -0.772272 -1.80751 -2.94852 -6.77683 -9999 -9999 -9999 -9999
-9999 -9999 -9999 5.07559 5.71533 6.41632 6.52692 7.04519 6.98963 6.8401 7.5626 7.82413 7.4607 7.19683 7.66292 7.62251 7.55188 7.44049 6.13184 4.61873 2.33214 0.908622 0.0365725 -0.58549 -1.41376 -0.855784 -1.03559 -1.27421 -1.01478 -1.68056 -3.00316 -4.31694 -6.76866 -8.09869 -9999 -7.44821 -6.23965 -3.99029 -2.0797 -0.869464 -1.31448 0.104236 0.36151 1.17661 0.686328 -0.406358 -0.882241 -0.931636 -1.08193 -0.129475 0.509669 0.958077 1.25444 1.62627 1.7144 1.803 1.83518 1.84893 1.86299 1.84982 1.83396 1.78303 1.6405 0.663962 -0.370287 -2.59355 -6.64978 -9999 -9999 -9999 -9999
-9999 -9999 3.20158 5.00095 6.07655 6.49103 6.78925 7.05159 7.24032 7.44109 7.62665 7.75119 7.68999 6.73792 6.80765 6.96974 7.49821 7.45191 7.32632 6.49539 3.71463 2.74949 1.34121 -0.479586 -1.24406 -0.872081 0.607805 0.534692 -0.456548 -1.5605 -3.08217 -4.05335 -5.56008 -8.4453 -8.1944 -6.90604 -5.94926 -4.42299 -2.08596 -0.449831 0.276224 0.54593 1.11603 1.40905 0.737659 0.0988805 -0.173927 -0.672575 -0.749613 -0.753682 -0.181256 0.263943 1.26433 1.59493 1.74187 1.81267 1.84699 1.86973 1.89198 1.89434 1.86674 1.85945 1.84314 1.7628 0.389889 -3.0353 -5.61562 -9999 -9999 -9999 -9999
-9999 -9999 -9999 4.6674 5.13884 5.26 5.47429 5.91608 6.4257 7.15144 7.24049 7.63584 7.62911 6.80842 5.86043 6.67194 6.98935 7.31858 7.32058 7.20658 4.86809 3.64144 2.6743 0.928107 1.5489 2.13802 2.1766 1.81044 -0.307051 -2.41601 -4.84505 -7.11686 -7.23263 -8.45823 -7.821 -6.97262 -4.7821 -3.24274 -2.62297 -2.17987 0.196119 0.808416 1.01253 1.61492 0.77513 0.555933 -0.077099 0.101081 0.038719 0.0347083 -1.70502 0.0255497 0.120576 1.24493 1.74689 1.85434 1.87771 1.90316 1.90046 1.89892 1.88556 1.88875 1.86277 1.83323 0.937325 -3.40041 -5.58316 -9999 -9999 -9999 -9999
-9999 -9999 -9999 -9999 -9999 4.81219 5.1714 5.40056 5.79908 7.02854 7.35574 7.57111 7.58435 7.21506 6.27751 6.02456 6.18716 5.27052 6.02231 7.05411 7.0203 6.88651 4.83049 3.77592 4.78372 4.46854 2.92192 1.70339 0.500664 -1.9672 -3.774 -6.37648 -8.33272 -8.41371 -6.27066 -4.49171 -2.27503 -1.30122 -1.86754 -1.26987 -0.094342 1.24263 1.88511 1.72407 0.839168 0.707832 -0.264139 0.67593 0.749519 0.301294 -0.0870907 0.0576242 0.610018 0.816019 1.69398 1.9007 1.93113 1.92996 1.92561 1.91375 1.90054 1.88004 1.86179 1.84026 1.79103 -2.66766 -6.13879 -9999 -9999 -9999 -9999
-9999 -9999 -9999 -9999 -9999 3.95818 4.17605 4.75293 6.23842 7.016 7.3266 7.31118 7.45135 7.18918 6.36306 5.51471 4.71355 3.68257 4.25953 5.79917 6.70369 6.79973 4.9965 5.92438 5.56761 4.87121 2.85058 1.35978 0.566388 -1.80305 -3.83109 -5.56485 -7.95613 -6.94394 -5.82853 -4.39376 -1.97437 -0.344565 0.320469 -0.252033 0.497063 2.03665 2.03758 1.18363 1.23101 0.706968 -0.618497 0.745916 1.1245 0.805884 0.879218 0.756206 0.957127 1.32933 1.68503 1.91893 1.94377 1.93965 1.9237 1.91515 1.90716 1.88125 1.87357 1.85193 1.81999 -1.06135 -6.20368 -9999 -9999 -9999 -9999
-9999 -9999 -9999 -9999 -9999 -9999 3.17869 4.49851 6.47142 6.95994 6.91108 7.31434 7.34418 6.94505 6.59707 5.56872 4.16592 1.47836 2.15295 3.56954 5.61589 6.68781 6.53467 5.92736 4.87714 2.34585 0.129896 -0.144897 -0.513027 -2.24393 -3.80679 -5.73345 -4.62852 -3.41758 -2.09221 -1.39952 -1.58909 -0.193643 0.942596 0.449092 1.36973 2.44504 1.94616 1.648 1.39659 0.792249 0.748744 0.803546 1.5753 1.02897 1.35302 1.35449 1.32847 1.50574 1.71089 1.92672 1.95553 1.94806 1.94365 1.90934 1.90988 1.88823 1.86657 1.84583 1.81704 1.54779 -1.22671 -2.88831 -9999 -9999 -9999
-9999 -9999 -9999 -9999 -9999 -9999 1.95923 2.61602 4.95305 5.67367 6.70342 7.24764 7.26758 6.59793 6.22148 4.69281 4.19154 1.70479 0.575067 1.51954 1.1472 3.96813 6.46372 5.91232 0.85295 -0.983727 -2.29553 -1.96668 -1.96987 -2.45623 -5.11353 -5.85177 -3.48342 -1.99496 -0.843468 0.0281014 0.203424 0.165451 1.94704 2.17717 2.75072 2.61649 2.66257 1.75141 1.18468 1.66434 1.09358 0.990002 1.78755 0.987745 1.69755 1.60617 1.38374 1.36524 1.83014 1.91824 1.96089 1.95569 1.92913 1.8969 1.87482 1.88134 1.86525 1.82997 1.82212 1.78717 1.44838 0.00844736 -0.500604 0.0447392 -9999
-9999 -9999 -9999 -9999 -9999 -9999 -9999 0.434224 3.68313 5.16677 5.94319 7.03756 7.16473 6.80602 6.15946 4.60246 3.23193 1.00817 -1.53057 -2.8774 1.12668 4.61084 6.42596 6.17993 1.96736 0.300893 0.21747 1.18872 0.357537 -0.274368 -2.29465 -2.90395 -3.74835 -3.23942 -1.63162 -0.319966 0.945212 1.86276 1.9303 2.52259 2.86029 2.88066 2.98082 2.86681 2.77245 1.89196 2.4868 1.96852 2.23259 2.05092 1.88631 1.74408 1.23813 1.58336 1.88816 1.9611 1.9769 1.95019 1.93759 1.91583 1.87768 1.85605 1.84503 1.83298 1.80781 1.79836 1.77303 1.60362 0.733795 -0.427555 -1.89234
-9999 -9999 -9999 -9999 -9999 -9999 -9999 -1.19015 2.04262 3.59981 5.60279 6.63139 7.04485 6.98336 6.45819 5.27347 3.4935 2.00912 -0.823904 -3.76532 0.438634 4.18382 6.20084 6.30121 2.76062 3.73396 2.93563 3.24886 1.79279 1.18428 0.704049 -0.343669 -1.48891 -2.74173 -3.40823 -0.453357 1.0601 2.27631 2.84541 3.16341 3.31789 3.22332 2.99346 1.67007 2.66518 2.60276 2.49532 2.3734 2.31071 2.19971 2.07029 1.99144 1.95856 1.62012 1.98722 1.96951 1.96682 1.96054 1.94237 1.915 1.88968 1.86024 1.85154 1.83024 1.80812 1.78998 1.77567 1.75598 1.69969 1.46212 -0.501886
-9999 -9999 -9999 -9999 -9999 -9999 -9999 -5.73761 -1.03319 2.74927 4.72073 6.32367 6.75984 6.91865 6.21638 5.68902 4.41104 3.20017 1.33617 -1.45195 -3.17167 -0.0248688 4.55048 6.23508 6.09697 5.9847 5.06262 4.23114 4.12067 4.17643 3.21206 1.80537 -0.0300951 -0.608603 -1.25678 0.94213 1.23366 1.06445 3.48219 3.47932 3.3329 2.39611 1.3505 1.53949 0.88979 1.37338 0.598789 1.29625 1.89825 2.11855 2.09243 2.00485 1.98625 1.94237 1.99762 1.98885 1.97045 1.95425 1.94147 1.92362 1.88635 1.86103 1.8617 1.8335 1.80962 1.78742 1.77599 1.76165 1.71763 1.67692 1.36751
-9999 -9999 -9999 -9999 -9999 -9999 -9999 -5.5352 -1.5766 1.77776 3.78724 5.71874 6.16226 6.80957 6.66171 6.10971 4.99792 3.61051 2.07512 -0.317881 -2.09845 0.00225547 3.03995 5.21154 5.98627 5.97378 5.91477 5.7012 5.60832 5.36092 5.18524 4.17478 2.43929 1.4561 0.0203547 2.47171 2.7397 2.34688 3.56575 3.49563 1.6311 0.195486 0.00905228 0.873475 0.0372297 -0.117809 -0.639539 -0.064708 1.48894 1.02416 1.10681 1.80796 1.91706 1.98105 1.9935 1.98078 1.96942 1.9492 1.94257 1.93561 1.89887 1.87679 1.86102 1.82455 1.81062 1.78245 1.75928 1.73901 1.7112 1.67333 1.57908
-9999 -9999 -9999 -9999 -9999 -9999 -9999 -5.45711 -2.79341 0.224467 3.18563 5.24851 6.07687 6.67796 6.66464 6.02419 5.46779 4.59523 3.24356 2.3139 0.705778 -1.4982 2.17625 3.30118 4.30261 4.71857 5.76225 5.72992 5.24202 4.68029 5.19186 5.03072 3.65647 3.19954 2.43296 3.79282 3.78798 3.74175 3.65996 2.08348 -0.10453 -1.85515 -0.61019 -0.880623 -0.310811 -2.10302 -0.645298 0.527317 0.902521 0.095012 -0.507826 1.32614 1.61997 1.79366 1.90212 1.97062 1.9442 1.95485 1.93565 1.92163 1.90684 1.88196 1.86313 1.83773 1.81189 1.78724 1.76628 1.73622 1.69925 1.68868 1.63618
-9999 -9999 -9999 -9999 -9999 -9999 -9999 -9999 -4.36833 -0.542044 2.87384 4.77291 5.96474 6.54186 6.52444 6.19346 5.81322 5.26918 4.2918 3.06598 1.13358 -0.30288 0.596379 1.69877 1.81712 2.54599 4.67324 5.39547 4.35536 1.79599 3.2954 4.96992 4.93524 4.78424 4.61607 4.40291 4.20966 3.79626 2.70273 -0.630032 -1.29304 -2.60566 -2.46604 -3.14353 -1.68796 -2.24374 -0.750891 -0.108438 0.129198 -1.26649 -0.979628 0.639743 1.27762 1.16287 1.55142 1.92314 1.92769 1.9305 1.91249 1.9122 1.90657 1.89144 1.86397 1.84224 1.82376 1.78408 1.77799 1.64537 1.55624 1.38484 1.57799
-9999 -9999 -9999 -9999 -9999 -9999 -9999 -9999 -5.13323 -1.31436 2.70923 3.99701 5.28222 6.3903 6.40518 5.90319 5.42518 4.93284 4.37322 2.88821 1.44796 0.0726574 -0.393955 -0.125813 -0.150051 1.03343 3.80684 4.33822 4.10166 1.42753 0.517009 2.75637 4.63715 4.77823 4.59931 2.36933 2.83467 1.62783 -0.00616708 -0.461898 -1.18184 -2.69396 -1.97853 -3.08835 -2.62443 -2.75705 -1.9131 -1.50569 -0.500132 -1.71758 -1.71878 -0.129318 0.670701 0.683382 1.52344 1.81807 1.88959 1.90172 1.90804 1.90355 1.90858 1.89234 1.87132 1.84619 1.79705 1.69194 1.38657 -0.229684 -0.236156 0.196837 0.606362
-9999 -9999 -9999 -9999 -9999 -9999 -9999 -9999 -4.69391 -2.04578 1.52356 4.16578 4.32588 5.60684 6.26464 5.71942 5.10624 4.47889 4.20037 2.58501 0.811359 -0.623081 -2.31952 -2.04864 -0.843158 1.13786 2.92677 3.24085 2.86257 1.42671 2.09492 3.61969 4.42576 4.65805 4.46144 3.96963 3.68203 2.79123 2.40049 1.16626 -0.758978 -1.52233 -1.05244 -3.09585 -2.96188 -2.21752 -3.02304 -1.71314 -1.09038 -2.66034 -1.42976 -0.0216582 0.694547 1.3198 1.61179 1.72359 1.89902 1.89608 1.90358 1.90392 1.89305 1.88461 1.84645 1.81328 1.63386 1.37331 -0.134387 -0.766718 -0.652616 0.0320569 0.630724
-9999 -9999 -9999 -9999 -9999 -9999 -9999 -9999 -4.24472 -1.86125 1.23264 3.11456 3.44594 4.86713 6.12992 5.98105 5.34342 5.1441 4.48329 3.11226 1.59867 -0.0549912 -0.862669 -2.70988 -0.905617 0.525207 2.03898 2.74339 1.56288 0.965339 2.00282 3.03416 3.44153 4.48309 4.46543 4.11569 2.63361 1.90679 2.20259 1.88563 1.33661 0.00887314 -0.0581308 -0.913984 -1.27327 -1.61304 -2.69655 -2.01748 -1.95671 -1.78139 -0.299609 0.42946 0.910299 1.34699 1.456 1.64154 1.88452 1.89879 1.89984 1.89063 1.88708 1.86026 1.78044 1.71171 1.35962 0.742958 -0.400185 -2.24631 -0.958662 0.388308 0.782456
-9999 -9999 -9999 -9999 -9999 -9999 -9999 -9999 -4.65498 -2.12282 0.520337 1.62165 1.80317 4.38059 5.956 5.95169 5.64567 5.28933 3.66801 3.7554 3.42523 1.93285 -0.237581 -2.62054 -2.40491 -0.995312 1.00959 1.66704 -0.281388 -0.975377 -0.47778 1.08545 2.48392 3.9444 4.30959 3.87108 1.56842 -0.878179 0.244921 1.44544 1.43067 1.06797 -0.163919 -0.560656 -0.920562 -1.82153 -3.34172 -3.12597 -2.71356 -1.03338 -0.506606 0.311593 0.989836 0.723447 0.867004 1.5155 1.88423 1.89054 1.88926 1.89353 1.87662 1.84575 1.69526 1.53629 1.27523 -0.318486 -1.31281 -2.75486 -1.09479 -0.179303 0.301455
-9999 -9999 -9999 -9999 -9999 -9999 -9999 -9999 -5.44387 -3.60814 -1.08219 -0.0681163 1.55316 3.98839 5.18257 5.75128 5.73147 5.49159 4.7616 4.31978 3.45619 1.90406 -0.215576 -2.57092 -4.10675 -3.33686 -0.636382 -0.00416549 -1.80177 -2.7205 -1.59313 0.0732326 2.5442 3.95267 4.13615 4.00027 3.5192 1.73083 -0.428282 -0.428937 0.64199 -0.268778 -1.32606 -0.757035 -0.871904 -1.7616 -2.41092 -2.80842 -2.57518 -1.61896 -1.22854 -0.282237 1.11823 1.31213 1.26434 1.84941 1.87119 1.87707 1.89139 1.88251 1.86878 1.84259 1.71834 1.45042 0.386794 -0.541884 -1.83051 -1.99751 -0.519974 0.119404 0.714075
-9999 -9999 -9999 -9999 -9999 -9999 -9999 -9999 -6.79983 -4.63906 -2.27335 -0.0587729 2.03595 3.83772 3.97055 4.91738 4.90903 5.40161 5.25118 4.57394 3.84551 2.50722 -0.213556 -2.50253 -4.9982 -4.34943 -1.59898 -1.2408 -2.44895 -4.67467 -2.3919 0.126281 2.40778 3.63925 2.65995 3.64778 3.55813 2.8831 1.59459 -0.404476 -0.37477 -1.87491 -1.94783 -1.18948 -0.948743 -1.08439 -1.57379 -2.35066 -2.22756 -1.65015 -1.50925 -0.640331 0.444236 1.50439 1.67595 1.87173 1.87253 1.86784 1.87641 1.87038 1.83986 1.77686 1.64732 0.754375 -0.306038 -0.962645 -1.86312 -1.98006 -0.274517 0.398125 0.767948
