Test_Spring_2018/01_18/Temp/20180102_011.txt
ncols	170
nrows	115
xllcorner	350000.000000
yllcorner	4445000.000000
cellsize	1000.000000
nodata_value	-9999.000000
[rows 32 to 63 of 115, columns 72 to 143 of 170]
11.25 10.9957 11.41 11.7919 11.5583 11.4101 12.0265 12.0346 11.8332 11.3491 11.1772 10.9989 10.8934 10.271 8.50782 6.91944 7.78599 7.81651 7.23453 8.30675 7.75594 6.3026 4.2467 5.37955 5.09713 3.63468 3.28428 -9999 -9999 -9999 -9999 -9999 -9999 -9999 -9999 -9999 -9999 -9999 -9999 -9999 -9999 -9999 -9999 -9999 -9999 -9999 -9999 -9999 -9999 -9999 -9999 -9999 -9999 -9999 -9999 -9999 -9999 -9999 -9999 -9999 -9999 -9999 -9999 -9999 -9999 -9999 -9999 -9999 -9999 -9999 -9999 -9999
10.9017 10.7972 11.4091 11.4046 11.3682 11.5819 11.9657 12.05 11.9766 11.7704 11.5933 11.4046 10.912 10.1987 8.69109 6.8817 6.47913 7.37969 7.43259 7.58586 7.0847 6.45255 5.45783 6.29045 6.61976 5.66566 4.40936 3.60383 -9999 -9999 -9999 -9999 -9999 -9999 -9999 -9999 -9999 -9999 -9999 -9999 -9999 -9999 -9999 -9999 -9999 -9999 -9999 -9999 -9999 -9999 -9999 -9999 -9999 -9999 -9999 -9999 -9999 -9999 -9999 -9999 -9999 -9999 -9999 -9999 -9999 -9999 -9999 -9999 -9999 -9999 -9999 -9999
10.4857 9.90873 10.2807 10.562 11.0637 11.1907 11.2746 12.0028 11.9732 11.9485 11.6501 11.4135 11.0156 10.3295 9.34873 8.166 6.09939 7.38999 8.4028 8.38724 8.34239 7.90246 6.94715 7.7645 7.81213 6.59106 5.18924 4.37619 4.04611 -9999 -9999 -9999 -9999 -9999 -9999 -9999 -9999 -9999 -9999 -9999 -9999 -9999 -9999 -9999 -9999 -9999 -9999 -9999 -9999 -9999 -9999 -9999 -9999 -9999 -9999 -9999 -9999 -9999 -9999 -9999 -9999 -9999 -9999 -9999 -9999 -9999 -9999 -9999 -9999 -9999 -9999 -9999
10.0125 9.30577 9.67992 10.1763 10.8673 11.2208 11.4931 11.7167 11.9447 11.9275 11.6219 10.7018 10.5786 10.5481 9.91004 8.56029 7.21241 6.87073 8.41042 8.85828 8.77906 9.13054 8.32271 8.71884 8.57003 8.14417 6.80172 5.57706 5.07967 4.08664 -9999 -9999 -9999 -9999 -9999 -9999 -9999 -9999 -9999 -9999 -9999 -9999 -9999 -9999 -9999 -9999 -9999 -9999 -9999 -9999 -9999 -9999 -9999 -9999 -9999 -9999 -9999 -9999 -9999 -9999 -9999 -9999 -9999 -9999 -9999 -9999 -9999 -9999 -9999 -9999 -9999 -9999
-9999 -9999 8.86757 9.53416 10.0874 10.7633 11.3451 11.6448 11.9364 11.9223 11.3024 11.004 10.9866 10.5718 9.83379 9.37437 8.52947 7.64879 7.99914 9.31357 8.74328 9.67724 9.60874 9.78814 9.17985 8.01366 6.45955 5.55006 5.10609 4.30331 -9999 -9999 -9999 -9999 -9999 -9999 -9999 -9999 -9999 -9999 -9999 -9999 -9999 -9999 -9999 -9999 -9999 -9999 -9999 -9999 -9999 -9999 -9999 -9999 -9999 -9999 -9999 -9999 -9999 -9999 -9999 -9999 -9999 -9999 -9999 -9999 -9999 -9999 -9999 -9999 -9999 -9999
-9999 -9999 -9999 9.41543 9.83766 10.746 11.2065 11.4037 11.8687 11.8784 11.6491 11.4785 11.2271 10.8959 10.3437 9.73359 8.93962 8.87537 9.71988 9.74021 9.5758 9.72255 10.1608 10.0573 9.11026 7.46528 6.60273 4.83228 4.08346 4.17163 3.64417 -9999 -9999 -9999 -9999 -9999 -9999 -9999 -9999 -9999 -9999 -9999 -9999 5.86015 -9999 -9999 -9999 -9999 -9999 -9999 -9999 -9999 -9999 -9999 -9999 -9999 -9999 -9999 -9999 -9999 -9999 -9999 -9999 -9999 2.90245 -9999 -9999 -9999 -9999 -9999 -9999 -9999
-9999 -9999 9.33635 9.8947 10.3398 10.9117 10.9689 11.3059 11.8392 11.8554 11.6953 11.5136 11.0939 10.9974 10.6875 10.0243 9.89679 10.18 10.3159 10.4685 10.5662 10.5047 10.3406 10.1256 9.51332 8.75727 8.25294 6.64263 5.82717 5.05405 3.87882 2.96194 -9999 -9999 -9999 -9999 -9999 -9999 -9999 5.19203 5.16074 5.1947 5.46781 6.19892 5.79025 -9999 -9999 -9999 -9999 -9999 -9999 -9999 -9999 -9999 -9999 -9999 -9999 -9999 -9999 -9999 -9999 -9999 -9999 -9999 3.55397 2.63378 -9999 -9999 -9999 -9999 -9999 -9999
-9999 -9999 9.48123 10.08 10.3824 10.9377 11.2585 11.4604 11.6505 11.8328 11.8125 11.6104 11.2986 11.3106 10.8778 10.6492 10.4891 10.8687 10.952 10.814 10.6382 10.4837 10.0286 9.98417 9.8373 9.36066 8.57233 7.75975 6.57571 4.97618 3.40795 2.14527 -9999 -9999 -9999 -9999 -9999 -9999 5.31507 5.9242 6.29441 5.54777 6.20998 6.81649 6.73512 6.17568 -9999 -9999 -9999 -9999 -9999 -9999 -9999 -9999 -9999 -9999 -9999 -9999 -9999 -9999 7.93105 6.98676 5.06613 4.08822 3.50701 2.67161 -9999 -9999 -9999 -9999 -9999 -9999
-9999 -9999 9.36726 10.0728 10.5528 10.9796 11.0536 11.4857 11.6769 11.7786 11.7764 11.7437 11.6942 11.3176 11.1616 10.5877 11.1575 11.1469 11.0159 10.466 10.2332 9.28113 8.86737 8.77758 9.59554 9.00673 7.76752 6.21617 4.34431 4.23178 3.62168 2.4941 -9999 -9999 -9999 -9999 -9999 -9999 5.5013 6.15205 6.69754 6.7883 6.04655 7.11413 7.0893 6.51337 6.39337 6.89071 7.14961 6.97986 7.57256 7.75521 7.50815 7.80715 -9999 -9999 -9999 -9999 8.04122 8.09261 8.13459 7.74862 5.64915 4.2196 2.93743 2.83368 -9999 -9999 -9999 -9999 -9999 -9999
-9999 -9999 9.85458 10.291 10.5147 10.5561 10.9396 11.3174 11.5529 11.7296 11.7044 11.7 11.6952 11.5732 11.2765 11.3425 11.3285 11.16 10.1043 8.87005 9.42281 8.69337 7.11723 8.41177 9.12677 8.45814 6.95431 5.20917 4.6381 4.67139 3.81868 2.71944 -9999 -9999 -9999 3.72214 4.64765 4.73963 5.0217 5.88551 6.54596 7.04669 7.39243 7.39497 7.06142 6.49855 5.88554 6.12303 7.26494 7.55385 7.79992 7.98879 7.76042 7.90097 8.21553 8.38418 8.42846 8.37007 8.36639 8.4036 8.38027 8.02091 6.1437 5.0755 4.39905 3.03256 -9999 -9999 -9999 -9999 -9999 -9999
-9999 -9999 9.58651 9.96658 10.2755 10.7825 10.8418 11.1667 11.3579 11.6438 11.6842 11.3648 11.6464 11.6217 11.5816 11.4848 11.3379 10.4488 9.21885 7.98561 7.42164 7.6733 6.73109 7.22884 7.95313 7.69979 6.78022 5.22629 5.01477 4.65547 3.21418 1.82758 -9999 -9999 1.93978 3.70402 4.95015 5.5992 5.80925 5.84134 6.67019 6.74779 7.63944 7.4472 6.30294 6.4477 6.01005 6.31691 6.74635 6.87376 7.48175 8.06882 8.19034 8.20603 8.41098 8.46319 8.48593 8.4934 8.37566 8.4477 8.46943 8.25016 6.89404 6.2397 5.51975 3.05433 -9999 -9999 -9999 -9999 -9999 -9999
-9999 -9999 9.7788 10.2025 10.6661 10.7458 11.0911 11.0622 10.9679 11.4488 11.6281 11.4054 11.2482 11.5666 11.5562 11.5265 11.4704 10.6357 9.66774 8.19643 7.28589 6.73002 6.33929 5.81344 6.18955 6.08567 5.94343 6.12506 5.70292 4.84969 4.00978 2.42993 1.58036 -9999 2.03532 2.83784 4.31759 5.57739 6.38209 6.11066 7.05149 7.23726 7.78552 7.48556 6.79747 6.51054 6.49802 6.41982 7.05864 7.49312 7.80277 8.01471 8.27571 8.35159 8.4275 8.46646 8.49324 8.52009 8.52919 8.53662 8.52141 8.44691 7.8304 7.17907 5.75287 3.13921 -9999 -9999 -9999 -9999 -9999 -9999
-9999 8.56214 9.73428 10.4408 10.7173 10.9184 11.0966 11.2274 11.3611 11.4908 11.5837 11.5551 10.9505 11.0113 11.1328 11.493 11.4796 11.4145 10.8905 9.09803 8.48312 7.5812 6.4109 5.9267 6.18162 7.15677 7.12184 6.4898 5.78451 4.80206 4.18238 3.21719 1.35584 1.53464 2.38858 3.02734 4.03689 5.57408 6.65586 7.14614 7.33993 7.72892 7.93834 7.52369 7.13087 6.97333 6.66888 6.63851 6.65545 7.04711 7.3548 8.02426 8.25816 8.37243 8.43668 8.47692 8.5094 8.54144 8.56051 8.5602 8.5733 8.58084 8.54891 7.67538 5.47234 3.8186 -9999 -9999 -9999 -9999 -9999 -9999
-9999 -9999 9.52104 9.83407 9.91927 10.0652 10.3595 10.6985 11.1735 11.2417 11.5104 11.5177 10.9972 10.3963 10.9403 11.1635 11.3946 11.4128 11.3552 9.84846 9.06573 8.45111 7.32926 7.74576 8.14169 8.17931 7.95353 6.58877 5.22958 3.65707 2.19337 2.13218 1.3485 1.7783 2.34603 3.78708 4.80516 5.22568 5.53173 7.09511 7.51154 7.66513 8.07634 7.54988 7.43002 7.03846 7.17436 7.1537 7.17081 6.05895 7.20266 7.28362 8.0336 8.37839 8.46646 8.49946 8.53357 8.54925 8.56567 8.57452 8.59439 8.59683 8.59969 8.03717 5.23688 3.8418 -9999 -9999 -9999 -9999 -9999 -9999
-9999 -9999 -9999 -9999 9.6304 9.87016 10.0258 10.2922 11.0946 11.3175 11.4689 11.4902 11.264 10.6686 10.5206 10.6434 10.0645 10.5703 11.257 11.2507 11.1788 9.85608 9.18353 9.85204 9.65976 8.66633 7.88602 7.11589 5.52303 4.35515 2.67618 1.41792 1.37966 2.78831 3.96035 5.41839 6.06871 5.71797 6.12462 6.90823 7.79678 8.23404 8.14901 7.59343 7.53081 6.91904 7.55056 7.61845 7.34678 7.11376 7.22627 7.60464 7.75735 8.34666 8.49909 8.53657 8.55325 8.56774 8.57736 8.58625 8.59286 8.60013 8.60587 8.59415 5.71543 3.48263 -9999 -9999 -9999 -9999 -9999 -9999
-9999 -9999 -9999 -9999 9.07722 9.22484 9.60634 10.5794 11.0879 11.2998 11.3011 11.4048 11.2483 10.7262 10.1907 9.68677 9.03342 9.42555 10.4432 11.0473 11.1249 9.9666 10.5833 10.3643 9.92407 8.62228 7.66478 7.16067 5.63164 4.31986 3.20566 1.66432 2.33683 3.07708 4.0257 5.61524 6.69216 7.14239 6.78832 7.29427 8.31473 8.33494 7.79948 7.85033 7.53242 6.69091 7.5985 7.86481 7.67748 7.74474 7.68317 7.83293 8.09366 8.34325 8.51326 8.54699 8.56167 8.56854 8.58027 8.59346 8.59522 8.60948 8.61529 8.61499 6.76222 3.44273 -9999 -9999 -9999 -9999 -9999 -9999
-9999 -9999 -9999 -9999 -9999 8.57829 9.44291 10.7329 11.0534 11.0316 11.3051 11.3371 11.0914 10.8803 10.2278 9.3326 7.60206 8.05772 8.99545 10.3421 11.0544 10.9692 10.5876 9.9177 8.28421 6.85538 6.68862 6.461 5.34714 4.33783 3.0981 3.83028 4.63195 5.50868 5.97467 5.86766 6.79214 7.54873 7.24612 7.86369 8.58232 8.27761 8.10369 7.96033 7.59027 7.58249 7.63848 8.16049 7.82508 8.05536 8.07472 8.07683 8.21072 8.36233 8.52049 8.55674 8.56918 8.58353 8.57872 8.59712 8.60172 8.60699 8.61351 8.61539 8.46141 6.68182 5.62342 -9999 -9999 -9999 -9999 -9999
-9999 -9999 -9999 -9999 -9999 7.78741 8.22105 9.74797 10.2195 10.8992 11.2644 11.2899 10.8684 10.6386 9.66055 9.35161 7.75184 7.03363 7.66434 7.43812 9.28781 10.9252 10.58 7.30303 6.12132 5.28054 5.5064 5.51617 5.21168 3.49062 3.02372 4.5775 5.55964 6.32327 6.90557 7.03595 7.02822 8.20459 8.37237 8.76426 8.69635 8.74606 8.17353 7.82514 8.16003 7.80937 7.76234 8.30109 7.80079 8.28187 8.24078 8.11508 8.12158 8.44203 8.51708 8.56229 8.57654 8.57636 8.57293 8.57668 8.59968 8.60866 8.60581 8.6214 8.61985 8.42426 7.51003 7.20118 7.57793 -9999 -9999 -9999
-9999 -9999 -9999 -9999 -9999 -9999 6.80484 8.92512 9.89294 10.4081 11.1312 11.2265 11.006 10.6009 9.6047 8.73031 7.30141 5.66773 4.8069 7.42666 9.70768 10.9026 10.7561 8.02993 6.95906 6.91726 7.56104 7.03252 6.63354 5.32672 4.94375 4.40834 4.75352 5.81374 6.68289 7.52176 8.13539 8.19708 8.60078 8.8386 8.87119 8.95603 8.90185 8.86059 8.31095 8.7182 8.40141 8.59315 8.49473 8.40708 8.3328 8.02264 8.26559 8.48187 8.54703 8.57611 8.57562 8.5846 8.58806 8.58144 8.58622 8.59857 8.61087 8.61522 8.63025 8.63851 8.55042 8.00685 7.27359 6.34279 -9999 -9999
-9999 -9999 -9999 -9999 -9999 -9999 5.75136 7.86164 8.87742 10.1905 10.8692 11.1506 11.125 10.7987 10.0444 8.90351 7.9552 6.12992 4.23399 6.98281 9.43182 10.7581 10.8374 8.54795 9.19396 8.68749 8.90359 7.96895 7.58545 7.2801 6.6122 5.88129 5.08065 4.66337 6.60032 7.60067 8.40851 8.79632 9.02157 9.14109 9.09776 8.96768 8.12692 8.79405 8.77635 8.72675 8.66757 8.64668 8.59409 8.52921 8.49601 8.49339 8.29168 8.54955 8.55742 8.57255 8.58546 8.59094 8.59087 8.59269 8.59246 8.60643 8.61266 8.61896 8.62827 8.64366 8.65276 8.63805 8.50533 7.24966 6.50473 6.30898
-9999 -9999 -9999 -9999 -9999 -9999 2.79711 5.86502 8.3257 9.61877 10.6723 10.9693 11.0869 10.6453 10.3183 9.50358 8.73285 7.53746 5.74099 4.63899 6.69905 9.68945 10.7964 10.7198 10.66 10.0734 9.54537 9.48609 9.53489 8.91468 8.01335 6.83373 6.47384 6.06716 7.5126 7.71837 7.62526 9.21519 9.23165 9.15535 8.56554 7.90344 8.04617 7.64297 7.98026 7.49662 7.97011 8.3813 8.54401 8.54617 8.50714 8.51558 8.50509 8.56186 8.57323 8.57831 8.58493 8.59407 8.60032 8.59448 8.59698 8.61698 8.61899 8.6242 8.63039 8.64759 8.65994 8.65296 8.64801 8.46808 8.18948 7.64652
-9999 -9999 -9999 -9999 -9999 -9999 2.92984 5.50592 7.69777 9.01448 10.2831 10.5849 11.0201 10.939 10.5957 9.88882 9.00299 8.02101 6.48123 5.33946 6.72131 8.7092 10.1359 10.6531 10.6554 10.6303 10.5045 10.4575 10.3093 10.2016 9.55833 8.4463 7.82145 6.9028 8.51254 8.70306 8.46453 9.27475 9.24736 8.05358 7.13916 7.03742 7.61704 7.093 7.01511 6.69469 7.08823 8.1181 7.83757 7.91023 8.38384 8.47317 8.53707 8.56258 8.57156 8.5814 8.5856 8.59891 8.6124 8.607 8.61165 8.62095 8.61728 8.62918 8.63185 8.64161 8.64892 8.65221 8.64882 8.60853 8.56479 8.64613
-9999 -9999 -9999 -9999 -9999 -9999 2.98763 4.71797 6.6915 8.62717 9.98145 10.5337 10.9388 10.9451 10.544 10.1981 9.64676 8.78399 8.19558 7.16575 5.74812 8.15284 8.89583 9.56052 9.84605 10.5381 10.5302 10.2258 9.86336 10.2099 10.122 9.24274 8.96038 8.4771 9.37718 9.39035 9.37721 9.34153 8.3344 6.93007 5.81057 6.63941 6.48297 6.87062 5.72793 6.69819 7.48051 7.74399 7.23634 6.86312 8.07331 8.28797 8.41874 8.50686 8.56885 8.5691 8.59358 8.5989 8.60794 8.61689 8.61977 8.62703 8.63047 8.634 8.6394 8.65045 8.65223 8.653 8.66735 8.65215 8.65537 8.66237
-9999 -9999 -9999 -9999 -9999 -9999 -9999 3.70047 6.19735 8.43076 9.67846 10.4669 10.8563 10.8597 10.6596 10.4279 10.09 9.47039 8.6892 7.44835 6.52976 7.12974 7.85766 7.94802 8.43595 9.83298 10.3161 9.65298 7.994 8.98602 10.0892 10.0812 9.99788 9.90382 9.77956 9.67029 9.41838 8.72469 6.5753 6.16406 5.32931 5.43925 5.01802 5.9814 5.64281 6.6333 7.07061 7.24445 6.35586 6.56005 7.63793 8.07091 8.01415 8.28448 8.54214 8.56274 8.58233 8.5886 8.6067 8.6217 8.63092 8.63456 8.6405 8.64891 8.64493 8.66576 8.60077 8.56395 8.47341 8.61964 8.64712 8.67671
-9999 -9999 -9999 -9999 -9999 -9999 -9999 3.20313 5.69847 8.32747 9.17792 10.0273 10.762 10.7863 10.4749 10.1795 9.87496 9.52678 8.57681 7.65583 6.77688 6.48858 6.67776 6.67139 7.45519 9.27269 9.63202 9.49185 7.76137 7.18373 8.65463 9.89256 9.99947 9.89864 8.46444 8.78347 8.01558 6.97039 6.69188 6.24197 5.27724 5.76136 5.05868 5.37952 5.31314 5.8814 6.16565 6.83871 6.06592 6.08271 7.14172 7.68025 7.70653 8.27069 8.48007 8.5444 8.57022 8.59249 8.60803 8.63013 8.63876 8.64468 8.64826 8.63654 8.58864 8.41219 7.38588 7.40251 7.70476 7.99148 8.50463 8.66316
-9999 -9999 -9999 -9999 -9999 -9999 -9999 3.49148 5.22594 7.55991 9.29144 9.40931 10.2565 10.6989 10.3594 9.97587 9.58337 9.4178 8.38289 7.24495 6.32744 5.23933 5.43033 6.22883 7.52605 8.70358 8.92191 8.68991 7.76498 8.21434 9.22086 9.76021 9.9267 9.81459 9.51088 9.34038 8.77802 8.54127 7.75638 6.52248 6.04445 6.36864 5.0586 5.16461 5.6676 5.16359 6.03455 6.45854 5.45641 6.28151 7.21584 7.69999 8.12479 8.33273 8.42344 8.55554 8.57177 8.59496 8.61374 8.62554 8.63924 8.63392 8.63214 8.53551 8.38631 7.42622 7.04128 7.13607 7.60176 8.0113 8.44925 8.63251
-9999 -9999 -9999 -9999 -9999 -9999 -9999 3.78605 5.34882 7.37395 8.61132 8.84074 9.77925 10.6151 10.5332 10.1338 10.0195 9.60517 8.72901 7.76008 6.69994 6.18978 5.0034 6.19139 7.13066 8.1295 8.60192 7.84261 7.46905 8.15885 8.84478 9.12513 9.81814 9.8226 9.61143 8.66423 8.20853 8.41819 8.22971 7.89062 7.04538 7.02022 6.48223 6.26725 6.06503 5.37995 5.84055 5.89895 6.03889 7.02067 7.51349 7.84469 8.14703 8.23617 8.37502 8.55124 8.57882 8.59796 8.61062 8.62721 8.62893 8.59644 8.57141 8.36233 7.98137 7.25815 6.08389 6.94163 7.83784 8.12173 8.39733 8.54458
-9999 -9999 -9999 -9999 -9999 -9999 -9999 3.52154 5.18137 6.91369 7.64367 7.77581 9.46634 10.5055 10.5177 10.3338 10.1173 9.0783 9.15047 8.95105 7.99575 6.59937 5.06464 5.21961 6.14963 7.46335 7.90545 6.64706 6.21103 6.54999 7.58207 8.50717 9.47281 9.72642 9.45765 7.9769 6.40285 7.15048 7.94874 7.95695 7.73914 6.95627 6.71666 6.50111 5.93377 4.96688 5.12366 5.41066 6.52889 6.89039 7.44125 7.90094 7.74621 7.85798 8.29807 8.55625 8.5788 8.59652 8.61803 8.62595 8.625 8.54648 8.46266 8.31264 7.29614 6.66955 5.75556 6.85787 7.47335 7.81951 8.40594 8.55651
-9999 -9999 -9999 -9999 -9999 -9999 -9999 3.01065 4.2179 5.87427 6.54773 7.61633 9.21451 10.0059 10.3907 10.3929 10.2521 9.79269 9.52066 8.97432 7.98014 6.6168 5.10006 4.11612 4.63148 6.39621 6.82444 5.66209 5.08011 5.82882 6.92817 8.55092 9.48292 9.61851 9.54666 9.25057 8.10459 6.71776 6.73484 7.44899 6.87464 6.2052 6.59349 6.53716 5.97704 5.57327 5.33419 5.51216 6.15244 6.42532 7.05957 7.98906 8.13379 8.12128 8.52029 8.55298 8.57537 8.60333 8.61633 8.62633 8.6284 8.56688 8.41212 7.74007 7.15593 6.33784 6.24922 7.23658 7.68027 8.09306 8.38802 8.49364
-9999 -9999 -9999 -9999 -9999 -9999 -9999 2.13086 3.54975 5.10214 6.55648 7.93312 9.11949 9.22072 9.85147 9.86119 10.1967 10.1142 9.68907 9.2306 8.37548 6.62122 5.14766 3.53959 3.97628 5.77832 6.01501 5.2449 3.81313 5.31336 6.96681 8.46651 9.28354 8.66309 9.32209 9.28061 8.85867 8.03799 6.75545 6.79243 5.83472 5.80532 6.31664 6.49148 6.42165 6.12184 5.63809 5.74243 6.13653 6.24722 6.83125 7.55542 8.26363 8.3939 8.53989 8.55906 8.57468 8.59896 8.61385 8.61292 8.59102 8.526 7.9647 7.29466 6.88737 6.32163 6.26552 7.3981 7.86667 8.1334 8.39019 8.5001
-9999 -9999 -9999 -9999 -9999 -9999 -9999 -9999 3.40537 5.00894 6.19825 6.52597 7.5817 8.1566 8.60391 8.71127 9.96834 10.0476 9.78196 9.36171 8.63394 7.30529 6.38261 4.84062 3.73505 4.20452 4.41932 4.84001 4.72987 5.40497 6.99435 8.64989 8.8405 7.8072 7.97344 8.20373 8.7055 8.46907 6.71704 5.83309 5.10165 5.64294 6.21184 6.35942 6.39948 6.30543 6.20277 6.0031 6.76071 7.32487 7.46625 7.95978 8.32768 8.43912 8.52638 8.549 8.57177 8.58542 8.57832 8.57693 8.50167 8.31619 7.68664 6.15332 6.23959 6.08635 5.61926 6.72853 7.44201 8.07085 8.41167 8.51019
-9999 -9999 -9999 -9999 -9999 -9999 -9999 -9999 2.87479 4.72872 5.12836 5.10969 4.50959 4.80111 7.07487 7.54119 8.74723 9.88978 9.81723 9.40516 8.72494 7.93784 6.71345 4.97799 3.60104 3.0217 4.52429 5.99743 6.31088 6.78975 7.76794 7.96284 6.90644 5.91663 6.49031 6.84061 8.1426 8.3901 8.15154 7.1009 5.89802 5.27624 6.03799 6.15103 6.20903 6.23108 6.22647 6.21175 7.06452 7.5424 7.87809 8.0671 8.38498 8.47648 8.51501 8.55203 8.56007 8.5579 8.52339 8.48231 8.25538 7.97787 6.9378 6.07308 5.5392 4.85786 6.4394 6.92544 7.59303 8.02766 8.36682 8.45229
