Test_Spring_2018/01_18/Temp/20180102_001.txt
ncols	170
nrows	115
xllcorner	350000.000000
yllcorner	4445000.000000
cellsize	1000.000000
nodata_value	-9999.000000
[rows 32 to 63 of 115, columns 71 to 141 of 170]
9.01651 8.9845 8.60366 9.17063 9.69197 9.36173 9.14388 10.0048 9.9968 9.69169 8.98576 8.72184 8.44856 8.2782 7.37523 4.85547 2.58339 3.78993 3.8119 2.96614 4.46459 3.66351 1.58389 -1.34924 0.236348 -0.183222 -2.25992 -2.77429 -9999 -9999 -9999 -9999 -9999 -9999 -9999 -9999 -9999 -9999 -9999 -9999 -9999 -9999 -9999 -9999 -9999 -9999 -9999 -9999 -9999 -9999 -9999 -9999 -9999 -9999 -9999 -9999 -9999 -9999 -9999 -9999 -9999 -9999 -9999 -9999 -9999 -9999 -9999 -9999 -9999 -9999 -9999
8.68947 8.48612 8.31769 9.1645 9.1381 9.07917 9.38272 9.9139 10.0138 9.89013 9.5779 9.30663 9.01865 8.29975 7.26795 5.11047 2.52531 1.93361 3.1885 3.24242 3.4388 2.70811 1.79209 0.362621 1.52274 1.9699 0.602187 -1.18425 -2.33443 -9999 -9999 -9999 -9999 -9999 -9999 -9999 -9999 -9999 -9999 -9999 -9999 -9999 -9999 -9999 -9999 -9999 -9999 -9999 -9999 -9999 -9999 -9999 -9999 -9999 -9999 -9999 -9999 -9999 -9999 -9999 -9999 -9999 -9999 -9999 -9999 -9999 -9999 -9999 -9999 -9999 -9999
8.19535 7.8916 7.05363 7.56062 7.93919 8.65432 8.83026 8.92988 9.94226 9.88052 9.82559 9.38239 9.0265 8.44185 7.44859 6.03769 4.34054 1.39094 3.19856 4.61271 4.56989 4.48582 3.84222 2.4686 3.6071 3.65514 1.91148 -0.071783 -1.24424 -1.73252 -9999 -9999 -9999 -9999 -9999 -9999 -9999 -9999 -9999 -9999 -9999 -9999 -9999 -9999 -9999 -9999 -9999 -9999 -9999 -9999 -9999 -9999 -9999 -9999 -9999 -9999 -9999 -9999 -9999 -9999 -9999 -9999 -9999 -9999 -9999 -9999 -9999 -9999 -9999 -9999 -9999
7.5085 7.21569 6.19398 6.70412 7.38771 8.3604 8.85861 9.23473 9.5321 9.83559 9.79123 9.33785 8.01357 7.81809 7.75378 6.82847 4.89463 2.96345 2.45813 4.61887 5.23273 5.10001 5.57787 4.41333 4.95504 4.72484 4.10496 2.19635 0.453328 -0.271909 -1.69975 -9999 -9999 -9999 -9999 -9999 -9999 -9999 -9999 -9999 -9999 -9999 -9999 -9999 -9999 -9999 -9999 -9999 -9999 -9999 -9999 -9999 -9999 -9999 -9999 -9999 -9999 -9999 -9999 -9999 -9999 -9999 -9999 -9999 -9999 -9999 -9999 -9999 -9999 -9999 -9999
-9999 -9999 -9999 5.54779 6.48564 7.25569 8.2054 9.02025 9.42563 9.81925 9.77939 8.88073 8.43736 8.39186 7.78297 6.71587 6.04353 4.82501 3.5559 4.03133 5.87312 5.04459 6.34791 6.2311 6.46587 5.58478 3.9263 1.70729 0.411204 -0.238127 -1.39617 -9999 -9999 -9999 -9999 -9999 -9999 -9999 -9999 -9999 -9999 -9999 -9999 -9999 -9999 -9999 -9999 -9999 -9999 -9999 -9999 -9999 -9999 -9999 -9999 -9999 -9999 -9999 -9999 -9999 -9999 -9999 -9999 -9999 -9999 -9999 -9999 -9999 -9999 -9999 -9999
-9999 -9999 -9999 -9999 6.31236 6.89687 8.16565 8.81901 9.07946 9.719 9.71293 9.36786 9.10552 8.72823 8.23775 7.43393 6.54792 5.40143 5.28907 6.46467 6.47273 6.21936 6.40733 7.00881 6.84286 5.48494 3.14497 1.90389 -0.609592 -1.69054 -1.58581 -2.35382 -9999 -9999 -9999 -9999 -9999 -9999 -9999 -9999 -9999 -9999 -9999 -9999 0.476761 -9999 -9999 -9999 -9999 -9999 -9999 -9999 -9999 -9999 -9999 -9999 -9999 -9999 -9999 -9999 -9999 -9999 -9999 -9999 -9999 -4.26519 -9999 -9999 -9999 -9999 -9999
-9999 -9999 -9999 6.20124 6.9906 7.6035 8.396 8.46858 8.93638 9.67288 9.67622 9.4293 9.15125 8.53549 8.37734 7.91658 6.95519 6.75289 7.13272 7.30413 7.49954 7.61761 7.51068 7.25881 6.93518 6.06123 4.97149 4.23849 1.94014 0.777206 -0.338099 -2.02362 -3.34357 -9999 -9999 -9999 -9999 -9999 -9999 -9999 -0.369953 -0.439728 -0.417321 -0.0562638 0.953624 0.348356 -9999 -9999 -9999 -9999 -9999 -9999 -9999 -9999 -9999 -9999 -9999 -9999 -9999 -9999 -9999 -9999 -9999 -9999 -9999 -3.3468 -4.67788 -9999 -9999 -9999 -9999
-9999 -9999 -9999 6.4165 7.24751 7.65879 8.42841 8.86556 9.15102 9.40146 9.64044 9.59151 9.28454 8.8215 8.81695 8.18184 7.83609 7.58728 8.10345 8.20016 7.98385 7.71446 7.47581 6.81187 6.73033 6.51556 5.82232 4.6875 3.51827 1.83507 -0.450739 -2.69268 -4.50225 -9999 -9999 -9999 -9999 -9999 -9999 -0.171809 0.665958 1.16478 0.0807542 0.992812 1.8258 1.68397 0.866083 -9999 -9999 -9999 -9999 -9999 -9999 -9999 -9999 -9999 -9999 -9999 -9999 -9999 -9999 2.95765 1.59319 -1.15493 -2.56744 -3.41805 -4.6291 -9999 -9999 -9999 -9999
-9999 -9999 -9999 6.24863 7.23165 7.89526 8.48352 8.57148 9.1746 9.43513 9.55999 9.53681 9.46984 9.3783 8.82287 8.57972 7.74427 8.52936 8.49242 8.28525 7.48512 7.13501 5.76644 5.16134 5.02666 6.1682 5.31667 3.54366 1.32832 -1.33009 -1.50749 -2.39128 -4.00896 -9999 -9999 -9999 -9999 -9999 -9999 0.0912616 0.987668 1.7345 1.83666 0.758925 2.24484 2.18427 1.34084 1.14349 1.82097 2.16069 1.8984 2.70833 2.94009 2.5632 2.96031 -9999 -9999 -9999 -9999 3.16145 3.20822 3.24153 2.66827 -0.33326 -2.38579 -4.22975 -4.40675 -9999 -9999 -9999 -9999
-9999 -9999 -9999 6.93267 7.5352 7.83641 7.87926 8.40657 8.93287 9.25575 9.48912 9.43313 9.40582 9.37729 9.18215 8.73912 8.80998 8.76748 8.50643 6.9887 5.21869 5.98159 4.92807 2.68332 4.5028 5.4991 4.5352 2.38801 -0.101118 -0.915985 -0.886261 -2.11323 -3.68876 -9999 -9999 -9999 -2.35523 -1.06775 -0.962166 -0.587885 0.610144 1.51957 2.20111 2.66388 2.64538 2.14149 1.31621 0.419928 0.728902 2.31958 2.70176 3.02558 3.26604 2.91557 3.08777 3.50724 3.72017 3.757 3.64845 3.61741 3.64424 3.58512 3.04964 0.363181 -1.17737 -2.16314 -4.13825 -9999 -9999 -9999 -9999
-9999 -9999 -9999 6.54779 7.07085 7.49318 8.19994 8.26821 8.71218 8.97237 9.36416 9.40122 8.9275 9.30455 9.24692 9.16714 9.00679 8.77565 7.49304 5.72826 3.95955 3.14011 3.48303 2.12998 2.8205 3.83031 3.4565 2.14176 -0.075994 -0.391856 -0.908392 -2.96906 -4.95312 -9999 -9999 -4.85752 -2.38073 -0.639059 0.255674 0.527586 0.546701 1.69433 1.7771 3.01312 2.71774 1.0651 1.24229 0.592407 0.999373 1.57943 1.73267 2.57106 3.37387 3.51923 3.51497 3.77918 3.8272 3.83365 3.81856 3.62604 3.70234 3.70718 3.37026 1.42212 0.468031 -0.581298 -4.11068 -9999 -9999 -9999 -9999
-9999 -9999 -9999 6.81841 7.40406 8.04607 8.14408 8.6178 8.56136 8.41707 9.08006 9.3186 8.98165 8.73679 9.16491 9.12668 9.06096 8.95806 7.75229 6.35848 4.25231 2.9418 2.13991 1.56872 0.813566 1.33061 1.16789 0.951017 1.19306 0.581547 -0.634676 -1.84249 -4.10015 -5.32377 -9999 -4.72194 -3.60789 -1.5353 0.224639 1.33884 0.927492 2.23336 2.46894 3.22197 2.76906 1.76258 1.32658 1.28069 1.1419 2.01933 2.60556 3.02077 3.29367 3.63512 3.71616 3.79759 3.82695 3.83926 3.85178 3.83915 3.82404 3.77664 3.64492 2.74479 1.7934 -0.255057 -3.99428 -9999 -9999 -9999 -9999
-9999 -9999 5.09428 6.74916 7.73622 8.11401 8.38464 8.62224 8.79214 8.97062 9.13703 9.24915 9.19051 8.31134 8.37411 8.52241 9.00873 8.96585 8.85032 8.08526 5.52391 4.636 3.34362 1.66853 0.968519 1.3145 2.68147 2.6174 1.70724 0.693104 -0.706435 -1.59903 -2.98491 -5.64228 -5.40955 -4.2214 -3.3394 -1.9332 0.21958 1.72609 2.3937 2.64063 3.16701 3.43576 2.81865 2.23047 1.97863 1.51877 1.44747 1.44346 1.9707 2.38255 3.30193 3.6063 3.74065 3.80563 3.83691 3.85745 3.87748 3.87914 3.8532 3.84601 3.83061 3.75771 2.49275 -0.660465 -3.03925 -9999 -9999 -9999 -9999
-9999 -9999 -9999 6.44117 6.87135 6.97864 7.1717 7.57443 8.03974 8.70185 8.78047 9.14168 9.13195 8.37372 7.49858 8.24523 8.53706 8.84025 8.84239 8.7381 6.58656 5.45851 4.57001 2.96398 3.54072 4.0871 4.12623 3.79238 1.84464 -0.0953975 -2.33083 -4.42135 -4.52557 -5.65312 -5.06497 -4.28227 -2.26346 -0.845274 -0.274999 0.132052 2.31992 2.88434 3.07288 3.6271 2.85247 2.65087 2.06711 2.23094 2.17316 2.16917 0.565764 2.16188 2.24877 3.28412 3.74484 3.84294 3.86407 3.88705 3.88405 3.88209 3.86926 3.87175 3.84842 3.82307 2.99817 -0.998108 -3.0103 -9999 -9999 -9999 -9999
-9999 -9999 -9999 -9999 -9999 6.56493 6.89136 7.09795 7.46067 8.58684 8.88469 9.07985 9.08916 8.74646 7.8804 7.64612 7.79528 6.95047 7.64441 8.59653 8.56738 8.44663 6.55502 5.58782 6.52016 6.23351 4.81214 3.69304 2.5884 0.317781 -1.34414 -3.7393 -5.53944 -5.61213 -3.636 -1.99626 0.0466105 0.943591 0.420845 0.970261 2.05382 3.28487 3.87601 3.72679 2.91065 2.78999 1.89394 2.75984 2.82733 2.41397 2.05574 2.19037 2.69859 2.88757 3.69572 3.88533 3.91195 3.91034 3.90578 3.8943 3.88162 3.86372 3.84724 3.82799 3.78345 -0.32412 -3.52331 -9999 -9999 -9999 -9999
-9999 -9999 -9999 -9999 -9999 5.77688 5.97298 6.49986 7.86405 8.57374 8.85614 8.83846 8.96458 8.72045 7.95724 7.17411 6.43517 5.48525 6.01771 7.43797 8.27364 8.36487 6.70642 7.56618 7.2413 6.60353 4.74552 3.37566 2.64828 0.468408 -1.39732 -2.99199 -5.19305 -4.25845 -3.22933 -1.90654 0.322917 1.82433 2.43635 1.90819 2.59758 4.0154 4.01543 3.22779 3.2708 2.78829 1.56655 2.82348 3.17201 2.87805 2.94522 2.83301 3.01724 3.35924 3.68599 3.90054 3.9225 3.91774 3.90246 3.89404 3.88679 3.86309 3.85648 3.83727 3.8088 1.15487 -3.58413 -9999 -9999 -9999 -9999
-9999 -9999 -9999 -9999 -9999 -9999 5.05282 6.26427 8.07756 8.52084 8.47191 8.83993 8.8643 8.49389 8.1712 7.22221 5.92887 3.45242 4.0749 5.38187 7.26983 8.26043 8.12264 7.56785 6.60407 4.27559 2.23764 1.98831 1.6528 0.0612884 -1.37583 -3.14834 -2.12782 -1.01018 0.212331 0.851248 0.67661 1.96204 3.00836 2.55282 3.40035 4.39044 3.93001 3.65462 3.4224 2.86594 2.82554 2.87573 3.58654 3.08272 3.38086 3.38326 3.35825 3.52051 3.70843 3.90621 3.93175 3.924 3.91926 3.88725 3.88767 3.86798 3.84859 3.83034 3.80489 3.55805 1.00105 -0.528926 -9999 -9999 -9999
-9999 -9999 -9999 -9999 -9999 -9999 3.92812 4.52867 6.67752 7.33466 8.27964 8.77753 8.79275 8.17303 7.82455 6.41427 5.95162 3.6603 2.62004 3.49201 3.15125 5.75358 8.05655 7.55331 2.89519 1.20674 0.00189609 0.308741 0.30942 -0.135405 -2.58115 -3.25871 -1.07413 0.299125 1.3613 2.16497 2.32685 2.29132 3.93241 4.14366 4.67146 4.5471 4.58896 3.74883 3.22615 3.66865 3.14245 3.04672 3.78129 3.04387 3.69741 3.61421 3.40813 3.38989 3.81707 3.89707 3.9353 3.92982 3.90458 3.87461 3.85405 3.86038 3.84621 3.81465 3.80859 3.77774 3.46519 2.13951 1.67167 2.17545 -9999
-9999 -9999 -9999 -9999 -9999 -9999 -9999 2.51748 5.50673 6.86702 7.57863 8.58354 8.6976 8.36556 7.76739 6.33107 5.06743 3.01846 0.680108 -0.559756 3.13222 6.34565 8.02154 7.79962 3.9217 2.38997 2.3169 3.21553 2.45305 1.87392 0.0149788 -0.543972 -1.32003 -0.849549 0.634039 1.84327 3.00873 3.85374 3.91544 4.46074 4.77098 4.78921 4.88105 4.77559 4.6883 3.87754 4.42547 3.94762 4.19061 4.02276 3.8705 3.74047 3.27307 3.58992 3.86951 3.93548 3.94979 3.92397 3.91162 3.89131 3.85642 3.83619 3.82676 3.81665 3.79469 3.78736 3.7636 3.60867 2.80833 1.73937 0.390802
-9999 -9999 -9999 -9999 -9999 -9999 -9999 1.02015 3.99474 5.42289 7.26489 8.20935 8.58929 8.52972 8.0435 6.95028 5.30938 3.94173 1.33215 -1.37654 2.49877 5.95255 7.81434 7.91028 4.65257 5.55313 4.82107 5.11312 3.77458 3.21677 2.77669 1.81353 0.760044 -0.391235 -1.00395 1.71875 3.11303 4.23331 4.75728 5.04992 5.19197 5.1046 4.89163 3.67188 4.58862 4.53178 4.43262 4.32003 4.26192 4.15917 4.03931 3.96776 3.93624 3.62308 3.96099 3.94423 3.94023 3.93328 3.91581 3.89038 3.86732 3.84093 3.83301 3.81369 3.79454 3.77919 3.76544 3.74841 3.69765 3.47983 1.6711
-9999 -9999 -9999 -9999 -9999 -9999 -9999 -3.17055 1.16041 4.63949 6.45254 7.92913 8.32784 8.47145 7.8222 7.33481 6.15651 5.04087 3.32415 0.756602 -0.825831 2.07545 6.29462 7.84975 7.72708 7.62701 6.78064 6.01758 5.9187 5.97272 5.08625 3.79507 2.10491 1.57423 0.977091 3.00322 3.27158 3.11531 5.34285 5.33993 5.20481 4.3415 3.37797 3.55218 2.95195 3.39832 2.68444 3.32691 3.88131 4.08383 4.05914 3.97969 3.96302 3.92099 3.97197 3.96221 3.94382 3.92779 3.91534 3.89868 3.86461 3.84199 3.8437 3.81766 3.79711 3.77661 3.76531 3.75313 3.71357 3.67702 3.39279
-9999 -9999 -9999 -9999 -9999 -9999 -9999 -2.98344 0.657218 3.74463 5.59647 7.37305 7.7788 8.37278 8.23457 7.7246 6.69949 5.42114 4.00713 1.80351 0.164801 2.10303 4.90378 6.90796 7.62636 7.61703 7.56564 7.37167 7.29256 7.06677 6.90663 5.97698 4.38112 3.47558 2.15272 4.4115 4.65825 4.29602 5.41893 5.35414 3.63593 2.31305 2.14132 2.93799 2.16754 2.02564 1.54294 2.07243 3.50375 3.07732 3.1527 3.80017 3.89924 3.95885 3.96866 3.95537 3.94356 3.92391 3.91718 3.91057 3.87697 3.85727 3.84374 3.81139 3.79828 3.7738 3.75149 3.73192 3.70716 3.67307 3.58695
-9999 -9999 -9999 -9999 -9999 -9999 -9999 -2.90779 -0.46379 2.31386 5.04336 6.94134 7.70201 8.25366 8.23962 7.64827 7.135 6.33103 5.08622 4.23085 2.75081 0.722113 4.11054 5.14865 6.07558 6.46582 7.43051 7.40343 6.95621 6.4386 6.91169 6.76739 5.50181 5.08118 4.37496 5.62802 5.62343 5.58067 5.50515 4.05237 2.03617 0.423088 1.57041 1.32135 1.84665 0.19614 1.54214 2.62259 2.96801 2.221 1.66475 3.35637 3.62833 3.78685 3.88528 3.94698 3.92142 3.9303 3.91203 3.89894 3.88551 3.86317 3.84669 3.82439 3.80183 3.7786 3.75797 3.73121 3.70077 3.69177 3.64144
-9999 -9999 -9999 -9999 -9999 -9999 -9999 -9999 -1.91111 1.61592 4.76059 6.50771 7.6034 8.13304 8.1153 7.80918 7.45828 6.95707 6.05717 4.92891 3.15005 1.82858 2.6597 3.67707 3.79001 4.46442 6.42725 7.09516 6.13882 3.7822 5.16881 6.71283 6.68151 6.54272 6.38788 6.18972 6.01159 5.63057 4.62285 1.55178 0.942826 -0.266464 -0.137497 -0.761467 0.580372 0.0692189 1.44494 2.03686 2.25553 0.968898 1.23588 2.72968 3.31602 3.20874 3.56526 3.90451 3.90761 3.90937 3.89226 3.89182 3.88679 3.87332 3.85086 3.83197 3.81621 3.77904 3.77166 3.65034 3.56895 3.41158 3.58995
-9999 -9999 -9999 -9999 -9999 -9999 -9999 -9999 -2.61079 0.905539 4.61058 5.7948 6.97689 7.99609 8.00835 7.5448 7.10387 6.65027 6.13521 4.76791 3.44228 2.17684 1.749 1.99837 1.97841 3.07138 5.62931 6.12108 5.90495 3.44626 2.60853 4.67301 6.40675 6.53714 6.37246 4.31766 4.74646 3.6344 2.12877 1.70895 1.04574 -0.347391 0.312152 -0.710236 -0.282506 -0.403412 0.374339 0.749661 1.67597 0.553629 0.555498 2.02206 2.75798 2.76833 3.54111 3.81137 3.87624 3.88662 3.89197 3.88768 3.8925 3.87801 3.85938 3.83715 3.79291 3.69713 3.41488 1.92288 1.91749 2.3169 2.69451
-9999 -9999 -9999 -9999 -9999 -9999 -9999 -9999 -2.20505 0.232834 3.51968 5.95234 6.098 7.2768 7.8817 7.37847 6.81303 6.235 5.97885 4.49126 2.85817 1.53795 -0.0234704 0.228103 1.34097 3.1685 4.81896 5.11025 4.76333 3.44585 4.06281 5.46877 6.21221 6.4267 6.24581 5.79277 5.52786 4.70708 4.34714 3.20998 1.43612 0.732948 1.16619 -0.716504 -0.592857 0.0931646 -0.64785 0.559077 1.13266 -0.314458 0.825968 2.12252 2.78139 3.35641 3.62433 3.72631 3.88707 3.88368 3.89015 3.89029 3.88038 3.87297 3.83837 3.80852 3.64401 3.40476 2.01628 1.42858 1.53414 2.16532 2.7171
-9999 -9999 -9999 -9999 -9999 -9999 -9999 -9999 -1.79024 0.404122 3.25319 4.98559 5.28938 6.59765 7.76025 7.62237 7.03447 6.85084 6.24233 4.97972 3.58605 2.06357 1.32086 -0.379625 1.28473 2.60498 4.00167 4.65243 3.57052 3.02132 3.9785 4.92978 5.30587 6.26615 6.25022 5.9282 4.56267 3.89306 4.16578 3.87388 3.36816 2.1449 2.08336 1.29491 0.963981 0.650976 -0.346184 0.279446 0.335187 0.499562 1.86867 2.53965 2.98181 3.38324 3.48276 3.65284 3.87598 3.88853 3.8891 3.88043 3.87719 3.85271 3.77955 3.71674 3.39291 2.8253 1.77254 0.0659583 1.25275 2.4941 2.85454
-9999 -9999 -9999 -9999 -9999 -9999 -9999 -9999 -2.16742 0.16426 2.5983 3.61169 3.77766 6.15161 7.60246 7.59791 7.31563 6.9873 5.49363 5.57477 5.27142 3.89735 1.89866 -0.295725 -0.0954902 1.20541 3.05405 3.66139 1.87199 1.23386 1.69354 3.13496 4.42437 5.77075 6.1077 5.70394 3.58234 1.32806 2.36314 3.46955 3.45611 3.12206 1.98705 1.6216 1.29005 0.459858 -0.940582 -0.740978 -0.361197 1.19458 1.67937 2.43262 3.05684 2.81058 2.94208 3.53892 3.87806 3.88336 3.88181 3.88554 3.86991 3.84157 3.70313 3.55699 3.31683 1.8487 0.932887 -0.399789 1.12816 1.9718 2.41325
-9999 -9999 -9999 -9999 -9999 -9999 -9999 -9999 -2.89358 -1.20337 1.12294 2.05621 3.54913 5.79225 6.89196 7.41556 7.39707 7.17604 6.50364 6.09703 5.302 3.8727 1.92063 -0.24849 -1.66235 -0.95149 1.53837 2.12651 0.472091 -0.373161 0.66686 2.20337 4.48113 5.77966 5.94926 5.82445 5.38146 3.73375 1.74437 1.74391 2.73087 1.89172 0.91755 1.44195 1.33613 0.516283 -0.0821144 -0.447153 -0.229291 0.656436 1.01567 1.88709 3.17698 3.35502 3.31035 3.8489 3.86843 3.8734 3.88625 3.87784 3.86507 3.84092 3.72651 3.4798 2.49991 1.64441 0.457243 0.303607 1.65887 2.24482 2.79418
-9999 -9999 -9999 -9999 -9999 -9999 -9999 -9999 -4.14238 -2.15241 0.0264889 2.06621 3.9956 5.65519 5.77705 6.64916 6.64128 7.0952 6.9568 6.33317 5.66256 4.43018 1.92404 -0.18406 -2.4825 -1.88334 0.652542 0.988766 -0.123047 -2.17262 -0.0678833 2.25363 4.35689 5.49242 4.59063 5.50137 5.41912 4.79735 3.61021 1.76823 1.79567 0.413351 0.346161 1.04493 1.26672 1.14166 0.690603 -0.0252676 0.0923787 0.629214 0.75862 1.55886 2.55778 3.53421 3.69181 3.87176 3.87207 3.86736 3.87493 3.86911 3.84079 3.78261 3.66319 2.84036 1.86326 1.2583 0.42865 0.321011 1.8879 2.50251 2.84474
-9999 -9999 -9999 -9999 -9999 -9999 -9999 -9999 -9999 -2.35918 -0.107819 1.5563 1.99936 3.47382 4.26683 4.87898 5.00941 6.76903 6.85987 6.46213 5.84557 4.79354 2.89037 1.56274 -0.642195 -2.22851 -1.57976 -1.27596 -0.700516 -0.877454 0.0580279 2.28869 4.61273 4.86057 3.37374 3.58622 3.88905 4.57615 4.21684 1.70957 0.432057 -0.629681 0.11177 0.892121 1.07525 1.10589 0.946362 0.763421 0.463066 1.50904 2.28097 2.45393 3.12601 3.62018 3.75104 3.84772 3.85288 3.85825 3.85069 3.81367 3.78464 3.65081 3.36063 2.44102 0.240597 0.334909 0.0896692 -0.600454 0.927659 1.88753 2.74962
-9999 -9999 -9999 -9999 -9999 -9999 -9999 -9999 -9999 -3.11315 -0.507088 0.0380486 -0.00975803 -0.881639 -0.490248 2.70987 3.34885 5.03608 6.63344 6.50923 5.90417 4.91942 3.78354 2.02833 -0.450795 -2.42167 -3.24844 -1.1386 0.935991 1.35932 2.01677 3.38141 3.63578 2.11664 0.691447 1.48126 1.95412 3.77508 4.10143 3.73869 2.22489 0.495047 -0.411642 0.641856 0.775962 0.831916 0.836812 0.796046 0.750095 1.93496 2.58456 3.0328 3.27331 3.69656 3.79914 3.82675 3.85227 3.83676 3.80677 3.73087 3.64558 3.29678 2.87614 1.37476 0.121626 -0.662935 -1.65664 0.555943 1.20058 2.10294 2.68209
