Test_Spring_2018/01_18/Temp/20180101_022.txt
ncols	170
nrows	115
xllcorner	350000.000000
yllcorner	4445000.000000
cellsize	1000.000000
nodata_value	-9999.000000
[rows 32 to 63 of 115, columns 71 to 141 of 170]
9.1885 9.15581 8.76638 9.34611 9.87912 9.53655 9.31201 10.1922 10.1837 9.8713 9.14901 8.87867 8.59877 8.42413 7.50039 4.92342 2.59976 3.83325 3.85547 2.99039 4.52241 3.70301 1.57617 -1.42348 0.197461 -0.232049 -2.35433 -2.87847 -9999 -9999 -9999 -9999 -9999 -9999 -9999 -9999 -9999 -9999 -9999 -9999 -9999 -9999 -9999 -9999 -9999 -9999 -9999 -9999 -9999 -9999 -9999 -9999 -9999 -9999 -9999 -9999 -9999 -9999 -9999 -9999 -9999 -9999 -9999 -9999 -9999 -9999 -9999 -9999 -9999 -9999 -9999
8.85819 8.65015 8.47781 9.3436 9.31645 9.25444 9.55956 10.1028 10.2047 10.0779 9.75827 9.48053 9.1857 8.45023 7.3948 5.18829 2.54445 1.93903 3.22186 3.27658 3.47694 2.72926 1.79203 0.329696 1.51532 1.97184 0.57719 -1.25098 -2.42612 -9999 -9999 -9999 -9999 -9999 -9999 -9999 -9999 -9999 -9999 -9999 -9999 -9999 -9999 -9999 -9999 -9999 -9999 -9999 -9999 -9999 -9999 -9999 -9999 -9999 -9999 -9999 -9999 -9999 -9999 -9999 -9999 -9999 -9999 -9999 -9999 -9999 -9999 -9999 -9999 -9999 -9999
8.35703 8.0462 7.1891 7.7073 8.0942 8.82149 8.99858 9.1002 10.1352 10.0718 10.0154 9.56195 9.19779 8.59969 7.58372 6.14064 4.40481 1.38822 3.2361 4.68155 4.63709 4.55039 3.89144 2.48595 3.64918 3.69732 1.9194 -0.110532 -1.30999 -1.80978 -9999 -9999 -9999 -9999 -9999 -9999 -9999 -9999 -9999 -9999 -9999 -9999 -9999 -9999 -9999 -9999 -9999 -9999 -9999 -9999 -9999 -9999 -9999 -9999 -9999 -9999 -9999 -9999 -9999 -9999 -9999 -9999 -9999 -9999 -9999 -9999 -9999 -9999 -9999 -9999 -9999
7.65876 7.35898 6.31388 6.83522 7.53395 8.5259 9.03415 9.41554 9.71944 10.0296 9.98414 9.52042 8.16613 7.96608 7.90007 6.95357 4.97568 3.00039 2.48302 4.69173 5.31854 5.18182 5.66935 4.47736 5.03005 4.79337 4.16005 2.21299 0.427088 -0.315248 -1.77595 -9999 -9999 -9999 -9999 -9999 -9999 -9999 -9999 -9999 -9999 -9999 -9999 -9999 -9999 -9999 -9999 -9999 -9999 -9999 -9999 -9999 -9999 -9999 -9999 -9999 -9999 -9999 -9999 -9999 -9999 -9999 -9999 -9999 -9999 -9999 -9999 -9999 -9999 -9999 -9999
-9999 -9999 -9999 5.65645 6.61261 7.40074 8.3696 9.19981 9.61423 10.0167 9.97593 9.05702 8.60365 8.55705 7.93427 6.84282 6.15487 4.90824 3.60971 4.0949 5.9771 5.12861 6.45994 6.33899 6.5775 5.67492 3.98063 1.71422 0.385078 -0.279915 -1.46498 -9999 -9999 -9999 -9999 -9999 -9999 -9999 -9999 -9999 -9999 -9999 -9999 -9999 -9999 -9999 -9999 -9999 -9999 -9999 -9999 -9999 -9999 -9999 -9999 -9999 -9999 -9999 -9999 -9999 -9999 -9999 -9999 -9999 -9999 -9999 -9999 -9999 -9999 -9999 -9999
-9999 -9999 -9999 -9999 6.43873 7.03719 8.33421 8.99754 9.26384 9.91789 9.91183 9.55915 9.29105 8.90532 8.40371 7.58152 6.67508 5.50204 5.38623 6.58719 6.59405 6.33341 6.52391 7.13712 6.96552 5.5765 3.18343 1.91248 -0.65785 -1.76451 -1.65861 -2.44498 -9999 -9999 -9999 -9999 -9999 -9999 -9999 -9999 -9999 -9999 -9999 -9999 0.458022 -9999 -9999 -9999 -9999 -9999 -9999 -9999 -9999 -9999 -9999 -9999 -9999 -9999 -9999 -9999 -9999 -9999 -9999 -9999 -9999 -4.34349 -9999 -9999 -9999 -9999 -9999
-9999 -9999 -9999 6.3315 7.13677 7.76293 8.57293 8.64491 9.12102 9.87435 9.87808 9.62593 9.34194 8.71252 8.55087 8.07956 7.09604 6.88844 7.27579 7.44972 7.64791 7.76678 7.6554 7.39564 7.06243 6.16941 5.05279 4.30103 1.95263 0.759272 -0.382714 -2.1076 -3.45846 -9999 -9999 -9999 -9999 -9999 -9999 -9999 -0.416612 -0.486394 -0.461633 -0.0903361 0.944632 0.328163 -9999 -9999 -9999 -9999 -9999 -9999 -9999 -9999 -9999 -9999 -9999 -9999 -9999 -9999 -9999 -9999 -9999 -9999 -9999 -3.40583 -4.76526 -9999 -9999 -9999 -9999
-9999 -9999 -9999 6.55354 7.4025 7.82245 8.60905 9.0559 9.34384 9.60029 9.84516 9.79567 9.4823 9.00924 9.0048 8.35529 8.00134 7.74614 8.2728 8.37014 8.14708 7.86944 7.623 6.9415 6.85543 6.6359 5.92433 4.76129 3.56317 1.84115 -0.498112 -2.79231 -4.64414 -9999 -9999 -9999 -9999 -9999 -9999 -0.217051 0.640944 1.1527 0.0462006 0.981088 1.83534 1.69295 0.863916 -9999 -9999 -9999 -9999 -9999 -9999 -9999 -9999 -9999 -9999 -9999 -9999 -9999 -9999 3.0332 1.63939 -1.16919 -2.61193 -3.48002 -4.71662 -9999 -9999 -9999 -9999
-9999 -9999 -9999 6.38476 7.38906 8.067 8.66814 8.75799 9.37311 9.63802 9.76639 9.74347 9.67574 9.58276 9.01518 8.76661 7.91196 8.71397 8.67492 8.46135 7.64103 7.28054 5.87832 5.25658 5.11835 6.28252 5.40867 3.59261 1.32438 -1.39933 -1.57916 -2.48493 -4.14088 -9999 -9999 -9999 -9999 -9999 -9999 0.0498627 0.967915 1.73342 1.84004 0.740456 2.26259 2.20772 1.3484 1.1497 1.84545 2.19567 1.9288 2.76359 3.00273 2.61915 3.02676 -9999 -9999 -9999 -9999 3.23791 3.28687 3.32219 2.73739 -0.3303 -2.42745 -4.31122 -4.48727 -9999 -9999 -9999 -9999
-9999 -9999 -9999 7.08685 7.702 8.00931 8.05275 8.59191 9.12877 9.45769 9.69896 9.64257 9.61551 9.58707 9.38803 8.93516 9.00735 8.96313 8.69493 7.14122 5.32907 6.10659 5.02424 2.72725 4.58484 5.60005 4.61084 2.41172 -0.13693 -0.975808 -0.94458 -2.20167 -3.81453 -9999 -9999 -9999 -2.45539 -1.13884 -1.03032 -0.646547 0.580031 1.51192 2.2109 2.68681 2.67212 2.1627 1.32224 0.409115 0.728308 2.35791 2.75149 3.08774 3.33579 2.97922 3.15644 3.58654 3.80526 3.8438 3.73363 3.70277 3.73118 3.67186 3.1256 0.380683 -1.1929 -2.19904 -4.21514 -9999 -9999 -9999 -9999
-9999 -9999 -9999 6.70005 7.23401 7.66516 8.38474 8.45452 8.90878 9.17429 9.57406 9.61304 9.12972 9.51622 9.45798 9.3767 9.21255 8.97545 7.66258 5.8561 4.04508 3.20428 3.55349 2.16632 2.8691 3.89789 3.50895 2.16044 -0.111001 -0.437448 -0.970947 -3.07771 -5.10896 -9999 -9999 -5.01602 -2.48395 -0.703008 0.212473 0.491657 0.512878 1.68855 1.77575 3.04256 2.74469 1.06064 1.24544 0.584868 1.00455 1.60108 1.76064 2.61954 3.44578 3.59618 3.59322 3.86448 3.91445 3.92177 3.90703 3.71091 3.7898 3.79579 3.45251 1.46188 0.487921 -0.581046 -4.18895 -9999 -9999 -9999 -9999
-9999 -9999 -9999 6.9801 7.57812 8.23398 8.33376 8.81797 8.75661 8.60874 9.28774 9.53135 9.1881 8.93887 9.37753 9.33888 9.27159 9.16565 7.93132 6.50406 4.34777 3.00459 2.18271 1.59472 0.818044 1.34267 1.17214 0.94624 1.18967 0.557627 -0.691616 -1.92974 -4.23837 -5.49196 -9999 -4.87979 -3.74133 -1.62205 0.178179 1.31876 0.899968 2.23767 2.48139 3.25531 2.79579 1.77272 1.33136 1.28817 1.1498 2.05031 2.65345 3.07986 3.36137 3.71488 3.79911 3.88337 3.91414 3.92732 3.94066 3.92836 3.91365 3.86612 3.73261 2.81361 1.8442 -0.248435 -4.07071 -9999 -9999 -9999 -9999
-9999 -9999 5.22214 6.91103 7.91951 8.30515 8.58144 8.8242 8.99798 9.18004 9.3481 9.46404 9.4043 8.50664 8.57188 8.72411 9.22141 9.17688 9.05737 8.27296 5.65108 4.74125 3.41512 1.69805 0.97816 1.3275 2.72078 2.65072 1.71555 0.674167 -0.762843 -1.68169 -3.10176 -5.81953 -5.58368 -4.37025 -3.4692 -2.03139 0.170583 1.71243 2.3971 2.65219 3.19397 3.47238 2.84609 2.25085 1.99749 1.53128 1.46219 1.46161 2.00393 2.42711 3.3705 3.68381 3.82447 3.89184 3.92447 3.94593 3.96681 3.96896 3.94305 3.93655 3.92191 3.85009 2.55846 -0.664141 -3.09519 -9999 -9999 -9999 -9999
-9999 -9999 -9999 6.59763 7.03667 7.14571 7.34266 7.75425 8.23009 8.90677 8.98782 9.35799 9.34748 8.57276 7.67906 8.44326 8.74176 9.05118 9.05198 8.94319 6.74069 5.58376 4.67124 3.02455 3.60987 4.16382 4.19896 3.85269 1.85616 -0.132382 -2.42443 -4.56612 -4.67627 -5.8338 -5.23317 -4.43449 -2.37107 -0.921038 -0.337237 0.0804354 2.31981 2.89997 3.09695 3.6676 2.87969 2.67997 2.08749 2.25929 2.20425 2.20391 0.567712 2.20208 2.29365 3.35457 3.82787 3.93035 3.95251 3.97635 3.97356 3.97188 3.95926 3.96255 3.94062 3.91613 3.07442 -1.00998 -3.06605 -9999 -9999 -9999 -9999
-9999 -9999 -9999 -9999 -9999 6.72405 7.05736 7.26837 7.63927 8.7905 9.09569 9.29605 9.30647 8.95692 8.07135 7.83257 7.98525 7.12081 7.82877 8.80074 8.76809 8.64109 6.7027 5.7092 6.65779 6.35968 4.90113 3.75162 2.61691 0.290023 -1.4158 -3.8693 -5.71388 -5.79146 -3.77334 -2.09839 -0.0104374 0.906616 0.372768 0.936093 2.04689 3.30888 3.91709 3.76865 2.9385 2.82172 1.91012 2.80004 2.87328 2.4545 2.09171 2.23179 2.75429 2.94983 3.77797 3.97314 4.00184 4.00045 3.99596 3.98444 3.97187 3.95468 3.93898 3.92078 3.87701 -0.32119 -3.59095 -9999 -9999 -9999 -9999
-9999 -9999 -9999 -9999 -9999 5.91949 6.11951 6.65799 8.0529 8.77823 9.06754 9.0502 9.18001 8.93124 8.15155 7.35113 6.59573 5.6239 6.1671 7.61733 8.46901 8.55876 6.85874 7.73331 7.39621 6.73894 4.83374 3.42763 2.67851 0.444214 -1.47018 -3.10532 -5.36004 -4.40777 -3.35814 -2.00742 0.271283 1.8064 2.43302 1.89465 2.60214 4.05522 4.0591 3.25796 3.30647 2.81978 1.57527 2.86517 3.22591 2.92932 3.00162 2.8894 3.08067 3.43274 3.76867 3.98934 4.01262 4.00836 3.99285 3.98439 3.97749 3.954 3.94832 3.9301 3.90273 1.19095 -3.65332 -9999 -9999 -9999 -9999
-9999 -9999 -9999 -9999 -9999 -9999 5.17977 6.41821 8.27227 8.7251 8.6755 9.05245 9.07811 8.70011 8.37083 7.40092 6.07855 3.54574 4.18103 5.51546 7.44322 8.45268 8.30765 7.73577 6.74537 4.35921 2.26998 2.00964 1.66115 0.0284065 -1.44779 -3.26487 -2.22542 -1.08605 0.161263 0.812639 0.632987 1.94725 3.01794 2.55384 3.42306 4.43878 3.97184 3.69452 3.46162 2.89933 2.86284 2.9188 3.65002 3.13886 3.44737 3.45239 3.42974 3.59804 3.79203 3.99557 4.02253 4.01505 4.01037 3.97781 3.97863 3.95917 3.94037 3.92308 3.89875 3.64831 1.03525 -0.527051 -9999 -9999 -9999
-9999 -9999 -9999 -9999 -9999 -9999 4.03083 4.64452 6.84162 7.51303 8.47962 8.98922 9.00537 8.37231 8.01637 6.5749 6.10191 3.75863 2.69326 3.58295 3.23181 5.88945 8.24037 7.72131 2.95334 1.22175 -0.0155002 0.292939 0.288282 -0.171861 -2.67941 -3.37682 -1.14704 0.253709 1.33708 2.15693 2.32145 2.28492 3.96379 4.18148 4.72371 4.59978 4.64639 3.79151 3.26151 3.72064 3.18731 3.09398 3.84944 3.09936 3.77124 3.68869 3.48089 3.46461 3.90328 3.98641 4.02637 4.02132 3.99567 3.96509 3.94465 3.95178 3.93826 3.9073 3.90272 3.87307 3.55504 2.20159 1.72543 2.24288 -9999
-9999 -9999 -9999 -9999 -9999 -9999 -9999 2.58903 5.6454 7.03567 7.76347 8.79134 8.90838 8.56955 7.95821 6.48973 5.1976 3.10209 0.710232 -0.560772 3.21192 6.49461 8.20448 7.9733 4.00332 2.43219 2.35243 3.26619 2.48133 1.88402 -0.023374 -0.599376 -1.39692 -0.919221 0.59521 1.83004 3.02064 3.88449 3.94831 4.50748 4.82713 4.84887 4.94641 4.84261 4.75762 3.93508 4.49992 4.01568 4.26831 4.10053 3.94833 3.81777 3.34269 3.66906 3.9568 4.02562 4.04144 4.01547 4.00306 3.98241 3.94688 3.92755 3.91884 3.90975 3.88883 3.88315 3.86032 3.70394 2.88771 1.79687 0.420137
-9999 -9999 -9999 -9999 -9999 -9999 -9999 1.05903 4.10031 5.55982 7.44334 8.41071 8.79832 8.73753 8.24051 7.12271 5.44471 4.04581 1.37658 -1.39449 2.56448 6.09205 7.99225 8.08627 4.75087 5.66718 4.91384 5.2076 3.83396 3.2587 2.80238 1.81326 0.732218 -0.448064 -1.07674 1.70541 3.13003 4.27535 4.81179 5.11251 5.25994 5.17169 4.95908 3.71559 4.65701 4.60518 4.50806 4.39708 4.34159 4.24018 4.12096 4.05002 4.02057 3.70265 4.05078 4.03484 4.03156 4.02497 4.00742 3.98161 3.95824 3.93155 3.92445 3.90722 3.88909 3.87511 3.86238 3.8469 3.79705 3.57644 1.72907
-9999 -9999 -9999 -9999 -9999 -9999 -9999 -3.22503 1.20313 4.76204 6.61545 8.12379 8.53135 8.67814 8.01421 7.51574 6.31064 5.16934 3.41306 0.786329 -0.833559 2.1281 6.43926 8.02418 7.89488 7.78831 6.91841 6.13361 6.02792 6.07863 5.1661 3.84245 2.11043 1.56535 0.95217 3.02216 3.29551 3.13548 5.41385 5.41217 5.27599 4.39573 3.41116 3.59243 2.985 3.44747 2.72143 3.38223 3.95279 4.1633 4.1412 4.06195 4.04872 4.00783 4.06168 4.05291 4.03498 4.0192 4.00687 3.99015 3.95561 3.93283 3.93509 3.90996 3.89 3.87282 3.86245 3.8518 3.81326 3.77788 3.48928
-9999 -9999 -9999 -9999 -9999 -9999 -9999 -3.02952 0.691844 3.84818 5.73962 7.55585 7.97043 8.57756 8.43601 7.91428 6.86566 5.55788 4.11108 1.85648 0.179102 2.15889 5.01656 7.06254 7.79359 7.7786 7.72199 7.51947 7.43584 7.20055 7.03076 6.07628 4.44182 3.51293 2.15787 4.46591 4.71723 4.34658 5.49529 5.4302 3.67497 2.32449 2.15154 2.96641 2.18168 2.04236 1.55526 2.1002 3.56716 3.13556 3.21556 3.87934 3.98308 4.04621 4.05783 4.04549 4.03436 4.01496 4.0086 4.00226 3.96829 3.9486 3.93532 3.90297 3.89152 3.86774 3.84584 3.83014 3.8066 3.77359 3.6874
-9999 -9999 -9999 -9999 -9999 -9999 -9999 -2.94711 -0.453009 2.3865 5.17504 7.11526 7.8926 8.45626 8.4415 7.83638 7.311 6.48818 5.21432 4.33838 2.82329 0.746758 4.20913 5.26343 6.20806 6.60574 7.58822 7.55638 7.09485 6.55847 7.03844 6.88822 5.59101 5.15826 4.43398 5.71376 5.70815 5.66415 5.5873 4.10272 2.04254 0.395014 1.57052 1.31843 1.85534 0.173129 1.5536 2.66173 3.01817 2.26012 1.694 3.42522 3.70589 3.86987 3.97208 4.03643 4.0113 4.02116 4.0031 3.99023 3.977 3.95467 3.93844 3.9164 3.89425 3.87285 3.85256 3.82664 3.79527 3.78788 3.74124
-9999 -9999 -9999 -9999 -9999 -9999 -9999 -9999 -1.9277 1.67549 4.89013 6.67576 7.79534 8.33617 8.31733 8.00363 7.6441 7.13078 6.20959 5.05464 3.2341 1.88091 2.72847 3.76121 3.87365 4.55989 6.5634 7.24263 6.26091 3.84538 5.26039 6.83604 6.80113 6.65673 6.4964 6.29202 6.10902 5.71913 4.68895 1.54939 0.92828 -0.306563 -0.17262 -0.808336 0.562933 0.0457299 1.45544 2.06366 2.29015 0.977261 1.25142 2.78211 3.38394 3.27622 3.64247 3.99252 3.99673 3.99938 3.98259 3.98275 3.97819 3.96503 3.94102 3.9224 3.90713 3.87149 3.86467 3.74196 3.66025 3.50097 3.68511
-9999 -9999 -9999 -9999 -9999 -9999 -9999 -9999 -2.64394 0.95066 4.73825 5.94821 7.15604 8.19736 8.20907 7.73424 7.28251 6.81774 6.28996 4.89051 3.53341 2.23754 1.79782 2.05025 2.02171 3.13626 5.74863 6.24811 6.02369 3.5047 2.645 4.75318 6.52346 6.65459 6.48441 4.38193 4.81958 3.68212 2.1427 1.71405 1.03695 -0.386162 0.290001 -0.753474 -0.313945 -0.435994 0.36191 0.748313 1.69808 0.552903 0.555629 2.05831 2.81293 2.82536 3.61718 3.89492 3.9624 3.97399 3.98026 3.97657 3.98213 3.96795 3.94956 3.92757 3.8832 3.78627 3.50032 1.97537 1.97123 2.38114 2.76883
-9999 -9999 -9999 -9999 -9999 -9999 -9999 -9999 -2.22724 0.264535 3.62443 6.11092 6.25885 7.46327 8.08087 7.56535 6.98618 6.39405 6.13094 4.60841 2.93687 1.585 -0.0138027 0.240988 1.37621 3.23654 4.92126 5.21606 4.85822 3.5065 4.13462 5.56976 6.32768 6.54504 6.35846 5.89401 5.62234 4.78272 4.41474 3.25242 1.43939 0.721531 1.16599 -0.757526 -0.629276 0.0741461 -0.682154 0.554308 1.14311 -0.334447 0.833031 2.16092 2.83658 3.42628 3.70177 3.80738 3.97291 3.97043 3.97791 3.97882 3.9694 3.96251 3.92785 3.89813 3.73077 3.48712 2.06844 1.4697 1.57889 2.22565 2.79128
-9999 -9999 -9999 -9999 -9999 -9999 -9999 -9999 -1.80108 0.441611 3.3538 5.12416 5.43371 6.77044 7.95822 7.81618 7.21394 7.025 6.40148 5.10894 3.68219 2.1235 1.36191 -0.379299 1.31999 2.6614 4.08688 4.74952 3.63873 3.07453 4.05083 5.02129 5.4038 6.38399 6.36626 6.03587 4.63881 3.95374 4.23261 3.93447 3.418 2.16808 2.10633 1.30146 0.964579 0.646136 -0.372555 0.269223 0.328243 0.499132 1.89941 2.58743 3.04132 3.45341 3.5566 3.7318 3.96109 3.97492 3.9764 3.96834 3.96579 3.9415 3.86746 3.80405 3.47379 2.89435 1.81891 0.0760686 1.29079 2.56134 2.93139
-9999 -9999 -9999 -9999 -9999 -9999 -9999 -9999 -2.18464 0.198413 2.68615 3.72122 3.88978 6.31615 7.79861 7.79282 7.50299 7.166 5.63727 5.71873 5.40685 3.9999 1.95402 -0.292175 -0.0899392 1.23755 3.11927 3.73772 1.9037 1.24878 1.71657 3.18844 4.50508 5.88023 6.22346 5.80959 3.63943 1.33391 2.39227 3.52387 3.51061 3.16976 2.01009 1.63752 1.29974 0.452192 -0.975774 -0.7734 -0.383255 1.2085 1.70607 2.47804 3.11796 2.86762 3.00344 3.61496 3.96284 3.96924 3.96856 3.9732 3.95802 3.92983 3.78906 3.64044 3.39575 1.89544 0.959993 -0.40212 1.16298 2.02674 2.48292
-9999 -9999 -9999 -9999 -9999 -9999 -9999 -9999 -2.9249 -1.19786 1.17966 2.13274 3.65813 5.95067 7.07401 7.6082 7.58805 7.3607 6.67169 6.25433 5.43963 3.97617 1.97796 -0.242385 -1.6906 -0.966322 1.57086 2.1697 0.473956 -0.392594 0.668796 2.23805 4.56548 5.89184 6.06404 5.93546 5.48181 3.79653 1.76213 1.76178 2.77136 1.91385 0.918456 1.4556 1.34844 0.51125 -0.0994258 -0.472172 -0.246823 0.65867 1.02768 1.92035 3.24082 3.42424 3.37983 3.93168 3.95271 3.95876 3.97279 3.96503 3.95278 3.92888 3.8127 3.56125 2.56013 1.68625 0.473275 0.317203 1.70526 2.30581 2.87186
-9999 -9999 -9999 -9999 -9999 -9999 -9999 -9999 -4.19949 -2.166 0.0607204 2.14517 4.11685 5.81265 5.93602 6.82654 6.81718 7.27994 7.13692 6.49758 5.81005 4.5479 1.98308 -0.174879 -2.52763 -1.91754 0.672828 1.00617 -0.132958 -2.2309 -0.0806719 2.2914 4.44049 5.60025 4.67696 5.60735 5.52257 4.88636 3.67225 1.78876 1.81706 0.403996 0.335898 1.05119 1.27886 1.15196 0.691773 -0.0365094 0.082696 0.631307 0.765167 1.58492 2.60775 3.60748 3.76982 3.95492 3.95624 3.95236 3.96097 3.95585 3.92769 3.869 3.74769 2.90712 1.90884 1.29113 0.443693 0.3346 1.93739 2.5689 2.92298
-9999 -9999 -9999 -9999 -9999 -9999 -9999 -9999 -9999 -2.37507 -0.0743031 1.62604 2.07783 3.5843 4.39394 5.01861 5.15064 6.94851 7.03984 6.63143 5.99909 4.92129 2.97299 1.61305 -0.644121 -2.26883 -1.60891 -1.30813 -0.721914 -0.90494 0.0497013 2.32892 4.70383 4.95593 3.43444 3.65083 3.95983 4.66199 4.29435 1.73051 0.42434 -0.661009 0.0976659 0.896256 1.08427 1.11645 0.954244 0.771507 0.460425 1.53147 2.32223 2.50046 3.18897 3.69548 3.8304 3.93029 3.93651 3.9429 3.93601 3.89896 3.87007 3.734 3.43806 2.49852 0.249296 0.346605 0.0967333 -0.60803 0.956101 1.94297 2.82516
-9999 -9999 -9999 -9999 -9999 -9999 -9999 -9999 -9999 -3.14367 -0.480242 0.0758503 0.0256847 -0.867114 -0.468145 2.80288 3.45491 5.17872 6.81051 6.68174 6.06109 5.05201 3.88821 2.09095 -0.44668 -2.4647 -3.31468 -1.15991 0.952923 1.38368 2.05401 3.44767 3.70623 2.15149 0.693045 1.4998 1.98267 3.84426 4.17774 3.80675 2.25892 0.490333 -0.436383 0.641438 0.779238 0.837216 0.843056 0.803213 0.757961 1.96749 2.63308 3.0927 3.33984 3.77376 3.87969 3.90889 3.93588 3.92086 3.89099 3.81416 3.7277 3.37179 2.94243 1.40797 0.12739 -0.674024 -1.68928 0.574112 1.23484 2.16095 2.75558
