Test_Spring_2018/01_18/Temp/20180115_016.txt
ncols	170
nrows	115
xllcorner	350000.000000
yllcorner	4445000.000000
cellsize	1000.000000
nodata_value	-9999.000000
[rows 32 to 63 of 115, columns 72 to 143 of 170]
9.34484 8.97732 9.53193 10.042 9.71559 9.49544 10.3352 10.3292 10.0341 9.34915 9.09439 8.8306 8.66699 7.79049 5.34069 3.13172 4.30742 4.33019 3.50827 4.96702 4.18781 2.16411 -0.690465 0.85156 0.442192 -1.59084 -2.10139 -9999 -9999 -9999 -9999 -9999 -9999 -9999 -9999 -9999 -9999 -9999 -9999 -9999 -9999 -9999 -9999 -9999 -9999 -9999 -9999 -9999 -9999 -9999 -9999 -9999 -9999 -9999 -9999 -9999 -9999 -9999 -9999 -9999 -9999 -9999 -9999 -9999 -9999 -9999 -9999 -9999 -9999 -9999 -9999 -9999
8.86461 8.70388 9.53091 9.50815 9.44424 9.73287 10.2518 10.3508 10.2323 9.93039 9.66845 9.3903 8.69287 7.69094 5.59356 3.0799 2.50575 3.72819 3.7817 3.97347 3.2628 2.37141 0.980058 2.10819 2.54231 1.20571 -0.549435 -1.67843 -9999 -9999 -9999 -9999 -9999 -9999 -9999 -9999 -9999 -9999 -9999 -9999 -9999 -9999 -9999 -9999 -9999 -9999 -9999 -9999 -9999 -9999 -9999 -9999 -9999 -9999 -9999 -9999 -9999 -9999 -9999 -9999 -9999 -9999 -9999 -9999 -9999 -9999 -9999 -9999 -9999 -9999 -9999 -9999
8.29111 7.47894 7.97535 8.34669 9.02638 9.20088 9.2995 10.2864 10.2281 10.1766 9.74733 9.40309 8.83627 7.87181 6.50087 4.85126 1.98274 3.74299 5.12006 5.07908 4.9976 4.3713 3.0343 4.1414 4.18717 2.47588 0.528991 -0.612834 -1.08872 -9999 -9999 -9999 -9999 -9999 -9999 -9999 -9999 -9999 -9999 -9999 -9999 -9999 -9999 -9999 -9999 -9999 -9999 -9999 -9999 -9999 -9999 -9999 -9999 -9999 -9999 -9999 -9999 -9999 -9999 -9999 -9999 -9999 -9999 -9999 -9999 -9999 -9999 -9999 -9999 -9999 -9999 -9999
7.63868 6.64773 7.1472 7.81533 8.7537 9.23285 9.60146 9.89256 10.1897 10.1485 9.70933 8.4228 8.23468 8.17415 7.27574 5.39583 3.51831 3.02795 5.13148 5.72947 5.60061 6.06549 4.93186 5.45817 5.23308 4.61881 2.74876 1.04367 0.337079 -1.0529 -9999 -9999 -9999 -9999 -9999 -9999 -9999 -9999 -9999 -9999 -9999 -9999 -9999 -9999 -9999 -9999 -9999 -9999 -9999 -9999 -9999 -9999 -9999 -9999 -9999 -9999 -9999 -9999 -9999 -9999 -9999 -9999 -9999 -9999 -9999 -9999 -9999 -9999 -9999 -9999 -9999 -9999
-9999 -9999 6.02747 6.93247 7.68486 8.60276 9.39823 9.79442 10.1793 10.1424 9.27002 8.84072 8.79859 8.20823 7.17192 6.51958 5.33556 4.10201 4.56565 6.35843 5.55245 6.82044 6.70614 6.9336 6.07494 4.44194 2.27787 1.0073 0.374306 -0.753382 -9999 -9999 -9999 -9999 -9999 -9999 -9999 -9999 -9999 -9999 -9999 -9999 -9999 -9999 -9999 -9999 -9999 -9999 -9999 -9999 -9999 -9999 -9999 -9999 -9999 -9999 -9999 -9999 -9999 -9999 -9999 -9999 -9999 -9999 -9999 -9999 -9999 -9999 -9999 -9999 -9999 -9999
-9999 -9999 -9999 6.76943 7.34109 8.57764 9.20803 9.46315 10.0873 10.0833 9.74968 9.49662 9.13175 8.65672 7.87672 7.01658 5.90272 5.79481 6.93975 6.94816 6.70173 6.88425 7.46866 7.3059 5.97343 3.68685 2.47696 0.0185533 -1.0348 -0.93408 -1.68217 -9999 -9999 -9999 -9999 -9999 -9999 -9999 -9999 -9999 -9999 -9999 -9999 1.09566 -9999 -9999 -9999 -9999 -9999 -9999 -9999 -9999 -9999 -9999 -9999 -9999 -9999 -9999 -9999 -9999 -9999 -9999 -9999 -9999 -3.47378 -9999 -9999 -9999 -9999 -9999 -9999 -9999
-9999 -9999 6.67471 7.43603 8.03421 8.80715 8.87207 9.32961 10.0481 10.0534 9.81527 9.54704 8.95029 8.79881 8.3528 7.41946 7.22448 7.59556 7.76338 7.95403 8.06887 7.96422 7.71797 7.40141 6.53251 5.46941 4.75337 2.51185 1.37043 0.28357 -1.35767 -2.64264 -9999 -9999 -9999 -9999 -9999 -9999 -9999 0.264244 0.199248 0.223892 0.577919 1.56308 0.97637 -9999 -9999 -9999 -9999 -9999 -9999 -9999 -9999 -9999 -9999 -9999 -9999 -9999 -9999 -9999 -9999 -9999 -9999 -9999 -2.57844 -3.86935 -9999 -9999 -9999 -9999 -9999 -9999
-9999 -9999 6.88167 7.69192 8.09369 8.84418 9.27123 9.54424 9.78975 10.0244 9.97904 9.68284 9.23489 9.23311 8.61766 8.28359 8.04351 8.54736 8.64251 8.43247 8.17012 7.93702 7.28943 7.20796 6.98061 6.30267 5.19498 4.05389 2.4036 0.17727 -2.00582 -3.76755 -9999 -9999 -9999 -9999 -9999 -9999 0.456944 1.27522 1.76371 0.711901 1.60218 2.41523 2.2794 1.47212 -9999 -9999 -9999 -9999 -9999 -9999 -9999 -9999 -9999 -9999 -9999 -9999 -9999 -9999 3.53894 2.21606 -0.453153 -1.82281 -2.64587 -3.81987 -9999 -9999 -9999 -9999 -9999 -9999
-9999 -9999 6.72465 7.68253 8.32959 8.90338 8.99046 9.5798 9.82833 9.95197 9.93186 9.86938 9.78318 9.24563 9.01188 8.20155 8.96773 8.9335 8.733 7.95478 7.6137 6.2808 5.69004 5.54186 6.6488 5.81609 4.08665 1.92688 -0.671275 -0.847935 -1.70995 -3.28535 -9999 -9999 -9999 -9999 -9999 -9999 0.715582 1.59121 2.32129 2.42391 1.37815 2.82657 2.75744 1.93821 1.74732 2.4074 2.73865 2.47482 3.26662 3.49364 3.12861 3.51702 -9999 -9999 -9999 -9999 3.72911 3.77921 3.81649 3.26371 0.348149 -1.64406 -3.43352 -3.60475 -9999 -9999 -9999 -9999 -9999 -9999
-9999 -9999 7.39674 7.98408 8.27822 8.32104 8.83543 9.34982 9.65964 9.8865 9.83485 9.81141 9.78697 9.60047 9.17264 9.24456 9.20571 8.95357 7.47789 5.75589 6.49767 5.47244 3.28081 5.03929 6.0041 5.06122 2.96682 0.539805 -0.265025 -0.24056 -1.43704 -2.9743 -9999 -9999 -9999 -1.67335 -0.417854 -0.311893 0.0558373 1.22524 2.11377 2.7821 3.23549 3.21264 2.72038 1.91856 1.04724 1.34836 2.89641 3.2684 3.57781 3.8129 3.47322 3.63978 4.0503 4.26033 4.29949 4.19769 4.17178 4.20256 4.15 3.63406 1.02789 -0.465915 -1.42012 -3.3385 -9999 -9999 -9999 -9999 -9999 -9999
-9999 -9999 7.02425 7.53399 7.94584 8.63528 8.70297 9.13659 9.39216 9.77096 9.81008 9.35257 9.72314 9.67081 9.59681 9.44409 9.22193 7.9759 6.25984 4.53899 3.74082 4.06884 2.74908 3.40932 4.38683 4.01718 2.72696 0.563587 0.251298 -0.262012 -2.27022 -4.20248 -9999 -9999 -4.1084 -1.69612 0.00160647 0.875779 1.14426 1.16687 2.28749 2.37166 3.57756 3.28622 1.67651 1.84999 1.21926 1.61533 2.17527 2.32432 3.13255 3.91706 4.05986 4.05744 4.31673 4.36619 4.37577 4.36496 4.18204 4.26114 4.27101 3.9485 2.0582 1.13505 0.115871 -3.31158 -9999 -9999 -9999 -9999 -9999 -9999
-9999 -9999 7.29086 7.86109 8.48642 8.58276 9.04513 8.99523 8.85716 9.50468 9.736 9.41189 9.17769 9.59843 9.56525 9.50494 9.40782 8.23673 6.88166 4.83232 3.55606 2.77025 2.2107 1.45842 1.95566 1.79124 1.57412 1.80376 1.20159 0.00713761 -1.17148 -3.37035 -4.56185 -9999 -3.9745 -2.88802 -0.867999 0.84842 1.93688 1.54099 2.81591 3.04901 3.77955 3.34115 2.36023 1.93241 1.88805 1.753 2.60659 3.17689 3.57339 3.8397 4.17513 4.25552 4.3368 4.36803 4.38332 4.39945 4.39171 4.38203 4.34127 4.21863 3.3483 2.42522 0.436926 -3.1947 -9999 -9999 -9999 -9999 -9999 -9999
-9999 5.62623 7.22997 8.19042 8.55835 8.82245 9.05493 9.2221 9.39842 9.56559 9.67778 9.62174 8.7707 8.83634 8.98504 9.46223 9.42377 9.31369 8.57045 6.07809 5.21042 3.94464 2.30989 1.61648 1.94644 3.26965 3.20041 2.30813 1.31514 -0.0576205 -0.932015 -2.283 -4.86957 -4.64282 -3.48515 -2.62426 -1.25237 0.846662 2.31723 2.97158 3.2164 3.72838 3.99282 3.39049 2.81652 2.57186 2.12436 2.05463 2.05016 2.56255 2.95623 3.85106 4.14821 4.28207 4.34724 4.3803 4.40362 4.42715 4.43343 4.41337 4.41192 4.40265 4.33523 3.10965 0.0445549 -2.26355 -9999 -9999 -9999 -9999 -9999 -9999
-9999 -9999 6.93658 7.35483 7.45931 7.64775 8.0408 8.49541 9.14238 9.22201 9.57725 9.57331 8.83828 7.99163 8.72292 9.01115 9.30967 9.3142 9.21395 7.11536 6.01485 5.14607 3.57793 4.12642 4.65065 4.68108 4.34862 2.44604 0.551483 -1.63492 -3.67332 -3.77765 -4.8777 -4.30483 -3.54157 -1.57429 -0.190451 0.369041 0.770102 2.90405 3.45505 3.6393 4.18092 3.42881 3.23095 2.66305 2.82213 2.76524 2.76048 1.19933 2.74543 2.8304 3.83873 4.2881 4.38673 4.40992 4.43565 4.43685 4.43973 4.43257 4.44067 4.42225 4.40189 3.60426 -0.279593 -2.23107 -9999 -9999 -9999 -9999 -9999 -9999
-9999 -9999 -9999 -9999 7.0623 7.3804 7.58256 7.93736 9.03595 9.32906 9.52294 9.53655 9.20801 8.3701 8.14715 8.2968 7.47843 8.15491 9.08097 9.05103 8.93035 7.08509 6.13254 7.03226 6.74534 5.35407 4.25697 3.17425 0.957538 -0.67099 -3.00612 -4.76085 -4.83316 -2.9103 -1.3136 0.677268 1.55417 1.05035 1.59019 2.64671 3.84824 4.42646 4.28353 3.49089 3.37172 2.49972 3.34172 3.40647 3.00313 2.65337 2.77744 3.27229 3.45698 4.24475 4.43134 4.46041 4.46227 4.46203 4.45573 4.4488 4.43569 4.42496 4.41145 4.3731 0.380907 -2.72568 -9999 -9999 -9999 -9999 -9999 -9999
-9999 -9999 -9999 -9999 6.30085 6.49207 7.00588 8.33522 9.02864 9.30685 9.29381 9.42128 9.18887 8.45149 7.69451 6.98014 6.05906 6.57896 7.96098 8.7724 8.85778 7.23912 8.06411 7.74013 7.1112 5.29471 3.95327 3.23735 1.10867 -0.718273 -2.27462 -4.41955 -3.51174 -2.51034 -1.2216 0.950718 2.41591 3.01619 2.50649 3.18152 4.56479 4.56778 3.80355 3.84679 3.37543 2.18636 3.40869 3.74675 3.45945 3.52349 3.40746 3.58702 3.92061 4.24 4.4509 4.47514 4.47421 4.46359 4.46031 4.45807 4.44025 4.43908 4.42554 4.40275 1.82495 -2.78005 -9999 -9999 -9999 -9999 -9999 -9999
-9999 -9999 -9999 -9999 -9999 5.60185 6.78184 8.54824 8.98251 8.93845 9.30084 9.32942 8.97423 8.66559 7.74734 6.49345 4.08714 4.6946 5.96633 7.80159 8.762 8.62291 8.07139 7.12562 4.85143 2.85976 2.60859 2.27392 0.717705 -0.692162 -2.42154 -1.43168 -0.34572 0.843912 1.46726 1.30042 2.55545 3.57822 3.1395 3.96837 4.93538 4.49023 4.22435 3.99967 3.4563 3.41663 3.46467 4.15519 3.66365 3.95243 3.94799 3.92401 4.08278 4.26715 4.46182 4.48963 4.48575 4.48546 4.45908 4.46453 4.45053 4.43682 4.4241 4.40414 4.16844 1.68655 0.201871 -9999 -9999 -9999 -9999 -9999
-9999 -9999 -9999 -9999 -9999 4.51241 5.09805 7.19107 7.83353 8.75667 9.24549 9.26519 8.66743 8.33291 6.966 6.52049 4.29431 3.28363 4.13204 3.79865 6.32736 8.56332 8.06198 3.52157 1.87034 0.689492 0.979702 0.972356 0.532131 -1.85905 -2.52282 -0.400125 0.934665 1.96835 2.75205 2.91214 2.88191 4.48342 4.69325 5.21089 5.09335 5.13685 4.32133 3.81394 4.24254 3.73016 3.63623 4.34993 3.63116 4.26588 4.1782 3.97817 3.96144 4.37876 4.45893 4.49916 4.49731 4.47716 4.45265 4.4377 4.4489 4.44014 4.41431 4.41307 4.3874 4.08942 2.80346 2.35181 2.8452 -9999 -9999 -9999
-9999 -9999 -9999 -9999 -9999 -9999 3.14592 6.05681 7.38353 8.07963 9.0618 9.17763 8.85707 8.28104 6.88886 5.66377 3.67326 1.3997 0.192775 3.7835 6.907 8.533 8.30553 4.52467 3.02633 2.94719 3.81367 3.06417 2.49368 0.673702 0.125658 -0.632256 -0.175741 1.26648 2.44457 3.58218 4.40857 4.47307 5.00807 5.31328 5.33432 5.42629 5.32556 5.24176 4.45084 4.98371 4.51806 4.75358 4.58922 4.44008 4.30684 3.85273 4.16226 4.43613 4.50278 4.51893 4.49783 4.49017 4.47499 4.44571 4.43127 4.42693 4.4218 4.40492 4.402 4.38501 4.23818 3.463 2.42608 1.11674 -9999 -9999
-9999 -9999 -9999 -9999 -9999 -9999 1.69358 4.59033 5.98312 7.77915 8.70077 9.07221 9.02017 8.55277 7.49416 5.90172 4.57397 2.0364 -0.5991 3.17172 6.52705 8.33428 8.42216 5.23955 6.10857 5.38882 5.6657 4.35628 3.80713 3.36806 2.42712 1.39958 0.275536 -0.32145 2.33039 3.69045 4.78444 5.29845 5.58733 5.72937 5.64579 5.4416 4.25651 5.14967 5.09234 4.99568 4.88563 4.8284 4.72766 4.61034 4.53399 4.50427 4.20098 4.53027 4.51624 4.51596 4.5132 4.50049 4.48019 4.46228 4.44109 4.43722 4.42445 4.41014 4.39928 4.39205 4.37937 4.33358 4.12494 2.36798 1.31538 1.01509
-9999 -9999 -9999 -9999 -9999 -9999 -2.37982 1.83687 5.22277 6.99095 8.4274 8.82083 8.96613 8.33969 7.87022 6.72762 5.64488 3.97601 1.47788 -0.0630322 2.75907 6.86086 8.36611 8.23449 8.13059 7.30038 6.55136 6.44894 6.49585 5.62273 4.35883 2.71269 2.19316 1.6135 3.58738 3.85161 3.70315 5.87448 5.87541 5.74745 4.91045 3.97264 4.14363 3.56184 3.99418 3.29954 3.92445 4.4635 4.66013 4.63577 4.55167 4.53422 4.49534 4.54637 4.54007 4.52578 4.51412 4.50619 4.4943 4.46552 4.44782 4.45368 4.43161 4.41535 4.40196 4.39716 4.38917 4.35432 4.32215 4.04878 3.63954 2.86056
-9999 -9999 -9999 -9999 -9999 -9999 -2.19668 1.34855 4.35607 6.15567 7.88916 8.28906 8.87216 8.74258 8.25075 7.25689 6.01562 4.64123 2.4973 0.901839 2.78579 5.50935 7.45531 8.14215 8.12469 8.06888 7.87445 7.78746 7.56286 7.39664 6.48968 4.93141 4.05061 2.76473 4.96482 5.20774 4.85853 5.95463 5.89501 4.22629 2.94185 2.77706 3.55044 2.80165 2.66127 2.19363 2.70888 4.10153 3.68392 3.75731 4.38021 4.47834 4.53693 4.5493 4.53961 4.53171 4.51646 4.51398 4.51172 4.48323 4.46822 4.4591 4.43154 4.4215 4.40118 4.38565 4.3737 4.3533 4.32365 4.2432 4.15222 4.234
-9999 -9999 -9999 -9999 -9999 -9999 -2.12016 0.261446 2.96756 5.62021 7.4715 8.21637 8.75785 8.74867 8.17727 7.68115 6.9013 5.69149 4.85959 3.41878 1.44311 4.73766 5.74562 6.63586 7.00663 7.93967 7.90782 7.46753 6.95127 7.40874 7.26099 6.02898 5.6201 4.93418 6.15546 6.15355 6.11486 6.04447 4.63392 2.67493 1.10787 2.2264 1.98574 2.49376 0.885503 2.19299 3.2442 3.5802 2.85634 2.31548 3.95417 4.21869 4.37545 4.47412 4.53741 4.5161 4.52853 4.51471 4.50601 4.497 4.47927 4.46716 4.44927 4.431 4.41067 4.39699 4.37461 4.34412 4.33894 4.2977 4.27802 4.25711
-9999 -9999 -9999 -9999 -9999 -9999 -9999 -1.14449 2.28243 5.34621 7.05046 8.121 8.64072 8.62757 8.33335 7.99492 7.50944 6.63509 5.53757 3.80602 2.51861 3.32495 4.31287 4.41096 5.06253 6.96773 7.61303 6.67818 4.37333 5.71314 7.21418 7.18322 7.04852 6.89899 6.70861 6.53758 6.16945 5.19165 2.2061 1.61511 0.440607 0.567932 -0.037783 1.26379 0.764031 2.10293 2.67908 2.89208 1.6405 1.89101 3.34394 3.91682 3.81518 4.16519 4.50175 4.50828 4.51371 4.5009 4.50439 4.50342 4.49421 4.47273 4.45783 4.44588 4.4113 4.41087 4.29644 4.22089 4.07146 4.24878 4.26277 4.2655
-9999 -9999 -9999 -9999 -9999 -9999 -9999 -1.83154 1.59332 5.20217 6.35838 7.51264 8.50833 8.524 8.07628 7.65001 7.21073 6.71086 5.3809 4.09067 2.85823 2.4401 2.68033 2.65064 3.71033 6.19542 6.67014 6.45634 4.04467 3.22771 5.23548 6.92219 7.04948 6.8903 4.89248 5.31173 4.23192 2.76926 2.36313 1.72004 0.366481 1.00998 0.0165709 0.433885 0.308249 1.06556 1.43124 2.33311 1.24169 1.23401 2.66038 3.37891 3.39175 4.14678 4.41311 4.47978 4.49356 4.50251 4.50209 4.51049 4.50005 4.48549 4.46734 4.42772 4.3379 4.0646 2.62029 2.6188 3.01127 3.3826 4.05747 4.24604
-9999 -9999 -9999 -9999 -9999 -9999 -9999 -1.43476 0.940628 4.14236 6.51312 6.65857 7.80924 8.40127 7.91467 7.36707 6.80663 6.55875 5.11191 3.5228 2.23747 0.716836 0.959814 2.04046 3.80807 5.4109 5.69128 5.35089 4.0493 4.64822 6.01552 6.73877 6.94794 6.77292 6.33355 6.07758 5.28097 4.93287 3.82851 2.10451 1.42217 1.84541 0.0148624 0.136352 0.804845 0.0751552 1.25029 1.80921 0.402012 1.49908 2.76287 3.40647 3.96877 4.23254 4.33505 4.49494 4.49522 4.50518 4.50899 4.50301 4.49941 4.46931 4.44378 4.28717 4.05782 2.71021 2.14391 2.25049 2.8686 3.40952 3.97246 4.20262
-9999 -9999 -9999 -9999 -9999 -9999 -9999 -1.02934 1.10903 3.88464 5.5738 5.87287 7.14926 8.28372 8.15243 7.58284 7.40613 6.81545 5.58771 4.23185 2.7501 2.02657 0.370635 1.98849 3.26295 4.61949 5.25028 4.17685 3.6409 4.57122 5.49631 5.86224 6.79714 6.7826 6.47059 5.14351 4.4938 4.76113 4.47907 3.98889 2.80038 2.74212 1.97634 1.65557 1.35206 0.372787 0.982508 1.03775 1.1953 2.51805 3.17321 3.60597 3.99937 4.09921 4.26794 4.48845 4.50417 4.50831 4.50348 4.50396 4.48374 4.41614 4.35859 4.04702 3.49824 2.47739 0.822413 1.98121 3.19315 3.55256 3.89939 4.0799
-9999 -9999 -9999 -9999 -9999 -9999 -9999 -1.39467 0.877279 3.24895 4.23832 4.4031 6.71625 8.13101 8.12932 7.85704 7.53953 6.08762 6.1676 5.87294 4.53593 2.59068 0.454603 0.648286 1.90488 3.70115 4.29019 2.52815 1.90599 2.35247 3.75469 5.00943 6.32004 6.64883 6.25721 4.19432 2.0025 3.0115 4.08995 4.07868 3.75535 2.65253 2.29837 1.97705 1.17039 -0.194412 -0.00628923 0.364423 1.8642 2.33801 3.07325 3.68318 3.4463 3.57723 4.16114 4.49445 4.50305 4.50506 4.51227 4.50068 4.47673 4.34565 4.20706 3.977 2.55206 1.66457 0.375777 1.8643 2.68935 3.1238 3.90951 4.09456
-9999 -9999 -9999 -9999 -9999 -9999 -9999 -2.09959 -0.451825 1.81496 2.72625 4.18209 6.36781 7.44078 7.95291 7.93728 7.72422 7.07155 6.67709 5.90423 4.51376 2.61421 0.50308 -0.873446 -0.182747 2.22998 2.79078 1.16985 0.346405 1.35777 2.85263 5.06915 6.33322 6.49913 6.37888 5.94927 4.34759 2.41355 2.41489 3.37701 2.56217 1.61585 2.12759 2.02596 1.22943 0.648284 0.283569 0.493073 1.34449 1.69616 2.54639 3.80401 3.97995 3.93938 4.4665 4.48875 4.49697 4.51295 4.50833 4.49953 4.4797 4.37206 4.1357 3.18594 2.35723 1.2058 1.06007 2.38486 2.96425 3.49904 3.88285 4.00583
-9999 -9999 -9999 -9999 -9999 -9999 -9999 -3.31299 -1.37353 0.749791 2.73767 4.61814 6.23598 6.35737 7.2086 7.20331 7.64705 7.51411 6.90863 6.25704 5.05842 2.61998 0.568504 -1.66849 -1.08621 1.37277 1.67741 0.594498 -1.40067 0.64683 2.9056 4.95235 6.05781 5.18118 6.06853 5.98988 5.38645 4.23299 2.44241 2.47086 1.1275 1.06374 1.74518 1.96238 1.84195 1.40421 0.705772 0.809878 1.32181 1.44982 2.23074 3.20517 4.1579 4.31407 4.49218 4.49565 4.4944 4.50522 4.50313 4.47923 4.42634 4.31391 3.51707 2.57014 1.98533 1.18189 1.08103 2.61435 3.21936 3.55264 3.88375 4.01252
-9999 -9999 -9999 -9999 -9999 -9999 -9999 -9999 -1.57279 0.62105 2.24343 2.6776 4.11528 4.88973 5.48802 5.61735 7.33169 7.42191 7.03638 6.43755 5.41459 3.56306 2.2712 0.125366 -1.41877 -0.805379 -0.522692 0.0362616 -0.136683 0.773088 2.94345 5.20503 5.44669 4.00077 4.20865 4.50469 5.17484 4.82691 2.389 1.14769 0.116315 0.839445 1.60031 1.77992 1.81101 1.65694 1.47322 1.16196 2.18165 2.93479 3.10525 3.76153 4.24489 4.37493 4.47192 4.48004 4.48856 4.48465 4.45222 4.42769 4.30127 4.02279 3.1319 0.994742 1.09049 0.85585 0.18831 1.68458 2.6205 3.46434 3.91117 4.02406
-9999 -9999 -9999 -9999 -9999 -9999 -9999 -9999 -2.30426 0.234766 0.768346 0.724893 -0.120517 0.263178 3.37975 4.004 5.648 7.20426 7.08501 6.4975 5.54014 4.43532 2.72749 0.314927 -1.60337 -2.42863 -0.382664 1.63229 2.04338 2.68256 4.01019 4.2578 2.78007 1.39408 2.16373 2.62524 4.39873 4.71805 4.36693 2.89578 1.21438 0.333849 1.36055 1.49247 1.54819 1.55407 1.51111 1.45405 2.59977 3.23373 3.6719 3.9081 4.32231 4.42471 4.45438 4.48224 4.47039 4.44466 4.37444 4.29524 3.95976 3.55447 2.09764 0.882396 0.123111 -0.839692 1.31737 1.95425 2.83694 3.40274 3.84708 3.94176
