Test_Spring_2018/01_18/Temp/20180113_007.txt
ncols	170
nrows	115
xllcorner	350000.000000
yllcorner	4445000.000000
cellsize	1000.000000
nodata_value	-9999.000000
[rows 32 to 63 of 115, columns 72 to 143 of 170]
8.05811 7.73694 8.22438 8.67298 8.39945 8.21654 8.95786 8.95426 8.69711 8.09794 7.87569 7.64529 7.50254 6.73466 4.58742 2.65127 3.68231 3.70268 2.98265 4.26212 3.57984 1.80675 -0.694555 0.658632 0.301247 -1.47075 -1.91079 -9999 -9999 -9999 -9999 -9999 -9999 -9999 -9999 -9999 -9999 -9999 -9999 -9999 -9999 -9999 -9999 -9999 -9999 -9999 -9999 -9999 -9999 -9999 -9999 -9999 -9999 -9999 -9999 -9999 -9999 -9999 -9999 -9999 -9999 -9999 -9999 -9999 -9999 -9999 -9999 -9999 -9999 -9999 -9999 -9999
7.63455 7.49458 8.22072 8.20205 8.15426 8.42194 8.88191 8.97033 8.86787 8.60449 8.37593 8.13296 7.52225 6.64446 4.80624 2.60303 2.10011 3.17223 3.2197 3.38851 2.76633 1.98591 0.767363 1.75771 2.13977 0.971875 -0.552411 -1.53249 -9999 -9999 -9999 -9999 -9999 -9999 -9999 -9999 -9999 -9999 -9999 -9999 -9999 -9999 -9999 -9999 -9999 -9999 -9999 -9999 -9999 -9999 -9999 -9999 -9999 -9999 -9999 -9999 -9999 -9999 -9999 -9999 -9999 -9999 -9999 -9999 -9999 -9999 -9999 -9999 -9999 -9999 -9999 -9999
7.12899 6.41788 6.85415 7.18093 7.79323 7.95599 8.04419 8.91094 8.86133 8.81743 8.4422 8.1413 7.64511 6.80019 5.59883 4.15312 1.63885 3.18248 4.39028 4.35507 4.28452 3.73651 2.56565 3.5376 3.57927 2.08918 0.399405 -0.600389 -1.0165 -9999 -9999 -9999 -9999 -9999 -9999 -9999 -9999 -9999 -9999 -9999 -9999 -9999 -9999 -9999 -9999 -9999 -9999 -9999 -9999 -9999 -9999 -9999 -9999 -9999 -9999 -9999 -9999 -9999 -9999 -9999 -9999 -9999 -9999 -9999 -9999 -9999 -9999 -9999 -9999 -9999 -9999 -9999
6.55402 5.68619 6.12516 6.71215 7.54548 7.97588 8.30601 8.56287 8.82485 8.78999 8.4061 7.27915 7.11496 7.06248 6.27536 4.62775 2.98223 2.55284 4.39751 4.92247 4.81042 5.21906 4.22655 4.68943 4.49376 3.96384 2.3355 0.849789 0.23159 -0.985865 -9999 -9999 -9999 -9999 -9999 -9999 -9999 -9999 -9999 -9999 -9999 -9999 -9999 -9999 -9999 -9999 -9999 -9999 -9999 -9999 -9999 -9999 -9999 -9999 -9999 -9999 -9999 -9999 -9999 -9999 -9999 -9999 -9999 -9999 -9999 -9999 -9999 -9999 -9999 -9999 -9999 -9999
-9999 -9999 5.14044 5.94414 6.60808 7.42043 8.12493 8.47399 8.81292 8.78198 8.0183 7.64286 7.60664 7.08965 6.18161 5.61012 4.57252 3.49157 3.89859 5.47098 4.76535 5.8781 5.77931 5.98033 5.2294 3.81441 1.92036 0.815918 0.262476 -0.724814 -9999 -9999 -9999 -9999 -9999 -9999 -9999 -9999 -9999 -9999 -9999 -9999 -9999 -9999 -9999 -9999 -9999 -9999 -9999 -9999 -9999 -9999 -9999 -9999 -9999 -9999 -9999 -9999 -9999 -9999 -9999 -9999 -9999 -9999 -9999 -9999 -9999 -9999 -9999 -9999 -9999 -9999
-9999 -9999 -9999 5.7981 6.30369 7.38993 7.95523 8.18076 8.72959 8.72757 8.43622 8.21529 7.89611 7.48018 6.79675 6.043 5.06684 4.97261 5.97686 5.98496 5.76989 5.93114 6.445 6.30411 5.14455 3.14993 2.09167 -0.0528369 -0.974487 -0.884602 -1.53907 -9999 -9999 -9999 -9999 -9999 -9999 -9999 -9999 -9999 -9999 -9999 -9999 0.891484 -9999 -9999 -9999 -9999 -9999 -9999 -9999 -9999 -9999 -9999 -9999 -9999 -9999 -9999 -9999 -9999 -9999 -9999 -9999 -9999 -3.12083 -9999 -9999 -9999 -9999 -9999 -9999 -9999
-9999 -9999 5.70128 6.38137 6.90822 7.58831 7.65266 8.06091 8.69259 8.69873 8.49124 8.25701 7.7345 7.60212 7.21138 6.39334 6.22259 6.54817 6.69575 6.86359 6.96526 6.87485 6.66066 6.38516 5.63934 4.71006 4.08512 2.12346 1.1325 0.181617 -1.25553 -2.38069 -9999 -9999 -9999 -9999 -9999 -9999 -9999 0.165972 0.10782 0.128269 0.437559 1.30028 0.785186 -9999 -9999 -9999 -9999 -9999 -9999 -9999 -9999 -9999 -9999 -9999 -9999 -9999 -9999 -9999 -9999 -9999 -9999 -9999 -2.33589 -3.46898 -9999 -9999 -9999 -9999 -9999 -9999
-9999 -9999 5.8892 6.60217 6.95719 7.61793 7.99507 8.24632 8.46355 8.67087 8.63241 8.37365 7.98153 7.98026 7.44083 7.14797 6.93752 7.37936 7.46312 7.27965 7.05068 6.84776 6.28192 6.21278 6.02909 5.4379 4.47007 3.47296 2.03671 0.0872985 -1.82453 -3.36736 -9999 -9999 -9999 -9999 -9999 -9999 0.335605 1.05167 1.47857 0.555182 1.33447 2.04625 1.92643 1.2276 -9999 -9999 -9999 -9999 -9999 -9999 -9999 -9999 -9999 -9999 -9999 -9999 -9999 -9999 3.03428 1.87259 -0.469367 -1.67196 -2.39519 -3.42585 -9999 -9999 -9999 -9999 -9999 -9999
-9999 -9999 5.74751 6.59029 7.16074 7.66698 7.74646 8.2707 8.49487 8.60504 8.58874 8.53485 8.45976 7.98866 7.78365 7.07307 7.74455 7.71449 7.53894 6.8573 6.55933 5.39238 4.87655 4.7612 5.73498 5.00861 3.49623 1.60662 -0.660202 -0.812493 -1.56581 -2.94498 -9999 -9999 -9999 -9999 -9999 -9999 0.56193 1.32806 1.96654 2.05502 1.13693 2.40564 2.35295 1.63455 1.46727 2.04624 2.33713 2.11205 2.80455 3.00372 2.68376 3.02414 -9999 -9999 -9999 -9999 3.2051 3.24713 3.27774 2.79098 0.232899 -1.5156 -3.08615 -3.23445 -9999 -9999 -9999 -9999 -9999 -9999
-9999 -9999 6.3325 6.85089 7.11239 7.1536 7.6081 8.06683 8.34456 8.54815 8.50396 8.484 8.46273 8.29903 7.92355 7.98609 7.95158 7.73031 6.43675 4.9277 5.57907 4.68008 2.76655 4.31676 5.16644 4.34402 2.51227 0.388948 -0.305427 -0.281007 -1.32714 -2.67026 -9999 -9999 -9999 -1.52769 -0.427871 -0.336206 -0.0153413 1.00817 1.78542 2.36786 2.76386 2.74738 2.31847 1.61546 0.851859 1.11638 2.47426 2.80129 3.07666 3.28317 2.98568 3.13395 3.49345 3.67686 3.71016 3.61952 3.59509 3.62011 3.57189 3.11739 0.8283 -0.48342 -1.32184 -3.00126 -9999 -9999 -9999 -9999 -9999 -9999
-9999 -9999 6.00686 6.45755 6.82247 7.43048 7.49353 7.87702 8.10787 8.44445 8.47983 8.07924 8.40409 8.35779 8.29223 8.15756 7.9621 6.86932 5.36489 3.8568 3.15821 3.45206 2.29787 2.88504 3.74615 3.42585 2.30377 0.411855 0.142494 -0.297438 -2.05573 -3.74745 -9999 -9999 -3.66228 -1.54795 -0.0606028 0.704316 0.937935 0.955856 1.93635 2.00837 3.06404 2.81168 1.4028 1.5549 1.00077 1.34876 1.84396 1.97564 2.68988 3.37625 3.5017 3.4996 3.72663 3.76934 3.77669 3.76578 3.60361 3.67086 3.67723 3.39214 1.7327 0.921276 0.028803 -2.97684 -9999 -9999 -9999 -9999 -9999 -9999
-9999 -9999 6.24051 6.74474 7.2972 7.38568 7.7947 7.75095 7.63672 8.20642 8.41245 8.1287 7.92317 8.29134 8.26128 8.20733 8.12123 7.09392 5.90582 4.10971 2.99204 2.30903 1.82162 1.1749 1.61551 1.47629 1.29094 1.49717 0.974276 -0.0626695 -1.09265 -3.01856 -4.06136 -9999 -3.54528 -2.59334 -0.823622 0.679438 1.63165 1.28244 2.39798 2.60038 3.24277 2.85747 1.99971 1.62804 1.58972 1.47214 2.22142 2.72164 3.07493 3.30898 3.60182 3.67244 3.7435 3.77027 3.78261 3.79524 3.78655 3.77584 3.73768 3.62768 2.86227 2.0533 0.308472 -2.87622 -9999 -9999 -9999 -9999 -9999 -9999
-9999 4.7668 6.18291 7.02974 7.35699 7.59294 7.80075 7.95077 8.11159 8.25768 8.35735 8.31002 7.56353 7.62014 7.74925 8.16622 8.13127 8.0339 7.38204 5.1975 4.44104 3.33783 1.90855 1.30938 1.60386 2.76932 2.71414 1.93734 1.07202 -0.121503 -0.883805 -2.06545 -4.33183 -4.13203 -3.117 -2.36294 -1.16159 0.676672 1.96362 2.53488 2.74717 3.1967 3.42713 2.90112 2.40012 2.18608 1.79453 1.73441 1.73169 2.18217 2.53265 3.31737 3.57832 3.69454 3.75154 3.77992 3.79926 3.81831 3.82181 3.80188 3.79806 3.78732 3.72768 2.65119 -0.0365468 -2.06094 -9999 -9999 -9999 -9999 -9999 -9999
-9999 -9999 5.92169 6.29363 6.39031 6.56026 6.90912 7.31133 7.88468 7.95612 8.26833 8.26381 7.6198 6.87641 7.51597 7.76703 8.02728 8.03021 7.94191 6.10703 5.14472 4.38647 3.01595 3.50575 3.97101 4.0036 3.71813 2.05609 0.400805 -1.50591 -3.28917 -3.37772 -4.3395 -3.83684 -3.16762 -1.44375 -0.232105 0.256303 0.605457 2.47362 2.95613 3.11787 3.59173 2.93188 2.76059 2.26334 2.40373 2.35505 2.35225 0.985122 2.34582 2.42097 3.30532 3.69923 3.78457 3.80427 3.82569 3.82509 3.82552 3.8168 3.82127 3.80383 3.78439 3.08324 -0.323151 -2.03488 -9999 -9999 -9999 -9999 -9999 -9999
-9999 -9999 -9999 -9999 6.0392 6.32306 6.50475 6.81959 7.78877 8.04732 8.21797 8.22975 7.94086 7.20486 7.00768 7.13705 6.41799 7.01081 7.8239 7.79923 7.69607 6.08203 5.255 6.04938 5.8039 4.59051 3.63506 2.6921 0.75471 -0.662901 -2.70612 -4.24141 -4.30276 -2.61603 -1.21623 0.528212 1.29531 0.851404 1.32207 2.24767 3.29929 3.80485 3.67864 2.98335 2.88107 2.11736 2.85659 2.91469 2.56261 2.25757 2.37157 2.80607 2.96838 3.65901 3.82217 3.84638 3.84682 3.8449 3.83721 3.82864 3.81559 3.80393 3.78998 3.75453 0.25323 -2.4711 -9999 -9999 -9999 -9999 -9999 -9999
-9999 -9999 -9999 -9999 5.36876 5.54151 5.99649 7.16569 7.77957 8.02499 8.01413 8.12559 7.92082 7.27281 6.60731 5.97911 5.1704 5.62567 6.83779 7.55079 7.62841 6.21319 6.94458 6.66643 6.12136 4.53542 3.36599 2.74478 0.884729 -0.706818 -2.06724 -3.94458 -3.1467 -2.26782 -1.13805 0.765374 2.04812 2.57221 2.12347 2.71326 3.92423 3.92556 3.25476 3.29234 2.88136 1.8398 2.91255 3.21034 2.96006 3.01785 2.92127 3.07935 3.37215 3.65211 3.83652 3.85684 3.85452 3.84345 3.83838 3.83439 3.8165 3.81326 3.79936 3.77762 1.51634 -2.52152 -9999 -9999 -9999 -9999 -9999 -9999
-9999 -9999 -9999 -9999 -9999 4.75836 5.7973 7.34959 7.7362 7.69896 8.01712 8.04176 7.72926 7.45704 6.6501 5.54895 3.43804 3.97011 5.08558 6.69622 7.54103 7.42299 6.94772 6.12456 4.13724 2.3978 2.18421 1.89725 0.539075 -0.686881 -2.19903 -1.32827 -0.374273 0.669565 1.21595 1.06868 2.16716 3.0617 2.675 3.39971 4.24582 3.85437 3.62056 3.42336 2.94929 2.91545 2.95879 3.56561 3.13628 3.39107 3.39226 3.37183 3.51129 3.67279 3.84289 3.86625 3.8614 3.85932 3.83411 3.83669 3.8222 3.80807 3.79498 3.77582 3.56786 1.39131 0.0891792 -9999 -9999 -9999 -9999 -9999
-9999 -9999 -9999 -9999 -9999 3.80064 4.31838 6.15684 6.72586 7.5364 7.96527 7.98206 7.45686 7.16248 5.96217 5.56962 3.61672 2.73029 3.47473 3.18425 5.40396 7.36804 6.93677 2.96229 1.521 0.492273 0.753164 0.753023 0.373039 -1.71328 -2.29139 -0.427637 0.744395 1.65145 2.33837 2.47804 2.44971 3.85167 4.03361 4.48558 4.38103 4.41807 3.70252 3.25757 3.63566 3.18743 3.10631 3.73342 3.10483 3.6628 3.59096 3.41608 3.40156 3.76716 3.83679 3.87098 3.86805 3.84848 3.82502 3.80966 3.81736 3.80767 3.78321 3.78057 3.75683 3.49487 2.367 1.97087 2.40355 -9999 -9999 -9999
-9999 -9999 -9999 -9999 -9999 -9999 2.60424 5.15945 6.32826 6.93961 7.80088 7.90189 7.62213 7.11478 5.89206 4.81624 3.07008 1.07667 0.0192905 3.16896 5.91007 7.33933 7.14812 3.83929 2.53181 2.46864 3.23445 2.5834 2.08893 0.503258 0.026373 -0.635381 -0.233435 1.03275 2.06558 3.06152 3.78426 3.83891 4.30607 4.57198 4.58907 4.66874 4.57992 4.5064 3.81545 4.28352 3.87648 4.08429 3.94161 3.81225 3.70045 3.30268 3.57403 3.81375 3.87143 3.88512 3.86489 3.85631 3.84108 3.81355 3.79845 3.79277 3.78659 3.77034 3.76665 3.75105 3.62182 2.94203 2.03307 0.885546 -9999 -9999
-9999 -9999 -9999 -9999 -9999 -9999 1.32834 3.87084 5.09753 6.67298 7.48336 7.81043 7.7628 7.35089 6.42082 5.02317 3.85822 1.6335 -0.676137 2.63027 5.57553 7.16353 7.24499 4.46398 5.2315 4.60635 4.85487 3.71255 3.23638 2.86118 2.03956 1.14121 0.159186 -0.362688 1.96134 3.15241 4.1099 4.55881 4.81039 4.93345 4.8599 4.67923 3.6399 4.42288 4.3751 4.29124 4.19584 4.14686 4.05979 3.95813 3.8962 3.8703 3.60427 3.89381 3.88071 3.87893 3.87479 3.86183 3.84221 3.82474 3.80453 3.79971 3.78577 3.77188 3.7613 3.75427 3.74262 3.7022 3.51924 1.97915 1.05671 0.795486
-9999 -9999 -9999 -9999 -9999 -9999 -2.24515 1.45413 4.43146 5.98193 7.24448 7.58797 7.71357 7.1625 6.74918 5.74614 4.79618 3.33315 1.144 -0.205118 2.27018 5.86945 7.19436 7.0878 7.00194 6.27948 5.62814 5.54345 5.58934 4.83351 3.7313 2.29001 1.83757 1.32935 3.05913 3.28968 3.15815 5.06018 5.05956 4.94611 4.21138 3.3899 3.53974 3.02823 3.40976 2.80159 3.35036 3.82395 3.99736 3.97698 3.90831 3.89525 3.86051 3.90493 3.89809 3.88403 3.87215 3.86345 3.8513 3.8244 3.80735 3.81113 3.79069 3.77553 3.76073 3.75583 3.74824 3.71731 3.68893 3.44926 3.0906 2.40958
-9999 -9999 -9999 -9999 -9999 -9999 -2.08327 1.03162 3.66921 5.25182 6.77078 7.12013 7.62978 7.51457 7.08194 6.20956 5.12083 3.91608 2.03746 0.640457 2.29445 4.6838 6.39357 7.00456 6.99476 6.95065 6.78495 6.71634 6.52369 6.38765 5.59489 4.23329 3.46173 2.33443 4.26262 4.47465 4.16735 5.12699 5.07351 3.60955 2.48273 2.33776 3.01728 2.36115 2.2409 1.82946 2.28194 3.50366 3.14103 3.20603 3.75732 3.84289 3.89441 3.90415 3.89432 3.8859 3.87092 3.86708 3.86347 3.83692 3.82233 3.81305 3.78777 3.77819 3.75968 3.74553 3.73174 3.71336 3.68703 3.61628 3.53998 3.61333
-9999 -9999 -9999 -9999 -9999 -9999 -2.01817 0.0766995 2.44984 4.78087 6.4032 7.05516 7.52858 7.5192 7.01709 6.58131 5.89728 4.83691 4.10849 2.84695 1.11716 4.00817 4.8938 5.68279 6.01487 6.8376 6.81433 6.43273 5.99054 6.39424 6.27045 5.19154 4.83364 4.23234 5.30256 5.30013 5.26525 5.2025 3.96492 2.24669 0.872256 1.85243 1.64132 2.08891 0.681816 1.83153 2.754 3.0494 2.41246 1.93876 3.38073 3.61319 3.74971 3.83508 3.88924 3.8691 3.87845 3.86476 3.85557 3.8462 3.82928 3.81743 3.80067 3.78372 3.76535 3.7527 3.73254 3.70954 3.70459 3.66444 3.64667 3.62992
-9999 -9999 -9999 -9999 -9999 -9999 -9999 -1.15697 1.85438 4.54025 6.03379 6.97143 7.42599 7.41339 7.15455 6.85726 6.4315 5.66538 4.70422 3.18784 2.06142 2.77104 3.63898 3.73359 4.30895 5.98335 6.55313 5.73743 3.72807 4.90963 6.22716 6.20106 6.08349 5.95244 5.78392 5.63339 5.3099 4.45186 1.83374 1.31653 0.286505 0.397969 -0.132963 1.01095 0.575746 1.75025 2.25606 2.44344 1.34673 1.57306 2.84753 3.34891 3.2587 3.56424 3.85507 3.85938 3.86265 3.84991 3.85149 3.84923 3.83984 3.82291 3.809 3.7978 3.76734 3.76619 3.66532 3.59853 3.46694 3.62174 3.63327 3.63604
-9999 -9999 -9999 -9999 -9999 -9999 -9999 -1.75323 1.24964 4.41334 5.42653 6.43773 7.30979 7.3227 6.92951 6.55539 6.17025 5.73246 4.56747 3.43781 2.35932 1.99515 2.20851 2.18942 3.12203 5.30426 5.72398 5.53989 3.44201 2.72776 4.48935 5.96898 6.08107 5.94162 4.19 4.55711 3.60991 2.32705 1.97045 1.40623 0.219314 0.783325 -0.0875035 0.278562 0.174161 0.83863 1.15976 1.95086 0.994387 0.994574 2.24578 2.87481 2.88499 3.54564 3.77774 3.83472 3.84533 3.85172 3.84998 3.85607 3.84576 3.83197 3.81514 3.77958 3.70008 3.46043 2.19319 2.19115 2.53444 2.85915 3.45275 3.61542
-9999 -9999 -9999 -9999 -9999 -9999 -9999 -1.40555 0.677185 3.48397 5.56198 5.68894 6.69703 7.2154 6.78831 6.30797 5.81669 5.5998 4.33225 2.94041 1.81529 0.484266 0.699648 1.64963 3.20633 4.61463 4.86351 4.568 3.44364 3.9704 5.17035 5.80528 5.98914 5.83586 5.45057 5.22587 4.52709 4.22147 3.25289 1.74116 1.14274 1.51367 -0.0910667 0.0155964 0.601897 -0.0316759 0.998901 1.48919 0.255749 1.22606 2.3333 2.89665 3.38855 3.61857 3.70713 3.84591 3.84474 3.85208 3.85408 3.84757 3.84323 3.81576 3.79238 3.65415 3.4522 2.26996 1.77293 1.86546 2.40639 2.8796 3.37351 3.57389
-9999 -9999 -9999 -9999 -9999 -9999 -9999 -1.04998 0.824843 3.25804 4.73857 5.0003 6.11875 7.11278 6.99729 6.49777 6.34292 5.82548 4.7499 3.56236 2.2648 1.63226 0.182588 1.60313 2.72716 3.91913 4.47479 3.55146 3.08345 3.90054 4.7127 5.03431 5.85439 5.84185 5.5683 4.4047 3.83482 4.06882 3.82121 3.39119 2.34906 2.29787 1.62654 1.34543 1.07953 0.227319 0.762079 0.810688 0.950695 2.11727 2.69091 3.06943 3.41328 3.49966 3.64632 3.8383 3.85072 3.853 3.84745 3.84659 3.82765 3.76723 3.71567 3.44147 2.95936 2.06343 0.611889 1.62668 2.68803 3.00061 3.30624 3.46295
-9999 -9999 -9999 -9999 -9999 -9999 -9999 -1.36989 0.621936 2.70098 3.56805 3.71212 5.73954 6.9794 6.9776 6.73876 6.46048 5.18797 5.2587 5.00128 3.83038 2.12653 0.25563 0.427327 1.53567 3.1125 3.63123 2.10439 1.56061 1.95339 3.18372 4.28448 5.43393 5.72241 5.37914 3.57056 1.64885 2.53313 3.47827 3.46814 3.18449 2.21756 1.90703 1.62537 0.918299 -0.275588 -0.106676 0.21839 1.54269 1.95749 2.60134 3.13518 2.92654 3.04021 3.55091 3.84184 3.84806 3.8485 3.85349 3.84203 3.81976 3.7036 3.5809 3.37804 2.12769 1.34852 0.216976 1.52157 2.2436 2.62481 3.31199 3.47255
-9999 -9999 -9999 -9999 -9999 -9999 -9999 -1.98735 -0.542836 1.4442 2.24283 3.51875 5.43451 6.37479 6.82348 6.80963 6.62288 6.05095 5.70562 5.02882 3.81084 2.14681 0.297517 -0.907596 -0.300322 1.82135 2.32168 0.912058 0.191669 1.07955 2.39104 4.33493 5.4436 5.58933 5.484 5.10732 3.70302 2.00729 2.0082 2.8514 2.13685 1.30708 1.75561 1.66648 0.968227 0.458828 0.145654 0.331201 1.08529 1.393 2.13767 3.23935 3.39265 3.35604 3.817 3.83529 3.84121 3.85391 3.84852 3.83946 3.82073 3.72503 3.5165 2.68257 1.95477 0.944059 0.815003 1.9754 2.48043 2.95088 3.28559 3.39161
-9999 -9999 -9999 -9999 -9999 -9999 -9999 -3.05052 -1.35039 0.510817 2.25322 3.90141 5.31935 5.42543 6.17139 6.16658 6.55555 6.43914 5.90869 5.33803 4.28805 2.1514 0.35419 -1.60547 -1.09344 1.06839 1.35399 0.40621 -1.34146 0.454703 2.43586 4.23092 5.20057 4.43238 5.21041 5.14144 4.61229 3.60088 2.03088 2.05555 0.877623 0.821517 1.41876 1.60908 1.50348 1.11975 0.509808 0.607209 1.0637 1.17536 1.85929 2.71277 3.54712 3.68304 3.83809 3.83996 3.83761 3.84578 3.84258 3.82022 3.77243 3.67243 2.97242 2.14083 1.62669 0.920905 0.831027 2.17303 2.70136 2.99504 3.28342 3.3944
-9999 -9999 -9999 -9999 -9999 -9999 -9999 -9999 -1.52464 0.398333 1.82028 2.20055 3.46053 4.13911 4.66328 4.77642 6.27919 6.35831 6.02054 5.49598 4.59983 2.97753 1.84609 -0.0337945 -1.38604 -0.836117 -0.576096 -0.0845692 -0.234799 0.563973 2.46765 4.45107 4.6635 3.39627 3.57867 3.83818 4.42553 4.12028 1.98276 0.894234 -0.0102474 0.623419 1.29023 1.44754 1.47473 1.33967 1.18275 0.922379 1.81584 2.47556 2.62439 3.19904 3.62198 3.73507 3.81907 3.82506 3.83129 3.82654 3.7967 3.77372 3.66138 3.41568 2.63308 0.757917 0.84025 0.632938 0.0461264 1.35467 2.17708 2.91484 3.30456 3.40152
-9999 -9999 -9999 -9999 -9999 -9999 -9999 -9999 -2.16555 0.059968 0.527368 0.488884 -0.252659 0.0833058 2.8151 3.36203 4.80303 6.16724 6.06277 5.54799 4.70921 3.7414 2.24519 0.131382 -1.54893 -2.25444 -0.456154 1.31324 1.67506 2.23666 3.40161 3.61954 2.32468 1.11004 1.78493 2.18951 3.74409 4.02374 3.71555 2.42546 0.95105 0.178774 1.07856 1.19402 1.24277 1.24793 1.21243 1.17169 2.18076 2.73608 3.1197 3.32617 3.68858 3.77752 3.80258 3.82592 3.81432 3.79041 3.7274 3.65641 3.36068 3.00368 1.72479 0.657671 -0.00973919 -0.855562 1.03369 1.58861 2.36292 2.8581 3.24553 3.32643
