Test_Spring_2018/01_18/Temp/20180128_021.txt
ncols	170
nrows	115
xllcorner	350000.000000
yllcorner	4445000.000000
cellsize	1000.000000
nodata_value	-9999.000000
[rows 31 to 61 of 115, columns 71 to 141 of 170]
6.12334 6.30939 5.95235 5.98682 6.86527 7.06465 7.05351 7.00785 6.92835 6.52447 6.38967 6.07081 5.50857 5.27248 4.27185 1.03815 1.95242 2.30975 1.37242 1.89625 2.74924 2.00996 -0.18753 -1.13117 -2.6528 -2.14294 -2.57294 -3.79476 -9999 -9999 -9999 -9999 -9999 -9999 -9999 -9999 -9999 -9999 -9999 -9999 -9999 -9999 -9999 -9999 -9999 -9999 -9999 -9999 -9999 -9999 -9999 -9999 -9999 -9999 -9999 -9999 -9999 -9999 -9999 -9999 -9999 -9999 -9999 -9999 -9999 -9999 -9999 -9999 -9999 -9999 -9999
5.93979 5.91583 5.57176 6.09959 6.58592 6.32514 6.15157 6.96187 6.96309 6.69077 6.04951 5.81414 5.56971 5.41951 4.5955 2.28493 0.20203 1.31729 1.34381 0.573029 1.95794 1.22948 -0.673674 -3.36074 -1.89286 -2.26777 -4.12438 -4.57675 -9999 -9999 -9999 -9999 -9999 -9999 -9999 -9999 -9999 -9999 -9999 -9999 -9999 -9999 -9999 -9999 -9999 -9999 -9999 -9999 -9999 -9999 -9999 -9999 -9999 -9999 -9999 -9999 -9999 -9999 -9999 -9999 -9999 -9999 -9999 -9999 -9999 -9999 -9999 -9999 -9999 -9999 -9999
5.63951 5.45804 5.30921 6.09423 6.07686 6.05623 6.37176 6.87852 6.97876 6.87303 6.59356 6.35132 6.09332 5.43881 4.49639 2.51895 0.148342 -0.389464 0.770667 0.827108 1.01504 0.351301 -0.48216 -1.78699 -0.710491 -0.288918 -1.51571 -3.11525 -4.14182 -9999 -9999 -9999 -9999 -9999 -9999 -9999 -9999 -9999 -9999 -9999 -9999 -9999 -9999 -9999 -9999 -9999 -9999 -9999 -9999 -9999 -9999 -9999 -9999 -9999 -9999 -9999 -9999 -9999 -9999 -9999 -9999 -9999 -9999 -9999 -9999 -9999 -9999 -9999 -9999 -9999 -9999
5.18495 4.91128 4.14702 4.61969 4.97467 5.68389 5.8737 5.97388 6.91289 6.86402 6.82099 6.42059 6.10006 5.5689 4.66186 3.37077 1.81655 -0.888925 0.779401 2.08642 2.05451 1.98528 1.40227 0.148766 1.20531 1.25984 -0.3023 -2.07259 -3.1406 -3.58002 -9999 -9999 -9999 -9999 -9999 -9999 -9999 -9999 -9999 -9999 -9999 -9999 -9999 -9999 -9999 -9999 -9999 -9999 -9999 -9999 -9999 -9999 -9999 -9999 -9999 -9999 -9999 -9999 -9999 -9999 -9999 -9999 -9999 -9999 -9999 -9999 -9999 -9999 -9999 -9999 -9999
4.55256 4.28917 3.35622 3.83201 4.46761 5.39059 5.88878 6.25397 6.53569 6.82258 6.78921 6.37935 5.16841 4.9949 4.94175 4.09697 2.32506 0.555803 0.0977407 2.09115 2.66301 2.54913 2.99722 1.93602 2.44401 2.2428 1.69624 -0.0121961 -1.58087 -2.23822 -3.54208 -9999 -9999 -9999 -9999 -9999 -9999 -9999 -9999 -9999 -9999 -9999 -9999 -9999 -9999 -9999 -9999 -9999 -9999 -9999 -9999 -9999 -9999 -9999 -9999 -9999 -9999 -9999 -9999 -9999 -9999 -9999 -9999 -9999 -9999 -9999 -9999 -9999 -9999 -9999 -9999
-9999 -9999 -9999 2.76847 3.65899 4.38229 5.28786 6.05653 6.4377 6.80753 6.77828 5.95896 5.55772 5.52188 4.96787 3.99252 3.38017 2.26594 1.1056 1.54962 3.25041 2.49697 3.70412 3.60636 3.83242 3.03309 1.54899 -0.462674 -1.62032 -2.20776 -3.26354 -9999 -9999 -9999 -9999 -9999 -9999 -9999 -9999 -9999 -9999 -9999 -9999 -9999 -9999 -9999 -9999 -9999 -9999 -9999 -9999 -9999 -9999 -9999 -9999 -9999 -9999 -9999 -9999 -9999 -9999 -9999 -9999 -9999 -9999 -9999 -9999 -9999 -9999 -9999 -9999
-9999 -9999 -9999 -9999 3.49962 4.05247 5.22821 5.87125 6.11945 6.71551 6.71733 6.40685 6.17185 5.83072 5.38525 4.65162 3.84254 2.7943 2.69725 3.7849 3.79992 3.5754 3.75742 4.32035 4.17842 2.95394 0.830219 -0.299215 -2.55922 -3.54315 -3.43781 -4.13566 -9999 -9999 -9999 -9999 -9999 -9999 -9999 -9999 -9999 -9999 -9999 -9999 -1.47443 -9999 -9999 -9999 -9999 -9999 -9999 -9999 -9999 -9999 -9999 -9999 -9999 -9999 -9999 -9999 -9999 -9999 -9999 -9999 -9999 -5.74669 -9999 -9999 -9999 -9999 -9999
-9999 -9999 -9999 3.36774 4.12851 4.70215 5.44076 5.53897 5.9881 6.67351 6.68403 6.46367 6.21399 5.65329 5.51294 5.09427 4.21548 4.03493 4.39013 4.55448 4.74178 4.85892 4.77016 4.54903 4.26271 3.49862 2.50916 1.84761 -0.237514 -1.27406 -2.28998 -3.83111 -5.03716 -9999 -9999 -9999 -9999 -9999 -9999 -9999 -2.26867 -2.32939 -2.30519 -1.96945 -1.03702 -1.5893 -9999 -9999 -9999 -9999 -9999 -9999 -9999 -9999 -9999 -9999 -9999 -9999 -9999 -9999 -9999 -9999 -9999 -9999 -9999 -4.90525 -6.1272 -9999 -9999 -9999 -9999
-9999 -9999 -9999 3.58878 4.36385 4.75308 5.47155 5.88391 6.18591 6.42472 6.65195 6.61349 6.33693 5.91621 5.91656 5.33706 5.02374 4.79999 5.28022 5.37573 5.18455 4.94569 4.73623 4.13685 4.0738 3.9153 3.29136 2.26138 1.19939 -0.30054 -2.39204 -4.44436 -6.10038 -9999 -9999 -9999 -9999 -9999 -9999 -2.08969 -1.31648 -0.854693 -1.84783 -1.0056 -0.235791 -0.361932 -1.09263 -9999 -9999 -9999 -9999 -9999 -9999 -9999 -9999 -9999 -9999 -9999 -9999 -9999 -9999 0.880613 -0.372151 -2.89675 -4.19333 -4.9733 -6.08466 -9999 -9999 -9999 -9999
-9999 -9999 -9999 3.43242 4.34836 4.97069 5.52345 5.61571 6.18921 6.45684 6.57923 6.56431 6.50805 6.42836 5.92166 5.70186 4.93771 5.66392 5.63525 5.45119 4.72327 4.41044 3.16265 2.61801 2.53123 3.59501 2.82674 1.21123 -0.811353 -3.22194 -3.3613 -4.16459 -5.64397 -9999 -9999 -9999 -9999 -9999 -9999 -1.84706 -1.02033 -0.330836 -0.233669 -1.22083 0.149239 0.113635 -0.657146 -0.834042 -0.20689 0.109429 -0.111501 0.642764 0.85697 0.511129 0.876502 -9999 -9999 -9999 -9999 1.06258 1.10661 1.13865 0.613382 -2.144 -4.02875 -5.72169 -5.88118 -9999 -9999 -9999 -9999
-9999 -9999 -9999 4.05917 4.62657 4.91694 4.96943 5.46662 5.96996 6.29356 6.51381 6.46844 6.44823 6.42589 6.24973 5.84539 5.91363 5.87819 5.64274 4.25319 2.6331 3.34312 2.38964 0.348784 2.04754 2.97907 2.10882 0.150652 -2.12236 -2.83783 -2.7872 -3.90548 -5.3504 -9999 -9999 -9999 -4.10554 -2.9196 -2.82064 -2.47483 -1.37162 -0.533467 0.101682 0.530629 0.528174 0.073394 -0.680391 -1.49952 -1.21081 0.255855 0.611035 0.933603 1.1557 0.833973 0.985906 1.3717 1.56747 1.60136 1.50172 1.47358 1.49895 1.44565 0.954743 -1.50597 -2.91983 -3.82354 -5.6426 -9999 -9999 -9999 -9999
-9999 -9999 -9999 3.70357 4.19859 4.60097 5.2666 5.34228 5.76229 6.01888 6.40121 6.44127 6.0103 6.36029 6.30986 6.23871 6.09363 5.88409 4.70894 3.09192 1.47293 0.728411 1.06219 -0.168661 0.491827 1.43625 1.1179 -0.0751778 -2.09799 -2.37317 -2.81812 -4.69251 -6.50805 -9999 -9999 -6.40439 -4.12475 -2.52176 -1.69791 -1.44682 -1.42801 -0.371373 -0.293175 0.845873 0.586439 -0.924687 -0.756972 -1.34082 -0.961665 -0.430395 -0.285399 0.50159 1.24762 1.38207 1.37849 1.62141 1.66539 1.67115 1.65724 1.48048 1.5512 1.55662 1.24822 -0.541096 -1.41626 -2.37876 -5.62655 -9999 -9999 -9999 -9999
-9999 -9999 -9999 3.95302 4.50638 5.1114 5.21579 5.6648 5.62762 5.51258 6.13099 6.36789 6.0623 5.83999 6.23543 6.20168 6.1428 6.05043 4.94535 3.66901 1.73964 0.543793 -0.175613 -0.686913 -1.35399 -0.861948 -0.99428 -1.17624 -0.936534 -1.47308 -2.56115 -3.65978 -5.71859 -6.83651 -9999 -6.27448 -5.24806 -3.34139 -1.72275 -0.697958 -1.07553 0.126037 0.344277 1.04622 0.633593 -0.28351 -0.684393 -0.721741 -0.844338 -0.0326839 0.518731 0.916133 1.16889 1.48915 1.56395 1.63871 1.66539 1.67635 1.68763 1.67607 1.66259 1.61985 1.50003 0.674173 -0.198643 -2.07956 -5.51975 -9999 -9999 -9999 -9999
-9999 -9999 2.33703 3.88829 4.81185 5.17507 5.43922 5.67211 5.84157 6.02313 6.18802 6.29826 6.25687 5.45088 5.50976 5.64674 6.0946 6.05669 5.95333 5.25463 2.90663 2.1043 0.930477 -0.5952 -1.21272 -0.876772 0.398454 0.358297 -0.459892 -1.3743 -2.6309 -3.42971 -4.69342 -7.12353 -6.90438 -5.80871 -4.99601 -3.70251 -1.72333 -0.338537 0.275178 0.502644 0.993322 1.2432 0.675641 0.142431 -0.0844078 -0.50208 -0.562277 -0.560538 -0.0704984 0.323462 1.17822 1.45949 1.58755 1.64713 1.67546 1.69383 1.71183 1.7132 1.68958 1.68366 1.67064 1.60496 0.444042 -2.45903 -4.64857 -9999 -9999 -9999 -9999
-9999 -9999 -9999 3.6047 4.01729 4.13281 4.32655 4.71207 5.15382 5.78027 5.86227 6.20196 6.20018 5.51054 4.70658 5.39299 5.66135 5.94097 5.94524 5.85362 3.8871 2.8603 2.05615 0.594563 1.15129 1.67248 1.72807 1.44107 -0.3298 -2.0942 -4.11889 -6.02633 -6.10984 -7.13144 -6.58188 -5.85911 -4.00162 -2.69757 -2.17382 -1.80042 0.210317 0.732939 0.905444 1.41685 0.707522 0.52955 -0.00232928 0.153595 0.106139 0.108301 -1.35997 0.122551 0.205883 1.16055 1.5901 1.68301 1.70194 1.72244 1.71911 1.71697 1.70521 1.70799 1.68727 1.66121 0.903684 -2.76905 -4.6214 -9999 -9999 -9999 -9999
-9999 -9999 -9999 -9999 -9999 3.75431 4.07134 4.27716 4.62515 5.67841 5.96223 6.14939 6.16347 5.85185 5.05966 4.84376 4.98044 4.20415 4.84473 5.72617 5.70699 5.6063 3.88021 3.01486 3.89034 3.64643 2.36018 1.35217 0.357354 -1.70999 -3.20707 -5.39382 -7.03581 -7.09223 -5.26781 -3.75239 -1.87303 -1.04851 -1.53007 -1.0263 -0.0301603 1.10134 1.64538 1.50975 0.762022 0.658288 -0.160651 0.640871 0.708832 0.334993 0.011866 0.150725 0.621794 0.798727 1.54416 1.72016 1.74797 1.74581 1.74093 1.72987 1.71805 1.69982 1.68447 1.66693 1.62653 -2.14873 -5.09227 -9999 -9999 -9999 -9999
-9999 -9999 -9999 -9999 -9999 3.03201 3.22958 3.73019 4.99918 5.66967 5.93944 5.93103 6.05249 5.83142 5.13128 4.41188 3.7318 2.85909 3.35098 4.66148 5.43724 5.53141 4.01973 4.834 4.55399 3.98771 2.30052 1.06252 0.415148 -1.56813 -3.25232 -4.7026 -6.7127 -5.8427 -4.88866 -3.66751 -1.61491 -0.234929 0.326256 -0.160307 0.472257 1.77506 1.77529 1.05241 1.09429 0.657715 -0.460672 0.700418 1.02691 0.76309 0.831375 0.743343 0.916907 1.23487 1.53805 1.73723 1.75849 1.75496 1.74016 1.73179 1.7239 1.70135 1.69476 1.67693 1.651 -0.788131 -5.14733 -9999 -9999 -9999 -9999
-9999 -9999 -9999 -9999 -9999 -9999 2.38617 3.51616 5.19805 5.62363 5.58884 5.93506 5.963 5.62584 5.3307 4.45838 3.26881 0.992478 1.56701 2.77323 4.51626 5.43713 5.32334 4.83706 3.96967 1.84907 -0.00347036 -0.211177 -0.498117 -1.94026 -3.23028 -4.84379 -3.89191 -2.85341 -1.72139 -1.12883 -1.28702 -0.105361 0.855311 0.434914 1.21261 2.12191 1.69852 1.4463 1.2349 0.730185 0.697753 0.749409 1.40902 0.952394 1.23322 1.25068 1.23217 1.38518 1.561 1.74501 1.76975 1.76296 1.75814 1.72781 1.72716 1.70805 1.68941 1.67215 1.64869 1.42221 -0.931133 -2.3368 -9999 -9999 -9999
-9999 -9999 -9999 -9999 -9999 -9999 1.35467 1.92273 3.91287 4.53496 5.41382 5.87941 5.899 5.33276 5.01448 3.71832 3.29244 1.18576 0.233075 1.03933 0.733271 3.13562 5.26544 4.82636 0.562245 -0.970314 -2.0573 -1.75401 -1.73214 -2.1203 -4.3376 -4.94454 -2.92247 -1.64891 -0.664186 0.0799634 0.231453 0.198747 1.70561 1.89946 2.38314 2.26773 2.30594 1.53431 1.05567 1.46921 0.990003 0.907392 1.58879 0.917401 1.52502 1.46397 1.27919 1.26647 1.66249 1.73844 1.77502 1.77013 1.74665 1.71775 1.69849 1.70312 1.68904 1.65926 1.65334 1.62513 1.335 0.116979 -0.311746 0.15344 -9999
-9999 -9999 -9999 -9999 -9999 -9999 -9999 0.0755977 2.83785 4.10617 4.77027 5.70191 5.81243 5.51351 4.96467 3.64436 2.48249 0.59898 -1.54958 -2.68084 0.720413 3.68427 5.23714 5.05643 1.50888 0.119668 0.0724334 0.919061 0.238643 -0.273617 -1.95161 -2.44985 -3.14984 -2.70634 -1.33223 -0.216395 0.857511 1.63457 1.68971 2.18818 2.47603 2.49172 2.57579 2.47945 2.4009 1.66222 2.17028 1.73618 1.96547 1.81757 1.68429 1.58041 1.15546 1.45095 1.71143 1.77466 1.78816 1.76544 1.7539 1.73394 1.69971 1.68257 1.67266 1.66238 1.64159 1.63476 1.60986 1.46797 0.733435 -0.247361 -1.48455
-9999 -9999 -9999 -9999 -9999 -9999 -9999 -1.29938 1.44868 2.77909 4.48208 5.36115 5.71772 5.66582 5.22038 4.21604 2.7079 1.45126 -0.946228 -3.43342 0.136716 3.32805 5.05125 5.15323 2.18414 3.03003 2.37591 2.66383 1.45279 0.959144 0.585262 -0.285192 -1.24067 -2.2852 -2.84215 -0.333955 0.95058 1.98107 2.46161 2.72826 2.85583 2.77846 2.58641 1.46561 2.30997 2.26443 2.17735 2.07877 2.03099 1.94269 1.83896 1.78908 1.76483 1.48114 1.7948 1.77998 1.77861 1.77334 1.75722 1.73267 1.70941 1.68249 1.67626 1.66051 1.64211 1.62769 1.61172 1.59644 1.55086 1.35239 -0.307982
-9999 -9999 -9999 -9999 -9999 -9999 -9999 -5.15064 -1.15648 2.06325 3.7389 5.10677 5.47806 5.61335 5.01855 4.5718 3.4896 2.46525 0.889098 -1.468 -2.91779 -0.239791 3.64877 5.1017 5.01419 4.93894 4.17846 3.4951 3.42245 3.49006 2.70537 1.53715 -0.00473022 -0.484311 -1.02579 0.842113 1.09183 0.949165 2.99641 2.99192 2.86527 2.06905 1.18952 1.34926 0.805626 1.2228 0.57032 1.1656 1.68058 1.87258 1.85601 1.7991 1.7871 1.75293 1.80009 1.79445 1.77986 1.76631 1.75492 1.73862 1.70543 1.68216 1.68097 1.65991 1.63922 1.62531 1.61133 1.60035 1.56489 1.53287 1.27383
-9999 -9999 -9999 -9999 -9999 -9999 -9999 -4.97352 -1.60773 1.24065 2.95624 4.59588 4.97382 5.52352 5.39907 4.9322 3.9915 2.8182 1.52086 -0.501306 -2.0027 -0.213975 2.37467 4.22843 4.91393 4.93189 4.9009 4.7393 4.68714 4.49648 4.37979 3.53822 2.08096 1.25774 0.0488788 2.13071 2.36081 2.02926 3.06155 3.00086 1.4195 0.201437 0.0419871 0.784035 0.0763964 -0.0472176 -0.479384 0.0116987 1.33249 0.94289 1.01834 1.63063 1.72644 1.78105 1.79401 1.78498 1.7764 1.75956 1.75355 1.74668 1.71417 1.69387 1.67893 1.6467 1.63944 1.61563 1.59082 1.57992 1.55788 1.52792 1.45074
-9999 -9999 -9999 -9999 -9999 -9999 -9999 -4.90803 -2.63759 -0.0746751 2.44816 4.19929 4.90364 5.41474 5.40494 4.86385 4.39433 3.65775 2.51646 1.73412 0.378718 -1.47963 1.64378 2.61452 3.49133 3.86568 4.76835 4.75989 4.36541 3.93149 4.37986 4.25825 3.1051 2.72716 2.08493 3.24215 3.24141 3.20397 3.1351 1.79907 -0.0555284 -1.53969 -0.48588 -0.715246 -0.219706 -1.72984 -0.493912 0.50346 0.825967 0.153559 -0.352157 1.22018 1.46944 1.6193 1.71344 1.77315 1.75181 1.76121 1.74471 1.73208 1.7184 1.69598 1.67866 1.65598 1.6333 1.6185 1.59519 1.57017 1.53559 1.52861 1.49286
-9999 -9999 -9999 -9999 -9999 -9999 -9999 -9999 -3.97214 -0.713224 2.1854 3.7981 4.81086 5.30228 5.28971 5.01151 4.69194 4.23431 3.41061 2.37776 0.747852 -0.460269 0.312008 1.26437 1.39354 2.02705 3.84591 4.47485 3.61074 1.4767 2.76445 4.19551 4.17704 4.0583 3.92319 3.75108 3.59097 3.24295 2.31761 -0.505519 -1.07017 -2.18269 -2.06477 -2.63857 -1.39074 -1.85256 -0.584845 -0.0368929 0.168669 -1.00903 -0.744821 0.627768 1.17133 1.07699 1.40859 1.7292 1.73407 1.7369 1.72155 1.72074 1.71506 1.70114 1.67286 1.65324 1.63669 1.60971 1.59851 1.48642 1.41183 1.2682 1.43401
-9999 -9999 -9999 -9999 -9999 -9999 -9999 -9999 -4.60608 -1.36536 2.04798 3.14293 4.23508 5.17672 5.19204 4.76953 4.36766 3.95426 3.48475 2.23241 1.01927 -0.137458 -0.522961 -0.284617 -0.2699 0.747215 3.11183 3.5774 3.39233 1.16426 0.40546 2.31391 3.91723 4.0453 3.90073 2.01709 2.41531 1.39566 0.0130707 -0.372144 -0.981668 -2.26247 -1.65609 -2.59562 -2.20141 -2.2891 -1.57124 -1.22268 -0.366955 -1.39412 -1.37387 -0.0271074 0.653404 0.666672 1.38049 1.63178 1.69355 1.70444 1.70988 1.70567 1.70917 1.69441 1.67554 1.65329 1.61096 1.52162 1.27072 -0.104816 -0.109648 0.258352 0.606966
-9999 -9999 -9999 -9999 -9999 -9999 -9999 -9999 -4.23128 -1.98267 1.04572 3.28813 3.42735 4.51577 5.07613 4.61744 4.10147 3.57403 3.34285 1.98011 0.484347 -0.722885 -2.15087 -1.91107 -0.878434 0.836825 2.36597 2.64594 2.33929 1.15983 1.73724 3.03929 3.73135 3.93608 3.77618 3.3649 3.1254 2.3738 2.04492 1.0008 -0.629148 -1.27499 -0.876051 -2.60599 -2.49096 -1.85832 -2.51367 -1.40082 -0.869724 -2.19594 -1.13489 0.0604916 0.669613 1.20147 1.4507 1.54691 1.69658 1.6947 1.70121 1.70125 1.6915 1.68361 1.65048 1.62166 1.46915 1.24822 -0.028804 -0.56298 -0.465911 0.114943 0.623326
-9999 -9999 -9999 -9999 -9999 -9999 -9999 -9999 -3.848 -1.8239 0.80155 2.39987 2.68429 3.89172 4.96489 4.84226 4.30587 4.14125 3.58634 2.43055 1.1549 -0.238418 -0.914056 -2.46935 -0.930391 0.318586 1.61339 2.22271 1.26075 0.765516 1.6547 2.53782 2.89137 3.78113 3.77246 3.48139 2.23005 1.6176 1.8707 1.60413 1.14057 0.0171437 -0.038253 -0.761756 -1.0643 -1.34993 -2.23953 -1.66129 -1.60659 -1.456 -0.180898 0.438867 0.848238 1.22002 1.31397 1.47243 1.67919 1.69184 1.69294 1.68502 1.68165 1.65842 1.59023 1.5315 1.23287 0.710357 -0.257844 -1.82 -0.728987 0.412609 0.728912
-9999 -9999 -9999 -9999 -9999 -9999 -9999 -9999 -4.19277 -2.04302 0.200416 1.13737 1.29487 3.48191 4.82008 4.8201 4.5648 4.26729 2.89872 2.97836 2.70505 1.44803 -0.382544 -2.39232 -2.19994 -0.979162 0.740696 1.30915 -0.303801 -0.881711 -0.450783 0.882145 2.07465 3.31878 3.63411 3.26767 1.32117 -0.748027 0.206198 1.22552 1.21497 0.9095 -0.132331 -0.466563 -0.769393 -1.53032 -2.80583 -2.60318 -2.25085 -0.80795 -0.359847 0.335095 0.911368 0.687236 0.810172 1.36061 1.67377 1.67961 1.67874 1.68234 1.6678 1.64132 1.51346 1.37846 1.1571 -0.193038 -1.03516 -2.26235 -0.848405 -0.0726189 0.317553
-9999 -9999 -9999 -9999 -9999 -9999 -9999 -9999 -4.85836 -3.29888 -1.15494 -0.292018 1.08513 3.15172 4.16698 4.65251 4.63974 4.44093 3.82742 3.45866 2.73329 1.42536 -0.36257 -2.34945 -3.64141 -2.97955 -0.654454 -0.100068 -1.59385 -2.36292 -1.3992 0.0204563 2.12097 3.3206 3.48168 3.37143 2.96804 1.45653 -0.36959 -0.367585 0.541922 -0.227518 -1.12112 -0.636947 -0.731999 -1.48326 -2.03069 -2.33714 -2.13753 -1.30747 -0.975148 -0.171964 1.01585 1.18136 1.14194 1.63845 1.65753 1.66293 1.67527 1.66778 1.65606 1.63368 1.52822 1.30109 0.399958 -0.386721 -1.47816 -1.61923 -0.365753 0.156986 0.66124
-9999 -9999 -9999 -9999 -9999 -9999 -9999 -9999 -6.00446 -4.16992 -2.16195 -0.282196 1.4959 3.02579 3.14188 3.94771 3.94462 4.36627 4.24367 3.67537 3.06433 1.93735 -0.36012 -2.29113 -4.39664 -3.83787 -1.48162 -1.1296 -2.14402 -4.02087 -2.0789 0.0618652 2.00142 3.05073 2.22647 3.06798 2.99608 2.42774 1.33924 -0.35155 -0.323904 -1.5924 -1.65187 -1.00712 -0.80076 -0.913138 -1.32507 -1.96992 -1.84604 -1.33746 -1.21672 -0.479337 0.440603 1.33971 1.48587 1.65238 1.65354 1.64989 1.65732 1.65228 1.6264 1.57297 1.46317 0.706681 -0.191616 -0.747741 -1.51035 -1.60909 -0.16966 0.388046 0.701143
