Test_Spring_2018/01_18/Temp/20180119_014.txt
ncols	170
nrows	115
xllcorner	350000.000000
yllcorner	4445000.000000
cellsize	1000.000000
nodata_value	-9999.000000
[rows 32 to 63 of 115, columns 72 to 143 of 170]
11.3617 11.063 11.5417 11.9829 11.7101 11.5339 12.2485 12.2549 12.0176 11.4517 11.2487 11.0381 10.9122 10.1853 8.13171 6.28131 7.285 7.31652 6.63577 7.87814 7.23339 5.53921 3.14438 4.45687 4.12386 2.41903 2.00577 -9999 -9999 -9999 -9999 -9999 -9999 -9999 -9999 -9999 -9999 -9999 -9999 -9999 -9999 -9999 -9999 -9999 -9999 -9999 -9999 -9999 -9999 -9999 -9999 -9999 -9999 -9999 -9999 -9999 -9999 -9999 -9999 -9999 -9999 -9999 -9999 -9999 -9999 -9999 -9999 -9999 -9999 -9999 -9999 -9999
10.9521 10.8278 11.5363 11.5282 11.4822 11.7294 12.1735 12.2685 12.18 11.9371 11.728 11.5054 10.9293 10.0965 8.34013 6.23279 5.76098 6.80412 6.86162 7.03572 6.44884 5.70957 4.54869 5.5123 5.89068 4.77538 3.31078 2.36838 -9999 -9999 -9999 -9999 -9999 -9999 -9999 -9999 -9999 -9999 -9999 -9999 -9999 -9999 -9999 -9999 -9999 -9999 -9999 -9999 -9999 -9999 -9999 -9999 -9999 -9999 -9999 -9999 -9999 -9999 -9999 -9999 -9999 -9999 -9999 -9999 -9999 -9999 -9999 -9999 -9999 -9999 -9999 -9999
10.4639 9.79027 10.22 10.5442 11.1235 11.2713 11.3658 12.2094 12.1717 12.1399 11.7897 11.5112 11.0452 10.2441 9.10023 7.7215 5.31503 6.81173 7.98537 7.96329 7.90707 7.39144 6.27652 7.22252 7.27356 5.8472 4.21322 3.26339 2.87513 -9999 -9999 -9999 -9999 -9999 -9999 -9999 -9999 -9999 -9999 -9999 -9999 -9999 -9999 -9999 -9999 -9999 -9999 -9999 -9999 -9999 -9999 -9999 -9999 -9999 -9999 -9999 -9999 -9999 -9999 -9999 -9999 -9999 -9999 -9999 -9999 -9999 -9999 -9999 -9999 -9999 -9999 -9999
9.90913 9.08474 9.51702 10.0914 10.8915 11.2997 11.6157 11.8725 12.1345 12.1113 11.7526 10.6796 10.5329 10.4939 9.7485 8.1756 6.60481 6.20381 7.99011 8.50693 8.41087 8.81548 7.87218 8.32856 8.15135 7.651 6.08339 4.65661 4.07393 2.91501 -9999 -9999 -9999 -9999 -9999 -9999 -9999 -9999 -9999 -9999 -9999 -9999 -9999 -9999 -9999 -9999 -9999 -9999 -9999 -9999 -9999 -9999 -9999 -9999 -9999 -9999 -9999 -9999 -9999 -9999 -9999 -9999 -9999 -9999 -9999 -9999 -9999 -9999 -9999 -9999 -9999 -9999
-9999 -9999 8.56818 9.34019 9.98122 10.7638 11.4396 11.7849 12.1207 12.1011 11.377 11.0268 11.0031 10.5173 9.65568 9.11794 8.13199 7.10439 7.50799 9.03241 8.36551 9.44746 9.36383 9.56835 8.85701 7.4948 5.68256 4.62227 4.10175 3.16411 -9999 -9999 -9999 -9999 -9999 -9999 -9999 -9999 -9999 -9999 -9999 -9999 -9999 -9999 -9999 -9999 -9999 -9999 -9999 -9999 -9999 -9999 -9999 -9999 -9999 -9999 -9999 -9999 -9999 -9999 -9999 -9999 -9999 -9999 -9999 -9999 -9999 -9999 -9999 -9999 -9999 -9999
-9999 -9999 -9999 9.19805 9.68673 10.7402 11.2744 11.5007 12.0381 12.0461 11.7762 11.5745 11.2786 10.8901 10.2446 9.53164 8.60493 8.52659 9.5048 9.52473 9.32981 9.4966 10.0023 9.87791 8.77199 6.8541 5.84714 3.78479 2.90991 3.00817 2.3907 -9999 -9999 -9999 -9999 -9999 -9999 -9999 -9999 -9999 -9999 -9999 -9999 4.91518 -9999 -9999 -9999 -9999 -9999 -9999 -9999 -9999 -9999 -9999 -9999 -9999 -9999 -9999 -9999 -9999 -9999 -9999 -9999 -9999 1.39184 -9999 -9999 -9999 -9999 -9999 -9999 -9999
-9999 -9999 9.10471 9.75156 10.2666 10.9289 10.9922 11.3831 12 12.0156 11.8262 11.6115 11.1201 11.0043 10.6405 9.86585 9.71405 10.0397 10.1941 10.3679 10.4778 10.4026 10.208 9.95403 9.23623 8.35318 7.76275 5.88542 4.93436 4.03128 2.66072 1.59057 -9999 -9999 -9999 -9999 -9999 -9999 -9999 4.15172 4.11145 4.14703 4.46063 5.3067 4.82759 -9999 -9999 -9999 -9999 -9999 -9999 -9999 -9999 -9999 -9999 -9999 -9999 -9999 -9999 -9999 -9999 -9999 -9999 -9999 2.14717 1.07346 -9999 -9999 -9999 -9999 -9999 -9999
-9999 -9999 9.26916 9.96297 10.3122 10.9553 11.3257 11.5591 11.777 11.9858 11.9588 11.7204 11.3544 11.3648 10.8581 10.5889 10.3991 10.8369 10.9302 10.7662 10.5582 10.3749 9.84202 9.78648 9.60988 9.05173 8.13115 7.18233 5.80179 3.93791 2.11046 0.638295 -9999 -9999 -9999 -9999 -9999 -9999 4.29614 5.0005 5.42707 4.55513 5.32113 6.02236 5.92379 5.26639 -9999 -9999 -9999 -9999 -9999 -9999 -9999 -9999 -9999 -9999 -9999 -9999 -9999 -9999 7.24932 6.14764 3.91081 2.77 2.0904 1.11524 -9999 -9999 -9999 -9999 -9999 -9999
-9999 -9999 9.13268 9.95078 10.5066 11.0005 11.0839 11.5854 11.8043 11.9194 11.9134 11.8721 11.811 11.3696 11.1847 10.514 11.1729 11.157 11.0012 10.3583 10.0841 8.97354 8.48877 8.37878 9.32588 8.63734 7.19255 5.38482 3.20555 3.06964 2.35615 1.04109 -9999 -9999 -9999 -9999 -9999 -9999 4.51014 5.26293 5.89334 5.99502 5.12875 6.36605 6.33043 5.65683 5.51332 6.08757 6.38462 6.1828 6.86781 7.07636 6.78534 7.12924 -9999 -9999 -9999 -9999 7.38283 7.43883 7.48386 7.03132 4.58653 2.9206 1.426 1.30109 -9999 -9999 -9999 -9999 -9999 -9999
-9999 -9999 9.69542 10.2009 10.4588 10.5047 10.9482 11.3864 11.6569 11.8579 11.8253 11.8168 11.8078 11.6625 11.314 11.3873 11.3674 11.168 9.93698 8.4984 9.13742 8.28715 6.4499 7.95064 8.77803 7.9967 6.24425 4.21122 3.54423 3.57796 2.58242 1.29938 -9999 -9999 -9999 2.44967 3.52193 3.6251 3.94928 4.9498 5.71385 6.29303 6.69114 6.68815 6.29586 5.63742 4.92068 5.1928 6.51645 6.84841 7.12993 7.3457 7.07643 7.23528 7.59735 7.78979 7.83761 7.76605 7.75805 7.79755 7.76662 7.34496 5.1594 3.91356 3.12317 1.53015 -9999 -9999 -9999 -9999 -9999 -9999
-9999 -9999 9.37892 9.81887 10.176 10.7633 10.8299 11.2051 11.4259 11.7551 11.7989 11.4243 11.7483 11.7161 11.666 11.5499 11.3756 10.3382 8.90469 7.46726 6.80792 7.09586 5.99661 6.57103 7.40921 7.11224 6.03789 4.22719 3.97724 3.55626 1.8759 0.259781 -9999 -9999 0.378642 2.42607 3.87114 4.62202 4.8625 4.89605 5.85591 5.94229 6.97507 6.74582 5.41099 5.57524 5.06322 5.41597 5.91011 6.05433 6.7569 7.43557 7.57317 7.58778 7.82246 7.87954 7.90236 7.90739 7.76679 7.84678 7.86823 7.60942 6.02881 5.26407 4.42274 1.55233 -9999 -9999 -9999 -9999 -9999 -9999
-9999 -9999 9.59804 10.0888 10.6257 10.7164 11.1155 11.0808 10.9696 11.5258 11.731 11.4688 11.2827 11.6494 11.6338 11.5957 11.5269 10.5529 9.42392 7.70967 6.64737 5.99652 5.53842 4.92175 5.35504 5.23028 5.06093 5.26815 4.77462 3.77932 2.79873 0.957462 -0.0341857 -9999 0.487177 1.4165 3.13324 4.59425 5.52613 5.20681 6.29688 6.50902 7.14105 6.78825 5.98376 5.64501 5.62636 5.53142 6.27019 6.77211 7.12786 7.37054 7.67021 7.75484 7.83951 7.88124 7.90878 7.93636 7.94325 7.94813 7.92662 7.8361 7.11535 6.35386 4.69162 1.64881 -9999 -9999 -9999 -9999 -9999 -9999
-9999 8.18169 9.54298 10.3626 10.6822 10.9141 11.1191 11.269 11.423 11.572 11.677 11.6404 10.9341 11.0014 11.1391 11.5543 11.5351 11.4559 10.843 8.75533 8.03604 6.98276 5.61812 5.05084 5.34319 6.47294 6.42835 5.68957 4.86567 3.72016 2.99671 1.87053 -0.297785 -0.0936914 0.895406 1.63437 2.80446 4.58802 5.84206 6.40836 6.6299 7.07714 7.31658 6.82943 6.36816 6.18081 5.82272 5.78336 5.7991 6.25059 6.60416 7.37936 7.64768 7.77686 7.84802 7.89127 7.92547 7.95911 7.9776 7.97348 7.98487 7.98972 7.94845 6.92877 4.36244 2.43556 -9999 -9999 -9999 -9999 -9999 -9999
-9999 -9999 9.29191 9.65413 9.7514 9.91922 10.2594 10.6514 11.2023 11.279 11.5885 11.5946 10.986 10.2839 10.913 11.1689 11.434 11.4515 11.3809 9.62434 8.7103 7.99169 6.68332 7.1632 7.61947 7.65917 7.39268 5.802 4.21787 2.38632 0.680701 0.60577 -0.308598 0.187105 0.843487 2.51526 3.6953 4.18059 4.53275 6.3467 6.82628 7.00014 7.47401 6.85766 6.71372 6.25424 6.40809 6.38 6.39593 5.09936 6.42497 6.51549 7.38394 7.78163 7.88046 7.91532 7.95144 7.96608 7.98151 7.98804 8.00728 8.00608 8.00476 7.34651 4.08649 2.46028 -9999 -9999 -9999 -9999 -9999 -9999
-9999 -9999 -9999 -9999 9.41267 9.68964 9.86866 10.1763 11.108 11.3646 11.5379 11.5598 11.2937 10.5983 10.4227 10.5619 9.88519 10.4695 11.2637 11.2524 11.1646 9.62271 8.83639 9.6095 9.38185 8.22279 7.31157 6.41225 4.55647 3.19536 1.23949 -0.22717 -0.275332 1.3588 2.71796 4.40952 5.162 4.7506 5.21974 6.1263 7.15525 7.65942 7.55628 6.90604 6.82862 6.11307 6.84313 6.91796 6.59813 6.32336 6.45008 6.88641 7.06049 7.74223 7.91604 7.95626 7.97215 7.98543 7.99296 7.99953 8.00301 8.00735 8.0098 7.99188 4.64063 2.04039 -9999 -9999 -9999 -9999 -9999 -9999
-9999 -9999 -9999 -9999 8.76672 8.9366 9.37831 10.5076 11.0976 11.3416 11.3404 11.4582 11.2731 10.6629 10.0368 9.44741 8.68404 9.13606 10.3153 11.0135 11.0995 9.7487 10.4612 10.2025 9.68653 8.16894 7.05172 6.46171 4.68016 3.15177 1.85257 0.0568357 0.835088 1.69215 2.7915 4.63603 5.88452 6.40431 5.9887 6.57292 7.75521 7.77447 7.1476 7.20239 6.82813 5.84545 6.89646 7.20198 6.9802 7.05456 6.97892 7.14949 7.44918 7.73597 7.93026 7.96608 7.9797 7.98414 7.99411 8.00554 8.00359 8.01602 8.01852 8.01383 5.85536 1.99165 -9999 -9999 -9999 -9999 -9999 -9999
-9999 -9999 -9999 -9999 -9999 8.18214 9.18557 10.6834 11.0549 11.0271 11.3425 11.3769 11.0883 10.8397 10.0777 9.03328 7.01754 7.5434 8.62961 10.1911 11.015 10.9118 10.4636 9.68063 7.7773 6.11201 5.91415 5.64562 4.3468 3.17011 1.72501 2.57262 3.50108 4.51685 5.05511 4.92714 5.99841 6.87435 6.51865 7.23264 8.06398 7.70544 7.49889 7.32787 6.89295 6.8796 6.94049 7.54331 7.14937 7.41326 7.43173 7.43066 7.5829 7.75579 7.93634 7.9751 7.98612 7.99926 7.98997 8.0075 8.00883 8.01079 8.01409 8.01192 7.82851 5.75514 4.52028 -9999 -9999 -9999 -9999 -9999
-9999 -9999 -9999 -9999 -9999 7.25986 7.7622 9.53556 10.0826 10.8705 11.2925 11.3195 10.8264 10.556 9.41555 9.05284 7.18908 6.35021 7.07943 6.81224 8.95854 10.858 10.4521 6.63799 5.25993 4.27834 4.53698 4.54447 4.1867 2.18253 1.63601 3.43889 4.57721 5.46151 6.13501 6.28294 6.27041 7.63438 7.82562 8.2772 8.19407 8.24758 7.57759 7.16818 7.55287 7.14087 7.08199 7.70427 7.11864 7.67413 7.62232 7.47267 7.47681 7.84603 7.92994 7.97913 7.9922 7.98846 7.98077 7.9813 8.004 8.01026 8.00266 8.01641 8.01022 7.77848 6.71123 6.3479 6.78175 -9999 -9999 -9999
-9999 -9999 -9999 -9999 -9999 -9999 6.11281 8.57599 9.70005 10.2966 11.1348 11.243 10.9831 10.5093 9.34775 8.32763 6.66254 4.75915 3.75449 6.79617 9.44393 10.829 10.6541 7.48035 6.23117 6.17854 6.92309 6.30477 5.83717 4.31466 3.86576 3.23968 3.63748 4.8662 5.87317 6.8451 7.55499 7.62298 8.08841 8.36099 8.39471 8.48907 8.42174 8.36943 7.72574 8.19494 7.82243 8.04127 7.9229 7.81718 7.72677 7.36266 7.64172 7.88982 7.96224 7.99246 7.9885 7.9954 7.99571 7.98412 7.98573 7.9959 8.00592 8.00661 8.0197 8.02499 7.91826 7.28205 6.42538 5.33913 -9999 -9999
-9999 -9999 -9999 -9999 -9999 -9999 4.88505 7.33655 8.51637 10.0406 10.8266 11.1508 11.1183 10.736 9.85578 8.52586 7.41955 5.29342 3.08498 6.27727 9.12029 10.6581 10.746 8.07978 8.82675 8.23388 8.48123 7.39077 6.9412 6.58309 5.80295 4.9496 4.01447 3.52562 5.77433 6.93398 7.86965 8.3168 8.57476 8.70964 8.65558 8.49986 7.51804 8.28934 8.26414 8.20222 8.12924 8.1009 8.03583 7.95659 7.91392 7.90737 7.66944 7.96579 7.97123 7.98553 7.99713 7.99994 7.99615 7.99436 7.99001 8.00232 8.00524 8.00822 8.01468 8.02831 8.03461 8.01331 7.85488 6.39095 5.52093 5.28909
-9999 -9999 -9999 -9999 -9999 -9999 1.4473 5.0121 7.87069 9.37187 10.5938 10.9366 11.0706 10.5543 10.1708 9.22011 8.3203 6.92656 4.8338 3.54834 5.94006 9.41263 10.6954 10.6019 10.5284 9.84231 9.22455 9.15187 9.20493 8.4808 7.42795 6.05316 5.6308 5.15474 6.83197 7.06778 6.95595 8.80073 8.81596 8.72318 8.03326 7.25992 7.42162 6.94823 7.33579 6.76927 7.31563 7.78968 7.97494 7.97366 7.92419 7.9303 7.91471 7.97677 7.98671 7.98928 7.99354 8.00058 8.00412 7.99342 7.99227 8.01134 8.00976 8.01149 8.01434 8.03012 8.04025 8.02798 8.01813 7.80494 7.47712 6.84159
-9999 -9999 -9999 -9999 -9999 -9999 1.59707 4.59117 7.13732 8.66519 10.1377 10.4861 10.9893 10.892 10.4897 9.66435 8.63077 7.4852 5.69094 4.35932 5.96172 8.26976 9.92437 10.5213 10.52 10.4869 10.3367 10.2765 10.1007 9.97258 9.22131 7.92423 7.1945 6.12316 7.99136 8.20942 7.9285 8.86675 8.83099 7.43902 6.37173 6.24922 6.91973 6.30623 6.21112 5.83409 6.28754 7.48092 7.15062 7.23133 7.77782 7.87819 7.94829 7.97463 7.98173 7.98978 7.99119 8.00306 8.01499 8.00481 8.00619 8.01285 8.00435 8.01432 8.01313 8.02031 8.02466 8.02436 8.01638 7.96558 7.91085 8.00111
-9999 -9999 -9999 -9999 -9999 -9999 1.65874 3.67175 5.96397 8.2113 9.78333 10.4227 10.891 10.8952 10.4257 10.0201 9.37545 8.36853 7.68046 6.47907 4.82675 7.61848 8.47935 9.2479 9.57379 10.3745 10.3615 10.004 9.57983 9.97928 9.87263 8.84704 8.51545 7.95024 8.99332 9.00515 8.98625 8.94102 7.7662 6.12946 4.82378 5.78327 5.5972 6.04468 4.71162 5.83533 6.74079 7.04315 6.44878 6.01109 7.4139 7.65905 7.80767 7.90673 7.97541 7.97227 7.99721 7.99976 8.00651 8.01304 8.01237 8.01671 8.01653 8.01641 8.01889 8.02766 8.02558 8.02242 8.03506 8.01357 8.01346 8.01726
-9999 -9999 -9999 -9999 -9999 -9999 -9999 2.48307 5.38302 7.9773 9.42546 10.3396 10.7895 10.7904 10.5547 10.2819 9.88539 9.16118 8.24895 6.80221 5.73007 6.42348 7.26687 7.36777 7.93111 9.5515 10.1094 9.33488 7.40319 8.55191 9.83116 9.81847 9.71825 9.60552 9.45772 9.32715 9.03064 8.22038 5.71754 5.23533 4.26074 4.38443 3.89053 5.00752 4.60939 5.75686 6.26125 6.45941 5.42242 5.65536 6.90386 7.40372 7.33425 7.64511 7.94109 7.96156 7.98077 7.9844 8.00169 8.01525 8.02199 8.02226 8.02503 8.03063 8.0223 8.04252 7.96283 7.91596 7.80671 7.9728 8.00092 8.02971
-9999 -9999 -9999 -9999 -9999 -9999 -9999 1.90058 4.79928 7.85334 8.83951 9.82429 10.6757 10.7009 10.3357 9.98877 9.63112 9.22257 8.11422 7.03948 6.01355 5.67433 5.89028 5.8801 6.78749 8.89681 9.31089 9.14432 7.12825 6.45315 8.15984 9.59573 9.71662 9.59598 7.92504 8.29241 7.39598 6.17704 5.8494 5.32237 4.19671 4.75551 3.93446 4.30339 4.22295 4.87957 5.20605 5.98464 5.0823 5.09731 6.32376 6.94631 6.97334 7.62575 7.86568 7.93692 7.96334 7.98556 7.99986 8.02168 8.02777 8.03062 8.03071 8.01297 7.95316 7.74436 6.5473 6.56263 6.91008 7.23955 7.83158 8.01093
-9999 -9999 -9999 -9999 -9999 -9999 -9999 2.23224 4.24615 6.95705 8.96746 9.10166 10.0837 10.595 10.197 9.7477 9.28781 9.09165 7.88463 6.55775 5.48711 4.21811 4.43628 5.36081 6.86645 8.23177 8.48194 8.20863 7.12905 7.64796 8.81471 9.43834 9.62846 9.49466 9.13804 8.93623 8.27875 7.99975 7.08339 5.64489 5.08516 5.45808 3.93094 4.05017 4.63096 4.04184 5.05049 5.53952 4.37055 5.32407 6.40668 6.96596 7.45628 7.69448 7.79638 7.94638 7.9616 7.98487 8.00294 8.0128 8.02481 8.01465 8.00856 7.89216 7.71464 6.59435 6.14354 6.24979 6.7873 7.25959 7.7628 7.97216
-9999 -9999 -9999 -9999 -9999 -9999 -9999 2.57108 4.38524 6.73692 8.17267 8.43646 9.52458 10.4932 10.3948 9.92693 9.79055 9.30525 8.28289 7.15261 5.91624 5.3193 3.93618 5.31363 6.40326 7.56087 8.10649 7.21942 6.78151 7.57995 8.37393 8.69639 9.49862 9.5003 9.25124 8.14639 7.6129 7.85295 7.63001 7.23191 6.2453 6.21211 5.58265 5.32874 5.08968 4.29015 4.82172 4.88573 5.04339 6.18014 6.7494 7.13082 7.4787 7.57873 7.73655 7.9378 7.9662 7.98474 7.99569 8.01115 8.00926 7.96755 7.93449 7.68741 7.24049 6.39566 5.02725 6.02058 7.05867 7.38354 7.69924 7.86673
-9999 -9999 -9999 -9999 -9999 -9999 -9999 2.25989 4.18676 6.19788 7.04359 7.19418 9.15654 10.3615 10.3724 10.1552 9.90002 8.68844 8.76873 8.53321 7.41883 5.79164 4.00358 4.18009 5.25795 6.78285 7.29325 5.82588 5.31533 5.70585 6.90225 7.9743 9.09347 9.38478 9.06872 7.34352 5.50978 6.3753 7.29963 7.30536 7.04827 6.13418 5.8517 5.59718 4.93366 3.80551 3.98495 4.31475 5.60878 6.0253 6.66201 7.19278 7.00921 7.1355 7.64351 7.94 7.96252 7.97941 8.00064 8.00604 8.00109 7.90591 7.80454 7.6262 6.44043 5.70799 4.64188 5.91997 6.63171 7.02794 7.70598 7.87733
-9999 -9999 -9999 -9999 -9999 -9999 -9999 1.66222 3.06279 4.98549 5.76537 7.00463 8.85953 9.77632 10.2204 10.2196 10.0525 9.5148 9.19497 8.55619 7.39669 5.808 4.04095 2.89338 3.48898 5.53857 6.03171 4.67712 3.99688 4.86379 6.13838 8.0215 9.10152 9.25559 9.16845 8.82058 7.48455 5.86846 5.88457 6.7111 6.03953 5.25737 5.70496 5.63561 4.98053 4.50724 4.22638 4.42824 5.16771 5.48117 6.21482 7.29173 7.45629 7.43804 7.89824 7.93254 7.95486 7.98363 7.99498 8.00282 8.0014 7.92604 7.74224 6.95702 6.27399 5.31896 5.21206 6.35701 6.86767 7.34267 7.68184 7.8009
-9999 -9999 -9999 -9999 -9999 -9999 -9999 0.635654 2.28217 4.08387 5.77155 7.36885 8.74488 8.85926 9.58924 9.59714 9.98384 9.88439 9.38662 8.85007 7.85234 5.80923 4.09247 2.21933 2.72351 4.81551 5.08743 4.18845 2.52022 4.26087 6.17966 7.91969 8.86602 8.14105 8.90361 8.85174 8.35751 7.39967 5.90481 5.94407 4.82683 4.78887 5.37954 5.57901 5.49399 5.14158 4.57534 4.69259 5.14579 5.27065 5.94587 6.78404 7.60367 7.75138 7.91737 7.93592 7.95034 7.97483 7.98839 7.98354 7.95429 7.87491 7.21851 6.43567 5.9583 5.29671 5.22764 6.54119 7.08108 7.38623 7.68102 7.80506
-9999 -9999 -9999 -9999 -9999 -9999 -9999 -9999 2.11054 3.97165 5.35107 5.72877 6.95285 7.61788 8.13454 8.25595 9.71406 9.8028 9.4905 8.99845 8.14886 6.60067 5.52446 3.72821 2.43935 2.9812 3.22857 3.7141 3.58244 4.36376 6.20804 8.12923 8.34722 7.14223 7.33187 7.59597 8.1757 7.89714 5.85645 4.82504 3.9709 4.59649 5.25417 5.42197 5.46475 5.35159 5.22747 4.99107 5.86805 6.52011 6.68065 7.25063 7.67455 7.80032 7.89798 7.92052 7.94323 7.95535 7.94336 7.938 7.84676 7.62736 6.89165 5.10518 5.2017 5.01975 4.47289 5.75751 6.58281 7.31015 7.70263 7.81341
-9999 -9999 -9999 -9999 -9999 -9999 -9999 -9999 1.48993 3.64201 4.10324 4.07812 3.37698 3.71247 6.35262 6.89136 8.29017 9.61515 9.52742 9.04495 8.25072 7.33223 5.90532 3.88419 2.27987 1.60211 3.34612 5.05616 5.41701 5.97016 7.10382 7.32679 6.09492 4.94047 5.6038 6.00744 7.51753 7.80163 7.52061 6.29542 4.89321 4.16661 5.04852 5.17621 5.23987 5.26171 5.25152 5.22952 6.21783 6.76955 7.15596 7.37184 7.73756 7.84011 7.88108 7.92032 7.92589 7.91963 7.87577 7.8243 7.55675 7.2304 6.01747 5.00839 4.38394 3.58804 5.42304 5.98312 6.75502 7.25658 7.64711 7.74269
