Test_Spring_2018/01_18/Temp/20180112_019.txt
ncols	170
nrows	115
xllcorner	350000.000000
yllcorner	4445000.000000
cellsize	1000.000000
nodata_value	-9999.000000
[rows 32 to 63 of 115, columns 72 to 143 of 170]
9.25659 8.92301 9.43238 9.90116 9.6058 9.41334 10.1799 10.1777 9.91125 9.28842 9.05876 8.8208 8.67438 7.87631 5.64017 3.62416 4.70191 4.72588 3.97785 5.31453 4.60573 2.75953 0.153975 1.5672 1.19685 -0.652016 -1.10742 -9999 -9999 -9999 -9999 -9999 -9999 -9999 -9999 -9999 -9999 -9999 -9999 -9999 -9999 -9999 -9999 -9999 -9999 -9999 -9999 -9999 -9999 -9999 -9999 -9999 -9999 -9999 -9999 -9999 -9999 -9999 -9999 -9999 -9999 -9999 -9999 -9999 -9999 -9999 -9999 -9999 -9999 -9999 -9999 -9999
8.81143 8.66684 9.42517 9.40681 9.35251 9.62412 10.0973 10.1911 10.0859 9.81317 9.57689 9.32577 8.69139 7.77868 5.86471 3.57026 3.04869 4.16933 4.22164 4.40044 3.75448 2.94349 1.67562 2.71079 3.11169 1.89624 0.307295 -0.717308 -9999 -9999 -9999 -9999 -9999 -9999 -9999 -9999 -9999 -9999 -9999 -9999 -9999 -9999 -9999 -9999 -9999 -9999 -9999 -9999 -9999 -9999 -9999 -9999 -9999 -9999 -9999 -9999 -9999 -9999 -9999 -9999 -9999 -9999 -9999 -9999 -9999 -9999 -9999 -9999 -9999 -9999 -9999 -9999
8.2808 7.54076 7.99689 8.33873 8.97 9.12713 9.22048 10.1257 10.0756 10.0316 9.64234 9.33076 8.81573 7.93726 6.6873 5.18269 2.56405 4.17641 5.43867 5.40491 5.3343 4.76584 3.54794 4.56417 4.61042 3.06011 1.2923 0.253219 -0.177251 -9999 -9999 -9999 -9999 -9999 -9999 -9999 -9999 -9999 -9999 -9999 -9999 -9999 -9999 -9999 -9999 -9999 -9999 -9999 -9999 -9999 -9999 -9999 -9999 -9999 -9999 -9999 -9999 -9999 -9999 -9999 -9999 -9999 -9999 -9999 -9999 -9999 -9999 -9999 -9999 -9999 -9999 -9999
7.67785 6.77443 7.23337 7.84649 8.71309 9.15111 9.49003 9.75924 10.0339 9.99926 9.60087 8.42793 8.259 8.20674 7.3887 5.67362 3.96087 3.5162 5.44263 5.99312 5.87944 6.30865 5.27694 5.76264 5.56167 5.01303 3.31305 1.76386 1.12291 -0.142819 -9999 -9999 -9999 -9999 -9999 -9999 -9999 -9999 -9999 -9999 -9999 -9999 -9999 -9999 -9999 -9999 -9999 -9999 -9999 -9999 -9999 -9999 -9999 -9999 -9999 -9999 -9999 -9999 -9999 -9999 -9999 -9999 -9999 -9999 -9999 -9999 -9999 -9999 -9999 -9999 -9999 -9999
-9999 -9999 6.20324 7.03911 7.72516 8.56878 9.29777 9.66297 10.0177 9.98702 9.19253 8.80304 8.76747 8.23087 7.28676 6.69376 5.61494 4.49108 4.91874 6.56154 5.82919 6.99278 6.89313 7.10605 6.32639 4.84977 2.87859 1.72712 1.15389 0.128336 -9999 -9999 -9999 -9999 -9999 -9999 -9999 -9999 -9999 -9999 -9999 -9999 -9999 -9999 -9999 -9999 -9999 -9999 -9999 -9999 -9999 -9999 -9999 -9999 -9999 -9999 -9999 -9999 -9999 -9999 -9999 -9999 -9999 -9999 -9999 -9999 -9999 -9999 -9999 -9999 -9999 -9999
-9999 -9999 -9999 6.88347 7.40453 8.5378 9.1174 9.3536 9.92702 9.92627 9.62409 9.39558 9.06491 8.63364 7.92375 7.14079 6.12617 6.03127 7.08183 7.09385 6.87323 7.04499 7.58437 7.44105 6.2364 4.1551 3.05546 0.819863 -0.137096 -0.0393703 -0.717712 -9999 -9999 -9999 -9999 -9999 -9999 -9999 -9999 -9999 -9999 -9999 -9999 1.8721 -9999 -9999 -9999 -9999 -9999 -9999 -9999 -9999 -9999 -9999 -9999 -9999 -9999 -9999 -9999 -9999 -9999 -9999 -9999 -9999 -2.20617 -9999 -9999 -9999 -9999 -9999 -9999 -9999
-9999 -9999 6.78139 7.48175 8.03164 8.74117 8.805 9.22496 9.88452 9.89207 9.67712 9.43461 8.89185 8.7562 8.3515 7.50159 7.32687 7.66987 7.82745 8.00627 8.11617 8.0258 7.80634 7.52292 6.74481 5.77987 5.13222 3.09091 2.05842 1.07115 -0.423114 -1.59207 -9999 -9999 -9999 -9999 -9999 -9999 -9999 1.09705 1.04079 1.06656 1.39357 2.29771 1.76538 -9999 -9999 -9999 -9999 -9999 -9999 -9999 -9999 -9999 -9999 -9999 -9999 -9999 -9999 -9999 -9999 -9999 -9999 -9999 -1.38859 -2.56515 -9999 -9999 -9999 -9999 -9999 -9999
-9999 -9999 6.96529 7.70917 8.07959 8.76862 9.16187 9.41458 9.64172 9.85877 9.81986 9.55159 9.14468 9.14569 8.586 8.28377 8.06781 8.53224 8.62353 8.43632 8.20176 7.99437 7.40853 7.34052 7.14907 6.53683 5.53184 4.49628 2.99984 0.971596 -1.01746 -2.62179 -9999 -9999 -9999 -9999 -9999 -9999 1.2689 2.0198 2.46925 1.51093 2.32797 3.07474 2.95455 2.23124 -9999 -9999 -9999 -9999 -9999 -9999 -9999 -9999 -9999 -9999 -9999 -9999 -9999 -9999 4.19124 2.98452 0.547262 -0.701965 -1.4513 -2.52107 -9999 -9999 -9999 -9999 -9999 -9999
-9999 -9999 6.81521 7.69414 8.28883 8.81638 8.89887 9.43901 9.67036 9.78581 9.76976 9.71493 9.63845 9.14956 8.93858 8.20093 8.90469 8.87732 8.6985 7.99218 7.68596 6.47372 5.94031 5.82061 6.84032 6.08731 4.51471 2.54874 0.186315 0.0321864 -0.748854 -2.18245 -9999 -9999 -9999 -9999 -9999 -9999 1.50401 2.30709 2.97714 3.07382 2.12111 3.44857 3.39873 2.65479 2.48557 3.09454 3.40319 3.17503 3.90334 4.11624 3.78779 4.14772 -9999 -9999 -9999 -9999 4.35977 4.40801 4.44434 3.94127 1.2786 -0.539866 -2.17267 -2.31967 -9999 -9999 -9999 -9999 -9999 -9999
-9999 -9999 7.423 7.96337 8.23556 8.27782 8.75087 9.22245 9.50961 9.72332 9.67796 9.65833 9.63784 9.46941 9.08073 9.1493 9.11718 8.89074 7.54658 5.97793 6.66192 5.72785 3.73293 5.35492 6.24544 5.39246 3.48703 1.27752 0.554858 0.585061 -0.501186 -1.89507 -9999 -9999 -9999 -0.686806 0.46414 0.563969 0.902815 1.97433 2.78917 3.39896 3.81638 3.80247 3.36186 2.63401 1.84312 2.1243 3.54554 3.89201 4.18648 4.40708 4.1021 4.26383 4.64343 4.83931 4.87857 4.78853 4.76747 4.79795 4.7521 4.28268 1.89844 0.535334 -0.334152 -2.07536 -9999 -9999 -9999 -9999 -9999 -9999
-9999 -9999 7.08075 7.55035 7.93016 8.56367 8.62831 9.02703 9.2618 9.61094 9.64826 9.23153 9.57176 9.52567 9.46015 9.32321 9.12347 7.98861 6.4249 4.85758 4.13437 4.44214 3.2437 3.86172 4.76435 4.43324 3.27031 1.30216 1.02563 0.568844 -1.25996 -3.01948 -9999 -9999 -2.91796 -0.709263 0.84572 1.6475 1.89538 1.91844 2.9452 3.02487 4.13025 3.87083 2.40831 2.5721 1.99748 2.36579 2.89056 3.03331 3.7845 4.50585 4.64167 4.64437 4.88581 4.93494 4.94709 4.94011 4.77537 4.84982 4.86082 4.56801 2.84233 2.00097 1.0775 -2.0492 -9999 -9999 -9999 -9999 -9999 -9999
-9999 -9999 7.32236 7.84762 8.42277 8.51387 8.93898 8.89168 8.76647 9.3599 9.57355 9.27841 9.0655 9.45149 9.42301 9.37035 9.28482 8.21848 6.98489 5.11759 3.95777 3.24776 2.74475 2.0786 2.54309 2.4028 2.2142 2.43366 1.89132 0.812265 -0.257197 -2.26085 -3.34386 -9999 -2.7974 -1.80069 0.0486743 1.62006 2.61717 2.25745 3.42505 3.64072 4.31428 3.91742 3.0295 2.65001 2.61551 2.49837 3.28503 3.81039 4.18524 4.4345 4.74527 4.82376 4.90255 4.935 4.95228 4.96978 4.96499 4.9581 4.92263 4.81234 4.01882 3.18192 1.36763 -1.9458 -9999 -9999 -9999 -9999 -9999 -9999
-9999 5.78605 7.26062 8.14276 8.48274 8.7272 8.94211 9.09669 9.25838 9.40917 9.51272 9.46305 8.68597 8.74704 8.88454 9.32299 9.29098 9.19447 8.52026 6.24828 5.46268 4.31975 2.83517 2.21671 2.52904 3.74922 3.69644 2.89102 1.99307 0.750872 -0.0408118 -1.26851 -3.62729 -3.41482 -2.35237 -1.56203 -0.305303 1.61555 2.96168 3.5617 3.78757 4.26019 4.50519 3.96416 3.44832 3.23069 2.82799 2.77086 2.77352 3.24862 3.62034 4.44245 4.7196 4.84588 4.90995 4.94402 4.96854 4.99265 5.00051 4.98396 4.98425 4.97744 4.92125 3.80373 1.00882 -1.09477 -9999 -9999 -9999 -9999 -9999 -9999
-9999 -9999 6.98662 7.37334 7.47261 7.64792 8.00952 8.42667 9.01835 9.09166 9.41654 9.41134 8.74053 7.96744 8.63719 8.90275 9.17866 9.18694 9.10056 7.19266 6.1953 5.41072 3.98763 4.50477 4.99533 5.03446 4.74166 3.0133 1.29172 -0.693997 -2.54908 -2.63734 -3.63678 -3.10856 -2.40674 -0.605289 0.662139 1.17556 1.54391 3.49616 4.00328 4.17826 4.67752 3.99488 3.82286 3.31005 3.46208 3.41695 3.41958 1.9996 3.42458 3.50793 4.4348 4.84953 4.94327 4.96823 4.99484 4.99841 5.00301 4.9981 5.00702 4.99424 4.98039 4.25464 0.708426 -1.06913 -9999 -9999 -9999 -9999 -9999 -9999
-9999 -9999 -9999 -9999 7.10444 7.39826 7.5853 7.91107 8.91536 9.18354 9.36063 9.37279 9.07235 8.3064 8.10374 8.24249 7.49745 8.12138 8.97413 8.95447 8.85311 7.17644 6.3209 7.15506 6.90471 5.64484 4.65356 3.67497 1.65925 0.18356 -1.94262 -3.53937 -3.59943 -1.83691 -0.373759 1.44909 2.25299 1.79433 2.28937 3.25938 4.36074 4.89296 4.76668 4.0472 3.94719 3.15666 3.93314 3.99941 3.6379 3.32532 3.45038 3.90836 4.08234 4.80698 4.98149 5.01083 5.0155 5.01763 5.01374 5.00896 5.00097 4.99381 4.98449 4.95293 1.30787 -1.52542 -9999 -9999 -9999 -9999 -9999 -9999
-9999 -9999 -9999 -9999 6.40345 6.58128 7.05312 8.26955 8.90334 9.15771 9.14545 9.26146 9.04867 8.37476 7.68364 7.03255 6.19402 6.67407 7.94373 8.69333 8.7806 7.31137 8.08082 7.79683 7.23421 5.58597 4.37163 3.72852 1.79342 0.1364 -1.27792 -3.23137 -2.39564 -1.47549 -0.293733 1.69472 3.03622 3.58697 3.1235 3.74315 5.01073 5.01732 4.32333 4.36808 3.94627 2.86611 3.9904 4.30661 4.05125 4.11695 4.02242 4.19213 4.50209 4.79846 4.99505 5.0204 5.02206 5.01461 5.01343 5.01401 5.00014 5.00183 4.99265 4.97548 2.62342 -1.57937 -9999 -9999 -9999 -9999 -9999 -9999
-9999 -9999 -9999 -9999 -9999 5.7629 6.8436 8.45944 8.85629 8.81597 9.14676 9.17226 8.84715 8.56505 7.72653 6.58229 4.38607 4.94622 6.11516 7.80074 8.68798 8.5713 8.08268 7.2305 5.16417 3.3559 3.13818 2.84357 1.43172 0.155876 -1.41669 -0.504907 0.49354 1.58562 2.15908 2.00939 3.15874 4.09567 3.69698 4.45736 5.3446 4.94175 4.70346 4.5035 4.01596 3.98654 4.03755 4.67597 4.23392 4.50499 4.51233 4.49585 4.64585 4.81864 5.00022 5.0287 5.02771 5.0296 5.00757 5.01478 5.00451 4.99491 4.98665 4.97225 4.76114 2.49907 1.14736 -9999 -9999 -9999 -9999 -9999
-9999 -9999 -9999 -9999 -9999 4.76276 5.30017 7.21454 7.80166 8.64539 9.09173 9.10914 8.56231 8.25741 7.00842 6.60301 4.57161 3.65255 4.43462 4.13796 6.45871 8.51292 8.07018 3.93227 2.43524 1.36799 1.64496 1.64939 1.25743 -0.915516 -1.51425 0.432818 1.65856 2.60799 3.32794 3.4775 3.45198 4.91803 5.11218 5.58825 5.48436 5.52834 4.78783 4.3296 4.7306 4.26913 4.19037 4.84991 4.20007 4.78718 4.71834 4.54074 4.53012 4.91565 4.99242 5.03214 5.03334 5.01691 4.99674 4.98524 4.99815 4.99323 4.97316 4.97605 4.95706 4.69126 3.52125 3.11405 3.57082 -9999 -9999 -9999
-9999 -9999 -9999 -9999 -9999 -9999 3.51186 6.17382 7.38645 8.02274 8.92012 9.02551 8.73429 8.20732 6.9354 5.81755 4.00164 1.92867 0.831429 4.12152 6.9858 8.4823 8.28977 4.84583 3.48825 3.42769 4.23107 3.5568 3.04544 1.39442 0.901202 0.215049 0.637849 1.96142 3.04261 4.08481 4.84241 4.90374 5.3955 5.67734 5.70032 5.78879 5.70177 5.63083 4.9172 5.41109 4.99247 5.21479 5.0715 4.94191 4.83136 4.42129 4.70867 4.96288 5.02715 5.04631 5.02897 5.02403 5.01247 4.98843 4.97743 4.97673 4.97575 4.96447 4.96638 4.95747 4.82865 4.12567 3.18355 1.99245 -9999 -9999
-9999 -9999 -9999 -9999 -9999 -9999 2.18079 4.82989 6.10304 7.74487 8.58725 8.93008 8.88172 8.45434 7.48755 6.03411 4.82409 2.50979 0.10751 3.56045 6.63683 8.29867 8.38962 5.49656 6.30237 5.65577 5.91975 4.73323 4.24094 3.85192 2.99925 2.0664 1.04572 0.506418 2.9332 4.17889 5.18129 5.65373 5.92076 6.0541 5.98208 5.79907 4.72101 5.54308 5.50003 5.41839 5.32463 5.27914 5.19375 5.09296 5.0344 5.01199 4.73901 5.0461 5.03729 5.03908 5.03857 5.02911 5.01301 4.99949 4.98345 4.9832 4.97423 4.9654 4.9601 4.96012 4.95384 4.91743 4.7322 3.13174 2.17501 1.90859
-9999 -9999 -9999 -9999 -9999 -9999 -1.54562 2.31006 5.40563 7.0221 8.34028 8.69926 8.83169 8.25933 7.83136 6.7893 5.80332 4.28302 2.00614 0.605452 3.19161 6.95052 8.33665 8.2319 8.14781 7.39965 6.72533 6.6415 6.69352 5.90755 4.7615 3.2627 2.79642 2.27016 4.07742 4.32168 4.18868 6.17625 6.18033 6.06711 5.30636 4.45451 4.61638 4.0885 4.49301 3.86462 4.44242 4.94168 5.1278 5.11166 5.04607 5.03869 5.00655 5.05837 5.0549 5.04397 5.03544 5.03049 5.02222 4.99889 4.98615 4.9954 4.97889 4.96873 4.95902 4.96124 4.95911 4.9325 4.90837 4.66371 4.29474 3.59068
-9999 -9999 -9999 -9999 -9999 -9999 -1.38026 1.8612 4.61117 6.26317 7.84755 8.21293 8.74601 8.62822 8.18015 7.27428 6.14349 4.89228 2.93894 1.48805 3.21844 5.71467 7.50318 8.14653 8.14001 8.09903 7.93098 7.86284 7.66622 7.52637 6.70391 5.29036 4.48961 3.31796 5.33217 5.5572 5.24098 6.24602 6.19501 4.67366 3.50407 3.35839 4.07149 3.39305 3.27442 2.8506 3.32789 4.60709 4.23644 4.30911 4.88989 4.98338 5.04331 5.05725 5.05076 5.04579 5.03413 5.0343 5.03498 5.01204 5.00185 4.99744 4.97656 4.97133 4.95771 4.95034 4.94147 4.92786 4.90577 4.83717 4.76401 4.84655
-9999 -9999 -9999 -9999 -9999 -9999 -1.31302 0.865559 3.34024 5.77309 7.46562 8.14682 8.64236 8.63506 8.11461 7.66391 6.95494 5.85409 5.09974 3.78983 1.99186 5.01176 5.93979 6.7685 7.11889 7.98173 7.9622 7.56877 7.10762 7.53282 7.41046 6.28943 5.92008 5.29695 6.4167 6.4182 6.38609 6.32517 5.03957 3.25308 1.82526 2.85262 2.63802 3.10919 1.64874 2.85545 3.8228 4.13615 3.47625 2.9872 4.49675 4.74597 4.89231 4.98521 5.04554 5.02845 5.04224 5.03221 5.02712 5.02209 5.00946 5.00232 4.99023 4.97806 4.96359 4.95773 4.94235 4.92553 4.92573 4.88844 4.87472 4.86347
-9999 -9999 -9999 -9999 -9999 -9999 -9999 -0.421453 2.72093 5.52236 7.08092 8.06027 8.53637 8.52586 8.25911 7.95277 7.51297 6.71872 5.72145 4.14554 2.97638 3.7216 4.63086 4.7354 5.3404 7.0911 7.68984 6.84376 4.7504 5.98954 7.36725 7.34391 7.22514 7.09232 6.9191 6.76627 6.43329 5.54319 2.81817 2.28549 1.21683 1.33851 0.790488 1.98771 1.54054 2.77069 3.30349 3.5041 2.36566 2.60833 3.94458 4.47152 4.38149 4.70399 5.01024 5.01875 5.0263 5.01733 5.02349 5.02588 5.02105 5.00962 5.00053 4.99437 4.9673 4.97344 4.87388 4.8097 4.67776 4.84421 4.86105 4.87409
-9999 -9999 -9999 -9999 -9999 -9999 -9999 -1.04112 2.09103 5.39107 6.44915 7.50548 8.4171 8.43333 8.02657 7.64013 7.24259 6.79052 5.58054 4.40762 3.28819 2.9136 3.14116 3.12589 4.10322 6.38329 6.82549 6.63793 4.45544 3.715 5.55581 7.10251 7.22332 7.08188 5.2596 5.64654 4.66331 3.33032 2.96332 2.38004 1.1477 1.74109 0.838538 1.22565 1.12213 1.82036 2.16049 2.99047 1.99819 2.00519 3.31744 3.97756 3.99231 4.68518 4.93121 4.99471 5.00998 5.02102 5.02378 5.03491 5.02915 5.01993 5.00768 4.97598 4.89851 4.65324 3.33918 3.34241 3.70552 4.04906 4.67501 4.85303
-9999 -9999 -9999 -9999 -9999 -9999 -9999 -0.678454 1.49473 4.42302 6.59166 6.72633 7.78 8.3234 7.88137 7.38418 6.87592 6.65404 5.33696 3.89048 2.72222 1.33934 1.56881 2.56415 4.1916 5.66464 5.92865 5.62491 4.45764 5.01119 6.2665 6.93261 7.12837 6.97264 6.57506 6.34504 5.62087 5.3068 4.30168 2.73043 2.11158 2.50351 0.835617 0.952122 1.5687 0.91328 1.993 2.50927 1.22815 2.25021 3.40917 4.00089 4.518 4.762 4.85849 5.00739 5.01048 5.02255 5.02923 5.02721 5.02762 5.00404 4.98484 4.84597 4.64069 3.41329 2.90139 3.0031 3.57221 4.07054 4.59693 4.81037
-9999 -9999 -9999 -9999 -9999 -9999 -9999 -0.307631 1.64916 4.18829 5.7343 6.00976 7.17871 8.21821 8.10116 7.58398 7.42646 6.89112 5.77405 4.54042 3.19218 2.53738 1.03062 2.51644 3.6926 4.94 5.52383 4.56619 4.08275 4.93907 5.79015 6.1297 6.98893 6.98004 6.69907 5.49019 4.90045 5.14902 4.89558 4.45209 3.3705 3.32221 2.62738 2.33943 2.06734 1.18381 1.74648 1.80216 1.95647 3.18002 3.78268 4.18177 4.54463 4.63897 4.79616 5.00063 5.01796 5.02482 5.02363 5.02747 5.01259 4.95457 4.90589 4.62513 4.12761 3.19861 1.69137 2.75459 3.86624 4.20129 4.52752 4.6955
-9999 -9999 -9999 -9999 -9999 -9999 -9999 -0.64115 1.43799 3.60818 4.51487 4.66791 6.78481 8.08077 8.08236 7.83701 7.55077 6.22809 6.3061 6.04211 4.82577 3.05383 1.10774 1.29133 2.45166 4.0996 4.64489 3.05818 2.49577 2.90975 4.19693 5.34895 6.55172 6.85679 6.50321 4.62191 2.62274 3.5493 4.53944 4.53366 4.24279 3.23959 2.92083 2.63219 1.9 0.660784 0.841229 1.18511 2.57696 3.01417 3.69008 4.25121 4.03811 4.16103 4.69788 5.00562 5.01655 5.02152 5.03134 5.02409 5.00568 4.88946 4.76649 4.55999 3.26135 2.45398 1.28071 2.64559 3.4034 3.81311 4.53437 4.70644
-9999 -9999 -9999 -9999 -9999 -9999 -9999 -1.28499 0.223821 2.2984 3.134 4.4674 6.46807 7.45183 7.92321 7.9125 7.72167 7.1294 6.77352 6.07215 4.8066 3.07605 1.15237 -0.0996546 0.537984 2.7541 3.2833 1.81585 1.06934 1.99961 3.3715 5.40271 6.56305 6.71939 6.61399 6.22569 4.76601 3.00254 3.00813 3.892 3.15177 2.29147 2.76401 2.67601 1.95291 1.42672 1.105 1.30687 2.10088 2.42646 3.20756 4.36082 4.5252 4.49153 4.97662 5.00017 5.01086 5.02864 5.02763 5.02285 5.00806 4.91309 4.70052 3.83594 3.08202 2.03315 1.90352 3.11948 3.65533 4.15399 4.50779 4.62307
-9999 -9999 -9999 -9999 -9999 -9999 -9999 -2.39362 -0.618006 1.32565 3.14553 4.8673 6.34911 6.46325 7.24467 7.24343 7.65289 7.53553 6.98656 6.39577 5.30529 3.08185 1.21238 -0.826435 -0.28815 1.9702 2.27286 1.28934 -0.528217 1.34914 3.41935 5.29548 6.31097 5.51451 6.3302 6.26278 5.71559 4.6656 3.03324 3.06361 1.84015 1.7864 2.41389 2.61715 2.5119 2.11668 1.4859 1.59542 2.07926 2.20046 2.91831 3.81287 4.68743 4.83375 4.99999 5.00649 5.0086 5.02169 5.02295 5.00427 4.95912 4.85956 4.13446 3.27221 2.74098 2.00995 1.9211 3.32651 3.88653 4.20098 4.50653 4.62706
-9999 -9999 -9999 -9999 -9999 -9999 -9999 -9999 -0.79962 1.20868 2.69468 3.09466 4.41196 5.12314 5.67342 5.79522 7.36599 7.45247 7.10436 6.56156 5.63139 3.94416 2.76877 0.813068 -0.592453 -0.0121007 0.261363 0.77856 0.626622 1.46413 3.45364 5.52626 5.75234 4.43564 4.63036 4.90547 5.5224 5.20866 2.98453 1.85416 0.91571 1.58104 2.28097 2.44973 2.48286 2.34686 2.19143 1.92795 2.86437 3.55708 3.71707 4.321 4.76672 4.88933 4.98158 4.99244 5.00354 5.00317 4.97665 4.95727 4.84474 4.59319 3.78188 1.83146 1.92204 1.71067 1.10365 2.47709 3.34417 4.11833 4.52959 4.63558
-9999 -9999 -9999 -9999 -9999 -9999 -9999 -9999 -1.4679 0.856077 1.34704 1.3106 0.541188 0.895282 3.74742 4.32156 5.82794 7.25431 7.1494 6.61674 5.74632 4.74142 3.18566 0.986022 -0.761574 -1.49192 0.387383 2.23688 2.61889 3.2092 4.42857 4.66051 3.31513 2.05333 2.76161 3.188 4.8134 5.10947 4.79264 3.45202 1.91925 1.11859 2.06134 2.18638 2.24193 2.25209 2.22317 2.18853 3.24575 3.82968 4.23455 4.4547 4.83742 4.93495 4.96582 4.99484 4.98738 4.96706 4.90592 4.83643 4.53261 4.16493 2.83607 1.72805 1.03684 0.159662 2.13425 2.72185 3.53825 4.0601 4.46902 4.55836
