Test_Spring_2018/01_18/Temp/20180130_006.txt
ncols	170
nrows	115
xllcorner	350000.000000
yllcorner	4445000.000000
cellsize	1000.000000
nodata_value	-9999.000000
[rows 31 to 61 of 115, columns 70 to 139 of 170]
4.89493 5.39599 5.57693 5.21911 5.24964 6.11567 6.31409 6.29846 6.2605 6.17624 5.76988 5.63021 5.30775 4.74371 4.50319 3.50425 0.290073 1.19107 1.53973 0.604172 1.11832 1.95909 1.22027 -0.96523 -1.90695 -3.42224 -2.93346 -3.37255 -4.59161 -9999 -9999 -9999 -9999 -9999 -9999 -9999 -9999 -9999 -9999 -9999 -9999 -9999 -9999 -9999 -9999 -9999 -9999 -9999 -9999 -9999 -9999 -9999 -9999 -9999 -9999 -9999 -9999 -9999 -9999 -9999 -9999 -9999 -9999 -9999 -9999 -9999 -9999 -9999 -9999 -9999
4.99596 5.22134 5.19361 4.84833 5.36801 5.84646 5.58677 5.4152 6.22132 6.2172 5.9415 5.29961 5.06022 4.81173 4.65665 3.8331 1.53483 -0.537528 0.562951 0.583418 -0.187031 1.18112 0.452679 -1.44118 -4.11281 -2.66262 -3.04075 -4.90665 -5.37268 -9999 -9999 -9999 -9999 -9999 -9999 -9999 -9999 -9999 -9999 -9999 -9999 -9999 -9999 -9999 -9999 -9999 -9999 -9999 -9999 -9999 -9999 -9999 -9999 -9999 -9999 -9999 -9999 -9999 -9999 -9999 -9999 -9999 -9999 -9999 -9999 -9999 -9999 -9999 -9999 -9999
4.35931 4.93115 4.74682 4.59493 5.36948 5.34803 5.32063 5.64001 6.14535 6.23956 6.1293 5.84654 5.6006 5.3389 4.68375 3.74291 1.77522 -0.582562 -1.12211 0.0227676 0.0727044 0.25306 -0.411537 -1.24456 -2.54528 -1.48367 -1.07186 -2.30786 -3.91816 -4.93931 -9999 -9999 -9999 -9999 -9999 -9999 -9999 -9999 -9999 -9999 -9999 -9999 -9999 -9999 -9999 -9999 -9999 -9999 -9999 -9999 -9999 -9999 -9999 -9999 -9999 -9999 -9999 -9999 -9999 -9999 -9999 -9999 -9999 -9999 -9999 -9999 -9999 -9999 -9999 -9999
3.50189 4.48808 4.21196 3.4492 3.91363 4.26138 4.96228 5.16046 5.25476 6.1812 6.12755 6.07962 5.67703 5.35357 4.82103 3.91547 2.62876 1.08089 -1.60922 0.0396245 1.32992 1.29184 1.21666 0.631723 -0.618434 0.423074 0.470501 -1.1094 -2.87322 -3.94085 -4.38486 -9999 -9999 -9999 -9999 -9999 -9999 -9999 -9999 -9999 -9999 -9999 -9999 -9999 -9999 -9999 -9999 -9999 -9999 -9999 -9999 -9999 -9999 -9999 -9999 -9999 -9999 -9999 -9999 -9999 -9999 -9999 -9999 -9999 -9999 -9999 -9999 -9999 -9999 -9999
-9999 3.86869 3.60241 2.67198 3.13925 3.76522 4.6809 5.17469 5.53954 5.81406 6.09374 6.05566 5.64399 4.4375 4.26002 4.20174 3.35789 1.59406 -0.16738 -0.628252 1.34269 1.90322 1.78335 2.22093 1.16117 1.65815 1.45161 0.889819 -0.818737 -2.38806 -3.04823 -4.34969 -9999 -9999 -9999 -9999 -9999 -9999 -9999 -9999 -9999 -9999 -9999 -9999 -9999 -9999 -9999 -9999 -9999 -9999 -9999 -9999 -9999 -9999 -9999 -9999 -9999 -9999 -9999 -9999 -9999 -9999 -9999 -9999 -9999 -9999 -9999 -9999 -9999 -9999
-9999 -9999 -9999 -9999 2.09115 2.97374 3.69535 4.58479 5.35047 5.72386 6.08607 6.0524 5.23486 4.83196 4.79133 4.23637 3.2631 2.64961 1.53787 0.380077 0.81362 2.49373 1.73897 2.92914 2.82477 3.04171 2.24151 0.756087 -1.26035 -2.42159 -3.01234 -4.06754 -9999 -9999 -9999 -9999 -9999 -9999 -9999 -9999 -9999 -9999 -9999 -9999 -9999 -9999 -9999 -9999 -9999 -9999 -9999 -9999 -9999 -9999 -9999 -9999 -9999 -9999 -9999 -9999 -9999 -9999 -9999 -9999 -9999 -9999 -9999 -9999 -9999 -9999
-9999 -9999 -9999 -9999 -9999 2.82186 3.37428 4.53638 5.17324 5.41495 6.00192 5.99943 5.68707 5.44944 5.10626 4.6592 3.92585 3.11718 2.07078 1.96758 3.0393 3.04662 2.81612 2.98885 3.53949 3.39097 2.15592 0.0481329 -1.08053 -3.34743 -4.33141 -4.23451 -4.93422 -9999 -9999 -9999 -9999 -9999 -9999 -9999 -9999 -9999 -9999 -9999 -9999 -2.42925 -9999 -9999 -9999 -9999 -9999 -9999 -9999 -9999 -9999 -9999 -9999 -9999 -9999 -9999 -9999 -9999 -9999 -9999 -9999 -9999 -6.99381 -9999 -9999 -9999
-9999 -9999 -9999 -9999 2.69899 3.46012 4.02454 4.75309 4.84166 5.29117 5.96714 5.97369 5.75116 5.49936 4.93868 4.79457 4.37381 3.49599 3.31025 3.65544 3.81083 3.98862 4.09658 4.00019 3.77253 3.48036 2.70893 1.71859 1.05393 -1.03498 -2.07471 -3.08989 -4.62582 -5.82919 -9999 -9999 -9999 -9999 -9999 -9999 -9999 -3.1545 -3.22782 -3.21789 -2.89978 -1.99049 -2.55474 -9999 -9999 -9999 -9999 -9999 -9999 -9999 -9999 -9999 -9999 -9999 -9999 -9999 -9999 -9999 -9999 -9999 -9999 -9999 -6.15981 -7.38522 -9999 -9999
-9999 -9999 -9999 -9999 2.9352 3.69885 4.08033 4.78902 5.19459 5.49354 5.72687 5.94886 5.90724 5.6292 5.20777 5.20352 4.62335 4.3065 4.07776 4.54672 4.63343 4.43527 4.18955 3.97289 3.36947 3.29834 3.12707 2.49908 1.46877 0.407219 -1.10349 -3.18538 -5.22802 -6.87725 -9999 -9999 -9999 -9999 -9999 -9999 -2.95606 -2.20141 -1.75696 -2.75706 -1.93743 -1.19054 -1.3332 -2.09235 -9999 -9999 -9999 -9999 -9999 -9999 -9999 -9999 -9999 -9999 -9999 -9999 -9999 -9999 -0.372811 -1.62673 -4.1429 -5.44141 -6.22803 -7.34404 -9999 -9999
-9999 -9999 -9999 -9999 2.78489 3.68818 4.30092 4.84538 4.93366 5.50825 5.76482 5.88329 5.86552 5.8065 5.72379 5.2168 4.99363 4.22954 4.94309 4.9069 4.71585 3.98472 3.66506 2.41777 1.86813 1.76822 2.81371 2.04224 0.43088 -1.58366 -3.98478 -4.14147 -4.94448 -6.41788 -9999 -9999 -9999 -9999 -9999 -9999 -2.70606 -1.89868 -1.22895 -1.14823 -2.14449 -0.803279 -0.871968 -1.65728 -1.85355 -1.25197 -0.958293 -1.20856 -0.489237 -0.292928 -0.650924 -0.302103 -9999 -9999 -9999 -9999 -0.17261 -0.139005 -0.11759 -0.649547 -3.39655 -5.27859 -6.97113 -7.15187 -9999 -9999
-9999 -9999 -9999 -9999 3.41085 3.96825 4.25171 4.30005 4.79034 5.29557 5.60839 5.82971 5.7818 5.75859 5.73282 5.55377 5.14754 5.20922 5.16712 4.92573 3.53868 1.92237 2.61735 1.65639 -0.370291 1.29268 2.20656 1.33363 -0.617838 -2.88084 -3.59985 -3.56685 -4.6818 -6.11468 -9999 -9999 -9999 -4.90353 -3.73505 -3.64632 -3.31425 -2.23244 -1.41518 -0.807816 -0.400277 -0.420057 -0.907335 -1.67734 -2.51231 -2.24803 -0.814582 -0.482916 -0.202967 0.000507912 -0.333967 -0.196628 0.173823 0.35689 0.380235 0.271707 0.23439 0.250123 0.187485 -0.309858 -2.76392 -4.17882 -5.0886 -6.91834 -9999 -9999
-9999 -9999 -9999 -9999 3.06818 3.5538 3.94836 4.60507 4.67727 5.09164 5.35138 5.72298 5.76023 5.32992 5.67384 5.61977 5.54423 5.39429 5.17935 4.0055 2.39245 0.776849 0.0283871 0.356581 -0.874263 -0.240642 0.685943 0.353662 -0.832912 -2.84771 -3.12796 -3.57715 -5.45183 -7.25785 -9999 -9999 -7.16991 -4.91468 -3.33205 -2.52394 -2.28584 -2.28006 -1.24655 -1.18547 -0.0735751 -0.348257 -1.88315 -1.73968 -2.35368 -2.00129 -1.49984 -1.37737 -0.626395 0.088184 0.206167 0.18889 0.417675 0.450439 0.446313 0.423381 0.239211 0.300508 0.296606 -0.0193085 -1.80529 -2.68543 -3.65971 -6.89916 -9999 -9999
-9999 -9999 -9999 -9999 3.32381 3.86761 4.46342 4.5633 5.0057 4.96152 4.85256 5.46373 5.69205 5.38647 5.16293 5.55142 5.5131 5.44869 5.34989 4.24534 2.96998 1.0461 -0.150491 -0.868233 -1.38551 -2.0643 -1.58638 -1.72734 -1.91689 -1.68741 -2.23277 -3.31956 -4.41492 -6.47002 -7.58308 -9999 -7.03434 -6.02178 -4.1374 -2.54054 -1.53483 -1.92247 -0.74562 -0.546294 0.133562 -0.29673 -1.24305 -1.66999 -1.73135 -1.87716 -1.09568 -0.583175 -0.219239 0.0129559 0.308228 0.368561 0.430634 0.446543 0.448066 0.450719 0.43108 0.409465 0.358337 0.229907 -0.600024 -1.48293 -3.36262 -6.79327 -9999 -9999
-9999 -9999 -9999 1.72828 3.26153 4.17264 4.52868 4.78719 5.01537 5.18115 5.36559 5.52321 5.63033 5.58349 4.78115 4.83592 4.96707 5.40538 5.36054 5.2496 4.54706 2.2076 1.40626 0.234498 -1.28873 -1.92185 -1.59903 -0.343823 -0.392855 -1.21296 -2.12772 -3.38181 -4.18438 -5.44264 -7.86338 -7.64945 -6.56653 -5.7654 -4.48885 -2.53402 -1.17106 -0.575398 -0.365266 0.106192 0.33419 -0.256698 -0.822209 -1.07274 -1.51286 -1.59824 -1.62166 -1.1598 -0.799962 0.0172925 0.279301 0.387531 0.434662 0.452538 0.461906 0.471831 0.465675 0.434634 0.42058 0.398541 0.319157 -0.844952 -3.74 -5.92991 -9999 -9999
-9999 -9999 -9999 -9999 2.9816 3.38589 3.49629 3.68507 4.06479 4.50086 5.12644 5.20502 5.53915 5.53265 4.84337 4.04225 4.71853 4.97879 5.2489 5.24464 5.14422 3.18838 2.16026 1.3528 -0.10692 0.425121 0.931525 0.976618 0.68256 -1.08276 -2.8408 -4.85674 -6.75489 -6.8429 -7.86336 -7.32558 -6.61207 -4.77395 -3.48651 -2.97524 -2.61549 -0.633938 -0.12922 0.0190865 0.505241 -0.221573 -0.435313 -0.989709 -0.862085 -0.936118 -0.960407 -2.44253 -1.00347 -0.942188 -0.014238 0.388892 0.466102 0.474968 0.486906 0.47623 0.467197 0.448505 0.443608 0.411751 0.374045 -0.389936 -4.04751 -5.90316 -9999 -9999
-9999 -9999 -9999 -9999 -9999 -9999 3.12195 3.43312 3.63464 3.97773 5.02652 5.30526 5.488 5.49874 5.18587 4.39429 4.17543 4.30505 3.52764 4.15515 5.02266 4.99464 4.88534 3.16331 2.28623 3.14359 2.89087 1.60466 0.595217 -0.400315 -2.45897 -3.95145 -6.12669 -7.76074 -7.82129 -6.01572 -4.51919 -2.659 -1.84695 -2.33273 -1.84348 -0.869609 0.236361 0.756818 0.600565 -0.165009 -0.305581 -1.14572 -0.378638 -0.339201 -0.737531 -1.08459 -0.979108 -0.533892 -0.378057 0.344394 0.504678 0.517219 0.507045 0.495286 0.477895 0.45963 0.432267 0.407812 0.379633 0.327106 -3.43231 -6.37068 -9999 -9999
-9999 -9999 -9999 -9999 -9999 -9999 2.40617 2.59887 3.09283 4.34956 5.01838 5.28303 5.27158 5.38869 5.16551 4.46643 3.74727 3.06661 2.19415 2.67453 3.96633 4.72708 4.81125 3.30206 4.09154 3.80261 3.23007 1.54606 0.308386 -0.342561 -2.31792 -3.99608 -5.44079 -7.4401 -6.58162 -5.63947 -4.43245 -2.40161 -1.0383 -0.489892 -0.983021 -0.369109 0.906762 0.887584 0.14849 0.165889 -0.305159 -1.44296 -0.319791 -0.024534 -0.314399 -0.273825 -0.393839 -0.244276 0.051058 0.334496 0.517634 0.527075 0.513638 0.492328 0.477924 0.463003 0.432965 0.417393 0.389052 0.350922 -2.08302 -6.4259 -9999 -9999
-9999 -9999 -9999 -9999 -9999 -9999 -9999 1.76263 2.88088 4.54708 4.97274 4.93499 5.27509 5.29917 4.96061 4.66315 3.79243 2.60625 0.341196 0.90369 2.09222 3.81278 4.7173 4.59512 4.0946 3.22309 1.10866 -0.739348 -0.95495 -1.24841 -2.68706 -3.97431 -5.58116 -4.64221 -3.61673 -2.49817 -1.91484 -2.07675 -0.910381 0.0347492 -0.392902 0.365097 1.25067 0.811314 0.539166 0.305281 -0.233406 -0.294018 -0.271665 0.353836 -0.127559 0.123591 0.108032 0.0667964 0.198277 0.355197 0.523173 0.536019 0.520209 0.508496 0.472203 0.46495 0.438438 0.411032 0.38334 0.347721 0.10888 -2.24408 -3.65597 -9999
-9999 -9999 -9999 -9999 -9999 -9999 -9999 0.739525 1.30015 3.27191 3.89238 4.76069 5.21889 5.23436 4.66827 4.34795 3.05689 2.62819 0.531899 -0.421318 0.370643 0.0586602 2.4332 4.53711 4.0835 -0.157506 -1.68839 -2.77683 -2.48547 -2.47263 -2.86582 -5.07318 -5.68172 -3.6814 -2.42307 -1.45095 -0.717486 -0.572557 -0.610966 0.876487 1.05729 1.52374 1.39298 1.41182 0.624706 0.12602 0.498491 -0.00504427 -0.115621 0.53172 -0.162548 0.412936 0.319533 0.113373 0.0804317 0.455748 0.516439 0.540931 0.526574 0.49636 0.461962 0.435069 0.432074 0.409187 0.369117 0.350971 0.308942 0.00289776 -1.2227 -1.6664
-9999 -9999 -9999 -9999 -9999 -9999 -9999 -9999 -0.532482 2.20496 3.46643 4.12132 5.04148 5.14682 4.84851 4.29798 2.98204 1.82318 -0.0516801 -2.18961 -3.32176 0.044413 2.97634 4.50822 4.31089 0.781085 -0.607339 -0.664117 0.166326 -0.517585 -1.03403 -2.7066 -3.20765 -3.90817 -3.47374 -2.11444 -1.01473 0.0452975 0.80993 0.857004 1.34208 1.6113 1.61092 1.67572 1.55908 1.45793 0.687716 1.16434 0.705748 0.905226 0.73089 0.5719 0.436264 -0.00785448 0.265138 0.506069 0.554096 0.554299 0.522757 0.504064 0.478196 0.438647 0.409965 0.39112 0.370393 0.337578 0.316927 0.274198 0.116499 -0.630216
-9999 -9999 -9999 -9999 -9999 -9999 -9999 -9999 -1.89682 0.8262 2.14928 3.83442 4.70683 5.05617 4.99857 4.55049 3.54792 2.04552 0.792591 -1.5922 -4.06609 -0.532809 2.62171 4.32293 4.41562 1.45031 2.27953 1.62089 1.89716 0.686833 0.188735 -0.190318 -1.061 -2.01544 -3.05542 -3.61759 -1.1348 0.133666 1.1493 1.6181 1.87305 1.98803 1.89463 1.68113 0.548915 1.36422 1.28215 1.16941 1.04472 0.97032 0.856048 0.727242 0.645643 0.59956 0.29834 0.590205 0.560223 0.547359 0.532736 0.509019 0.478056 0.448865 0.415878 0.395621 0.366449 0.336106 0.308161 0.274546 0.242913 0.180209
-9999 -9999 -9999 -9999 -9999 -9999 -9999 -9999 -5.71774 -1.75887 1.44592 3.10258 4.45571 4.81788 4.94584 4.34948 3.9 2.82014 1.79766 0.227747 -2.11698 -3.56173 -0.914286 2.93621 4.36405 4.25719 4.17291 3.409 2.72183 2.64086 2.69946 1.91264 0.750226 -0.787099 -1.27538 -1.81871 0.0282261 0.269493 0.120783 2.14347 2.12923 1.99202 1.18856 0.29591 0.435734 -0.132217 0.24537 -0.427008 0.137922 0.623052 0.788041 0.7468 0.658831 0.623008 0.569942 0.598083 0.578516 0.552258 0.528973 0.50936 0.485908 0.446182 0.416182 0.407442 0.367735 0.335838 0.303987 0.272648 0.245843 0.193838
-9999 -9999 -9999 -9999 -9999 -9999 -9999 -9999 -5.53386 -2.19019 0.629888 2.32847 3.9489 4.31754 4.85652 4.7267 4.2572 3.31769 2.14746 0.854173 -1.15822 -2.65407 -0.886105 1.67195 3.50376 4.16322 4.16568 4.12569 3.95629 3.90153 3.70333 3.57862 2.73529 1.27427 0.450553 -0.755507 1.30299 1.52416 1.1875 2.20289 2.13266 0.552274 -0.669484 -0.842931 -0.130026 -0.851863 -1.01081 -1.47055 -1.00759 0.278331 -0.133542 -0.0827983 0.49311 0.567514 0.599974 0.596787 0.573832 0.553259 0.526228 0.511318 0.496493 0.456679 0.428915 0.405939 0.364871 0.334257 0.297949 0.256101 0.224782 0.186836
-9999 -9999 -9999 -9999 -9999 -9999 -9999 -9999 -5.46113 -3.21126 -0.674551 1.82502 3.55596 4.24833 4.74895 4.73282 4.18965 3.71754 2.98056 1.84209 1.05972 -0.291252 -2.14132 0.95061 1.90297 2.75168 3.12146 4.00791 3.99027 3.58958 3.14332 3.5792 3.44077 2.28889 1.90636 1.26181 2.40237 2.39391 2.34849 2.27103 0.935352 -0.916144 -2.4017 -1.37111 -1.61522 -1.14948 -2.68349 -1.47865 -0.513156 -0.217521 -0.914306 -1.43883 0.0902095 0.313241 0.444363 0.521964 0.567191 0.533719 0.532252 0.506301 0.485025 0.463125 0.432534 0.406587 0.374539 0.341454 0.299391 0.259266 0.219784 0.168355
-9999 -9999 -9999 -9999 -9999 -9999 -9999 -9999 -9999 -4.52594 -1.29626 1.57278 3.16593 4.16382 4.64452 4.62533 4.34279 4.01939 3.55923 2.73606 1.70548 0.082582 -1.12198 -0.362091 0.572294 0.677949 1.29783 3.09339 3.70827 2.84184 0.715862 1.97262 3.38339 3.35639 3.23014 3.08779 2.90466 2.73751 2.38347 1.45594 -1.35527 -1.92331 -3.04002 -2.93757 -3.52296 -2.31151 -2.8064 -1.57059 -1.04952 -0.868437 -2.05956 -1.82973 -0.495371 0.0247677 -0.0864102 0.226592 0.528775 0.521084 0.512669 0.487269 0.477036 0.462349 0.439505 0.402831 0.373297 0.345926 0.289142 0.260823 0.135226 0.0461285
-9999 -9999 -9999 -9999 -9999 -9999 -9999 -9999 -9999 -5.15013 -1.94142 1.4383 2.5179 3.59463 4.52205 4.53059 4.10491 3.69986 3.28352 2.81164 1.56321 0.353657 -0.800026 -1.18879 -0.95892 -0.971634 0.0289743 2.36613 2.81912 2.6265 0.39469 -0.367331 1.51686 3.09851 3.21676 3.06459 1.18712 1.57319 0.552261 -0.829312 -1.22225 -1.83873 -3.12235 -2.53509 -3.48283 -3.1088 -3.24195 -2.55042 -2.22586 -1.39845 -2.43893 -2.45013 -1.1413 -0.484548 -0.488447 0.204018 0.439022 0.487328 0.486337 0.480889 0.46656 0.460238 0.435865 0.407172 0.374619 0.321443 0.22077 -0.0610287 -1.44335 -1.46249
-9999 -9999 -9999 -9999 -9999 -9999 -9999 -9999 -9999 -4.77613 -2.55163 0.446268 2.66429 2.79576 3.86889 4.4182 3.95665 3.43838 2.90886 2.67333 1.31527 -0.17478 -1.37868 -2.80173 -2.57046 -1.55292 0.119138 1.62762 1.89665 1.58358 0.391116 0.954645 2.23713 2.91455 3.10857 2.94084 2.52364 2.27663 1.52122 1.18463 0.137755 -1.49119 -2.14488 -1.76322 -3.49472 -3.3971 -2.7871 -3.4861 -2.40221 -1.89571 -3.23173 -2.21812 -1.0509 -0.464301 0.04675 0.278585 0.359797 0.495168 0.481182 0.476339 0.465674 0.445625 0.427513 0.384192 0.344766 0.182081 -0.0491363 -1.32879 -1.89759 -1.81496
-9999 -9999 -9999 -9999 -9999 -9999 -9999 -9999 -9999 -4.39338 -2.39157 0.206664 1.78581 2.06142 3.2527 4.31082 4.18269 3.64415 3.47452 2.91774 1.76487 0.493068 -0.895554 -1.57233 -3.12195 -1.60211 -0.393247 0.882893 1.47882 0.501838 0.00122515 0.874037 1.74086 2.08232 2.95572 2.93777 2.63953 1.38838 0.770678 1.01114 0.735399 0.263439 -0.864065 -0.933026 -1.66583 -1.98204 -2.28243 -3.21429 -2.65987 -2.62506 -2.50503 -1.26921 -0.672339 -0.283354 0.0692943 0.14732 0.290355 0.482261 0.482444 0.471865 0.452854 0.438669 0.40487 0.326377 0.25699 -0.0507967 -0.581202 -1.55431 -3.14413 -2.07484
-9999 -9999 -9999 -9999 -9999 -9999 -9999 -9999 -9999 -4.73259 -2.60607 -0.386743 0.536391 0.686201 2.8494 4.17047 4.16405 3.90436 3.60284 2.23878 2.31142 2.03387 0.780334 -1.0423 -3.04286 -2.85894 -1.67345 0.0194561 0.574986 -1.04855 -1.63113 -1.2129 0.100141 1.27385 2.49869 2.802 2.42877 0.487749 -1.57539 -0.639617 0.360103 0.337398 0.0212824 -1.02625 -1.37273 -1.68897 -2.4605 -3.7628 -3.5932 -3.26243 -1.8709 -1.44443 -0.772461 -0.217473 -0.455693 -0.348717 0.183242 0.480632 0.473879 0.461074 0.453148 0.427519 0.390153 0.252161 0.106899 -0.124345 -1.47578 -2.32366 -3.5594 -2.19212
-9999 -9999 -9999 -9999 -9999 -9999 -9999 -9999 -9999 -5.38982 -3.84883 -1.72812 -0.878314 0.481564 2.52537 3.52617 4.00144 3.98234 3.77868 3.1636 2.79127 2.06512 0.760962 -1.01948 -2.99741 -4.28607 -3.63655 -1.36186 -0.835898 -2.32612 -3.09827 -2.1514 -0.752274 1.32224 2.50293 2.65314 2.53396 2.12363 0.613566 -1.20912 -1.21883 -0.328958 -1.10549 -2.00603 -1.5406 -1.65062 -2.41238 -2.97256 -3.32785 -3.15977 -2.36476 -2.05276 -1.27307 -0.111107 0.0374399 -0.0165154 0.461989 0.467598 0.460284 0.460391 0.441239 0.418143 0.384609 0.268631 0.0318162 -0.873864 -1.66629 -2.76137 -2.91394 -1.71206
-9999 -9999 -9999 -9999 -9999 -9999 -9999 -9999 -9999 -6.52357 -4.70962 -2.7237 -0.865025 0.89274 2.40421 2.51306 3.30611 3.29662 3.70843 3.58027 3.00987 2.39701 1.27222 -1.01384 -2.93644 -5.03224 -4.485 -2.17448 -1.85381 -2.86923 -4.74024 -2.82278 -0.708151 1.20679 2.23842 1.41116 2.23615 2.15462 1.58012 0.489038 -1.2002 -1.18538 -2.4572 -2.53041 -1.9058 -1.71688 -1.84486 -2.27059 -2.94813 -2.86933 -2.39284 -2.29058 -1.57601 -0.679659 0.196768 0.326995 0.47816 0.465966 0.449608 0.444745 0.427881 0.390604 0.326116 0.205714 -0.556337 -1.45923 -2.0229 -2.79165 -2.90203 -1.49241
