Test_Spring_2018/01_18/Temp/20180117_021.txt
ncols	170
nrows	115
xllcorner	350000.000000
yllcorner	4445000.000000
cellsize	1000.000000
nodata_value	-9999.000000
[rows 32 to 63 of 115, columns 72 to 143 of 170]
9.04927 8.71316 9.24093 9.72703 9.42981 9.23635 10.0299 10.0332 9.76576 9.13307 8.90344 8.6654 8.52127 7.70937 5.42366 3.36369 4.47473 4.50583 3.74579 5.12254 4.40292 2.51762 -0.145885 1.30965 0.937199 -0.948771 -1.40846 -9999 -9999 -9999 -9999 -9999 -9999 -9999 -9999 -9999 -9999 -9999 -9999 -9999 -9999 -9999 -9999 -9999 -9999 -9999 -9999 -9999 -9999 -9999 -9999 -9999 -9999 -9999 -9999 -9999 -9999 -9999 -9999 -9999 -9999 -9999 -9999 -9999 -9999 -9999 -9999 -9999 -9999 -9999 -9999 -9999
8.59898 8.45657 9.23953 9.22639 9.1781 9.45831 9.95132 10.053 9.9509 9.67707 9.4407 9.18922 8.545 7.61561 5.66009 3.31471 2.78648 3.94151 4.00164 4.1915 3.53612 2.71165 1.41897 2.48678 2.90456 1.66872 0.0457235 -0.99792 -9999 -9999 -9999 -9999 -9999 -9999 -9999 -9999 -9999 -9999 -9999 -9999 -9999 -9999 -9999 -9999 -9999 -9999 -9999 -9999 -9999 -9999 -9999 -9999 -9999 -9999 -9999 -9999 -9999 -9999 -9999 -9999 -9999 -9999 -9999 -9999 -9999 -9999 -9999 -9999 -9999 -9999 -9999 -9999
8.0612 7.3085 7.78172 8.13777 8.78999 8.95727 9.05856 9.99198 9.94634 9.90703 9.51389 9.20045 8.67858 7.78429 6.50932 4.97343 2.2958 3.95472 5.25486 5.22673 5.16088 4.58481 3.34314 4.39133 4.44537 2.86575 1.05867 0.000633368 -0.433632 -9999 -9999 -9999 -9999 -9999 -9999 -9999 -9999 -9999 -9999 -9999 -9999 -9999 -9999 -9999 -9999 -9999 -9999 -9999 -9999 -9999 -9999 -9999 -9999 -9999 -9999 -9999 -9999 -9999 -9999 -9999 -9999 -9999 -9999 -9999 -9999 -9999 -9999 -9999 -9999 -9999 -9999 -9999
7.44941 6.52922 7.0053 7.63937 8.53104 8.9896 9.34074 9.62232 9.90957 9.87984 9.47738 8.28113 8.11399 8.0665 7.2342 5.48256 3.73335 3.28388 5.26466 5.83522 5.72508 6.17139 5.12036 5.62458 5.42502 4.86898 3.13528 1.55274 0.90247 -0.388159 -9999 -9999 -9999 -9999 -9999 -9999 -9999 -9999 -9999 -9999 -9999 -9999 -9999 -9999 -9999 -9999 -9999 -9999 -9999 -9999 -9999 -9999 -9999 -9999 -9999 -9999 -9999 -9999 -9999 -9999 -9999 -9999 -9999 -9999 -9999 -9999 -9999 -9999 -9999 -9999 -9999 -9999
-9999 -9999 5.95567 6.81585 7.52701 8.39862 9.14956 9.52953 9.89886 9.87317 9.06474 8.67148 8.64103 8.09713 7.1356 6.53397 5.43446 4.2888 4.73336 6.42335 5.67899 6.87783 6.78192 7.00637 6.21346 4.70516 2.69414 1.51888 0.937748 -0.107001 -9999 -9999 -9999 -9999 -9999 -9999 -9999 -9999 -9999 -9999 -9999 -9999 -9999 -9999 -9999 -9999 -9999 -9999 -9999 -9999 -9999 -9999 -9999 -9999 -9999 -9999 -9999 -9999 -9999 -9999 -9999 -9999 -9999 -9999 -9999 -9999 -9999 -9999 -9999 -9999 -9999 -9999
-9999 -9999 -9999 6.66244 7.20434 8.37121 8.97052 9.21824 9.81166 9.81668 9.51283 9.28457 8.95167 8.51572 7.79424 6.99791 5.96415 5.87305 6.95596 6.97442 6.75444 6.93657 7.49547 7.35459 6.12583 3.99766 2.87654 0.592807 -0.381902 -0.275651 -0.96481 -9999 -9999 -9999 -9999 -9999 -9999 -9999 -9999 -9999 -9999 -9999 -9999 1.77932 -9999 -9999 -9999 -9999 -9999 -9999 -9999 -9999 -9999 -9999 -9999 -9999 -9999 -9999 -9999 -9999 -9999 -9999 -9999 -9999 -2.24595 -9999 -9999 -9999 -9999 -9999 -9999 -9999
-9999 -9999 6.56063 7.28418 7.85303 8.58553 8.65778 9.09212 9.7738 9.78731 9.57287 9.33025 8.77998 8.64702 8.23834 7.37338 7.20044 7.55812 7.72572 7.91507 8.03373 7.94707 7.72805 7.4434 6.6507 5.66744 5.00932 2.92582 1.87188 0.865796 -0.659914 -1.85216 -9999 -9999 -9999 -9999 -9999 -9999 -9999 0.956708 0.906589 0.940682 1.28362 2.21812 1.68034 -9999 -9999 -9999 -9999 -9999 -9999 -9999 -9999 -9999 -9999 -9999 -9999 -9999 -9999 -9999 -9999 -9999 -9999 -9999 -1.40506 -2.60372 -9999 -9999 -9999 -9999 -9999 -9999
-9999 -9999 6.75568 7.52325 7.90808 8.61949 9.02783 9.29213 9.53057 9.75877 9.72475 9.45574 9.04471 9.05183 8.48431 8.18068 7.96547 8.44758 8.5472 8.36133 8.12684 7.92012 7.32544 7.26139 7.06983 6.44783 5.42321 4.3672 2.84033 0.767022 -1.26611 -2.90488 -9999 -9999 -9999 -9999 -9999 -9999 1.12733 1.90442 2.37277 1.39841 2.2438 3.0172 2.90202 2.16976 -9999 -9999 -9999 -9999 -9999 -9999 -9999 -9999 -9999 -9999 -9999 -9999 -9999 -9999 4.28752 3.05801 0.567362 -0.705617 -1.46626 -2.55537 -9999 -9999 -9999 -9999 -9999 -9999
-9999 -9999 6.60792 7.51381 8.1284 8.67421 8.76397 9.32129 9.56546 9.68951 9.6789 9.62865 9.5563 9.06133 8.85124 8.10136 8.82879 8.80684 8.6296 7.91161 7.60361 6.36688 5.82579 5.70773 6.75824 5.99172 4.38508 2.37519 -0.0428161 -0.192506 -0.987814 -2.45188 -9999 -9999 -9999 -9999 -9999 -9999 1.3702 2.20089 2.8955 3.00264 2.03435 3.40314 3.36134 2.60699 2.44153 3.07346 3.39736 3.1708 3.92728 4.1524 3.82248 4.19799 -9999 -9999 -9999 -9999 4.44879 4.50532 4.54979 4.04155 1.31997 -0.536336 -2.20236 -2.34679 -9999 -9999 -9999 -9999 -9999 -9999
-9999 -9999 7.2369 7.79567 8.07961 8.12795 8.61791 9.10499 9.40616 9.62861 9.58812 9.57411 9.5593 9.39292 9.00079 9.07728 9.0505 8.82445 7.45271 5.85076 6.55747 5.60778 3.56784 5.23556 6.15344 5.28423 3.3362 1.07642 0.338793 0.377514 -0.730916 -2.15662 -9999 -9999 -9999 -0.895515 0.290609 0.399795 0.754328 1.86013 2.70313 3.33836 3.7746 3.76916 3.32664 2.589 1.78656 2.08268 3.54701 3.90951 4.22105 4.45402 4.14809 4.31843 4.71407 4.9214 4.96825 4.88269 4.86797 4.90623 4.86639 4.39257 1.95848 0.568997 -0.314576 -2.09179 -9999 -9999 -9999 -9999 -9999 -9999
-9999 -9999 6.89113 7.3773 7.77148 8.42377 8.49514 8.90912 9.15396 9.51888 9.56316 9.14221 9.49718 9.45625 9.39541 9.26132 9.06276 7.90565 6.30885 4.7082 3.97253 4.29271 3.06957 3.70815 4.63825 4.30584 3.11585 1.10328 0.824477 0.359389 -1.50752 -3.30599 -9999 -9999 -3.18589 -0.916117 0.684068 1.51271 1.77407 1.80538 2.86574 2.95563 4.09695 3.83967 2.34993 2.52623 1.94847 2.33405 2.8775 3.0313 3.80827 4.557 4.70295 4.71231 4.96628 5.02313 5.04213 5.04164 4.87962 4.96293 4.98137 4.68858 2.92731 2.07245 1.13227 -2.06379 -9999 -9999 -9999 -9999 -9999 -9999
-9999 -9999 7.14208 7.68506 8.27931 8.37761 8.81845 8.77584 8.65182 9.26597 9.49205 9.19578 8.9839 9.3859 9.36309 9.31544 9.23397 8.1471 6.88862 4.98044 3.79718 3.07417 2.56364 1.88338 2.36412 2.22495 2.03622 2.26572 1.71587 0.612832 -0.478615 -2.5252 -3.63032 -9999 -3.05958 -2.0321 -0.13023 1.48721 2.51654 2.15564 3.36048 3.58991 4.28882 3.89078 2.99018 2.60818 2.58113 2.46921 3.28343 3.8321 4.22341 4.486 4.81331 4.90031 4.98752 5.02721 5.05142 5.07596 5.07783 5.07774 5.04855 4.94283 4.13698 3.28566 1.43366 -1.95376 -9999 -9999 -9999 -9999 -9999 -9999
-9999 5.5704 7.08464 7.99326 8.34635 8.60174 8.82708 8.99085 9.16108 9.32199 9.43435 9.39052 8.60049 8.66956 8.81695 9.27271 9.24614 9.15328 8.4681 6.14509 5.34488 4.17646 2.65946 2.03024 2.35481 3.60981 3.56009 2.73896 1.82301 0.552867 -0.252885 -1.50649 -3.9175 -3.69472 -2.60039 -1.78449 -0.490065 1.48557 2.87266 3.49551 3.73526 4.22808 4.48795 3.94107 3.42181 3.20734 2.80307 2.7528 2.76361 3.25843 3.64678 4.49883 4.78983 4.9274 4.99948 5.04079 5.07236 5.10363 5.11841 5.10838 5.11582 5.11615 5.06512 3.92721 1.06986 -1.07764 -9999 -9999 -9999 -9999 -9999 -9999
-9999 -9999 6.80952 7.21025 7.31653 7.50097 7.87661 8.30947 8.92049 9.00173 9.34107 9.34248 8.66197 7.87616 8.56915 8.84776 9.13684 9.15138 9.06867 7.11719 6.09983 5.3003 3.84614 4.38062 4.88768 4.93201 4.6361 2.86886 1.10859 -0.923673 -2.82037 -2.906 -3.92485 -3.37726 -2.65263 -0.800455 0.504915 1.03804 1.42301 3.43186 3.9598 4.14709 4.66743 3.97651 3.80976 3.29288 3.45729 3.41945 3.43037 1.98299 3.45098 3.54403 4.50137 4.93472 5.03831 5.07024 5.10391 5.11408 5.12548 5.12733 5.14356 5.13709 5.13009 4.39363 0.766446 -1.04692 -9999 -9999 -9999 -9999 -9999 -9999
-9999 -9999 -9999 -9999 6.94457 7.25042 7.44711 7.78631 8.8203 9.10132 9.28926 9.30838 9.0072 8.22917 8.02806 8.17674 7.41944 8.0645 8.94385 8.92875 8.82961 7.1156 6.24308 7.10222 6.84974 5.56253 4.55061 3.5517 1.48985 -0.0197033 -2.1943 -3.82607 -3.88261 -2.07084 -0.564962 1.30912 2.13939 1.6762 2.19103 3.19279 4.32979 4.88375 4.76299 4.03435 3.94148 3.14005 3.94457 4.021 3.65882 3.34656 3.48236 3.9595 4.1453 4.89524 5.08111 5.11881 5.12998 5.13864 5.14128 5.14321 5.14163 5.14135 5.13901 5.11399 1.38546 -1.50998 -9999 -9999 -9999 -9999 -9999 -9999
-9999 -9999 -9999 -9999 6.23139 6.41833 6.90691 8.15897 8.81328 9.0802 9.07412 9.19974 8.98847 8.3046 7.60303 6.94222 6.08894 6.58675 7.89344 8.6667 8.76078 7.25927 8.05212 7.76513 7.19248 5.50713 4.26649 3.61136 1.6321 -0.0633044 -1.5083 -3.50565 -2.64404 -1.69562 -0.478743 1.56542 2.9467 3.51804 3.05033 3.69321 5.00054 5.01574 4.31309 4.36772 3.94504 2.84679 4.00784 4.34052 4.08721 4.16277 4.07361 4.25541 4.5807 4.8918 5.10038 5.13324 5.14183 5.14066 5.14604 5.15323 5.14583 5.15455 5.15227 5.14193 2.73858 -1.56055 -9999 -9999 -9999 -9999 -9999 -9999
-9999 -9999 -9999 -9999 -9999 5.58471 6.69734 8.3588 8.77028 8.7352 9.08076 9.11365 8.7873 8.50504 7.65236 6.48613 4.24135 4.82123 6.02464 7.75715 8.67107 8.55574 8.05911 7.18968 5.07578 3.22637 3.00717 2.70924 1.26629 -0.0384176 -1.64555 -0.706186 0.322256 1.44695 2.04041 1.89303 3.07743 4.04455 3.64322 4.43028 5.34771 4.94318 4.70751 4.51127 4.02119 3.99984 4.06085 4.72379 4.27919 4.5653 4.58064 4.57171 4.73316 4.9177 5.11099 5.14712 5.15283 5.16132 5.14527 5.15928 5.15552 5.15257 5.15115 5.14357 4.93447 2.6244 1.24648 -9999 -9999 -9999 -9999 -9999
-9999 -9999 -9999 -9999 -9999 4.56471 5.12054 7.08799 7.6945 8.56552 9.02954 9.05413 8.50055 8.19463 6.92135 6.51239 4.43644 3.50033 4.30718 4.00801 6.39113 8.50078 8.05115 3.81408 2.28368 1.19377 1.48164 1.49024 1.09268 -1.13143 -1.74036 0.2602 1.5217 2.50027 3.24393 3.40324 3.3835 4.89278 5.09926 5.59482 5.4963 5.54961 4.79908 4.338 4.75851 4.29428 4.22223 4.9068 4.24922 4.8593 4.79659 4.6226 4.61952 5.02219 5.10814 5.15586 5.1638 5.15356 5.13928 5.13434 5.15428 5.15606 5.14246 5.1525 5.14023 4.87615 3.68442 3.27449 3.75 -9999 -9999 -9999
-9999 -9999 -9999 -9999 -9999 -9999 3.29267 6.02638 7.27396 7.93238 8.85867 8.97343 8.68094 8.14791 6.85113 5.71191 3.85678 1.7377 0.618748 3.99572 6.93592 8.47397 8.28084 4.75508 3.36767 3.30962 4.13711 3.45021 2.93039 1.2413 0.740642 0.0424667 0.481126 1.84314 2.95703 4.0314 4.81431 4.88382 5.39471 5.6919 5.72326 5.82201 5.74108 5.67678 4.95477 5.46958 5.0491 5.28548 5.14706 5.02254 4.91708 4.50488 4.80729 5.07545 5.14866 5.17512 5.16427 5.16584 5.16041 5.14202 5.13833 5.14437 5.15025 5.1457 5.15478 5.15396 5.02932 4.31621 3.35794 2.14443 -9999 -9999
-9999 -9999 -9999 -9999 -9999 -9999 1.93332 4.6539 5.96345 7.65247 8.52205 8.87893 8.83643 8.40538 7.42125 5.938 4.70382 2.33737 -0.119714 3.42409 6.58249 8.29005 8.38739 5.42653 6.25654 5.59798 5.87276 4.66098 4.16086 3.76531 2.8964 1.94553 0.904662 0.357322 2.85063 4.13361 5.16743 5.65826 5.93876 6.08242 6.01628 5.83813 4.74126 5.59205 5.55719 5.48196 5.39431 5.35611 5.27695 5.18191 5.12968 5.11482 4.84293 5.16462 5.16319 5.1723 5.17875 5.17574 5.1657 5.15812 5.14787 5.15499 5.15382 5.15171 5.15333 5.16165 5.16255 5.13258 4.95007 3.31698 2.34359 2.07872
-9999 -9999 -9999 -9999 -9999 -9999 -1.8812 2.07608 5.2529 6.91597 8.27173 8.64656 8.78924 8.20946 7.77746 6.71576 5.71115 4.15847 1.82994 0.399066 3.05418 6.91091 8.33724 8.23439 8.15246 7.38996 6.70321 6.62179 6.67973 5.87741 4.7077 3.17694 2.70413 2.17067 4.02907 4.2857 4.15581 6.19952 6.21046 6.10132 5.32868 4.46356 4.63698 4.10641 4.53014 3.89435 4.49484 5.01484 5.21385 5.2055 5.14597 5.14514 5.12036 5.18143 5.18548 5.18159 5.17987 5.18153 5.17957 5.16201 5.1552 5.17091 5.16197 5.15812 5.15715 5.16773 5.17284 5.15288 5.13545 4.89197 4.52102 3.8077
-9999 -9999 -9999 -9999 -9999 -9999 -1.70758 1.61867 4.44317 6.1403 7.7708 8.15204 8.7052 8.59118 8.13846 7.21624 6.06315 4.78628 2.78938 1.30714 3.0852 5.64794 7.48515 8.14912 8.14881 8.11128 7.94362 7.8783 7.68155 7.54143 6.70381 5.25982 4.44494 3.25008 5.32065 5.5576 5.23994 6.2766 6.23101 4.67858 3.4868 3.34462 4.08373 3.39592 3.28327 2.85986 3.35718 4.67642 4.3026 4.38539 4.98834 5.09244 5.16212 5.18425 5.18521 5.18745 5.18255 5.18954 5.19683 5.17974 5.17562 5.1774 5.16233 5.16556 5.15829 5.15902 5.1596 5.15292 5.13757 5.07453 5.00484 5.098
-9999 -9999 -9999 -9999 -9999 -9999 -1.63341 0.602559 3.14489 5.64198 7.38319 8.08798 8.60249 8.60157 8.07453 7.61874 6.89794 5.77517 5.00721 3.66955 1.83143 4.93111 5.88646 6.74069 7.10418 7.99296 7.97753 7.57906 7.11188 7.553 7.43214 6.28892 5.91628 5.28368 6.43756 6.44543 6.41896 6.36306 5.05208 3.22781 1.77129 2.8313 2.61852 3.10992 1.62192 2.86387 3.86331 4.19259 3.52769 3.03462 4.58927 4.85318 5.01114 5.11416 5.18358 5.17341 5.19465 5.19124 5.19269 5.19405 5.18752 5.1866 5.18063 5.17466 5.16896 5.17135 5.16267 5.15008 5.15761 5.12965 5.12299 5.12008
-9999 -9999 -9999 -9999 -9999 -9999 -9999 -0.711723 2.51178 5.3892 6.99294 8.00312 8.49753 8.49315 8.226 7.91807 7.47308 6.66454 5.64765 4.03743 2.84388 3.61229 4.54839 4.66066 5.2853 7.08428 7.70273 6.84051 4.69769 5.97221 7.39005 7.37211 7.2565 7.12662 6.95754 6.80725 6.47242 5.56666 2.78033 2.23883 1.15023 1.28175 0.72704 1.96241 1.51305 2.78152 3.33543 3.54901 2.39026 2.64603 4.02456 4.57285 4.48867 4.82714 5.15092 5.167 5.18186 5.1796 5.19267 5.20173 5.20331 5.19582 5.19288 5.19301 5.17459 5.18953 5.09455 5.03598 4.90808 5.08609 5.11081 5.13387
-9999 -9999 -9999 -9999 -9999 -9999 -9999 -1.34629 1.86979 5.25815 6.3488 7.43774 8.37838 8.40126 7.99049 7.60037 7.19867 6.74085 5.506 4.30892 3.16649 2.78733 3.02525 3.0146 4.02106 6.36281 6.821 6.63388 4.39855 3.64532 5.53787 7.12915 7.25913 7.12043 5.25907 5.66207 4.66078 3.30106 2.93145 2.34024 1.08387 1.69885 0.780723 1.18457 1.08868 1.81186 2.16815 3.02663 2.01752 2.03145 3.38536 4.06999 4.09307 4.81104 5.07086 5.14339 5.16627 5.1846 5.19424 5.21232 5.21297 5.21003 5.20399 5.17809 5.10539 4.8638 3.5261 3.53662 3.9161 4.2756 4.92599 5.1169
-9999 -9999 -9999 -9999 -9999 -9999 -9999 -0.971075 1.26206 4.26929 6.49806 6.64221 7.72831 8.29137 7.84435 7.34065 6.82544 6.60357 5.25901 3.78166 2.58932 1.1769 1.41696 2.44195 4.11527 5.63005 5.90577 5.59971 4.40485 4.97795 6.27046 6.95923 7.16605 7.0127 6.61157 6.38222 5.64645 5.33106 4.30743 2.70362 2.07602 2.48452 0.781944 0.908392 1.54753 0.886329 2.00053 2.53734 1.23204 2.28705 3.48285 4.09723 4.63506 4.89287 4.99934 5.15937 5.16976 5.1892 5.20295 5.20765 5.21476 5.19725 5.18425 5.04864 4.84506 3.594 3.08177 3.19326 3.78388 4.30203 4.8516 5.07772
-9999 -9999 -9999 -9999 -9999 -9999 -9999 -0.587655 1.42362 4.03187 5.62235 5.91067 7.11478 8.1862 8.07217 7.54793 7.39219 6.84907 5.70958 4.45049 3.07382 2.40779 0.868509 2.39638 3.6073 4.89098 5.49464 4.51429 4.02447 4.90795 5.78619 6.14027 7.0271 7.02426 6.74263 5.51002 4.91204 5.17332 4.92011 4.47219 3.37033 3.32763 2.62237 2.33426 2.06253 1.16758 1.75174 1.81637 1.98323 3.24356 3.86905 4.28587 4.66548 4.76979 4.93841 5.15535 5.18035 5.19447 5.20023 5.21105 5.20262 5.14996 5.10687 4.82598 4.323 3.37788 1.84584 2.94285 4.08956 4.44177 4.78493 4.96446
-9999 -9999 -9999 -9999 -9999 -9999 -9999 -0.926266 1.21031 3.44032 4.37541 4.53813 6.71369 8.04786 8.05535 7.80967 7.522 6.17196 6.25741 5.99224 4.7509 2.94002 0.95061 1.14395 2.33968 4.0331 4.59739 2.97227 2.40158 2.83173 4.15697 5.34379 6.58271 6.90165 6.54559 4.62379 2.58125 3.53743 4.55883 4.55954 4.26815 3.24674 2.92694 2.6381 1.89477 0.633979 0.827645 1.18755 2.62122 3.07701 3.77746 4.36023 4.14941 4.28292 4.84058 5.16332 5.18176 5.19398 5.21109 5.21065 5.19872 5.08654 4.96746 4.76281 3.43887 2.61852 1.42577 2.83534 3.61943 4.04972 4.79636 4.98011
-9999 -9999 -9999 -9999 -9999 -9999 -9999 -1.58303 -0.0311067 2.10078 2.96289 4.33527 6.39159 7.40567 7.8946 7.88938 7.69951 7.09813 6.73895 6.02561 4.73396 2.96565 0.999351 -0.278575 0.380255 2.65739 3.20406 1.70242 0.943085 1.90243 3.31449 5.4024 6.59783 6.76431 6.66259 6.27101 4.78141 2.98051 2.99284 3.90542 3.15349 2.27857 2.76981 2.68663 1.9526 1.42047 1.10157 1.31724 2.13674 2.47803 3.28617 4.47572 4.65169 4.62461 5.12915 5.16058 5.17875 5.20413 5.2102 5.21237 5.20427 5.114 4.90323 4.02423 3.25873 2.19097 2.06545 3.32518 3.88348 4.40341 4.77348 4.89906
-9999 -9999 -9999 -9999 -9999 -9999 -9999 -2.71625 -0.890986 1.10659 2.97739 4.74769 6.27211 6.39481 7.20145 7.20592 7.63133 7.51674 6.95976 6.35986 5.24776 2.97442 1.06381 -1.0204 -0.463293 1.8584 2.16839 1.16612 -0.690939 1.23911 3.36687 5.29582 6.34275 5.53264 6.37497 6.31226 5.75789 4.68827 3.02186 3.0597 1.81254 1.76432 2.41442 2.62978 2.529 2.13109 1.49418 1.61654 2.11799 2.24972 2.99293 3.91723 4.82099 4.9783 5.15596 5.16987 5.17924 5.19982 5.20827 5.19628 5.15717 5.06232 4.32637 3.44991 2.91278 2.17092 2.08732 3.53804 4.1247 4.45584 4.77651 4.90752
-9999 -9999 -9999 -9999 -9999 -9999 -9999 -9999 -1.07425 0.989447 2.5179 2.93335 4.28905 5.0236 5.5933 5.72387 7.33956 7.43397 7.08294 6.53234 5.58467 3.86103 2.66193 0.663015 -0.772051 -0.171112 0.109975 0.645852 0.495944 1.3602 3.40523 5.53551 5.77331 4.42995 4.63579 4.92413 5.56291 5.24792 2.97502 1.82323 0.868248 1.55711 2.2815 2.46155 2.50263 2.3704 2.22238 1.95881 2.92605 3.64345 3.81483 4.44116 4.90528 5.0382 5.13996 5.15829 5.17684 5.18364 5.16365 5.15102 5.04294 4.79244 3.96828 1.97666 2.07699 1.8679 1.25333 2.67081 3.57428 4.37536 4.80446 4.92063
-9999 -9999 -9999 -9999 -9999 -9999 -9999 -9999 -1.75635 0.630744 1.13921 1.10724 0.324109 0.692599 3.6215 4.2157 5.76544 7.23321 7.13155 6.59147 5.70517 4.68099 3.09215 0.843317 -0.942277 -1.68986 0.244057 2.14374 2.54106 3.15191 4.40755 4.6512 3.2783 1.99116 2.72333 3.1667 4.83908 5.14914 4.83112 3.46392 1.89987 1.08627 2.05961 2.19491 2.25902 2.27663 2.25618 2.22825 3.3203 3.92615 4.34843 4.58133 4.98079 5.08791 5.12668 5.16356 5.16306 5.14941 5.09397 5.03005 4.72601 4.3566 3.00212 1.87406 1.17327 0.281926 2.31348 2.92578 3.77388 4.3199 4.7467 4.84587
