Test_Spring_2018/01_18/Temp/20180121_011.txt
ncols	170
nrows	115
xllcorner	350000.000000
yllcorner	4445000.000000
cellsize	1000.000000
nodata_value	-9999.000000
[rows 32 to 63 of 115, columns 72 to 143 of 170]
9.5205 9.14477 9.7211 10.2515 9.91472 9.69505 10.5654 10.5634 10.263 9.56009 9.30127 9.03312 8.86841 7.96773 5.4428 3.16658 4.38482 4.41286 3.56895 5.07975 4.28018 2.19589 -0.746104 0.851107 0.433742 -1.6583 -2.17465 -9999 -9999 -9999 -9999 -9999 -9999 -9999 -9999 -9999 -9999 -9999 -9999 -9999 -9999 -9999 -9999 -9999 -9999 -9999 -9999 -9999 -9999 -9999 -9999 -9999 -9999 -9999 -9999 -9999 -9999 -9999 -9999 -9999 -9999 -9999 -9999 -9999 -9999 -9999 -9999 -9999 -9999 -9999 -9999 -9999
9.02777 8.86543 9.72289 9.70303 9.64243 9.94263 10.4818 10.5882 10.47 10.1626 9.89636 9.6134 8.89758 7.86743 5.70637 3.11559 2.52729 3.79388 3.85377 4.05652 3.32769 2.4124 0.981044 2.15093 2.60438 1.23055 -0.569746 -1.72702 -9999 -9999 -9999 -9999 -9999 -9999 -9999 -9999 -9999 -9999 -9999 -9999 -9999 -9999 -9999 -9999 -9999 -9999 -9999 -9999 -9999 -9999 -9999 -9999 -9999 -9999 -9999 -9999 -9999 -9999 -9999 -9999 -9999 -9999 -9999 -9999 -9999 -9999 -9999 -9999 -9999 -9999 -9999 -9999
8.43861 7.60361 8.11965 8.50659 9.21659 9.39495 9.50098 10.524 10.4681 10.4191 9.98016 9.62896 9.048 8.05653 6.64547 4.94676 1.98971 3.81156 5.23791 5.20036 5.12112 4.47951 3.10428 4.25246 4.30501 2.5496 0.549231 -0.624165 -1.11009 -9999 -9999 -9999 -9999 -9999 -9999 -9999 -9999 -9999 -9999 -9999 -9999 -9999 -9999 -9999 -9999 -9999 -9999 -9999 -9999 -9999 -9999 -9999 -9999 -9999 -9999 -9999 -9999 -9999 -9999 -9999 -9999 -9999 -9999 -9999 -9999 -9999 -9999 -9999 -9999 -9999 -9999 -9999
7.76781 6.74817 7.2673 7.96058 8.93618 9.43546 9.8151 10.1198 10.4308 10.3924 9.94319 8.61916 8.42917 8.37093 7.4477 5.51122 3.57728 3.07558 5.25194 5.87408 5.74594 6.23091 5.06567 5.61429 5.38725 4.76415 2.84212 1.08876 0.36474 -1.06489 -9999 -9999 -9999 -9999 -9999 -9999 -9999 -9999 -9999 -9999 -9999 -9999 -9999 -9999 -9999 -9999 -9999 -9999 -9999 -9999 -9999 -9999 -9999 -9999 -9999 -9999 -9999 -9999 -9999 -9999 -9999 -9999 -9999 -9999 -9999 -9999 -9999 -9999 -9999 -9999 -9999 -9999
-9999 -9999 6.11379 7.05465 7.83451 8.78727 9.60758 10.0208 10.4222 10.3883 9.49183 9.05279 9.01349 8.40823 7.34261 6.67348 5.4555 4.18651 4.66984 6.52551 5.69833 7.01248 6.89969 7.13984 6.25879 4.58685 2.35848 1.05391 0.406018 -0.75269 -9999 -9999 -9999 -9999 -9999 -9999 -9999 -9999 -9999 -9999 -9999 -9999 -9999 -9999 -9999 -9999 -9999 -9999 -9999 -9999 -9999 -9999 -9999 -9999 -9999 -9999 -9999 -9999 -9999 -9999 -9999 -9999 -9999 -9999 -9999 -9999 -9999 -9999 -9999 -9999 -9999 -9999
-9999 -9999 -9999 6.88863 7.48194 8.76225 9.41344 9.68093 10.3294 10.3295 9.98911 9.73199 9.35945 8.87322 8.07218 7.18848 6.04294 5.93605 7.12277 7.13626 6.88681 7.08038 7.68903 7.52643 6.16171 3.80963 2.56648 0.0358053 -1.0459 -0.936234 -1.703 -9999 -9999 -9999 -9999 -9999 -9999 -9999 -9999 -9999 -9999 -9999 -9999 1.22857 -9999 -9999 -9999 -9999 -9999 -9999 -9999 -9999 -9999 -9999 -9999 -9999 -9999 -9999 -9999 -9999 -9999 -9999 -9999 -9999 -3.37488 -9999 -9999 -9999 -9999 -9999 -9999 -9999
-9999 -9999 6.78667 7.57852 8.19974 9.00139 9.07332 9.54517 10.291 10.3005 10.0588 9.78597 9.17397 9.02173 8.56546 7.60615 7.40923 7.79685 7.97478 8.17645 8.30004 8.19721 7.94839 7.62715 6.74367 5.65223 4.91915 2.61099 1.44014 0.323923 -1.36478 -2.68585 -9999 -9999 -9999 -9999 -9999 -9999 -9999 0.354255 0.291806 0.322014 0.692435 1.71464 1.11422 -9999 -9999 -9999 -9999 -9999 -9999 -9999 -9999 -9999 -9999 -9999 -9999 -9999 -9999 -9999 -9999 -9999 -9999 -9999 -2.44511 -3.77357 -9999 -9999 -9999 -9999 -9999 -9999
-9999 -9999 7.00469 7.84481 8.26323 9.04167 9.4862 9.76877 10.0263 10.2725 10.2297 9.92795 9.46953 9.47176 8.8405 8.49982 8.2563 8.78098 8.88389 8.67192 8.40616 8.17082 7.5078 7.42944 7.20821 6.51467 5.37748 4.2058 2.50965 0.217231 -2.03071 -3.84385 -9999 -9999 -9999 -9999 -9999 -9999 0.551958 1.40128 1.91022 0.829063 1.75314 2.59774 2.46296 1.64325 -9999 -9999 -9999 -9999 -9999 -9999 -9999 -9999 -9999 -9999 -9999 -9999 -9999 -9999 3.8606 2.49852 -0.253509 -1.66377 -2.50952 -3.71735 -9999 -9999 -9999 -9999 -9999 -9999
-9999 -9999 6.84457 7.83711 8.50876 9.10474 9.19825 9.80613 10.068 10.1996 10.1828 10.1222 10.0372 9.48619 9.24891 8.41648 9.21178 9.18091 8.97859 8.18007 7.83311 6.46245 5.85824 5.71811 6.86745 6.01439 4.23557 2.01247 -0.661627 -0.838142 -1.72201 -3.34263 -9999 -9999 -9999 -9999 -9999 -9999 0.822198 1.73064 2.48893 2.5996 1.52491 3.02555 2.96714 2.12756 1.93693 2.62508 2.97388 2.71232 3.53459 3.77541 3.40479 3.81179 -9999 -9999 -9999 -9999 4.05517 4.11069 4.15277 3.58555 0.578991 -1.47417 -3.31778 -3.48692 -9999 -9999 -9999 -9999 -9999 -9999
-9999 -9999 7.5403 8.15032 8.4576 8.50539 9.04002 9.57068 9.89562 10.1355 10.0859 10.0655 10.044 9.85525 9.41746 9.49577 9.45991 9.20408 7.6853 5.9125 6.68364 5.62926 3.37426 5.20064 6.20355 5.23704 3.08174 0.583027 -0.239374 -0.208026 -1.43701 -3.01633 -9999 -9999 -9999 -1.65297 -0.352305 -0.238558 0.145408 1.35709 2.27894 2.97222 3.44529 3.43008 2.93151 2.11016 1.21737 1.53528 3.1407 3.53203 3.86054 4.11002 3.76589 3.94674 4.37621 4.59826 4.64351 4.5428 4.52005 4.55554 4.50478 3.97555 1.28569 -0.253089 -1.2345 -3.20499 -9999 -9999 -9999 -9999 -9999 -9999
-9999 -9999 7.16331 7.69336 8.12216 8.83353 8.90691 9.35801 9.62214 10.0178 10.0618 9.59307 9.97928 9.92894 9.85634 9.70263 9.47747 8.19552 6.4286 4.65707 3.83846 4.18433 2.82802 3.52033 4.53653 4.16108 2.8391 0.612714 0.297235 -0.224459 -2.29213 -4.28114 -9999 -9999 -4.16845 -1.67341 0.0836942 0.99042 1.27179 1.29941 2.46079 2.55241 3.80247 3.50984 1.85735 2.04311 1.39797 1.81427 2.4039 2.5652 3.41042 4.22535 4.37929 4.38297 4.65642 4.71278 4.72747 4.72064 4.53567 4.62089 4.63441 4.30468 2.35642 1.40683 0.361403 -3.17068 -9999 -9999 -9999 -9999 -9999 -9999
-9999 -9999 7.44175 8.0344 8.68369 8.78657 9.26709 9.21369 9.07153 9.74365 9.98671 9.65557 9.41725 9.85518 9.8246 9.76621 9.67008 8.46548 7.0713 4.96072 3.64865 2.84457 2.27334 1.51017 2.03088 1.86853 1.65171 1.89601 1.28104 0.0562535 -1.15416 -3.41896 -4.64351 -9999 -4.0272 -2.90106 -0.81135 0.964775 2.09256 1.688 3.00862 3.25398 4.01556 3.56871 2.56541 2.13466 2.09617 1.96421 2.85303 3.44923 3.86952 4.1515 4.50287 4.59219 4.68197 4.71954 4.7401 4.76099 4.75676 4.75015 4.71122 4.58769 3.6923 2.74528 0.696393 -3.04665 -9999 -9999 -9999 -9999 -9999 -9999
-9999 5.71898 7.3806 8.37623 8.75979 9.03583 9.27892 9.45431 9.63648 9.80812 9.92739 9.87342 8.99813 9.0693 9.22638 9.72283 9.68721 9.578 8.81552 6.24764 5.35846 4.06045 2.37967 1.67458 2.02292 3.39672 3.33285 2.41912 1.40118 -0.0077726 -0.904107 -2.29287 -4.95827 -4.71906 -3.51919 -2.62607 -1.20565 0.965343 2.48749 3.16711 3.42417 3.95916 4.23757 3.62539 3.04236 2.79713 2.34274 2.27854 2.28181 2.81868 3.23593 4.16712 4.48071 4.62394 4.69716 4.73663 4.76543 4.79386 4.80397 4.78651 4.78801 4.78136 4.71687 3.45508 0.297245 -2.07936 -9999 -9999 -9999 -9999 -9999 -9999
-9999 -9999 7.07948 7.51542 7.62701 7.82491 8.23368 8.70567 9.37372 9.45857 9.82788 9.82426 9.06898 8.19817 8.95661 9.25789 9.57013 9.57926 9.48064 7.32158 6.19182 5.30174 3.68999 4.26719 4.81638 4.85576 4.52039 2.56382 0.615263 -1.63363 -3.73163 -3.83336 -4.96352 -4.36745 -3.57487 -1.53962 -0.107008 0.474406 0.892265 3.09935 3.67365 3.87148 4.43671 3.66678 3.47215 2.89348 3.06562 3.01495 3.01818 1.41456 3.02166 3.11667 4.16454 4.63508 4.74182 4.77107 4.8023 4.80759 4.81408 4.8098 4.82104 4.80633 4.79039 3.97084 -0.0346051 -2.04305 -9999 -9999 -9999 -9999 -9999 -9999
-9999 -9999 -9999 -9999 7.21914 7.55085 7.76245 8.13126 9.26551 9.57058 9.77309 9.78952 9.45283 8.58999 8.36317 8.52131 7.68043 8.38391 9.34562 9.32074 9.20274 7.30473 6.33167 7.26867 6.98064 5.55245 4.42784 3.31787 1.03684 -0.636053 -3.04036 -4.846 -4.91524 -2.92515 -1.2724 0.787091 1.69623 1.17976 1.74081 2.83742 4.08301 4.68562 4.54427 3.73268 3.61941 2.72702 3.60443 3.67958 3.27152 2.91872 3.05774 3.57598 3.77356 4.59323 4.79162 4.82645 4.83297 4.83668 4.83361 4.82949 4.82046 4.8129 4.80267 4.7671 0.649894 -2.55108 -9999 -9999 -9999 -9999 -9999 -9999
-9999 -9999 -9999 -9999 6.43514 6.63583 7.1691 8.54391 9.25979 9.54932 9.53805 9.67186 9.43428 8.67565 7.89711 7.16318 6.21648 6.75806 8.19038 9.03424 9.1291 7.46518 8.32735 8.00115 7.36018 5.49311 4.11636 3.38516 1.19508 -0.682659 -2.28295 -4.49147 -3.54887 -2.51019 -1.17534 1.07133 2.58776 3.21134 2.68943 3.39098 4.82428 4.83313 4.05047 4.10201 3.62525 2.40567 3.67591 4.03336 3.74522 3.81974 3.71085 3.90359 4.25488 4.59093 4.81436 4.84443 4.84782 4.84076 4.84076 4.84219 4.82724 4.8296 4.81943 4.80004 2.14318 -2.60472 -9999 -9999 -9999 -9999 -9999 -9999
-9999 -9999 -9999 -9999 -9999 5.71903 6.94 8.76597 9.21422 9.17091 9.54713 9.57873 9.21431 8.89825 7.95326 6.66231 4.18215 4.81416 6.13266 8.03362 9.03195 8.89563 8.33673 7.36865 5.02915 2.98126 2.73014 2.39255 0.793481 -0.653692 -2.43267 -1.40484 -0.27838 0.954574 1.60242 1.43409 2.73351 3.79327 3.34455 4.205 5.20861 4.75491 4.48687 4.26192 3.71087 3.67806 3.736 4.45739 3.95841 4.26495 4.27122 4.25376 4.42448 4.62106 4.82764 4.86131 4.86168 4.86522 4.84155 4.85064 4.83972 4.82925 4.82005 4.80371 4.565 2.0091 0.481846 -9999 -9999 -9999 -9999 -9999
-9999 -9999 -9999 -9999 -9999 4.59676 5.20409 7.36721 8.03032 8.98549 9.49218 9.51458 8.89967 8.55723 7.14891 6.69248 4.3985 3.35962 4.24111 3.90314 6.52062 8.83634 8.32927 3.65 1.9536 0.742766 1.0505 1.05077 0.603781 -1.85658 -2.53549 -0.338181 1.04512 2.11704 2.9304 3.09992 3.07235 4.72969 4.95055 5.48975 5.37376 5.42462 4.58921 4.07244 4.52492 4.00407 3.91543 4.6607 3.92705 4.59064 4.51091 4.31156 4.30096 4.7379 4.82618 4.87261 4.8753 4.85823 4.83659 4.82462 4.83983 4.8346 4.81202 4.81514 4.7934 4.49228 3.17025 2.70983 3.22528 -9999 -9999 -9999
-9999 -9999 -9999 -9999 -9999 -9999 3.1914 6.19889 7.56836 8.28913 9.30515 9.4268 9.09928 8.50681 7.07234 5.8111 3.76045 1.41839 0.176942 3.89027 7.12177 8.80768 8.58335 4.68812 3.14943 3.07587 3.9784 3.21231 2.63069 0.759965 0.200419 -0.576337 -0.0998317 1.39447 2.61555 3.79366 4.65058 4.72117 5.27796 5.59778 5.62495 5.72592 5.62849 5.54906 4.74249 5.30069 4.82818 5.07963 4.91821 4.77234 4.64548 4.18364 4.5097 4.79841 4.87262 4.89515 4.87734 4.87323 4.86129 4.83488 4.82344 4.82295 4.8219 4.80901 4.81086 4.79992 4.65397 3.85951 2.79498 1.44932 -9999 -9999
-9999 -9999 -9999 -9999 -9999 -9999 1.69497 4.68789 6.12552 7.9819 8.93623 9.32315 9.27132 8.7911 7.70109 6.06066 4.69426 2.07959 -0.635445 3.26154 6.73266 8.60555 8.70369 5.42895 6.33413 5.59897 5.89258 4.54821 3.98843 3.54328 2.57797 1.52276 0.36851 -0.241804 2.4998 3.9077 5.04102 5.57584 5.87864 6.03035 5.94994 5.74453 4.52759 5.45674 5.4075 5.31563 5.21006 5.15906 5.06309 4.94983 4.88161 4.85769 4.55089 4.89809 4.8896 4.89359 4.89476 4.88552 4.86842 4.85388 4.83614 4.83695 4.82689 4.81678 4.81054 4.80974 4.80227 4.76078 4.55128 2.74335 1.66261 1.36086
-9999 -9999 -9999 -9999 -9999 -9999 -2.50717 1.84851 5.34515 7.17262 8.6597 9.0677 9.21976 8.5755 8.09383 6.91788 5.80444 4.08657 1.51325 -0.0712633 2.8457 7.08737 8.64894 8.52397 8.42443 7.57496 6.80914 6.71065 6.76602 5.87267 4.57555 2.88135 2.35239 1.75809 3.7999 4.07662 3.92738 6.1734 6.17905 6.05209 5.19363 4.23207 4.4154 3.82041 4.27665 3.56721 4.22019 4.78454 4.9953 4.97773 4.90143 4.89228 4.85792 4.91764 4.91578 4.90535 4.89742 4.89322 4.88495 4.85933 4.84534 4.85591 4.83855 4.82692 4.81591 4.81768 4.81501 4.78472 4.75729 4.48086 4.06414 3.26814
-9999 -9999 -9999 -9999 -9999 -9999 -2.31266 1.34684 4.45409 6.31673 8.10833 8.52322 9.12747 8.99633 8.4917 7.46936 6.19225 4.77833 2.57053 0.929501 2.88108 5.6957 7.71175 8.43186 8.42122 8.37095 8.17742 8.09665 7.87145 7.70781 6.77714 5.17714 4.27235 2.94908 5.2246 5.4795 5.1232 6.25929 6.20256 4.48499 3.1646 3.00061 3.80638 3.04042 2.9056 2.42828 2.96778 4.41312 3.9921 4.0751 4.72872 4.8361 4.90466 4.92243 4.91708 4.91331 4.90177 4.90333 4.90515 4.87998 4.8689 4.86412 4.84052 4.83615 4.82058 4.81157 4.80176 4.78628 4.7613 4.68387 4.59955 4.69211
-9999 -9999 -9999 -9999 -9999 -9999 -2.22827 0.228459 3.02461 5.76839 7.68182 8.45306 9.01455 9.00787 8.4212 7.91279 7.11202 5.86793 5.01451 3.53291 1.49949 4.90741 5.95022 6.88016 7.27211 8.24272 8.21697 7.76928 7.24396 7.72223 7.57968 6.31272 5.89525 5.19152 6.45669 6.45901 6.42348 6.35544 4.9041 2.88691 1.27476 2.43564 2.19365 2.72596 1.07555 2.43552 3.52846 3.88289 3.13981 2.58837 4.29073 4.57278 4.73996 4.84681 4.91684 4.8993 4.91645 4.90644 4.90175 4.89683 4.88306 4.87528 4.86173 4.84798 4.83343 4.82628 4.80883 4.78772 4.78798 4.74681 4.7317 4.71834
-9999 -9999 -9999 -9999 -9999 -9999 -9999 -1.21741 2.32618 5.49149 7.2532 8.36077 8.89988 8.8892 8.58878 8.2432 7.74634 6.84853 5.72081 3.93893 2.61595 3.45486 4.47629 4.58848 5.26825 7.2422 7.91524 6.9567 4.5857 5.98012 7.53517 7.50822 7.37389 7.22404 7.03084 6.85875 6.48327 5.47855 2.40126 1.79785 0.59112 0.728785 0.109983 1.46196 0.95603 2.34571 2.9479 3.17505 1.88994 2.16019 3.66985 4.26683 4.16705 4.53325 4.88237 4.89367 4.90369 4.89486 4.90287 4.90638 4.9015 4.88747 4.8773 4.87035 4.84175 4.84828 4.73581 4.66341 4.51459 4.70293 4.72244 4.73521
-9999 -9999 -9999 -9999 -9999 -9999 -9999 -1.91866 1.61968 5.34789 6.544 7.73819 8.76889 8.78811 8.32929 7.89305 7.44382 6.9325 5.56461 4.23811 2.97157 2.54597 2.80023 2.77478 3.87557 6.44791 6.94457 6.73021 4.25475 3.41701 5.49524 7.2417 7.37797 7.21833 5.16038 5.59788 4.48782 2.98271 2.56863 1.9102 0.518579 1.18906 0.16985 0.607328 0.489063 1.27802 1.66264 2.60072 1.48072 1.48448 2.96692 3.71424 3.73269 4.5171 4.79676 4.87014 4.88887 4.90261 4.90677 4.92015 4.91423 4.90423 4.89067 4.85506 4.76772 4.49292 3.0086 3.0125 3.42299 3.8115 4.51753 4.71813
-9999 -9999 -9999 -9999 -9999 -9999 -9999 -1.504 0.950957 4.259 6.70917 6.86202 8.05287 8.66724 8.16835 7.60685 7.03248 6.78118 5.29242 3.6571 2.33567 0.771519 1.02829 2.14995 3.97993 5.64113 5.9369 5.59163 4.26267 4.88665 6.30366 7.05551 7.27642 7.10057 6.65175 6.39229 5.57476 5.22045 4.08556 2.3112 1.61252 2.0555 0.171886 0.303778 1.00055 0.258941 1.479 2.06279 0.616569 1.76522 3.07577 3.74573 4.33149 4.60879 4.71943 4.88917 4.89409 4.90898 4.91759 4.91618 4.91735 4.89127 4.87004 4.71357 4.48208 3.0961 2.52021 2.63552 3.27884 3.84232 4.43451 4.67652
-9999 -9999 -9999 -9999 -9999 -9999 -9999 -1.08026 1.13005 3.99826 5.74487 6.05644 7.3772 8.55166 8.41963 7.83541 7.65714 7.0518 5.78905 4.39431 2.86983 2.12833 0.424346 2.10034 3.42066 4.82735 5.48467 4.39182 3.84432 4.81041 5.7709 6.15391 7.12418 7.11413 6.79694 5.43178 4.76603 5.04717 4.76129 4.26073 3.03943 2.98523 2.20077 1.87591 1.56902 0.569746 1.20587 1.26946 1.44311 2.82055 3.5027 3.955 4.36642 4.47458 4.65368 4.88612 4.90707 4.91606 4.91582 4.92111 4.90512 4.8403 4.78594 4.4694 3.90801 2.85927 1.15947 2.36097 3.61724 3.99499 4.36249 4.55322
-9999 -9999 -9999 -9999 -9999 -9999 -9999 -1.45217 0.896076 3.34731 4.37151 4.54453 6.93573 8.39963 8.40142 8.12411 7.8004 6.30578 6.39298 6.09362 4.71834 2.71527 0.515331 0.720748 2.02737 3.8826 4.49666 2.69315 2.0566 2.52315 3.97624 5.27694 6.63519 6.9797 6.58043 4.45571 2.19795 3.24487 4.36362 4.35749 4.02937 2.89667 2.53707 2.21152 1.38503 -0.0148068 0.188476 0.577634 2.14308 2.6382 3.40302 4.03826 3.79905 3.93937 4.54722 4.89623 4.90992 4.91678 4.92901 4.92186 4.902 4.7716 4.6335 4.40102 2.93496 2.02379 0.699477 2.24389 3.10063 3.56084 4.37651 4.57192
-9999 -9999 -9999 -9999 -9999 -9999 -9999 -2.17465 -0.470851 1.8721 2.81574 4.32171 6.58139 7.69244 8.22471 8.21233 7.99636 7.32678 6.92399 6.13076 4.70009 2.74399 0.569596 -0.846292 -0.12789 2.36717 2.95877 1.29436 0.449958 1.4997 3.04847 5.34218 6.65246 6.82891 6.70988 6.27147 4.62304 2.63155 2.63829 3.63708 2.80148 1.83028 2.36456 2.26574 1.44961 0.855925 0.491305 0.718759 1.61021 1.97923 2.8628 4.16678 4.35385 4.31722 4.86653 4.89448 4.90787 4.92921 4.92925 4.92498 4.90934 4.80307 4.56395 3.58834 2.73773 1.55396 1.4085 2.78508 3.38985 3.95198 4.35269 4.48403
-9999 -9999 -9999 -9999 -9999 -9999 -9999 -3.42216 -1.41727 0.777541 2.83265 4.77703 6.45043 6.57907 7.4614 7.45965 7.92169 7.78857 7.16779 6.49961 5.26684 2.75422 0.641242 -1.66316 -1.05682 1.49076 1.81614 0.703931 -1.35019 0.769278 3.10676 5.22524 6.37184 5.47202 6.39333 6.31731 5.69952 4.51393 2.67066 2.7055 1.3242 1.26411 1.97354 2.20381 2.08564 1.63996 0.92782 1.04955 1.59059 1.72874 2.54081 3.55252 4.54165 4.70824 4.89732 4.90598 4.90965 4.92571 4.92837 4.90849 4.85867 4.74738 3.92951 2.95671 2.35781 1.53322 1.43399 3.02286 3.65699 4.01112 4.35741 4.49475
-9999 -9999 -9999 -9999 -9999 -9999 -9999 -9999 -1.61799 0.64955 2.32727 2.77845 4.26583 5.06867 5.68982 5.827 7.60076 7.69794 7.30414 6.69029 5.63875 3.73194 2.40308 0.192689 -1.39641 -0.74824 -0.451709 0.13115 -0.0416774 0.903222 3.14948 5.48981 5.74467 4.25716 4.47701 4.78785 5.48495 5.131 2.61939 1.34328 0.28403 1.0363 1.82768 2.01911 2.05735 1.90455 1.7284 1.42323 2.48214 3.26577 3.4477 4.13106 4.63573 4.77547 4.88091 4.89445 4.90825 4.90912 4.88046 4.85987 4.73407 4.45125 3.53618 1.33447 1.43808 1.20063 0.516283 2.06769 3.04812 3.9238 4.38958 4.51056
-9999 -9999 -9999 -9999 -9999 -9999 -9999 -9999 -2.36842 0.25539 0.808948 0.766961 -0.102789 0.296593 3.51761 4.16571 5.86677 7.47744 7.35846 6.75621 5.7723 4.63632 2.87793 0.392103 -1.58332 -2.41997 -0.299462 1.78242 2.2126 2.87818 4.25444 4.51559 2.99536 1.56977 2.36963 2.85132 4.6875 5.0224 4.66519 3.15175 1.42136 0.517949 1.58375 1.72596 1.78964 1.80203 1.76916 1.72459 2.91768 3.57841 4.03687 4.28669 4.72011 4.83143 4.86748 4.90148 4.89431 4.87266 4.80495 4.72786 4.38612 3.97228 2.4728 1.22276 0.443513 -0.545795 1.68595 2.34998 3.27176 3.86407 4.3273 4.42953
