Test_Spring_2018/01_18/Temp/20180128_005.txt
ncols	170
nrows	115
xllcorner	350000.000000
yllcorner	4445000.000000
cellsize	1000.000000
nodata_value	-9999.000000
[rows 31 to 61 of 115, columns 70 to 139 of 170]
3.39487 3.97778 4.19002 3.77838 3.81668 4.82452 5.05356 5.03934 4.99294 4.89969 4.43351 4.27631 3.90739 3.25864 2.98446 1.83168 -1.88702 -0.839792 -0.432569 -1.51298 -0.914568 0.0619704 -0.791084 -3.3197 -4.40775 -6.16001 -5.58024 -6.07866 -7.48691 -9999 -9999 -9999 -9999 -9999 -9999 -9999 -9999 -9999 -9999 -9999 -9999 -9999 -9999 -9999 -9999 -9999 -9999 -9999 -9999 -9999 -9999 -9999 -9999 -9999 -9999 -9999 -9999 -9999 -9999 -9999 -9999 -9999 -9999 -9999 -9999 -9999 -9999 -9999 -9999 -9999
3.50517 3.76898 3.73973 3.34279 3.94776 4.50512 4.20509 4.00729 4.94123 4.94065 4.62562 3.88649 3.61353 3.32999 3.15455 2.20475 -0.45323 -2.84974 -1.57165 -1.54461 -2.43376 -0.846085 -1.68676 -3.87724 -6.96851 -5.28585 -5.72065 -7.86025 -8.38635 -9999 -9999 -9999 -9999 -9999 -9999 -9999 -9999 -9999 -9999 -9999 -9999 -9999 -9999 -9999 -9999 -9999 -9999 -9999 -9999 -9999 -9999 -9999 -9999 -9999 -9999 -9999 -9999 -9999 -9999 -9999 -9999 -9999 -9999 -9999 -9999 -9999 -9999 -9999 -9999 -9999
2.76072 3.426 3.2156 3.04283 3.94316 3.92163 3.89569 4.26152 4.84674 4.95993 4.83631 4.51291 4.23212 3.93304 3.17822 2.09242 -0.182755 -2.90983 -3.53113 -2.20161 -2.14033 -1.92805 -2.69444 -3.65592 -5.15907 -3.92614 -3.44578 -4.86187 -6.70607 -7.88588 -9999 -9999 -9999 -9999 -9999 -9999 -9999 -9999 -9999 -9999 -9999 -9999 -9999 -9999 -9999 -9999 -9999 -9999 -9999 -9999 -9999 -9999 -9999 -9999 -9999 -9999 -9999 -9999 -9999 -9999 -9999 -9999 -9999 -9999 -9999 -9999 -9999 -9999 -9999 -9999
1.76023 2.90566 2.58918 1.70914 2.25046 2.65666 3.47211 3.69549 3.8087 4.88566 4.82743 4.77578 4.31334 3.94251 3.3295 2.28442 0.797884 -0.991146 -4.10312 -2.18974 -0.691628 -0.732049 -0.81544 -1.48924 -2.9335 -1.72356 -1.66497 -3.46871 -5.50243 -6.73422 -7.24374 -9999 -9999 -9999 -9999 -9999 -9999 -9999 -9999 -9999 -9999 -9999 -9999 -9999 -9999 -9999 -9999 -9999 -9999 -9999 -9999 -9999 -9999 -9999 -9999 -9999 -9999 -9999 -9999 -9999 -9999 -9999 -9999 -9999 -9999 -9999 -9999 -9999 -9999 -9999
-9999 2.18086 1.87606 0.802089 1.34692 2.07549 3.13739 3.71162 4.132 4.45379 4.78146 4.74101 4.26783 2.87404 2.67206 2.60816 1.63448 -0.404677 -2.44098 -2.97089 -0.684211 -0.0310191 -0.165842 0.344973 -0.878439 -0.298874 -0.534171 -1.16895 -3.13435 -4.94079 -5.70063 -7.20327 -9999 -9999 -9999 -9999 -9999 -9999 -9999 -9999 -9999 -9999 -9999 -9999 -9999 -9999 -9999 -9999 -9999 -9999 -9999 -9999 -9999 -9999 -9999 -9999 -9999 -9999 -9999 -9999 -9999 -9999 -9999 -9999 -9999 -9999 -9999 -9999 -9999 -9999
-9999 -9999 -9999 -9999 0.126313 1.15059 1.98508 3.02238 3.90662 4.34281 4.76591 4.73036 3.78686 3.32356 3.27988 2.64058 1.51691 0.810083 -0.473641 -1.81056 -1.30425 0.645932 -0.223901 1.15892 1.04236 1.29789 0.375272 -1.33211 -3.65085 -4.98482 -5.66427 -6.88175 -9999 -9999 -9999 -9999 -9999 -9999 -9999 -9999 -9999 -9999 -9999 -9999 -9999 -9999 -9999 -9999 -9999 -9999 -9999 -9999 -9999 -9999 -9999 -9999 -9999 -9999 -9999 -9999 -9999 -9999 -9999 -9999 -9999 -9999 -9999 -9999 -9999 -9999
-9999 -9999 -9999 -9999 -9999 0.968602 1.60721 2.95672 3.69518 3.97877 4.66199 4.66235 4.3037 4.03158 3.63726 3.12277 2.27688 1.344 0.136022 0.0207087 1.2664 1.27945 1.01716 1.22192 1.86434 1.69691 0.282839 -2.15691 -3.45911 -6.06238 -7.19732 -7.08057 -7.88659 -9999 -9999 -9999 -9999 -9999 -9999 -9999 -9999 -9999 -9999 -9999 -9999 -4.89268 -9999 -9999 -9999 -9999 -9999 -9999 -9999 -9999 -9999 -9999 -9999 -9999 -9999 -9999 -9999 -9999 -9999 -9999 -9999 -9999 -9.92885 -9999 -9999 -9999
-9999 -9999 -9999 -9999 0.817228 1.69692 2.35462 3.20204 3.31182 3.82945 4.61558 4.62617 4.3713 4.08251 3.43606 3.27226 2.78831 1.77531 1.56423 1.96841 2.15305 2.36385 2.49391 2.38734 2.12868 1.79518 0.9147 -0.226841 -0.991467 -3.39451 -4.58892 -5.76037 -7.53517 -8.92489 -9999 -9999 -9999 -9999 -9999 -9999 -9999 -5.7802 -5.85567 -5.83382 -5.45424 -4.38922 -5.03026 -9999 -9999 -9999 -9999 -9999 -9999 -9999 -9999 -9999 -9999 -9999 -9999 -9999 -9999 -9999 -9999 -9999 -9999 -9999 -8.96358 -10.3732 -9999 -9999
-9999 -9999 -9999 -9999 1.07884 1.96789 2.41388 3.23837 3.71131 4.05828 4.33156 4.59142 4.54581 4.22636 3.74093 3.73891 3.07021 2.70691 2.44609 2.99378 3.09912 2.87481 2.59558 2.35007 1.65657 1.57943 1.39436 0.672723 -0.515242 -1.73978 -3.46926 -5.87643 -8.23843 -10.145 -9999 -9999 -9999 -9999 -9999 -9999 -5.56691 -4.68407 -4.1594 -5.30675 -4.34553 -3.46773 -3.61952 -4.46992 -9999 -9999 -9999 -9999 -9999 -9999 -9999 -9999 -9999 -9999 -9999 -9999 -9999 -9999 -2.296 -3.74048 -6.64644 -8.14158 -9.04328 -10.3259 -9999 -9999
-9999 -9999 -9999 -9999 0.89934 1.95041 2.66443 3.29879 3.40421 4.06582 4.37021 4.50994 4.49166 4.42558 4.33219 3.74769 3.49233 2.61099 3.44158 3.40436 3.18824 2.34695 1.98245 0.543637 -0.0871982 -0.190139 1.02709 0.139529 -1.72125 -4.04949 -6.82211 -6.98908 -7.91576 -9.61913 -9999 -9999 -9999 -9999 -9999 -9999 -5.2859 -4.3417 -3.55562 -3.4505 -4.59159 -3.02447 -3.07612 -3.96945 -4.18039 -3.46738 -3.11135 -3.37588 -2.5183 -2.27844 -2.68174 -2.26754 -9999 -9999 -9999 -9999 -2.07864 -2.03284 -2.00091 -2.60946 -5.78289 -7.95387 -9.90466 -10.0945 -9999 -9999
-9999 -9999 -9999 -9999 1.61935 2.27013 2.60298 2.66281 3.23382 3.81511 4.18425 4.43446 4.38157 4.35723 4.33001 4.12548 3.65816 3.7332 3.68848 3.41341 1.81183 -0.0549481 0.75542 -0.343096 -2.6887 -0.745205 0.319919 -0.684912 -2.93946 -5.55542 -6.38023 -6.3286 -7.61702 -9.28245 -9999 -9999 -9999 -7.86586 -6.50748 -6.39857 -6.00656 -4.74486 -3.7882 -3.06362 -2.57795 -2.58737 -3.12186 -3.99613 -4.94546 -4.62178 -2.94441 -2.54387 -2.1857 -1.93698 -2.3127 -2.14652 -1.70837 -1.4883 -1.45409 -1.57322 -1.61021 -1.5858 -1.65193 -2.22106 -5.05112 -6.68107 -7.72512 -9.82407 -9999 -9999
-9999 -9999 -9999 -9999 1.21458 1.78238 2.24405 3.00254 3.08944 3.57216 3.86979 4.30687 4.35249 3.8565 4.25733 4.19743 4.11301 3.9429 3.698 2.34298 0.479747 -1.38609 -2.24735 -1.86571 -3.28556 -2.53498 -1.45519 -1.82325 -3.20116 -5.52959 -5.84957 -6.3633 -8.52252 -10.6116 -9999 -9999 -10.5016 -7.88586 -6.04817 -5.10632 -4.82321 -4.80764 -3.60019 -3.51746 -2.21623 -2.52137 -4.2696 -4.08539 -4.76367 -4.33653 -3.73859 -3.57966 -2.68559 -1.83642 -1.68779 -1.69732 -1.42327 -1.3775 -1.37548 -1.39597 -1.6036 -1.52698 -1.52558 -1.88499 -3.94624 -4.95741 -6.06982 -9.80963 -9999 -9999
-9999 -9999 -9999 -9999 1.49886 2.1337 2.82826 2.94792 3.46377 3.41818 3.28908 3.9998 4.27007 3.91846 3.66196 4.11452 4.07314 4.00203 3.89161 2.61687 1.14478 -1.07802 -2.45819 -3.28741 -3.88073 -4.65783 -4.09807 -4.25524 -4.46892 -4.19756 -4.81541 -6.06794 -7.33333 -9.70366 -10.9908 -9999 -10.3506 -9.17469 -6.98794 -5.13282 -3.96078 -4.40079 -3.02705 -2.78372 -1.98421 -2.46667 -3.53268 -4.0067 -4.0585 -4.20798 -3.28364 -2.65765 -2.21129 -1.9275 -1.56674 -1.48619 -1.40526 -1.37926 -1.37111 -1.3625 -1.38017 -1.40019 -1.45405 -1.59677 -2.55103 -3.56003 -5.72729 -9.68825 -9999 -9999
-9999 -9999 -9999 -0.358788 1.42357 2.48399 2.90096 3.20443 3.47225 3.66735 3.8788 4.06634 4.19315 4.14383 3.21691 3.28292 3.43775 3.94883 3.90086 3.77688 2.96822 0.264094 -0.66137 -2.01827 -3.77756 -4.49565 -4.11543 -2.65543 -2.70621 -3.65033 -4.70443 -6.15034 -7.06898 -8.52361 -11.3198 -11.0704 -9.81418 -8.88359 -7.40122 -5.13179 -3.54615 -2.84729 -2.59299 -2.03607 -1.75722 -2.42241 -3.04765 -3.31782 -3.80707 -3.88526 -3.89186 -3.33693 -2.89436 -1.91899 -1.60192 -1.46109 -1.3975 -1.36946 -1.35264 -1.33615 -1.33882 -1.37037 -1.38186 -1.40183 -1.48297 -2.82271 -6.16577 -8.68976 -9999 -9999
-9999 -9999 -9999 -9999 1.09668 1.57019 1.70275 1.92554 2.36896 2.87718 3.59994 3.69437 4.08458 4.08104 3.28688 2.36159 3.14777 3.45257 3.76931 3.76881 3.65746 1.39217 0.205693 -0.724971 -2.41085 -1.77986 -1.18695 -1.12841 -1.46284 -3.50156 -5.53219 -7.86049 -10.0546 -10.1526 -11.3274 -10.6993 -9.87128 -7.74004 -6.24542 -5.64823 -5.22469 -2.92075 -2.3268 -2.13967 -1.56121 -2.38577 -2.60316 -3.22425 -3.05483 -3.11874 -3.12517 -4.8206 -3.12731 -3.03834 -1.94752 -1.45956 -1.35819 -1.34081 -1.32138 -1.32924 -1.33581 -1.35363 -1.35506 -1.38403 -1.42038 -2.29686 -6.52328 -8.65994 -9999 -9999
-9999 -9999 -9999 -9999 -9999 -9999 1.26704 1.63164 1.86875 2.26939 3.48265 3.80911 4.02419 4.0399 3.68074 2.76799 2.51743 2.6709 1.77431 2.50428 3.51176 3.48309 3.36052 1.37034 0.367204 1.36649 1.08018 -0.403134 -1.56602 -2.71301 -5.09164 -6.81361 -9.32846 -11.217 -11.2837 -9.18935 -7.45047 -5.29395 -4.35021 -4.90807 -4.33475 -3.19777 -1.90561 -1.2893 -1.45457 -2.32357 -2.45591 -3.40718 -2.49629 -2.42786 -2.86656 -3.2464 -3.09702 -2.5626 -2.36541 -1.51434 -1.31695 -1.28967 -1.29615 -1.30566 -1.32236 -1.34017 -1.36624 -1.38912 -1.415 -1.46758 -5.81193 -9.20247 -9999 -9999
-9999 -9999 -9999 -9999 -9999 -9999 0.436141 0.66356 1.23946 2.6984 3.47187 3.78223 3.77264 3.91178 3.65669 2.85035 2.0209 1.23589 0.228565 0.788234 2.28776 3.17236 3.27356 1.52962 2.45629 2.12783 1.47104 -0.472996 -1.90014 -2.6479 -4.92988 -6.86677 -8.5353 -10.8467 -9.84879 -8.7544 -7.35348 -4.99783 -3.41581 -2.7758 -3.34058 -2.62076 -1.13189 -1.14057 -1.98079 -1.94275 -2.4577 -3.75326 -2.42942 -2.06412 -2.37656 -2.30679 -2.41811 -2.22555 -1.8663 -1.52333 -1.29925 -1.27913 -1.28725 -1.30808 -1.32162 -1.33511 -1.36579 -1.37864 -1.4049 -1.44094 -4.25017 -9.26735 -9999 -9999
-9999 -9999 -9999 -9999 -9999 -9999 -9999 -0.306647 0.992373 2.9257 3.41771 3.37808 3.77591 3.80756 3.41906 3.07804 2.07299 0.702519 -1.91761 -1.263 0.11667 2.11264 3.16368 3.02588 2.45822 1.45483 -0.98789 -3.12191 -3.36525 -3.69885 -5.35904 -6.843 -8.69905 -7.6071 -6.41551 -5.11659 -4.43789 -4.62241 -3.26825 -2.16906 -2.65792 -1.77137 -0.734704 -1.23019 -1.5297 -1.78276 -2.37607 -2.42394 -2.37492 -1.62692 -2.16094 -1.84699 -1.83709 -1.8652 -1.69545 -1.49877 -1.29208 -1.26791 -1.27966 -1.28903 -1.32785 -1.33292 -1.35967 -1.38639 -1.41206 -1.44531 -1.71227 -4.42476 -6.04726 -9999
-9999 -9999 -9999 -9999 -9999 -9999 -9999 -1.49319 -0.839962 1.44739 2.16508 3.17508 3.70994 3.73187 3.08007 2.71213 1.22043 0.727424 -1.69756 -2.79808 -1.87791 -2.23628 0.517048 2.95722 2.44382 -2.46234 -4.22935 -5.48371 -5.13989 -5.11867 -5.56784 -8.11726 -8.81678 -6.49523 -5.0336 -3.90397 -3.05114 -2.88005 -2.92117 -1.19442 -0.977528 -0.428797 -0.569483 -0.534571 -1.43084 -1.99091 -1.52909 -2.09025 -2.19544 -1.42234 -2.20306 -1.51356 -1.59384 -1.81294 -1.83356 -1.38384 -1.30128 -1.26351 -1.27316 -1.30396 -1.34112 -1.36771 -1.36723 -1.38876 -1.42885 -1.44198 -1.48112 -1.82299 -3.22986 -3.72991
-9999 -9999 -9999 -9999 -9999 -9999 -9999 -9999 -2.96408 0.210173 1.6702 2.43322 3.50334 3.62957 3.28522 2.65238 1.13243 -0.206207 -2.37474 -4.84848 -6.15551 -2.25404 1.14462 2.92203 2.70558 -1.37711 -2.97931 -3.03891 -2.07076 -2.85647 -3.44827 -5.37809 -5.95281 -6.75903 -6.25126 -4.67392 -3.39526 -2.16405 -1.27483 -1.21615 -0.64922 -0.325457 -0.315421 -0.227674 -0.347876 -0.448066 -1.31001 -0.736596 -1.24546 -0.991652 -1.17071 -1.33235 -1.46181 -1.95677 -1.62321 -1.32919 -1.26126 -1.25036 -1.28037 -1.29753 -1.3245 -1.36819 -1.39308 -1.40987 -1.42757 -1.45778 -1.47233 -1.5094 -1.67971 -2.53102
-9999 -9999 -9999 -9999 -9999 -9999 -9999 -9999 -4.54592 -1.38831 0.142841 2.09923 3.11121 3.5181 3.45671 2.94258 1.78563 0.0491267 -1.39908 -4.15874 -7.02197 -2.92688 0.731928 2.70528 2.81603 -0.604064 0.362017 -0.394803 -0.0685604 -1.46396 -2.03444 -2.46593 -3.46847 -4.56843 -5.76989 -6.41412 -3.53443 -2.06138 -0.881087 -0.333685 -0.0330976 0.106645 0.0111241 -0.219394 -1.51645 -0.555927 -0.621236 -0.731322 -0.854361 -0.918642 -1.02898 -1.15644 -1.22381 -1.25827 -1.59012 -1.23507 -1.25745 -1.26322 -1.2733 -1.29584 -1.32822 -1.3594 -1.39516 -1.40782 -1.43235 -1.45978 -1.48296 -1.50969 -1.53437 -1.59391
-9999 -9999 -9999 -9999 -9999 -9999 -9999 -9999 -8.97317 -4.38419 -0.67879 1.24539 2.81389 3.23896 3.39245 2.70657 2.19022 0.943116 -0.238132 -2.05397 -4.76756 -6.439 -3.36956 1.09233 2.75347 2.64447 2.55235 1.67345 0.883745 0.796338 0.870661 -0.0329776 -1.37673 -3.15083 -3.70739 -4.33168 -2.18796 -1.90414 -2.07194 0.275537 0.264611 0.112381 -0.81003 -1.82747 -1.65274 -2.28829 -1.82162 -2.58096 -1.90639 -1.32371 -1.11168 -1.13874 -1.21415 -1.23446 -1.2796 -1.23167 -1.24279 -1.26388 -1.2836 -1.30086 -1.32391 -1.36663 -1.39829 -1.40496 -1.43527 -1.4652 -1.48843 -1.51275 -1.5323 -1.58
-9999 -9999 -9999 -9999 -9999 -9999 -9999 -9999 -8.76793 -4.89833 -1.62685 0.340734 2.2231 2.65551 3.28494 3.13933 2.59977 1.51523 0.162892 -1.33247 -3.66107 -5.3916 -3.34195 -0.375573 1.74868 2.52799 2.54095 2.50036 2.31022 2.24768 2.02507 1.88878 0.918934 -0.762322 -1.71053 -3.10197 -0.712742 -0.451702 -0.83671 0.34453 0.269072 -1.55448 -2.96136 -3.15252 -2.30683 -3.12878 -3.28337 -3.79052 -3.23525 -1.72631 -2.18181 -2.10304 -1.40973 -1.30607 -1.25054 -1.24078 -1.25588 -1.27019 -1.29386 -1.3051 -1.31747 -1.35953 -1.38786 -1.41036 -1.45306 -1.46802 -1.50172 -1.53845 -1.55832 -1.59035
-9999 -9999 -9999 -9999 -9999 -9999 -9999 -9999 -8.6933 -6.08423 -3.14112 -0.246628 1.76348 2.57063 3.15545 3.14139 2.51643 1.97325 1.12275 -0.193205 -1.09707 -2.65966 -4.80028 -1.21689 -0.109723 0.889573 1.31612 2.34843 2.33424 1.87692 1.37335 1.88517 1.73732 0.409631 -0.0272948 -0.768022 0.558507 0.554066 0.506846 0.422786 -1.11799 -3.25532 -4.96769 -3.76449 -4.03609 -3.47358 -5.22093 -3.80868 -2.67161 -2.3097 -3.09133 -3.68002 -1.88363 -1.60531 -1.43874 -1.33575 -1.27198 -1.30108 -1.29476 -1.31821 -1.33735 -1.35788 -1.38872 -1.41396 -1.44564 -1.47757 -1.50156 -1.53639 -1.57166 -1.61895
-9999 -9999 -9999 -9999 -9999 -9999 -9999 -9999 -9999 -7.61831 -3.87875 -0.55045 1.3002 2.46134 3.02321 3.00572 2.68267 2.31173 1.78178 0.830882 -0.360621 -2.23836 -3.63161 -2.74942 -1.66361 -1.52337 -0.800502 1.28465 2.0029 1.00598 -1.44867 0.0213939 1.66241 1.63806 1.49852 1.34007 1.13724 0.949445 0.545218 -0.522967 -3.77236 -4.42585 -5.71095 -5.58278 -6.24981 -4.82244 -5.36527 -3.91725 -3.29613 -3.06819 -4.42928 -4.13692 -2.56884 -1.95045 -2.06452 -1.68878 -1.3253 -1.32443 -1.32581 -1.34809 -1.35375 -1.36518 -1.38629 -1.42443 -1.45262 -1.47748 -1.51564 -1.53653 -1.67169 -1.76375
-9999 -9999 -9999 -9999 -9999 -9999 -9999 -9999 -9999 -8.35239 -4.63136 -0.712051 0.543348 1.79539 2.87431 2.88866 2.39967 1.9341 1.45497 0.911102 -0.532487 -1.93122 -3.26524 -3.71316 -3.44425 -3.43911 -2.2753 0.437047 0.967651 0.750953 -1.81832 -2.6939 -0.504593 1.33423 1.478 1.30839 -0.859652 -0.406176 -1.58227 -3.17589 -3.62406 -4.3305 -5.80873 -5.11904 -6.20593 -5.76063 -5.87156 -5.05491 -4.66248 -3.68713 -4.87493 -4.86286 -3.32445 -2.54863 -2.53906 -1.72422 -1.44054 -1.37445 -1.36672 -1.36526 -1.37496 -1.37595 -1.39809 -1.42513 -1.45624 -1.51057 -1.61906 -1.9147 -3.50304 -3.51465
-9999 -9999 -9999 -9999 -9999 -9999 -9999 -9999 -9999 -7.92462 -5.34397 -1.86737 0.706086 0.862873 2.11018 2.75056 2.21985 1.62309 1.01292 0.742934 -0.827409 -2.55073 -3.94263 -5.58819 -5.31744 -4.13565 -2.17682 -0.424318 -0.106902 -0.463295 -1.82826 -1.16869 0.323647 1.11518 1.34677 1.15928 0.682756 0.403312 -0.464908 -0.847841 -2.05304 -3.93181 -4.68027 -4.22864 -6.22339 -6.0985 -5.37903 -6.14221 -4.87125 -4.26858 -5.79972 -4.5944 -3.22731 -2.53346 -1.92804 -1.64707 -1.54168 -1.37469 -1.38176 -1.37917 -1.38406 -1.4003 -1.41452 -1.45788 -1.49642 -1.6772 -1.93667 -3.40967 -4.03262 -3.92687
-9999 -9999 -9999 -9999 -9999 -9999 -9999 -9999 -9999 -7.48713 -5.16489 -2.15168 -0.318672 0.00462213 1.38837 2.61775 2.47301 1.85269 1.65938 1.01746 -0.315012 -1.78531 -3.39087 -4.17183 -5.96349 -4.1998 -2.77695 -1.2936 -0.597698 -1.71316 -2.28635 -1.26869 -0.257889 0.14448 1.16292 1.14898 0.810386 -0.631826 -1.34025 -1.05451 -1.36625 -1.9047 -3.20169 -3.27184 -4.10991 -4.4645 -4.79979 -5.83181 -5.17482 -5.11926 -4.95619 -3.50221 -2.79641 -2.33205 -1.91057 -1.80808 -1.63124 -1.39876 -1.38922 -1.39292 -1.407 -1.4159 -1.44771 -1.53126 -1.60403 -1.95251 -2.5583 -3.67622 -5.48023 -4.23215
-9999 -9999 -9999 -9999 -9999 -9999 -9999 -9999 -9999 -7.88618 -5.42001 -2.84617 -1.77346 -1.59635 0.912682 2.4463 2.44231 2.14486 1.79882 0.222025 0.30914 -0.00935096 -1.45817 -3.56601 -5.87973 -5.66314 -4.26799 -2.30104 -1.65204 -3.51588 -4.18414 -3.69314 -2.16568 -0.799532 0.625887 0.984023 0.558661 -1.6824 -4.0647 -2.97337 -1.80756 -1.82537 -2.18235 -3.38569 -3.77624 -4.13089 -5.01202 -6.48796 -6.26152 -5.86378 -4.22039 -3.71204 -2.91981 -2.26367 -2.52695 -2.39121 -1.76408 -1.40943 -1.40778 -1.41379 -1.41464 -1.43635 -1.47181 -1.6238 -1.78404 -2.04355 -3.60006 -4.57288 -5.98982 -4.3725
-9999 -9999 -9999 -9999 -9999 -9999 -9999 -9999 -9999 -8.65388 -6.8664 -4.40732 -3.42007 -1.84195 0.528386 1.69074 2.24443 2.22554 1.99285 1.28364 0.855603 0.0178007 -1.48938 -3.54808 -5.83536 -7.32416 -6.56797 -3.90891 -3.28278 -5.00326 -5.89123 -4.78814 -3.16117 -0.751886 0.622239 0.802988 0.671857 0.203729 -1.53783 -3.64111 -3.64412 -2.60468 -3.49461 -4.52744 -3.97743 -4.09313 -4.96295 -5.59867 -5.96044 -5.74096 -4.79885 -4.42348 -3.50687 -2.1481 -1.96373 -2.01462 -1.44953 -1.43285 -1.43177 -1.42262 -1.43619 -1.45461 -1.48524 -1.61135 -1.87727 -2.91763 -3.82649 -5.08553 -5.25261 -3.82119
-9999 -9999 -9999 -9999 -9999 -9999 -9999 -9999 -9999 -9.97374 -7.8707 -5.5683 -3.41313 -1.37467 0.378679 0.507641 1.42916 1.4213 1.90147 1.75634 1.0991 0.392773 -0.906375 -3.5504 -5.77335 -8.19681 -7.55898 -4.85879 -4.4706 -5.64054 -7.80137 -5.57437 -3.11895 -0.894733 0.306545 -0.644992 0.317348 0.230036 -0.427847 -1.68358 -3.63155 -3.60526 -5.06847 -5.14273 -4.40804 -4.17726 -4.31286 -4.79276 -5.54351 -5.41063 -4.83796 -4.7057 -3.86474 -2.81383 -1.78664 -1.62439 -1.43855 -1.44253 -1.45188 -1.44837 -1.4591 -1.49368 -1.55987 -1.69079 -2.56474 -3.60162 -4.24534 -5.12631 -5.24448 -3.59685
