Test_Spring_2018/01_18/Temp/20180130_014.txt
ncols	170
nrows	115
xllcorner	350000.000000
yllcorner	4445000.000000
cellsize	1000.000000
nodata_value	-9999.000000
[rows 32 to 63 of 115, columns 72 to 143 of 170]
12.0668 11.9678 12.1445 12.3077 12.2094 12.1492 12.403 12.4123 12.3354 12.1421 12.0777 12.011 11.9745 11.7249 11.0049 10.3571 10.7219 10.7419 10.5092 10.9588 10.7389 10.1467 9.30585 9.78021 9.67078 9.07421 8.94151 -9999 -9999 -9999 -9999 -9999 -9999 -9999 -9999 -9999 -9999 -9999 -9999 -9999 -9999 -9999 -9999 -9999 -9999 -9999 -9999 -9999 -9999 -9999 -9999 -9999 -9999 -9999 -9999 -9999 -9999 -9999 -9999 -9999 -9999 -9999 -9999 -9999 -9999 -9999 -9999 -9999 -9999 -9999 -9999 -9999
11.9209 11.8839 12.1422 12.1461 12.1326 12.2184 12.3762 12.417 12.3929 12.3142 12.2477 12.1766 11.9803 11.6932 11.0786 10.3396 10.181 10.5599 10.5891 10.6598 10.4605 10.2071 9.80413 10.1548 10.2979 9.91418 9.40502 9.07457 -9999 -9999 -9999 -9999 -9999 -9999 -9999 -9999 -9999 -9999 -9999 -9999 -9999 -9999 -9999 -9999 -9999 -9999 -9999 -9999 -9999 -9999 -9999 -9999 -9999 -9999 -9999 -9999 -9999 -9999 -9999 -9999 -9999 -9999 -9999 -9999 -9999 -9999 -9999 -9999 -9999 -9999 -9999 -9999
11.7473 11.5155 11.6749 11.7968 12.0009 12.049 12.0894 12.3958 12.3897 12.3858 12.2692 12.1783 12.021 11.7451 11.3478 10.8673 10.0223 10.5621 10.9874 10.9886 10.9776 10.8037 10.4171 10.7616 10.7886 10.2992 9.71962 9.39258 9.26479 -9999 -9999 -9999 -9999 -9999 -9999 -9999 -9999 -9999 -9999 -9999 -9999 -9999 -9999 -9999 -9999 -9999 -9999 -9999 -9999 -9999 -9999 -9999 -9999 -9999 -9999 -9999 -9999 -9999 -9999 -9999 -9999 -9999 -9999 -9999 -9999 -9999 -9999 -9999 -9999 -9999 -9999 -9999
11.5502 11.2649 11.4253 11.6359 11.9217 12.0639 12.1778 12.2759 12.376 12.3751 12.2554 11.8825 11.8385 11.8329 11.577 11.0276 10.4792 10.3458 10.9886 11.181 11.156 11.3086 10.983 11.154 11.1001 10.9366 10.3874 9.88719 9.69045 9.28932 -9999 -9999 -9999 -9999 -9999 -9999 -9999 -9999 -9999 -9999 -9999 -9999 -9999 -9999 -9999 -9999 -9999 -9999 -9999 -9999 -9999 -9999 -9999 -9999 -9999 -9999 -9999 -9999 -9999 -9999 -9999 -9999 -9999 -9999 -9999 -9999 -9999 -9999 -9999 -9999 -9999 -9999
-9999 -9999 11.0885 11.3645 11.5924 11.8737 12.115 12.2443 12.3705 12.3707 12.1213 12.0047 12.0043 11.8402 11.543 11.3609 11.02 10.6645 10.8168 11.3668 11.1395 11.5325 11.512 11.5937 11.3504 10.8755 10.2455 9.87523 9.70054 9.37789 -9999 -9999 -9999 -9999 -9999 -9999 -9999 -9999 -9999 -9999 -9999 -9999 -9999 -9999 -9999 -9999 -9999 -9999 -9999 -9999 -9999 -9999 -9999 -9999 -9999 -9999 -9999 -9999 -9999 -9999 -9999 -9999 -9999 -9999 -9999 -9999 -9999 -9999 -9999 -9999 -9999 -9999
-9999 -9999 -9999 11.314 11.4879 11.8679 12.0561 12.143 12.3405 12.3503 12.2619 12.1979 12.1008 11.9712 11.7506 11.5065 11.1867 11.1681 11.5244 11.5408 11.481 11.5496 11.7383 11.7034 11.3251 10.6485 10.3008 9.57826 9.27781 9.32261 9.11351 -9999 -9999 -9999 -9999 -9999 -9999 -9999 -9999 -9999 -9999 -9999 -9999 10.1587 -9999 -9999 -9999 -9999 -9999 -9999 -9999 -9999 -9999 -9999 -9999 -9999 -9999 -9999 -9999 -9999 -9999 -9999 -9999 -9999 9.20799 -9999 -9999 -9999 -9999 -9999 -9999 -9999
-9999 -9999 11.2788 11.5048 11.6936 11.9346 11.9608 12.1007 12.3261 12.3384 12.2783 12.2096 12.0431 12.0102 11.8896 11.6236 11.5789 11.7037 11.768 11.8392 11.8877 11.8706 11.811 11.7303 11.4842 11.1806 10.9807 10.3274 9.99601 9.68546 9.20908 8.83933 -9999 -9999 -9999 -9999 -9999 -9999 -9999 9.83543 9.83375 9.8594 9.98408 10.298 10.1421 -9999 -9999 -9999 -9999 -9999 -9999 -9999 -9999 -9999 -9999 -9999 -9999 -9999 -9999 -9999 -9999 -9999 -9999 -9999 9.47848 9.11115 -9999 -9999 -9999 -9999 -9999 -9999
-9999 -9999 11.3281 11.5803 11.7099 11.9437 12.0808 12.1625 12.246 12.3266 12.3239 12.2467 12.1245 12.1364 11.9651 11.8786 11.8205 11.9853 12.0281 11.9797 11.9157 11.8604 11.6809 11.6707 11.6169 11.4286 11.1116 10.7844 10.3037 9.65213 9.0135 8.50094 -9999 -9999 -9999 -9999 -9999 -9999 9.87327 10.1355 10.2996 10.0036 10.2891 10.552 10.5316 10.3217 -9999 -9999 -9999 -9999 -9999 -9999 -9999 -9999 -9999 -9999 -9999 -9999 -9999 -9999 11.2397 10.8612 10.0803 9.68849 9.46072 9.12848 -9999 -9999 -9999 -9999 -9999 -9999
-9999 -9999 11.2807 11.5766 11.7791 11.9596 11.9944 12.1727 12.2547 12.3018 12.3063 12.2987 12.2847 12.1362 12.0792 11.8503 12.0935 12.0976 12.0522 11.8342 11.7469 11.3629 11.2007 11.1706 11.5164 11.2819 10.7788 10.1469 9.37918 9.34383 9.10019 8.64315 -9999 -9999 -9999 -9999 -9999 -9999 9.94761 10.2271 10.4638 10.5135 10.2203 10.6739 10.6839 10.461 10.4262 10.6461 10.7676 10.7152 10.978 11.0667 10.9777 11.1135 -9999 -9999 -9999 -9999 11.2656 11.2973 11.3253 11.1769 10.3221 9.74407 9.22724 9.20248 -9999 -9999 -9999 -9999 -9999 -9999
-9999 -9999 11.4815 11.6661 11.7626 11.7836 11.9456 12.1011 12.2013 12.2793 12.2742 12.2782 12.2825 12.2391 12.1241 12.1593 12.1619 12.1012 11.6747 11.1747 11.4118 11.1191 10.4722 11.0189 11.3224 11.0549 10.4427 9.73072 9.49948 9.52388 9.17994 8.73534 -9999 -9999 -9999 9.18201 9.57308 9.62094 9.74786 10.1154 10.3997 10.618 10.7738 10.7873 10.6716 10.4547 10.2172 10.3306 10.8169 10.951 11.0739 11.1655 11.0845 11.1578 11.2992 11.3799 11.4088 11.3952 11.404 11.4296 11.4305 11.293 10.5274 10.0983 9.83136 9.29314 -9999 -9999 -9999 -9999 -9999 -9999
-9999 -9999 11.3694 11.5305 11.6619 11.8752 11.9033 12.0409 12.1199 12.2416 12.2633 12.1371 12.2595 12.2561 12.2471 12.2153 12.1633 11.8056 11.3075 10.8082 10.5849 10.6933 10.3134 10.5313 10.8387 10.7415 10.3713 9.73807 9.65833 9.51471 8.93019 8.36573 -9999 -9999 8.43544 9.17172 9.6949 9.97249 10.0698 10.0944 10.4484 10.4933 10.8745 10.8082 10.3578 10.4331 10.269 10.4116 10.6095 10.6773 10.9457 11.2044 11.2675 11.2862 11.3822 11.4148 11.4346 11.4479 11.4094 11.4491 11.4683 11.3885 10.8402 10.5819 10.3015 9.30451 -9999 -9999 -9999 -9999 -9999 -9999
-9999 -9999 11.448 11.6269 11.8218 11.8582 12.0041 11.996 11.957 12.1595 12.2377 12.1512 12.0925 12.2306 12.2339 12.2299 12.2156 11.8806 11.4909 10.8937 10.5277 10.3038 10.1515 9.94789 10.1118 10.0773 10.0266 10.1091 9.94138 9.59396 9.25484 8.6125 8.26931 -9999 8.47224 8.81162 9.43102 9.96047 10.3031 10.2027 10.6031 10.693 10.9318 10.8228 10.5609 10.4641 10.4753 10.4593 10.7387 10.9349 11.0805 11.1821 11.3051 11.3487 11.3914 11.4183 11.4396 11.4606 11.4741 11.4869 11.4907 11.4704 11.2271 10.9737 10.398 9.33982 -9999 -9999 -9999 -9999 -9999 -9999
-9999 10.9449 11.43 11.7252 11.8426 11.9287 12.0052 12.0622 12.1174 12.1748 12.2175 12.2107 11.9673 11.9992 12.0569 12.2139 12.2174 12.2001 11.9937 11.2643 11.0173 10.6553 10.1817 9.99434 10.1083 10.5188 10.5124 10.2592 9.97537 9.57462 9.32508 8.934 8.17489 8.25578 8.61555 8.88715 9.31245 9.95626 10.4132 10.6271 10.7197 10.8925 10.9933 10.8428 10.7029 10.6548 10.5462 10.5505 10.574 10.7516 10.8965 11.1887 11.2986 11.3596 11.3975 11.4247 11.4481 11.4709 11.4882 11.4976 11.5128 11.5262 11.5267 11.1785 10.288 9.62566 -9999 -9999 -9999 -9999 -9999 -9999
-9999 -9999 11.3425 11.4751 11.5133 11.5763 11.7003 11.8429 12.0387 12.0706 12.1857 12.1935 11.9846 11.7436 11.9757 12.0762 12.1808 12.198 12.1843 11.5712 11.258 11.014 10.5605 10.7445 10.9167 10.9406 10.8553 10.2997 9.74608 9.10185 8.50487 8.48629 8.16917 8.35452 8.59598 9.1983 9.62697 9.81013 9.94711 10.6038 10.7875 10.8685 11.0536 10.8526 10.8256 10.6817 10.7552 10.7641 10.7881 10.346 10.8359 10.884 11.2071 11.3632 11.4117 11.4357 11.4596 11.4754 11.4913 11.5043 11.5221 11.5352 11.5514 11.3324 10.191 9.63548 -9999 -9999 -9999 -9999 -9999 -9999
-9999 -9999 -9999 -9999 11.394 11.4955 11.5621 11.6745 12.0052 12.1007 12.1674 12.1811 12.0936 11.8547 11.8014 11.8606 11.6311 11.8499 12.1421 12.1494 12.1295 11.5936 11.3283 11.6134 11.543 11.1416 10.8275 10.5171 9.86697 9.38956 8.7036 8.19107 8.18179 8.76956 9.26041 9.86957 10.1464 10.0114 10.1899 10.5264 10.9066 11.1018 11.0826 10.87 10.8669 10.6326 10.911 10.9568 10.8621 10.7828 10.8476 11.0185 11.0953 11.3511 11.4256 11.4525 11.469 11.4841 11.497 11.5098 11.5248 11.5392 11.5539 11.5622 10.3887 9.48774 -9999 -9999 -9999 -9999 -9999 -9999
-9999 -9999 -9999 -9999 11.1659 11.2292 11.3889 11.7926 12.0021 12.093 12.0976 12.1453 12.0866 11.878 11.6648 11.4656 11.2054 11.3768 11.8065 12.0656 12.1075 11.6394 11.9059 11.825 11.6523 11.1237 10.7366 10.5359 9.91192 9.37511 8.92198 8.29255 8.5763 8.88825 9.2866 9.95001 10.4028 10.5984 10.4634 10.6847 11.1194 11.1429 10.9381 10.976 10.8677 10.5389 10.9316 11.0594 10.9998 11.0445 11.0376 11.1143 11.2357 11.3513 11.433 11.4575 11.4734 11.4852 11.4989 11.5146 11.5258 11.5432 11.558 11.5711 10.8211 9.47194 -9999 -9999 -9999 -9999 -9999 -9999
-9999 -9999 -9999 -9999 -9999 10.9626 11.3216 11.856 11.988 11.9826 12.0995 12.1177 12.0222 11.9419 11.6805 11.3199 10.6154 10.8131 11.2098 11.7753 12.079 12.0535 11.9082 11.6413 10.9765 10.3955 10.3345 10.2478 9.79506 9.383 8.87805 9.18633 9.52331 9.89149 10.0907 10.0543 10.4442 10.766 10.6524 10.9197 11.2301 11.1196 11.0641 11.022 10.8923 10.9075 10.949 11.1824 11.0617 11.1737 11.2002 11.216 11.285 11.3602 11.4369 11.4624 11.4771 11.492 11.4992 11.5165 11.529 11.5427 11.5579 11.5721 11.5228 10.8089 10.3884 -9999 -9999 -9999 -9999 -9999
-9999 -9999 -9999 -9999 -9999 10.6367 10.818 11.4504 11.6448 11.9288 12.0837 12.0993 11.9313 11.8435 11.4476 11.3288 10.6783 10.3916 10.6616 10.5783 11.3511 12.0361 11.9058 10.5636 10.0851 9.74666 9.8476 9.85887 9.74002 9.03441 8.84828 9.49549 9.90696 10.2285 10.4758 10.5375 10.5429 11.0379 11.1183 11.2926 11.2785 11.3142 11.0942 10.9675 11.1286 11.0023 11.0012 11.2414 11.0526 11.268 11.2694 11.2324 11.2488 11.3935 11.4359 11.465 11.4809 11.4897 11.4974 11.509 11.5292 11.5445 11.5559 11.5759 11.5895 11.529 11.1679 11.0566 11.228 -9999 -9999 -9999
-9999 -9999 -9999 -9999 -9999 -9999 10.2346 11.112 11.5113 11.7277 12.0304 12.075 11.989 11.8292 11.4262 11.0742 10.494 9.82978 9.48432 10.5747 11.5253 12.0278 11.9795 10.8644 10.4316 10.4227 10.6961 10.4854 10.3277 9.79297 9.64159 9.42722 9.57612 10.0196 10.3867 10.7403 11.0021 11.0373 11.2149 11.3259 11.3532 11.4032 11.3969 11.3966 11.1928 11.3788 11.2662 11.363 11.3397 11.3202 11.3077 11.1944 11.3082 11.4099 11.4482 11.4723 11.4813 11.494 11.5046 11.5116 11.5252 11.5421 11.5598 11.5751 11.5956 11.6192 11.5987 11.3904 11.1038 10.7354 -9999 -9999
-9999 -9999 -9999 -9999 -9999 -9999 9.80109 10.6747 11.094 11.6398 11.9218 12.0443 12.0403 11.913 11.6098 11.1478 10.7657 10.0223 9.24994 10.3931 11.4128 11.9693 12.0112 11.0792 11.3545 11.154 11.251 10.873 10.7218 10.6002 10.3315 10.0367 9.71231 9.54985 10.3559 10.7763 11.1183 11.2881 11.3922 11.4538 11.4489 11.4113 11.0802 11.3718 11.3871 11.3843 11.3775 11.3862 11.3814 11.3709 11.3752 11.3885 11.3187 11.439 11.4556 11.4716 11.4863 11.4978 11.5072 11.5178 11.5283 11.5468 11.5629 11.579 11.597 11.6235 11.6429 11.6524 11.6132 11.1105 10.818 10.757
-9999 -9999 -9999 -9999 -9999 -9999 8.5837 9.85275 10.8644 11.4028 11.8434 11.972 12.0272 11.8524 11.7253 11.3977 11.0888 10.605 9.87348 9.42852 10.2873 11.5301 11.9956 11.9764 11.9606 11.727 11.5172 11.5003 11.5276 11.2763 10.9101 10.4307 10.2933 10.1325 10.7361 10.8291 10.7996 11.4654 11.4833 11.4641 11.2341 10.9748 11.0489 10.9002 11.0616 10.8792 11.0915 11.2779 11.3614 11.3782 11.3799 11.4 11.4085 11.4477 11.4629 11.4749 11.4872 11.5005 11.5128 11.5206 11.5324 11.5521 11.5673 11.5828 11.6005 11.6277 11.648 11.6604 11.6736 11.6142 11.5137 11.3096
-9999 -9999 -9999 -9999 -9999 -9999 8.63568 9.69833 10.6073 11.1562 11.6853 11.8161 12.0024 11.9763 11.8426 11.5593 11.2027 10.8068 10.181 9.71939 10.2987 11.1273 11.7248 11.9507 11.9601 11.9582 11.9144 11.901 11.8474 11.8076 11.5497 11.1036 10.8529 10.4813 11.153 11.24 11.1508 11.4951 11.4949 11.0146 10.6505 10.6225 10.8759 10.6753 10.6655 10.551 10.7297 11.1707 11.0736 11.119 11.332 11.3824 11.4268 11.4487 11.4631 11.4774 11.489 11.5044 11.52 11.5282 11.5411 11.5565 11.5673 11.588 11.603 11.6274 11.646 11.6622 11.6756 11.6734 11.6731 11.7268
-9999 -9999 -9999 -9999 -9999 -9999 8.65991 9.37481 10.1941 10.9987 11.5634 11.7976 11.9717 11.9817 11.8241 11.6897 11.4709 11.124 10.8904 10.4748 9.89918 10.9001 11.2149 11.5018 11.6266 11.9205 11.9254 11.8077 11.6625 11.8133 11.7909 11.4357 11.3268 11.1351 11.5145 11.5286 11.5325 11.528 11.1237 10.5564 10.1075 10.463 10.4127 10.5874 10.138 10.5565 10.8955 11.0204 10.8266 10.6876 11.2043 11.3129 11.379 11.4268 11.4633 11.4738 11.4941 11.5065 11.5206 11.535 11.5474 11.5621 11.5758 11.5901 11.6094 11.6342 11.6496 11.6684 11.689 11.6967 11.7117 11.7349
-9999 -9999 -9999 -9999 -9999 -9999 -9999 8.95539 9.99135 10.9186 11.4396 11.7715 11.9392 11.9481 11.8734 11.7861 11.6551 11.4083 11.0949 10.592 10.222 10.4783 10.7866 10.8369 11.0469 11.6316 11.8391 11.5736 10.8939 11.3184 11.7812 11.7857 11.7592 11.7284 11.6854 11.6493 11.555 11.2791 10.4036 10.2463 9.91469 9.97348 9.81381 10.2259 10.1084 10.5327 10.7289 10.8161 10.4648 10.5675 11.0342 11.2258 11.2146 11.3377 11.4539 11.4731 11.4917 11.5048 11.5229 11.5401 11.5552 11.5703 11.5852 11.6017 11.618 11.6473 11.635 11.6343 11.6113 11.6855 11.7104 11.7517
-9999 -9999 -9999 -9999 -9999 -9999 -9999 8.75202 9.78734 10.878 11.2354 11.5927 11.903 11.9205 11.8 11.6863 11.569 11.434 11.0509 10.6798 10.326 10.2158 10.3025 10.3123 10.6443 11.4025 11.559 11.5094 10.8083 10.5783 11.1931 11.7119 11.7642 11.731 11.1483 11.2891 10.9821 10.5614 10.4577 10.2839 9.89843 10.1112 9.83504 9.98148 9.97618 10.2258 10.3582 10.6508 10.3468 10.3719 10.8315 11.0665 11.0896 11.334 11.4317 11.4692 11.4907 11.5107 11.5281 11.5485 11.5637 11.5782 11.5921 11.6001 11.5936 11.5396 11.1372 11.1582 11.2967 11.4286 11.6628 11.7491
-9999 -9999 -9999 -9999 -9999 -9999 -9999 8.87225 9.59408 10.5634 11.2845 11.3402 11.697 11.8871 11.755 11.6049 11.4513 11.3915 10.9732 10.5125 10.1428 9.70258 9.78991 10.1277 10.6756 11.1698 11.2683 11.1809 10.8128 11.0066 11.4303 11.6612 11.7385 11.701 11.5848 11.524 11.302 11.2148 10.9021 10.4048 10.2199 10.3664 9.83936 9.89676 10.1182 9.9329 10.3068 10.4962 10.0972 10.4655 10.8643 11.0768 11.2643 11.362 11.4109 11.4766 11.4944 11.5151 11.5341 11.5504 11.5677 11.5776 11.5893 11.5621 11.5136 11.1308 10.9987 11.0514 11.2571 11.4393 11.6522 11.7398
-9999 -9999 -9999 -9999 -9999 -9999 -9999 8.99494 9.64628 10.4885 11.006 11.1079 11.5025 11.855 11.8292 11.6726 11.6337 11.4712 11.1184 10.7273 10.2986 10.0967 9.61586 10.1143 10.5146 10.9352 11.1385 10.839 10.6937 10.987 11.2787 11.4031 11.6979 11.7088 11.631 11.25 11.0721 11.1691 11.1024 10.9741 10.6375 10.6397 10.4307 10.3554 10.2855 10.0254 10.2296 10.2679 10.3498 10.7731 10.9896 11.139 11.2761 11.3249 11.3939 11.478 11.5008 11.52 11.5366 11.555 11.5675 11.5661 11.5682 11.4945 11.3502 11.0649 10.6075 10.9746 11.3576 11.4977 11.6345 11.7072
-9999 -9999 -9999 -9999 -9999 -9999 -9999 8.88693 9.57861 10.3003 10.6088 10.6708 11.3757 11.8122 11.8252 11.7575 11.6765 11.2563 11.2945 11.2207 10.8352 10.2678 9.64321 9.71555 10.1124 10.6626 10.8535 10.3486 10.1778 10.3266 10.7613 11.1519 11.5594 11.6733 11.572 10.9711 10.332 10.651 10.9913 11.0061 10.9281 10.6175 10.5314 10.4555 10.2348 9.85654 9.93685 10.0691 10.5596 10.7223 10.9627 11.1652 11.1138 11.1721 11.3655 11.4836 11.5044 11.5233 11.5437 11.5586 11.57 11.5497 11.5273 11.4779 11.0713 10.8257 10.4688 10.9437 11.2106 11.3877 11.642 11.7161
-9999 -9999 -9999 -9999 -9999 -9999 -9999 8.67722 9.1825 9.87313 10.1585 10.6069 11.2739 11.6083 11.7751 11.7842 11.7344 11.5532 11.4494 11.2326 10.831 10.2771 9.65992 9.2625 9.48344 10.2246 10.4184 9.94509 9.71421 10.0322 10.4948 11.1734 11.5672 11.6326 11.6127 11.5006 11.0382 10.4768 10.4948 10.8008 10.5756 10.3117 10.4843 10.4739 10.2559 10.1026 10.0267 10.1247 10.4076 10.5336 10.8084 11.2047 11.277 11.2841 11.4607 11.486 11.507 11.5301 11.5471 11.563 11.5756 11.5623 11.5106 11.2457 11.0173 10.6926 10.6688 11.1037 11.3101 11.5047 11.6386 11.6943
-9999 -9999 -9999 -9999 -9999 -9999 -9999 8.31527 8.90809 9.55607 10.1637 10.7394 11.2367 11.2865 11.5548 11.5671 11.7138 11.6881 11.5211 11.3404 10.9962 10.281 9.68166 9.0268 9.21531 9.97194 10.084 9.77562 9.19436 9.82245 10.5138 11.1418 11.4883 11.2421 11.5237 11.5167 11.353 11.0252 10.5071 10.5337 10.1504 10.1503 10.3735 10.4583 10.4425 10.332 10.1527 10.2229 10.4043 10.4635 10.7177 11.0293 11.3342 11.4003 11.4727 11.4926 11.5108 11.5326 11.5504 11.5618 11.5645 11.5496 11.3302 11.0661 10.9105 10.6897 10.6793 11.1662 11.3911 11.5254 11.6437 11.7013
-9999 -9999 -9999 -9999 -9999 -9999 -9999 -9999 8.84964 9.51894 10.0174 10.1607 10.6042 10.8495 11.0423 11.0948 11.6217 11.6627 11.5616 11.3966 11.1049 10.5653 10.1931 9.5655 9.11791 9.33285 9.42822 9.61109 9.57503 9.8629 10.5279 11.2203 11.3086 10.8922 10.9707 11.0758 11.2931 11.2063 10.4946 10.1413 9.8512 10.0864 10.3334 10.4069 10.4364 10.4107 10.3991 10.3388 10.6651 10.9114 10.9831 11.1998 11.3644 11.423 11.4713 11.4927 11.514 11.5314 11.5402 11.5513 11.532 11.4673 11.2197 10.5994 10.6473 10.5966 10.4166 10.8982 11.2318 11.5038 11.6568 11.7098
-9999 -9999 -9999 -9999 -9999 -9999 -9999 -9999 8.63184 9.40459 9.57757 9.57806 9.33879 9.46733 10.4135 10.6142 11.12 11.5997 11.5782 11.4166 11.1444 10.8282 10.3316 9.62419 9.06469 8.83999 9.47339 10.0908 10.2295 10.4365 10.8495 10.9395 10.5135 10.115 10.3617 10.5163 11.0637 11.1765 11.089 10.6669 10.1824 9.93791 10.2644 10.3237 10.3607 10.383 10.4061 10.4243 10.7937 11.0046 11.1567 11.248 11.3922 11.4426 11.471 11.4984 11.5137 11.5246 11.522 11.5167 11.4348 11.332 10.9149 10.5703 10.3624 10.0938 10.7589 10.9835 11.2884 11.4901 11.6426 11.6904
