Test_Spring_2018/01_18/Temp/20180113_010.txt
ncols	170
nrows	115
xllcorner	350000.000000
yllcorner	4445000.000000
cellsize	1000.000000
nodata_value	-9999.000000
[rows 32 to 63 of 115, columns 72 to 143 of 170]
10.0309 9.70727 10.1907 10.6353 10.3534 10.1587 10.8921 10.885 10.6251 10.0238 9.79897 9.56608 9.42073 8.65139 6.50516 4.56951 5.5955 5.61246 4.89013 6.16342 5.47829 3.70408 1.20277 2.54877 2.18717 0.403411 -0.0466539 -9999 -9999 -9999 -9999 -9999 -9999 -9999 -9999 -9999 -9999 -9999 -9999 -9999 -9999 -9999 -9999 -9999 -9999 -9999 -9999 -9999 -9999 -9999 -9999 -9999 -9999 -9999 -9999 -9999 -9999 -9999 -9999 -9999 -9999 -9999 -9999 -9999 -9999 -9999 -9999 -9999 -9999 -9999 -9999 -9999
9.60113 9.45854 10.1804 10.1587 10.1025 10.3572 10.8096 10.8944 10.7887 10.5226 10.2913 10.0457 9.43313 8.55396 6.71609 4.51382 4.00863 5.07546 5.11931 5.28408 4.65907 3.87589 2.65517 3.63914 4.01581 2.83875 1.30281 0.311589 -9999 -9999 -9999 -9999 -9999 -9999 -9999 -9999 -9999 -9999 -9999 -9999 -9999 -9999 -9999 -9999 -9999 -9999 -9999 -9999 -9999 -9999 -9999 -9999 -9999 -9999 -9999 -9999 -9999 -9999 -9999 -9999 -9999 -9999 -9999 -9999 -9999 -9999 -9999 -9999 -9999 -9999 -9999 -9999
9.08967 8.3771 8.80969 9.13288 9.72766 9.88234 9.96677 10.8284 10.7754 10.7282 10.3504 10.0469 9.54851 8.70207 7.49985 6.05367 3.54081 5.07834 6.2805 6.24172 6.16746 5.61639 4.4434 5.40912 5.44609 3.94213 2.23815 1.23549 0.815578 -9999 -9999 -9999 -9999 -9999 -9999 -9999 -9999 -9999 -9999 -9999 -9999 -9999 -9999 -9999 -9999 -9999 -9999 -9999 -9999 -9999 -9999 -9999 -9999 -9999 -9999 -9999 -9999 -9999 -9999 -9999 -9999 -9999 -9999 -9999 -9999 -9999 -9999 -9999 -9999 -9999 -9999 -9999
8.50911 7.64017 8.0755 8.65845 9.47829 9.89703 10.2216 10.4743 10.7322 10.694 10.3074 9.17923 9.01215 8.95664 8.16788 6.52018 4.87453 4.4427 6.28066 6.80114 6.68555 7.08949 6.0946 6.55222 6.3523 5.81242 4.16912 2.67651 2.05479 0.835051 -9999 -9999 -9999 -9999 -9999 -9999 -9999 -9999 -9999 -9999 -9999 -9999 -9999 -9999 -9999 -9999 -9999 -9999 -9999 -9999 -9999 -9999 -9999 -9999 -9999 -9999 -9999 -9999 -9999 -9999 -9999 -9999 -9999 -9999 -9999 -9999 -9999 -9999 -9999 -9999 -9999 -9999
-9999 -9999 7.08619 7.87706 8.53319 9.3364 10.0344 10.379 10.7136 10.6792 9.91339 9.53526 9.49585 8.97665 8.06717 7.49367 6.4549 5.37279 5.77583 7.34194 6.63394 7.74078 7.63801 7.83425 7.08003 5.64902 3.74856 2.63621 2.07897 1.08882 -9999 -9999 -9999 -9999 -9999 -9999 -9999 -9999 -9999 -9999 -9999 -9999 -9999 -9999 -9999 -9999 -9999 -9999 -9999 -9999 -9999 -9999 -9999 -9999 -9999 -9999 -9999 -9999 -9999 -9999 -9999 -9999 -9999 -9999 -9999 -9999 -9999 -9999 -9999 -9999 -9999 -9999
-9999 -9999 -9999 7.72516 8.22315 9.3036 9.85867 10.0799 10.6239 10.6181 10.3237 10.0997 9.77782 9.35948 8.67425 7.9189 6.94155 6.84448 7.84377 7.84854 7.6303 7.78742 8.29618 8.15108 6.98314 4.97951 3.91799 1.7626 0.837603 0.922441 0.264494 -9999 -9999 -9999 -9999 -9999 -9999 -9999 -9999 -9999 -9999 -9999 -9999 2.65132 -9999 -9999 -9999 -9999 -9999 -9999 -9999 -9999 -9999 -9999 -9999 -9999 -9999 -9999 -9999 -9999 -9999 -9999 -9999 -9999 -1.43413 -9999 -9999 -9999 -9999 -9999 -9999 -9999
-9999 -9999 7.6338 8.29857 8.82061 9.49546 9.55227 9.95395 10.5805 10.5827 10.3719 10.1346 9.60968 9.4744 9.08139 8.26196 8.08869 8.41081 8.55512 8.71945 8.81745 8.72339 8.50539 8.22582 7.46365 6.53074 5.90144 3.93367 2.93411 1.9798 0.540336 -0.587404 -9999 -9999 -9999 -9999 -9999 -9999 -9999 1.93 1.86986 1.88815 2.19467 3.05348 2.53679 -9999 -9999 -9999 -9999 -9999 -9999 -9999 -9999 -9999 -9999 -9999 -9999 -9999 -9999 -9999 -9999 -9999 -9999 -9999 -0.654399 -1.789 -9999 -9999 -9999 -9999 -9999 -9999
-9999 -9999 7.80563 8.51346 8.86376 9.51906 9.89118 10.1329 10.3455 10.5484 10.5062 10.2443 9.8496 9.84524 9.30391 9.00885 8.79611 9.23444 9.31521 9.12898 8.89701 8.69065 8.12158 8.04783 7.84715 7.25138 6.27945 5.27818 3.83008 1.87872 -0.0348584 -1.57976 -9999 -9999 -9999 -9999 -9999 -9999 2.09429 2.80719 3.23151 2.30797 3.08389 3.79226 3.67031 2.95752 -9999 -9999 -9999 -9999 -9999 -9999 -9999 -9999 -9999 -9999 -9999 -9999 -9999 -9999 4.71476 3.55244 1.21177 0.00814178 -0.717262 -1.74978 -9999 -9999 -9999 -9999 -9999 -9999
-9999 -9999 7.65919 8.49637 9.06146 9.56227 9.63699 10.1539 10.3706 10.4764 10.4562 10.3988 10.3205 9.84724 9.63985 8.928 9.59578 9.56327 9.38536 8.70201 8.40123 7.23258 6.71333 6.58203 7.54833 6.81722 5.30129 3.40868 1.1346 0.973639 0.216128 -1.16568 -9999 -9999 -9999 -9999 -9999 -9999 2.31306 3.07623 3.71206 3.79885 2.88076 4.14527 4.07877 3.35899 3.18915 3.76408 4.05136 3.81865 4.50455 4.70083 4.37905 4.71653 -9999 -9999 -9999 -9999 4.8867 4.92637 4.95445 4.46586 1.90942 0.160793 -1.41051 -1.56748 -9999 -9999 -9999 -9999 -9999 -9999
-9999 -9999 8.23842 8.75154 9.00796 9.04429 9.49306 9.94422 10.2146 10.4103 10.3625 10.3392 10.3149 10.1487 9.77145 9.83157 9.79485 9.57163 8.27785 6.76862 7.41544 6.5166 4.59627 6.13381 6.97585 6.14842 4.31321 2.18679 1.48188 1.49729 0.44713 -0.902334 -9999 -9999 -9999 0.223442 1.31896 1.40859 1.72731 2.74758 3.52208 4.10502 4.49891 4.47415 4.03972 3.33533 2.57025 2.83127 4.18356 4.50685 4.77191 4.97556 4.67628 4.82045 5.17739 5.35863 5.39004 5.29769 5.27131 5.29409 5.24352 4.78711 2.50055 1.18782 0.347152 -1.33962 -9999 -9999 -9999 -9999 -9999 -9999
-9999 -9999 7.90592 8.35127 8.71078 9.31108 9.36901 9.74688 9.97082 10.301 10.3326 9.92939 10.2507 10.2019 10.1342 9.99765 9.8005 8.70755 7.20343 5.69525 4.99455 5.27905 4.12202 4.69854 5.55173 5.22673 4.09405 2.19839 1.92241 1.47205 -0.290721 -1.98467 -9999 -9999 -1.91176 0.196024 1.67855 2.44044 2.67234 2.68914 3.66679 3.73754 4.78994 4.5305 3.1184 3.26756 2.7144 3.05869 3.5472 3.67558 4.38153 5.06247 5.18561 5.18161 5.40646 5.44742 5.45311 5.4405 5.27676 5.34178 5.34574 5.05843 3.39887 2.58539 1.68676 -1.3194 -9999 -9999 -9999 -9999 -9999 -9999
-9999 -9999 8.13097 8.62935 9.17576 9.25901 9.66227 9.61545 9.49482 10.0591 10.2598 9.97329 9.76532 10.1304 10.0984 10.0426 9.95486 8.92745 7.73923 5.94361 4.82461 4.1345 3.64275 2.98236 3.41526 3.2691 3.07671 3.27515 2.74621 1.69971 0.665207 -1.26401 -2.30974 -9999 -1.80201 -0.854385 0.910184 2.40911 3.35857 3.00918 4.12189 4.32302 4.95805 4.57167 3.70992 3.33375 3.2926 3.17227 3.91724 4.4157 4.76158 4.99288 5.28166 5.35039 5.41972 5.44494 5.45578 5.46683 5.45642 5.44372 5.40328 5.29071 4.52349 3.70916 1.96312 -1.222 -9999 -9999 -9999 -9999 -9999 -9999
-9999 6.66548 8.06944 8.90948 9.2308 9.46098 9.66319 9.80791 9.96208 10.1048 10.2004 10.1491 9.40134 9.45565 9.58267 9.99724 9.96075 9.86176 9.20891 7.02563 6.26388 5.15349 3.72078 3.11274 3.39933 4.555 4.49208 3.70883 2.83733 1.6347 0.867023 -0.318401 -2.5864 -2.39108 -1.38115 -0.630917 0.5665 2.40024 3.68407 4.25372 4.46505 4.90909 5.13765 4.60851 4.10304 3.88654 3.49275 3.42973 3.42403 3.87079 4.21441 4.99711 5.25556 5.36877 5.42422 5.45123 5.46923 5.48684 5.48873 5.46692 5.46079 5.44729 5.38208 4.3034 1.61486 -0.412204 -9999 -9999 -9999 -9999 -9999 -9999
-9999 -9999 7.80469 8.17041 8.26132 8.42541 8.76823 9.16455 9.73049 9.79767 10.1057 10.0987 9.45285 8.7088 9.34557 9.59474 9.85308 9.85435 9.76413 7.92483 6.95948 6.197 4.8226 5.30131 5.75794 5.78239 5.48919 3.82191 2.16153 0.246864 -1.53988 -1.63429 -2.5998 -2.1026 -1.43779 0.280612 1.48847 1.97501 2.32295 4.18734 4.66579 4.82451 5.29573 4.63502 4.45875 3.9595 4.09662 4.04497 4.03916 2.67162 4.02385 4.09696 4.97804 5.3706 5.45372 5.47222 5.49246 5.4906 5.48954 5.47899 5.48115 5.45934 5.4353 4.73098 1.32589 -0.389305 -9999 -9999 -9999 -9999 -9999 -9999
-9999 -9999 -9999 -9999 7.90634 8.18398 8.35981 8.66885 9.62994 9.88394 10.0508 10.0597 9.769 9.03251 8.83423 8.96209 8.24303 8.83215 9.63975 9.61104 9.50308 7.88611 7.05116 7.83642 7.58327 6.36367 5.40141 4.45161 2.50937 1.08285 -0.963503 -2.50209 -2.56853 -0.889122 0.504607 2.24365 3.00791 2.56397 3.03333 3.95462 5.00307 5.50619 5.37841 4.68227 4.57495 3.80966 4.54446 4.59937 4.2449 3.93752 4.04552 4.47742 4.6379 5.326 5.48777 5.51092 5.51034 5.50728 5.4982 5.48785 5.47118 5.45613 5.43818 5.39818 1.89816 -0.827964 -9999 -9999 -9999 -9999 -9999 -9999
-9999 -9999 -9999 -9999 7.23261 7.39926 7.84785 9.0097 9.61621 9.85719 9.84299 9.9515 9.74494 9.09644 8.43082 7.80259 6.99356 7.44564 8.65229 9.35978 9.43209 8.01336 8.73384 8.44828 7.89585 6.30418 5.12813 4.49934 2.63417 1.03403 -0.330794 -2.21079 -1.41954 -0.546435 0.578091 2.47577 3.75482 4.27706 3.82784 4.41547 5.62294 5.62271 4.95126 4.98661 4.57116 3.52846 4.59615 4.89029 4.63744 4.69226 4.59022 4.74629 5.03715 5.31543 5.49853 5.51791 5.51469 5.50257 5.49616 5.48982 5.46918 5.46248 5.44448 5.41806 3.15567 -0.881724 -9999 -9999 -9999 -9999 -9999 -9999
-9999 -9999 -9999 -9999 -9999 6.61299 7.64452 9.18884 9.56857 9.52756 9.84191 9.8639 9.54992 9.27661 8.46988 7.36953 5.26082 5.78949 6.89958 8.50296 9.34092 9.21686 8.73277 7.90307 5.91092 4.16594 3.94396 3.64881 2.28463 1.04947 -0.466717 0.396482 1.34368 2.38153 2.92382 2.77465 3.86977 4.76164 4.37462 5.09687 5.94008 5.5477 5.31236 5.11328 4.63484 4.59799 4.63812 5.24073 4.80919 5.0607 5.05633 5.03431 5.17219 5.33233 5.50122 5.52372 5.51802 5.5149 5.48827 5.48872 5.47146 5.45384 5.43661 5.41271 5.19984 3.02032 1.71452 -9999 -9999 -9999 -9999 -9999
-9999 -9999 -9999 -9999 -9999 5.65248 6.16388 7.99398 8.55591 9.36127 9.78628 9.80054 9.27433 8.97835 7.77903 7.38609 5.43502 4.54767 5.2873 4.99292 7.20319 9.1574 8.71718 4.7419 3.29483 2.25936 2.5111 2.50239 2.1148 0.0209753 -0.562692 1.29187 2.45686 3.3583 4.04095 4.17786 4.14832 5.54669 5.72709 6.17699 6.07117 6.10639 5.3901 4.94363 5.31574 4.86524 4.78115 5.40404 4.77365 5.32785 5.25062 5.0745 5.05875 5.42268 5.49133 5.52465 5.52066 5.50016 5.47525 5.45778 5.46265 5.44945 5.42086 5.41347 5.38452 5.11614 3.98432 3.58278 4.00847 -9999 -9999 -9999
-9999 -9999 -9999 -9999 -9999 -9999 4.44848 6.99421 8.15494 8.76164 9.61838 9.7168 9.43289 8.92578 7.70445 6.62935 4.88452 2.8921 1.83309 4.97252 7.70321 9.1236 8.92301 5.61232 4.29899 4.22755 4.98354 4.32539 3.82382 2.22989 1.74754 1.08143 1.47794 2.73649 3.76459 4.75703 5.47712 5.53052 5.99572 6.25941 6.27487 6.35252 6.26172 6.18594 5.49087 5.95501 5.54563 5.75004 5.60475 5.47295 5.35577 4.95722 5.22687 5.46516 5.52188 5.53391 5.5131 5.50351 5.48677 5.45713 5.43924 5.43007 5.41978 5.39888 5.39003 5.36768 5.23283 4.5483 3.63498 2.48355 -9999 -9999
-9999 -9999 -9999 -9999 -9999 -9999 3.17048 5.70375 6.92235 8.49155 9.29498 9.61691 9.56846 9.15646 8.22707 6.83055 5.6657 3.44224 1.13318 4.4294 7.36355 8.94247 9.01693 6.23056 6.98876 6.35669 6.59671 5.44857 4.96566 4.5802 3.75407 2.85207 1.86477 1.33985 3.65745 4.84459 5.79888 6.24567 6.49551 6.61695 6.54143 6.35876 5.31908 6.0982 6.04502 5.95827 5.86002 5.80819 5.71848 5.61442 5.54692 5.5196 5.25285 5.53936 5.52519 5.52295 5.5181 5.50406 5.48286 5.46323 5.44026 5.43275 5.41408 5.39567 5.38011 5.3665 5.34925 5.30318 5.11479 3.57177 2.6454 2.37723
-9999 -9999 -9999 -9999 -9999 -9999 -0.401037 3.28716 6.24933 7.79424 9.04822 9.38975 9.51402 8.9629 8.54908 7.54623 6.5958 5.13252 2.94365 1.59248 4.05828 7.64489 8.96057 8.844 8.75077 8.02198 7.36422 7.27225 7.31091 6.5457 5.43562 3.99259 3.53575 3.0257 4.75009 4.97836 4.84547 6.74256 6.74045 6.62565 5.89052 5.06779 5.2151 4.70156 5.07682 4.46676 5.01159 5.48146 5.65186 5.62902 5.5546 5.53752 5.50206 5.54483 5.53751 5.52288 5.51017 5.50027 5.48645 5.45738 5.43758 5.43803 5.41469 5.39527 5.37474 5.36348 5.3506 5.3143 5.28053 5.03589 4.6726 3.9856
-9999 -9999 -9999 -9999 -9999 -9999 -0.248581 2.85428 5.48389 7.05573 8.57005 8.91725 9.42466 9.30834 8.87499 8.00233 6.9132 5.7076 3.82867 2.42974 4.07558 6.45491 8.15507 8.75471 8.7382 8.68699 8.51448 8.43395 8.23516 8.08877 7.29264 5.92712 5.15366 4.02566 5.94804 6.15771 5.84921 6.80545 6.75039 5.28735 4.16068 4.01391 4.68888 4.03145 3.90562 3.49169 3.94048 5.15723 4.78931 4.85196 5.39618 5.48051 5.52984 5.53889 5.52843 5.51926 5.50331 5.49815 5.49278 5.46405 5.44674 5.43425 5.40533 5.39269 5.36973 5.34939 5.32976 5.30636 5.27499 5.19934 5.11663 5.18274
-9999 -9999 -9999 -9999 -9999 -9999 -0.19122 1.89613 4.26189 6.58007 8.19745 8.84651 9.3175 9.30657 8.80361 8.36652 7.68117 6.6196 5.88875 4.62513 2.8935 5.77371 6.65157 7.42923 7.74878 8.56284 8.53262 8.14506 7.69384 8.09169 7.96069 6.87998 6.5195 5.91653 6.98243 6.97791 6.94118 6.87671 5.63955 3.92253 2.54856 3.52479 3.31176 3.75478 2.34436 3.48556 4.40347 4.69563 4.05744 3.58243 5.01537 5.2448 5.38015 5.46454 5.51778 5.49674 5.50494 5.48983 5.47884 5.46725 5.44769 5.43276 5.41252 5.39176 5.37029 5.35174 5.32692 5.29775 5.28784 5.24255 5.22022 5.1966
-9999 -9999 -9999 -9999 -9999 -9999 -9999 0.656442 3.65238 6.33098 7.81978 8.75394 9.20599 9.19167 8.93134 8.63225 8.20446 7.43636 6.47298 4.95479 3.82529 4.52799 5.38783 5.47245 6.04006 7.70475 8.26702 7.44661 5.42904 6.60008 7.91107 7.88142 7.76095 7.62744 7.45887 7.30641 6.98144 6.12298 3.50763 2.98697 1.95651 2.06533 1.53283 2.6703 2.2298 3.39927 3.9014 4.08583 2.98872 3.20691 4.47599 4.97527 4.8842 5.18823 5.47791 5.48112 5.48311 5.46886 5.46857 5.46409 5.45212 5.43171 5.41441 5.3995 5.36618 5.35923 5.25405 5.18282 5.04691 5.19695 5.2041 5.20039
-9999 -9999 -9999 -9999 -9999 -9999 -9999 0.0479248 3.04247 6.19791 7.20705 8.21439 9.08291 9.09377 8.69909 8.32314 7.93576 7.49537 6.32858 5.19657 4.11515 3.74634 3.95369 3.92453 4.84923 7.0213 7.43424 7.24471 5.13486 4.41743 6.17181 7.64521 7.75397 7.61202 5.86109 6.22522 5.27754 3.99484 3.63668 3.07121 1.8841 2.44464 1.57289 1.93574 1.82346 2.48396 2.80185 3.58901 2.63196 2.62412 3.86984 4.49646 4.50547 5.16382 5.39438 5.45004 5.45924 5.46399 5.46034 5.46418 5.45132 5.43465 5.41466 5.3757 5.29266 5.05056 3.78005 3.77385 4.11235 4.43236 5.01785 5.17701
-9999 -9999 -9999 -9999 -9999 -9999 -9999 0.388478 2.46452 5.26359 7.33543 7.45991 8.46398 8.97915 8.55041 8.06827 7.57487 7.35496 6.08588 4.69232 3.5646 2.231 2.4407 3.38346 4.92714 6.32712 6.56991 6.26953 5.13116 5.65267 6.84654 7.47683 7.65722 7.5014 7.11422 6.88751 6.18768 5.88034 4.91124 3.39994 2.80024 3.16807 1.56379 1.66778 2.25054 1.60969 2.63586 3.12286 1.8894 2.84784 3.95157 4.51253 5.00227 5.23064 5.31778 5.45497 5.45233 5.45796 5.45804 5.44935 5.44256 5.4124 5.38609 5.24491 5.03995 3.85632 3.35599 3.44455 3.98069 4.4493 4.93587 5.13264
-9999 -9999 -9999 -9999 -9999 -9999 -9999 0.736687 2.60516 5.03122 6.5065 6.76533 7.87933 8.86911 8.75124 8.24982 8.09218 7.57228 6.49491 5.30543 4.0058 3.36968 1.91768 3.33048 4.44246 5.62686 6.17621 5.23764 4.76599 5.57743 6.3843 6.70185 7.51728 7.50187 7.22615 6.06216 5.49091 5.72214 5.47265 5.04108 3.99848 3.94501 3.27251 2.9895 2.72171 1.86248 2.39385 2.44006 2.57556 3.73168 4.30275 4.67915 5.02101 5.10588 5.25091 5.44111 5.45196 5.45251 5.44506 5.44207 5.42082 5.35795 5.30372 5.02708 4.54275 3.64523 2.19248 3.20196 4.25792 4.56657 4.86539 5.01885
-9999 -9999 -9999 -9999 -9999 -9999 -9999 0.410502 2.39572 4.46816 5.33097 5.47218 7.49334 8.72833 8.72382 8.48252 8.20164 6.92807 6.99501 6.73412 5.56111 3.85587 1.98367 2.15017 3.24852 4.81548 5.32823 3.78711 3.23997 3.62796 4.85228 5.94756 7.09173 7.37673 7.03133 5.22346 3.30279 4.18307 5.12415 5.1117 4.82625 3.85877 3.5465 3.26304 2.55497 1.35748 1.52088 1.84313 3.15396 3.56635 4.20746 4.73884 4.52913 4.64117 5.14948 5.43837 5.44298 5.44168 5.44479 5.43129 5.40685 5.28851 5.16348 4.95828 3.70738 2.92669 1.79295 3.09276 3.81031 4.18458 4.8677 5.02525
-9999 -9999 -9999 -9999 -9999 -9999 -9999 -0.21279 1.22606 3.20658 4.00095 5.27182 7.18138 8.11721 8.56227 8.5455 8.35597 7.78176 7.43349 6.75411 5.53429 3.86899 2.01857 0.810984 1.41237 3.52031 4.00998 2.59065 1.8673 2.74954 4.05487 5.99171 7.09511 7.23755 7.1296 6.75096 5.34672 3.65167 3.65024 4.48963 3.77413 2.94365 3.38914 3.29798 2.59882 2.08819 1.7668 1.94785 2.69146 2.99696 3.73869 4.83683 4.98834 4.9503 5.4089 5.42559 5.42987 5.44082 5.4336 5.4226 5.4018 5.30406 5.09355 4.25867 3.52961 2.51807 2.38652 3.54143 4.04266 4.50627 4.83781 4.94115
-9999 -9999 -9999 -9999 -9999 -9999 -9999 -1.28101 0.412933 2.26777 4.00409 5.64644 7.05898 7.16204 7.90377 7.89599 8.28116 8.16169 7.62873 7.05543 6.00345 3.86656 2.06828 0.107675 0.614126 2.76465 3.02973 2.07926 0.330514 2.11936 4.0931 5.88131 6.84586 6.07598 6.84972 6.77818 6.24747 5.23551 3.66608 3.6885 2.51056 2.45245 3.04651 3.23441 3.12693 2.74184 2.12754 2.21741 2.66395 2.77376 3.45485 4.3052 5.13646 5.27058 5.42378 5.42404 5.42006 5.42651 5.42154 5.39736 5.34769 5.2458 4.5449 3.71256 3.19701 2.49008 2.39788 3.73377 4.2591 4.5465 4.83201 4.94052
-9999 -9999 -9999 -9999 -9999 -9999 -9999 -9999 0.23198 2.14838 3.56474 3.94138 5.19617 5.87062 6.39094 6.50091 7.99788 8.07366 7.73314 7.20596 6.30766 4.6843 3.55069 1.66981 0.315439 0.852504 1.0966 1.5828 1.42854 2.22173 4.11803 6.09416 6.30277 5.03466 5.21378 5.4701 6.05386 5.74681 3.61097 2.52232 1.61746 2.248 2.91164 3.06673 3.09192 2.95515 2.7914 2.51856 3.40876 4.06565 4.21259 4.78457 5.20514 5.31642 5.39867 5.40303 5.40761 5.4012 5.3697 5.345 5.23102 4.98387 4.20071 2.3269 2.40694 2.19779 1.60978 2.91359 3.72835 4.46256 4.84941 4.94409
-9999 -9999 -9999 -9999 -9999 -9999 -9999 -9999 -0.414721 1.80359 2.26706 2.22563 1.48248 1.81492 4.53883 5.08184 6.51721 7.87583 7.76828 7.25098 6.41004 5.44007 3.94242 1.82807 0.146224 -0.575524 1.21334 2.97142 3.32815 3.88447 5.04323 5.25694 3.96088 2.74516 3.41582 3.81691 5.36616 5.64301 5.33328 4.04356 2.56997 1.79729 2.69366 2.80712 2.85397 2.85726 2.81784 2.76552 3.76709 4.31978 4.70106 4.90551 5.26563 5.35277 5.37615 5.39782 5.38461 5.35913 5.29459 5.22206 4.92517 4.56707 3.28869 2.22164 1.55349 0.707192 2.59093 3.14271 3.90946 4.402 4.78671 4.86552
