Test_Spring_2018/01_18/Temp/20180112_010.txt
ncols	170
nrows	115
xllcorner	350000.000000
yllcorner	4445000.000000
cellsize	1000.000000
nodata_value	-9999.000000
[rows 32 to 63 of 115, columns 72 to 143 of 170]
10.5248 10.21 10.6915 11.1345 10.8558 10.668 11.3939 11.3914 11.1394 10.5509 10.3337 10.1087 9.97019 9.21609 7.10355 5.19886 6.21627 6.23817 5.53068 6.79217 6.12139 4.37608 1.91336 3.24651 2.89486 1.13574 0.696155 -9999 -9999 -9999 -9999 -9999 -9999 -9999 -9999 -9999 -9999 -9999 -9999 -9999 -9999 -9999 -9999 -9999 -9999 -9999 -9999 -9999 -9999 -9999 -9999 -9999 -9999 -9999 -9999 -9999 -9999 -9999 -9999 -9999 -9999 -9999 -9999 -9999 -9999 -9999 -9999 -9999 -9999 -9999 -9999 -9999
10.1043 9.96813 10.6848 10.6678 10.6143 10.8674 11.3161 11.4042 11.3046 11.0466 10.8232 10.5857 9.98618 9.12373 7.31545 5.1477 4.65441 5.71217 5.76065 5.92845 5.31704 4.54956 3.35038 4.32643 4.70327 3.54467 2.03191 1.05709 -9999 -9999 -9999 -9999 -9999 -9999 -9999 -9999 -9999 -9999 -9999 -9999 -9999 -9999 -9999 -9999 -9999 -9999 -9999 -9999 -9999 -9999 -9999 -9999 -9999 -9999 -9999 -9999 -9999 -9999 -9999 -9999 -9999 -9999 -9999 -9999 -9999 -9999 -9999 -9999 -9999 -9999 -9999 -9999
9.60319 8.90464 9.33589 9.65916 10.2478 10.4003 10.488 11.3427 11.295 11.2532 10.8851 10.5905 10.1037 9.27353 8.09242 6.67069 4.19657 5.71876 6.91011 6.87713 6.80915 6.27075 5.11873 6.07684 6.11862 4.6369 2.95712 1.97319 1.56423 -9999 -9999 -9999 -9999 -9999 -9999 -9999 -9999 -9999 -9999 -9999 -9999 -9999 -9999 -9999 -9999 -9999 -9999 -9999 -9999 -9999 -9999 -9999 -9999 -9999 -9999 -9999 -9999 -9999 -9999 -9999 -9999 -9999 -9999 -9999 -9999 -9999 -9999 -9999 -9999 -9999 -9999 -9999
9.03393 8.18109 8.61503 9.19456 10.0075 10.4209 10.743 10.9969 11.256 11.2229 10.8462 9.73795 9.57801 9.52825 8.75509 7.13455 5.51609 5.09529 6.91398 7.43283 7.32414 7.72805 6.75183 7.20873 7.01688 6.48869 4.86866 3.39953 2.79158 1.59361 -9999 -9999 -9999 -9999 -9999 -9999 -9999 -9999 -9999 -9999 -9999 -9999 -9999 -9999 -9999 -9999 -9999 -9999 -9999 -9999 -9999 -9999 -9999 -9999 -9999 -9999 -9999 -9999 -9999 -9999 -9999 -9999 -9999 -9999 -9999 -9999 -9999 -9999 -9999 -9999 -9999 -9999
-9999 -9999 7.64246 8.42676 9.07665 9.87137 10.5618 10.9064 11.2411 11.2117 10.4609 10.0926 10.0587 9.55142 8.65919 8.09852 7.07887 6.01652 6.41952 7.97009 7.27697 8.37447 8.27853 8.47763 7.73899 6.33001 4.45815 3.36437 2.82017 1.84885 -9999 -9999 -9999 -9999 -9999 -9999 -9999 -9999 -9999 -9999 -9999 -9999 -9999 -9999 -9999 -9999 -9999 -9999 -9999 -9999 -9999 -9999 -9999 -9999 -9999 -9999 -9999 -9999 -9999 -9999 -9999 -9999 -9999 -9999 -9999 -9999 -9999 -9999 -9999 -9999 -9999 -9999
-9999 -9999 -9999 8.28038 8.77427 9.84456 10.3919 10.6146 11.1559 11.1548 10.869 10.6528 10.3402 9.93244 9.26148 8.52142 7.56242 7.472 8.46335 8.47351 8.26369 8.42423 8.93175 8.79417 7.64649 5.67368 4.63201 2.50703 1.60012 1.68958 1.04617 -9999 -9999 -9999 -9999 -9999 -9999 -9999 -9999 -9999 -9999 -9999 -9999 3.46837 -9999 -9999 -9999 -9999 -9999 -9999 -9999 -9999 -9999 -9999 -9999 -9999 -9999 -9999 -9999 -9999 -9999 -9999 -9999 -9999 -0.47368 -9999 -9999 -9999 -9999 -9999 -9999 -9999
-9999 -9999 8.18984 8.84797 9.36723 10.0372 10.0956 10.4938 11.1164 11.1231 10.9198 10.6904 10.1774 10.049 9.66637 8.86314 8.69752 9.02075 9.16861 9.33628 9.43855 9.35136 9.14193 8.87177 8.12308 7.20837 6.59326 4.65531 3.67335 2.73769 1.32337 0.216584 -9999 -9999 -9999 -9999 -9999 -9999 -9999 2.74359 2.68897 2.71162 3.01854 3.8703 3.36492 -9999 -9999 -9999 -9999 -9999 -9999 -9999 -9999 -9999 -9999 -9999 -9999 -9999 -9999 -9999 -9999 -9999 -9999 -9999 0.300573 -0.814965 -9999 -9999 -9999 -9999 -9999 -9999
-9999 -9999 8.36109 9.06358 9.41327 10.0639 10.4351 10.6736 10.8878 11.0925 11.0554 10.8018 10.4172 10.4179 9.88899 9.60315 9.39864 9.8366 9.92185 9.74373 9.52054 9.32265 8.76693 8.69996 8.50548 7.92352 6.97046 5.9885 4.56207 2.64284 0.7609 -0.757307 -9999 -9999 -9999 -9999 -9999 -9999 2.90653 3.6147 4.03796 3.13124 3.90116 4.60434 4.48828 3.78646 -9999 -9999 -9999 -9999 -9999 -9999 -9999 -9999 -9999 -9999 -9999 -9999 -9999 -9999 5.58663 4.44414 2.13888 0.955325 0.243476 -0.771476 -9999 -9999 -9999 -9999 -9999 -9999
-9999 -9999 8.22033 9.05032 9.6118 10.1098 10.1875 10.6991 10.9157 11.0244 11.009 10.9571 10.8847 10.4228 10.2234 9.52636 10.1907 10.1641 9.99426 9.32576 9.03477 7.88756 7.38111 7.25533 8.21462 7.49923 6.00956 4.1483 1.90943 1.75471 1.01356 -0.343565 -9999 -9999 -9999 -9999 -9999 -9999 3.1281 3.88579 4.51764 4.60761 3.70599 4.95773 4.89367 4.18743 4.02384 4.59518 4.88286 4.65704 5.3352 5.53365 5.22113 5.55919 -9999 -9999 -9999 -9999 5.7524 5.79622 5.82839 5.35059 2.83237 1.11097 -0.435615 -0.587357 -9999 -9999 -9999 -9999 -9999 -9999
-9999 -9999 8.79557 9.30569 9.56247 9.60206 10.0486 10.4953 10.7648 10.9612 10.9186 10.9003 10.8813 10.7224 10.3554 10.4201 10.3894 10.1747 8.90391 7.4206 8.06459 7.18457 5.29466 6.8169 7.65369 6.84338 5.03882 2.947 2.25656 2.27617 1.24646 -0.0775292 -9999 -9999 -9999 1.05726 2.14364 2.23731 2.55674 3.5681 4.33676 4.91506 5.30773 5.2872 4.86012 4.16887 3.41782 3.6793 5.01764 5.34092 5.60353 5.80927 5.51902 5.66723 6.02462 6.2087 6.2449 6.15891 6.13784 6.16509 6.11974 5.67373 3.42072 2.12928 1.30342 -0.359578 -9999 -9999 -9999 -9999 -9999 -9999
-9999 -9999 8.46958 8.91273 9.27113 9.867 9.92783 10.3044 10.5273 10.8564 10.892 10.4989 10.8208 10.7778 10.7162 10.5869 10.3979 9.32524 7.84698 6.36478 5.67935 5.96495 4.82937 5.40356 6.25142 5.93795 4.82791 2.96385 2.69787 2.25899 0.524442 -1.14042 -9999 -9999 -1.04979 1.03566 2.50392 3.26088 3.49463 3.51585 4.48484 4.55884 5.60121 5.34921 3.95756 4.10837 3.56454 3.90803 4.39466 4.52558 5.22611 5.90024 6.02678 6.02805 6.25522 6.301 6.31194 6.30472 6.14821 6.21718 6.22564 5.94645 4.31309 3.51427 2.63107 -0.333359 -9999 -9999 -9999 -9999 -9999 -9999
-9999 -9999 8.69387 9.18917 9.73184 9.81756 10.2191 10.1777 10.0606 10.6215 10.8231 10.5451 10.3448 10.7101 10.6837 10.6342 10.5532 9.54524 8.37872 6.61301 5.51494 4.83917 4.36006 3.71517 4.1485 4.01056 3.82709 4.02929 3.51488 2.48802 1.4739 -0.424509 -1.44975 -9999 -0.936266 0.00460061 1.75118 3.23534 4.17702 3.83689 4.93905 5.14156 5.77214 5.39464 4.54589 4.17853 4.14156 4.0266 4.76552 5.25979 5.60504 5.83792 6.1258 6.19891 6.27274 6.3031 6.31924 6.33547 6.33032 6.32266 6.28734 6.18054 5.42755 4.62777 2.90845 -0.232659 -9999 -9999 -9999 -9999 -9999 -9999
-9999 7.24841 8.6369 9.46913 9.78956 10.0201 10.2231 10.3695 10.5238 10.6694 10.768 10.7215 9.98854 10.0472 10.1778 10.5923 10.562 10.4701 9.83188 7.68375 6.93749 5.84896 4.44167 3.84743 4.1365 5.2831 5.22747 4.4612 3.60791 2.42726 1.67744 0.514443 -1.71787 -1.51867 -0.51598 0.230196 1.41724 3.23174 4.50332 5.06989 5.28263 5.7249 5.95414 5.4357 4.93854 4.72833 4.34328 4.28472 4.28287 4.72763 5.07054 5.8459 6.1058 6.22122 6.28145 6.31368 6.337 6.3598 6.36688 6.3503 6.34885 6.3398 6.27945 5.21876 2.5717 0.573427 -9999 -9999 -9999 -9999 -9999 -9999
-9999 -9999 8.37936 8.74348 8.83644 9.00166 9.34329 9.73783 10.2984 10.3688 10.6771 10.675 10.0423 9.31331 9.94688 10.1982 10.4588 10.4659 10.3828 8.57421 7.62795 6.88194 5.53225 6.01036 6.46728 6.49786 6.21511 4.57672 2.94519 1.06218 -0.693836 -0.78018 -1.72559 -1.22933 -0.567082 1.13438 2.33177 2.81707 3.16524 5.00922 5.48564 5.64604 6.11466 5.46632 5.29391 4.80459 4.94322 4.89575 4.89367 3.54826 4.88624 4.96275 5.83672 6.22816 6.31464 6.33857 6.36419 6.36788 6.37213 6.36672 6.37351 6.35635 6.33793 5.64695 2.29097 0.600377 -9999 -9999 -9999 -9999 -9999 -9999
-9999 -9999 -9999 -9999 8.48959 8.76674 8.94354 9.25189 10.2023 10.457 10.626 10.6393 10.3574 9.63581 9.4455 9.57719 8.87345 9.46079 10.2634 10.2412 10.1409 8.55191 7.73405 8.51519 8.27188 7.0751 6.1323 5.20187 3.29232 1.89105 -0.121035 -1.6322 -1.69101 -0.0274728 1.35382 3.07568 3.83542 3.40269 3.87066 4.78417 5.82276 6.32302 6.20058 5.51722 5.4128 4.6609 5.38913 5.44668 5.10051 4.80101 4.91131 5.34175 5.5047 6.18849 6.35325 6.38074 6.3859 6.38847 6.38488 6.37973 6.36866 6.35844 6.34502 6.30949 2.85985 0.171828 -9999 -9999 -9999 -9999 -9999 -9999
-9999 -9999 -9999 -9999 7.82821 7.9958 8.44167 9.59141 10.192 10.4339 10.4242 10.5359 10.3369 9.70218 9.05079 8.43649 7.64401 8.09595 9.29252 9.99673 10.0744 8.68096 9.3978 9.12248 8.58393 7.0201 5.86642 5.25275 3.41928 1.84678 0.50715 -1.34083 -0.553376 0.31464 1.43047 3.30879 4.57645 5.09699 4.6587 5.24298 6.43848 6.4421 5.78325 5.82158 5.41314 4.38748 5.44409 5.73761 5.49163 5.54941 5.45243 5.61067 5.90219 6.18162 6.3674 6.39187 6.39402 6.38771 6.3868 6.38596 6.3706 6.36869 6.35527 6.33319 4.10466 0.122919 -9999 -9999 -9999 -9999 -9999 -9999
-9999 -9999 -9999 -9999 -9999 7.22335 8.24438 9.77149 10.1484 10.112 10.4266 10.4529 10.148 9.88344 9.09282 8.01272 5.93793 6.46544 7.56675 9.15489 9.98795 9.87195 9.40034 8.58817 6.62916 4.9141 4.70175 4.41728 3.07811 1.86574 0.376764 1.23532 2.17662 3.20718 3.74855 3.60739 4.69355 5.57883 5.2019 5.91903 6.75516 6.37192 6.14338 5.95043 5.47986 5.44661 5.48938 6.08723 5.66491 5.91671 5.91606 5.89854 6.03908 6.2019 6.37363 6.40116 6.40102 6.40352 6.38276 6.38853 6.37657 6.36395 6.35136 6.33183 6.12551 3.97685 2.69138 -9999 -9999 -9999 -9999 -9999
-9999 -9999 -9999 -9999 -9999 6.27899 6.78689 8.59603 9.1527 9.95149 10.3752 10.394 9.87972 9.59296 8.4149 8.03275 6.11349 5.24389 5.97968 5.6954 7.88244 9.81694 9.3886 5.47288 4.05167 3.03663 3.29168 3.2898 2.91415 0.854539 0.285591 2.12222 3.27836 4.17429 4.8541 4.9952 4.97173 6.35677 6.53965 6.98812 6.88797 6.92668 6.22369 5.78674 6.15539 5.71407 5.63431 6.2522 5.63369 6.18414 6.11158 5.94198 5.9309 6.29473 6.36751 6.40568 6.4073 6.39259 6.37364 6.36153 6.37144 6.36324 6.33953 6.33637 6.31159 6.04861 4.93487 4.54143 4.964 -9999 -9999 -9999
-9999 -9999 -9999 -9999 -9999 -9999 5.09781 7.61312 8.76063 9.36349 10.2133 10.3151 10.04 9.54482 8.34517 7.28998 5.57419 3.61428 2.57542 5.67906 8.37954 9.78732 9.59537 6.33534 5.04607 4.98214 5.73467 5.09199 4.60383 3.03736 2.5683 1.91787 2.31572 3.56405 4.58455 5.56969 6.28582 6.34387 6.8079 7.07257 7.09215 7.17283 7.08708 7.01597 6.33176 6.79297 6.39235 6.59741 6.45757 6.33121 6.21925 5.83017 6.10064 6.34046 6.40141 6.41892 6.40366 6.39966 6.38873 6.36512 6.35182 6.34765 6.34206 6.32568 6.32084 6.30067 6.17071 5.49819 4.59973 3.46623 -9999 -9999
-9999 -9999 -9999 -9999 -9999 -9999 3.84029 6.34344 7.54808 9.10068 9.89732 10.2205 10.1777 9.77637 8.86477 7.49245 6.34887 4.16099 1.8888 5.14754 8.04825 9.61241 9.69231 6.94901 7.70354 7.08644 7.32984 6.20366 5.73385 5.35956 4.55123 3.66797 2.70061 2.18894 4.48173 5.65892 6.60611 7.0523 7.3039 7.42854 7.35919 7.18213 6.16032 6.93282 6.88199 6.79981 6.70629 6.65863 6.57371 6.47478 6.41186 6.38904 6.13026 6.41779 6.40942 6.41217 6.4126 6.40415 6.38877 6.37498 6.35784 6.35497 6.34001 6.3262 6.31488 6.30339 6.28962 6.24718 6.06414 4.54443 3.63304 3.36945
-9999 -9999 -9999 -9999 -9999 -9999 0.319866 3.96267 6.8867 8.41554 9.65836 10.0002 10.1279 9.58939 9.18649 8.20259 7.27055 5.83266 3.67902 2.35201 4.79169 8.33681 9.64048 9.53123 9.44565 8.73307 8.09062 8.00643 8.05114 7.30204 6.21372 4.79652 4.35207 3.85511 5.56254 5.79363 5.66815 7.54528 7.54834 7.43996 6.71931 5.91283 6.0625 5.55821 5.93015 5.33182 5.87293 6.34014 6.51195 6.49323 6.42354 6.41122 6.38054 6.42847 6.42591 6.41639 6.40899 6.40455 6.39638 6.37321 6.35916 6.36496 6.34589 6.33146 6.31344 6.30435 6.29507 6.26248 6.23218 5.99369 5.63805 4.96133
-9999 -9999 -9999 -9999 -9999 -9999 0.47269 3.53599 6.13493 7.69146 9.19037 9.53791 10.0437 9.93419 9.51204 8.6566 7.5877 6.40403 4.55614 3.18197 4.812 7.16661 8.85051 9.44785 9.43689 9.39278 9.22902 9.15633 8.96669 8.82798 8.04902 6.70804 5.95125 4.84451 6.74721 6.95991 6.66115 7.61001 7.56087 6.12235 5.0155 4.87527 5.54659 4.9022 4.77976 4.37337 4.81989 6.02413 5.66566 5.73127 6.27193 6.35922 6.41375 6.42712 6.42145 6.41728 6.40663 6.4068 6.40689 6.38398 6.37232 6.36533 6.34197 6.33286 6.31473 6.29674 6.27875 6.25909 6.23139 6.15985 6.08165 6.14796
-9999 -9999 -9999 -9999 -9999 -9999 0.532813 2.59387 4.93261 7.22576 8.82644 9.4719 9.94179 9.93632 9.44553 9.01985 8.34934 7.30775 6.59259 5.35188 3.64953 6.4975 7.37091 8.14376 8.4657 9.27534 9.25199 8.87606 8.43501 8.83405 8.7111 7.65118 7.30176 6.71295 7.77056 7.77189 7.74126 7.68307 6.46766 4.77862 3.42788 4.39576 4.19013 4.63268 3.24283 4.37384 5.28328 5.5753 4.94765 4.4829 5.9005 6.13286 6.27069 6.35842 6.41561 6.39971 6.41283 6.40312 6.39759 6.39152 6.37758 6.36814 6.35334 6.33781 6.31949 6.30327 6.28269 6.25848 6.25203 6.20814 6.18925 6.16723
-9999 -9999 -9999 -9999 -9999 -9999 -9999 1.37399 4.33595 6.9836 8.4575 9.38429 9.83555 9.82678 9.5754 9.2859 8.86951 8.11748 7.17288 5.681 4.57273 5.27228 6.12806 6.21702 6.78342 8.43227 8.99343 8.19037 6.20511 7.36674 8.66653 8.64349 8.53074 8.405 8.24352 8.09884 7.78382 6.94226 4.36713 3.85963 2.84793 2.96016 2.43947 3.56757 3.13451 4.2924 4.79177 4.97765 3.8991 4.11822 5.37633 5.87304 5.78742 6.09179 6.38105 6.38907 6.39603 6.38712 6.39208 6.39296 6.38646 6.3727 6.36084 6.35117 6.32106 6.31611 6.21639 6.14994 6.01945 6.1709 6.18124 6.18089
-9999 -9999 -9999 -9999 -9999 -9999 -9999 0.778026 3.73739 6.85563 7.85637 8.85545 9.71767 9.7338 9.3499 8.98459 8.6081 8.17939 7.03411 5.92324 4.86239 4.50472 4.7156 4.69342 5.61209 7.76151 8.17528 7.99463 5.91807 5.21657 6.95377 8.41365 8.52703 8.39292 6.67123 7.03622 6.10679 4.84669 4.49866 3.94594 2.77976 3.33774 2.48243 2.8451 2.73725 3.39311 3.71085 4.49155 3.55132 3.54759 4.78294 5.40541 5.41863 6.07266 6.30476 6.36447 6.37849 6.38827 6.38986 6.39892 6.39153 6.38036 6.36582 6.33244 6.2554 6.01897 4.76692 4.76485 5.10269 5.42213 6.00144 6.16411
-9999 -9999 -9999 -9999 -9999 -9999 -9999 1.11696 3.17022 5.93695 7.98627 8.11437 9.11039 9.62414 9.20669 8.73663 8.25555 8.0444 6.7982 5.42928 4.32274 3.01317 3.22637 4.1629 5.69253 7.08014 7.32603 7.03598 5.91785 6.43869 7.62284 8.25084 8.43487 8.28706 7.91089 7.69292 7.00805 6.7103 5.7595 4.27365 3.68708 4.05499 2.47702 2.58438 3.16401 2.53441 3.55109 4.03576 2.82295 3.775 4.86825 5.42607 5.9137 6.14357 6.23423 6.3744 6.37674 6.38737 6.39261 6.38926 6.38782 6.36331 6.34254 6.20833 6.01106 4.84803 4.35354 4.44519 4.9783 5.44463 5.92865 6.12681
-9999 -9999 -9999 -9999 -9999 -9999 -9999 1.4633 3.31187 5.71066 7.17149 7.43219 8.53674 9.5188 9.40811 8.91907 8.7693 8.2622 7.20517 6.03762 4.76149 4.14009 2.71379 4.11409 5.21786 6.39277 6.94112 6.02003 5.56104 6.36794 7.17024 7.48969 8.30026 8.29099 8.02477 6.88206 6.32406 6.5577 6.31693 5.8964 4.87291 4.8252 4.16662 3.89224 3.63276 2.78782 3.31642 3.36629 3.5064 4.65161 5.21944 5.59526 5.93709 6.02547 6.1733 6.36581 6.38148 6.38709 6.38488 6.38714 6.37142 6.31462 6.26632 5.9985 5.52567 4.64504 3.21078 4.21127 5.25749 5.56795 5.86545 6.02117
-9999 -9999 -9999 -9999 -9999 -9999 -9999 1.14412 3.10796 5.15794 6.01454 6.15926 8.15889 9.38293 9.38412 9.15177 8.88044 7.62979 7.70182 7.45049 6.29933 4.62313 2.78227 2.95296 4.04202 5.59577 6.10803 4.59244 4.05898 4.4481 5.6623 6.74909 7.88401 8.17115 7.83621 6.05823 4.16885 5.04289 5.97681 5.96984 5.6934 4.74394 4.44082 4.16605 3.47225 2.29232 2.4593 2.78161 4.08176 4.49308 5.13012 5.65895 5.45667 5.57192 6.07825 6.36818 6.37771 6.38152 6.38973 6.38162 6.36274 6.25123 6.13309 5.93582 4.70674 3.94151 2.82446 4.10912 4.8217 5.19555 5.87419 6.03425
-9999 -9999 -9999 -9999 -9999 -9999 -9999 0.531667 1.95652 3.91587 4.70499 5.96432 7.85389 8.78281 9.22761 9.21683 9.03568 8.47508 8.1375 7.47334 6.27604 4.63931 2.82 1.63501 2.23488 4.32142 4.81081 3.41558 2.70831 3.58512 4.87928 6.79642 7.89116 8.03768 7.93703 7.56921 6.18937 4.52251 4.52654 5.36003 4.65931 3.84504 4.2896 4.20458 3.51961 3.02058 2.7062 2.8914 3.62995 3.9359 4.6723 5.7604 5.91459 5.88184 6.33918 6.36059 6.36985 6.38576 6.38381 6.37817 6.36291 6.27173 6.0693 5.25082 4.5367 3.54383 3.41913 4.55753 5.05837 5.51925 5.85128 5.95815
-9999 -9999 -9999 -9999 -9999 -9999 -9999 -0.519882 1.15672 2.99211 4.71064 6.33651 7.73573 7.84304 8.58057 8.57871 8.96463 8.85276 8.33303 7.77359 6.74197 4.64002 2.87225 0.944386 1.45067 3.57794 3.84594 2.91471 1.19582 2.96719 4.92089 6.69145 7.64925 6.89567 7.66497 7.60018 7.08224 6.08934 4.54632 4.57377 3.41679 3.36457 3.95572 4.14604 4.04486 3.66973 3.06504 3.16178 3.60733 3.72026 4.39689 5.24058 6.06551 6.20269 6.35877 6.36403 6.36518 6.37669 6.37698 6.35837 6.31465 6.21943 5.53321 4.71731 4.21395 3.52175 3.43604 4.75553 5.27793 5.56534 5.85224 5.96449
-9999 -9999 -9999 -9999 -9999 -9999 -9999 -9999 0.98053 2.87669 4.27955 4.65665 5.90023 6.57133 7.09044 7.20479 8.68772 8.76855 8.43875 7.92491 7.04501 5.44984 4.33796 2.48886 1.15931 1.69478 1.94229 2.42864 2.28303 3.07214 4.94954 6.90559 7.11761 5.87253 6.05521 6.31393 6.89559 6.5982 4.49633 3.42755 2.53998 3.16719 3.82697 3.98491 4.01462 3.88448 3.72634 3.46379 4.34669 4.99944 5.14911 5.71821 6.13798 6.25269 6.33882 6.34817 6.35781 6.35668 6.33084 6.31175 6.20463 5.96613 5.19882 3.35544 3.43983 3.2389 2.66417 3.95687 4.75911 5.48899 5.87614 5.97504
-9999 -9999 -9999 -9999 -9999 -9999 -9999 -9999 0.344727 2.53877 3.00147 2.96608 2.23843 2.57208 5.26537 5.80701 7.22921 8.57581 8.47597 7.97197 7.14879 6.1984 4.72747 2.64817 0.995659 0.288975 2.05975 3.80254 4.16123 4.71676 5.86659 6.08387 4.81143 3.61812 4.28583 4.68742 6.22169 6.5004 6.20024 4.93304 3.4843 2.72701 3.61636 3.73319 3.78423 3.79226 3.76002 3.71035 4.70472 5.25468 5.63558 5.8421 6.20227 6.2932 6.3213 6.34779 6.33993 6.32002 6.26163 6.19541 5.90786 5.55996 4.30412 3.25681 2.60313 1.7737 3.63787 4.1887 4.94616 5.43572 5.82105 5.90457
