Test_Spring_2018/01_18/Temp/20180102_015.txt
ncols	170
nrows	115
xllcorner	350000.000000
yllcorner	4445000.000000
cellsize	1000.000000
nodata_value	-9999.000000
[rows 32 to 63 of 115, columns 72 to 143 of 170]
9.92728 9.67016 10.0756 10.449 10.2187 10.0692 10.677 10.6797 10.4749 9.98996 9.81428 9.63224 9.52236 8.90036 7.14791 5.56875 6.42214 6.4472 5.86544 6.92284 6.37215 4.92726 2.8854 4.0032 3.71872 2.267 1.91541 -9999 -9999 -9999 -9999 -9999 -9999 -9999 -9999 -9999 -9999 -9999 -9999 -9999 -9999 -9999 -9999 -9999 -9999 -9999 -9999 -9999 -9999 -9999 -9999 -9999 -9999 -9999 -9999 -9999 -9999 -9999 -9999 -9999 -9999 -9999 -9999 -9999 -9999 -9999 -9999 -9999 -9999 -9999 -9999 -9999
9.57963 9.47104 10.0722 10.0626 10.0239 10.237 10.6143 10.6926 10.6147 10.4051 10.2243 10.032 9.53859 8.82649 7.32734 5.52921 5.12507 6.0122 6.05949 6.2063 5.70475 5.07347 4.08302 4.90327 5.22485 4.27568 3.02749 2.22686 -9999 -9999 -9999 -9999 -9999 -9999 -9999 -9999 -9999 -9999 -9999 -9999 -9999 -9999 -9999 -9999 -9999 -9999 -9999 -9999 -9999 -9999 -9999 -9999 -9999 -9999 -9999 -9999 -9999 -9999 -9999 -9999 -9999 -9999 -9999 -9999 -9999 -9999 -9999 -9999 -9999 -9999 -9999 -9999
9.16501 8.58818 8.95167 9.22522 9.72215 9.84911 9.92711 10.6435 10.6089 10.5793 10.2783 10.0385 9.639 8.95385 7.97676 6.79956 4.74659 6.02017 7.01856 6.99804 6.94858 6.50772 5.55626 6.36131 6.40374 5.19021 3.79993 2.98943 2.65745 -9999 -9999 -9999 -9999 -9999 -9999 -9999 -9999 -9999 -9999 -9999 -9999 -9999 -9999 -9999 -9999 -9999 -9999 -9999 -9999 -9999 -9999 -9999 -9999 -9999 -9999 -9999 -9999 -9999 -9999 -9999 -9999 -9999 -9999 -9999 -9999 -9999 -9999 -9999 -9999 -9999 -9999 -9999
8.69371 7.98829 8.35388 8.84062 9.52301 9.87218 10.1412 10.3575 10.5783 10.5561 10.248 9.33112 9.20374 9.1682 8.53068 7.18798 5.84715 5.50334 7.02375 7.46238 7.37882 7.72209 6.91673 7.30438 7.15214 6.72572 5.39362 4.17664 3.67887 2.68994 -9999 -9999 -9999 -9999 -9999 -9999 -9999 -9999 -9999 -9999 -9999 -9999 -9999 -9999 -9999 -9999 -9999 -9999 -9999 -9999 -9999 -9999 -9999 -9999 -9999 -9999 -9999 -9999 -9999 -9999 -9999 -9999 -9999 -9999 -9999 -9999 -9999 -9999 -9999 -9999 -9999 -9999
-9999 -9999 7.54653 8.2046 8.74969 9.41637 9.99212 10.2839 10.5677 10.5485 9.92909 9.62822 9.60573 9.18943 8.45281 7.99228 7.14981 6.2719 6.61382 7.91105 7.34087 8.26126 8.18844 8.36133 7.7538 6.59602 5.05188 4.14724 3.70242 2.90203 -9999 -9999 -9999 -9999 -9999 -9999 -9999 -9999 -9999 -9999 -9999 -9999 -9999 -9999 -9999 -9999 -9999 -9999 -9999 -9999 -9999 -9999 -9999 -9999 -9999 -9999 -9999 -9999 -9999 -9999 -9999 -9999 -9999 -9999 -9999 -9999 -9999 -9999 -9999 -9999 -9999 -9999
-9999 -9999 -9999 8.08449 8.49974 9.39491 9.85226 10.0426 10.4982 10.5026 10.2703 10.096 9.84159 9.50815 8.9557 8.34582 7.55377 7.48479 8.31631 8.33124 8.16318 8.30355 8.73287 8.62538 7.68252 6.04996 5.19054 3.43339 2.68657 2.76902 2.2414 -9999 -9999 -9999 -9999 -9999 -9999 -9999 -9999 -9999 -9999 -9999 -9999 4.36297 -9999 -9999 -9999 -9999 -9999 -9999 -9999 -9999 -9999 -9999 -9999 -9999 -9999 -9999 -9999 -9999 -9999 -9999 -9999 -9999 1.31522 -9999 -9999 -9999 -9999 -9999 -9999 -9999
-9999 -9999 8.00618 8.55863 8.99481 9.55665 9.61008 9.94311 10.4664 10.4774 10.3136 10.1284 9.70728 9.60633 9.29388 8.63139 8.49967 8.77492 8.90427 9.05019 9.14181 9.07585 8.9083 8.69037 8.0813 7.32743 6.82301 5.22316 4.41179 3.6409 2.47151 1.55801 -9999 -9999 -9999 -9999 -9999 -9999 -9999 3.72305 3.68592 3.71336 3.97771 4.69583 4.28456 -9999 -9999 -9999 -9999 -9999 -9999 -9999 -9999 -9999 -9999 -9999 -9999 -9999 -9999 -9999 -9999 -9999 -9999 -9999 1.9569 1.04027 -9999 -9999 -9999 -9999 -9999 -9999
-9999 -9999 8.15125 8.73958 9.0344 9.57988 9.89306 10.0937 10.2769 10.4526 10.4272 10.2218 9.90759 9.91416 9.47992 9.24808 9.08396 9.45465 9.53181 9.38984 9.21046 9.05228 8.59642 8.54754 8.39949 7.92256 7.13683 6.3271 5.15096 3.56132 2.00262 0.746559 -9999 -9999 -9999 -9999 -9999 -9999 3.84875 4.4462 4.8068 4.06068 4.71046 5.305 5.21792 4.65999 -9999 -9999 -9999 -9999 -9999 -9999 -9999 -9999 -9999 -9999 -9999 -9999 -9999 -9999 6.30994 5.36911 3.461 2.48713 1.90642 1.07393 -9999 -9999 -9999 -9999 -9999 -9999
-9999 -9999 8.03562 8.72979 9.20063 9.61889 9.68753 10.1149 10.3006 10.3963 10.389 10.3514 10.2971 9.91857 9.7586 9.1845 9.74353 9.72756 9.59231 9.04211 8.80624 7.85782 7.44292 7.35122 8.15705 7.56908 6.33671 4.79509 2.93727 2.82135 2.21211 1.09002 -9999 -9999 -9999 -9999 -9999 -9999 4.03113 4.66973 5.20391 5.28741 4.54595 5.59722 5.56869 4.99147 4.86601 5.35223 5.60221 5.42825 6.01037 6.18482 5.93355 6.22344 -9999 -9999 -9999 -9999 6.42546 6.47092 6.50724 6.1197 4.03448 2.6132 1.33806 1.23086 -9999 -9999 -9999 -9999 -9999 -9999
-9999 -9999 8.51571 8.94333 9.16028 9.19671 9.57217 9.94557 10.175 10.3465 10.3163 10.3066 10.2964 10.1701 9.87058 9.93048 9.91104 9.73858 8.68708 7.4588 8.00131 7.27247 5.70755 6.98572 7.68962 7.02267 5.52824 3.79474 3.22593 3.25458 2.40507 1.31081 -9999 -9999 -9999 2.28359 3.19491 3.2801 3.55346 4.40307 5.05103 5.54103 5.87698 5.87446 5.53807 4.97369 4.3596 4.58824 5.71303 5.99264 6.2318 6.41229 6.17941 6.31068 6.61607 6.77703 6.81489 6.75118 6.74185 6.77322 6.74478 6.38356 4.52025 3.45712 2.7823 1.42172 -9999 -9999 -9999 -9999 -9999 -9999
-9999 -9999 8.24719 8.61894 8.92031 9.42017 9.47444 9.79185 9.97969 10.2587 10.2935 9.97176 10.2454 10.2153 10.1701 10.0685 9.91738 9.03075 7.80662 6.57931 6.01531 6.26109 5.32275 5.81144 6.52463 6.26838 5.3529 3.80896 3.59515 3.23605 1.80351 0.424962 -9999 -9999 0.521124 2.26375 3.49274 4.12986 4.33177 4.35716 5.17186 5.24207 6.11879 5.92291 4.78306 4.91974 4.47976 4.77702 5.19378 5.31334 5.90964 6.48593 6.59976 6.60884 6.80556 6.85106 6.86753 6.86905 6.74669 6.81258 6.82883 6.60647 5.25784 4.60474 3.88678 1.43751 -9999 -9999 -9999 -9999 -9999 -9999
-9999 -9999 8.43647 8.8516 9.30629 9.38082 9.71844 9.68577 9.59059 10.0621 10.2352 10.0091 9.84799 10.1579 10.1419 10.1067 10.0455 9.21279 8.2482 6.78498 5.87759 5.32308 4.93127 4.40586 4.77411 4.66687 4.5217 4.69748 4.27451 3.42611 2.58957 1.01964 0.173157 -9999 0.613868 1.40359 2.86405 4.1063 4.89734 4.62188 5.54741 5.72465 6.26224 5.9581 5.27007 4.97701 4.95768 4.87334 5.49952 5.92348 6.22404 6.42734 6.68036 6.74899 6.81777 6.85009 6.87051 6.8912 6.89452 6.89639 6.87607 6.7972 6.18149 5.53139 4.11379 1.51789 -9999 -9999 -9999 -9999 -9999 -9999
-9999 7.2314 8.38937 9.08472 9.3542 9.54903 9.72118 9.84648 9.97703 10.101 10.1879 10.1546 9.55006 9.60464 9.7193 10.0704 10.0514 9.98125 9.45648 7.67504 7.06155 6.16321 4.99901 4.51487 4.76314 5.72518 5.68647 5.05616 4.3533 3.3768 2.75826 1.79755 -0.0514377 0.120898 0.961903 1.58938 2.58393 4.10098 5.16649 5.64567 5.83088 6.21038 6.41093 5.99134 5.5956 5.43242 5.12372 5.08666 5.09656 5.47782 5.77635 6.43306 6.65817 6.76562 6.82279 6.85631 6.88235 6.90814 6.92133 6.91554 6.92328 6.92576 6.88923 6.01914 3.82877 2.18399 -9999 -9999 -9999 -9999 -9999 -9999
-9999 -9999 8.17504 8.48059 8.56053 8.70078 8.98808 9.31969 9.7883 9.851 10.1121 10.1143 9.59324 8.99212 9.52539 9.74073 9.9639 9.97622 9.91363 8.41604 7.6355 7.02177 5.90565 6.31406 6.70216 6.73535 6.50764 5.15143 3.80077 2.23968 0.785198 0.72024 -0.0609016 0.36011 0.917577 2.34002 3.34302 3.75357 4.05038 5.59276 5.99922 6.14326 6.54341 6.01439 5.88895 5.49378 5.6213 5.59377 5.60375 4.49518 5.62199 5.69542 6.43188 6.76701 6.84833 6.87465 6.90226 6.91183 6.92237 6.92566 6.94012 6.93746 6.93355 6.37116 3.59168 2.20331 -9999 -9999 -9999 -9999 -9999 -9999
-9999 -9999 -9999 -9999 8.27134 8.5046 8.65453 8.9142 9.70721 9.92312 10.0681 10.0838 9.85423 9.25883 9.10632 9.22205 8.64262 9.13819 9.81341 9.80204 9.72582 8.41053 7.73976 8.39786 8.20321 7.21486 6.43778 5.67085 4.08874 2.92863 1.26093 0.00990887 -0.0324808 1.35853 2.51472 3.95401 4.5926 4.23891 4.63536 5.40491 6.27823 6.7042 6.61253 6.05454 5.98569 5.37222 5.99075 6.05088 5.77467 5.53685 5.64182 6.00991 6.15454 6.7319 6.87651 6.9076 6.91791 6.92629 6.93008 6.9334 6.93376 6.93553 6.93597 6.91932 4.06212 1.84377 -9999 -9999 -9999 -9999 -9999 -9999
-9999 -9999 -9999 -9999 7.72023 7.8622 8.23598 9.19585 9.69757 9.90263 9.89871 9.99619 9.83555 9.31258 8.7761 8.27092 7.61778 8.00072 9.00371 9.59709 9.66907 8.51676 9.12344 8.90228 8.46196 7.16812 6.21552 5.71223 4.19341 2.89075 1.78268 0.251216 0.913125 1.64188 2.57676 4.14633 5.20761 5.64745 5.29014 5.78457 6.78853 6.80119 6.26313 6.30596 5.98405 5.14288 6.0349 6.29159 6.0989 6.15859 6.09104 6.2326 6.48426 6.72501 6.88704 6.91418 6.92265 6.92347 6.92933 6.93648 6.9326 6.94125 6.94171 6.93632 5.09566 1.80058 -9999 -9999 -9999 -9999 -9999 -9999
-9999 -9999 -9999 -9999 -9999 7.21854 8.07101 9.34492 9.66035 9.63372 9.89952 9.92585 9.67691 9.462 8.80963 7.91673 6.19623 6.64213 7.56592 8.89514 9.59601 9.50703 9.12455 8.4566 6.83397 5.41426 5.24518 5.01585 3.90841 2.90545 1.673 2.39426 3.18414 4.04812 4.50479 4.39334 5.30357 6.04704 5.74063 6.34563 7.05049 6.74116 6.56128 6.41164 6.03802 6.02292 6.0711 6.58115 6.24172 6.46294 6.47557 6.47086 6.59685 6.74053 6.89085 6.9205 6.9267 6.93495 6.92432 6.93677 6.93565 6.93533 6.93643 6.93314 6.77566 5.00637 3.95306 -9999 -9999 -9999 -9999 -9999
-9999 -9999 -9999 -9999 -9999 6.43182 6.85722 8.36588 8.83092 9.49936 9.85599 9.87593 9.45263 9.21926 8.24438 7.93237 6.34141 5.6243 6.24389 6.01464 7.84256 9.46037 9.11397 5.86275 4.68776 3.85069 4.07059 4.07643 3.77091 2.06268 1.59595 3.13125 4.09992 4.8518 5.4237 5.54744 5.53399 6.69342 6.85307 7.23446 7.15997 7.20181 6.62698 6.27418 6.59909 6.24425 6.19036 6.71701 6.21422 6.68396 6.63673 6.50542 6.50522 6.81624 6.88423 6.92279 6.93065 6.92458 6.91527 6.91325 6.93031 6.9336 6.92534 6.93554 6.92901 6.72916 5.81863 5.50828 5.87761 -9999 -9999 -9999
-9999 -9999 -9999 -9999 -9999 -9999 5.4508 7.54732 8.50417 9.00952 9.72074 9.80979 9.58611 9.17892 8.18589 7.31364 5.89202 4.26765 3.40966 6.00038 8.25568 9.43508 9.28549 6.57999 5.51476 5.46929 6.10321 5.57559 5.17635 3.8785 3.49485 2.95999 3.29746 4.34359 5.19917 6.02493 6.62716 6.68211 7.07559 7.30426 7.32939 7.40609 7.34491 7.29648 6.74501 7.1412 6.82005 7.0029 6.89837 6.80462 6.72457 6.41053 6.64469 6.85254 6.91078 6.9328 6.92643 6.92942 6.92693 6.91444 6.91365 6.92021 6.92687 6.92584 6.93564 6.93767 6.84563 6.30261 5.572 4.64598 -9999 -9999
-9999 -9999 -9999 -9999 -9999 -9999 4.40374 6.49029 7.49474 8.79068 9.45863 9.73201 9.70086 9.37179 8.61849 7.48224 6.53687 4.72269 2.83868 5.55753 7.97956 9.28907 9.36316 7.09032 7.72617 7.22016 7.4302 6.50006 6.11601 5.81038 5.14429 4.41561 3.61835 3.19911 5.11319 6.09892 6.89357 7.27167 7.48836 7.6 7.54989 7.41362 6.57313 7.22667 7.2024 7.14599 7.08017 7.0524 6.99334 6.92223 6.88295 6.87371 6.66734 6.91632 6.91673 6.92584 6.93275 6.93228 6.92628 6.92212 6.91593 6.92386 6.92511 6.92591 6.92993 6.93887 6.94302 6.92391 6.78821 5.54017 4.7985 4.60103
-9999 -9999 -9999 -9999 -9999 -9999 1.4733 4.50864 6.94599 8.22196 9.26063 9.54928 9.66006 9.21678 8.8869 8.07391 7.30455 6.11455 4.32912 3.23198 5.26876 8.22706 9.31973 9.23936 9.17581 8.5902 8.06279 7.99985 8.044 7.42628 6.52988 5.35631 4.99366 4.58572 6.01272 6.2111 6.11302 7.68226 7.69211 7.60977 7.01838 6.35494 6.48902 6.0821 6.40973 5.92334 6.3854 6.78584 6.94019 6.93558 6.89062 6.8922 6.87539 6.92349 6.92883 6.92797 6.92865 6.93179 6.93204 6.92027 6.91675 6.93062 6.92674 6.92619 6.92815 6.93871 6.94596 6.93436 6.9251 6.74277 6.46297 5.9212
-9999 -9999 -9999 -9999 -9999 -9999 1.60274 4.15405 6.32071 7.62036 8.87189 9.16539 9.59095 9.50483 9.15892 8.45281 7.56946 6.59096 5.05989 3.92335 5.28751 7.25311 8.66211 9.17001 9.16823 9.13889 9.0098 8.96016 8.80892 8.69892 8.05683 6.94862 6.32457 5.40924 6.99894 7.18216 6.93997 7.73664 7.70308 6.51355 5.6006 5.49273 6.05952 5.53297 5.44938 5.12488 5.50782 6.52137 6.23639 6.3017 6.76478 6.84681 6.90123 6.92049 6.92344 6.92729 6.92555 6.93281 6.9402 6.92884 6.92744 6.93066 6.92111 6.92709 6.92418 6.92708 6.93067 6.92909 6.92118 6.87702 6.82956 6.9061
-9999 -9999 -9999 -9999 -9999 -9999 1.65741 3.37029 5.32061 7.23359 8.57003 9.11164 9.50746 9.50798 9.10494 8.75651 8.20467 7.34431 6.75593 5.7303 4.32055 6.69833 7.43067 8.08462 8.36421 9.04543 9.03306 8.72696 8.36477 8.70341 8.60962 7.73348 7.44865 6.96458 7.85103 7.85845 7.83956 7.79807 6.79377 5.39568 4.27962 5.09393 4.93186 5.30834 4.16989 5.12411 5.89228 6.14646 5.63696 5.26054 6.45355 6.65669 6.7801 6.86137 6.91682 6.91114 6.92946 6.92877 6.93174 6.93458 6.93139 6.93257 6.93002 6.92768 6.92729 6.93134 6.92777 6.92301 6.93256 6.91477 6.9138 6.91626
-9999 -9999 -9999 -9999 -9999 -9999 -9999 2.35996 4.82918 7.03683 8.26767 9.04337 9.42358 9.42127 9.21743 8.98229 8.64195 8.02259 7.24325 6.00858 5.09334 5.68289 6.40052 6.48526 6.96402 8.34359 8.81761 8.15589 6.50888 7.48486 8.57301 8.55999 8.47226 8.37374 8.24505 8.13109 7.87557 7.1821 5.04602 4.63204 3.79818 3.90024 3.47586 4.42275 4.08125 5.05572 5.48214 5.64759 4.76044 4.95664 6.01441 6.43712 6.37471 6.63652 6.88622 6.90066 6.9141 6.91432 6.92623 6.93503 6.9381 6.93521 6.93507 6.93748 6.9276 6.94117 6.87131 6.82965 6.73506 6.87536 6.89823 6.91532
-9999 -9999 -9999 -9999 -9999 -9999 -9999 1.86472 4.33204 6.93169 7.76896 8.60506 9.32751 9.34603 9.03193 8.73365 8.42642 8.07604 7.12945 6.21167 5.33564 5.04495 5.22745 5.21751 5.98927 7.7853 8.13649 7.99275 6.27253 5.69508 7.14738 8.36877 8.46938 8.36403 6.93734 7.2477 6.48088 5.4391 5.15682 4.70451 3.74193 4.21483 3.51169 3.82264 3.75032 4.30653 4.58138 5.24156 4.4692 4.47977 5.51851 6.04579 6.06561 6.6185 6.81992 6.87764 6.89721 6.91324 6.92257 6.93835 6.94079 6.94054 6.93803 6.92043 6.86713 6.68637 5.66234 5.67347 5.96785 6.24708 6.74981 6.89462
-9999 -9999 -9999 -9999 -9999 -9999 -9999 2.14768 3.8611 6.16845 7.87878 7.99013 8.82413 9.25696 8.91497 8.52949 8.13511 7.96566 6.93488 5.80208 4.88777 3.80449 3.98867 4.77486 6.05653 7.21828 7.42959 7.19468 6.27236 6.71233 7.70433 8.23337 8.39287 8.27622 7.96959 7.79481 7.2316 6.99086 6.20684 4.97775 4.49749 4.812 3.50713 3.60531 4.0968 3.59104 4.44732 4.86075 3.8612 4.6683 5.58758 6.06092 6.47557 6.67543 6.75919 6.884 6.89399 6.91088 6.92338 6.92893 6.93635 6.92494 6.91708 6.81529 6.66154 5.70444 5.31546 5.40386 5.85996 6.26063 6.68005 6.85675
-9999 -9999 -9999 -9999 -9999 -9999 -9999 2.43688 3.98021 5.98158 7.20231 7.42426 8.34875 9.17149 9.08489 8.68359 8.5649 8.14897 7.27545 6.31006 5.25434 4.74362 3.56291 4.73489 5.66183 6.64636 7.10927 6.35097 5.97542 6.65347 7.32765 7.59991 8.28097 8.27971 8.06468 7.12023 6.66265 6.86423 6.67116 6.32873 5.48467 5.45308 4.91327 4.69347 4.48626 3.80113 4.25083 4.30208 4.42984 5.3962 5.87797 6.19972 6.49295 6.57502 6.70641 6.87485 6.89603 6.90885 6.91523 6.92549 6.921 6.88264 6.8517 6.63844 6.25495 5.53245 4.36117 5.20536 6.08783 6.35564 6.62136 6.76199
-9999 -9999 -9999 -9999 -9999 -9999 -9999 2.17218 3.81172 5.52301 6.24105 6.36666 8.03634 9.06061 9.06718 8.87952 8.65958 7.62462 7.69071 7.48772 6.5358 5.14687 3.62086 3.76914 4.68524 5.98323 6.41595 5.16286 4.72525 5.05551 6.07252 6.98349 7.93457 8.18006 7.90786 6.43467 4.86892 5.60352 6.38817 6.38989 6.16754 5.38522 5.14111 4.92079 4.35185 3.38851 3.53618 3.81394 4.91099 5.26251 5.80174 6.25073 6.091 6.19541 6.62519 6.87475 6.89087 6.90222 6.91731 6.91894 6.91178 6.82777 6.73853 6.58373 5.57044 4.94356 4.03067 5.11633 5.72043 6.0472 6.62252 6.76607
-9999 -9999 -9999 -9999 -9999 -9999 -9999 1.66341 2.85457 4.49066 5.15276 6.20632 7.78454 8.56327 8.93913 8.93589 8.79094 8.33023 8.05522 7.50841 6.51787 5.16156 3.65326 2.67291 3.17817 4.92282 5.33927 4.18344 3.60106 4.33718 5.42071 7.02281 7.94043 8.06888 7.99171 7.69228 6.55065 5.17028 5.18087 5.88208 5.30649 4.63658 5.01466 4.95213 4.39037 3.9835 3.74038 3.90558 4.53334 4.79698 5.41878 6.33319 6.4701 6.45126 6.84024 6.8663 6.88219 6.90361 6.91023 6.91387 6.90966 6.84245 6.68287 6.01077 5.4258 4.60906 4.51518 5.48537 5.91077 6.31114 6.59735 6.696
-9999 -9999 -9999 -9999 -9999 -9999 -9999 0.789172 2.1901 3.72324 5.15916 6.518 7.68823 7.78319 8.40276 8.40694 8.73394 8.64663 8.21984 7.76002 6.90716 5.1634 3.69777 2.09886 2.52602 4.30583 4.53558 3.76665 2.34211 3.82274 5.45517 6.93522 7.73883 7.11805 7.76497 7.71775 7.29349 6.47406 5.19691 5.22714 4.2717 4.23599 4.73599 4.90252 4.82656 4.52269 4.0383 4.12916 4.51287 4.61574 5.18769 5.89856 6.59369 6.71623 6.85441 6.86698 6.87607 6.89379 6.90222 6.895 6.86701 6.7963 6.23386 5.56368 5.15385 4.58704 4.52522 5.64014 6.08878 6.344 6.59208 6.69465
-9999 -9999 -9999 -9999 -9999 -9999 -9999 -9999 2.04471 3.62865 4.80202 5.12161 6.16246 6.72679 7.16462 7.26553 8.50558 8.57855 8.30972 7.88766 7.16088 5.83872 4.9188 3.38523 2.2841 2.74118 2.95125 3.36209 3.24695 3.90988 5.4787 7.11307 7.29587 6.26593 6.42453 6.64654 7.1375 6.89695 5.15458 4.2723 3.54104 4.07081 4.62786 4.76737 4.80028 4.70025 4.5891 4.38284 5.12659 5.6787 5.81195 6.29418 6.652 6.75578 6.83566 6.85156 6.86766 6.87478 6.86139 6.85367 6.77278 6.58268 5.95256 4.42695 4.50608 4.34789 3.87869 4.96324 5.65852 6.27494 6.60599 6.69695
-9999 -9999 -9999 -9999 -9999 -9999 -9999 -9999 1.51672 3.34882 3.73985 3.71629 3.11651 3.40008 5.64767 6.10424 7.29369 8.42015 8.34257 7.92852 7.24874 6.46303 5.24403 3.51862 2.14845 1.56774 3.05038 4.50559 4.81004 5.27841 6.24152 6.42851 5.37561 4.38869 4.95094 5.29182 6.57564 6.81456 6.57182 5.52435 4.32596 3.70329 4.45139 4.55665 4.60729 4.62225 4.60625 4.58657 5.42287 5.88937 6.21504 6.39541 6.70355 6.78746 6.81896 6.84903 6.85047 6.84187 6.80126 6.7542 6.523 6.24169 5.20479 4.34159 3.80617 3.12459 4.68512 5.15198 5.80344 6.22516 6.55427 6.63199
