Test_Spring_2018/01_18/Temp/20180131_019.txt
ncols	170
nrows	115
xllcorner	350000.000000
yllcorner	4445000.000000
cellsize	1000.000000
nodata_value	-9999.000000
[rows 32 to 63 of 115, columns 72 to 143 of 170]
9.34172 9.03178 9.50737 9.94524 9.69036 9.51557 10.2417 10.2401 9.9922 9.41198 9.19788 8.97586 8.83899 8.09487 6.01082 4.1319 5.13554 5.15748 4.46028 5.70564 5.0454 3.32563 0.898579 2.21609 1.87199 0.155404 -0.264041 -9999 -9999 -9999 -9999 -9999 -9999 -9999 -9999 -9999 -9999 -9999 -9999 -9999 -9999 -9999 -9999 -9999 -9999 -9999 -9999 -9999 -9999 -9999 -9999 -9999 -9999 -9999 -9999 -9999 -9999 -9999 -9999 -9999 -9999 -9999 -9999 -9999 -9999 -9999 -9999 -9999 -9999 -9999 -9999 -9999
8.92995 8.79601 9.50347 9.48739 9.44796 9.71479 10.1676 10.2554 10.1578 9.90376 9.68356 9.44935 8.8579 8.00702 6.22316 4.08478 3.59822 4.64181 4.69009 4.85636 4.25435 3.49872 2.31758 3.28237 3.65633 2.52511 1.05356 0.107201 -9999 -9999 -9999 -9999 -9999 -9999 -9999 -9999 -9999 -9999 -9999 -9999 -9999 -9999 -9999 -9999 -9999 -9999 -9999 -9999 -9999 -9999 -9999 -9999 -9999 -9999 -9999 -9999 -9999 -9999 -9999 -9999 -9999 -9999 -9999 -9999 -9999 -9999 -9999 -9999 -9999 -9999 -9999 -9999
8.4386 7.7498 8.17564 8.49514 9.09765 9.26584 9.35345 10.1974 10.1511 10.1103 9.74762 9.45715 8.97695 8.15799 6.99279 5.59025 3.14971 4.65126 5.82664 5.79459 5.7283 5.19827 4.06327 5.00996 5.05301 3.61351 1.97889 1.01032 0.608733 -9999 -9999 -9999 -9999 -9999 -9999 -9999 -9999 -9999 -9999 -9999 -9999 -9999 -9999 -9999 -9999 -9999 -9999 -9999 -9999 -9999 -9999 -9999 -9999 -9999 -9999 -9999 -9999 -9999 -9999 -9999 -9999 -9999 -9999 -9999 -9999 -9999 -9999 -9999 -9999 -9999 -9999 -9999
7.87989 7.03881 7.46726 8.03953 8.85225 9.2805 9.6074 9.85884 10.1152 10.0833 9.71219 8.61927 8.46159 8.41242 7.64961 6.05088 4.45422 4.039 5.83296 6.34496 6.2382 6.63735 5.67542 6.12739 5.93966 5.43261 3.85595 2.41673 1.81858 0.638229 -9999 -9999 -9999 -9999 -9999 -9999 -9999 -9999 -9999 -9999 -9999 -9999 -9999 -9999 -9999 -9999 -9999 -9999 -9999 -9999 -9999 -9999 -9999 -9999 -9999 -9999 -9999 -9999 -9999 -9999 -9999 -9999 -9999 -9999 -9999 -9999 -9999 -9999 -9999 -9999 -9999 -9999
-9999 -9999 6.5105 7.29433 7.94494 8.7404 9.43104 9.77207 10.1032 10.0751 9.33508 8.9722 8.93883 8.4384 7.55807 7.00468 5.9985 4.95024 5.3475 6.8769 6.19338 7.27639 7.1825 7.37991 6.65259 5.28801 3.45054 2.38146 1.84601 0.889028 -9999 -9999 -9999 -9999 -9999 -9999 -9999 -9999 -9999 -9999 -9999 -9999 -9999 -9999 -9999 -9999 -9999 -9999 -9999 -9999 -9999 -9999 -9999 -9999 -9999 -9999 -9999 -9999 -9999 -9999 -9999 -9999 -9999 -9999 -9999 -9999 -9999 -9999 -9999 -9999 -9999 -9999
-9999 -9999 -9999 7.15226 7.64893 8.7062 9.26569 9.48675 10.0219 10.0218 9.74064 9.52786 9.21959 8.8173 8.15513 7.42462 6.47805 6.38825 7.36558 7.37524 7.16816 7.3267 7.82782 7.69293 6.57365 4.64052 3.61469 1.53515 0.641804 0.731035 0.0971032 -9999 -9999 -9999 -9999 -9999 -9999 -9999 -9999 -9999 -9999 -9999 -9999 2.48956 -9999 -9999 -9999 -9999 -9999 -9999 -9999 -9999 -9999 -9999 -9999 -9999 -9999 -9999 -9999 -9999 -9999 -9999 -9999 -9999 -1.37362 -9999 -9999 -9999 -9999 -9999 -9999 -9999
-9999 -9999 7.05506 7.72202 8.23587 8.89864 8.96719 9.36981 9.98542 9.99332 9.79364 9.56793 9.06212 8.93526 8.55736 7.76434 7.60011 7.91804 8.06306 8.22779 8.32829 8.24223 8.03596 7.77017 7.05476 6.15413 5.54909 3.64558 2.6861 1.76408 0.369592 -0.721857 -9999 -9999 -9999 -9999 -9999 -9999 -9999 1.76854 1.71516 1.73841 2.0425 2.88445 2.38812 -9999 -9999 -9999 -9999 -9999 -9999 -9999 -9999 -9999 -9999 -9999 -9999 -9999 -9999 -9999 -9999 -9999 -9999 -9999 -0.608047 -1.71061 -9999 -9999 -9999 -9999 -9999 -9999
-9999 -9999 7.24151 7.93612 8.28308 8.92712 9.29571 9.54938 9.7624 9.96576 9.9303 9.68076 9.3016 9.30207 8.77968 8.49678 8.2939 8.72468 8.80761 8.63096 8.41015 8.21469 7.66669 7.60124 7.43153 6.85922 5.92095 4.95413 3.56201 1.66976 -0.186071 -1.68349 -9999 -9999 -9999 -9999 -9999 -9999 1.92665 2.62525 3.04331 2.14998 2.91102 3.60678 3.49494 2.82294 -9999 -9999 -9999 -9999 -9999 -9999 -9999 -9999 -9999 -9999 -9999 -9999 -9999 -9999 4.61847 3.48883 1.21221 0.0420895 -0.662577 -1.666 -9999 -9999 -9999 -9999 -9999 -9999
-9999 -9999 7.1034 7.92414 8.48043 8.97445 9.05397 9.56919 9.79229 9.9013 9.88737 9.83686 9.76566 9.30968 9.11211 8.42334 9.07714 9.04941 8.88035 8.21966 7.93172 6.79965 6.30014 6.19606 7.14401 6.44027 4.97287 3.13889 0.939477 0.793019 0.0623899 -1.27628 -9999 -9999 -9999 -9999 -9999 -9999 2.14254 2.88992 3.51375 3.6037 2.71622 3.95347 3.90939 3.21674 3.05961 3.62752 3.91556 3.70489 4.37708 4.57532 4.26894 4.60361 -9999 -9999 -9999 -9999 4.78997 4.83067 4.85958 4.38529 1.89833 0.197465 -1.33075 -1.47818 -9999 -9999 -9999 -9999 -9999 -9999
-9999 -9999 7.67116 8.17679 8.43301 8.47536 8.9193 9.37084 9.64569 9.8478 9.80663 9.78892 9.76984 9.61235 9.24906 9.31127 9.2792 9.06571 7.81057 6.34614 6.98048 6.10649 4.25059 5.7626 6.58992 5.7928 4.01504 1.95387 1.28172 1.30676 0.291441 -1.01354 -9999 -9999 -9999 0.100933 1.17111 1.26234 1.57669 2.57411 3.33281 3.9042 4.29369 4.28491 3.8737 3.19662 2.46084 2.72394 4.04919 4.37296 4.64356 4.84959 4.56565 4.71443 5.06753 5.24887 5.28358 5.19703 5.17392 5.19799 5.15014 4.70694 2.48064 1.20362 0.386137 -1.25183 -9999 -9999 -9999 -9999 -9999 -9999
-9999 -9999 7.35741 7.79733 8.15403 8.74698 8.81065 9.18561 9.41519 9.74638 9.78248 9.39497 9.71208 9.66857 9.6063 9.47687 9.28838 8.22822 6.7682 5.30466 4.62754 4.91586 3.79625 4.37228 5.21067 4.89905 3.80935 1.97286 1.71242 1.28687 -0.42012 -2.06282 -9999 -9999 -1.97766 0.0775442 1.52406 2.26926 2.49887 2.51952 3.47583 3.55019 4.58064 4.34251 2.97976 3.13372 2.60454 2.94942 3.43822 3.57265 4.27517 4.94316 5.07052 5.07347 5.29833 5.34333 5.35307 5.34407 5.18711 5.25202 5.25691 4.9779 3.36319 2.57188 1.70146 -1.22474 -9999 -9999 -9999 -9999 -9999 -9999
-9999 -9999 7.58635 8.07848 8.61749 8.70579 9.10544 9.06282 8.95705 9.51248 9.71625 9.44219 9.24402 9.60309 9.57525 9.52418 9.44188 8.44529 7.29254 5.54918 4.46493 3.8041 3.3322 2.7083 3.13809 3.00445 2.82579 3.02732 2.51841 1.51264 0.512675 -1.35744 -2.37 -9999 -1.8674 -0.941582 0.779103 2.24129 3.16897 2.83305 3.92072 4.12199 4.75246 4.38422 3.55742 3.20472 3.17441 3.06726 3.80231 4.29833 4.65074 4.88455 5.17095 5.24506 5.31886 5.34871 5.36351 5.37746 5.36953 5.35852 5.31985 5.21055 4.4639 3.67465 1.97567 -1.12495 -9999 -9999 -9999 -9999 -9999 -9999
-9999 6.15145 7.52966 8.35468 8.67498 8.90659 9.11084 9.25888 9.41984 9.56176 9.66047 9.61747 8.89372 8.95007 9.07679 9.48315 9.45052 9.35728 8.72544 6.60473 5.87226 4.80146 3.41447 2.83744 3.12526 4.25899 4.20671 3.45316 2.61335 1.45507 0.713241 -0.434352 -2.6355 -2.44109 -1.45451 -0.721111 0.44729 2.23502 3.48786 4.04619 4.25653 4.69886 4.92848 4.42571 3.94594 3.74521 3.37233 3.3216 3.32674 3.77213 4.12229 4.89455 5.15441 5.26989 5.33042 5.36214 5.38393 5.40417 5.40802 5.38788 5.38229 5.36905 5.30793 4.25807 1.64158 -0.332082 -9999 -9999 -9999 -9999 -9999 -9999
-9999 -9999 7.27515 7.63891 7.73529 7.90284 8.24414 8.63719 9.19874 9.26978 9.57459 9.57071 8.9474 8.22652 8.84908 9.09423 9.34834 9.35253 9.26815 7.48732 6.554 5.81891 4.48899 4.96968 5.42338 5.45655 5.18049 3.56688 1.95954 0.108209 -1.6241 -1.71026 -2.64564 -2.15698 -1.50653 0.168826 1.3471 1.82343 2.16522 3.98346 4.45685 4.62064 5.08721 4.45311 4.29408 3.8187 3.96307 3.92397 3.92958 2.60982 3.94183 4.02255 4.88879 5.27965 5.3656 5.38914 5.41309 5.41429 5.4151 5.40569 5.4079 5.38822 5.36441 4.67871 1.36476 -0.305552 -9999 -9999 -9999 -9999 -9999 -9999
-9999 -9999 -9999 -9999 7.39359 7.67183 7.85075 8.15892 9.10487 9.35761 9.52483 9.53762 9.25825 8.54451 8.35418 8.48108 7.78383 8.36092 9.15247 9.13 9.0313 7.46486 6.66577 7.43936 7.2026 6.02533 5.09837 4.18323 2.30173 0.925382 -1.05961 -2.55134 -2.61126 -0.972914 0.386741 2.08196 2.82828 2.39884 2.85863 3.7622 4.78853 5.2853 5.16916 4.50091 4.40928 3.67541 4.4019 4.46696 4.13368 3.84613 3.96742 4.39761 4.5628 5.24042 5.40462 5.43237 5.43604 5.43598 5.42885 5.41947 5.40418 5.38935 5.37147 5.33215 1.92569 -0.728583 -9999 -9999 -9999 -9999 -9999 -9999
-9999 -9999 -9999 -9999 6.74169 6.91201 7.3564 8.49452 9.09521 9.33512 9.32594 9.43547 9.23775 8.60942 7.96411 7.35505 6.57073 7.01438 8.19335 8.8875 8.96444 7.59115 8.3059 8.03758 7.50977 5.97056 4.83568 4.23304 2.42662 0.88119 -0.440583 -2.26468 -1.49001 -0.636526 0.460947 2.3104 3.55757 4.06858 3.63548 4.21223 5.39341 5.40044 4.75539 4.79926 4.40796 3.40441 4.45515 4.75332 4.51921 4.58441 4.50139 4.66331 4.95549 5.23436 5.41935 5.44369 5.44461 5.43567 5.43106 5.42594 5.40602 5.39923 5.38125 5.35509 3.15307 -0.777394 -9999 -9999 -9999 -9999 -9999 -9999
-9999 -9999 -9999 -9999 -9999 6.15064 7.1623 8.67252 9.05235 9.01761 9.32796 9.35309 9.05064 8.78732 8.00457 6.93608 4.88673 5.40499 6.49009 8.05627 8.8785 8.76534 8.30787 7.51009 5.58118 3.89283 3.68646 3.40851 2.08959 0.899284 -0.569906 0.275609 1.20194 2.21565 2.74639 2.60374 3.67187 4.5427 4.16982 4.87762 5.70436 5.32984 5.10932 4.92516 4.47265 4.44812 4.49893 5.0974 4.68946 4.94615 4.95818 4.94678 5.09007 5.25393 5.42506 5.45239 5.45092 5.45068 5.42649 5.42779 5.41119 5.39381 5.37662 5.35296 5.14561 3.02329 1.75296 -9999 -9999 -9999 -9999 -9999
-9999 -9999 -9999 -9999 -9999 5.21973 5.72502 7.51316 8.07019 8.85893 9.27676 9.29419 8.78506 8.50009 7.33528 6.95514 5.05929 4.19957 4.92424 4.64358 6.80146 8.71097 8.29628 4.43712 3.03863 2.04067 2.29522 2.29589 1.92725 -0.0988245 -0.660607 1.1496 2.2878 3.1687 3.83602 3.97232 3.9458 5.30962 5.48904 5.93185 5.83502 5.87668 5.18811 4.76318 5.13842 4.71124 4.64107 5.25917 4.65758 5.2087 5.14972 4.9882 4.98183 5.34388 5.41735 5.45515 5.45548 5.43827 5.41584 5.39972 5.40477 5.39184 5.36374 5.35629 5.32806 5.06579 3.96486 3.57518 3.99115 -9999 -9999 -9999
-9999 -9999 -9999 -9999 -9999 -9999 4.05928 6.54363 7.68335 8.27852 9.11633 9.21552 8.94488 8.45302 7.2663 6.22239 4.52739 2.59228 1.56658 4.62784 7.29222 8.68218 8.50077 5.28822 4.01968 3.95969 4.70473 4.07309 3.59326 2.05364 1.59028 0.947209 1.33744 2.56753 3.57142 4.53931 5.2425 5.29752 5.7542 6.01588 6.03712 6.12005 6.04014 5.97584 5.31233 5.77507 5.38805 5.59857 5.46877 5.35192 5.2539 4.8756 5.14672 5.38628 5.44798 5.46557 5.44913 5.4426 5.42823 5.40061 5.38347 5.37469 5.36463 5.34427 5.33581 5.31311 5.18258 4.51757 3.6304 2.51201 -9999 -9999
-9999 -9999 -9999 -9999 -9999 -9999 2.81935 5.29127 6.4873 8.01899 8.80807 9.12623 9.08089 8.68172 7.77928 6.42273 5.29233 3.13251 0.890263 4.10258 6.96645 8.51057 8.5911 5.89432 6.6415 6.03554 6.27807 5.16921 4.70722 4.34365 3.54554 2.67278 1.71908 1.21304 3.47078 4.62839 5.55975 5.99782 6.24507 6.36835 6.3006 6.13057 5.12704 5.8945 5.85545 5.78167 5.69703 5.65772 5.58154 5.4912 5.44128 5.42386 5.17259 5.46064 5.45255 5.45519 5.45429 5.44352 5.42497 5.40729 5.3859 5.38049 5.36066 5.34301 5.32829 5.31425 5.29833 5.25477 5.07316 3.57364 2.67468 2.41979
-9999 -9999 -9999 -9999 -9999 -9999 -0.652443 2.94315 5.84118 7.34837 8.57512 8.90971 9.03263 8.49826 8.0978 7.12458 6.20303 4.78313 2.65791 1.34873 3.75317 7.25084 8.54116 8.44258 8.36069 7.66017 7.02853 6.94715 6.99239 6.25923 5.18938 3.78923 3.35125 2.85754 4.53823 4.76295 4.63652 6.48629 6.4885 6.38194 5.67263 4.87866 5.03018 4.53968 4.91725 4.3337 4.87438 5.34224 5.51862 5.50672 5.4498 5.44469 5.41776 5.4659 5.46444 5.45494 5.4464 5.43976 5.42858 5.40197 5.38396 5.38539 5.36523 5.34739 5.325 5.31344 5.30194 5.26802 5.23692 5.00098 4.64993 3.98748
-9999 -9999 -9999 -9999 -9999 -9999 -0.49404 2.53725 5.10068 6.63824 8.11476 8.45503 8.95104 8.84008 8.42084 7.57452 6.51814 5.34912 3.52552 2.16979 3.7779 6.09836 7.76038 8.35902 8.35311 8.31155 8.15169 8.08697 7.90048 7.76954 6.99965 5.67913 4.92971 3.83488 5.70856 5.91551 5.61846 6.55282 6.50366 5.08502 3.99461 3.85871 4.52314 3.89201 3.78187 3.38845 3.83507 5.02918 4.6838 4.75454 5.29966 5.38971 5.44493 5.46002 5.45531 5.45102 5.43935 5.43744 5.43468 5.40867 5.39338 5.38255 5.35561 5.34657 5.32558 5.30547 5.28388 5.26262 5.2339 5.1624 5.08681 5.15737
-9999 -9999 -9999 -9999 -9999 -9999 -0.429822 1.60984 3.91636 6.18079 7.75773 8.39197 8.85278 8.84462 8.35788 7.93566 7.27237 6.24357 5.53727 4.31307 2.63396 5.44362 6.30284 7.07456 7.39955 8.19996 8.17838 7.80857 7.38306 7.77572 7.65826 6.61049 6.26319 5.67959 6.72005 6.71885 6.68659 6.6278 5.42832 3.76254 2.43138 3.3882 3.18834 3.62762 2.26687 3.38904 4.2922 4.58639 3.97339 3.52022 4.93006 5.1611 5.2995 5.38761 5.4447 5.42877 5.4406 5.42911 5.42109 5.412 5.39483 5.38193 5.36375 5.34503 5.32804 5.30977 5.28721 5.26367 5.25586 5.20941 5.18986 5.17326
-9999 -9999 -9999 -9999 -9999 -9999 -9999 0.413087 3.33819 5.94832 7.40009 8.31179 8.75423 8.74289 8.49243 8.20471 7.79228 7.04929 6.11686 4.64507 3.55206 4.24259 5.08431 5.18177 5.74195 7.36967 7.9242 7.13269 5.18249 6.33386 7.61439 7.58968 7.47618 7.34973 7.18879 7.0439 6.73138 5.90005 3.3594 2.85859 1.86178 1.97443 1.46356 2.57874 2.16185 3.30904 3.80689 3.99556 2.93685 3.16582 4.40908 4.90192 4.8196 5.12116 5.40587 5.41345 5.41925 5.4087 5.41125 5.40933 5.39981 5.38444 5.36955 5.35692 5.32923 5.32219 5.22157 5.15405 5.02366 5.17163 5.18064 5.18465
-9999 -9999 -9999 -9999 -9999 -9999 -9999 -0.166896 2.75131 5.82565 6.81081 7.79399 8.64201 8.65545 8.27446 7.91207 7.53903 7.11491 5.98437 4.88815 3.84158 3.48887 3.69709 3.68147 4.58862 6.70961 7.11832 6.94038 4.90739 4.2143 5.92634 7.3645 7.47428 7.33985 5.63949 5.99764 5.07934 3.83536 3.49163 2.94667 1.79728 2.34932 1.50795 1.8686 1.77103 2.42228 2.74022 3.51484 2.59182 2.60056 3.82072 4.43708 4.45184 5.09801 5.32728 5.38581 5.39862 5.40666 5.40613 5.41258 5.40252 5.38857 5.37126 5.33542 5.25665 5.02617 3.78926 3.78508 4.11641 4.42981 5.00703 5.16448
-9999 -9999 -9999 -9999 -9999 -9999 -9999 0.171693 2.19603 4.92366 6.94325 7.06746 8.04765 8.55212 8.13816 7.67253 7.19632 6.98669 5.75641 4.40536 3.31337 2.02128 2.23134 3.15492 4.67028 6.03935 6.28203 5.99582 4.90886 5.42139 6.58791 7.20561 7.38524 7.2375 6.86459 6.64792 5.97102 5.6764 4.73812 3.27263 2.69478 3.05901 1.50442 1.61274 2.18736 1.57552 2.5822 3.06413 1.87156 2.82133 3.90211 4.45423 4.93656 5.16405 5.25362 5.39143 5.39273 5.40169 5.4049 5.3993 5.39532 5.36841 5.34512 5.20995 5.01265 3.86288 3.37884 3.46692 3.99063 4.44864 4.93076 5.1239
-9999 -9999 -9999 -9999 -9999 -9999 -9999 0.518147 2.34052 4.70525 6.14444 6.3996 7.487 8.45355 8.34227 7.85795 7.70848 7.20678 6.16286 5.01015 3.75049 3.13679 1.72919 3.10977 4.20461 5.36342 5.90404 5.01258 4.55875 5.35334 6.1432 6.45659 7.25435 7.24341 6.97912 5.85044 5.2988 5.5284 5.29047 4.87571 3.86667 3.82067 3.17259 2.90393 2.65035 1.82566 2.35032 2.40278 2.54353 3.68406 4.24608 4.61827 4.95645 5.04411 5.1899 5.37924 5.39367 5.39773 5.39369 5.39375 5.37581 5.31719 5.26686 4.99997 4.53088 3.65962 2.24888 3.23324 4.26284 4.56641 4.86477 5.01575
-9999 -9999 -9999 -9999 -9999 -9999 -9999 0.208607 2.14465 4.16535 5.00862 5.14951 7.11995 8.3253 8.32444 8.0933 7.82384 6.58852 6.65804 6.40874 5.27196 3.61737 1.80042 1.96765 3.04962 4.57955 5.08418 3.60657 3.07908 3.46145 4.65753 5.72785 6.84561 7.12714 6.79516 5.03994 3.17509 4.03638 4.95711 4.95016 4.67785 3.7421 3.44434 3.17492 2.49251 1.33691 1.50448 1.82519 3.11841 3.52599 4.15589 4.67867 4.47985 4.5938 5.09304 5.37839 5.38672 5.389 5.3953 5.38519 5.36422 5.25171 5.13254 4.93525 3.72017 2.96266 1.85922 3.12948 3.82972 4.20322 4.86962 5.02456
-9999 -9999 -9999 -9999 -9999 -9999 -9999 -0.389828 1.01454 2.9459 3.72272 4.96318 6.82516 7.73948 8.17622 8.16359 7.98295 7.42809 7.09329 6.43641 5.25372 3.63763 1.84149 0.67104 1.26116 3.325 3.81504 2.44791 1.74876 2.61203 3.88691 5.77625 6.85437 6.99722 6.89639 6.53218 5.16995 3.52489 3.52831 4.35027 3.65928 2.85667 3.29615 3.21361 2.53957 2.0492 1.74768 1.93241 2.67166 2.97496 3.70256 4.77674 4.92932 4.8971 5.34789 5.36827 5.37627 5.39048 5.38674 5.37909 5.36171 5.26927 5.06694 4.25685 3.54965 2.56747 2.44166 3.56876 4.05971 4.51892 4.84313 4.94529
-9999 -9999 -9999 -9999 -9999 -9999 -9999 -1.42111 0.231593 2.04075 3.73445 5.33659 6.71499 6.81894 7.54444 7.54053 7.91909 7.80661 7.29182 6.73788 5.7182 3.64278 1.89702 -0.00663403 0.49076 2.59591 2.87624 1.956 0.258757 2.00426 3.92958 5.67427 6.61727 5.87225 6.62952 6.5642 6.0521 5.07178 3.54912 3.57589 2.4347 2.3836 2.96748 3.15631 3.0579 2.68948 2.10081 2.19848 2.6484 2.76109 3.42953 4.26244 5.07648 5.21174 5.36525 5.36962 5.36955 5.37937 5.37781 5.35733 5.31184 5.21536 4.53575 3.72811 3.22867 2.54291 2.45535 3.75519 4.27308 4.5607 4.84008 4.94722
-9999 -9999 -9999 -9999 -9999 -9999 -9999 -9999 0.0639834 1.93319 3.31565 3.68612 4.91112 5.57123 6.08126 6.19189 7.65235 7.72969 7.40192 6.89257 6.02212 4.44614 3.3469 1.5205 0.206616 0.748572 1.0008 1.47857 1.33297 2.10939 3.9593 5.88683 6.09413 4.86422 5.04278 5.29651 5.86899 5.57464 3.50064 2.44599 1.57042 2.18939 2.84083 2.99757 3.02813 2.90123 2.75263 2.50469 3.37693 4.02196 4.1705 4.73245 5.14676 5.25977 5.34421 5.35254 5.36078 5.35805 5.33065 5.30962 5.2015 4.96358 4.20386 2.38256 2.46269 2.2613 1.69114 2.96341 3.76567 4.48164 4.85958 4.95323
-9999 -9999 -9999 -9999 -9999 -9999 -9999 -9999 -0.556893 1.60629 2.06153 2.02528 1.30596 1.63328 4.28789 4.81988 6.22025 7.54586 7.44455 6.9445 6.12955 5.18911 3.73526 1.68135 0.0484953 -0.632289 1.11904 2.83562 3.18722 3.73303 4.86509 5.07736 3.82025 2.6413 3.29818 3.69275 5.20479 5.47861 5.1817 3.93125 2.50206 1.75527 2.63308 2.74922 2.80076 2.81012 2.78008 2.74603 3.72946 4.27309 4.6497 4.85399 5.20948 5.29901 5.32617 5.35134 5.34226 5.32093 5.26131 5.19366 4.90743 4.56144 3.31965 2.2834 1.63526 0.813669 2.64894 3.18922 3.94077 4.42532 4.80111 4.87923
