Test_Spring_2018/01_18/Temp/20180110_010.txt
ncols	170
nrows	115
xllcorner	350000.000000
yllcorner	4445000.000000
cellsize	1000.000000
nodata_value	-9999.000000
[rows 32 to 63 of 115, columns 72 to 143 of 170]
12.2702 11.9576 12.4203 12.8456 12.5605 12.3688 13.0698 13.061 12.8094 12.23 12.0123 11.7869 11.6458 10.9053 8.84205 6.98118 7.96557 7.98057 7.28531 8.50716 7.84746 6.14138 3.73665 5.0279 4.67857 2.95515 2.51711 -9999 -9999 -9999 -9999 -9999 -9999 -9999 -9999 -9999 -9999 -9999 -9999 -9999 -9999 -9999 -9999 -9999 -9999 -9999 -9999 -9999 -9999 -9999 -9999 -9999 -9999 -9999 -9999 -9999 -9999 -9999 -9999 -9999 -9999 -9999 -9999 -9999 -9999 -9999 -9999 -9999 -9999 -9999 -9999 -9999
11.8578 11.7191 12.4108 12.388 12.3269 12.5595 12.9907 13.0703 12.9669 12.7095 12.4857 12.2482 11.6582 10.8122 9.04521 6.92818 6.44154 7.4651 7.50585 7.66269 7.06071 6.30668 5.13219 6.07565 6.43558 5.29954 3.81353 2.85569 -9999 -9999 -9999 -9999 -9999 -9999 -9999 -9999 -9999 -9999 -9999 -9999 -9999 -9999 -9999 -9999 -9999 -9999 -9999 -9999 -9999 -9999 -9999 -9999 -9999 -9999 -9999 -9999 -9999 -9999 -9999 -9999 -9999 -9999 -9999 -9999 -9999 -9999 -9999 -9999 -9999 -9999 -9999 -9999
11.3669 10.6806 11.0943 11.4029 11.9639 12.102 12.1812 13.0071 12.9544 12.9074 12.5429 12.2498 11.7695 10.955 9.79868 8.40803 5.9926 7.46834 8.62183 8.58309 8.51016 7.97907 6.8504 7.7763 7.80987 6.35587 4.7086 3.74343 3.33817 -9999 -9999 -9999 -9999 -9999 -9999 -9999 -9999 -9999 -9999 -9999 -9999 -9999 -9999 -9999 -9999 -9999 -9999 -9999 -9999 -9999 -9999 -9999 -9999 -9999 -9999 -9999 -9999 -9999 -9999 -9999 -9999 -9999 -9999 -9999 -9999 -9999 -9999 -9999 -9999 -9999 -9999 -9999
10.8096 9.97302 10.3893 10.9474 11.7292 12.1237 12.4262 12.6672 12.9132 12.8748 12.5019 11.4166 11.2547 11.2 10.441 8.85673 7.27443 6.8582 8.62247 9.12096 9.00829 9.39462 8.43699 8.87472 8.68068 8.15556 6.56882 5.12798 4.52884 3.35529 -9999 -9999 -9999 -9999 -9999 -9999 -9999 -9999 -9999 -9999 -9999 -9999 -9999 -9999 -9999 -9999 -9999 -9999 -9999 -9999 -9999 -9999 -9999 -9999 -9999 -9999 -9999 -9999 -9999 -9999 -9999 -9999 -9999 -9999 -9999 -9999 -9999 -9999 -9999 -9999 -9999 -9999
-9999 -9999 9.43923 10.1932 10.8208 11.5854 12.2466 12.5758 12.8956 12.8608 12.1236 11.759 11.7198 11.2197 10.3447 9.79249 8.79324 7.75228 8.13801 9.64099 8.95914 10.0207 9.92005 10.1066 9.37996 7.99573 6.16494 5.0894 4.55219 3.59919 -9999 -9999 -9999 -9999 -9999 -9999 -9999 -9999 -9999 -9999 -9999 -9999 -9999 -9999 -9999 -9999 -9999 -9999 -9999 -9999 -9999 -9999 -9999 -9999 -9999 -9999 -9999 -9999 -9999 -9999 -9999 -9999 -9999 -9999 -9999 -9999 -9999 -9999 -9999 -9999 -9999 -9999
-9999 -9999 -9999 10.0474 10.523 11.5586 12.078 12.2886 12.8095 12.8023 12.518 12.3015 11.991 11.5879 10.9284 10.2015 9.2613 9.16669 10.1252 10.1282 9.9168 10.0659 10.5526 10.4112 9.28258 7.35268 6.33055 4.25024 3.35966 3.43938 2.80566 -9999 -9999 -9999 -9999 -9999 -9999 -9999 -9999 -9999 -9999 -9999 -9999 5.08063 -9999 -9999 -9999 -9999 -9999 -9999 -9999 -9999 -9999 -9999 -9999 -9999 -9999 -9999 -9999 -9999 -9999 -9999 -9999 -9999 1.11484 -9999 -9999 -9999 -9999 -9999 -9999 -9999
-9999 -9999 9.96583 10.5981 11.097 11.7428 11.7905 12.1677 12.7678 12.7684 12.5644 12.3351 11.8297 11.6986 11.3199 10.5316 10.3639 10.672 10.8092 10.9654 11.0578 10.9654 10.7539 10.4831 9.74178 8.84302 8.23599 6.34057 5.37375 4.45512 3.07058 1.98569 -9999 -9999 -9999 -9999 -9999 -9999 -9999 4.39447 4.33516 4.35104 4.64367 5.46672 4.96821 -9999 -9999 -9999 -9999 -9999 -9999 -9999 -9999 -9999 -9999 -9999 -9999 -9999 -9999 -9999 -9999 -9999 -9999 -9999 1.86234 0.771339 -9999 -9999 -9999 -9999 -9999 -9999
-9999 -9999 10.1274 10.8046 11.1384 11.7652 12.1201 12.3396 12.542 12.7354 12.6934 12.4406 12.0603 12.0551 11.5341 11.2496 11.044 11.4639 11.54 11.3594 11.1347 10.9344 10.3854 10.3122 10.1104 9.53536 8.59898 7.63453 6.23437 4.35782 2.51778 1.03214 -9999 -9999 -9999 -9999 -9999 -9999 4.55393 5.23741 5.64346 4.75444 5.49788 6.17623 6.05673 5.36423 -9999 -9999 -9999 -9999 -9999 -9999 -9999 -9999 -9999 -9999 -9999 -9999 -9999 -9999 7.02193 5.90464 3.65527 2.49817 1.8004 0.807475 -9999 -9999 -9999 -9999 -9999 -9999
-9999 -9999 9.9869 10.7882 11.3281 11.8063 11.8753 12.3633 12.5659 12.6659 12.6452 12.5889 12.5127 12.0572 11.8571 11.1723 11.8128 11.7803 11.6079 10.9498 10.6589 9.53399 9.03279 8.89811 9.82351 9.11821 7.659 5.83805 3.64675 3.48799 2.75856 1.42962 -9999 -9999 -9999 -9999 -9999 -9999 4.76434 5.49612 6.10534 6.18684 5.30271 6.51516 6.4439 5.74947 5.58329 6.13259 6.40559 6.175 6.83016 7.01655 6.70549 7.02802 -9999 -9999 -9999 -9999 7.18645 7.224 7.25044 6.7805 4.32392 2.64329 1.13289 0.979578 -9999 -9999 -9999 -9999 -9999 -9999
-9999 -9999 10.5435 11.0333 11.2764 11.3082 11.7363 12.1613 12.4157 12.6024 12.5551 12.5317 12.5075 12.3472 11.984 12.041 12.0048 11.7892 10.545 9.09344 9.71295 8.84651 6.99758 8.46786 9.27363 8.47555 6.70938 4.66361 3.97983 3.9906 2.97999 1.68278 -9999 -9999 -9999 2.76057 3.81223 3.89744 4.20257 5.18145 5.92396 6.48113 6.85728 6.82933 6.40625 5.72631 4.98795 5.23535 6.53116 6.83854 7.08534 7.27861 6.98902 7.12608 7.46753 7.64047 7.66972 7.5803 7.55442 7.57587 7.5269 7.08802 4.89027 3.62847 2.82003 1.19585 -9999 -9999 -9999 -9999 -9999 -9999
-9999 -9999 10.2271 10.6517 10.9938 11.5634 11.6159 11.9761 12.184 12.4969 12.5259 12.1376 12.4456 12.3981 12.3325 12.2007 12.0105 10.9595 9.51315 8.06263 7.38755 7.65749 6.54329 7.09052 7.90691 7.58985 6.49844 4.67425 4.40633 3.96799 2.2711 0.642323 -9999 -9999 0.709674 2.73397 4.15756 4.88873 5.11054 5.12544 6.06312 6.1292 7.13801 6.8849 5.52264 5.66256 5.12566 5.4527 5.91811 6.03805 6.70971 7.36045 7.47657 7.47089 7.6854 7.72357 7.72815 7.71541 7.55768 7.61985 7.62339 7.34708 5.75236 4.97033 4.10513 1.21494 -9999 -9999 -9999 -9999 -9999 -9999
-9999 -9999 10.4424 10.9178 11.4393 11.5159 11.8999 11.8487 11.7258 12.2661 12.4554 12.1792 11.9788 12.3291 12.2979 12.2439 12.1589 11.1709 10.0282 8.30153 7.22453 6.55826 6.08306 5.44158 5.85407 5.71024 5.52206 5.7095 5.19675 4.18577 3.19 1.33388 0.328189 -9999 0.814597 1.72448 3.41918 4.85854 5.76981 5.43297 6.50042 6.69172 7.29846 6.9244 6.09074 5.72496 5.6817 5.56231 6.2742 6.74731 7.07297 7.29237 7.56678 7.63086 7.69592 7.71898 7.72856 7.73865 7.72834 7.71598 7.677 7.5687 6.83136 6.0476 4.36944 1.30737 -9999 -9999 -9999 -9999 -9999 -9999
-9999 9.04038 10.3831 11.1866 11.4917 11.7091 11.8998 12.0354 12.1766 12.3089 12.3992 12.3475 11.6286 11.6804 11.8022 12.2001 12.1645 12.0686 11.4402 9.34119 8.6067 7.53683 6.15752 5.56686 5.83856 6.94517 6.88115 6.12525 5.2848 4.12393 3.38282 2.24242 0.0615661 0.248528 1.2183 1.93869 3.08867 4.84982 6.08244 6.62859 6.83011 7.25404 7.47105 6.95874 6.46738 6.25553 5.87319 5.80854 5.79895 6.22413 6.54759 7.29441 7.54013 7.6464 7.69809 7.72288 7.73941 7.75589 7.75752 7.73654 7.73066 7.71766 7.65408 6.61733 4.03335 2.08393 -9999 -9999 -9999 -9999 -9999 -9999
-9999 -9999 10.1285 10.4762 10.5597 10.7135 11.039 11.4161 11.953 12.0151 12.3091 12.2994 11.6774 10.9624 11.5739 11.8131 12.0609 12.0614 11.9736 10.2042 9.27451 8.53935 7.21594 7.66928 8.10415 8.1238 7.83835 6.23299 4.63448 2.78956 1.07077 0.978248 0.0484277 0.524837 1.16316 2.81379 3.97394 4.44097 4.77458 6.56467 7.0224 7.17199 7.62195 6.984 6.8088 6.32507 6.45252 6.39852 6.38855 5.07044 6.36276 6.42957 7.27302 7.64644 7.72441 7.74105 7.75978 7.75765 7.75656 7.74652 7.74874 7.72733 7.70378 7.02667 3.75467 2.1049 -9999 -9999 -9999 -9999 -9999 -9999
-9999 -9999 -9999 -9999 10.218 10.4807 10.6457 10.9388 11.8553 12.0968 12.2551 12.262 11.9817 11.2726 11.0821 11.2048 10.5137 11.0788 11.8533 11.824 11.718 10.1619 9.35388 10.1045 9.85731 8.68165 7.75328 6.83704 4.96761 3.59165 1.62336 0.143368 0.078125 1.69056 3.0284 4.69897 5.43306 5.00628 5.45664 6.34011 7.34563 7.8267 7.70114 7.02905 6.92 6.18051 6.88195 6.9301 6.58495 6.28512 6.38201 6.79334 6.94437 7.6028 7.75617 7.77646 7.77525 7.77203 7.76333 7.75358 7.73737 7.72292 7.70548 7.66662 4.30343 1.68249 -9999 -9999 -9999 -9999 -9999 -9999
-9999 -9999 -9999 -9999 9.57014 9.72614 10.153 11.2653 11.8411 12.0701 12.0543 12.157 11.9574 11.3337 10.6938 10.0902 9.31259 9.74616 10.9042 11.5821 11.6494 10.2837 10.97 10.6918 10.157 8.62384 7.48999 6.88205 5.08657 3.54379 2.23019 0.422147 1.18087 2.01868 3.09844 4.92115 6.14986 6.65128 6.21901 6.78239 7.94071 7.9382 7.29031 7.3209 6.91579 5.90967 6.93079 7.20863 6.96096 7.00893 6.90398 7.05021 7.32639 7.59105 7.76487 7.78205 7.77799 7.76613 7.76004 7.75403 7.73435 7.72796 7.71051 7.68472 5.51054 1.62988 -9999 -9999 -9999 -9999 -9999 -9999
-9999 -9999 -9999 -9999 -9999 8.97012 9.95701 11.4367 11.7946 11.7526 12.0524 12.0719 11.7691 11.5058 10.7305 9.67324 7.64708 8.15427 9.21955 10.7582 11.561 11.4392 10.9683 10.1673 8.24942 6.56894 6.35163 6.06418 4.74995 3.55781 2.09874 2.92605 3.83455 4.83062 5.35101 5.20743 6.2594 7.11595 6.74351 7.43624 8.24463 7.86541 7.63649 7.44185 6.97622 6.93639 6.97029 7.54443 7.12503 7.36192 7.35077 7.32585 7.45503 7.60615 7.7663 7.78646 7.78015 7.77689 7.75136 7.75196 7.73555 7.71868 7.70199 7.67862 7.47342 5.37762 4.12169 -9999 -9999 -9999 -9999 -9999
-9999 -9999 -9999 -9999 -9999 8.04679 8.53403 10.2883 10.8212 11.5923 11.9984 12.0104 11.5037 11.2185 10.0659 9.68827 7.81378 6.96011 7.66951 7.38503 9.50627 11.381 10.9523 7.12949 5.73533 4.73653 4.97439 4.96216 4.58616 2.56908 2.00587 3.78555 4.90325 5.76822 6.42341 6.55453 6.52604 7.86928 8.04172 8.47282 8.36949 8.4011 7.71017 7.27793 7.62945 7.19227 7.10688 7.70055 7.09017 7.61789 7.53674 7.3638 7.3454 7.69231 7.75615 7.78671 7.78196 7.762 7.73819 7.72138 7.72621 7.71357 7.68595 7.67844 7.64991 7.39014 6.30136 5.91391 6.32099 -9999 -9999 -9999
-9999 -9999 -9999 -9999 -9999 -9999 6.88568 9.32752 10.4357 11.0159 11.8368 11.9296 11.6551 11.1672 9.99353 8.96047 7.28403 5.36962 4.34965 7.36407 9.98535 11.3474 11.1489 7.96465 6.69912 6.62659 7.349 6.71296 6.22754 4.69069 4.22483 3.5829 3.96228 5.17008 6.15688 7.11003 7.80163 7.85268 8.29915 8.55064 8.56385 8.63627 8.54632 8.47029 7.79662 8.23828 7.84052 8.0323 7.88807 7.75688 7.6374 7.25086 7.5067 7.73296 7.78536 7.79518 7.77441 7.76488 7.74885 7.72067 7.70296 7.69414 7.68406 7.66354 7.65431 7.63088 7.49992 6.84065 5.96137 4.85321 -9999 -9999
-9999 -9999 -9999 -9999 -9999 -9999 5.6577 8.08771 9.25136 10.7563 11.5256 11.8327 11.785 11.3884 10.495 9.15304 8.03367 5.89721 3.6783 6.84212 9.65756 11.172 11.2407 8.55742 9.28219 8.67125 8.89814 7.79153 7.32418 6.94828 6.1522 5.28366 4.33327 3.82733 6.05321 7.19329 8.10977 8.53864 8.77812 8.89395 8.81906 8.64078 7.63935 8.38474 8.32783 8.24044 8.14178 8.0876 7.99698 7.89264 7.82096 7.7912 7.53184 7.80406 7.78828 7.78478 7.77929 7.7654 7.74499 7.7263 7.7045 7.69619 7.67778 7.65962 7.64394 7.62886 7.61092 7.56506 7.3823 5.89803 5.00608 4.74432
-9999 -9999 -9999 -9999 -9999 -9999 2.22648 5.7662 8.60449 10.0861 11.2878 11.6143 11.7325 11.2021 10.8039 9.84 8.92648 7.52019 5.41665 4.11761 6.48243 9.92604 11.1853 11.0669 10.9739 10.2703 9.63491 9.54315 9.57705 8.83632 7.76709 6.37882 5.93745 5.44641 7.10228 7.32103 7.1929 9.01493 9.01226 8.90104 8.19351 7.39981 7.53891 7.04167 7.39645 6.80656 7.32596 7.77323 7.93277 7.90671 7.82848 7.80818 7.77119 7.80945 7.80056 7.78515 7.77203 7.76203 7.74857 7.72067 7.70177 7.70229 7.67794 7.6588 7.63797 7.62512 7.61141 7.57502 7.54089 7.30406 6.95318 6.28905
-9999 -9999 -9999 -9999 -9999 -9999 2.37304 5.3458 7.86928 9.37563 10.8285 11.1604 11.6465 11.5338 11.1167 10.2777 9.23075 8.07189 6.26599 4.92099 6.50079 8.78143 10.4125 10.9821 10.9608 10.9084 10.7394 10.6587 10.4646 10.3182 9.55108 8.23595 7.49146 6.40666 8.2526 8.45333 8.15633 9.07434 9.02066 7.61411 6.53039 6.38768 7.03191 6.39758 6.27091 5.86884 6.29626 7.46135 7.10381 7.16006 7.67606 7.75392 7.79789 7.80435 7.79249 7.7823 7.76601 7.76044 7.75497 7.72723 7.71055 7.69849 7.67053 7.65562 7.6328 7.61114 7.59065 7.56672 7.53499 7.46062 7.37837 7.43768
-9999 -9999 -9999 -9999 -9999 -9999 2.43046 4.42545 6.69557 8.91877 10.4706 11.0925 11.5436 11.532 11.0479 10.6272 9.96799 8.94734 8.2443 7.02921 5.36426 8.12959 8.96684 9.70743 10.0118 10.7907 10.7585 10.3829 9.94121 10.3209 10.1911 9.15115 8.80336 8.22287 9.24587 9.24068 9.20462 9.14189 7.95243 6.30179 4.98045 5.9166 5.70989 6.13052 4.76983 5.8631 6.74122 7.01806 6.40071 5.94072 7.31063 7.52716 7.6547 7.73363 7.78301 7.76141 7.76825 7.75302 7.742 7.73056 7.71155 7.69698 7.67723 7.65681 7.63266 7.61266 7.58756 7.55711 7.546 7.5007 7.47763 7.4507
-9999 -9999 -9999 -9999 -9999 -9999 -9999 3.23658 6.11007 8.68104 10.1092 11.0049 11.4376 11.4225 11.1713 10.883 10.4711 9.73229 8.80576 7.34605 6.25953 6.93295 7.75233 7.82682 8.36932 9.96567 10.5029 9.71174 7.76705 8.88729 10.1446 10.1143 9.9969 9.86724 9.7032 9.55575 9.24263 8.41697 5.90337 5.40281 4.41143 4.51427 4.00067 5.08815 4.65909 5.77936 6.25834 6.432 5.37446 5.57681 6.79161 7.26856 7.17865 7.46864 7.74548 7.74718 7.748 7.73349 7.73261 7.72785 7.71597 7.69549 7.67838 7.66343 7.62731 7.61829 7.51598 7.44617 7.31412 7.45671 7.46203 7.45338
-9999 -9999 -9999 -9999 -9999 -9999 -9999 2.64993 5.52429 8.55344 9.52085 10.4868 11.3196 11.3286 10.9482 10.5859 10.2127 9.78857 8.6665 7.57771 6.53734 6.18136 6.37865 6.33864 7.22441 9.30843 9.7024 9.5176 7.48167 6.79021 8.47359 9.88725 9.99011 9.8523 8.16891 8.51758 7.60606 6.37269 6.02746 5.48293 4.341 4.8778 4.03832 4.38464 4.26774 4.89928 5.20154 5.95453 5.03183 5.0172 6.20961 6.80907 6.81544 7.44592 7.6657 7.71775 7.72543 7.72906 7.7248 7.72787 7.71495 7.69837 7.67854 7.64039 7.55976 7.32252 6.09936 6.09209 6.41589 6.72189 7.27964 7.43061
-9999 -9999 -9999 -9999 -9999 -9999 -9999 2.97717 4.96922 7.65605 9.64443 9.76218 10.7251 11.2186 10.8054 10.341 9.86577 9.65332 8.43288 7.09274 6.00786 4.725 4.92461 5.82827 7.29846 8.64093 8.87167 8.58058 7.47779 7.97669 9.12168 9.7254 9.89708 9.74592 9.37263 9.15358 8.48007 8.18361 7.25135 5.79809 5.22043 5.57207 4.02889 4.1266 4.68403 4.05873 5.04167 5.50654 4.31857 5.23059 6.2884 6.82496 7.2933 7.51078 7.59283 7.7232 7.71945 7.72385 7.72306 7.71396 7.70674 7.67708 7.65107 7.51463 7.31681 6.17866 5.69146 5.77528 6.28905 6.7379 7.19973 7.3877
-9999 -9999 -9999 -9999 -9999 -9999 -9999 3.31178 5.10448 7.433 8.84828 9.09508 10.1636 11.113 10.9983 10.5153 10.3625 9.8618 8.82544 7.68131 6.43123 5.81845 4.4217 5.777 6.83211 7.96766 8.49308 7.58184 7.12663 7.90418 8.67747 8.9808 9.76258 9.74629 9.48002 8.36047 7.8104 8.03126 7.79024 7.3742 6.37101 6.31791 5.66991 5.3959 5.13631 4.30105 4.80883 4.85045 4.97569 6.07975 6.62601 6.9854 7.31179 7.3915 7.5292 7.7105 7.71968 7.71913 7.71102 7.70729 7.68606 7.62486 7.57194 7.30528 6.83902 5.9757 4.57322 5.54182 6.55504 6.84917 7.13168 7.27809
-9999 -9999 -9999 -9999 -9999 -9999 -9999 2.9985 4.90338 6.8922 7.71908 7.85287 9.79288 10.9777 10.9719 10.7387 10.4675 9.24263 9.30554 9.05344 7.92498 6.2851 4.48469 4.64275 5.69059 7.18768 7.67809 6.18789 5.66027 6.03111 7.20552 8.25606 9.35368 9.62599 9.29277 7.5546 5.70808 6.55241 7.45511 7.44167 7.16583 6.23462 5.93271 5.65832 4.97584 3.8194 3.96988 4.27687 5.52711 5.92095 6.53463 7.04303 6.83963 6.9455 7.43225 7.70837 7.71153 7.70916 7.71112 7.69721 7.67282 7.55824 7.43721 7.23912 6.03636 5.28526 4.19315 5.43653 6.12469 6.47828 7.13355 7.28394
-9999 -9999 -9999 -9999 -9999 -9999 -9999 2.39978 3.77977 5.68027 6.44138 7.66042 9.49318 10.3906 10.8166 10.7991 10.6155 10.0625 9.72645 9.07228 7.89882 6.29732 4.51786 3.35587 3.93168 5.94296 6.40767 5.03806 4.34125 5.187 6.4393 8.29838 9.35686 9.49223 9.38711 9.02198 7.67155 6.04173 6.03891 6.84378 6.15477 5.35516 5.78124 5.69161 5.01774 4.52487 4.2059 4.37482 5.08267 5.37394 6.08438 7.13736 7.28107 7.24281 7.68184 7.69647 7.69931 7.70866 7.70066 7.68907 7.66812 7.57324 7.37003 6.56694 5.86546 4.89255 4.76499 5.86721 6.34624 6.78696 7.10449 7.20283
-9999 -9999 -9999 -9999 -9999 -9999 -9999 1.37358 2.9986 4.77833 6.44435 8.02023 9.37548 9.47282 10.1838 10.1749 10.5434 10.4272 9.91369 9.3614 8.34918 6.2946 4.56525 2.67987 3.16452 5.22301 5.46142 4.54643 2.86459 4.58138 6.47587 8.19222 9.11735 8.37627 9.1182 9.04809 8.53686 7.56324 6.05402 6.074 4.9407 4.88308 5.45188 5.63034 5.52492 5.1527 4.55641 4.63352 5.05612 5.15946 5.81172 6.62672 7.42351 7.5507 7.69636 7.69523 7.69012 7.69514 7.68925 7.66496 7.61622 7.51731 6.8429 6.0422 5.5458 4.86549 4.77571 6.05598 6.55376 6.82525 7.09857 7.20189
-9999 -9999 -9999 -9999 -9999 -9999 -9999 -9999 2.82468 4.6635 6.0221 6.38198 7.58565 8.23191 8.73018 8.83431 10.271 10.3423 10.0136 9.50566 8.64106 7.07983 5.98903 4.18024 2.87723 3.38176 3.60392 4.06917 3.9192 4.67951 6.49967 8.39659 8.59554 7.37585 7.54656 7.79144 8.35087 8.05447 6.00107 4.95363 4.08264 4.68658 5.3222 5.46913 5.49115 5.35748 5.19122 4.91852 5.77153 6.40047 6.53962 7.08723 7.48951 7.5948 7.67232 7.67514 7.67827 7.67093 7.63955 7.61472 7.50416 7.26564 6.51217 4.71088 4.78661 4.58449 4.01835 5.26785 6.0399 6.74425 7.11493 7.20497
-9999 -9999 -9999 -9999 -9999 -9999 -9999 -9999 2.20321 4.332 4.77509 4.73331 4.01754 4.33521 6.95048 7.47062 8.8481 10.1519 10.047 9.54853 8.73904 7.80551 6.36496 4.33188 2.71425 2.01107 3.7225 5.40294 5.7439 6.27669 7.38834 7.59216 6.34562 5.17632 5.81928 6.20328 7.69028 7.95483 7.65578 6.41515 4.99775 4.25359 5.11274 5.21964 5.26243 5.26328 5.21974 5.16015 6.11562 6.64446 7.00874 7.20328 7.5475 7.62962 7.65061 7.67008 7.65615 7.63049 7.56736 7.49659 7.21027 6.86514 5.63588 4.6096 3.9665 3.15222 4.96064 5.48758 6.21813 6.68571 7.05431 7.12908
