Test_Spring_2018/01_18/Temp/20180131_009.txt
ncols	170
nrows	115
xllcorner	350000.000000
yllcorner	4445000.000000
cellsize	1000.000000
nodata_value	-9999.000000
[rows 32 to 63 of 115, columns 72 to 143 of 170]
9.14779 8.93183 9.28184 9.60474 9.42663 9.30966 9.84129 9.84749 9.67617 9.26538 9.11823 8.96526 8.8735 8.34415 6.84938 5.50223 6.2315 6.25342 5.75714 6.66011 6.19019 4.95687 3.21392 4.16843 3.92584 2.69135 2.3892 -9999 -9999 -9999 -9999 -9999 -9999 -9999 -9999 -9999 -9999 -9999 -9999 -9999 -9999 -9999 -9999 -9999 -9999 -9999 -9999 -9999 -9999 -9999 -9999 -9999 -9999 -9999 -9999 -9999 -9999 -9999 -9999 -9999 -9999 -9999 -9999 -9999 -9999 -9999 -9999 -9999 -9999 -9999 -9999 -9999
8.85704 8.76782 9.28481 9.28064 9.2577 9.45886 9.79351 9.86405 9.80093 9.62509 9.47349 9.31171 8.89244 8.28616 7.00766 5.47362 5.12942 5.8874 5.92825 6.05398 5.62614 5.08754 4.24233 4.94294 5.21786 4.4044 3.34529 2.66898 -9999 -9999 -9999 -9999 -9999 -9999 -9999 -9999 -9999 -9999 -9999 -9999 -9999 -9999 -9999 -9999 -9999 -9999 -9999 -9999 -9999 -9999 -9999 -9999 -9999 -9999 -9999 -9999 -9999 -9999 -9999 -9999 -9999 -9999 -9999 -9999 -9999 -9999 -9999 -9999 -9999 -9999 -9999 -9999
8.50886 8.0199 8.33399 8.57154 9.01262 9.14224 9.21267 9.82787 9.80171 9.77945 9.5252 9.32286 8.98373 8.40045 7.56763 6.56372 4.81193 5.89988 6.75277 6.73574 6.69395 6.31801 5.50619 6.19395 6.23069 5.19053 4.01951 3.32685 3.04266 -9999 -9999 -9999 -9999 -9999 -9999 -9999 -9999 -9999 -9999 -9999 -9999 -9999 -9999 -9999 -9999 -9999 -9999 -9999 -9999 -9999 -9999 -9999 -9999 -9999 -9999 -9999 -9999 -9999 -9999 -9999 -9999 -9999 -9999 -9999 -9999 -9999 -9999 -9999 -9999 -9999 -9999 -9999
8.11205 7.5134 7.82936 8.249 8.84346 9.15838 9.40134 9.58973 9.78163 9.7657 9.5054 8.72497 8.61819 8.58947 8.04654 6.90133 5.75751 5.46469 6.76327 7.13825 7.06741 7.36097 6.67397 7.00549 6.87616 6.51133 5.37808 4.34737 3.9218 3.07685 -9999 -9999 -9999 -9999 -9999 -9999 -9999 -9999 -9999 -9999 -9999 -9999 -9999 -9999 -9999 -9999 -9999 -9999 -9999 -9999 -9999 -9999 -9999 -9999 -9999 -9999 -9999 -9999 -9999 -9999 -9999 -9999 -9999 -9999 -9999 -9999 -9999 -9999 -9999 -9999 -9999 -9999
-9999 -9999 7.14576 7.71938 8.19661 8.77506 9.28008 9.53304 9.77883 9.76566 9.2396 8.98511 8.96789 8.61411 7.98654 7.5944 6.87599 6.12718 6.41964 7.52762 7.04137 7.82767 7.76612 7.9144 7.39651 6.41493 5.09317 4.32938 3.9492 3.2654 -9999 -9999 -9999 -9999 -9999 -9999 -9999 -9999 -9999 -9999 -9999 -9999 -9999 -9999 -9999 -9999 -9999 -9999 -9999 -9999 -9999 -9999 -9999 -9999 -9999 -9999 -9999 -9999 -9999 -9999 -9999 -9999 -9999 -9999 -9999 -9999 -9999 -9999 -9999 -9999 -9999 -9999
-9999 -9999 -9999 7.62268 7.989 8.75817 9.16681 9.3334 9.72614 9.73326 9.53779 9.39145 9.17623 8.89316 8.42277 7.90306 7.22761 7.1693 7.87967 7.89289 7.74993 7.87033 8.23752 8.14653 7.34116 5.95539 5.22227 3.72718 3.0894 3.15952 2.70871 -9999 -9999 -9999 -9999 -9999 -9999 -9999 -9999 -9999 -9999 -9999 -9999 4.4929 -9999 -9999 -9999 -9999 -9999 -9999 -9999 -9999 -9999 -9999 -9999 -9999 -9999 -9999 -9999 -9999 -9999 -9999 -9999 -9999 1.79276 -9999 -9999 -9999 -9999 -9999 -9999 -9999
-9999 -9999 7.54919 8.03966 8.41745 8.90252 8.95749 9.25514 9.70595 9.71886 9.58212 9.42652 9.06901 8.98438 8.7188 8.15406 8.04222 8.27764 8.38844 8.5134 8.59207 8.53632 8.39399 8.20881 7.69551 7.05268 6.62287 5.2541 4.56982 3.91169 2.91326 2.13314 -9999 -9999 -9999 -9999 -9999 -9999 -9999 3.96917 3.93434 3.95432 4.17627 4.78537 4.43014 -9999 -9999 -9999 -9999 -9999 -9999 -9999 -9999 -9999 -9999 -9999 -9999 -9999 -9999 -9999 -9999 -9999 -9999 -9999 2.34871 1.561 -9999 -9999 -9999 -9999 -9999 -9999
-9999 -9999 7.69131 8.19942 8.4571 8.92877 9.20195 9.39055 9.55143 9.70523 9.68686 9.51413 9.24789 9.25501 8.88535 8.6881 8.54841 8.86513 8.9312 8.81024 8.65746 8.52295 8.13451 8.09374 7.97371 7.56753 6.89783 6.20766 5.20855 3.85175 2.52127 1.44899 -9999 -9999 -9999 -9999 -9999 -9999 4.08871 4.59587 4.90041 4.25978 4.81052 5.31386 5.23511 4.74731 -9999 -9999 -9999 -9999 -9999 -9999 -9999 -9999 -9999 -9999 -9999 -9999 -9999 -9999 6.09169 5.28438 3.65095 2.8147 2.31379 1.59762 -9999 -9999 -9999 -9999 -9999 -9999
-9999 -9999 7.59719 8.1963 8.60491 8.96862 9.03368 9.41284 9.57919 9.6651 9.66232 9.63302 9.58867 9.26698 9.13132 8.64168 9.11912 9.10551 8.99003 8.52037 8.31924 7.51003 7.15656 7.08432 7.77333 7.2726 6.22187 4.9072 3.33057 3.22816 2.70857 1.75098 -9999 -9999 -9999 -9999 -9999 -9999 4.25413 4.79627 5.2488 5.31618 4.67891 5.57184 5.53647 5.03835 4.92592 5.33583 5.54426 5.39056 5.87677 6.02178 5.80373 6.04801 -9999 -9999 -9999 -9999 6.20612 6.24159 6.26888 5.9339 4.14915 2.93077 1.83676 1.73563 -9999 -9999 -9999 -9999 -9999 -9999
-9999 -9999 8.01156 8.38381 8.5764 8.61489 8.94259 9.27598 9.47988 9.63187 9.60956 9.60399 9.59727 9.49066 9.23562 9.28696 9.27024 9.12273 8.22477 7.176 7.63918 7.01711 5.68767 6.77869 7.38088 6.81299 5.53883 4.0607 3.58453 3.60621 2.88186 1.95018 -9999 -9999 -9999 2.7795 3.55608 3.62685 3.8577 4.57997 5.12961 5.54193 5.82414 5.81729 5.51878 5.0312 4.50125 4.69089 5.64586 5.87964 6.07304 6.22318 6.02091 6.13194 6.38984 6.52464 6.55443 6.49746 6.48673 6.51044 6.4827 6.17041 4.5725 3.65969 3.07791 1.90557 -9999 -9999 -9999 -9999 -9999 -9999
-9999 -9999 7.78913 8.1141 8.37916 8.81531 8.86915 9.14715 9.32055 9.56528 9.59874 9.32685 9.56236 9.53789 9.4997 9.41295 9.28351 8.52601 7.48038 6.43219 5.95056 6.1654 5.36522 5.7824 6.39261 6.17589 5.39913 4.083 3.90243 3.60411 2.37873 1.20269 -9999 -9999 1.2853 2.77223 3.82009 4.36205 4.53184 4.55033 5.24209 5.29779 6.0416 5.86973 4.88553 4.99627 4.61137 4.85923 5.21115 5.30813 5.81211 6.2951 6.3888 6.39353 6.55883 6.59528 6.60705 6.60601 6.49901 6.55237 6.56289 6.36918 5.21339 4.6508 4.02968 1.93103 -9999 -9999 -9999 -9999 -9999 -9999
-9999 -9999 7.9588 8.3214 8.71784 8.78961 9.08566 9.06481 8.99674 9.40456 9.55763 9.36755 9.23191 9.49747 9.48408 9.45375 9.40074 8.68896 7.86461 6.61477 5.8398 5.37074 5.03718 4.59157 4.90756 4.81787 4.696 4.84825 4.49021 3.77411 3.06119 1.71907 0.997265 -9999 1.37392 2.0475 3.29305 4.35161 5.02428 4.78578 5.57196 5.71877 6.17324 5.90815 5.30953 5.05389 5.0313 4.95332 5.48215 5.83544 6.08675 6.2559 6.46434 6.52002 6.57626 6.60168 6.61708 6.63266 6.63319 6.6321 6.61153 6.54038 6.01024 5.44809 4.2318 2.00764 -9999 -9999 -9999 -9999 -9999 -9999
-9999 6.92126 7.9234 8.52594 8.76496 8.94011 9.09554 9.21042 9.33471 9.44638 9.52503 9.50047 8.98626 9.03376 9.1317 9.43086 9.41357 9.35248 8.9033 7.38156 6.86057 6.09643 5.10379 4.69096 4.90472 5.72813 5.69742 5.16181 4.56432 3.73858 3.21309 2.3941 0.814319 0.962124 1.68025 2.21545 3.06331 4.35649 5.2634 5.66902 5.823 6.14277 6.30869 5.94499 5.59614 5.45033 5.18033 5.14237 5.14474 5.46448 5.71373 6.26678 6.45507 6.54086 6.58734 6.614 6.63443 6.65464 6.66383 6.65641 6.65995 6.65831 6.62121 5.87287 3.99815 2.58604 -9999 -9999 -9999 -9999 -9999 -9999
-9999 -9999 7.74554 8.0159 8.09372 8.22285 8.47714 8.76866 9.18166 9.24094 9.4684 9.47404 9.03153 8.51915 8.97427 9.15726 9.34647 9.35549 9.30063 8.02472 7.35862 6.83546 5.88396 6.23329 6.56659 6.59724 6.40542 5.25037 4.10013 2.7753 1.53537 1.48142 0.816354 1.17498 1.65119 2.86517 3.7203 4.06886 4.31948 5.63267 5.97583 6.09383 6.43005 5.9726 5.85439 5.51021 5.61229 5.58215 5.58429 4.63186 5.588 5.64562 6.26993 6.55063 6.61577 6.63645 6.65845 6.66503 6.6722 6.67272 6.68215 6.67532 6.668 6.18257 3.80362 2.61021 -9999 -9999 -9999 -9999 -9999 -9999
-9999 -9999 -9999 -9999 7.85327 8.06223 8.19965 8.43013 9.12014 9.31043 9.43886 9.45574 9.26182 8.75468 8.62419 8.72195 8.22577 8.64767 9.22417 9.21412 9.14926 8.02721 7.45509 8.0186 7.85453 7.01325 6.35262 5.70085 4.35325 3.37072 1.94893 0.882574 0.847656 2.03597 3.02288 4.25131 4.79539 4.49152 4.82718 5.48073 6.22198 6.58065 6.49685 6.01449 5.94453 5.41373 5.93474 5.97919 5.73675 5.52747 5.61105 5.92006 6.03899 6.52809 6.64845 6.6712 6.6786 6.68435 6.68594 6.68666 6.68399 6.68189 6.6778 6.65825 4.21287 2.31077 -9999 -9999 -9999 -9999 -9999 -9999
-9999 -9999 -9999 -9999 7.38935 7.52062 7.84934 8.67778 9.11915 9.30026 9.30168 9.38832 9.25326 8.80762 8.34941 7.91698 7.35815 7.68384 8.53922 9.04541 9.10706 8.12415 8.64268 8.45562 8.08192 6.97995 6.1696 5.74302 4.44959 3.34532 2.4014 1.09571 1.66213 2.28512 3.08351 4.423 5.32796 5.7015 5.39379 5.81232 6.66507 6.67086 6.2059 6.23637 5.95035 5.22502 5.97936 6.19146 6.02017 6.06471 6.00086 6.11634 6.32654 6.52818 6.6634 6.68416 6.68922 6.68863 6.69211 6.69615 6.69014 6.69401 6.69001 6.68012 5.10256 2.28119 -9999 -9999 -9999 -9999 -9999 -9999
-9999 -9999 -9999 -9999 -9999 6.97783 7.71522 8.81174 9.09404 9.07734 9.30899 9.33486 9.12439 8.94172 8.3845 7.6211 6.15093 6.53036 7.31812 8.4525 9.05106 8.97595 8.65006 8.0816 6.69859 5.4892 5.34777 5.15512 4.21291 3.36449 2.31439 2.93187 3.60754 4.34598 4.73611 4.64057 5.41654 6.04937 5.78506 6.29803 6.89547 6.6264 6.46726 6.33345 6.00329 5.98318 6.0171 6.44544 6.14882 6.33118 6.33572 6.32622 6.42905 6.54776 6.67292 6.69579 6.69925 6.70488 6.69432 6.70299 6.69943 6.69574 6.69239 6.68437 6.54383 5.02507 4.11816 -9999 -9999 -9999 -9999 -9999
-9999 -9999 -9999 -9999 -9999 6.31282 6.6854 7.98212 8.39204 8.96858 9.27767 9.298 8.93866 8.74055 7.9081 7.64058 6.281 5.66779 6.19591 5.99987 7.56064 8.94266 8.64756 5.87374 4.87286 4.16084 4.35145 4.3595 4.10183 2.6513 2.25482 3.56718 4.3954 5.03808 5.52653 5.63178 5.61918 6.60721 6.74069 7.06282 6.99503 7.02588 6.52969 6.22257 6.48882 6.17878 6.12566 6.56824 6.13221 6.52676 6.48019 6.36258 6.35762 6.61912 6.67393 6.70433 6.70911 6.70247 6.69325 6.68915 6.70116 6.70065 6.68942 6.69305 6.68152 6.50271 5.71782 5.44475 5.75147 -9999 -9999 -9999
-9999 -9999 -9999 -9999 -9999 -9999 5.49087 7.28906 8.11869 8.55574 9.16736 9.2466 9.05964 8.7122 7.86391 7.11826 5.90341 4.5155 3.78281 5.99429 7.91998 8.92775 8.80062 6.49265 5.5854 5.54908 6.09301 5.6455 5.30765 4.20746 3.88176 3.42666 3.7159 4.60996 5.34031 6.04475 6.55774 6.60288 6.93636 7.12779 7.1452 7.20599 7.14852 7.10146 6.61964 6.951 6.66992 6.81918 6.72328 6.6369 6.56239 6.28882 6.48392 6.65729 6.70369 6.71973 6.71232 6.71331 6.7098 6.69771 6.69295 6.6953 6.69694 6.69115 6.69376 6.68746 6.60156 6.1301 5.49803 4.69883 -9999 -9999
-9999 -9999 -9999 -9999 -9999 -9999 4.60295 6.39209 7.26219 8.37383 8.95078 9.18825 9.16281 8.88219 8.23874 7.26793 6.45988 4.91015 3.30104 5.62253 7.69104 8.80992 8.87461 6.93497 7.47984 7.0502 7.23208 6.4407 6.11558 5.86249 5.29546 4.67469 3.9955 3.63784 5.27185 6.11278 6.79002 7.11105 7.29368 7.38602 7.34048 7.21777 6.49527 7.04779 7.01617 6.96146 6.89865 6.86837 6.81154 6.74466 6.70514 6.69186 6.51089 6.71869 6.71603 6.72113 6.7249 6.72275 6.71608 6.71096 6.70386 6.70649 6.70148 6.69745 6.69536 6.6952 6.69174 6.66788 6.54404 5.47027 4.82864 4.64763
-9999 -9999 -9999 -9999 -9999 -9999 2.1071 4.70559 6.80226 7.89612 8.78871 9.03724 9.13303 8.75505 8.47329 7.77869 7.12118 6.10457 4.57985 3.64306 5.38319 7.90966 8.84441 8.77632 8.72396 8.22618 7.77826 7.72696 7.7671 7.24763 6.48441 5.48355 5.17442 4.82641 6.04446 6.21314 6.1282 7.46614 7.47228 7.39916 6.89095 6.3217 6.43189 6.07646 6.34539 5.92399 6.31221 6.64784 6.77348 6.76364 6.7195 6.71467 6.69567 6.73307 6.73424 6.73069 6.72895 6.72967 6.72813 6.71633 6.71137 6.72084 6.71187 6.70736 6.70036 6.70182 6.70139 6.68436 6.6689 6.5054 6.25852 5.78385
-9999 -9999 -9999 -9999 -9999 -9999 2.22683 4.41877 6.27357 7.39054 8.4619 8.71451 9.07907 9.00614 8.71091 8.10783 7.35327 6.5175 5.21016 4.23992 5.40492 7.08516 8.28943 8.7234 8.72406 8.70096 8.59284 8.55295 8.42608 8.34039 7.79333 6.84786 6.31554 5.53418 6.89099 7.04664 6.83864 7.51706 7.48622 6.46803 5.6855 5.58982 6.07078 5.6168 5.53463 5.24869 5.56976 6.42918 6.17938 6.22942 6.6192 6.68412 6.72635 6.7388 6.73785 6.73819 6.7342 6.73823 6.74256 6.7309 6.72757 6.72784 6.71672 6.71469 6.70757 6.70276 6.69566 6.68764 6.67384 6.6288 6.58049 6.63366
-9999 -9999 -9999 -9999 -9999 -9999 2.2769 3.75544 5.42504 7.06576 8.20941 8.67375 9.01296 9.01412 8.67033 8.37285 7.90157 7.16692 6.66458 5.7892 4.58619 6.61699 7.24511 7.80356 8.04385 8.62739 8.61893 8.35973 8.05966 8.34984 8.27053 7.52308 7.28014 6.86679 7.62308 7.62857 7.61118 7.57409 6.71461 5.51852 4.56279 5.25463 5.11255 5.43102 4.44834 5.25757 5.90768 6.11891 5.67528 5.34852 6.36175 6.5305 6.63146 6.69687 6.74071 6.7328 6.74577 6.74281 6.74314 6.74339 6.73836 6.73677 6.73157 6.72601 6.71727 6.7136 6.70484 6.69516 6.69639 6.67013 6.66217 6.65249
-9999 -9999 -9999 -9999 -9999 -9999 -9999 2.89682 5.01405 6.90216 7.95565 8.61993 8.94596 8.94491 8.77141 8.57092 8.28047 7.75181 7.08667 6.03301 5.25231 5.75657 6.37246 6.44482 6.85515 8.03466 8.44117 7.87809 6.48172 7.31582 8.24538 8.2346 8.15975 8.07538 7.96435 7.86613 7.64672 7.05305 5.22745 4.87222 4.15759 4.24157 3.87578 4.68163 4.37895 5.20578 5.56456 5.70044 4.93769 5.10015 5.99784 6.35386 6.29608 6.51547 6.72333 6.73252 6.74118 6.73881 6.74658 6.75172 6.75186 6.74811 6.74496 6.7435 6.7262 6.73055 6.66543 6.6239 6.53677 6.64987 6.66256 6.66857
-9999 -9999 -9999 -9999 -9999 -9999 -9999 2.48588 4.59591 6.81832 7.5356 8.25132 8.86952 8.88634 8.61886 8.36466 8.10269 7.80386 6.99612 6.21314 5.46601 5.21882 5.37585 5.36938 6.0297 7.56455 7.86597 7.74484 6.28616 5.7938 7.03404 8.07692 8.16271 8.07239 6.85375 7.11772 6.46179 5.57081 5.32788 4.93948 4.11512 4.5159 3.91237 4.17426 4.10287 4.573 4.80277 5.36138 4.69701 4.70144 5.58307 6.0286 6.0412 6.50921 6.67751 6.72347 6.73717 6.74809 6.75346 6.76439 6.76386 6.76084 6.75559 6.73707 6.68759 6.52348 5.64161 5.6456 5.89106 6.12334 6.54102 6.66197
-9999 -9999 -9999 -9999 -9999 -9999 -9999 2.73448 4.20047 6.17302 7.63542 7.7323 8.44569 8.81625 8.52508 8.19657 7.86038 7.71618 6.83671 5.87028 5.09053 4.16672 4.32516 4.99772 6.09389 7.08709 7.2689 7.06974 6.29233 6.66839 7.51552 7.96719 8.10314 8.00308 7.74057 7.59035 7.10824 6.90114 6.22995 5.17851 4.76605 5.03181 3.9148 3.9953 4.41132 3.96923 4.6957 5.04402 4.18603 4.87045 5.65069 6.05042 6.40028 6.56702 6.63494 6.73816 6.74362 6.75517 6.76309 6.76513 6.7687 6.75605 6.74618 6.6558 6.52067 5.69931 5.35409 5.42445 5.80846 6.14494 6.49519 6.64086
-9999 -9999 -9999 -9999 -9999 -9999 -9999 2.98869 4.30908 6.02011 7.06433 7.2555 8.0461 8.74955 8.67647 8.33456 8.23384 7.87934 7.13424 6.3108 5.41039 4.97539 3.96858 4.97044 5.7638 6.60557 7.00203 6.36547 6.04535 6.62453 7.20023 7.43258 8.01372 8.0121 7.82775 7.02044 6.62852 6.79907 6.63244 6.33804 5.61513 5.58557 5.12187 4.93113 4.75091 4.15588 4.53555 4.57497 4.67901 5.50033 5.90733 6.17787 6.42426 6.49058 6.59923 6.73974 6.75471 6.7627 6.7653 6.77123 6.76453 6.72878 6.69917 6.51365 6.18249 5.56157 4.54831 5.26428 6.01271 6.2387 6.45585 6.57124
-9999 -9999 -9999 -9999 -9999 -9999 -9999 2.77027 4.17245 5.63557 6.25043 6.35923 7.78595 8.66143 8.66792 8.50846 8.32137 7.43848 7.49561 7.3231 6.51133 5.3266 4.025 4.15287 4.93433 6.04633 6.41691 5.35798 4.98479 5.26699 6.1353 6.91288 7.72449 7.9335 7.70033 6.44163 5.10367 5.72929 6.3974 6.39688 6.20482 5.53447 5.32337 5.13236 4.64352 3.81005 3.93325 4.16631 5.09879 5.39473 5.85102 6.23041 6.09028 6.17581 6.5393 6.74911 6.75977 6.76647 6.77643 6.77492 6.76585 6.69107 6.61165 6.47606 5.60732 5.0682 4.28131 5.19778 5.70894 5.98079 6.46769 6.58604
-9999 -9999 -9999 -9999 -9999 -9999 -9999 2.34368 3.36277 4.76146 5.32839 6.22926 7.57782 8.24364 8.56539 8.5634 8.44037 8.04776 7.81372 7.34772 6.503 5.34613 4.05964 3.22397 3.65666 5.14807 5.50547 4.52881 4.03201 4.66067 5.58575 6.95335 7.73639 7.84549 7.77883 7.52219 6.54632 5.36641 5.37375 5.97043 5.47687 4.90257 5.22274 5.16655 4.684 4.33353 4.11559 4.25169 4.78476 5.00591 5.5329 6.30981 6.4231 6.40357 6.73234 6.7514 6.7619 6.7772 6.77989 6.78004 6.77344 6.71296 6.57347 5.99627 5.49325 4.79218 4.70801 5.52254 5.88351 6.21661 6.45707 6.53749
-9999 -9999 -9999 -9999 -9999 -9999 -9999 1.60523 2.80316 4.11375 5.34112 6.50249 7.50265 7.58469 8.11446 8.11879 8.39866 8.32484 7.96124 7.56951 6.84235 5.35472 4.10466 2.74093 3.10695 4.62549 4.83605 4.18012 2.96438 4.22868 5.6224 6.88584 7.57159 7.0411 7.59263 7.55134 7.18793 6.48692 5.39492 5.41881 4.601 4.56817 4.99247 5.13192 5.06419 4.80177 4.37691 4.45077 4.77575 4.85982 5.34443 5.94777 6.53778 6.6391 6.75387 6.76152 6.76627 6.77843 6.78267 6.77353 6.74659 6.68309 6.19966 5.62411 5.27067 4.78306 4.72642 5.67051 6.04546 6.25518 6.46341 6.54753
-9999 -9999 -9999 -9999 -9999 -9999 -9999 -9999 2.68681 4.0406 5.0437 5.31773 6.20734 6.69 7.06456 7.15142 8.21074 8.27373 8.04497 7.68548 7.06596 5.93827 5.15411 3.84619 2.90755 3.29783 3.49069 3.84202 3.74422 4.31052 5.65003 7.04529 7.20114 6.32142 6.45613 6.64472 7.06267 6.85587 5.36672 4.61159 3.98516 4.43508 4.9081 5.02449 5.04975 4.96142 4.85405 4.67695 5.30821 5.77593 5.88619 6.29449 6.5967 6.68215 6.74729 6.75789 6.76871 6.77187 6.7575 6.74793 6.67582 6.51037 5.96916 4.66332 4.72734 4.58864 4.18432 5.10742 5.68384 6.20672 6.48606 6.56056
-9999 -9999 -9999 -9999 -9999 -9999 -9999 -9999 2.24394 3.80944 4.14451 4.12548 3.61437 3.85725 5.77673 6.16715 7.18322 8.14553 8.08001 7.72734 7.14794 6.47826 5.43881 3.96718 2.79894 2.31506 3.57888 4.82565 5.0862 5.48655 6.3091 6.46886 5.5699 4.72701 5.2064 5.49653 6.59138 6.79392 6.58499 5.68881 4.66355 4.12957 4.76565 4.85277 4.89316 4.90299 4.88446 4.85804 5.56968 5.96444 6.23909 6.38984 6.64979 6.71843 6.74241 6.76523 6.76364 6.75345 6.7159 6.67276 6.47232 6.22899 5.34048 4.60015 4.13952 3.55403 4.8826 5.27832 5.82361 6.17465 6.45254 6.51599
