Test_Spring_2018/01_18/Temp/20180113_012.txt
ncols	170
nrows	115
xllcorner	350000.000000
yllcorner	4445000.000000
cellsize	1000.000000
nodata_value	-9999.000000
[rows 32 to 63 of 115, columns 72 to 143 of 170]
10.6005 10.2501 10.7662 11.2405 10.9255 10.7094 11.4884 11.4778 11.1957 10.5474 10.3034 10.0509 9.89269 9.06442 6.75748 4.67679 5.7769 5.79333 5.01575 6.3814 5.64367 3.73622 1.0478 2.49125 2.10071 0.177193 -0.310263 -9999 -9999 -9999 -9999 -9999 -9999 -9999 -9999 -9999 -9999 -9999 -9999 -9999 -9999 -9999 -9999 -9999 -9999 -9999 -9999 -9999 -9999 -9999 -9999 -9999 -9999 -9999 -9999 -9999 -9999 -9999 -9999 -9999 -9999 -9999 -9999 -9999 -9999 -9999 -9999 -9999 -9999 -9999 -9999 -9999
10.1361 9.98008 10.7523 10.7259 10.6578 10.9198 11.3971 11.4852 11.3689 11.0804 10.8295 10.5634 9.90335 8.9571 6.98132 4.61426 4.06991 5.2139 5.25922 5.43438 4.76129 3.91827 2.60527 3.66002 4.06248 2.7944 1.13694 0.064983 -9999 -9999 -9999 -9999 -9999 -9999 -9999 -9999 -9999 -9999 -9999 -9999 -9999 -9999 -9999 -9999 -9999 -9999 -9999 -9999 -9999 -9999 -9999 -9999 -9999 -9999 -9999 -9999 -9999 -9999 -9999 -9999 -9999 -9999 -9999 -9999 -9999 -9999 -9999 -9999 -9999 -9999 -9999 -9999
9.58398 8.81584 9.27745 9.62146 10.2488 10.4016 10.4892 11.4116 11.3519 11.2985 10.8902 10.5619 10.0244 9.11332 7.82021 6.2652 3.56465 5.21419 6.50358 6.4602 6.37868 5.78503 4.52338 5.55862 5.59635 3.97525 2.13377 1.05526 0.602657 -9999 -9999 -9999 -9999 -9999 -9999 -9999 -9999 -9999 -9999 -9999 -9999 -9999 -9999 -9999 -9999 -9999 -9999 -9999 -9999 -9999 -9999 -9999 -9999 -9999 -9999 -9999 -9999 -9999 -9999 -9999 -9999 -9999 -9999 -9999 -9999 -9999 -9999 -9999 -9999 -9999 -9999 -9999
8.95773 8.02167 8.48622 9.10917 9.98216 10.4197 10.7601 11.0285 11.3027 11.2588 10.8411 9.62706 9.44539 9.38371 8.53465 6.76324 4.9941 4.52865 6.50094 7.05828 6.93247 7.36457 6.29429 6.78393 6.56732 5.98325 4.20989 2.6009 1.93161 0.620117 -9999 -9999 -9999 -9999 -9999 -9999 -9999 -9999 -9999 -9999 -9999 -9999 -9999 -9999 -9999 -9999 -9999 -9999 -9999 -9999 -9999 -9999 -9999 -9999 -9999 -9999 -9999 -9999 -9999 -9999 -9999 -9999 -9999 -9999 -9999 -9999 -9999 -9999 -9999 -9999 -9999 -9999
-9999 -9999 7.42103 8.26307 8.95943 9.81507 10.5563 10.9234 11.2798 11.2399 10.4148 10.0063 9.96171 9.40202 8.42335 7.80564 6.68835 5.52459 5.95589 7.63632 6.87437 8.06147 7.9494 8.1584 7.34655 5.80032 3.75623 2.55562 1.95562 0.89072 -9999 -9999 -9999 -9999 -9999 -9999 -9999 -9999 -9999 -9999 -9999 -9999 -9999 -9999 -9999 -9999 -9999 -9999 -9999 -9999 -9999 -9999 -9999 -9999 -9999 -9999 -9999 -9999 -9999 -9999 -9999 -9999 -9999 -9999 -9999 -9999 -9999 -9999 -9999 -9999 -9999 -9999
-9999 -9999 -9999 8.09728 8.62386 9.78069 10.3649 10.5992 11.1804 11.1712 10.8523 10.6092 10.2612 9.80985 9.07204 8.25909 7.20786 7.10212 8.1739 8.17759 7.94174 8.10895 8.65376 8.49623 7.23792 5.07919 3.93733 1.61538 0.620415 0.710055 0.00202238 -9999 -9999 -9999 -9999 -9999 -9999 -9999 -9999 -9999 -9999 -9999 -9999 2.55184 -9999 -9999 -9999 -9999 -9999 -9999 -9999 -9999 -9999 -9999 -9999 -9999 -9999 -9999 -9999 -9999 -9999 -9999 -9999 -9999 -1.86019 -9999 -9999 -9999 -9999 -9999 -9999 -9999
-9999 -9999 8.00401 8.70602 9.26296 9.98396 10.0381 10.4611 11.1306 11.13 10.9007 10.6432 10.0772 9.9298 9.50588 8.62419 8.43663 8.78122 8.93491 9.11009 9.21401 9.11157 8.87593 8.57404 7.74681 6.7431 6.06543 3.94921 2.87003 1.84363 0.296258 -0.916244 -9999 -9999 -9999 -9999 -9999 -9999 -9999 1.77926 1.71376 1.73246 2.06067 2.98198 2.42598 -9999 -9999 -9999 -9999 -9999 -9999 -9999 -9999 -9999 -9999 -9999 -9999 -9999 -9999 -9999 -9999 -9999 -9999 -9999 -1.02467 -2.244 -9999 -9999 -9999 -9999 -9999 -9999
-9999 -9999 8.17821 8.93459 9.30682 10.0065 10.4021 10.6503 10.8751 11.0898 11.0415 10.7575 10.3312 10.3245 9.74133 9.4229 9.19308 9.66263 9.74823 9.54708 9.29675 9.07382 8.46122 8.38045 8.15665 7.515 6.4693 5.39207 3.83026 1.73303 -0.323548 -1.98408 -9999 -9999 -9999 -9999 -9999 -9999 1.95479 2.71955 3.17437 2.18158 3.01392 3.77364 3.64155 2.87149 -9999 -9999 -9999 -9999 -9999 -9999 -9999 -9999 -9999 -9999 -9999 -9999 -9999 -9999 4.74259 3.49362 0.979108 -0.314269 -1.09407 -2.20375 -9999 -9999 -9999 -9999 -9999 -9999
-9999 -9999 8.01911 8.91413 9.51673 10.0502 10.126 10.6722 10.8989 11.009 10.9842 10.9197 10.8332 10.3229 10.0985 9.33256 10.0486 10.0126 9.82057 9.08569 8.76161 7.50532 6.94632 6.79767 7.83371 7.04667 5.41666 3.38208 0.93401 0.758923 -0.0560796 -1.54146 -9999 -9999 -9999 -9999 -9999 -9999 2.18789 3.0067 3.68871 3.781 2.794 4.151 4.07529 3.30101 3.11731 3.73346 4.04069 3.78805 4.52295 4.73266 4.38604 4.74753 -9999 -9999 -9999 -9999 4.92649 4.96848 4.99803 4.47268 1.72647 -0.152209 -1.84048 -2.01043 -9999 -9999 -9999 -9999 -9999 -9999
-9999 -9999 8.6395 9.18617 9.45694 9.49119 9.96837 10.4437 10.728 10.9333 10.8788 10.851 10.8226 10.6423 10.2355 10.2988 10.2584 10.0177 8.62744 7.00572 7.69947 6.73387 4.66623 6.31437 7.21692 6.32636 4.35338 2.06762 1.30488 1.31924 0.189904 -1.2605 -9999 -9999 -9999 -0.0555989 1.12018 1.21569 1.55726 2.65226 3.48329 4.10809 4.53014 4.50042 4.03179 3.27396 2.4509 2.72982 4.18075 4.52657 4.80813 5.02569 4.7032 4.8573 5.23974 5.43357 5.46657 5.36672 5.33778 5.36168 5.30682 4.81608 2.35944 0.94894 0.0453805 -1.7692 -9999 -9999 -9999 -9999 -9999 -9999
-9999 -9999 8.27858 8.75226 9.13355 9.77279 9.83004 10.231 10.4631 10.8126 10.8432 10.4073 10.7501 10.6958 10.6216 10.4738 10.2612 9.08674 7.47072 5.85029 5.09699 5.39823 4.15427 4.77047 5.685 5.33449 4.11583 2.07787 1.77942 1.29074 -0.60441 -2.42506 -9999 -9999 -2.35 -0.0871075 1.50436 2.32194 2.57034 2.58769 3.63694 3.7121 4.84143 4.56002 3.04141 3.20025 2.60399 2.97226 3.4955 3.63194 4.38756 5.11726 5.24839 5.24308 5.48364 5.52682 5.5322 5.51801 5.34159 5.4109 5.41465 5.10556 3.32268 2.44844 1.48221 -1.74867 -9999 -9999 -9999 -9999 -9999 -9999
-9999 -9999 8.51639 9.04671 9.62847 9.71276 10.1408 10.0866 9.94856 10.5505 10.7616 10.451 10.2252 10.6155 10.5797 10.5189 10.4239 9.32003 8.04345 6.1145 4.91207 4.1671 3.63767 2.92528 3.38841 3.22949 3.02085 3.2319 2.66195 1.53311 0.420479 -1.65321 -2.77755 -9999 -2.23424 -1.21729 0.677151 2.28636 3.30546 2.9296 4.12395 4.33918 5.01882 4.60271 3.67516 3.26967 3.22401 3.09325 3.89179 4.42483 4.79372 5.04084 5.34949 5.42225 5.49578 5.52204 5.53297 5.54424 5.53252 5.5184 5.4745 5.35314 4.52866 3.65315 1.77727 -1.64573 -9999 -9999 -9999 -9999 -9999 -9999
-9999 6.94839 8.44885 9.34576 9.68544 9.92721 10.139 10.2892 10.4465 10.5962 10.6951 10.6364 9.83097 9.88751 10.0227 10.4671 10.4274 10.3207 9.6193 7.27415 6.45322 5.25938 3.71936 3.06354 3.36947 4.60864 4.53896 3.6956 2.75745 1.46118 0.635094 -0.639512 -3.07679 -2.86807 -1.78432 -0.97932 0.306064 2.27492 3.6532 4.26443 4.49077 4.96579 5.21021 4.64062 4.09574 3.86176 3.43728 3.368 3.36023 3.83839 4.20485 5.04334 5.31966 5.43993 5.49854 5.52672 5.54536 5.5637 5.56523 5.54137 5.53437 5.51945 5.44865 4.28961 1.40125 -0.777886 -9999 -9999 -9999 -9999 -9999 -9999
-9999 -9999 8.16298 8.55019 8.64213 8.81263 9.17516 9.59534 10.1949 10.2628 10.5901 10.5796 9.8832 9.08237 9.76508 10.032 10.309 10.3102 10.2132 8.23582 7.19824 6.37831 4.90091 5.41227 5.90079 5.92498 5.6079 3.81504 2.02956 -0.0313425 -1.95193 -2.05481 -3.0931 -2.56029 -1.84717 -0.00233158 1.29432 1.81636 2.18957 4.19139 4.70387 4.87332 5.37835 4.66756 4.47624 3.93851 4.08416 4.02701 4.01904 2.54858 3.99824 4.07525 5.02012 5.44003 5.52819 5.54725 5.5683 5.56575 5.56415 5.55242 5.55438 5.53036 5.50389 4.74688 1.0892 -0.754932 -9999 -9999 -9999 -9999 -9999 -9999
-9999 -9999 -9999 -9999 8.25879 8.55102 8.73402 9.0603 10.0842 10.3527 10.5283 10.5347 10.2202 9.42736 9.21332 9.35002 8.57749 9.21006 10.0764 10.045 9.92826 8.19063 7.29159 8.13322 7.85939 6.54744 5.51175 4.48938 2.40114 0.864559 -1.33488 -2.9888 -3.06147 -1.2589 0.237003 2.10404 2.92431 2.44707 2.95074 3.93921 5.06447 5.60391 5.46562 4.71676 4.59947 3.77599 4.56348 4.62071 4.23822 3.90629 4.01964 4.48193 4.65283 5.39053 5.56314 5.58687 5.58559 5.58176 5.57158 5.5601 5.54165 5.52506 5.50529 5.46176 1.70214 -1.22768 -9999 -9999 -9999 -9999 -9999 -9999
-9999 -9999 -9999 -9999 7.53311 7.70603 8.18187 9.42398 10.0671 10.3216 10.3027 10.4162 10.192 9.49385 8.77789 8.10261 7.23332 7.71853 9.01408 9.77339 9.85028 8.32556 9.09705 8.78861 8.19334 6.48176 5.21644 4.53879 2.53329 0.810286 -0.657213 -2.67782 -1.82933 -0.892718 0.314134 2.35153 3.72469 4.28514 3.80208 4.43256 5.72863 5.72749 5.00531 5.04204 4.59383 3.47238 4.61736 4.93148 4.65808 4.7151 4.60286 4.76887 5.07976 5.3773 5.5728 5.59268 5.58843 5.5749 5.56759 5.56036 5.5378 5.53018 5.51037 5.48144 3.05101 -1.28706 -9999 -9999 -9999 -9999 -9999 -9999
-9999 -9999 -9999 -9999 -9999 6.85947 7.96139 9.61429 10.0139 9.96563 10.2996 10.3203 9.98075 9.68557 8.81809 7.63576 5.37069 5.93816 7.13 8.85147 9.75065 9.61637 9.09416 8.20132 6.0598 4.18358 3.9429 3.62358 2.15613 0.825139 -0.80492 0.120634 1.1366 2.25016 2.83171 2.67083 3.84646 4.80384 4.38768 5.16275 6.06762 5.64533 5.39152 5.17648 4.66062 4.61943 4.66082 5.30621 4.84089 5.10913 5.10178 5.07651 5.22309 5.39373 5.57397 5.59719 5.59033 5.58644 5.5574 5.5575 5.53858 5.51924 5.50025 5.47403 5.24477 2.90203 1.4986 -9999 -9999 -9999 -9999 -9999
-9999 -9999 -9999 -9999 -9999 5.82584 6.36928 8.32924 8.92462 9.78544 10.2384 10.2508 9.6834 9.36387 8.07462 7.65206 5.55628 4.60288 5.3968 5.08005 7.45305 9.55077 9.07565 4.80451 3.24842 2.13421 2.40235 2.39069 1.97211 -0.281078 -0.909594 1.08068 2.33058 3.29764 4.02992 4.17621 4.14399 5.64535 5.83855 6.32113 6.20675 6.2437 5.47337 4.99266 5.39028 4.90485 4.81283 5.48002 4.80115 5.39449 5.30888 5.11811 5.0997 5.48922 5.56179 5.59664 5.59158 5.56903 5.54187 5.52265 5.52748 5.51289 5.48171 5.47321 5.44146 5.15126 3.93468 3.50237 3.95847 -9999 -9999 -9999
-9999 -9999 -9999 -9999 -9999 -9999 4.52518 7.25394 8.49252 9.14016 10.0569 10.1598 9.85174 9.30585 7.99328 6.83802 4.96366 2.82345 1.68543 5.05648 7.98835 9.51272 9.29492 5.73755 4.32513 4.24632 5.05607 4.34699 3.80607 2.08974 1.57008 0.853234 1.27781 2.62799 3.73139 4.79667 5.56951 5.62637 6.12547 6.40797 6.42384 6.50637 6.40782 6.32523 5.57672 6.07364 5.6323 5.85009 5.69224 5.54886 5.42037 4.99074 5.27886 5.53346 5.59324 5.60508 5.58203 5.57118 5.55278 5.52062 5.50076 5.49047 5.47892 5.45591 5.44574 5.41974 5.27391 4.53769 3.55571 2.31803 -9999 -9999
-9999 -9999 -9999 -9999 -9999 -9999 3.15094 5.86661 7.16743 8.849 9.70678 10.05 9.9963 9.55253 8.55342 7.05288 5.80131 3.41286 0.932437 4.47197 7.62182 9.31643 9.39504 6.39973 7.21216 6.53132 6.787 5.55177 5.03099 4.61249 3.72367 2.75353 1.69123 1.1265 3.61483 4.88918 5.91352 6.39284 6.66062 6.79045 6.70855 6.51137 5.39376 6.22934 6.17023 6.07554 5.9684 5.91105 5.81296 5.69944 5.62431 5.59342 5.3055 5.61174 5.59531 5.59202 5.5861 5.57045 5.54723 5.52577 5.50076 5.4919 5.4712 5.45085 5.43348 5.41681 5.3973 5.34677 5.14339 3.48516 2.48921 2.19958
-9999 -9999 -9999 -9999 -9999 -9999 -0.686486 3.2699 6.44067 8.09669 9.44039 9.80507 9.93685 9.34363 8.89818 7.82034 6.79893 5.22677 2.87531 1.42344 4.07088 7.92177 9.33272 9.20473 9.10279 8.31815 7.60973 7.50893 7.54842 6.72202 5.52715 3.97617 3.48433 2.93567 4.78688 5.03138 4.88806 6.92493 6.92209 6.79815 6.00791 5.12336 5.28057 4.72773 5.12875 4.4721 5.05569 5.5587 5.74005 5.71382 5.6313 5.61123 5.57178 5.61627 5.60736 5.59077 5.57638 5.56514 5.54981 5.51817 5.49652 5.49662 5.47047 5.44904 5.42611 5.41191 5.39709 5.3571 5.31979 5.05601 4.66482 3.92534
-9999 -9999 -9999 -9999 -9999 -9999 -0.527252 2.79651 5.61723 7.30181 8.92572 9.29657 9.83984 9.71357 9.24708 8.30896 7.13846 5.84294 3.82423 2.32096 4.08761 6.64197 8.46662 9.10775 9.08754 9.03072 8.84356 8.75381 8.53846 8.37654 7.52021 6.05226 5.22058 4.00825 6.07207 6.29656 5.96458 6.99095 6.9312 5.35924 4.14848 3.99 4.71378 4.00659 3.86941 3.42333 3.90385 5.20908 4.8122 4.87786 5.45971 5.54886 5.6002 5.60876 5.59651 5.58577 5.56788 5.5617 5.5554 5.52407 5.50504 5.49119 5.45967 5.44472 5.41939 5.39532 5.37308 5.34695 5.31224 5.22998 5.13964 5.20895
-9999 -9999 -9999 -9999 -9999 -9999 -0.467607 1.76572 4.30334 6.78958 8.5243 9.21942 9.72362 9.7105 9.16918 8.69877 7.96183 6.82087 6.03509 4.67705 2.8163 5.90846 6.85008 7.68238 8.02261 8.89509 8.8608 8.44273 7.95234 8.37829 8.23603 7.07427 6.68614 6.03767 7.18162 7.17604 7.13591 7.06601 5.73664 3.89188 2.4155 3.4631 3.23337 3.70787 2.19106 3.41531 4.39964 4.71188 4.02492 3.51323 5.04958 5.29419 5.43833 5.52784 5.58402 5.56053 5.56856 5.55166 5.53928 5.5263 5.5048 5.48827 5.46601 5.44314 5.41844 5.39621 5.3686 5.33576 5.32408 5.27431 5.24935 5.22224
-9999 -9999 -9999 -9999 -9999 -9999 -9999 0.431908 3.64564 6.51987 8.11661 9.11799 9.60187 9.5851 9.3043 8.98202 8.52157 7.69567 6.66001 5.02844 3.81424 4.56771 5.48988 5.57775 6.18572 7.97188 8.57403 7.69121 5.5189 6.77481 8.18162 8.14869 8.01831 7.874 7.69198 7.52747 7.17774 6.25506 3.44551 2.88572 1.77823 1.89424 1.32138 2.5417 2.06649 3.32116 3.85903 4.05565 2.87589 3.10745 4.46845 5.0034 4.90441 5.22985 5.54016 5.54272 5.54407 5.52806 5.52712 5.52173 5.50832 5.48558 5.46641 5.44976 5.41211 5.40216 5.28823 5.21075 5.06378 5.2239 5.2306 5.22287
-9999 -9999 -9999 -9999 -9999 -9999 -9999 -0.224819 2.98862 6.37515 7.45687 8.53691 9.46809 9.47836 9.05323 8.64833 8.23123 7.75721 6.50305 5.2862 4.12363 3.72632 3.94772 3.91345 4.90502 7.23622 7.6781 7.47296 5.20094 4.42925 6.31231 7.89367 8.00951 7.85615 5.97483 6.36511 5.34656 3.96821 3.58282 2.97474 1.69899 2.30013 1.36293 1.75159 1.6286 2.3367 2.67678 3.5208 2.49154 2.4804 3.8163 4.48806 4.49659 5.20259 5.44922 5.50811 5.51718 5.52154 5.51694 5.52042 5.50599 5.48747 5.46535 5.42283 5.33293 5.07086 3.70361 3.69597 4.05852 4.40122 5.02805 5.19599
-9999 -9999 -9999 -9999 -9999 -9999 -9999 0.138521 2.36572 5.36968 7.59283 7.72477 8.80157 9.35346 8.89174 8.37275 7.84174 7.60448 6.24043 4.74266 3.53037 2.09692 2.32091 3.33213 4.98691 6.489 6.74827 6.42419 5.19545 5.75444 7.03558 7.71149 7.90429 7.73605 7.31939 7.0751 6.32272 5.99187 4.95029 3.3264 2.68149 3.07565 1.35174 1.4624 2.08719 1.39637 2.49719 3.01891 1.69287 2.71874 3.90292 4.50422 5.02908 5.27332 5.36594 5.51238 5.50871 5.51399 5.51335 5.50333 5.49537 5.46231 5.43337 5.28103 5.06015 3.78816 3.24662 3.34076 3.9156 4.41789 4.93616 5.14658
-9999 -9999 -9999 -9999 -9999 -9999 -9999 0.509894 2.51436 5.11786 6.70044 6.97674 8.17165 9.23327 9.10542 8.56572 8.39529 7.83583 6.67766 5.39909 4.00219 3.31787 1.75726 3.27337 4.46457 5.73523 6.32385 5.30933 4.80172 5.67217 6.53774 6.87784 7.75269 7.73527 7.43831 6.1874 5.5731 5.82065 5.55191 5.0876 3.96702 3.9087 3.1855 2.88055 2.59188 1.66652 2.23598 2.28436 2.42771 3.66677 4.27893 4.68205 5.04814 5.13828 5.29308 5.49646 5.50726 5.50706 5.4983 5.49437 5.47083 5.4026 5.34363 5.04577 4.52482 3.56008 1.9955 3.07871 4.21182 4.53998 4.85876 5.02263
-9999 -9999 -9999 -9999 -9999 -9999 -9999 0.156809 2.28683 4.51069 5.43558 5.58564 7.75486 9.07987 9.07377 8.81344 8.51066 7.14178 7.2126 6.93134 5.67048 3.83799 1.82616 2.00384 3.18063 4.8621 5.41151 3.74987 3.16126 3.577 4.89098 6.06639 7.29434 7.59959 7.22782 5.28539 3.22182 4.16644 5.17634 5.16214 4.85472 3.81476 3.47844 3.17302 2.41152 1.12323 1.29717 1.64206 3.04625 3.48801 4.17543 4.74505 4.51878 4.63812 5.18309 5.49246 5.49656 5.49435 5.49691 5.48165 5.45464 5.32679 5.19174 4.97058 3.62631 2.78702 1.56647 2.95993 3.7296 4.12689 4.85956 5.0278
-9999 -9999 -9999 -9999 -9999 -9999 -9999 -0.515508 1.02788 3.15313 4.00461 5.36797 7.41739 8.42114 8.8979 8.87874 8.67409 8.05634 7.68127 6.9506 5.63951 3.84999 1.86162 0.563641 1.20845 3.46933 3.9931 2.46327 1.6855 2.63212 4.03316 6.11246 7.29666 7.44884 7.33211 6.92467 5.41573 3.59448 3.59214 4.49279 3.72349 2.83065 3.30816 3.20927 2.45734 1.90786 1.56004 1.75225 2.54831 2.87531 3.67082 4.84915 5.01086 4.96903 5.46063 5.47766 5.4814 5.49233 5.48378 5.47116 5.44805 5.34227 5.11539 4.21791 3.43406 2.34681 2.20463 3.44033 3.97511 4.47075 4.8258 4.9358
-9999 -9999 -9999 -9999 -9999 -9999 -9999 -1.66579 0.151689 2.14206 4.00526 5.76764 7.28332 7.39274 8.18815 8.17868 8.59129 8.46197 7.88861 7.27193 6.14116 3.84522 1.91294 -0.193688 0.349256 2.65621 2.93407 1.91244 0.0334816 1.95386 4.07282 5.99255 7.02768 6.20007 7.03028 6.95269 6.38193 5.2943 3.60794 3.63117 2.36521 2.30188 2.93894 3.13975 3.02329 2.60865 1.94664 2.04048 2.51755 2.6344 3.36481 4.27704 5.16881 5.3119 5.47551 5.47491 5.46977 5.47586 5.46969 5.44291 5.38875 5.27849 4.52489 3.63011 3.07554 2.3154 2.21545 3.64706 4.20599 4.51237 4.81796 4.93347
-9999 -9999 -9999 -9999 -9999 -9999 -9999 -9999 -0.0456562 2.01091 3.53055 3.93363 5.27993 6.00306 6.56073 6.67777 8.28449 8.36492 7.99829 7.43123 6.46559 4.72126 3.50291 1.48198 0.0265266 0.599813 0.856245 1.37765 1.21122 2.06235 4.09821 6.21982 6.44313 5.08047 5.27211 5.54665 6.17284 5.84228 3.54759 2.37755 1.40486 2.08112 2.79289 2.95845 2.98447 2.83651 2.65726 2.3613 3.31626 4.02067 4.17743 4.79072 5.24142 5.36 5.44742 5.45122 5.45528 5.44755 5.41289 5.38552 5.26227 4.99596 4.15399 2.14065 2.22569 2.00013 1.36765 2.76411 3.63322 4.42067 4.83507 4.93571
-9999 -9999 -9999 -9999 -9999 -9999 -9999 -9999 -0.743284 1.63759 2.13388 2.08801 1.2886 1.64444 4.56879 5.15096 6.69159 8.14985 8.03351 7.47713 6.5732 5.53068 3.92145 1.64988 -0.157196 -0.938687 0.980503 2.86743 3.24987 3.84667 5.09049 5.31934 3.92672 2.62038 3.33995 3.77 5.43312 5.72968 5.39622 4.01022 2.4267 1.59591 2.55761 2.67844 2.7277 2.73016 2.68543 2.62584 3.69989 4.2924 4.70084 4.91942 5.30521 5.39787 5.42208 5.44448 5.42944 5.40123 5.33107 5.25233 4.9326 4.54711 3.17325 2.02631 1.30778 0.39788 2.41998 3.00869 3.82808 4.35411 4.76619 4.84974
