Test_Spring_2018/01_18/Temp/20180103_022.txt
ncols	170
nrows	115
xllcorner	350000.000000
yllcorner	4445000.000000
cellsize	1000.000000
nodata_value	-9999.000000
[rows 31 to 61 of 115, columns 71 to 141 of 170]
7.83587 8.04598 7.64083 7.67793 8.63827 8.84816 8.83094 8.73662 8.64223 8.18139 8.02565 7.66232 7.02425 6.75573 5.62259 1.96308 2.99666 3.39983 2.33769 2.92802 3.88984 3.04908 0.557344 -0.516898 -2.24614 -1.69585 -2.21695 -3.60879 -9999 -9999 -9999 -9999 -9999 -9999 -9999 -9999 -9999 -9999 -9999 -9999 -9999 -9999 -9999 -9999 -9999 -9999 -9999 -9999 -9999 -9999 -9999 -9999 -9999 -9999 -9999 -9999 -9999 -9999 -9999 -9999 -9999 -9999 -9999 -9999 -9999 -9999 -9999 -9999 -9999 -9999 -9999
7.6231 7.59574 7.20549 7.8011 8.34921 8.00733 7.78004 8.68013 8.6774 8.36567 7.63708 7.36827 7.08973 6.91825 5.9847 3.36935 1.01153 2.27193 2.30003 1.42539 2.98894 2.16044 0.00188131 -3.0446 -1.39101 -1.82318 -3.97697 -4.50943 -9999 -9999 -9999 -9999 -9999 -9999 -9999 -9999 -9999 -9999 -9999 -9999 -9999 -9999 -9999 -9999 -9999 -9999 -9999 -9999 -9999 -9999 -9999 -9999 -9999 -9999 -9999 -9999 -9999 -9999 -9999 -9999 -9999 -9999 -9999 -9999 -9999 -9999 -9999 -9999 -9999 -9999 -9999
7.27911 7.07356 6.90429 7.79101 7.76941 7.7114 8.02458 8.58164 8.69116 8.56807 8.24892 7.97241 7.67852 6.93639 5.86876 3.63017 0.94664 0.33652 1.64703 1.70818 1.91734 1.16204 0.213801 -1.26866 -0.0576503 0.41166 -1.00293 -2.86051 -4.05559 -9999 -9999 -9999 -9999 -9999 -9999 -9999 -9999 -9999 -9999 -9999 -9999 -9999 -9999 -9999 -9999 -9999 -9999 -9999 -9999 -9999 -9999 -9999 -9999 -9999 -9999 -9999 -9999 -9999 -9999 -9999 -9999 -9999 -9999 -9999 -9999 -9999 -9999 -9999 -9999 -9999 -9999
6.76136 6.4514 5.58573 6.11899 6.51864 7.25962 7.44508 7.55422 8.61279 8.55412 8.50256 8.04715 7.68257 7.08003 6.05243 4.59036 2.83047 -0.232283 1.65312 3.12909 3.08942 3.00668 2.34174 0.917321 2.10575 2.15981 0.352164 -1.71189 -2.92695 -3.43025 -9999 -9999 -9999 -9999 -9999 -9999 -9999 -9999 -9999 -9999 -9999 -9999 -9999 -9999 -9999 -9999 -9999 -9999 -9999 -9999 -9999 -9999 -9999 -9999 -9999 -9999 -9999 -9999 -9999 -9999 -9999 -9999 -9999 -9999 -9999 -9999 -9999 -9999 -9999 -9999 -9999
6.04319 5.74463 4.68785 5.2244 5.94131 6.95214 7.473 7.8675 8.18232 8.50351 8.4629 7.99687 6.62496 6.42719 6.36581 5.40881 3.4027 1.39925 0.878795 3.13132 3.77466 3.64124 4.14274 2.93568 3.50323 3.26772 2.62503 0.644603 -1.16669 -1.91671 -3.39743 -9999 -9999 -9999 -9999 -9999 -9999 -9999 -9999 -9999 -9999 -9999 -9999 -9999 -9999 -9999 -9999 -9999 -9999 -9999 -9999 -9999 -9999 -9999 -9999 -9999 -9999 -9999 -9999 -9999 -9999 -9999 -9999 -9999 -9999 -9999 -9999 -9999 -9999 -9999 -9999
-9999 -9999 -9999 4.01796 4.99292 5.79854 6.78991 7.64069 8.06781 8.48272 8.44677 7.51755 7.06192 7.02012 6.3923 5.28781 4.59386 3.33168 2.01674 2.51624 4.43677 3.57954 4.93954 4.82215 5.07026 4.1575 2.4308 0.130763 -1.21609 -1.88748 -3.08789 -9999 -9999 -9999 -9999 -9999 -9999 -9999 -9999 -9999 -9999 -9999 -9999 -9999 -9999 -9999 -9999 -9999 -9999 -9999 -9999 -9999 -9999 -9999 -9999 -9999 -9999 -9999 -9999 -9999 -9999 -9999 -9999 -9999 -9999 -9999 -9999 -9999 -9999 -9999 -9999
-9999 -9999 -9999 -9999 4.80909 5.42168 6.74676 7.42774 7.70408 8.37476 8.37393 8.02052 7.7532 7.36631 6.86166 6.03105 5.11487 3.92763 3.81589 5.04365 5.05675 4.79768 4.99741 5.62698 5.45805 4.04744 1.61336 0.325669 -2.28355 -3.40428 -3.29159 -4.0865 -9999 -9999 -9999 -9999 -9999 -9999 -9999 -9999 -9999 -9999 -9999 -9999 -1.05767 -9999 -9999 -9999 -9999 -9999 -9999 -9999 -9999 -9999 -9999 -9999 -9999 -9999 -9999 -9999 -9999 -9999 -9999 -9999 -9999 -5.82283 -9999 -9999 -9999 -9999 -9999
-9999 -9999 -9999 4.69044 5.51031 6.15314 6.98275 7.0619 7.55168 8.3232 8.33216 8.08084 7.7972 7.1623 7.00338 6.52966 5.53512 5.33002 5.73025 5.91347 6.12139 6.24856 6.14139 5.88312 5.54992 4.63918 3.50862 2.74901 0.365739 -0.843576 -2.00038 -3.7501 -5.11929 -9999 -9999 -9999 -9999 -9999 -9999 -9999 -1.97921 -2.04373 -2.01207 -1.62795 -0.56882 -1.18969 -9999 -9999 -9999 -9999 -9999 -9999 -9999 -9999 -9999 -9999 -9999 -9999 -9999 -9999 -9999 -9999 -9999 -9999 -9999 -4.87493 -6.25156 -9999 -9999 -9999 -9999
-9999 -9999 -9999 4.90447 5.77416 6.2072 7.01293 7.47284 7.77148 8.03739 8.29145 8.24611 7.93243 7.45645 7.45738 6.80239 6.44828 6.19487 6.73695 6.84245 6.62205 6.34609 6.10172 5.4146 5.33289 5.1077 4.38913 3.21109 1.99718 0.250546 -2.12428 -4.45327 -6.33221 -9999 -9999 -9999 -9999 -9999 -9999 -1.78945 -0.910139 -0.382932 -1.50181 -0.544223 0.331229 0.192717 -0.652164 -9999 -9999 -9999 -9999 -9999 -9999 -9999 -9999 -9999 -9999 -9999 -9999 -9999 -9999 1.64318 0.231944 -2.61841 -4.07948 -4.95612 -6.20778 -9999 -9999 -9999 -9999
-9999 -9999 -9999 4.72666 5.75438 6.4498 7.0668 7.16342 7.79389 8.06901 8.20439 8.18588 8.12191 8.03244 7.46048 7.2133 6.34994 7.17203 7.13883 6.92825 6.10051 5.74046 4.3206 3.6944 3.55281 4.74251 3.85882 2.01644 -0.286136 -3.05283 -3.2303 -4.14713 -5.82699 -9999 -9999 -9999 -9999 -9999 -9999 -1.52467 -0.584085 0.201435 0.316758 -0.794966 0.760021 0.703477 -0.164513 -0.360706 0.352757 0.714558 0.447606 1.30404 1.55266 1.16784 1.5879 -9999 -9999 -9999 -9999 1.83235 1.88866 1.93122 1.34305 -1.77077 -3.89742 -5.80716 -5.98322 -9999 -9999 -9999 -9999
-9999 -9999 -9999 5.43506 6.06692 6.3853 6.4349 6.98843 7.53902 7.87912 8.12519 8.07279 8.05033 8.02666 7.8297 7.37483 7.45434 7.4157 7.14942 5.57561 3.73894 4.53643 3.44574 1.11122 3.00473 4.04288 3.04177 0.809612 -1.77834 -2.62802 -2.59095 -3.86534 -5.50529 -9999 -9999 -9999 -4.10154 -2.75628 -2.63957 -2.24262 -0.988201 -0.0334527 0.688058 1.17914 1.16621 0.652703 -0.19608 -1.11901 -0.788635 0.874503 1.28017 1.62834 1.8859 1.52843 1.71102 2.1542 2.3825 2.42771 2.32183 2.2968 2.3322 2.27845 1.7294 -1.05301 -2.64699 -3.66393 -5.71135 -9999 -9999 -9999 -9999
-9999 -9999 -9999 5.0318 5.58098 6.02529 6.76231 6.83837 7.30536 7.57965 7.99211 8.03662 7.54997 7.94835 7.8946 7.81774 7.65691 7.42216 6.09334 4.26254 2.42713 1.57856 1.93645 0.531485 1.25054 2.30242 1.9157 0.543832 -1.76217 -2.08981 -2.629 -4.76638 -6.82796 -9999 -9999 -6.71809 -4.13668 -2.31897 -1.38131 -1.09064 -1.0622 0.14066 0.236307 1.53177 1.23112 -0.477005 -0.282944 -0.944988 -0.512453 0.0958534 0.26353 1.14154 1.98916 2.14757 2.15005 2.43162 2.48825 2.50171 2.49294 2.29985 2.38666 2.39941 2.05691 0.03865 -0.94554 -2.02933 -5.69293 -9999 -9999 -9999 -9999
-9999 -9999 -9999 5.30769 5.92176 6.59445 6.70133 7.19912 7.14514 6.99883 7.69424 7.94779 7.60358 7.35526 7.80699 7.77354 7.71129 7.61005 6.36122 4.91627 2.72975 1.37022 0.537324 -0.0547435 -0.84469 -0.305974 -0.474546 -0.699591 -0.447327 -1.08289 -2.35027 -3.60529 -5.94804 -7.21845 -9999 -6.58526 -5.42142 -3.25949 -1.42176 -0.254763 -0.673788 0.694003 0.948967 1.73941 1.27853 0.242874 -0.203548 -0.24173 -0.376811 0.544824 1.16702 1.60507 1.89682 2.26335 2.3545 2.44583 2.48294 2.50238 2.5222 2.51614 2.50779 2.46616 2.33709 1.40895 0.427009 -1.69544 -5.57713 -9999 -9999 -9999 -9999
-9999 -9999 3.51027 5.23273 6.26422 6.66197 6.94833 7.20046 7.38235 7.57194 7.75044 7.87322 7.81819 6.91029 6.9822 7.14297 7.6551 7.61641 7.50166 6.71069 4.05062 3.12923 1.78312 0.04197 -0.686243 -0.325963 1.09607 1.02944 0.0827307 -0.972052 -2.43018 -3.35813 -4.79808 -7.55699 -7.31203 -6.07228 -5.14989 -3.6811 -1.43463 0.140623 0.844145 1.11077 1.66602 1.95589 1.32227 0.721686 0.469738 0.00119166 -0.0634595 -0.0584469 0.498799 0.933875 1.90161 2.22579 2.3756 2.44977 2.48879 2.51668 2.54421 2.5529 2.5332 2.53334 2.52521 2.45695 1.14941 -2.12481 -4.59157 -9999 -9999 -9999 -9999
-9999 -9999 -9999 4.90943 5.36157 5.47787 5.68348 6.10732 6.59647 7.28925 7.37696 7.75889 7.75498 6.97276 6.06927 6.85261 7.16259 7.48398 7.49165 7.38798 5.15056 3.9795 3.05683 1.38711 1.9865 2.55478 2.59518 2.24749 0.22108 -1.79721 -4.12508 -6.29885 -6.4059 -7.57708 -6.96037 -6.14248 -4.03766 -2.55638 -1.95588 -1.52409 0.760951 1.35618 1.56121 2.14781 1.35235 1.15408 0.55709 0.737484 0.687092 0.692332 -0.966434 0.700757 0.799786 1.88496 2.37379 2.4846 2.51301 2.54336 2.54686 2.55169 2.54553 2.55564 2.53876 2.51871 1.6684 -2.48059 -4.56602 -9999 -9999 -9999 -9999
-9999 -9999 -9999 -9999 -9999 5.0444 5.38868 5.60849 5.99094 7.16651 7.48234 7.69167 7.70795 7.35826 6.46409 6.22725 6.38895 5.5163 6.24257 7.23661 7.20926 7.08571 5.11934 4.11298 5.08272 4.78414 3.30503 2.14021 0.990423 -1.37204 -3.10355 -5.59442 -7.46566 -7.53925 -5.48078 -3.77052 -1.64069 -0.701515 -1.23787 -0.657899 0.476957 1.76692 2.39172 2.24673 1.40818 1.29424 0.37255 1.28336 1.36343 0.943039 0.579635 0.72691 1.2644 1.4694 2.31801 2.52285 2.55922 2.56397 2.56578 2.56062 2.55451 2.54229 2.5324 2.51982 2.48106 -1.78381 -5.10395 -9999 -9999 -9999 -9999
-9999 -9999 -9999 -9999 -9999 4.22153 4.43021 4.98317 6.40732 7.14976 7.44959 7.43763 7.57552 7.32848 6.54157 5.73383 4.97184 3.98952 4.54826 6.02943 6.90149 6.99825 5.27418 6.16793 5.8297 5.16567 3.23215 1.80627 1.04872 -1.21952 -3.16312 -4.82142 -7.10974 -6.13561 -5.06219 -3.68222 -1.35794 0.209969 0.853906 0.312403 1.03833 2.52255 2.5325 1.72343 1.77855 1.28826 0.027849 1.34549 1.71798 1.4219 1.50114 1.39187 1.59254 1.9569 2.30496 2.53587 2.56604 2.56842 2.55904 2.557 2.55601 2.53826 2.53846 2.52573 2.50352 -0.249468 -5.17134 -9999 -9999 -9999 -9999
-9999 -9999 -9999 -9999 -9999 -9999 3.46988 4.73491 6.62621 7.09159 7.04683 7.43613 7.46824 7.0899 6.76127 5.78107 4.44238 1.87231 2.52464 3.88789 5.85441 6.88654 6.74407 6.16635 5.16346 2.7407 0.619943 0.359562 0.00958235 -1.64666 -3.14442 -4.98765 -3.92494 -2.76035 -1.4857 -0.817024 -0.99348 0.349841 1.44539 0.979599 1.86994 2.90915 2.44003 2.16368 1.9324 1.36515 1.33349 1.3959 2.14526 1.63096 1.95054 1.96062 1.94382 2.12138 2.32519 2.53879 2.5728 2.57176 2.57352 2.5468 2.55387 2.54014 2.52688 2.51497 2.49573 2.24633 -0.406004 -1.98998 -9999 -9999 -9999
-9999 -9999 -9999 -9999 -9999 -9999 2.29675 2.92637 5.16674 5.85457 6.84367 7.36807 7.39067 6.75302 6.39695 4.93714 4.46255 2.08504 1.00769 1.91842 1.56666 4.2752 6.67151 6.14742 1.30185 -0.455102 -1.70922 -1.39098 -1.39113 -1.85447 -4.40123 -5.10536 -2.83166 -1.40103 -0.293024 0.547123 0.720488 0.689876 2.4039 2.63181 3.18943 3.06924 3.12238 2.2584 1.7248 2.19648 1.65938 1.56992 2.34395 1.58666 2.27596 2.19704 1.99201 1.98196 2.43478 2.52601 2.57332 2.57457 2.5551 2.53023 2.51587 2.52909 2.52111 2.49518 2.49592 2.47101 2.15317 0.781596 0.302356 0.833786 -9999
-9999 -9999 -9999 -9999 -9999 -9999 -9999 0.83113 3.94569 5.36486 6.11122 7.16298 7.28836 6.94799 6.3333 4.84642 3.53857 1.41305 -1.01438 -2.30065 1.54229 4.88653 6.63066 6.39932 2.36546 0.77172 0.695071 1.62913 0.835451 0.232717 -1.70344 -2.2839 -3.08948 -2.59764 -1.05219 0.210031 1.42791 2.31316 2.38428 2.95896 3.29086 3.31874 3.42358 3.32349 3.24249 2.41037 2.99032 2.50322 2.76581 2.6009 2.45201 2.3243 1.84752 2.18611 2.48551 2.56226 2.58418 2.56472 2.5587 2.54391 2.51356 2.50069 2.4975 2.49374 2.47778 2.47718 2.45961 2.3057 1.48057 0.376069 -1.01924
-9999 -9999 -9999 -9999 -9999 -9999 -9999 -0.729667 2.36968 3.85934 5.78146 6.7694 7.1688 7.11429 6.61585 5.48567 3.78524 2.36828 -0.341343 -3.15499 0.87831 4.47247 6.41014 6.51039 3.12123 4.0578 3.29605 3.59954 2.20707 1.62693 1.1669 0.166373 -0.927429 -2.12401 -2.75794 0.0790387 1.53494 2.70647 3.25832 3.57004 3.72552 3.64206 3.43223 2.17275 3.13577 3.08761 2.9942 2.8868 2.83601 2.73869 2.62342 2.55637 2.53296 2.21627 2.57583 2.56591 2.56977 2.57 2.55873 2.53866 2.52066 2.49891 2.49804 2.48699 2.47381 2.46473 2.4575 2.44694 2.40142 2.18221 0.308276
-9999 -9999 -9999 -9999 -9999 -9999 -9999 -5.09208 -0.581871 3.03958 4.93172 6.47029 6.89219 7.04878 6.3805 5.88025 4.66081 3.50584 1.72486 -0.94198 -2.58499 0.434035 4.82387 6.4423 6.31449 6.21065 5.33044 4.53692 4.43438 4.49113 3.5671 2.22293 0.467638 -0.0819685 -0.69873 1.41379 1.69857 1.54222 3.86594 3.87003 3.737 2.84682 1.8518 2.0413 1.43037 1.90536 1.17223 1.84995 2.43603 2.65606 2.63965 2.56412 2.55493 2.52049 2.5811 2.57951 2.56843 2.55926 2.55327 2.54242 2.51305 2.49529 2.5027 2.48377 2.46838 2.45794 2.4532 2.4476 2.41367 2.38298 2.09477
-9999 -9999 -9999 -9999 -9999 -9999 -9999 -4.90249 -1.11225 2.10506 4.03249 5.88716 6.31611 6.94087 6.80388 6.27988 5.21956 3.8952 2.42902 0.140753 -1.56068 0.457766 3.37128 5.45689 6.20415 6.19578 6.14297 5.9419 5.85721 5.62347 5.45518 4.49063 2.83214 1.89414 0.522671 2.87727 3.13957 2.76893 3.9435 3.88306 2.10312 0.734663 0.563848 1.3995 0.606369 0.469072 -0.0187962 0.541114 2.03909 1.6028 1.69052 2.37086 2.48339 2.55295 2.57207 2.56676 2.56252 2.54962 2.54965 2.54934 2.52057 2.50599 2.49765 2.46972 2.46507 2.44577 2.42927 2.42111 2.40252 2.37436 2.29218
-9999 -9999 -9999 -9999 -9999 -9999 -9999 -4.82839 -2.28209 0.612948 3.45247 5.43316 6.231 6.81141 6.80329 6.19437 5.66622 4.83516 3.54492 2.65909 1.12283 -0.984749 2.54179 3.62118 4.58587 4.98975 5.99385 5.96648 5.50238 4.96368 5.45804 5.30863 3.99579 3.56239 2.83247 4.14102 4.14188 4.10346 4.03136 2.527 0.436877 -1.23368 -0.0327429 -0.284037 0.269149 -1.43749 -0.0315532 1.10115 1.46953 0.707382 0.137889 1.90386 2.19422 2.36818 2.47934 2.55195 2.53337 2.55016 2.53826 2.5313 2.52365 2.50646 2.49522 2.47789 2.46036 2.44594 2.43131 2.41016 2.38037 2.37832 2.33981
-9999 -9999 -9999 -9999 -9999 -9999 -9999 -9999 -3.79263 -0.124889 3.15215 4.97573 6.12181 6.67909 6.66685 6.35437 5.99488 5.47855 4.54691 3.37713 1.52999 0.158035 1.02461 2.08198 2.20035 2.90303 4.9459 5.64197 4.64881 2.19524 3.63752 5.24688 5.21815 5.07815 4.92194 4.72322 4.54357 4.15325 3.11137 -0.0764344 -0.705319 -1.95622 -1.81489 -2.45652 -1.05467 -1.57613 -0.136806 0.48747 0.723716 -0.605625 -0.322552 1.23906 1.85836 1.75601 2.13583 2.50133 2.51251 2.52189 2.51123 2.51754 2.51876 2.51096 2.48944 2.47553 2.46493 2.43616 2.43552 2.31595 2.23824 2.08181 2.27491
-9999 -9999 -9999 -9999 -9999 -9999 -9999 -9999 -4.5319 -0.868713 2.99098 4.22876 5.46441 6.53059 6.54926 6.07277 5.61944 5.1525 4.62113 3.20277 1.82723 0.513814 0.0711865 0.332615 0.310414 1.44897 4.11133 4.62466 4.4019 1.83931 0.971042 3.12199 4.92939 5.06951 4.90312 2.77109 3.22274 2.07193 0.512 0.0817134 -0.601527 -2.0438 -1.35076 -2.40699 -1.95465 -2.07196 -1.25485 -0.856115 0.115919 -1.04281 -1.03609 0.496849 1.27143 1.29115 2.1037 2.39325 2.46879 2.48725 2.50004 2.50241 2.51389 2.50504 2.4917 2.47456 2.43458 2.34113 2.05808 0.513797 0.515146 0.937828 1.33809
-9999 -9999 -9999 -9999 -9999 -9999 -9999 -9999 -4.11469 -1.57345 1.85101 4.38711 4.54442 5.77632 6.41117 5.89316 5.31016 4.71369 4.45162 2.9082 1.21301 -0.157169 -1.7786 -1.51454 -0.354834 1.54477 3.26365 3.56888 3.21046 1.83484 2.47994 3.94613 4.72361 4.95128 4.76807 4.30212 4.03216 3.18427 2.81596 1.63942 -0.199189 -0.923923 -0.466408 -2.41765 -2.28177 -1.56072 -2.32284 -1.05933 -0.454422 -1.95125 -0.762451 0.595003 1.28913 1.89591 2.18309 2.29741 2.47256 2.47663 2.49062 2.49769 2.49402 2.49272 2.46301 2.43819 2.27332 2.03085 0.593161 -0.00593153 0.110838 0.774573 1.35593
-9999 -9999 -9999 -9999 -9999 -9999 -9999 -9999 -3.68811 -1.40036 1.56852 3.37599 3.69751 5.06382 6.27853 6.14034 5.53383 5.34752 4.71893 3.4096 1.96358 0.38323 -0.386365 -2.15246 -0.418787 0.953286 2.40857 3.08805 1.95688 1.38886 2.38805 3.38145 3.77691 4.78039 4.76878 4.43909 3.02427 2.33357 2.62326 2.32585 1.80622 0.540414 0.483177 -0.329997 -0.667082 -0.98534 -2.01413 -1.35545 -1.2894 -1.11185 0.31593 1.0224 1.49083 1.91679 2.02856 2.21353 2.45344 2.47403 2.4819 2.47988 2.48329 2.46442 2.39481 2.33593 2.00556 1.42172 0.333378 -1.42912 -0.187654 1.11073 1.49117
-9999 -9999 -9999 -9999 -9999 -9999 -9999 -9999 -4.08537 -1.65497 0.882001 1.94134 2.11928 4.59384 6.10816 6.1085 5.81976 5.48288 3.93357 4.02204 3.71025 2.28444 0.208649 -2.07094 -1.85992 -0.503847 1.41773 2.05231 0.185221 -0.475129 0.00670753 1.51003 2.85556 4.26065 4.61609 4.20136 2.00007 -0.339009 0.743607 1.90062 1.89298 1.55204 0.378147 0.00488515 -0.332948 -1.18928 -2.63578 -2.42238 -2.01947 -0.399843 0.112704 0.904489 1.56202 1.31403 1.45885 2.08753 2.44798 2.46096 2.46661 2.47756 2.46821 2.4455 2.30818 2.16281 1.91969 0.399327 -0.546423 -1.92391 -0.323282 0.561411 1.02727
-9999 -9999 -9999 -9999 -9999 -9999 -9999 -9999 -4.84562 -3.08264 -0.657928 0.317858 1.87582 4.21411 5.36302 5.91257 5.89812 5.67281 4.97778 4.55895 3.73585 2.25273 0.225613 -2.0275 -3.49521 -2.753 -0.164125 0.44687 -1.27607 -2.15175 -1.0662 0.536063 2.90963 4.26495 4.44628 4.32166 3.86635 2.15818 0.0948207 0.100482 1.1334 0.267055 -0.739571 -0.187284 -0.290377 -1.13603 -1.75122 -2.12254 -1.88952 -0.965797 -0.584061 0.330414 1.68011 1.87322 1.83459 2.40246 2.43033 2.44291 2.46353 2.4619 2.45562 2.43741 2.32527 2.07549 1.0631 0.180146 -1.04773 -1.20047 0.222541 0.837622 1.41718
-9999 -9999 -9999 -9999 -9999 -9999 -9999 -9999 -6.14948 -4.07489 -1.80371 0.322782 2.33456 4.06571 4.19734 5.1093 5.10583 5.58254 5.44297 4.79848 4.10489 2.82672 0.223401 -1.96611 -4.35379 -3.72765 -1.08629 -0.747399 -1.90049 -4.02884 -1.8358 0.582959 2.77497 3.96069 3.02754 3.98001 3.89987 3.25882 2.0299 0.120084 0.154962 -1.27635 -1.33956 -0.605891 -0.36823 -0.49124 -0.953248 -1.68738 -1.56093 -1.00038 -0.857894 -0.0176737 1.02916 2.05251 2.22406 2.41877 2.42652 2.42895 2.44406 2.44517 2.4228 2.36933 2.25213 1.40327 0.393963 -0.228235 -1.0841 -1.18891 0.450299 1.09945 1.46334
