Test_Spring_2018/01_18/Temp/20180121_014.txt
ncols	170
nrows	115
xllcorner	350000.000000
yllcorner	4445000.000000
cellsize	1000.000000
nodata_value	-9999.000000
[rows 32 to 63 of 115, columns 72 to 143 of 170]
9.84525 9.47223 10.0514 10.5846 10.2521 10.0374 10.9115 10.9121 10.6143 9.91382 9.65752 9.3919 9.22975 8.33155 5.80892 3.53511 4.75633 4.78726 3.94619 5.46025 4.66366 2.58221 -0.357021 1.24364 0.829429 -1.26083 -1.77073 -9999 -9999 -9999 -9999 -9999 -9999 -9999 -9999 -9999 -9999 -9999 -9999 -9999 -9999 -9999 -9999 -9999 -9999 -9999 -9999 -9999 -9999 -9999 -9999 -9999 -9999 -9999 -9999 -9999 -9999 -9999 -9999 -9999 -9999 -9999 -9999 -9999 -9999 -9999 -9999 -9999 -9999 -9999 -9999 -9999
9.3541 9.19446 10.0548 10.0377 9.98011 10.2868 10.8297 10.9388 10.8233 10.5185 10.2548 9.9745 9.26123 8.23361 6.07495 3.48655 2.90096 4.1706 4.23341 4.43916 3.71325 2.8009 1.37245 2.54565 3.00234 1.63059 -0.163654 -1.31631 -9999 -9999 -9999 -9999 -9999 -9999 -9999 -9999 -9999 -9999 -9999 -9999 -9999 -9999 -9999 -9999 -9999 -9999 -9999 -9999 -9999 -9999 -9999 -9999 -9999 -9999 -9999 -9999 -9999 -9999 -9999 -9999 -9999 -9999 -9999 -9999 -9999 -9999 -9999 -9999 -9999 -9999 -9999 -9999
8.76652 7.93412 8.45296 8.8427 9.55804 9.74179 9.85059 10.8765 10.8234 10.7771 10.3408 9.99228 9.41396 8.42509 7.01656 5.32037 2.36569 4.19063 5.62006 5.58542 5.50913 4.87043 3.49805 4.6495 4.70518 2.95485 0.95915 -0.211242 -0.694089 -9999 -9999 -9999 -9999 -9999 -9999 -9999 -9999 -9999 -9999 -9999 -9999 -9999 -9999 -9999 -9999 -9999 -9999 -9999 -9999 -9999 -9999 -9999 -9999 -9999 -9999 -9999 -9999 -9999 -9999 -9999 -9999 -9999 -9999 -9999 -9999 -9999 -9999 -9999 -9999 -9999 -9999 -9999
8.09733 7.08023 7.60215 8.29828 9.27913 9.7824 10.1666 10.4741 10.788 10.7524 10.3059 8.98451 8.79728 8.74182 7.82124 5.88726 3.95582 3.45684 5.63634 6.26143 6.13617 6.62415 5.46175 6.0135 5.78954 5.17271 3.25415 1.50398 0.783063 -0.643595 -9999 -9999 -9999 -9999 -9999 -9999 -9999 -9999 -9999 -9999 -9999 -9999 -9999 -9999 -9999 -9999 -9999 -9999 -9999 -9999 -9999 -9999 -9999 -9999 -9999 -9999 -9999 -9999 -9999 -9999 -9999 -9999 -9999 -9999 -9999 -9999 -9999 -9999 -9999 -9999 -9999 -9999
-9999 -9999 6.45014 7.39603 8.18001 9.13574 9.96078 10.3769 10.7813 10.7503 9.85657 9.42034 9.38388 8.78137 7.7184 7.05195 5.83657 4.57015 5.05632 6.91507 6.0906 7.40784 7.29799 7.54121 6.66314 4.99911 2.77233 1.47116 0.826437 -0.32918 -9999 -9999 -9999 -9999 -9999 -9999 -9999 -9999 -9999 -9999 -9999 -9999 -9999 -9999 -9999 -9999 -9999 -9999 -9999 -9999 -9999 -9999 -9999 -9999 -9999 -9999 -9999 -9999 -9999 -9999 -9999 -9999 -9999 -9999 -9999 -9999 -9999 -9999 -9999 -9999 -9999 -9999
-9999 -9999 -9999 7.23155 7.82898 9.11246 9.76831 10.0388 10.6903 10.6934 10.3559 10.1017 9.73203 9.2486 8.45027 7.56922 6.42625 6.32208 7.51169 7.52793 7.28122 7.47766 8.08933 7.92972 6.57081 4.22356 2.9836 0.454874 -0.623644 -0.510607 -1.27415 -9999 -9999 -9999 -9999 -9999 -9999 -9999 -9999 -9999 -9999 -9999 -9999 1.69607 -9999 -9999 -9999 -9999 -9999 -9999 -9999 -9999 -9999 -9999 -9999 -9999 -9999 -9999 -9999 -9999 -9999 -9999 -9999 -9999 -2.84786 -9999 -9999 -9999 -9999 -9999 -9999 -9999
-9999 -9999 7.12631 7.92414 8.54839 9.3532 9.428 9.90469 10.6537 10.6663 10.4275 10.1577 9.54857 9.39921 8.94571 7.98903 7.7948 8.18516 8.36578 8.57017 8.69651 8.59647 8.3505 8.03222 7.15636 6.06811 5.33835 3.03183 1.86476 0.751832 -0.933684 -2.25155 -9999 -9999 -9999 -9999 -9999 -9999 -9999 0.812855 0.753087 0.786024 1.1593 2.18455 1.58707 -9999 -9999 -9999 -9999 -9999 -9999 -9999 -9999 -9999 -9999 -9999 -9999 -9999 -9999 -9999 -9999 -9999 -9999 -9999 -1.91433 -3.24121 -9999 -9999 -9999 -9999 -9999 -9999
-9999 -9999 7.34872 8.19185 8.61332 9.39497 9.84274 10.1299 10.3906 10.64 10.6004 10.3016 9.84612 9.85129 9.22279 8.88481 8.64394 9.17133 9.27686 9.06748 8.80436 8.57174 7.91149 7.83612 7.62245 6.93221 5.79837 4.6301 2.93634 0.647153 -1.59757 -3.40748 -9999 -9999 -9999 -9999 -9999 -9999 1.01027 1.86235 2.37399 1.29536 2.22235 3.06997 2.93824 2.12554 -9999 -9999 -9999 -9999 -9999 -9999 -9999 -9999 -9999 -9999 -9999 -9999 -9999 -9999 4.38955 3.02893 0.278037 -1.13093 -1.97528 -3.18166 -9999 -9999 -9999 -9999 -9999 -9999
-9999 -9999 7.18983 8.18543 8.8602 9.45943 9.5562 10.1692 10.4339 10.5687 10.5551 10.4977 10.4157 9.86759 9.63312 8.80331 9.60137 9.57307 9.37326 8.57719 8.23279 6.86465 6.2632 6.13012 7.28298 6.43328 4.6578 2.43806 -0.231975 -0.406435 -1.28677 -2.90401 -9999 -9999 -9999 -9999 -9999 -9999 1.28279 2.19393 2.95489 3.0682 1.99609 3.49986 3.44816 2.61183 2.42477 3.11681 3.4696 3.21319 4.03671 4.28162 3.91496 4.3259 -9999 -9999 -9999 -9999 4.58454 4.64206 4.68584 4.12002 1.11436 -0.937804 -2.78034 -2.94599 -9999 -9999 -9999 -9999 -9999 -9999
-9999 -9999 7.88682 8.49985 8.81025 8.86126 9.39929 9.93515 10.263 10.5061 10.4598 10.4425 10.4241 10.2383 9.80328 9.88431 9.85102 9.59766 8.08113 6.31055 7.08435 6.0327 3.78174 5.61371 6.62017 5.65709 3.50518 1.00989 0.191967 0.22561 -0.999771 -2.57594 -9999 -9999 -9999 -1.1991 0.10459 0.221013 0.607567 1.82189 2.74633 3.44272 3.91857 3.90859 3.41412 2.59616 1.70698 2.02889 3.63871 4.03441 4.36567 4.61951 4.27961 4.46522 4.89855 5.12415 5.17253 5.07452 5.05408 5.0915 5.04233 4.51439 1.82467 0.286751 -0.693671 -2.66241 -9999 -9999 -9999 -9999 -9999 -9999
-9999 -9999 7.50974 8.04277 8.47473 9.19067 9.26742 9.72205 9.99116 10.3898 10.4371 9.97154 10.3609 10.3136 10.2438 10.0927 9.87006 8.59036 6.82559 5.05622 4.23998 4.58981 3.23615 3.93367 4.95346 4.58213 3.26356 1.0407 0.729098 0.211947 -1.85354 -3.83904 -9999 -9999 -3.71591 -1.21747 0.542684 1.45214 1.73599 1.76597 2.9299 3.02398 4.27685 3.98907 2.34043 2.52977 1.88928 2.30978 2.90486 3.07063 3.9216 4.73859 4.89697 4.9049 5.18239 5.2424 5.26031 5.25621 5.07349 5.16053 5.1755 4.84691 2.89937 1.95061 0.907949 -2.62474 -9999 -9999 -9999 -9999 -9999 -9999
-9999 -9999 7.78925 8.3849 9.03739 9.14359 9.62764 9.57887 9.44164 10.1173 10.3633 10.0354 9.80021 10.2412 10.2134 10.1577 10.064 8.86161 7.46955 5.36101 4.0512 3.25075 2.6823 1.92399 2.44825 2.28952 2.07648 2.32476 1.71437 0.494115 -0.712525 -2.97498 -4.19597 -9999 -3.57274 -2.44342 -0.350655 1.42825 2.55856 2.1562 3.47929 3.72707 4.49308 4.04913 3.04976 2.62371 2.58917 2.46143 3.35485 3.95682 4.38301 4.66968 5.02348 5.11728 5.21125 5.2526 5.27645 5.3001 5.29808 5.29319 5.25555 5.13299 4.23829 3.29362 1.24533 -2.49849 -9999 -9999 -9999 -9999 -9999 -9999
-9999 6.06323 7.72885 8.72755 9.11432 9.39376 9.64042 9.8195 10.0067 10.1828 10.3055 10.2545 9.38225 9.45642 9.61632 10.1154 10.0822 9.97535 9.21503 6.64907 5.76307 4.46758 2.78944 2.08912 2.44105 3.81878 3.75881 2.84899 1.83504 0.430667 -0.461097 -1.84617 -4.50915 -4.26633 -3.06298 -2.16674 -0.743407 1.43035 2.95498 3.63687 3.89617 4.43493 4.71609 4.10784 3.52883 3.28735 2.837 2.77719 2.78511 3.32691 3.7502 4.68745 5.00577 5.15183 5.22938 5.27274 5.30489 5.33609 5.34837 5.33252 5.33519 5.32938 5.26695 4.0057 0.84956 -1.52752 -9999 -9999 -9999 -9999 -9999 -9999
-9999 -9999 7.42835 7.86729 7.98208 8.18341 8.59584 9.07165 9.74477 9.83327 10.2062 10.2066 9.45413 8.58618 9.3475 9.65139 9.96607 9.97747 9.88106 7.72461 6.5972 5.70968 4.1006 4.68271 5.23558 5.27878 4.94734 2.99463 1.05002 -1.19434 -3.2885 -3.38622 -4.51231 -3.91326 -3.11727 -1.07875 0.356724 0.940602 1.36071 3.57021 4.1477 4.34872 4.9169 4.15002 3.9595 3.38465 3.56104 3.5149 3.52295 1.92412 3.53758 3.63767 4.69064 5.16665 5.27652 5.30974 5.34437 5.35242 5.36104 5.3583 5.37061 5.35766 5.34324 4.52444 0.51933 -1.48959 -9999 -9999 -9999 -9999 -9999 -9999
-9999 -9999 -9999 -9999 7.57475 7.90995 8.12522 8.49788 9.63728 9.94608 10.1522 10.1721 9.83869 8.97884 8.75475 8.91545 8.0768 8.78263 9.74707 9.72459 9.60909 7.7135 6.74461 7.68516 7.40074 5.97621 4.85549 3.74956 1.47251 -0.195727 -2.59618 -4.39802 -4.46342 -2.46949 -0.813364 1.24937 2.16126 1.64704 2.2103 3.31001 4.55824 5.16358 5.02511 4.21661 4.10749 3.21896 4.10084 4.18065 3.77746 3.42977 3.57505 4.09854 4.30119 5.12577 5.32859 5.36709 5.37702 5.3835 5.38252 5.3799 5.37284 5.36632 5.35697 5.32223 1.20531 -1.99633 -9999 -9999 -9999 -9999 -9999 -9999
-9999 -9999 -9999 -9999 6.79113 6.99532 7.53234 8.91118 9.63214 9.92541 9.91776 10.0551 9.82073 9.06502 8.28915 7.55764 6.61323 7.15722 8.59209 9.43847 9.53588 7.87443 8.74103 8.41823 7.78085 5.91741 4.54455 3.81749 1.63143 -0.241651 -1.83795 -4.04272 -3.09613 -2.05374 -0.715462 1.5344 3.05363 3.67965 3.16011 3.86412 5.30009 5.31161 4.53177 4.58659 4.11396 2.89826 4.17309 4.53532 4.25214 4.3319 4.2293 4.42729 4.78372 5.12464 5.35252 5.38652 5.39318 5.38887 5.39096 5.39428 5.38067 5.38409 5.37482 5.35626 2.69993 -2.04886 -9999 -9999 -9999 -9999 -9999 -9999
-9999 -9999 -9999 -9999 -9999 6.07879 7.30362 9.13368 9.58697 9.54734 9.92723 9.9623 9.60109 9.28801 8.34564 7.05703 4.57892 5.21337 6.53441 8.43807 9.4391 9.3055 8.75083 7.78607 5.44993 3.40566 3.15861 2.82522 1.23026 -0.212202 -1.98722 -0.955176 0.175287 1.41196 2.06311 1.89763 3.1998 4.26212 3.81568 4.67863 5.68489 5.23382 4.96871 4.74704 4.20015 4.17143 4.23383 4.96008 4.46605 4.77788 4.79045 4.77821 4.95402 5.15541 5.36642 5.404 5.40768 5.41394 5.39245 5.4033 5.39376 5.3844 5.37616 5.36072 5.12295 2.56652 1.04022 -9999 -9999 -9999 -9999 -9999
-9999 -9999 -9999 -9999 -9999 4.95665 5.56773 7.73496 8.40313 9.36211 9.87245 9.89829 9.28654 8.94706 7.54136 7.08739 4.79546 3.75886 4.64286 4.30729 6.92775 9.24657 8.74378 4.0673 2.37434 1.16723 1.47909 1.48358 1.04083 -1.415 -2.08983 0.111835 1.49914 2.57473 3.39142 3.56396 3.53893 5.19895 5.42218 5.96388 5.85041 5.90403 5.07152 4.55803 5.01484 4.49802 4.41381 5.16392 4.43516 5.10404 5.03054 4.8363 4.83068 5.27241 5.36503 5.41531 5.42144 5.40702 5.38763 5.3774 5.39407 5.39005 5.36853 5.37268 5.35201 5.05076 3.72978 3.27079 3.78811 -9999 -9999 -9999
-9999 -9999 -9999 -9999 -9999 -9999 3.55489 6.56657 7.9412 8.66569 9.68539 9.81046 9.48647 8.89679 7.46481 6.20593 4.15741 1.81737 0.57833 4.2947 7.52929 9.21825 8.9983 5.10596 3.57072 3.501 4.4077 3.64565 3.06818 1.20202 0.646501 -0.126404 0.353927 1.85246 3.07691 4.25791 5.11752 5.19061 5.74997 6.07219 6.10196 6.20575 6.11138 6.03532 5.23292 5.7953 5.32712 5.58328 5.42674 5.28593 5.1652 4.7083 5.03927 5.33261 5.41106 5.43795 5.4232 5.42174 5.4121 5.38767 5.37756 5.3784 5.37857 5.36685 5.36993 5.35898 5.21434 4.42133 3.35847 2.01468 -9999 -9999
-9999 -9999 -9999 -9999 -9999 -9999 2.05828 5.05532 6.4981 8.35831 9.31701 9.70722 9.65842 9.18101 8.09356 6.45547 5.09135 2.47872 -0.234297 3.66649 7.14041 9.0164 9.11756 5.84726 6.75621 6.02474 6.32234 4.98185 4.42612 3.98567 3.02424 1.97276 0.822936 0.216173 2.96111 4.37197 5.50808 6.04553 6.35093 6.5053 6.4282 6.22473 5.01074 5.94342 5.89848 5.81064 5.70939 5.66296 5.57175 5.4634 5.40119 5.3821 5.07995 5.43267 5.42847 5.43585 5.44005 5.43349 5.41874 5.40627 5.39038 5.3937 5.38355 5.37479 5.36993 5.36922 5.3632 5.32335 5.11568 3.30956 2.23095 1.93213
-9999 -9999 -9999 -9999 -9999 -9999 -2.14454 2.2154 5.71856 7.54965 9.04031 9.45152 9.60663 8.96516 8.48617 7.31267 6.20159 4.48596 1.91474 0.332556 3.25364 7.49888 9.06309 8.94307 8.84708 8.00122 7.23915 7.14461 7.20401 6.31519 5.02327 3.33241 2.80747 2.21621 4.26128 4.54084 4.39427 6.64325 6.65153 6.52727 5.67154 4.71366 4.90043 4.30726 4.76787 4.06232 4.71963 5.28852 5.50393 5.4911 5.42066 5.41779 5.3877 5.45222 5.45399 5.44689 5.44198 5.44048 5.43463 5.41117 5.39917 5.41161 5.39714 5.38742 5.37555 5.3775 5.37641 5.34786 5.32234 5.04796 4.63344 3.84027
-9999 -9999 -9999 -9999 -9999 -9999 -1.94901 1.71612 4.82716 6.69353 8.48861 8.90667 9.51404 9.38577 8.88383 7.86401 6.5893 5.17772 2.97215 1.3335 3.28809 6.10726 8.12671 8.85209 8.8441 8.79747 8.60767 8.53256 8.31114 8.15202 7.22485 5.62913 4.72749 3.40715 5.686 5.94379 5.5902 6.72918 6.67515 4.96012 3.64247 3.48155 4.29176 3.52934 3.39896 2.92352 3.46723 4.9171 4.50241 4.58991 5.24933 5.36101 5.43478 5.45634 5.45454 5.45405 5.44552 5.44982 5.45413 5.43123 5.42227 5.41951 5.39787 5.39683 5.38328 5.37462 5.36362 5.34998 5.32697 5.25165 5.17198 5.26737
-9999 -9999 -9999 -9999 -9999 -9999 -1.86355 0.597351 3.3972 6.14483 8.06171 8.83617 9.40074 9.39697 8.81301 8.30724 7.509 6.26734 5.41642 3.93728 1.90632 5.31762 6.36511 7.30041 7.69785 8.67227 8.65024 8.20622 7.68412 8.1661 8.02837 6.76461 6.35034 5.64965 6.91803 6.92326 6.89056 6.82531 5.37656 3.36195 1.75254 2.91675 2.67805 3.21521 1.56897 2.93516 4.0325 4.39129 3.64981 3.1026 4.8108 5.09843 5.26949 5.38005 5.45356 5.43925 5.45941 5.45218 5.45005 5.44752 5.43601 5.43039 5.41895 5.40731 5.39648 5.38969 5.37425 5.35824 5.3605 5.31789 5.30486 5.29436
-9999 -9999 -9999 -9999 -9999 -9999 -9999 -0.847605 2.69994 5.86887 7.63393 8.74468 9.28683 9.27902 8.98136 8.63849 8.14428 7.24907 6.12394 4.34461 3.02433 3.86635 4.89285 5.01042 5.69378 7.67159 8.34835 7.3933 5.02652 6.42621 7.98489 7.96124 7.83009 7.68332 7.49199 7.32283 6.9502 5.94821 2.87336 2.27408 1.07032 1.2113 0.595876 1.95318 1.45163 2.84552 3.4519 3.68325 2.40215 2.67821 4.19378 4.79465 4.6985 5.06822 5.4184 5.43291 5.44595 5.43993 5.45058 5.45659 5.4541 5.44489 5.43714 5.43258 5.40836 5.41516 5.30482 5.23451 5.08775 5.27818 5.29972 5.31529
-9999 -9999 -9999 -9999 -9999 -9999 -9999 -1.54899 1.99303 5.72493 6.92428 8.12167 9.15549 9.17761 8.72157 8.28806 7.84154 7.33292 5.96763 4.64376 3.37995 2.95728 3.21467 3.19657 4.30094 6.87712 7.37738 7.16651 4.69694 3.8625 5.9444 7.6944 7.8339 7.67735 5.62215 6.06272 4.95548 3.45312 3.04199 2.38655 0.997912 1.67181 0.655907 1.09706 0.984819 1.77781 2.16647 3.10874 1.99263 2.00207 3.49052 4.24168 4.26371 5.05168 5.33466 5.41118 5.4329 5.4495 5.4564 5.47245 5.46913 5.46167 5.45063 5.41752 5.33265 5.06247 3.57794 3.58403 3.99675 4.38744 5.09687 5.29921
-9999 -9999 -9999 -9999 -9999 -9999 -9999 -1.13459 1.32387 4.63551 7.08911 7.24501 8.439 9.05638 8.56029 8.00154 7.4299 7.18137 5.69523 4.06253 2.74384 1.18244 1.44232 2.5673 4.40528 6.07011 6.36935 6.02747 4.70465 5.3321 6.75263 7.50786 7.732 7.55927 7.11346 6.85702 6.0424 5.69107 4.5591 2.78761 2.09205 2.53843 0.658008 0.793513 1.49411 0.75865 1.98279 2.5706 1.12812 2.2847 3.5992 4.27293 4.86231 5.14306 5.25699 5.42991 5.43784 5.45565 5.46708 5.46841 5.47226 5.44882 5.4302 5.2763 5.04735 3.66374 3.09014 3.20775 3.85341 4.41919 5.01458 5.25868
-9999 -9999 -9999 -9999 -9999 -9999 -9999 -0.711152 1.50261 4.37435 6.12427 6.43891 7.76284 8.94041 8.81126 8.22982 8.05436 7.45178 6.19171 4.79966 3.27789 2.53928 0.838092 2.51745 3.84583 5.25604 5.9168 4.83023 4.286 5.25555 6.21946 6.60576 7.57937 7.57246 7.25833 5.89606 5.23329 5.51756 5.23476 4.73732 3.5191 3.46826 2.68716 2.36584 2.0626 1.06953 1.70957 1.77704 1.95688 3.34011 4.02607 4.48205 4.89705 5.00861 5.19102 5.42666 5.45067 5.46262 5.46526 5.47336 5.46014 5.39804 5.34637 5.03246 4.47366 3.42743 1.72995 2.93399 4.19278 4.57257 4.94365 5.13655
-9999 -9999 -9999 -9999 -9999 -9999 -9999 -1.08351 1.2682 3.72289 4.75031 4.92637 7.3209 8.78797 8.79267 8.51821 8.19733 6.70537 6.79546 6.49898 5.12644 3.12607 0.928846 1.13739 2.44988 4.31093 4.92834 3.13108 2.49773 2.96762 4.42416 5.72826 7.08988 7.43759 7.04138 4.91946 2.66448 3.71469 4.83677 4.83388 4.50902 3.37955 3.02339 2.70139 1.87846 0.482917 0.691964 1.08499 2.65874 3.15768 3.9263 4.56522 4.32947 4.47321 5.08444 5.43668 5.45347 5.46334 5.47851 5.47424 5.45722 5.3296 5.19426 4.96452 3.501 2.59244 1.26829 2.81781 3.67711 4.14082 4.95887 5.15655
-9999 -9999 -9999 -9999 -9999 -9999 -9999 -1.80651 -0.0993338 2.24706 3.1939 4.70311 6.96611 8.08028 8.61555 8.60608 8.39298 7.7262 7.32626 6.53584 5.10792 3.15452 0.982841 -0.430183 0.291436 2.795 3.39219 1.73182 0.890525 1.94364 3.49584 5.79306 7.10668 7.28629 7.17037 6.73502 5.08949 3.10088 3.11083 4.11305 3.28067 2.31277 2.85065 2.75543 1.94288 1.35288 0.994753 1.2286 2.1258 2.49861 3.38598 4.69375 4.88434 4.85111 5.4038 5.43497 5.45149 5.47589 5.47892 5.47759 5.46485 5.36144 5.12515 4.15224 3.30435 2.12324 1.98059 3.36009 3.96704 4.53319 4.93633 5.07002
-9999 -9999 -9999 -9999 -9999 -9999 -9999 -3.05462 -1.0463 1.15194 3.21042 5.1581 6.83474 6.96636 7.85175 7.85292 8.31795 8.18772 7.56978 6.90444 5.67445 3.16446 1.0542 -1.24748 -0.637966 1.91579 2.25014 1.14097 -0.910257 1.2127 3.55368 5.67561 6.8255 5.92866 6.85322 6.78032 6.1656 4.98303 3.14274 3.1809 1.80279 1.74618 2.45928 2.69324 2.57878 2.13684 1.42919 1.55947 2.1062 2.24812 3.064 4.07946 5.07225 5.24229 5.43473 5.44663 5.45346 5.47261 5.47831 5.46142 5.41455 5.30619 4.49112 3.5211 2.92503 2.10325 2.00693 3.59637 4.23533 4.59359 4.94241 5.08222
-9999 -9999 -9999 -9999 -9999 -9999 -9999 -9999 -1.24745 1.02355 2.70459 3.15886 4.64945 5.45537 6.07955 6.21968 7.99662 8.09674 7.70581 7.09483 6.04611 4.14202 2.81599 0.608328 -0.97793 -0.321472 -0.018374 0.567746 0.398049 1.34622 3.59592 5.93968 6.19767 4.71302 4.936 5.25001 5.95037 5.59959 3.09089 1.81795 0.761991 1.51791 2.31303 2.50821 2.55024 2.40127 2.23244 1.935 2.99792 3.78545 3.97114 4.65824 5.16653 5.30974 5.41856 5.43537 5.45237 5.45637 5.43078 5.41322 5.2904 5.01053 4.09831 1.89927 2.00589 1.77141 1.08999 2.64415 3.62916 4.50758 4.97603 5.0996
-9999 -9999 -9999 -9999 -9999 -9999 -9999 -9999 -1.99834 0.628988 1.18571 1.14675 0.279859 0.682257 3.90669 4.5578 6.26204 7.87587 7.75982 7.16044 6.17937 5.04623 3.29062 0.807471 -1.16518 -1.99549 0.131067 2.21886 2.65222 3.32099 4.70052 4.96475 3.44733 2.02458 2.82762 3.31248 5.15209 5.49027 5.13631 3.62605 1.89891 0.998969 2.06863 2.21465 2.28222 2.29854 2.27258 2.2341 3.43358 4.09827 4.56059 4.81414 5.25122 5.36604 5.40549 5.4428 5.43885 5.42035 5.35573 5.28169 4.94294 4.53206 3.03539 1.78822 1.01193 0.025568 2.26076 2.92748 3.85133 4.44921 4.91525 5.02021
