Test_Spring_2018/01_18/Temp/20180119_007.txt
ncols	170
nrows	115
xllcorner	350000.000000
yllcorner	4445000.000000
cellsize	1000.000000
nodata_value	-9999.000000
[rows 31 to 61 of 115, columns 70 to 139 of 170]
5.14555 5.81094 6.0484 5.56623 5.60185 6.7273 6.97216 6.94501 6.83924 6.72149 6.17472 5.98468 5.55145 4.79644 4.47357 3.13872 -1.15252 0.0476666 0.510122 -0.742041 -0.0604999 1.05588 0.0631892 -2.86114 -4.12654 -6.15814 -5.51909 -6.12851 -7.76499 -9999 -9999 -9999 -9999 -9999 -9999 -9999 -9999 -9999 -9999 -9999 -9999 -9999 -9999 -9999 -9999 -9999 -9999 -9999 -9999 -9999 -9999 -9999 -9999 -9999 -9999 -9999 -9999 -9999 -9999 -9999 -9999 -9999 -9999 -9999 -9999 -9999 -9999 -9999 -9999 -9999
5.26214 5.56012 5.51965 5.05483 5.74384 6.37751 5.98611 5.71929 6.77085 6.76017 6.38772 5.52724 5.20452 4.87016 4.66083 3.55955 0.490182 -2.27796 -0.812352 -0.788681 -1.82128 -0.000741306 -0.97906 -3.51354 -7.0868 -5.16012 -5.67388 -8.19052 -8.81901 -9999 -9999 -9999 -9999 -9999 -9999 -9999 -9999 -9999 -9999 -9999 -9999 -9999 -9999 -9999 -9999 -9999 -9999 -9999 -9999 -9999 -9999 -9999 -9999 -9999 -9999 -9999 -9999 -9999 -9999 -9999 -9999 -9999 -9999 -9999 -9999 -9999 -9999 -9999 -9999 -9999
4.39472 5.15546 4.90647 4.70019 5.7298 5.69674 5.63083 6.00331 6.65328 6.77384 6.62203 6.24057 5.90876 5.55639 4.67929 3.42112 0.792629 -2.3566 -3.0797 -1.55539 -1.49294 -1.25718 -2.14984 -3.26808 -5.01126 -3.60253 -3.06153 -4.7217 -6.89209 -8.29075 -9999 -9999 -9999 -9999 -9999 -9999 -9999 -9999 -9999 -9999 -9999 -9999 -9999 -9999 -9999 -9999 -9999 -9999 -9999 -9999 -9999 -9999 -9999 -9999 -9999 -9999 -9999 -9999 -9999 -9999 -9999 -9999 -9999 -9999 -9999 -9999 -9999 -9999 -9999 -9999
3.23317 4.54721 4.17609 3.15494 3.77097 4.23083 5.10648 5.3285 5.44872 6.67976 6.60327 6.53489 5.9937 5.55857 4.84478 3.63343 1.91356 -0.154898 -3.74791 -1.55088 0.16713 0.11173 0.00607271 -0.780665 -2.45594 -1.07366 -1.01861 -3.13551 -5.54231 -6.97286 -7.57068 -9999 -9999 -9999 -9999 -9999 -9999 -9999 -9999 -9999 -9999 -9999 -9999 -9999 -9999 -9999 -9999 -9999 -9999 -9999 -9999 -9999 -9999 -9999 -9999 -9999 -9999 -9999 -9999 -9999 -9999 -9999 -9999 -9999 -9999 -9999 -9999 -9999 -9999 -9999
-9999 3.7042 3.34648 2.1018 2.72176 3.55293 4.73594 5.35135 5.81295 6.17372 6.54174 6.48616 5.93252 4.31864 4.07844 3.99766 2.86874 0.512138 -1.84137 -2.45955 0.167116 0.910936 0.745997 1.32415 -0.0967665 0.559005 0.275211 -0.481219 -2.79682 -4.91582 -5.80237 -7.54411 -9999 -9999 -9999 -9999 -9999 -9999 -9999 -9999 -9999 -9999 -9999 -9999 -9999 -9999 -9999 -9999 -9999 -9999 -9999 -9999 -9999 -9999 -9999 -9999 -9999 -9999 -9999 -9999 -9999 -9999 -9999 -9999 -9999 -9999 -9999 -9999 -9999 -9999
-9999 -9999 -9999 -9999 1.30757 2.44848 3.3882 4.5496 5.54521 6.0375 6.51523 6.46513 5.36949 4.82775 4.77001 4.02634 2.72477 1.9035 0.417312 -1.13058 -0.555227 1.68307 0.671155 2.2539 2.10808 2.39012 1.31391 -0.70364 -3.40075 -4.97624 -5.77075 -7.18447 -9999 -9999 -9999 -9999 -9999 -9999 -9999 -9999 -9999 -9999 -9999 -9999 -9999 -9999 -9999 -9999 -9999 -9999 -9999 -9999 -9999 -9999 -9999 -9999 -9999 -9999 -9999 -9999 -9999 -9999 -9999 -9999 -9999 -9999 -9999 -9999 -9999 -9999
-9999 -9999 -9999 -9999 -9999 2.23107 2.94493 4.4886 5.29374 5.60974 6.38688 6.37793 5.95609 5.63466 5.17304 4.57342 3.59221 2.51079 1.11218 0.972119 2.39957 2.40587 2.0939 2.31899 3.04728 2.8414 1.18654 -1.66276 -3.17758 -6.22781 -7.54801 -7.42517 -8.3646 -9999 -9999 -9999 -9999 -9999 -9999 -9999 -9999 -9999 -9999 -9999 -9999 -4.95734 -9999 -9999 -9999 -9999 -9999 -9999 -9999 -9999 -9999 -9999 -9999 -9999 -9999 -9999 -9999 -9999 -9999 -9999 -9999 -9999 -10.7691 -9999 -9999 -9999
-9999 -9999 -9999 -9999 2.0893 3.05286 3.79857 4.76281 4.85648 5.42941 6.3247 6.32729 6.02494 5.68439 4.93249 4.7373 4.17356 3.00029 2.75078 3.20966 3.41476 3.64897 3.78895 3.65497 3.34446 2.94648 1.88315 0.552435 -0.344236 -3.13874 -4.55386 -5.91638 -7.97299 -9.58461 -9999 -9999 -9999 -9999 -9999 -9999 -9999 -5.99411 -6.08055 -6.05444 -5.61588 -4.38745 -5.12482 -9999 -9999 -9999 -9999 -9999 -9999 -9999 -9999 -9999 -9999 -9999 -9999 -9999 -9999 -9999 -9999 -9999 -9999 -9999 -9.66096 -11.2839 -9999 -9999
-9999 -9999 -9999 -9999 2.3474 3.35893 3.85959 4.79632 5.32823 5.68476 5.98862 6.27814 6.21685 5.84111 5.27508 5.26678 4.49074 4.06668 3.76044 4.38515 4.49918 4.23214 3.90037 3.60591 2.79368 2.69015 2.42869 1.58034 0.19433 -1.23377 -3.27561 -6.06323 -8.79755 -11.0056 -9999 -9999 -9999 -9999 -9999 -9999 -5.76315 -4.7452 -4.13926 -5.45945 -4.34984 -3.3363 -3.50918 -4.50464 -9999 -9999 -9999 -9999 -9999 -9999 -9999 -9999 -9999 -9999 -9999 -9999 -9999 -9999 -1.98663 -3.64997 -6.99733 -8.71907 -9.75697 -11.2337 -9999 -9999
-9999 -9999 -9999 -9999 2.13613 3.33307 4.14127 4.85766 4.96494 5.70278 6.02419 6.17498 6.14513 6.06155 5.94768 5.26883 4.96978 3.94958 4.90161 4.85295 4.59698 3.61918 3.189 1.51909 0.778277 0.613904 1.99873 0.95749 -1.20556 -3.90723 -7.14432 -7.35905 -8.4408 -10.4158 -9999 -9999 -9999 -9999 -9999 -9999 -5.45509 -4.36553 -3.4574 -3.33343 -4.64521 -2.83649 -2.9097 -3.93606 -4.17631 -3.35214 -2.93948 -3.25815 -2.26848 -1.98881 -2.45041 -1.97026 -9999 -9999 -9999 -9999 -1.74237 -1.68836 -1.65052 -2.35079 -6.00646 -8.50704 -10.7538 -10.9729 -9999 -9999
-9999 -9999 -9999 -9999 2.96179 3.69608 4.06365 4.11665 4.75911 5.40366 5.80077 6.08235 6.0127 5.97751 5.94036 5.70004 5.15764 5.24042 5.18496 4.86331 3.01196 0.853395 1.7776 0.49272 -2.24206 -0.030352 1.17748 -0.000780471 -2.61955 -5.65478 -6.64873 -6.61231 -8.11229 -10.0404 -9999 -9999 -9999 -8.4389 -6.87572 -6.75026 -6.29696 -4.84031 -3.73428 -2.9008 -2.3371 -2.36023 -2.9712 -3.97498 -5.06548 -4.68943 -2.75389 -2.28979 -1.8904 -1.60016 -2.02966 -1.82695 -1.31979 -1.06415 -1.02286 -1.15845 -1.19953 -1.16998 -1.24484 -1.89932 -5.16758 -7.04488 -8.24699 -10.6558 -9999 -9999
-9999 -9999 -9999 -9999 2.49022 3.12811 3.64335 4.50091 4.5849 5.12588 5.44583 5.9257 5.9695 5.39107 5.84763 5.77467 5.67433 5.47559 5.19039 3.62518 1.47292 -0.684262 -1.68621 -1.27201 -2.92367 -2.08637 -0.862323 -1.32055 -2.93107 -5.6362 -6.02664 -6.65878 -9.16751 -11.589 -9999 -9999 -11.4908 -8.48101 -6.36514 -5.2792 -4.9504 -4.92844 -3.5322 -3.43144 -1.92658 -2.28686 -4.2957 -4.07917 -4.86365 -4.36792 -3.66583 -3.48014 -2.45986 -1.48017 -1.30598 -1.31433 -0.996227 -0.94142 -0.937246 -0.959198 -1.19693 -1.10724 -1.1043 -1.51712 -3.89085 -5.05462 -6.33564 -10.6348 -9999 -9999
-9999 -9999 -9999 -9999 2.81291 3.52723 4.31009 4.43064 5.00824 4.93799 4.76583 5.57258 5.86481 5.45298 5.15267 5.67094 5.62112 5.53745 5.40818 3.93631 2.23537 -0.332792 -1.93266 -2.91229 -3.61256 -4.53919 -3.91536 -4.11903 -4.38879 -4.10015 -4.84925 -6.33357 -7.81048 -10.5602 -12.0563 -9999 -11.3361 -9.9852 -7.46667 -5.32768 -3.97361 -4.4754 -2.88628 -2.59919 -1.68334 -2.23338 -3.4553 -3.98729 -4.04236 -4.21078 -3.14269 -2.42428 -1.91893 -1.58856 -1.17167 -1.07621 -0.980645 -0.948649 -0.937462 -0.925938 -0.944828 -0.966503 -1.02722 -1.19033 -2.28851 -3.45024 -5.946 -10.5004 -9999 -9999
-9999 -9999 -9999 0.705561 2.72228 3.92561 4.38729 4.71836 5.00896 5.21679 5.43725 5.63816 5.77409 5.70333 4.63106 4.70468 4.88185 5.46998 5.41362 5.26854 4.33266 1.21026 0.125572 -1.4558 -3.50037 -4.3564 -3.94103 -2.28312 -2.36713 -3.48108 -4.72174 -6.42954 -7.52196 -9.21571 -12.4531 -12.1766 -10.7365 -9.66826 -7.96093 -5.34382 -3.51219 -2.7006 -2.40013 -1.76021 -1.43197 -2.1833 -2.89609 -3.20127 -3.75981 -3.8457 -3.85007 -3.20826 -2.70657 -1.58432 -1.21607 -1.05263 -0.977119 -0.94286 -0.921762 -0.901218 -0.902856 -0.937832 -0.949704 -0.97132 -1.06377 -2.60602 -6.44959 -9.34832 -9999 -9999
-9999 -9999 -9999 -9999 2.34133 2.86723 3.00005 3.23705 3.72896 4.29667 5.10592 5.2016 5.64059 5.62679 4.70319 3.63527 4.54069 4.89201 5.25675 5.25471 5.12287 2.49781 1.11912 0.0318051 -1.92899 -1.23138 -0.572328 -0.530799 -0.943366 -3.32039 -5.68816 -8.4137 -10.9651 -11.0989 -12.4776 -11.7658 -10.8194 -8.36761 -6.64579 -5.95483 -5.46137 -2.79932 -2.11339 -1.88408 -1.20853 -2.14998 -2.39198 -3.10083 -2.89994 -2.96904 -2.97302 -4.92414 -2.98077 -2.87567 -1.6168 -1.05542 -0.937502 -0.915634 -0.891644 -0.899236 -0.905398 -0.924549 -0.924772 -0.956934 -0.992705 -1.99996 -6.86711 -9.31966 -9999 -9999
-9999 -9999 -9999 -9999 -9999 -9999 2.49129 2.89089 3.14433 3.58741 4.96159 5.32428 5.56132 5.57147 5.15247 4.09602 3.8075 3.98513 2.95249 3.79159 4.94536 4.90415 4.75121 2.44273 1.26066 2.38936 2.0343 0.298035 -1.07044 -2.42143 -5.19167 -7.21941 -10.1417 -12.3397 -12.4349 -10.036 -8.04477 -5.56378 -4.47639 -5.11582 -4.44908 -3.13211 -1.63405 -0.914067 -1.09461 -2.08646 -2.22977 -3.31851 -2.26285 -2.17921 -2.68116 -3.11643 -2.95162 -2.3334 -2.1044 -1.12243 -0.893945 -0.862781 -0.868754 -0.878322 -0.896187 -0.91529 -0.94185 -0.965646 -0.992654 -1.05031 -6.05307 -9.95043 -9999 -9999
-9999 -9999 -9999 -9999 -9999 -9999 1.52706 1.76815 2.41155 4.07369 4.94102 5.285 5.26309 5.4155 5.11654 4.18505 3.22865 2.32532 1.16455 1.80752 3.53061 4.54182 4.64669 2.62176 3.66311 3.26143 2.47886 0.211021 -1.46277 -2.35464 -5.01447 -7.29037 -9.23837 -11.9243 -10.7934 -9.54712 -7.94283 -5.2341 -3.41107 -2.66941 -3.31468 -2.47687 -0.751546 -0.751072 -1.70869 -1.65484 -2.23851 -3.72356 -2.19182 -1.76595 -2.12237 -2.03963 -2.17503 -1.95089 -1.53538 -1.1391 -0.880091 -0.856144 -0.864901 -0.887564 -0.901793 -0.914995 -0.947912 -0.959914 -0.987091 -1.02539 -4.25905 -10.0307 -9999 -9999
-9999 -9999 -9999 -9999 -9999 -9999 -9999 0.643248 2.11986 4.3286 4.87167 4.8124 5.25997 5.28855 4.83592 4.44063 3.28233 1.70422 -1.31455 -0.562082 1.02301 3.31487 4.51424 4.34 3.65953 2.48011 -0.360383 -2.8473 -3.15727 -3.57218 -5.51585 -7.27005 -9.43441 -8.19912 -6.84536 -5.36357 -4.59157 -4.80914 -3.24888 -1.97874 -2.53556 -1.50539 -0.30082 -0.860943 -1.19522 -1.47649 -2.15023 -2.19747 -2.13449 -1.26761 -1.87936 -1.51535 -1.5111 -1.54142 -1.34446 -1.11697 -0.87819 -0.849752 -0.862496 -0.872129 -0.915252 -0.91899 -0.947196 -0.974936 -1.00115 -1.03597 -1.34007 -4.456 -6.32164 -9999
-9999 -9999 -9999 -9999 -9999 -9999 -9999 -0.730634 0.0022767 2.61931 3.42262 4.57299 5.17857 5.19598 4.4399 4.01279 2.29334 1.72632 -1.06719 -2.33838 -1.28278 -1.70364 1.45734 4.25377 3.63601 -2.03995 -4.10146 -5.57438 -5.20738 -5.21303 -5.76091 -8.74258 -9.57406 -6.92177 -5.25671 -3.9699 -2.99723 -2.80529 -2.85274 -0.858964 -0.603865 0.0369772 -0.115095 -0.0641094 -1.08601 -1.72105 -1.17909 -1.81778 -1.93253 -1.03679 -1.93287 -1.13625 -1.23612 -1.48669 -1.50927 -0.990398 -0.894818 -0.850811 -0.860904 -0.895366 -0.936309 -0.965112 -0.961757 -0.9833 -1.02589 -1.03729 -1.07869 -1.46292 -3.08 -3.65285
-9999 -9999 -9999 -9999 -9999 -9999 -9999 -9999 -2.45087 1.1888 2.84779 3.71395 4.9365 5.07413 4.66748 3.93705 2.18573 0.643808 -1.8547 -4.70611 -6.22049 -1.73296 2.17181 4.205 3.92975 -0.796596 -2.66732 -2.76264 -1.67525 -2.60963 -3.32081 -5.588 -6.27487 -7.22582 -6.65931 -4.86007 -3.3935 -1.97959 -0.955279 -0.883844 -0.223288 0.154052 0.175265 0.286754 0.158716 0.0532592 -0.930417 -0.262036 -0.842109 -0.544872 -0.74783 -0.932044 -1.08896 -1.65754 -1.27217 -0.932833 -0.854197 -0.840019 -0.874277 -0.892986 -0.922117 -0.969581 -0.996739 -1.01263 -1.02924 -1.06014 -1.07306 -1.10589 -1.29811 -2.27569
-9999 -9999 -9999 -9999 -9999 -9999 -9999 -9999 -4.27868 -0.657206 1.08418 3.32593 4.47553 4.93463 4.86035 4.26611 2.93236 0.931277 -0.737938 -3.91939 -7.22205 -2.51247 1.68678 3.9463 4.05644 0.0867486 1.17656 0.279269 0.628515 -1.00683 -1.69186 -2.23176 -3.41033 -4.69865 -6.10696 -6.85827 -3.54922 -1.8567 -0.497289 0.13677 0.489746 0.659928 0.551776 0.295322 -1.18935 -0.073177 -0.139534 -0.25912 -0.394954 -0.464472 -0.588414 -0.733364 -0.819227 -0.857324 -1.23876 -0.829324 -0.852089 -0.858862 -0.870079 -0.894914 -0.930196 -0.963177 -1.00063 -1.01323 -1.03888 -1.06646 -1.08925 -1.10996 -1.1344 -1.1997
-9999 -9999 -9999 -9999 -9999 -9999 -9999 -9999 -9.38473 -4.1128 0.125598 2.33177 4.12528 4.60919 4.78204 3.98925 3.39282 1.95479 0.592356 -1.50228 -4.63302 -6.5652 -3.0418 2.08657 3.97607 3.82244 3.69448 2.65822 1.72344 1.59713 1.65701 0.574168 -1.00532 -3.06799 -3.7197 -4.45144 -1.99005 -1.6678 -1.86205 0.845484 0.838639 0.671344 -0.381803 -1.55584 -1.34504 -2.07028 -1.52448 -2.3927 -1.60991 -0.934277 -0.686963 -0.716323 -0.812024 -0.834062 -0.885156 -0.825236 -0.838238 -0.862513 -0.884716 -0.903354 -0.927816 -0.974057 -1.00679 -1.01014 -1.04364 -1.07362 -1.09885 -1.11661 -1.13521 -1.18692
-9999 -9999 -9999 -9999 -9999 -9999 -9999 -9999 -9.16168 -4.72705 -0.9697 1.28013 3.44126 3.93346 4.65426 4.48333 3.85934 2.60774 1.04732 -0.678776 -3.36643 -5.36692 -3.01412 0.386386 2.81895 3.68918 3.6759 3.60743 3.36549 3.26084 2.98051 2.78226 1.64528 -0.303141 -1.41027 -3.0251 -0.280376 0.0156773 -0.429193 0.933852 0.851654 -1.2426 -2.85528 -3.06641 -2.09757 -3.03637 -3.207 -3.78798 -3.14313 -1.40055 -1.92231 -1.8298 -1.04072 -0.919761 -0.849248 -0.837894 -0.855273 -0.871548 -0.898118 -0.909691 -0.921774 -0.967268 -0.996234 -1.01794 -1.0626 -1.07918 -1.11371 -1.14512 -1.16779 -1.20152
-9999 -9999 -9999 -9999 -9999 -9999 -9999 -9999 -9.07801 -6.09716 -2.71725 0.600022 2.90854 3.83242 4.50144 4.48147 3.75833 3.12967 2.14668 0.62661 -0.41989 -2.22709 -4.70235 -0.584472 0.670303 1.79481 2.26074 3.42887 3.39012 2.8403 2.21251 2.78287 2.601 1.05564 0.538909 -0.325232 1.19553 1.18578 1.12979 1.0342 -0.737418 -3.19448 -5.16053 -3.76642 -4.07146 -3.43252 -5.43952 -3.80612 -2.49099 -2.07015 -2.97198 -3.64863 -1.5891 -1.26012 -1.0675 -0.948482 -0.874721 -0.907792 -0.899607 -0.925121 -0.944945 -0.965675 -0.99764 -1.02269 -1.05489 -1.08733 -1.11514 -1.14435 -1.18103 -1.22755
-9999 -9999 -9999 -9999 -9999 -9999 -9999 -9999 -9999 -7.86718 -3.57948 0.246542 2.37127 3.70277 4.3449 4.32034 3.94429 3.51322 2.8987 1.79842 0.419761 -1.75114 -3.36561 -2.3603 -1.13133 -0.996992 -0.182131 2.2011 3.00844 1.8391 -1.03191 0.649682 2.52416 2.48146 2.30813 2.11545 1.87396 1.65307 1.18544 -0.0447725 -3.78611 -4.53445 -6.00937 -5.85512 -6.6169 -4.98458 -5.60467 -3.93092 -3.2108 -2.94466 -4.51046 -4.1854 -2.36876 -1.65496 -1.78569 -1.35234 -0.936041 -0.934302 -0.934782 -0.958811 -0.963086 -0.973391 -0.994304 -1.03112 -1.05926 -1.08353 -1.12794 -1.14078 -1.29259 -1.39543
-9999 -9999 -9999 -9999 -9999 -9999 -9999 -9999 -9999 -8.72862 -4.4505 0.0570857 1.49625 2.93253 4.1702 4.18192 3.61411 3.07338 2.5168 1.885 0.215537 -1.40354 -2.94959 -3.47638 -3.17899 -3.20925 -1.88471 1.22302 1.81613 1.54787 -1.4483 -2.4729 0.0350944 2.14075 2.29511 2.09048 -0.414535 0.103427 -1.25393 -3.09019 -3.60473 -4.41529 -6.11401 -5.31405 -6.56088 -6.04234 -6.18644 -5.24082 -4.78469 -3.65767 -5.02393 -5.02216 -3.23912 -2.34368 -2.33162 -1.39196 -1.06437 -0.987324 -0.977167 -0.973735 -0.982582 -0.980823 -1.00293 -1.03031 -1.06218 -1.1208 -1.24199 -1.5838 -3.40293 -3.41324
-9999 -9999 -9999 -9999 -9999 -9999 -9999 -9999 -9999 -8.24049 -5.2755 -1.27739 1.68086 1.85529 3.28691 4.01971 3.40342 2.71107 2.00302 1.6864 -0.12938 -2.12252 -3.73508 -5.64138 -5.34112 -3.9926 -1.77374 0.229631 0.578868 0.1515 -1.45559 -0.70959 0.996947 1.8973 2.15403 1.92967 1.37421 1.04784 0.0450383 -0.396752 -1.78436 -3.94674 -4.80572 -4.28126 -6.5753 -6.42702 -5.5939 -6.49216 -5.02417 -4.32682 -6.08877 -4.7036 -3.12608 -2.32483 -1.62587 -1.30099 -1.17847 -0.984861 -0.991527 -0.986675 -0.989988 -1.00594 -1.01916 -1.06568 -1.10649 -1.3112 -1.60675 -3.30086 -4.01263 -3.88788
-9999 -9999 -9999 -9999 -9999 -9999 -9999 -9999 -9999 -7.74114 -5.07306 -1.60825 0.497277 0.863802 2.45269 3.86404 3.69225 2.97245 2.74439 1.99893 0.457057 -1.24457 -3.10316 -4.01283 -6.08832 -4.06843 -2.46702 -0.77239 0.0144592 -1.30585 -1.9794 -0.819278 0.333844 0.787057 1.95149 1.92791 1.53189 -0.134076 -0.952887 -0.624628 -0.983435 -1.60231 -3.09432 -3.1721 -4.13438 -4.53949 -4.92248 -6.13255 -5.37235 -5.30559 -5.10793 -3.44346 -2.62773 -2.09062 -1.60326 -1.48366 -1.27847 -1.00909 -0.996414 -0.998712 -1.01264 -1.02028 -1.05403 -1.14719 -1.22784 -1.62619 -2.32116 -3.60647 -5.67948 -4.23868
-9999 -9999 -9999 -9999 -9999 -9999 -9999 -9999 -9999 -8.2056 -5.37086 -2.41164 -1.18166 -0.983231 1.90242 3.66436 3.65468 3.30673 2.9025 1.07967 1.17337 0.798892 -0.878966 -3.3172 -5.99373 -5.75575 -4.17393 -1.93322 -1.19917 -3.38058 -4.16237 -3.60781 -1.85815 -0.293343 1.34096 1.74682 1.25129 -1.33493 -4.08251 -2.82635 -1.48321 -1.5029 -1.91261 -3.29695 -3.74441 -4.15036 -5.16296 -6.86513 -6.62246 -6.16155 -4.27178 -3.68294 -2.7674 -2.00903 -2.31031 -2.15204 -1.42765 -1.01723 -1.01345 -1.01832 -1.01706 -1.03961 -1.07783 -1.25021 -1.43203 -1.72828 -3.51909 -4.63754 -6.26137 -4.39888
-9999 -9999 -9999 -9999 -9999 -9999 -9999 -9999 -9999 -9.09467 -7.04115 -4.21347 -3.0814 -1.26825 1.45788 2.79221 3.42515 3.39815 3.12446 2.3012 1.80125 0.828389 -0.916626 -3.29804 -5.94375 -7.67027 -6.81078 -3.78558 -3.07562 -5.09208 -6.126 -4.86515 -2.99984 -0.232175 1.34382 1.54591 1.38984 0.846662 -1.16265 -3.58766 -3.5917 -2.39373 -3.41817 -4.60674 -3.97113 -4.10236 -5.10244 -5.8328 -6.27321 -6.01059 -4.93564 -4.49987 -3.44078 -1.87249 -1.65762 -1.71401 -1.06078 -1.0395 -1.03619 -1.02353 -1.03698 -1.05592 -1.08886 -1.23177 -1.53577 -2.73215 -3.7771 -5.22568 -5.41622 -3.76167
-9999 -9999 -9999 -9999 -9999 -9999 -9999 -9999 -9999 -10.6197 -8.20182 -5.55398 -3.07557 -0.731498 1.28412 1.42802 2.48499 2.47078 3.01849 2.84515 2.08107 1.25966 -0.245631 -3.30139 -5.87279 -8.67595 -7.95241 -4.86688 -4.46574 -5.82429 -8.32412 -5.76746 -2.94683 -0.391676 0.985802 -0.116237 0.988012 0.883842 0.123218 -1.32535 -3.57073 -3.54057 -5.22606 -5.31066 -4.46277 -4.19523 -4.34969 -4.90078 -5.76933 -5.62764 -4.97769 -4.82187 -3.84965 -2.63574 -1.44937 -1.2598 -1.04321 -1.04547 -1.05401 -1.0478 -1.05803 -1.09579 -1.16999 -1.31882 -2.32383 -3.51661 -4.25645 -5.26974 -5.4042 -3.4981
