Test_Spring_2018/01_18/Temp/20180113_020.txt
ncols	170
nrows	115
xllcorner	350000.000000
yllcorner	4445000.000000
cellsize	1000.000000
nodata_value	-9999.000000
[rows 31 to 61 of 115, columns 71 to 141 of 170]
8.69649 8.91165 8.48603 8.52111 9.51686 9.73811 9.71646 9.61791 9.51584 9.03208 8.86606 8.48377 7.81524 7.53152 6.34712 2.53124 3.60335 4.01872 2.90772 3.51774 4.51456 3.63377 1.03329 -0.0908827 -1.89736 -1.33587 -1.88335 -3.33901 -9999 -9999 -9999 -9999 -9999 -9999 -9999 -9999 -9999 -9999 -9999 -9999 -9999 -9999 -9999 -9999 -9999 -9999 -9999 -9999 -9999 -9999 -9999 -9999 -9999 -9999 -9999 -9999 -9999 -9999 -9999 -9999 -9999 -9999 -9999 -9999 -9999 -9999 -9999 -9999 -9999 -9999 -9999
8.47771 8.44561 8.03558 8.65242 9.21986 8.86567 8.6266 9.56238 9.55573 9.2272 8.46445 8.18053 7.88642 7.70373 6.72719 3.99887 1.53867 2.84694 2.8716 1.95589 3.5796 2.71176 0.458498 -2.71966 -1.00246 -1.45776 -3.71174 -4.27573 -9999 -9999 -9999 -9999 -9999 -9999 -9999 -9999 -9999 -9999 -9999 -9999 -9999 -9999 -9999 -9999 -9999 -9999 -9999 -9999 -9999 -9999 -9999 -9999 -9999 -9999 -9999 -9999 -9999 -9999 -9999 -9999 -9999 -9999 -9999 -9999 -9999 -9999 -9999 -9999 -9999 -9999 -9999
8.12228 7.90466 7.72485 8.64495 8.61902 8.55421 8.88472 9.46312 9.57333 9.44124 9.1049 8.81291 8.50276 7.72566 6.60947 4.27356 1.47415 0.83423 2.19468 2.25378 2.46696 1.67553 0.683081 -0.865838 0.390607 0.874494 -0.610437 -2.55333 -3.8043 -9999 -9999 -9999 -9999 -9999 -9999 -9999 -9999 -9999 -9999 -9999 -9999 -9999 -9999 -9999 -9999 -9999 -9999 -9999 -9999 -9999 -9999 -9999 -9999 -9999 -9999 -9999 -9999 -9999 -9999 -9999 -9999 -9999 -9999 -9999 -9999 -9999 -9999 -9999 -9999 -9999 -9999
7.58594 7.25963 6.35453 6.90654 7.3194 8.08874 8.2865 8.39633 9.49502 9.42999 9.37233 8.89397 8.51016 7.87844 6.80393 5.27683 3.43947 0.245048 2.20437 3.73721 3.69135 3.60059 2.9034 1.41513 2.64827 2.69988 0.802249 -1.3525 -2.62341 -3.15299 -9999 -9999 -9999 -9999 -9999 -9999 -9999 -9999 -9999 -9999 -9999 -9999 -9999 -9999 -9999 -9999 -9999 -9999 -9999 -9999 -9999 -9999 -9999 -9999 -9999 -9999 -9999 -9999 -9999 -9999 -9999 -9999 -9999 -9999 -9999 -9999 -9999 -9999 -9999 -9999 -9999
6.84093 6.52655 5.42245 5.97793 6.72127 7.77275 8.31238 8.726 9.05002 9.38063 9.33435 8.8449 7.41187 7.20173 7.1336 6.13257 4.03879 1.94776 1.40132 3.74308 4.40875 4.26536 4.78325 3.52156 4.10822 3.85843 3.18029 1.10615 -0.784544 -1.57085 -3.11822 -9999 -9999 -9999 -9999 -9999 -9999 -9999 -9999 -9999 -9999 -9999 -9999 -9999 -9999 -9999 -9999 -9999 -9999 -9999 -9999 -9999 -9999 -9999 -9999 -9999 -9999 -9999 -9999 -9999 -9999 -9999 -9999 -9999 -9999 -9999 -9999 -9999 -9999 -9999 -9999
-9999 -9999 -9999 4.7246 5.73877 6.57605 7.60432 8.49318 8.93419 9.36241 9.32096 8.34906 7.87038 7.82268 7.16455 6.00993 5.28288 3.96397 2.5901 3.10608 5.10214 4.20499 5.61722 5.49066 5.7448 4.78982 2.98255 0.576216 -0.830445 -1.53459 -2.78974 -9999 -9999 -9999 -9999 -9999 -9999 -9999 -9999 -9999 -9999 -9999 -9999 -9999 -9999 -9999 -9999 -9999 -9999 -9999 -9999 -9999 -9999 -9999 -9999 -9999 -9999 -9999 -9999 -9999 -9999 -9999 -9999 -9999 -9999 -9999 -9999 -9999 -9999 -9999 -9999
-9999 -9999 -9999 -9999 5.55075 6.18691 7.56382 8.27487 8.55884 9.25348 9.24861 8.87644 8.59387 8.18672 7.65689 6.78753 5.82904 4.58823 4.46764 5.74223 5.75169 5.4777 5.68158 6.3332 6.15314 4.67579 2.13601 0.790497 -1.93662 -3.10851 -2.99572 -3.82826 -9999 -9999 -9999 -9999 -9999 -9999 -9999 -9999 -9999 -9999 -9999 -9999 -0.751706 -9999 -9999 -9999 -9999 -9999 -9999 -9999 -9999 -9999 -9999 -9999 -9999 -9999 -9999 -9999 -9999 -9999 -9999 -9999 -9999 -5.86929 -9999 -9999 -9999 -9999 -9999
-9999 -9999 -9999 5.43186 6.28584 6.95226 7.81316 7.89144 8.40371 9.20339 9.20871 8.94288 8.6433 7.97782 7.80808 7.31044 6.27034 6.05253 6.46523 6.65194 6.86442 6.99283 6.87721 6.60425 6.25327 5.29661 4.11494 3.31968 0.827433 -0.43539 -1.64455 -3.47127 -4.90169 -9999 -9999 -9999 -9999 -9999 -9999 -9999 -1.67414 -1.74841 -1.72288 -1.33058 -0.235498 -0.890452 -9999 -9999 -9999 -9999 -9999 -9999 -9999 -9999 -9999 -9999 -9999 -9999 -9999 -9999 -9999 -9999 -9999 -9999 -9999 -4.87596 -6.31539 -9999 -9999 -9999 -9999
-9999 -9999 -9999 5.66139 6.56419 7.01216 7.84827 8.32411 8.63634 8.90941 9.17005 9.11873 8.78785 8.28788 8.28461 7.59816 7.22512 6.957 7.51749 7.62331 7.38975 7.09839 6.84 6.12051 6.03165 5.78933 5.03697 3.80611 2.53794 0.71027 -1.76722 -4.19696 -6.15798 -9999 -9999 -9999 -9999 -9999 -9999 -1.46156 -0.552458 -0.0105839 -1.18366 -0.19435 0.709082 0.556166 -0.338136 -9999 -9999 -9999 -9999 -9999 -9999 -9999 -9999 -9999 -9999 -9999 -9999 -9999 -9999 1.94109 0.465691 -2.50866 -4.03602 -4.95468 -6.26395 -9999 -9999 -9999 -9999
-9999 -9999 -9999 5.47973 6.54721 7.26856 7.90819 8.00571 8.66454 8.94618 9.0832 9.05983 8.98902 8.8916 8.29159 8.02988 7.12641 7.9785 7.93982 7.71648 6.85042 6.47157 4.98894 4.33306 4.17835 5.41369 4.48955 2.56696 0.165131 -2.71869 -2.91277 -3.87131 -5.62461 -9999 -9999 -9999 -9999 -9999 -9999 -1.17726 -0.20446 0.606259 0.718406 -0.447943 1.16288 1.08984 0.176366 -0.0373823 0.696455 1.06424 0.775297 1.6551 1.90633 1.49828 1.92899 -9999 -9999 -9999 -9999 2.15436 2.20762 2.24655 1.62851 -1.62019 -3.84075 -5.83542 -6.02698 -9999 -9999 -9999 -9999
-9999 -9999 -9999 6.22122 6.87647 7.2052 7.25394 7.82744 8.40286 8.75233 9.00469 8.94599 8.91839 8.88946 8.68001 8.20193 8.28048 8.23605 7.9546 6.31139 4.39449 5.22135 4.08181 1.64669 3.61204 4.6897 3.64346 1.31513 -1.38369 -2.27055 -2.2404 -3.57099 -5.28162 -9999 -9999 -9999 -3.83513 -2.43894 -2.32296 -1.91576 -0.616093 0.370823 1.11314 1.61584 1.59146 1.04399 0.149994 -0.82121 -0.486876 1.23588 1.64926 1.99768 2.25802 1.87832 2.06211 2.51736 2.7492 2.79064 2.67495 2.6436 2.67527 2.61408 2.03697 -0.867209 -2.5329 -3.59764 -5.73334 -9999 -9999 -9999 -9999
-9999 -9999 -9999 5.80406 6.37318 6.83312 7.59936 7.67559 8.15884 8.44533 8.87015 8.91238 8.40127 8.81188 8.75155 8.66716 8.49535 8.24664 6.85849 4.94761 3.03209 2.14454 2.51363 1.04687 1.78937 2.88146 2.47549 1.04437 -1.36059 -1.70488 -2.26826 -4.50198 -6.65223 -9999 -9999 -6.54794 -3.86345 -1.97502 -1.00391 -0.70743 -0.684818 0.560299 0.651544 1.99192 1.66807 -0.123799 0.0681188 -0.634112 -0.193901 0.429311 0.594585 1.49838 2.37018 2.52773 2.52345 2.81037 2.86347 2.87196 2.85755 2.65133 2.73671 2.74495 2.38311 0.275777 -0.754614 -1.89073 -5.70791 -9999 -9999 -9999 -9999
-9999 -9999 -9999 6.09584 6.7326 7.43044 7.53893 8.0545 7.99627 7.84443 8.56474 8.82402 8.46123 8.19824 8.66434 8.62511 8.55594 8.44624 7.14139 5.63243 3.35122 1.93155 1.06045 0.440487 -0.387495 0.170268 -0.00851168 -0.245973 0.0138467 -0.650569 -1.97217 -3.28218 -5.72881 -7.05477 -9999 -6.40168 -5.19344 -2.94633 -1.03767 0.171538 -0.272042 1.14465 1.40154 2.21467 1.7246 0.632718 0.15586 0.105533 -0.0455707 0.904217 1.53982 1.9851 2.28043 2.6522 2.74019 2.82898 2.8618 2.87662 2.89216 2.88091 2.86737 2.81914 2.67976 1.70798 0.678484 -1.53762 -5.58219 -9999 -9999 -9999 -9999
-9999 -9999 4.22907 6.02173 7.09333 7.50488 7.8004 8.0602 8.24671 8.44445 8.62743 8.7511 8.68898 7.73895 7.8094 7.9724 8.50143 8.45685 8.33319 7.50539 4.73097 3.76757 2.36289 0.546261 -0.217979 0.154071 1.63216 1.5599 0.571122 -0.530077 -2.05021 -3.01884 -4.52128 -7.40034 -7.1479 -5.85976 -4.90278 -3.37746 -1.04302 0.591395 1.31691 1.58648 2.15538 2.44746 1.77551 1.13659 0.863079 0.364005 0.285774 0.280378 0.850548 1.29247 2.28897 2.61857 2.76582 2.83671 2.87157 2.89531 2.91903 2.92333 2.89815 2.89361 2.88036 2.80317 1.43604 -1.98082 -4.55204 -9999 -9999 -9999 -9999
-9999 -9999 -9999 5.68904 6.15726 6.27575 6.48723 6.92597 7.43259 8.15427 8.24179 8.63555 8.62776 7.80826 6.86274 7.67414 7.99256 8.32299 8.32682 8.21486 5.88107 4.65791 3.69367 1.95155 2.57032 3.15913 3.19832 2.83347 0.720306 -1.38423 -3.81009 -6.07654 -6.19044 -7.4125 -6.77471 -5.92574 -3.737 -2.19854 -1.5784 -1.13499 1.23769 1.84915 2.05203 2.65273 1.81337 1.59313 0.9598 1.1362 1.07239 1.06681 -0.671527 1.05343 1.14721 2.26887 2.76868 2.87658 2.90044 2.92684 2.92565 2.9261 2.9152 2.92123 2.89823 2.87155 1.98057 -2.34634 -4.52055 -9999 -9999 -9999 -9999
-9999 -9999 -9999 -9999 -9999 5.82847 6.18447 6.41075 6.8063 8.03074 8.35589 8.56989 8.58262 8.21402 7.27826 7.02704 7.19098 6.27772 7.03017 8.06159 8.02945 7.89737 5.84613 4.79284 5.79969 5.48572 3.94235 2.72653 1.52657 -0.936288 -2.74086 -5.33743 -7.28867 -7.3677 -5.22633 -3.44871 -1.23379 -0.259862 -0.823775 -0.226017 0.947814 2.28261 2.92366 2.76212 1.8776 1.74493 0.773073 1.70991 1.78163 1.3324 0.942942 1.08457 1.63478 1.83948 2.71539 2.92163 2.9523 2.95211 2.94927 2.93945 2.92875 2.91082 2.89568 2.87752 2.83189 -1.61568 -5.07604 -9999 -9999 -9999 -9999
-9999 -9999 -9999 -9999 -9999 4.97565 5.19045 5.76377 7.24438 8.01763 8.32614 8.30967 8.44907 8.18739 7.36329 6.51746 5.7193 4.69183 5.26966 6.80849 7.71316 7.81057 6.01172 6.93762 6.58221 5.88765 3.87106 2.38342 1.59209 -0.772539 -2.79793 -4.52724 -6.9128 -5.90047 -4.78501 -3.35069 -0.933525 0.695322 1.36066 0.790126 1.5385 3.07557 3.0761 2.22277 2.26891 1.7441 0.419239 1.77959 2.15569 1.83572 1.90708 1.78133 1.98055 2.35108 2.70551 2.93883 2.96397 2.96074 2.94633 2.93983 2.93421 2.91116 2.90662 2.88839 2.86005 -0.0127568 -5.14147 -9999 -9999 -9999 -9999
-9999 -9999 -9999 -9999 -9999 -9999 4.19448 5.50948 7.47668 7.96136 7.91099 8.31249 8.34174 7.94332 7.59655 6.5711 5.17228 2.49105 3.16635 4.58237 6.62698 7.69865 7.54716 6.94047 5.89278 3.36644 1.15486 0.88118 0.514383 -1.21279 -2.77379 -4.69569 -3.59094 -2.38022 -1.05516 -0.361681 -0.549038 0.845836 1.98162 1.48997 2.40961 3.48318 2.98475 2.68628 2.43411 1.82911 1.78403 1.83694 2.6055 2.05816 2.37976 2.37825 2.35086 2.52674 2.73086 2.9461 2.9752 2.96864 2.96573 2.93349 2.93645 2.91765 2.89915 2.88182 2.85662 2.59149 -0.173373 -1.82828 -9999 -9999 -9999
-9999 -9999 -9999 -9999 -9999 -9999 2.97686 3.63002 5.96079 6.67723 7.70371 8.24596 8.26535 7.59687 7.22167 5.69663 5.19783 2.71717 1.59095 2.53563 2.16563 4.98337 7.47617 6.92529 1.87522 0.042338 -1.2666 -0.937633 -0.940098 -1.42484 -4.07847 -4.81399 -2.44798 -0.960236 0.191192 1.06321 1.24004 1.2039 2.984 3.21466 3.78782 3.65391 3.69956 2.78916 2.22225 2.69947 2.12806 2.02289 2.81724 2.01689 2.72363 2.62945 2.40601 2.38647 2.84992 2.93767 2.98059 2.97625 2.95124 2.92107 2.9014 2.91068 2.89769 2.86579 2.86145 2.83017 2.49686 1.0632 0.558823 1.10701 -9999
-9999 -9999 -9999 -9999 -9999 -9999 -9999 1.4519 4.69316 6.17144 6.94512 8.03667 8.16315 7.80458 7.1599 5.60674 4.2401 2.02193 -0.510519 -1.85403 2.145 5.62485 7.43833 7.19225 2.98759 1.32466 1.24207 2.21237 1.38331 0.753283 -1.26448 -1.87132 -2.7127 -2.20291 -0.596015 0.715044 1.97998 2.8977 2.9666 3.55904 3.89641 3.91689 4.0166 3.90209 3.80684 2.9263 3.51864 2.99958 3.26146 3.07832 2.91223 2.76735 2.26097 2.60463 2.90832 2.98099 2.9969 2.97124 2.96017 2.94041 2.90472 2.88569 2.87768 2.86887 2.84713 2.8412 2.82076 2.65538 1.79074 0.63502 -0.823684
-9999 -9999 -9999 -9999 -9999 -9999 -9999 -0.169623 3.05574 4.60759 6.60591 7.63084 8.04334 7.98228 7.45876 6.2772 4.50174 3.02162 0.195284 -2.73919 1.45879 5.19844 7.21345 7.31491 3.77934 4.75181 3.95555 4.26897 2.8161 2.20943 1.72902 0.68446 -0.457319 -1.70641 -2.37055 0.581217 2.09393 3.30974 3.8793 4.19789 4.35288 4.25843 4.02831 2.70656 3.6991 3.63541 3.52681 3.4036 3.33945 3.22703 3.09625 3.01478 2.98082 2.64209 3.00787 2.98985 2.98771 2.98245 2.96579 2.9404 2.91744 2.89069 2.88398 2.86641 2.84757 2.83282 2.82328 2.80722 2.75461 2.52101 0.563812
-9999 -9999 -9999 -9999 -9999 -9999 -9999 -4.70924 -0.0144498 3.75764 5.72481 7.32429 7.75966 7.91856 7.21822 6.69285 5.41844 4.21126 2.35221 -0.429334 -2.14429 0.997794 5.567 7.2488 7.1099 6.99862 6.07886 5.24954 5.14004 5.19654 4.23267 2.82967 0.998766 0.421997 -0.223342 1.97363 2.26636 2.099 4.51403 4.51225 4.36685 3.43207 2.38762 2.57589 1.92594 2.40753 1.6331 2.32812 2.92775 3.14629 3.11886 3.02884 3.0091 2.96459 3.01885 3.01027 2.9925 2.97735 2.96605 2.95008 2.91509 2.89233 2.89576 2.86925 2.84837 2.83032 2.82354 2.81265 2.77213 2.73491 2.42939
-9999 -9999 -9999 -9999 -9999 -9999 -9999 -4.50837 -0.55912 2.78845 4.79339 6.72128 7.16406 7.81065 7.66377 7.11376 6.00516 4.62163 3.09051 0.703289 -1.07252 1.02635 4.05901 6.22833 7.0006 6.9876 6.9295 6.71709 6.62532 6.37916 6.20239 5.19495 3.46267 2.48272 1.05102 3.49989 3.76902 3.37833 4.59643 4.52748 2.66687 1.23414 1.04818 1.91005 1.07462 0.918795 0.396503 0.969324 2.51924 2.05422 2.13551 2.83293 2.94106 3.00354 3.0159 3.00347 2.99279 2.97364 2.96845 2.96328 2.9287 2.90903 2.89588 2.86223 2.84961 2.82442 2.80582 2.78981 2.76529 2.73073 2.63986
-9999 -9999 -9999 -9999 -9999 -9999 -9999 -4.42883 -1.77339 1.23848 4.19358 6.25276 7.07981 7.6803 7.66772 7.02934 6.47512 5.60546 4.25763 3.33117 1.72739 -0.47127 3.19851 4.3212 5.31965 5.73618 6.77892 6.74743 6.26111 5.69702 6.20892 6.04794 4.67742 4.22274 3.45898 4.81808 4.81472 4.76994 4.6895 3.11669 0.933137 -0.814023 0.429078 0.159058 0.726406 -1.06364 0.391374 1.56101 1.93449 1.12706 0.524281 2.3528 2.64436 2.81754 2.92589 2.99465 2.96899 2.98067 2.96288 2.9506 2.93781 2.9152 2.89881 2.87602 2.8529 2.82925 2.81275 2.78577 2.75169 2.7443 2.69599
-9999 -9999 -9999 -9999 -9999 -9999 -9999 -9999 -3.344 0.474281 3.88393 5.7796 6.9695 7.54602 7.52929 7.19978 6.82133 6.27953 5.30525 4.08303 2.15543 0.722917 1.62213 2.72204 2.83861 3.56718 5.69173 6.41357 5.37602 2.81886 4.31512 5.98803 5.95468 5.80527 5.63875 5.42651 5.23495 4.82354 3.733 0.406818 -0.253526 -1.56338 -1.42369 -2.09999 -0.648435 -1.20404 0.285667 0.926279 1.16268 -0.231512 0.0523639 1.6668 2.30328 2.18861 2.57667 2.94853 2.95383 2.9577 2.94107 2.9424 2.93864 2.92561 2.90005 2.88073 2.86477 2.82563 2.82398 2.69446 2.6084 2.44025 2.63606
-9999 -9999 -9999 -9999 -9999 -9999 -9999 -9999 -4.1081 -0.296166 3.72035 5.00588 6.2891 7.39573 7.41125 6.91099 6.43487 5.94458 5.38726 3.90617 2.46978 1.09823 0.633783 0.902785 0.874701 2.05715 4.8268 5.35816 5.12285 2.44909 1.54123 3.77801 5.65686 5.79897 5.62163 3.3967 3.8625 2.65888 1.02872 0.574697 -0.143257 -1.65226 -0.93767 -2.04549 -1.58243 -1.71693 -0.874826 -0.468633 0.534637 -0.68137 -0.684869 0.899714 1.69823 1.71094 2.54987 2.84453 2.91672 2.92987 2.93748 2.93453 2.94129 2.92699 2.90808 2.88518 2.83842 2.73586 2.43118 0.822159 0.818427 1.25346 1.66509
-9999 -9999 -9999 -9999 -9999 -9999 -9999 -9999 -3.66923 -1.02589 2.5373 5.17513 5.33522 6.6145 7.27186 6.72843 6.1173 5.49216 5.21537 3.60405 1.83474 0.404057 -1.28822 -1.01653 0.18813 2.16141 3.94825 4.26272 3.88596 2.44816 3.11637 4.63973 5.44564 5.67875 5.4837 4.99393 4.708 3.81982 3.43077 2.19953 0.278283 -0.483196 -0.0136908 -2.05344 -1.91966 -1.1767 -1.98307 -0.675712 -0.054383 -1.6221 -0.397785 1.0078 1.7228 2.34719 2.63906 2.75127 2.92722 2.92533 2.93407 2.93585 2.92663 2.91999 2.88381 2.85272 2.67571 2.41777 0.914854 0.285542 0.40199 1.08809 1.68835
-9999 -9999 -9999 -9999 -9999 -9999 -9999 -9999 -3.22059 -0.841291 2.24739 4.12631 4.45747 5.87679 7.13815 6.99038 6.35481 6.15692 5.49842 4.13094 2.62117 0.971568 0.166508 -1.67638 0.126035 1.54983 3.06202 3.76619 2.58293 1.98749 3.02435 4.0551 4.46294 5.50393 5.48748 5.13949 3.66103 2.9365 3.23279 2.91725 2.36989 1.045 0.97855 0.12442 -0.234141 -0.573357 -1.65725 -0.979489 -0.919033 -0.74651 0.730839 1.45868 1.93884 2.37508 2.48438 2.67025 2.91365 2.92893 2.93119 2.92337 2.92136 2.89624 2.81832 2.75158 2.40202 1.78839 0.649223 -1.19214 0.0956945 1.44279 1.83801
-9999 -9999 -9999 -9999 -9999 -9999 -9999 -9999 -3.63004 -1.10215 1.53667 2.6364 2.81803 5.39168 6.96516 6.9617 6.65715 6.30247 4.68502 4.77345 4.44505 2.9564 0.79084 -1.58692 -1.37049 0.0344974 2.03446 2.69178 0.741741 0.0500247 0.547905 2.10964 3.50691 4.96608 5.3318 4.89515 2.59745 0.155998 1.27816 2.47752 2.46351 2.10203 0.872687 0.476947 0.117838 -0.781554 -2.29949 -2.08604 -1.67441 -0.00140186 0.524496 1.34143 2.01876 1.75319 1.89703 2.54512 2.91409 2.9214 2.92128 2.92686 2.91141 2.88214 2.73354 2.57656 2.31773 0.728525 -0.262246 -1.69807 -0.0410621 0.875101 1.35465
-9999 -9999 -9999 -9999 -9999 -9999 -9999 -9999 -4.41755 -2.58482 -0.0628994 0.949814 2.56885 5.00059 6.19349 6.76211 6.74328 6.50484 5.77718 5.33725 4.47629 2.92795 0.813065 -1.53715 -3.06924 -2.29953 0.391365 1.02096 -0.776051 -1.69213 -0.565524 1.09917 3.56712 4.97436 5.15866 5.02411 4.54491 2.76055 0.605996 0.606179 1.67603 0.767411 -0.287603 0.280819 0.166378 -0.721696 -1.3699 -1.76894 -1.53866 -0.585849 -0.195994 0.748911 2.14733 2.34133 2.29418 2.87899 2.90158 2.90845 2.92387 2.91625 2.9039 2.8792 2.75668 2.49081 1.43062 0.505184 -0.779552 -0.944525 0.531849 1.17159 1.76525
-9999 -9999 -9999 -9999 -9999 -9999 -9999 -9999 -5.77126 -3.61395 -1.25192 0.959338 3.05106 4.85046 4.98383 5.92993 5.92256 6.41533 6.26624 5.59127 4.8652 3.53033 0.815289 -1.46869 -3.95902 -3.31022 -0.566839 -0.217045 -1.42205 -3.6429 -1.36284 1.15224 3.43105 4.66159 3.68505 4.67232 4.58387 3.91096 2.62553 0.630648 0.661024 -0.835993 -0.908297 -0.150862 0.0897269 -0.0455424 -0.534056 -1.30983 -1.19159 -0.616877 -0.47607 0.391626 1.47471 2.53355 2.70541 2.90159 2.90324 2.89954 2.90918 2.90435 2.87517 2.81364 2.68575 1.79578 0.738666 0.0847091 -0.812678 -0.927837 0.778483 1.44867 1.81766
