Test_Spring_2018/01_18/Temp/20180105_021.txt
ncols	170
nrows	115
xllcorner	350000.000000
yllcorner	4445000.000000
cellsize	1000.000000
nodata_value	-9999.000000
[rows 31 to 61 of 115, columns 71 to 141 of 170]
8.6963 8.92894 8.47243 8.51185 9.60311 9.84168 9.82148 9.73559 9.6286 9.11059 8.93413 8.52467 7.80703 7.50332 6.23053 2.12652 3.28212 3.73153 2.53919 3.19927 4.27628 3.33382 0.541795 -0.661027 -2.59732 -1.9689 -2.53944 -4.09659 -9999 -9999 -9999 -9999 -9999 -9999 -9999 -9999 -9999 -9999 -9999 -9999 -9999 -9999 -9999 -9999 -9999 -9999 -9999 -9999 -9999 -9999 -9999 -9999 -9999 -9999 -9999 -9999 -9999 -9999 -9999 -9999 -9999 -9999 -9999 -9999 -9999 -9999 -9999 -9999 -9999 -9999 -9999
8.46294 8.42925 7.98921 8.65428 9.26636 8.90346 8.66158 9.67658 9.67219 9.32123 8.50279 8.19934 7.88475 7.68994 6.64101 3.70735 1.06243 2.4726 2.50212 1.52038 3.27159 2.34263 -0.0763348 -3.48983 -1.63553 -2.1183 -4.50903 -5.09997 -9999 -9999 -9999 -9999 -9999 -9999 -9999 -9999 -9999 -9999 -9999 -9999 -9999 -9999 -9999 -9999 -9999 -9999 -9999 -9999 -9999 -9999 -9999 -9999 -9999 -9999 -9999 -9999 -9999 -9999 -9999 -9999 -9999 -9999 -9999 -9999 -9999 -9999 -9999 -9999 -9999 -9999 -9999
8.08216 7.84865 7.65611 8.64727 8.62072 8.57092 8.9399 9.57041 9.69176 9.55219 9.19264 8.88062 8.5489 7.71468 6.51561 4.00426 0.994386 0.308339 1.775 1.84191 2.07514 1.22801 0.165166 -1.49587 -0.137945 0.38915 -1.18511 -3.24956 -4.57289 -9999 -9999 -9999 -9999 -9999 -9999 -9999 -9999 -9999 -9999 -9999 -9999 -9999 -9999 -9999 -9999 -9999 -9999 -9999 -9999 -9999 -9999 -9999 -9999 -9999 -9999 -9999 -9999 -9999 -9999 -9999 -9999 -9999 -9999 -9999 -9999 -9999 -9999 -9999 -9999 -9999 -9999
7.50629 7.15569 6.18264 6.77763 7.22312 8.08218 8.30197 8.42307 9.60802 9.54066 9.48104 8.96859 8.5577 7.87998 6.7258 5.08471 3.10993 -0.324767 1.7861 3.43847 3.3927 3.29912 2.55357 0.957352 2.28973 2.35121 0.340682 -1.94457 -3.30596 -3.86999 -9999 -9999 -9999 -9999 -9999 -9999 -9999 -9999 -9999 -9999 -9999 -9999 -9999 -9999 -9999 -9999 -9999 -9999 -9999 -9999 -9999 -9999 -9999 -9999 -9999 -9999 -9999 -9999 -9999 -9999 -9999 -9999 -9999 -9999 -9999 -9999 -9999 -9999 -9999 -9999 -9999
6.70542 6.36758 5.18037 5.77908 6.58017 7.72649 8.33068 8.77808 9.12959 9.48801 9.44072 8.91641 7.37666 7.15256 7.08119 6.00607 3.75528 1.50763 0.922184 3.44469 4.16423 4.01374 4.57525 3.2225 3.85895 3.59578 2.88206 0.685485 -1.331 -2.17165 -3.83157 -9999 -9999 -9999 -9999 -9999 -9999 -9999 -9999 -9999 -9999 -9999 -9999 -9999 -9999 -9999 -9999 -9999 -9999 -9999 -9999 -9999 -9999 -9999 -9999 -9999 -9999 -9999 -9999 -9999 -9999 -9999 -9999 -9999 -9999 -9999 -9999 -9999 -9999 -9999 -9999
-9999 -9999 -9999 4.43086 5.5363 6.44382 7.56865 8.52765 9.00516 9.46873 9.42674 8.38338 7.87048 7.82114 7.11488 5.87436 5.09395 3.67687 2.2009 2.75869 4.90942 3.94765 5.47121 5.3396 5.61806 4.59595 2.68086 0.111937 -1.38392 -2.13639 -3.48214 -9999 -9999 -9999 -9999 -9999 -9999 -9999 -9999 -9999 -9999 -9999 -9999 -9999 -9999 -9999 -9999 -9999 -9999 -9999 -9999 -9999 -9999 -9999 -9999 -9999 -9999 -9999 -9999 -9999 -9999 -9999 -9999 -9999 -9999 -9999 -9999 -9999 -9999 -9999 -9999
-9999 -9999 -9999 -9999 5.334 6.02528 7.50941 8.2926 8.60133 9.3517 9.34917 8.95115 8.64926 8.21308 7.64472 6.71094 5.68128 4.34797 4.22021 5.59398 5.60696 5.31548 5.53873 6.24428 6.05548 4.48115 1.76733 0.325365 -2.57755 -3.83338 -3.7074 -4.59911 -9999 -9999 -9999 -9999 -9999 -9999 -9999 -9999 -9999 -9999 -9999 -9999 -1.26277 -9999 -9999 -9999 -9999 -9999 -9999 -9999 -9999 -9999 -9999 -9999 -9999 -9999 -9999 -9999 -9999 -9999 -9999 -9999 -9999 -6.73271 -9999 -9999 -9999 -9999 -9999
-9999 -9999 -9999 5.19148 6.12871 6.84861 7.77792 7.87967 8.43428 9.29785 9.3064 9.02283 8.70259 7.98834 7.80723 7.27317 6.1554 5.92248 6.36823 6.5712 6.80239 6.94371 6.82308 6.53379 6.16113 5.15939 3.89389 3.04418 0.381649 -0.960455 -2.25687 -4.21837 -5.75409 -9999 -9999 -9999 -9999 -9999 -9999 -9999 -2.26844 -2.34684 -2.31763 -1.89353 -0.713047 -1.41535 -9999 -9999 -9999 -9999 -9999 -9999 -9999 -9999 -9999 -9999 -9999 -9999 -9999 -9999 -9999 -9999 -9999 -9999 -9999 -5.67105 -7.22094 -9999 -9999 -9999 -9999
-9999 -9999 -9999 5.45284 6.42728 6.9126 7.81568 8.33114 8.68429 8.98148 9.26485 9.21212 8.85813 8.3218 8.31956 7.58202 7.18164 6.89423 7.49865 7.61429 7.36535 7.05486 6.78058 6.01089 5.92042 5.68646 4.88325 3.56523 2.20692 0.269246 -2.39176 -5.00209 -7.10882 -9999 -9999 -9999 -9999 -9999 -9999 -2.04612 -1.06687 -0.482467 -1.74297 -0.676508 0.297845 0.135839 -0.808792 -9999 -9999 -9999 -9999 -9999 -9999 -9999 -9999 -9999 -9999 -9999 -9999 -9999 -9999 1.66036 0.0720676 -3.129 -4.77318 -5.76251 -7.17226 -9999 -9999 -9999 -9999
-9999 -9999 -9999 5.25557 6.40771 7.18771 7.8799 7.98881 8.70141 9.02085 9.17135 9.14871 9.07445 8.97103 8.32643 8.04554 7.07402 7.99152 7.95087 7.71204 6.78232 6.3776 4.7861 4.08498 3.94338 5.27909 4.29154 2.22975 -0.347861 -3.43418 -3.62685 -4.65417 -6.53747 -9999 -9999 -9999 -9999 -9999 -9999 -1.74499 -0.697456 0.17604 0.298305 -0.954637 0.780924 0.719083 -0.261009 -0.488308 0.303751 0.701634 0.403109 1.35639 1.62659 1.18696 1.64943 -9999 -9999 -9999 -9999 1.88519 1.94141 1.98239 1.31662 -2.17957 -4.56951 -6.71649 -6.92262 -9999 -9999 -9999 -9999
-9999 -9999 -9999 6.05116 6.76034 7.11848 7.17548 7.79709 8.42057 8.812 9.08721 9.02636 8.99832 8.96824 8.74344 8.22925 8.31385 8.26621 7.96387 6.19686 4.13611 5.02838 3.80692 1.201 3.33017 4.49679 3.37848 0.880736 -2.01583 -2.9534 -2.90556 -4.33308 -6.17438 -9999 -9999 -9999 -4.61296 -3.1107 -2.98603 -2.54791 -1.14929 -0.0868042 0.717991 1.26088 1.248 0.663896 -0.294872 -1.33679 -0.974232 0.881869 1.32869 1.7199 1.9999 1.59071 1.78205 2.27076 2.51887 2.56198 2.43599 2.40081 2.43352 2.36645 1.74437 -1.37545 -3.16829 -4.31462 -6.62044 -9999 -9999 -9999 -9999
-9999 -9999 -9999 5.60733 6.22434 6.72398 7.54842 7.63524 8.15973 8.47246 8.9421 8.98984 8.44142 8.88403 8.81931 8.72829 8.54305 8.27516 6.78165 4.72634 2.66686 1.71443 2.12266 0.549666 1.36258 2.54489 2.1191 0.585066 -1.99503 -2.35833 -2.94983 -5.34029 -7.65056 -9999 -9999 -7.53409 -4.64571 -2.61425 -1.56992 -1.25137 -1.22719 0.112818 0.21185 1.65549 1.31815 -0.604858 -0.395224 -1.14025 -0.663378 0.00451471 0.184671 1.167 2.11039 2.2796 2.27421 2.58176 2.63745 2.64499 2.62784 2.40436 2.49474 2.50225 2.1117 -0.156842 -1.26659 -2.48993 -6.60486 -9999 -9999 -9999 -9999
-9999 -9999 -9999 5.92073 6.61103 7.36706 7.48881 8.04828 7.9849 7.82645 8.60541 8.89425 8.50528 8.22283 8.72416 8.6813 8.60602 8.48726 7.08298 5.4598 3.00667 1.48163 0.554607 -0.106924 -0.984457 -0.376865 -0.561343 -0.808769 -0.521188 -1.22455 -2.63179 -4.03602 -6.65813 -8.0825 -9999 -7.37825 -6.07861 -3.66164 -1.609 -0.308833 -0.786661 0.737623 1.01465 1.89837 1.37365 0.204021 -0.30975 -0.360713 -0.520041 0.50509 1.19849 1.68726 2.00577 2.40984 2.50377 2.59811 2.63192 2.64617 2.66112 2.64728 2.63106 2.57767 2.42634 1.3795 0.27068 -2.1149 -6.47413 -9999 -9999 -9999 -9999
-9999 -9999 3.89626 5.8382 6.99701 7.44558 7.76908 8.05378 8.25913 8.47653 8.67329 8.8095 8.74944 7.72749 7.80276 7.97707 8.54499 8.49585 8.36211 7.47155 4.48757 3.45838 1.95164 0.00261446 -0.805966 -0.397618 1.20126 1.13225 0.0770676 -1.09937 -2.72033 -3.75282 -5.36496 -8.45528 -8.18252 -6.79644 -5.76748 -4.12753 -1.61719 0.140034 0.919695 1.20937 1.82759 2.1438 1.42038 0.737769 0.44672 -0.0867641 -0.167306 -0.169488 0.447468 0.932626 2.01213 2.36716 2.52819 2.60331 2.63928 2.66305 2.68667 2.6894 2.66049 2.65393 2.63815 2.55367 1.0814 -2.60012 -5.37391 -9999 -9999 -9999 -9999
-9999 -9999 -9999 5.47756 5.98773 6.12147 6.35498 6.83257 7.38262 8.16396 8.26152 8.68759 8.67883 7.80066 6.78244 7.65403 7.99496 8.34894 8.35205 8.23146 5.72509 4.41223 3.37932 1.51075 2.19038 2.83246 2.88368 2.50045 0.236082 -2.0193 -4.61458 -7.04669 -7.16396 -8.47265 -7.78202 -6.86863 -4.51462 -2.86087 -2.19547 -1.72013 0.831432 1.49256 1.71001 2.35767 1.45663 1.22455 0.546533 0.740099 0.675413 0.673439 -1.19302 0.672684 0.775806 1.98429 2.5263 2.64349 2.66764 2.69422 2.69094 2.68938 2.67565 2.68026 2.65373 2.62093 1.66019 -2.99741 -5.34391 -9999 -9999 -9999 -9999
-9999 -9999 -9999 -9999 -9999 5.63865 6.02796 6.27719 6.70791 8.03029 8.38353 8.6161 8.63101 8.23456 7.22756 6.95552 7.12993 6.14547 6.954 8.06545 8.03269 7.89382 5.69146 4.57012 5.66155 5.33264 3.68152 2.38312 1.10181 -1.53862 -3.46525 -6.25217 -8.34604 -8.42695 -6.12037 -4.2048 -1.8228 -0.776746 -1.38565 -0.74458 0.518209 1.95388 2.64392 2.47127 1.52157 1.3837 0.341549 1.35351 1.43493 0.955941 0.541216 0.703422 1.29804 1.52027 2.46399 2.68639 2.72103 2.71897 2.71385 2.7011 2.68743 2.66487 2.64607 2.62408 2.57263 -2.21503 -5.94534 -9999 -9999 -9999 -9999
-9999 -9999 -9999 -9999 -9999 4.71959 4.95712 5.57984 7.17807 8.01498 8.35024 8.33472 8.48578 8.2042 7.31653 6.40486 5.54392 4.4368 5.05772 6.71382 7.68898 7.79705 5.86631 6.87447 6.50032 5.76212 3.60207 2.01148 1.17012 -1.3643 -3.52841 -5.38193 -7.94288 -6.84935 -5.6465 -4.10223 -1.50155 0.249019 0.962395 0.346965 1.15071 2.80376 2.80439 1.8872 1.9387 1.37884 -0.0430947 1.42466 1.83374 1.49408 1.57548 1.45013 1.66743 2.06842 2.45135 2.70313 2.73001 2.72596 2.70834 2.69908 2.6902 2.66264 2.65497 2.63263 2.59951 -0.494019 -6.01946 -9999 -9999 -9999 -9999
-9999 -9999 -9999 -9999 -9999 -9999 3.88417 5.30484 7.42651 7.95281 7.90178 8.33582 8.36821 7.93938 7.5652 6.46008 4.95291 2.06625 2.79202 4.31594 6.51761 7.67391 7.51563 6.87473 5.75572 3.04659 0.676749 0.392374 0.00786903 -1.84059 -3.50498 -5.56561 -4.371 -3.0639 -1.63543 -0.888214 -1.09032 0.40866 1.62845 1.09733 2.08516 3.2393 2.70284 2.38244 2.11279 1.46654 1.42152 1.48251 2.31392 1.72973 2.08057 2.08902 2.06275 2.25458 2.47602 2.70857 2.73987 2.73185 2.72684 2.68969 2.69012 2.66693 2.64401 2.62238 2.59238 2.30439 -0.677741 -2.4614 -9999 -9999 -9999
-9999 -9999 -9999 -9999 -9999 -9999 2.57273 3.28106 5.79368 6.56914 7.67654 8.26183 8.28347 7.564 7.1593 5.51694 4.97811 2.30718 1.09497 2.11178 1.71537 4.75031 7.43707 6.85616 1.43054 -0.532661 -1.9315 -1.56765 -1.56032 -2.07212 -4.91219 -5.69636 -3.14469 -1.53949 -0.297792 0.641606 0.83167 0.790917 2.70356 2.9504 3.56533 3.4201 3.46885 2.48983 1.88131 2.39935 1.78786 1.67864 2.53773 1.68129 2.44655 2.35542 2.11836 2.10009 2.60075 2.69628 2.7426 2.73688 2.70822 2.67294 2.64957 2.65646 2.63928 2.60176 2.59399 2.55742 2.1914 0.645696 0.100235 0.687694 -9999
-9999 -9999 -9999 -9999 -9999 -9999 -9999 0.935868 4.42779 6.02267 6.85779 8.03392 8.17067 7.78658 7.0912 5.41808 3.94565 1.55733 -1.16852 -2.61268 1.6918 5.43903 7.39468 7.14165 2.62528 0.844544 0.764792 1.81828 0.935812 0.26731 -1.88872 -2.53465 -3.43415 -2.88125 -1.14744 0.263286 1.62371 2.60945 2.68105 3.31549 3.67933 3.70013 3.8069 3.68403 3.58278 2.63976 3.28019 2.72541 3.0114 2.8189 2.64491 2.49932 1.95785 2.33043 2.65929 2.73871 2.75537 2.72721 2.71361 2.68959 2.64752 2.62614 2.6142 2.60137 2.57474 2.56529 2.53572 2.35458 1.42147 0.175605 -1.39582
-9999 -9999 -9999 -9999 -9999 -9999 -9999 -0.810421 2.66394 4.33764 6.49012 7.59816 8.04222 7.97545 7.41061 6.13753 4.22546 2.63151 -0.410354 -3.56776 0.948136 4.97915 7.15138 7.26592 3.47525 4.52955 3.68133 4.02743 2.47317 1.82924 1.32713 0.20987 -1.0131 -2.34942 -3.06286 0.113963 1.74118 3.04788 3.65843 3.99845 4.1623 4.06077 3.8163 2.39432 3.46324 3.399 3.28494 3.15579 3.09068 2.97401 2.83777 2.76043 2.72717 2.3655 2.7609 2.74155 2.73989 2.73377 2.71425 2.68426 2.65598 2.62296 2.6145 2.59459 2.57099 2.55198 2.53395 2.51345 2.45406 2.20036 0.0926073
-9999 -9999 -9999 -9999 -9999 -9999 -9999 -5.69636 -0.641455 3.42638 5.54435 7.2666 7.73467 7.90469 7.14981 6.58302 5.21035 3.91033 1.90944 -1.08328 -2.9275 0.452721 5.37201 7.19318 7.05697 6.94453 5.96271 5.07853 4.96895 5.03787 4.01528 2.51728 0.551765 -0.0667063 -0.758927 1.60587 1.92064 1.73936 4.33588 4.33151 4.17244 3.16419 2.0423 2.24401 1.55155 2.0739 1.24311 1.99398 2.64272 2.88178 2.85639 2.76984 2.75087 2.70588 2.76446 2.75681 2.73833 2.7216 2.70793 2.68823 2.6472 2.61865 2.61788 2.58953 2.56303 2.54461 2.52938 2.51448 2.46811 2.42573 2.09512
-9999 -9999 -9999 -9999 -9999 -9999 -9999 -5.47521 -1.22221 2.38158 4.54101 6.61562 7.09168 7.78658 7.62741 7.03436 5.84037 4.35085 2.703 0.134666 -1.77503 0.485168 3.74804 6.08603 6.93016 6.93004 6.87456 6.65334 6.56802 6.3104 6.13455 5.05573 3.19473 2.14348 0.605118 3.24102 3.53058 3.10929 4.41829 4.34201 2.33777 0.794041 0.592158 1.52324 0.62427 0.460559 -0.0920247 0.526996 2.1978 1.69878 1.79031 2.55147 2.67092 2.73834 2.7538 2.74186 2.73092 2.7099 2.7029 2.69499 2.65463 2.62968 2.61135 2.57081 2.55891 2.52808 2.4995 2.48473 2.45562 2.41612 2.31645
-9999 -9999 -9999 -9999 -9999 -9999 -9999 -5.38826 -2.53006 0.71215 3.89381 6.10958 6.99912 7.64452 7.63003 6.94214 6.34488 5.40847 3.95799 2.96145 1.23681 -1.12714 2.82395 4.03207 5.11943 5.5785 6.70714 6.68027 6.16413 5.57899 6.13514 5.96533 4.49444 4.00811 3.18831 4.65169 4.64822 4.59938 4.51153 2.81751 0.466173 -1.41555 -0.0795633 -0.371123 0.244701 -1.67725 -0.113676 1.14722 1.55218 0.694824 0.0498286 2.02786 2.34159 2.53029 2.64874 2.72395 2.69678 2.70892 2.68846 2.67307 2.6564 2.6286 2.60713 2.57862 2.54981 2.52745 2.50113 2.4687 2.42252 2.41228 2.36561
-9999 -9999 -9999 -9999 -9999 -9999 -9999 -9999 -4.21833 -0.107405 3.56172 5.60135 6.88121 7.50081 7.48193 7.12653 6.7186 6.13522 5.08693 3.7724 1.69954 0.160065 1.13015 2.31339 2.45234 3.24166 5.53344 6.31624 5.20609 2.46997 4.08431 5.88873 5.85664 5.6989 5.52191 5.29827 5.09241 4.64931 3.47493 -0.105299 -0.820824 -2.2319 -2.08307 -2.81177 -1.24404 -1.8373 -0.233043 0.458293 0.715305 -0.781668 -0.464927 1.27261 1.96018 1.83929 2.25886 2.6653 2.6713 2.675 2.65587 2.65531 2.64863 2.63146 2.59526 2.57047 2.54933 2.51092 2.50042 2.35768 2.26225 2.07907 2.28805
-9999 -9999 -9999 -9999 -9999 -9999 -9999 -9999 -5.03943 -0.937267 3.38458 4.76761 6.14784 7.33788 7.35382 6.81482 6.30194 5.77407 5.17444 3.58132 2.03683 0.562664 0.0651183 0.357334 0.3366 1.61355 4.59864 5.17564 4.92783 2.06527 1.09267 3.50317 5.52801 5.68355 5.49468 3.10194 3.6036 2.30837 0.553637 0.0639977 -0.709834 -2.33481 -1.5671 -2.75987 -2.26193 -2.39506 -1.48781 -1.04902 0.0326826 -1.27307 -1.26597 0.438918 1.30031 1.31596 2.22022 2.53831 2.61639 2.6302 2.63727 2.63224 2.63701 2.6186 2.59489 2.56672 2.51291 2.39924 2.0763 0.33651 0.32979 0.795639 1.23677
-9999 -9999 -9999 -9999 -9999 -9999 -9999 -9999 -4.56746 -1.72304 2.11077 4.94865 5.12036 6.49615 7.20272 6.61733 5.95924 5.28631 4.98849 3.25515 1.35225 -0.185811 -2.00484 -1.71023 -0.411293 1.72207 3.64895 3.99181 3.59102 2.05785 2.78036 4.42264 5.29252 5.54558 5.33738 4.81148 4.50432 3.54861 3.1295 1.80389 -0.264304 -1.08465 -0.580354 -2.77563 -2.63187 -1.83216 -2.68682 -1.27871 -0.608347 -2.29299 -0.967553 0.54657 1.31758 1.9909 2.30612 2.42758 2.61707 2.61461 2.62295 2.62319 2.61105 2.60127 2.5594 2.52289 2.32937 2.04894 0.429205 -0.247909 -0.125179 0.610851 1.2549
-9999 -9999 -9999 -9999 -9999 -9999 -9999 -9999 -4.08475 -1.52484 1.79811 3.81923 4.17486 5.70125 7.05768 6.89799 6.21359 6.00032 5.29172 3.82061 2.19676 0.422861 -0.441931 -2.42297 -0.481423 1.06009 2.6908 3.45225 2.19326 1.5557 2.67423 3.78589 4.22698 5.34889 5.33257 4.95906 3.36873 2.58918 2.90763 2.56753 1.97787 0.551584 0.479467 -0.439941 -0.825814 -1.19049 -2.34327 -1.61284 -1.54629 -1.36028 0.23839 1.02281 1.54067 2.0111 2.12948 2.32988 2.59174 2.60765 2.60905 2.59911 2.59499 2.56568 2.47932 2.40487 2.02613 1.36337 0.135346 -1.84522 -0.461977 0.985318 1.39666
-9999 -9999 -9999 -9999 -9999 -9999 -9999 -9999 -4.52516 -1.8058 1.0328 2.21526 2.40982 5.1781 6.87024 6.86575 6.53744 6.15539 4.41486 4.51009 4.15714 2.55615 0.227159 -2.3298 -2.0952 -0.571227 1.58038 2.29079 0.206297 -0.535469 0.0025508 1.685 3.19019 4.76166 5.15625 4.68715 2.21527 -0.41161 0.795571 2.08562 2.07005 1.68061 0.357469 -0.068557 -0.454921 -1.42232 -3.04908 -2.81107 -2.36696 -0.558991 0.00773388 0.887599 1.61718 1.33207 1.48724 2.18467 2.58142 2.58867 2.58753 2.59214 2.57381 2.54034 2.37831 2.20717 1.92644 0.214365 -0.853676 -2.40509 -0.616634 0.367064 0.869331
-9999 -9999 -9999 -9999 -9999 -9999 -9999 -9999 -5.37228 -3.40131 -0.68888 0.399669 2.14059 4.75598 6.03849 6.64939 6.62838 6.37125 5.58797 5.11452 4.18834 2.52286 0.248078 -2.27962 -3.92679 -3.09707 -0.192488 0.488985 -1.43279 -2.41651 -1.20254 0.590192 3.24695 4.76215 4.96123 4.81697 4.30161 2.38172 0.0633366 0.0632541 1.21405 0.236099 -0.899275 -0.287743 -0.410755 -1.36595 -2.06283 -2.47777 -2.22969 -1.19629 -0.776276 0.240915 1.74597 1.95497 1.90431 2.53336 2.55723 2.56389 2.57947 2.57 2.55521 2.52695 2.39333 2.10539 0.9628 -0.0347384 -1.41878 -1.59786 -0.00792546 0.66615 1.30285
-9999 -9999 -9999 -9999 -9999 -9999 -9999 -9999 -6.82862 -4.50888 -1.96888 0.408929 2.65817 4.59295 4.73523 5.75212 5.74326 6.27274 6.1118 5.38528 4.60403 3.16798 0.247183 -2.20956 -4.88813 -4.18892 -1.22512 -0.838971 -2.13394 -4.52202 -2.06745 0.639812 3.09262 4.41733 3.36709 4.42962 4.33454 3.61048 2.22726 0.080652 0.113145 -1.49773 -1.57558 -0.760528 -0.501438 -0.646601 -1.17169 -1.99913 -1.86426 -1.23827 -1.08649 -0.152695 1.01274 2.15193 2.33659 2.54723 2.54837 2.54355 2.55291 2.54654 2.51382 2.44619 2.3071 1.348 0.209074 -0.496038 -1.46302 -1.58827 0.241987 0.956343 1.35101
