Test_Spring_2018/01_18/Temp/20180124_003.txt
ncols	170
nrows	115
xllcorner	350000.000000
yllcorner	4445000.000000
cellsize	1000.000000
nodata_value	-9999.000000
[rows 31 to 61 of 115, columns 70 to 139 of 170]
4.3604 4.99599 5.22858 4.78343 4.82613 5.89243 6.13568 6.11918 6.03266 5.9305 5.42417 5.2538 4.85421 4.15136 3.85536 2.6059 -1.42862 -0.290778 0.151844 -1.02094 -0.372596 0.685037 -0.24427 -2.99335 -4.18006 -6.08868 -5.48366 -6.05142 -7.58837 -9999 -9999 -9999 -9999 -9999 -9999 -9999 -9999 -9999 -9999 -9999 -9999 -9999 -9999 -9999 -9999 -9999 -9999 -9999 -9999 -9999 -9999 -9999 -9999 -9999 -9999 -9999 -9999 -9999 -9999 -9999 -9999 -9999 -9999 -9999 -9999 -9999 -9999 -9999 -9999 -9999
4.47198 4.76158 4.73245 4.3037 4.9619 5.56806 5.20902 4.96616 5.97023 5.96884 5.62661 4.82458 4.52897 4.22224 4.0331 3.00357 0.119974 -2.48014 -1.09254 -1.06344 -2.02958 -0.308455 -1.22398 -3.60556 -6.96584 -5.14561 -5.62431 -7.98994 -8.57793 -9999 -9999 -9999 -9999 -9999 -9999 -9999 -9999 -9999 -9999 -9999 -9999 -9999 -9999 -9999 -9999 -9999 -9999 -9999 -9999 -9999 -9999 -9999 -9999 -9999 -9999 -9999 -9999 -9999 -9999 -9999 -9999 -9999 -9999 -9999 -9999 -9999 -9999 -9999 -9999 -9999
3.65667 4.38223 4.15677 3.97161 4.95067 4.92882 4.8729 5.23591 5.86156 5.98373 5.84926 5.49838 5.19414 4.87037 4.05216 2.87482 0.406495 -2.55256 -3.22655 -1.78382 -1.71833 -1.48982 -2.32444 -3.37176 -5.00791 -3.67529 -3.16015 -4.72028 -6.75878 -8.07175 -9999 -9999 -9999 -9999 -9999 -9999 -9999 -9999 -9999 -9999 -9999 -9999 -9999 -9999 -9999 -9999 -9999 -9999 -9999 -9999 -9999 -9999 -9999 -9999 -9999 -9999 -9999 -9999 -9999 -9999 -9999 -9999 -9999 -9999 -9999 -9999 -9999 -9999 -9999 -9999
2.56428 3.81112 3.47067 2.51802 3.10756 3.55007 4.38107 4.60717 4.72908 5.89726 5.83373 5.77771 5.27621 4.87446 4.21006 3.07681 1.46436 -0.476617 -3.85386 -1.77737 -0.152297 -0.197894 -0.291025 -1.02588 -2.59787 -1.28992 -1.23227 -3.22329 -5.48399 -6.82597 -7.38349 -9999 -9999 -9999 -9999 -9999 -9999 -9999 -9999 -9999 -9999 -9999 -9999 -9999 -9999 -9999 -9999 -9999 -9999 -9999 -9999 -9999 -9999 -9999 -9999 -9999 -9999 -9999 -9999 -9999 -9999 -9999 -9999 -9999 -9999 -9999 -9999 -9999 -9999 -9999
-9999 3.01886 2.69112 1.52798 2.1213 2.91364 4.03717 4.62718 5.07446 5.42292 5.7781 5.73416 5.22092 3.70885 3.49055 3.42226 2.36649 0.154131 -2.0555 -2.63071 -0.149633 0.557717 0.408882 0.95984 -0.372381 0.251409 -0.00992234 -0.71764 -2.89521 -4.884 -5.71328 -7.34799 -9999 -9999 -9999 -9999 -9999 -9999 -9999 -9999 -9999 -9999 -9999 -9999 -9999 -9999 -9999 -9999 -9999 -9999 -9999 -9999 -9999 -9999 -9999 -9999 -9999 -9999 -9999 -9999 -9999 -9999 -9999 -9999 -9999 -9999 -9999 -9999 -9999 -9999
-9999 -9999 -9999 -9999 0.791309 1.87543 2.77426 3.87435 4.82468 5.2971 5.75569 5.71695 4.69321 4.19107 4.14467 3.452 2.23364 1.46754 0.074935 -1.37596 -0.827035 1.28812 0.341587 1.83894 1.70792 1.9798 0.972193 -0.923882 -3.46 -4.93663 -5.67904 -7.00461 -9999 -9999 -9999 -9999 -9999 -9999 -9999 -9999 -9999 -9999 -9999 -9999 -9999 -9999 -9999 -9999 -9999 -9999 -9999 -9999 -9999 -9999 -9999 -9999 -9999 -9999 -9999 -9999 -9999 -9999 -9999 -9999 -9999 -9999 -9999 -9999 -9999 -9999
-9999 -9999 -9999 -9999 -9999 1.67299 2.35891 3.82236 4.59039 4.89685 5.63757 5.63767 5.24868 4.95412 4.52734 3.9704 3.05385 2.04274 0.732683 0.607948 1.95956 1.97235 1.68519 1.90377 2.5962 2.40857 0.854838 -1.82341 -3.24416 -6.11132 -7.34878 -7.22685 -8.1054 -9999 -9999 -9999 -9999 -9999 -9999 -9999 -9999 -9999 -9999 -9999 -9999 -4.80663 -9999 -9999 -9999 -9999 -9999 -9999 -9999 -9999 -9999 -9999 -9999 -9999 -9999 -9999 -9999 -9999 -9999 -9999 -9999 -9999 -10.1225 -9999 -9999 -9999
-9999 -9999 -9999 -9999 1.53207 2.45327 3.16531 4.08312 4.17788 4.72988 5.58201 5.59309 5.31676 5.00426 4.30412 4.12819 3.60492 2.50734 2.27971 2.71918 2.91943 3.14694 3.28552 3.1659 2.87986 2.51134 1.51441 0.267131 -0.571286 -3.19879 -4.52419 -5.8013 -7.73206 -9.24353 -9999 -9999 -9999 -9999 -9999 -9999 -9999 -5.80606 -5.88055 -5.84903 -5.42902 -4.26499 -4.95263 -9999 -9999 -9999 -9999 -9999 -9999 -9999 -9999 -9999 -9999 -9999 -9999 -9999 -9999 -9999 -9999 -9999 -9999 -9999 -9.07475 -10.5951 -9999 -9999
-9999 -9999 -9999 -9999 1.78116 2.74381 3.22521 4.1173 4.62796 4.9735 5.26868 5.55017 5.50102 5.15548 4.6305 4.63068 3.90749 3.51566 3.23462 3.8303 3.94478 3.70013 3.39434 3.12355 2.36492 2.27375 2.03221 1.23931 -0.0600078 -1.39891 -3.316 -5.9354 -8.50444 -10.5776 -9999 -9999 -9999 -9999 -9999 -9999 -5.59053 -4.62471 -4.04704 -5.28372 -4.23168 -3.27013 -3.42614 -4.35916 -9999 -9999 -9999 -9999 -9999 -9999 -9999 -9999 -9999 -9999 -9999 -9999 -9999 -9999 -1.87463 -3.43342 -6.57838 -8.19199 -9.16136 -10.544 -9999 -9999
-9999 -9999 -9999 -9999 1.58426 2.72178 3.4931 4.17786 4.28874 4.99661 5.30565 5.45662 5.43723 5.367 5.26802 4.63665 4.36281 3.40947 4.31367 4.27507 4.041 3.12682 2.72831 1.16187 0.470477 0.320562 1.63118 0.656565 -1.3747 -3.91322 -6.95468 -7.15191 -8.16425 -10.0178 -9999 -9999 -9999 -9999 -9999 -9999 -5.29557 -4.26229 -3.39998 -3.27637 -4.50522 -2.79473 -2.85909 -3.81897 -4.03832 -3.25495 -2.85913 -3.1538 -2.21334 -1.94241 -2.36965 -1.90978 -9999 -9999 -9999 -9999 -1.65659 -1.59788 -1.55433 -2.20595 -5.64132 -7.98854 -10.0966 -10.2926 -9999 -9999
-9999 -9999 -9999 -9999 2.3642 3.06617 3.42268 3.4828 4.09801 4.71805 5.09887 5.37349 5.31669 5.29212 5.26548 5.04722 4.54419 4.62982 4.58503 4.28928 2.55242 0.526002 1.40323 0.199189 -2.37065 -0.282249 0.861589 -0.242146 -2.70271 -5.55545 -6.48402 -6.44454 -7.85078 -9.65913 -9999 -9999 -9999 -8.12216 -6.6425 -6.51713 -6.08301 -4.70386 -3.65505 -2.86425 -2.32653 -2.34425 -2.9124 -3.85113 -4.87149 -4.51034 -2.68013 -2.23586 -1.85318 -1.57235 -1.96943 -1.77071 -1.28542 -1.03701 -0.990466 -1.11049 -1.14144 -1.10579 -1.1684 -1.7769 -4.84752 -6.60763 -7.73162 -9.98763 -9999 -9999
-9999 -9999 -9999 -9999 1.91857 2.52979 3.02554 3.8485 3.9378 4.45734 4.77095 5.22992 5.28013 4.74399 5.1825 5.12196 5.03537 4.85584 4.59462 3.12746 1.10711 -0.918087 -1.85528 -1.45874 -3.00824 -2.21441 -1.05532 -1.48139 -2.99132 -5.53311 -5.89446 -6.48231 -8.83987 -11.114 -9999 -9999 -11 -8.1577 -6.15735 -5.12719 -4.81028 -4.7825 -3.46031 -3.35849 -1.93418 -2.26897 -4.15401 -3.9433 -4.6771 -4.20332 -3.53487 -3.35292 -2.38601 -1.45524 -1.28375 -1.28414 -0.976981 -0.917792 -0.906253 -0.91927 -1.13548 -1.04319 -1.03253 -1.41339 -3.64121 -4.72918 -5.92595 -9.96451 -9999 -9999
-9999 -9999 -9999 -9999 2.22608 2.90945 3.65745 3.78158 4.33616 4.28402 4.1341 4.90333 5.18578 4.8067 4.53236 5.02881 4.98984 4.9187 4.80433 3.42504 1.82974 -0.582658 -2.08315 -2.99961 -3.65304 -4.52015 -3.92642 -4.11214 -4.36006 -4.0819 -4.78171 -6.17236 -7.55698 -10.1411 -11.5434 -9999 -10.8505 -9.5706 -7.1909 -5.16874 -3.88602 -4.35153 -2.84763 -2.57029 -1.70259 -2.21412 -3.35805 -3.8525 -3.89765 -4.04954 -3.03664 -2.35448 -1.8726 -1.5541 -1.15356 -1.05623 -0.958745 -0.921091 -0.902986 -0.884503 -0.894596 -0.907224 -0.956522 -1.10215 -2.12844 -3.21319 -5.55555 -9.83457 -9999 -9999
-9999 -9999 -9999 0.232709 2.14333 3.28752 3.7332 4.05586 4.34035 4.54676 4.76687 4.969 5.10613 5.04694 4.04555 4.1232 4.29808 4.85974 4.81402 4.68445 3.80972 0.875164 -0.140133 -1.6231 -3.54278 -4.34398 -3.94669 -2.37897 -2.45199 -3.49507 -4.65737 -6.25868 -7.28167 -8.87036 -11.9134 -11.6457 -10.2819 -9.26824 -7.65258 -5.17998 -3.44736 -2.67568 -2.38558 -1.77723 -1.46142 -2.16267 -2.82712 -3.10797 -3.62746 -3.7017 -3.69909 -3.08777 -2.60938 -1.54638 -1.19217 -1.03049 -0.951941 -0.9122 -0.884798 -0.857848 -0.851709 -0.876872 -0.880155 -0.892484 -0.970436 -2.4147 -6.02551 -8.74504 -9999 -9999
-9999 -9999 -9999 -9999 1.78724 2.29349 2.42958 2.66385 3.13818 3.68381 4.45864 4.55887 4.98214 4.98021 4.11792 3.12035 3.98123 4.31982 4.67072 4.67583 4.5584 2.09246 0.800185 -0.217778 -2.05863 -1.39642 -0.769679 -0.724578 -1.10715 -3.34003 -5.56407 -8.12415 -10.521 -10.6404 -11.9324 -11.2552 -10.3563 -8.0394 -6.41003 -5.75171 -5.2795 -2.76472 -2.11242 -1.88977 -1.24682 -2.12708 -2.34815 -3.0093 -2.81351 -2.87201 -2.86914 -4.70032 -2.86397 -2.758 -1.56514 -1.02988 -0.911183 -0.883158 -0.853064 -0.852642 -0.850778 -0.861037 -0.853337 -0.874929 -0.899509 -1.83962 -6.41543 -8.71469 -9999 -9999
-9999 -9999 -9999 -9999 -9999 -9999 1.95349 2.34107 2.59096 3.01938 4.32645 4.67836 4.91155 4.93062 4.54499 3.55864 3.2949 3.46987 2.50448 3.30191 4.39549 4.36319 4.22545 2.05715 0.948923 2.018 1.68945 0.0599009 -1.22313 -2.48959 -5.09279 -6.99565 -9.74194 -11.8057 -11.8885 -9.62179 -7.73919 -5.39471 -4.36291 -4.95769 -4.32222 -3.07498 -1.65695 -0.971996 -1.13543 -2.06318 -2.19134 -3.21037 -2.20948 -2.12418 -2.59043 -2.99384 -2.83284 -2.24362 -2.02092 -1.08888 -0.866474 -0.829974 -0.828133 -0.829591 -0.838758 -0.848969 -0.865335 -0.879355 -0.896211 -0.941766 -5.64524 -9.30542 -9999 -9999
-9999 -9999 -9999 -9999 -9999 -9999 1.04839 1.28677 1.9041 3.48094 4.31065 4.64507 4.63447 4.78762 4.51514 3.64635 2.75364 1.9104 0.824329 1.43698 3.06676 4.02576 4.13083 2.22959 3.21571 2.84322 2.11195 -0.0183413 -1.58899 -2.423 -4.92222 -7.0589 -8.88747 -11.4109 -10.3389 -9.15788 -7.63947 -5.08061 -3.35584 -2.64969 -3.25027 -2.45394 -0.821793 -0.814547 -1.70992 -1.65266 -2.19565 -3.58799 -2.13869 -1.73106 -2.06029 -1.97583 -2.09765 -1.87969 -1.48138 -1.10109 -0.849987 -0.820181 -0.821083 -0.834887 -0.840634 -0.844968 -0.867764 -0.870634 -0.887598 -0.914864 -3.95188 -9.37749 -9999 -9999
-9999 -9999 -9999 -9999 -9999 -9999 -9999 0.230352 1.63256 3.72434 4.24867 4.20332 4.63501 4.67159 4.2544 3.89073 2.80782 1.32898 -1.50723 -0.791449 0.708351 2.87365 4.0097 3.85173 3.21599 2.11092 -0.558806 -2.89544 -3.18143 -3.56618 -5.39082 -7.0361 -9.06849 -7.89837 -6.61641 -5.21363 -4.47921 -4.67674 -3.19951 -1.99559 -2.51273 -1.53517 -0.393501 -0.914263 -1.22244 -1.48082 -2.10863 -2.14662 -2.08083 -1.25782 -1.82759 -1.47822 -1.46853 -1.49031 -1.29792 -1.07666 -0.844659 -0.810651 -0.815291 -0.816845 -0.849734 -0.845272 -0.863612 -0.881281 -0.897311 -0.921269 -1.19875 -4.12284 -5.8708 -9999
-9999 -9999 -9999 -9999 -9999 -9999 -9999 -1.06068 -0.359031 2.11732 2.8868 3.98088 4.56142 4.58751 3.88452 3.49092 1.87945 1.35303 -1.27105 -2.46132 -1.46025 -1.85015 1.13368 3.77398 3.19735 -2.1432 -4.07911 -5.46056 -5.10883 -5.10805 -5.61791 -8.41939 -9.19628 -6.69142 -5.11626 -3.89717 -2.97377 -2.78567 -2.8228 -0.937204 -0.689637 -0.0787646 -0.214945 -0.160021 -1.11586 -1.70741 -1.19006 -1.78515 -1.88675 -1.03655 -1.87415 -1.11731 -1.20571 -1.43499 -1.44943 -0.95374 -0.856645 -0.807991 -0.810031 -0.835023 -0.865829 -0.885023 -0.873627 -0.885452 -0.916904 -0.918797 -0.948821 -1.29978 -2.81363 -3.3439
-9999 -9999 -9999 -9999 -9999 -9999 -9999 -9999 -2.66689 0.772643 2.34811 3.17444 4.33612 4.47543 4.1017 3.42233 1.78084 0.336145 -2.01002 -4.68894 -6.10822 -1.8746 1.80992 3.73137 3.47742 -0.968536 -2.72465 -2.8084 -1.77804 -2.65202 -3.31565 -5.44406 -6.08472 -6.97394 -6.43358 -4.73231 -3.34358 -2.00428 -1.0319 -0.957061 -0.32734 0.0350082 0.0620967 0.174066 0.0602669 -0.0323913 -0.952059 -0.315902 -0.855782 -0.569312 -0.754014 -0.921052 -1.06321 -1.59206 -1.22224 -0.895672 -0.814549 -0.793557 -0.818626 -0.828775 -0.848455 -0.885122 -0.902654 -0.909167 -0.916162 -0.936457 -0.939676 -0.959626 -1.13138 -2.04294
-9999 -9999 -9999 -9999 -9999 -9999 -9999 -9999 -4.38588 -0.963634 0.689407 2.81138 3.90424 4.34656 4.28571 3.73463 2.4865 0.609343 -0.955604 -3.94533 -7.04949 -2.60453 1.35615 3.49091 3.60095 -0.133055 0.899623 0.0605676 0.395723 -1.13845 -1.77739 -2.27867 -3.38246 -4.58945 -5.91011 -6.61077 -3.4865 -1.88481 -0.596821 0.00794581 0.347926 0.51566 0.420749 0.185697 -1.20593 -0.147804 -0.203332 -0.309346 -0.430724 -0.489676 -0.599911 -0.729931 -0.805181 -0.834323 -1.18679 -0.793552 -0.807655 -0.807054 -0.810402 -0.826312 -0.851789 -0.874828 -0.901828 -0.905889 -0.921183 -0.9384 -0.950972 -0.959504 -0.973295 -1.0256
-9999 -9999 -9999 -9999 -9999 -9999 -9999 -9999 -9.19296 -4.21625 -0.21146 1.87698 3.57676 4.04209 4.214 3.47588 2.9223 1.57557 0.29968 -1.66621 -4.6083 -6.42158 -3.09314 1.74434 3.52854 3.38916 3.27489 2.30506 1.43084 1.3182 1.38102 0.368442 -1.1143 -3.05046 -3.6576 -4.33973 -2.01396 -1.70305 -1.87859 0.67925 0.680267 0.5301 -0.454579 -1.55377 -1.34818 -2.02529 -1.50412 -2.31525 -1.57126 -0.928267 -0.688744 -0.709836 -0.794354 -0.807197 -0.84868 -0.784772 -0.790185 -0.806027 -0.819695 -0.829757 -0.845048 -0.880601 -0.903195 -0.897901 -0.921791 -0.941362 -0.955971 -0.961725 -0.970111 -1.00972
-9999 -9999 -9999 -9999 -9999 -9999 -9999 -9999 -8.98106 -4.79075 -1.24107 0.888964 2.93441 3.40747 4.09547 3.94312 3.36361 2.19255 0.730273 -0.888347 -3.41292 -5.2904 -3.0674 0.146073 2.44422 3.2694 3.26092 3.20282 2.98135 2.88745 2.62998 2.45093 1.38658 -0.442253 -1.47815 -2.99215 -0.399541 -0.113359 -0.525018 0.76633 0.696331 -1.26896 -2.78071 -2.97236 -2.05332 -2.93069 -3.08426 -3.62567 -3.01156 -1.36349 -1.8466 -1.75299 -1.00424 -0.883686 -0.809646 -0.79219 -0.801659 -0.809915 -0.827661 -0.831056 -0.834695 -0.869577 -0.888674 -0.900741 -0.934278 -0.942389 -0.966194 -0.984708 -0.996805 -1.01958
-9999 -9999 -9999 -9999 -9999 -9999 -9999 -9999 -8.90236 -6.07916 -2.88519 0.250333 2.43449 3.31409 3.95328 3.94311 3.27024 2.68604 1.76777 0.343362 -0.635178 -2.33041 -4.65504 -0.769318 0.423649 1.48841 1.9322 3.03906 3.0091 2.49773 1.91185 2.45568 2.29063 0.841822 0.362044 -0.444863 0.994797 0.99288 0.947481 0.864814 -0.796577 -3.10365 -4.94827 -3.62786 -3.90808 -3.30003 -5.18331 -3.6358 -2.3903 -1.98728 -2.83123 -3.46204 -1.51655 -1.19891 -1.01072 -0.891765 -0.815313 -0.839333 -0.824306 -0.840819 -0.851762 -0.863353 -0.885334 -0.900627 -0.922518 -0.944523 -0.963372 -0.979809 -1.0054 -1.03913
-9999 -9999 -9999 -9999 -9999 -9999 -9999 -9999 -9999 -7.74662 -3.69635 -0.0824552 1.92865 3.19227 3.8062 3.79181 3.44597 3.04799 2.4769 1.448 0.15667 -1.88107 -3.39481 -2.4409 -1.2716 -1.13954 -0.365267 1.8863 2.65344 1.55865 -1.13751 0.452315 2.22462 2.19112 2.03468 1.86012 1.63806 1.43722 1.00403 -0.147436 -3.66425 -4.3601 -5.74204 -5.58943 -6.29977 -4.75594 -5.33283 -3.74936 -3.06428 -2.80692 -4.27522 -3.96364 -2.24462 -1.56555 -1.68193 -1.26687 -0.868365 -0.85954 -0.85264 -0.867743 -0.864053 -0.865861 -0.877491 -0.903259 -0.921342 -0.935669 -0.97031 -0.971192 -1.10529 -1.19328
-9999 -9999 -9999 -9999 -9999 -9999 -9999 -9999 -9999 -8.55458 -4.51479 -0.259031 1.10619 2.46842 3.64329 3.66306 3.13664 2.63545 2.11906 1.53159 -0.0334929 -1.55125 -3.00034 -3.4894 -3.20217 -3.21985 -1.96535 0.968784 1.53427 1.28836 -1.52628 -2.48473 -0.115599 1.87462 2.0269 1.84111 -0.511426 -0.0163765 -1.28771 -3.01008 -3.48741 -4.24358 -5.83638 -5.0756 -6.24288 -5.74737 -5.8768 -4.97917 -4.54271 -3.47439 -4.75466 -4.74754 -3.06001 -2.20975 -2.19153 -1.29946 -0.98383 -0.904051 -0.887122 -0.876354 -0.876974 -0.86743 -0.880197 -0.897795 -0.919494 -0.966285 -1.07195 -1.38685 -3.08899 -3.08993
-9999 -9999 -9999 -9999 -9999 -9999 -9999 -9999 -9999 -8.09259 -5.28982 -1.51408 1.28197 1.45554 2.81306 3.51207 2.94003 2.2961 1.63715 1.34671 -0.356033 -2.22597 -3.73752 -5.52583 -5.23572 -3.95823 -1.85711 0.036916 0.3728 -0.0228511 -1.52895 -0.819479 0.794812 1.64977 1.89852 1.69419 1.17805 0.877775 -0.0596106 -0.468502 -1.76829 -3.79786 -4.59972 -4.0985 -6.25225 -6.10553 -5.31382 -6.15375 -4.76415 -4.1005 -5.75344 -4.44188 -2.94909 -2.18746 -1.52213 -1.20908 -1.08655 -0.896926 -0.895812 -0.883699 -0.879122 -0.886296 -0.89076 -0.926455 -0.956669 -1.14118 -1.41118 -2.99851 -3.65917 -3.53297
-9999 -9999 -9999 -9999 -9999 -9999 -9999 -9999 -9999 -7.62 -5.09697 -1.82363 0.16913 0.523618 2.02928 3.36746 3.21417 2.54446 2.33775 1.64348 0.198898 -1.39629 -3.13942 -3.98879 -5.93637 -4.02631 -2.50633 -0.903019 -0.15481 -1.39053 -2.01812 -0.918465 0.174627 0.608476 1.71231 1.69713 1.3312 -0.230918 -0.995012 -0.678591 -1.00934 -1.58507 -2.98328 -3.04939 -3.94872 -4.3233 -4.67714 -5.81084 -5.08792 -5.01823 -4.82413 -3.25052 -2.47523 -1.96235 -1.49628 -1.37653 -1.17607 -0.915034 -0.895674 -0.89029 -0.895729 -0.895107 -0.91896 -0.998661 -1.06647 -1.43346 -2.07979 -3.28214 -5.22514 -3.85936
-9999 -9999 -9999 -9999 -9999 -9999 -9999 -9999 -9999 -8.0552 -5.37522 -2.57814 -1.41011 -1.21397 1.51319 3.18165 3.18111 2.86175 2.48919 0.780206 0.876381 0.531432 -1.04132 -3.33039 -5.84396 -5.61225 -4.11592 -1.99247 -1.29389 -3.34066 -4.0701 -3.54076 -1.88567 -0.404675 1.14181 1.5312 1.07155 -1.35739 -3.93831 -2.74788 -1.47551 -1.48689 -1.86568 -3.16257 -3.57702 -3.95243 -4.89935 -6.49571 -6.26123 -5.82027 -4.03334 -3.47175 -2.60241 -1.88106 -2.1578 -2.00158 -1.31202 -0.918091 -0.907096 -0.904134 -0.895278 -0.908736 -0.936846 -1.09122 -1.2544 -1.52527 -3.2039 -4.24914 -5.76775 -4.00622
-9999 -9999 -9999 -9999 -9999 -9999 -9999 -9999 -9999 -8.89027 -6.94613 -4.27294 -3.19712 -1.47996 1.09698 2.36268 2.96753 2.95055 2.70103 1.9337 1.47079 0.562302 -1.0736 -3.30902 -5.79344 -7.41207 -6.59483 -3.73325 -3.05831 -4.94861 -5.91545 -4.72071 -2.9566 -0.342491 1.14913 1.34663 1.20677 0.702291 -1.18321 -3.46029 -3.45695 -2.3214 -3.27929 -4.39183 -3.78614 -3.90283 -4.83799 -5.51914 -5.92799 -5.67272 -4.65435 -4.23694 -3.23236 -1.74808 -1.5386 -1.58455 -0.961995 -0.934603 -0.924038 -0.90457 -0.90958 -0.919658 -0.942826 -1.06948 -1.34779 -2.4666 -3.44271 -4.79896 -4.97017 -3.40196
-9999 -9999 -9999 -9999 -9999 -9999 -9999 -9999 -9999 -10.3243 -8.03684 -5.53298 -3.18892 -0.971603 0.936114 1.08056 2.08486 2.07999 2.60427 2.4492 1.73757 0.97184 -0.438164 -3.30869 -5.72302 -8.3557 -7.66641 -4.75355 -4.36154 -5.63407 -7.98163 -5.56622 -2.90214 -0.488134 0.816573 -0.214301 0.83304 0.742101 0.0327995 -1.32454 -3.43246 -3.39698 -4.9776 -5.05031 -4.24473 -3.98586 -4.12454 -4.63688 -5.44815 -5.30775 -4.68969 -4.53598 -3.61323 -2.46275 -1.33815 -1.15241 -0.941128 -0.935905 -0.936505 -0.923107 -0.925104 -0.952925 -1.01498 -1.14724 -2.08589 -3.20135 -3.89008 -4.83634 -4.95474 -3.14832
