Test_Spring_2018/01_18/Temp/20180120_021.txt
ncols	170
nrows	115
xllcorner	350000.000000
yllcorner	4445000.000000
cellsize	1000.000000
nodata_value	-9999.000000
[rows 32 to 63 of 115, columns 71 to 141 of 170]
8.4522 8.43093 8.03956 8.65464 9.22148 8.89912 8.6815 9.61642 9.6207 9.30937 8.57231 8.30422 8.0259 7.85656 6.90915 4.24504 1.84358 3.13484 3.16832 2.28041 3.88102 3.0403 0.842182 -2.26206 -0.569143 -1.00492 -3.19323 -3.73187 -9999 -9999 -9999 -9999 -9999 -9999 -9999 -9999 -9999 -9999 -9999 -9999 -9999 -9999 -9999 -9999 -9999 -9999 -9999 -9999 -9999 -9999 -9999 -9999 -9999 -9999 -9999 -9999 -9999 -9999 -9999 -9999 -9999 -9999 -9999 -9999 -9999 -9999 -9999 -9999 -9999 -9999 -9999
8.11599 7.91286 7.74701 8.65916 8.64445 8.6004 8.94621 9.53081 9.64954 9.53064 9.21139 8.93538 8.64135 7.88956 6.80532 4.52577 1.79193 1.17415 2.51657 2.58383 2.80218 2.03624 1.07347 -0.434437 0.806789 1.29111 -0.150274 -2.03355 -3.24116 -9999 -9999 -9999 -9999 -9999 -9999 -9999 -9999 -9999 -9999 -9999 -9999 -9999 -9999 -9999 -9999 -9999 -9999 -9999 -9999 -9999 -9999 -9999 -9999 -9999 -9999 -9999 -9999 -9999 -9999 -9999 -9999 -9999 -9999 -9999 -9999 -9999 -9999 -9999 -9999 -9999 -9999
7.60231 7.29264 6.41604 6.96746 7.38269 8.16143 8.37866 8.49713 9.58446 9.53127 9.4851 9.02647 8.66027 8.05095 7.00756 5.52055 3.72941 0.60844 2.53764 4.04895 4.01339 3.93393 3.26036 1.81173 3.02997 3.09052 1.2485 -0.838009 -2.07379 -2.58322 -9999 -9999 -9999 -9999 -9999 -9999 -9999 -9999 -9999 -9999 -9999 -9999 -9999 -9999 -9999 -9999 -9999 -9999 -9999 -9999 -9999 -9999 -9999 -9999 -9999 -9999 -9999 -9999 -9999 -9999 -9999 -9999 -9999 -9999 -9999 -9999 -9999 -9999 -9999 -9999 -9999
6.88395 6.58597 5.51438 6.06922 6.80834 7.85594 8.4095 8.83184 9.16012 9.49467 9.45969 8.99023 7.59592 7.3997 7.34245 6.3709 4.32845 2.28862 1.76234 4.06623 4.72778 4.59664 5.11361 3.88689 4.4715 4.23658 3.58647 1.57428 -0.26161 -1.02275 -2.52979 -9999 -9999 -9999 -9999 -9999 -9999 -9999 -9999 -9999 -9999 -9999 -9999 -9999 -9999 -9999 -9999 -9999 -9999 -9999 -9999 -9999 -9999 -9999 -9999 -9999 -9999 -9999 -9999 -9999 -9999 -9999 -9999 -9999 -9999 -9999 -9999 -9999 -9999 -9999 -9999
-9999 -9999 -9999 4.85272 5.86356 6.70109 7.72715 8.61535 9.05839 9.48869 9.45853 8.51636 8.05724 8.0202 7.38479 6.26267 5.5594 4.27609 2.93888 3.45356 5.41865 4.54877 5.942 5.82749 6.08617 5.16014 3.41096 1.06536 -0.296286 -0.977014 -2.19781 -9999 -9999 -9999 -9999 -9999 -9999 -9999 -9999 -9999 -9999 -9999 -9999 -9999 -9999 -9999 -9999 -9999 -9999 -9999 -9999 -9999 -9999 -9999 -9999 -9999 -9999 -9999 -9999 -9999 -9999 -9999 -9999 -9999 -9999 -9999 -9999 -9999 -9999 -9999 -9999
-9999 -9999 -9999 -9999 5.69098 6.33137 7.69199 8.41309 8.70242 9.39393 9.39974 9.04533 8.77842 8.38915 7.87941 7.03674 6.10657 4.89965 4.79039 6.0483 6.06657 5.8072 6.01624 6.66418 6.49731 5.06373 2.59197 1.28326 -1.36988 -2.509 -2.3894 -3.1963 -9999 -9999 -9999 -9999 -9999 -9999 -9999 -9999 -9999 -9999 -9999 -9999 -0.0732999 -9999 -9999 -9999 -9999 -9999 -9999 -9999 -9999 -9999 -9999 -9999 -9999 -9999 -9999 -9999 -9999 -9999 -9999 -9999 -9999 -4.93984 -9999 -9999 -9999 -9999 -9999
-9999 -9999 -9999 5.56874 6.42823 7.0929 7.94821 8.04309 8.56231 9.35695 9.3729 9.12279 8.83926 8.19684 8.03989 7.56137 6.55109 6.34645 6.75959 6.95131 7.16835 7.30317 7.19902 6.94088 6.60648 5.68983 4.54171 3.77223 1.34217 0.120802 -1.05501 -2.83617 -4.22917 -9999 -9999 -9999 -9999 -9999 -9999 -9999 -1.00083 -1.06532 -1.0319 -0.638985 0.442689 -0.190408 -9999 -9999 -9999 -9999 -9999 -9999 -9999 -9999 -9999 -9999 -9999 -9999 -9999 -9999 -9999 -9999 -9999 -9999 -9999 -3.95438 -5.36051 -9999 -9999 -9999 -9999
-9999 -9999 -9999 5.81556 6.71209 7.16309 7.9945 8.47283 8.80224 9.08111 9.34742 9.30764 8.99349 8.51324 8.51934 7.85567 7.49888 7.24473 7.80249 7.91474 7.69455 7.41787 7.17372 6.47796 6.40039 6.18318 5.45583 4.2596 3.02675 1.25394 -1.16472 -3.53679 -5.44979 -9999 -9999 -9999 -9999 -9999 -9999 -0.790872 0.108153 0.64746 -0.493576 0.484457 1.37848 1.23751 0.371554 -9999 -9999 -9999 -9999 -9999 -9999 -9999 -9999 -9999 -9999 -9999 -9999 -9999 -9999 2.7189 1.27839 -1.63129 -3.12337 -4.01926 -5.29812 -9999 -9999 -9999 -9999
-9999 -9999 -9999 5.64812 6.70643 7.42577 8.0651 8.17318 8.83654 9.12948 9.27487 9.26261 9.20336 9.11755 8.53881 8.2912 7.41443 8.25776 8.22815 8.01764 7.17745 6.8149 5.371 4.73752 4.60519 5.82563 4.93007 3.05614 0.712537 -2.09727 -2.27661 -3.20706 -4.91656 -9999 -9999 -9999 -9999 -9999 -9999 -0.502358 0.459059 1.26182 1.38024 0.246035 1.83337 1.77232 0.886127 0.685657 1.41376 1.78315 1.51228 2.37991 2.63453 2.24297 2.67313 -9999 -9999 -9999 -9999 2.92976 2.98789 3.03154 2.431 -0.747732 -2.91934 -4.86991 -5.05503 -9999 -9999 -9999 -9999
-9999 -9999 -9999 6.38511 7.03995 7.37505 7.43588 8.01088 8.59278 8.95197 9.21205 9.1651 9.14806 9.12919 8.93295 8.47306 8.55833 8.52288 8.25514 6.65305 4.78295 5.60171 4.4932 2.12154 4.06067 5.12673 4.11169 1.84033 -0.794143 -1.64728 -1.60699 -2.902 -4.56965 -9999 -9999 -9999 -3.12038 -1.74451 -1.62307 -1.21613 0.0654957 1.04086 1.77703 2.27843 2.26683 1.7376 0.870742 -0.0716896 0.265224 1.96266 2.377 2.72766 2.99152 2.62806 2.81703 3.27117 3.50607 3.554 3.44754 3.42325 3.46023 3.40574 2.84523 0.00322795 -1.62495 -2.6646 -4.76261 -9999 -9999 -9999 -9999
-9999 -9999 -9999 5.98709 6.55778 7.02173 7.78908 7.87704 8.36358 8.66141 9.09283 9.14491 8.65412 9.06593 9.01568 8.94138 8.78108 8.54521 7.19274 5.32815 3.45919 2.59785 2.97265 1.54469 2.28523 3.36545 2.97792 1.58678 -0.759691 -1.08708 -1.62451 -3.80327 -5.90185 -9999 -9999 -5.77585 -3.13768 -1.2796 -0.320324 -0.0219789 0.00820248 1.23656 1.33451 2.65675 2.35123 0.602953 0.800323 0.122422 0.563385 1.18467 1.35608 2.25379 3.11449 3.27768 3.28207 3.57151 3.63146 3.64726 3.64013 3.44451 3.53408 3.5475 3.19775 1.13711 0.131329 -0.979071 -4.72353 -9999 -9999 -9999 -9999
-9999 -9999 -9999 6.28644 6.92386 7.6213 7.74125 8.25999 8.21703 8.08548 8.80321 9.07107 8.72566 8.47733 8.9428 8.91256 8.8526 8.7527 7.4816 6.0106 3.78312 2.4002 1.55911 0.960975 0.163648 0.720396 0.555502 0.333116 0.597939 -0.0426396 -1.32326 -2.59801 -4.98602 -6.27722 -9999 -5.62184 -4.43038 -2.22096 -0.343114 0.849509 0.422798 1.81926 2.07954 2.88746 2.41662 1.35458 0.89808 0.8584 0.720041 1.66048 2.29404 2.74259 3.0412 3.41236 3.50744 3.60297 3.64326 3.66543 3.68774 3.6832 3.67577 3.63374 3.50179 2.55364 1.54806 -0.620447 -4.5878 -9999 -9999 -9999 -9999
-9999 -9999 4.45007 6.22411 7.2881 7.70548 8.00917 8.27774 8.47421 8.6851 8.87763 9.01013 8.96147 8.03985 8.11749 8.28524 8.81122 8.77487 8.66099 7.85724 5.14628 4.21333 2.84698 1.07636 0.340237 0.715164 2.17402 2.11369 1.15518 0.0863407 -1.38919 -2.32876 -3.79246 -6.60487 -6.34976 -5.08003 -4.13492 -2.63292 -0.337972 1.2712 1.99001 2.26237 2.83011 3.1255 2.47779 1.85995 1.60169 1.12252 1.05583 1.06056 1.6293 2.07462 3.06164 3.39384 3.54543 3.62367 3.66615 3.69721 3.72762 3.73833 3.71946 3.72012 3.7116 3.63966 2.30322 -1.04056 -3.56371 -9999 -9999 -9999 -9999
-9999 -9999 -9999 5.9085 6.38165 6.51227 6.73403 7.17833 7.68885 8.41325 8.51139 8.90881 8.91258 8.12012 7.20208 8.00501 8.32442 8.65533 8.66617 8.56369 6.28717 5.09724 4.1615 2.46395 3.08305 3.67052 3.71954 3.37266 1.31252 -0.739348 -3.10253 -5.31437 -5.41733 -6.60623 -5.97313 -5.13383 -2.98184 -1.46709 -0.852111 -0.410099 1.9227 2.53119 2.73977 3.33782 2.52509 2.31778 1.7071 1.89004 1.83772 1.84252 0.14941 1.85212 1.95381 3.06248 3.56219 3.67559 3.70747 3.74126 3.74734 3.7543 3.74938 3.7603 3.74204 3.7204 2.85064 -1.38647 -3.52063 -9999 -9999 -9999 -9999
-9999 -9999 -9999 -9999 -9999 6.08522 6.44888 6.68529 7.08724 8.30436 8.6355 8.85686 8.88005 8.52861 7.62113 7.38266 7.55055 6.6626 7.40715 8.42631 8.40297 8.28218 6.2813 5.26118 6.25816 5.9611 4.45948 3.27886 2.1137 -0.289176 -2.04366 -4.57894 -6.48231 -6.55152 -4.44537 -2.69569 -0.518133 0.44333 -0.102041 0.491128 1.65024 2.96682 3.60405 3.45526 2.59838 2.47707 1.53482 2.46308 2.54376 2.11402 1.74288 1.8942 2.44334 2.65367 3.52141 3.73252 3.77085 3.77867 3.78319 3.7801 3.77536 3.76311 3.75265 3.73859 3.69703 -0.658485 -4.05296 -9999 -9999 -9999 -9999
-9999 -9999 -9999 -9999 -9999 5.26079 5.48627 6.06288 7.52821 8.30323 8.61813 8.61369 8.76101 8.51432 7.71554 6.89471 6.11974 5.12009 5.6936 7.20916 8.10376 8.20784 6.4543 7.37357 7.03571 6.36578 4.40052 2.95362 2.18893 -0.117612 -2.08854 -3.77396 -6.10291 -5.1027 -4.00185 -2.58891 -0.213052 1.39011 2.04931 1.49802 2.23948 3.75426 3.76388 2.93723 2.99236 2.48692 1.19886 2.54223 2.92127 2.61833 2.69889 2.58829 2.79361 3.16655 3.5234 3.76115 3.79437 3.79914 3.79235 3.79254 3.79292 3.7754 3.77529 3.7611 3.73642 0.92392 -4.10537 -9999 -9999 -9999 -9999
-9999 -9999 -9999 -9999 -9999 -9999 4.52161 5.82501 7.76714 8.25935 8.22256 8.62764 8.66699 8.28626 7.95519 6.95821 5.5947 2.97444 3.64347 5.03867 7.05031 8.10908 7.96978 7.38726 6.37105 3.90615 1.74983 1.4925 1.14383 -0.538064 -2.05395 -3.9281 -2.83686 -1.64226 -0.336021 0.350969 0.174573 1.54848 2.6687 2.19457 3.10383 4.16443 3.6851 3.40217 3.165 2.58102 2.54704 2.60928 3.37294 2.84724 3.17307 3.18424 3.16755 3.34981 3.5594 3.77946 3.81659 3.81817 3.82265 3.79764 3.80639 3.79304 3.77927 3.76599 3.74439 3.48718 0.77426 -0.846302 -9999 -9999 -9999
-9999 -9999 -9999 -9999 -9999 -9999 3.33964 3.99435 6.29259 7.01183 8.03011 8.57301 8.60262 7.95723 7.59844 6.11205 5.63044 3.20659 2.11072 3.04411 2.68969 5.45945 7.9113 7.38347 2.44528 0.659861 -0.612012 -0.278872 -0.270583 -0.735058 -3.32161 -4.03323 -1.70609 -0.240018 0.896091 1.75806 1.93874 1.91036 3.66189 3.8957 4.46543 4.3428 4.39659 3.51399 2.96837 3.4448 2.89504 2.80235 3.59124 2.81758 3.52076 3.44111 3.23228 3.223 3.68668 3.78178 3.83243 3.83622 3.81901 3.79608 3.7826 3.79683 3.78854 3.76106 3.76001 3.73206 3.40189 1.99823 1.5051 2.04339 -9999
-9999 -9999 -9999 -9999 -9999 -9999 -9999 1.8708 5.06095 6.5266 7.29695 8.37796 8.5124 8.17216 7.54864 6.03436 4.70245 2.53594 0.0614665 -1.24614 2.68071 6.09929 7.88547 7.65635 3.54648 1.9275 1.85721 2.81868 2.01688 1.40992 -0.553482 -1.13905 -1.95486 -1.44707 0.135962 1.42829 2.67488 3.58127 3.65605 4.24413 4.58322 4.61185 4.71856 4.6158 4.53229 3.67811 4.26862 3.77024 4.03726 3.86829 3.71606 3.58666 3.10046 3.44698 3.754 3.83423 3.85857 3.84128 3.8377 3.82499 3.79604 3.78237 3.77908 3.77439 3.75648 3.75356 3.73004 3.56941 2.72347 1.5923 0.164349
-9999 -9999 -9999 -9999 -9999 -9999 -9999 0.292505 3.46669 5.00428 6.9744 7.99223 8.40718 8.35629 7.85158 6.70155 4.96919 3.52608 0.763801 -2.10429 2.01812 5.69286 7.6765 7.78543 4.33363 5.29693 4.52715 4.84478 3.43153 2.84732 2.39045 1.3759 0.265707 -0.94903 -1.59154 1.30819 2.79768 3.99627 4.56175 4.88155 5.04136 4.95766 4.74157 3.45574 4.43803 4.38409 4.2876 4.17697 4.12433 4.02448 3.90666 3.83929 3.81584 3.49351 3.86124 3.85291 3.85912 3.86176 3.85268 3.83446 3.81803 3.79731 3.79637 3.78194 3.76712 3.75584 3.74307 3.72909 3.67919 3.4519 1.53574
-9999 -9999 -9999 -9999 -9999 -9999 -9999 -4.14533 0.468308 4.18461 6.12357 7.70281 8.13905 8.30371 7.62583 7.11895 5.87777 4.70232 2.88808 0.170042 -1.50259 1.58609 6.07224 7.73205 7.60864 7.5098 6.61881 5.81645 5.71938 5.78484 4.85433 3.4901 1.70436 1.14824 0.523457 2.68368 2.97785 2.82119 5.19515 5.2011 5.0666 4.15893 3.14496 3.33865 2.71194 3.19207 2.44295 3.1339 3.7315 3.95573 3.93894 3.86306 3.85319 3.81903 3.88209 3.88229 3.87306 3.86594 3.86207 3.8531 3.82496 3.80827 3.81674 3.79632 3.78005 3.76376 3.75377 3.74526 3.7076 3.67312 3.37578
-9999 -9999 -9999 -9999 -9999 -9999 -9999 -3.93468 -0.0471079 3.2449 5.22247 7.12181 7.56526 8.20784 8.07239 7.54152 6.46302 5.11497 3.62229 1.29083 -0.441287 1.62369 4.60603 6.74088 7.5104 7.51025 7.46339 7.26533 7.1872 6.95584 6.79687 5.81836 4.13072 3.17839 1.78317 4.19035 4.46153 4.08617 5.28737 5.22758 3.41238 2.01677 1.84319 2.69782 1.88861 1.74384 1.24221 1.81321 3.34176 2.89528 2.9849 3.68071 3.79612 3.86771 3.8886 3.88486 3.88245 3.87132 3.87341 3.87505 3.8474 3.83389 3.82631 3.79821 3.79136 3.7707 3.74897 3.73377 3.71222 3.68077 3.59416
-9999 -9999 -9999 -9999 -9999 -9999 -9999 -3.84677 -1.22654 1.73617 4.64487 6.67272 7.49265 8.09008 8.08633 7.46902 6.93394 6.08963 4.77676 3.87689 2.31348 0.167377 3.77206 4.88354 5.87471 6.29415 7.32594 7.30511 6.83853 6.30333 6.81386 6.66659 5.33185 4.89431 4.1537 5.49314 5.49744 5.46117 5.39005 3.85669 1.7251 0.0213776 1.2481 0.99239 1.55889 -0.18754 1.24658 2.40235 2.77809 1.99701 1.41602 3.22004 3.51647 3.69503 3.80978 3.88544 3.86823 3.88723 3.87696 3.87166 3.86546 3.84922 3.83868 3.82148 3.80359 3.78595 3.76628 3.74289 3.71158 3.70689 3.66037
-9999 -9999 -9999 -9999 -9999 -9999 -9999 -9999 -2.75523 1.00031 4.35195 6.21952 7.39502 7.96903 7.96132 7.64684 7.28419 6.76139 5.81479 4.62531 2.74479 1.34961 2.23951 3.32919 3.45646 4.18008 6.27171 6.98883 5.98186 3.49166 4.96917 6.61709 6.5928 6.45456 6.29937 6.10044 5.92045 5.52503 4.46421 1.2128 0.572698 -0.702535 -0.557107 -1.21102 0.222005 -0.315049 1.154 1.79115 2.0323 0.675659 0.966455 2.55962 3.19222 3.08856 3.47726 3.84957 3.8626 3.87388 3.86473 3.87283 3.87557 3.86887 3.84973 3.83615 3.82552 3.79314 3.78757 3.66399 3.58282 3.42108 3.61594
-9999 -9999 -9999 -9999 -9999 -9999 -9999 -9999 -3.48994 0.256116 4.20221 5.47179 6.73868 7.83217 7.85614 7.37446 6.91625 6.44409 5.90621 4.4632 3.0641 1.72869 1.28235 1.55489 1.54356 2.71175 5.43529 5.96554 5.74447 3.14278 2.26193 4.46232 6.31177 6.45922 6.2935 4.12121 4.58552 3.41395 1.82445 1.38756 0.692171 -0.778187 -0.069436 -1.14625 -0.683549 -0.806462 0.027815 0.435047 1.42742 0.245128 0.254171 1.81809 2.60928 2.63025 3.46061 3.75737 3.83587 3.85621 3.87082 3.87477 3.88791 3.88011 3.86748 3.85065 3.81014 3.71467 3.42218 1.8407 1.84066 2.27045 2.67725
-9999 -9999 -9999 -9999 -9999 -9999 -9999 -9999 -3.04863 -0.447928 3.05377 5.64835 5.81463 7.07731 7.73028 7.20639 6.61601 6.01182 5.74896 4.17843 2.45316 1.05983 -0.589689 -0.314574 0.8749 2.82528 4.58557 4.90308 4.54322 3.15293 3.81637 5.31762 6.11568 6.35231 6.16927 5.69735 5.42512 4.56273 4.18948 2.99105 1.1166 0.378755 0.847325 -1.14275 -1.00281 -0.265756 -1.04717 0.242924 0.860823 -0.666326 0.548239 1.93428 2.64346 3.26366 3.55783 3.67572 3.85582 3.8614 3.87713 3.88578 3.88337 3.88323 3.85388 3.82926 3.66141 3.41402 1.94643 1.32649 1.44466 2.12092 2.71301
-9999 -9999 -9999 -9999 -9999 -9999 -9999 -9999 -2.59754 -0.255788 2.78078 4.63161 4.96547 6.36537 7.61025 7.47413 6.85989 6.67445 6.03763 4.7061 3.23519 1.62735 0.847179 -0.949848 0.825264 2.23738 3.72837 4.42757 3.2874 2.71262 3.73721 4.75569 5.16367 6.19195 6.18394 5.85101 4.41027 3.70831 4.00669 3.7056 3.17746 1.88753 1.8309 1.00256 0.659979 0.336491 -0.71692 -0.0439227 0.024202 0.204916 1.66475 2.38652 2.86544 3.30116 3.41632 3.60632 3.85248 3.87487 3.88429 3.88359 3.88836 3.87026 3.8002 3.74087 3.40421 2.80858 1.69779 -0.109599 1.15683 2.48122 2.86988
-9999 -9999 -9999 -9999 -9999 -9999 -9999 -9999 -2.98709 -0.499924 2.09571 3.18291 3.37021 5.90124 7.45198 7.45732 7.1675 6.82848 5.25202 5.34717 5.0339 3.58377 1.47039 -0.850825 -0.629919 0.759929 2.73272 3.38585 1.49445 0.825227 1.3216 2.86035 4.23783 5.67589 6.0424 5.6226 3.37914 0.994806 2.10251 3.2859 3.28041 2.93454 1.73836 1.35915 1.01597 0.143479 -1.33735 -1.11737 -0.705262 0.949369 1.47324 2.2822 2.95423 2.70216 2.85111 3.49399 3.86317 3.87777 3.88489 3.8974 3.88911 3.86708 3.72793 3.5804 3.33288 1.78157 0.816502 -0.594214 1.03537 1.93789 2.40979
-9999 -9999 -9999 -9999 -9999 -9999 -9999 -9999 -3.74696 -1.94109 0.539886 1.54176 3.13755 5.5295 6.70733 7.27326 7.26345 7.03835 6.33382 5.91123 5.07609 3.56743 1.50366 -0.790635 -2.2832 -1.52016 1.13395 1.76342 0.0184024 -0.870754 0.241642 1.88123 4.30786 5.69502 5.88375 5.76001 5.29852 3.5581 1.45496 1.4633 2.5199 1.63787 0.6125 1.17805 1.07457 0.21311 -0.413221 -0.795729 -0.55834 0.387558 0.778046 1.71233 3.0909 3.28911 3.25087 3.83172 3.86149 3.87568 3.89807 3.89772 3.89257 3.87515 3.76172 3.50767 2.47512 1.57449 0.32166 0.165978 1.60954 2.23808 2.82549
-9999 -9999 -9999 -9999 -9999 -9999 -9999 -9999 -5.0615 -2.93765 -0.613412 1.56288 3.62184 5.39415 5.53373 6.46957 6.47097 6.96238 6.82478 6.17185 5.46886 4.16932 1.5174 -0.712063 -3.14368 -2.4992 0.202071 0.56891 -0.603387 -2.77116 -0.528536 1.94432 4.18556 5.39956 4.45078 5.42631 5.34772 4.69643 3.44495 1.49833 1.53634 0.0777437 0.0153219 0.766067 1.01046 0.886632 0.41674 -0.337137 -0.207216 0.368123 0.514532 1.37313 2.44267 3.48833 3.66468 3.86473 3.87399 3.87785 3.89464 3.8971 3.87554 3.82215 3.7036 2.83816 1.80883 1.17445 0.30144 0.194863 1.86305 2.52267 2.89038
-9999 -9999 -9999 -9999 -9999 -9999 -9999 -9999 -9999 -3.14598 -0.744997 1.03237 1.51326 3.08889 3.94087 4.60064 4.74881 6.62636 6.73211 6.319 5.67341 4.56536 2.55359 1.1527 -1.17965 -2.85534 -2.16035 -1.82532 -1.20648 -1.38633 -0.385138 1.99113 4.46663 4.73811 3.16813 3.40228 3.73243 4.47063 4.09802 1.44516 0.0978631 -1.02032 -0.22419 0.613248 0.816663 0.858181 0.697807 0.507367 0.192268 1.31164 2.14008 2.33265 3.05508 3.58863 3.73648 3.84802 3.86236 3.87689 3.87763 3.84703 3.82483 3.69127 3.39162 2.42366 0.0958594 0.204086 -0.0482554 -0.77297 0.856394 1.8775 2.80058
-9999 -9999 -9999 -9999 -9999 -9999 -9999 -9999 -9999 -3.93499 -1.15759 -0.568288 -0.608649 -1.52405 -1.09853 2.3086 2.9966 4.79725 6.50234 6.37959 5.7462 4.70957 3.51235 1.6575 -0.965985 -3.05 -3.91962 -1.67085 0.540802 0.998066 1.70394 3.16067 3.43882 1.8343 0.329632 1.17659 1.68721 3.62912 3.98444 3.60829 2.01023 0.182871 -0.770593 0.356917 0.508365 0.576815 0.591019 0.554016 0.508296 1.77335 2.47184 2.95654 3.2207 3.67885 3.79656 3.83468 3.87059 3.86292 3.83987 3.76806 3.68624 3.32462 2.88666 1.30128 -0.0206474 -0.845229 -1.89194 0.465121 1.15683 2.11726 2.74003
