Test_Spring_2018/01_18/Temp/20180127_011.txt
ncols	170
nrows	115
xllcorner	350000.000000
yllcorner	4445000.000000
cellsize	1000.000000
nodata_value	-9999.000000
[rows 32 to 63 of 115, columns 72 to 143 of 170]
10.8812 10.7082 10.9641 11.1993 11.0409 10.9387 11.3267 11.322 11.183 10.8626 10.7423 10.6179 10.5402 10.131 8.98997 7.96107 8.50667 8.51605 8.1326 8.81008 8.44663 7.50433 6.17558 6.89196 6.70065 5.74985 5.51417 -9999 -9999 -9999 -9999 -9999 -9999 -9999 -9999 -9999 -9999 -9999 -9999 -9999 -9999 -9999 -9999 -9999 -9999 -9999 -9999 -9999 -9999 -9999 -9999 -9999 -9999 -9999 -9999 -9999 -9999 -9999 -9999 -9999 -9999 -9999 -9999 -9999 -9999 -9999 -9999 -9999 -9999 -9999 -9999 -9999
10.6575 10.5807 10.9633 10.9506 10.9178 11.0488 11.2877 11.3319 11.275 11.1329 11.0093 10.8783 10.5523 10.0848 9.10775 7.93715 7.66882 8.23626 8.26003 8.3482 8.01664 7.60108 6.953 7.47691 7.67802 7.052 6.2368 5.71045 -9999 -9999 -9999 -9999 -9999 -9999 -9999 -9999 -9999 -9999 -9999 -9999 -9999 -9999 -9999 -9999 -9999 -9999 -9999 -9999 -9999 -9999 -9999 -9999 -9999 -9999 -9999 -9999 -9999 -9999 -9999 -9999 -9999 -9999 -9999 -9999 -9999 -9999 -9999 -9999 -9999 -9999 -9999 -9999
10.3904 10.0106 10.2394 10.4101 10.725 10.8004 10.8444 11.3017 11.2729 11.2472 11.0459 10.8842 10.619 10.1689 9.52982 8.76118 7.42562 8.24326 8.88273 8.86265 8.82381 8.53159 7.90886 8.42306 8.44362 7.64607 6.73896 6.20711 5.985 -9999 -9999 -9999 -9999 -9999 -9999 -9999 -9999 -9999 -9999 -9999 -9999 -9999 -9999 -9999 -9999 -9999 -9999 -9999 -9999 -9999 -9999 -9999 -9999 -9999 -9999 -9999 -9999 -9999 -9999 -9999 -9999 -9999 -9999 -9999 -9999 -9999 -9999 -9999 -9999 -9999 -9999 -9999
10.0866 9.62357 9.85384 10.1625 10.5988 10.8183 10.9846 11.1182 11.2547 11.2339 11.028 10.428 10.339 10.3094 9.89015 9.01441 8.13985 7.91062 8.88805 9.16524 9.1044 9.31983 8.79177 9.0359 8.93058 8.64687 7.77278 6.97868 6.64942 6.00224 -9999 -9999 -9999 -9999 -9999 -9999 -9999 -9999 -9999 -9999 -9999 -9999 -9999 -9999 -9999 -9999 -9999 -9999 -9999 -9999 -9999 -9999 -9999 -9999 -9999 -9999 -9999 -9999 -9999 -9999 -9999 -9999 -9999 -9999 -9999 -9999 -9999 -9999 -9999 -9999 -9999 -9999
-9999 -9999 9.33261 9.75321 10.1009 10.5249 10.8897 11.0722 11.2495 11.2307 10.8233 10.6221 10.601 10.325 9.84159 9.53689 8.98494 8.41005 8.62471 9.45772 9.08198 9.67105 9.61724 9.72247 9.32256 8.56515 7.55453 6.96281 6.66798 6.143 -9999 -9999 -9999 -9999 -9999 -9999 -9999 -9999 -9999 -9999 -9999 -9999 -9999 -9999 -9999 -9999 -9999 -9999 -9999 -9999 -9999 -9999 -9999 -9999 -9999 -9999 -9999 -9999 -9999 -9999 -9999 -9999 -9999 -9999 -9999 -9999 -9999 -9999 -9999 -9999 -9999 -9999
-9999 -9999 -9999 9.67692 9.94055 10.5137 10.8008 10.9177 11.2063 11.2028 11.046 10.9267 10.7555 10.5331 10.169 9.76765 9.24838 9.19712 9.72874 9.73179 9.6164 9.70066 9.97196 9.89581 9.27805 8.21438 7.65154 6.50393 6.01378 6.06043 5.7122 -9999 -9999 -9999 -9999 -9999 -9999 -9999 -9999 -9999 -9999 -9999 -9999 6.98904 -9999 -9999 -9999 -9999 -9999 -9999 -9999 -9999 -9999 -9999 -9999 -9999 -9999 -9999 -9999 -9999 -9999 -9999 -9999 -9999 4.8316 -9999 -9999 -9999 -9999 -9999 -9999 -9999
-9999 -9999 9.63283 9.98624 10.2624 10.6199 10.6472 10.8551 11.1875 11.1883 11.0759 10.9496 10.6705 10.5986 10.3898 9.95447 9.86264 10.0342 10.1114 10.1993 10.252 10.2028 10.0878 9.94029 9.53836 9.04393 8.711 7.66482 7.13385 6.62832 5.86487 5.26704 -9999 -9999 -9999 -9999 -9999 -9999 -9999 6.61169 6.57972 6.58938 6.75226 7.20876 6.93418 -9999 -9999 -9999 -9999 -9999 -9999 -9999 -9999 -9999 -9999 -9999 -9999 -9999 -9999 -9999 -9999 -9999 -9999 -9999 5.252 4.64934 -9999 -9999 -9999 -9999 -9999 -9999
-9999 -9999 9.7299 10.1047 10.2895 10.6365 10.8331 10.9543 11.0667 11.1741 11.1514 11.012 10.8021 10.7999 10.5123 10.3556 10.2429 10.4762 10.5196 10.4212 10.2986 10.1898 9.88825 9.85023 9.74685 9.43179 8.91691 8.38653 7.61566 6.58037 5.56512 4.74575 -9999 -9999 -9999 -9999 -9999 -9999 6.7055 7.08443 7.30982 6.81867 7.2309 7.60729 7.54243 7.16843 -9999 -9999 -9999 -9999 -9999 -9999 -9999 -9999 -9999 -9999 -9999 -9999 -9999 -9999 8.11128 7.4935 6.24934 5.60967 5.22432 4.67587 -9999 -9999 -9999 -9999 -9999 -9999
-9999 -9999 9.65633 10.0998 10.3987 10.6634 10.7017 10.9709 11.084 11.1397 11.1286 11.0979 11.0563 10.8048 10.6947 10.3165 10.6718 10.655 10.5609 10.1982 10.0391 9.41881 9.14389 9.07714 9.59244 9.20561 8.40175 7.39777 6.19019 6.10494 5.70447 4.97202 -9999 -9999 -9999 -9999 -9999 -9999 6.82828 7.23378 7.57144 7.61716 7.12874 7.8006 7.76951 7.38703 7.29708 7.60324 7.75669 7.635 7.99859 8.10398 7.93404 8.11452 -9999 -9999 -9999 -9999 8.20842 8.22966 8.24462 7.98486 6.62589 5.69641 4.86132 4.7808 -9999 -9999 -9999 -9999 -9999 -9999
-9999 -9999 9.96839 10.2395 10.3741 10.3918 10.6288 10.8632 11.0047 11.1098 11.0839 11.0712 11.0582 10.9699 10.7695 10.8017 10.7825 10.6643 9.97721 9.1757 9.52043 9.04209 8.02261 8.84294 9.29235 8.85452 7.88115 6.75311 6.38002 6.38887 5.83308 5.1211 -9999 -9999 -9999 5.72529 6.30827 6.35624 6.5257 7.06786 7.47925 7.78573 7.99453 7.98356 7.7538 7.37944 6.97305 7.11235 7.83198 8.00482 8.14602 8.25545 8.09759 8.17855 8.36919 8.46633 8.48367 8.43507 8.42136 8.43366 8.40687 8.1643 6.94557 6.24769 5.80091 4.9072 -9999 -9999 -9999 -9999 -9999 -9999
-9999 -9999 9.79662 10.0316 10.221 10.5385 10.5677 10.767 10.8814 11.0551 11.0713 10.8566 11.0272 11.0013 10.9654 10.8931 10.7887 10.2082 9.40935 8.60848 8.23703 8.38958 7.77599 8.08542 8.5409 8.36881 7.77304 6.76777 6.6235 6.38613 5.44961 4.55138 -9999 -9999 4.59523 5.71666 6.50534 6.91059 7.0338 7.04243 7.56166 7.59875 8.15769 8.02188 7.27217 7.35156 7.05441 7.23799 7.50249 7.57166 7.94908 8.31023 8.37673 8.37563 8.49609 8.51868 8.52236 8.51613 8.42938 8.46409 8.46624 8.3135 7.43135 6.99904 6.5239 4.92636 -9999 -9999 -9999 -9999 -9999 -9999
-9999 -9999 9.92103 10.1842 10.4729 10.5154 10.728 10.7003 10.6316 10.9306 11.0357 10.883 10.7722 10.9662 10.9492 10.9199 10.8737 10.3281 9.69722 8.74366 8.14995 7.78457 7.52478 7.18032 7.41275 7.33745 7.23764 7.34561 7.06608 6.51206 5.96467 4.93986 4.3861 -9999 4.6592 5.16394 6.10251 6.89948 7.40402 7.21788 7.80879 7.91506 8.25421 8.04844 7.59113 7.39479 7.37334 7.30992 7.70657 7.96963 8.15564 8.27957 8.43254 8.47013 8.50794 8.52217 8.52858 8.53491 8.52964 8.523 8.50151 8.44163 8.0338 7.603 6.67522 4.98256 -9999 -9999 -9999 -9999 -9999 -9999
-9999 9.14707 9.89211 10.3368 10.5057 10.6261 10.7317 10.8067 10.8842 10.9578 11.0078 10.9793 10.5815 10.6103 10.6778 10.8985 10.8795 10.8276 10.4814 9.32182 8.91822 8.33244 7.57303 7.25313 7.40801 8.02493 7.99413 7.58043 7.11978 6.48284 6.07675 5.44898 4.24422 4.3499 4.88819 5.28799 5.92504 6.89992 7.58213 7.88442 7.99609 8.23316 8.35415 8.0755 7.80769 7.69293 7.48404 7.45109 7.4487 7.68689 7.8714 8.2861 8.42442 8.48436 8.51479 8.52996 8.54016 8.54995 8.5512 8.5397 8.53642 8.5292 8.49611 7.923 6.49548 5.41853 -9999 -9999 -9999 -9999 -9999 -9999
-9999 -9999 9.75505 9.94757 9.99388 10.079 10.2592 10.4678 10.7641 10.7984 10.961 10.9558 10.6116 10.2159 10.5545 10.6872 10.825 10.8264 10.7793 9.80458 9.29335 8.89022 8.16202 8.41997 8.66543 8.68122 8.52818 7.6447 6.76481 5.74952 4.80226 4.75435 4.24287 4.50808 4.86291 5.77733 6.4199 6.67859 6.86325 7.85373 8.1086 8.19442 8.44489 8.09373 8.00089 7.73586 7.80921 7.7823 7.77984 7.05356 7.77412 7.8135 8.28236 8.49039 8.53458 8.5452 8.55655 8.55598 8.55564 8.55011 8.55126 8.54075 8.52901 8.15517 6.3458 5.4347 -9999 -9999 -9999 -9999 -9999 -9999
-9999 -9999 -9999 -9999 9.80865 9.95405 10.0453 10.2074 10.7137 10.8472 10.9346 10.9383 10.783 10.3907 10.2853 10.3536 9.97183 10.2864 10.7171 10.7037 10.6484 9.79122 9.35078 9.77103 9.63936 8.99401 8.48543 7.98344 6.95381 6.19807 5.11283 4.29722 4.26383 5.15813 5.89976 6.82513 7.23185 6.99589 7.24506 7.73586 8.29317 8.56061 8.49274 8.12283 8.06665 7.66025 8.05134 8.08107 7.89324 7.73047 7.78952 8.01951 8.10519 8.47131 8.55763 8.56951 8.56976 8.56851 8.56391 8.55851 8.55068 8.54313 8.53413 8.51352 6.65381 5.20541 -9999 -9999 -9999 -9999 -9999 -9999
-9999 -9999 -9999 -9999 9.45397 9.54031 9.77646 10.3918 10.7096 10.8361 10.8271 10.8837 10.773 10.4278 10.0737 9.74002 9.31069 9.55211 10.1951 10.5731 10.6138 9.86213 10.2486 10.0998 9.8092 8.96615 8.34401 8.0127 7.02406 6.17605 5.45305 4.45591 4.87839 5.344 5.94288 6.95229 7.63263 7.91042 7.67188 7.98432 8.62624 8.62622 8.26946 8.28847 8.06855 7.51475 8.08281 8.23972 8.10587 8.13556 8.08285 8.1661 8.32095 8.4691 8.56663 8.57714 8.57547 8.56939 8.56621 8.56341 8.55289 8.54988 8.54097 8.5277 7.32598 5.18063 -9999 -9999 -9999 -9999 -9999 -9999
-9999 -9999 -9999 -9999 -9999 9.12581 9.67182 10.4904 10.6877 10.6642 10.8298 10.8403 10.6724 10.5266 10.0976 9.5129 8.39265 8.67484 9.26655 10.1209 10.5687 10.5054 10.2517 9.81367 8.7578 7.83331 7.71834 7.56438 6.842 6.18797 5.38443 5.84539 6.35067 6.90378 7.19309 7.1145 7.69702 8.17134 7.96579 8.34987 8.79827 8.58992 8.4651 8.35962 8.10627 8.08721 8.10909 8.42996 8.20109 8.33527 8.33439 8.32285 8.39625 8.48145 8.57131 8.58338 8.58052 8.57912 8.56532 8.566 8.55736 8.54866 8.54026 8.52845 8.41631 7.25863 6.56568 -9999 -9999 -9999 -9999 -9999
-9999 -9999 -9999 -9999 -9999 8.61878 8.88833 9.85883 10.1529 10.5793 10.8038 10.8101 10.5294 10.3719 9.73397 9.52529 8.48896 8.01828 8.41311 8.2587 9.43604 10.4775 10.2472 8.13712 7.371 6.82364 6.96045 6.95869 6.75536 5.64478 5.33682 6.32464 6.94558 7.42608 7.78993 7.86363 7.84823 8.59193 8.6879 8.92731 8.87137 8.89045 8.5101 8.27324 8.47211 8.23322 8.1891 8.52075 8.18614 8.48115 8.44148 8.3479 8.33951 8.53292 8.56939 8.58713 8.58529 8.57458 8.56183 8.5528 8.55602 8.54976 8.53545 8.53251 8.51823 8.3765 7.77607 7.56393 7.7916 -9999 -9999 -9999
-9999 -9999 -9999 -9999 -9999 -9999 7.9802 9.33119 9.94359 10.2644 10.7184 10.7694 10.6186 10.3481 9.69854 9.12725 8.20056 7.14284 6.58101 8.25193 9.70592 10.4637 10.3607 8.60383 7.90876 7.87377 8.27853 7.93143 7.66738 6.8224 6.56814 6.21591 6.42822 7.09916 7.64685 8.17473 8.55785 8.58664 8.83446 8.97447 8.98312 9.02489 8.97718 8.93748 8.56914 8.81652 8.5995 8.7087 8.63192 8.56221 8.50128 8.28937 8.43258 8.55911 8.58915 8.59612 8.58494 8.58002 8.57163 8.55673 8.54708 8.54306 8.53855 8.52853 8.52499 8.51406 8.44361 8.08102 7.59685 6.98615 -9999 -9999
-9999 -9999 -9999 -9999 -9999 -9999 7.30473 8.64923 9.29238 10.1249 10.5507 10.7223 10.6953 10.4755 9.98113 9.23901 8.62062 7.44007 6.21452 7.96838 9.52981 10.3718 10.4142 8.93669 9.34267 9.00955 9.13989 8.53218 8.27789 8.07514 7.63798 7.16021 6.63803 6.36093 7.59329 8.22469 8.73235 8.97032 9.10374 9.16905 9.12968 9.03195 8.47996 8.89481 8.86776 8.82234 8.77074 8.74373 8.69647 8.64146 8.60695 8.5923 8.45031 8.60354 8.59596 8.59438 8.59168 8.5844 8.57366 8.56409 8.55304 8.54934 8.5394 8.53075 8.52369 8.51737 8.50942 8.48616 8.38727 7.56831 7.07716 6.93623
-9999 -9999 -9999 -9999 -9999 -9999 5.41023 7.36883 8.93913 9.7588 10.4264 10.6066 10.6715 10.3778 10.1576 9.62477 9.12035 8.34384 7.18211 6.4661 7.77861 9.68793 10.3887 10.3303 10.2836 9.89887 9.55182 9.50537 9.52816 9.12338 8.53719 7.77136 7.5313 7.2607 8.17775 8.29949 8.22929 9.23827 9.23783 9.17763 8.78782 8.35142 8.43084 8.15653 8.35728 8.03373 8.32399 8.57429 8.66528 8.65341 8.6153 8.60806 8.58863 8.61144 8.607 8.59886 8.59199 8.58693 8.58012 8.56552 8.55614 8.55775 8.54535 8.5365 8.52496 8.51983 8.51415 8.49602 8.47922 8.35033 8.15834 7.79465
-9999 -9999 -9999 -9999 -9999 -9999 5.49609 7.14032 8.53664 9.37378 10.1773 10.3607 10.6295 10.567 10.3365 9.87292 9.29476 8.65518 7.65811 6.91658 7.79385 9.0604 9.96694 10.2893 10.2813 10.2566 10.1673 10.1295 10.0257 9.94965 9.52787 8.80564 8.39521 7.79615 8.81849 8.9304 8.76692 9.27584 9.24733 8.47051 7.87261 7.79569 8.15553 7.8072 7.74178 7.5198 7.75903 8.40635 8.21396 8.24733 8.53807 8.5824 8.60888 8.61311 8.60705 8.60186 8.5933 8.59077 8.58845 8.57401 8.56591 8.56058 8.54666 8.5396 8.52886 8.51894 8.5072 8.49584 8.48021 8.44101 8.40095 8.43734
-9999 -9999 -9999 -9999 -9999 -9999 5.5335 6.63535 7.89159 9.12604 9.9846 10.3286 10.5782 10.5719 10.3045 10.0725 9.70896 9.14587 8.75899 8.08923 7.17097 8.70442 9.17278 9.5895 9.76485 10.2002 10.1865 9.98255 9.74198 9.95506 9.88984 9.31631 9.12543 8.8055 9.37263 9.37075 9.3518 9.31822 8.66138 7.7496 7.02028 7.54032 7.42822 7.66482 6.91651 7.52734 8.01607 8.17191 7.82958 7.57717 8.34054 8.46297 8.53441 8.57877 8.60665 8.59521 8.59953 8.59172 8.5864 8.58103 8.57166 8.56494 8.55552 8.54588 8.53377 8.52461 8.51259 8.5017 8.4974 8.47102 8.45984 8.44847
-9999 -9999 -9999 -9999 -9999 -9999 -9999 5.98334 7.57845 9.0011 9.79137 10.287 10.5266 10.5185 10.3801 10.2215 9.99495 9.58789 9.07742 8.27236 7.67419 8.05015 8.50899 8.55713 8.86138 9.74867 10.0497 9.6156 8.54502 9.17253 9.8705 9.85558 9.79219 9.72176 9.63052 9.55008 9.37799 8.9224 7.533 7.25957 6.71303 6.77218 6.49043 7.09654 6.86375 7.48641 7.75411 7.85269 7.2698 7.38824 8.06327 8.32813 8.27911 8.44012 8.59105 8.59257 8.59363 8.5863 8.58664 8.58499 8.57957 8.57259 8.56481 8.55835 8.53988 8.53662 8.48185 8.44498 8.37357 8.45399 8.45832 8.45568
-9999 -9999 -9999 -9999 -9999 -9999 -9999 5.66856 7.25939 8.93579 9.47135 10.0061 10.4673 10.4728 10.2631 10.0637 9.85859 9.62566 9.00694 8.40699 7.83417 7.64032 7.75284 7.7395 8.23336 9.39018 9.61173 9.51282 8.39709 8.01711 8.95082 9.73495 9.79352 9.71871 8.78858 8.98279 8.47975 7.79875 7.60933 7.30984 6.67999 6.9792 6.51705 6.71114 6.65299 7.00505 7.1748 7.59379 7.08539 7.08398 7.74668 8.07938 8.08371 8.43321 8.5554 8.58476 8.58963 8.59239 8.59094 8.59373 8.58784 8.5801 8.57069 8.55123 8.50831 8.37848 7.70301 7.70055 7.88118 8.05184 8.3645 8.44721
-9999 -9999 -9999 -9999 -9999 -9999 -9999 5.85451 6.95735 8.44456 9.54528 9.61096 10.1444 10.4182 10.1905 9.93465 9.67318 9.55739 8.88418 8.14505 7.54744 6.84054 6.95411 7.45739 8.27991 9.02615 9.15714 8.99922 8.40019 8.67881 9.31463 9.65067 9.74742 9.66535 9.46027 9.34049 8.96928 8.80679 8.29262 7.49033 7.17269 7.3694 6.51779 6.5742 6.88504 6.54575 7.09199 7.35144 6.69617 7.20941 7.79598 8.09393 8.35396 8.47505 8.52113 8.59393 8.59257 8.5958 8.59628 8.59231 8.58951 8.57441 8.56143 8.48741 8.37946 7.7512 7.48246 7.53021 7.81577 8.0653 8.32303 8.42774
-9999 -9999 -9999 -9999 -9999 -9999 -9999 6.04455 7.03728 8.32644 9.11028 9.24759 9.83964 10.3658 10.3035 10.0375 9.9545 9.6792 9.1078 8.47703 7.78788 7.45158 6.68166 7.43464 8.02752 8.65906 8.95291 8.46044 8.21136 8.64414 9.07431 9.24421 9.67864 9.67133 9.5256 8.90768 8.60489 8.72872 8.59707 8.36871 7.81558 7.78827 7.43189 7.28253 7.14118 6.68581 6.96901 6.99417 7.06736 7.68519 7.98874 8.18872 8.37029 8.41525 8.49223 8.5933 8.59916 8.59969 8.59612 8.59507 8.58444 8.55177 8.52374 8.37749 8.12081 7.64442 6.86901 7.40613 7.96786 8.12991 8.28993 8.37151
-9999 -9999 -9999 -9999 -9999 -9999 -9999 5.87608 6.93107 8.03248 8.49094 8.56592 9.64036 10.2971 10.2951 10.1674 10.0189 9.34291 9.37972 9.24245 8.62049 7.71574 6.72233 6.81269 7.39843 8.23302 8.50737 7.69484 7.40566 7.61341 8.26557 8.849 9.45829 9.61079 9.42813 8.46803 7.44797 7.91684 8.41807 8.41246 8.26175 7.74851 7.58355 7.43387 7.05843 6.42244 6.51086 6.68278 7.38403 7.60344 7.94435 8.22685 8.11537 8.17491 8.44512 8.59875 8.60133 8.60088 8.60286 8.59612 8.58364 8.52129 8.45542 8.34692 7.68253 7.26803 6.66414 7.35312 7.73481 7.93259 8.29565 8.37931
-9999 -9999 -9999 -9999 -9999 -9999 -9999 5.54963 6.31438 7.36711 7.78937 8.46502 9.48029 9.97808 10.2151 10.2069 10.1069 9.80269 9.61873 9.25893 8.61199 7.72837 6.74645 6.10631 6.42781 7.54993 7.81622 7.06443 6.68164 7.1522 7.84754 8.87843 9.46618 9.54302 9.48668 9.2864 8.54091 7.64082 7.64102 8.08818 7.7088 7.26831 7.50608 7.45856 7.08781 6.81723 6.64767 6.74502 7.14439 7.30707 7.70158 8.28549 8.36617 8.34607 8.58997 8.59899 8.60144 8.60749 8.60393 8.5984 8.5877 8.53612 8.42459 7.98115 7.59393 7.0565 6.98679 7.5968 7.86066 8.10833 8.28438 8.33911
-9999 -9999 -9999 -9999 -9999 -9999 -9999 4.98661 5.88712 6.8732 7.79634 8.6696 9.4208 9.47602 9.87085 9.86741 10.073 10.0105 9.72827 9.4248 8.86701 7.73264 6.77838 5.73792 6.00894 7.15362 7.30164 6.79829 5.87052 6.82312 7.87389 8.82592 9.33999 8.93198 9.34442 9.30747 9.02636 8.48939 7.65605 7.66887 7.04361 7.0136 7.33026 7.43101 7.37474 7.17088 6.84446 6.89443 7.13608 7.19484 7.55723 8.00957 8.45172 8.52327 8.60495 8.60532 8.60342 8.60707 8.60464 8.59199 8.56579 8.51182 8.13939 7.69707 7.42311 7.04738 6.99838 7.7065 7.98063 8.13456 8.28601 8.34337
-9999 -9999 -9999 -9999 -9999 -9999 -9999 -9999 5.7958 6.81474 7.56794 7.76852 8.43597 8.79501 9.07222 9.1314 9.92799 9.96924 9.78932 9.51033 9.03419 8.17277 7.57181 6.57372 5.85561 6.14646 6.27972 6.54016 6.46009 6.88357 7.89332 8.94539 9.05777 8.38505 8.48151 8.6189 8.93024 8.76798 7.63351 7.05565 6.57546 6.91142 7.26499 7.34822 7.36242 7.29054 7.2037 7.06468 7.53838 7.88805 7.96664 8.27115 8.49514 8.55469 8.59877 8.6014 8.60409 8.60089 8.58431 8.57127 8.51072 8.37933 7.96296 6.96679 7.00918 6.89782 6.58504 7.27471 7.70504 8.09484 8.30002 8.34993
-9999 -9999 -9999 -9999 -9999 -9999 -9999 -9999 5.45678 6.63633 6.88311 6.86156 6.46706 6.64437 8.093 8.3824 9.14625 9.86942 9.81333 9.53956 9.0939 8.57979 7.78533 6.66318 5.77105 5.39455 6.34673 7.28411 7.47582 7.77355 8.39143 8.50682 7.81952 7.17478 7.53262 7.74703 8.57162 8.71972 8.5559 7.87108 7.08846 6.67841 7.15558 7.21661 7.24227 7.24483 7.22474 7.20052 7.73526 8.02966 8.23295 8.34224 8.53426 8.58113 8.59404 8.60596 8.59925 8.5859 8.55169 8.51311 8.35517 8.16459 7.48475 6.91718 6.56161 6.11131 7.1122 7.40174 7.80846 8.06759 8.27149 8.31284
