Test_Spring_2018/01_18/Temp/20180103_008.txt
ncols	170
nrows	115
xllcorner	350000.000000
yllcorner	4445000.000000
cellsize	1000.000000
nodata_value	-9999.000000
[rows 32 to 63 of 115, columns 72 to 143 of 170]
8.25759 7.97527 8.42576 8.84108 8.60212 8.44687 9.12877 9.13456 8.91052 8.37648 8.18395 7.984 7.86343 7.17636 5.23931 3.49356 4.43675 4.46412 3.82061 4.98915 4.38002 2.78248 0.52512 1.7608 1.44642 -0.144926 -0.53106 -9999 -9999 -9999 -9999 -9999 -9999 -9999 -9999 -9999 -9999 -9999 -9999 -9999 -9999 -9999 -9999 -9999 -9999 -9999 -9999 -9999 -9999 -9999 -9999 -9999 -9999 -9999 -9999 -9999 -9999 -9999 -9999 -9999 -9999 -9999 -9999 -9999 -9999 -9999 -9999 -9999 -9999 -9999 -9999 -9999
7.87319 7.755 8.42174 8.41357 8.38196 8.63205 9.059 9.14817 9.06433 8.8346 8.63637 8.42505 7.88044 7.09378 5.43678 3.44901 3.0021 3.98254 4.03447 4.19644 3.64167 2.94358 1.84853 2.75525 3.1108 2.0652 0.698017 -0.177645 -9999 -9999 -9999 -9999 -9999 -9999 -9999 -9999 -9999 -9999 -9999 -9999 -9999 -9999 -9999 -9999 -9999 -9999 -9999 -9999 -9999 -9999 -9999 -9999 -9999 -9999 -9999 -9999 -9999 -9999 -9999 -9999 -9999 -9999 -9999 -9999 -9999 -9999 -9999 -9999 -9999 -9999 -9999 -9999
7.41436 6.77856 7.18258 7.48743 8.05501 8.2099 8.29891 9.09342 9.05748 9.02667 8.69555 8.43175 7.99094 7.23407 6.15419 4.85287 2.58322 3.99088 5.09425 5.07125 5.01627 4.52868 3.47672 4.36664 4.41358 3.07882 1.56162 0.664908 0.297105 -9999 -9999 -9999 -9999 -9999 -9999 -9999 -9999 -9999 -9999 -9999 -9999 -9999 -9999 -9999 -9999 -9999 -9999 -9999 -9999 -9999 -9999 -9999 -9999 -9999 -9999 -9999 -9999 -9999 -9999 -9999 -9999 -9999 -9999 -9999 -9999 -9999 -9999 -9999 -9999 -9999 -9999 -9999
6.89251 6.11466 6.52112 7.06177 7.82701 8.2296 8.53521 8.77705 9.0235 9.00091 8.66197 7.64963 7.50968 7.47093 6.76642 5.28211 3.79968 3.41933 5.09976 5.5843 5.49162 5.87084 4.98039 5.40887 5.24061 4.77289 3.31219 1.97692 1.42585 0.331693 -9999 -9999 -9999 -9999 -9999 -9999 -9999 -9999 -9999 -9999 -9999 -9999 -9999 -9999 -9999 -9999 -9999 -9999 -9999 -9999 -9999 -9999 -9999 -9999 -9999 -9999 -9999 -9999 -9999 -9999 -9999 -9999 -9999 -9999 -9999 -9999 -9999 -9999 -9999 -9999 -9999 -9999
-9999 -9999 5.62783 6.36612 6.9777 7.7252 8.37012 8.69556 9.01178 8.99277 8.3097 7.97839 7.95443 7.49474 6.68062 6.17145 5.23987 4.269 4.64656 6.0802 5.44951 6.46671 6.38605 6.57712 5.90558 4.63831 2.93391 1.94404 1.45154 0.565846 -9999 -9999 -9999 -9999 -9999 -9999 -9999 -9999 -9999 -9999 -9999 -9999 -9999 -9999 -9999 -9999 -9999 -9999 -9999 -9999 -9999 -9999 -9999 -9999 -9999 -9999 -9999 -9999 -9999 -9999 -9999 -9999 -9999 -9999 -9999 -9999 -9999 -9999 -9999 -9999 -9999 -9999
-9999 -9999 -9999 6.23272 6.70084 7.69409 8.21532 8.42887 8.93535 8.94258 8.68758 8.49631 8.21593 7.84781 7.23721 6.56284 5.68688 5.61011 6.52879 6.54477 6.35855 6.51339 6.98782 6.86897 5.83028 4.03428 3.08427 1.15456 0.328286 0.418621 -0.165628 -9999 -9999 -9999 -9999 -9999 -9999 -9999 -9999 -9999 -9999 -9999 -9999 2.1559 -9999 -9999 -9999 -9999 -9999 -9999 -9999 -9999 -9999 -9999 -9999 -9999 -9999 -9999 -9999 -9999 -9999 -9999 -9999 -9999 -1.27121 -9999 -9999 -9999 -9999 -9999 -9999 -9999
-9999 -9999 6.13385 6.76118 7.24756 7.87284 7.94237 8.31926 8.90089 8.91558 8.7366 8.5333 8.06867 7.9575 7.61211 6.87942 6.73326 7.03685 7.17912 7.33977 7.44049 7.36719 7.18177 6.94085 6.27936 5.44618 4.88879 3.12275 2.23533 1.38241 0.0887651 -0.922193 -9999 -9999 -9999 -9999 -9999 -9999 -9999 1.45663 1.41344 1.44167 1.73181 2.52363 2.06699 -9999 -9999 -9999 -9999 -9999 -9999 -9999 -9999 -9999 -9999 -9999 -9999 -9999 -9999 -9999 -9999 -9999 -9999 -9999 -0.561767 -1.57942 -9999 -9999 -9999 -9999 -9999 -9999
-9999 -9999 6.30491 6.95999 7.29074 7.89858 8.24944 8.48626 8.69238 8.88945 8.8637 8.63819 8.29173 8.29936 7.81919 7.56237 7.38016 7.78902 7.87337 7.71556 7.51656 7.34122 6.83705 6.78306 6.63068 6.10385 5.23568 4.34095 3.05241 1.29451 -0.429411 -1.819 -9999 -9999 -9999 -9999 -9999 -9999 1.59771 2.25598 2.65242 1.82545 2.54165 3.19687 3.09863 2.48101 -9999 -9999 -9999 -9999 -9999 -9999 -9999 -9999 -9999 -9999 -9999 -9999 -9999 -9999 4.26699 3.22311 1.10974 0.0289472 -0.617363 -1.54218 -9999 -9999 -9999 -9999 -9999 -9999
-9999 -9999 6.175 6.94783 7.47392 7.94186 8.02309 8.5053 8.71981 8.8289 8.82328 8.78347 8.72431 8.30615 8.12899 7.49357 8.1105 8.09164 7.9409 7.33157 7.06994 6.02091 5.56199 5.47097 6.36228 5.71291 4.35123 2.64767 0.603695 0.476691 -0.197501 -1.43891 -9999 -9999 -9999 -9999 -9999 -9999 1.79943 2.50309 3.09135 3.18145 2.35964 3.51975 3.48735 2.8472 2.7065 3.24204 3.51642 3.32521 3.96516 4.15571 3.87556 4.19358 -9999 -9999 -9999 -9999 4.40259 4.4494 4.48589 4.05358 1.74431 0.168785 -1.24536 -1.36898 -9999 -9999 -9999 -9999 -9999 -9999
-9999 -9999 6.7035 7.18249 7.42874 7.4754 7.8966 8.3197 8.58261 8.77606 8.7452 8.73617 8.72579 8.58618 8.25449 8.31961 8.29668 8.10443 6.94042 5.58114 6.17969 5.37395 3.65022 5.06634 5.84518 5.10875 3.45763 1.54224 0.923097 0.955931 0.0162651 -1.19368 -9999 -9999 -9999 -0.125013 0.880222 0.972074 1.27188 2.20871 2.92267 3.46174 3.83094 3.82849 3.45323 2.82733 2.14654 2.39742 3.639 3.94626 4.21023 4.40757 4.14789 4.29121 4.62633 4.80164 4.84071 4.76732 4.75382 4.78508 4.74998 4.34676 2.28205 1.10231 0.351616 -1.15702 -9999 -9999 -9999 -9999 -9999 -9999
-9999 -9999 6.40962 6.82741 7.16746 7.72476 7.79129 8.1482 8.36527 8.68114 8.72245 8.36853 8.67182 8.63859 8.58772 8.47406 8.30519 7.32308 5.96788 4.60938 3.98449 4.26056 3.22304 3.76617 4.55531 4.2748 3.26572 1.55999 1.32458 0.935594 -0.647526 -2.17237 -9999 -9999 -2.07075 -0.146436 1.20988 1.91176 2.13247 2.15804 3.05623 3.1315 4.09848 3.88193 2.6186 2.76773 2.27925 2.60609 3.06597 3.19636 3.85619 4.49004 4.61371 4.62147 4.83656 4.88434 4.89984 4.8986 4.76018 4.82959 4.84385 4.59405 3.09892 2.37243 1.5738 -1.13828 -9999 -9999 -9999 -9999 -9999 -9999
-9999 -9999 6.61938 7.08579 7.59587 7.68545 8.06544 8.03281 7.93741 8.46329 8.66045 8.41245 8.23512 8.57748 8.55874 8.51818 8.44833 7.52546 6.45683 4.83722 3.83247 3.22305 2.78972 2.21375 2.62175 2.50433 2.34513 2.54076 2.0764 1.14628 0.221224 -1.51431 -2.45128 -9999 -1.96758 -1.09677 0.515326 1.88604 2.7579 2.45077 3.47139 3.66491 4.25868 3.92048 3.15674 2.83178 2.80861 2.71362 3.40412 3.87109 4.20396 4.42667 4.70336 4.77709 4.85085 4.88416 4.9041 4.92411 4.92464 4.92328 4.89706 4.80582 4.1208 3.39741 1.82528 -1.04915 -9999 -9999 -9999 -9999 -9999 -9999
-9999 5.27185 6.5654 7.34241 7.64853 7.87185 8.0696 8.21489 8.36875 8.50884 8.60868 8.57579 7.90826 7.96826 8.09373 8.47986 8.4563 8.37606 7.79328 5.82158 5.14514 4.15309 2.8661 2.33373 2.6093 3.67419 3.63294 2.93775 2.16227 1.09018 0.408411 -0.654241 -2.69888 -2.50996 -1.58221 -0.890835 0.206092 1.88049 3.05564 3.58264 3.78476 4.20314 4.42271 3.95773 3.51728 3.33506 2.99207 2.94944 2.95877 3.37865 3.70915 4.4333 4.68014 4.79612 4.85715 4.89188 4.91811 4.94382 4.95528 4.94545 4.95023 4.94883 4.904 3.93729 1.51196 -0.311096 -9999 -9999 -9999 -9999 -9999 -9999
-9999 -9999 6.32691 6.67371 6.77099 6.9346 7.26023 7.63411 8.16194 8.23606 8.52822 8.53229 7.95815 7.29318 7.8812 8.11694 8.36082 8.3714 8.29925 6.64476 5.7807 5.10166 3.86787 4.32222 4.75253 4.79081 4.54087 3.04346 1.55212 -0.166338 -1.77398 -1.846 -2.70906 -2.24492 -1.63067 -0.0605443 1.04562 1.4967 1.82197 3.52422 3.97176 4.12925 4.56957 3.9829 3.84136 3.40273 3.54204 3.51003 3.51954 2.29255 3.53867 3.618 4.43021 4.79876 4.88605 4.91289 4.94093 4.94875 4.95732 4.95752 4.96968 4.96261 4.95442 4.32798 1.25028 -0.289488 -9999 -9999 -9999 -9999 -9999 -9999
-9999 -9999 -9999 -9999 6.4513 6.71819 6.89238 7.18711 8.07372 8.31742 8.4813 8.501 8.24803 7.58955 7.41928 7.5447 6.90108 7.44606 8.19106 8.17659 8.09105 6.63644 5.89692 6.62539 6.41162 5.32078 4.46371 3.61793 1.87095 0.595676 -1.24756 -2.63063 -2.67813 -1.14158 0.135334 1.72402 2.42727 2.03341 2.46875 3.31739 4.2804 4.74906 4.6457 4.02702 3.94811 3.2682 3.95037 4.01532 3.70852 3.44421 3.5607 3.96584 4.12387 4.76016 4.91793 4.94986 4.95884 4.96538 4.96651 4.96674 4.96364 4.96153 4.95758 4.93438 1.77068 -0.686752 -9999 -9999 -9999 -9999 -9999 -9999
-9999 -9999 -9999 -9999 5.84225 6.00848 6.43033 7.4993 8.06397 8.29575 8.29512 8.40513 8.22837 7.64971 7.05497 6.49385 5.76901 6.18948 7.29576 7.94974 8.02799 6.75351 7.42616 7.18269 6.69742 5.26896 4.21797 3.66377 1.98689 0.553967 -0.67051 -2.36355 -1.63242 -0.827964 0.203797 1.93677 3.10725 3.59062 3.19295 3.7369 4.8443 4.85606 4.25921 4.30474 3.94613 3.01453 3.99906 4.28135 4.06693 4.13156 4.05733 4.21208 4.48847 4.75269 4.92976 4.95753 4.9644 4.9626 4.96603 4.97065 4.96266 4.96815 4.9642 4.95343 2.91344 -0.734357 -9999 -9999 -9999 -9999 -9999 -9999
-9999 -9999 -9999 -9999 -9999 5.29732 6.24834 7.66443 8.02311 7.99871 8.29619 8.3275 8.05308 7.81494 7.09204 6.10232 4.19739 4.68745 5.70613 7.17354 7.947 7.84801 7.42715 6.68976 4.8975 3.32992 3.14512 2.89383 1.67175 0.570132 -0.791826 0.005498 0.878125 1.83208 2.33519 2.20971 3.21324 4.03231 3.69079 4.35697 5.13372 4.78951 4.58865 4.42141 4.00565 3.98727 4.03897 4.60134 4.22472 4.46793 4.48234 4.4754 4.61287 4.7698 4.93393 4.96448 4.9689 4.97531 4.96055 4.97097 4.96605 4.96163 4.95841 4.94996 4.7707 2.80962 1.63954 -9999 -9999 -9999 -9999 -9999
-9999 -9999 -9999 -9999 -9999 4.42798 4.90662 6.58197 7.10588 7.84967 8.24743 8.27157 7.80436 7.54606 6.46677 6.11919 4.35749 3.56203 4.24449 3.98909 6.00849 7.79632 7.41536 3.8222 2.52473 1.6012 1.84636 1.85498 1.51936 -0.3619 -0.8774 0.819811 1.89007 2.7201 3.3506 3.48527 3.46768 4.74648 4.92043 5.33942 5.25463 5.29866 4.66118 4.26936 4.62578 4.23182 4.17067 4.75139 4.19416 4.71209 4.66031 4.5134 4.51135 4.85324 4.92634 4.96673 4.97301 4.96355 4.95028 4.94468 4.95987 4.95948 4.94595 4.95247 4.94015 4.71411 3.70191 3.35295 3.75509 -9999 -9999 -9999
-9999 -9999 -9999 -9999 -9999 -9999 3.35174 5.67652 6.74383 7.30703 8.09655 8.19696 7.95235 7.50101 6.40126 5.4345 3.86017 2.0617 1.11115 3.97325 6.46516 7.76834 7.60499 4.61503 3.4388 3.39025 4.09296 3.51172 3.07234 1.64481 1.22108 0.629711 1.00217 2.15795 3.10208 4.01257 4.67565 4.73355 5.16559 5.41651 5.44187 5.52445 5.4548 5.39944 4.78701 5.22327 4.86664 5.06725 4.95024 4.84519 4.75714 4.40817 4.66514 4.89293 4.9552 4.97747 4.96786 4.96842 4.96267 4.94562 4.94094 4.94421 4.94726 4.94146 4.94728 4.94452 4.83727 4.23121 3.41753 2.38763 -9999 -9999
-9999 -9999 -9999 -9999 -9999 -9999 2.19402 4.50716 5.62676 7.06353 7.80773 8.11242 8.07779 7.71292 6.87836 5.61997 4.57236 2.56429 0.479239 3.48237 6.15995 7.60699 7.6889 5.17919 5.88332 5.32547 5.5594 4.53295 4.11016 3.77962 3.04353 2.2378 1.35658 0.892151 3.00619 4.09361 4.9695 5.38472 5.62142 5.74201 5.68532 5.5328 4.60165 5.32229 5.29259 5.22847 5.15405 5.12176 5.05495 4.97483 4.93186 4.91977 4.68967 4.96294 4.96156 4.96919 4.97423 4.97092 4.96129 4.95346 4.94312 4.9482 4.94478 4.94112 4.94069 4.94574 4.945 4.91828 4.76244 3.37674 2.55069 2.32584
-9999 -9999 -9999 -9999 -9999 -9999 -1.04576 2.31554 5.0227 6.43655 7.58891 7.90879 8.03109 7.54009 7.17381 6.27303 5.42026 4.10247 2.12663 0.912014 3.16158 6.43112 7.64093 7.55493 7.48571 6.83965 6.25809 6.19007 6.24036 5.56496 4.57534 3.27754 2.87642 2.42398 3.99962 4.21671 4.10581 5.83793 5.84611 5.75238 5.09599 4.36213 4.5083 4.05706 4.41628 3.87677 4.38585 4.82687 4.99587 4.98917 4.93994 4.93981 4.91917 4.97081 4.97434 4.97089 4.96899 4.96965 4.96692 4.95068 4.94334 4.95495 4.94677 4.94185 4.93844 4.94549 4.94836 4.93017 4.91434 4.70701 4.3918 3.78661
-9999 -9999 -9999 -9999 -9999 -9999 -0.898904 1.9312 4.33023 5.77256 7.15767 7.48279 7.95308 7.85702 7.47322 6.69085 5.71234 4.62863 2.93423 1.67624 3.1831 5.35443 6.91182 7.47624 7.47715 7.4458 7.30431 7.2517 7.08579 6.9721 6.26213 5.03752 4.34657 3.33323 5.08879 5.28921 5.01912 5.89731 5.85763 4.54006 3.52831 3.40668 4.0336 3.44962 3.35409 2.99403 3.41557 4.53428 4.21743 4.28795 4.80049 4.88911 4.94799 4.96695 4.96777 4.96947 4.96485 4.97003 4.97518 4.95942 4.95446 4.95437 4.93993 4.94247 4.93477 4.93358 4.93166 4.92478 4.91072 4.85641 4.79751 4.87613
-9999 -9999 -9999 -9999 -9999 -9999 -0.840453 1.06432 3.22358 5.34394 6.82263 7.4219 7.8593 7.85911 7.41233 7.02559 6.41383 5.46097 4.8089 3.6737 2.11417 4.74205 5.55043 6.27634 6.58661 7.34076 7.32833 6.99122 6.60158 6.97595 6.87337 5.90404 5.58806 5.05148 6.02966 6.03584 6.01272 5.96448 4.85181 3.30381 2.06764 2.96554 2.78421 3.20143 1.93965 2.99236 3.83975 4.11899 3.55446 3.13654 4.45603 4.67954 4.81367 4.9011 4.9599 4.95101 4.96853 4.9649 4.96515 4.96511 4.95821 4.95595 4.94934 4.94275 4.9381 4.93838 4.92975 4.91899 4.92435 4.89856 4.89214 4.88924
-9999 -9999 -9999 -9999 -9999 -9999 -9999 -0.0543156 2.68237 5.12478 6.48663 7.34467 7.76488 7.7617 7.53533 7.27408 6.89636 6.21019 5.34725 3.98115 2.96844 3.61959 4.41163 4.50857 5.03848 6.5644 7.08938 6.35886 4.54782 5.62858 6.83109 6.81598 6.71793 6.60766 6.46421 6.33628 6.05169 5.28283 2.91913 2.45877 1.53467 1.64527 1.17403 2.22232 1.84142 2.91674 3.38626 3.56732 2.58475 2.80278 3.97134 4.43637 4.36503 4.652 4.92561 4.93891 4.951 4.94836 4.95851 4.96508 4.96515 4.9583 4.95443 4.95317 4.93814 4.94911 4.86734 4.81656 4.70708 4.85712 4.87728 4.89519
-9999 -9999 -9999 -9999 -9999 -9999 -9999 -0.59684 2.13277 5.00807 5.93453 6.85914 7.65762 7.6775 7.32934 6.99844 6.65752 6.26886 5.2212 4.20555 3.23627 2.91433 3.11578 3.10697 3.96061 5.94671 6.33567 6.17749 4.28784 3.64918 5.25413 6.60354 6.71367 6.59586 5.01709 5.35836 4.50866 3.35489 3.04065 2.53843 1.47214 1.99279 1.21344 1.55523 1.47567 2.08855 2.39045 3.11832 2.26256 2.27541 3.423 4.00355 4.02306 4.63177 4.85185 4.91297 4.93182 4.94665 4.95395 4.96825 4.96766 4.96394 4.95756 4.93433 4.87144 4.66744 3.53149 3.53933 3.86014 4.16409 4.71505 4.87491
-9999 -9999 -9999 -9999 -9999 -9999 -9999 -0.283128 1.61249 4.16422 6.0555 6.17871 7.10038 7.57825 7.19932 6.77212 6.33499 6.14649 5.00587 3.75262 2.74108 1.54296 1.74623 2.61522 4.03464 5.31939 5.5535 5.29432 4.28704 4.773 5.86899 6.45296 6.62817 6.49787 6.15734 5.96238 5.33787 5.06973 4.20094 2.84011 2.3071 2.65274 1.20824 1.31484 1.85631 1.29767 2.24224 2.69728 1.59028 2.48536 3.4993 4.02018 4.47611 4.69452 4.78449 4.91976 4.92801 4.94379 4.95461 4.95764 4.96262 4.94665 4.93446 4.81829 4.64451 3.58251 3.14882 3.24232 3.74219 4.18068 4.6448 4.83572
-9999 -9999 -9999 -9999 -9999 -9999 -9999 0.0377819 1.74483 3.95787 5.30758 5.55281 6.5744 7.48324 7.38663 6.94199 6.8097 6.34882 5.38214 4.31401 3.14619 2.58103 1.2754 2.57079 3.59798 4.68666 5.19875 4.37379 3.95826 4.7073 5.45188 5.75194 6.50372 6.50098 6.26176 5.21601 4.70835 4.92927 4.71386 4.3333 3.39819 3.36128 2.76257 2.51768 2.28676 1.53003 2.0251 2.07968 2.22068 3.29013 3.82036 4.17362 4.4953 4.58347 4.72608 4.90958 4.93019 4.94148 4.94556 4.95384 4.94572 4.90003 4.86243 4.62316 4.19557 3.39309 2.0948 3.02405 3.99552 4.29205 4.58227 4.73366
-9999 -9999 -9999 -9999 -9999 -9999 -9999 -0.253385 1.55951 3.45145 4.24511 4.3836 6.2288 7.36032 7.36667 7.15821 6.91402 5.76886 5.84095 5.61569 4.56263 3.02663 1.33926 1.50293 2.51882 3.95316 4.43175 3.05999 2.57578 2.94029 4.06381 5.06993 6.1202 6.39027 6.08788 4.45768 2.72503 3.53526 4.40077 4.40072 4.15296 3.28617 3.01439 2.76894 2.13813 1.06969 1.2352 1.54014 2.75624 3.14249 3.73622 4.23013 4.05105 4.1639 4.63638 4.90956 4.92459 4.93428 4.94802 4.9468 4.93578 4.83971 4.73775 4.56323 3.43956 2.74295 1.73042 2.92691 3.59088 3.95369 4.58593 4.74086
-9999 -9999 -9999 -9999 -9999 -9999 -9999 -0.814181 0.502551 2.31095 3.04244 4.20649 5.95039 6.81034 7.22485 7.22022 7.05892 6.5486 6.24363 5.63831 4.54257 3.04264 1.37484 0.290819 0.849207 2.78051 3.24452 1.97693 1.33265 2.14581 3.34286 5.11301 6.12631 6.26702 6.18027 5.84767 4.58392 3.05616 3.06602 3.83929 3.20106 2.45857 2.87462 2.80361 2.18074 1.72912 1.46115 1.64359 2.339 2.62811 3.3131 4.3215 4.47035 4.44697 4.87435 4.90046 4.91526 4.93612 4.94053 4.94158 4.93387 4.85645 4.67682 3.93053 3.28049 2.37416 2.26686 3.33626 3.80758 4.24756 4.56046 4.66604
-9999 -9999 -9999 -9999 -9999 -9999 -9999 -1.77889 -0.230721 1.46347 3.05006 4.55132 5.84398 5.94788 6.63169 6.63519 6.99558 6.89802 6.42527 5.91612 4.97262 3.04439 1.42378 -0.34404 0.128016 2.09879 2.36628 1.51589 -0.0593562 1.57686 3.38073 5.01598 5.90327 5.21576 5.92951 5.87576 5.40508 4.49747 3.08378 3.11532 2.0572 2.01582 2.56666 2.74887 2.66304 2.32528 1.78615 1.89107 2.31667 2.42804 3.05793 3.84135 4.60731 4.74024 4.89039 4.90161 4.90893 4.92572 4.93218 4.92126 4.88731 4.80609 4.18118 3.43712 2.98082 2.35091 2.27921 3.50859 4.0061 4.28594 4.55695 4.66712
-9999 -9999 -9999 -9999 -9999 -9999 -9999 -9999 -0.390132 1.35984 2.65586 3.00798 4.15737 4.77997 5.26272 5.37305 6.74273 6.82233 6.52419 6.0568 5.2527 3.79057 2.77328 1.07774 -0.139643 0.372326 0.614532 1.06842 0.940753 1.67308 3.40669 5.21258 5.41363 4.27384 4.44779 4.6917 5.2328 4.96513 3.03717 2.05996 1.24967 1.8334 2.44731 2.59964 2.63416 2.52174 2.39736 2.17558 2.99547 3.60348 3.74842 4.27911 4.67222 4.78442 4.87016 4.8851 4.9002 4.90531 4.88767 4.87625 4.78387 4.57071 3.87107 2.18143 2.26576 2.0877 1.5658 2.76608 3.53321 4.21162 4.57457 4.67215
-9999 -9999 -9999 -9999 -9999 -9999 -9999 -9999 -0.972517 1.05142 1.48224 1.45473 0.790212 1.10224 3.58547 4.08885 5.40252 6.64666 6.55993 6.10141 5.34931 4.48029 3.13243 1.22491 -0.289785 -0.917646 0.723589 2.33234 2.66864 3.18599 4.25009 4.45601 3.29108 2.1989 2.8191 3.19444 4.61203 4.87441 4.60423 3.44439 2.11767 1.42739 2.25248 2.36695 2.42107 2.43576 2.41842 2.3962 3.32338 3.83679 4.19447 4.39151 4.72973 4.82001 4.8523 4.88295 4.88188 4.86964 4.82195 4.76707 4.50857 4.19463 3.04535 2.08808 1.49312 0.736574 2.45864 2.97621 3.69449 4.15853 4.51954 4.6027
