Test_Spring_2018/01_18/Temp/20180111_021.txt
ncols	170
nrows	115
xllcorner	350000.000000
yllcorner	4445000.000000
cellsize	1000.000000
nodata_value	-9999.000000
[rows 32 to 63 of 115, columns 72 to 143 of 170]
9.18281 8.88927 9.33628 9.74782 9.5051 9.33841 10.0187 10.0166 9.78227 9.23477 9.03239 8.8225 8.6928 7.99061 6.02526 4.25315 5.19812 5.2176 4.5591 5.73164 5.10785 3.48529 1.19603 2.43654 2.11079 0.497542 0.0978217 -9999 -9999 -9999 -9999 -9999 -9999 -9999 -9999 -9999 -9999 -9999 -9999 -9999 -9999 -9999 -9999 -9999 -9999 -9999 -9999 -9999 -9999 -9999 -9999 -9999 -9999 -9999 -9999 -9999 -9999 -9999 -9999 -9999 -9999 -9999 -9999 -9999 -9999 -9999 -9999 -9999 -9999 -9999 -9999 -9999
8.79049 8.66295 9.3286 9.31228 9.27481 9.52229 9.9447 10.0268 9.93403 9.6939 9.48561 9.26409 8.70578 7.90286 6.22044 4.20377 3.7441 4.72674 4.77112 4.92668 4.35801 3.64452 2.52993 3.43817 3.7895 2.72491 1.33702 0.442321 -9999 -9999 -9999 -9999 -9999 -9999 -9999 -9999 -9999 -9999 -9999 -9999 -9999 -9999 -9999 -9999 -9999 -9999 -9999 -9999 -9999 -9999 -9999 -9999 -9999 -9999 -9999 -9999 -9999 -9999 -9999 -9999 -9999 -9999 -9999 -9999 -9999 -9999 -9999 -9999 -9999 -9999 -9999 -9999
8.32297 7.67253 8.07281 8.37287 8.93997 9.09127 9.1731 9.96783 9.92339 9.88412 9.5414 9.26671 8.81316 8.04026 6.94096 5.61793 3.31644 4.73088 5.83787 5.80669 5.74323 5.24263 4.17176 5.06317 5.10277 3.7453 2.20483 1.29078 0.911163 -9999 -9999 -9999 -9999 -9999 -9999 -9999 -9999 -9999 -9999 -9999 -9999 -9999 -9999 -9999 -9999 -9999 -9999 -9999 -9999 -9999 -9999 -9999 -9999 -9999 -9999 -9999 -9999 -9999 -9999 -9999 -9999 -9999 -9999 -9999 -9999 -9999 -9999 -9999 -9999 -9999 -9999 -9999
7.79183 6.99799 7.40084 7.93924 8.7037 9.10383 9.40836 9.64453 9.88532 9.85422 9.50345 8.4722 8.32255 8.27521 7.55517 6.04723 4.54126 4.14902 5.83926 6.32111 6.21972 6.59523 5.68774 6.11302 5.93529 5.4541 3.96833 2.61364 2.04884 0.935185 -9999 -9999 -9999 -9999 -9999 -9999 -9999 -9999 -9999 -9999 -9999 -9999 -9999 -9999 -9999 -9999 -9999 -9999 -9999 -9999 -9999 -9999 -9999 -9999 -9999 -9999 -9999 -9999 -9999 -9999 -9999 -9999 -9999 -9999 -9999 -9999 -9999 -9999 -9999 -9999 -9999 -9999
-9999 -9999 6.4947 7.2323 7.84046 8.59089 9.23808 9.55863 9.8698 9.84216 9.14348 8.80027 8.76768 8.29487 7.46402 6.94145 5.99216 5.00329 5.37712 6.81821 6.17336 7.19373 7.10471 7.29027 6.6041 5.31275 3.58337 2.57759 2.07197 1.16894 -9999 -9999 -9999 -9999 -9999 -9999 -9999 -9999 -9999 -9999 -9999 -9999 -9999 -9999 -9999 -9999 -9999 -9999 -9999 -9999 -9999 -9999 -9999 -9999 -9999 -9999 -9999 -9999 -9999 -9999 -9999 -9999 -9999 -9999 -9999 -9999 -9999 -9999 -9999 -9999 -9999 -9999
-9999 -9999 -9999 7.09445 7.55761 8.55326 9.0783 9.28569 9.78898 9.78771 9.52141 9.31954 9.0277 8.6473 8.02204 7.33252 6.43947 6.3542 7.27497 7.2837 7.08818 7.23735 7.70945 7.582 6.52458 4.6996 3.73206 1.77712 0.934233 1.01745 0.418894 -9999 -9999 -9999 -9999 -9999 -9999 -9999 -9999 -9999 -9999 -9999 -9999 2.65902 -9999 -9999 -9999 -9999 -9999 -9999 -9999 -9999 -9999 -9999 -9999 -9999 -9999 -9999 -9999 -9999 -9999 -9999 -9999 -9999 -0.995866 -9999 -9999 -9999 -9999 -9999 -9999 -9999
-9999 -9999 6.99964 7.62357 8.10721 8.73102 8.79625 9.17165 9.75072 9.75681 9.56715 9.35294 8.87476 8.75388 8.39653 7.64807 7.49253 7.7917 7.92807 8.08317 8.17781 8.09666 7.9022 7.65159 6.97299 6.12374 5.55302 3.76154 2.85878 1.98881 0.673365 -0.35652 -9999 -9999 -9999 -9999 -9999 -9999 -9999 1.98181 1.93034 1.95104 2.2364 3.02866 2.55928 -9999 -9999 -9999 -9999 -9999 -9999 -9999 -9999 -9999 -9999 -9999 -9999 -9999 -9999 -9999 -9999 -9999 -9999 -9999 -0.27932 -1.31759 -9999 -9999 -9999 -9999 -9999 -9999
-9999 -9999 7.16749 7.82184 8.14825 8.75442 9.10069 9.33732 9.53679 9.72697 9.69196 9.45512 9.09616 9.0952 8.60157 8.33394 8.14202 8.54767 8.62566 8.45916 8.25116 8.06713 7.5508 7.48929 7.32551 6.78595 5.90129 4.98956 3.68214 1.89766 0.147374 -1.26518 -9999 -9999 -9999 -9999 -9999 -9999 2.12972 2.78711 3.18002 2.3367 3.05276 3.70715 3.60009 2.96272 -9999 -9999 -9999 -9999 -9999 -9999 -9999 -9999 -9999 -9999 -9999 -9999 -9999 -9999 4.63803 3.57395 1.42897 0.327215 -0.335702 -1.28025 -9999 -9999 -9999 -9999 -9999 -9999
-9999 -9999 7.03382 7.80722 8.33104 8.79583 8.86959 9.35062 9.5615 9.6626 9.6477 9.5983 9.52947 9.09811 8.91059 8.26036 8.876 8.84953 8.69013 8.06756 7.79651 6.72985 6.25948 6.15822 7.05204 6.3888 5.00554 3.27655 1.20483 1.06918 0.379584 -0.883316 -9999 -9999 -9999 -9999 -9999 -9999 2.33118 3.03455 3.62142 3.70496 2.86702 4.03175 3.98643 3.33166 3.18147 3.71451 3.98355 3.78357 4.4202 4.60418 4.31251 4.62526 -9999 -9999 -9999 -9999 4.7931 4.83151 4.85932 4.41325 2.07029 0.468554 -0.970347 -1.10875 -9999 -9999 -9999 -9999 -9999 -9999
-9999 -9999 7.56578 8.04231 8.28338 8.32245 8.73969 9.16067 9.42013 9.60345 9.56306 9.54476 9.52521 9.37531 9.03162 9.08925 9.05829 8.85659 7.67326 6.29286 6.891 6.07323 4.3223 5.74716 6.5275 5.77643 4.10081 2.15784 1.52578 1.55164 0.593725 -0.639821 -9999 -9999 -9999 0.406417 1.41403 1.49884 1.79394 2.73289 3.44673 3.98639 4.35211 4.33987 3.95092 3.31064 2.6148 2.86028 4.10675 4.40901 4.66739 4.85831 4.5874 4.7221 5.05232 5.22102 5.25199 5.16923 5.14687 5.16958 5.12505 4.70831 2.61394 1.41208 0.643488 -0.898565 -9999 -9999 -9999 -9999 -9999 -9999
-9999 -9999 7.26165 7.67624 8.0121 8.56964 8.62849 8.98051 9.19252 9.50512 9.53751 9.17054 9.46781 9.42529 9.36528 9.24223 9.06381 8.06403 6.68761 5.30814 4.67016 4.94017 3.88531 4.42816 5.21894 4.93213 3.90274 2.17171 1.92616 1.52614 -0.0809837 -1.63024 -9999 -9999 -1.55301 0.383154 1.74552 2.44676 2.66196 2.68013 3.58021 3.6488 4.61848 4.39 3.10395 3.24685 2.74822 3.07055 3.52516 3.64882 4.30848 4.93967 5.05635 5.05591 5.26496 5.3049 5.31216 5.3024 5.15387 5.21517 5.22051 4.95877 3.43835 2.69434 1.87455 -0.880364 -9999 -9999 -9999 -9999 -9999 -9999
-9999 -9999 7.46983 7.93338 8.44095 8.52347 8.89929 8.86245 8.75847 9.2806 9.47267 9.21259 9.02408 9.36098 9.33336 9.28414 9.20579 8.26592 7.17917 5.53596 4.5143 3.88991 3.44569 2.85591 3.26149 3.13601 2.96813 3.15862 2.68484 1.73794 0.794979 -0.966423 -1.92175 -9999 -1.45002 -0.578434 1.04237 2.41946 3.29265 2.97466 3.99849 4.18663 4.77733 4.42812 3.64709 3.30927 3.27799 3.17414 3.86404 4.33037 4.65965 4.87649 5.14705 5.21339 5.27976 5.30519 5.31706 5.32886 5.3208 5.31062 5.27505 5.17349 4.47159 3.72846 2.12933 -0.789681 -9999 -9999 -9999 -9999 -9999 -9999
-9999 6.11412 7.41415 8.19153 8.49299 8.71066 8.90236 9.04092 9.18903 9.32521 9.41673 9.37574 8.69179 8.74328 8.86133 9.24324 9.21167 9.1233 8.52756 6.52867 5.83696 4.82677 3.51974 2.97589 3.24775 4.31709 4.2685 3.55892 2.76802 1.67783 0.983339 -0.098802 -2.17282 -1.99048 -1.06151 -0.37128 0.728929 2.41287 3.59254 4.11743 4.31419 4.72802 4.9424 4.46362 4.00935 3.81738 3.46297 3.4121 3.41376 3.83032 4.15736 4.88315 5.12448 5.23297 5.2866 5.31361 5.33193 5.34958 5.35263 5.3339 5.32964 5.31881 5.26212 4.2749 1.81121 -0.0453977 -9999 -9999 -9999 -9999 -9999 -9999
-9999 -9999 7.17221 7.51482 7.60523 7.76257 8.08353 8.45314 8.97911 9.0454 9.33193 9.32912 8.74072 8.05958 8.645 8.87491 9.11357 9.11699 9.03726 7.3568 6.47693 5.78417 4.53092 4.98421 5.41251 5.44454 5.18517 3.66506 2.15089 0.407593 -1.2246 -1.30522 -2.18411 -1.72323 -1.11105 0.467133 1.57666 2.02441 2.34525 4.05771 4.50134 4.65193 5.08912 4.48859 4.33645 3.88538 4.01837 3.97829 3.98023 2.73274 3.98511 4.0576 4.87069 5.23652 5.31635 5.3355 5.35575 5.3554 5.35557 5.347 5.35019 5.33248 5.31247 4.66863 1.54748 -0.0229631 -9999 -9999 -9999 -9999 -9999 -9999
-9999 -9999 -9999 -9999 7.2813 7.54302 7.711 8.0007 8.88925 9.12699 9.28401 9.2953 9.03107 8.35811 8.17726 8.29568 7.6375 8.18064 8.92561 8.90397 8.81075 7.33424 6.58105 7.31072 7.08821 5.97932 5.10653 4.24499 2.4726 1.17722 -0.692913 -2.09825 -2.15415 -0.609528 0.673215 2.27016 2.97251 2.56644 2.99846 3.84723 4.81234 5.27802 5.16574 4.53282 4.444 3.74912 4.43068 4.48864 4.17102 3.89643 4.00739 4.40926 4.56145 5.1969 5.34873 5.3735 5.37458 5.373 5.36568 5.35715 5.34349 5.33122 5.31661 5.28216 2.07391 -0.423911 -9999 -9999 -9999 -9999 -9999 -9999
-9999 -9999 -9999 -9999 6.66504 6.82507 7.24337 8.31552 8.87882 9.10465 9.09557 9.19824 9.01113 8.41793 7.80874 7.23341 6.4929 6.9101 8.02061 8.67435 8.74654 7.45198 8.12573 7.87322 7.37635 5.92633 4.85764 4.29081 2.58935 1.13475 -0.110001 -1.82843 -1.09742 -0.292477 0.742028 2.48514 3.65963 4.13988 3.72971 4.2712 5.38214 5.38601 4.77499 4.81318 4.44173 3.49249 4.4796 4.75721 4.53301 4.59089 4.50922 4.65821 4.93013 5.18973 5.36118 5.38163 5.38079 5.37083 5.36586 5.36116 5.34338 5.33868 5.32396 5.30193 3.22904 -0.47171 -9999 -9999 -9999 -9999 -9999 -9999
-9999 -9999 -9999 -9999 -9999 6.10569 7.05877 8.48179 8.83704 8.80416 9.09647 9.11977 8.83409 8.58508 7.84625 6.83789 4.90495 5.3924 6.4143 7.8899 8.66448 8.55762 8.1263 7.37462 5.557 3.96639 3.77299 3.5123 2.27051 1.15076 -0.232786 0.565417 1.43952 2.39563 2.89601 2.76109 3.76693 4.58634 4.23297 4.8979 5.67462 5.31871 5.10774 4.93085 4.50161 4.47514 4.51962 5.08028 4.69223 4.93064 4.93859 4.92428 5.05594 5.20722 5.36569 5.38902 5.38569 5.38406 5.36058 5.36195 5.34723 5.33246 5.31839 5.29862 5.10592 3.10954 1.91491 -9999 -9999 -9999 -9999 -9999
-9999 -9999 -9999 -9999 -9999 5.22645 5.70226 7.38736 7.9097 8.65323 9.04703 9.06324 8.58288 8.31346 7.2145 6.85508 5.06657 4.25551 4.93755 4.67212 6.70558 8.5052 8.1141 4.47657 3.15886 2.219 2.46007 2.46205 2.11606 0.208568 -0.319533 1.38812 2.46205 3.29304 3.92223 4.05007 4.02414 5.30797 5.47568 5.89077 5.79683 5.83314 5.18088 4.77697 5.12796 4.72193 4.65237 5.23156 4.66103 5.17707 5.1182 4.96252 4.95325 5.2915 5.35804 5.39133 5.3897 5.37213 5.35009 5.33532 5.3409 5.33016 5.30565 5.30099 5.27696 5.03382 3.99876 3.63395 4.02828 -9999 -9999 -9999
-9999 -9999 -9999 -9999 -9999 -9999 4.13028 6.47171 7.54329 8.10448 8.89432 8.98775 8.73132 8.26747 7.1482 6.16313 4.56396 2.7382 1.77167 4.65633 7.1671 8.47684 8.30551 5.27739 4.08208 4.02631 4.72969 4.1356 3.6848 2.23585 1.80056 1.19571 1.56461 2.72424 3.67043 4.58266 5.24459 5.2947 5.72268 5.96868 5.98599 6.06118 5.98263 5.91865 5.29054 5.7234 5.35522 5.55031 5.42461 5.31115 5.21564 4.85581 5.1083 5.33128 5.38689 5.40104 5.38383 5.37635 5.36189 5.33538 5.32114 5.31411 5.30638 5.28931 5.28368 5.26618 5.14567 4.52119 3.68704 2.63464 -9999 -9999
-9999 -9999 -9999 -9999 -9999 -9999 2.95949 5.28925 6.41379 7.85786 8.6002 8.90003 8.85753 8.48112 7.62989 6.35017 5.28327 3.24572 1.13034 4.15882 6.85875 8.3137 8.38933 5.84712 6.55179 5.98129 6.21089 5.16689 4.73284 4.39242 3.64154 2.82015 1.92118 1.4441 3.57288 4.66393 5.54093 5.95216 6.18278 6.29592 6.23126 6.06938 5.12023 5.84033 5.80098 5.72818 5.64514 5.60486 5.52986 5.44157 5.39162 5.37218 5.13248 5.40035 5.39092 5.39148 5.38902 5.37758 5.35918 5.34199 5.32167 5.31746 5.30287 5.28806 5.27623 5.2667 5.25398 5.21509 5.04587 3.63411 2.78814 2.54909
-9999 -9999 -9999 -9999 -9999 -9999 -0.315377 3.07361 5.79956 7.22101 8.37737 8.6933 8.80943 8.30563 7.92764 7.00933 6.13937 4.79938 2.79437 1.55861 3.82659 7.12264 8.34053 8.2474 8.17046 7.51071 6.91619 6.84061 6.88458 6.19566 5.18658 3.86836 3.4553 2.99095 4.5757 4.78733 4.66723 6.40922 6.40896 6.30558 5.63358 4.88524 5.02454 4.56134 4.91491 4.3617 4.86825 5.30621 5.46946 5.45532 5.399 5.38973 5.36197 5.40566 5.40227 5.39153 5.38196 5.37447 5.36301 5.33734 5.32012 5.32155 5.30398 5.28805 5.27292 5.26549 5.25666 5.22662 5.19909 4.97828 4.6487 4.02542
-9999 -9999 -9999 -9999 -9999 -9999 -0.171878 2.68155 5.09853 6.54782 7.94027 8.26152 8.72932 8.62465 8.22902 7.43041 6.43345 5.33004 3.60948 2.32992 3.84433 6.03419 7.60021 8.16419 8.16117 8.12247 7.97254 7.90943 7.73513 7.614 6.88989 5.64466 4.9395 3.90835 5.67491 5.86972 5.5888 6.46797 6.41941 5.07941 4.04839 3.91683 4.54418 3.94576 3.83965 3.46896 3.88703 5.00975 4.67923 4.74329 5.25478 5.3373 5.38779 5.39999 5.3937 5.38802 5.3756 5.37261 5.3691 5.34395 5.32921 5.31895 5.29382 5.2872 5.26837 5.25252 5.23892 5.22056 5.19507 5.12909 5.05658 5.12439
-9999 -9999 -9999 -9999 -9999 -9999 -0.118714 1.80397 3.97868 6.11304 7.60006 8.19834 8.63292 8.62515 8.16592 7.76717 7.14085 6.16976 5.50254 4.34712 2.763 5.41038 6.22378 6.95096 7.25341 8.00835 7.98887 7.64149 7.24495 7.61652 7.50505 6.51867 6.19236 5.64294 6.62395 6.6225 6.59118 6.53426 5.40153 3.82877 2.57105 3.46981 3.27809 3.69408 2.40945 3.46183 4.31016 4.58464 4.00825 3.57863 4.90541 5.12176 5.25021 5.33142 5.38354 5.36701 5.37684 5.36488 5.35641 5.34719 5.33059 5.31829 5.30127 5.284 5.27027 5.25604 5.23602 5.21166 5.20585 5.16922 5.15213 5.13762
-9999 -9999 -9999 -9999 -9999 -9999 -9999 0.66727 3.42472 5.88579 7.25496 8.11496 8.53238 8.52177 8.28539 8.01351 7.62374 6.92209 6.04171 4.65287 3.62118 4.27093 5.06814 5.15995 5.68798 7.2227 7.74616 7.00111 5.16449 6.249 7.45745 7.43543 7.32948 7.21097 7.06108 6.92412 6.62864 5.84358 3.44679 2.97064 2.02821 2.13133 1.64656 2.7004 2.30586 3.38429 3.85077 4.02598 3.02556 3.23912 4.41006 4.8728 4.79355 5.07632 5.34648 5.35224 5.35646 5.34544 5.34697 5.34448 5.33504 5.31699 5.30278 5.29096 5.26696 5.26343 5.16965 5.10723 4.98565 5.12652 5.13639 5.13932
-9999 -9999 -9999 -9999 -9999 -9999 -9999 0.115835 2.86699 5.76543 6.69456 7.62175 8.42137 8.43404 8.07461 7.73242 7.37992 6.97903 5.91213 4.87756 3.88989 3.55646 3.75209 3.74243 4.59755 6.5972 6.9831 6.81627 4.89909 4.24688 5.86183 7.21851 7.32279 7.19657 5.59385 5.93109 5.06463 3.89067 3.56485 3.04895 1.96299 2.48061 1.68463 2.02169 1.93492 2.54609 2.84318 3.57091 2.69856 2.7046 3.85402 4.43331 4.44567 5.05335 5.26817 5.32215 5.33313 5.33972 5.33834 5.34367 5.33359 5.32004 5.30352 5.26976 5.19577 4.98099 3.81846 3.81556 4.12903 4.42564 4.97043 5.11811
-9999 -9999 -9999 -9999 -9999 -9999 -9999 0.430303 2.33867 4.91007 6.81408 6.93139 7.85546 8.33091 7.9404 7.50095 7.05132 6.85282 5.69213 4.4176 3.38736 2.16867 2.36621 3.23664 4.6709 5.96176 6.1911 5.92209 4.89634 5.3804 6.48091 7.06396 7.23388 7.09495 6.7434 6.53876 5.89987 5.62091 4.73483 3.35144 2.8045 3.14541 1.67745 1.77696 2.31604 1.74542 2.69194 3.14393 2.01763 2.91208 3.92907 4.44789 4.90107 5.11416 5.19734 5.32611 5.32629 5.33379 5.33598 5.32998 5.32566 5.29989 5.27772 5.1503 4.96453 3.88113 3.43037 3.51429 4.00894 4.44169 4.89463 5.07764
-9999 -9999 -9999 -9999 -9999 -9999 -9999 0.751836 2.46962 4.69872 6.05541 6.29598 7.32095 8.23189 8.12669 7.66967 7.52817 7.05453 6.06974 4.98242 3.79439 3.21542 1.88831 3.18968 4.22798 5.32068 5.83084 4.98908 4.56203 5.31181 6.05707 6.35309 7.10551 7.09538 6.84614 5.78177 5.26098 5.47628 5.25054 4.85782 3.9047 3.85919 3.24603 2.99046 2.74912 1.97858 2.47089 2.51819 2.65019 3.72329 4.25138 4.60066 4.91801 4.99934 5.13556 5.31294 5.32553 5.32846 5.32386 5.32324 5.30579 5.25016 5.20251 4.95092 4.50892 3.688 2.36385 3.29251 4.2639 4.54915 4.83038 4.97349
-9999 -9999 -9999 -9999 -9999 -9999 -9999 0.454701 2.27942 4.18402 4.97877 5.11142 6.96863 8.10457 8.10342 7.88512 7.63062 6.46563 6.53064 6.29516 5.22323 3.66334 1.95058 2.10839 3.12999 4.57759 5.05384 3.65942 3.16285 3.52394 4.65199 5.66137 6.71529 6.98074 6.66762 5.01263 3.25401 4.06486 4.93146 4.92337 4.66494 3.78098 3.4983 3.24228 2.59694 1.50842 1.67095 1.97123 3.1896 3.57205 4.16419 4.65546 4.46666 4.57279 5.04221 5.31012 5.317 5.31829 5.32347 5.31332 5.29307 5.18668 5.07418 4.88821 3.74302 3.02931 1.99263 3.19306 3.85391 4.20398 4.8329 4.97965
-9999 -9999 -9999 -9999 -9999 -9999 -9999 -0.115015 1.20833 3.02848 3.76037 4.92931 6.68413 7.54563 7.95694 7.94466 7.774 7.25061 6.93471 6.31531 5.20038 3.67705 1.98416 0.881241 1.43805 3.39061 3.85162 2.56282 1.90442 2.71875 3.92098 5.70229 6.71875 6.85339 6.75811 6.41433 5.12953 3.57789 3.57995 4.3534 3.70052 2.94228 3.35478 3.27514 2.6379 2.17379 1.89743 2.07124 2.76596 3.05018 3.73445 4.74552 4.88797 4.85632 5.28008 5.29823 5.30483 5.31739 5.31316 5.30538 5.28858 5.20117 5.01035 4.24678 3.58038 2.65492 2.53683 3.60537 4.06723 4.49962 4.80592 4.90283
-9999 -9999 -9999 -9999 -9999 -9999 -9999 -1.09295 0.464272 2.169 3.76494 5.2746 6.57341 6.67092 7.35438 7.35033 7.7069 7.6007 7.11538 6.59328 5.63229 3.67628 2.03116 0.237345 0.706958 2.69393 2.96144 2.0947 0.495487 2.14142 3.95674 5.60162 6.49064 5.78829 6.50185 6.43981 5.95642 5.03148 3.59512 3.61915 2.54208 2.49244 3.04124 3.2176 3.12313 2.77412 2.22079 2.31943 2.74137 2.84595 3.47447 4.2581 5.02405 5.15025 5.29378 5.29684 5.29584 5.30429 5.30216 5.28235 5.23912 5.14799 4.50736 3.74619 3.27571 2.62972 2.54774 3.77683 4.26649 4.53707 4.80108 4.90266
-9999 -9999 -9999 -9999 -9999 -9999 -9999 -9999 0.300108 2.0612 3.3635 3.71192 4.86593 5.48757 5.96786 6.07181 7.44832 7.52122 7.21242 6.73264 5.91264 4.42774 3.39237 1.67166 0.434153 0.947252 1.18908 1.64028 1.50377 2.23624 3.98046 5.79767 5.99315 4.83369 5.00173 5.24044 5.77945 5.50119 3.54523 2.55001 1.72347 2.30562 2.91828 3.06454 3.09178 2.97055 2.83431 2.60477 3.42531 4.0317 4.17013 4.69832 5.08743 5.19262 5.27099 5.27776 5.28459 5.28124 5.2548 5.23454 5.13236 4.90801 4.19198 2.47543 2.55139 2.3621 1.8253 3.02414 3.78497 4.46064 4.81759 4.90645
-9999 -9999 -9999 -9999 -9999 -9999 -9999 -9999 -0.291404 1.74653 2.17453 2.13931 1.46033 1.76811 4.26988 4.77103 6.09098 7.34073 7.24566 6.77494 6.0076 5.12214 3.75285 1.81802 0.280139 -0.362567 1.29178 2.91522 3.2475 3.76265 4.83025 5.0306 3.84567 2.73422 3.35313 3.72461 5.1493 5.40669 5.12596 3.94628 2.59801 1.89288 2.71906 2.82717 2.87431 2.8816 2.85425 2.82304 3.75473 4.26552 4.6189 4.80988 5.14347 5.22645 5.25077 5.27337 5.26385 5.24298 5.18621 5.12209 4.85212 4.52604 3.35574 2.37935 1.76898 0.995222 2.72601 3.23506 3.94594 4.40571 4.76071 4.83499
