Test_Spring_2018/01_18/Temp/20180101_006.txt
ncols	170
nrows	115
xllcorner	350000.000000
yllcorner	4445000.000000
cellsize	1000.000000
nodata_value	-9999.000000
[rows 31 to 61 of 115, columns 70 to 139 of 170]
4.31739 4.92136 5.14006 4.71045 4.74809 5.7894 6.0211 6.00387 5.94789 5.8489 5.36265 5.19756 4.81273 4.1374 3.85141 2.65291 -1.21099 -0.123711 0.298841 -0.823907 -0.202561 0.811637 -0.0747906 -2.70186 -3.83244 -5.65306 -5.0591 -5.58171 -7.04542 -9999 -9999 -9999 -9999 -9999 -9999 -9999 -9999 -9999 -9999 -9999 -9999 -9999 -9999 -9999 -9999 -9999 -9999 -9999 -9999 -9999 -9999 -9999 -9999 -9999 -9999 -9999 -9999 -9999 -9999 -9999 -9999 -9999 -9999 -9999 -9999 -9999 -9999 -9999 -9999 -9999
4.43205 4.70455 4.67242 4.25817 4.88457 5.46139 5.14003 4.93056 5.89473 5.89213 5.563 4.79347 4.5084 4.21253 4.02915 3.04151 0.279525 -2.21068 -0.883479 -0.855801 -1.77982 -0.130782 -1.00437 -3.28017 -6.49177 -4.74405 -5.19605 -7.43169 -7.98601 -9999 -9999 -9999 -9999 -9999 -9999 -9999 -9999 -9999 -9999 -9999 -9999 -9999 -9999 -9999 -9999 -9999 -9999 -9999 -9999 -9999 -9999 -9999 -9999 -9999 -9999 -9999 -9999 -9999 -9999 -9999 -9999 -9999 -9999 -9999 -9999 -9999 -9999 -9999 -9999 -9999
3.65893 4.34851 4.12822 3.94687 4.88015 4.85566 4.8231 5.19506 5.79707 5.91273 5.78251 5.44491 5.15175 4.83977 4.05452 2.92563 0.561316 -2.2723 -2.91825 -1.53752 -1.47421 -1.25399 -2.05041 -3.04947 -4.61124 -3.33069 -2.83194 -4.31175 -6.23985 -7.4711 -9999 -9999 -9999 -9999 -9999 -9999 -9999 -9999 -9999 -9999 -9999 -9999 -9999 -9999 -9999 -9999 -9999 -9999 -9999 -9999 -9999 -9999 -9999 -9999 -9999 -9999 -9999 -9999 -9999 -9999 -9999 -9999 -9999 -9999 -9999 -9999 -9999 -9999 -9999 -9999
2.61999 3.80836 3.47788 2.56179 3.12213 3.54199 4.3816 4.60356 4.71917 5.83604 5.77377 5.7185 5.23665 4.85015 4.21223 3.12564 1.58061 -0.278524 -3.51186 -1.52459 0.0313654 -0.0109061 -0.0977787 -0.797966 -2.29853 -1.04181 -0.98116 -2.87068 -4.99359 -6.27381 -6.80371 -9999 -9999 -9999 -9999 -9999 -9999 -9999 -9999 -9999 -9999 -9999 -9999 -9999 -9999 -9999 -9999 -9999 -9999 -9999 -9999 -9999 -9999 -9999 -9999 -9999 -9999 -9999 -9999 -9999 -9999 -9999 -9999 -9999 -9999 -9999 -9999 -9999 -9999 -9999
-9999 3.05595 2.73758 1.62001 2.18395 2.93866 4.03729 4.62523 5.05541 5.38777 5.72635 5.6827 5.18968 3.74048 3.52956 3.46227 2.45002 0.331071 -1.78479 -2.33566 0.0395205 0.717837 0.577579 1.10805 -0.163031 0.43888 0.194284 -0.473456 -2.52767 -4.40967 -5.19953 -6.76104 -9999 -9999 -9999 -9999 -9999 -9999 -9999 -9999 -9999 -9999 -9999 -9999 -9999 -9999 -9999 -9999 -9999 -9999 -9999 -9999 -9999 -9999 -9999 -9999 -9999 -9999 -9999 -9999 -9999 -9999 -9999 -9999 -9999 -9999 -9999 -9999 -9999 -9999
-9999 -9999 -9999 -9999 0.916443 1.97596 2.83727 3.90967 4.82162 5.27273 5.71038 5.67175 4.69011 4.20752 4.16104 3.496 2.32797 1.59312 0.259108 -1.13005 -0.604326 1.42142 0.517666 1.95407 1.83289 2.09824 1.13969 -0.646363 -3.06308 -4.45417 -5.16044 -6.42561 -9999 -9999 -9999 -9999 -9999 -9999 -9999 -9999 -9999 -9999 -9999 -9999 -9999 -9999 -9999 -9999 -9999 -9999 -9999 -9999 -9999 -9999 -9999 -9999 -9999 -9999 -9999 -9999 -9999 -9999 -9999 -9999 -9999 -9999 -9999 -9999 -9999 -9999
-9999 -9999 -9999 -9999 -9999 1.78733 2.44515 3.84456 4.60225 4.89469 5.60246 5.60103 5.22688 4.94285 4.5321 3.99672 3.11728 2.14765 0.89239 0.772348 2.06625 2.07972 1.8072 2.01988 2.68722 2.51326 1.03649 -1.50235 -2.85549 -5.57222 -6.75154 -6.63053 -7.46811 -9999 -9999 -9999 -9999 -9999 -9999 -9999 -9999 -9999 -9999 -9999 -9999 -4.38197 -9999 -9999 -9999 -9999 -9999 -9999 -9999 -9999 -9999 -9999 -9999 -9999 -9999 -9999 -9999 -9999 -9999 -9999 -9999 -9999 -9.72776 -9999 -9999 -9999
-9999 -9999 -9999 -9999 1.63533 2.54148 3.222 4.0996 4.20847 4.73959 5.55411 5.56319 5.29675 4.99533 4.32263 4.15157 3.64816 2.59536 2.37579 2.79552 2.98727 3.20627 3.34143 3.23079 2.96215 2.61576 1.68975 0.503527 -0.29112 -2.79483 -4.04023 -5.25729 -7.10108 -8.54485 -9999 -9999 -9999 -9999 -9999 -9999 -9999 -5.28676 -5.36819 -5.34905 -4.95877 -3.85688 -4.5277 -9999 -9999 -9999 -9999 -9999 -9999 -9999 -9999 -9999 -9999 -9999 -9999 -9999 -9999 -9999 -9999 -9999 -9999 -9999 -8.72407 -10.1932 -9999 -9999
-9999 -9999 -9999 -9999 1.90295 2.82364 3.28397 4.13746 4.62581 4.97721 5.25876 5.52664 5.47747 5.14412 4.63865 4.63566 3.94036 3.56256 3.29143 3.86035 3.96985 3.73697 3.44707 3.19222 2.47196 2.39196 2.18886 1.43888 0.204501 -1.06781 -2.87539 -5.37595 -7.82952 -9.80992 -9999 -9999 -9999 -9999 -9999 -9999 -5.05908 -4.14455 -3.60271 -4.79844 -3.80428 -2.89728 -3.06032 -3.96336 -9999 -9999 -9999 -9999 -9999 -9999 -9999 -9999 -9999 -9999 -9999 -9999 -9999 -9999 -1.78123 -3.28495 -6.30733 -7.86458 -8.80583 -10.1433 -9999 -9999
-9999 -9999 -9999 -9999 1.71749 2.80619 3.54464 4.2003 4.30654 4.98674 5.29849 5.44136 5.42045 5.35022 5.25197 4.64388 4.37803 3.46216 4.32493 4.28636 4.06207 3.1884 2.81006 1.31569 0.660638 0.543961 1.80815 0.885828 -1.04745 -3.46625 -6.35029 -6.52982 -7.49206 -9.26112 -9999 -9999 -9999 -9999 -9999 -9999 -4.76315 -3.78498 -2.97177 -2.86668 -4.05687 -2.43427 -2.50645 -3.44153 -3.66784 -2.93429 -2.57139 -2.85755 -1.9804 -1.73632 -2.15969 -1.73315 -9999 -9999 -9999 -9999 -1.54929 -1.50398 -1.4734 -2.10861 -5.40883 -7.66825 -9.69952 -9.90958 -9999 -9999
-9999 -9999 -9999 -9999 2.46652 3.13906 3.48118 3.53965 4.1292 4.72578 5.10473 5.36824 5.31089 5.28361 5.25376 5.04018 4.55406 4.6318 4.58552 4.30025 2.63718 0.698742 1.54145 0.394512 -2.04459 -0.0318948 1.0743 0.0301994 -2.31207 -5.0297 -5.88998 -5.84166 -7.17941 -8.90005 -9999 -9999 -9999 -7.42826 -6.0177 -5.90559 -5.49996 -4.19151 -3.20065 -2.46109 -1.96177 -1.97932 -2.55122 -3.46723 -4.46135 -4.13297 -2.39809 -1.9892 -1.6351 -1.38206 -1.77688 -1.60289 -1.15093 -0.924907 -0.891458 -1.01699 -1.05705 -1.03341 -1.10409 -1.69775 -4.64708 -6.34455 -7.43409 -9.62767 -9999 -9999
-9999 -9999 -9999 -9999 2.04397 2.63007 3.10583 3.89873 3.98508 4.48266 4.78509 5.23461 5.27932 4.76184 5.1765 5.11308 5.02475 4.84791 4.59384 3.18692 1.2523 -0.684865 -1.5784 -1.18298 -2.65706 -1.88293 -0.761275 -1.15154 -2.57304 -4.99198 -5.32452 -5.86081 -8.10893 -10.2787 -9999 -9999 -10.1634 -7.44609 -5.5374 -4.55983 -4.26721 -4.25324 -3.0019 -2.91982 -1.57277 -1.89642 -3.72872 -3.54529 -4.27125 -3.83617 -3.21858 -3.06113 -2.14329 -1.273 -1.12348 -1.13737 -0.855829 -0.810695 -0.810412 -0.833114 -1.05006 -0.971781 -0.971973 -1.3475 -3.49164 -4.54572 -5.71118 -9.60287 -9999 -9999
-9999 -9999 -9999 -9999 2.34534 3.00122 3.71894 3.83929 4.37117 4.32195 4.18083 4.91556 5.19226 4.82451 4.55613 5.02499 4.98137 4.90747 4.79328 3.47 1.94201 -0.365674 -1.79797 -2.65989 -3.27512 -4.07916 -3.49709 -3.66013 -3.8822 -3.60067 -4.24928 -5.55287 -6.86725 -9.33361 -10.6701 -9999 -10.0041 -8.78221 -6.51067 -4.58418 -3.36797 -3.8272 -2.40314 -2.15435 -1.32942 -1.83678 -2.96048 -3.45864 -3.52103 -3.68519 -2.73394 -2.10427 -1.65192 -1.36373 -0.998959 -0.919364 -0.838394 -0.813605 -0.806655 -0.798753 -0.817937 -0.839629 -0.896835 -1.04695 -2.04093 -3.09704 -5.35347 -9.47521 -9999 -9999
-9999 -9999 -9999 0.421825 2.26814 3.36585 3.79489 4.10587 4.37973 4.57807 4.7909 4.9834 5.11165 5.05698 4.09196 4.15916 4.31936 4.85036 4.80122 4.67363 3.83513 1.02775 0.0666133 -1.33483 -3.1601 -3.91 -3.51427 -1.99724 -2.05006 -3.03126 -4.12698 -5.63175 -6.59157 -8.1025 -11.01 -10.7502 -9.44451 -8.47732 -6.93731 -4.58022 -2.93418 -2.21023 -1.94907 -1.37492 -1.09059 -1.7865 -2.45169 -2.74105 -3.25854 -3.34936 -3.36597 -2.79914 -2.35168 -1.35665 -1.03319 -0.894669 -0.831676 -0.804598 -0.788349 -0.771878 -0.775046 -0.808288 -0.821082 -0.843358 -0.933355 -2.32912 -5.80626 -8.43516 -9999 -9999
-9999 -9999 -9999 -9999 1.92951 2.41728 2.55061 2.77749 3.23347 3.75676 4.50057 4.59478 4.9967 4.99072 4.16305 3.20035 4.0164 4.33319 4.66309 4.66401 4.55017 2.20191 0.972412 0.00858765 -1.74006 -1.08796 -0.471115 -0.409878 -0.75735 -2.8757 -4.98599 -7.40743 -9.68752 -9.79017 -11.0139 -10.3629 -9.50194 -7.28731 -5.73439 -5.11428 -4.6753 -2.28381 -1.66985 -1.47893 -0.883136 -1.746 -1.98753 -2.64194 -2.47576 -2.5524 -2.56953 -4.34117 -2.595 -2.5116 -1.38637 -0.892006 -0.792086 -0.775928 -0.756722 -0.765208 -0.772028 -0.790602 -0.792554 -0.82606 -0.86622 -1.78047 -6.17595 -8.40266 -9999 -9999
-9999 -9999 -9999 -9999 -9999 -9999 2.09848 2.47247 2.71391 3.1252 4.3784 4.71341 4.93317 4.94642 4.57096 3.62129 3.36032 3.51995 2.58954 3.35099 4.39996 4.37345 4.24956 2.18545 1.14181 2.18152 1.88517 0.344755 -0.863331 -2.0554 -4.52732 -6.31895 -8.93244 -10.8953 -10.9653 -8.79014 -6.98568 -4.74467 -3.76387 -4.34351 -3.74876 -2.56917 -1.22956 -0.593215 -0.770053 -1.6792 -1.83237 -2.83015 -1.89415 -1.83383 -2.30058 -2.70616 -2.56435 -2.01876 -1.82233 -0.945195 -0.745467 -0.723656 -0.731167 -0.741099 -0.758126 -0.776338 -0.804706 -0.829829 -0.859133 -0.917407 -5.4354 -8.9648 -9999 -9999
-9999 -9999 -9999 -9999 -9999 -9999 1.23586 1.46724 2.0605 3.57105 4.36729 4.68543 4.67163 4.81295 4.54549 3.70624 2.84391 2.02865 0.983598 1.5673 3.12811 4.05063 4.15952 2.35152 3.31301 2.97361 2.29252 0.273571 -1.20904 -1.98644 -4.35808 -6.37307 -8.10758 -10.5099 -9.47415 -8.33789 -6.88283 -4.436 -2.79205 -2.12714 -2.71448 -1.96821 -0.424105 -0.436908 -1.31483 -1.28171 -1.8323 -3.18793 -1.82322 -1.45483 -1.79082 -1.72976 -1.85915 -1.66912 -1.30473 -0.955734 -0.728485 -0.711245 -0.72224 -0.743754 -0.757285 -0.771245 -0.803388 -0.817873 -0.8474 -0.888361 -3.81157 -9.03084 -9999 -9999
-9999 -9999 -9999 -9999 -9999 -9999 -9999 0.45999 1.80445 3.80778 4.31162 4.26612 4.6755 4.70509 4.29896 3.94305 2.89826 1.47483 -1.24568 -0.563239 0.873238 2.95048 4.04631 3.90704 3.31636 2.27598 -0.260292 -2.47656 -2.7294 -3.07662 -4.80244 -6.34704 -8.27654 -7.14353 -5.9068 -4.55824 -3.85357 -4.04522 -2.63814 -1.49616 -2.00453 -1.0849 -0.0103786 -0.528709 -0.844768 -1.11393 -1.74584 -1.80534 -1.76501 -0.999188 -1.56552 -1.25102 -1.25469 -1.29417 -1.12689 -0.93009 -0.721078 -0.69975 -0.713824 -0.723729 -0.763548 -0.768437 -0.79635 -0.825078 -0.853824 -0.891756 -1.17386 -3.99889 -5.69185 -9999
-9999 -9999 -9999 -9999 -9999 -9999 -9999 -0.771794 -0.0980781 2.27314 3.01149 4.05644 4.6082 4.6277 3.94803 3.56496 2.01407 1.5021 -1.0157 -2.15647 -1.19727 -1.56572 1.29861 3.83753 3.3032 -1.79143 -3.62569 -4.92812 -4.57101 -4.54968 -5.01755 -7.66911 -8.39734 -5.98718 -4.47013 -3.29762 -2.41221 -2.23452 -2.27696 -0.48267 -0.258539 0.310279 0.161913 0.194795 -0.740957 -1.32882 -0.864532 -1.45706 -1.57678 -0.784772 -1.60732 -0.902667 -1.00003 -1.238 -1.26859 -0.809044 -0.729125 -0.69378 -0.705969 -0.73815 -0.775788 -0.803995 -0.80357 -0.826821 -0.870427 -0.887313 -0.932608 -1.29484 -2.76366 -3.29157
-9999 -9999 -9999 -9999 -9999 -9999 -9999 -9999 -2.30338 0.989421 2.49908 3.28761 4.39555 4.52349 4.16482 3.5053 1.92532 0.534861 -1.71655 -4.28397 -5.63838 -1.58159 1.95311 3.80352 3.57744 -0.661726 -2.32476 -2.38604 -1.38037 -2.19734 -2.81345 -4.82145 -5.42019 -6.25942 -5.73347 -4.09599 -2.76831 -1.48957 -0.565668 -0.504311 0.0850359 0.417849 0.426232 0.514237 0.38497 0.27516 -0.635621 -0.0491436 -0.587869 -0.334997 -0.532236 -0.711522 -0.859801 -1.38423 -1.04684 -0.749053 -0.684397 -0.677802 -0.710882 -0.729104 -0.756365 -0.800291 -0.829727 -0.848037 -0.86831 -0.90281 -0.922372 -0.967795 -1.15178 -2.04433
-9999 -9999 -9999 -9999 -9999 -9999 -9999 -9999 -3.94505 -0.669183 0.914592 2.9431 3.98966 4.41332 4.34668 3.81059 2.60776 0.803984 -0.699176 -3.56371 -6.53501 -2.27636 1.52783 3.58167 3.70023 0.144171 1.14912 0.363536 0.702349 -0.748013 -1.34199 -1.79356 -2.83684 -3.98134 -5.23099 -5.90146 -2.9109 -1.38111 -0.155005 0.41391 0.726454 0.871627 0.768557 0.523462 -0.828052 0.164414 0.0812811 -0.0417927 -0.179211 -0.256285 -0.381655 -0.524992 -0.608409 -0.654165 -1.00783 -0.648292 -0.677161 -0.686941 -0.699558 -0.72368 -0.756897 -0.788175 -0.824039 -0.842713 -0.872391 -0.903876 -0.932208 -0.96668 -0.999036 -1.06867
-9999 -9999 -9999 -9999 -9999 -9999 -9999 -9999 -8.54235 -3.77909 0.0621349 2.05764 3.68936 4.12774 4.2846 3.57027 3.03301 1.73766 0.51176 -1.37242 -4.18846 -5.92133 -2.72758 1.91151 3.63915 3.52223 3.42782 2.51539 1.6949 1.60333 1.6792 0.737127 -0.660203 -2.50524 -3.08509 -3.73518 -1.50933 -1.21514 -1.38969 1.049 1.03776 0.879494 -0.0794096 -1.14248 -0.964186 -1.63363 -1.16411 -1.96108 -1.2693 -0.673684 -0.463549 -0.50199 -0.593256 -0.626254 -0.681572 -0.639241 -0.656249 -0.68208 -0.70499 -0.723993 -0.747961 -0.791689 -0.823741 -0.830111 -0.871018 -0.904477 -0.936431 -0.968193 -0.994811 -1.05167
-9999 -9999 -9999 -9999 -9999 -9999 -9999 -9999 -8.32836 -4.31508 -0.91973 1.12798 3.08033 3.52675 4.17836 4.02555 3.46432 2.33788 0.934191 -0.61722 -3.03353 -4.82805 -2.69535 0.391651 2.60177 3.40693 3.41985 3.37823 3.18058 3.11592 2.88324 2.73819 1.72869 -0.019805 -1.00674 -2.45385 0.0268962 0.297237 -0.103168 1.12377 1.04527 -0.849407 -2.31171 -2.51186 -1.64174 -2.49981 -2.67604 -3.21498 -2.64649 -1.08796 -1.57238 -1.50041 -0.792788 -0.694124 -0.645408 -0.641962 -0.663062 -0.681984 -0.709261 -0.72241 -0.735769 -0.779361 -0.808488 -0.831776 -0.876671 -0.905528 -0.944024 -0.98847 -1.01939 -1.05944
-9999 -9999 -9999 -9999 -9999 -9999 -9999 -9999 -8.24683 -5.5442 -2.48948 0.522471 2.60806 3.44425 4.04993 4.03406 3.38431 2.82033 1.93791 0.572728 -0.363743 -1.98408 -4.20467 -0.478971 0.67672 1.70962 2.15542 3.22838 3.21347 2.73754 2.20924 2.73928 2.58367 1.20248 0.746696 -0.0244761 1.3522 1.34659 1.29688 1.20913 -0.391837 -2.6127 -4.39253 -3.14423 -3.42891 -2.85506 -4.68614 -3.22649 -2.05349 -1.68648 -2.51178 -3.13249 -1.27827 -0.99924 -0.833602 -0.733063 -0.672145 -0.706521 -0.702901 -0.729141 -0.750033 -0.771832 -0.80413 -0.830791 -0.86467 -0.89963 -0.941328 -0.983733 -1.02579 -1.08193
-9999 -9999 -9999 -9999 -9999 -9999 -9999 -9999 -9999 -7.13329 -3.24202 0.213274 2.13363 3.33793 3.9201 3.90093 3.565 3.18003 2.63064 1.64463 0.409241 -1.53862 -2.98295 -2.06347 -0.929345 -0.789993 -0.0379331 2.12869 2.87469 1.83829 -0.714544 0.810383 2.51323 2.48591 2.33896 2.17253 1.95909 1.76286 1.34209 0.231758 -3.14444 -3.823 -5.15915 -5.02776 -5.72329 -4.25186 -4.83266 -3.33516 -2.69749 -2.46893 -3.89158 -3.5995 -1.98212 -1.34779 -1.47369 -1.08988 -0.719244 -0.722537 -0.727148 -0.752545 -0.759941 -0.772842 -0.795608 -0.835207 -0.865898 -0.893858 -0.952554 -0.980725 -1.12643 -1.22817
-9999 -9999 -9999 -9999 -9999 -9999 -9999 -9999 -9999 -7.88302 -4.01903 0.0508981 1.35352 2.65284 3.77262 3.78692 3.27886 2.79573 2.29914 1.73585 0.238391 -1.21213 -2.59523 -3.05781 -2.77588 -2.77386 -1.56386 1.25427 1.80538 1.57961 -1.09287 -2.00389 0.268715 2.17709 2.32457 2.14662 -0.107174 0.362603 -0.860244 -2.51666 -2.98313 -3.71804 -5.25507 -4.54053 -5.67231 -5.21325 -5.35418 -4.51209 -4.11142 -3.10579 -4.34772 -4.3459 -2.75934 -1.96091 -1.95793 -1.11766 -0.828327 -0.764105 -0.759604 -0.76079 -0.772898 -0.775517 -0.799922 -0.829524 -0.863719 -0.92264 -1.03861 -1.36738 -3.02469 -3.0424
-9999 -9999 -9999 -9999 -9999 -9999 -9999 -9999 -9999 -7.43432 -4.75428 -1.14356 1.52897 1.6911 2.98631 3.65137 3.10027 2.48102 1.84832 1.56948 -0.0598386 -1.84779 -3.29129 -4.9983 -4.7147 -3.48491 -1.45475 0.366241 0.695938 0.325192 -1.09617 -0.412217 1.13658 1.9572 2.19608 1.99966 1.5031 1.21144 0.308276 -0.0906672 -1.34384 -3.29689 -4.07607 -3.60906 -5.68407 -5.55788 -4.81483 -5.6359 -4.32212 -3.70308 -5.30107 -4.06314 -2.6503 -1.93653 -1.31413 -1.02817 -0.923884 -0.754856 -0.765888 -0.766208 -0.773747 -0.792719 -0.809438 -0.856512 -0.898879 -1.0895 -1.36252 -2.89693 -3.57009 -3.46547
-9999 -9999 -9999 -9999 -9999 -9999 -9999 -9999 -9999 -6.97536 -4.56304 -1.433 0.470997 0.806713 2.24421 3.52156 3.37173 2.72819 2.5286 1.86332 0.480973 -1.04434 -2.71004 -3.51911 -5.37822 -3.54408 -2.07073 -0.529352 0.193607 -0.968139 -1.56429 -0.508118 0.540697 0.957292 2.0138 1.99781 1.64462 0.145003 -0.592273 -0.296772 -0.622045 -1.18303 -2.53234 -2.60762 -3.48121 -3.8532 -4.20582 -5.3069 -4.63059 -4.57947 -4.42216 -2.92059 -2.19424 -1.71842 -1.28673 -1.18588 -1.00722 -0.77013 -0.764032 -0.771143 -0.7886 -0.800393 -0.835876 -0.925178 -1.00353 -1.36871 -2.00171 -3.16732 -5.06864 -3.77702
-9999 -9999 -9999 -9999 -9999 -9999 -9999 -9999 -9999 -7.38529 -4.82272 -2.14838 -1.03353 -0.849047 1.75797 3.35181 3.34853 3.0406 2.68242 1.04594 1.13818 0.809217 -0.69388 -2.88156 -5.28318 -5.05634 -3.61668 -1.56787 -0.893525 -2.83266 -3.52736 -3.01803 -1.4322 -0.0141128 1.46543 1.83617 1.39295 -0.936518 -3.41276 -2.28056 -1.07116 -1.09159 -1.4647 -2.71747 -3.12639 -3.4986 -4.41831 -5.97159 -5.75195 -5.34505 -3.65178 -3.13031 -2.31379 -1.63836 -1.91767 -1.78203 -1.13542 -0.771371 -0.773551 -0.783259 -0.787291 -0.812773 -0.852479 -1.01332 -1.18294 -1.45603 -3.0769 -4.09189 -5.57282 -3.91686
-9999 -9999 -9999 -9999 -9999 -9999 -9999 -9999 -9999 -8.17806 -6.31978 -3.76393 -2.73716 -1.09663 1.36685 2.57546 3.15183 3.13349 2.89316 2.15794 1.71491 0.846313 -0.717598 -2.85442 -5.22872 -6.77359 -5.98639 -3.22961 -2.58172 -4.36904 -5.29172 -4.14624 -2.4567 0.0453718 1.47193 1.65864 1.52123 1.0336 -0.777069 -2.9637 -2.96875 -1.89118 -2.81828 -3.89426 -3.32641 -3.45062 -4.35874 -5.02411 -5.43104 -5.21587 -4.24449 -3.8609 -2.91486 -1.50921 -1.32321 -1.3812 -0.798883 -0.785857 -0.78866 -0.782776 -0.800265 -0.822657 -0.857726 -0.992076 -1.27187 -2.35645 -3.30479 -4.61727 -4.79575 -3.3379
-9999 -9999 -9999 -9999 -9999 -9999 -9999 -9999 -9999 -9.54432 -7.35743 -4.9636 -2.72285 -0.603474 1.21961 1.35514 2.31396 2.30727 2.80758 2.65832 1.9771 1.24492 -0.103056 -2.8481 -5.15571 -7.6716 -7.00734 -4.21349 -3.80661 -5.02182 -7.26652 -4.95312 -2.40258 -0.0923835 1.15497 0.165722 1.16445 1.07252 0.387586 -0.918724 -2.94451 -2.91977 -4.44279 -4.52338 -3.76406 -3.52867 -3.67432 -4.17799 -4.9798 -4.86474 -4.27665 -4.14547 -3.27781 -2.19173 -1.12994 -0.966298 -0.77779 -0.786141 -0.799787 -0.799852 -0.81457 -0.854022 -0.926352 -1.06606 -1.97785 -3.05916 -3.73233 -4.65227 -4.78007 -3.07845
