Test_Spring_2018/01_18/Temp/20180107_023.txt
ncols	170
nrows	115
xllcorner	350000.000000
yllcorner	4445000.000000
cellsize	1000.000000
nodata_value	-9999.000000
[rows 32 to 63 of 115, columns 72 to 143 of 170]
8.90684 8.55261 9.07031 9.54621 9.24772 9.0503 9.84245 9.83233 9.54883 8.89653 8.65056 8.39582 8.23558 7.40143 5.08024 2.9868 4.09266 4.10916 3.32774 4.70248 3.96258 2.04705 -0.65317 0.802736 0.414735 -1.4772 -1.94698 -9999 -9999 -9999 -9999 -9999 -9999 -9999 -9999 -9999 -9999 -9999 -9999 -9999 -9999 -9999 -9999 -9999 -9999 -9999 -9999 -9999 -9999 -9999 -9999 -9999 -9999 -9999 -9999 -9999 -9999 -9999 -9999 -9999 -9999 -9999 -9999 -9999 -9999 -9999 -9999 -9999 -9999 -9999 -9999 -9999
8.44616 8.28724 9.06223 9.03427 8.98624 9.26731 9.756 9.84503 9.72823 9.4379 9.18509 8.91676 8.25197 7.29932 5.31131 2.92996 2.38203 3.5325 3.57857 3.75584 3.08069 2.23534 0.917998 1.98253 2.39154 1.1433 -0.487872 -1.53994 -9999 -9999 -9999 -9999 -9999 -9999 -9999 -9999 -9999 -9999 -9999 -9999 -9999 -9999 -9999 -9999 -9999 -9999 -9999 -9999 -9999 -9999 -9999 -9999 -9999 -9999 -9999 -9999 -9999 -9999 -9999 -9999 -9999 -9999 -9999 -9999 -9999 -9999 -9999 -9999 -9999 -9999 -9999 -9999
7.89677 7.12207 7.58451 7.92898 8.5984 8.75929 8.84806 9.77618 9.71629 9.66251 9.25148 8.92061 8.37924 7.46197 6.16057 4.59591 1.87943 3.53826 4.83537 4.79268 4.71228 4.11748 2.85152 3.89614 3.93804 2.34937 0.539466 -0.540965 -0.992301 -9999 -9999 -9999 -9999 -9999 -9999 -9999 -9999 -9999 -9999 -9999 -9999 -9999 -9999 -9999 -9999 -9999 -9999 -9999 -9999 -9999 -9999 -9999 -9999 -9999 -9999 -9999 -9999 -9999 -9999 -9999 -9999 -9999 -9999 -9999 -9999 -9999 -9999 -9999 -9999 -9999 -9999 -9999
7.27224 6.32862 6.79401 7.41904 8.31672 8.78307 9.12544 9.39593 9.67189 9.62775 9.20728 7.98569 7.80214 7.73915 6.88428 5.10188 3.32202 2.85365 4.83742 5.39872 5.27361 5.71028 4.63664 5.13244 4.91846 4.35281 2.61276 1.01657 0.347233 -0.968499 -9999 -9999 -9999 -9999 -9999 -9999 -9999 -9999 -9999 -9999 -9999 -9999 -9999 -9999 -9999 -9999 -9999 -9999 -9999 -9999 -9999 -9999 -9999 -9999 -9999 -9999 -9999 -9999 -9999 -9999 -9999 -9999 -9999 -9999 -9999 -9999 -9999 -9999 -9999 -9999 -9999 -9999
-9999 -9999 5.72762 6.59314 7.30016 8.17934 8.92516 9.295 9.65382 9.61377 8.78369 8.37217 8.32644 7.76249 6.77712 6.15485 5.03036 3.8595 4.2933 5.98396 5.21899 6.41491 6.30496 6.51856 5.70605 4.19136 2.15932 0.974131 0.374585 -0.693068 -9999 -9999 -9999 -9999 -9999 -9999 -9999 -9999 -9999 -9999 -9999 -9999 -9999 -9999 -9999 -9999 -9999 -9999 -9999 -9999 -9999 -9999 -9999 -9999 -9999 -9999 -9999 -9999 -9999 -9999 -9999 -9999 -9999 -9999 -9999 -9999 -9999 -9999 -9999 -9999 -9999 -9999
-9999 -9999 -9999 6.43096 6.96736 8.13122 8.73708 8.97367 9.55867 9.54965 9.22861 8.98347 8.63247 8.17727 7.4339 6.615 5.55667 5.44963 6.52737 6.53158 6.29566 6.4659 7.0167 6.86191 5.61765 3.46942 2.3262 0.0316591 -0.964802 -0.8711 -1.58036 -9999 -9999 -9999 -9999 -9999 -9999 -9999 -9999 -9999 -9999 -9999 -9999 0.978295 -9999 -9999 -9999 -9999 -9999 -9999 -9999 -9999 -9999 -9999 -9999 -9999 -9999 -9999 -9999 -9999 -9999 -9999 -9999 -9999 -3.43429 -9999 -9999 -9999 -9999 -9999 -9999 -9999
-9999 -9999 6.32244 7.05347 7.61443 8.34048 8.41254 8.83922 9.51342 9.51301 9.28216 9.02243 8.45194 8.30222 7.87419 6.9858 6.79573 7.14128 7.29544 7.472 7.57777 7.47694 7.24308 6.94349 6.14974 5.14603 4.47034 2.36484 1.30134 0.273004 -1.28014 -2.49741 -9999 -9999 -9999 -9999 -9999 -9999 -9999 0.206531 0.139122 0.156772 0.48614 1.41246 0.853504 -9999 -9999 -9999 -9999 -9999 -9999 -9999 -9999 -9999 -9999 -9999 -9999 -9999 -9999 -9999 -9999 -9999 -9999 -9999 -2.59506 -3.82307 -9999 -9999 -9999 -9999 -9999 -9999
-9999 -9999 6.52472 7.28664 7.66248 8.36776 8.76708 9.0339 9.2611 9.47739 9.42853 9.14206 8.71184 8.70317 8.11457 7.7922 7.5592 8.03005 8.11546 7.9134 7.66292 7.44111 6.8285 6.75181 6.56412 5.92541 4.8805 3.80374 2.27101 0.166232 -1.89866 -3.56633 -9999 -9999 -9999 -9999 -9999 -9999 0.387691 1.15461 1.61015 0.610275 1.44652 2.2103 2.07777 1.33236 -9999 -9999 -9999 -9999 -9999 -9999 -9999 -9999 -9999 -9999 -9999 -9999 -9999 -9999 3.21342 1.95443 -0.576915 -1.87976 -2.66575 -3.7832 -9999 -9999 -9999 -9999 -9999 -9999
-9999 -9999 6.36679 7.26892 7.87721 8.41603 8.49446 9.04545 9.28956 9.40087 9.3756 9.30968 9.22092 8.70536 8.477 7.70403 8.42172 8.38373 8.18963 7.45065 7.12604 5.86522 5.30698 5.19211 6.24125 5.45739 3.82592 1.7874 -0.651776 -0.808567 -1.62436 -3.11564 -9999 -9999 -9999 -9999 -9999 -9999 0.625173 1.44595 2.12957 2.22069 1.22705 2.59152 2.54209 1.76486 1.58177 2.20309 2.5135 2.2776 3.02609 3.23531 2.8843 3.24477 -9999 -9999 -9999 -9999 3.40446 3.44286 3.46916 2.93788 0.173567 -1.71776 -3.41716 -3.58101 -9999 -9999 -9999 -9999 -9999 -9999
-9999 -9999 6.99235 7.545 7.82041 7.85799 8.3408 8.82141 9.12229 9.33096 9.27548 9.24598 9.21501 9.03062 8.61818 8.67846 8.6347 8.3903 6.99058 5.35934 6.05815 5.0904 3.02791 4.70657 5.6226 4.73584 2.76068 0.470765 -0.272916 -0.239824 -1.37123 -2.82876 -9999 -9999 -9999 -1.61981 -0.440518 -0.348091 -0.00830477 1.08942 1.92214 2.5515 2.9748 2.95964 2.49845 1.73828 0.912734 1.19547 2.65668 3.00603 3.31428 3.53147 3.20466 3.35223 3.7331 3.9238 3.95243 3.84735 3.81366 3.83338 3.77428 3.27734 0.809171 -0.611158 -1.5211 -3.33803 -9999 -9999 -9999 -9999 -9999 -9999
-9999 -9999 6.64024 7.12018 7.50722 8.14881 8.20962 8.61556 8.85138 9.21405 9.2441 8.80389 9.14575 9.08758 9.00895 8.85632 8.63883 7.45471 5.82765 4.19758 3.44116 3.7569 2.51117 3.15125 4.07982 3.74109 2.52752 0.487435 0.196183 -0.274595 -2.16555 -3.99362 -9999 -9999 -3.91882 -1.64594 -0.0491938 0.768739 1.01413 1.02742 2.07908 2.15191 3.28592 3.0149 1.49707 1.65886 1.06804 1.44127 1.96706 2.10614 2.88071 3.62119 3.75074 3.74221 3.98021 4.0191 4.01961 4.0003 3.81791 3.88296 3.88254 3.56812 1.77215 0.890702 -0.0768243 -3.32509 -9999 -9999 -9999 -9999 -9999 -9999
-9999 -9999 6.88457 7.42228 8.01154 8.10008 8.53372 8.47543 8.3395 8.94625 9.16629 8.85175 8.62144 9.00977 8.96908 8.9032 8.80339 7.68974 6.40373 4.46323 3.25522 2.51783 1.99143 1.29906 1.77444 1.62484 1.4255 1.64815 1.09028 -0.0239922 -1.13686 -3.21083 -4.34015 -9999 -3.79618 -2.77685 -0.876043 0.73733 1.75711 1.37428 2.57132 2.78461 3.4767 3.05824 2.13479 1.72805 1.68472 1.55605 2.36199 2.90697 3.29227 3.54016 3.85489 3.92482 3.99465 4.01626 4.022 4.02789 4.01075 3.99153 3.9429 3.81706 2.98488 2.1068 0.219251 -3.22188 -9999 -9999 -9999 -9999 -9999 -9999
-9999 5.29167 6.81787 7.72521 8.07185 8.31948 8.53622 8.69011 8.85084 8.9977 9.09725 9.04208 8.22823 8.28033 8.41093 8.85249 8.80763 8.69646 7.98856 5.62935 4.81155 3.61945 2.07753 1.43839 1.7568 3.01447 2.95611 2.11955 1.18715 -0.0956059 -0.913692 -2.19084 -4.63453 -4.42512 -3.33754 -2.53187 -1.24421 0.730175 2.11049 2.71973 2.94268 3.42497 3.66964 3.09653 2.55728 2.32454 1.90078 1.83455 1.83023 2.31441 2.69684 3.54623 3.8227 3.94533 4.00001 4.0233 4.03648 4.04909 4.04488 4.01549 4.00365 3.98462 3.91373 2.74639 -0.162322 -2.35274 -9999 -9999 -9999 -9999 -9999 -9999
-9999 -9999 6.53191 6.92747 7.02567 7.20224 7.57107 7.99681 8.60248 8.67138 8.99948 8.98434 8.28387 7.47318 8.15387 8.41631 8.68951 8.68635 8.586 6.60365 5.56336 4.74421 3.26593 3.80104 4.30407 4.34088 4.0348 2.24441 0.4609 -1.59047 -3.51399 -3.61149 -4.64858 -4.10953 -3.39498 -1.54397 -0.245527 0.27316 0.642029 2.64921 3.16503 3.3328 3.83933 3.12444 2.94069 2.40287 2.55297 2.49949 2.49559 1.02063 2.49238 2.57069 3.5207 3.94503 4.03263 4.04655 4.06186 4.05314 4.04541 4.02786 4.0247 3.99857 3.96745 3.20388 -0.476 -2.32935 -9999 -9999 -9999 -9999 -9999 -9999
-9999 -9999 -9999 -9999 6.64341 6.94284 7.13144 7.46295 8.49551 8.76607 8.94144 8.9452 8.62464 7.82261 7.60097 7.73203 6.94923 7.58184 8.45325 8.42266 8.30871 6.567 5.68076 6.53847 6.27558 4.96944 3.94147 2.92682 0.83964 -0.684112 -2.88751 -4.54447 -4.61361 -2.79945 -1.29384 0.57916 1.39807 0.911283 1.41085 2.40176 3.52915 4.06871 3.92814 3.17498 3.06562 2.24069 3.03668 3.09866 2.71859 2.38919 2.51699 2.98317 3.15512 3.89579 4.06677 4.08912 4.08177 4.0715 4.05484 4.03722 4.01382 3.99276 3.96949 3.92336 0.140933 -2.80422 -9999 -9999 -9999 -9999 -9999 -9999
-9999 -9999 -9999 -9999 5.91711 6.09677 6.58 7.8326 8.48217 8.73853 8.71814 8.8293 8.59936 7.89155 7.1652 6.47938 5.5998 6.08407 7.38555 8.15022 8.23114 6.70379 7.49769 7.19919 6.61348 4.9059 3.6475 2.98004 0.976578 -0.734483 -2.20141 -4.22687 -3.36942 -2.42609 -1.21372 0.831921 2.20662 2.76316 2.27148 2.89988 4.1988 4.19451 3.46659 3.50346 3.06121 1.93677 3.09249 3.41311 3.14307 3.2052 3.10615 3.27468 3.58769 3.88591 4.08004 4.09611 4.0872 4.06701 4.05304 4.0397 4.0115 3.99923 3.97571 3.9441 1.49837 -2.86309 -9999 -9999 -9999 -9999 -9999 -9999
-9999 -9999 -9999 -9999 -9999 5.24918 6.36197 8.02758 8.43211 8.38372 8.71806 8.73563 8.38954 8.08688 7.20794 6.01225 3.72865 4.29564 5.49283 7.22516 8.13311 8.00419 7.49703 6.61087 4.47018 2.59711 2.36931 2.06233 0.600105 -0.71667 -2.34699 -1.40939 -0.383443 0.737876 1.32137 1.15562 2.33183 3.28785 2.86273 3.6364 4.54173 4.11374 3.85674 3.6403 3.12992 3.0919 3.13776 3.79163 3.32869 3.60342 3.60992 3.58626 3.73421 3.90498 4.0839 4.10341 4.0913 4.08105 4.0452 4.03898 4.01426 3.98999 3.96708 3.93799 3.70582 1.35099 -0.0599904 -9999 -9999 -9999 -9999 -9999
-9999 -9999 -9999 -9999 -9999 4.21359 4.7644 6.73851 7.33965 8.20531 8.65907 8.66824 8.0929 7.7664 6.46344 6.03176 3.91839 2.95629 3.75335 3.43583 5.82592 7.94162 7.48178 3.19776 1.64554 0.538542 0.822143 0.824287 0.416634 -1.82773 -2.45097 -0.442691 0.818448 1.79242 2.52756 2.67132 2.63272 4.13537 4.32419 4.80369 4.68391 4.71768 3.94108 3.4573 3.86554 3.38057 3.29211 3.96777 3.28997 3.89159 3.81947 3.62942 3.61153 4.00252 4.07329 4.10462 4.09451 4.06553 4.03117 4.00627 4.00534 3.98567 3.9503 3.93881 3.90504 3.61431 2.39107 1.95732 2.41766 -9999 -9999 -9999
-9999 -9999 -9999 -9999 -9999 -9999 2.9134 5.66025 6.90791 7.55887 8.4789 8.57901 8.26834 7.71244 6.38546 5.21723 3.32682 1.17057 0.0257818 3.41708 6.36906 7.90783 7.70667 4.13991 2.73154 2.66517 3.49279 2.79284 2.26148 0.556775 0.0425759 -0.672047 -0.241137 1.12099 2.2285 3.29552 4.06686 4.11706 4.61153 4.89336 4.90462 4.98419 4.88308 4.79949 4.05501 4.55768 4.11757 4.34094 4.18683 4.04725 3.93208 3.50172 3.79209 4.04745 4.10544 4.11411 4.08586 4.06882 4.04342 4.00377 3.98078 3.96534 3.94953 3.92321 3.91088 3.88565 3.73898 2.99931 2.01311 0.770204 -9999 -9999
-9999 -9999 -9999 -9999 -9999 -9999 1.53506 4.26818 5.57803 7.26849 8.13388 8.4776 8.41752 7.96471 6.95343 5.43837 4.1747 1.76908 -0.727283 2.83044 6.00622 7.71573 7.802 4.81019 5.63843 4.96561 5.23499 4.00489 3.49283 3.09296 2.20685 1.237 0.177127 -0.39043 2.10993 3.38754 4.41223 4.88775 5.15004 5.27365 5.18925 4.99161 3.86551 4.70511 4.65393 4.56118 4.45672 4.40289 4.30839 4.19838 4.13696 4.10739 3.8183 4.12743 4.10764 4.10069 4.08989 4.06827 4.03828 4.00963 3.97737 3.96552 3.94378 3.91991 3.90005 3.88397 3.86397 3.81353 3.60998 1.94375 0.943862 0.660286
-9999 -9999 -9999 -9999 -9999 -9999 -2.32029 1.65998 4.85718 6.52074 7.87327 8.23515 8.36202 7.7594 7.30545 6.216 5.18424 3.59988 1.23337 -0.226657 2.43518 6.31197 7.74444 7.63584 7.54336 6.76496 6.06352 5.97309 6.02332 5.21275 4.02568 2.47007 1.97837 1.42648 3.28629 3.52853 3.37937 5.42191 5.41261 5.28154 4.48085 3.59235 3.74736 3.19687 3.60847 2.95004 3.53967 4.04881 4.23472 4.21192 4.14311 4.12684 4.08712 4.12961 4.11835 4.09817 4.07909 4.06221 4.04047 4.0019 3.97331 3.96685 3.94008 3.91412 3.89394 3.88013 3.86442 3.82411 3.7871 3.52279 3.13062 2.39444
-9999 -9999 -9999 -9999 -9999 -9999 -2.14785 1.19657 4.03251 5.73031 7.35977 7.72812 8.26925 8.13674 7.66216 6.71374 5.53247 4.22661 2.19485 0.683038 2.46145 5.03078 6.87105 7.53607 7.53155 7.48381 7.30525 7.23286 7.02547 6.883 6.02722 4.55608 3.72127 2.50188 4.5757 4.79819 4.45982 5.48668 5.42077 3.83401 2.6109 2.44684 3.17895 2.46585 2.33638 1.8965 2.38185 3.69711 3.30298 3.37209 3.97204 4.06233 4.11252 4.11985 4.10521 4.09104 4.06867 4.05718 4.04489 4.007 3.98139 3.96119 3.92372 3.91068 3.88163 3.85757 3.8406 3.81373 3.7788 3.69647 3.60485 3.68235
-9999 -9999 -9999 -9999 -9999 -9999 -2.08134 0.164261 2.71504 5.21965 6.96064 7.65536 8.15757 8.13933 7.59001 7.11244 6.36757 5.21739 4.42565 3.05973 1.18965 4.30219 5.25043 6.10729 6.46411 7.35064 7.32547 6.91418 6.44798 6.88231 6.74624 5.58064 5.19159 4.53921 5.68806 5.6795 5.63513 5.56006 4.21792 2.3574 0.867664 1.91695 1.68246 2.16657 0.649834 1.88266 2.87449 3.19099 2.50994 1.99769 3.55767 3.80281 3.94711 4.03566 4.08979 4.06287 4.06676 4.04478 4.02673 4.00769 3.97996 3.95739 3.92948 3.90158 3.88093 3.85869 3.82903 3.79183 3.77996 3.73731 3.71262 3.69279
-9999 -9999 -9999 -9999 -9999 -9999 -9999 -1.17014 2.06809 4.95589 6.55812 7.56099 8.04305 8.02151 7.73462 7.40649 6.94014 6.10721 5.06447 3.42365 2.20389 2.96432 3.89266 4.00146 4.62004 6.42406 7.03751 6.1574 3.99504 5.26736 6.68613 6.65569 6.52591 6.38076 6.19763 6.02953 5.67424 4.74206 1.91186 1.34331 0.225082 0.337867 -0.241398 0.994279 0.526018 1.7884 2.33058 2.53007 1.34563 1.59557 2.96457 3.50265 3.40256 3.72859 4.04233 4.04165 4.03896 4.01815 4.01194 4.00091 3.98169 3.94959 3.92484 3.90318 3.87044 3.86089 3.74417 3.66485 3.5163 3.67713 3.68401 3.67861
-9999 -9999 -9999 -9999 -9999 -9999 -9999 -1.81642 1.41309 4.81595 5.90024 6.98241 7.91461 7.92061 7.48894 7.07803 6.65549 6.17653 4.91394 3.68993 2.5216 2.12399 2.34964 2.33197 3.3351 5.68595 6.13687 5.93697 3.67834 2.90631 4.80325 6.39572 6.51318 6.35876 4.46544 4.85568 3.82824 2.43834 2.04671 1.43104 0.144058 0.745093 -0.200391 0.188293 0.0861395 0.798352 1.14101 1.99091 0.957085 0.96266 2.30598 2.9811 2.9887 3.69714 3.9429 3.99911 4.00448 4.00446 3.99488 3.99307 3.97307 3.94901 3.92161 3.87414 3.77963 3.52282 2.14919 2.13965 2.50297 2.84676 3.48442 3.64704
-9999 -9999 -9999 -9999 -9999 -9999 -9999 -1.44446 0.792788 3.81069 6.04289 6.17163 7.25047 7.80143 7.3332 6.80776 6.27078 6.02993 4.65668 3.14983 1.93101 0.490679 0.718114 1.73806 3.42027 4.93607 5.20212 4.88139 3.67186 4.23719 5.52802 6.2093 6.40376 6.23419 5.81386 5.56608 4.80663 4.47061 3.4195 1.78266 1.13053 1.5237 -0.212812 -0.103687 0.523146 -0.14772 0.959479 1.48461 0.151639 1.19995 2.39019 2.99393 3.52037 3.76408 3.85473 3.99891 3.99152 3.9926 3.98727 3.97221 3.95907 3.92073 3.88673 3.72901 3.50286 2.22017 1.68776 1.78017 2.35647 2.86017 3.38278 3.59251
-9999 -9999 -9999 -9999 -9999 -9999 -9999 -1.0641 0.948733 3.56363 5.15148 5.4254 6.62311 7.68683 7.55451 7.00834 6.83403 6.26908 5.1027 3.81597 2.41102 1.72348 0.155395 1.68225 2.89746 4.17948 4.77568 3.78271 3.27508 4.15283 5.02504 5.36804 6.24806 6.22995 5.92996 4.6699 4.04952 4.29551 4.022 3.55172 2.42152 2.35989 1.62994 1.32111 1.02914 0.123233 0.695571 0.744113 0.889805 2.1509 2.76532 3.16926 3.5356 3.624 3.77697 3.97829 3.98547 3.98115 3.96786 3.95919 3.93068 3.85726 3.79332 3.48942 2.96155 1.98782 0.427171 1.51394 2.65124 2.97506 3.30052 3.46281
-9999 -9999 -9999 -9999 -9999 -9999 -9999 -1.41213 0.726522 2.95931 3.88552 4.03239 6.20995 7.53858 7.52873 7.26353 6.95607 5.57695 5.64635 5.36231 4.09374 2.25094 0.228412 0.40846 1.6099 3.30272 3.85858 2.2145 1.62463 2.04437 3.36692 4.54951 5.78428 6.09044 5.7151 3.7596 1.68182 2.62905 3.64174 3.62443 3.31227 2.26359 1.92286 1.61355 0.845957 -0.437841 -0.250076 0.0962018 1.52575 1.96848 2.65813 3.22906 2.99928 3.11672 3.66185 3.96964 3.97003 3.96376 3.962 3.94215 3.9104 3.77727 3.63703 3.41042 2.05461 1.20701 -0.0182349 1.39141 2.16281 2.56292 3.29671 3.46283
-9999 -9999 -9999 -9999 -9999 -9999 -9999 -2.08116 -0.532964 1.60029 2.45242 3.81934 5.87629 6.88175 7.35745 7.33471 7.12582 6.50195 6.12268 5.38637 4.06691 2.26686 0.267394 -1.03726 -0.387628 1.90326 2.44062 0.92074 0.139979 1.09304 2.50263 4.59381 5.78424 5.93621 5.81722 5.40543 3.8855 2.05119 2.04604 2.94898 2.1725 1.27194 1.74977 1.64819 0.890146 0.336 0.0126247 0.207365 1.02264 1.34955 2.1475 3.33023 3.49027 3.44531 3.93652 3.95014 3.95011 3.95707 3.94423 3.9272 3.89956 3.78883 3.55643 2.64979 1.85767 0.760681 0.614431 1.87117 2.40239 2.90446 3.25803 3.3651
-9999 -9999 -9999 -9999 -9999 -9999 -9999 -3.23095 -1.4076 0.589591 2.4589 4.22686 5.74683 5.85268 6.6487 6.63555 7.04728 6.91444 6.33552 5.71356 4.57513 2.26541 0.321925 -1.79646 -1.24979 1.08779 1.39322 0.366986 -1.52176 0.410139 2.5413 4.47162 5.5118 4.67812 5.51132 5.43116 4.85474 3.75829 2.0596 2.08023 0.804389 0.738175 1.37655 1.5764 1.45741 1.03875 0.385588 0.495464 0.989244 1.10448 1.83661 2.75138 3.64532 3.78604 3.94715 3.94286 3.93379 3.93585 3.92547 3.89429 3.83559 3.72053 2.95857 2.05478 1.49332 0.725324 0.621475 2.06427 2.63092 2.94193 3.2454 3.35759
-9999 -9999 -9999 -9999 -9999 -9999 -9999 -9999 -1.59976 0.463559 1.98696 2.38754 3.73689 4.45971 5.01641 5.1303 6.74276 6.82066 6.44943 5.87714 4.90453 3.14929 1.92352 -0.109001 -1.57249 -0.970857 -0.695834 -0.170592 -0.337407 0.518764 2.566 4.699 4.92243 3.5504 3.74118 4.01502 4.64229 4.30722 1.99674 0.817353 -0.163476 0.514208 1.22779 1.39223 1.41652 1.26601 1.10195 0.831937 1.78999 2.4959 2.65082 3.26464 3.7147 3.83048 3.91471 3.91465 3.91471 3.90281 3.86378 3.83208 3.704 3.43215 2.58146 0.552856 0.634766 0.404439 -0.235009 1.16423 2.05744 2.84533 3.25792 3.3548
-9999 -9999 -9999 -9999 -9999 -9999 -9999 -9999 -2.29542 0.0935698 0.587344 0.536033 -0.272918 0.080236 3.01686 3.59828 5.14405 6.60744 6.48774 5.92602 5.01528 3.96569 2.34663 0.0618536 -1.75545 -2.51597 -0.570785 1.32802 1.71296 2.31309 3.56348 3.79265 2.39063 1.07499 1.79648 2.22654 3.89652 4.19205 3.85396 2.45739 0.862284 0.0243725 0.989364 1.10888 1.15658 1.15735 1.11569 1.081 2.17331 2.7665 3.17431 3.39091 3.7754 3.86485 3.88525 3.90368 3.88437 3.85177 3.77701 3.69368 3.36809 2.97651 1.59104 0.433925 -0.292217 -1.21071 0.819585 1.4067 2.23854 2.77411 3.18413 3.26354
