Test_Spring_2018/01_18/Temp/20180120_008.txt
ncols	170
nrows	115
xllcorner	350000.000000
yllcorner	4445000.000000
cellsize	1000.000000
nodata_value	-9999.000000
[rows 32 to 63 of 115, columns 72 to 143 of 170]
10.5571 10.1889 10.7521 11.2704 10.9491 10.7382 11.5932 11.5909 11.2965 10.6084 10.3545 10.0913 9.9292 9.0472 6.57658 4.34917 5.53937 5.56556 4.73901 6.21547 5.43244 3.39304 0.514894 2.07625 1.66741 -0.372803 -0.876321 -9999 -9999 -9999 -9999 -9999 -9999 -9999 -9999 -9999 -9999 -9999 -9999 -9999 -9999 -9999 -9999 -9999 -9999 -9999 -9999 -9999 -9999 -9999 -9999 -9999 -9999 -9999 -9999 -9999 -9999 -9999 -9999 -9999 -9999 -9999 -9999 -9999 -9999 -9999 -9999 -9999 -9999 -9999 -9999 -9999
10.0739 9.91447 10.7525 10.7327 10.6774 10.9793 11.5103 11.6139 11.4978 11.1965 10.9353 10.6577 9.95658 8.94797 6.83327 4.29824 3.72165 4.9592 5.01661 5.21381 4.49998 3.60388 2.20316 3.34659 3.7894 2.44728 0.692537 -0.435825 -9999 -9999 -9999 -9999 -9999 -9999 -9999 -9999 -9999 -9999 -9999 -9999 -9999 -9999 -9999 -9999 -9999 -9999 -9999 -9999 -9999 -9999 -9999 -9999 -9999 -9999 -9999 -9999 -9999 -9999 -9999 -9999 -9999 -9999 -9999 -9999 -9999 -9999 -9999 -9999 -9999 -9999 -9999 -9999
9.49634 8.67908 9.18326 9.56126 10.2641 10.4466 10.5499 11.5501 11.4948 11.4463 11.0162 10.6718 10.1026 9.13186 7.75067 6.08812 3.19488 4.97549 6.36934 6.33153 6.25304 5.62462 4.2788 5.40101 5.45174 3.73878 1.79049 0.642009 0.16582 -9999 -9999 -9999 -9999 -9999 -9999 -9999 -9999 -9999 -9999 -9999 -9999 -9999 -9999 -9999 -9999 -9999 -9999 -9999 -9999 -9999 -9999 -9999 -9999 -9999 -9999 -9999 -9999 -9999 -9999 -9999 -9999 -9999 -9999 -9999 -9999 -9999 -9999 -9999 -9999 -9999 -9999 -9999
8.83889 7.84108 8.34834 9.02601 9.98485 10.4804 10.856 11.1536 11.4572 11.4191 10.979 9.6832 9.49639 9.43835 8.53427 6.63917 4.74655 4.25469 6.38206 6.98945 6.86314 7.33656 6.19615 6.73201 6.50935 5.90201 4.02729 2.31653 1.60753 0.208347 -9999 -9999 -9999 -9999 -9999 -9999 -9999 -9999 -9999 -9999 -9999 -9999 -9999 -9999 -9999 -9999 -9999 -9999 -9999 -9999 -9999 -9999 -9999 -9999 -9999 -9999 -9999 -9999 -9999 -9999 -9999 -9999 -9999 -9999 -9999 -9999 -9999 -9999 -9999 -9999 -9999 -9999
-9999 -9999 7.21888 8.14362 8.90974 9.84519 10.6519 11.0557 11.4479 11.4142 10.5366 10.1064 10.0669 9.4739 8.43054 7.7749 6.58248 5.34018 5.81173 7.62554 6.81557 8.09996 7.9889 8.22314 7.36092 5.7317 3.55343 2.28173 1.64727 0.513127 -9999 -9999 -9999 -9999 -9999 -9999 -9999 -9999 -9999 -9999 -9999 -9999 -9999 -9999 -9999 -9999 -9999 -9999 -9999 -9999 -9999 -9999 -9999 -9999 -9999 -9999 -9999 -9999 -9999 -9999 -9999 -9999 -9999 -9999 -9999 -9999 -9999 -9999 -9999 -9999 -9999 -9999
-9999 -9999 -9999 7.98004 8.56368 9.81597 10.4609 10.7223 11.3562 11.3557 11.0221 10.7698 10.4045 9.92781 9.14317 8.27764 7.15601 7.05023 8.20968 8.22179 7.97686 8.16535 8.75992 8.60034 7.26774 4.97071 3.75455 1.28531 0.226691 0.333151 -0.417683 -9999 -9999 -9999 -9999 -9999 -9999 -9999 -9999 -9999 -9999 -9999 -9999 2.42646 -9999 -9999 -9999 -9999 -9999 -9999 -9999 -9999 -9999 -9999 -9999 -9999 -9999 -9999 -9999 -9999 -9999 -9999 -9999 -9999 -2.12595 -9999 -9999 -9999 -9999 -9999 -9999 -9999
-9999 -9999 7.87428 8.65658 9.26446 10.0488 10.1227 10.5885 11.3177 11.3266 11.0895 10.8219 10.2223 10.0723 9.62475 8.6852 8.49127 8.86906 9.04186 9.238 9.35792 9.25656 9.01258 8.69795 7.83957 6.77194 6.05481 3.79855 2.65757 1.56523 -0.0871642 -1.38016 -9999 -9999 -9999 -9999 -9999 -9999 -9999 1.57943 1.5162 1.54359 1.90373 2.90137 2.3121 -9999 -9999 -9999 -9999 -9999 -9999 -9999 -9999 -9999 -9999 -9999 -9999 -9999 -9999 -9999 -9999 -9999 -9999 -9999 -1.21714 -2.51988 -9999 -9999 -9999 -9999 -9999 -9999
-9999 -9999 8.09336 8.91553 9.32533 10.0872 10.5225 10.8063 11.058 11.2985 11.2561 10.9601 10.5107 10.5117 9.89294 9.55832 9.31873 9.83048 9.92984 9.7214 9.46053 9.22962 8.58063 8.50365 8.29284 7.61455 6.50242 5.35653 3.70311 1.46059 -0.738609 -2.51275 -9999 -9999 -9999 -9999 -9999 -9999 1.77479 2.60324 3.09875 2.03914 2.9407 3.76458 3.63068 2.82857 -9999 -9999 -9999 -9999 -9999 -9999 -9999 -9999 -9999 -9999 -9999 -9999 -9999 -9999 4.96298 3.62765 0.932788 -0.449905 -1.2806 -2.46548 -9999 -9999 -9999 -9999 -9999 -9999
-9999 -9999 7.93496 8.90649 9.56424 10.148 10.2402 10.8393 11.0981 11.2266 11.2096 11.1496 11.0653 10.5251 10.2916 9.47593 10.2522 10.2205 10.0213 9.23913 8.89884 7.55761 6.96624 6.83427 7.95847 7.12441 5.38499 3.21105 0.600299 0.428208 -0.436745 -2.02248 -9999 -9999 -9999 -9999 -9999 -9999 2.03904 2.92521 3.66449 3.7704 2.71707 4.18252 4.12481 3.30156 3.11308 3.78411 4.12331 3.86813 4.66922 4.90262 4.538 4.93385 -9999 -9999 -9999 -9999 5.15932 5.21066 5.24869 4.69067 1.74679 -0.264782 -2.07151 -2.24034 -9999 -9999 -9999 -9999 -9999 -9999
-9999 -9999 8.61358 9.21129 9.513 9.56091 10.0849 10.6085 10.929 11.1634 11.1143 11.0935 11.0713 10.8853 10.4555 10.5304 10.4936 10.2417 8.75481 7.01968 7.77281 6.74147 4.53834 6.32682 7.30803 6.36327 4.25592 1.81269 1.01303 1.04433 -0.157987 -1.70346 -9999 -9999 -9999 -0.375529 0.89452 1.00355 1.37672 2.55931 3.45841 4.13448 4.5948 4.57979 4.08927 3.28387 2.40868 2.71766 4.28592 4.66682 4.98759 5.22955 4.89093 5.06496 5.48283 5.69773 5.73955 5.63845 5.61341 5.64513 5.5923 5.07134 2.4378 0.929192 -0.0344275 -1.96932 -9999 -9999 -9999 -9999 -9999 -9999
-9999 -9999 8.24354 8.76321 9.18393 9.88167 9.95466 10.3968 10.6591 11.0478 11.0904 10.6311 11.0075 10.9568 10.884 10.7319 10.5098 9.25419 7.5245 5.79054 4.98885 5.32849 4.00176 4.68099 5.67531 5.31008 4.0184 1.84166 1.53373 1.02746 -0.994475 -2.94028 -9999 -9999 -2.83358 -0.395214 1.32117 2.20564 2.47834 2.50277 3.63601 3.72304 4.94312 4.6564 3.03736 3.21689 2.58463 2.98989 3.56398 3.71999 4.54691 5.34123 5.48987 5.4915 5.75688 5.8098 5.82181 5.81256 5.62887 5.70919 5.71916 5.39324 3.48417 2.55166 1.52563 -1.93666 -9999 -9999 -9999 -9999 -9999 -9999
-9999 -9999 8.51512 9.09623 9.73278 9.8349 10.3062 10.2554 10.1203 10.7778 11.0166 10.6918 10.4574 10.8841 10.8523 10.7932 10.6971 9.51707 8.1518 6.08616 4.80184 4.01657 3.45778 2.71435 3.22422 3.06622 2.85506 3.09491 2.49584 1.30196 0.118195 -2.09686 -3.29525 -9999 -2.6951 -1.59557 0.446023 2.18067 3.28105 2.88267 4.1715 4.40878 5.15258 4.71321 3.72908 3.30503 3.26535 3.13441 4.00195 4.58407 4.9954 5.26936 5.61049 5.69599 5.78185 5.81649 5.8343 5.8522 5.84528 5.83577 5.79438 5.67001 4.79056 3.86078 1.85285 -1.81574 -9999 -9999 -9999 -9999 -9999 -9999
-9999 6.8238 8.45362 9.42913 9.80609 10.0778 10.3172 10.4902 10.6721 10.8407 10.9571 10.9045 10.0471 10.115 10.2666 10.7499 10.7129 10.604 9.85639 7.34343 6.47405 5.20493 3.56113 2.87375 3.21525 4.55987 4.49856 3.6061 2.61169 1.23767 0.362829 -0.995583 -3.60286 -3.36999 -2.19799 -1.32641 0.0605362 2.18126 3.6672 4.32902 4.57756 5.09921 5.36895 4.76728 4.19416 3.95212 3.5057 3.44108 3.4426 3.96613 4.37444 5.28415 5.58911 5.72687 5.79662 5.83321 5.85915 5.88446 5.89157 5.87141 5.86951 5.85938 5.79276 4.55466 1.46141 -0.870641 -9999 -9999 -9999 -9999 -9999 -9999
-9999 -9999 8.15753 8.58592 8.69714 8.8927 9.29435 9.75758 10.4147 10.4981 10.8592 10.8553 10.1159 9.26239 10.002 10.2943 10.5974 10.604 10.5056 8.39392 7.2882 6.41737 4.84119 5.40799 5.94612 5.98587 5.65924 3.74712 1.84279 -0.352635 -2.40398 -2.50331 -3.60801 -3.02601 -2.25236 -0.263792 1.135 1.701 2.10682 4.2624 4.82196 5.01232 5.56243 4.80689 4.61363 4.04547 4.21183 4.16048 4.16204 2.59222 4.16423 4.25561 5.27889 5.73789 5.8401 5.86677 5.89515 5.89786 5.90143 5.89414 5.90172 5.88389 5.86386 5.05809 1.13632 -0.835662 -9999 -9999 -9999 -9999 -9999 -9999
-9999 -9999 -9999 -9999 8.29719 8.62381 8.83279 9.19526 10.3084 10.6072 10.8052 10.8206 10.4902 9.64489 9.42081 9.57303 8.74817 9.43407 10.3732 10.3476 10.2314 8.37489 7.42494 8.34218 8.06164 6.66624 5.56791 4.48396 2.25466 0.622614 -1.72816 -3.49382 -3.56172 -1.61612 -0.000672465 2.01157 2.89834 2.39051 2.93628 4.00605 5.22129 5.80775 5.66675 4.87043 4.75672 3.88173 4.73787 4.80961 4.40897 4.06255 4.19877 4.70415 4.89593 5.69605 5.88842 5.92061 5.92487 5.92607 5.9203 5.91314 5.90076 5.88953 5.87542 5.83629 1.80511 -1.33319 -9999 -9999 -9999 -9999 -9999 -9999
-9999 -9999 -9999 -9999 7.52943 7.72801 8.25168 9.59813 10.3021 10.5857 10.5747 10.7049 10.4713 9.72763 8.96409 8.24379 7.31554 7.84305 9.24211 10.0661 10.1581 8.53051 9.37547 9.05734 8.43171 6.60719 5.26236 4.54896 2.40873 0.576383 -0.987953 -3.14756 -2.22583 -1.21068 0.0935519 2.28904 3.76971 4.37678 3.86353 4.54664 5.94539 5.9511 5.18285 5.23065 4.76143 3.56644 4.80678 5.15463 4.87131 4.94286 4.83664 5.02374 5.3659 5.6931 5.91002 5.93761 5.93884 5.92952 5.92675 5.92498 5.90682 5.90525 5.89114 5.86777 3.26476 -1.38647 -9999 -9999 -9999 -9999 -9999 -9999
-9999 -9999 -9999 -9999 -9999 6.83042 8.02669 9.81436 10.2565 10.2147 10.5826 10.6129 10.2552 9.94436 9.01796 7.75291 5.32486 5.9408 7.22853 9.08639 10.062 9.9284 9.38353 8.43765 6.15084 4.1495 3.90559 3.57718 2.015 0.603758 -1.13531 -0.129695 0.971885 2.17705 2.80938 2.64289 3.91134 4.94507 4.50328 5.34177 6.32027 5.87357 5.60859 5.38596 4.84409 4.80976 4.86446 5.56826 5.07875 5.37725 5.38366 5.36521 5.5308 5.72162 5.92208 5.95323 5.95151 5.95257 5.92664 5.93237 5.91813 5.904 5.8908 5.87039 5.63233 3.12491 1.62611 -9999 -9999 -9999 -9999 -9999
-9999 -9999 -9999 -9999 -9999 5.73184 6.32786 8.4452 9.09748 10.0321 10.5276 10.5488 9.94624 9.60971 8.23022 7.78135 5.53531 4.51732 5.37766 5.04581 7.60495 9.86948 9.37529 4.79977 3.14187 1.95912 2.26172 2.26369 1.82821 -0.573958 -1.23718 0.91218 2.26493 3.31259 4.10681 4.27079 4.24144 5.85955 6.07278 6.59709 6.48062 6.52739 5.70753 5.1995 5.63908 5.12745 5.03877 5.76592 5.04689 5.69458 5.61688 5.42053 5.40878 5.83468 5.91943 5.96304 5.96358 5.94449 5.92054 5.90567 5.91699 5.90799 5.88171 5.88035 5.8545 5.5523 4.25423 3.79893 4.29823 -9999 -9999 -9999
-9999 -9999 -9999 -9999 -9999 -9999 4.35821 7.3012 8.64429 9.3496 10.3431 10.4614 10.1407 9.55931 8.15414 6.91824 4.91027 2.61744 1.40212 5.03251 8.19215 9.84068 9.623 5.81417 4.31041 4.2398 5.12399 4.3763 3.80902 1.98348 1.43691 0.677508 1.14335 2.60454 3.79723 4.94754 5.78326 5.84957 6.3911 6.70138 6.72495 6.82078 6.7227 6.64241 5.85063 6.39431 5.9302 6.17436 6.01494 5.87092 5.74713 5.29402 5.6115 5.89237 5.96333 5.98348 5.96398 5.95753 5.94307 5.91409 5.89938 5.89503 5.88986 5.87289 5.87019 5.85178 5.70401 4.9221 3.87622 2.55559 -9999 -9999
-9999 -9999 -9999 -9999 -9999 -9999 2.89339 5.82191 7.2316 9.04745 9.98157 10.3597 10.3075 9.83598 8.7678 7.16116 5.82253 3.26321 0.60596 4.41625 7.811 9.64234 9.73838 6.53788 7.4241 6.70625 6.9947 5.68126 5.13512 4.70377 3.76021 2.72835 1.59997 1.00194 3.68188 5.05695 6.16307 6.68347 6.97669 7.12198 7.04128 6.83756 5.64464 6.55078 6.49968 6.40759 6.30233 6.25065 6.15519 6.043 5.97655 5.95167 5.65012 5.9884 5.97802 5.98007 5.97908 5.9676 5.94809 5.93073 5.9099 5.90731 5.89299 5.87883 5.86831 5.85982 5.84762 5.80224 5.59269 3.82003 2.75882 2.45924
-9999 -9999 -9999 -9999 -9999 -9999 -1.21772 3.04336 6.46808 8.25538 9.71029 10.1083 10.2555 9.62367 9.1506 7.99837 6.90728 5.22517 2.70662 1.15546 4.00797 8.15583 9.68412 9.56406 9.46743 8.63756 7.88965 7.79444 7.84969 6.9799 5.71281 4.05574 3.53762 2.95542 4.95094 5.21974 5.07156 7.26565 7.26837 7.14125 6.29865 5.35675 5.53335 4.94901 5.39227 4.69619 5.33277 5.88288 6.08733 6.06864 5.99428 5.98412 5.9489 6.00513 6.00155 5.98942 5.97948 5.9729 5.96201 5.93384 5.91672 5.92336 5.90297 5.8875 5.87185 5.86588 5.85853 5.82425 5.7929 5.51819 5.10649 4.32354
-9999 -9999 -9999 -9999 -9999 -9999 -1.02763 2.55575 5.59494 7.41786 9.16941 9.57412 10.1637 10.0338 9.53837 8.53654 7.28552 5.9008 3.73985 2.13348 4.04106 6.79412 8.76562 9.47209 9.46326 9.41478 9.2263 9.14923 8.92983 8.7738 7.86366 6.29833 5.41279 4.11758 6.34166 6.58916 6.23854 7.34722 7.28906 5.60643 4.31221 4.14898 4.93614 4.18452 4.04971 3.5808 4.10637 5.51804 5.10484 5.18441 5.82399 5.92731 5.99202 6.00765 6.00056 5.99485 5.98132 5.98033 5.97932 5.95161 5.93741 5.92912 5.90223 5.89456 5.87522 5.85857 5.84395 5.82432 5.79551 5.71556 5.62846 5.71455
-9999 -9999 -9999 -9999 -9999 -9999 -0.947313 1.4605 4.19525 6.88001 8.75065 9.50388 10.0517 10.0436 9.46808 8.96901 8.18401 6.96551 6.12926 4.67887 2.68907 6.02128 7.04203 7.95364 8.33805 9.28797 9.26354 8.82648 8.31778 8.78566 8.64594 7.40637 6.99732 6.30797 7.54389 7.5444 7.50757 7.43869 6.01672 4.04121 2.46177 3.59443 3.35511 3.87537 2.25829 3.58635 4.6532 4.99793 4.26952 3.7285 5.39375 5.66707 5.82876 5.93141 5.99794 5.97867 5.99313 5.9808 5.97341 5.96555 5.94879 5.93767 5.92073 5.90345 5.88589 5.87105 5.84958 5.8241 5.82 5.77532 5.75657 5.73907
-9999 -9999 -9999 -9999 -9999 -9999 -9999 0.0444187 3.51211 6.60741 8.32966 9.41189 9.9379 9.926 9.63057 9.29091 8.80328 7.92359 6.81919 5.07522 3.78031 4.60002 5.60008 5.71204 6.37709 8.30803 8.96676 8.02979 5.71549 7.07921 8.59978 8.57288 8.44069 8.29302 8.10263 7.93257 7.56334 6.57847 3.56642 2.97382 1.79104 1.92309 1.31537 2.63766 2.13991 3.49682 4.08367 4.30385 3.04514 3.30999 4.78377 5.36574 5.26624 5.62242 5.96176 5.9706 5.97804 5.96682 5.97187 5.97229 5.9643 5.94717 5.93363 5.92309 5.89195 5.89029 5.776 5.70093 5.55119 5.73132 5.74646 5.75166
-9999 -9999 -9999 -9999 -9999 -9999 -9999 -0.640401 2.81983 6.46553 7.63454 8.80145 9.80827 9.82567 9.37543 8.9472 8.50627 8.00468 6.66546 5.36689 4.12717 3.71013 3.95824 3.93722 5.01382 7.52975 8.01571 7.80629 5.38982 4.57018 6.60224 8.30961 8.44195 8.28463 6.27048 6.69666 5.60907 4.13491 3.72764 3.08128 1.7178 2.37108 1.37185 1.79736 1.68144 2.45083 2.82486 3.74029 2.64298 2.64716 4.09419 4.82307 4.83908 5.60418 5.87553 5.94503 5.96092 5.97176 5.97303 5.98314 5.97419 5.96107 5.94434 5.90593 5.81684 5.54498 4.08495 4.08467 4.48212 4.85815 5.54405 5.73347
-9999 -9999 -9999 -9999 -9999 -9999 -9999 -0.235907 2.16458 5.39922 7.79465 7.94308 9.10653 9.70604 9.21667 8.66602 8.10279 7.85557 6.3982 4.79763 3.50421 1.9736 2.22407 3.32061 5.1146 6.73921 7.02846 6.69077 5.39552 6.00529 7.39048 8.12497 8.33998 8.16674 7.7263 7.47086 6.66941 6.32083 5.20869 3.47104 2.78537 3.21626 1.37172 1.49843 2.17768 1.45232 2.6434 3.21227 1.79583 2.91888 4.19848 4.8516 5.42234 5.69137 5.79733 5.961 5.96333 5.97527 5.98092 5.9766 5.97465 5.94592 5.92181 5.76534 5.53542 4.17635 3.60547 3.71433 4.33963 4.88693 5.45818 5.69124
-9999 -9999 -9999 -9999 -9999 -9999 -9999 0.177532 2.33859 5.14294 6.85018 7.1538 8.4443 9.59161 9.46108 8.88827 8.71248 8.11906 6.88277 5.5175 4.02549 3.2994 1.63215 3.27072 4.56628 5.94179 6.58445 5.52042 4.98438 5.92855 6.86712 7.24074 8.18854 8.17738 7.86565 6.52882 5.87584 6.1488 5.86708 5.37533 4.17861 4.12333 3.35386 3.03392 2.73159 1.75441 2.37436 2.43442 2.60156 3.94891 4.61384 5.05398 5.45413 5.55763 5.73047 5.95539 5.97336 5.97951 5.97652 5.9788 5.96015 5.89362 5.83723 5.52433 4.97192 3.94282 2.27283 3.44415 4.66908 5.03142 5.38617 5.56912
-9999 -9999 -9999 -9999 -9999 -9999 -9999 -0.187142 2.10867 4.50509 5.50573 5.67379 8.01117 9.44155 9.44192 9.1693 8.85131 7.3882 7.47219 7.17824 5.83213 3.87217 1.71979 1.92002 3.20003 5.01626 5.61644 3.8573 3.23401 3.68948 5.10969 6.38071 7.70787 8.04342 7.65138 5.57168 3.36171 4.38365 5.47574 5.46762 5.14453 4.03453 3.68063 3.36005 2.54958 1.17796 1.3774 1.75582 3.28652 3.76844 4.51415 5.13312 4.89685 5.03174 5.62382 5.96268 5.97352 5.97759 5.9868 5.97696 5.9546 5.82402 5.68584 5.45529 4.01822 3.12381 1.82085 3.32799 4.1623 4.60418 5.39832 5.5859
-9999 -9999 -9999 -9999 -9999 -9999 -9999 -0.894646 0.770761 3.06117 3.98294 5.45458 7.66329 8.74856 9.26774 9.25424 9.04163 8.38543 7.99023 7.21326 5.81296 3.8989 1.77146 0.38596 1.08792 3.53258 4.11144 2.48748 1.66079 2.68652 4.2002 6.4423 7.72247 7.8936 7.77561 7.34513 5.73111 3.78147 3.78603 4.76079 3.94143 2.98943 3.5098 3.411 2.61068 2.02794 1.67162 1.89132 2.7633 3.12182 3.9836 5.25653 5.43709 5.39885 5.93361 5.95844 5.96895 5.98717 5.98449 5.97751 5.95933 5.85245 5.61557 4.65834 3.82331 2.66242 2.51699 3.85565 4.43999 4.98511 5.37349 5.49845
-9999 -9999 -9999 -9999 -9999 -9999 -9999 -2.11561 -0.155852 1.98957 3.99828 5.89863 7.5339 7.65832 8.51984 8.51672 8.96722 8.83568 8.22729 7.5726 6.36585 3.90749 1.84008 -0.414443 0.177858 2.67153 2.9969 1.90828 -0.101618 1.97024 4.2552 6.32587 7.44589 6.56436 7.46379 7.38772 6.78168 5.62024 3.81549 3.84751 2.49449 2.43361 3.1253 3.34838 3.23068 2.79269 2.09371 2.21288 2.74202 2.8747 3.66649 4.65351 5.61844 5.77888 5.96129 5.9672 5.96819 5.98124 5.98114 5.95893 5.90739 5.79568 4.99287 4.0385 3.44975 2.64026 2.54015 4.0864 4.69964 5.0414 5.37662 5.50751
-9999 -9999 -9999 -9999 -9999 -9999 -9999 -9999 -0.353154 1.86331 3.50285 3.94275 5.39602 6.17978 6.78582 6.91855 8.65191 8.7456 8.35917 7.75763 6.72812 4.86223 3.56169 1.39909 -0.155799 0.481182 0.77723 1.34637 1.17636 2.09941 4.29511 6.58269 6.83053 5.37418 5.58755 5.88981 6.56973 6.22165 3.76327 2.51318 1.47514 2.20878 2.98064 3.16574 3.20102 3.04945 2.87447 2.57874 3.61191 4.37583 4.55127 5.21711 5.70816 5.84228 5.94284 5.95349 5.96438 5.96258 5.93187 5.90902 5.78322 5.50383 4.60604 2.44987 2.54829 2.31312 1.64085 3.15126 4.10148 4.95451 5.40667 5.52162
-9999 -9999 -9999 -9999 -9999 -9999 -9999 -9999 -1.08806 1.47675 2.01675 1.97425 1.12215 1.51125 4.65995 5.29231 6.95454 8.52842 8.41077 7.82056 6.85719 5.7452 4.02458 1.59261 -0.340115 -1.15363 0.921856 2.95966 3.37938 4.02924 5.37403 5.62811 4.13985 2.74404 3.52462 3.99394 5.78789 6.1135 5.76214 4.27994 2.58552 1.69988 2.74015 2.87711 2.93727 2.94724 2.91271 2.86862 4.03582 4.6795 5.12535 5.36712 5.78844 5.89472 5.92738 5.95801 5.94837 5.92455 5.85567 5.7776 5.44068 5.03321 3.56394 2.33861 1.57367 0.603259 2.78306 3.42565 4.31888 4.89468 5.34442 5.4411
