Test_Spring_2018/12_17/Temp/20171214_004.txt
ncols	170
nrows	115
xllcorner	350000.000000
yllcorner	4445000.000000
cellsize	1000.000000
nodata_value	-9999.000000
[rows 32 to 63 of 115, columns 72 to 143 of 170]
10.741 10.4282 10.9048 11.3435 11.0795 10.9019 11.6264 11.6238 11.3738 10.7898 10.5737 10.3498 10.2113 9.46265 7.3674 5.47823 6.48576 6.50668 5.80485 7.05505 6.39019 4.6605 2.21998 3.54242 3.195 1.46951 1.04343 -9999 -9999 -9999 -9999 -9999 -9999 -9999 -9999 -9999 -9999 -9999 -9999 -9999 -9999 -9999 -9999 -9999 -9999 -9999 -9999 -9999 -9999 -9999 -9999 -9999 -9999 -9999 -9999 -9999 -9999 -9999 -9999 -9999 -9999 -9999 -9999 -9999 -9999 -9999 -9999 -9999 -9999 -9999 -9999 -9999
10.3291 10.1932 10.9028 10.8853 10.8418 11.104 11.5538 11.6411 11.542 11.2858 11.0636 10.8273 10.232 9.37602 7.58244 5.43255 4.94258 5.99025 6.03765 6.20357 5.59735 4.83671 3.64841 4.61655 4.99093 3.85389 2.37057 1.41623 -9999 -9999 -9999 -9999 -9999 -9999 -9999 -9999 -9999 -9999 -9999 -9999 -9999 -9999 -9999 -9999 -9999 -9999 -9999 -9999 -9999 -9999 -9999 -9999 -9999 -9999 -9999 -9999 -9999 -9999 -9999 -9999 -9999 -9999 -9999 -9999 -9999 -9999 -9999 -9999 -9999 -9999 -9999 -9999
9.83708 9.14362 9.57028 9.89006 10.491 10.6505 10.7375 11.5846 11.5371 11.4951 11.1297 10.8369 10.3534 9.52943 8.35755 6.94715 4.49362 6.00157 7.18172 7.14845 7.08073 6.54694 5.40516 6.35529 6.39729 4.94769 3.30163 2.32703 1.92222 -9999 -9999 -9999 -9999 -9999 -9999 -9999 -9999 -9999 -9999 -9999 -9999 -9999 -9999 -9999 -9999 -9999 -9999 -9999 -9999 -9999 -9999 -9999 -9999 -9999 -9999 -9999 -9999 -9999 -9999 -9999 -9999 -9999 -9999 -9999 -9999 -9999 -9999 -9999 -9999 -9999 -9999 -9999
9.2773 8.43086 8.86017 9.434 10.2485 10.6715 10.9946 11.2463 11.5029 11.4698 11.0959 9.9966 9.83718 9.78683 9.01932 7.4118 5.80636 5.38817 7.19004 7.70361 7.59535 7.99545 7.02775 7.48087 7.29111 6.77738 5.19133 3.74359 3.1414 1.95416 -9999 -9999 -9999 -9999 -9999 -9999 -9999 -9999 -9999 -9999 -9999 -9999 -9999 -9999 -9999 -9999 -9999 -9999 -9999 -9999 -9999 -9999 -9999 -9999 -9999 -9999 -9999 -9999 -9999 -9999 -9999 -9999 -9999 -9999 -9999 -9999 -9999 -9999 -9999 -9999 -9999 -9999
-9999 -9999 7.90041 8.68605 9.33467 10.1308 10.8193 11.161 11.4928 11.4634 10.7187 10.353 10.3185 9.81467 8.92908 8.37208 7.36008 6.30581 6.70419 8.24029 7.55254 8.64001 8.54475 8.74221 8.01035 6.63314 4.78702 3.71137 3.17232 2.20968 -9999 -9999 -9999 -9999 -9999 -9999 -9999 -9999 -9999 -9999 -9999 -9999 -9999 -9999 -9999 -9999 -9999 -9999 -9999 -9999 -9999 -9999 -9999 -9999 -9999 -9999 -9999 -9999 -9999 -9999 -9999 -9999 -9999 -9999 -9999 -9999 -9999 -9999 -9999 -9999 -9999 -9999
-9999 -9999 -9999 8.54506 9.03912 10.1004 10.6552 10.8762 11.4129 11.4117 11.1281 10.9132 10.6024 10.1972 9.53086 8.79591 7.84386 7.75285 8.73425 8.74323 8.53439 8.69296 9.19578 9.05944 7.93095 5.98551 4.95368 2.86412 1.96554 2.05438 1.41651 -9999 -9999 -9999 -9999 -9999 -9999 -9999 -9999 -9999 -9999 -9999 -9999 3.80664 -9999 -9999 -9999 -9999 -9999 -9999 -9999 -9999 -9999 -9999 -9999 -9999 -9999 -9999 -9999 -9999 -9999 -9999 -9999 -9999 -0.106144 -9999 -9999 -9999 -9999 -9999 -9999 -9999
-9999 -9999 8.451 9.1157 9.6309 10.2957 10.3614 10.7607 11.3782 11.385 11.1832 10.9553 10.446 10.3175 9.93689 9.13913 8.97334 9.29214 9.43723 9.60214 9.70252 9.61541 9.40749 9.13973 8.41554 7.50964 6.90081 4.9885 4.02327 3.09599 1.69394 0.596417 -9999 -9999 -9999 -9999 -9999 -9999 -9999 3.09156 3.0365 3.05832 3.36224 4.20655 3.70587 -9999 -9999 -9999 -9999 -9999 -9999 -9999 -9999 -9999 -9999 -9999 -9999 -9999 -9999 -9999 -9999 -9999 -9999 -9999 0.66319 -0.445412 -9999 -9999 -9999 -9999 -9999 -9999
-9999 -9999 8.63592 9.33286 9.68034 10.3262 10.6952 10.9432 11.1561 11.3593 11.3225 11.0706 10.6885 10.688 10.1621 9.87705 9.67248 10.1048 10.1875 10.0095 9.78709 9.59016 9.03896 8.97266 8.79716 8.22132 7.27772 6.30546 4.90687 3.0047 1.13915 -0.366234 -9999 -9999 -9999 -9999 -9999 -9999 3.25573 3.95641 4.37498 3.47553 4.23845 4.9356 4.82102 4.13897 -9999 -9999 -9999 -9999 -9999 -9999 -9999 -9999 -9999 -9999 -9999 -9999 -9999 -9999 5.9168 4.7813 2.49322 1.31706 0.608549 -0.400339 -9999 -9999 -9999 -9999 -9999 -9999
-9999 -9999 8.49918 9.3229 9.88071 10.3758 10.4543 10.9666 11.1882 11.2965 11.2813 11.2293 11.1567 10.6975 10.4981 9.80516 10.4615 10.4331 10.2627 9.59839 9.30864 8.17061 7.66824 7.55922 8.51123 7.80342 6.3282 4.48462 2.27354 2.12715 1.39246 0.046729 -9999 -9999 -9999 -9999 -9999 -9999 3.47678 4.22639 4.85163 4.94014 4.04621 5.28726 5.23644 4.53757 4.37675 4.94445 5.23089 5.01515 5.68974 5.8862 5.5757 5.90964 -9999 -9999 -9999 -9999 6.08964 6.13005 6.15884 5.68208 3.18279 1.47343 -0.062561 -0.211633 -9999 -9999 -9999 -9999 -9999 -9999
-9999 -9999 9.07189 9.57895 9.8352 9.87635 10.3209 10.7693 11.043 11.2406 11.1983 11.1795 11.1595 11.0004 10.6345 10.6964 10.6635 10.4483 9.18637 7.71414 8.35105 7.47651 5.60978 7.12656 7.95745 7.15589 5.36889 3.29712 2.62099 2.64694 1.62628 0.31404 -9999 -9999 -9999 1.43208 2.5067 2.59733 2.91195 3.91277 4.67343 5.24596 5.63507 5.62228 5.20389 4.5203 3.77761 4.03862 5.36698 5.68893 5.95846 6.16239 5.87414 6.02042 6.37303 6.55338 6.58677 6.4987 6.47476 6.49855 6.45031 6.00492 3.76825 2.48499 1.66338 0.0113944 -9999 -9999 -9999 -9999 -9999 -9999
-9999 -9999 8.75296 9.1939 9.55114 10.1464 10.2088 10.5841 10.8101 11.1411 11.1764 10.786 11.1039 11.0594 10.996 10.8653 10.6752 9.60925 8.14145 6.67014 5.98915 6.27704 5.1514 5.72787 6.56985 6.26088 5.16494 3.31906 3.05706 2.62898 0.914352 -0.736627 -9999 -9999 -0.651962 1.4128 2.86566 3.6135 3.84294 3.8621 4.82123 4.89378 5.92684 5.68359 4.30893 4.46023 3.92468 4.26748 4.75372 4.88518 5.58661 6.25638 6.3813 6.38149 6.60504 6.64828 6.65652 6.6464 6.48802 6.55298 6.5579 6.27769 4.65525 3.86019 2.98488 0.0394688 -9999 -9999 -9999 -9999 -9999 -9999
-9999 -9999 8.98112 9.47424 10.0145 10.1019 10.5022 10.4629 10.352 10.9091 11.1123 10.8361 10.6361 10.9962 10.9675 10.9155 10.8322 9.83009 8.67107 6.91855 5.82843 5.16265 4.68793 4.05842 4.4898 4.35513 4.1754 4.37789 3.87048 2.85949 1.85461 -0.0240119 -1.04164 -9999 -0.537012 0.392888 2.12133 3.58971 4.52065 4.18141 5.27244 5.47237 6.10233 5.72917 4.89288 4.53326 4.49897 4.38738 5.12213 5.6161 5.9654 6.19676 6.48288 6.55438 6.62596 6.65387 6.66716 6.68014 6.67161 6.66042 6.62173 6.51223 5.7623 4.96889 3.26164 0.141331 -9999 -9999 -9999 -9999 -9999 -9999
-9999 7.54296 8.9266 9.75418 10.0746 10.306 10.51 10.6576 10.8155 10.9611 11.0593 11.0149 10.2868 10.3427 10.4694 10.8771 10.8437 10.7494 10.1138 7.9821 7.24451 6.16757 4.77319 4.19116 4.4799 5.61891 5.56626 4.80911 3.96544 2.80167 2.05988 0.906796 -1.30459 -1.10926 -0.117998 0.618632 1.79213 3.58769 4.84538 5.40474 5.61402 6.05537 6.28313 5.77302 5.28533 5.07956 4.70067 4.64545 4.64636 5.08974 5.43659 6.20811 6.46578 6.58003 6.63816 6.66787 6.68818 6.70752 6.71092 6.69068 6.68538 6.67259 6.6112 5.55659 2.92935 0.942143 -9999 -9999 -9999 -9999 -9999 -9999
-9999 -9999 8.6733 9.03727 9.13262 9.29961 9.64133 10.0352 10.596 10.667 10.9732 10.971 10.3436 9.61854 10.2435 10.4893 10.744 10.7476 10.6621 8.87108 7.93237 7.19295 5.85588 6.33685 6.79231 6.82538 6.54793 4.92659 3.31177 1.45174 -0.288276 -0.373976 -1.31138 -0.819878 -0.166299 1.51701 2.7005 3.17823 3.52036 5.3458 5.81892 5.97961 6.44511 5.80417 5.63861 5.15655 5.29716 5.25335 5.25444 3.9237 5.25702 5.33408 6.20091 6.58992 6.67449 6.69594 6.71843 6.71868 6.71911 6.70976 6.71243 6.6929 6.67096 5.98269 2.65296 0.970903 -9999 -9999 -9999 -9999 -9999 -9999
-9999 -9999 -9999 -9999 8.79156 9.06977 9.24835 9.557 10.5042 10.7581 10.9261 10.9389 10.6581 9.94112 9.74926 9.87618 9.17484 9.75404 10.5484 10.5249 10.4248 8.84991 8.04491 8.8216 8.58319 7.3999 6.46841 5.54908 3.65889 2.27634 0.282582 -1.21545 -1.27468 0.37253 1.74008 3.44342 4.19287 3.76039 4.22111 5.12652 6.15529 6.6514 6.53115 5.8557 5.7577 5.01565 5.74102 5.80164 5.46197 5.16831 5.28477 5.71289 5.87507 6.5527 6.71494 6.74086 6.74299 6.74201 6.73454 6.7253 6.71088 6.69693 6.67998 6.64138 3.21876 0.548118 -9999 -9999 -9999 -9999 -9999 -9999
-9999 -9999 -9999 -9999 8.13871 8.30847 8.75388 9.89665 10.4971 10.7382 10.7291 10.8393 10.6406 10.0091 9.36038 8.74772 7.95878 8.40376 9.58759 10.2842 10.3606 8.97967 9.69596 9.42558 8.89469 7.3477 6.20732 5.60211 3.78746 2.23514 0.907986 -0.923921 -0.144318 0.714269 1.81771 3.67654 4.92934 5.44185 5.00503 5.58248 6.76679 6.77065 6.11877 6.15881 5.75956 4.74633 5.7974 6.09214 5.85199 5.91269 5.82373 5.98217 6.27192 6.54879 6.73192 6.75423 6.75372 6.74386 6.73896 6.73421 6.71495 6.70914 6.69214 6.66681 4.45461 0.501612 -9999 -9999 -9999 -9999 -9999 -9999
-9999 -9999 -9999 -9999 -9999 7.54555 8.56107 10.0779 10.4565 10.4217 10.7339 10.7594 10.4556 10.191 9.40407 8.32974 6.26956 6.78949 7.87892 9.45178 10.2771 10.1624 9.70069 8.89821 6.95932 5.26246 5.05521 4.77633 3.45166 2.25627 0.781053 1.63199 2.56406 3.58372 4.11769 3.97446 5.04742 5.92154 5.54526 6.25438 7.08247 6.70286 6.47754 6.28836 5.82755 5.79811 5.84426 6.44072 6.02584 6.27894 6.28548 6.26974 6.40988 6.57119 6.74041 6.76575 6.76281 6.76174 6.7372 6.73884 6.72291 6.70645 6.69023 6.66739 6.45969 4.32377 3.04641 -9999 -9999 -9999 -9999 -9999
-9999 -9999 -9999 -9999 -9999 6.61212 7.11884 8.91501 9.47175 10.2646 10.6849 10.7028 10.1914 9.90505 8.73421 8.35167 6.44558 5.581 6.30819 6.02505 8.1925 10.1105 9.69167 5.81271 4.40684 3.40378 3.65974 3.66087 3.29117 1.25591 0.692596 2.51299 3.65798 4.54418 5.21539 5.35235 5.3253 6.69468 6.87371 7.31653 7.21651 7.25513 6.55946 6.12835 6.49937 6.06534 5.98995 6.60618 5.99675 6.54579 6.48103 6.3145 6.3043 6.66486 6.73598 6.77188 6.77082 6.75266 6.72984 6.71398 6.71974 6.70767 6.68042 6.67381 6.64605 6.37928 5.27213 4.87932 5.2957 -9999 -9999 -9999
-9999 -9999 -9999 -9999 -9999 -9999 5.44686 7.94275 9.08501 9.68347 10.5259 10.626 10.3539 9.85987 8.66719 7.61762 5.91338 3.96753 2.93659 6.01181 8.68822 10.084 9.89962 6.67046 5.39517 5.33471 6.08357 5.44927 4.96783 3.42136 2.95692 2.31191 2.70519 3.94204 4.95115 5.92404 6.63025 6.68437 7.1414 7.40323 7.42188 7.50204 7.41811 7.34948 6.67671 7.1371 6.74343 6.95022 6.81503 6.69297 6.58909 6.20486 6.47364 6.71121 6.77058 6.78647 6.76843 6.76097 6.74619 6.71855 6.70208 6.69405 6.6848 6.6651 6.6571 6.63092 6.49894 5.82945 4.93631 3.81047 -9999 -9999
-9999 -9999 -9999 -9999 -9999 -9999 4.20258 6.68605 7.88476 9.42439 10.217 10.5373 10.4923 10.0915 9.18447 7.82075 6.68392 4.51228 2.25759 5.4866 8.36317 9.91392 9.99404 7.28183 8.0322 7.42308 7.66693 6.55304 6.08948 5.72475 4.92383 4.0479 3.09014 2.58182 4.85136 6.01482 6.95028 7.38934 7.63593 7.7573 7.68808 7.51461 6.50264 7.27002 7.22491 7.14633 7.05673 7.01267 6.93158 6.83637 6.78102 6.75963 6.50362 6.78967 6.77991 6.78048 6.77807 6.76631 6.74724 6.72948 6.70828 6.70271 6.68458 6.66745 6.65303 6.63534 6.61851 6.57354 6.38948 4.88071 3.97519 3.71498
-9999 -9999 -9999 -9999 -9999 -9999 0.715165 4.32789 7.23523 8.75051 9.98404 10.321 10.445 9.9083 9.5058 8.52732 7.60042 6.17242 4.03541 2.71839 5.13654 8.65053 9.94598 9.84474 9.76198 9.05783 8.42319 8.3418 8.38789 7.65161 6.57666 5.1708 4.73064 4.23542 5.92493 6.1508 6.0232 7.88092 7.88134 7.77184 7.05609 6.25749 6.40619 5.91062 6.28436 5.69373 6.2328 6.69866 6.87165 6.85553 6.79336 6.78408 6.75374 6.80056 6.79657 6.78501 6.77493 6.76728 6.75553 6.72864 6.71068 6.7124 6.69166 6.67389 6.65342 6.63793 6.62553 6.59026 6.55753 6.31865 5.96385 5.29412
-9999 -9999 -9999 -9999 -9999 -9999 0.873719 3.9154 6.49188 8.03773 9.5222 9.8648 10.3638 10.2525 9.83113 8.98024 7.91791 6.74211 4.90833 3.54464 5.15945 7.49421 9.16373 9.76311 9.75629 9.71435 9.55379 9.48775 9.30103 9.16986 8.39724 7.06987 6.31773 5.21823 7.10153 7.30943 7.01033 7.94813 7.89701 6.46912 5.37059 5.23087 5.89833 5.26043 5.14399 4.74628 5.19112 6.3871 6.03582 6.10294 6.64589 6.73294 6.787 6.79938 6.79227 6.78604 6.77283 6.76988 6.7665 6.74007 6.72467 6.71389 6.68696 6.67699 6.6558 6.63116 6.6109 6.58839 6.55812 6.48459 6.40396 6.47095
-9999 -9999 -9999 -9999 -9999 -9999 0.937197 2.98383 5.3021 7.57844 9.16376 9.8017 10.2652 10.2573 9.76807 9.34342 8.67621 7.64144 6.93061 5.69927 4.0108 6.83336 7.70061 8.47394 8.79853 9.60279 9.58129 9.21009 8.78194 9.17739 9.0587 8.00665 7.65841 7.07249 8.1183 8.11692 8.08387 8.02366 6.81665 5.14056 3.80031 4.75896 4.55492 4.99659 3.62361 4.74754 5.65114 5.94278 5.32525 4.86618 6.27835 6.50924 6.64542 6.73139 6.78653 6.76868 6.77913 6.76652 6.75774 6.7482 6.73074 6.71772 6.69943 6.68056 6.66222 6.63913 6.61544 6.58735 6.57811 6.53282 6.51155 6.49095
-9999 -9999 -9999 -9999 -9999 -9999 -9999 1.779 4.71946 7.34303 8.80261 9.71944 10.1646 10.1534 9.90176 9.61234 9.19731 8.44985 7.51187 6.03179 4.93241 5.62548 6.47575 6.57152 7.13415 8.76983 9.32727 8.53226 6.57222 7.7283 9.01591 8.99181 8.87836 8.75167 8.58957 8.4437 8.12898 7.29246 4.73777 4.23297 3.22892 3.33944 2.8231 3.94474 3.52031 4.6695 5.16612 5.35205 4.28454 4.50983 5.75829 6.25069 6.16536 6.46611 6.75237 6.75824 6.76266 6.75097 6.75275 6.75028 6.74038 6.72234 6.70707 6.69408 6.66453 6.65228 6.55012 6.48111 6.34878 6.49608 6.50365 6.50049
-9999 -9999 -9999 -9999 -9999 -9999 -9999 1.1963 4.12921 7.21917 8.20972 9.19828 10.0509 10.0646 9.6818 9.31741 8.94209 8.51524 7.37837 6.27594 5.22346 4.86837 5.07717 5.06489 5.97629 8.10773 8.51865 8.34021 6.29504 5.59916 7.32027 8.76611 8.87687 8.74203 7.03328 7.39287 6.46937 5.2182 4.87134 4.3219 3.16472 3.71705 2.86886 3.22843 3.12962 3.78074 4.09686 4.87193 3.94106 3.94527 5.17094 5.7877 5.80012 6.44732 6.67583 6.73304 6.74456 6.75155 6.75014 6.75594 6.7453 6.73086 6.71309 6.67671 6.59714 6.36363 5.1147 5.10943 5.44123 5.75489 6.33078 6.48425
-9999 -9999 -9999 -9999 -9999 -9999 -9999 1.53578 3.57034 6.31178 8.34175 8.46699 9.45235 9.95951 9.54356 9.07549 8.59661 8.38549 7.1486 5.79033 4.69245 3.39359 3.60446 4.53256 6.05928 7.43518 7.67931 7.39207 6.29737 6.81299 7.98579 8.60701 8.78785 8.63953 8.26469 8.04658 7.36567 7.06859 6.12436 4.65 4.06737 4.43122 2.86656 2.97284 3.54757 2.93217 3.94071 4.42192 3.22043 4.17305 5.25653 5.80893 6.29141 6.51802 6.60625 6.74319 6.74318 6.75109 6.75342 6.74706 6.74247 6.71495 6.69111 6.55488 6.35621 5.20031 4.70634 4.79389 5.31912 5.77825 6.25477 6.4477
-9999 -9999 -9999 -9999 -9999 -9999 -9999 1.88282 3.71434 6.09099 7.53759 7.79433 8.88735 9.85884 9.74708 9.26029 9.10991 8.60546 7.55607 6.39736 5.13124 4.51437 3.09985 4.48741 5.59203 6.75675 7.30036 6.4019 5.94635 6.74537 7.53959 7.85492 8.65685 8.64594 8.38021 7.24557 6.69055 6.92034 6.68001 6.26171 5.24596 5.19776 4.54432 4.27201 4.01473 3.18595 3.71032 3.76018 3.90115 5.04348 5.60586 5.97763 6.31541 6.40162 6.54645 6.73526 6.74848 6.75148 6.74652 6.74583 6.72718 6.66777 6.61674 6.34813 5.87634 5.00037 3.57499 4.56336 5.59711 5.89709 6.19283 6.34349
-9999 -9999 -9999 -9999 -9999 -9999 -9999 1.57033 3.51601 5.54684 6.39448 6.53628 8.51662 9.72805 9.72727 9.495 9.22416 7.98266 8.05243 7.80185 6.65949 4.99687 3.17122 3.33969 4.42628 5.96969 6.47725 4.98971 4.46017 4.84494 6.04737 7.12332 8.24679 8.52975 8.19596 6.43171 4.55704 5.4217 6.34585 6.33751 6.06227 5.12013 4.81894 4.54608 3.85808 2.6927 2.86295 3.18258 4.48073 4.88796 5.51873 6.042 5.84027 5.95302 6.45314 6.73849 6.74565 6.74689 6.75232 6.74142 6.71973 6.60614 6.48595 6.28731 5.0659 4.30432 3.18939 4.46349 5.16643 5.53347 6.20228 6.35707
-9999 -9999 -9999 -9999 -9999 -9999 -9999 0.967289 2.3786 4.31954 5.1003 6.34699 8.21826 9.1372 9.57618 9.56358 9.38213 8.82463 8.48832 7.82842 6.6402 5.01656 3.2121 2.03655 2.63036 4.70951 5.20105 3.82608 3.12412 3.99221 5.27384 7.17285 8.25649 8.40008 8.29859 7.93222 6.56269 4.90871 4.91112 5.7359 5.04006 4.23187 4.67172 4.58684 3.90745 3.41253 3.10998 3.29551 4.03483 4.33744 5.06653 6.14404 6.29556 6.26151 6.71302 6.73218 6.73905 6.75231 6.7477 6.73929 6.72123 6.62785 6.42413 5.60972 4.89877 3.91151 3.78486 4.90946 5.39772 5.85537 6.18047 6.28237
-9999 -9999 -9999 -9999 -9999 -9999 -9999 -0.0709205 1.58988 3.40792 5.10995 6.71999 8.10523 8.20976 8.93894 8.93516 9.3158 9.20306 8.68611 8.12993 7.10582 5.02089 3.26737 1.35528 1.85617 3.97171 4.2565 3.33253 1.62768 3.38244 5.31779 7.07147 8.01936 7.27072 8.03159 7.96563 7.45047 6.46458 4.93347 4.95924 3.8111 3.75825 4.34334 4.53131 4.43051 4.05829 3.46294 3.56576 4.01445 4.12561 4.79536 5.6305 6.44682 6.58116 6.734 6.73712 6.73594 6.74484 6.74246 6.72121 6.67495 6.57756 5.89428 5.08242 4.58036 3.89111 3.80304 5.10303 5.61667 5.90219 6.18244 6.28954
-9999 -9999 -9999 -9999 -9999 -9999 -9999 -9999 1.41941 3.29768 4.68681 5.059 6.28997 6.95335 7.466 7.57739 9.04539 9.1236 8.79484 8.28374 7.40992 5.82722 4.72373 2.8896 1.57058 2.11483 2.37247 2.85361 2.70822 3.48926 5.34894 7.28645 7.49507 6.25922 6.43858 6.69329 7.26811 6.97163 4.88653 3.82562 2.9445 3.56511 4.21819 4.37401 4.4029 4.27347 4.12302 3.875 4.74946 5.39566 5.54302 6.10593 6.52061 6.63264 6.71612 6.72327 6.73049 6.72684 6.69855 6.6768 6.56767 6.32823 5.56454 3.73416 3.81465 3.61231 3.03945 4.31295 5.10849 5.82776 6.20729 6.30107
-9999 -9999 -9999 -9999 -9999 -9999 -9999 -9999 0.793385 2.96695 3.42416 3.38748 2.66444 2.99331 5.66109 6.19597 7.6037 8.93651 8.83559 8.33414 7.51642 6.57276 5.11327 3.05086 1.41164 0.725953 2.48691 4.21834 4.57282 5.12229 6.26074 6.47466 5.21176 4.02719 4.68731 5.0836 6.60266 6.8772 6.57802 5.32039 3.88298 3.13115 4.01177 4.12683 4.17686 4.18441 4.15491 4.11589 5.10655 5.65088 6.02746 6.23097 6.58657 6.67504 6.70098 6.7251 6.71495 6.69266 6.63206 6.56354 6.27552 5.92758 4.67958 3.63823 2.98704 2.16163 4.00626 4.54425 5.29119 5.77634 6.15399 6.23244
