Test_Spring_2018/12_17/Temp/20171204_020.txt
ncols	170
nrows	115
xllcorner	350000.000000
yllcorner	4445000.000000
cellsize	1000.000000
nodata_value	-9999.000000
[rows 31 to 61 of 115, columns 71 to 141 of 170]
7.75099 7.99459 7.54658 7.59621 8.69078 8.94467 8.9336 8.85381 8.75521 8.24422 8.07602 7.67401 6.96269 6.66663 5.39794 1.28789 2.45542 2.91387 1.72438 2.39322 3.47986 2.5394 -0.257638 -1.46049 -3.39985 -2.77967 -3.35434 -4.91475 -9999 -9999 -9999 -9999 -9999 -9999 -9999 -9999 -9999 -9999 -9999 -9999 -9999 -9999 -9999 -9999 -9999 -9999 -9999 -9999 -9999 -9999 -9999 -9999 -9999 -9999 -9999 -9999 -9999 -9999 -9999 -9999 -9999 -9999 -9999 -9999 -9999 -9999 -9999 -9999 -9999 -9999 -9999
7.51968 7.49617 7.06483 7.74242 8.36681 8.00691 7.76666 8.79805 8.80238 8.45896 7.64645 7.3507 7.04371 6.8568 5.81262 2.87689 0.230595 1.65316 1.68983 0.711254 2.47464 1.54802 -0.874314 -4.29511 -2.4302 -2.91084 -5.3254 -5.92218 -9999 -9999 -9999 -9999 -9999 -9999 -9999 -9999 -9999 -9999 -9999 -9999 -9999 -9999 -9999 -9999 -9999 -9999 -9999 -9999 -9999 -9999 -9999 -9999 -9999 -9999 -9999 -9999 -9999 -9999 -9999 -9999 -9999 -9999 -9999 -9999 -9999 -9999 -9999 -9999 -9999 -9999 -9999
7.14068 6.91676 6.73389 7.73879 7.72241 7.67168 8.04965 8.69512 8.82562 8.6943 8.34223 8.03781 7.71356 6.88495 5.69003 3.17805 0.165518 -0.515419 0.963475 1.03732 1.27761 0.433319 -0.627889 -2.2898 -0.922615 -0.389466 -1.9794 -4.05961 -5.39162 -9999 -9999 -9999 -9999 -9999 -9999 -9999 -9999 -9999 -9999 -9999 -9999 -9999 -9999 -9999 -9999 -9999 -9999 -9999 -9999 -9999 -9999 -9999 -9999 -9999 -9999 -9999 -9999 -9999 -9999 -9999 -9999 -9999 -9999 -9999 -9999 -9999 -9999 -9999 -9999 -9999 -9999
6.56618 6.22484 5.2588 5.86621 6.32356 7.17895 7.41734 7.54759 8.7454 8.68655 8.63544 8.12988 7.72617 7.05458 5.90471 4.26602 2.29222 -1.14689 0.978528 2.64347 2.60392 2.51598 1.77337 0.176726 1.51853 1.58472 -0.44957 -2.75168 -4.11397 -4.67592 -9999 -9999 -9999 -9999 -9999 -9999 -9999 -9999 -9999 -9999 -9999 -9999 -9999 -9999 -9999 -9999 -9999 -9999 -9999 -9999 -9999 -9999 -9999 -9999 -9999 -9999 -9999 -9999 -9999 -9999 -9999 -9999 -9999 -9999 -9999 -9999 -9999 -9999 -9999 -9999 -9999
5.76617 5.43767 4.25676 4.86793 5.68214 6.8356 7.44509 7.90784 8.26934 8.63778 8.59907 8.08164 6.54517 6.32882 6.26558 5.19489 2.94419 0.696334 0.116135 2.65433 3.38287 3.23792 3.80704 2.45485 3.09844 2.83902 2.11891 -0.100504 -2.12583 -2.96513 -4.62625 -9999 -9999 -9999 -9999 -9999 -9999 -9999 -9999 -9999 -9999 -9999 -9999 -9999 -9999 -9999 -9999 -9999 -9999 -9999 -9999 -9999 -9999 -9999 -9999 -9999 -9999 -9999 -9999 -9999 -9999 -9999 -9999 -9999 -9999 -9999 -9999 -9999 -9999 -9999 -9999
-9999 -9999 -9999 3.51894 4.63182 5.55645 6.6846 7.66075 8.14874 8.62274 8.58942 7.5512 7.04525 7.00435 6.30411 5.06755 4.29245 2.87816 1.40443 1.97113 4.13591 3.17691 4.71148 4.58471 4.8691 3.84811 1.9165 -0.669897 -2.17266 -2.92335 -4.26906 -9999 -9999 -9999 -9999 -9999 -9999 -9999 -9999 -9999 -9999 -9999 -9999 -9999 -9999 -9999 -9999 -9999 -9999 -9999 -9999 -9999 -9999 -9999 -9999 -9999 -9999 -9999 -9999 -9999 -9999 -9999 -9999 -9999 -9999 -9999 -9999 -9999 -9999 -9999 -9999
-9999 -9999 -9999 -9999 4.43298 5.14034 6.63926 7.4293 7.74798 8.50986 8.51623 8.12572 7.83163 7.40271 6.841 5.91239 4.8873 3.55719 3.43645 4.82203 4.84164 4.55526 4.78495 5.4982 5.31363 3.73015 1.0055 -0.437358 -3.36423 -4.62003 -4.48881 -5.3784 -9999 -9999 -9999 -9999 -9999 -9999 -9999 -9999 -9999 -9999 -9999 -9999 -1.94641 -9999 -9999 -9999 -9999 -9999 -9999 -9999 -9999 -9999 -9999 -9999 -9999 -9999 -9999 -9999 -9999 -9999 -9999 -9999 -9999 -7.32203 -9999 -9999 -9999 -9999 -9999
-9999 -9999 -9999 4.2906 5.23857 5.9706 6.91275 7.01502 7.58502 8.4606 8.47822 8.20271 7.8904 7.18262 7.0097 6.48238 5.36905 5.1433 5.59815 5.80891 6.04748 6.19535 6.07986 5.79465 5.42539 4.41121 3.14518 2.29641 -0.383089 -1.73106 -3.0272 -4.99024 -6.52553 -9999 -9999 -9999 -9999 -9999 -9999 -9999 -2.97247 -3.04456 -3.00894 -2.57736 -1.387 -2.0862 -9999 -9999 -9999 -9999 -9999 -9999 -9999 -9999 -9999 -9999 -9999 -9999 -9999 -9999 -9999 -9999 -9999 -9999 -9999 -6.24746 -7.7958 -9999 -9999 -9999 -9999
-9999 -9999 -9999 4.55501 5.54245 6.03905 6.95487 7.48171 7.84075 8.14809 8.44165 8.39799 8.05202 7.52302 7.52983 6.79856 6.40531 6.12503 6.7392 6.86236 6.61908 6.31346 6.0436 5.2761 5.18972 4.9462 4.14369 2.82463 1.46532 -0.49126 -3.15682 -5.77094 -7.87913 -9999 -9999 -9999 -9999 -9999 -9999 -2.74862 -1.75897 -1.16588 -2.42448 -1.34836 -0.364978 -0.522169 -1.47941 -9999 -9999 -9999 -9999 -9999 -9999 -9999 -9999 -9999 -9999 -9999 -9999 -9999 -9999 1.09019 -0.496213 -3.70129 -5.34426 -6.33025 -7.7382 -9999 -9999 -9999 -9999
-9999 -9999 -9999 4.36156 5.52725 6.3195 7.02367 7.14256 7.87172 8.19274 8.35315 8.33991 8.2749 8.1806 7.54309 7.27031 6.30416 7.23316 7.20012 6.96758 6.04109 5.64076 4.04886 3.34985 3.20008 4.54357 3.55561 1.48972 -1.09354 -4.19166 -4.39079 -5.41642 -7.30032 -9999 -9999 -9999 -9999 -9999 -9999 -2.43904 -1.3807 -0.497413 -0.368421 -1.61986 0.127227 0.0568212 -0.921938 -1.14522 -0.345396 0.0591889 -0.244218 0.710943 0.989621 0.556504 1.02904 -9999 -9999 -9999 -9999 1.3093 1.37383 1.42268 0.761948 -2.7394 -5.13093 -7.27884 -7.48202 -9999 -9999 -9999 -9999
-9999 -9999 -9999 5.16459 5.88568 6.25454 6.32128 6.95466 7.5942 7.98841 8.27558 8.22418 8.20576 8.1853 7.96931 7.46271 7.55663 7.51736 7.22194 5.45609 3.39476 4.29603 3.07317 0.459044 2.59149 3.76474 2.645 0.141112 -2.76272 -3.70482 -3.66189 -5.08917 -6.92669 -9999 -9999 -9999 -5.33023 -3.81452 -3.6812 -3.23355 -1.82237 -0.748922 0.060241 0.610812 0.595601 0.00938608 -0.948377 -1.98952 -1.62107 0.246474 0.700293 1.08296 1.37152 0.969089 1.17553 1.67465 1.93254 1.9848 1.86732 1.84077 1.88208 1.8229 1.20642 -1.92364 -3.71617 -4.86018 -7.1655 -9999 -9999 -9999 -9999
-9999 -9999 -9999 4.71922 5.34765 5.85847 6.70147 6.79821 7.33424 7.66123 8.13542 8.19322 7.6529 8.10706 8.05202 7.97035 7.79374 7.53365 6.04302 3.98788 1.92775 0.977707 1.38988 -0.184717 0.627215 1.81601 1.38681 -0.147349 -2.73387 -3.09546 -3.68926 -6.09105 -8.40352 -9999 -9999 -8.26462 -5.3578 -3.31067 -2.25413 -1.92611 -1.89387 -0.541737 -0.435479 1.01946 0.680401 -1.24917 -1.03448 -1.78545 -1.3027 -0.621912 -0.435975 0.548194 1.49532 1.67301 1.67603 1.99349 2.05849 2.07528 2.06725 1.85197 1.95133 1.96713 1.58306 -0.685971 -1.79256 -3.01498 -7.13409 -9999 -9999 -9999 -9999
-9999 -9999 -9999 5.03984 5.7418 6.50991 6.64175 7.21304 7.1635 7.0175 7.80867 8.10303 7.72297 7.44985 7.96315 7.93009 7.86408 7.75383 6.35285 4.73136 2.27613 0.751302 -0.176348 -0.8367 -1.71954 -1.10761 -1.29074 -1.53706 -1.24639 -1.95395 -3.36655 -4.77147 -7.40345 -8.82608 -9999 -8.10363 -6.79076 -4.35641 -2.28766 -0.974244 -1.44545 0.0918421 0.376855 1.26489 0.743531 -0.430149 -0.937231 -0.984114 -1.13981 -0.106847 0.586696 1.07575 1.40209 1.80975 1.91248 2.01611 2.05933 2.08307 2.10748 2.10281 2.09541 2.05027 1.90637 0.863342 -0.243422 -2.63088 -6.99561 -9999 -9999 -9999 -9999
-9999 -9999 3.00827 4.96185 6.13383 6.59334 6.92762 7.22324 7.43949 7.67077 7.88146 8.02791 7.97391 6.95901 7.04504 7.23019 7.80985 7.76965 7.64375 6.75745 3.76944 2.74063 1.23345 -0.718897 -1.53393 -1.12246 0.483439 0.415578 -0.641749 -1.82043 -3.44776 -4.48411 -6.09695 -9.19616 -8.9148 -7.51546 -6.47391 -4.81894 -2.29053 -0.518093 0.272895 0.571538 1.19527 1.51841 0.800855 0.11644 -0.17144 -0.702872 -0.779908 -0.778282 -0.155176 0.330185 1.41342 1.77687 1.9426 2.02701 2.07255 2.10603 2.13938 2.15157 2.13167 2.13373 2.126 2.04807 0.57754 -3.10534 -5.87905 -9999 -9999 -9999 -9999
-9999 -9999 -9999 4.60474 5.1257 5.26923 5.51321 6.00243 6.56469 7.36183 7.47005 7.9081 7.91165 7.03844 6.02744 6.91253 7.26461 7.6291 7.64062 7.527 5.01759 3.70527 2.67286 0.800947 1.47916 2.12472 2.17709 1.79342 -0.477818 -2.73971 -5.34507 -7.78259 -7.89619 -9.2065 -8.5089 -7.58373 -5.21226 -3.54314 -2.86575 -2.37932 0.190056 0.859117 1.08607 1.74244 0.843919 0.611633 -0.0647891 0.133064 0.0715771 0.0729979 -1.79642 0.0742165 0.182975 1.40164 1.94888 2.07261 2.10637 2.14283 2.14938 2.1575 2.15307 2.16656 2.14782 2.12567 1.16937 -3.49719 -5.84232 -9999 -9999 -9999 -9999
-9999 -9999 -9999 -9999 -9999 4.78927 5.1896 5.44973 5.89232 7.23239 7.59731 7.84135 7.86712 7.48013 6.47999 6.21764 6.40279 5.4243 6.24415 7.3665 7.33978 7.20546 4.99938 3.87179 4.96844 4.63929 2.98303 1.68062 0.395464 -2.25323 -4.18788 -6.98178 -9.07915 -9.15532 -6.8344 -4.90645 -2.50672 -1.44717 -2.04825 -1.39522 -0.119462 1.32952 2.02943 1.86278 0.915482 0.777795 -0.264171 0.75471 0.839552 0.361945 -0.0510682 0.110005 0.711596 0.940246 1.89372 2.12424 2.16495 2.17278 2.17763 2.17471 2.17055 2.15822 2.14847 2.13499 2.09136 -2.70556 -6.4394 -9999 -9999 -9999 -9999
-9999 -9999 -9999 -9999 -9999 3.87145 4.11949 4.75446 6.36871 7.22165 7.56864 7.56384 7.72635 7.45476 6.57487 5.67057 4.81684 3.71528 4.3468 6.01601 7.00073 7.11419 5.18062 6.18999 5.81579 5.07576 2.90859 1.31274 0.468812 -2.07377 -4.2469 -6.1044 -8.67069 -7.5685 -6.35526 -4.79806 -2.17994 -0.413278 0.312859 -0.295194 0.520617 2.18797 2.19629 1.28268 1.3402 0.779139 -0.643982 0.832163 1.24563 0.907585 0.992124 0.864504 1.08714 1.49486 1.88532 2.14512 2.18022 2.18463 2.17702 2.17775 2.17911 2.16127 2.16296 2.1494 2.12443 -0.972261 -6.50746 -9999 -9999 -9999 -9999
-9999 -9999 -9999 -9999 -9999 -9999 3.04713 4.48289 6.62248 7.16377 7.12319 7.56959 7.61309 7.19379 6.82921 5.73089 4.22865 1.34141 2.07818 3.6148 5.83036 6.99576 6.84089 6.19551 5.07388 2.35606 -0.021646 -0.306771 -0.692319 -2.54664 -4.2184 -6.28386 -5.08163 -3.76526 -2.32572 -1.56841 -1.76245 -0.248407 0.985758 0.462717 1.46343 2.63033 2.0999 1.78536 1.52079 0.873157 0.831814 0.896293 1.7335 1.14996 1.50471 1.51122 1.4892 1.68678 1.91495 2.15525 2.19464 2.19555 2.20035 2.17329 2.18393 2.17069 2.15733 2.14476 2.12318 1.84205 -1.14087 -2.92375 -9999 -9999 -9999
-9999 -9999 -9999 -9999 -9999 -9999 1.73534 2.45631 4.98825 5.77964 6.90156 7.49977 7.53248 6.8215 6.42629 4.78875 4.25823 1.58753 0.379386 1.40718 1.01572 4.06644 6.76668 6.18159 0.738553 -1.23055 -2.63368 -2.26817 -2.2604 -2.77331 -5.6248 -6.40937 -3.84539 -2.22993 -0.977889 -0.0278252 0.171488 0.140408 2.07023 2.32711 2.95373 2.8169 2.87391 1.89866 1.29425 1.81509 1.20547 1.09928 1.96434 1.10763 1.87821 1.78469 1.551 1.53757 2.04575 2.14839 2.20269 2.20598 2.18691 2.16213 2.14824 2.16533 2.15795 2.12968 2.13066 2.10207 1.74458 0.200646 -0.340251 0.255066 -9999
-9999 -9999 -9999 -9999 -9999 -9999 -9999 0.107045 3.62172 5.23548 6.08417 7.27523 7.4234 7.04856 6.36168 4.69331 3.22585 0.838692 -1.88792 -3.33018 0.995767 4.76145 6.72829 6.47234 1.94208 0.156446 0.077345 1.13523 0.250432 -0.419456 -2.58437 -3.23007 -4.12922 -3.56972 -1.82522 -0.401353 0.972496 1.97133 2.05357 2.70102 3.07315 3.10302 3.21841 3.1025 3.00736 2.06217 2.70909 2.15602 2.44619 2.2559 2.08408 1.93585 1.39666 1.77537 2.11104 2.19736 2.22249 2.20271 2.19864 2.18507 2.15409 2.14028 2.13831 2.13502 2.11731 2.11619 2.09656 1.92214 0.99242 -0.251834 -1.8234
-9999 -9999 -9999 -9999 -9999 -9999 -9999 -1.64139 1.85567 3.54863 5.71924 6.84099 7.29775 7.24171 6.68567 5.4186 3.50986 1.91976 -1.12399 -4.28447 0.256305 4.30348 6.48798 6.60672 2.79946 3.85923 3.00949 3.35802 1.79954 1.15475 0.649774 -0.468637 -1.69221 -3.03062 -3.73917 -0.543865 1.09752 2.41822 3.04106 3.39286 3.56796 3.47378 3.23323 1.81387 2.89324 2.82994 2.72008 2.59445 2.53262 2.41871 2.28503 2.20527 2.17615 1.81807 2.22035 2.20915 2.2147 2.2169 2.20674 2.18703 2.16976 2.14814 2.14767 2.13426 2.11979 2.10928 2.1015 2.08851 2.03577 1.78735 -0.322205
-9999 -9999 -9999 -9999 -9999 -9999 -9999 -6.54057 -1.45746 2.63663 4.77276 6.5121 6.99267 7.17407 6.42716 5.86869 4.50109 3.20587 1.20671 -1.78845 -3.63186 -0.230705 4.71147 6.53788 6.39804 6.2876 5.3044 4.41897 4.31079 4.38186 3.35497 1.85151 -0.116539 -0.73051 -1.41889 0.96146 1.28564 1.11293 3.72838 3.7343 3.58511 2.58357 1.46369 1.67468 0.980949 1.50632 0.677591 1.43544 2.09033 2.33378 2.31169 2.22275 2.20832 2.16799 2.23489 2.2334 2.22202 2.21347 2.20902 2.19943 2.16913 2.1518 2.16245 2.14016 2.12374 2.10871 2.104 2.09685 2.05743 2.02133 1.6954
-9999 -9999 -9999 -9999 -9999 -9999 -9999 -6.31695 -2.03504 1.59187 3.76983 5.8624 6.35085 7.05879 6.90949 6.32451 5.13611 3.65066 2.00577 -0.563436 -2.47239 -0.197631 3.08581 5.43715 6.28109 6.27818 6.2252 6.0057 5.919 5.66299 5.4861 4.40726 2.5459 1.49638 -0.0410425 2.61128 2.90999 2.49618 3.81932 3.75276 1.75166 0.21252 0.0195021 0.957934 0.0636485 -0.0994045 -0.65541 -0.0294563 1.65149 1.15602 1.25139 2.01277 2.13713 2.213 2.23401 2.22831 2.22451 2.21157 2.21365 2.21565 2.18576 2.17175 2.16452 2.13486 2.12714 2.10578 2.08829 2.07475 2.05291 2.02001 1.92616
-9999 -9999 -9999 -9999 -9999 -9999 -9999 -6.22772 -3.34384 -0.0797873 3.12398 5.3581 6.26133 6.91944 6.91518 6.2349 5.64521 4.71476 3.26796 2.27612 0.553066 -1.81216 2.15902 3.3806 4.46873 4.93048 6.06606 6.04182 5.5265 4.9335 5.49519 5.33055 3.85944 3.37703 2.56076 4.03644 4.04096 4.00066 3.92179 2.23152 -0.118219 -1.99681 -0.646814 -0.930571 -0.310108 -2.23773 -0.66022 0.610111 1.02086 0.157241 -0.485994 1.49669 1.81996 2.01455 2.13917 2.22108 2.20105 2.22133 2.20975 2.20402 2.19761 2.18042 2.16973 2.15185 2.13332 2.11334 2.09818 2.07418 2.04081 2.03736 1.98886
-9999 -9999 -9999 -9999 -9999 -9999 -9999 -9999 -5.03586 -0.899407 2.79315 4.85052 6.14539 6.77757 6.76884 6.42212 6.02235 5.4461 4.40286 3.09194 1.0195 -0.518273 0.461678 1.65897 1.79498 2.59113 4.89461 5.68359 4.57292 1.82707 3.45206 5.26711 5.23977 5.08697 4.91559 4.69531 4.49664 4.06051 2.89104 -0.692321 -1.39802 -2.80445 -2.64582 -3.36824 -1.79311 -2.3881 -0.772153 -0.0729687 0.18981 -1.30795 -0.992911 0.758833 1.45362 1.33742 1.76404 2.17365 2.187 2.19879 2.18841 2.19734 2.20066 2.19382 2.17264 2.15851 2.14774 2.11099 2.11171 1.97716 1.88932 1.71266 1.92886
-9999 -9999 -9999 -9999 -9999 -9999 -9999 -9999 -5.8557 -1.72862 2.61892 4.01736 5.41289 6.6174 6.64352 6.11251 5.60739 5.08688 4.49394 2.90361 1.36161 -0.110314 -0.602715 -0.303099 -0.322784 0.963318 3.96318 4.54634 4.30171 1.43067 0.459245 2.88302 4.92023 5.08215 4.89905 2.50504 3.01616 1.72469 -0.027388 -0.509634 -1.2769 -2.89831 -2.11891 -3.3072 -2.79942 -2.93969 -2.02292 -1.57679 -0.485985 -1.79134 -1.78652 -0.0669055 0.802838 0.824151 1.73756 2.06331 2.14886 2.17063 2.18638 2.19064 2.20527 2.19703 2.18364 2.16574 2.12185 2.01747 1.69382 -0.0413199 -0.039945 0.435016 0.884599
-9999 -9999 -9999 -9999 -9999 -9999 -9999 -9999 -5.37857 -2.51354 1.3443 4.20266 4.38543 5.77632 6.49546 5.91788 5.26706 4.60103 4.31106 2.58019 0.678753 -0.856994 -2.67511 -2.37265 -1.06277 1.07852 3.01711 3.36596 2.96846 1.43201 2.1622 3.81561 4.69428 4.95441 4.75216 4.23161 3.93107 2.9802 2.56819 1.2468 -0.81964 -1.6339 -1.11908 -3.31354 -3.16125 -2.35122 -3.21722 -1.79806 -1.1196 -2.80467 -1.47286 0.0523396 0.831917 1.51366 1.83639 1.96514 2.16269 2.1682 2.18514 2.1945 2.19189 2.19195 2.15997 2.13332 1.94893 1.67696 0.0605692 -0.617462 -0.486016 0.260358 0.913964
-9999 -9999 -9999 -9999 -9999 -9999 -9999 -9999 -4.89062 -2.31096 1.03433 3.07314 3.44053 4.98256 6.35384 6.20348 5.52631 5.32163 4.61956 3.15199 1.5308 -0.241324 -1.10155 -3.08226 -1.12707 0.420901 2.06283 2.83231 1.57125 0.937043 2.06517 3.18663 3.63545 4.76782 4.75836 4.39089 2.80276 2.02859 2.35656 2.02388 1.44088 0.0183245 -0.0454913 -0.959799 -1.33905 -1.69743 -2.8631 -2.12368 -2.05077 -1.85558 -0.251702 0.541753 1.06779 1.5464 1.67201 1.88029 2.15067 2.1747 2.18465 2.18364 2.18883 2.16898 2.092 2.02695 1.65638 1.00054 -0.222898 -2.2095 -0.813001 0.647372 1.08172
-9999 -9999 -9999 -9999 -9999 -9999 -9999 -9999 -5.3289 -2.58906 0.270328 1.46769 1.67353 4.46186 6.1701 6.17556 5.85581 5.48185 3.7444 3.84879 3.50312 1.90475 -0.424474 -2.98277 -2.74006 -1.21332 0.956018 1.6748 -0.414129 -1.15238 -0.606272 1.08843 2.6055 4.18934 4.5925 4.12927 1.6566 -0.97135 0.248338 1.55133 1.54421 1.1619 -0.157489 -0.576838 -0.956651 -1.91983 -3.55411 -3.31601 -2.8639 -1.04733 -0.471875 0.417807 1.15676 0.877641 1.04056 1.74791 2.15387 2.16932 2.17671 2.19019 2.18091 2.15662 2.00339 1.841 1.56852 -0.140507 -1.20353 -2.75112 -0.956777 0.0386029 0.563136
-9999 -9999 -9999 -9999 -9999 -9999 -9999 -9999 -6.17519 -4.18611 -1.45311 -0.349824 1.40791 4.04296 5.34026 5.96336 5.95209 5.70362 4.92687 4.46075 3.54004 1.87716 -0.397413 -2.92604 -4.57132 -3.73129 -0.815296 -0.12545 -2.0503 -3.03087 -1.80598 -0.000166905 2.67288 4.20061 4.40787 4.27081 3.76158 1.8431 -0.475115 -0.466871 0.696282 -0.276775 -1.40791 -0.786221 -0.901838 -1.85277 -2.54471 -2.97115 -2.71348 -1.67573 -1.24713 -0.219238 1.29831 1.51543 1.47217 2.11122 2.14322 2.15822 2.1824 2.18167 2.17577 2.15646 2.03147 1.7516 0.613993 -0.378205 -1.75845 -1.92976 -0.33418 0.364608 1.01112
-9999 -9999 -9999 -9999 -9999 -9999 -9999 -9999 -7.63263 -5.29327 -2.73304 -0.335772 1.93226 3.8845 4.03776 5.0684 5.06946 5.61044 5.45833 4.73839 3.96326 2.53078 -0.391858 -2.84906 -5.52904 -4.81965 -1.84807 -1.45258 -2.74515 -5.13457 -2.66433 0.0596175 2.5284 3.86532 2.81919 3.89335 3.806 3.08758 1.70777 -0.438083 -0.39726 -2.0056 -2.07568 -1.24989 -0.98216 -1.12025 -1.63975 -2.47287 -2.33613 -1.70657 -1.54682 -0.602251 0.574875 1.72581 1.91905 2.13854 2.14796 2.15158 2.16957 2.17189 2.14786 2.08884 1.95811 1.00448 -0.129688 -0.828638 -1.79049 -1.90783 -0.0628082 0.668112 1.07242
