Test_Spring_2018/12_17/Temp/20171212_016.txt
ncols	170
nrows	115
xllcorner	350000.000000
yllcorner	4445000.000000
cellsize	1000.000000
nodata_value	-9999.000000
[rows 32 to 63 of 115, columns 72 to 143 of 170]
14.6388 14.3849 14.7736 15.1314 14.9053 14.7509 15.3408 15.3388 15.1354 14.6603 14.4848 14.3027 14.1902 13.5808 11.8751 10.3368 11.1557 11.1712 10.5978 11.6127 11.0684 9.65696 7.66651 8.73835 8.45082 7.03357 6.67339 -9999 -9999 -9999 -9999 -9999 -9999 -9999 -9999 -9999 -9999 -9999 -9999 -9999 -9999 -9999 -9999 -9999 -9999 -9999 -9999 -9999 -9999 -9999 -9999 -9999 -9999 -9999 -9999 -9999 -9999 -9999 -9999 -9999 -9999 -9999 -9999 -9999 -9999 -9999 -9999 -9999 -9999 -9999 -9999 -9999
14.2925 14.1828 14.7612 14.7479 14.7035 14.9046 15.2707 15.3417 15.261 15.0526 14.8718 14.6795 14.195 13.498 12.0378 10.2872 9.88737 10.7386 10.7753 10.9079 10.4117 9.78934 8.81849 9.60242 9.90279 8.96783 7.74442 6.9538 -9999 -9999 -9999 -9999 -9999 -9999 -9999 -9999 -9999 -9999 -9999 -9999 -9999 -9999 -9999 -9999 -9999 -9999 -9999 -9999 -9999 -9999 -9999 -9999 -9999 -9999 -9999 -9999 -9999 -9999 -9999 -9999 -9999 -9999 -9999 -9999 -9999 -9999 -9999 -9999 -9999 -9999 -9999 -9999
13.8812 13.3178 13.666 13.9271 14.398 14.5247 14.5954 15.2848 15.246 15.2117 14.9142 14.6757 14.282 13.6111 12.6568 11.5081 9.51016 10.7361 11.6949 11.6657 11.6081 11.1706 10.238 11.0076 11.0377 9.8407 8.48354 7.68614 7.35272 -9999 -9999 -9999 -9999 -9999 -9999 -9999 -9999 -9999 -9999 -9999 -9999 -9999 -9999 -9999 -9999 -9999 -9999 -9999 -9999 -9999 -9999 -9999 -9999 -9999 -9999 -9999 -9999 -9999 -9999 -9999 -9999 -9999 -9999 -9999 -9999 -9999 -9999 -9999 -9999 -9999 -9999 -9999
13.4147 12.7269 13.0773 13.5453 14.1985 14.5345 14.794 14.9987 15.2073 15.1801 14.8756 13.9806 13.8506 13.8092 13.184 11.875 10.5674 10.2258 11.6908 12.1069 12.0164 12.3394 11.5486 11.9139 11.7556 11.3245 10.0169 8.83001 8.33602 7.36613 -9999 -9999 -9999 -9999 -9999 -9999 -9999 -9999 -9999 -9999 -9999 -9999 -9999 -9999 -9999 -9999 -9999 -9999 -9999 -9999 -9999 -9999 -9999 -9999 -9999 -9999 -9999 -9999 -9999 -9999 -9999 -9999 -9999 -9999 -9999 -9999 -9999 -9999 -9999 -9999 -9999 -9999
-9999 -9999 12.2856 12.9161 13.4444 14.0842 14.641 14.9188 15.1885 15.1643 14.5578 14.2599 14.2314 13.821 13.0997 12.6457 11.8213 10.9622 11.285 12.5335 11.9716 12.8541 12.7736 12.9309 12.3315 11.1889 9.67886 8.79465 8.352 7.56487 -9999 -9999 -9999 -9999 -9999 -9999 -9999 -9999 -9999 -9999 -9999 -9999 -9999 -9999 -9999 -9999 -9999 -9999 -9999 -9999 -9999 -9999 -9999 -9999 -9999 -9999 -9999 -9999 -9999 -9999 -9999 -9999 -9999 -9999 -9999 -9999 -9999 -9999 -9999 -9999 -9999 -9999
-9999 -9999 -9999 12.7912 13.1934 14.0571 14.4972 14.6768 15.1132 15.1118 14.8806 14.7054 14.4521 14.1219 13.5792 12.9805 12.205 12.13 12.9276 12.9333 12.7613 12.8879 13.2942 13.1798 12.2491 10.6528 9.80853 8.09592 7.36048 7.42899 6.9064 -9999 -9999 -9999 -9999 -9999 -9999 -9999 -9999 -9999 -9999 -9999 -9999 8.84009 -9999 -9999 -9999 -9999 -9999 -9999 -9999 -9999 -9999 -9999 -9999 -9999 -9999 -9999 -9999 -9999 -9999 -9999 -9999 -9999 5.63352 -9999 -9999 -9999 -9999 -9999 -9999 -9999
-9999 -9999 12.7132 13.2456 13.665 14.2059 14.252 14.5729 15.075 15.0801 14.9154 14.7296 14.3147 14.2099 13.8998 13.2502 13.1148 13.3736 13.4906 13.6234 13.7032 13.6298 13.4576 13.2362 12.6264 11.8845 11.3842 9.82058 9.02583 8.26708 7.12229 6.22584 -9999 -9999 -9999 -9999 -9999 -9999 -9999 8.24856 8.204 8.22199 8.46948 9.15662 8.74887 -9999 -9999 -9999 -9999 -9999 -9999 -9999 -9999 -9999 -9999 -9999 -9999 -9999 -9999 -9999 -9999 -9999 -9999 -9999 6.25002 5.34791 -9999 -9999 -9999 -9999 -9999 -9999
-9999 -9999 12.8452 13.4127 13.6955 14.2209 14.5207 14.7119 14.8847 15.0495 15.0191 14.8138 14.5026 14.502 14.0739 13.8418 13.675 14.0263 14.0928 13.9466 13.7637 13.6009 13.1492 13.0915 12.9288 12.4551 11.682 10.8855 9.73548 8.18291 6.66059 5.43196 -9999 -9999 -9999 -9999 -9999 -9999 8.37215 8.94287 9.28404 8.55241 9.17363 9.74107 9.64756 9.07515 -9999 -9999 -9999 -9999 -9999 -9999 -9999 -9999 -9999 -9999 -9999 -9999 -9999 -9999 10.5134 9.59026 7.72889 6.77232 6.19612 5.37515 -9999 -9999 -9999 -9999 -9999 -9999
-9999 -9999 12.7246 13.3952 13.8491 14.2516 14.3148 14.7277 14.9015 14.9891 14.9763 14.9338 14.8746 14.5009 14.3387 13.7748 14.3089 14.2855 14.1461 13.6042 13.3665 12.4377 12.0256 11.9184 12.6882 12.1067 10.9003 9.39411 7.58412 7.45868 6.85642 5.75745 -9999 -9999 -9999 -9999 -9999 -9999 8.54211 9.15297 9.66263 9.73535 9.00822 10.0184 9.96127 9.3916 9.2596 9.72035 9.95204 9.76758 10.316 10.4752 10.2219 10.4934 -9999 -9999 -9999 -9999 10.6422 10.6763 10.7009 10.314 8.28087 6.89041 5.64076 5.51621 -9999 -9999 -9999 -9999 -9999 -9999
-9999 -9999 13.1818 13.5946 13.803 13.8359 14.1969 14.5576 14.7744 14.9303 14.8958 14.8807 14.8647 14.7357 14.4384 14.4891 14.4625 14.2872 13.2594 12.0599 12.5763 11.8654 10.3363 11.5593 12.2299 11.5715 10.1108 8.41827 7.85708 7.87168 7.03626 5.95979 -9999 -9999 -9999 6.86331 7.738 7.81228 8.06915 8.88464 9.50464 9.97524 10.2926 10.2727 9.92717 9.36973 8.76389 8.97472 10.0541 10.3143 10.5257 10.6907 10.4553 10.5699 10.857 11.0042 11.032 10.9612 10.9428 10.9634 10.9253 10.5639 8.74843 7.70486 7.03667 5.69281 -9999 -9999 -9999 -9999 -9999 -9999
-9999 -9999 12.9112 13.2702 13.5607 14.041 14.091 14.3956 14.5758 14.8409 14.8698 14.5525 14.8117 14.7762 14.7255 14.6197 14.4654 13.5978 12.4025 11.2037 10.6474 10.8736 9.95321 10.4112 11.0906 10.8351 9.92926 8.42033 8.20083 7.84226 6.44172 5.09425 -9999 -9999 5.15718 6.83735 8.02015 8.62963 8.8175 8.83433 9.61615 9.67614 10.5175 10.3111 9.18767 9.30958 8.87568 9.15276 9.54062 9.64573 10.2087 10.7537 10.8548 10.8547 11.0368 11.0724 11.0798 11.0726 10.9449 10.9991 11.0044 10.7775 9.45798 8.81155 8.09656 5.70276 -9999 -9999 -9999 -9999 -9999 -9999
-9999 -9999 13.0836 13.4847 13.9239 13.9944 14.3195 14.2881 14.1943 14.6475 14.8098 14.5856 14.4237 14.7178 14.6955 14.6542 14.587 13.7715 12.8276 11.3999 10.5104 9.96077 9.56977 9.03918 9.3836 9.26709 9.11387 9.27189 8.85329 8.02001 7.19706 5.66399 4.83276 -9999 5.24048 5.99719 7.40456 8.60081 9.35995 9.08541 9.97484 10.1387 10.6449 10.3409 9.65572 9.35597 9.32619 9.23343 9.8295 10.232 10.5085 10.6958 10.9287 10.9867 11.045 11.0682 11.0799 11.0916 11.086 11.0783 11.0482 10.9604 10.351 9.70349 8.314 5.77755 -9999 -9999 -9999 -9999 -9999 -9999
-9999 11.9105 13.0314 13.7045 13.9646 14.1522 14.3174 14.4368 14.5622 14.6815 14.7616 14.7238 14.1324 14.1793 14.2838 14.6168 14.5905 14.514 13.9962 12.2597 11.6536 10.767 9.62631 9.14089 9.36856 10.2881 10.2377 9.61408 8.92047 7.96306 7.35424 6.41148 4.6087 4.76573 5.57163 6.17124 7.12722 8.59006 9.61546 10.0726 10.2446 10.5995 10.785 10.3643 9.96268 9.79323 9.48271 9.43557 9.43412 9.79293 10.0681 10.6967 10.9057 10.9991 11.0465 11.0713 11.0888 11.1058 11.1101 11.0951 11.0923 11.0832 11.0324 10.1744 8.03401 6.41928 -9999 -9999 -9999 -9999 -9999 -9999
-9999 -9999 12.8175 13.1131 13.1899 13.325 13.6023 13.9221 14.3755 14.4335 14.6832 14.6827 14.172 13.5835 14.0938 14.2953 14.5036 14.5068 14.4368 12.9714 12.2032 11.596 10.5015 10.8809 11.2436 11.2625 11.0286 9.70113 8.37945 6.85518 5.43364 5.35964 4.59343 4.99177 5.52297 6.89329 7.85764 8.24817 8.52867 10.0165 10.3995 10.5273 10.9055 10.3827 10.2432 9.84858 9.96064 9.92254 9.92104 8.83571 9.91391 9.97588 10.6811 10.9985 11.0681 11.0862 11.1056 11.1072 11.1092 11.1032 11.1069 11.0911 11.0725 10.5123 7.80175 6.43507 -9999 -9999 -9999 -9999 -9999 -9999
-9999 -9999 -9999 -9999 12.9045 13.13 13.2744 13.5249 14.2931 14.5001 14.6375 14.6491 14.422 13.8397 13.6854 13.7904 13.2207 13.691 14.3347 14.3123 14.2263 12.9387 12.2725 12.8966 12.6941 11.7225 10.9559 10.1995 8.65335 7.51761 5.88943 4.66588 4.61461 5.95347 7.06593 8.45273 9.06402 8.71393 9.09113 9.82631 10.6639 11.0674 10.9687 10.4176 10.333 9.72659 10.3144 10.3611 10.0821 9.84073 9.9287 10.2764 10.4082 10.9599 11.0927 11.1153 11.1182 11.1189 11.1145 11.1087 11.0971 11.0865 11.073 11.0414 8.25505 6.08347 -9999 -9999 -9999 -9999 -9999 -9999
-9999 -9999 -9999 -9999 12.3653 12.5025 12.8642 13.7936 14.2797 14.4765 14.47 14.561 14.401 13.8888 13.3627 12.8658 12.2242 12.5857 13.5471 14.1106 14.1679 13.0379 13.6096 13.3812 12.9403 11.6724 10.7355 10.2346 8.74982 7.47589 6.39025 4.895 5.52654 6.22365 7.12126 8.63475 9.65585 10.0747 9.72002 10.1908 11.155 11.1577 10.6261 10.6572 10.3273 9.50001 10.3527 10.5899 10.3918 10.4388 10.3598 10.4881 10.7238 10.9495 11.0994 11.1187 11.1199 11.1135 11.1112 11.1084 11.0938 11.0897 11.076 11.055 9.25369 6.03819 -9999 -9999 -9999 -9999 -9999 -9999
-9999 -9999 -9999 -9999 -9999 11.8738 12.6995 13.9335 14.2391 14.2115 14.4667 14.489 14.2435 14.0301 13.3917 12.5189 10.8428 11.2653 12.1498 13.4262 14.0929 13.9933 13.6061 12.9444 11.3575 9.96753 9.7901 9.55475 8.4688 7.48547 6.27943 6.96788 7.72363 8.55196 8.98618 8.87027 9.74502 10.458 10.153 10.7309 11.405 11.0955 10.911 10.7553 10.3753 10.3486 10.3833 10.866 10.5257 10.7294 10.7281 10.7148 10.8289 10.9607 11.0993 11.1213 11.1205 11.1213 11.1029 11.1055 11.0935 11.0806 11.0674 11.0483 10.8783 9.14163 8.1008 -9999 -9999 -9999 -9999 -9999
-9999 -9999 -9999 -9999 -9999 11.1063 11.518 12.9794 13.4301 14.0763 14.4196 14.4358 14.0215 13.7896 12.8389 12.5293 10.9786 10.2739 10.8635 10.6292 12.3882 13.9429 13.5906 10.425 9.27206 8.4469 8.64664 8.63939 8.33093 6.66418 6.20056 7.67825 8.60747 9.3273 9.87329 9.98483 9.96444 11.0805 11.2273 11.5883 11.5069 11.5377 10.9702 10.6176 10.9144 10.5584 10.4942 10.9931 10.4945 10.9391 10.8799 10.744 10.7359 11.03 11.0889 11.1195 11.1201 11.107 11.0899 11.0784 11.0839 11.0744 11.0521 11.0462 11.0225 10.8071 9.90481 9.58355 9.92057 -9999 -9999 -9999
-9999 -9999 -9999 -9999 -9999 -9999 10.1494 12.1805 13.1077 13.5957 14.2827 14.3659 14.1431 13.744 12.7758 11.9232 10.5367 8.9523 8.11019 10.6093 12.7826 13.9124 13.7509 11.1145 10.0681 10.0105 10.6117 10.0877 9.68864 8.41995 8.03713 7.50848 7.82608 8.8293 9.65011 10.4433 11.0196 11.065 11.4379 11.6515 11.6665 11.7309 11.6613 11.6036 11.0509 11.4229 11.0997 11.2654 11.153 11.0516 10.9605 10.6476 10.8666 11.0608 11.1102 11.1237 11.111 11.1066 11.0959 11.0744 11.0622 11.0559 11.0481 11.0314 11.0238 11.0044 10.8958 10.3494 9.62075 8.70246 -9999 -9999
-9999 -9999 -9999 -9999 -9999 -9999 9.12888 11.15 12.123 13.3772 14.0209 14.2802 14.2467 13.9232 13.1873 12.0788 11.154 9.38566 7.54849 10.1734 12.508 13.7642 13.8226 11.6029 12.2057 11.7019 11.8927 10.9788 10.5948 10.2882 9.63192 8.91564 8.13018 7.71401 9.56204 10.5102 11.2728 11.6313 11.8328 11.9318 11.8746 11.733 10.908 11.5307 11.4888 11.4223 11.3468 11.3085 11.2403 11.161 11.1093 11.0918 10.8839 11.1163 11.1091 11.1114 11.1112 11.1033 11.089 11.0754 11.0585 11.0544 11.04 11.0254 11.0126 11.0002 10.9855 10.9476 10.7963 9.56657 8.82772 8.61156
-9999 -9999 -9999 -9999 -9999 -9999 6.28251 9.22278 11.5822 12.8171 13.8175 14.0946 14.1983 13.764 13.4384 12.6432 11.889 10.7259 8.98447 7.90931 9.87311 12.7277 13.7734 13.6792 13.6044 13.024 12.5004 12.4274 12.4589 11.8501 10.9651 9.81875 9.45585 9.05292 10.4287 10.6135 10.5107 12.0235 12.0244 11.9353 11.3523 10.7005 10.8198 10.4158 10.7148 10.2317 10.6681 11.045 11.1839 11.1691 11.1118 11.1021 11.0783 11.1163 11.1148 11.1071 11.1006 11.0959 11.0875 11.0663 11.052 11.0532 11.0365 11.0211 11.0047 10.9945 10.9835 10.9537 10.9258 10.73 10.4398 9.89056
-9999 -9999 -9999 -9999 -9999 -9999 6.39861 8.87055 10.9687 12.2214 13.4318 13.7131 14.1217 14.0333 13.692 13.0004 12.1358 11.1778 9.68324 8.57023 9.88048 11.7755 13.1285 13.6045 13.5904 13.5496 13.4125 13.3453 13.1881 13.0722 12.4404 11.3533 10.7404 9.84552 11.3788 11.5487 11.3061 12.0699 12.0286 10.8663 9.97162 9.85684 10.3974 9.87622 9.77604 9.45196 9.81188 10.7833 10.4932 10.5465 10.9813 11.0526 11.0957 11.1072 11.103 11.0996 11.0904 11.0893 11.0876 11.0668 11.0545 11.0455 11.0231 11.015 10.9966 10.9793 10.9638 10.9446 10.919 10.8582 10.7877 10.8384
-9999 -9999 -9999 -9999 -9999 -9999 6.43736 8.10355 9.99142 11.8376 13.1298 13.6511 14.0304 14.0257 13.6289 13.2839 12.7407 11.8975 11.3169 10.3118 8.93387 11.2267 11.9266 12.5448 12.7954 13.4434 13.4197 13.112 12.7528 13.0712 12.9659 12.1081 11.824 11.3469 12.1984 12.1977 12.1713 12.1226 11.1403 9.77584 8.68432 9.46349 9.29601 9.65216 8.52941 9.4395 10.1727 10.408 9.90672 9.53196 10.6739 10.8601 10.972 11.0432 11.0896 11.0766 11.0865 11.0775 11.0713 11.0641 11.0501 11.0394 11.024 11.008 10.993 10.9775 10.9575 10.9297 10.9214 10.8864 10.8686 10.8482
-9999 -9999 -9999 -9999 -9999 -9999 -9999 7.10895 9.49407 11.631 12.8207 13.5689 13.933 13.9255 13.7218 13.4866 13.1484 12.5387 11.773 10.5653 9.66664 10.2262 10.9117 10.9785 11.4305 12.756 13.2042 12.5521 10.9463 11.8765 12.9222 12.9011 12.8079 12.7045 12.5734 12.4549 12.199 11.5183 9.43888 9.02643 8.20832 8.29703 7.87525 8.78429 8.43346 9.36664 9.76884 9.91844 9.0482 9.22211 10.236 10.6375 10.5692 10.8153 11.0526 11.0587 11.0636 11.0552 11.0575 11.0561 11.0483 11.0304 11.0173 11.006 10.9817 10.9757 10.892 10.8353 10.7271 10.8467 10.8527 10.8539
-9999 -9999 -9999 -9999 -9999 -9999 -9999 6.61508 9.00304 11.5191 12.3268 13.1328 13.8282 13.8405 13.5296 13.2332 12.9272 12.5785 11.6511 10.751 9.89097 9.59793 9.76343 9.74105 10.4776 12.2073 12.5369 12.3872 10.7039 10.1347 11.5334 12.7087 12.7979 12.6877 11.2967 11.5893 10.8376 9.81916 9.53649 9.08867 8.14592 8.59427 7.90252 8.19358 8.10554 8.6336 8.88916 9.51849 8.75966 8.75326 9.74852 10.2512 10.2623 10.7902 10.9776 11.0254 11.036 11.0427 11.0423 11.0475 11.039 11.0271 11.0123 10.9821 10.9167 10.7265 9.71521 9.71074 9.98069 10.236 10.7007 10.8345
-9999 -9999 -9999 -9999 -9999 -9999 -9999 6.88078 8.53728 10.7694 12.4226 12.5256 13.3285 13.7421 13.4039 13.0229 12.6325 12.4594 11.4508 10.3428 9.44617 8.38549 8.5532 9.30441 10.5344 11.6498 11.8442 11.6065 10.6962 11.1133 12.0658 12.5699 12.716 12.5947 12.2892 12.1114 11.557 11.3149 10.5459 9.34522 8.87012 9.16514 7.89038 7.97546 8.44175 7.93298 8.75233 9.14269 8.16377 8.92621 9.80834 10.2585 10.6521 10.8376 10.9106 11.0232 11.0243 11.0316 11.0343 11.0296 11.0261 11.0037 10.9842 10.8731 10.711 9.76986 9.37415 9.44555 9.87328 10.2473 10.6401 10.7982
-9999 -9999 -9999 -9999 -9999 -9999 -9999 7.15244 8.64341 10.5783 11.7563 11.9659 12.8561 13.6472 13.5564 13.16 13.0369 12.6251 11.7693 10.8239 9.79075 9.28556 8.13085 9.25651 10.1432 11.0872 11.5258 10.7742 10.4005 11.0483 11.6928 11.9479 12.5995 12.5898 12.373 11.449 10.9969 11.1835 10.9873 10.6462 9.81861 9.77837 9.24538 9.02249 8.81179 8.12925 8.55474 8.5942 8.70494 9.62449 10.0825 10.3856 10.6612 10.7323 10.8512 11.0059 11.0176 11.0209 11.0176 11.0176 11.0029 10.9547 10.9133 10.6947 10.3107 9.5977 8.44443 9.24932 10.0912 10.3446 10.5825 10.7066
-9999 -9999 -9999 -9999 -9999 -9999 -9999 6.88717 8.47078 10.1239 10.814 10.9298 12.5418 13.528 13.5272 13.3378 13.1166 12.105 12.1602 11.9543 11.0221 9.66618 8.17726 8.31113 9.18699 10.436 10.8456 9.61419 9.18045 9.49127 10.468 11.3421 12.2553 12.4847 12.2123 10.7758 9.24944 9.95267 10.7042 10.6968 10.472 9.70426 9.45811 9.23494 8.67383 7.72107 7.85469 8.11384 9.15603 9.48745 10.001 10.4273 10.2638 10.3563 10.7642 10.9973 11.0041 11.0059 11.0111 11.0029 10.9858 10.8938 10.7963 10.635 9.64116 9.02159 8.12093 9.15919 9.73216 10.0367 10.5828 10.7105
-9999 -9999 -9999 -9999 -9999 -9999 -9999 6.38535 7.53378 9.11339 9.74881 10.7635 12.2865 13.0343 13.3913 13.3806 13.2321 12.7773 12.5022 11.9633 10.9941 9.67022 8.19887 7.23918 7.71943 9.39942 9.78659 8.65624 8.08229 8.78652 9.82767 11.3716 12.2523 12.3681 12.2846 11.9857 10.8705 9.52374 9.52513 10.1958 9.62875 8.97018 9.32731 9.25728 8.70332 8.29948 8.04509 8.19217 8.78242 9.02866 9.6222 10.4995 10.6233 10.5962 10.9644 10.9808 10.9872 10.9988 10.9959 10.9898 10.9758 10.9005 10.7354 10.0731 9.49508 8.69215 8.58968 9.51308 9.92087 10.2906 10.5572 10.6422
-9999 -9999 -9999 -9999 -9999 -9999 -9999 5.52935 6.88056 8.35985 9.7448 11.0549 12.1821 12.2669 12.8599 12.8563 13.1654 13.0726 12.6506 12.1964 11.361 9.66189 8.23226 6.67335 7.0782 8.79242 8.99832 8.2435 6.85332 8.2792 9.85234 11.2779 12.048 11.4375 12.0558 12.0013 11.5814 10.7784 9.53168 9.55211 8.61707 8.5734 9.04889 9.20107 9.11815 8.81426 8.32605 8.40139 8.75499 8.84535 9.39048 10.0704 10.7351 10.8449 10.9699 10.9731 10.9729 10.981 10.98 10.9636 10.9268 10.8485 10.2933 9.63346 9.22575 8.66568 8.59494 9.66112 10.0905 10.3204 10.5508 10.6402
-9999 -9999 -9999 -9999 -9999 -9999 -9999 -9999 6.73058 8.25861 9.38862 9.69101 10.6924 11.2319 11.6486 11.7387 12.9328 12.9955 12.7268 12.3095 11.5966 10.3065 9.40613 7.91084 6.83459 7.2609 7.45376 7.84256 7.72159 8.35486 9.8663 11.4414 11.6096 10.6024 10.7473 10.9538 11.421 11.1792 9.48164 8.61774 7.90016 8.40478 8.93576 9.0619 9.08464 8.97843 8.84974 8.63083 9.34227 9.86801 9.98783 10.446 10.7837 10.8751 10.9435 10.9499 10.9566 10.9544 10.9324 10.9157 10.828 10.6344 10.014 8.52549 8.59226 8.42882 7.9638 9.01158 9.66339 10.2513 10.5626 10.6415
-9999 -9999 -9999 -9999 -9999 -9999 -9999 -9999 6.20992 7.97802 8.34927 8.31865 7.7295 7.99656 10.1673 10.602 11.7471 12.8311 12.748 12.3387 11.6717 10.9019 9.71188 8.03089 6.69406 6.11478 7.54191 8.94214 9.22788 9.67253 10.5968 10.7688 9.73923 8.77367 9.3098 9.63147 10.8672 11.0902 10.8464 9.8225 8.65232 8.04009 8.75642 8.84953 8.88956 8.89487 8.86694 8.82182 9.62193 10.0646 10.3708 10.5363 10.8257 10.8978 10.9192 10.9393 10.9318 10.9145 10.8662 10.8117 10.5786 10.2969 9.2827 8.43673 7.90831 7.23809 8.74099 9.19072 9.80286 10.2006 10.5107 10.5772
