Test_Spring_2018/12_17/Temp/20171224_007.txt
ncols	170
nrows	115
xllcorner	350000.000000
yllcorner	4445000.000000
cellsize	1000.000000
nodata_value	-9999.000000
[rows 31 to 61 of 115, columns 70 to 139 of 170]
4.62031 5.09978 5.27541 4.93981 4.97254 5.78889 5.97683 5.9654 5.91393 5.83758 5.45591 5.32744 5.02572 4.49493 4.27107 3.32766 0.282603 1.1411 1.47526 0.590737 1.08099 1.8806 1.18124 -0.890951 -1.78366 -3.2208 -2.75373 -3.17356 -4.32957 -9999 -9999 -9999 -9999 -9999 -9999 -9999 -9999 -9999 -9999 -9999 -9999 -9999 -9999 -9999 -9999 -9999 -9999 -9999 -9999 -9999 -9999 -9999 -9999 -9999 -9999 -9999 -9999 -9999 -9999 -9999 -9999 -9999 -9999 -9999 -9999 -9999 -9999 -9999 -9999 -9999
4.70545 4.92355 4.9014 4.57789 5.07482 5.53258 5.27701 5.10468 5.86647 5.86614 5.60834 5.0033 4.78021 4.54856 4.40553 3.62829 1.45193 -0.510355 0.536943 0.559341 -0.168959 1.13107 0.44176 -1.35353 -3.88703 -2.51072 -2.86907 -4.63899 -5.07446 -9999 -9999 -9999 -9999 -9999 -9999 -9999 -9999 -9999 -9999 -9999 -9999 -9999 -9999 -9999 -9999 -9999 -9999 -9999 -9999 -9999 -9999 -9999 -9999 -9999 -9999 -9999 -9999 -9999 -9999 -9999 -9999 -9999 -9999 -9999 -9999 -9999 -9999 -9999 -9999 -9999
4.09083 4.63773 4.46719 4.32728 5.06614 5.0498 5.01884 5.3078 5.78416 5.87708 5.77614 5.51167 5.28222 5.03787 4.42028 3.53162 1.66873 -0.564392 -1.07293 0.0161513 0.0661693 0.239524 -0.389076 -1.17785 -2.41066 -1.40279 -1.0116 -2.17953 -3.70445 -4.68049 -9999 -9999 -9999 -9999 -9999 -9999 -9999 -9999 -9999 -9999 -9999 -9999 -9999 -9999 -9999 -9999 -9999 -9999 -9999 -9999 -9999 -9999 -9999 -9999 -9999 -9999 -9999 -9999 -9999 -9999 -9999 -9999 -9999 -9999 -9999 -9999 -9999 -9999 -9999 -9999
3.26682 4.20693 3.94945 3.23018 3.67496 4.00895 4.65657 4.8363 4.92919 5.81154 5.76422 5.72241 5.34424 5.04118 4.53978 3.68448 2.46753 1.00267 -1.54596 0.0212258 1.24797 1.21419 1.14484 0.591523 -0.593227 0.395651 0.441227 -1.04726 -2.73255 -3.74348 -4.1626 -9999 -9999 -9999 -9999 -9999 -9999 -9999 -9999 -9999 -9999 -9999 -9999 -9999 -9999 -9999 -9999 -9999 -9999 -9999 -9999 -9999 -9999 -9999 -9999 -9999 -9999 -9999 -9999 -9999 -9999 -9999 -9999 -9999 -9999 -9999 -9999 -9999 -9999 -9999
-9999 3.60895 3.36092 2.48271 2.93027 3.52823 4.38705 4.84554 5.18938 5.45323 5.72203 5.68947 5.30258 4.16174 3.9971 3.94552 3.14866 1.47894 -0.188694 -0.622805 1.24969 1.78386 1.67218 2.0889 1.08478 1.55707 1.36165 0.835349 -0.788714 -2.281 -2.90538 -4.13781 -9999 -9999 -9999 -9999 -9999 -9999 -9999 -9999 -9999 -9999 -9999 -9999 -9999 -9999 -9999 -9999 -9999 -9999 -9999 -9999 -9999 -9999 -9999 -9999 -9999 -9999 -9999 -9999 -9999 -9999 -9999 -9999 -9999 -9999 -9999 -9999 -9999 -9999
-9999 -9999 -9999 -9999 1.92598 2.75431 3.43628 4.27643 5.00027 5.35782 5.70483 5.67636 4.90437 4.5258 4.49094 3.96819 3.04858 2.47017 1.41894 0.32378 0.737913 2.33422 1.62027 2.75091 2.65304 2.85954 2.10077 0.689125 -1.21797 -2.32371 -2.88261 -3.88181 -9999 -9999 -9999 -9999 -9999 -9999 -9999 -9999 -9999 -9999 -9999 -9999 -9999 -9999 -9999 -9999 -9999 -9999 -9999 -9999 -9999 -9999 -9999 -9999 -9999 -9999 -9999 -9999 -9999 -9999 -9999 -9999 -9999 -9999 -9999 -9999 -9999 -9999
-9999 -9999 -9999 -9999 -9999 2.60053 3.12205 4.22764 4.82263 5.05516 5.61528 5.61632 5.3235 5.10169 4.77983 4.35949 3.66756 2.9041 1.91496 1.82033 2.83995 2.84941 2.6328 2.79818 3.32153 3.18112 2.01556 0.00755011 -1.06285 -3.21316 -4.14563 -4.05246 -4.71458 -9999 -9999 -9999 -9999 -9999 -9999 -9999 -9999 -9999 -9999 -9999 -9999 -2.23969 -9999 -9999 -9999 -9999 -9999 -9999 -9999 -9999 -9999 -9999 -9999 -9999 -9999 -9999 -9999 -9999 -9999 -9999 -9999 -9999 -6.28071 -9999 -9999 -9999
-9999 -9999 -9999 -9999 2.48296 3.19093 3.72952 4.42365 4.50458 4.92836 5.57281 5.58235 5.37472 5.13947 4.61135 4.4785 4.08323 3.25432 3.08179 3.41267 3.56311 3.73433 3.83874 3.7487 3.5335 3.25649 2.52184 1.58232 0.951502 -1.02513 -2.0169 -2.97941 -4.43551 -5.57556 -9999 -9999 -9999 -9999 -9999 -9999 -9999 -2.98993 -3.0482 -3.02649 -2.71157 -1.83512 -2.35596 -9999 -9999 -9999 -9999 -9999 -9999 -9999 -9999 -9999 -9999 -9999 -9999 -9999 -9999 -9999 -9999 -9999 -9999 -9999 -5.49545 -6.64506 -9999 -9999
-9999 -9999 -9999 -9999 2.6808 3.40845 3.77332 4.44841 4.83582 5.1112 5.33563 5.54948 5.51347 5.25339 4.85747 4.85744 4.31114 4.0146 3.80148 4.24993 4.33533 4.14994 3.91877 3.71446 3.14251 3.07478 2.90939 2.31297 1.33455 0.326339 -1.10792 -3.08322 -5.02086 -6.58468 -9999 -9999 -9999 -9999 -9999 -9999 -2.8284 -2.10175 -1.66809 -2.60364 -1.81194 -1.08844 -1.20818 -1.90291 -9999 -9999 -9999 -9999 -9999 -9999 -9999 -9999 -9999 -9999 -9999 -9999 -9999 -9999 -0.0578923 -1.23669 -3.61242 -4.83244 -5.56622 -6.61181 -9999 -9999
-9999 -9999 -9999 -9999 2.52976 3.3897 3.97373 4.49277 4.57895 5.12112 5.36263 5.47823 5.46486 5.41263 5.33819 4.86145 4.65406 3.93352 4.61452 4.58397 4.406 3.71505 3.41366 2.23143 1.71015 1.61239 2.60331 1.87002 0.339555 -1.57362 -3.85983 -4.00376 -4.76643 -6.16439 -9999 -9999 -9999 -9999 -9999 -9999 -2.60872 -1.83142 -1.18321 -1.09245 -2.02223 -0.733694 -0.773802 -1.50018 -1.66767 -1.07843 -0.781652 -1.00114 -0.292219 -0.0902932 -0.415335 -0.070989 -9999 -9999 -9999 -9999 0.106314 0.147991 0.178315 -0.315881 -2.91075 -4.68435 -6.27739 -6.42622 -9999 -9999
-9999 -9999 -9999 -9999 3.11544 3.64705 3.91846 3.9666 4.43388 4.91016 5.20545 5.41544 5.37381 5.35595 5.33595 5.17075 4.79011 4.85328 4.81775 4.59273 3.28029 1.74963 2.41068 1.50193 -0.42806 1.1535 2.01885 1.18846 -0.665596 -2.8155 -3.507 -3.47239 -4.53207 -5.89722 -9999 -9999 -9999 -4.73931 -3.62459 -3.53233 -3.20739 -2.16947 -1.38092 -0.785045 -0.381898 -0.389515 -0.818961 -1.52936 -2.30128 -2.03063 -0.651331 -0.317975 -0.0254845 0.183889 -0.118419 0.0272389 0.390742 0.575431 0.607749 0.51437 0.488232 0.512405 0.462501 0.000732979 -2.31718 -3.64767 -4.49802 -6.19884 -9999 -9999
-9999 -9999 -9999 -9999 2.78004 3.24343 3.62014 4.24279 4.31341 4.70874 4.95314 5.30582 5.34511 4.94126 5.27224 5.22592 5.15932 5.02207 4.82286 3.71348 2.18676 0.656739 -0.05168 0.254419 -0.914247 -0.309982 0.566946 0.249727 -0.886919 -2.80197 -3.07156 -3.50692 -5.28212 -6.9971 -9999 -9999 -6.91147 -4.76798 -3.26052 -2.4857 -2.24952 -2.23174 -1.23721 -1.16357 -0.0917446 -0.340167 -1.7636 -1.60666 -2.15943 -1.80372 -1.30267 -1.16722 -0.435703 0.265573 0.392422 0.389455 0.618505 0.660356 0.66621 0.653525 0.487527 0.554391 0.559742 0.269735 -1.41398 -2.23737 -3.14195 -6.18919 -9999 -9999
-9999 -9999 -9999 -9999 3.01072 3.52891 4.09627 4.19311 4.61493 4.57652 4.47131 5.05441 5.27246 4.98718 4.78015 5.154 5.12309 5.06733 4.97859 3.93517 2.72889 0.906385 -0.227326 -0.913044 -1.40536 -2.05422 -1.6038 -1.74111 -1.92499 -1.71165 -2.23421 -3.27525 -4.31783 -6.2649 -7.32239 -9999 -6.80034 -5.83609 -4.04253 -2.51936 -1.55463 -1.90945 -0.778119 -0.572331 0.0851486 -0.303532 -1.16781 -1.54425 -1.58031 -1.69676 -0.934077 -0.418366 -0.0530425 0.184952 0.485766 0.556544 0.627339 0.652904 0.663665 0.674696 0.664184 0.651819 0.611871 0.499345 -0.277639 -1.09797 -2.86778 -6.09654 -9999 -9999
-9999 -9999 -9999 1.49461 2.94427 3.81063 4.15027 4.39736 4.61577 4.77521 4.94885 5.10254 5.20813 5.16663 4.41085 4.46849 4.59871 5.0202 4.98293 4.88228 4.21949 2.0027 1.23999 0.121483 -1.32632 -1.92593 -1.62345 -0.437151 -0.488628 -1.27192 -2.14511 -3.34516 -4.11221 -5.30917 -7.60368 -7.4016 -6.37323 -5.60993 -4.39314 -2.5303 -1.22634 -0.647825 -0.432808 0.0271663 0.262485 -0.270432 -0.773145 -0.987289 -1.38129 -1.43908 -1.43872 -0.978903 -0.616304 0.186062 0.450938 0.571123 0.627612 0.654722 0.672457 0.689825 0.691503 0.669619 0.664343 0.652368 0.591489 -0.500713 -3.22819 -5.2803 -9999 -9999
-9999 -9999 -9999 -9999 2.67142 3.05673 3.16312 3.34386 3.70587 4.12161 4.71394 4.79216 5.11343 5.11241 4.46297 3.70902 4.35671 4.6096 4.87136 4.87208 4.78054 2.92112 1.94514 1.17705 -0.211124 0.293691 0.769615 0.807194 0.522481 -1.1583 -2.83232 -4.75574 -6.5614 -6.64896 -7.62099 -7.10915 -6.43169 -4.68497 -3.45798 -2.9645 -2.61199 -0.718324 -0.22696 -0.0629592 0.418946 -0.248364 -0.416609 -0.91777 -0.77196 -0.817816 -0.81717 -2.20048 -0.813153 -0.735066 0.163141 0.566204 0.653555 0.671806 0.691538 0.688841 0.687238 0.676542 0.679498 0.660795 0.639512 -0.072323 -3.52768 -5.26269 -9999 -9999
-9999 -9999 -9999 -9999 -9999 -9999 2.80028 3.09698 3.28985 3.61735 4.61133 4.87955 5.05738 5.0727 4.78161 4.03648 3.83528 3.96449 3.23271 3.83134 4.65567 4.62971 4.52501 2.88887 2.05641 2.86561 2.62083 1.39489 0.430922 -0.520235 -2.48006 -3.90738 -5.97646 -7.53117 -7.59185 -5.8805 -4.45952 -2.69209 -1.91618 -2.36853 -1.893 -0.954485 0.111828 0.625049 0.498269 -0.204992 -0.303234 -1.07449 -0.3211 -0.258386 -0.611691 -0.917425 -0.794443 -0.351571 -0.185409 0.515893 0.681453 0.707143 0.705533 0.701382 0.691408 0.680695 0.665505 0.652171 0.636863 0.600076 -2.95164 -5.71373 -9999 -9999
-9999 -9999 -9999 -9999 -9999 -9999 2.11356 2.2978 2.76806 3.96229 4.59598 4.85096 4.84475 4.96118 4.75537 4.09852 3.42272 2.78341 1.96087 2.4204 3.64802 4.37013 4.44869 3.01413 3.76218 3.48361 2.93506 1.33137 0.150523 -0.474111 -2.35528 -3.95898 -5.33534 -7.23681 -6.42588 -5.53381 -4.38831 -2.45871 -1.15993 -0.630682 -1.08731 -0.490289 0.737469 0.739128 0.0598749 0.0998678 -0.311508 -1.36452 -0.272729 0.0332615 -0.216581 -0.154061 -0.244516 -0.081737 0.217033 0.502028 0.689307 0.709321 0.706054 0.692565 0.68514 0.678849 0.658706 0.653736 0.638298 0.615274 -1.67887 -5.7733 -9999 -9999
-9999 -9999 -9999 -9999 -9999 -9999 -9999 1.49679 2.55932 4.14207 4.54519 4.51345 4.84088 4.86921 4.55409 4.27833 3.45889 2.33996 0.196532 0.733901 1.86344 3.49591 4.35253 4.23357 3.75769 2.9263 0.914913 -0.844464 -1.05582 -1.34138 -2.71345 -3.94631 -5.47646 -4.59054 -3.62116 -2.5617 -2.00783 -2.1585 -1.04647 -0.141372 -0.535438 0.198281 1.05582 0.658943 0.422744 0.22448 -0.250953 -0.281921 -0.234208 0.385267 -0.046067 0.216409 0.225222 0.207147 0.350587 0.515628 0.688544 0.711765 0.705533 0.701362 0.673446 0.673749 0.656928 0.640743 0.625961 0.605389 0.393701 -1.81298 -3.13369 -9999
-9999 -9999 -9999 -9999 -9999 -9999 -9999 0.518534 1.05219 2.92493 3.51291 4.34083 4.7804 4.80065 4.26973 3.97144 2.75341 2.35316 0.369809 -0.530975 0.222268 -0.0734902 2.17759 4.17036 3.7391 -0.288664 -1.74636 -2.78501 -2.51524 -2.50999 -2.88999 -4.99545 -5.57823 -3.68513 -2.49454 -1.57374 -0.877263 -0.736658 -0.767502 0.651902 0.835225 1.29222 1.18543 1.22297 0.497991 0.0482616 0.437027 -0.0143765 -0.0930013 0.546985 -0.086471 0.483523 0.418352 0.243727 0.231126 0.603316 0.674464 0.708775 0.704543 0.682695 0.656238 0.63889 0.644481 0.632666 0.6062 0.602231 0.57724 0.312365 -0.831705 -1.2334
-9999 -9999 -9999 -9999 -9999 -9999 -9999 -9999 -0.69388 1.90539 3.10144 3.727 4.60488 4.71039 4.42998 3.91518 2.67384 1.58074 -0.192728 -2.21714 -3.2898 -0.096324 2.68357 4.13384 3.94611 0.593294 -0.728914 -0.788481 -0.00683096 -0.662002 -1.15834 -2.756 -3.23621 -3.90465 -3.49511 -2.20875 -1.16196 -0.153142 0.577921 0.630915 1.1021 1.37256 1.38903 1.46966 1.38016 1.30693 0.611291 1.08903 0.679636 0.894172 0.753405 0.626163 0.520489 0.119806 0.397201 0.641789 0.700915 0.714424 0.692819 0.682203 0.664167 0.633154 0.617663 0.60983 0.601781 0.583878 0.579064 0.563994 0.432687 -0.256796
-9999 -9999 -9999 -9999 -9999 -9999 -9999 -9999 -1.99574 0.590048 1.84445 3.44744 4.27716 4.61082 4.56341 4.1455 3.20115 1.78187 0.59815 -1.66062 -4.00537 -0.653076 2.33693 3.94812 4.03219 1.21933 2.00141 1.37151 1.62815 0.474366 -0.0037405 -0.373692 -1.20372 -2.11225 -3.10435 -3.63356 -1.27679 -0.0698964 0.899443 1.35249 1.60518 1.72756 1.6533 1.47275 0.418993 1.21425 1.17083 1.08848 0.994876 0.948698 0.864076 0.764712 0.70961 0.68601 0.418324 0.713452 0.700588 0.698668 0.693493 0.678572 0.656207 0.635523 0.611773 0.606718 0.592969 0.577347 0.565425 0.559006 0.546832 0.50572
-9999 -9999 -9999 -9999 -9999 -9999 -9999 -9999 -5.62811 -1.86974 1.1652 2.74179 4.0253 4.37555 4.50382 3.94486 3.52481 2.50602 1.54066 0.0547535 -2.16751 -3.53743 -1.02708 2.62337 3.97318 3.87291 3.78909 3.0601 2.40363 2.32212 2.37309 1.61705 0.505471 -0.954345 -1.41234 -1.92729 -0.173118 0.0597372 -0.0752578 1.85185 1.84896 1.73165 0.984435 0.153206 0.304716 -0.20838 0.183529 -0.430939 0.128477 0.611973 0.791228 0.773988 0.71197 0.700914 0.667865 0.714081 0.707885 0.693579 0.680654 0.670199 0.655582 0.62552 0.60516 0.605856 0.58657 0.568991 0.556465 0.552204 0.54403 0.512426
-9999 -9999 -9999 -9999 -9999 -9999 -9999 -9999 -5.46636 -2.29659 0.383035 1.992 3.53516 3.89118 4.40894 4.29213 3.85268 2.96666 1.86087 0.63724 -1.26977 -2.68802 -1.01129 1.41291 3.14771 3.77537 3.77362 3.73222 3.56786 3.50568 3.31421 3.18693 2.38532 1.00587 0.224495 -0.918351 1.03716 1.2514 0.938349 1.90989 1.85363 0.366786 -0.777921 -0.926382 -0.233591 -0.898938 -1.01606 -1.42568 -0.964298 0.277623 -0.0885018 -0.0192239 0.547822 0.6371 0.69111 0.702343 0.693077 0.684509 0.668541 0.663174 0.657423 0.62795 0.610314 0.597989 0.569541 0.562901 0.542304 0.528549 0.518602 0.499618
-9999 -9999 -9999 -9999 -9999 -9999 -9999 -9999 -5.40832 -3.27358 -0.862737 1.50495 3.15264 3.81538 4.29632 4.28691 3.77715 3.33419 2.63913 1.56225 0.822104 -0.458523 -2.21367 0.718364 1.61831 2.42668 2.7688 3.60642 3.58635 3.20309 2.77118 3.1832 3.05968 1.96698 1.60505 0.995678 2.08106 2.07793 2.04139 1.97622 0.719249 -1.02525 -2.42089 -1.42802 -1.64293 -1.18394 -2.60618 -1.44095 -0.503082 -0.200717 -0.837769 -1.31528 0.154964 0.392904 0.53305 0.620835 0.676389 0.65593 0.664727 0.649517 0.638332 0.626529 0.606814 0.592147 0.572571 0.55304 0.538962 0.526909 0.505571 0.47782
-9999 -9999 -9999 -9999 -9999 -9999 -9999 -9999 -9999 -4.53271 -1.47432 1.25246 2.76927 3.72162 4.18338 4.17074 3.90786 3.6056 3.1728 2.3947 1.41885 -0.119926 -1.26284 -0.543077 0.339263 0.443934 1.02978 2.73075 3.31169 2.48759 0.461456 1.66273 3.00113 2.97637 2.85837 2.72615 2.558 2.40478 2.0757 1.20413 -1.45281 -1.98156 -3.0278 -2.916 -3.45531 -2.28956 -2.72558 -1.53294 -1.01801 -0.825619 -1.9353 -1.69756 -0.401874 0.108796 0.0191322 0.330411 0.629768 0.634094 0.636786 0.622696 0.622633 0.618308 0.606509 0.583345 0.566693 0.552993 0.527408 0.5274 0.424159 0.355862
-9999 -9999 -9999 -9999 -9999 -9999 -9999 -9999 -9999 -5.14469 -2.09636 1.11461 2.14388 3.17061 4.05571 4.06893 3.66988 3.28985 2.89844 2.45355 1.27114 0.124743 -0.969485 -1.33884 -1.122 -1.13095 -0.18312 2.03249 2.46075 2.27675 0.161276 -0.561223 1.22718 2.72931 2.84402 2.70317 0.926693 1.29869 0.337226 -0.965008 -1.32798 -1.90161 -3.10672 -2.53571 -3.41962 -3.04854 -3.14259 -2.46749 -2.14019 -1.33585 -2.30373 -2.29575 -1.02382 -0.384045 -0.372218 0.298974 0.535034 0.592952 0.603273 0.608778 0.605543 0.609869 0.597295 0.581069 0.561799 0.523692 0.441301 0.204733 -1.07855 -1.08122
-9999 -9999 -9999 -9999 -9999 -9999 -9999 -9999 -9999 -4.79997 -2.68544 0.163061 2.27198 2.40161 3.42454 3.95038 3.51697 3.02929 2.53036 2.30967 1.02337 -0.388851 -1.53033 -2.88035 -2.66158 -1.69737 -0.106968 1.32329 1.57781 1.28033 0.152177 0.687969 1.90636 2.55144 2.73871 2.58369 2.19297 1.96476 1.25538 0.944508 -0.0389458 -1.57333 -2.18131 -1.80594 -3.43408 -3.32605 -2.7311 -3.36053 -2.31394 -1.81504 -3.06422 -2.07144 -0.946864 -0.374067 0.126027 0.360199 0.450495 0.591293 0.589696 0.596265 0.59703 0.588838 0.582644 0.552878 0.527292 0.385352 0.179016 -1.02131 -1.5147 -1.42147
-9999 -9999 -9999 -9999 -9999 -9999 -9999 -9999 -9999 -4.44708 -2.54396 -0.0748139 1.42775 1.69381 2.82848 3.83668 3.71929 3.21219 3.05456 2.52913 1.43762 0.23267 -1.08369 -1.72532 -3.19546 -1.75417 -0.602588 0.6079 1.17317 0.249398 -0.224062 0.605808 1.43053 1.75753 2.58985 2.5774 2.29993 1.11945 0.540896 0.77749 0.525482 0.0884469 -0.969359 -1.02192 -1.70322 -1.98843 -2.25784 -3.10856 -2.56507 -2.51444 -2.36899 -1.17919 -0.596146 -0.211137 0.13851 0.226747 0.375807 0.57048 0.582666 0.5842 0.577477 0.575262 0.554544 0.491683 0.437833 0.158279 -0.331974 -1.24172 -2.70247 -1.67381
-9999 -9999 -9999 -9999 -9999 -9999 -9999 -9999 -9999 -4.77916 -2.75787 -0.648359 0.231645 0.378094 2.43449 3.69188 3.68974 3.44702 3.16422 1.87299 1.94417 1.68263 0.494727 -1.23354 -3.13102 -2.95655 -1.82305 -0.220403 0.307055 -1.22899 -1.77967 -1.38052 -0.131988 0.984963 2.15111 2.4438 2.09551 0.260831 -1.68877 -0.792517 0.165399 0.154418 -0.133896 -1.11508 -1.43029 -1.71597 -2.43284 -3.63671 -3.45744 -3.12664 -1.77475 -1.35306 -0.699103 -0.15684 -0.367824 -0.252121 0.265998 0.560941 0.566822 0.566565 0.570694 0.55794 0.534111 0.41501 0.289299 0.082375 -1.18682 -1.97795 -3.12218 -1.79081
-9999 -9999 -9999 -9999 -9999 -9999 -9999 -9999 -9999 -5.41292 -3.94721 -1.93143 -1.12119 0.172955 2.11587 3.06925 3.5239 3.50932 3.31932 2.73866 2.38786 1.70095 0.465277 -1.22266 -3.09832 -4.32045 -3.70419 -1.54029 -1.02933 -2.44918 -3.17931 -2.27831 -0.947778 1.02403 2.14857 2.29629 2.18921 1.80679 0.381986 -1.33847 -1.33812 -0.483432 -1.20861 -2.0505 -1.5957 -1.686 -2.39389 -2.91002 -3.21299 -3.02117 -2.25039 -1.93753 -1.18156 -0.0636092 0.0922763 0.0553522 0.522871 0.541186 0.546747 0.558978 0.552698 0.542573 0.522569 0.424488 0.212 -0.634715 -1.37367 -2.39943 -2.53082 -1.34109
-9999 -9999 -9999 -9999 -9999 -9999 -9999 -9999 -9999 -6.49868 -4.77415 -2.88638 -1.11925 0.552172 1.98993 2.09703 2.85304 2.84753 3.24141 3.12272 2.58414 2.00487 0.93955 -1.2278 -3.05073 -5.03829 -4.51881 -2.3165 -2.01222 -2.97321 -4.74555 -2.92363 -0.914176 0.906408 1.88969 1.11026 1.899 1.82858 1.2914 0.265061 -1.32778 -1.30315 -2.49814 -2.55518 -1.94939 -1.75614 -1.86286 -2.2515 -2.86233 -2.75266 -2.28412 -2.17028 -1.4761 -0.610099 0.236329 0.374208 0.53131 0.532872 0.530006 0.537678 0.53372 0.510277 0.461014 0.358809 -0.351904 -1.19598 -1.71798 -2.43425 -2.52572 -1.1602
