Test_Spring_2018/12_17/Temp/20171208_000.txt
ncols	170
nrows	115
xllcorner	350000.000000
yllcorner	4445000.000000
cellsize	1000.000000
nodata_value	-9999.000000
[rows 31 to 61 of 115, columns 70 to 139 of 170]
4.83335 5.53889 5.79904 5.30985 5.36057 6.56667 6.84476 6.83151 6.76699 6.65925 6.10407 5.92014 5.48238 4.70898 4.38557 3.00763 -1.45066 -0.187055 0.308246 -0.982455 -0.257714 0.92085 -0.0972949 -3.12726 -4.42796 -6.52629 -5.83598 -6.43766 -8.12371 -9999 -9999 -9999 -9999 -9999 -9999 -9999 -9999 -9999 -9999 -9999 -9999 -9999 -9999 -9999 -9999 -9999 -9999 -9999 -9999 -9999 -9999 -9999 -9999 -9999 -9999 -9999 -9999 -9999 -9999 -9999 -9999 -9999 -9999 -9999 -9999 -9999 -9999 -9999 -9999 -9999
4.96349 5.28606 5.25644 4.7851 5.51634 6.1902 5.82495 5.58439 6.70384 6.70753 6.33393 5.45147 5.12896 4.79403 4.58915 3.45483 0.269935 -2.60093 -1.06019 -1.0214 -2.0826 -0.170354 -1.17362 -3.79757 -7.50316 -5.47754 -5.99421 -8.57734 -9.21369 -9999 -9999 -9999 -9999 -9999 -9999 -9999 -9999 -9999 -9999 -9999 -9999 -9999 -9999 -9999 -9999 -9999 -9999 -9999 -9999 -9999 -9999 -9999 -9999 -9999 -9999 -9999 -9999 -9999 -9999 -9999 -9999 -9999 -9999 -9999 -9999 -9999 -9999 -9999 -9999 -9999
4.06787 4.87251 4.62552 4.42342 5.50937 5.48838 5.45346 5.88838 6.58931 6.72967 6.58595 6.20264 5.87075 5.51718 4.6167 3.31909 0.593726 -2.67404 -3.41365 -1.81119 -1.73136 -1.47035 -2.3844 -3.5328 -5.33168 -3.8459 -3.26374 -4.96982 -7.19737 -8.61892 -9999 -9999 -9999 -9999 -9999 -9999 -9999 -9999 -9999 -9999 -9999 -9999 -9999 -9999 -9999 -9999 -9999 -9999 -9999 -9999 -9999 -9999 -9999 -9999 -9999 -9999 -9999 -9999 -9999 -9999 -9999 -9999 -9999 -9999 -9999 -9999 -9999 -9999 -9999 -9999
2.86529 4.24641 3.87211 2.82093 3.47592 3.96847 4.93677 5.20173 5.34198 6.63941 6.57421 6.51715 5.96719 5.52746 4.79723 3.54849 1.76993 -0.371671 -4.10147 -1.79804 0.00680977 -0.035518 -0.129548 -0.932534 -2.66065 -1.2024 -1.12652 -3.30765 -5.76344 -7.23693 -7.8432 -9999 -9999 -9999 -9999 -9999 -9999 -9999 -9999 -9999 -9999 -9999 -9999 -9999 -9999 -9999 -9999 -9999 -9999 -9999 -9999 -9999 -9999 -9999 -9999 -9999 -9999 -9999 -9999 -9999 -9999 -9999 -9999 -9999 -9999 -9999 -9999 -9999 -9999 -9999
-9999 3.37525 3.01494 1.7309 2.39005 3.26959 4.5411 5.22212 5.729 6.11976 6.51779 6.47414 5.91125 4.24338 4.00661 3.93585 2.77302 0.331164 -2.10718 -2.737 0.0146106 0.805057 0.649332 1.26859 -0.194346 0.507144 0.230217 -0.537609 -2.91126 -5.08435 -5.99112 -7.7895 -9999 -9999 -9999 -9999 -9999 -9999 -9999 -9999 -9999 -9999 -9999 -9999 -9999 -9999 -9999 -9999 -9999 -9999 -9999 -9999 -9999 -9999 -9999 -9999 -9999 -9999 -9999 -9999 -9999 -9999 -9999 -9999 -9999 -9999 -9999 -9999 -9999 -9999
-9999 -9999 -9999 -9999 0.923714 2.15029 3.1513 4.39372 5.45731 5.98527 6.49775 6.45989 5.33229 4.78151 4.73479 3.97325 2.6304 1.78816 0.253402 -1.34519 -0.73092 1.61672 0.578633 2.24482 2.11075 2.42322 1.32112 -0.743376 -3.53169 -5.13763 -5.94789 -7.40392 -9999 -9999 -9999 -9999 -9999 -9999 -9999 -9999 -9999 -9999 -9999 -9999 -9999 -9999 -9999 -9999 -9999 -9999 -9999 -9999 -9999 -9999 -9999 -9999 -9999 -9999 -9999 -9999 -9999 -9999 -9999 -9999 -9999 -9999 -9999 -9999 -9999 -9999
-9999 -9999 -9999 -9999 -9999 1.93088 2.69668 4.32078 5.20234 5.54687 6.37148 6.37659 5.95104 5.62974 5.16207 4.55041 3.54115 2.42762 0.983932 0.852074 2.35413 2.37623 2.06762 2.31952 3.09666 2.90132 1.19841 -1.73423 -3.29259 -6.43163 -7.78877 -7.64298 -8.60483 -9999 -9999 -9999 -9999 -9999 -9999 -9999 -9999 -9999 -9999 -9999 -9999 -4.93788 -9999 -9999 -9999 -9999 -9999 -9999 -9999 -9999 -9999 -9999 -9999 -9999 -9999 -9999 -9999 -9999 -9999 -9999 -9999 -9999 -10.9137 -9999 -9999 -9999
-9999 -9999 -9999 -9999 1.75191 2.79994 3.59313 4.61406 4.74314 5.36616 6.31407 6.3313 6.03024 5.68887 4.91852 4.72796 4.15334 2.94378 2.69709 3.18908 3.41744 3.67708 3.83958 3.71775 3.41309 3.01833 1.94797 0.582324 -0.33084 -3.2198 -4.65757 -6.05837 -8.18326 -9.84561 -9999 -9999 -9999 -9999 -9999 -9999 -9999 -6.02049 -6.10604 -6.07523 -5.61542 -4.33318 -5.09957 -9999 -9999 -9999 -9999 -9999 -9999 -9999 -9999 -9999 -9999 -9999 -9999 -9999 -9999 -9999 -9999 -9999 -9999 -9999 -9.75551 -11.4421 -9999 -9999
-9999 -9999 -9999 -9999 2.05436 3.12496 3.66349 4.65642 5.22739 5.63932 5.97124 6.28752 6.23756 5.85933 5.28232 5.28609 4.48982 4.06044 3.75425 4.41874 4.55208 4.28949 3.96073 3.67215 2.84542 2.75834 2.5235 1.66173 0.24008 -1.2254 -3.31368 -6.19806 -9.0279 -11.3106 -9999 -9999 -9999 -9999 -9999 -9999 -5.76883 -4.70339 -4.06847 -5.44147 -4.28359 -3.22641 -3.40582 -4.43963 -9999 -9999 -9999 -9999 -9999 -9999 -9999 -9999 -9999 -9999 -9999 -9999 -9999 -9999 -1.77682 -3.50431 -6.98658 -8.77533 -9.85192 -11.3861 -9999 -9999
-9999 -9999 -9999 -9999 1.83928 3.10384 3.9636 4.7277 4.85694 5.65209 6.01565 6.18745 6.17016 6.09607 5.98976 5.29435 4.9945 3.94342 4.94778 4.9103 4.65794 3.65482 3.2238 1.50263 0.751099 0.616521 2.08231 1.02105 -1.20864 -3.99945 -7.33172 -7.53425 -8.64086 -10.6796 -9999 -9999 -9999 -9999 -9999 -9999 -5.4301 -4.29092 -3.3422 -3.21167 -4.57798 -2.69359 -2.76725 -3.83838 -4.09046 -3.23333 -2.80465 -3.12872 -2.10195 -1.81073 -2.29097 -1.78908 -9999 -9999 -9999 -9999 -1.53108 -1.46902 -1.42365 -2.14737 -5.95062 -8.55069 -10.8868 -11.1163 -9999 -9999
-9999 -9999 -9999 -9999 2.7043 3.48766 3.88918 3.96292 4.65054 5.34878 5.79025 6.09719 6.03814 6.01405 5.98715 5.74801 5.19388 5.29128 5.24517 4.92259 3.00738 0.773568 1.75347 0.43735 -2.37904 -0.0497737 1.2331 0.0307295 -2.67201 -5.80855 -6.80229 -6.74175 -8.28262 -10.2718 -9999 -9999 -9999 -8.54302 -6.905 -6.76728 -6.29009 -4.76933 -3.61545 -2.74569 -2.15925 -2.17323 -2.82099 -3.86991 -5.00918 -4.62019 -2.60588 -2.12413 -1.70459 -1.40307 -1.85043 -1.64482 -1.11349 -0.843307 -0.795655 -0.931642 -0.968704 -0.931909 -1.00383 -1.67982 -5.07284 -7.02329 -8.2708 -10.7862 -9999 -9999
-9999 -9999 -9999 -9999 2.21628 2.89962 3.45543 4.37146 4.47753 5.05912 5.41711 5.94143 6.00045 5.41001 5.89701 5.8316 5.73738 5.54075 5.25462 3.63584 1.40683 -0.825588 -1.85236 -1.39238 -3.09115 -2.19331 -0.892836 -1.33643 -2.98381 -5.77531 -6.15538 -6.77405 -9.36639 -11.8681 -9999 -9999 -11.7145 -8.56666 -6.35289 -5.21488 -4.86819 -4.84332 -3.38829 -3.28442 -1.71856 -2.08639 -4.19098 -3.96934 -4.79115 -4.27873 -3.56077 -3.36945 -2.30158 -1.28337 -1.10141 -1.10843 -0.774138 -0.713113 -0.703915 -0.721199 -0.962796 -0.86297 -0.8535 -1.27741 -3.74483 -4.95204 -6.28677 -10.7662 -9999 -9999
-9999 -9999 -9999 -9999 2.55919 3.3227 4.15784 4.30281 4.92365 4.87191 4.71716 5.5732 5.89868 5.48146 5.1793 5.72925 5.68691 5.60942 5.48508 3.96304 2.20395 -0.456737 -2.10628 -3.09926 -3.80578 -4.73969 -4.0635 -4.24837 -4.5013 -4.17201 -4.9153 -6.42079 -7.93461 -10.7788 -12.3171 -9999 -11.5334 -10.1137 -7.4805 -5.24575 -3.83158 -4.35348 -2.69873 -2.4021 -1.44212 -2.0193 -3.30505 -3.87537 -3.9379 -4.11791 -3.00877 -2.26499 -1.73486 -1.39228 -0.958971 -0.858001 -0.755581 -0.718175 -0.701403 -0.683458 -0.696649 -0.71247 -0.768978 -0.932427 -2.07061 -3.27959 -5.87559 -10.6209 -9999 -9999
-9999 -9999 -9999 0.333605 2.46938 3.74323 4.24452 4.60962 4.93214 5.16773 5.42181 5.65008 5.80571 5.74919 4.64216 4.72814 4.92157 5.54332 5.49428 5.35413 4.39186 1.15361 0.0468883 -1.57443 -3.6805 -4.54487 -4.08446 -2.32811 -2.38581 -3.51613 -4.77842 -6.51606 -7.61868 -9.35918 -12.7127 -12.4057 -10.8895 -9.76403 -7.97617 -5.2437 -3.3327 -2.48713 -2.17625 -1.50558 -1.16792 -1.96656 -2.72293 -3.04785 -3.63623 -3.73138 -3.74064 -3.07555 -2.55034 -1.38514 -1.00191 -0.830877 -0.749297 -0.709342 -0.681944 -0.654235 -0.649058 -0.678358 -0.683641 -0.699406 -0.7926 -2.39444 -6.39974 -9.42013 -9999 -9999
-9999 -9999 -9999 -9999 2.07732 2.64604 2.80538 3.07314 3.60603 4.21711 5.08472 5.2005 5.67233 5.67255 4.72361 3.61957 4.57114 4.94549 5.33461 5.34302 5.2182 2.50545 1.08858 -0.0218892 -2.03981 -1.28432 -0.568763 -0.495195 -0.893728 -3.33849 -5.77351 -8.57051 -11.2002 -11.3129 -12.7201 -11.9606 -10.9583 -8.39112 -6.58827 -5.86311 -5.34703 -2.57428 -1.85709 -1.6299 -0.932871 -1.92142 -2.18833 -2.93509 -2.73331 -2.81196 -2.82168 -4.85895 -2.83255 -2.72561 -1.41481 -0.830472 -0.704908 -0.677646 -0.646933 -0.648191 -0.647368 -0.659847 -0.652713 -0.681384 -0.716194 -1.76137 -6.82908 -9.38469 -9999 -9999
-9999 -9999 -9999 -9999 -9999 -9999 2.28161 2.71927 3.00414 3.48576 4.94202 5.33614 5.59755 5.62073 5.19502 4.10544 3.81249 4.00535 2.93803 3.82389 5.04135 5.01529 4.87585 2.49348 1.28915 2.49309 2.15297 0.375263 -1.0181 -2.39257 -5.24565 -7.31475 -10.3298 -12.5923 -12.6666 -10.1457 -8.05238 -5.45465 -4.31291 -4.97423 -4.2781 -2.90786 -1.35146 -0.607782 -0.80377 -1.84589 -2.01084 -3.1544 -2.06291 -1.9832 -2.51242 -2.97081 -2.79826 -2.15698 -1.9194 -0.895428 -0.654716 -0.61854 -0.618774 -0.621798 -0.632886 -0.645068 -0.667989 -0.686938 -0.710063 -0.765978 -5.9752 -10.0363 -9999 -9999
-9999 -9999 -9999 -9999 -9999 -9999 1.28334 1.55612 2.24755 3.99956 4.92771 5.30239 5.29398 5.46528 5.1645 4.20312 3.21502 2.28129 1.08098 1.76207 3.57129 4.64181 4.77116 2.68452 3.79722 3.40711 2.62214 0.291207 -1.41956 -2.3149 -5.05214 -7.3793 -9.37846 -12.1487 -10.945 -9.62466 -7.93539 -5.09951 -3.19134 -2.41454 -3.08521 -2.21459 -0.421974 -0.428621 -1.43496 -1.38823 -2.01259 -3.56974 -1.98278 -1.54698 -1.92497 -1.84395 -1.98461 -1.75406 -1.3222 -0.908432 -0.635798 -0.606361 -0.609684 -0.626151 -0.63328 -0.640392 -0.668129 -0.674857 -0.698289 -0.734213 -4.10036 -10.1144 -9999 -9999
-9999 -9999 -9999 -9999 -9999 -9999 -9999 0.390547 1.95013 4.27166 4.86192 4.81642 5.29715 5.3394 4.87844 4.4757 3.27686 1.64022 -1.49625 -0.701119 0.964299 3.36918 4.63895 4.48066 3.79942 2.59907 -0.329993 -2.88902 -3.17861 -3.57678 -5.56762 -7.35107 -9.57545 -8.25988 -6.82381 -5.25796 -4.43579 -4.64915 -3.01468 -1.68661 -2.26591 -1.19504 0.0547596 -0.536253 -0.893396 -1.19612 -1.91455 -1.97384 -1.91745 -1.02231 -1.66646 -1.29243 -1.28767 -1.32221 -1.11798 -0.879968 -0.628292 -0.59405 -0.601266 -0.60415 -0.641637 -0.638426 -0.661345 -0.684609 -0.707207 -0.739689 -1.05361 -4.30077 -6.24325 -9999
-9999 -9999 -9999 -9999 -9999 -9999 -9999 -1.03462 -0.250153 2.49659 3.35793 4.57269 5.21801 5.24864 4.47159 4.03662 2.2532 1.67001 -1.23212 -2.54437 -1.43062 -1.85224 1.46129 4.39806 3.78193 -2.10381 -4.22155 -5.72441 -5.30901 -5.28115 -5.81806 -8.88071 -9.71665 -6.92494 -5.16477 -3.80225 -2.77112 -2.5579 -2.59852 -0.516689 -0.249409 0.415923 0.252329 0.298199 -0.775246 -1.44642 -0.89803 -1.5734 -1.70201 -0.776617 -1.71683 -0.891865 -0.99534 -1.25916 -1.28349 -0.741707 -0.639108 -0.588573 -0.59345 -0.622076 -0.657291 -0.680552 -0.670769 -0.687773 -0.72763 -0.735881 -0.776217 -1.17721 -2.86073 -3.45647
-9999 -9999 -9999 -9999 -9999 -9999 -9999 -9999 -2.80045 1.01141 2.76423 3.6827 4.9708 5.12675 4.71795 3.96512 2.14816 0.549598 -2.04478 -5.00532 -6.56619 -1.87368 2.2146 4.35574 4.09596 -0.801003 -2.7207 -2.78903 -1.62391 -2.56465 -3.27266 -5.59149 -6.27758 -7.24095 -6.626 -4.72683 -3.18486 -1.6985 -0.622378 -0.54332 0.145645 0.538569 0.556002 0.665446 0.523912 0.405101 -0.635626 0.0514667 -0.561437 -0.259147 -0.476718 -0.673284 -0.835661 -1.43048 -1.02947 -0.674541 -0.589487 -0.571719 -0.600851 -0.613251 -0.636399 -0.678911 -0.701903 -0.713254 -0.726236 -0.754959 -0.765692 -0.800576 -0.999405 -2.01671
-9999 -9999 -9999 -9999 -9999 -9999 -9999 -9999 -4.69948 -0.907131 0.931436 3.28295 4.49898 4.99299 4.92525 4.31486 2.93357 0.857174 -0.87261 -4.17662 -7.60496 -2.67976 1.71922 4.09561 4.23507 0.127093 1.29098 0.385859 0.780588 -0.891877 -1.57405 -2.09408 -3.29371 -4.6097 -6.04804 -6.81621 -3.35157 -1.57512 -0.149802 0.515757 0.88475 1.06007 0.948925 0.673848 -0.880309 0.274658 0.190512 0.0575025 -0.0916963 -0.170779 -0.305335 -0.460385 -0.547963 -0.589589 -0.987185 -0.560879 -0.583046 -0.584627 -0.589982 -0.609065 -0.638964 -0.666741 -0.699721 -0.709385 -0.731938 -0.757304 -0.778334 -0.800556 -0.824395 -0.890919
-9999 -9999 -9999 -9999 -9999 -9999 -9999 -9999 -10.0144 -4.50307 -0.0572128 2.25636 4.14428 4.65977 4.85003 4.03339 3.42103 1.93199 0.522462 -1.64867 -4.8976 -6.89558 -3.20234 2.16201 4.16037 4.02731 3.92103 2.86965 1.92493 1.8231 1.91535 0.828481 -0.782495 -2.90755 -3.57212 -4.31507 -1.73424 -1.38582 -1.57928 1.24706 1.2418 1.06638 -0.0344466 -1.25493 -1.04137 -1.80612 -1.25143 -2.16332 -1.35432 -0.656066 -0.402961 -0.436848 -0.533749 -0.560943 -0.613662 -0.552523 -0.561891 -0.581909 -0.599015 -0.612017 -0.631051 -0.673045 -0.701467 -0.69992 -0.733303 -0.761369 -0.784565 -0.803612 -0.821102 -0.87315
-9999 -9999 -9999 -9999 -9999 -9999 -9999 -9999 -9.77124 -5.12487 -1.19403 1.17251 3.43705 3.96153 4.72325 4.55521 3.91485 2.62078 1.00561 -0.781034 -3.568 -5.63713 -3.16831 0.400513 2.95767 3.8905 3.90804 3.86341 3.63885 3.56558 3.30162 3.13577 1.97582 -0.0405181 -1.1731 -2.83722 0.0381015 0.358867 -0.0956984 1.33017 1.24713 -0.935034 -2.61764 -2.84161 -1.82773 -2.81164 -3.00292 -3.61552 -2.94908 -1.1381 -1.68841 -1.59468 -0.768623 -0.643338 -0.573955 -0.559286 -0.573326 -0.585256 -0.607261 -0.613314 -0.61988 -0.661506 -0.686353 -0.704197 -0.746578 -0.764067 -0.797379 -0.830811 -0.851249 -0.884186
-9999 -9999 -9999 -9999 -9999 -9999 -9999 -9999 -9.68001 -6.54766 -3.01053 0.469232 2.88747 3.86206 4.57034 4.56022 3.81725 3.17293 2.16002 0.58851 -0.488232 -2.35594 -4.91792 -0.608356 0.727741 1.92428 2.44018 3.68365 3.67035 3.12478 2.51518 3.13394 2.95731 1.36862 0.849805 -0.0332474 1.56602 1.56776 1.51839 1.42486 -0.417695 -2.97683 -5.02636 -3.57636 -3.89785 -3.22605 -5.32947 -3.63469 -2.26966 -1.83567 -2.77791 -3.48481 -1.33406 -0.99786 -0.795563 -0.6687 -0.587917 -0.617616 -0.603769 -0.62476 -0.63981 -0.656016 -0.684302 -0.705849 -0.735355 -0.765594 -0.796155 -0.827044 -0.862929 -0.913778
-9999 -9999 -9999 -9999 -9999 -9999 -9999 -9999 -9999 -8.38742 -3.89354 0.106992 2.33399 3.73369 4.41447 4.4002 4.01959 3.58188 2.95359 1.82011 0.397793 -1.84851 -3.5134 -2.44691 -1.13644 -0.972191 -0.0994449 2.40835 3.27475 2.08176 -0.868348 0.89602 2.87094 2.84686 2.68489 2.50064 2.26297 2.04432 1.56603 0.290672 -3.60348 -4.38116 -5.91799 -5.7588 -6.55513 -4.84611 -5.50402 -3.76444 -3.01814 -2.74424 -4.37823 -4.034 -2.15031 -1.4062 -1.54076 -1.08643 -0.646947 -0.640647 -0.636178 -0.656006 -0.655233 -0.660909 -0.677936 -0.714632 -0.740259 -0.762251 -0.811332 -0.825128 -0.980848 -1.08539
-9999 -9999 -9999 -9999 -9999 -9999 -9999 -9999 -9999 -9.26775 -4.79556 -0.0849963 1.42776 2.93689 4.23859 4.26263 3.68277 3.13136 2.56394 1.91892 0.193773 -1.47762 -3.07155 -3.60199 -3.27223 -3.27051 -1.86814 1.39293 2.0344 1.77849 -1.3147 -2.36111 0.272229 2.48508 2.66323 2.46551 -0.131117 0.419797 -0.985514 -2.89204 -3.42353 -4.26537 -6.03425 -5.201 -6.50137 -5.96301 -6.11142 -5.12928 -4.65691 -3.48504 -4.91028 -4.90201 -3.05353 -2.1199 -2.1056 -1.1238 -0.778912 -0.694438 -0.679249 -0.670873 -0.675292 -0.668817 -0.687466 -0.711939 -0.741408 -0.799036 -0.922094 -1.2819 -3.17726 -3.18492
-9999 -9999 -9999 -9999 -9999 -9999 -9999 -9999 -9999 -8.75328 -5.6496 -1.47003 1.62554 1.82007 3.32415 4.0999 3.46999 2.76103 2.03617 1.71982 -0.157661 -2.21889 -3.88241 -5.85075 -5.51877 -4.09341 -1.74766 0.361345 0.74719 0.323915 -1.32385 -0.527007 1.26976 2.2254 2.50902 2.28979 1.72379 1.3946 0.358665 -0.0946499 -1.53527 -3.7848 -4.67773 -4.1304 -6.52069 -6.3669 -5.49994 -6.43326 -4.90564 -4.1806 -6.01743 -4.57647 -2.93295 -2.09727 -1.36722 -1.02608 -0.895068 -0.689425 -0.692075 -0.682524 -0.681439 -0.693606 -0.703105 -0.747509 -0.786196 -0.995853 -1.3003 -3.06205 -3.81055 -3.67702
-9999 -9999 -9999 -9999 -9999 -9999 -9999 -9999 -9999 -8.22718 -5.43315 -1.80941 0.397637 0.792413 2.46056 3.94359 3.77714 3.0399 2.81544 2.05246 0.460432 -1.29715 -3.21728 -4.14766 -6.29172 -4.16768 -2.46551 -0.679404 0.161106 -1.18774 -1.87074 -0.643776 0.575067 1.06361 2.29196 2.28107 1.88059 0.155286 -0.689006 -0.339773 -0.707988 -1.34862 -2.90029 -2.9795 -3.98117 -4.40295 -4.80212 -6.05879 -5.26786 -5.19918 -5.00282 -3.26178 -2.41172 -1.85114 -1.3416 -1.21447 -0.99753 -0.713193 -0.695953 -0.694094 -0.704262 -0.707883 -0.738797 -0.831737 -0.911769 -1.32295 -2.04326 -3.37872 -5.54574 -4.04053
-9999 -9999 -9999 -9999 -9999 -9999 -9999 -9999 -9999 -8.7054 -5.73802 -2.64125 -1.34655 -1.12691 1.89248 3.74097 3.74362 3.39404 2.9862 1.10079 1.21296 0.838088 -0.89396 -3.41738 -6.18821 -5.9215 -4.25234 -1.88572 -1.10128 -3.34886 -4.14579 -3.55091 -1.7116 -0.0658537 1.65119 2.08703 1.58234 -1.10212 -3.95615 -2.63996 -1.2345 -1.2503 -1.67361 -3.11343 -3.57789 -3.99974 -5.05414 -6.83356 -6.56998 -6.09015 -4.12336 -3.51024 -2.55607 -1.76493 -2.07718 -1.90992 -1.15222 -0.721148 -0.713401 -0.714408 -0.708868 -0.728071 -0.7636 -0.938938 -1.12418 -1.42869 -3.29047 -4.45172 -6.14217 -4.20588
-9999 -9999 -9999 -9999 -9999 -9999 -9999 -9999 -9999 -9.62619 -7.47306 -4.51356 -3.32101 -1.41899 1.43419 2.83719 3.50951 3.49444 3.2227 2.37885 1.87248 0.874053 -0.92814 -3.39264 -6.13174 -7.91242 -6.99804 -3.81261 -3.06364 -5.13112 -6.19163 -4.86172 -2.90277 -0.00451717 1.65106 1.87401 1.72257 1.16656 -0.91833 -3.43759 -3.43556 -2.18226 -3.2456 -4.48088 -3.81628 -3.95133 -4.99214 -5.75226 -6.20575 -5.94183 -4.8147 -4.36098 -3.25722 -1.62229 -1.39689 -1.45351 -0.770169 -0.744779 -0.737702 -0.720576 -0.730413 -0.745818 -0.775723 -0.920159 -1.23243 -2.47449 -3.55879 -5.06364 -5.25767 -3.54077
-9999 -9999 -9999 -9999 -9999 -9999 -9999 -9999 -9999 -11.2098 -8.6773 -5.9054 -3.31023 -0.855157 1.25763 1.42024 2.53435 2.53263 3.11676 2.95009 2.1685 1.32783 -0.224697 -3.39198 -6.05391 -8.95669 -8.18438 -4.94934 -4.4936 -5.89252 -8.48103 -5.80161 -2.84788 -0.171647 1.27657 0.140244 1.30164 1.20281 0.418875 -1.08298 -3.41614 -3.37937 -5.13117 -5.21583 -4.3297 -4.04891 -4.20835 -4.78144 -5.69108 -5.54245 -4.85851 -4.69653 -3.68343 -2.41793 -1.18053 -0.98112 -0.752979 -0.75233 -0.757761 -0.747421 -0.7539 -0.788807 -0.861509 -1.01184 -2.05418 -3.29214 -4.05814 -5.10905 -5.24429 -3.25551
