Test_Spring_2018/12_17/Temp/20171228_015.txt
ncols	170
nrows	115
xllcorner	350000.000000
yllcorner	4445000.000000
cellsize	1000.000000
nodata_value	-9999.000000
[rows 32 to 63 of 115, columns 72 to 143 of 170]
10.6334 10.3066 10.8286 11.3097 11.0269 10.841 11.6273 11.6339 11.3745 10.7561 10.5335 10.3024 10.1634 9.36826 7.12515 5.10364 6.19694 6.22926 5.4843 6.83827 6.13283 4.28226 1.66719 3.09835 2.73381 0.883065 0.428905 -9999 -9999 -9999 -9999 -9999 -9999 -9999 -9999 -9999 -9999 -9999 -9999 -9999 -9999 -9999 -9999 -9999 -9999 -9999 -9999 -9999 -9999 -9999 -9999 -9999 -9999 -9999 -9999 -9999 -9999 -9999 -9999 -9999 -9999 -9999 -9999 -9999 -9999 -9999 -9999 -9999 -9999 -9999 -9999 -9999
10.183 10.0464 10.8191 10.8097 10.7679 11.0509 11.5418 11.645 11.5479 11.282 11.0527 10.8084 10.1781 9.2675 7.34874 5.04685 4.52986 5.66626 5.72699 5.91505 5.27273 4.46424 3.19577 4.24605 4.65775 3.44295 1.84867 0.826841 -9999 -9999 -9999 -9999 -9999 -9999 -9999 -9999 -9999 -9999 -9999 -9999 -9999 -9999 -9999 -9999 -9999 -9999 -9999 -9999 -9999 -9999 -9999 -9999 -9999 -9999 -9999 -9999 -9999 -9999 -9999 -9999 -9999 -9999 -9999 -9999 -9999 -9999 -9999 -9999 -9999 -9999 -9999 -9999
9.64648 8.91045 9.3788 9.73215 10.3792 10.5537 10.6566 11.5768 11.5351 11.4996 11.1163 10.8111 10.301 9.42483 8.17459 6.66788 4.03946 5.67082 6.94963 6.92355 6.86033 6.29583 5.07744 6.1084 6.16276 4.60689 2.83769 1.79896 1.37301 -9999 -9999 -9999 -9999 -9999 -9999 -9999 -9999 -9999 -9999 -9999 -9999 -9999 -9999 -9999 -9999 -9999 -9999 -9999 -9999 -9999 -9999 -9999 -9999 -9999 -9999 -9999 -9999 -9999 -9999 -9999 -9999 -9999 -9999 -9999 -9999 -9999 -9999 -9999 -9999 -9999 -9999 -9999
9.03719 8.13666 8.60786 9.23435 10.1149 10.5734 10.9256 11.2055 11.4909 11.4648 11.0723 9.89992 9.73828 9.69398 8.87857 7.1599 5.44346 5.00367 6.95106 7.51305 7.40627 7.84604 6.81488 7.31143 7.1166 6.56788 4.86629 3.31492 2.6767 1.40946 -9999 -9999 -9999 -9999 -9999 -9999 -9999 -9999 -9999 -9999 -9999 -9999 -9999 -9999 -9999 -9999 -9999 -9999 -9999 -9999 -9999 -9999 -9999 -9999 -9999 -9999 -9999 -9999 -9999 -9999 -9999 -9999 -9999 -9999 -9999 -9999 -9999 -9999 -9999 -9999 -9999 -9999
-9999 -9999 7.56849 8.41816 9.12318 9.9847 10.7297 11.1064 11.4724 11.4503 10.6591 10.2756 10.2482 9.71627 8.7739 8.1849 7.10665 5.98291 6.42117 8.08274 7.35289 8.53182 8.43883 8.66047 7.8827 6.40098 4.42435 3.27298 2.70261 1.67685 -9999 -9999 -9999 -9999 -9999 -9999 -9999 -9999 -9999 -9999 -9999 -9999 -9999 -9999 -9999 -9999 -9999 -9999 -9999 -9999 -9999 -9999 -9999 -9999 -9999 -9999 -9999 -9999 -9999 -9999 -9999 -9999 -9999 -9999 -9999 -9999 -9999 -9999 -9999 -9999 -9999 -9999
-9999 -9999 -9999 8.25925 8.79801 9.94814 10.5458 10.7927 11.379 11.3872 11.0917 10.8703 10.5458 10.12 9.41339 8.63309 7.61938 7.5315 8.59675 8.61625 8.40141 8.58151 9.13164 8.99432 7.78482 5.69744 4.59678 2.35466 1.3976 1.50243 0.825941 -9999 -9999 -9999 -9999 -9999 -9999 -9999 -9999 -9999 -9999 -9999 -9999 3.52572 -9999 -9999 -9999 -9999 -9999 -9999 -9999 -9999 -9999 -9999 -9999 -9999 -9999 -9999 -9999 -9999 -9999 -9999 -9999 -9999 -0.445141 -9999 -9999 -9999 -9999 -9999 -9999 -9999
-9999 -9999 8.14606 8.8642 9.42705 10.1507 10.227 10.661 11.3342 11.3508 11.1433 10.9079 10.3699 10.2417 9.84241 8.99466 8.82648 9.17938 9.3454 9.53264 9.65034 9.56627 9.35212 9.07344 8.2946 7.32928 6.68334 4.63553 3.60292 2.61502 1.11671 -0.0539707 -9999 -9999 -9999 -9999 -9999 -9999 -9999 2.70939 2.6603 2.69375 3.03041 3.94798 3.41909 -9999 -9999 -9999 -9999 -9999 -9999 -9999 -9999 -9999 -9999 -9999 -9999 -9999 -9999 -9999 -9999 -9999 -9999 -9999 0.371464 -0.806093 -9999 -9999 -9999 -9999 -9999 -9999
-9999 -9999 8.33241 9.09064 9.47296 10.1761 10.5815 10.8499 11.0878 11.3155 11.2854 11.0241 10.623 10.6324 10.0771 9.78068 9.57091 10.0459 10.145 9.96357 9.73422 9.53207 8.94875 8.88663 8.69809 8.08752 7.08145 6.04456 4.54568 2.50934 0.512541 -1.09678 -9999 -9999 -9999 -9999 -9999 -9999 2.86826 3.63192 4.09214 3.13493 3.96508 4.72429 4.6104 3.88404 -9999 -9999 -9999 -9999 -9999 -9999 -9999 -9999 -9999 -9999 -9999 -9999 -9999 -9999 5.95284 4.74556 2.29933 1.04911 0.302007 -0.767958 -9999 -9999 -9999 -9999 -9999 -9999
-9999 -9999 8.17858 9.07294 9.68124 10.222 10.3148 10.8701 11.1148 11.2404 11.2334 11.1871 11.1188 10.635 10.4308 9.69598 10.4121 10.3919 10.2189 9.51452 9.21279 7.99866 7.46781 7.35158 8.38384 7.63118 6.05326 4.07924 1.70652 1.55817 0.777292 -0.660427 -9999 -9999 -9999 -9999 -9999 -9999 3.09857 3.91492 4.59739 4.70252 3.75097 5.09493 5.0474 4.30495 4.14085 4.75993 5.07642 4.84958 5.58992 5.80995 5.48498 5.85325 -9999 -9999 -9999 -9999 6.1004 6.15658 6.20095 5.70232 3.02933 1.20615 -0.430322 -0.576035 -9999 -9999 -9999 -9999 -9999 -9999
-9999 -9999 8.78771 9.34137 9.62518 9.67759 10.1638 10.6503 10.9512 11.1721 11.1359 11.1254 11.1138 10.9529 10.5698 10.6467 10.6218 10.4009 9.05423 7.48128 8.17607 7.24546 5.24431 6.87983 7.78165 6.92796 5.01456 2.79496 2.07272 2.10956 1.02106 -0.381372 -9999 -9999 -9999 0.860852 2.02683 2.13478 2.48357 3.57012 4.39827 5.02421 5.45228 5.4447 5.0051 4.27882 3.48869 3.77762 5.21409 5.56825 5.8689 6.09645 5.79492 5.95961 6.34805 6.55181 6.59819 6.51469 6.50092 6.53927 6.50089 6.03611 3.64738 2.28283 1.415 -0.335873 -9999 -9999 -9999 -9999 -9999 -9999
-9999 -9999 8.43831 8.92079 9.31307 9.95928 10.0345 10.4462 10.6942 11.0574 11.1048 10.6947 11.0464 11.0088 10.9512 10.8212 10.6274 9.49171 7.92381 6.35192 5.6296 5.94624 4.74498 5.36968 6.28336 5.95868 4.78673 2.80994 2.53644 2.0816 0.247163 -1.51881 -9999 -9999 -1.398 0.83267 2.4055 3.22027 3.47757 3.50863 4.55025 4.63822 5.75872 5.50366 4.03554 4.20686 3.63908 4.01557 4.54402 4.6931 5.45219 6.18563 6.32811 6.33676 6.58605 6.64204 6.66114 6.66134 6.50301 6.58575 6.60475 6.3179 4.58834 3.74893 2.82244 -0.318732 -9999 -9999 -9999 -9999 -9999 -9999
-9999 -9999 8.67558 9.21397 9.80291 9.90479 10.3432 10.3081 10.194 10.8018 11.0283 10.7409 10.536 10.9335 10.9132 10.8681 10.7892 9.72236 8.48661 6.61241 5.45017 4.74163 4.24019 3.56656 4.03852 3.90167 3.71634 3.94204 3.40364 2.322 1.25035 -0.760129 -1.84476 -9999 -1.28186 -0.271406 1.59789 3.18761 4.19935 3.84513 5.02863 5.25358 5.93829 5.54596 4.65649 4.27587 4.247 4.13475 4.93237 5.4703 5.85044 6.10692 6.42688 6.51177 6.59726 6.63647 6.66079 6.68571 6.68852 6.68948 6.6618 6.55883 5.76786 4.92945 3.11004 -0.219143 -9999 -9999 -9999 -9999 -9999 -9999
-9999 7.11715 8.61044 9.50826 9.8606 10.1171 10.3441 10.5107 10.6857 10.8501 10.9649 10.9258 10.153 10.2236 10.3705 10.8198 10.7948 10.7042 10.0314 7.74949 6.96465 5.81443 4.32382 3.70294 4.0213 5.25384 5.20494 4.39852 3.49922 2.25342 1.46362 0.232952 -2.13501 -1.91494 -0.838651 -0.0359008 1.2368 3.17847 4.5417 5.15384 5.38924 5.87208 6.12625 5.5844 5.06941 4.85619 4.45646 4.4045 4.41266 4.89645 5.27386 6.10996 6.39467 6.52886 6.59953 6.6404 6.67207 6.70373 6.71937 6.71069 6.71913 6.72041 6.66904 5.55136 2.74128 0.629929 -9999 -9999 -9999 -9999 -9999 -9999
-9999 -9999 8.33153 8.73066 8.84078 9.02784 9.40281 9.83397 10.4422 10.5272 10.8653 10.8719 10.2068 9.43769 10.1206 10.3958 10.6808 10.6955 10.6144 8.69675 7.69683 6.91078 5.48167 6.00383 6.50127 6.5444 6.25358 4.51771 2.78901 0.794519 -1.06784 -1.15089 -2.14992 -1.61107 -0.897807 0.923035 2.2066 2.73132 3.11017 5.08381 5.60178 5.78276 6.29219 5.61137 5.44251 4.93194 5.09058 5.05059 5.05863 3.63435 5.07228 5.16218 6.10157 6.52693 6.6284 6.66015 6.694 6.70505 6.7175 6.72061 6.73777 6.73111 6.72259 5.99876 2.43496 0.651741 -9999 -9999 -9999 -9999 -9999 -9999
-9999 -9999 -9999 -9999 8.46716 8.77369 8.97309 9.31247 10.3363 10.6178 10.8074 10.8306 10.5385 9.77757 9.58217 9.72973 8.98671 9.62019 10.4842 10.4689 10.3707 8.68618 7.82629 8.66924 8.42041 7.15542 6.16116 5.18004 3.1551 1.67406 -0.461212 -2.06297 -2.1171 -0.335804 1.14509 2.98757 3.80451 3.35058 3.85702 4.84001 5.95607 6.49884 6.37831 5.66023 5.56379 4.77347 5.56068 5.63276 5.27412 4.96478 5.09404 5.56121 5.74269 6.47886 6.66144 6.69895 6.71078 6.72046 6.7244 6.72768 6.72567 6.72569 6.7233 6.69823 3.03475 0.188469 -9999 -9999 -9999 -9999 -9999 -9999
-9999 -9999 -9999 -9999 7.75831 7.94814 8.4344 9.67065 10.3216 10.5894 10.5885 10.7164 10.5128 9.84407 9.15724 8.50959 7.67218 8.1614 9.44472 10.2037 10.2952 8.81923 9.5952 9.31213 8.7487 7.09252 5.87356 5.23013 3.28635 1.62276 0.204279 -1.7565 -0.908605 0.0247156 1.22178 3.23144 4.58972 5.15187 4.69273 5.32395 6.60723 6.62062 5.92833 5.97952 5.559 4.47693 5.61424 5.93791 5.68613 5.75768 5.66597 5.84302 6.16156 6.4667 6.67166 6.70449 6.71387 6.71396 6.72065 6.72839 6.72177 6.73057 6.72816 6.71743 4.35559 0.130338 -9999 -9999 -9999 -9999 -9999 -9999
-9999 -9999 -9999 -9999 -9999 7.12093 8.22023 9.85868 10.2711 10.2423 10.5869 10.6238 10.3071 10.0329 9.19762 8.05349 5.84917 6.41897 7.60077 9.30194 10.1987 10.0844 9.5936 8.73832 6.66083 4.84347 4.62789 4.33535 2.91844 1.63869 0.061001 0.985124 1.99699 3.10354 3.68826 3.54515 4.71004 5.66102 5.26709 6.03988 6.94008 6.54106 6.3074 6.11204 5.62525 5.60099 5.65764 6.3057 5.866 6.1444 6.15536 6.14512 6.30277 6.48366 6.67367 6.70976 6.71637 6.72598 6.71144 6.72618 6.72308 6.72036 6.71872 6.71061 6.50418 4.23277 2.87762 -9999 -9999 -9999 -9999 -9999
-9999 -9999 -9999 -9999 -9999 6.11047 6.66272 8.60167 9.20564 10.0668 10.5278 10.5565 10.0166 9.71886 8.47066 8.07044 6.03189 5.11266 5.9049 5.61029 7.95032 10.0216 9.57699 5.41358 3.90928 2.83803 3.12058 3.12921 2.73924 0.556393 -0.0406791 1.92594 3.16679 4.12983 4.86213 5.02007 5.00215 6.48567 6.68878 7.17518 7.07732 7.128 6.38854 5.93301 6.34072 5.88141 5.80739 6.47676 5.82792 6.42464 6.35901 6.18672 6.18284 6.57808 6.66271 6.71022 6.71875 6.71007 6.69724 6.6933 6.71342 6.71528 6.7016 6.71074 6.69761 6.43602 5.26375 4.85939 5.32481 -9999 -9999 -9999
-9999 -9999 -9999 -9999 -9999 -9999 4.8583 7.54979 8.7834 9.43559 10.3505 10.4677 10.184 9.66351 8.392 7.27444 5.45285 3.37128 2.27232 5.58895 8.47628 9.98614 9.79349 6.3289 4.96513 4.90756 5.72026 5.04572 4.53571 2.87848 2.38781 1.7034 2.13595 3.47543 4.57081 5.62805 6.39854 6.46766 6.96974 7.26128 7.291 7.38633 7.30467 7.23895 6.52437 7.02693 6.61077 6.84001 6.7013 6.57657 6.46901 6.06284 6.35916 6.62235 6.69452 6.72011 6.7108 6.71364 6.70943 6.69219 6.68903 6.695 6.70041 6.69517 6.70299 6.70002 6.57604 5.87392 4.93099 3.7374 -9999 -9999
-9999 -9999 -9999 -9999 -9999 -9999 3.51388 6.19219 7.48652 9.15089 10.011 10.3643 10.3264 9.90602 8.94162 7.48614 6.27459 3.95011 1.53607 5.01756 8.11946 9.79597 9.89072 6.97916 7.79375 7.14638 7.41621 6.22613 5.73551 5.34903 4.49662 3.56397 2.5427 2.00548 4.45677 5.71882 6.73569 7.21863 7.49433 7.63497 7.56941 7.39243 6.31287 7.14621 7.10673 7.02988 6.94087 6.90058 6.8203 6.72473 6.66955 6.65385 6.38614 6.70075 6.69867 6.70879 6.71638 6.71463 6.70578 6.69907 6.68937 6.69642 6.69478 6.69193 6.69245 6.69851 6.69794 6.667 6.48624 4.88064 3.92324 3.65947
-9999 -9999 -9999 -9999 -9999 -9999 -0.242539 3.6503 6.78006 8.41858 9.75296 10.1253 10.2691 9.70255 9.28049 8.23914 7.25319 5.72825 3.44065 2.03448 4.64326 8.43101 9.83179 9.72783 9.64675 8.8974 8.22279 8.14315 8.20077 7.41476 6.2661 4.76391 4.29898 3.77695 5.6044 5.8581 5.73171 7.73999 7.75086 7.64317 6.88316 6.03238 6.20079 5.677 6.08815 5.46089 6.04813 6.55645 6.74968 6.73951 6.67723 6.67343 6.64888 6.70706 6.7119 6.70914 6.70859 6.7113 6.71027 6.69364 6.68723 6.70258 6.69341 6.68882 6.68688 6.69525 6.69893 6.67798 6.65955 6.41917 6.05374 5.34945
-9999 -9999 -9999 -9999 -9999 -9999 -0.0802514 3.19515 5.97457 7.64401 9.24999 9.62841 10.1752 10.0661 9.62364 8.71933 7.58761 6.33374 4.37212 2.91571 4.66179 7.18018 8.9843 9.63355 9.63353 9.59648 9.43189 9.36706 9.17456 9.03918 8.21759 6.79766 5.99898 4.82706 6.86276 7.09697 6.78599 7.80494 7.76025 6.2348 5.06315 4.9221 5.64696 4.96921 4.85343 4.43509 4.92126 6.21499 5.84337 5.92304 6.51157 6.61327 6.67877 6.70101 6.70273 6.70588 6.70207 6.70987 6.71779 6.70151 6.69767 6.69931 6.68408 6.68649 6.67832 6.67701 6.67667 6.66893 6.65273 6.58979 6.51835 6.60623
-9999 -9999 -9999 -9999 -9999 -9999 -0.0184357 2.18709 4.68898 7.1437 8.85814 9.55412 10.0628 10.0646 9.54907 9.10297 8.396 7.29366 6.53946 5.22532 3.41935 6.46385 7.40363 8.23994 8.59549 9.46838 9.45334 9.06237 8.60676 9.04099 8.91991 7.79839 7.43396 6.81417 7.94917 7.95819 7.93313 7.87876 6.59101 4.79859 3.36698 4.40705 4.19651 4.67789 3.21128 4.42673 5.40618 5.72751 5.07323 4.58745 6.11086 6.36616 6.52145 6.62309 6.69196 6.68279 6.70452 6.70196 6.70402 6.70577 6.6995 6.69846 6.69219 6.68568 6.67904 6.6795 6.66985 6.65408 6.66038 6.63287 6.6257 6.61911
-9999 -9999 -9999 -9999 -9999 -9999 -9999 0.884772 4.05288 6.8835 8.46272 9.45855 9.94733 9.94568 9.68542 9.38458 8.94862 8.15506 7.15646 5.57472 4.4021 5.15666 6.07779 6.18526 6.7986 8.56576 9.1735 8.32703 6.22424 7.47303 8.86704 8.85083 8.73877 8.61269 8.44895 8.30244 7.97435 7.08506 4.34804 3.81457 2.74437 2.87237 2.32597 3.53813 3.09181 4.33577 4.87789 5.08587 3.94601 4.19268 5.54194 6.08032 5.99777 6.33068 6.65045 6.66694 6.68226 6.6807 6.69405 6.70328 6.70493 6.69605 6.69263 6.69203 6.67267 6.68551 6.59111 6.53254 6.40599 6.58011 6.60388 6.62006
-9999 -9999 -9999 -9999 -9999 -9999 -9999 0.248449 3.41153 6.74371 7.81858 8.89149 9.8184 9.84338 9.44195 9.06038 8.66701 8.21812 7.0056 5.82993 4.70776 4.33529 4.56898 4.55778 5.54638 7.84685 8.29726 8.11399 5.91584 5.17677 7.03695 8.60134 8.73033 8.59537 6.76808 7.16493 6.18205 4.84673 4.48366 3.90255 2.66768 3.2708 2.36766 2.76296 2.66438 3.37301 3.72132 4.5631 3.57049 3.5796 4.9044 5.57675 5.59952 6.30514 6.56087 6.63272 6.65578 6.67431 6.68416 6.70211 6.70273 6.6996 6.69323 6.66716 6.59498 6.35621 5.04057 5.05005 5.42209 5.77465 6.40876 6.59386
-9999 -9999 -9999 -9999 -9999 -9999 -9999 0.606688 2.80384 5.76129 7.95385 8.09841 9.16799 9.72345 9.28633 8.79317 8.28835 8.07137 6.75124 5.30045 4.12948 2.74223 2.97824 3.98534 5.62846 7.11669 7.38793 7.08784 5.91143 6.47516 7.74576 8.42341 8.62768 8.47814 8.0851 7.86064 7.13849 6.829 5.8235 4.24777 3.63072 4.03121 2.35773 2.4808 3.10742 2.45345 3.54657 4.07262 2.78928 3.81608 4.9903 5.59365 6.12204 6.37555 6.48054 6.6382 6.64888 6.66839 6.6822 6.68697 6.69393 6.67653 6.66338 6.52966 6.32905 5.09939 4.59413 4.70296 5.28255 5.79109 6.32327 6.5456
-9999 -9999 -9999 -9999 -9999 -9999 -9999 0.972996 2.95189 5.5171 7.08236 7.36829 8.55359 9.60827 9.49817 8.98482 8.83315 8.3007 7.18216 5.94595 4.5941 3.94025 2.42854 3.9298 5.11888 6.38019 6.97362 6.00768 5.527 6.39553 7.25904 7.60775 8.47984 8.47798 8.20217 6.99205 6.40518 6.66216 6.41351 5.97334 4.89056 4.84801 4.15445 3.87054 3.60263 2.71924 3.29193 3.35436 3.51222 4.74554 5.35959 5.76886 6.14179 6.24445 6.41038 6.62385 6.64877 6.66297 6.66888 6.67963 6.67134 6.61945 6.57684 6.30049 5.8059 4.87691 3.36993 4.447 5.57299 5.91565 6.24777 6.42435
-9999 -9999 -9999 -9999 -9999 -9999 -9999 0.630064 2.73175 4.92512 5.84632 6.00863 8.14803 9.46067 9.46986 9.23012 8.94888 7.62383 7.70871 7.44901 6.23026 4.45195 2.49821 2.68866 3.86153 5.52687 6.08165 4.48207 3.92189 4.345 5.64748 6.81406 8.03186 8.34594 7.99688 6.10966 4.10368 5.04328 6.04676 6.0474 5.76091 4.75714 4.44242 4.15802 3.42707 2.18501 2.37377 2.72645 4.1244 4.57161 5.25933 5.83162 5.62451 5.75577 6.3038 6.62111 6.6395 6.65178 6.66879 6.66847 6.65676 6.54646 6.42927 6.22793 4.92699 4.12069 2.94816 4.33126 5.10112 5.51529 6.24881 6.42952
-9999 -9999 -9999 -9999 -9999 -9999 -9999 -0.0253487 1.50176 3.59849 4.44776 5.79814 7.82024 8.81832 9.30035 9.29678 9.11164 8.52207 8.17028 7.47044 6.2024 4.46603 2.53512 1.28039 1.92819 4.16478 4.69764 3.22373 2.47818 3.42103 4.80867 6.86028 8.03521 8.19938 8.10007 7.71594 6.2531 4.48434 4.49664 5.39313 4.65438 3.79467 4.27686 4.19467 3.47305 2.94972 2.63234 2.83811 3.63796 3.97275 4.76627 5.93461 6.10741 6.08086 6.57664 6.60771 6.62578 6.65094 6.65708 6.65934 6.65143 6.5627 6.35552 5.49183 4.73956 3.69031 3.56661 4.80216 5.34723 5.85238 6.21597 6.33951
-9999 -9999 -9999 -9999 -9999 -9999 -9999 -1.14872 0.646672 2.61124 4.45117 6.19226 7.69168 7.81401 8.60806 8.61397 9.03323 8.92191 8.37587 7.78757 6.69601 4.46363 2.58752 0.54082 1.08874 3.368 3.67027 2.68594 0.861991 2.75829 4.84887 6.74419 7.77312 6.97784 7.80579 7.74466 7.2005 6.15013 4.51341 4.55072 3.32562 3.27816 3.91656 4.1278 4.02841 3.63707 3.00837 3.12156 3.60895 3.73792 4.46767 5.37542 6.26309 6.41761 6.59222 6.60602 6.6154 6.63582 6.6443 6.63267 6.59433 6.50118 5.77818 4.91706 4.38921 3.66017 3.57771 5.00234 5.57381 5.89342 6.20846 6.33728
-9999 -9999 -9999 -9999 -9999 -9999 -9999 -9999 0.456362 2.48569 3.98914 4.39914 5.73268 6.45594 7.01715 7.1469 8.7354 8.82941 8.48574 7.94593 7.01598 5.32367 4.14656 2.18369 0.774647 1.35952 1.63732 2.16391 2.01686 2.86608 4.87527 6.96825 7.20222 5.883 6.08564 6.36931 6.99721 6.68816 4.45574 3.32455 2.38659 3.06333 3.77486 3.95155 3.99164 3.8614 3.7081 3.44247 4.39213 5.09642 5.26442 5.87941 6.33517 6.46568 6.56566 6.58376 6.60213 6.609 6.58956 6.57733 6.47131 6.22532 5.41574 3.45925 3.55766 3.35202 2.74801 4.13705 5.01701 5.80385 6.22532 6.33948
-9999 -9999 -9999 -9999 -9999 -9999 -9999 -9999 -0.223833 2.12301 2.62433 2.59467 1.82705 2.19061 5.06926 5.6544 7.17812 8.62123 8.52257 7.99315 7.12353 6.11838 4.55845 2.35009 0.596708 -0.140921 1.75755 3.62441 4.01482 4.61501 5.84862 6.08819 4.7398 3.47573 4.19531 4.63125 6.27451 6.5795 6.2675 4.92481 3.38867 2.58963 3.54584 3.6787 3.74152 3.75854 3.73263 3.69837 4.76882 5.36351 5.77793 6.0064 6.39856 6.50366 6.54172 6.57801 6.57765 6.56443 6.5102 6.44764 6.14919 5.78647 4.45602 3.3479 2.65939 1.78359 3.77895 4.37709 5.20486 5.73881 6.15794 6.25528
