Test_Spring_2018/12_17/Temp/20171226_009.txt
ncols	170
nrows	115
xllcorner	350000.000000
yllcorner	4445000.000000
cellsize	1000.000000
nodata_value	-9999.000000
[rows 32 to 63 of 115, columns 72 to 143 of 170]
9.19914 8.8751 9.38102 9.84722 9.57932 9.40032 10.172 10.1742 9.91617 9.30697 9.08438 8.85326 8.7119 7.92887 5.73021 3.74804 4.81069 4.83614 4.10177 5.41929 4.72372 2.90882 0.346712 1.74016 1.37831 -0.429245 -0.874007 -9999 -9999 -9999 -9999 -9999 -9999 -9999 -9999 -9999 -9999 -9999 -9999 -9999 -9999 -9999 -9999 -9999 -9999 -9999 -9999 -9999 -9999 -9999 -9999 -9999 -9999 -9999 -9999 -9999 -9999 -9999 -9999 -9999 -9999 -9999 -9999 -9999 -9999 -9999 -9999 -9999 -9999 -9999 -9999 -9999
8.76395 8.62583 9.37666 9.36329 9.32539 9.61042 10.0932 10.1898 10.0904 9.82569 9.59656 9.35248 8.73086 7.83502 5.95346 3.69724 3.18578 4.29057 4.34383 4.52163 3.88776 3.09155 1.84579 2.86686 3.26378 2.0711 0.518897 -0.477827 -9999 -9999 -9999 -9999 -9999 -9999 -9999 -9999 -9999 -9999 -9999 -9999 -9999 -9999 -9999 -9999 -9999 -9999 -9999 -9999 -9999 -9999 -9999 -9999 -9999 -9999 -9999 -9999 -9999 -9999 -9999 -9999 -9999 -9999 -9999 -9999 -9999 -9999 -9999 -9999 -9999 -9999 -9999 -9999
8.24446 7.52025 7.97362 8.31475 8.95681 9.13628 9.23271 10.128 10.0828 10.0432 9.66355 9.35998 8.85584 7.9937 6.76566 5.28678 2.71127 4.29992 5.54394 5.51239 5.44461 4.8869 3.69008 4.69225 4.73981 3.21886 1.49896 0.477437 0.0548467 -9999 -9999 -9999 -9999 -9999 -9999 -9999 -9999 -9999 -9999 -9999 -9999 -9999 -9999 -9999 -9999 -9999 -9999 -9999 -9999 -9999 -9999 -9999 -9999 -9999 -9999 -9999 -9999 -9999 -9999 -9999 -9999 -9999 -9999 -9999 -9999 -9999 -9999 -9999 -9999 -9999 -9999 -9999
7.65358 6.7686 7.22479 7.833 8.69722 9.15384 9.50058 9.76999 10.0445 10.0143 9.62565 8.47436 8.31088 8.2619 7.45892 5.77282 4.08881 3.65275 5.55031 6.0936 5.98322 6.40722 5.39342 5.87317 5.67716 5.14081 3.47918 1.96437 1.33434 0.0892764 -9999 -9999 -9999 -9999 -9999 -9999 -9999 -9999 -9999 -9999 -9999 -9999 -9999 -9999 -9999 -9999 -9999 -9999 -9999 -9999 -9999 -9999 -9999 -9999 -9999 -9999 -9999 -9999 -9999 -9999 -9999 -9999 -9999 -9999 -9999 -9999 -9999 -9999 -9999 -9999 -9999 -9999
-9999 -9999 6.21348 7.04734 7.73877 8.58303 9.31398 9.67807 10.0316 10.0054 9.22703 8.8469 8.81471 8.28901 7.36189 6.78005 5.71984 4.61511 5.03734 6.65549 5.93597 7.08253 6.98585 7.19688 6.43105 4.99028 3.05202 1.92842 1.3648 0.355882 -9999 -9999 -9999 -9999 -9999 -9999 -9999 -9999 -9999 -9999 -9999 -9999 -9999 -9999 -9999 -9999 -9999 -9999 -9999 -9999 -9999 -9999 -9999 -9999 -9999 -9999 -9999 -9999 -9999 -9999 -9999 -9999 -9999 -9999 -9999 -9999 -9999 -9999 -9999 -9999 -9999 -9999
-9999 -9999 -9999 6.8968 7.42566 8.54651 9.13914 9.37657 9.94556 9.94905 9.65541 9.43383 9.11123 8.68919 7.9925 7.22357 6.22634 6.13413 7.16919 7.18203 6.96591 7.13603 7.66805 7.52822 6.34574 4.3073 3.22609 1.03577 0.0942763 0.190713 -0.476797 -9999 -9999 -9999 -9999 -9999 -9999 -9999 -9999 -9999 -9999 -9999 -9999 2.06897 -9999 -9999 -9999 -9999 -9999 -9999 -9999 -9999 -9999 -9999 -9999 -9999 -9999 -9999 -9999 -9999 -9999 -9999 -9999 -9999 -1.97099 -9999 -9999 -9999 -9999 -9999 -9999 -9999
-9999 -9999 6.78727 7.49821 8.0453 8.74959 8.82615 9.2531 9.90722 9.91916 9.7116 9.47637 8.94508 8.81395 8.41755 7.58255 7.41175 7.75027 7.90615 8.08287 8.19176 8.10361 7.88851 7.61056 6.85605 5.90729 5.27078 3.2631 2.25539 1.28377 -0.186973 -1.33765 -9999 -9999 -9999 -9999 -9999 -9999 -9999 1.30669 1.25115 1.27635 1.59803 2.48771 1.96354 -9999 -9999 -9999 -9999 -9999 -9999 -9999 -9999 -9999 -9999 -9999 -9999 -9999 -9999 -9999 -9999 -9999 -9999 -9999 -1.1643 -2.32448 -9999 -9999 -9999 -9999 -9999 -9999
-9999 -9999 6.98547 7.72382 8.09485 8.77957 9.17312 9.44304 9.67199 9.89047 9.85643 9.59601 9.19848 9.20183 8.65275 8.35659 8.14494 8.60267 8.69298 8.50912 8.27866 8.07505 7.49909 7.43292 7.25502 6.65327 5.66496 4.6465 3.18232 1.186 -0.771891 -2.35124 -9999 -9999 -9999 -9999 -9999 -9999 1.47539 2.21431 2.65661 1.71337 2.51752 3.25248 3.13413 2.42282 -9999 -9999 -9999 -9999 -9999 -9999 -9999 -9999 -9999 -9999 -9999 -9999 -9999 -9999 4.33732 3.14793 0.747255 -0.484284 -1.22396 -2.27914 -9999 -9999 -9999 -9999 -9999 -9999
-9999 -9999 6.83875 7.71065 8.30309 8.82957 8.91797 9.46421 9.70413 9.82302 9.81177 9.7616 9.68936 9.2105 9.00448 8.27953 8.97279 8.94614 8.77024 8.0751 7.77378 6.58086 6.05623 5.94799 6.95232 6.21192 4.66486 2.73059 0.413497 0.261777 -0.50729 -1.91874 -9999 -9999 -9999 -9999 -9999 -9999 1.70635 2.49669 3.1562 3.25144 2.31389 3.62055 3.57236 2.84004 2.6733 3.27238 3.57581 3.35193 4.06604 4.27493 3.95098 4.30451 -9999 -9999 -9999 -9999 4.50844 4.55456 4.58878 4.09192 1.46935 -0.322529 -1.93184 -2.08238 -9999 -9999 -9999 -9999 -9999 -9999
-9999 -9999 7.43773 7.97711 8.25289 8.30252 8.77609 9.25533 9.55006 9.76313 9.72336 9.70808 9.69109 9.52764 9.14659 9.21486 9.18344 8.96033 7.63688 6.09239 6.76506 5.84929 3.89287 5.49101 6.36807 5.52921 3.65451 1.48047 0.776834 0.806452 -0.263129 -1.63982 -9999 -9999 -9999 -0.452531 0.679785 0.777622 1.11078 2.16513 2.96694 3.57144 3.98254 3.97119 3.53638 2.82009 2.04166 2.3183 3.71692 4.05765 4.34616 4.5628 4.2621 4.41767 4.79082 4.98304 5.02095 4.9314 4.90952 4.93811 4.89133 4.42742 2.08177 0.737983 -0.120164 -1.84356 -9999 -9999 -9999 -9999 -9999 -9999
-9999 -9999 7.10381 7.57397 7.95609 8.58518 8.65725 9.0579 9.30294 9.65725 9.69924 9.29341 9.63159 9.58855 9.52544 9.39119 9.19443 8.07682 6.53682 4.99318 4.2804 4.58821 3.40841 4.0181 4.90684 4.58637 3.43781 1.50129 1.22971 0.786236 -1.01362 -2.74575 -9999 -9999 -2.64735 -0.474053 1.05588 1.84455 2.08813 2.11054 3.12092 3.19924 4.28718 4.03348 2.59316 2.75445 2.19437 2.55693 3.06961 3.21007 3.95007 4.65842 4.79196 4.79443 5.0318 5.07974 5.0911 5.08338 4.92013 4.99199 5.00111 4.71092 3.01021 2.17965 1.26538 -1.81843 -9999 -9999 -9999 -9999 -9999 -9999
-9999 -9999 7.34169 7.86696 8.4417 8.54019 8.96742 8.92913 8.82026 9.41146 9.63087 9.34499 9.1389 9.52113 9.49433 9.44277 9.35807 8.30746 7.09191 5.25255 4.1096 3.41462 2.91905 2.26087 2.718 2.58022 2.39514 2.61191 2.08306 1.02678 -0.0260403 -1.99815 -3.06452 -9999 -2.52779 -1.5474 0.272221 1.8183 2.79925 2.44487 3.59383 3.80598 4.47019 4.0798 3.20518 2.82869 2.79482 2.67973 3.4543 3.97628 4.34602 4.59139 4.89604 4.97332 5.05079 5.08249 5.09902 5.11549 5.1097 5.10148 5.06479 4.95413 4.17073 3.34217 1.55347 -1.71421 -9999 -9999 -9999 -9999 -9999 -9999
-9999 5.81796 7.28156 8.15875 8.50272 8.75287 8.97394 9.13542 9.30879 9.46509 9.57358 9.53195 8.77074 8.83318 8.96962 9.40118 9.3688 9.27232 8.60687 6.36875 5.59764 4.46873 3.00638 2.39828 2.70551 3.90665 3.85526 3.06337 2.18058 0.963577 0.188049 -1.02058 -3.34234 -3.13374 -2.08864 -1.31138 -0.0750902 1.81489 3.13928 3.72944 3.95146 4.41741 4.65867 4.12371 3.61523 3.40104 3.00488 2.94899 2.95212 3.42038 3.78748 4.60099 4.87395 4.99745 5.06062 5.09407 5.11786 5.14092 5.1476 5.12985 5.12828 5.11935 5.05984 3.95687 1.20075 -0.876216 -9999 -9999 -9999 -9999 -9999 -9999
-9999 -9999 7.01266 7.40282 7.51047 7.69318 8.05925 8.47977 9.07665 9.15677 9.48341 9.48439 8.82934 8.07078 8.73097 8.99214 9.26254 9.26881 9.18153 7.30233 6.31855 5.54446 4.14233 4.65165 5.13416 5.17283 4.88521 3.185 1.4917 -0.457236 -2.28257 -2.36902 -3.35054 -2.83098 -2.1408 -0.368385 0.878403 1.3831 1.74505 3.66603 4.16542 4.33579 4.82682 4.15474 3.9847 3.48003 3.62992 3.58596 3.58924 2.19252 3.59648 3.67957 4.59285 5.00408 5.09591 5.12055 5.14651 5.14941 5.15291 5.14659 5.15342 5.1374 5.11929 4.40143 0.907439 -0.848767 -9999 -9999 -9999 -9999 -9999 -9999
-9999 -9999 -9999 -9999 7.15 7.4498 7.64452 7.97558 8.97879 9.25105 9.43254 9.45036 9.15901 8.40851 8.20997 8.34617 7.61149 8.22275 9.06069 9.03875 8.93651 7.2841 6.4414 7.26143 7.0146 5.7747 4.79963 3.83743 1.85474 0.40772 -1.68428 -3.25527 -3.31398 -1.57908 -0.138383 1.6551 2.44564 1.99353 2.48011 3.4338 4.51707 5.04028 4.91552 4.20711 4.10795 3.32994 4.09448 4.16027 3.80529 3.49869 3.62345 4.0755 4.24802 4.96238 5.13504 5.16494 5.1694 5.17095 5.16609 5.15985 5.14863 5.13853 5.12588 5.09103 1.49954 -1.29585 -9999 -9999 -9999 -9999 -9999 -9999
-9999 -9999 -9999 -9999 6.46191 6.6478 7.12308 8.33099 8.96967 9.22854 9.22383 9.34399 9.13899 8.4785 7.79952 7.15825 6.33152 6.80179 8.04876 8.78371 8.86687 7.4184 8.17483 7.8942 7.33993 5.71774 4.52312 3.89118 1.98795 0.362452 -1.02876 -2.95068 -2.12757 -1.22162 -0.0584874 1.89844 3.2181 3.75929 3.30235 3.91135 5.15808 5.16381 4.48017 4.52383 4.10791 3.04483 4.15171 4.46358 4.21319 4.27906 4.18785 4.35638 4.66294 4.956 5.15056 5.17619 5.17808 5.17024 5.16804 5.16647 5.15023 5.14872 5.13604 5.11521 2.79616 -1.34722 -9999 -9999 -9999 -9999 -9999 -9999
-9999 -9999 -9999 -9999 -9999 5.84413 6.91867 8.51971 8.92516 8.89401 9.22695 9.25806 8.94253 8.66768 7.84351 6.71692 4.55384 5.10286 6.2506 7.90662 8.77698 8.65958 8.17768 7.33771 5.30337 3.52365 3.30993 3.02103 1.63288 0.382595 -1.16424 -0.265975 0.717422 1.79272 2.35724 2.20966 3.34027 4.26161 3.86828 4.61567 5.48794 5.09056 4.85529 4.65799 4.17734 4.14837 4.19891 4.82793 4.39387 4.66198 4.67115 4.65658 4.80585 4.97742 5.15735 5.18614 5.18537 5.18679 5.16393 5.16909 5.15633 5.14362 5.13177 5.11357 4.90161 2.66829 1.33354 -9999 -9999 -9999 -9999 -9999
-9999 -9999 -9999 -9999 -9999 4.86127 5.40085 7.29546 7.88805 8.72683 9.17337 9.19641 8.66261 8.36493 7.13726 6.73785 4.73685 3.83039 4.59735 4.3024 6.58363 8.60283 8.16607 4.09216 2.61811 1.56768 1.84085 1.84628 1.46197 -0.671162 -1.25943 0.657906 1.86513 2.80013 3.50892 3.65586 3.63017 5.07211 5.26251 5.72998 5.62664 5.66891 4.93924 4.48764 4.88143 4.42718 4.34996 4.99978 4.36123 4.94045 4.87469 4.70162 4.69291 5.07393 5.15076 5.19068 5.19188 5.17537 5.15425 5.14114 5.15118 5.14305 5.11956 5.11836 5.09549 4.82695 3.67106 3.26626 3.7122 -9999 -9999 -9999
-9999 -9999 -9999 -9999 -9999 -9999 3.64151 6.27145 7.47942 8.11367 9.00385 9.11329 8.8315 8.31536 7.06456 5.96404 4.17527 2.13252 1.051 4.28632 7.10258 8.57293 8.38254 4.99165 3.65484 3.59521 4.38647 3.7239 3.22207 1.60277 1.11841 0.444138 0.861166 2.1648 3.22863 4.25432 4.99943 5.05881 5.54147 5.81869 5.84013 5.9261 5.8395 5.76898 5.06566 5.55164 5.13989 5.35935 5.21935 5.09315 4.98633 4.58447 4.86906 5.12086 5.1854 5.20426 5.18771 5.18248 5.16985 5.14405 5.13117 5.12723 5.12259 5.10752 5.1053 5.08964 4.95863 4.26282 3.33204 2.15665 -9999 -9999
-9999 -9999 -9999 -9999 -9999 -9999 2.33177 4.9484 6.21558 7.83902 8.67778 9.01843 8.97461 8.55643 7.60601 6.17532 4.98307 2.70305 0.335786 3.73168 6.75872 8.39194 8.47947 5.63214 6.42461 5.78819 6.04853 4.88175 4.39864 4.02159 3.18347 2.26642 1.26328 0.73209 3.12101 4.34702 5.33311 5.79714 6.05864 6.18829 6.11786 5.93679 4.87472 5.68305 5.63968 5.55915 5.46707 5.42289 5.33982 5.24191 5.18617 5.1658 4.89882 5.20152 5.19348 5.19642 5.19637 5.18668 5.16959 5.1542 5.1356 5.13411 5.12103 5.10852 5.09937 5.09259 5.08236 5.04277 4.8571 3.27893 2.33478 2.06996
-9999 -9999 -9999 -9999 -9999 -9999 -1.33584 2.46756 5.5322 7.1297 8.43061 8.7886 8.9225 8.36153 7.94145 6.9158 5.9443 4.44604 2.20254 0.821082 3.36428 7.06118 8.42675 8.324 8.24066 7.50428 6.84109 6.75955 6.81208 6.04449 4.91832 3.44416 2.9846 2.46743 4.24661 4.48703 4.35566 6.31097 6.31373 6.20076 5.45037 4.61332 4.77151 4.25158 4.64868 4.02997 4.59879 5.0907 5.27476 5.26006 5.19726 5.18951 5.15986 5.21128 5.20944 5.19972 5.19171 5.18642 5.17707 5.15212 5.13691 5.1428 5.12594 5.11239 5.09818 5.0937 5.0878 5.05808 5.03113 4.78752 4.42199 3.72645
-9999 -9999 -9999 -9999 -9999 -9999 -1.16919 2.03556 4.74881 6.37834 7.94286 8.30673 8.83469 8.72099 8.28114 7.38966 6.27586 5.04279 3.11809 1.68761 3.38817 5.8434 7.60164 8.23536 8.23237 8.19202 8.02708 7.96141 7.76916 7.63783 6.82932 5.43712 4.64996 3.49752 5.48037 5.70187 5.39022 6.37857 6.32718 4.82841 3.67573 3.53083 4.235 3.56636 3.44854 3.03175 3.50159 4.76104 4.39385 4.46672 5.04013 5.13395 5.19299 5.20841 5.20339 5.19938 5.18816 5.1879 5.1874 5.16296 5.15043 5.14313 5.11925 5.11423 5.09738 5.08349 5.07044 5.05375 5.02903 4.95887 4.88355 4.96221
-9999 -9999 -9999 -9999 -9999 -9999 -1.10487 1.05471 3.49627 5.89351 7.5639 8.23816 8.72885 8.72372 8.21261 7.76923 7.07084 5.98606 5.24183 3.9505 2.17873 5.14895 6.06132 6.87791 7.22229 8.07143 8.05267 7.66639 7.22371 7.64301 7.52128 6.41888 6.05621 5.44357 6.54602 6.54751 6.51552 6.45481 5.18842 3.42881 2.02211 3.03189 2.81942 3.28638 1.84795 3.03154 3.98369 4.29259 3.6448 3.16462 4.65185 4.89679 5.04239 5.13526 5.19578 5.17966 5.1934 5.18306 5.17695 5.17027 5.15556 5.14583 5.13092 5.11577 5.10239 5.09017 5.07173 5.05104 5.04832 5.00865 4.99302 4.97934
-9999 -9999 -9999 -9999 -9999 -9999 -9999 -0.213993 2.88163 5.6436 7.18174 8.14913 8.62046 8.61206 8.35063 8.04945 7.61618 6.83345 5.85047 4.29769 3.14514 3.87687 4.77096 4.87535 5.47031 7.19334 7.78305 6.95115 4.89786 6.11611 7.47312 7.45122 7.3353 7.20536 7.0382 6.88777 6.5597 5.68297 2.99999 2.47151 1.41827 1.53657 0.995881 2.17773 1.73674 2.94711 3.47152 3.66937 2.54964 2.7894 4.10391 4.62395 4.53674 4.85541 5.15821 5.16711 5.17459 5.16529 5.17031 5.17109 5.16429 5.15013 5.1384 5.12939 5.10433 5.10393 5.00281 4.93672 4.80419 4.96564 4.98014 4.98522
-9999 -9999 -9999 -9999 -9999 -9999 -9999 -0.827445 2.25969 5.5117 6.55664 7.59931 8.49892 8.51661 8.1173 7.73732 7.34581 6.90012 5.70809 4.55229 3.44905 3.07894 3.30167 3.2892 4.25073 6.49482 6.93041 6.74653 4.6032 3.87513 5.68772 7.21088 7.33058 7.19199 5.39883 5.77972 4.81171 3.49913 3.13701 2.56182 1.34769 1.9305 1.04108 1.42119 1.32353 2.0104 2.34515 3.16235 2.18634 2.19379 3.48441 4.13526 4.1509 4.83385 5.07676 5.13968 5.15469 5.16507 5.1668 5.17631 5.16877 5.15749 5.14299 5.10921 5.03034 4.79113 3.49152 3.49204 3.84699 4.18292 4.79592 4.96402
-9999 -9999 -9999 -9999 -9999 -9999 -9999 -0.471604 1.67093 4.55635 6.69373 6.82877 7.86782 8.40411 7.96997 7.48099 6.98061 6.76169 5.46452 4.03978 2.88879 1.52659 1.75144 2.73029 4.33547 5.78528 6.04546 5.7471 4.60287 5.14819 6.38431 7.04056 7.23383 7.08102 6.68998 6.46359 5.75058 5.44094 4.45092 2.90354 2.29344 2.67821 1.03573 1.14969 1.75607 1.1159 2.17856 2.68693 1.42651 2.43068 3.57219 4.15547 4.66529 4.9062 5.00172 5.14853 5.15147 5.16287 5.16854 5.16526 5.16403 5.13891 5.11791 4.979 4.7747 3.56443 3.05964 3.15737 3.71528 4.20375 4.7129 4.92135
-9999 -9999 -9999 -9999 -9999 -9999 -9999 -0.107645 1.82118 4.3229 5.84688 6.11999 7.27211 8.29641 8.18197 7.67328 7.51818 6.9909 5.89081 4.67582 3.34795 2.7026 1.21883 2.68059 3.84179 5.06955 5.64445 4.70671 4.23108 5.07422 5.91229 6.24691 7.09299 7.08455 6.80816 5.61831 5.03764 5.28185 5.03179 4.59457 3.52926 3.48097 2.79643 2.5125 2.24437 1.3801 1.93387 1.98887 2.1394 3.3433 3.93709 4.33056 4.68833 4.78172 4.93679 5.13816 5.15505 5.16131 5.15933 5.16198 5.14593 5.08721 5.0375 4.75928 4.26768 3.35143 1.86756 2.91188 4.004 4.32611 4.64373 4.80745
-9999 -9999 -9999 -9999 -9999 -9999 -9999 -0.436826 1.61171 3.74968 4.64385 4.79599 6.88071 8.15713 8.15928 7.91806 7.6363 6.33422 6.41052 6.1501 4.95229 3.20764 1.29165 1.47186 2.61745 4.23962 4.77655 3.21953 2.66605 3.07365 4.34074 5.47483 6.65884 6.95925 6.61128 4.75957 2.79171 3.7033 4.67735 4.67112 4.38428 3.39636 3.08217 2.79774 2.07692 0.858046 1.04056 1.37918 2.74667 3.17738 3.8431 4.39585 4.18655 4.30786 4.83644 5.13932 5.14986 5.15428 5.16322 5.15512 5.13581 5.02007 4.89755 4.69273 3.41298 2.61675 1.45739 2.80356 3.54762 3.94131 4.6495 4.81728
-9999 -9999 -9999 -9999 -9999 -9999 -9999 -1.07135 0.415202 2.45845 3.2821 4.5955 6.56544 7.53428 7.99861 7.98823 7.80039 7.21726 6.86666 6.17593 4.92988 3.22615 1.33239 0.0997458 0.727046 2.91236 3.43219 1.99362 1.25882 2.17441 3.52469 5.52389 6.66596 6.81983 6.71601 6.3337 4.89683 3.16089 3.16606 4.03563 3.30672 2.45967 2.92451 2.83775 2.12603 1.60823 1.29759 1.49507 2.27538 2.59613 3.36523 4.50061 4.66265 4.62969 5.10718 5.13025 5.1405 5.15755 5.15591 5.15039 5.13486 5.04028 4.82987 3.97765 3.23432 2.20068 2.07181 3.26883 3.78864 4.27569 4.62231 4.73424
-9999 -9999 -9999 -9999 -9999 -9999 -9999 -2.16326 -0.414736 1.49907 3.29094 4.98612 6.44499 6.55763 7.3269 7.32572 7.72867 7.613 7.07247 6.49073 5.41715 3.22849 1.38822 -0.618705 -0.0891361 2.13798 2.4403 1.47209 -0.316988 1.53059 3.56798 5.41437 6.41368 5.62961 6.43226 6.36571 5.82694 4.79329 3.18648 3.21618 2.01187 1.95887 2.57644 2.77654 2.67308 2.2843 1.66503 1.7765 2.25129 2.37082 3.07755 3.95817 4.81904 4.96308 5.12661 5.13283 5.13459 5.14704 5.14773 5.12868 5.08346 4.98461 4.27001 3.42036 2.89649 2.17595 2.08746 3.4668 4.01504 4.32081 4.62002 4.73718
-9999 -9999 -9999 -9999 -9999 -9999 -9999 -9999 -0.594789 1.38208 2.84482 3.23861 4.53518 5.23514 5.77669 5.89649 7.44238 7.52737 7.18462 6.65023 5.73459 4.07382 2.91682 0.991803 -0.391719 0.183344 0.457183 0.965944 0.816099 1.64007 3.59786 5.63743 5.8596 4.56334 4.75469 5.0252 5.63218 5.32324 3.13411 2.02156 1.09798 1.75294 2.44203 2.60838 2.6413 2.50778 2.35606 2.09931 3.0212 3.70317 3.86076 4.45521 4.89387 5.01444 5.10504 5.11547 5.12605 5.12528 5.0987 5.0791 4.96774 4.71952 3.92033 1.99995 2.08834 1.87951 1.28126 2.62647 3.47784 4.23837 4.64172 4.74463
-9999 -9999 -9999 -9999 -9999 -9999 -9999 -9999 -1.25377 1.03326 1.51616 1.47997 0.722363 1.07057 3.87745 4.44232 5.92479 7.32855 7.22525 6.70097 5.84427 4.85522 3.32397 1.15896 -0.561185 -1.27557 0.578358 2.39784 2.77339 3.35391 4.55351 4.78124 3.45653 2.21414 2.91082 3.33015 4.92969 5.221 4.9092 3.5899 2.08158 1.29391 2.22223 2.34578 2.40095 2.41145 2.38313 2.34892 3.39379 3.96867 4.36721 4.58384 4.96037 5.05613 5.08622 5.11445 5.10674 5.08634 5.02576 4.95697 4.65753 4.29522 2.98687 1.89585 1.21504 0.351149 2.29399 2.86603 3.66398 4.18006 4.58122 4.66779
