Test_Spring_2018/12_17/Temp/20171210_008.txt
ncols	170
nrows	115
xllcorner	350000.000000
yllcorner	4445000.000000
cellsize	1000.000000
nodata_value	-9999.000000
[rows 31 to 61 of 115, columns 71 to 141 of 170]
7.30022 7.54805 7.11178 7.1672 8.24719 8.49692 8.49172 8.40407 8.31313 7.81478 7.65569 7.26581 6.57049 6.28606 5.04034 0.98572 2.14902 2.61141 1.4446 2.11503 3.19846 2.27769 -0.47874 -1.65921 -3.56799 -2.94461 -3.51082 -5.04479 -9999 -9999 -9999 -9999 -9999 -9999 -9999 -9999 -9999 -9999 -9999 -9999 -9999 -9999 -9999 -9999 -9999 -9999 -9999 -9999 -9999 -9999 -9999 -9999 -9999 -9999 -9999 -9999 -9999 -9999 -9999 -9999 -9999 -9999 -9999 -9999 -9999 -9999 -9999 -9999 -9999 -9999 -9999
7.07419 7.05805 6.63839 7.31482 7.93844 7.57292 7.33635 8.35227 8.36326 8.03072 7.23471 6.94993 6.65437 6.47785 5.45405 2.5604 -0.046928 1.36859 1.41401 0.455712 2.20826 1.30123 -1.08463 -4.45774 -2.60519 -3.0717 -5.45521 -6.03029 -9999 -9999 -9999 -9999 -9999 -9999 -9999 -9999 -9999 -9999 -9999 -9999 -9999 -9999 -9999 -9999 -9999 -9999 -9999 -9999 -9999 -9999 -9999 -9999 -9999 -9999 -9999 -9999 -9999 -9999 -9999 -9999 -9999 -9999 -9999 -9999 -9999 -9999 -9999 -9999 -9999 -9999 -9999
6.70236 6.48813 6.3142 7.31433 7.30455 7.25231 7.61923 8.25376 8.38956 8.26677 7.92601 7.63268 7.32005 6.50908 5.33623 2.8615 -0.10792 -0.772044 0.699258 0.781487 1.02829 0.20276 -0.837282 -2.47129 -1.11064 -0.574649 -2.13571 -4.18416 -5.49936 -9999 -9999 -9999 -9999 -9999 -9999 -9999 -9999 -9999 -9999 -9999 -9999 -9999 -9999 -9999 -9999 -9999 -9999 -9999 -9999 -9999 -9999 -9999 -9999 -9999 -9999 -9999 -9999 -9999 -9999 -9999 -9999 -9999 -9999 -9999 -9999 -9999 -9999 -9999 -9999 -9999 -9999
6.13744 5.80715 4.85896 5.46612 5.92471 6.76312 6.98704 7.12241 8.31341 8.26224 8.21901 7.72679 7.33557 6.67982 5.5515 3.94015 1.99771 -1.39327 0.717285 2.37265 2.34289 2.26527 1.54036 -0.0289602 1.30678 1.38131 -0.613696 -2.89484 -4.23129 -4.77641 -9999 -9999 -9999 -9999 -9999 -9999 -9999 -9999 -9999 -9999 -9999 -9999 -9999 -9999 -9999 -9999 -9999 -9999 -9999 -9999 -9999 -9999 -9999 -9999 -9999 -9999 -9999 -9999 -9999 -9999 -9999 -9999 -9999 -9999 -9999 -9999 -9999 -9999 -9999 -9999 -9999
5.34981 5.03219 3.87152 4.48234 5.29367 6.43407 7.02648 7.4817 7.84576 8.21694 8.18588 7.68184 6.17066 5.96495 5.91093 4.86117 2.64501 0.431852 -0.13242 2.38643 3.11618 2.98235 3.55446 2.22699 2.87261 2.62539 1.92836 -0.261828 -2.26097 -3.08012 -4.71169 -9999 -9999 -9999 -9999 -9999 -9999 -9999 -9999 -9999 -9999 -9999 -9999 -9999 -9999 -9999 -9999 -9999 -9999 -9999 -9999 -9999 -9999 -9999 -9999 -9999 -9999 -9999 -9999 -9999 -9999 -9999 -9999 -9999 -9999 -9999 -9999 -9999 -9999 -9999 -9999
-9999 -9999 -9999 3.15191 4.25233 5.16342 6.27796 7.24047 7.7294 8.20476 8.17887 7.15984 6.6674 6.63512 5.95132 4.7376 3.98039 2.59146 1.14392 1.7138 3.86369 2.92522 4.45201 4.33625 4.62691 3.62694 1.72455 -0.820307 -2.30271 -3.03414 -4.35376 -9999 -9999 -9999 -9999 -9999 -9999 -9999 -9999 -9999 -9999 -9999 -9999 -9999 -9999 -9999 -9999 -9999 -9999 -9999 -9999 -9999 -9999 -9999 -9999 -9999 -9999 -9999 -9999 -9999 -9999 -9999 -9999 -9999 -9999 -9999 -9999 -9999 -9999 -9999 -9999
-9999 -9999 -9999 -9999 4.05892 4.75531 6.24285 7.01465 7.33591 8.09563 8.10877 7.72992 7.44684 7.03086 6.48402 5.57483 4.57057 3.26501 3.15532 4.53499 4.56425 4.29099 4.52791 5.24283 5.07002 3.51938 0.828151 -0.588138 -3.47639 -4.70711 -4.56649 -5.435 -9999 -9999 -9999 -9999 -9999 -9999 -9999 -9999 -9999 -9999 -9999 -9999 -1.87808 -9999 -9999 -9999 -9999 -9999 -9999 -9999 -9999 -9999 -9999 -9999 -9999 -9999 -9999 -9999 -9999 -9999 -9999 -9999 -9999 -6.85687 -9999 -9999 -9999 -9999 -9999
-9999 -9999 -9999 3.92167 4.8505 5.57949 6.51612 6.61652 7.17738 8.04918 8.07316 7.8078 7.50655 6.81481 6.65237 6.13998 5.04863 4.8351 5.29469 5.51311 5.75909 5.9154 5.81127 5.53925 5.18403 4.18909 2.94771 2.11884 -0.517992 -1.84665 -3.11717 -5.04697 -6.55374 -9999 -9999 -9999 -9999 -9999 -9999 -9999 -2.94438 -3.00207 -2.95286 -2.51173 -1.32003 -1.99606 -9999 -9999 -9999 -9999 -9999 -9999 -9999 -9999 -9999 -9999 -9999 -9999 -9999 -9999 -9999 -9999 -9999 -9999 -9999 -5.78778 -7.30298 -9999 -9999 -9999 -9999
-9999 -9999 -9999 4.17365 5.15485 5.65053 6.56058 7.08609 7.43264 7.74224 8.0387 8.00231 7.66762 7.15256 7.16782 6.45389 6.07461 5.8074 6.42477 6.55686 6.32675 6.03498 5.77849 5.02986 4.95448 4.72197 3.93893 2.64514 1.31151 -0.616824 -3.24128 -5.81481 -7.88806 -9999 -9999 -9999 -9999 -9999 -9999 -2.73263 -1.74095 -1.14087 -2.37099 -1.29239 -0.304993 -0.444787 -1.36463 -9999 -9999 -9999 -9999 -9999 -9999 -9999 -9999 -9999 -9999 -9999 -9999 -9999 -9999 1.41507 -0.139442 -3.29392 -4.90356 -5.86318 -7.23945 -9999 -9999 -9999 -9999
-9999 -9999 -9999 3.98701 5.14387 5.93124 6.6314 6.75295 7.47016 7.78822 7.95267 7.94606 7.88895 7.80358 7.18185 6.92133 5.97585 6.90446 6.88226 6.66302 5.75776 5.37265 3.80937 3.12869 2.98898 4.32778 3.36145 1.32931 -1.21441 -4.27353 -4.45739 -5.46054 -7.31216 -9999 -9999 -9999 -9999 -9999 -9999 -2.42349 -1.36381 -0.476671 -0.334712 -1.55696 0.185853 0.141739 -0.808616 -1.01178 -0.203288 0.214463 -0.0648855 0.901091 1.19328 0.781221 1.26398 -9999 -9999 -9999 -9999 1.61145 1.68856 1.75027 1.11072 -2.33682 -4.68658 -6.79488 -6.97145 -9999 -9999 -9999 -9999
-9999 -9999 -9999 4.78574 5.50242 5.87053 5.93977 6.56927 7.19747 7.5879 7.87639 7.83198 7.82092 7.80859 7.60372 7.11223 7.21506 7.1867 6.90544 5.17062 3.14374 4.0458 2.84774 0.267532 2.39104 3.56162 2.46504 -0.000149204 -2.86085 -3.78821 -3.73305 -5.13343 -6.93769 -9999 -9999 -9999 -5.315 -3.8046 -3.66047 -3.20503 -1.79642 -0.721106 0.0922004 0.651858 0.652264 0.0988236 -0.830174 -1.84129 -1.45864 0.406102 0.872994 1.27589 1.5782 1.19671 1.41882 1.92703 2.19615 2.26145 2.15856 2.14534 2.19917 2.15382 1.55781 -1.52454 -3.28215 -4.39786 -6.64618 -9999 -9999 -9999 -9999
-9999 -9999 -9999 4.34813 4.97281 5.4809 6.31593 6.4145 6.94766 7.26813 7.73913 7.80237 7.27511 7.73196 7.68624 7.615 7.45059 7.20421 5.74163 3.72116 1.69582 0.767882 1.18121 -0.364862 0.452844 1.63889 1.22495 -0.279835 -2.82688 -3.17437 -3.7564 -6.1188 -8.39459 -9999 -9999 -8.22511 -5.33996 -3.30431 -2.24748 -1.91029 -1.86487 -0.513825 -0.393825 1.06026 0.740914 -1.14114 -0.910613 -1.63452 -1.13819 -0.44183 -0.23958 0.754293 1.71062 1.90252 1.92097 2.24954 2.3278 2.35779 2.36279 2.16265 2.27354 2.30202 1.93557 -0.293886 -1.37337 -2.55996 -6.60955 -9999 -9999 -9999 -9999
-9999 -9999 -9999 4.66705 5.36389 6.12589 6.25875 6.82617 6.78039 6.63299 7.4197 7.71421 7.34522 7.08295 7.59916 7.57613 7.5213 7.42336 6.04977 4.45839 2.04278 0.546897 -0.363509 -1.00557 -1.86213 -1.24623 -1.41666 -1.64986 -1.35239 -2.04222 -3.43365 -4.81235 -7.4028 -8.79904 -9999 -8.06366 -6.75459 -4.33626 -2.27877 -0.967349 -1.41955 0.114764 0.411795 1.30523 0.806705 -0.327891 -0.805523 -0.832743 -0.967506 0.072783 0.778196 1.28293 1.62314 2.04481 2.16188 2.27896 2.33549 2.37208 2.40882 2.41654 2.42154 2.38947 2.26024 1.24278 0.168591 -2.17585 -6.46825 -9999 -9999 -9999 -9999
-9999 -9999 2.66444 4.5949 5.75581 6.21207 6.54442 6.83866 7.05472 7.28059 7.49277 7.64269 7.59436 6.59865 6.69249 6.88533 7.46909 7.44069 7.32804 6.46386 3.52184 2.51296 1.03532 -0.883756 -1.67479 -1.257 0.341319 0.284519 -0.750834 -1.90643 -3.50988 -4.52475 -6.10924 -9.16214 -8.87382 -7.47991 -6.43931 -4.79167 -2.27981 -0.514557 0.281231 0.591145 1.22275 1.5587 0.87156 0.220701 -0.0443225 -0.549955 -0.606339 -0.585116 0.050202 0.551364 1.64143 2.01761 2.19851 2.29648 2.35509 2.40103 2.44626 2.4703 2.4626 2.47691 2.48211 2.42288 0.984187 -2.63582 -5.35524 -9999 -9999 -9999 -9999
-9999 -9999 -9999 4.24666 4.76339 4.90668 5.14921 5.63431 6.19193 6.97708 7.08798 7.526 7.53518 6.67863 5.68792 6.57289 6.93185 7.30381 7.3273 7.22733 4.75691 3.47133 2.46224 0.622823 1.30804 1.95734 2.01976 1.65069 -0.584904 -2.81157 -5.38191 -7.78192 -7.88442 -9.17029 -8.46989 -7.54501 -5.18977 -3.52829 -2.84653 -2.35269 0.201417 0.877213 1.12098 1.78741 0.917413 0.713797 0.0652309 0.281187 0.24072 0.26224 -1.56625 0.304747 0.430352 1.65227 2.21021 2.34788 2.39464 2.44323 2.46167 2.48134 2.48865 2.51402 2.51103 2.50686 1.5774 -3.01925 -5.31479 -9999 -9999 -9999 -9999
-9999 -9999 -9999 -9999 -9999 4.43589 4.83258 5.09078 5.52972 6.85152 7.21598 7.46201 7.49346 7.11813 6.13751 5.88816 6.08223 5.12662 5.94977 7.07061 7.0564 6.93563 4.76632 3.66601 4.76178 4.44748 2.82066 1.54324 0.282462 -2.32675 -4.23395 -6.98648 -9.05044 -9.11612 -6.81173 -4.89534 -2.51234 -1.45363 -2.0359 -1.37734 -0.100681 1.34757 2.0564 1.9095 0.991694 0.881824 -0.12766 0.900473 1.0051 0.553412 0.16514 0.346154 0.959162 1.20237 2.16099 2.40364 2.45815 2.4782 2.49469 2.50321 2.51056 2.51353 2.51789 2.51965 2.49271 -2.23255 -5.90091 -9999 -9999 -9999 -9999
-9999 -9999 -9999 -9999 -9999 3.53219 3.77809 4.40668 6.0038 6.84395 7.19057 7.19052 7.35712 7.09587 6.23458 5.35039 4.51745 3.44008 4.07658 5.73919 6.72508 6.84939 4.9496 5.96201 5.6037 4.88323 2.7513 1.18375 0.359142 -2.14525 -4.28822 -6.11508 -8.6428 -7.54363 -6.33451 -4.785 -2.18608 -0.428363 0.301818 -0.286073 0.535106 2.19943 2.22474 1.33963 1.41554 0.887272 -0.49872 0.98179 1.41158 1.09811 1.20193 1.09761 1.33603 1.75627 2.15822 2.42972 2.47786 2.49479 2.49879 2.51076 2.52486 2.52024 2.53598 2.53778 2.52945 -0.514641 -5.96381 -9999 -9999 -9999 -9999
-9999 -9999 -9999 -9999 -9999 -9999 2.72159 4.14188 6.25839 6.79048 6.75397 7.20003 7.24901 6.84176 6.48998 5.41407 3.93994 1.09721 1.83781 3.36937 5.57217 6.73653 6.59531 5.97177 4.87454 2.19873 -0.141316 -0.41301 -0.78445 -2.60842 -4.25572 -6.28825 -5.09025 -3.7794 -2.34662 -1.588 -1.76943 -0.261464 0.97083 0.467106 1.47117 2.64084 2.13365 1.84096 1.59859 0.98482 0.965067 1.05003 1.89884 1.3427 1.71369 1.74197 1.73846 1.95087 2.19229 2.44441 2.49671 2.50992 2.52621 2.511 2.5337 2.53368 2.53462 2.5375 2.53267 2.27234 -0.65341 -2.39614 -9999 -9999 -9999
-9999 -9999 -9999 -9999 -9999 -9999 1.42854 2.14238 4.64702 5.42649 6.53948 7.13578 7.17422 6.47869 6.0968 4.48743 3.97402 1.34545 0.16288 1.19134 0.816633 3.84491 6.52641 5.96251 0.592889 -1.34268 -2.71919 -2.3476 -2.33015 -2.82789 -5.64156 -6.40771 -3.8634 -2.25685 -1.00942 -0.0602159 0.147483 0.127811 2.04787 2.31536 2.94962 2.83038 2.904 1.95811 1.37975 1.9212 1.33954 1.25568 2.13191 1.30556 2.08753 2.01678 1.80385 1.80752 2.32565 2.44159 2.50859 2.52468 2.5172 2.5042 2.50296 2.53303 2.53999 2.52745 2.545 2.5344 2.20434 0.697812 0.183388 0.792523 -9999
-9999 -9999 -9999 -9999 -9999 -9999 -9999 -0.175806 3.30083 4.89354 5.73671 6.91941 7.07218 6.70807 6.03808 4.39873 2.95891 0.610538 -2.07293 -3.48737 0.801717 4.53676 6.4931 6.25468 1.78745 0.0332741 -0.0341927 1.02197 0.157038 -0.495815 -2.63072 -3.2595 -4.13894 -3.57628 -1.84223 -0.423304 0.945245 1.9439 2.03741 2.6909 3.07383 3.11937 3.25062 3.15421 3.07918 2.17114 2.8315 2.30554 2.6131 2.44532 2.29527 2.17023 1.65502 2.04619 2.39362 2.49338 2.53355 2.52572 2.53323 2.5315 2.51305 2.51351 2.52593 2.53817 2.53725 2.55377 2.55771 2.40499 1.50592 0.296085 -1.23736
-9999 -9999 -9999 -9999 -9999 -9999 -9999 -1.89972 1.56007 3.23132 5.38183 6.49338 6.95268 6.90539 6.36476 5.1221 3.24586 1.68532 -1.3119 -4.42423 0.0768041 4.08892 6.26036 6.38916 2.63997 3.69892 2.86957 3.2245 1.69364 1.06573 0.57191 -0.524066 -1.72411 -3.03822 -3.72653 -0.557627 1.07561 2.39263 3.02072 3.38195 3.56965 3.49216 3.27212 1.8868 2.97266 2.93636 2.84809 2.74427 2.70337 2.61065 2.49788 2.44028 2.42904 2.09154 2.50729 2.51215 2.53004 2.54416 2.54591 2.53839 2.53375 2.52552 2.5404 2.54338 2.54562 2.55274 2.56832 2.57488 2.54249 2.31679 0.251018
-9999 -9999 -9999 -9999 -9999 -9999 -9999 -6.7385 -1.70998 2.3313 4.44862 6.1753 6.65773 6.8453 6.11598 5.57381 4.23243 2.96321 0.998484 -1.95067 -3.76104 -0.387196 4.51078 6.32601 6.20275 6.10475 5.1435 4.27853 4.18165 4.26167 3.25183 1.77452 -0.161231 -0.754719 -1.42556 0.937898 1.26911 1.10985 3.70806 3.72738 3.59441 2.61982 1.52927 1.75551 1.08882 1.63429 0.83475 1.60383 2.27097 2.53102 2.52807 2.46108 2.4682 2.44401 2.52845 2.54024 2.54161 2.54539 2.55311 2.55593 2.5387 2.53495 2.5597 2.55479 2.555 2.55831 2.5768 2.58872 2.56903 2.55275 2.24985
-9999 -9999 -9999 -9999 -9999 -9999 -9999 -6.51662 -2.28671 1.30414 3.46397 5.53956 6.03002 6.7383 6.59985 6.0314 4.86704 3.40953 1.7948 -0.733509 -2.60894 -0.348138 2.90879 5.2449 6.09465 6.10057 6.05904 5.85255 5.77628 5.53313 5.36347 4.30712 2.48178 1.45405 -0.0558717 2.5768 2.8831 2.48568 3.80636 3.75404 1.79009 0.28381 0.109271 1.05452 0.188365 0.053456 -0.476924 0.161133 1.84209 1.37587 1.4884 2.2618 2.40118 2.49677 2.53171 2.5395 2.54863 2.54839 2.56292 2.57755 2.56104 2.56082 2.56803 2.55387 2.56502 2.56106 2.56714 2.57263 2.56979 2.55611 2.48209
-9999 -9999 -9999 -9999 -9999 -9999 -9999 -6.42272 -3.57555 -0.342891 2.83161 5.04751 5.94832 6.6075 6.61249 5.94978 5.3772 4.4682 3.04906 2.07997 0.388064 -1.93873 1.99893 3.2169 4.30817 4.77532 5.90896 5.89562 5.39646 4.81237 5.37826 5.23169 3.78747 3.32079 2.52421 3.99393 4.00967 3.98173 3.91642 2.25881 -0.0499294 -1.89203 -0.541368 -0.805236 -0.173748 -2.05349 -0.470567 0.804539 1.22958 0.392927 -0.225279 1.75536 2.09753 2.30488 2.44233 2.53692 2.53027 2.5632 2.56459 2.5719 2.57891 2.57577 2.57968 2.57719 2.57477 2.57516 2.58338 2.57791 2.56875 2.58411 2.55361
-9999 -9999 -9999 -9999 -9999 -9999 -9999 -9999 -5.24314 -1.147 2.51044 4.55184 5.84003 6.47366 6.47426 6.14126 5.75632 5.19731 4.17691 2.89209 0.85451 -0.654451 0.325701 1.51936 1.66959 2.46795 4.75629 5.54707 4.45949 1.74935 3.37322 5.17817 5.16156 5.02098 4.86221 4.65363 4.46876 4.04968 2.90625 -0.622985 -1.30425 -2.67951 -2.50671 -3.20434 -1.62872 -2.19067 -0.574554 0.135187 0.413277 -1.04956 -0.716702 1.03966 1.74224 1.64229 2.07836 2.49491 2.52153 2.54638 2.54928 2.57141 2.5883 2.59558 2.59209 2.59362 2.5991 2.58389 2.60806 2.49315 2.42452 2.26803 2.49971
-9999 -9999 -9999 -9999 -9999 -9999 -9999 -9999 -6.04852 -1.96151 2.34393 3.73424 5.12221 6.32186 6.357 5.84179 5.35261 4.84856 4.2732 2.71195 1.1986 -0.245423 -0.721059 -0.413742 -0.418631 0.864114 3.841 4.42842 4.19724 1.37057 0.421128 2.82826 4.85317 5.02413 4.85416 2.49866 3.01576 1.75126 0.0319866 -0.43118 -1.17544 -2.76349 -1.97732 -3.13597 -2.61732 -2.72859 -1.80437 -1.34546 -0.249335 -1.52248 -1.49659 0.228487 1.10393 1.13994 2.05739 2.39341 2.49164 2.52667 2.55574 2.57362 2.60208 2.60833 2.60998 2.6077 2.58025 2.49349 2.19557 0.503797 0.522817 1.01 1.47189
-9999 -9999 -9999 -9999 -9999 -9999 -9999 -9999 -5.57233 -2.73255 1.08918 3.9232 4.11243 5.49652 6.2169 5.65568 5.02241 4.3744 4.09845 2.39811 0.529264 -0.977986 -2.76441 -2.45433 -1.14835 0.983565 2.91128 3.26716 2.88502 1.37842 2.11158 3.75743 4.6373 4.90572 4.71717 4.2142 3.9291 3.0015 2.60718 1.31435 -0.714481 -1.50476 -0.980501 -3.13432 -2.96759 -2.15028 -2.97831 -1.55798 -0.870061 -2.5191 -1.172 0.351893 1.13809 1.82707 2.16065 2.30208 2.51129 2.5305 2.56102 2.58419 2.59576 2.61032 2.5936 2.58258 2.41605 2.16334 0.581801 -0.0594864 0.0876337 0.842657 1.5058
-9999 -9999 -9999 -9999 -9999 -9999 -9999 -9999 -5.08572 -2.52762 0.78777 2.81186 3.18386 4.71756 6.0828 5.94401 5.28468 5.09274 4.40928 2.96917 1.37729 -0.363738 -1.20318 -3.15043 -1.20645 0.338949 1.97345 2.74531 1.51099 0.895592 2.02246 3.14269 3.59792 4.72901 4.73138 4.38002 2.82215 2.0694 2.40673 2.09137 1.52903 0.137133 0.0890303 -0.799504 -1.1587 -1.49697 -2.62139 -1.87357 -1.78479 -1.56549 0.0412825 0.841559 1.37702 1.86518 2.00397 2.2242 2.50561 2.54335 2.56717 2.58027 2.59969 2.59462 2.5334 2.48432 2.13356 1.50109 0.307746 -1.62707 -0.229673 1.23084 1.68318
-9999 -9999 -9999 -9999 -9999 -9999 -9999 -9999 -5.5151 -2.79823 0.0371208 1.2296 1.44212 4.20816 5.90667 5.92199 5.61605 5.25675 3.54961 3.66358 3.33272 1.76343 -0.528374 -3.04664 -2.7957 -1.27021 0.884797 1.60666 -0.445603 -1.16364 -0.611939 1.07531 2.58695 4.16469 4.57526 4.12947 1.69727 -0.888113 0.330862 1.63259 1.63949 1.27585 -0.013827 -0.413313 -0.773394 -1.70997 -3.30091 -3.04599 -2.58267 -0.755169 -0.170215 0.725074 1.47099 1.21004 1.38581 2.09958 2.51519 2.54462 2.56607 2.59362 2.59881 2.58939 2.45275 2.30735 2.0534 0.379483 -0.655508 -2.16295 -0.365718 0.634739 1.18755
-9999 -9999 -9999 -9999 -9999 -9999 -9999 -9999 -6.3481 -4.37313 -1.66243 -0.562697 1.18434 3.799 5.09135 5.7174 5.7165 5.48128 4.72396 4.27389 3.3745 1.74144 -0.496321 -2.98523 -4.60079 -3.75924 -0.860887 -0.159927 -2.057 -3.01441 -1.7914 0.00594474 2.66071 4.18321 4.40033 4.2772 3.78633 1.90246 -0.376314 -0.354682 0.809113 -0.138717 -1.24248 -0.612973 -0.712116 -1.63685 -2.30537 -2.69862 -2.41728 -1.36998 -0.930343 0.101516 1.61718 1.84688 1.81888 2.46523 2.51124 2.54035 2.57852 2.5921 2.60068 2.59618 2.48741 2.22576 1.11637 0.150983 -1.19783 -1.35124 0.256035 0.969898 1.63658
-9999 -9999 -9999 -9999 -9999 -9999 -9999 -9999 -7.78555 -5.46397 -2.92382 -0.544555 1.70718 3.64694 3.80835 4.83741 4.84877 5.39412 5.25439 4.55341 3.79799 2.39276 -0.485672 -2.90389 -5.54234 -4.82984 -1.87558 -1.47219 -2.73785 -5.08793 -2.6335 0.0717774 2.52481 3.85887 2.837 3.91151 3.83785 3.14048 1.78948 -0.318582 -0.264472 -1.8405 -1.8954 -1.06429 -0.784615 -0.905926 -1.40413 -2.20332 -2.03767 -1.39395 -1.22019 -0.270733 0.908387 2.06135 2.26725 2.49888 2.52266 2.5406 2.5727 2.58933 2.58 2.53621 2.42171 1.49386 0.387744 -0.287852 -1.22316 -1.32335 0.523023 1.27628 1.70341
