Test_Spring_2018/12_17/Temp/20171213_007.txt
ncols	170
nrows	115
xllcorner	350000.000000
yllcorner	4445000.000000
cellsize	1000.000000
nodata_value	-9999.000000
[rows 32 to 63 of 115, columns 72 to 143 of 170]
11.4542 11.087 11.6203 12.1101 11.7806 11.5681 12.3822 12.3683 12.072 11.3949 11.1376 10.8715 10.7031 9.83863 7.43798 5.27266 6.41261 6.42699 5.61683 7.03395 6.26602 4.2831 1.48901 2.98823 2.58202 0.591255 0.093587 -9999 -9999 -9999 -9999 -9999 -9999 -9999 -9999 -9999 -9999 -9999 -9999 -9999 -9999 -9999 -9999 -9999 -9999 -9999 -9999 -9999 -9999 -9999 -9999 -9999 -9999 -9999 -9999 -9999 -9999 -9999 -9999 -9999 -9999 -9999 -9999 -9999 -9999 -9999 -9999 -9999 -9999 -9999 -9999 -9999
10.9832 10.8176 11.6167 11.5859 11.5179 11.7967 12.2978 12.3866 12.2629 11.96 11.696 11.416 10.7266 9.73984 7.68346 5.22067 4.65191 5.83764 5.88215 6.06188 5.3606 4.48307 3.11752 4.21233 4.62956 3.31805 1.6056 0.505695 -9999 -9999 -9999 -9999 -9999 -9999 -9999 -9999 -9999 -9999 -9999 -9999 -9999 -9999 -9999 -9999 -9999 -9999 -9999 -9999 -9999 -9999 -9999 -9999 -9999 -9999 -9999 -9999 -9999 -9999 -9999 -9999 -9999 -9999 -9999 -9999 -9999 -9999 -9999 -9999 -9999 -9999 -9999 -9999
10.421 9.61902 10.095 10.449 11.1159 11.2764 11.3651 12.3209 12.2562 12.198 11.7708 11.4266 10.8649 9.91487 8.56793 6.94889 4.13969 5.85047 7.18722 7.13945 7.05233 6.43339 5.12069 6.19477 6.23264 4.56171 2.66508 1.54313 1.07134 -9999 -9999 -9999 -9999 -9999 -9999 -9999 -9999 -9999 -9999 -9999 -9999 -9999 -9999 -9999 -9999 -9999 -9999 -9999 -9999 -9999 -9999 -9999 -9999 -9999 -9999 -9999 -9999 -9999 -9999 -9999 -9999 -9999 -9999 -9999 -9999 -9999 -9999 -9999 -9999 -9999 -9999 -9999
9.78137 8.80463 9.28345 9.92714 10.8446 11.3086 11.657 11.9336 12.2161 12.1681 11.7315 10.4673 10.2756 10.2084 9.32297 7.47905 5.63746 5.15044 7.19638 7.77232 7.63871 8.08507 6.97076 7.47757 7.25088 6.65135 4.82717 3.15763 2.46072 1.09638 -9999 -9999 -9999 -9999 -9999 -9999 -9999 -9999 -9999 -9999 -9999 -9999 -9999 -9999 -9999 -9999 -9999 -9999 -9999 -9999 -9999 -9999 -9999 -9999 -9999 -9999 -9999 -9999 -9999 -9999 -9999 -9999 -9999 -9999 -9999 -9999 -9999 -9999 -9999 -9999 -9999 -9999
-9999 -9999 8.18692 9.07083 9.80038 10.6898 11.4554 11.8348 12.2031 12.1597 11.3002 10.8733 10.8243 10.2399 9.21982 8.57457 7.41006 6.19717 6.6416 8.38401 7.58898 8.81936 8.70026 8.91515 8.06977 6.48517 4.36379 3.11904 2.49424 1.3863 -9999 -9999 -9999 -9999 -9999 -9999 -9999 -9999 -9999 -9999 -9999 -9999 -9999 -9999 -9999 -9999 -9999 -9999 -9999 -9999 -9999 -9999 -9999 -9999 -9999 -9999 -9999 -9999 -9999 -9999 -9999 -9999 -9999 -9999 -9999 -9999 -9999 -9999 -9999 -9999 -9999 -9999
-9999 -9999 -9999 8.9078 9.46105 10.6607 11.2663 11.5082 12.1104 12.0993 11.7661 11.5115 11.1476 10.6758 9.90603 9.05781 7.9617 7.84778 8.95726 8.95705 8.70819 8.87846 9.4415 9.27531 7.97352 5.74409 4.55634 2.15038 1.11541 1.20732 0.470265 -9999 -9999 -9999 -9999 -9999 -9999 -9999 -9999 -9999 -9999 -9999 -9999 3.06783 -9999 -9999 -9999 -9999 -9999 -9999 -9999 -9999 -9999 -9999 -9999 -9999 -9999 -9999 -9999 -9999 -9999 -9999 -9999 -9999 -1.58361 -9999 -9999 -9999 -9999 -9999 -9999 -9999
-9999 -9999 8.81149 9.55757 10.1338 10.8809 10.9373 11.3743 12.0689 12.0671 11.8275 11.5583 10.968 10.8123 10.3686 9.44884 9.24982 9.60342 9.75853 9.93603 10.0397 9.92941 9.68124 9.36486 8.52506 7.48062 6.77539 4.57851 3.46107 2.39374 0.784963 -0.476177 -9999 -9999 -9999 -9999 -9999 -9999 -9999 2.29458 2.22077 2.23437 2.56963 3.5213 2.93829 -9999 -9999 -9999 -9999 -9999 -9999 -9999 -9999 -9999 -9999 -9999 -9999 -9999 -9999 -9999 -9999 -9999 -9999 -9999 -0.71267 -1.98334 -9999 -9999 -9999 -9999 -9999 -9999
-9999 -9999 9.01965 9.8027 10.1873 10.9127 11.3226 11.5801 11.8131 12.0355 11.9844 11.6881 11.2433 11.2337 10.6246 10.2899 10.0466 10.5296 10.6135 10.3995 10.1347 9.89876 9.25863 9.17184 8.95784 8.28979 7.20248 6.08283 4.46675 2.28724 0.149822 -1.57643 -9999 -9999 -9999 -9999 -9999 -9999 2.4915 3.28007 3.74634 2.70841 3.56692 4.3502 4.2072 3.4215 -9999 -9999 -9999 -9999 -9999 -9999 -9999 -9999 -9999 -9999 -9999 -9999 -9999 -9999 5.29997 3.99745 1.38024 0.0320685 -0.782176 -1.93883 -9999 -9999 -9999 -9999 -9999 -9999
-9999 -9999 8.8609 9.78826 10.4125 10.9657 11.0439 11.6108 11.8469 11.9613 11.935 11.8671 11.7756 11.243 11.0065 10.2065 10.9457 10.903 10.6979 9.9288 9.58686 8.27689 7.69219 7.55393 8.62857 7.80974 6.11571 4.00183 1.46376 1.28325 0.436341 -1.10748 -9999 -9999 -9999 -9999 -9999 -9999 2.74254 3.58673 4.28848 4.37739 3.345 4.74834 4.68193 3.87187 3.67581 4.31114 4.62577 4.36273 5.12317 5.33656 4.9719 5.34289 -9999 -9999 -9999 -9999 5.50386 5.54229 5.56789 5.01711 2.15908 0.202752 -1.55537 -1.72754 -9999 -9999 -9999 -9999 -9999 -9999
-9999 -9999 9.51118 10.0769 10.3568 10.3917 10.8875 11.3818 11.678 11.8994 11.8421 11.812 11.7805 11.5904 11.1641 11.2254 11.1783 10.9227 9.4724 7.78176 8.49731 7.48235 5.34255 7.05712 7.99328 7.06725 5.01732 2.643 1.85667 1.87316 0.700198 -0.80098 -9999 -9999 -9999 0.441134 1.65805 1.75169 2.10028 3.2312 4.08753 4.72403 5.1551 5.12971 4.64067 3.84751 2.98699 3.27185 4.77478 5.12973 5.42264 5.64417 5.30455 5.4632 5.85554 6.05178 6.0808 5.97173 5.93631 5.95587 5.89375 5.37897 2.81876 1.34886 0.406139 -1.47279 -9999 -9999 -9999 -9999 -9999 -9999
-9999 -9999 9.15254 9.64285 10.0378 10.7002 10.7598 11.1768 11.4191 11.7817 11.8132 11.3593 11.7135 11.6543 11.5733 11.4151 11.1887 9.96244 8.2772 6.58752 5.79924 6.11825 4.82229 5.4641 6.41293 6.04195 4.78469 2.66805 2.35907 1.85734 -0.11138 -2.00327 -9999 -9999 -1.93072 0.416605 2.06524 2.90881 3.16019 3.17094 4.25352 4.32394 5.48981 5.20147 3.62079 3.78001 3.1493 3.52692 4.07038 4.20761 4.99161 5.74566 5.87701 5.86649 6.11129 6.15085 6.15103 6.13081 5.94201 6.00863 6.00731 5.68123 3.8242 2.91168 1.91041 -1.44739 -9999 -9999 -9999 -9999 -9999 -9999
-9999 -9999 9.41207 9.96205 10.5659 10.6531 11.0977 11.033 10.8912 11.5172 11.7355 11.4119 11.1755 11.5781 11.5369 11.4686 11.3642 10.2108 8.87791 6.86733 5.61215 4.84277 4.28936 3.55823 4.0387 3.87352 3.6572 3.87734 3.28216 2.11566 0.960511 -1.19422 -2.36306 -9999 -1.80289 -0.750194 1.21304 2.87883 3.93062 3.53238 4.76528 4.98078 5.68869 5.2493 4.2823 3.85901 3.80614 3.66508 4.48974 5.03418 5.41617 5.66807 5.98429 6.05476 6.12586 6.14771 6.15349 6.15955 6.14176 6.12158 6.07068 5.93962 5.07842 4.16999 2.21775 -1.33949 -9999 -9999 -9999 -9999 -9999 -9999
-9999 7.78169 9.34519 10.2766 10.6293 10.8806 11.1008 11.257 11.4216 11.5707 11.6736 11.6109 10.772 10.8277 10.9639 11.4203 11.3729 11.2554 10.5198 8.07657 7.22521 5.98697 4.38462 3.70498 4.02256 5.31045 5.23896 4.36399 3.39073 2.04981 1.18959 -0.134204 -2.66749 -2.45212 -1.3288 -0.496412 0.833816 2.87302 4.29768 4.92468 5.15142 5.64418 5.89073 5.29518 4.72562 4.47679 4.03028 3.95304 3.93987 4.43167 4.81043 5.67281 5.95486 6.0749 6.13035 6.15403 6.16767 6.18092 6.17676 6.14637 6.13376 6.1133 6.03935 4.83165 1.83145 -0.433102 -9999 -9999 -9999 -9999 -9999 -9999
-9999 -9999 9.05114 9.45344 9.5492 9.72674 10.1038 10.5407 11.1648 11.2348 11.5735 11.5575 10.8312 9.99589 10.7008 10.9725 11.254 11.2483 11.1404 9.08835 8.00653 7.15174 5.6148 6.14809 6.65577 6.68169 6.35355 4.49239 2.63908 0.503813 -1.49096 -1.59776 -2.6785 -2.12685 -1.38864 0.524049 1.86582 2.40154 2.78165 4.85324 5.38246 5.55313 6.07093 5.3257 5.1233 4.55888 4.70472 4.64005 4.6266 3.09366 4.5976 4.67189 5.6478 6.07627 6.16248 6.17651 6.19249 6.18392 6.1764 6.15854 6.15522 6.12814 6.09952 5.31032 1.50773 -0.408498 -9999 -9999 -9999 -9999 -9999 -9999
-9999 -9999 -9999 -9999 9.15451 9.45877 9.64945 9.98877 11.0538 11.332 11.5128 11.5172 11.187 10.3577 10.1307 10.2669 9.45767 10.1093 11.0064 10.9694 10.8447 9.0367 8.10353 8.9777 8.69365 7.33163 6.25713 5.1968 3.02912 1.43864 -0.84581 -2.56418 -2.64052 -0.769564 0.780964 2.71662 3.56328 3.06059 3.5761 4.59886 5.76091 6.31435 6.16377 5.37905 5.25346 4.39216 5.2049 5.25902 4.85638 4.50628 4.6215 5.09591 5.26743 6.02774 6.20082 6.21859 6.21123 6.20122 6.1847 6.16707 6.14544 6.12456 6.10103 6.0534 2.14517 -0.898869 -9999 -9999 -9999 -9999 -9999 -9999
-9999 -9999 -9999 -9999 8.40398 8.58437 9.07931 10.3701 11.0393 11.3027 11.2811 11.3963 11.1597 10.4297 9.6802 8.97267 8.06382 8.56243 9.90362 10.6885 10.7652 9.17877 9.98155 9.6611 9.04335 7.26633 5.9534 5.25135 3.16969 1.38542 -0.138629 -2.23812 -1.35752 -0.386472 0.864143 2.97634 4.39738 4.97297 4.46489 5.11301 6.45263 6.4445 5.68737 5.71899 5.24956 4.07872 5.2629 5.58391 5.29454 5.34845 5.22905 5.39543 5.71217 6.01494 6.2116 6.22578 6.21485 6.19467 6.18111 6.16913 6.14146 6.13006 6.10668 6.07443 3.54749 -0.959574 -9999 -9999 -9999 -9999 -9999 -9999
-9999 -9999 -9999 -9999 -9999 7.70819 8.85349 10.5709 10.9868 10.9352 11.2799 11.2982 10.9414 10.6299 9.72301 8.4886 6.12925 6.71349 7.94716 9.73198 10.6634 10.522 9.98084 9.05341 6.82924 4.88124 4.63296 4.30315 2.78041 1.40327 -0.289924 0.671437 1.7258 2.88047 3.4812 3.30937 4.52509 5.51343 5.07434 5.87282 6.80614 6.3606 6.0903 5.86048 5.32081 5.27245 5.31 5.97519 5.48632 5.75958 5.74901 5.71644 5.86227 6.03299 6.21363 6.23115 6.21756 6.2073 6.17145 6.16663 6.14283 6.11938 6.097 6.06772 5.82798 3.39421 1.9352 -9999 -9999 -9999 -9999 -9999
-9999 -9999 -9999 -9999 -9999 6.6376 7.20236 9.23841 9.85737 10.7499 11.2178 11.2272 10.6333 10.297 8.95199 8.5068 6.32384 5.32738 6.14788 5.81526 8.27828 10.4562 9.96422 5.52678 3.91091 2.7546 3.03484 3.02448 2.59124 0.255679 -0.397269 1.66999 2.96707 3.96925 4.7264 4.87426 4.8348 6.38855 6.5825 7.07726 6.95177 6.98362 6.17686 5.67119 6.08078 5.57091 5.46988 6.15769 5.44687 6.0578 5.96583 5.76115 5.73539 6.13337 6.20201 6.23153 6.22021 6.19037 6.15662 6.13158 6.13254 6.1141 6.07913 6.06833 6.03387 5.73274 4.46787 4.01791 4.49098 -9999 -9999 -9999
-9999 -9999 -9999 -9999 -9999 -9999 5.28939 8.1238 9.41069 10.0812 11.0306 11.1336 10.8139 10.2399 8.8695 7.66315 5.71043 3.48244 2.29385 5.7932 8.83715 10.4196 10.1951 6.49923 5.03254 4.95183 5.79453 5.05916 4.49837 2.72034 2.18002 1.43408 1.87324 3.27618 4.41822 5.51939 6.31645 6.36945 6.88193 7.16826 7.17836 7.25782 7.14927 7.05747 6.27638 6.78727 6.32331 6.54416 6.37462 6.21999 6.08347 5.63048 5.9231 6.18079 6.23606 6.24339 6.21232 6.19469 6.17007 6.13208 6.10673 6.0928 6.07824 6.05236 6.04028 6.01358 5.86112 5.09525 4.07396 2.7868 -9999 -9999
-9999 -9999 -9999 -9999 -9999 -9999 3.86476 6.6851 8.0363 9.78065 10.6749 11.0295 10.9669 10.4991 9.45455 7.88962 6.58419 4.09847 1.51821 5.19035 8.45965 10.2191 10.3002 7.1906 8.03533 7.32878 7.59539 6.31287 5.77248 5.34261 4.41822 3.40862 2.30766 1.71759 4.29769 5.6161 6.67455 7.16663 7.43895 7.56801 7.47615 7.2644 6.09727 6.95965 6.89505 6.79133 6.67463 6.60957 6.50207 6.37837 6.2974 6.25863 5.95265 6.26668 6.24364 6.23263 6.21945 6.19691 6.16734 6.1405 6.11082 6.0969 6.07282 6.04961 6.02992 6.01275 5.99132 5.93767 5.72509 4.00071 2.96419 2.66288
-9999 -9999 -9999 -9999 -9999 -9999 -0.118843 3.99012 7.294 9.01003 10.4061 10.7786 10.9089 10.2859 9.81687 8.69136 7.62527 5.98786 3.5417 2.03114 4.77613 8.77648 10.2393 10.1088 10.0031 9.18831 8.45272 8.34834 8.3895 7.53555 6.30135 4.68641 4.17328 3.59827 5.51635 5.76478 5.61011 7.72068 7.71199 7.57758 6.75099 5.82504 5.98292 5.40145 5.81513 5.12757 5.72855 6.24571 6.42849 6.39544 6.30696 6.28417 6.23553 6.27662 6.25957 6.23489 6.21306 6.19521 6.17389 6.13646 6.11022 6.10729 6.07528 6.05093 6.02502 6.01019 5.99335 5.95032 5.90998 5.63413 5.22563 4.45671
-9999 -9999 -9999 -9999 -9999 -9999 0.0623549 3.51543 6.44217 8.19434 9.87575 10.2548 10.8128 10.6753 10.1846 9.20445 7.98365 6.63378 4.53339 2.96938 4.8036 7.45152 9.34703 10.0158 9.99097 9.93192 9.7374 9.65522 9.43039 9.26633 8.37353 6.84737 5.9787 4.71405 6.85306 7.08076 6.7302 7.79097 7.72331 6.08455 4.82118 4.65125 5.39626 4.65619 4.51105 4.04034 4.53424 5.88489 5.47336 5.53529 6.13711 6.22232 6.27146 6.27262 6.2523 6.23392 6.20862 6.19613 6.18424 6.1471 6.12348 6.1059 6.07051 6.04988 6.02164 5.99649 5.97086 5.94189 5.90388 5.81627 5.72373 5.79491
-9999 -9999 -9999 -9999 -9999 -9999 0.138952 2.44917 5.08151 7.66733 9.46397 10.1801 10.6977 10.678 10.1098 9.61587 8.84567 7.65646 6.83708 5.42383 3.48888 6.70063 7.67248 8.53942 8.90496 9.81156 9.77558 9.34029 8.83044 9.27026 9.12257 7.91134 7.50342 6.82462 8.0079 7.99662 7.94939 7.87125 6.48457 4.56249 3.02325 4.10655 3.86268 4.34852 2.77003 4.04425 5.06175 5.38057 4.6581 4.12019 5.7142 5.96503 6.10729 6.19281 6.24385 6.21244 6.21424 6.19072 6.17255 6.15443 6.1281 6.10753 6.0815 6.0552 6.02414 6.00053 5.9699 5.93778 5.92361 5.86776 5.83898 5.80987
-9999 -9999 -9999 -9999 -9999 -9999 -9999 1.07934 4.42204 7.40277 9.05565 10.0897 10.586 10.5624 10.2649 9.92506 9.44244 8.58096 7.50238 5.80538 4.54265 5.3248 6.2765 6.36962 7.00106 8.85641 9.48117 8.56253 6.31154 7.61719 9.07489 9.03612 8.89566 8.74041 8.54084 8.36452 7.99571 7.03161 4.10709 3.52565 2.37012 2.48592 1.88596 3.14715 2.65101 3.94963 4.50319 4.70187 3.47012 3.70995 5.12138 5.66986 5.55954 5.89025 6.20318 6.19906 6.19409 6.1716 6.16533 6.15504 6.13697 6.11233 6.08948 6.0696 6.02479 6.01375 5.89326 5.81052 5.65538 5.81904 5.82293 5.81719
-9999 -9999 -9999 -9999 -9999 -9999 -9999 0.412654 3.74657 7.25976 8.37778 9.49386 10.4553 10.4601 10.0129 9.58737 9.14981 8.65383 7.34797 6.0815 4.87194 4.45786 4.68685 4.64605 5.67548 8.09659 8.55433 8.33937 5.98925 5.18392 7.13637 8.77487 8.89029 8.72573 6.76564 7.16574 6.10209 4.66471 4.25916 3.62237 2.29196 2.91171 1.93307 2.33193 2.1997 2.93032 3.27831 4.14962 3.07427 3.06239 4.44821 5.13909 5.14078 5.86718 6.11647 6.17098 6.17413 6.17289 6.16287 6.16182 6.14268 6.11977 6.09353 6.04638 5.9502 5.67188 4.25006 4.2395 4.61339 4.96641 5.61734 5.79138
-9999 -9999 -9999 -9999 -9999 -9999 -9999 0.798005 3.10722 6.22305 8.52729 8.65857 9.77159 10.3394 9.85445 9.31046 8.75452 8.50439 7.08408 5.52534 4.26364 2.77246 3.00357 4.05268 5.76606 7.32521 7.59278 7.25386 5.98809 6.5652 7.89219 8.58992 8.78536 8.60544 8.16726 7.90812 7.12109 6.77211 5.68477 3.99246 3.31741 3.72197 1.92579 2.03566 2.67957 1.9572 3.09554 3.63195 2.24825 3.31922 4.54289 5.1608 5.69923 5.94612 6.03564 6.18134 6.17141 6.1712 6.16529 6.15009 6.13748 6.0992 6.06552 5.9039 5.67124 4.34653 3.77868 3.87351 4.46764 4.98618 5.52793 5.74249
-9999 -9999 -9999 -9999 -9999 -9999 -9999 1.19228 3.27008 5.96995 7.60883 7.89034 9.12634 10.224 10.0861 9.52063 9.33929 8.75421 7.54752 6.21615 4.76217 4.04884 2.42519 3.99837 5.22922 6.54748 7.15685 6.11487 5.58406 6.48466 7.37982 7.72867 8.63284 8.60972 8.29601 6.99105 6.34753 6.59952 6.31512 5.82755 4.65814 4.59243 3.83583 3.51372 3.20839 2.24215 2.82831 2.87287 3.02091 4.30896 4.93845 5.35066 5.72435 5.81138 5.96574 6.17077 6.17601 6.17015 6.15578 6.14679 6.11781 6.04271 5.97754 5.66436 5.11955 4.11371 2.48235 3.60451 4.77841 5.11958 5.4504 5.61647
-9999 -9999 -9999 -9999 -9999 -9999 -9999 0.834281 3.04254 5.34805 6.30375 6.4543 8.70284 10.0743 10.063 9.78785 9.4689 8.04262 8.11258 7.81705 6.50397 4.59719 2.50423 2.68629 3.90695 5.64612 6.21443 4.50022 3.8851 4.31318 5.67423 6.89103 8.16215 8.47437 8.08302 6.05963 3.91032 4.88654 5.9306 5.91061 5.58592 4.50009 4.14529 3.82251 3.02574 1.68362 1.85734 2.20992 3.67545 4.12812 4.83595 5.42131 5.17974 5.29731 5.85725 6.17257 6.17094 6.16303 6.16037 6.13951 6.10673 5.96946 5.82494 5.59113 4.19055 3.31474 2.04344 3.48457 4.2806 4.69718 5.45437 5.62489
-9999 -9999 -9999 -9999 -9999 -9999 -9999 0.144911 1.74363 3.94677 4.82633 6.2377 8.36192 9.39975 9.89019 9.86557 9.64845 9.00239 8.60876 7.84592 6.48025 4.61767 2.54865 1.19705 1.8641 4.20522 4.75148 3.16942 2.35764 3.33729 4.78883 6.94484 8.17061 8.32388 8.19759 7.76913 6.1961 4.29849 4.29071 5.22111 4.41636 3.48319 3.97377 3.86539 3.0784 2.50167 2.13521 2.33402 3.16301 3.4965 4.31674 5.53472 5.69643 5.64672 6.15135 6.16305 6.16113 6.16689 6.15263 6.1344 6.10549 5.99093 5.75073 4.81394 3.99536 2.86163 2.70989 3.98735 4.54302 5.05794 5.42266 5.5326
-9999 -9999 -9999 -9999 -9999 -9999 -9999 -1.0409 0.842591 2.90565 4.83652 6.66261 8.23239 8.34107 9.16262 9.148 9.57209 9.4333 8.83333 8.18857 7.00987 4.62071 2.60958 0.417424 0.978317 3.37181 3.66838 2.60334 0.647364 2.63878 4.83631 6.82663 7.89761 7.03296 7.89065 7.80494 7.20668 6.07125 4.31363 4.3322 3.01121 2.93969 3.59582 3.79862 3.6717 3.23492 2.54281 2.63835 3.13602 3.2512 4.00389 4.9455 5.86589 6.00845 6.17244 6.16591 6.15481 6.15554 6.14371 6.11064 6.04932 5.9299 5.1422 4.20797 3.62735 2.83326 2.72519 4.20868 4.78651 5.10479 5.41805 5.53369
-9999 -9999 -9999 -9999 -9999 -9999 -9999 -9999 0.646893 2.77879 4.35278 4.76665 6.16053 6.90693 7.48145 7.59819 9.26283 9.34173 8.95627 8.36271 7.35522 5.53883 4.26914 2.16573 0.65 1.24569 1.51594 2.05409 1.87747 2.75798 4.86928 7.06947 7.2971 5.87665 6.07092 6.35111 6.99647 6.64757 4.25774 3.03629 2.01977 2.71646 3.44997 3.6159 3.63682 3.47695 3.29036 2.98486 3.97084 4.69653 4.85325 5.48435 5.94658 6.06379 6.14871 6.14683 6.14532 6.13168 6.09019 6.0564 5.92313 5.64139 4.76166 2.665 2.74875 2.5099 1.84836 3.29861 4.19925 5.0132 5.43948 5.53967
-9999 -9999 -9999 -9999 -9999 -9999 -9999 -9999 -0.0687388 2.40017 2.91098 2.85847 2.02299 2.38782 5.42133 6.02126 7.61705 9.12729 9.00159 8.4188 7.47507 6.38755 4.71142 2.34733 0.466078 -0.333645 1.65479 3.60846 4.0022 4.61858 5.90709 6.14085 4.68965 3.32784 4.07075 4.51255 6.23526 6.53784 6.18558 4.73954 3.0881 2.21865 3.21155 3.33075 3.37558 3.37182 3.32351 3.26445 4.37431 4.98373 5.40198 5.62304 6.01792 6.10829 6.12761 6.14512 6.1238 6.08885 6.01041 5.92314 5.58558 5.17984 3.74728 2.55065 1.79929 0.84925 2.94573 3.55652 4.40735 4.94776 5.37164 5.45412
