Test_Spring_2018/12_17/Temp/20171222_010.txt
ncols	170
nrows	115
xllcorner	350000.000000
yllcorner	4445000.000000
cellsize	1000.000000
nodata_value	-9999.000000
[rows 31 to 61 of 115, columns 71 to 141 of 170]
7.19322 7.40559 6.99117 7.02718 7.99687 8.21191 8.19188 8.09392 7.9949 7.52262 7.36113 6.98819 6.33539 6.05899 4.90179 1.17107 2.22072 2.62804 1.54252 2.14 3.11559 2.2547 -0.288254 -1.38764 -3.15453 -2.61309 -3.15487 -4.57936 -9999 -9999 -9999 -9999 -9999 -9999 -9999 -9999 -9999 -9999 -9999 -9999 -9999 -9999 -9999 -9999 -9999 -9999 -9999 -9999 -9999 -9999 -9999 -9999 -9999 -9999 -9999 -9999 -9999 -9999 -9999 -9999 -9999 -9999 -9999 -9999 -9999 -9999 -9999 -9999 -9999 -9999 -9999
6.98066 6.95118 6.55197 7.15693 7.71347 7.35995 7.12297 8.04082 8.03518 7.71479 6.96977 6.69311 6.40651 6.22892 5.27499 2.60785 0.202896 1.48338 1.50842 0.613656 2.20224 1.35394 -0.849497 -3.95767 -2.27848 -2.72414 -4.94234 -5.49764 -9999 -9999 -9999 -9999 -9999 -9999 -9999 -9999 -9999 -9999 -9999 -9999 -9999 -9999 -9999 -9999 -9999 -9999 -9999 -9999 -9999 -9999 -9999 -9999 -9999 -9999 -9999 -9999 -9999 -9999 -9999 -9999 -9999 -9999 -9999 -9999 -9999 -9999 -9999 -9999 -9999 -9999 -9999
6.63467 6.42369 6.24959 7.15109 7.12733 7.05929 7.37661 7.94506 8.05377 7.92556 7.59764 7.31314 7.01091 6.25204 5.16154 2.87816 0.14142 -0.483454 0.847884 0.906365 1.11537 0.341698 -0.628766 -2.14365 -0.915121 -0.442295 -1.90273 -3.81254 -5.04033 -9999 -9999 -9999 -9999 -9999 -9999 -9999 -9999 -9999 -9999 -9999 -9999 -9999 -9999 -9999 -9999 -9999 -9999 -9999 -9999 -9999 -9999 -9999 -9999 -9999 -9999 -9999 -9999 -9999 -9999 -9999 -9999 -9999 -9999 -9999 -9999 -9999 -9999 -9999 -9999 -9999 -9999
6.11194 5.79457 4.91107 5.45253 5.85784 6.60096 6.79485 6.90319 7.97866 7.91609 7.86078 7.39409 7.01989 6.40325 5.35355 3.86118 2.06529 -1.05788 0.859071 2.35875 2.31432 2.22577 1.54394 0.0882556 1.29389 1.34387 -0.523636 -2.64108 -3.88467 -4.40313 -9999 -9999 -9999 -9999 -9999 -9999 -9999 -9999 -9999 -9999 -9999 -9999 -9999 -9999 -9999 -9999 -9999 -9999 -9999 -9999 -9999 -9999 -9999 -9999 -9999 -9999 -9999 -9999 -9999 -9999 -9999 -9999 -9999 -9999 -9999 -9999 -9999 -9999 -9999 -9999 -9999
5.38528 5.07946 4.00124 4.546 5.27446 6.29886 6.82411 7.2271 7.54499 7.86941 7.82531 7.34786 5.94763 5.74336 5.67794 4.7001 2.65345 0.609337 0.075639 2.36634 3.01765 2.8775 3.38384 2.1496 2.72283 2.4779 1.80979 -0.229559 -2.08553 -2.85514 -4.36888 -9999 -9999 -9999 -9999 -9999 -9999 -9999 -9999 -9999 -9999 -9999 -9999 -9999 -9999 -9999 -9999 -9999 -9999 -9999 -9999 -9999 -9999 -9999 -9999 -9999 -9999 -9999 -9999 -9999 -9999 -9999 -9999 -9999 -9999 -9999 -9999 -9999 -9999 -9999 -9999
-9999 -9999 -9999 3.32194 4.30989 5.13249 6.13309 7.00094 7.43328 7.85321 7.81393 6.86474 6.39795 6.35266 5.71033 4.58233 3.87235 2.58336 1.2404 1.74543 3.69771 2.82022 4.20104 4.07673 4.32455 3.38975 1.61453 -0.746977 -2.12969 -2.81909 -4.04713 -9999 -9999 -9999 -9999 -9999 -9999 -9999 -9999 -9999 -9999 -9999 -9999 -9999 -9999 -9999 -9999 -9999 -9999 -9999 -9999 -9999 -9999 -9999 -9999 -9999 -9999 -9999 -9999 -9999 -9999 -9999 -9999 -9999 -9999 -9999 -9999 -9999 -9999 -9999 -9999
-9999 -9999 -9999 -9999 4.12747 4.75322 6.10072 6.78897 7.06774 7.74829 7.74488 7.38234 7.10749 6.71079 6.19406 5.34514 4.40887 3.19627 3.07895 4.32581 4.33509 4.06686 4.26571 4.90219 4.72511 3.2749 0.787409 -0.529824 -3.21086 -4.35788 -4.24825 -5.06285 -9999 -9999 -9999 -9999 -9999 -9999 -9999 -9999 -9999 -9999 -9999 -9999 -2.04548 -9999 -9999 -9999 -9999 -9999 -9999 -9999 -9999 -9999 -9999 -9999 -9999 -9999 -9999 -9999 -9999 -9999 -9999 -9999 -9999 -7.05836 -9999 -9999 -9999 -9999 -9999
-9999 -9999 -9999 4.01691 4.85053 5.50296 6.34571 6.41752 6.91753 7.70087 7.70753 7.44913 7.1578 6.50864 6.34422 5.85897 4.84299 4.63089 5.0351 5.21794 5.42562 5.55073 5.43685 5.16882 4.82427 3.88088 2.72348 1.94403 -0.501435 -1.74331 -2.9267 -4.71372 -6.11283 -9999 -9999 -9999 -9999 -9999 -9999 -9999 -2.95012 -3.0218 -2.99598 -2.61157 -1.53996 -2.17994 -9999 -9999 -9999 -9999 -9999 -9999 -9999 -9999 -9999 -9999 -9999 -9999 -9999 -9999 -9999 -9999 -9999 -9999 -9999 -6.08459 -7.49298 -9999 -9999 -9999 -9999
-9999 -9999 -9999 4.24068 5.12404 5.56268 6.38107 6.8473 7.14644 7.41485 7.67132 7.62288 7.30113 6.81403 6.81262 6.14287 5.77938 5.51815 6.06688 6.17053 5.94184 5.65619 5.40241 4.69735 4.60877 4.3638 3.62583 2.41997 1.17776 -0.622758 -3.04678 -5.42369 -7.3418 -9999 -9999 -9999 -9999 -9999 -9999 -2.74299 -1.85276 -1.32178 -2.46811 -1.4998 -0.6156 -0.7646 -1.64696 -9999 -9999 -9999 -9999 -9999 -9999 -9999 -9999 -9999 -9999 -9999 -9999 -9999 -9999 0.586035 -0.856768 -3.76586 -5.26011 -6.15931 -7.44068 -9999 -9999 -9999 -9999
-9999 -9999 -9999 4.06443 5.10863 5.81446 6.44054 6.5367 7.18053 7.45216 7.58788 7.56695 7.49976 7.40658 6.8218 6.56765 5.68555 6.51996 6.48272 6.26438 5.41695 5.04551 3.59413 2.95091 2.79193 3.99745 3.091 1.20816 -1.14319 -3.97069 -4.16746 -5.10575 -6.82082 -9999 -9999 -9999 -9999 -9999 -9999 -2.46487 -1.5122 -0.718179 -0.607505 -1.74735 -0.171324 -0.249773 -1.14299 -1.35186 -0.633909 -0.273798 -0.562072 0.293732 0.541065 0.143865 0.567119 -9999 -9999 -9999 -9999 0.796374 0.849314 0.887815 0.283376 -2.89421 -5.06664 -7.01844 -7.20942 -9999 -9999 -9999 -9999
-9999 -9999 -9999 4.7909 5.43172 5.75337 5.80143 6.36299 6.92531 7.26378 7.5135 7.45818 7.43343 7.40743 7.20482 6.73928 6.81779 6.77558 6.50106 4.89419 3.01909 3.82679 2.70904 0.324412 2.23958 3.29036 2.26397 -0.0162109 -2.65851 -3.53324 -3.51051 -4.81285 -6.48565 -9999 -9999 -9999 -5.0681 -3.70117 -3.58615 -3.18631 -1.91373 -0.947153 -0.221157 0.271353 0.245466 -0.293833 -1.16811 -2.11786 -1.7907 -0.105529 0.299339 0.630045 0.886452 0.517198 0.701185 1.14865 1.37759 1.42017 1.30883 1.27962 1.31161 1.25234 0.688037 -2.15512 -3.78515 -4.8278 -6.92406 -9999 -9999 -9999 -9999
-9999 -9999 -9999 4.38617 4.94269 5.39256 6.14052 6.2157 6.68929 6.96968 7.38297 7.42654 6.92915 7.33329 7.27676 7.19648 7.03033 6.78847 5.43166 3.56298 1.6891 0.819921 1.17865 -0.258279 0.460993 1.52564 1.12203 -0.281761 -2.63695 -2.97648 -3.5339 -5.72382 -7.82727 -9999 -9999 -7.72356 -5.09676 -3.24823 -2.2967 -2.00494 -1.9811 -0.761855 -0.671292 0.640652 0.322514 -1.43342 -1.24566 -1.93444 -1.50386 -0.892299 -0.730103 0.149819 0.999442 1.15567 1.15384 1.43691 1.49127 1.50185 1.48975 1.28965 1.37425 1.38288 1.02904 -1.03238 -2.04103 -3.15489 -6.89365 -9999 -9999 -9999 -9999
-9999 -9999 -9999 4.67267 5.29525 5.97772 6.08403 6.58873 6.53048 6.38229 7.08855 7.34114 6.98905 6.73465 7.19323 7.15736 7.0918 6.98603 5.71075 4.23511 2.00349 0.613693 -0.240602 -0.849746 -1.66795 -1.12621 -1.30488 -1.54089 -1.2904 -1.94673 -3.24583 -4.52873 -6.92556 -8.22232 -9999 -7.58183 -6.3986 -4.19909 -2.33044 -1.14582 -1.57772 -0.190497 0.0621896 0.856744 0.378172 -0.693065 -1.15818 -1.20729 -1.35494 -0.425822 0.194295 0.626093 0.916599 1.27842 1.36702 1.45653 1.4913 1.50829 1.52567 1.51641 1.50435 1.45777 1.32143 0.370437 -0.638532 -2.80762 -6.76899 -9999 -9999 -9999 -9999
-9999 -9999 2.85203 4.6009 5.64856 6.05087 6.33995 6.59439 6.7775 6.97115 7.15001 7.2732 7.21275 6.28668 6.35857 6.52072 7.04038 6.99844 6.87842 6.06895 3.35488 2.41107 1.03335 -0.746482 -1.50113 -1.14149 0.299736 0.224785 -0.746326 -1.82708 -3.32047 -4.27302 -5.74362 -8.56182 -8.31428 -7.05325 -6.1156 -4.62179 -2.33651 -0.735832 -0.0241677 0.24136 0.797936 1.08463 0.429008 -0.198847 -0.466271 -0.954359 -1.03085 -1.036 -0.478086 -0.0492733 0.925053 1.24942 1.393 1.4652 1.50218 1.52811 1.55367 1.55976 1.53642 1.5326 1.51959 1.44275 0.104242 -3.23676 -5.75689 -9999 -9999 -9999 -9999
-9999 -9999 -9999 4.27603 4.73345 4.84901 5.05577 5.48509 5.98119 6.68725 6.77442 7.16149 7.15528 6.35533 5.43382 6.23029 6.54416 6.86911 6.87386 6.76448 4.48023 3.28201 2.33619 0.628932 1.22659 1.7978 1.83138 1.46984 -0.601337 -2.66377 -5.04314 -7.26237 -7.37564 -8.57361 -7.9508 -7.11918 -4.97676 -3.46992 -2.86101 -2.4249 -0.102147 0.49697 0.697334 1.28608 0.466128 0.247863 -0.371528 -0.199105 -0.261595 -0.267039 -1.96691 -0.283157 -0.190037 0.908677 1.39857 1.50496 1.53135 1.56006 1.56143 1.56389 1.55462 1.56119 1.53829 1.51282 0.640337 -3.59297 -5.72492 -9999 -9999 -9999 -9999
-9999 -9999 -9999 -9999 -9999 4.41165 4.75964 4.9811 5.3685 6.56624 6.88578 7.09704 7.11186 6.75401 5.84078 5.59817 5.76111 4.86987 5.60638 6.61504 6.5825 6.45123 4.44218 3.40533 4.38538 4.07337 2.55891 1.3648 0.186372 -2.22683 -3.99878 -6.5411 -8.45148 -8.52995 -6.43598 -4.69797 -2.52984 -1.57497 -2.12388 -1.53666 -0.386548 0.920947 1.54962 1.393 0.528933 0.396418 -0.554087 0.361964 0.431947 -0.00748104 -0.388281 -0.252887 0.286556 0.488469 1.34715 1.5512 1.58258 1.5854 1.58529 1.57782 1.56885 1.55252 1.53794 1.51969 1.47392 -2.87746 -6.26728 -9999 -9999 -9999 -9999
-9999 -9999 -9999 -9999 -9999 3.57754 3.78739 4.34819 5.79669 6.55315 6.85638 6.84223 6.98092 6.72766 5.92452 5.09997 4.32207 3.31909 3.88516 5.39003 6.27365 6.36679 4.60451 5.50322 5.15083 4.46645 2.48898 1.02884 0.249811 -2.06754 -4.05556 -5.7499 -8.08518 -7.09644 -6.00585 -4.60244 -2.23716 -0.641715 0.0116985 -0.54372 0.190665 1.69609 1.69845 0.865351 0.911509 0.395578 -0.900161 0.430055 0.797653 0.484575 0.554364 0.428319 0.624432 0.988463 1.33712 1.56763 1.59476 1.59398 1.58262 1.57849 1.57477 1.55325 1.54911 1.53087 1.50205 -1.30923 -6.33066 -9999 -9999 -9999 -9999
-9999 -9999 -9999 -9999 -9999 -9999 2.81317 4.0993 6.02364 6.49785 6.45004 6.8446 6.87552 6.48849 6.15215 5.15208 3.78666 1.16639 1.82782 3.21262 5.21113 6.2571 6.10592 5.5058 4.47638 2.00052 -0.167682 -0.440655 -0.804553 -2.49857 -4.03247 -5.91525 -4.83714 -3.65444 -2.35892 -1.68006 -1.86171 -0.49518 0.618282 0.14016 1.0421 2.09432 1.60878 1.3184 1.07289 0.478593 0.434477 0.486046 1.23745 0.701977 1.01646 1.0119 0.986322 1.15993 1.3615 1.57428 1.60525 1.60148 1.60126 1.57204 1.57671 1.55943 1.54175 1.52451 1.49887 1.23795 -1.47161 -3.09312 -9999 -9999 -9999
-9999 -9999 -9999 -9999 -9999 -9999 1.62214 2.26101 4.5409 5.24173 6.247 6.77913 6.80031 6.14908 5.78458 4.296 3.81078 1.38689 0.285966 1.20986 0.846986 3.6007 6.03571 5.49025 0.546711 -1.25083 -2.53614 -2.21963 -2.22713 -2.70599 -5.30846 -6.03095 -3.71935 -2.26575 -1.14005 -0.286629 -0.112204 -0.145191 1.59862 1.82642 2.38952 2.26088 2.30749 1.41871 0.865452 1.32957 0.770779 0.667803 1.44446 0.661556 1.35268 1.25742 1.04006 1.02246 1.47757 1.56558 1.60998 1.60839 1.5865 1.5595 1.5417 1.55198 1.53982 1.50848 1.5034 1.47134 1.13992 -0.265075 -0.761534 -0.228781 -9999
-9999 -9999 -9999 -9999 -9999 -9999 -9999 0.130657 3.301 4.74685 5.50481 6.57406 6.69985 6.35099 5.72323 4.20698 2.8729 0.705627 -1.7696 -3.08492 0.825157 4.22655 5.99741 5.75018 1.6337 0.00265032 -0.0830511 0.860924 0.0452699 -0.575472 -2.55597 -3.1525 -3.9776 -3.48037 -1.9097 -0.626689 0.611936 1.51171 1.58191 2.16447 2.49535 2.51769 2.61718 2.50682 2.41491 1.55114 2.13057 1.6229 1.87889 1.69965 1.53719 1.39225 0.898111 1.23563 1.5344 1.60754 1.62571 1.603 1.59465 1.57779 1.54518 1.52656 1.5194 1.51081 1.48894 1.4819 1.45659 1.29219 0.443622 -0.689819 -2.11967
-9999 -9999 -9999 -9999 -9999 -9999 -9999 -1.45533 1.6995 3.21726 5.17283 6.17709 6.58116 6.52386 6.0144 4.86137 3.1273 1.6817 -1.08102 -3.95016 0.154032 3.80759 5.77582 5.87192 2.4069 3.35361 2.57034 2.87227 1.44689 0.849332 0.37248 -0.651918 -1.77065 -2.99423 -3.6438 -0.756382 0.724459 1.91562 2.4753 2.78987 2.9446 2.85321 2.62833 1.33734 2.30932 2.24436 2.1384 2.01798 1.95521 1.84524 1.71738 1.6343 1.60214 1.27222 1.63144 1.61654 1.6165 1.61363 1.59971 1.57725 1.55703 1.53286 1.52682 1.50757 1.48877 1.47338 1.45887 1.44083 1.38673 1.15538 -0.761716
-9999 -9999 -9999 -9999 -9999 -9999 -9999 -5.89513 -1.30317 2.38643 4.31137 5.87524 6.30299 6.46058 5.77797 5.26646 4.02221 2.84339 1.02655 -1.69305 -3.37023 -0.300004 4.16682 5.80574 5.66288 5.55016 4.64658 3.83138 3.72023 3.77166 2.8222 1.44655 -0.34588 -0.910835 -1.54215 0.607051 0.894667 0.732945 3.09726 3.09831 2.95904 2.04775 1.02604 1.21226 0.575053 1.04327 0.286264 0.966183 1.55272 1.76653 1.73984 1.64824 1.62976 1.58754 1.64334 1.63664 1.62121 1.60852 1.59972 1.58637 1.55433 1.53401 1.53898 1.51266 1.49264 1.47063 1.45897 1.44635 1.40445 1.36553 1.06409
-9999 -9999 -9999 -9999 -9999 -9999 -9999 -5.69796 -1.83605 1.43858 3.39801 5.28499 5.7198 6.35414 6.21256 5.67671 4.59442 3.24295 1.74672 -0.587276 -2.32393 -0.271857 2.69017 4.80956 5.55791 5.5386 5.47821 5.26685 5.17302 4.92873 4.74901 3.76146 2.06572 1.10652 -0.293783 2.10173 2.36615 1.98585 3.17937 3.11449 1.29753 -0.100966 -0.280293 0.561139 -0.25416 -0.409478 -0.923161 -0.362599 1.15345 0.699015 0.77868 1.45681 1.56357 1.62746 1.64093 1.63039 1.62177 1.60505 1.6021 1.59919 1.56747 1.55013 1.53889 1.50721 1.49358 1.46897 1.44586 1.42439 1.39854 1.36264 1.27152
-9999 -9999 -9999 -9999 -9999 -9999 -9999 -5.61772 -3.02354 -0.0771945 2.81107 4.82632 5.63678 6.22582 6.21536 5.59286 5.05253 4.20345 2.88638 1.98094 0.412577 -1.73813 1.84981 2.94296 3.91273 4.3175 5.33385 5.29949 4.82033 4.2588 4.75696 4.59735 3.25574 2.8104 2.06339 3.39311 3.39094 3.34877 3.27213 1.73625 -0.396782 -2.10302 -0.884938 -1.14688 -0.594538 -2.34831 -0.92396 0.220377 0.585899 -0.207193 -0.796407 0.987761 1.27573 1.44628 1.55361 1.62241 1.59906 1.61238 1.59699 1.58702 1.57651 1.55625 1.54184 1.52083 1.49911 1.47391 1.45288 1.42544 1.39258 1.38336 1.32951
-9999 -9999 -9999 -9999 -9999 -9999 -9999 -9999 -4.55703 -0.825689 2.50984 4.36491 5.52994 6.09525 6.08043 5.75973 5.39107 4.86247 3.91062 2.7159 0.830884 -0.570455 0.308059 1.37863 1.48577 2.19562 4.27048 4.9734 3.95568 1.4476 2.90794 4.54228 4.50842 4.36159 4.1986 3.99042 3.80412 3.40324 2.33854 -0.912336 -1.55496 -2.83369 -2.69487 -3.35424 -1.93783 -2.48482 -1.02713 -0.400029 -0.168402 -1.53158 -1.25891 0.322638 0.945981 0.834843 1.21552 1.57821 1.58508 1.59067 1.57632 1.57958 1.57782 1.56687 1.54581 1.52836 1.51382 1.47348 1.46663 1.33918 1.25384 1.08787 1.27759
-9999 -9999 -9999 -9999 -9999 -9999 -9999 -9999 -5.30806 -1.57928 2.34972 3.60804 4.86422 5.94782 5.96438 5.47651 5.01215 4.53378 3.98959 2.54165 1.13705 -0.204585 -0.659528 -0.397623 -0.43585 0.71833 3.42456 3.9417 3.70905 1.08632 0.196685 2.38281 4.21931 4.35776 4.18429 2.00879 2.46523 1.28941 -0.30323 -0.745381 -1.44551 -2.91923 -2.21836 -3.2999 -2.84535 -2.98617 -2.16172 -1.76375 -0.781981 -1.97072 -1.9791 -0.426493 0.355455 0.368988 1.19067 1.48022 1.55235 1.56689 1.57614 1.57513 1.58363 1.57147 1.55465 1.53371 1.48912 1.3896 1.08903 -0.490597 -0.49502 -0.070629 0.330649
-9999 -9999 -9999 -9999 -9999 -9999 -9999 -9999 -4.87893 -2.29299 1.19267 3.77345 3.93115 5.18347 5.8276 5.29736 4.70083 4.09045 3.82053 2.24519 0.514998 -0.884376 -2.53996 -2.27521 -1.09839 0.819934 2.56542 2.87088 2.50035 1.08651 1.73861 3.22733 4.01475 4.24238 4.05169 3.57317 3.29439 2.42695 2.04794 0.845496 -1.03163 -1.77447 -1.31346 -3.30655 -3.17411 -2.44608 -3.24508 -1.96566 -1.35728 -2.88981 -1.69534 -0.319595 0.380809 0.992662 1.27942 1.39059 1.56421 1.56403 1.57433 1.5779 1.5707 1.56598 1.53225 1.50331 1.33141 1.08008 -0.389159 -1.01376 -0.900264 -0.229908 0.356316
-9999 -9999 -9999 -9999 -9999 -9999 -9999 -9999 -4.44016 -2.11243 0.909158 2.74771 3.07265 4.46184 5.69657 5.55316 4.93261 4.73998 4.09668 2.75977 1.28342 -0.329984 -1.11777 -2.92085 -1.1592 0.221622 1.69887 2.38581 1.22066 0.637026 1.64996 2.65718 3.05553 4.07341 4.05747 3.71765 2.27257 1.5651 1.85622 1.54916 1.01552 -0.2785 -0.341782 -1.17547 -1.52459 -1.85493 -2.92582 -2.26203 -2.20203 -2.0309 -0.590408 0.122658 0.59353 1.0215 1.1298 1.31308 1.55272 1.56933 1.57329 1.56742 1.56724 1.54441 1.46985 1.40606 1.06549 0.466422 -0.646873 -2.45693 -1.19749 0.119711 0.505783
-9999 -9999 -9999 -9999 -9999 -9999 -9999 -9999 -4.8405 -2.36743 0.21421 1.2907 1.46936 3.98741 5.5273 5.52495 5.22805 4.882 3.30081 3.38772 3.06675 1.6108 -0.507439 -2.83347 -2.6227 -1.25523 0.694165 1.33559 -0.579311 -1.25683 -0.770754 0.755989 2.12216 3.54915 3.90707 3.48058 1.2343 -1.15234 -0.0536198 1.12075 1.10858 0.756648 -0.444041 -0.829513 -1.17923 -2.05743 -3.54694 -3.3434 -2.93983 -1.30665 -0.790949 0.00939022 0.67323 0.41497 0.557162 1.19256 1.55505 1.56391 1.56555 1.57278 1.55944 1.53254 1.38885 1.23684 0.985071 -0.567964 -1.53595 -2.94599 -1.32862 -0.432501 0.0338769
-9999 -9999 -9999 -9999 -9999 -9999 -9999 -9999 -5.61049 -3.81724 -1.34993 -0.358543 1.22585 3.60508 4.77274 5.32981 5.31228 5.07986 4.36883 3.939 3.09719 1.58289 -0.48573 -2.78473 -4.28386 -3.53204 -0.912442 -0.300024 -2.06304 -2.95977 -1.85862 -0.231003 2.18242 3.55875 3.73934 3.60834 3.14052 1.39648 -0.709426 -0.707902 0.339837 -0.547288 -1.57756 -1.02017 -1.13064 -1.99777 -2.63038 -3.03237 -2.8046 -1.87702 -1.49423 -0.5686 0.800583 0.991901 0.947428 1.52104 1.54486 1.55334 1.5702 1.56454 1.55423 1.5318 1.41363 1.15516 0.119744 -0.784023 -2.03933 -2.19968 -0.765469 -0.139945 0.438964
-9999 -9999 -9999 -9999 -9999 -9999 -9999 -9999 -6.93412 -4.82342 -2.51247 -0.348914 1.69777 3.45857 3.59001 4.51623 4.50988 4.99254 4.84731 4.18759 3.47769 2.17216 -0.48337 -2.71755 -5.15374 -4.52008 -1.84374 -1.51492 -2.69421 -4.86684 -2.63749 -0.178084 2.05047 3.2541 2.29948 3.26565 3.17999 2.52293 1.26699 -0.682671 -0.65158 -2.1142 -2.18346 -1.44125 -1.20453 -1.33543 -1.81184 -2.57597 -2.46414 -1.90607 -1.76673 -0.916479 0.144449 1.18169 1.35153 1.54518 1.5486 1.54681 1.55807 1.55517 1.52842 1.46998 1.34658 0.477795 -0.554548 -1.19271 -2.06905 -2.18049 -0.51788 0.134175 0.493899
