Test_Spring_2018/12_17/Temp/20171218_020.txt
ncols	170
nrows	115
xllcorner	350000.000000
yllcorner	4445000.000000
cellsize	1000.000000
nodata_value	-9999.000000
[rows 31 to 61 of 115, columns 70 to 139 of 170]
3.96254 4.58186 4.81126 4.38503 4.43036 5.46619 5.70143 5.6892 5.60667 5.51191 5.02635 4.86578 4.48374 3.80865 3.52733 2.32428 -1.57175 -0.465253 -0.0306591 -1.15788 -0.523502 0.507049 -0.38362 -3.0339 -4.17304 -6.01018 -5.41581 -5.96052 -7.43794 -9999 -9999 -9999 -9999 -9999 -9999 -9999 -9999 -9999 -9999 -9999 -9999 -9999 -9999 -9999 -9999 -9999 -9999 -9999 -9999 -9999 -9999 -9999 -9999 -9999 -9999 -9999 -9999 -9999 -9999 -9999 -9999 -9999 -9999 -9999 -9999 -9999 -9999 -9999 -9999 -9999
4.0756 4.36017 4.33636 3.9259 4.56644 5.15648 4.80995 4.58091 5.55133 5.55421 5.22756 4.45637 4.17511 3.88333 3.70553 2.71531 -0.0676175 -2.57604 -1.22765 -1.1927 -2.11989 -0.447963 -1.32562 -3.62085 -6.86237 -5.09376 -5.54832 -7.83175 -8.3879 -9999 -9999 -9999 -9999 -9999 -9999 -9999 -9999 -9999 -9999 -9999 -9999 -9999 -9999 -9999 -9999 -9999 -9999 -9999 -9999 -9999 -9999 -9999 -9999 -9999 -9999 -9999 -9999 -9999 -9999 -9999 -9999 -9999 -9999 -9999 -9999 -9999 -9999 -9999 -9999 -9999
3.29243 3.99849 3.78468 3.6097 4.56047 4.54316 4.49342 4.84648 5.45124 5.57374 5.44816 5.11345 4.82401 4.51592 3.7299 2.59684 0.215558 -2.64 -3.28542 -1.8835 -1.81321 -1.58501 -2.3847 -3.38987 -4.96432 -3.66757 -3.1613 -4.66171 -6.62529 -7.88603 -9999 -9999 -9999 -9999 -9999 -9999 -9999 -9999 -9999 -9999 -9999 -9999 -9999 -9999 -9999 -9999 -9999 -9999 -9999 -9999 -9999 -9999 -9999 -9999 -9999 -9999 -9999 -9999 -9999 -9999 -9999 -9999 -9999 -9999 -9999 -9999 -9999 -9999 -9999 -9999
2.24146 3.45149 3.12635 2.20901 2.78299 3.21468 4.02374 4.23874 4.36095 5.4951 5.43821 5.38876 4.90869 4.5253 3.88813 2.79777 1.24424 -0.626775 -3.88653 -1.87183 -0.293457 -0.330533 -0.413366 -1.11661 -2.62924 -1.35661 -1.29299 -3.20703 -5.3885 -6.67796 -7.20886 -9999 -9999 -9999 -9999 -9999 -9999 -9999 -9999 -9999 -9999 -9999 -9999 -9999 -9999 -9999 -9999 -9999 -9999 -9999 -9999 -9999 -9999 -9999 -9999 -9999 -9999 -9999 -9999 -9999 -9999 -9999 -9999 -9999 -9999 -9999 -9999 -9999 -9999 -9999
-9999 2.69074 2.37772 1.25667 1.83417 2.60405 3.69543 4.26654 4.69972 5.04113 5.38922 5.35151 4.86017 3.40308 3.1974 3.13699 2.12183 -0.01165 -2.14229 -2.6921 -0.286031 0.404896 0.268013 0.808073 -0.472887 0.137934 -0.107106 -0.780201 -2.87759 -4.79657 -5.59038 -7.16319 -9999 -9999 -9999 -9999 -9999 -9999 -9999 -9999 -9999 -9999 -9999 -9999 -9999 -9999 -9999 -9999 -9999 -9999 -9999 -9999 -9999 -9999 -9999 -9999 -9999 -9999 -9999 -9999 -9999 -9999 -9999 -9999 -9999 -9999 -9999 -9999 -9999 -9999
-9999 -9999 -9999 -9999 0.552884 1.60566 2.47495 3.54299 4.46273 4.92396 5.37204 5.33938 4.35437 3.87401 3.83461 3.17041 1.99802 1.26317 -0.0773773 -1.47413 -0.936716 1.11555 0.207088 1.66224 1.54281 1.81317 0.8463 -0.975315 -3.42046 -4.84413 -5.55397 -6.82784 -9999 -9999 -9999 -9999 -9999 -9999 -9999 -9999 -9999 -9999 -9999 -9999 -9999 -9999 -9999 -9999 -9999 -9999 -9999 -9999 -9999 -9999 -9999 -9999 -9999 -9999 -9999 -9999 -9999 -9999 -9999 -9999 -9999 -9999 -9999 -9999 -9999 -9999
-9999 -9999 -9999 -9999 -9999 1.41436 2.0779 3.4968 4.24046 4.5411 5.26195 5.26682 4.89567 4.61607 4.20883 3.67591 2.79539 1.82359 0.562832 0.44853 1.76214 1.78115 1.51026 1.72863 2.40544 2.23134 0.73947 -1.84191 -3.208 -5.97685 -7.16545 -7.03946 -7.8811 -9999 -9999 -9999 -9999 -9999 -9999 -9999 -9999 -9999 -9999 -9999 -9999 -4.59781 -9999 -9999 -9999 -9999 -9999 -9999 -9999 -9999 -9999 -9999 -9999 -9999 -9999 -9999 -9999 -9999 -9999 -9999 -9999 -9999 -9.59717 -9999 -9999 -9999
-9999 -9999 -9999 -9999 1.27887 2.17033 2.86216 3.75316 3.84862 4.3835 5.21199 5.22741 4.96517 4.66821 3.9966 3.83215 3.33198 2.27653 2.06256 2.49385 2.69395 2.92055 3.06133 2.95258 2.68308 2.334 1.38139 0.182971 -0.619955 -3.15367 -4.43054 -5.65749 -7.51667 -8.9705 -9999 -9999 -9999 -9999 -9999 -9999 -9999 -5.58863 -5.6539 -5.61663 -5.20359 -4.07093 -4.72888 -9999 -9999 -9999 -9999 -9999 -9999 -9999 -9999 -9999 -9999 -9999 -9999 -9999 -9999 -9999 -9999 -9999 -9999 -9999 -8.57956 -10.0446 -9999 -9999
-9999 -9999 -9999 -9999 1.52202 2.45578 2.92426 3.7901 4.28732 4.62261 4.91234 5.18917 5.14656 4.81761 4.31538 4.32124 3.62772 3.25481 2.98917 3.57152 3.68864 3.45861 3.16963 2.91467 2.18812 2.10726 1.88507 1.1261 -0.122508 -1.40933 -3.25886 -5.78386 -8.26025 -10.2572 -9999 -9999 -9999 -9999 -9999 -9999 -5.38372 -4.443 -3.87766 -5.06691 -4.04268 -3.10583 -3.2496 -4.13871 -9999 -9999 -9999 -9999 -9999 -9999 -9999 -9999 -9999 -9999 -9999 -9999 -9999 -9999 -1.63305 -3.13516 -6.17138 -7.72673 -8.65906 -9.991 -9999 -9999
-9999 -9999 -9999 -9999 1.33624 2.43874 3.18723 3.85224 3.96256 4.64785 4.95105 5.10152 5.0876 5.02484 4.93456 4.32965 4.07069 3.15476 4.03536 4.00431 3.78438 2.90686 2.5282 1.02027 0.358772 0.224677 1.49992 0.565296 -1.39108 -3.83796 -6.7739 -6.95704 -7.92787 -9.71239 -9999 -9999 -9999 -9999 -9999 -9999 -5.09527 -4.08941 -3.2489 -3.12271 -4.30433 -2.6432 -2.69271 -3.61368 -3.81832 -3.0531 -2.66254 -2.93778 -2.0234 -1.75368 -2.15921 -1.70696 -9999 -9999 -9999 -9999 -1.42849 -1.36598 -1.31843 -1.9434 -5.26065 -7.52566 -9.55938 -9.7428 -9999 -9999
-9999 -9999 -9999 -9999 2.09494 2.77581 3.12275 3.18333 3.78106 4.38132 4.75364 5.02434 4.97413 4.95543 4.93505 4.72962 4.24901 4.33787 4.30075 4.02109 2.3479 0.394844 1.25003 0.0916809 -2.38565 -0.355929 0.758126 -0.301256 -2.67269 -5.42333 -6.31563 -6.26974 -7.6214 -9.36202 -9999 -9999 -9999 -7.84579 -6.408 -6.28011 -5.85377 -4.51356 -3.49281 -2.72134 -2.1946 -2.20025 -2.74192 -3.64229 -4.62139 -4.2643 -2.48635 -2.04861 -1.67134 -1.39179 -1.76789 -1.5668 -1.09007 -0.842696 -0.790882 -0.900516 -0.924392 -0.884218 -0.939382 -1.52271 -4.4886 -6.18602 -7.26827 -9.44566 -9999 -9999
-9999 -9999 -9999 -9999 1.66883 2.26171 2.74308 3.54028 3.62921 4.13464 4.43928 4.88747 4.9406 4.42707 4.85646 4.80352 4.72565 4.5581 4.31172 2.89927 0.95199 -0.999805 -1.89923 -1.50801 -2.99914 -2.22156 -1.09267 -1.4973 -2.94892 -5.3988 -5.74002 -6.30224 -8.5746 -10.7657 -9999 -9999 -10.6327 -7.87688 -5.93562 -4.93283 -4.61997 -4.58677 -3.30175 -3.19683 -1.81275 -2.12568 -3.94091 -3.7296 -4.43087 -3.96465 -3.30829 -3.12412 -2.1791 -1.27335 -1.09951 -1.09206 -0.787414 -0.7229 -0.704852 -0.710977 -0.914039 -0.819174 -0.803601 -1.16694 -3.31665 -4.36411 -5.51562 -9.41812 -9999 -9999
-9999 -9999 -9999 -9999 1.96973 2.63217 3.35727 3.4793 4.01795 3.96902 3.82529 4.57307 4.85086 4.4891 4.22903 4.71471 4.68289 4.62019 4.51589 3.1885 1.65237 -0.673781 -2.11786 -2.99636 -3.62078 -4.44901 -3.86677 -4.03821 -4.26973 -3.99246 -4.66127 -5.99959 -7.33017 -9.82172 -11.1699 -9999 -10.4848 -9.24012 -6.93208 -4.97007 -3.72331 -4.16731 -2.70668 -2.4321 -1.58303 -2.07062 -3.16908 -3.63783 -3.67356 -3.81232 -2.82448 -2.15556 -1.67945 -1.36321 -0.969819 -0.867664 -0.76563 -0.721818 -0.697345 -0.672984 -0.676746 -0.68342 -0.725956 -0.861962 -1.84985 -2.89327 -5.15401 -9.28919 -9999 -9999
-9999 -9999 -9999 0.0446645 1.89316 3.00088 3.43326 3.74696 4.02408 4.2261 4.44015 4.63806 4.7749 4.72259 3.75931 3.83995 4.01493 4.56424 4.52639 4.40766 3.5685 0.737497 -0.236813 -1.66303 -3.51184 -4.27683 -3.88442 -2.35999 -2.42224 -3.4226 -4.53828 -6.0801 -7.06111 -8.58923 -11.5248 -11.2582 -9.932 -8.94476 -7.37571 -4.97819 -3.29647 -2.54412 -2.25745 -1.66022 -1.34795 -2.01734 -2.65199 -2.91574 -3.41004 -3.47353 -3.46253 -2.86273 -2.38994 -1.35263 -1.00185 -0.839063 -0.755207 -0.709274 -0.675747 -0.643182 -0.631276 -0.650144 -0.648287 -0.655515 -0.725477 -2.11778 -5.60685 -8.23399 -9999 -9999
-9999 -9999 -9999 -9999 1.55191 2.04239 2.17508 2.40299 2.86343 3.39322 4.14358 4.24385 4.65708 4.65894 3.83028 2.87103 3.70943 4.04304 4.38883 4.40043 4.29375 1.91668 0.674381 -0.30243 -2.07485 -1.42456 -0.810094 -0.758045 -1.11954 -3.27043 -5.41281 -7.88165 -10.1911 -10.2983 -11.5399 -10.8777 -10.0012 -7.75369 -6.17145 -5.52859 -5.06591 -2.62794 -1.98925 -1.7662 -1.13728 -1.98116 -2.18695 -2.81835 -2.62077 -2.66889 -2.65747 -4.4196 -2.63343 -2.52235 -1.3603 -0.833878 -0.712346 -0.677667 -0.641495 -0.634575 -0.626828 -0.631339 -0.618941 -0.634508 -0.654933 -1.55998 -5.98107 -8.20188 -9999 -9999
-9999 -9999 -9999 -9999 -9999 -9999 1.71698 2.09294 2.3361 2.75232 4.01727 4.36075 4.58998 4.6127 4.24458 3.29587 3.04665 3.22205 2.29494 3.073 4.13779 4.11392 3.9883 1.89915 0.836954 1.87921 1.56993 0.00255975 -1.22967 -2.44588 -4.95488 -6.788 -9.43535 -11.4229 -11.4951 -9.29541 -7.4678 -5.19369 -4.18941 -4.75849 -4.13799 -2.92432 -1.54632 -0.877025 -1.02791 -1.91765 -2.03351 -3.01091 -2.03462 -1.94354 -2.38568 -2.76691 -2.60086 -2.02234 -1.79843 -0.888781 -0.665764 -0.623231 -0.614359 -0.609255 -0.612193 -0.61669 -0.627729 -0.636849 -0.648987 -0.689022 -5.23367 -8.77067 -9999 -9999
-9999 -9999 -9999 -9999 -9999 -9999 0.843819 1.07536 1.67373 3.20043 4.00363 4.33005 4.32338 4.47566 4.21689 3.38196 2.52436 1.71508 0.671355 1.27075 2.85411 3.789 3.89831 2.06754 3.0308 2.67903 1.98037 -0.0712 -1.58153 -2.3795 -4.78793 -6.8471 -8.60694 -11.039 -9.99439 -8.84475 -7.36921 -4.88791 -3.21352 -2.52443 -3.09872 -2.32216 -0.737084 -0.723162 -1.58185 -1.51893 -2.03591 -3.37427 -1.96425 -1.56137 -1.87091 -1.78025 -1.88769 -1.66816 -1.27439 -0.898305 -0.647516 -0.611186 -0.605117 -0.611957 -0.61159 -0.610463 -0.627685 -0.626045 -0.638319 -0.660703 -3.59378 -8.83814 -9999 -9999
-9999 -9999 -9999 -9999 -9999 -9999 -9999 0.0556977 1.41308 3.43771 3.94553 3.9046 4.32558 4.36504 3.96625 3.61976 2.57823 1.15427 -1.582 -0.882816 0.574886 2.67645 3.78287 3.63805 3.03288 1.97268 -0.600596 -2.85171 -3.11967 -3.48318 -5.23926 -6.82322 -8.7802 -7.64037 -6.39273 -5.02864 -4.31132 -4.49565 -3.06068 -1.89013 -2.38391 -1.43207 -0.321299 -0.817971 -1.10875 -1.35104 -1.95001 -1.97854 -1.90645 -1.10183 -1.64397 -1.29712 -1.27737 -1.28971 -1.09509 -0.872835 -0.640547 -0.600178 -0.597677 -0.592705 -0.618592 -0.608925 -0.621814 -0.634461 -0.645803 -0.664964 -0.929325 -3.75449 -5.44079 -9999
-9999 -9999 -9999 -9999 -9999 -9999 -9999 -1.19088 -0.510921 1.88567 2.63058 3.69156 4.25647 4.28574 3.6105 3.23511 1.68236 1.17943 -1.35163 -2.49585 -1.52044 -1.88995 1.00344 3.5648 3.01681 -2.13945 -4.0031 -5.33051 -4.9818 -4.97253 -5.45717 -8.15936 -8.90224 -6.47167 -4.94054 -3.75413 -2.85406 -2.66523 -2.69483 -0.864977 -0.61927 -0.022002 -0.146981 -0.0868749 -1.00395 -1.56842 -1.05991 -1.62719 -1.71699 -0.886095 -1.68729 -0.946412 -1.02158 -1.23465 -1.24013 -0.752545 -0.650788 -0.596301 -0.591332 -0.609025 -0.632839 -0.646088 -0.630159 -0.637078 -0.663253 -0.660993 -0.685969 -1.02266 -2.4825 -2.99085
-9999 -9999 -9999 -9999 -9999 -9999 -9999 -9999 -2.74067 0.587543 2.11197 2.91407 4.041 4.17977 3.82328 3.17131 1.58945 0.198437 -2.06389 -4.64761 -6.0132 -1.9114 1.6596 3.52574 3.2898 -1.0014 -2.69124 -2.76376 -1.75885 -2.59565 -3.22912 -5.28054 -5.89179 -6.74367 -6.21334 -4.55968 -3.20966 -1.90804 -0.961317 -0.88257 -0.267086 0.089679 0.122646 0.237962 0.135233 0.0532578 -0.827953 -0.204547 -0.718238 -0.432588 -0.602456 -0.755157 -0.882383 -1.38527 -1.01927 -0.695345 -0.609125 -0.581535 -0.598841 -0.602185 -0.615215 -0.64511 -0.657335 -0.659 -0.661394 -0.6768 -0.675731 -0.692235 -0.854069 -1.73109
-9999 -9999 -9999 -9999 -9999 -9999 -9999 -9999 -4.40084 -1.08913 0.510434 2.56565 3.62655 4.05853 4.00418 3.47628 2.2748 0.465524 -1.04136 -3.92571 -6.92039 -2.61501 1.22316 3.2955 3.40991 -0.191253 0.815768 0.0126759 0.345124 -1.13028 -1.73999 -2.21807 -3.27732 -4.43663 -5.70443 -6.37442 -3.34641 -1.79098 -0.53897 0.0523373 0.387683 0.55663 0.471906 0.25102 -1.08745 -0.0565237 -0.102065 -0.196454 -0.305498 -0.354002 -0.451982 -0.56903 -0.631636 -0.651429 -0.984081 -0.595099 -0.601978 -0.594103 -0.590448 -0.599371 -0.617975 -0.634624 -0.655454 -0.653762 -0.665388 -0.677652 -0.685471 -0.690842 -0.699797 -0.74577
-9999 -9999 -9999 -9999 -9999 -9999 -9999 -9999 -9.04738 -4.23209 -0.357139 1.6656 3.31327 3.76733 3.93812 3.22936 2.69956 1.4032 0.175789 -1.71852 -4.55658 -6.30272 -3.07728 1.60871 3.34221 3.21728 3.11494 2.18521 1.34793 1.24711 1.31589 0.343098 -1.07993 -2.94495 -3.52384 -4.17672 -1.92087 -1.61366 -1.77692 0.703256 0.710872 0.572445 -0.372816 -1.4284 -1.22202 -1.87034 -1.35822 -2.13458 -1.40685 -0.776644 -0.536531 -0.548409 -0.620079 -0.623159 -0.655377 -0.587025 -0.584738 -0.592859 -0.599238 -0.602515 -0.611232 -0.639905 -0.656364 -0.646111 -0.663438 -0.677487 -0.689273 -0.691859 -0.69545 -0.729039
-9999 -9999 -9999 -9999 -9999 -9999 -9999 -9999 -8.83867 -4.78566 -1.34994 0.71352 2.69539 3.15705 3.82703 3.68479 3.1299 2.00339 0.59564 -0.962943 -3.39736 -5.20573 -3.04841 0.0656416 2.29588 3.10377 3.10356 3.05537 2.84917 2.7701 2.52876 2.36154 1.33979 -0.419955 -1.41475 -2.87208 -0.358102 -0.0747245 -0.466247 0.789215 0.728233 -1.16551 -2.62045 -2.79852 -1.90198 -2.74268 -2.88299 -3.40014 -2.79812 -1.19606 -1.65373 -1.55488 -0.820761 -0.696231 -0.618336 -0.593824 -0.595595 -0.596479 -0.60686 -0.6037 -0.601113 -0.629058 -0.642021 -0.648418 -0.675757 -0.677628 -0.695724 -0.710525 -0.72009 -0.737297
-9999 -9999 -9999 -9999 -9999 -9999 -9999 -9999 -8.75573 -6.02896 -2.93695 0.0991101 2.21533 3.0703 3.69318 3.68849 3.04331 2.48429 1.60257 0.231679 -0.707733 -2.34002 -4.58081 -0.815535 0.344311 1.38378 1.82489 2.90325 2.8821 2.39526 1.83382 2.36739 2.21719 0.823253 0.366286 -0.407186 0.991849 0.996691 0.959461 0.886222 -0.713691 -2.9379 -4.71472 -3.43051 -3.69403 -3.09793 -4.91111 -3.40532 -2.1926 -1.7946 -2.60465 -3.20654 -1.31515 -1.0019 -0.812256 -0.689747 -0.608558 -0.624786 -0.603531 -0.613071 -0.617515 -0.622861 -0.638504 -0.64789 -0.663821 -0.679978 -0.692048 -0.704801 -0.724671 -0.750201
-9999 -9999 -9999 -9999 -9999 -9999 -9999 -9999 -9999 -7.63452 -3.71443 -0.215912 1.73288 2.95915 3.55751 3.54863 3.21965 2.84065 2.29464 1.30624 0.0643556 -1.89913 -3.35568 -2.42568 -1.28873 -1.15129 -0.394743 1.79042 2.53995 1.48873 -1.11334 0.434077 2.15536 2.13012 1.98585 1.82394 1.61548 1.42802 1.01584 -0.0909403 -3.48513 -4.15046 -5.47972 -5.32477 -6.00418 -4.50295 -5.05275 -3.51341 -2.8428 -2.5858 -3.99769 -3.68602 -2.01793 -1.35365 -1.45878 -1.05015 -0.659533 -0.64409 -0.63075 -0.63894 -0.629205 -0.625028 -0.630567 -0.648027 -0.660052 -0.66857 -0.695483 -0.693317 -0.818041 -0.898158
-9999 -9999 -9999 -9999 -9999 -9999 -9999 -9999 -9999 -8.41342 -4.50294 -0.383378 0.941055 2.2629 3.40389 3.42814 2.92455 2.44571 1.95251 1.39088 -0.115933 -1.57676 -2.97102 -3.43673 -3.15164 -3.1607 -1.93995 0.905121 1.45944 1.22901 -1.48521 -2.40472 -0.106302 1.82555 1.97984 1.8071 -0.461132 0.0244586 -1.19818 -2.85698 -3.31163 -4.03584 -5.569 -4.82591 -5.94726 -5.46039 -5.57698 -4.701 -4.27095 -3.22981 -4.45998 -4.44279 -2.80546 -1.97574 -1.95082 -1.08098 -0.768771 -0.684839 -0.66188 -0.645074 -0.639473 -0.62423 -0.630739 -0.642081 -0.65753 -0.697366 -0.794231 -1.09212 -2.73541 -2.73129
-9999 -9999 -9999 -9999 -9999 -9999 -9999 -9999 -9999 -7.96407 -5.24958 -1.59395 1.11445 1.28696 2.60473 3.28596 2.73829 2.12138 1.49024 1.21573 -0.424363 -2.22597 -3.68084 -5.40325 -5.1156 -3.87302 -1.83307 0.00593409 0.338045 -0.037354 -1.48609 -0.792662 0.775701 1.60963 1.85722 1.66657 1.17434 0.890834 -0.00879448 -0.397284 -1.64727 -3.60293 -4.37117 -3.87909 -5.95445 -5.80494 -5.03155 -5.83519 -4.48346 -3.83378 -5.42446 -4.14818 -2.69707 -1.95318 -1.30254 -0.992734 -0.867334 -0.677225 -0.669593 -0.651499 -0.640869 -0.641772 -0.640216 -0.669013 -0.692646 -0.865612 -1.12135 -2.65114 -3.28576 -3.15866
-9999 -9999 -9999 -9999 -9999 -9999 -9999 -9999 -9999 -7.50456 -5.06033 -1.89032 0.0414638 0.389115 1.85028 3.14973 3.00706 2.36521 2.17136 1.50622 0.115638 -1.42042 -3.09944 -3.91402 -5.79058 -3.93646 -2.45875 -0.901068 -0.170363 -1.3578 -1.95743 -0.886747 0.177514 0.604162 1.67868 1.67097 1.32402 -0.179744 -0.911737 -0.598742 -0.911549 -1.46118 -2.80612 -2.8627 -3.72495 -4.07961 -4.4141 -5.50184 -4.79492 -4.71972 -4.52642 -2.99472 -2.23757 -1.7343 -1.27644 -1.15363 -0.952926 -0.693796 -0.668548 -0.656978 -0.656035 -0.649391 -0.666568 -0.737899 -0.797866 -1.14728 -1.76693 -2.92439 -4.79909 -3.47322
-9999 -9999 -9999 -9999 -9999 -9999 -9999 -9999 -9999 -7.92308 -5.32682 -2.61716 -1.48278 -1.2881 1.35449 2.97342 2.97851 2.67547 2.32118 0.674631 0.773981 0.44686 -1.06754 -3.27459 -5.6987 -5.46785 -4.01191 -1.9527 -1.27013 -3.2419 -3.94013 -3.42107 -1.81337 -0.374087 1.12849 1.51203 1.07447 -1.26757 -3.75655 -2.59828 -1.3607 -1.36454 -1.72359 -2.97042 -3.36375 -3.71922 -4.62729 -6.16328 -5.92792 -5.49371 -3.75773 -3.20722 -2.35917 -1.65435 -1.91489 -1.75685 -1.08318 -0.695564 -0.678428 -0.669217 -0.654461 -0.661437 -0.682734 -0.826275 -0.978471 -1.23494 -2.85292 -3.85845 -5.32405 -3.61414
-9999 -9999 -9999 -9999 -9999 -9999 -9999 -9999 -9999 -8.72841 -6.84356 -4.25353 -3.20815 -1.54237 0.955035 2.18455 2.77513 2.76452 2.52918 1.79322 1.35179 0.479569 -1.09603 -3.25135 -5.64742 -7.20615 -6.40916 -3.63424 -2.97167 -4.79509 -5.723 -4.56053 -2.84747 -0.312411 1.13708 1.33503 1.20673 0.725824 -1.09062 -3.28569 -3.27534 -2.16997 -3.08904 -4.15757 -3.56432 -3.66958 -4.56628 -5.21726 -5.60395 -5.35159 -4.35673 -3.94566 -2.96684 -1.52422 -1.31456 -1.35206 -0.743203 -0.710071 -0.693365 -0.668207 -0.666878 -0.670606 -0.687144 -0.803909 -1.06747 -2.144 -3.08263 -4.38899 -4.54937 -3.02865
-9999 -9999 -9999 -9999 -9999 -9999 -9999 -9999 -9999 -10.1131 -7.89605 -5.46962 -3.1976 -1.04802 0.802299 0.947527 1.92445 1.92556 2.43853 2.29463 1.61259 0.878318 -0.478936 -3.24857 -5.57698 -8.11651 -7.44339 -4.61778 -4.23256 -5.45618 -7.71946 -5.37658 -2.79324 -0.451752 0.816936 -0.173079 0.846727 0.765747 0.0868011 -1.21879 -3.25019 -3.20865 -4.72993 -4.79282 -4.00623 -3.74826 -3.87467 -4.36237 -5.13913 -4.99697 -4.38923 -4.23317 -3.33346 -2.21364 -1.11897 -0.932388 -0.721265 -0.709571 -0.703671 -0.684398 -0.680179 -0.701098 -0.755287 -0.877517 -1.77975 -2.8531 -3.5139 -4.42384 -4.53325 -2.78349
