Test_Spring_2018/12_17/Temp/20171216_019.txt
ncols	170
nrows	115
xllcorner	350000.000000
yllcorner	4445000.000000
cellsize	1000.000000
nodata_value	-9999.000000
[rows 32 to 63 of 115, columns 72 to 143 of 170]
11.2088 10.8916 11.3947 11.8584 11.5835 11.4009 12.1595 12.1642 11.9118 11.3125 11.0957 10.8707 10.7348 9.96472 7.79506 5.8396 6.89483 6.92454 6.20293 7.51008 6.82663 5.03629 2.50698 3.88862 3.53456 1.74388 1.30452 -9999 -9999 -9999 -9999 -9999 -9999 -9999 -9999 -9999 -9999 -9999 -9999 -9999 -9999 -9999 -9999 -9999 -9999 -9999 -9999 -9999 -9999 -9999 -9999 -9999 -9999 -9999 -9999 -9999 -9999 -9999 -9999 -9999 -9999 -9999 -9999 -9999 -9999 -9999 -9999 -9999 -9999 -9999 -9999 -9999
10.7774 10.644 11.3894 11.3789 11.3362 11.6075 12.0806 12.1787 12.0832 11.8245 11.6013 11.3636 10.7528 9.87107 8.01491 5.78842 5.28716 6.384 6.44112 6.6213 5.99881 5.21568 3.98792 5.00136 5.39755 4.22292 2.68009 1.69048 -9999 -9999 -9999 -9999 -9999 -9999 -9999 -9999 -9999 -9999 -9999 -9999 -9999 -9999 -9999 -9999 -9999 -9999 -9999 -9999 -9999 -9999 -9999 -9999 -9999 -9999 -9999 -9999 -9999 -9999 -9999 -9999 -9999 -9999 -9999 -9999 -9999 -9999 -9999 -9999 -9999 -9999 -9999 -9999
10.2628 9.54997 10.0012 10.3412 10.963 11.131 11.2287 12.1165 12.0746 12.0386 11.6665 11.3699 10.8753 10.0269 8.81689 7.35898 4.81685 6.39209 7.62654 7.59969 7.53689 6.98956 5.81014 6.80487 6.8556 5.35228 3.63885 2.63329 2.22003 -9999 -9999 -9999 -9999 -9999 -9999 -9999 -9999 -9999 -9999 -9999 -9999 -9999 -9999 -9999 -9999 -9999 -9999 -9999 -9999 -9999 -9999 -9999 -9999 -9999 -9999 -9999 -9999 -9999 -9999 -9999 -9999 -9999 -9999 -9999 -9999 -9999 -9999 -9999 -9999 -9999 -9999 -9999
9.67797 8.80604 9.25996 9.86397 10.712 11.1531 11.4926 11.7615 12.0356 12.0087 11.6278 10.493 10.3352 10.2908 9.50109 7.8383 6.17765 5.75094 7.63159 8.17311 8.06818 8.49148 7.49298 7.9711 7.78092 7.24985 5.60427 4.10168 3.4832 2.25676 -9999 -9999 -9999 -9999 -9999 -9999 -9999 -9999 -9999 -9999 -9999 -9999 -9999 -9999 -9999 -9999 -9999 -9999 -9999 -9999 -9999 -9999 -9999 -9999 -9999 -9999 -9999 -9999 -9999 -9999 -9999 -9999 -9999 -9999 -9999 -9999 -9999 -9999 -9999 -9999 -9999 -9999
-9999 -9999 8.25931 9.07752 9.75759 10.5878 11.307 11.6694 12.0216 11.9985 11.2322 10.8598 10.8318 10.3161 9.4037 8.83281 7.78899 6.70118 7.12311 8.72742 8.02019 9.15789 9.06614 9.27846 8.52475 7.09142 5.18026 4.06422 3.51123 2.5181 -9999 -9999 -9999 -9999 -9999 -9999 -9999 -9999 -9999 -9999 -9999 -9999 -9999 -9999 -9999 -9999 -9999 -9999 -9999 -9999 -9999 -9999 -9999 -9999 -9999 -9999 -9999 -9999 -9999 -9999 -9999 -9999 -9999 -9999 -9999 -9999 -9999 -9999 -9999 -9999 -9999 -9999
-9999 -9999 -9999 8.92782 9.44715 10.5571 11.1331 11.37 11.935 11.9412 11.654 11.4384 11.1233 10.7101 10.0256 9.26979 8.28835 8.20177 9.2297 9.24679 9.0373 9.2095 9.7393 9.60459 8.43458 6.41467 5.34883 3.1796 2.25274 2.35232 1.69675 -9999 -9999 -9999 -9999 -9999 -9999 -9999 -9999 -9999 -9999 -9999 -9999 4.29468 -9999 -9999 -9999 -9999 -9999 -9999 -9999 -9999 -9999 -9999 -9999 -9999 -9999 -9999 -9999 -9999 -9999 -9999 -9999 -9999 0.456868 -9999 -9999 -9999 -9999 -9999 -9999 -9999
-9999 -9999 8.82557 9.51681 10.059 10.7566 10.8279 11.2464 11.8954 11.9098 11.7076 11.4785 10.957 10.8315 10.444 9.62307 9.45891 9.79834 9.95709 10.1363 10.2482 10.165 9.95594 9.68451 8.93033 7.9952 7.36877 5.38858 4.38719 3.43044 1.98041 0.847125 -9999 -9999 -9999 -9999 -9999 -9999 -9999 3.50906 3.46121 3.49329 3.81857 4.70546 4.19433 -9999 -9999 -9999 -9999 -9999 -9999 -9999 -9999 -9999 -9999 -9999 -9999 -9999 -9999 -9999 -9999 -9999 -9999 -9999 1.24925 0.110815 -9999 -9999 -9999 -9999 -9999 -9999
-9999 -9999 9.00868 9.7396 10.1072 10.785 11.175 11.4327 11.6609 11.8793 11.8486 11.5945 11.2053 11.2129 10.6746 10.3866 10.1823 10.6397 10.7338 10.5566 10.333 10.1355 9.56961 9.5074 9.32367 8.73132 7.75668 6.75224 5.30121 3.33094 1.39894 -0.158454 -9999 -9999 -9999 -9999 -9999 -9999 3.66522 4.40286 4.84737 3.92201 4.72442 5.45838 5.34852 4.64886 -9999 -9999 -9999 -9999 -9999 -9999 -9999 -9999 -9999 -9999 -9999 -9999 -9999 -9999 6.64876 5.48132 3.11641 1.90761 1.18519 0.150778 -9999 -9999 -9999 -9999 -9999 -9999
-9999 -9999 8.86399 9.72638 10.3123 10.8331 10.9208 11.4566 11.6906 11.8103 11.802 11.7558 11.6883 11.2192 11.0203 10.3085 10.9992 10.9779 10.809 10.1263 9.83269 8.65706 8.14176 8.02779 9.02328 8.29345 6.76592 4.85554 2.55838 2.41413 1.65726 0.265593 -9999 -9999 -9999 -9999 -9999 -9999 3.88973 4.67836 5.3378 5.4394 4.5198 5.81912 5.77548 5.05847 4.90049 5.4995 5.80596 5.58721 6.30509 6.51793 6.20382 6.5596 -9999 -9999 -9999 -9999 6.79581 6.84946 6.89173 6.4092 3.82508 2.06248 0.480427 0.340945 -9999 -9999 -9999 -9999 -9999 -9999
-9999 -9999 9.45675 9.98971 10.2619 10.3105 10.7785 11.2477 11.536 11.7478 11.7113 11.6997 11.6871 11.5301 11.1584 11.2313 11.2057 10.9905 9.68719 8.16495 8.83452 7.93273 5.99599 7.57528 8.44456 7.61695 5.765 3.61708 2.91512 2.9496 1.89523 0.536512 -9999 -9999 -9999 1.73052 2.85637 2.95979 3.29625 4.34606 5.14632 5.75244 6.16651 6.15953 5.73716 5.03597 4.2731 4.55318 5.94236 6.28529 6.57818 6.79837 6.50696 6.66544 7.04056 7.23701 7.2812 7.19978 7.18571 7.222 7.18417 6.73425 4.42556 3.10624 2.26716 0.575523 -9999 -9999 -9999 -9999 -9999 -9999
-9999 -9999 9.12444 9.58855 9.96552 10.5863 10.657 11.0531 11.2917 11.6405 11.6848 11.287 11.6256 11.5879 11.5308 11.4037 11.2149 10.1156 8.59837 7.07714 6.37693 6.6807 5.51722 6.11934 7 6.68327 5.54638 3.63307 3.36613 2.92277 1.14849 -0.560647 -9999 -9999 -0.449502 1.70515 3.22422 4.01084 4.25891 4.28856 5.29526 5.38042 6.46379 6.21758 4.80105 4.96756 4.42144 4.78636 5.29775 5.44256 6.17695 6.88764 7.02544 7.03366 7.27426 7.32785 7.34563 7.34502 7.19113 7.27024 7.28779 7.0098 5.33744 4.52561 3.63088 0.594123 -9999 -9999 -9999 -9999 -9999 -9999
-9999 -9999 9.35733 9.87541 10.4424 10.5387 10.9604 10.9231 10.8116 11.3974 11.6144 11.3352 11.1357 11.5187 11.4978 11.4528 11.3751 10.3424 9.14617 7.33272 6.20725 5.52007 5.03293 4.37854 4.83209 4.69714 4.51527 4.73071 4.20708 3.1578 2.11955 0.174943 -0.875612 -9999 -0.335298 0.639871 2.44547 3.98113 4.95845 4.61577 5.7597 5.97738 6.63945 6.26095 5.40383 5.0371 5.01026 4.90284 5.67481 6.19735 6.5656 6.81403 7.1246 7.20655 7.28882 7.32614 7.3489 7.37211 7.37388 7.37385 7.3462 7.24587 6.48068 5.6707 3.91185 0.693443 -9999 -9999 -9999 -9999 -9999 -9999
-9999 7.85837 9.29816 10.1636 10.5018 10.7474 10.9647 11.1237 11.2914 11.4474 11.5568 11.5173 10.7691 10.8361 10.9768 11.4098 11.3842 11.2951 10.6431 8.43555 7.6748 6.55949 5.11602 4.51383 4.81879 6.00731 5.95719 5.17485 4.30275 3.09477 2.32826 1.13635 -1.15394 -0.943319 0.0951402 0.869492 2.0984 3.97426 5.29135 5.88278 6.11039 6.57719 6.8235 6.30089 5.80572 5.60086 5.21576 5.16679 5.17587 5.64459 6.01041 6.8208 7.09633 7.2268 7.29475 7.33364 7.36343 7.39308 7.40716 7.39773 7.40489 7.40526 7.35558 6.27482 3.55897 1.51777 -9999 -9999 -9999 -9999 -9999 -9999
-9999 -9999 9.03229 9.41558 9.5196 9.69808 10.0583 10.473 11.0594 11.1396 11.4647 11.4689 10.8246 10.08 10.7388 11.0036 11.2777 11.2904 11.2103 9.35407 8.38521 7.62285 6.23875 6.74124 7.21919 7.25793 6.97385 5.29302 3.61912 1.68739 -0.115414 -0.198233 -1.16657 -0.647329 0.0401809 1.79855 3.03793 3.5442 3.90984 5.81731 6.31789 6.49353 6.98668 6.32959 6.16907 5.67697 5.83174 5.7945 5.80364 4.42823 5.81928 5.90711 6.81575 7.2281 7.32637 7.35641 7.38825 7.39791 7.40881 7.41069 7.42621 7.41929 7.4108 6.71079 3.26593 1.54195 -9999 -9999 -9999 -9999 -9999 -9999
-9999 -9999 -9999 -9999 9.16198 9.45588 9.64635 9.97226 10.9603 11.2305 11.412 11.4328 11.149 10.4119 10.2219 10.3633 9.64383 10.2543 11.0876 11.0706 10.9734 9.34248 8.50902 9.32094 9.07748 7.85174 6.88764 5.93622 3.97588 2.5404 0.473726 -1.07711 -1.13186 0.587705 2.01727 3.79651 4.58486 4.14518 4.63415 5.58414 6.6631 7.18826 7.07258 6.37956 6.28913 5.52674 6.28921 6.36043 6.01528 5.71767 5.84392 6.29651 6.47266 7.18462 7.36111 7.39752 7.40805 7.41631 7.41893 7.4209 7.41828 7.41749 7.41457 7.38995 3.84875 1.09729 -9999 -9999 -9999 -9999 -9999 -9999
-9999 -9999 -9999 -9999 8.48029 8.66136 9.12906 10.3218 10.9495 11.2063 11.2037 11.3257 11.1274 10.4798 9.8146 9.1874 8.3766 8.84785 10.0864 10.8178 10.9038 9.47452 10.2222 9.94566 9.39806 7.79416 6.6128 5.98773 4.10578 2.49381 1.11993 -0.777968 0.0391283 0.939031 2.09414 4.03501 5.34658 5.88906 5.4447 6.05468 7.2953 7.3088 6.64051 6.6911 6.28745 5.24315 6.34408 6.65857 6.4168 6.48744 6.40019 6.57245 6.88114 7.17652 7.37468 7.40605 7.41451 7.41347 7.4187 7.42512 7.41771 7.42538 7.42241 7.41163 5.12857 1.04425 -9999 -9999 -9999 -9999 -9999 -9999
-9999 -9999 -9999 -9999 -9999 7.86523 8.92547 10.507 10.904 10.8741 11.2054 11.2395 10.9319 10.6656 9.85696 8.74986 6.61786 7.167 8.3074 9.94953 10.8139 10.7007 10.2239 9.39429 7.3832 5.62349 5.41196 5.12604 3.75333 2.51236 0.984592 1.87517 2.85075 3.9181 4.48133 4.34137 5.46603 6.38429 6.003 6.7498 7.62013 7.235 7.01 6.82228 6.35458 6.33275 6.38917 7.01724 6.59385 6.86446 6.8765 6.86775 7.02098 7.19629 7.38002 7.41457 7.42021 7.42842 7.41317 7.42625 7.42222 7.41874 7.41649 7.40823 7.20851 5.01273 3.703 -9999 -9999 -9999 -9999 -9999
-9999 -9999 -9999 -9999 -9999 6.89196 7.42344 9.29539 9.8776 10.708 11.1517 11.1778 10.6544 10.3652 9.15752 8.76947 6.79775 5.90748 6.67134 6.38439 8.64377 10.6431 10.211 6.18384 4.72682 3.68829 3.95827 3.96346 3.58342 1.46956 0.88966 2.78792 3.98487 4.91354 5.61944 5.77049 5.75187 7.18485 7.38066 7.85061 7.7562 7.8057 7.09175 6.65251 7.04937 6.60698 6.53707 7.1857 6.56014 7.13842 7.0764 6.91102 6.90812 7.29063 7.37251 7.41812 7.42572 7.41623 7.40254 7.39776 7.41616 7.41709 7.4032 7.4116 7.39871 7.14555 6.01256 5.62197 6.0722 -9999 -9999 -9999
-9999 -9999 -9999 -9999 -9999 -9999 5.68277 8.28212 9.47294 10.1013 10.9838 11.0954 10.8192 10.3149 9.08467 8.00322 6.24118 4.22768 3.1631 6.3667 9.15509 10.6118 10.4233 7.07166 5.75052 5.69184 6.47431 5.81924 5.32324 3.71748 3.24049 2.57641 2.99215 4.28457 5.34163 6.36194 7.1054 7.17125 7.65592 7.93759 7.96643 8.05899 7.98078 7.91822 7.23025 7.71747 7.31675 7.53987 7.40732 7.28818 7.18558 6.7941 7.08134 7.3362 7.40604 7.43075 7.42096 7.42266 7.41736 7.39937 7.39589 7.4008 7.40536 7.39985 7.40717 7.40395 7.28418 6.60573 5.69465 4.54136 -9999 -9999
-9999 -9999 -9999 -9999 -9999 -9999 4.38675 6.97339 8.22295 9.82966 10.6592 10.9983 10.9601 10.5525 9.61906 8.21092 7.03847 4.79016 2.45507 5.81742 8.813 10.4309 10.5196 7.70321 8.48769 7.85901 8.11685 6.96358 6.48642 6.10899 5.28247 4.37854 3.3889 2.86785 5.23539 6.45371 7.43532 7.90115 8.16698 8.30257 8.23876 8.06867 7.0258 7.8321 7.79659 7.72361 7.63897 7.60144 7.52524 7.43418 7.38208 7.36794 7.10994 7.41486 7.41314 7.42248 7.42908 7.42641 7.41669 7.40895 7.39831 7.40494 7.40324 7.40002 7.40027 7.40572 7.40518 7.37543 7.20098 5.64938 4.72435 4.47124
-9999 -9999 -9999 -9999 -9999 -9999 0.759379 4.51997 7.54386 9.12554 10.4122 10.7706 10.908 10.359 9.94972 8.9418 7.98734 6.51177 4.29888 2.93775 5.45597 9.11457 10.4655 10.363 10.2818 9.55468 8.89976 8.81994 8.87282 8.10929 6.99621 5.54191 5.0907 4.58416 6.34878 6.5925 6.46909 8.40927 8.41908 8.31457 7.57982 6.75709 6.92021 6.41559 6.81554 6.21039 6.77921 7.27178 7.45978 7.45112 7.39201 7.3898 7.36671 7.42378 7.42837 7.42531 7.4241 7.42582 7.42375 7.40651 7.39914 7.41288 7.40448 7.39944 7.39816 7.40579 7.40931 7.38913 7.3715 7.1394 6.78647 6.10753
-9999 -9999 -9999 -9999 -9999 -9999 0.920003 4.08458 6.76892 8.37897 9.92948 10.2936 10.8206 10.7136 10.2845 9.40895 8.31353 7.09992 5.20207 3.79236 5.47791 7.90824 9.6494 10.275 10.2721 10.2336 10.0717 10.0061 9.81735 9.6827 8.8862 7.51191 6.73788 5.60326 7.56924 7.79416 7.49236 8.47626 8.43234 6.9574 5.82466 5.68832 6.38861 5.73396 5.62458 5.22216 5.69311 6.94465 6.58696 6.66501 7.23482 7.33393 7.39856 7.42025 7.42181 7.4245 7.42021 7.42692 7.4336 7.41682 7.41204 7.41261 7.397 7.40043 7.39212 7.39029 7.39093 7.38345 7.36787 7.30719 7.23857 7.3254
-9999 -9999 -9999 -9999 -9999 -9999 0.98389 3.11384 5.52997 7.89882 9.55412 10.2251 10.7151 10.7154 10.2155 9.78278 9.09783 8.03063 7.29981 6.0276 4.27985 7.22026 8.12431 8.9309 9.2719 10.1129 10.0956 9.71505 9.2707 9.68804 9.56918 8.48305 8.12886 7.52801 8.62346 8.63077 8.60534 8.55179 7.30632 5.57326 4.18917 5.19434 4.99092 5.45589 4.04075 5.21653 6.1642 6.47581 5.84522 5.37655 6.8498 7.09829 7.24877 7.34715 7.41363 7.40443 7.42488 7.42167 7.4228 7.42354 7.41653 7.41461 7.40773 7.40077 7.39602 7.39585 7.38633 7.37111 7.37727 7.35187 7.34505 7.34055
-9999 -9999 -9999 -9999 -9999 -9999 -9999 1.85935 4.91718 7.65116 9.17568 10.1364 10.6071 10.6039 10.3507 10.0582 9.63516 8.86635 7.89924 6.36836 5.23275 5.95977 6.84551 6.94776 7.53805 9.24354 9.82838 9.00763 6.97115 8.17635 9.52162 9.50393 9.39375 9.27018 9.11054 8.96756 8.64924 7.78868 5.14234 4.62593 3.59109 3.7146 3.18645 4.35759 3.92872 5.13178 5.65654 5.85839 4.75747 4.99653 6.30289 6.82384 6.74442 7.06637 7.37567 7.3913 7.40561 7.40345 7.41559 7.42368 7.42442 7.41485 7.41082 7.40964 7.39296 7.40475 7.31331 7.25661 7.13427 7.30262 7.32565 7.343
-9999 -9999 -9999 -9999 -9999 -9999 -9999 1.24551 4.30074 7.51949 8.55649 9.59168 10.4858 10.5082 10.1185 9.74795 9.36596 8.93024 7.75631 6.61789 5.53106 5.16874 5.39221 5.37754 6.33063 8.55172 8.98459 8.805 6.67684 5.96032 7.75627 9.26645 9.38933 9.25723 7.48953 7.87178 6.92057 5.62888 5.27711 4.71476 3.52068 4.10333 3.23024 3.61236 3.51882 4.20427 4.54152 5.3558 4.39703 4.40624 5.68901 6.33934 6.36164 7.04379 7.2909 7.3601 7.38197 7.39932 7.40818 7.42481 7.42467 7.42093 7.41413 7.38839 7.31821 7.08989 5.8176 5.82661 6.18612 6.52685 7.1419 7.32032
-9999 -9999 -9999 -9999 -9999 -9999 -9999 1.59525 3.71683 6.57336 8.69066 8.82847 9.86045 10.3955 9.97123 9.49275 9.00298 8.79135 7.51339 6.10902 4.97502 3.63185 3.85758 4.82855 6.4129 7.84898 8.10876 7.81635 6.67584 7.21865 8.44481 9.09795 9.29367 9.14753 8.76617 8.5479 7.84871 7.54855 6.57579 5.05203 4.45506 4.84176 3.22398 3.34286 3.94857 3.31841 4.37542 4.88437 3.64442 4.63895 5.77438 6.35791 6.86885 7.11396 7.21535 7.36751 7.37746 7.39582 7.40859 7.41257 7.41866 7.40122 7.38795 7.25821 7.06394 5.87512 5.38904 5.49404 6.0541 6.54552 7.06179 7.27635
-9999 -9999 -9999 -9999 -9999 -9999 -9999 1.9528 3.8634 6.34078 7.85171 8.12612 9.26989 10.2874 10.1792 9.68111 9.53262 9.01602 7.93287 6.73588 5.42704 4.79276 3.32922 4.77786 5.92325 7.14007 7.71133 6.77413 6.30742 7.1449 7.97763 8.31287 9.15413 9.15076 8.88274 7.71177 7.14335 7.39071 7.14948 6.72328 5.67609 5.63451 4.96381 4.68921 4.43019 3.57816 4.13201 4.1927 4.34759 5.53979 6.13367 6.52952 6.89013 6.98938 7.14965 7.35576 7.37952 7.39281 7.39801 7.40785 7.39928 7.3486 7.30692 7.03939 6.561 5.66282 4.2087 5.24954 6.33769 6.66866 6.99159 7.16188
-9999 -9999 -9999 -9999 -9999 -9999 -9999 1.62482 3.65409 5.77203 6.66039 6.81527 8.8812 10.148 10.155 9.92135 9.64757 8.36482 8.44482 8.19168 7.01147 5.29033 3.39955 3.5812 4.71357 6.31819 6.85214 5.30251 4.759 5.16598 6.42304 7.54884 8.72427 9.0263 8.68749 6.86205 4.92196 5.82911 6.79814 6.79799 6.52044 5.54971 5.24514 4.96999 4.26333 3.06514 3.24718 3.58832 4.94154 5.37413 6.03912 6.59246 6.39236 6.51921 7.0488 7.35528 7.37274 7.38422 7.40021 7.39943 7.38763 7.28056 7.16687 6.9719 5.71416 4.93459 3.80085 5.14056 5.88446 6.28681 6.99542 7.16965
-9999 -9999 -9999 -9999 -9999 -9999 -9999 0.994827 2.46869 4.49319 5.31198 6.61518 8.56768 9.53042 9.99438 9.98896 9.80801 9.23613 8.89402 8.21543 6.98756 5.30694 3.43822 2.223 2.84668 5.0045 5.51765 4.08915 3.36646 4.27582 5.61519 7.59644 8.73043 8.88756 8.79014 8.41755 7.00243 5.29176 5.30273 6.16847 5.45376 4.62226 5.08793 5.00818 4.31049 3.80454 3.49967 3.70096 4.47387 4.79772 5.56492 6.69433 6.86138 6.83566 7.31472 7.34452 7.36169 7.38565 7.39119 7.39296 7.38489 7.29874 7.09814 6.26302 5.53565 4.5213 4.40161 5.5986 6.12528 6.61552 6.96655 7.08551
-9999 -9999 -9999 -9999 -9999 -9999 -9999 -0.0874817 1.64566 3.54237 5.31866 6.99947 8.44673 8.56296 9.32846 9.33217 9.73539 9.62573 9.09584 8.52503 7.46771 5.30765 3.49187 1.51114 2.03825 4.24013 4.52571 3.57215 1.80709 3.638 5.65679 7.48695 8.47979 7.70952 8.50835 8.44795 7.92081 6.90449 5.32157 5.35685 4.17205 4.12565 4.7423 4.94618 4.84989 4.47148 3.86624 3.9775 4.44832 4.57319 5.27869 6.15617 7.01416 7.16343 7.33203 7.34514 7.35391 7.37331 7.38114 7.36953 7.33212 7.24175 6.54263 5.71005 5.19966 4.49486 4.41507 5.79177 6.34722 6.65811 6.96222 7.08629
-9999 -9999 -9999 -9999 -9999 -9999 -9999 -9999 1.46517 3.42444 4.87546 5.26963 6.55652 7.25356 7.79398 7.91736 9.45072 9.5395 9.20518 8.68122 7.78009 6.142 5.00182 3.10208 1.7376 2.30188 2.5635 3.0703 2.92604 3.74482 5.68488 7.70603 7.93044 6.65371 6.8481 7.12095 7.72667 7.42691 5.2682 4.17406 3.26683 3.92044 4.6078 4.7783 4.81684 4.69081 4.54735 4.28965 5.2078 5.88874 6.05123 6.64571 7.08619 7.21221 7.30866 7.32591 7.34337 7.34968 7.33055 7.3184 7.21561 6.97757 6.19482 4.30355 4.39854 4.19971 3.61587 4.95878 5.81426 6.57449 6.98152 7.09145
-9999 -9999 -9999 -9999 -9999 -9999 -9999 -9999 0.811162 3.07728 3.55962 3.5288 2.78474 3.13408 5.91447 6.47801 7.94873 9.34151 9.24399 8.73004 7.88719 6.91325 5.403 3.26592 1.56854 0.851561 2.68554 4.48464 4.85978 5.43776 6.62809 6.8577 5.55258 4.32909 5.0231 5.44309 7.03022 7.32398 7.02153 5.72299 4.23761 3.46483 4.38874 4.51692 4.57748 4.59383 4.57133 4.54001 5.57438 6.14938 6.55005 6.77089 7.14989 7.25132 7.28789 7.32269 7.32204 7.30893 7.25619 7.19541 6.90666 6.55583 5.26968 4.19849 3.53294 2.68643 4.61513 5.19369 5.99544 6.51464 6.91946 7.01319
