Test_Spring_2018/12_17/Temp/20171212_020.txt
ncols	170
nrows	115
xllcorner	350000.000000
yllcorner	4445000.000000
cellsize	1000.000000
nodata_value	-9999.000000
[rows 32 to 63 of 115, columns 72 to 143 of 170]
12.6468 12.3211 12.7874 13.2155 12.9281 12.7353 13.4487 13.434 13.1709 12.5729 12.3442 12.1076 11.9571 11.1942 9.08022 7.17312 8.17281 8.1825 7.46693 8.71015 8.03161 6.2845 3.824 5.13939 4.77906 3.02593 2.58212 -9999 -9999 -9999 -9999 -9999 -9999 -9999 -9999 -9999 -9999 -9999 -9999 -9999 -9999 -9999 -9999 -9999 -9999 -9999 -9999 -9999 -9999 -9999 -9999 -9999 -9999 -9999 -9999 -9999 -9999 -9999 -9999 -9999 -9999 -9999 -9999 -9999 -9999 -9999 -9999 -9999 -9999 -9999 -9999 -9999
12.2278 12.0795 12.7796 12.75 12.6898 12.932 13.37 13.4454 13.334 13.0649 12.8301 12.5813 11.9723 11.1018 9.29054 7.12179 6.61874 7.65867 7.69486 7.84993 7.23015 6.45534 5.25131 6.21112 6.57503 5.41707 3.90727 2.93446 -9999 -9999 -9999 -9999 -9999 -9999 -9999 -9999 -9999 -9999 -9999 -9999 -9999 -9999 -9999 -9999 -9999 -9999 -9999 -9999 -9999 -9999 -9999 -9999 -9999 -9999 -9999 -9999 -9999 -9999 -9999 -9999 -9999 -9999 -9999 -9999 -9999 -9999 -9999 -9999 -9999 -9999 -9999 -9999
11.7284 11.0206 11.4367 11.7455 12.3291 12.4697 12.5449 13.3829 13.3232 13.2693 12.8908 12.5853 12.0885 11.2502 10.0628 8.63613 6.16268 7.66443 8.83722 8.79233 8.71281 8.16554 7.0081 7.94975 7.98007 6.50379 4.8319 3.84197 3.42384 -9999 -9999 -9999 -9999 -9999 -9999 -9999 -9999 -9999 -9999 -9999 -9999 -9999 -9999 -9999 -9999 -9999 -9999 -9999 -9999 -9999 -9999 -9999 -9999 -9999 -9999 -9999 -9999 -9999 -9999 -9999 -9999 -9999 -9999 -9999 -9999 -9999 -9999 -9999 -9999 -9999 -9999 -9999
11.1611 10.2997 10.7184 11.282 12.0838 12.4912 12.797 13.0375 13.2831 13.238 12.8511 11.7364 11.5649 11.5029 10.7213 9.09684 7.47441 7.04331 8.8399 9.34367 9.22338 9.61314 8.63027 9.07309 8.87076 8.33799 6.72699 5.25702 4.6408 3.43757 -9999 -9999 -9999 -9999 -9999 -9999 -9999 -9999 -9999 -9999 -9999 -9999 -9999 -9999 -9999 -9999 -9999 -9999 -9999 -9999 -9999 -9999 -9999 -9999 -9999 -9999 -9999 -9999 -9999 -9999 -9999 -9999 -9999 -9999 -9999 -9999 -9999 -9999 -9999 -9999 -9999 -9999
-9999 -9999 9.74953 10.5222 11.1603 11.9427 12.6152 12.946 13.267 13.2257 12.4668 12.0883 12.0422 11.5252 10.6252 10.0549 9.02792 7.95851 8.34671 9.87647 9.17459 10.254 10.1465 10.3326 9.5862 8.18441 6.31495 5.21832 4.66539 3.68751 -9999 -9999 -9999 -9999 -9999 -9999 -9999 -9999 -9999 -9999 -9999 -9999 -9999 -9999 -9999 -9999 -9999 -9999 -9999 -9999 -9999 -9999 -9999 -9999 -9999 -9999 -9999 -9999 -9999 -9999 -9999 -9999 -9999 -9999 -9999 -9999 -9999 -9999 -9999 -9999 -9999 -9999
-9999 -9999 -9999 10.3747 10.8577 11.9101 12.4444 12.6542 13.1808 13.1679 12.8717 12.6446 12.3213 11.9033 11.2234 10.4745 9.50776 9.40493 10.3781 10.3754 10.154 10.3012 10.7937 10.6447 9.49494 7.52816 6.48035 4.36176 3.44799 3.52519 2.87331 -9999 -9999 -9999 -9999 -9999 -9999 -9999 -9999 -9999 -9999 -9999 -9999 5.11657 -9999 -9999 -9999 -9999 -9999 -9999 -9999 -9999 -9999 -9999 -9999 -9999 -9999 -9999 -9999 -9999 -9999 -9999 -9999 -9999 0.90894 -9999 -9999 -9999 -9999 -9999 -9999 -9999
-9999 -9999 10.2903 10.9412 11.4454 12.0997 12.1493 12.5321 13.1398 13.1349 12.9209 12.6808 12.1584 12.0182 11.625 10.8132 10.6355 10.9439 11.0778 11.2315 11.3203 11.2208 11 10.719 9.9728 9.05114 8.42761 6.49182 5.50635 4.56388 3.14515 2.03217 -9999 -9999 -9999 -9999 -9999 -9999 -9999 4.443 4.37546 4.38482 4.67702 5.51125 4.99564 -9999 -9999 -9999 -9999 -9999 -9999 -9999 -9999 -9999 -9999 -9999 -9999 -9999 -9999 -9999 -9999 -9999 -9999 -9999 1.6733 0.548035 -9999 -9999 -9999 -9999 -9999 -9999
-9999 -9999 10.4666 11.153 11.4887 12.1239 12.4815 12.709 12.9106 13.1028 13.0543 12.7902 12.3956 12.384 11.8452 11.5479 11.3313 11.7536 11.825 11.6345 11.3993 11.1895 10.624 10.5451 10.3495 9.75878 8.79914 7.81084 6.38645 4.46566 2.58182 1.0596 -9999 -9999 -9999 -9999 -9999 -9999 4.61379 5.30482 5.7125 4.7973 5.54993 6.23629 6.10786 5.40186 -9999 -9999 -9999 -9999 -9999 -9999 -9999 -9999 -9999 -9999 -9999 -9999 -9999 -9999 6.98697 5.83553 3.52729 2.33458 1.6109 0.585542 -9999 -9999 -9999 -9999 -9999 -9999
-9999 -9999 10.3235 11.1368 11.6833 12.1671 12.2328 12.7293 12.9364 13.0333 13.0066 12.9432 12.8592 12.3874 12.1763 11.4699 12.1173 12.0773 11.8947 11.2162 10.9133 9.759 9.24239 9.11402 10.0562 9.33286 7.83953 5.9767 3.74115 3.57835 2.8293 1.46733 -9999 -9999 -9999 -9999 -9999 -9999 4.8297 5.56984 6.18484 6.2609 5.35076 6.58269 6.51073 5.79509 5.61928 6.17452 6.44762 6.21213 6.87236 7.05634 6.73197 7.05461 -9999 -9999 -9999 -9999 7.1764 7.20534 7.22247 6.7321 4.21192 2.48412 0.929973 0.763746 -9999 -9999 -9999 -9999 -9999 -9999
-9999 -9999 10.8921 11.3874 11.6311 11.6591 12.0921 12.5244 12.784 12.9713 12.9174 12.8874 12.8563 12.6858 12.3078 12.3588 12.3147 12.0875 10.8097 9.32052 9.94757 9.05641 7.16944 8.67372 9.4941 8.67642 6.86999 4.77797 4.08272 4.0931 3.05709 1.72785 -9999 -9999 -9999 2.80561 3.87282 3.95241 4.25645 5.24871 5.99958 6.56178 6.93895 6.91111 6.47172 5.77104 5.01094 5.25804 6.57629 6.88486 7.13405 7.32538 7.02325 7.15574 7.49763 7.66696 7.689 7.58927 7.55387 7.56627 7.50619 7.04732 4.79218 3.4919 2.65449 0.977994 -9999 -9999 -9999 -9999 -9999 -9999
-9999 -9999 10.5688 10.9978 11.3427 11.9233 11.9727 12.3363 12.5466 12.8645 12.8886 12.4858 12.7938 12.7384 12.6641 12.5221 12.3204 11.2394 9.75505 8.26683 7.57135 7.84707 6.70475 7.26572 8.09714 7.77155 6.65644 4.79102 4.51524 4.06984 2.33471 0.666687 -9999 -9999 0.718981 2.78009 4.22702 4.96622 5.18486 5.19207 6.14205 6.20189 7.22514 6.9661 5.56739 5.70428 5.15137 5.48012 5.94973 6.06706 6.75269 7.40933 7.52198 7.50992 7.72241 7.75428 7.75126 7.72992 7.5598 7.61366 7.60703 7.31397 5.67366 4.86318 3.96909 0.997819 -9999 -9999 -9999 -9999 -9999 -9999
-9999 -9999 10.791 11.2722 11.8007 11.8748 12.263 12.2072 12.0796 12.6267 12.8172 12.529 12.3175 12.6682 12.6289 12.566 12.4715 11.4548 10.2803 8.5099 7.40383 6.72262 6.23332 5.58205 6.0012 5.85238 5.65847 5.84829 5.32395 4.29375 3.27353 1.3748 0.342737 -9999 0.82788 1.7504 3.47405 4.93643 5.85908 5.50668 6.58895 6.7765 7.39426 7.00557 6.14698 5.76721 5.7174 5.59013 6.31231 6.79218 7.12444 7.34309 7.61569 7.67523 7.73532 7.75198 7.75422 7.75626 7.73671 7.71431 7.66403 7.54233 6.77754 5.96648 4.23988 1.09295 -9999 -9999 -9999 -9999 -9999 -9999
-9999 9.35771 10.7298 11.5464 11.8541 12.0724 12.2634 12.398 12.5401 12.6714 12.7583 12.7012 11.96 12.0056 12.1222 12.5208 12.4765 12.3709 11.7217 9.57077 8.81802 7.72268 6.3102 5.70873 5.9845 7.11353 7.04691 6.27356 5.4137 4.2303 3.47201 2.30353 0.071931 0.257447 1.24177 1.97055 3.13752 4.92836 6.17898 6.72831 6.92575 7.35495 7.56958 7.03962 6.53076 6.30851 5.91251 5.84142 5.82688 6.25667 6.58665 7.34601 7.59159 7.6928 7.73951 7.75814 7.76762 7.77625 7.76886 7.73754 7.72089 7.69628 7.6208 6.54947 3.8977 1.88769 -9999 -9999 -9999 -9999 -9999 -9999
-9999 -9999 10.469 10.8202 10.9018 11.0553 11.3843 11.7659 12.3122 12.3711 12.6661 12.6509 12.0098 11.2718 11.8886 12.1248 12.3697 12.3624 12.2653 10.4547 9.50014 8.7451 7.38999 7.85516 8.29801 8.31706 8.02466 6.38395 4.75011 2.86809 1.10988 1.01219 0.0592381 0.540909 1.18657 2.86549 4.04264 4.51122 4.84322 6.66303 7.12492 7.27015 7.72268 7.06439 6.87862 6.37875 6.5037 6.44372 6.42906 5.07832 6.39814 6.46165 7.31831 7.69543 7.76797 7.77846 7.79031 7.77998 7.76978 7.74955 7.741 7.70861 7.67266 6.96859 3.61338 1.90941 -9999 -9999 -9999 -9999 -9999 -9999
-9999 -9999 -9999 -9999 10.5525 10.8175 10.9826 11.2784 12.2127 12.4547 12.6112 12.6123 12.3193 11.5882 11.3854 11.5024 10.7881 11.358 12.1433 12.1076 11.9946 10.401 9.57651 10.3416 10.088 8.88636 7.9375 7.00109 5.09079 3.68794 1.67507 0.160155 0.0895002 1.73161 3.0926 4.79176 5.53351 5.08883 5.5399 6.43513 7.45418 7.93792 7.80249 7.10934 6.99123 6.23018 6.94164 6.98619 6.62934 6.31907 6.4178 6.83349 6.98304 7.65054 7.80154 7.81577 7.80734 7.79593 7.77795 7.75793 7.73104 7.7048 7.67489 7.62262 4.17404 1.47791 -9999 -9999 -9999 -9999 -9999 -9999
-9999 -9999 -9999 -9999 9.89025 10.0463 10.4791 11.6118 12.198 12.4272 12.4058 12.5047 12.294 11.6495 10.9878 10.3627 9.56043 9.9959 11.1722 11.8591 11.923 10.5242 11.2262 10.9406 10.3934 8.82667 7.6681 7.0468 5.21222 3.63902 2.29503 0.445079 1.21618 2.06697 3.16379 5.01859 6.26552 6.76894 6.319 6.886 8.06106 8.05076 7.38172 7.40639 6.98589 5.95254 6.99065 7.26996 7.01282 7.05801 6.95062 7.09565 7.3732 7.63858 7.8106 7.82185 7.81053 7.79031 7.77499 7.75901 7.72809 7.71 7.67997 7.64093 5.40684 1.42382 -9999 -9999 -9999 -9999 -9999 -9999
-9999 -9999 -9999 -9999 -9999 9.27359 10.2784 11.7864 12.15 12.1023 12.4032 12.417 12.1008 11.8244 11.0242 9.93581 7.8579 8.36859 9.45023 11.0164 11.8319 11.7037 11.2236 10.404 8.44396 6.7268 6.50456 6.21069 4.86775 3.65272 2.16013 3.0023 3.92639 4.93882 5.46419 5.3102 6.3766 7.24297 6.8538 7.5529 8.37049 7.97533 7.73428 7.52887 7.04655 7.00032 7.02997 7.612 7.17949 7.4177 7.40616 7.37641 7.50385 7.6533 7.8114 7.82574 7.81216 7.80073 7.7656 7.75626 7.72867 7.69985 7.67057 7.63398 7.41127 5.25159 3.95452 -9999 -9999 -9999 -9999 -9999
-9999 -9999 -9999 -9999 -9999 8.32983 8.82411 10.6125 11.1547 11.9375 12.3469 12.353 11.8284 11.5298 10.3445 9.95026 8.02718 7.14811 7.86626 7.57005 9.73237 11.6439 11.2069 7.30024 5.8751 4.8542 5.0968 5.08394 4.6993 2.64146 2.06392 3.87888 5.01661 5.89508 6.55813 6.68504 6.64765 8.01113 8.17884 8.61071 8.49696 8.5215 7.80849 7.36035 7.71275 7.26059 7.16834 7.77026 7.14259 7.67785 7.59478 7.41377 7.3904 7.73982 7.7995 7.82443 7.81252 7.784 7.75065 7.72352 7.71766 7.69322 7.65285 7.63252 7.59038 7.30633 6.18011 5.77049 6.17278 -9999 -9999 -9999
-9999 -9999 -9999 -9999 -9999 -9999 7.13943 9.63002 10.7598 11.3475 12.1804 12.2689 11.9836 11.4771 10.2698 9.20612 7.4855 5.52226 4.47486 7.54868 10.2218 11.6094 11.4077 8.15315 6.85918 6.78424 7.52156 6.87116 6.37445 4.80705 4.32873 3.66972 4.05309 5.28326 6.28453 7.25064 7.94896 7.99252 8.43983 8.68901 8.69437 8.76066 8.66159 8.57731 7.88238 8.32792 7.91646 8.1077 7.95609 7.81808 7.69579 7.29642 7.55306 7.77909 7.82697 7.831 7.80245 7.78456 7.75917 7.72055 7.69167 7.67125 7.64895 7.61552 7.59328 7.55074 7.40318 6.71608 5.80447 4.65938 -9999 -9999
-9999 -9999 -9999 -9999 -9999 -9999 5.88408 8.36233 9.54867 11.0808 11.8637 12.1718 12.1154 11.7022 10.7814 9.40243 8.25108 6.06117 3.78765 7.01453 9.88738 11.4306 11.4977 8.75866 9.49753 8.87221 9.10293 7.97141 7.49275 7.11112 6.29516 5.40441 4.43184 3.90915 6.17622 7.33339 8.26158 8.69128 8.92732 9.03707 8.95351 8.76415 7.73398 8.48881 8.42383 8.3288 8.22274 8.16253 8.06546 7.95463 7.88106 7.84592 7.57602 7.84981 7.82761 7.81734 7.80432 7.78196 7.75213 7.72328 7.69054 7.67201 7.64007 7.6093 7.58074 7.54683 7.51505 7.45486 7.25504 5.72595 4.80234 4.52277
-9999 -9999 -9999 -9999 -9999 -9999 2.37795 5.98954 8.89043 10.3981 11.6215 11.9478 12.061 11.5113 11.0966 10.104 9.16316 7.71934 5.56381 4.23078 6.64274 10.1563 11.4414 11.3223 11.2254 10.5049 9.85432 9.75902 9.79192 9.03737 7.9463 6.52374 6.06794 5.56031 7.24513 7.46125 7.3225 9.1756 9.16449 9.04251 8.31155 7.49474 7.62965 7.11563 7.47109 6.8626 7.38772 7.83954 7.99773 7.96654 7.88616 7.86188 7.81869 7.85207 7.83671 7.81412 7.79323 7.7748 7.75212 7.71396 7.68435 7.674 7.63916 7.60795 7.57245 7.54093 7.51385 7.4637 7.41603 7.16156 6.79089 6.10046
-9999 -9999 -9999 -9999 -9999 -9999 2.531 5.56581 8.13818 9.67389 11.1514 11.4833 11.9725 11.8497 11.4159 10.5511 9.47423 8.28334 6.43198 5.05205 6.66058 8.98772 10.6502 11.234 11.2118 11.156 10.9813 10.9018 10.7011 10.5535 9.76591 8.41835 7.65243 6.53822 8.41727 8.61511 8.30405 9.23386 9.1709 7.72589 6.61083 6.45733 7.11047 6.45576 6.31928 5.90313 6.33407 7.5189 7.14998 7.20255 7.72923 7.8033 7.84276 7.84327 7.82465 7.80724 7.78301 7.76909 7.75461 7.71674 7.68959 7.66664 7.62704 7.60203 7.56705 7.52642 7.49084 7.45382 7.40898 7.32078 7.22398 7.27272
-9999 -9999 -9999 -9999 -9999 -9999 2.59099 4.62467 6.93806 9.20642 10.7851 11.4134 11.8669 11.8476 11.3455 10.9083 10.2277 9.17821 8.45356 7.20635 5.50015 8.32027 9.17385 9.93221 10.2451 11.0385 11.0033 10.6173 10.1695 10.5537 10.4177 9.35034 8.98955 8.39047 9.4289 9.4165 9.37217 9.30033 8.07734 6.38321 5.0256 5.97436 5.75593 6.18155 4.78433 5.89612 6.78745 7.06483 6.42918 5.95404 7.35291 7.56877 7.69297 7.76725 7.81097 7.78173 7.78103 7.75722 7.73713 7.71606 7.68673 7.66149 7.63058 7.59869 7.56451 7.52564 7.48778 7.44401 7.42036 7.36029 7.32498 7.28586
-9999 -9999 -9999 -9999 -9999 -9999 -9999 3.41189 6.34545 8.96551 10.4178 11.3257 11.7606 11.7379 11.4739 11.1722 10.7445 9.98315 9.03047 7.53362 6.41851 7.10177 7.93775 8.01581 8.567 10.1949 10.7408 9.9297 7.94592 9.08759 10.3675 10.3314 10.206 10.0674 9.89304 9.73541 9.40822 8.5572 5.98175 5.46315 4.44284 4.54053 4.00876 5.11614 4.67054 5.80873 6.29208 6.46376 5.37787 5.58465 6.82045 7.30155 7.2034 7.49306 7.76856 7.76296 7.75602 7.73293 7.72327 7.70916 7.68733 7.6567 7.62876 7.60276 7.55688 7.52892 7.41248 7.32923 7.18245 7.31635 7.31018 7.28883
-9999 -9999 -9999 -9999 -9999 -9999 -9999 2.81637 5.7467 8.83482 9.81648 10.7964 11.6401 11.6422 11.2465 10.8694 10.4813 10.0415 8.88912 7.77111 6.703 6.33444 6.53148 6.49582 7.39717 9.5227 9.92179 9.72954 7.65387 6.94303 8.65784 10.0967 10.1961 10.0492 8.32298 8.67229 7.73397 6.46666 6.10652 5.54277 4.36881 4.90991 4.04529 4.39226 4.26897 4.90773 5.21032 5.97353 5.02508 5.01002 6.22281 6.82877 6.8287 7.46594 7.68335 7.72906 7.72905 7.72449 7.71144 7.70547 7.68277 7.65601 7.62562 7.57628 7.48335 7.23228 5.96347 5.94455 6.26386 6.56506 7.12365 7.26544
-9999 -9999 -9999 -9999 -9999 -9999 -9999 3.15051 5.17945 7.91789 9.94258 10.0561 11.033 11.5301 11.101 10.6197 10.1276 9.90415 8.65126 7.27641 6.16266 4.84704 5.04615 5.96478 7.47251 8.84004 9.07188 8.77058 7.64809 8.15292 9.31745 9.9287 10.0982 9.93762 9.54976 9.31918 8.62411 8.31404 7.35435 5.86243 5.26502 5.61706 4.03361 4.1266 4.68944 4.04701 5.04473 5.51337 4.29364 5.22619 6.3002 6.84164 7.31323 7.52837 7.60489 7.73048 7.71874 7.71497 7.70554 7.68728 7.67062 7.63074 7.59435 7.44495 7.23269 6.05971 5.54501 5.61956 6.13333 6.58083 7.04033 7.2215
-9999 -9999 -9999 -9999 -9999 -9999 -9999 3.49226 5.31753 7.68995 9.12925 9.37473 10.4595 11.4225 11.2986 10.7984 10.6358 10.1178 9.05294 7.87824 6.59559 5.96427 4.53235 5.91203 6.99576 8.15148 8.68393 7.75759 7.28767 8.07685 8.8614 9.16559 9.95823 9.93532 9.65677 8.5063 7.9374 8.15589 7.90245 7.47021 6.43819 6.37682 5.70785 5.42109 5.14923 4.29242 4.80456 4.8406 4.96375 6.09083 6.64202 7.00223 7.32859 7.40279 7.53601 7.71352 7.71493 7.70612 7.68929 7.67666 7.64589 7.57405 7.51046 7.22837 6.74224 5.85039 4.401 5.3798 6.40417 6.69236 6.97049 7.10949
-9999 -9999 -9999 -9999 -9999 -9999 -9999 3.17225 5.1121 7.13752 7.9758 8.10592 10.0811 11.2847 11.2721 11.0272 10.7435 9.48587 9.54392 9.28038 8.12184 6.44108 4.59657 4.75292 5.8245 7.35392 7.85024 6.33233 5.78813 6.16156 7.35565 8.42297 9.53812 9.80994 9.46295 7.68054 5.78728 6.64274 7.55774 7.53684 7.24791 6.28954 5.97413 5.68695 4.98301 3.79425 3.94518 4.25211 5.53047 5.9258 6.54566 7.05789 6.84285 6.9436 7.43326 7.70755 7.70277 7.69212 7.68566 7.66276 7.62895 7.50282 7.36993 7.1582 5.92003 5.14317 4.00961 5.27107 5.96375 6.31314 6.97217 7.11551
-9999 -9999 -9999 -9999 -9999 -9999 -9999 2.5607 3.96435 5.89958 6.67072 7.90953 9.7752 10.6853 11.1139 11.0893 10.8953 10.3239 9.9743 9.29993 8.09528 6.45356 4.63024 3.43787 4.02088 6.08161 6.55405 5.15649 4.43921 5.29755 6.57101 8.46412 9.53917 9.67101 9.55698 9.17717 7.7907 6.11871 6.10873 6.92381 6.21284 5.38893 5.81719 5.71871 5.0235 4.51329 4.18393 4.35166 5.07386 5.36423 6.08277 7.15113 7.29052 7.2439 7.68469 7.69178 7.68665 7.688 7.67143 7.65104 7.62092 7.51514 7.29856 6.46907 5.7433 4.74018 4.60057 5.70998 6.18751 6.628 6.94233 7.0328
-9999 -9999 -9999 -9999 -9999 -9999 -9999 1.5125 3.16648 4.97837 6.67397 8.27738 9.65529 9.74813 10.4678 10.452 10.822 10.6968 10.1659 9.59547 8.5554 6.45069 4.67838 2.74684 3.23652 5.34025 5.59334 4.65308 2.92933 4.6773 6.60663 8.3538 9.2925 8.52891 9.28012 9.20165 8.67244 7.67079 6.12195 6.13524 4.97041 4.90448 5.47852 5.65388 5.53931 5.15226 4.5356 4.61361 5.04416 5.14242 5.80137 6.62647 7.43289 7.55516 7.69618 7.6871 7.67384 7.67079 7.65646 7.62322 7.56487 7.45517 6.75749 5.93071 5.41472 4.71081 4.61011 5.9003 6.3988 6.66676 6.93624 7.03208
-9999 -9999 -9999 -9999 -9999 -9999 -9999 -9999 2.98899 4.86129 6.24289 6.60414 7.82724 8.48085 8.98324 9.08297 10.544 10.6103 10.2681 9.7429 8.85352 7.25266 6.13252 4.27907 2.94242 3.4614 3.6948 4.16438 4.00536 4.77611 6.62937 8.56088 8.75764 7.50504 7.67264 7.91589 8.48038 8.1705 6.06574 4.9886 4.09172 4.70159 5.34387 5.48698 5.50255 5.35912 5.1841 4.90842 5.77244 6.40752 6.54218 7.09403 7.49731 7.59712 7.66845 7.66336 7.6585 7.64285 7.60255 7.56887 7.44753 7.19541 6.41717 4.56849 4.63724 4.4221 3.83508 5.10048 5.87367 6.58378 6.95302 7.03559
-9999 -9999 -9999 -9999 -9999 -9999 -9999 -9999 2.35433 4.52292 4.96934 4.9203 4.18262 4.50056 7.16554 7.69021 9.0907 10.4159 10.3023 9.78665 8.95346 7.99371 6.51618 4.4335 2.77535 2.06107 3.80921 5.52576 5.86816 6.40638 7.53576 7.73759 6.45763 5.25641 5.90637 6.29166 7.80363 8.06675 7.75409 6.47957 5.02448 4.25717 5.12777 5.22995 5.26669 5.26063 5.21179 5.14846 6.12146 6.6542 7.01875 7.20982 7.5537 7.62975 7.64327 7.65516 7.63285 7.59852 7.52585 7.44534 7.14459 6.78373 5.51966 4.46292 3.7976 2.95739 4.79638 5.3239 6.05381 6.52383 6.89128 6.95857
