Test_Spring_2018/12_17/Temp/20171230_014.txt
ncols	170
nrows	115
xllcorner	350000.000000
yllcorner	4445000.000000
cellsize	1000.000000
nodata_value	-9999.000000
[rows 32 to 63 of 115, columns 72 to 143 of 170]
8.6593 8.35505 8.83148 9.27017 8.99444 8.81578 9.52778 9.53023 9.2881 8.71598 8.50825 8.29302 8.16277 7.42906 5.36341 3.50182 4.50613 4.53441 3.84763 5.09199 4.44162 2.73765 0.33029 1.64558 1.3087 -0.39984 -0.814893 -9999 -9999 -9999 -9999 -9999 -9999 -9999 -9999 -9999 -9999 -9999 -9999 -9999 -9999 -9999 -9999 -9999 -9999 -9999 -9999 -9999 -9999 -9999 -9999 -9999 -9999 -9999 -9999 -9999 -9999 -9999 -9999 -9999 -9999 -9999 -9999 -9999 -9999 -9999 -9999 -9999 -9999 -9999 -9999 -9999
8.24886 8.11972 8.82683 8.81436 8.76657 9.01298 9.45338 9.54479 9.45212 9.20434 8.99052 8.76313 8.18088 7.34098 5.57373 3.45417 2.97694 4.021 4.07548 4.24717 3.65489 2.90972 1.74134 2.70627 3.08365 1.96549 0.496337 -0.450434 -9999 -9999 -9999 -9999 -9999 -9999 -9999 -9999 -9999 -9999 -9999 -9999 -9999 -9999 -9999 -9999 -9999 -9999 -9999 -9999 -9999 -9999 -9999 -9999 -9999 -9999 -9999 -9999 -9999 -9999 -9999 -9999 -9999 -9999 -9999 -9999 -9999 -9999 -9999 -9999 -9999 -9999 -9999 -9999
7.7594 7.0787 7.50589 7.82711 8.4094 8.55216 8.64316 9.4863 9.44465 9.40881 9.05329 8.76989 8.29821 7.49001 6.33783 4.94987 2.53005 4.02953 5.20474 5.17944 5.12 4.59938 3.47713 4.42436 4.47304 3.0447 1.40511 0.449042 0.0567759 -9999 -9999 -9999 -9999 -9999 -9999 -9999 -9999 -9999 -9999 -9999 -9999 -9999 -9999 -9999 -9999 -9999 -9999 -9999 -9999 -9999 -9999 -9999 -9999 -9999 -9999 -9999 -9999 -9999 -9999 -9999 -9999 -9999 -9999 -9999 -9999 -9999 -9999 -9999 -9999 -9999 -9999 -9999
7.20307 6.37101 6.80079 7.37326 8.17498 8.58156 8.89485 9.14883 9.40801 9.38081 9.01683 7.93555 7.78446 7.74158 6.98948 5.40655 3.82584 3.41982 5.21021 5.72603 5.6266 6.03002 5.0801 5.53574 5.35524 4.85297 3.28191 1.84876 1.26129 0.0951271 -9999 -9999 -9999 -9999 -9999 -9999 -9999 -9999 -9999 -9999 -9999 -9999 -9999 -9999 -9999 -9999 -9999 -9999 -9999 -9999 -9999 -9999 -9999 -9999 -9999 -9999 -9999 -9999 -9999 -9999 -9999 -9999 -9999 -9999 -9999 -9999 -9999 -9999 -9999 -9999 -9999 -9999
-9999 -9999 5.84877 6.62217 7.25998 8.0442 8.71873 9.06156 9.39488 9.37128 8.64037 8.28479 8.25723 7.76571 6.89683 6.35329 5.3598 4.32462 4.72664 6.25423 5.58164 6.66521 6.57855 6.78134 6.0646 4.69838 2.88016 1.81506 1.29006 0.346108 -9999 -9999 -9999 -9999 -9999 -9999 -9999 -9999 -9999 -9999 -9999 -9999 -9999 -9999 -9999 -9999 -9999 -9999 -9999 -9999 -9999 -9999 -9999 -9999 -9999 -9999 -9999 -9999 -9999 -9999 -9999 -9999 -9999 -9999 -9999 -9999 -9999 -9999 -9999 -9999 -9999 -9999
-9999 -9999 -9999 6.48015 6.96508 8.01881 8.55357 8.77681 9.31257 9.31667 9.04175 8.83527 8.53435 8.14041 7.48851 6.76904 5.83503 5.753 6.73201 6.74895 6.55032 6.71505 7.2202 7.09283 5.98254 4.05585 3.04256 0.974949 0.0941984 0.190463 -0.432073 -9999 -9999 -9999 -9999 -9999 -9999 -9999 -9999 -9999 -9999 -9999 -9999 2.06252 -9999 -9999 -9999 -9999 -9999 -9999 -9999 -9999 -9999 -9999 -9999 -9999 -9999 -9999 -9999 -9999 -9999 -9999 -9999 -9999 -1.53543 -9999 -9999 -9999 -9999 -9999 -9999 -9999
-9999 -9999 6.38886 7.03494 7.54809 8.20911 8.27098 8.65938 9.27482 9.28651 9.09234 8.87286 8.37547 8.25539 7.88624 7.1048 6.94886 7.2725 7.42434 7.59578 7.70327 7.62509 7.42719 7.16986 6.45058 5.56185 4.96694 3.08324 2.12788 1.21877 -0.159885 -1.23706 -9999 -9999 -9999 -9999 -9999 -9999 -9999 1.30922 1.26549 1.29798 1.60971 2.45617 1.97208 -9999 -9999 -9999 -9999 -9999 -9999 -9999 -9999 -9999 -9999 -9999 -9999 -9999 -9999 -9999 -9999 -9999 -9999 -9999 -0.777211 -1.85865 -9999 -9999 -9999 -9999 -9999 -9999
-9999 -9999 6.55529 7.24796 7.59462 8.2364 8.60428 8.83668 9.05141 9.25705 9.22587 8.98251 8.61097 8.61753 8.10487 7.83083 7.63676 8.07295 8.16343 7.99583 7.7842 7.59755 7.06013 7.00216 6.82634 6.26403 5.33779 4.38317 2.99984 1.12611 -0.711239 -2.19204 -9999 -9999 -9999 -9999 -9999 -9999 1.4584 2.16224 2.58719 1.70838 2.47433 3.17532 3.07332 2.41468 -9999 -9999 -9999 -9999 -9999 -9999 -9999 -9999 -9999 -9999 -9999 -9999 -9999 -9999 4.35919 3.24952 1.00011 -0.148703 -0.834367 -1.81678 -9999 -9999 -9999 -9999 -9999 -9999
-9999 -9999 6.41894 7.23644 7.79055 8.28247 8.36221 8.86149 9.07932 9.19073 9.18065 9.13497 9.06953 8.62234 8.43279 7.75552 8.4135 8.39423 8.23458 7.58615 7.30813 6.1906 5.70162 5.59243 6.54169 5.84867 4.3963 2.57946 0.391033 0.255432 -0.463286 -1.78629 -9999 -9999 -9999 -9999 -9999 -9999 1.67416 2.42653 3.05608 3.15482 2.28175 3.521 3.4863 2.80707 2.66012 3.23385 3.5292 3.32663 4.01295 4.21885 3.92301 4.26459 -9999 -9999 -9999 -9999 4.50018 4.55275 4.59441 4.13656 1.67839 0.00234483 -1.50159 -1.62876 -9999 -9999 -9999 -9999 -9999 -9999
-9999 -9999 6.98468 7.48825 7.74331 7.78538 8.2266 8.66229 8.93171 9.13129 9.09424 9.08136 9.06801 8.91788 8.56392 8.63363 8.61009 8.40647 7.16736 5.72009 6.35923 5.50145 3.65528 5.16277 5.99208 5.20613 3.4451 1.40225 0.732483 0.767086 -0.234746 -1.52428 -9999 -9999 -9999 -0.38209 0.690984 0.790932 1.11281 2.11385 2.87754 3.45472 3.85118 3.84733 3.45192 2.78797 2.0655 2.33592 3.66214 3.9925 4.27646 4.48959 4.21554 4.37214 4.73175 4.92102 4.96508 4.88933 4.87751 4.91349 4.87889 4.45208 2.25344 0.999267 0.202498 -1.39893 -9999 -9999 -9999 -9999 -9999 -9999
-9999 -9999 6.66907 7.10692 7.46151 8.04808 8.11088 8.48343 8.70073 9.02841 9.0679 8.68722 9.00809 8.9714 8.91694 8.79644 8.61776 7.57279 6.13037 4.68437 4.01996 4.30751 3.20201 3.77933 4.61964 4.31878 3.24101 1.42153 1.16903 0.745984 -0.94143 -2.56676 -9999 -9999 -2.45687 -0.404621 1.04268 1.79289 2.03061 2.06063 3.02086 3.10417 4.13791 3.9066 2.56467 2.72681 2.20912 2.56058 3.05543 3.19725 3.90202 4.58125 4.7156 4.72632 4.95793 5.01119 5.03005 5.03114 4.88612 4.96274 4.98073 4.71747 3.12712 2.35612 1.50933 -1.37586 -9999 -9999 -9999 -9999 -9999 -9999
-9999 -9999 6.89181 7.38081 7.91605 8.00303 8.39964 8.35922 8.24313 8.79715 8.99988 8.73188 8.54046 8.90415 8.88415 8.84188 8.76915 7.78777 6.65123 4.92737 3.8585 3.20351 2.742 2.12565 2.55969 2.43337 2.26219 2.46897 1.97113 0.971511 -0.0151229 -1.86481 -2.86342 -9999 -2.3466 -1.41715 0.302815 1.76596 2.69781 2.37342 3.46432 3.67386 4.30686 3.94962 3.1402 2.79886 2.77744 2.67934 3.41827 3.91875 4.27513 4.51522 4.81343 4.89438 4.97528 5.01303 5.03655 5.06021 5.06323 5.0644 5.03925 4.945 4.2181 3.45123 1.77929 -1.27886 -9999 -9999 -9999 -9999 -9999 -9999
-9999 5.47247 6.83725 7.65651 7.97359 8.20233 8.40396 8.55007 8.70005 8.84398 8.94476 8.90419 8.19027 8.25314 8.38705 8.79986 8.77686 8.69397 8.07568 5.97698 5.25291 4.19565 2.82431 2.25555 2.54834 3.68193 3.63625 2.89335 2.06477 0.914209 0.185296 -0.947813 -3.1267 -2.92503 -1.93543 -1.19722 -0.0262588 1.76064 3.01587 3.58064 3.7994 4.24624 4.48352 3.99286 3.52811 3.33741 2.97524 2.93303 2.94602 3.39639 3.75032 4.52476 4.79037 4.9169 4.98415 5.02333 5.05346 5.08313 5.09775 5.08985 5.09774 5.09927 5.05527 4.0285 1.4489 -0.488667 -9999 -9999 -9999 -9999 -9999 -9999
-9999 -9999 6.58593 6.94598 7.0398 7.20425 7.54155 7.93069 8.47903 8.55123 8.85707 8.85763 8.24231 7.53261 8.1597 8.41252 8.67489 8.68917 8.61545 6.85075 5.93143 5.2087 3.89408 4.37696 4.83458 4.87387 4.60558 3.00747 1.41569 -0.423675 -2.13829 -2.21592 -3.13702 -2.6418 -1.98635 -0.311593 0.869261 1.35246 1.70202 3.51949 3.99816 4.17043 4.64334 4.02172 3.87562 3.41176 3.5637 3.53288 3.54611 2.24129 3.57114 3.65835 4.52646 4.92156 5.01714 5.04782 5.07981 5.09034 5.10183 5.1046 5.12037 5.11622 5.11199 4.44819 1.17204 -0.463526 -9999 -9999 -9999 -9999 -9999 -9999
-9999 -9999 -9999 -9999 6.7006 6.97463 7.15007 7.45445 8.38506 8.63776 8.80674 8.82356 8.55134 7.84834 7.66744 7.8029 7.11966 7.70352 8.49858 8.48536 8.39588 6.84663 6.05791 6.83384 6.60493 5.44071 4.5252 3.62142 1.75697 0.390017 -1.57583 -3.05089 -3.10206 -1.46444 -0.103064 1.59149 2.34295 1.9257 2.39266 3.29996 4.32978 4.83292 4.72649 4.07088 3.99161 3.2707 4.00127 4.07385 3.74999 3.47119 3.59714 4.03156 4.20243 4.88285 5.05314 5.08941 5.10102 5.11013 5.11365 5.11644 5.11666 5.11782 5.1173 5.09651 1.72881 -0.884704 -9999 -9999 -9999 -9999 -9999 -9999
-9999 -9999 -9999 -9999 6.05299 6.21949 6.65867 7.78802 8.37548 8.61542 8.60904 8.72212 8.53119 7.91355 7.28025 6.68414 5.91399 6.36484 7.5465 8.24578 8.33091 6.97368 7.69005 7.43007 6.91174 5.38763 4.26536 3.67223 1.88237 0.347449 -0.959022 -2.76452 -1.98591 -1.12858 -0.0283455 1.81988 3.06933 3.58714 3.16604 3.74903 4.93283 4.94909 4.31681 4.36917 3.99186 3.00276 4.05564 4.35988 4.1345 4.20627 4.12897 4.29652 4.59349 4.87732 5.06813 5.09977 5.10917 5.10937 5.11532 5.1231 5.11767 5.12696 5.12651 5.11904 2.94905 -0.933085 -9999 -9999 -9999 -9999 -9999 -9999
-9999 -9999 -9999 -9999 -9999 5.46303 6.46621 7.96558 8.3336 8.30061 8.61206 8.64136 8.34643 8.09178 7.32197 6.26905 4.24134 4.76635 5.85467 7.42088 8.24694 8.1425 7.69343 6.90703 4.99573 3.32333 3.12421 2.85389 1.54873 0.366935 -1.08607 -0.237405 0.691994 1.70864 2.24545 2.11302 3.18453 4.05997 3.69893 4.41223 5.24365 4.88058 4.67037 4.496 4.0578 4.04202 4.10073 4.70349 4.30524 4.56734 4.5845 4.57969 4.72859 4.89803 5.07502 5.1096 5.11633 5.12528 5.11191 5.12575 5.12362 5.12239 5.12275 5.11779 4.93097 2.84653 1.60397 -9999 -9999 -9999 -9999 -9999
-9999 -9999 -9999 -9999 -9999 4.53817 5.03821 6.81419 7.35851 8.1445 8.56306 8.5849 8.08462 7.8084 6.65845 6.28996 4.41487 3.5696 4.29947 4.02946 6.18335 8.08979 7.68321 3.8532 2.46926 1.48332 1.7425 1.74926 1.38895 -0.623765 -1.17457 0.633233 1.7733 2.65792 3.33051 3.47526 3.4585 4.82395 5.0122 5.46204 5.37524 5.42593 4.75037 4.33665 4.72141 4.30533 4.24377 4.86605 4.2753 4.83016 4.77677 4.62276 4.62293 4.9895 5.06947 5.11452 5.12336 5.11535 5.10357 5.10039 5.11971 5.12278 5.11217 5.12317 5.11427 4.87899 3.8047 3.43717 3.87002 -9999 -9999 -9999
-9999 -9999 -9999 -9999 -9999 -9999 3.38339 5.85204 6.97579 7.56972 8.40614 8.50952 8.24423 7.76326 6.59222 5.56367 3.8881 1.97388 0.962814 4.01521 6.67257 8.0624 7.88768 4.70057 3.44591 3.3926 4.13956 3.51781 3.0471 1.51794 1.06508 0.433877 0.830345 2.06122 3.0688 4.0406 4.74927 4.81348 5.27689 5.54732 5.57787 5.66958 5.59915 5.54396 4.89611 5.3648 4.98827 5.20541 5.0838 4.97469 4.88258 4.51322 4.78945 5.03441 5.10286 5.12906 5.12073 5.12343 5.11969 5.10422 5.10253 5.10951 5.11655 5.11439 5.12478 5.12745 5.01756 4.37597 3.51295 2.41931 -9999 -9999
-9999 -9999 -9999 -9999 -9999 -9999 2.15209 4.60905 5.78885 7.31434 8.09848 8.42008 8.38214 7.99328 7.10473 5.76517 4.65071 2.51283 0.292876 3.49577 6.34985 7.89291 7.98044 5.30427 6.05376 5.4578 5.70532 4.60931 4.15652 3.79647 3.01089 2.1514 1.2102 0.716443 2.97045 4.13081 5.06627 5.51125 5.76641 5.89818 5.84031 5.68176 4.69306 5.46482 5.43796 5.37329 5.29745 5.26632 5.19817 5.1156 5.07149 5.06116 4.81828 5.11204 5.1133 5.12329 5.13063 5.12926 5.12143 5.11582 5.10784 5.11666 5.11715 5.11722 5.12088 5.13182 5.13534 5.1111 4.9491 3.47617 2.59949 2.36451
-9999 -9999 -9999 -9999 -9999 -9999 -1.29811 2.27676 5.14263 6.64497 7.86858 8.20749 8.33686 7.81351 7.42389 6.46522 5.55814 4.15564 2.05178 0.759017 3.15823 6.64376 7.9318 7.83876 7.76415 7.07435 6.45299 6.37872 6.43043 5.70277 4.6445 3.26117 2.83488 2.35319 4.03344 4.26625 4.14998 5.99842 6.00993 5.91316 5.21698 4.43709 4.5964 4.11961 4.50717 3.93573 4.48169 4.95493 5.13806 5.13371 5.08287 5.08581 5.06611 5.12441 5.1301 5.12837 5.1284 5.13133 5.13089 5.11635 5.11157 5.12728 5.12227 5.12086 5.12178 5.13476 5.14201 5.12674 5.11384 4.89669 4.56435 3.92403
-9999 -9999 -9999 -9999 -9999 -9999 -1.14548 1.85647 4.40831 5.93976 7.41323 7.75793 8.25825 8.15578 7.74733 6.91461 5.87323 4.71989 2.91569 1.57644 3.18361 5.49889 7.15902 7.75914 7.7577 7.72325 7.57116 7.51054 7.33224 7.20301 6.44605 5.14216 4.40602 3.32665 5.19872 5.41379 5.12783 6.06611 6.02651 4.62526 3.5502 3.42395 4.09401 3.47505 3.37792 2.99808 3.45065 4.64609 4.31208 4.38998 4.93774 5.03468 5.10127 5.12356 5.12647 5.13032 5.12755 5.13537 5.14339 5.12938 5.12713 5.13033 5.11845 5.1251 5.12078 5.12498 5.12743 5.12406 5.11292 5.05872 4.99995 5.08849
-9999 -9999 -9999 -9999 -9999 -9999 -1.08103 0.935433 3.2324 5.48668 7.06025 7.69735 8.1627 8.16236 7.68665 7.27538 6.62459 5.61044 4.91685 3.70822 2.04711 4.84854 5.71072 6.48292 6.81013 7.61287 7.5984 7.23777 6.81212 7.21081 7.10285 6.06992 5.73358 5.16246 6.20609 6.21417 6.19141 6.14225 4.95896 3.31199 1.99758 2.95776 2.76781 3.21404 1.87385 2.99983 3.90623 4.20696 3.60856 3.16588 4.57362 4.8162 4.96143 5.0568 5.1216 5.11428 5.1352 5.13371 5.13657 5.13933 5.135 5.13583 5.13223 5.12879 5.12793 5.13361 5.12833 5.12112 5.13065 5.10704 5.10363 5.10533
-9999 -9999 -9999 -9999 -9999 -9999 -9999 -0.255226 2.65491 5.25513 6.70446 7.61755 8.06468 8.06115 7.82022 7.54247 7.14084 6.41056 5.49187 4.0368 2.95817 3.65256 4.49709 4.59882 5.163 6.7885 7.34705 6.56743 4.62765 5.78088 7.06253 7.04667 6.94269 6.82597 6.67387 6.53905 6.23761 5.42036 2.90366 2.41613 1.43421 1.5552 1.05617 2.1747 1.77331 2.92264 3.42623 3.62223 2.57793 2.81171 4.06207 4.56023 4.48658 4.79473 5.08872 5.10517 5.12039 5.12003 5.13348 5.1433 5.14639 5.14225 5.14152 5.14371 5.13185 5.14892 5.06563 5.01528 4.90229 5.06575 5.09062 5.11765
-9999 -9999 -9999 -9999 -9999 -9999 -9999 -0.834463 2.07171 5.13377 6.1194 7.10366 7.95404 7.97508 7.60427 7.25215 6.88955 6.47618 5.36044 4.27874 3.24629 2.90356 3.11841 3.10775 4.01711 6.13327 6.5471 6.37775 4.35571 3.67516 5.38595 6.82458 6.94264 6.81802 5.13664 5.50189 4.59815 3.37062 3.03811 2.50549 1.37188 1.92973 1.10215 1.46951 1.38708 2.04345 2.36829 3.14703 2.23785 2.25291 3.48113 4.10247 4.12574 4.77688 5.0138 5.08132 5.10385 5.12219 5.13266 5.15075 5.15313 5.15234 5.14885 5.12752 5.064 4.85084 3.6455 3.65748 4.00294 4.33031 4.92283 5.09948
-9999 -9999 -9999 -9999 -9999 -9999 -9999 -0.498541 1.51935 4.23702 6.25128 6.38166 7.36346 7.87265 7.46901 7.01417 6.54891 6.34872 5.13379 3.79875 2.72121 1.44465 1.66147 2.58762 4.09893 5.46777 5.71679 5.44005 4.35846 4.87673 6.04529 6.66832 6.8559 6.7181 6.35649 6.15028 5.48652 5.20284 4.27922 2.8314 2.26603 2.63721 1.10059 1.21715 1.79719 1.20407 2.2138 2.70171 1.52474 2.48263 3.56603 4.12384 4.61233 4.84759 4.94595 5.09259 5.10391 5.12334 5.13759 5.14367 5.15195 5.13805 5.12828 5.0078 4.82598 3.69755 3.24133 3.34447 3.88065 4.35131 4.85481 5.06128
-9999 -9999 -9999 -9999 -9999 -9999 -9999 -0.155285 1.66217 4.0193 5.45672 5.71738 6.80582 7.77441 7.67167 7.1982 7.05777 6.5672 5.53757 4.39977 3.15563 2.55367 1.16239 2.54308 3.63645 4.79651 5.34198 4.45402 4.01161 4.81046 5.60468 5.92528 6.72749 6.72576 6.4722 5.35928 4.82007 5.05758 4.83026 4.42709 3.43306 3.39642 2.76111 2.50295 2.25969 1.45527 1.98588 2.04696 2.20254 3.34397 3.91191 4.29114 4.63662 4.73318 4.88773 5.08587 5.11044 5.12513 5.13223 5.1439 5.13819 5.09255 5.05562 4.80384 4.35141 3.49945 2.12173 3.11548 4.15416 4.47703 4.79186 4.95619
-9999 -9999 -9999 -9999 -9999 -9999 -9999 -0.464659 1.46611 3.48143 4.32654 4.47369 6.44009 7.64612 7.65316 7.43141 7.1717 5.95181 6.02924 5.78973 4.6679 3.03125 1.23317 1.40778 2.48914 4.01779 4.52773 3.05713 2.54168 2.93087 4.1291 5.20235 6.32281 6.61193 6.29111 4.55534 2.71057 3.57613 4.50078 4.50309 4.24154 3.32035 3.03338 2.77454 2.10502 0.970218 1.14757 1.47548 2.77571 3.19035 3.82601 4.35521 4.16709 4.29005 4.79625 5.09005 5.10874 5.12177 5.13918 5.14072 5.13189 5.03249 4.9269 4.74402 3.54961 2.8104 1.73607 3.01566 3.72654 4.12263 4.79953 4.96764
-9999 -9999 -9999 -9999 -9999 -9999 -9999 -1.06163 0.340794 2.26747 3.04663 4.28704 6.14567 7.06239 7.50453 7.50007 7.32873 6.78544 6.46102 5.81644 4.64914 3.05097 1.2738 0.118707 0.713979 2.77099 3.26639 1.90611 1.22019 2.08766 3.36438 5.25203 6.33319 6.48452 6.39359 6.04081 4.69579 3.06956 3.08225 3.9087 3.23093 2.44215 2.88821 2.81523 2.15413 1.67558 1.39196 1.59186 2.33477 2.64591 3.37891 4.45653 4.61799 4.59584 5.05407 5.08462 5.10311 5.12808 5.13555 5.1395 5.13416 5.05458 4.86613 4.07379 3.38407 2.42124 2.31001 3.45573 3.96495 4.43968 4.77622 4.89173
-9999 -9999 -9999 -9999 -9999 -9999 -9999 -2.08925 -0.43975 1.36556 3.05637 4.65642 6.03433 6.14542 6.87468 6.87897 7.26369 7.16036 6.65715 6.1151 5.11007 3.05546 1.32863 -0.555175 -0.0518413 2.04732 2.32352 1.41796 -0.260073 1.48469 3.40824 5.1522 6.09913 5.36782 6.13009 6.07454 5.57478 4.6095 3.10498 3.14089 2.01558 1.974 2.56367 2.76055 2.67181 2.3146 1.74382 1.85926 2.31474 2.43652 3.11087 3.94879 4.76804 4.91257 5.07541 5.09015 5.10073 5.12139 5.13104 5.12221 5.08886 5.00516 4.34207 3.55202 3.0687 2.4004 2.32704 3.64184 4.18038 4.48447 4.77634 4.89676
-9999 -9999 -9999 -9999 -9999 -9999 -9999 -9999 -0.60882 1.25626 2.63768 3.01324 4.23865 4.90273 5.41784 5.53611 6.99658 7.08213 6.76506 6.26757 5.41115 3.85335 2.76955 0.962821 -0.334364 0.210801 0.459657 0.944215 0.809024 1.59049 3.43921 5.3651 5.5807 4.36742 4.55443 4.81615 5.39474 5.11149 3.05888 2.01967 1.15849 1.78313 2.44002 2.60505 2.64459 2.52758 2.40106 2.16496 3.04198 3.69314 3.85072 4.41939 4.84135 4.96388 5.05814 5.07692 5.09581 5.10404 5.08801 5.07861 4.98294 4.75856 4.01575 2.21784 2.31065 2.12383 1.5706 2.85671 3.68303 4.40913 4.79899 4.906
-9999 -9999 -9999 -9999 -9999 -9999 -9999 -9999 -1.22876 0.928614 1.38818 1.35938 0.651757 0.985003 3.63234 4.16964 5.57053 6.89731 6.80563 6.31764 5.51668 4.59103 3.15496 1.12233 -0.491709 -1.16963 0.579448 2.29434 2.65365 3.20602 4.34122 4.56192 3.32173 2.15921 2.82186 3.22367 4.73643 5.01812 4.73234 3.49851 2.08694 1.35378 2.23577 2.36048 2.42095 2.43946 2.42631 2.40542 3.39523 3.94566 4.33009 4.54324 4.90682 5.00607 5.04345 5.07901 5.08071 5.07045 5.02239 4.96663 4.69385 4.362 3.13989 2.12245 1.4912 0.687793 2.52609 3.08454 3.85684 4.35639 4.7442 4.83586
