Test_Spring_2018/12_17/Temp/20171214_019.txt
ncols	170
nrows	115
xllcorner	350000.000000
yllcorner	4445000.000000
cellsize	1000.000000
nodata_value	-9999.000000
[rows 32 to 63 of 115, columns 72 to 143 of 170]
11.0791 10.7209 11.2648 11.7652 11.4528 11.2415 12.0632 12.0594 11.7729 11.105 10.8579 10.6019 10.4439 9.58845 7.19409 5.0353 6.18726 6.21153 5.40964 6.83872 6.07887 4.10186 1.3123 2.82345 2.42599 0.450297 -0.0434418 -9999 -9999 -9999 -9999 -9999 -9999 -9999 -9999 -9999 -9999 -9999 -9999 -9999 -9999 -9999 -9999 -9999 -9999 -9999 -9999 -9999 -9999 -9999 -9999 -9999 -9999 -9999 -9999 -9999 -9999 -9999 -9999 -9999 -9999 -9999 -9999 -9999 -9999 -9999 -9999 -9999 -9999 -9999 -9999 -9999
10.5977 10.4418 11.2522 11.2314 11.1757 11.4621 11.9698 12.0687 11.9548 11.6616 11.4073 11.1372 10.4569 9.47878 7.42913 4.97231 4.41269 5.61047 5.66495 5.8548 5.16205 4.29268 2.93441 4.04072 4.4683 3.16943 1.46288 0.364427 -9999 -9999 -9999 -9999 -9999 -9999 -9999 -9999 -9999 -9999 -9999 -9999 -9999 -9999 -9999 -9999 -9999 -9999 -9999 -9999 -9999 -9999 -9999 -9999 -9999 -9999 -9999 -9999 -9999 -9999 -9999 -9999 -9999 -9999 -9999 -9999 -9999 -9999 -9999 -9999 -9999 -9999 -9999 -9999
10.025 9.23189 9.71888 10.0836 10.7574 10.928 11.0265 11.9938 11.9388 11.8903 11.4723 11.1374 10.5848 9.64329 8.30418 6.69252 3.88867 5.61256 6.96176 6.92401 6.84679 6.23678 4.93174 6.01752 6.06526 4.40274 2.50855 1.39476 0.932291 -9999 -9999 -9999 -9999 -9999 -9999 -9999 -9999 -9999 -9999 -9999 -9999 -9999 -9999 -9999 -9999 -9999 -9999 -9999 -9999 -9999 -9999 -9999 -9999 -9999 -9999 -9999 -9999 -9999 -9999 -9999 -9999 -9999 -9999 -9999 -9999 -9999 -9999 -9999 -9999 -9999 -9999 -9999
9.37486 8.40698 8.89702 9.55205 10.4742 10.9475 11.31 11.5967 11.8892 11.8507 11.4229 10.1662 9.98397 9.92653 9.04957 7.21263 5.37813 4.90061 6.96047 7.54781 7.42433 7.88177 6.77574 7.2935 7.07636 6.48203 4.66322 3.0031 2.31493 0.958167 -9999 -9999 -9999 -9999 -9999 -9999 -9999 -9999 -9999 -9999 -9999 -9999 -9999 -9999 -9999 -9999 -9999 -9999 -9999 -9999 -9999 -9999 -9999 -9999 -9999 -9999 -9999 -9999 -9999 -9999 -9999 -9999 -9999 -9999 -9999 -9999 -9999 -9999 -9999 -9999 -9999 -9999
-9999 -9999 7.7899 8.67945 9.41452 10.3194 11.0993 11.4887 11.867 11.8326 10.981 10.5627 10.5231 9.9473 8.93538 8.29915 7.14299 5.93855 6.3944 8.15052 7.36482 8.60794 8.49911 8.72466 7.88789 6.29903 4.19071 2.95557 2.3394 1.23918 -9999 -9999 -9999 -9999 -9999 -9999 -9999 -9999 -9999 -9999 -9999 -9999 -9999 -9999 -9999 -9999 -9999 -9999 -9999 -9999 -9999 -9999 -9999 -9999 -9999 -9999 -9999 -9999 -9999 -9999 -9999 -9999 -9999 -9999 -9999 -9999 -9999 -9999 -9999 -9999 -9999 -9999
-9999 -9999 -9999 8.50826 9.06666 10.278 10.9014 11.1528 11.765 11.7628 11.4379 11.1919 10.8365 10.3734 9.61207 8.77253 7.68498 7.5816 8.70393 8.71476 8.47651 8.65802 9.23279 9.0768 7.78032 5.54862 4.36857 1.97655 0.949249 1.0506 0.321493 -9999 -9999 -9999 -9999 -9999 -9999 -9999 -9999 -9999 -9999 -9999 -9999 3.0684 -9999 -9999 -9999 -9999 -9999 -9999 -9999 -9999 -9999 -9999 -9999 -9999 -9999 -9999 -9999 -9999 -9999 -9999 -9999 -9999 -1.37154 -9999 -9999 -9999 -9999 -9999 -9999 -9999
-9999 -9999 8.39926 9.14601 9.73309 10.491 10.5613 11.0103 11.7147 11.7214 11.4899 11.2289 10.6465 10.4997 10.065 9.15378 8.965 9.33017 9.49678 9.68598 9.80125 9.70203 9.46447 9.15825 8.31674 7.28053 6.58371 4.3995 3.29025 2.22999 0.627231 -0.627284 -9999 -9999 -9999 -9999 -9999 -9999 -9999 2.23269 2.17156 2.19826 2.54728 3.51377 2.9428 -9999 -9999 -9999 -9999 -9999 -9999 -9999 -9999 -9999 -9999 -9999 -9999 -9999 -9999 -9999 -9999 -9999 -9999 -9999 -0.506757 -1.77039 -9999 -9999 -9999 -9999 -9999 -9999
-9999 -9999 8.59002 9.38475 9.77982 10.5158 10.9353 11.2085 11.4502 11.681 11.638 11.3494 10.9124 10.9119 10.3113 9.98617 9.75324 10.2483 10.3439 10.1412 9.88772 9.66305 9.03314 8.9571 8.74321 8.084 7.00431 5.89176 4.28934 2.11456 -0.0182239 -1.73913 -9999 -9999 -9999 -9999 -9999 -9999 2.40673 3.20943 3.68973 2.66358 3.53726 4.33553 4.20575 3.41917 -9999 -9999 -9999 -9999 -9999 -9999 -9999 -9999 -9999 -9999 -9999 -9999 -9999 -9999 5.46815 4.17405 1.56281 0.222478 -0.583434 -1.73286 -9999 -9999 -9999 -9999 -9999 -9999
-9999 -9999 8.42482 9.36411 9.99922 10.5625 10.6495 11.2269 11.4762 11.5984 11.5798 11.5197 11.4363 10.9116 10.6842 9.89308 10.6444 10.6131 10.4195 9.66125 9.33089 8.03067 7.45658 7.3199 8.40691 7.5966 5.90899 3.80026 1.26597 1.10051 0.259954 -1.27873 -9999 -9999 -9999 -9999 -9999 -9999 2.64767 3.50645 4.22311 4.32624 3.30629 4.72622 4.66189 3.86372 3.68014 4.32887 4.65582 4.4051 5.18144 5.40548 5.05018 5.43164 -9999 -9999 -9999 -9999 5.64375 5.69306 5.7296 5.18872 2.33641 0.387014 -1.36433 -1.53384 -9999 -9999 -9999 -9999 -9999 -9999
-9999 -9999 9.07071 9.64771 9.93775 9.98174 10.4867 10.9909 11.2997 11.5244 11.4747 11.4524 11.4292 11.2476 10.8301 10.9018 10.8656 10.6211 9.18034 7.49903 8.22806 7.22768 5.08838 6.81636 7.76469 6.84692 4.80263 2.43274 1.6526 1.68362 0.515924 -0.985548 -9999 -9999 -9999 0.293567 1.5232 1.62856 1.99019 3.13625 4.00783 4.66476 5.11133 5.09362 4.6142 3.83328 2.98437 3.28222 4.79963 5.16651 5.47555 5.70764 5.37728 5.54173 5.9447 6.15133 6.19063 6.09181 6.06699 6.09739 6.04601 5.54112 2.99143 1.5294 0.594875 -1.29091 -9999 -9999 -9999 -9999 -9999 -9999
-9999 -9999 8.69986 9.20117 9.6064 10.2804 10.3485 10.7741 11.0249 11.3999 11.4387 10.9916 11.3545 11.3039 11.2324 11.0842 10.8686 9.65199 7.97614 6.29611 5.51903 5.8441 4.55757 5.21123 6.17217 5.81455 4.55795 2.44607 2.14448 1.64863 -0.309745 -2.19763 -9999 -9999 -2.10091 0.26001 1.92206 2.77872 3.04317 3.06744 4.16605 4.25118 5.43382 5.15325 3.58106 3.75424 3.1418 3.53278 4.08423 4.23319 5.03025 5.79958 5.94128 5.94069 6.19583 6.2455 6.25591 6.24613 6.06774 6.14537 6.155 5.8392 3.98956 3.08562 2.08688 -1.27391 -9999 -9999 -9999 -9999 -9999 -9999
-9999 -9999 8.95154 9.51225 10.1265 10.2228 10.6767 10.6251 10.4908 11.125 11.3547 11.0379 10.809 11.2209 11.189 11.1311 11.0377 9.89444 8.57178 6.57058 5.32605 4.56179 4.01914 3.29248 3.78389 3.62796 3.42024 3.64919 3.0639 1.90175 0.751754 -1.39419 -2.55794 -9999 -1.98081 -0.916916 1.06022 2.74059 3.807 3.42186 4.67139 4.90225 5.62079 5.19557 4.23874 3.82462 3.78489 3.65641 4.49487 5.05723 5.45156 5.71454 6.04452 6.12506 6.20622 6.23815 6.25421 6.27081 6.26377 6.25453 6.21455 6.09416 5.24206 4.33763 2.39118 -1.16924 -9999 -9999 -9999 -9999 -9999 -9999
-9999 7.30676 8.88105 9.82368 10.1862 10.4467 10.6757 10.8403 11.0131 11.1739 11.2841 11.2316 10.3991 10.4634 10.6093 11.077 11.041 10.9355 10.2114 7.77693 6.93222 5.69996 4.10591 3.43574 3.76386 5.06337 5.00058 4.13237 3.16524 1.82848 0.976076 -0.342984 -2.86933 -2.64625 -1.51282 -0.669742 0.673262 2.72774 4.1678 4.80989 5.05181 5.55599 5.81804 5.23338 4.67486 4.43938 4.00553 3.94117 3.94057 4.44539 4.83688 5.71605 6.00908 6.14179 6.20732 6.24114 6.26512 6.28899 6.29566 6.27623 6.27463 6.26501 6.1979 4.99769 1.99589 -0.269713 -9999 -9999 -9999 -9999 -9999 -9999
-9999 -9999 8.5834 8.99586 9.10085 9.28738 9.67344 10.1191 10.7521 10.8301 11.1774 11.1715 10.4538 9.62558 10.3412 10.6239 10.9174 10.924 10.8289 8.78054 7.7085 6.86362 5.33498 5.87977 6.3982 6.43343 6.11341 4.25719 2.40837 0.27574 -1.71517 -1.81481 -2.88887 -2.32595 -1.57844 0.346718 1.70125 2.24969 2.64351 4.73279 5.27447 5.45837 5.99168 5.25987 5.06947 4.51798 4.67766 4.62606 4.62539 3.10221 4.62099 4.70709 5.69608 6.1387 6.23685 6.2611 6.28751 6.28957 6.29292 6.28605 6.29373 6.27493 6.25252 5.47047 1.66925 -0.247517 -9999 -9999 -9999 -9999 -9999 -9999
-9999 -9999 -9999 -9999 8.7024 9.01579 9.21511 9.5631 10.6378 10.9244 11.1137 11.1264 10.8045 9.98464 9.76672 9.91382 9.11474 9.779 10.6879 10.6625 10.549 8.74918 7.82537 8.71135 8.43655 7.08135 6.01358 4.95948 2.79569 1.20875 -1.07234 -2.7863 -2.85513 -0.97282 0.590617 2.53874 3.3973 2.90554 3.43501 4.47085 5.64874 6.21744 6.08121 5.30984 5.19657 4.34776 5.17558 5.24314 4.85278 4.5147 4.64257 5.12976 5.31327 6.08634 6.271 6.30137 6.30449 6.30516 6.29952 6.29285 6.27898 6.2674 6.25261 6.21308 2.30569 -0.740976 -9999 -9999 -9999 -9999 -9999 -9999
-9999 -9999 -9999 -9999 7.94773 8.13702 8.64116 9.94233 10.6206 10.8926 10.8793 11.0033 10.7753 10.0537 9.31331 8.61521 7.71571 8.22655 9.58155 10.3792 10.4674 8.88924 9.70419 9.39333 8.78412 7.0131 5.70644 5.01123 2.93363 1.15261 -0.366662 -2.46228 -1.57239 -0.591425 0.670247 2.79608 4.23002 4.81823 4.32118 4.98348 6.33911 6.34514 5.60119 5.64747 5.1898 4.03091 5.23085 5.56585 5.28911 5.35593 5.24899 5.4279 5.75718 6.07221 6.28074 6.3063 6.30683 6.29738 6.29468 6.29226 6.27417 6.27183 6.25689 6.23245 3.7084 -0.803975 -9999 -9999 -9999 -9999 -9999 -9999
-9999 -9999 -9999 -9999 -9999 7.25665 8.41237 10.141 10.5657 10.5224 10.8763 10.9035 10.5554 10.2531 9.35496 8.12914 5.77681 6.37329 7.6204 9.41955 10.3636 10.2327 9.70126 8.78219 6.56368 4.62132 4.38114 4.05886 2.54126 1.1682 -0.520303 0.450419 1.51458 2.67967 3.29049 3.12815 4.35654 5.35798 4.93031 5.74305 6.69147 6.25912 6.00261 5.78679 5.25869 5.22411 5.27541 5.95521 5.47874 5.76546 5.7677 5.74759 5.90593 6.08896 6.28168 6.31076 6.3084 6.30908 6.28371 6.2889 6.2745 6.25984 6.24563 6.22387 5.99069 3.55502 2.09887 -9999 -9999 -9999 -9999 -9999
-9999 -9999 -9999 -9999 -9999 6.18168 6.756 8.80409 9.43243 10.3352 10.8127 10.8313 10.2459 9.91853 8.58141 8.14629 5.97019 4.98386 5.81688 5.49468 7.97274 10.1649 9.68248 5.24722 3.63795 2.48862 2.7779 2.77574 2.3497 0.0167626 -0.629417 1.44941 2.75699 3.76958 4.53728 4.69485 4.66607 6.23352 6.44042 6.9487 6.83623 6.88179 6.08758 5.59516 6.01773 5.52069 5.43308 6.13551 5.43675 6.06182 5.98266 5.79035 5.77704 6.18794 6.26869 6.30993 6.30945 6.29075 6.26718 6.25245 6.26269 6.25284 6.22579 6.22234 6.19459 5.8951 4.63337 4.18769 4.66647 -9999 -9999 -9999
-9999 -9999 -9999 -9999 -9999 -9999 4.83742 7.68549 8.98316 9.66384 10.624 10.7367 10.423 9.85909 8.49739 7.29978 5.35423 3.13262 1.95505 5.47116 8.53088 10.1263 9.9116 6.21908 4.75918 4.6873 5.5401 4.81186 4.25829 2.48407 1.95106 1.2122 1.66072 3.07309 4.22683 5.34047 6.14968 6.21375 6.73831 7.03946 7.06249 7.15539 7.06025 6.98206 6.2116 6.73685 6.28553 6.52011 6.36354 6.22178 6.09805 5.65716 5.96294 6.23349 6.30099 6.31822 6.29916 6.29266 6.2782 6.24935 6.23472 6.22923 6.22247 6.20377 6.19835 6.17368 6.02633 5.26432 4.24636 2.9621 -9999 -9999
-9999 -9999 -9999 -9999 -9999 -9999 3.40799 6.24223 7.60456 9.36122 10.2621 10.6259 10.5744 10.1169 9.08158 7.52472 6.22749 3.7476 1.17264 4.86265 8.15087 9.92333 10.0143 6.90933 7.76479 7.06603 7.34188 6.06574 5.53288 5.10939 4.19201 3.1894 2.09212 1.51024 4.1053 5.43665 6.50772 7.01159 7.29547 7.43604 7.35642 7.16109 6.00516 6.88242 6.82932 6.73864 6.63497 6.58303 6.48852 6.37772 6.30961 6.28373 5.98998 6.31455 6.30227 6.30402 6.30284 6.29138 6.27192 6.25421 6.23274 6.22837 6.21405 6.19797 6.18493 6.16979 6.15386 6.10552 5.89794 4.17604 3.14338 2.84691
-9999 -9999 -9999 -9999 -9999 -9999 -0.584928 3.54041 6.85222 8.58172 9.98781 10.3721 10.5139 9.901 9.4421 8.32535 7.2678 5.63759 3.19689 1.69307 4.45474 8.47103 9.95093 9.83008 9.73353 8.92641 8.19847 8.10272 8.15268 7.30462 6.07147 4.46377 3.95844 3.39297 5.325 5.58459 5.44048 7.56559 7.56791 7.44442 6.62772 5.71302 5.88309 5.31984 5.74546 5.06966 5.68468 6.21578 6.41193 6.39186 6.31613 6.30175 6.2666 6.31779 6.31397 6.30193 6.29198 6.28515 6.27392 6.24562 6.22764 6.23222 6.20993 6.19207 6.1766 6.16385 6.15277 6.11538 6.08068 5.8102 5.40705 4.64255
-9999 -9999 -9999 -9999 -9999 -9999 -0.414116 3.0542 5.9964 7.75832 9.4537 9.84457 10.4147 10.2881 9.80743 8.83626 7.62366 6.28143 4.18706 2.62968 4.47611 7.14096 9.04857 9.72815 9.71879 9.66881 9.48303 9.40199 9.18626 9.0298 8.14552 6.62491 5.76528 4.50912 6.66254 6.90143 6.5611 7.63459 7.57777 5.94724 4.69288 4.53402 5.29356 4.56419 4.42925 3.97803 4.48556 5.85138 5.44552 5.521 6.13701 6.23598 6.29435 6.30897 6.30168 6.29576 6.28221 6.28068 6.27888 6.25092 6.23567 6.22574 6.19735 6.18678 6.16479 6.14121 6.12687 6.10391 6.07196 5.99045 5.8957 5.97345
-9999 -9999 -9999 -9999 -9999 -9999 -0.348547 1.98307 4.63049 7.22708 9.03788 9.76638 10.296 10.2873 9.72899 9.24475 8.48349 7.30218 6.491 5.08467 3.15552 6.38175 7.36802 8.24634 8.61268 9.52977 9.50295 9.07643 8.58093 9.03154 8.8913 7.68848 7.2905 6.62127 7.81739 7.81693 7.78047 7.71307 6.33492 4.42051 2.88971 3.98611 3.75327 4.25358 2.6826 3.96317 4.99483 5.32703 4.62539 4.09976 5.70931 5.96888 6.12479 6.22363 6.28756 6.26839 6.28183 6.26917 6.26107 6.25223 6.23443 6.22172 6.203 6.18358 6.16291 6.14113 6.11643 6.08045 6.07248 6.03058 6.00902 5.98648
-9999 -9999 -9999 -9999 -9999 -9999 -9999 0.599002 3.95357 6.9507 8.61788 9.66517 10.1738 10.1613 9.8743 9.54437 9.07102 8.21774 7.14659 5.45563 4.19945 4.99154 5.95743 6.06096 6.70238 8.57002 9.2052 8.2946 6.04688 7.36258 8.83355 8.80569 8.67608 8.5317 8.34871 8.18294 7.82436 6.86947 3.9508 3.37307 2.2262 2.35296 1.76293 3.03937 2.5525 3.86518 4.43193 4.64356 3.42265 3.67487 5.0969 5.65999 5.56311 5.90777 6.2407 6.24864 6.25513 6.24342 6.24726 6.24635 6.23699 6.21332 6.19752 6.1843 6.14974 6.14056 6.02593 5.94935 5.80059 5.9716 5.98309 5.97976
-9999 -9999 -9999 -9999 -9999 -9999 -9999 -0.078024 3.27255 6.80294 7.93417 9.0635 10.0378 10.0537 9.61659 9.20077 8.77258 8.2855 6.98682 5.72732 4.52462 4.11867 4.35685 4.33085 5.37112 7.80564 8.27363 8.06801 5.71799 4.92172 6.88823 8.54044 8.66707 8.51329 6.56089 6.97266 5.91806 4.48901 4.09347 3.46627 2.14428 2.77591 1.80659 2.21739 2.09694 2.84055 3.20122 4.08643 3.02192 3.02147 4.41709 5.12238 5.13724 5.87785 6.14016 6.20687 6.22151 6.23105 6.23105 6.23929 6.22873 6.21379 6.19503 6.155 6.06564 5.7976 4.37554 4.37171 4.75328 5.11431 5.7724 5.95059
-9999 -9999 -9999 -9999 -9999 -9999 -9999 0.303337 2.6274 5.75963 8.07898 8.22165 9.34768 9.92743 9.45234 8.91785 8.3711 8.13038 6.71719 5.16511 3.9104 2.42572 2.66626 3.72625 5.45818 7.02938 7.30696 6.97722 5.7131 6.30161 7.64151 8.35123 8.55792 8.38865 7.96069 7.71205 6.93455 6.59578 5.51732 3.83286 3.16743 3.58359 1.79536 1.9167 2.57325 1.86185 3.01409 3.56362 2.19 3.26771 4.50624 5.13802 5.69011 5.94998 6.05189 6.20965 6.211 6.22148 6.22563 6.21986 6.21611 6.18613 6.16035 6.00611 5.78051 4.46092 3.89876 4.0009 4.60344 5.13056 5.67451 5.89791
-9999 -9999 -9999 -9999 -9999 -9999 -9999 0.693363 2.78558 5.50104 7.15376 7.44678 8.69587 9.80625 9.67874 9.12272 8.95125 8.3751 7.17604 5.85189 4.40478 3.69949 2.08229 3.66743 4.91648 6.24647 6.8665 5.8259 5.30431 6.21681 7.12405 7.48417 8.40069 8.38839 8.08503 6.78871 6.15495 6.4182 6.14412 5.66654 4.506 4.45115 3.70437 3.39302 3.09869 2.14303 2.74204 2.79872 2.95348 4.25367 4.89666 5.322 5.70868 5.80804 5.97457 6.19151 6.20788 6.21264 6.20835 6.20895 6.18904 6.12252 6.06557 5.75994 5.2221 4.22236 2.59541 3.72701 4.91061 5.25547 5.59272 5.76762
-9999 -9999 -9999 -9999 -9999 -9999 -9999 0.329617 2.55248 4.87284 5.8411 6.00282 8.26607 9.65067 9.64993 9.38469 9.0754 7.6567 7.73662 7.45026 6.14448 4.24389 2.15674 2.34853 3.58365 5.33945 5.91839 4.20417 3.59809 4.03716 5.41097 6.64041 7.92439 8.24789 7.86665 5.85061 3.70844 4.69719 5.75391 5.74479 5.43052 4.35389 4.00968 3.69771 2.91111 1.57738 1.76476 2.12986 3.6014 4.06692 4.78808 5.38654 5.15657 5.28619 5.85871 6.1859 6.19523 6.19788 6.20537 6.19422 6.17073 6.04221 5.90614 5.6804 4.2857 3.41657 2.14747 3.60223 4.40756 4.8255 5.59229 5.77168
-9999 -9999 -9999 -9999 -9999 -9999 -9999 -0.366206 1.24606 3.46382 4.35572 5.78033 7.91896 8.96925 9.47108 9.45683 9.24962 8.61256 8.22822 7.4739 6.1156 4.25944 2.19643 0.852049 1.52977 3.89172 4.44574 2.86656 2.06341 3.05489 4.5192 6.68932 7.92771 8.09186 7.97605 7.5576 5.99268 4.10268 4.10582 5.04881 4.25375 3.33017 3.83289 3.73575 2.95898 2.39297 2.03824 2.24356 3.08266 3.42858 4.26209 5.49397 5.66767 5.62944 6.14631 6.16916 6.17807 6.19437 6.19029 6.1819 6.16249 6.05699 5.82537 4.89576 4.08438 2.95721 2.81366 4.10107 4.66092 5.18215 5.55589 5.6746
-9999 -9999 -9999 -9999 -9999 -9999 -9999 -1.55938 0.338143 2.41554 4.3605 6.20047 7.78363 7.90312 8.73661 8.7324 9.16754 9.03872 8.4478 7.81191 6.64104 4.25755 2.25264 0.0663516 0.6378 3.04852 3.35185 2.29481 0.345375 2.35022 4.56165 6.56562 7.6488 6.79314 7.66288 7.5877 6.99921 5.87271 4.12306 4.15277 2.8407 2.78037 3.44905 3.66371 3.54821 3.1224 2.44021 2.5433 3.0502 3.17725 3.94287 4.89767 5.83111 5.98524 6.16066 6.16509 6.1647 6.17593 6.17433 6.15118 6.09949 5.98934 5.20955 4.28277 3.71005 2.92334 2.82376 4.315 4.90009 5.22424 5.54646 5.67086
-9999 -9999 -9999 -9999 -9999 -9999 -9999 -9999 0.136819 2.28314 3.87057 4.29583 5.70274 6.461 7.04702 7.17443 8.8523 8.94164 8.56571 7.98123 6.98199 5.17237 3.91028 1.81295 0.304226 0.911937 1.19099 1.73979 1.57263 2.46449 4.58935 6.80337 7.04155 5.62897 5.83403 6.12531 6.78254 6.44396 4.06109 2.84875 1.84182 2.55116 3.2975 3.47536 3.50803 3.35966 3.17916 2.8818 3.88108 4.61956 4.788 5.43155 5.90583 6.03436 6.1304 6.13935 6.14849 6.14531 6.11402 6.09027 5.96666 5.69411 4.82235 2.73138 2.82438 2.59407 1.94021 3.39698 4.3039 5.12759 5.56301 5.67189
-9999 -9999 -9999 -9999 -9999 -9999 -9999 -9999 -0.585219 1.89869 2.42106 2.37909 1.55277 1.92878 4.97802 5.58946 7.19843 8.72165 8.60603 8.03246 7.09721 6.0178 4.34864 1.99022 0.115337 -0.683384 1.32242 3.29194 3.69595 4.32302 5.62345 5.86743 4.4237 3.06968 3.82417 4.27726 6.01368 6.32772 5.98602 4.54882 2.90605 2.04673 3.05307 3.18428 3.24103 3.24909 3.20747 3.15629 4.27998 4.90189 5.33219 5.56483 5.97146 6.07294 6.10312 6.13137 6.12059 6.09605 6.0278 5.95057 5.62246 5.22587 3.80052 2.61131 1.86794 0.925355 3.03437 3.65042 4.5056 5.05714 5.4901 5.58115
