Test_Spring_2018/12_17/Temp/20171204_009.txt
ncols	170
nrows	115
xllcorner	350000.000000
yllcorner	4445000.000000
cellsize	1000.000000
nodata_value	-9999.000000
[rows 32 to 63 of 115, columns 72 to 143 of 170]
9.63122 9.30524 9.81836 10.2911 10.0035 9.81562 10.5899 10.5933 10.3337 9.7193 9.49625 9.26492 9.1247 8.3358 6.11536 4.11407 5.19245 5.22185 4.48275 5.81888 5.11882 3.28652 0.698315 2.11061 1.74744 -0.0881483 -0.537808 -9999 -9999 -9999 -9999 -9999 -9999 -9999 -9999 -9999 -9999 -9999 -9999 -9999 -9999 -9999 -9999 -9999 -9999 -9999 -9999 -9999 -9999 -9999 -9999 -9999 -9999 -9999 -9999 -9999 -9999 -9999 -9999 -9999 -9999 -9999 -9999 -9999 -9999 -9999 -9999 -9999 -9999 -9999 -9999 -9999
9.19966 9.06179 9.82272 9.8105 9.7637 10.0368 10.5191 10.6181 10.519 10.2531 10.0235 9.77913 9.15319 8.25017 6.35042 4.0719 3.55817 4.67916 4.73664 4.92001 4.28235 3.48036 2.22356 3.25929 3.66362 2.45911 0.87995 -0.134652 -9999 -9999 -9999 -9999 -9999 -9999 -9999 -9999 -9999 -9999 -9999 -9999 -9999 -9999 -9999 -9999 -9999 -9999 -9999 -9999 -9999 -9999 -9999 -9999 -9999 -9999 -9999 -9999 -9999 -9999 -9999 -9999 -9999 -9999 -9999 -9999 -9999 -9999 -9999 -9999 -9999 -9999 -9999 -9999
8.68312 7.95248 8.41256 8.75889 9.39198 9.55908 9.65769 10.5645 10.5203 10.4821 10.1003 9.79569 9.28858 8.41965 7.18087 5.68856 3.08723 4.6976 5.95941 5.93104 5.86593 5.30518 4.0979 5.11454 5.16558 3.62568 1.87 0.840597 0.417063 -9999 -9999 -9999 -9999 -9999 -9999 -9999 -9999 -9999 -9999 -9999 -9999 -9999 -9999 -9999 -9999 -9999 -9999 -9999 -9999 -9999 -9999 -9999 -9999 -9999 -9999 -9999 -9999 -9999 -9999 -9999 -9999 -9999 -9999 -9999 -9999 -9999 -9999 -9999 -9999 -9999 -9999 -9999
8.09464 7.20132 7.66419 8.28055 9.14661 9.59488 9.93745 10.2112 10.4903 10.4615 10.0706 8.90864 8.74608 8.69961 7.89077 6.18891 4.48927 4.05188 5.97472 6.52778 6.41961 6.85179 5.82962 6.31789 6.12257 5.57922 3.89201 2.35349 1.72013 0.464893 -9999 -9999 -9999 -9999 -9999 -9999 -9999 -9999 -9999 -9999 -9999 -9999 -9999 -9999 -9999 -9999 -9999 -9999 -9999 -9999 -9999 -9999 -9999 -9999 -9999 -9999 -9999 -9999 -9999 -9999 -9999 -9999 -9999 -9999 -9999 -9999 -9999 -9999 -9999 -9999 -9999 -9999
-9999 -9999 6.65044 7.48597 8.1803 9.02657 9.75753 10.1268 10.4858 10.4609 9.6758 9.29378 9.26402 8.73543 7.80109 7.21617 6.14753 5.03393 5.46468 7.10492 6.38071 7.5437 7.44911 7.66558 6.8939 5.42657 3.46903 2.32603 1.75978 0.743308 -9999 -9999 -9999 -9999 -9999 -9999 -9999 -9999 -9999 -9999 -9999 -9999 -9999 -9999 -9999 -9999 -9999 -9999 -9999 -9999 -9999 -9999 -9999 -9999 -9999 -9999 -9999 -9999 -9999 -9999 -9999 -9999 -9999 -9999 -9999 -9999 -9999 -9999 -9999 -9999 -9999 -9999
-9999 -9999 -9999 7.34267 7.87253 9.00635 9.58943 9.83038 10.407 10.4121 10.1171 9.89543 9.57196 9.14826 8.44709 7.67306 6.66825 6.57885 7.62953 7.64625 7.43124 7.60668 8.14795 8.0095 6.81266 4.74487 3.65414 1.43201 0.483437 0.584815 -0.0862534 -9999 -9999 -9999 -9999 -9999 -9999 -9999 -9999 -9999 -9999 -9999 -9999 2.56031 -9999 -9999 -9999 -9999 -9999 -9999 -9999 -9999 -9999 -9999 -9999 -9999 -9999 -9999 -9999 -9999 -9999 -9999 -9999 -9999 -1.37819 -9999 -9999 -9999 -9999 -9999 -9999 -9999
-9999 -9999 7.24932 7.95511 8.50817 9.22022 9.29024 9.71385 10.3763 10.3898 10.1817 9.94615 9.41163 9.28226 8.88492 8.04423 7.87546 8.22188 8.38351 8.5661 8.67988 8.59414 8.37975 8.10153 7.32908 6.37212 5.73095 3.70306 2.67772 1.6987 0.215091 -0.944533 -9999 -9999 -9999 -9999 -9999 -9999 -9999 1.77269 1.72264 1.75433 2.08592 2.99199 2.46805 -9999 -9999 -9999 -9999 -9999 -9999 -9999 -9999 -9999 -9999 -9999 -9999 -9999 -9999 -9999 -9999 -9999 -9999 -9999 -0.555568 -1.72029 -9999 -9999 -9999 -9999 -9999 -9999
-9999 -9999 7.44667 8.1928 8.56724 9.25893 9.65626 9.91412 10.1462 10.3683 10.3356 10.0745 9.67534 9.68208 9.1305 8.835 8.62515 9.09236 9.18787 9.00592 8.7766 8.57411 7.9947 7.93059 7.74181 7.13556 6.1383 5.11059 3.62361 1.60797 -0.36852 -1.96184 -9999 -9999 -9999 -9999 -9999 -9999 1.94509 2.69856 3.15212 2.20438 3.02397 3.77356 3.66006 2.94557 -9999 -9999 -9999 -9999 -9999 -9999 -9999 -9999 -9999 -9999 -9999 -9999 -9999 -9999 4.9816 3.78677 1.3671 0.130133 -0.609186 -1.66748 -9999 -9999 -9999 -9999 -9999 -9999
-9999 -9999 7.3085 8.18908 8.78681 9.31781 9.40588 9.94939 10.1863 10.3074 10.2976 10.2491 10.179 9.69811 9.49371 8.7648 9.47046 9.44803 9.27455 8.57567 8.27479 7.07176 6.54423 6.42684 7.44484 6.69807 5.13536 3.18106 0.83076 0.68119 -0.0931327 -1.51681 -9999 -9999 -9999 -9999 -9999 -9999 2.18633 2.99192 3.66527 3.76795 2.82605 4.1539 4.11012 3.37577 3.21334 3.82536 4.13824 3.91432 4.64665 4.86399 4.54237 4.90598 -9999 -9999 -9999 -9999 5.14522 5.1994 5.24191 4.74764 2.10371 0.300229 -1.3184 -1.46001 -9999 -9999 -9999 -9999 -9999 -9999
-9999 -9999 7.92467 8.46825 8.74499 8.79298 9.26992 9.74534 10.0379 10.2541 10.2154 10.2022 10.1881 10.0265 9.64534 9.71903 9.69213 9.4714 8.13765 6.58008 7.26459 6.34077 4.35844 5.97414 6.86314 6.01643 4.12198 1.9248 1.20639 1.23991 0.161404 -1.22648 -9999 -9999 -9999 -0.00669373 1.14425 1.24922 1.59243 2.66523 3.4827 4.09951 4.52174 4.5136 4.082 3.36381 2.58265 2.86845 4.28889 4.63923 4.93733 5.16228 4.86394 5.02795 5.41124 5.61172 5.6564 5.57253 5.5575 5.59395 5.5546 5.09377 2.72941 1.37935 0.520722 -1.20553 -9999 -9999 -9999 -9999 -9999 -9999
-9999 -9999 7.59477 8.06792 8.45183 9.08556 9.15606 9.55932 9.79936 10.154 10.1978 9.78952 10.1347 10.095 10.0356 9.90483 9.71105 8.58595 7.03349 5.47704 4.76047 5.07021 3.87987 4.49603 5.39676 5.07167 3.91119 1.95405 1.68097 1.22723 -0.589378 -2.33776 -9999 -9999 -2.22492 -0.0214541 1.53172 2.33553 2.58831 2.61757 3.64617 3.73208 4.83905 4.58638 3.13767 3.30709 2.74531 3.11792 3.64319 3.79082 4.54202 5.26716 5.40773 5.41574 5.66144 5.71578 5.73343 5.73221 5.57415 5.65438 5.67166 5.38669 3.67551 2.84472 1.93044 -1.17314 -9999 -9999 -9999 -9999 -9999 -9999
-9999 -9999 7.84349 8.37188 8.95017 9.04685 9.47628 9.4359 9.31783 9.91545 10.1353 9.8483 9.64301 10.0336 10.0113 9.96443 9.88433 8.82737 7.60339 5.7481 4.59664 3.89291 3.39449 2.72758 3.19162 3.05366 2.86768 3.08805 2.5517 1.47825 0.416177 -1.57442 -2.64916 -9999 -2.09707 -1.10009 0.746173 2.31617 3.3149 2.96327 4.13222 4.35365 5.03 4.64163 3.76504 3.3914 3.36324 3.25267 4.04167 4.57371 4.95038 5.20402 5.5201 5.60352 5.68725 5.72493 5.74765 5.77076 5.7719 5.77117 5.74221 5.63896 4.85576 4.02787 2.2287 -1.06075 -9999 -9999 -9999 -9999 -9999 -9999
-9999 6.32153 7.79288 8.67652 9.02074 9.27014 9.49043 9.65094 9.81867 9.97611 10.0863 10.0441 9.27739 9.34475 9.48777 9.92985 9.90304 9.81143 9.14415 6.88581 6.10699 4.9678 3.49148 2.876 3.18816 4.40409 4.35295 3.55277 2.6607 1.4249 0.640232 -0.579099 -2.92304 -2.70781 -1.64592 -0.854352 0.402022 2.31999 3.66625 4.27012 4.50175 4.9783 5.22903 4.69532 4.18901 3.97874 3.58413 3.53336 3.54198 4.02077 4.39476 5.22156 5.50288 5.63495 5.70399 5.74325 5.77313 5.8028 5.8165 5.80614 5.81279 5.81258 5.76206 4.65639 1.88058 -0.204685 -9999 -9999 -9999 -9999 -9999 -9999
-9999 -9999 7.53088 7.92134 8.02596 8.20659 8.57299 8.995 9.59095 9.6712 10.002 10.0043 9.34367 8.58081 9.25378 9.52383 9.80355 9.81619 9.73394 7.83575 6.84488 6.06535 4.64987 5.16448 5.65369 5.6936 5.40321 3.684 1.97181 -0.00427165 -1.84848 -1.93343 -2.92454 -2.39438 -1.69148 0.106639 1.37372 1.89073 2.26374 4.21379 4.72487 4.9047 5.40827 4.73527 4.57125 4.06719 4.22483 4.18606 4.19472 2.78712 4.20974 4.29875 5.22734 5.64747 5.74681 5.77696 5.8089 5.81808 5.82852 5.82973 5.84494 5.83783 5.83035 5.11457 1.59129 -0.169451 -9999 -9999 -9999 -9999 -9999 -9999
-9999 -9999 -9999 -9999 7.67009 7.96873 8.16144 8.49259 9.49942 9.77381 9.95763 9.97722 9.68543 8.92996 8.73459 8.87845 8.14187 8.76639 9.61855 9.60132 9.50212 7.83426 6.98239 7.81336 7.56472 6.31125 5.32533 4.35228 2.34711 0.878647 -1.2355 -2.82211 -2.87849 -1.12002 0.341345 2.1608 2.96651 2.51591 3.01509 3.98649 5.08935 5.62572 5.50658 4.7969 4.70456 3.92407 4.70335 4.77552 4.42176 4.11658 4.24536 4.70739 4.88662 5.61391 5.79348 5.82925 5.83934 5.84707 5.84902 5.85033 5.84801 5.84715 5.84433 5.81955 2.19786 -0.613846 -9999 -9999 -9999 -9999 -9999 -9999
-9999 -9999 -9999 -9999 6.98277 7.16598 7.64224 8.86005 9.49817 9.75892 9.75436 9.87744 9.67301 9.00917 8.32767 7.68532 6.85545 7.33726 8.60417 9.35255 9.44092 7.97934 8.74488 8.46256 7.90288 6.26263 5.05451 4.4153 2.4903 0.841313 -0.564208 -2.50587 -1.67048 -0.7505 0.430445 2.41501 3.75591 4.31006 3.85479 4.47798 5.74626 5.75933 5.075 5.12602 4.71332 3.64451 4.77003 5.09104 4.843 4.91446 4.82477 4.99995 5.31466 5.61572 5.81735 5.84842 5.85601 5.8542 5.85882 5.86514 5.85735 5.86524 5.8625 5.852 3.51739 -0.65763 -9999 -9999 -9999 -9999 -9999 -9999
-9999 -9999 -9999 -9999 -9999 6.36167 7.44402 9.05946 9.46173 9.42917 9.76614 9.79917 9.48297 9.2092 8.38097 7.24772 5.06638 5.62788 6.79445 8.47445 9.35905 9.24375 8.75685 7.90881 5.85217 4.05257 3.83649 3.54419 2.14009 0.87057 -0.692409 0.218208 1.21566 2.30688 2.88236 2.73848 3.88815 4.8267 4.43594 5.19914 6.08872 5.69412 5.46332 5.27065 4.79248 4.7696 4.8267 5.46848 5.03463 5.3106 5.32241 5.31236 5.46794 5.64609 5.83287 5.86712 5.87191 5.87949 5.86327 5.87627 5.87202 5.8686 5.8667 5.85889 5.65545 3.41227 2.07395 -9999 -9999 -9999 -9999 -9999
-9999 -9999 -9999 -9999 -9999 5.37624 5.91776 7.83033 8.42197 9.26941 9.72137 9.74632 9.20938 8.91236 7.67581 7.27806 5.26073 4.34978 5.1312 4.83797 7.14953 9.19524 8.75401 4.63522 3.14533 2.08343 2.35987 2.36533 1.97659 -0.185854 -0.779303 1.16203 2.38586 3.33517 4.05655 4.21045 4.19063 5.65577 5.85523 6.3353 6.23813 6.28819 5.55733 5.10746 5.51371 5.06068 4.98857 5.65138 5.01072 5.60135 5.53737 5.36703 5.36283 5.75285 5.83539 5.8809 5.88782 5.87723 5.86272 5.85732 5.87609 5.87726 5.86354 5.87285 5.86059 5.60458 4.44708 4.04901 4.51101 -9999 -9999 -9999
-9999 -9999 -9999 -9999 -9999 -9999 4.14751 6.8042 8.01839 8.65923 9.56008 9.67251 9.3888 8.87149 7.61193 6.50491 4.70206 2.64234 1.55317 4.83042 7.68311 9.17375 8.9817 5.55386 4.20295 4.14331 4.94395 4.27399 3.76658 2.12383 1.63559 0.95584 1.38052 2.70203 3.78289 4.82569 5.5854 5.65214 6.14743 6.4345 6.46347 6.55766 6.47717 6.41268 5.70931 6.20722 5.79676 6.02431 5.88793 5.76515 5.65965 5.25798 5.5505 5.8099 5.88008 5.90479 5.89357 5.89444 5.88852 5.87005 5.86589 5.8712 5.87641 5.87154 5.88 5.87968 5.75858 5.06602 4.13546 2.95706 -9999 -9999
-9999 -9999 -9999 -9999 -9999 -9999 2.8322 5.47598 6.75024 8.3919 9.23826 9.58447 9.54384 9.12549 8.16954 6.72836 5.5286 3.22866 0.840248 4.27974 7.34396 8.99937 9.09073 6.21051 7.01339 6.37065 6.63459 5.45496 4.96678 4.58045 3.73462 2.80947 1.7968 1.26383 3.68466 4.93001 5.93336 6.40925 6.68072 6.81912 6.75342 6.57806 5.51088 6.33521 6.2993 6.22421 6.13708 6.09802 6.01927 5.9252 5.87138 5.85566 5.59045 5.90157 5.89924 5.90735 5.91292 5.90934 5.89894 5.89097 5.88043 5.88712 5.88516 5.88266 5.88386 5.89244 5.89323 5.86413 5.68697 4.10102 3.15585 2.89849
-9999 -9999 -9999 -9999 -9999 -9999 -0.867753 2.97697 6.06563 7.68182 8.99781 9.36263 9.50171 8.9388 8.51904 7.48726 6.51048 5.00095 2.73747 1.34549 3.92157 7.66454 9.0462 8.94194 8.8593 8.11577 7.44599 7.36434 7.41828 6.63697 5.49841 4.01019 3.54915 3.03008 4.8342 5.08266 4.9557 6.93975 6.94936 6.84218 6.09042 5.24845 5.41519 4.89701 5.30659 4.68715 5.26845 5.77164 5.96315 5.95336 5.89243 5.88991 5.86481 5.92304 5.92617 5.92165 5.91929 5.92024 5.91769 5.90001 5.8928 5.90751 5.89879 5.89467 5.89282 5.90361 5.90845 5.88903 5.87215 5.63578 5.27566 4.58265
-9999 -9999 -9999 -9999 -9999 -9999 -0.69337 2.53947 5.28364 6.93077 8.51513 8.88599 9.4236 9.31293 8.87296 7.97661 6.85563 5.61403 3.67275 2.231 3.95552 6.44171 8.22327 8.86385 8.86014 8.82093 8.65547 8.58886 8.39555 8.25748 7.44223 6.03749 5.24487 4.08337 6.09351 6.32278 6.01338 7.01927 6.97393 5.46494 4.30609 4.1665 4.88239 4.2126 4.10137 3.68723 4.16844 5.44798 5.08272 5.16154 5.74396 5.84395 5.9104 5.93103 5.93115 5.93259 5.92714 5.93326 5.93969 5.92246 5.91786 5.91903 5.90388 5.90717 5.89977 5.90109 5.90078 5.89421 5.87929 5.81811 5.75137 5.84149
-9999 -9999 -9999 -9999 -9999 -9999 -0.616841 1.55718 4.0271 6.45075 8.14243 8.82734 9.32725 9.32629 8.81405 8.37067 7.66956 6.57768 5.83009 4.52889 2.7414 5.74951 6.67442 7.49997 7.84969 8.71018 8.69261 8.30321 7.84716 8.27366 8.15358 7.04185 6.67873 6.06328 7.18301 7.18972 7.16306 7.10776 5.83337 4.06034 2.64436 3.67242 3.4642 3.93933 2.49242 3.69652 4.66547 4.98358 4.33516 3.85477 5.36147 5.61645 5.76893 5.86812 5.93476 5.92415 5.94408 5.94009 5.94085 5.94155 5.9346 5.93313 5.92681 5.92055 5.91533 5.91826 5.90968 5.89832 5.9056 5.87749 5.87101 5.86771
-9999 -9999 -9999 -9999 -9999 -9999 -9999 0.285102 3.41388 6.20901 7.767 8.74837 9.22861 9.22418 8.96427 8.66445 8.23121 7.44455 6.45524 4.8894 3.72803 4.47201 5.3782 5.48317 6.08724 7.83194 8.43019 7.59051 5.50726 6.74197 8.11741 8.09856 7.98504 7.85778 7.6926 7.54564 7.21942 6.33864 3.63131 3.10398 2.04532 2.17159 1.63127 2.82888 2.39083 3.62117 4.15752 4.36336 3.23642 3.48117 4.8185 5.34997 5.26725 5.5951 5.90817 5.92305 5.93679 5.93392 5.94596 5.95413 5.95506 5.94785 5.9445 5.9442 5.9268 5.94196 5.84954 5.79252 5.6682 5.84101 5.86496 5.88637
-9999 -9999 -9999 -9999 -9999 -9999 -9999 -0.329398 2.79449 6.08564 7.14509 8.20275 9.11622 9.13813 8.73864 8.35895 7.96774 7.52176 6.32084 5.15638 4.0448 3.67439 3.90321 3.8883 4.86339 7.13543 7.57818 7.39431 5.21988 4.48652 6.32303 7.86712 7.99208 7.8562 6.04728 6.43761 5.46405 4.14231 3.78214 3.20666 1.98507 2.58093 1.68772 2.07842 1.98311 2.68394 3.02847 3.8608 2.87929 2.88914 4.20261 4.86657 4.88806 5.58454 5.83609 5.90579 5.92729 5.94442 5.95314 5.97009 5.97013 5.96673 5.96037 5.93475 5.86373 5.62969 4.33123 4.34126 4.70966 5.05868 5.68959 5.87455
-9999 -9999 -9999 -9999 -9999 -9999 -9999 0.0394043 2.2084 5.12917 7.2938 7.43367 8.48825 9.03468 8.59989 8.10983 7.60837 7.39159 6.08419 4.64761 3.48769 2.11388 2.34493 3.33827 4.95887 6.42787 6.69353 6.39424 5.23031 5.78518 7.03892 7.70643 7.90598 7.75583 7.36508 7.1412 6.42547 6.11798 5.12259 3.56365 2.95278 3.34816 1.69313 1.8145 2.43378 1.7895 2.87026 3.39027 2.1212 3.14173 4.30213 4.89791 5.41941 5.66898 5.77162 5.92631 5.93571 5.95391 5.96662 5.97057 5.97689 5.95933 5.94619 5.814 5.61584 4.40037 3.90466 4.0127 4.58611 5.08916 5.62165 5.84112
-9999 -9999 -9999 -9999 -9999 -9999 -9999 0.416218 2.36953 4.9026 6.44711 6.72683 7.89588 8.93592 8.82445 8.31439 8.16205 7.63328 6.52511 5.30061 3.96177 3.31301 1.81602 3.29791 4.46944 5.7141 6.29837 5.34265 4.86504 5.72138 6.57277 6.91519 7.77516 7.77114 7.49641 6.29807 5.71613 5.96872 5.7216 5.28532 4.21388 4.17109 3.48478 3.20359 2.93831 2.06706 2.63312 2.69464 2.85493 4.07541 4.68198 5.08593 5.45379 5.55432 5.71733 5.92732 5.95091 5.96396 5.96892 5.97881 5.97004 5.91833 5.87596 5.60265 5.11368 4.19533 2.7092 3.77435 4.88782 5.22926 5.56155 5.73572
-9999 -9999 -9999 -9999 -9999 -9999 -9999 0.0918179 2.16663 4.33216 5.23996 5.39753 7.50996 8.80508 8.81154 8.57199 8.29149 6.97902 7.06061 6.80152 5.5942 3.83361 1.89954 2.08538 3.24338 4.88488 5.43098 3.849 3.29288 3.70893 4.99444 6.14563 7.34752 7.65598 7.30891 5.44118 3.45619 4.38369 5.37453 5.37403 5.08979 4.09652 3.78466 3.50286 2.77964 1.55412 1.74002 2.08842 3.47651 3.91828 4.5977 5.16287 4.95733 5.08623 5.62713 5.93989 5.95711 5.96834 5.98432 5.98328 5.97111 5.8616 5.74541 5.54615 4.25981 3.46262 2.30497 3.67475 4.43597 4.85237 5.57728 5.75548
-9999 -9999 -9999 -9999 -9999 -9999 -9999 -0.541531 0.965277 3.03533 3.87209 5.20438 7.20088 8.18502 8.659 8.65294 8.46741 7.88208 7.53186 6.83753 5.58141 3.86224 1.95069 0.70765 1.34562 3.55268 4.0802 2.6196 1.88027 2.81028 4.18009 6.20641 7.36601 7.52634 7.42627 7.04471 5.59676 3.84648 3.8573 4.74248 4.01101 3.1601 3.63605 3.55409 2.84 2.32201 2.01041 2.21827 3.01045 3.34107 4.12515 5.2797 5.44984 5.42281 5.91213 5.94197 5.95895 5.98296 5.98823 5.98975 5.9813 5.89306 5.68782 4.8336 4.08963 3.05213 2.92979 4.15526 4.69681 5.20054 5.55966 5.68131
-9999 -9999 -9999 -9999 -9999 -9999 -9999 -1.63757 0.134561 2.07402 3.89031 5.60895 7.08873 7.20703 7.98952 7.99283 8.40485 8.29233 7.75001 7.1659 6.08422 3.87458 2.01717 -0.00893242 0.530268 2.78205 3.07797 2.10259 0.297087 2.16985 4.23473 6.10661 7.12193 6.33372 7.15049 7.08833 6.5487 5.50869 3.88909 3.92475 2.71237 2.66447 3.29481 3.50291 3.40396 3.01642 2.39718 2.51336 2.99669 3.12384 3.84491 4.74187 5.6189 5.77097 5.94284 5.95568 5.96412 5.98348 5.99108 5.97884 5.94028 5.84762 5.13231 4.28054 3.75838 3.03739 2.95574 4.36562 4.93579 5.2561 5.56719 5.69407
-9999 -9999 -9999 -9999 -9999 -9999 -9999 -9999 -0.0389283 1.96461 3.44828 3.85091 5.16672 5.8792 6.4315 6.55724 8.12531 8.21576 7.87348 7.33728 6.41533 4.73961 3.57326 1.63001 0.234332 0.813462 1.0826 1.60111 1.45361 2.29117 4.27563 6.34299 6.57239 5.26621 5.46477 5.74355 6.36276 6.0557 3.8471 2.72742 1.79891 2.46698 3.16958 3.34348 3.38242 3.25303 3.10825 2.84724 3.78593 4.48197 4.64769 5.25529 5.70536 5.83376 5.93192 5.94906 5.96644 5.97243 5.95241 5.93956 5.83403 5.5902 4.78922 2.85438 2.95134 2.74778 2.15043 3.52655 4.4049 5.18255 5.59891 5.71133
-9999 -9999 -9999 -9999 -9999 -9999 -9999 -9999 -0.696834 1.62068 2.11358 2.08156 1.31997 1.67684 4.52045 5.09646 6.60046 8.02477 7.9247 7.39872 6.53638 5.54002 3.99513 1.80914 0.0729729 -0.656865 1.21843 3.05971 3.44362 4.03499 5.25267 5.48759 4.15253 2.9009 3.61061 4.03994 5.66305 5.9631 5.65323 4.3244 2.80444 2.01338 2.95788 3.08844 3.14986 3.16609 3.14488 3.11473 4.17326 4.76101 5.17046 5.39597 5.78326 5.88662 5.92361 5.95878 5.95767 5.94379 5.88936 5.82671 5.53087 5.17156 3.85553 2.75942 2.0783 1.21212 3.18477 3.77889 4.60244 5.1333 5.54739 5.64325
