Test_Spring_2018/12_17/Temp/20171202_000.txt
ncols	170
nrows	115
xllcorner	350000.000000
yllcorner	4445000.000000
cellsize	1000.000000
nodata_value	-9999.000000
[rows 32 to 63 of 115, columns 72 to 143 of 170]
11.0643 10.7679 11.2492 11.6932 11.4439 11.283 12.0104 12.0194 11.7844 11.2205 11.0191 10.8099 10.685 9.95887 7.90602 6.05625 7.06054 7.09277 6.41292 7.65635 7.01294 5.32037 2.92741 4.24193 3.91115 2.21955 1.81466 -9999 -9999 -9999 -9999 -9999 -9999 -9999 -9999 -9999 -9999 -9999 -9999 -9999 -9999 -9999 -9999 -9999 -9999 -9999 -9999 -9999 -9999 -9999 -9999 -9999 -9999 -9999 -9999 -9999 -9999 -9999 -9999 -9999 -9999 -9999 -9999 -9999 -9999 -9999 -9999 -9999 -9999 -9999 -9999 -9999
10.6744 10.5522 11.2631 11.2577 11.2247 11.498 11.9549 12.0524 11.9663 11.7254 11.518 11.2967 10.7218 9.88994 8.13435 6.02773 5.55659 6.60045 6.6588 6.83393 6.2483 5.51052 4.35137 5.31689 5.69735 4.58672 3.13924 2.21126 -9999 -9999 -9999 -9999 -9999 -9999 -9999 -9999 -9999 -9999 -9999 -9999 -9999 -9999 -9999 -9999 -9999 -9999 -9999 -9999 -9999 -9999 -9999 -9999 -9999 -9999 -9999 -9999 -9999 -9999 -9999 -9999 -9999 -9999 -9999 -9999 -9999 -9999 -9999 -9999 -9999 -9999 -9999 -9999
10.2056 9.5341 9.96619 10.293 10.8973 11.0693 11.1666 12.0128 11.9776 11.9478 11.5994 11.3224 10.8577 10.0575 8.9145 7.5365 5.13075 6.62813 7.80255 7.78142 7.72637 7.21213 6.09885 7.04668 7.09976 5.68438 4.07442 3.12595 2.73887 -9999 -9999 -9999 -9999 -9999 -9999 -9999 -9999 -9999 -9999 -9999 -9999 -9999 -9999 -9999 -9999 -9999 -9999 -9999 -9999 -9999 -9999 -9999 -9999 -9999 -9999 -9999 -9999 -9999 -9999 -9999 -9999 -9999 -9999 -9999 -9999 -9999 -9999 -9999 -9999 -9999 -9999 -9999
9.67015 8.84786 9.28253 9.85959 10.6762 11.1048 11.436 11.6955 11.96 11.939 11.5823 10.5108 10.3654 10.3275 9.58296 8.01077 6.44063 6.04026 7.82724 8.34491 8.24993 8.65585 7.71413 8.17234 7.99718 7.50603 5.95401 4.53893 3.95758 2.7998 -9999 -9999 -9999 -9999 -9999 -9999 -9999 -9999 -9999 -9999 -9999 -9999 -9999 -9999 -9999 -9999 -9999 -9999 -9999 -9999 -9999 -9999 -9999 -9999 -9999 -9999 -9999 -9999 -9999 -9999 -9999 -9999 -9999 -9999 -9999 -9999 -9999 -9999 -9999 -9999 -9999 -9999
-9999 -9999 8.35289 9.14079 9.79392 10.5879 11.2793 11.6275 11.9661 11.9488 11.2269 10.8783 10.856 10.3713 9.51043 8.97332 7.9879 6.96082 7.365 8.89014 8.22423 9.30741 9.22534 9.43172 8.72255 7.38183 5.57261 4.52443 4.00548 3.06921 -9999 -9999 -9999 -9999 -9999 -9999 -9999 -9999 -9999 -9999 -9999 -9999 -9999 -9999 -9999 -9999 -9999 -9999 -9999 -9999 -9999 -9999 -9999 -9999 -9999 -9999 -9999 -9999 -9999 -9999 -9999 -9999 -9999 -9999 -9999 -9999 -9999 -9999 -9999 -9999 -9999 -9999
-9999 -9999 -9999 9.01775 9.51853 10.5759 11.1334 11.3629 11.9034 11.914 11.6463 11.4464 11.152 10.7645 10.1197 9.40725 8.48091 8.40291 9.38152 9.40204 9.20799 9.37599 9.88323 9.76081 8.66375 6.76044 5.75613 3.70684 2.83386 2.93379 2.31773 -9999 -9999 -9999 -9999 -9999 -9999 -9999 -9999 -9999 -9999 -9999 -9999 4.82728 -9999 -9999 -9999 -9999 -9999 -9999 -9999 -9999 -9999 -9999 -9999 -9999 -9999 -9999 -9999 -9999 -9999 -9999 -9999 -9999 1.2576 -9999 -9999 -9999 -9999 -9999 -9999 -9999
-9999 -9999 8.92734 9.59801 10.1173 10.7841 10.8586 11.265 11.8852 11.9037 11.7167 11.504 11.014 10.8992 10.5359 9.76166 9.61001 9.93578 10.0904 10.2646 10.3752 10.3011 10.1082 9.85634 9.15884 8.27867 7.69128 5.81717 4.87854 3.97756 2.60879 1.54005 -9999 -9999 -9999 -9999 -9999 -9999 -9999 4.09467 4.05188 4.08483 4.39579 5.23928 4.75775 -9999 -9999 -9999 -9999 -9999 -9999 -9999 -9999 -9999 -9999 -9999 -9999 -9999 -9999 -9999 -9999 -9999 -9999 -9999 2.03358 0.956011 -9999 -9999 -9999 -9999 -9999 -9999
-9999 -9999 9.12937 9.82765 10.1817 10.8298 11.2052 11.4606 11.6822 11.8942 11.8698 11.6335 11.2689 11.2803 10.774 10.5048 10.315 10.7525 10.8458 10.682 10.4746 10.2924 9.76126 9.708 9.55108 8.99624 8.0792 7.13403 5.76628 3.90499 2.07979 0.609412 -9999 -9999 -9999 -9999 -9999 -9999 4.26321 4.96498 5.38872 4.51386 5.27695 5.97537 5.87421 5.22305 -9999 -9999 -9999 -9999 -9999 -9999 -9999 -9999 -9999 -9999 -9999 -9999 -9999 -9999 7.17237 6.06681 3.82596 2.68103 1.99731 1.01811 -9999 -9999 -9999 -9999 -9999 -9999
-9999 -9999 9.01027 9.83341 10.3947 10.8942 10.9833 11.5015 11.7296 11.8482 11.8451 11.8059 11.7462 11.3056 11.1209 10.45 11.1084 11.092 10.9358 10.2929 10.0192 8.90974 8.42676 8.33493 9.28542 8.60071 7.16006 5.3566 3.19135 3.0576 2.34684 1.03398 -9999 -9999 -9999 -9999 -9999 -9999 4.49911 5.24897 5.8762 5.97462 5.10514 6.33937 6.30904 5.63291 5.48716 6.05944 6.35481 6.15677 6.83612 7.04305 6.75046 7.09272 -9999 -9999 -9999 -9999 7.33436 7.38687 7.42808 6.97145 4.52243 2.85216 1.35323 1.22636 -9999 -9999 -9999 -9999 -9999 -9999
-9999 -9999 9.59007 10.1012 10.3653 10.4176 10.8674 11.3225 11.6022 11.8122 11.7822 11.7754 11.7674 11.6224 11.2737 11.3463 11.3257 11.1254 9.89388 8.45519 9.09466 8.24166 6.41554 7.92438 8.75567 7.97875 6.23109 4.20301 3.55038 3.5868 2.59451 1.31849 -9999 -9999 -9999 2.47022 3.54094 3.64193 3.96341 4.96083 5.72158 6.29337 6.68792 6.68855 6.29374 5.63272 4.91375 5.18398 6.50606 6.83674 7.11814 7.33253 7.06194 7.22291 7.58317 7.77359 7.81908 7.74483 7.73377 7.76984 7.73514 7.30946 5.11583 3.8654 3.07043 1.47414 -9999 -9999 -9999 -9999 -9999 -9999
-9999 -9999 9.29465 9.74066 10.1042 10.7028 10.7762 11.1577 11.3934 11.7294 11.7759 11.4031 11.7279 11.6958 11.6451 11.528 11.3525 10.314 8.87962 7.44189 6.78294 7.07975 5.98306 6.56531 7.4077 7.11278 6.05072 4.24529 4.00043 3.59239 1.91385 0.300309 -9999 -9999 0.421922 2.46847 3.91184 4.6603 4.89778 4.92793 5.88415 5.96686 6.99605 6.76975 5.43221 5.59388 5.07526 5.42619 5.92356 6.06649 6.77234 7.4461 7.58227 7.59539 7.82841 7.8836 7.90417 7.90656 7.76289 7.8394 7.85699 7.59403 6.00907 5.23988 4.39633 1.52027 -9999 -9999 -9999 -9999 -9999 -9999
-9999 -9999 9.53797 10.0356 10.5796 10.6774 11.0834 11.0535 10.9572 11.5176 11.728 11.4675 11.2822 11.6486 11.632 11.5925 11.5221 10.5466 9.41649 7.70176 6.63978 5.99697 5.54172 4.93975 5.37795 5.25848 5.0946 5.30731 4.81802 3.83579 2.85897 1.01915 0.0295507 -9999 0.552057 1.48045 3.19531 4.65365 5.58222 5.25919 6.34529 6.55345 7.18705 6.83102 6.02366 5.6865 5.66577 5.56898 6.30611 6.80322 7.16215 7.40338 7.69877 7.78205 7.86522 7.90515 7.93053 7.9555 7.95933 7.96067 7.93522 7.84044 7.11521 6.35115 4.68435 1.63576 -9999 -9999 -9999 -9999 -9999 -9999
-9999 8.12362 9.49948 10.3266 10.6541 10.8937 11.1062 11.2631 11.4312 11.5838 11.692 11.6587 10.9529 11.0196 11.1561 11.5695 11.5483 11.4672 10.8529 8.76456 8.05073 7.00538 5.64464 5.08574 5.3836 6.5192 6.48069 5.748 4.93 3.79706 3.07732 1.95434 -0.213053 -0.00778543 0.981376 1.71932 2.88737 4.66802 5.91847 6.48074 6.69804 7.14535 7.3812 6.89432 6.43035 6.24069 5.88056 5.8394 5.85357 6.30366 6.65984 7.43081 7.6977 7.82327 7.89302 7.93456 7.96666 7.99772 8.01315 8.00547 8.01287 8.01338 7.9692 6.94495 4.37634 2.44387 -9999 -9999 -9999 -9999 -9999 -9999
-9999 -9999 9.2651 9.63552 9.74119 9.91733 10.2655 10.665 11.2298 11.3108 11.6234 11.631 11.0237 10.3208 10.9482 11.202 11.4647 11.48 11.4078 9.65775 8.74584 8.03048 6.7264 7.21498 7.67727 7.72339 7.46351 5.87945 4.30171 2.48278 0.781314 0.709585 -0.202488 0.293409 0.949831 2.62047 3.79831 4.2805 4.62887 6.43853 6.9167 7.08909 7.55988 6.94073 6.79408 6.33233 6.48417 6.45433 6.46872 5.17082 6.49883 6.58749 7.45403 7.84845 7.94424 7.97744 8.0115 8.0236 8.03596 8.03894 8.05416 8.04982 8.04553 7.38308 4.11882 2.487 -9999 -9999 -9999 -9999 -9999 -9999
-9999 -9999 -9999 -9999 9.42038 9.7061 9.89349 10.2089 11.1544 11.4153 11.5916 11.615 11.3492 10.6533 10.4758 10.6125 9.9332 10.5165 11.3119 11.3017 11.2163 9.67788 8.89933 9.67829 9.4571 8.30491 7.40072 6.50838 4.65934 3.31083 1.35929 -0.104051 -0.150023 1.48509 2.84373 4.53405 5.28421 4.86957 5.33476 6.23978 7.26533 7.76624 7.66008 7.00707 6.92697 6.20921 6.93729 7.01041 6.68907 6.41294 6.5419 6.97629 7.1484 7.82809 7.99977 8.03664 8.05047 8.06122 8.0657 8.06873 8.06959 8.07015 8.06861 8.04655 4.69111 2.0853 -9999 -9999 -9999 -9999 -9999 -9999
-9999 -9999 -9999 -9999 8.79242 8.97127 9.42151 10.5587 11.1623 11.4106 11.4122 11.5315 11.3465 10.7353 10.1072 9.51519 8.74989 9.20066 10.3798 11.0792 11.1677 9.82071 10.5412 10.2886 9.77939 8.26895 7.159 6.57617 4.80153 3.28569 1.99084 0.198425 0.97881 1.8368 2.93586 4.77887 6.02494 6.54158 6.12306 6.7039 7.88284 7.89892 7.26911 7.32122 6.94434 5.95952 7.00859 7.31241 7.08911 7.16207 7.08852 7.25704 7.55464 7.83928 8.03134 8.06481 8.07568 8.07758 8.08454 8.09305 8.08768 8.09644 8.09506 8.08634 5.92375 2.05455 -9999 -9999 -9999 -9999 -9999 -9999
-9999 -9999 -9999 -9999 -9999 8.23491 9.24682 10.7524 11.1374 11.1138 11.4318 11.4675 11.1789 10.9291 10.165 9.11805 7.10019 7.62486 8.71106 10.2739 11.1005 11.0012 10.5611 9.78443 7.88801 6.22994 6.03938 5.77805 4.48611 3.32187 1.88102 2.73179 3.66226 4.67884 5.21672 5.08727 6.15607 7.02901 6.6701 7.38079 8.20891 7.84732 7.63796 7.46439 7.02694 7.0115 7.07051 7.67162 7.27613 7.53856 7.55899 7.55574 7.70575 7.87636 8.05454 8.09086 8.09933 8.1098 8.09766 8.11211 8.11012 8.10854 8.10811 8.10204 7.91461 5.83581 4.59663 -9999 -9999 -9999 -9999 -9999
-9999 -9999 -9999 -9999 -9999 7.33066 7.84124 9.62207 10.1825 10.9743 11.3988 11.4269 10.9337 10.6628 9.52025 9.15486 7.28903 6.44929 7.17865 6.91295 9.06202 10.9655 10.5678 6.75997 5.38874 4.41425 4.68003 4.69453 4.34341 2.35158 1.80906 3.61488 4.75501 5.63998 6.313 6.45986 6.44475 7.80586 7.99387 8.44231 8.35613 8.40677 7.73415 7.32235 7.70458 7.29057 7.22985 7.85042 7.26318 7.81711 7.7672 7.61523 7.61698 7.98374 8.06516 8.1118 8.12246 8.11595 8.10562 8.10278 8.12229 8.12516 8.11399 8.12401 8.11395 7.87684 6.80536 6.43777 6.86736 -9999 -9999 -9999
-9999 -9999 -9999 -9999 -9999 -9999 6.20945 8.67966 9.81706 10.4172 11.2576 11.3667 11.1106 10.6343 9.47009 8.44752 6.78058 4.87623 3.87238 6.91561 9.56619 10.9552 10.7885 7.62088 6.37829 6.33245 7.08381 6.47214 6.01081 4.50049 4.05527 3.43186 3.83126 5.06215 6.06857 7.03841 7.74581 7.81109 8.27374 8.54298 8.57387 8.66558 8.5958 8.54125 7.89521 8.36246 7.98813 8.20525 8.08519 7.9778 7.88931 7.52272 7.79923 8.04473 8.1145 8.14289 8.13596 8.14006 8.13774 8.12365 8.12094 8.12788 8.1345 8.13164 8.14102 8.14103 8.03018 7.38979 6.52892 5.43849 -9999 -9999
-9999 -9999 -9999 -9999 -9999 -9999 4.99922 7.4572 8.65033 10.1778 10.9698 11.2976 11.2634 10.8789 9.99631 8.66426 7.55639 5.42956 3.22147 6.4154 9.26208 10.8038 10.8966 8.2393 8.99243 8.40594 8.65962 7.57532 7.13148 6.78543 6.00855 5.15754 4.22662 3.73877 5.98599 7.14364 8.07696 8.52156 8.77695 8.90935 8.85334 8.69378 7.70973 8.47894 8.45144 8.38764 8.31286 8.28275 8.21592 8.13489 8.09421 8.08504 7.84442 8.13931 8.14241 8.15352 8.16212 8.1621 8.15567 8.15141 8.14469 8.15331 8.15113 8.15073 8.15366 8.16207 8.16437 8.13898 7.97641 6.50833 5.63415 5.39807
-9999 -9999 -9999 -9999 -9999 -9999 1.57912 5.14975 8.02768 9.53099 10.7593 11.1013 11.2338 10.7156 10.3301 9.37767 8.47664 7.08246 4.99024 3.70634 6.10114 9.57743 10.8656 10.7807 10.7129 10.0327 9.42069 9.35354 9.41174 8.69956 7.65422 6.28073 5.86098 5.38416 7.05997 7.29391 7.1799 9.02232 9.03521 8.94018 8.24817 7.47346 7.63348 7.1558 7.54109 6.97275 7.5173 7.98953 8.17294 8.16975 8.12242 8.12805 8.10925 8.16927 8.17588 8.17523 8.17645 8.18065 8.18155 8.16838 8.16486 8.1816 8.17576 8.17476 8.1711 8.1817 8.18796 8.17171 8.15779 7.94048 7.60851 6.96877
-9999 -9999 -9999 -9999 -9999 -9999 1.75296 4.76269 7.3118 8.8486 10.3214 10.6692 11.1713 11.0724 10.6684 9.84172 8.80725 7.66151 5.86795 4.53793 6.14277 8.45511 10.114 10.7196 10.7237 10.6958 10.5508 10.5008 10.3294 10.2133 9.46394 8.17105 7.44122 6.36912 8.23597 8.45229 8.16938 9.1055 9.06763 7.67364 6.60446 6.48018 7.1498 6.53485 6.43767 6.05579 6.50742 7.69892 7.36963 7.44815 7.99699 8.09419 8.16259 8.18554 8.1893 8.19413 8.19248 8.20149 8.21076 8.19809 8.19709 8.2014 8.19052 8.19563 8.1916 8.19373 8.19048 8.18631 8.17435 8.11948 8.06353 8.14942
-9999 -9999 -9999 -9999 -9999 -9999 1.83384 3.86158 6.15638 8.41344 9.98582 10.6248 11.0921 11.0952 10.6245 10.2178 9.57264 8.56578 7.8785 6.6787 5.02875 7.82348 8.6896 9.46629 9.80215 10.608 10.6 10.247 9.83538 10.2371 10.136 9.11089 8.77912 8.21314 9.25496 9.26519 9.24449 9.19735 8.02063 6.38207 5.07467 6.0325 5.8449 6.29187 4.95668 6.08214 6.98595 7.28644 6.68614 6.2462 7.65169 7.89549 8.04077 8.13646 8.20181 8.19545 8.21733 8.21701 8.22107 8.22507 8.22199 8.22395 8.22134 8.21869 8.21575 8.21937 8.21386 8.21086 8.21952 8.18927 8.18488 8.18446
-9999 -9999 -9999 -9999 -9999 -9999 -9999 2.69359 5.6056 8.20107 9.64964 10.5635 11.0128 11.0128 10.7762 10.5028 10.1061 9.38231 8.47121 7.02633 5.95674 6.65331 7.50256 7.6115 8.17938 9.80427 10.3665 9.5959 7.67864 8.83418 10.1144 10.102 10.0015 9.88797 9.73692 9.60489 9.30675 8.49477 5.99024 5.50872 4.53272 4.65508 4.15991 5.27698 4.87654 6.02247 6.52517 6.72142 5.68233 5.91947 7.16664 7.66308 7.59008 7.89737 8.18674 8.20401 8.22017 8.22092 8.23549 8.24647 8.25074 8.25191 8.25243 8.25567 8.2419 8.25668 8.17365 8.12316 8.01002 8.17198 8.19577 8.22214
-9999 -9999 -9999 -9999 -9999 -9999 -9999 2.14134 5.04195 8.09717 9.08386 10.0686 10.9196 10.9443 10.5786 10.2314 9.87377 9.46579 8.35857 7.28557 6.26196 5.92556 6.14476 6.14463 7.05595 9.16913 9.58689 9.4237 7.42764 6.75398 8.46146 9.89753 10.0181 9.89672 8.22471 8.59075 7.69286 6.47244 6.1433 5.61484 4.48784 5.04532 4.22301 4.59065 4.50929 5.16432 5.48905 6.26569 5.36121 5.38085 6.60612 7.22534 7.24896 7.89792 8.13445 8.2024 8.22571 8.245 8.25658 8.27586 8.27953 8.28001 8.27772 8.2575 8.19505 7.98032 6.77713 6.78889 7.13253 7.45798 8.04648 8.22307
-9999 -9999 -9999 -9999 -9999 -9999 -9999 2.49377 4.50945 7.22151 9.23253 9.36694 10.3489 10.8599 10.4617 10.0123 9.5527 9.35717 8.15126 6.82598 5.75741 4.49091 4.71191 5.63951 7.15534 8.52396 8.77729 8.50685 7.44773 7.96781 9.1352 9.75896 9.94877 9.81428 9.45667 9.25366 8.59486 8.31447 7.39672 5.95688 5.39582 5.76742 4.239 4.3569 4.93629 4.34604 5.35287 5.83992 4.66881 5.62935 6.7089 7.26496 7.75199 7.98687 8.08548 8.23227 8.24442 8.26477 8.28007 8.2873 8.29677 8.28412 8.27551 8.1565 7.97623 6.85302 6.39267 6.49538 7.02915 7.49753 7.99907 8.20425
-9999 -9999 -9999 -9999 -9999 -9999 -9999 2.85383 4.66966 7.0225 8.45898 8.72316 9.8114 10.78 10.6816 10.2139 10.0779 9.59323 8.57191 7.44307 6.20852 5.61374 4.23308 5.61317 6.71283 7.87326 8.42157 7.55641 7.11993 7.91934 8.71385 9.03641 9.83834 9.83939 9.58944 8.4835 7.9488 8.18752 7.96325 7.56381 6.57587 6.54133 5.91053 5.65524 5.41472 4.6141 5.14381 5.20581 5.36354 6.50546 7.07175 7.45007 7.79479 7.89162 8.04627 8.2444 8.26977 8.28539 8.29353 8.30627 8.30173 8.25739 8.22167 7.97186 7.52208 6.67424 5.29597 6.28578 7.32017 7.64262 7.95552 8.11897
-9999 -9999 -9999 -9999 -9999 -9999 -9999 2.56425 4.49272 6.50503 7.35158 7.50272 9.46537 10.6706 10.6816 10.4646 10.2099 8.99899 9.08021 8.84593 7.73313 6.1078 4.32188 4.50067 5.58415 7.11576 7.62849 6.18325 5.67392 6.06529 7.26213 8.33426 9.45315 9.74391 9.42704 7.70086 5.86599 6.73024 7.65323 7.6576 7.39913 6.48366 6.19975 5.94377 5.27873 4.14725 4.32708 4.65484 5.95715 6.37091 7.00474 7.53253 7.34593 7.46916 7.9741 8.26755 8.28709 8.30106 8.31944 8.32204 8.31432 8.21638 8.11221 7.93098 6.74226 6.00672 4.93368 6.20503 6.91313 7.30826 7.98244 8.14989
-9999 -9999 -9999 -9999 -9999 -9999 -9999 1.98848 3.39062 5.31456 6.0954 7.33532 9.19069 10.1078 10.5522 10.5517 10.385 9.84795 9.52894 8.89121 7.73305 6.14595 4.38073 3.23516 3.83288 5.89229 6.39438 5.05515 4.376 5.24366 6.51868 8.4019 9.48171 9.6353 9.54743 9.19862 7.86149 6.24419 6.25896 7.08408 6.41107 5.62742 6.07349 6.00257 5.34589 4.87095 4.5888 4.79067 5.53651 5.84727 6.57813 7.65219 7.81385 7.79266 8.24991 8.28126 8.30065 8.32651 8.33497 8.33992 8.33562 8.25735 8.07061 7.28238 6.59626 5.63803 5.52782 6.66215 7.17031 7.64323 7.97863 8.09391
-9999 -9999 -9999 -9999 -9999 -9999 -9999 0.984013 2.63212 4.43514 6.12386 7.72196 9.09859 9.21342 9.94376 9.95201 10.3391 10.2402 9.74305 9.20737 8.21074 6.16898 4.45379 2.58242 3.0885 5.18512 5.48508 4.58734 2.92016 4.66154 6.58079 8.32098 9.26719 8.54184 9.30374 9.25098 8.75567 7.79659 6.30037 6.33814 5.21937 5.17979 5.76881 5.96659 5.87987 5.52575 4.9555 5.07544 5.53515 5.65739 6.32993 7.16537 7.98223 8.12714 8.2903 8.30599 8.31753 8.33912 8.34974 8.34194 8.30969 8.22726 7.56776 6.78176 6.30116 5.63626 5.56381 6.86966 7.40386 7.70714 7.99823 8.11859
-9999 -9999 -9999 -9999 -9999 -9999 -9999 -9999 2.48275 4.34528 5.72588 6.10452 7.3293 7.99486 8.51192 8.63365 10.092 10.1811 9.86934 9.37795 8.52923 6.98216 5.9073 4.11264 2.82555 3.37842 3.64728 4.13399 4.00339 4.78553 6.63036 8.55183 8.76982 7.56456 7.75362 8.01687 8.59549 8.31564 6.27353 5.24053 4.38471 5.00852 5.66439 5.83037 5.87135 5.7564 5.62989 5.40361 6.27804 6.92755 7.08554 7.65293 8.07424 8.19735 8.29231 8.31209 8.33197 8.3412 8.32624 8.31784 8.22348 8.00088 7.26192 5.47215 5.56527 5.37989 4.82955 6.11099 6.92782 7.65147 8.04031 8.14749
-9999 -9999 -9999 -9999 -9999 -9999 -9999 -9999 1.88449 4.03813 4.50069 4.47664 3.77633 4.1124 6.75289 7.29188 8.69085 10.016 9.92855 9.44652 8.65295 7.73536 6.30963 4.28998 2.68737 2.0325 3.77902 5.49712 5.85912 6.41324 7.54763 7.77106 6.53936 5.38476 6.04759 6.45039 7.95935 8.24207 7.95948 6.73255 5.32849 4.59995 5.47987 5.60558 5.66731 5.68728 5.67687 5.65891 6.6485 7.19776 7.58174 7.79518 8.15845 8.2585 8.29691 8.33349 8.33631 8.32716 8.2803 8.2257 7.95491 7.62521 6.40885 5.39628 4.76828 3.96881 5.80019 6.35684 7.12297 7.61831 8.00525 8.09731
