Test_Spring_2018/12_17/Temp/20171227_020.txt
ncols	170
nrows	115
xllcorner	350000.000000
yllcorner	4445000.000000
cellsize	1000.000000
nodata_value	-9999.000000
[rows 32 to 63 of 115, columns 72 to 143 of 170]
10.9211 10.59 11.0801 11.5306 11.2362 11.0375 11.779 11.7703 11.5043 10.8911 10.6609 10.4227 10.2736 9.4898 7.30496 5.33457 6.37814 6.39507 5.65986 6.95556 6.25849 4.45329 1.90828 3.27838 2.91089 1.1008 0.645714 -9999 -9999 -9999 -9999 -9999 -9999 -9999 -9999 -9999 -9999 -9999 -9999 -9999 -9999 -9999 -9999 -9999 -9999 -9999 -9999 -9999 -9999 -9999 -9999 -9999 -9999 -9999 -9999 -9999 -9999 -9999 -9999 -9999 -9999 -9999 -9999 -9999 -9999 -9999 -9999 -9999 -9999 -9999 -9999 -9999
10.4838 10.3368 11.0693 11.0453 10.9862 11.239 11.6947 11.7794 11.6705 11.3983 11.1617 10.9107 10.2862 9.39064 7.51962 5.27791 4.76331 5.84855 5.89293 6.06049 5.42449 4.62764 3.38565 4.38724 4.77088 3.57952 2.01781 1.01083 -9999 -9999 -9999 -9999 -9999 -9999 -9999 -9999 -9999 -9999 -9999 -9999 -9999 -9999 -9999 -9999 -9999 -9999 -9999 -9999 -9999 -9999 -9999 -9999 -9999 -9999 -9999 -9999 -9999 -9999 -9999 -9999 -9999 -9999 -9999 -9999 -9999 -9999 -9999 -9999 -9999 -9999 -9999 -9999
9.96318 9.23607 9.67424 10.001 10.605 10.7521 10.8365 11.7119 11.6566 11.6072 11.2216 10.9116 10.4034 9.54114 8.31696 6.84466 4.28701 5.85118 7.07421 7.03456 6.95892 6.39818 5.20466 6.18758 6.22546 4.70303 2.9693 1.94978 1.52323 -9999 -9999 -9999 -9999 -9999 -9999 -9999 -9999 -9999 -9999 -9999 -9999 -9999 -9999 -9999 -9999 -9999 -9999 -9999 -9999 -9999 -9999 -9999 -9999 -9999 -9999 -9999 -9999 -9999 -9999 -9999 -9999 -9999 -9999 -9999 -9999 -9999 -9999 -9999 -9999 -9999 -9999 -9999
9.37222 8.48591 8.92679 9.51786 10.3507 10.7724 11.0953 11.351 11.6121 11.5719 11.1773 10.0281 9.85712 9.79975 8.99631 7.31893 5.64373 5.20384 7.07381 7.60321 7.48545 7.89646 6.8841 7.34992 7.14669 6.59976 4.9343 3.41491 2.78295 1.5424 -9999 -9999 -9999 -9999 -9999 -9999 -9999 -9999 -9999 -9999 -9999 -9999 -9999 -9999 -9999 -9999 -9999 -9999 -9999 -9999 -9999 -9999 -9999 -9999 -9999 -9999 -9999 -9999 -9999 -9999 -9999 -9999 -9999 -9999 -9999 -9999 -9999 -9999 -9999 -9999 -9999 -9999
-9999 -9999 7.91965 8.7227 9.38574 10.2012 10.9042 11.2534 11.5925 11.5561 10.7756 10.3897 10.3486 9.81942 8.89315 8.30886 7.25121 6.14956 6.55931 8.1527 7.43206 8.55831 8.45374 8.65354 7.88622 6.43306 4.50501 3.37258 2.80621 1.79927 -9999 -9999 -9999 -9999 -9999 -9999 -9999 -9999 -9999 -9999 -9999 -9999 -9999 -9999 -9999 -9999 -9999 -9999 -9999 -9999 -9999 -9999 -9999 -9999 -9999 -9999 -9999 -9999 -9999 -9999 -9999 -9999 -9999 -9999 -9999 -9999 -9999 -9999 -9999 -9999 -9999 -9999
-9999 -9999 -9999 8.56746 9.06967 10.167 10.7246 10.9482 11.5003 11.4931 11.1923 10.9632 10.6347 10.2081 9.50997 8.74063 7.74547 7.64618 8.66266 8.6672 8.44492 8.60469 9.12242 8.97485 7.78857 5.75065 4.67083 2.48221 1.5416 1.62856 0.959594 -9999 -9999 -9999 -9999 -9999 -9999 -9999 -9999 -9999 -9999 -9999 -9999 3.39472 -9999 -9999 -9999 -9999 -9999 -9999 -9999 -9999 -9999 -9999 -9999 -9999 -9999 -9999 -9999 -9999 -9999 -9999 -9999 -9999 -0.742308 -9999 -9999 -9999 -9999 -9999 -9999 -9999
-9999 -9999 8.47577 9.148 9.67692 10.3614 10.4172 10.8191 11.4551 11.456 11.2402 10.9975 10.4624 10.3238 9.92309 9.08853 8.91159 9.23887 9.3853 9.55221 9.65173 9.55591 9.33408 9.0497 8.27692 7.32798 6.68803 4.69108 3.6736 2.70311 1.23885 0.0917192 -9999 -9999 -9999 -9999 -9999 -9999 -9999 2.65567 2.59494 2.61414 2.92675 3.80148 3.2766 -9999 -9999 -9999 -9999 -9999 -9999 -9999 -9999 -9999 -9999 -9999 -9999 -9999 -9999 -9999 -9999 -9999 -9999 -9999 0.0467283 -1.10757 -9999 -9999 -9999 -9999 -9999 -9999
-9999 -9999 8.64814 9.36596 9.71997 10.3844 10.7608 11 11.2148 11.4198 11.3755 11.1079 10.7051 10.6998 10.1481 9.84711 9.63001 10.0755 10.1573 9.96751 9.73127 9.52119 8.94214 8.86725 8.66581 8.06001 7.07146 6.05308 4.58388 2.5988 0.652072 -0.919593 -9999 -9999 -9999 -9999 -9999 -9999 2.8204 3.54611 3.97828 3.03899 3.82921 4.5508 4.42756 3.70732 -9999 -9999 -9999 -9999 -9999 -9999 -9999 -9999 -9999 -9999 -9999 -9999 -9999 -9999 5.50469 4.3222 1.9407 0.716285 -0.0214851 -1.07182 -9999 -9999 -9999 -9999 -9999 -9999
-9999 -9999 8.49844 9.34773 9.92014 10.4272 10.5008 11.0197 11.2389 11.345 11.323 11.2634 11.1827 10.7001 10.4883 9.76315 10.4421 10.4085 10.227 9.53139 9.22515 8.03589 7.50759 7.37647 8.36026 7.61682 6.07478 4.14945 1.83489 1.67631 0.906003 -0.499723 -9999 -9999 -9999 -9999 -9999 -9999 3.04087 3.81765 4.46498 4.55374 3.62006 4.90756 4.84463 4.1131 3.94116 4.52704 4.82011 4.58597 5.28778 5.48758 5.16002 5.5032 -9999 -9999 -9999 -9999 5.67507 5.7155 5.74429 5.24744 2.64642 0.867492 -0.730991 -0.888016 -9999 -9999 -9999 -9999 -9999 -9999
-9999 -9999 9.08707 9.60642 9.86456 9.89879 10.3528 10.805 11.0785 11.2759 11.2258 11.2008 11.175 11.005 10.6202 10.6807 10.6427 10.4151 9.09812 7.56206 8.22013 7.30559 5.35203 6.91869 7.77612 6.93477 5.06793 2.90478 2.18719 2.20769 1.13959 -0.232795 -9999 -9999 -9999 0.912852 2.02752 2.11861 2.4429 3.4812 4.26956 4.86291 5.26428 5.24244 4.80216 4.08632 3.3087 3.57517 4.95201 5.28157 5.55674 5.76393 5.45914 5.60464 5.96742 6.1514 6.18295 6.08866 6.06163 6.0848 6.03348 5.56932 3.24396 1.90867 1.05378 -0.662197 -9999 -9999 -9999 -9999 -9999 -9999
-9999 -9999 8.74849 9.19882 9.56176 10.1682 10.2245 10.6064 10.8283 11.1629 11.1935 10.7818 11.1077 11.057 10.9872 10.8476 10.6464 9.53371 8.00277 6.46782 5.75472 6.04461 4.86745 5.45607 6.32491 5.9953 4.8444 2.91611 2.63597 2.17765 0.38773 -1.33575 -9999 -9999 -1.26161 0.883059 2.39143 3.16652 3.40237 3.41945 4.41447 4.48678 5.55821 5.29714 3.8619 4.01463 3.45281 3.80407 4.30128 4.43249 5.15281 5.84851 5.97352 5.969 6.19726 6.23837 6.24363 6.23039 6.06352 6.12963 6.13379 5.84171 4.15336 3.32607 2.4137 -0.646541 -9999 -9999 -9999 -9999 -9999 -9999
-9999 -9999 8.97563 9.4798 10.0328 10.1146 10.5221 10.4707 10.342 10.9144 11.1173 10.8244 10.6115 10.982 10.9485 10.8911 10.8012 9.75531 8.54587 6.71848 5.57976 4.87793 4.37786 3.70877 4.15004 4.0021 3.80715 4.0099 3.47297 2.40814 1.35613 -0.603981 -1.66806 -9999 -1.15173 -0.187752 1.60753 3.13252 4.09846 3.74283 4.87524 5.08021 5.72877 5.33641 4.46124 4.07904 4.03807 3.91645 4.67526 5.18332 5.53713 5.77253 6.06843 6.13782 6.20772 6.23271 6.24311 6.25387 6.24296 6.22993 6.18888 6.07464 5.29436 4.46748 2.69139 -0.55075 -9999 -9999 -9999 -9999 -9999 -9999
-9999 7.4862 8.91182 9.76352 10.0873 10.3185 10.5212 10.6655 10.8166 10.9589 11.0545 11.0011 10.2389 10.2931 10.4215 10.8426 10.8049 10.7038 10.0392 7.8174 7.04249 5.9137 4.4563 3.83954 4.13204 5.30897 5.24587 4.44975 3.56377 2.34022 1.56031 0.354555 -1.95125 -1.75266 -0.725279 0.0377323 1.25577 3.12138 4.4275 5.00703 5.22214 5.67569 5.90895 5.37114 4.85846 4.63914 4.23937 4.17614 4.17112 4.62636 4.97776 5.77455 6.03737 6.15382 6.20952 6.23623 6.25384 6.27119 6.27273 6.25038 6.24422 6.23078 6.16579 5.06884 2.33342 0.269901 -9999 -9999 -9999 -9999 -9999 -9999
-9999 -9999 8.64108 9.01 9.09922 9.26293 9.60857 10.0088 10.579 10.6451 10.9567 10.9473 10.289 9.53076 10.1778 10.4307 10.6931 10.694 10.602 8.73095 7.74892 6.97351 5.57554 6.06472 6.53037 6.55626 6.25892 4.5633 2.87462 0.926613 -0.890758 -0.986193 -1.96798 -1.46086 -0.784755 0.963388 2.19197 2.68657 3.04025 4.93726 5.42512 5.58704 6.06721 5.39568 5.21804 4.71103 4.85158 4.79998 4.7949 3.40394 4.78166 4.85613 5.7526 6.1519 6.23697 6.25497 6.27479 6.27226 6.27073 6.2598 6.26204 6.24071 6.21675 5.5007 2.03636 0.290327 -9999 -9999 -9999 -9999 -9999 -9999
-9999 -9999 -9999 -9999 8.73636 9.01549 9.19109 9.50235 10.4747 10.7309 10.8986 10.9059 10.6087 9.8579 9.65523 9.78464 9.05242 9.6518 10.4737 10.4447 10.3352 8.69033 7.84249 8.64257 8.38602 7.14605 6.16794 5.20249 3.22705 1.77587 -0.305657 -1.87068 -1.93789 -0.228764 1.18998 2.95907 3.73617 3.28385 3.76104 4.69886 5.76596 6.27838 6.14901 5.44145 5.33397 4.55629 5.30509 5.36196 5.00212 4.69005 4.8016 5.24122 5.40441 6.10431 6.26846 6.29197 6.29056 6.28676 6.27703 6.26625 6.24959 6.23464 6.21691 6.17687 2.61593 -0.158752 -9999 -9999 -9999 -9999 -9999 -9999
-9999 -9999 -9999 -9999 8.04909 8.21522 8.6683 9.8473 10.4588 10.7017 10.6851 10.7938 10.5821 9.92091 9.24259 8.6026 7.7789 8.23875 9.46669 10.1869 10.2609 8.81788 9.55289 9.26336 8.70233 7.08377 5.88816 5.2494 3.35242 1.7246 0.336613 -1.57584 -0.770248 0.118351 1.26253 3.19336 4.49427 5.02511 4.56776 5.16565 6.39456 6.39476 5.71215 5.74895 5.32792 4.26796 5.35553 5.65586 5.39946 5.456 5.35381 5.51278 5.80867 6.09157 6.27744 6.2966 6.2928 6.27976 6.2727 6.26609 6.24515 6.23864 6.22082 6.19456 3.89301 -0.215996 -9999 -9999 -9999 -9999 -9999 -9999
-9999 -9999 -9999 -9999 -9999 7.41339 8.45965 10.0278 10.4085 10.3644 10.6822 10.7027 10.3817 10.1023 9.2804 8.15998 6.0137 6.5515 7.68121 9.31311 10.1663 10.0407 9.55 8.70678 6.68069 4.90616 4.68141 4.38217 2.99499 1.73858 0.19655 1.07558 2.03983 3.09607 3.64774 3.49554 4.60933 5.51636 5.12219 5.85706 6.71528 6.31641 6.07756 5.87579 5.39064 5.35422 5.39613 6.01036 5.57213 5.82883 5.82605 5.80381 5.94407 6.10678 6.27823 6.30058 6.29415 6.29031 6.26269 6.2629 6.24534 6.22766 6.21055 6.18679 5.97079 3.75235 2.42387 -9999 -9999 -9999 -9999 -9999
-9999 -9999 -9999 -9999 -9999 6.43429 6.9513 8.81032 9.37641 10.1936 10.6239 10.6366 10.0996 9.79723 8.57576 8.17518 6.18935 5.28614 6.03887 5.73959 7.98928 9.97856 9.53246 5.48826 4.01684 2.96428 3.22157 3.21378 2.82035 0.690105 0.0969796 1.98479 3.17065 4.08805 4.78254 4.92154 4.89085 6.31318 6.49666 6.95438 6.84684 6.88307 6.15476 5.70121 6.08155 5.62415 5.53961 6.17445 5.53385 6.09857 6.02165 5.84262 5.82658 6.1967 6.26618 6.29958 6.29497 6.27344 6.24748 6.22958 6.23448 6.22123 6.19248 6.18543 6.1565 5.88279 4.73131 4.32289 4.75617 -9999 -9999 -9999
-9999 -9999 -9999 -9999 -9999 -9999 5.20414 7.79148 8.96687 9.5819 10.4516 10.5499 10.2598 9.74243 8.49855 7.40379 5.62782 3.60018 2.52238 5.71736 8.4966 9.94263 9.74037 6.37241 5.03703 4.9654 5.73577 5.06704 4.55755 2.93593 2.44585 1.76856 2.17237 3.45364 4.49949 5.50891 6.24108 6.29479 6.76757 7.0366 7.05245 7.13182 7.03996 6.96355 6.25787 6.73115 6.31552 6.52446 6.37744 6.24405 6.1265 5.72114 5.99554 6.23786 6.29524 6.3072 6.2854 6.275 6.25736 6.22667 6.20894 6.1997 6.18948 6.16858 6.16001 6.13655 5.99953 5.3031 4.37377 3.20206 -9999 -9999
-9999 -9999 -9999 -9999 -9999 -9999 3.90218 6.47695 7.71119 9.30573 10.1214 10.4477 10.3967 9.97613 9.02932 7.60747 6.42167 4.1589 1.80928 5.16319 8.1496 9.7569 9.83337 7.00001 7.77255 7.13034 7.37555 6.20812 5.71754 5.32555 4.48556 3.56818 2.56462 2.03032 4.38838 5.59596 6.5665 7.02057 7.27425 7.39735 7.32056 7.13655 6.07905 6.87251 6.81997 6.73255 6.63344 6.58154 6.49102 6.3858 6.31882 6.29121 6.01979 6.31171 6.29688 6.29408 6.28856 6.27368 6.25152 6.23101 6.20718 6.19936 6.18187 6.1634 6.14789 6.13319 6.11578 6.06898 5.87732 4.30711 3.36433 3.09211
-9999 -9999 -9999 -9999 -9999 -9999 0.266374 4.01656 7.02542 8.59523 9.86994 10.2156 10.3405 9.77832 9.35618 8.33492 7.36729 5.87803 3.65065 2.27593 4.78468 8.43493 9.7746 9.65801 9.56401 8.82326 8.15479 8.06202 8.10209 7.32354 6.19593 4.72771 4.26291 3.74372 5.49815 5.73002 5.59429 7.52426 7.52162 7.40435 6.65594 5.81915 5.96909 5.44958 5.83294 5.2129 5.76808 6.24697 6.42105 6.3984 6.3244 6.30801 6.27184 6.31515 6.30732 6.29197 6.2785 6.26787 6.25325 6.22315 6.20254 6.2026 6.17883 6.15889 6.14044 6.12799 6.11493 6.07803 6.04366 5.79466 5.42486 4.72648
-9999 -9999 -9999 -9999 -9999 -9999 0.420935 3.57175 6.24527 7.84345 9.38244 9.73398 10.2488 10.1291 9.68714 8.79835 7.68954 6.46245 4.55039 3.12698 4.80209 7.22274 8.95337 9.56562 9.54966 9.49832 9.32352 9.24408 9.04235 8.89328 8.08349 6.69422 5.90715 4.75914 6.71508 6.92807 6.6137 7.58631 7.52984 6.04065 4.89385 4.7443 5.43192 4.76306 4.63636 4.21879 4.67613 5.91493 5.54204 5.60629 6.16184 6.24771 6.2979 6.30689 6.29591 6.28616 6.26945 6.26368 6.2577 6.22795 6.20988 6.19676 6.16701 6.15425 6.13074 6.10873 6.09151 6.06766 6.03569 5.95861 5.87207 5.94028
-9999 -9999 -9999 -9999 -9999 -9999 0.480003 2.59538 5.00056 7.35842 9.00241 9.66122 10.139 10.1267 9.61386 9.16831 8.47035 7.38977 6.64593 5.36011 3.59819 6.52943 7.42206 8.2154 8.54311 9.37225 9.3422 8.94844 8.48887 8.89417 8.76134 7.66174 7.29491 6.68119 7.7656 7.76067 7.72291 7.6569 6.39756 4.64997 3.25154 4.24478 4.02794 4.47978 3.04585 4.20828 5.14285 5.4407 4.79506 4.31208 5.77203 6.00565 6.14328 6.22895 6.28283 6.26104 6.26895 6.25309 6.24142 6.22914 6.20878 6.19317 6.17223 6.15082 6.1292 6.1089 6.08342 6.05068 6.04053 5.99774 5.97501 5.95191
-9999 -9999 -9999 -9999 -9999 -9999 -9999 1.33434 4.38177 7.10549 8.61862 9.56754 10.0261 10.0102 9.74429 9.43916 9.00329 8.22135 7.24089 5.69602 4.54684 5.26224 6.13645 6.22456 6.8028 8.49742 9.07017 8.23583 6.18243 7.37474 8.70907 8.67902 8.55642 8.42043 8.24839 8.09295 7.76192 6.88799 4.22624 3.69648 2.64766 2.75827 2.21635 3.37507 2.92819 4.11859 4.62994 4.81804 3.70204 3.9261 5.21807 5.72629 5.63368 5.94304 6.23993 6.24285 6.24447 6.22953 6.22877 6.22375 6.21113 6.18758 6.16948 6.15386 6.11998 6.11138 6.00406 5.93139 5.79298 5.94562 5.95293 5.94875
-9999 -9999 -9999 -9999 -9999 -9999 -9999 0.714714 3.75997 6.96909 7.99425 9.01774 9.90015 9.91001 9.50738 9.12403 8.72926 8.28072 7.09319 5.9412 4.84084 4.46573 4.677 4.648 5.58949 7.80032 8.221 8.02856 5.88144 5.15171 6.93719 8.43663 8.5473 8.40274 6.62079 6.99108 6.02643 4.72085 4.3561 3.78042 2.5722 3.14247 2.25531 2.62456 2.51291 3.18527 3.50903 4.31034 3.33674 3.33073 4.59888 5.23659 5.24576 5.91562 6.15008 6.20648 6.21552 6.21997 6.21579 6.21921 6.20562 6.18816 6.16735 6.1273 6.04245 5.79624 4.50175 4.49522 4.83953 5.16507 5.76181 5.92221
-9999 -9999 -9999 -9999 -9999 -9999 -9999 1.0599 3.17063 6.01722 8.12391 8.2491 9.26952 9.79262 9.35537 8.86395 8.36126 8.13704 6.84535 5.42711 4.27952 2.92253 3.1361 4.09568 5.66724 7.09228 7.33974 7.03442 5.87583 6.4068 7.62187 8.26333 8.44689 8.28823 7.89408 7.66316 6.95075 6.63773 5.6513 4.11316 3.5027 3.87684 2.24422 2.35 2.94303 2.2937 3.33809 3.83384 2.57884 3.55649 4.67967 5.25049 5.74877 5.98104 6.06952 6.20886 6.20585 6.2112 6.21086 6.20156 6.19419 6.16304 6.13584 5.99179 5.7829 4.57817 4.06782 4.15769 4.70309 5.1798 5.6743 5.87432
-9999 -9999 -9999 -9999 -9999 -9999 -9999 1.41281 3.31242 5.77954 7.27927 7.54125 8.67362 9.67971 9.55883 9.0478 8.88676 8.35723 7.26056 6.04993 4.72733 4.08001 2.60252 4.04033 5.17246 6.37805 6.9374 5.98206 5.50242 6.32839 7.14962 7.47284 8.30262 8.28685 8.00613 6.82145 6.23992 6.47497 6.22084 5.78143 4.72027 4.66567 3.98118 3.6931 3.42053 2.54901 3.08978 3.13687 3.27541 4.4536 5.03465 5.41757 5.7653 5.85149 5.99884 6.1921 6.20281 6.203 6.19501 6.19155 6.1695 6.1051 6.04953 5.76767 5.27451 4.36093 2.88138 3.90838 4.98272 5.29523 5.59993 5.75581
-9999 -9999 -9999 -9999 -9999 -9999 -9999 1.07935 3.09786 5.20522 6.08176 6.22412 8.27967 9.53533 9.52982 9.28349 8.99703 7.70054 7.76828 7.50253 6.30872 4.5734 2.66825 2.83776 3.95705 5.55074 6.07279 4.50427 3.94777 4.34281 5.58883 6.70347 7.86777 8.15772 7.80611 5.96623 4.01152 4.90707 5.86447 5.85156 5.56085 4.57612 4.25817 3.96956 3.2489 2.0316 2.1994 2.52728 3.86355 4.28305 4.93529 5.47584 5.26223 5.37599 5.89298 6.18664 6.19098 6.1893 6.19207 6.17794 6.15266 6.03186 5.90427 5.69514 4.42193 3.62727 2.47201 3.79478 4.52474 4.90483 5.59964 5.75964
-9999 -9999 -9999 -9999 -9999 -9999 -9999 0.443467 1.90605 3.91993 4.72687 6.01883 7.96085 8.91211 9.3641 9.34627 9.15275 8.56791 8.2131 7.52148 6.27999 4.58528 2.70225 1.47344 2.08549 4.23109 4.73001 3.28504 2.54922 3.4472 4.77565 6.74667 7.86949 8.01438 7.90441 7.51894 6.08976 4.36463 4.36292 5.21683 4.48847 3.64312 4.09622 4.00323 3.29156 2.77176 2.4476 2.63237 3.3907 3.70134 4.45587 5.57308 5.72697 5.68795 6.1543 6.17094 6.17493 6.1857 6.17798 6.1664 6.14487 6.04505 5.83052 4.98064 4.2385 3.20893 3.07488 4.24887 4.75729 5.22961 5.56663 5.67142
-9999 -9999 -9999 -9999 -9999 -9999 -9999 -0.645285 1.07691 2.96292 4.72844 6.39844 7.8347 7.93856 8.69245 8.68377 9.07507 8.95298 8.41023 7.82653 6.75583 4.58119 2.75122 0.756122 1.27156 3.46155 3.72987 2.76298 0.983705 2.80426 4.8129 6.63268 7.61423 6.83073 7.61799 7.54503 7.00476 5.97473 4.3774 4.39992 3.20096 3.14152 3.74575 3.93667 3.82703 3.43491 2.81098 2.90456 3.36047 3.47188 4.16463 5.0296 5.87514 6.01125 6.16677 6.16666 6.16221 6.16839 6.16295 6.13798 6.0871 5.9831 5.26956 4.42232 3.89747 3.17791 3.08392 4.44179 4.97506 5.26801 5.55818 5.66821
-9999 -9999 -9999 -9999 -9999 -9999 -9999 -9999 0.890951 2.83961 4.27954 4.66155 5.93729 6.62261 7.1512 7.26234 8.78503 8.86163 8.51471 7.97796 7.06365 5.41161 4.25802 2.34405 0.965932 1.51436 1.76104 2.25612 2.09943 2.90682 4.83669 6.84771 7.06003 5.76955 5.95172 6.21239 6.80621 6.49349 4.31974 3.2116 2.29047 2.93176 3.60674 3.76421 3.7895 3.64997 3.48522 3.21067 4.11614 4.78418 4.93329 5.51492 5.94246 6.05527 6.13853 6.14253 6.14678 6.13985 6.10743 6.08193 5.96563 5.71383 4.91664 3.00962 3.09089 2.87791 2.27941 3.60468 4.4333 5.1801 5.5734 5.66937
-9999 -9999 -9999 -9999 -9999 -9999 -9999 -9999 0.230902 2.48677 2.957 2.91357 2.15619 2.49346 5.26445 5.81626 7.27628 8.65833 8.5485 8.02183 7.16593 6.17882 4.65481 2.50332 0.791998 0.0571506 1.87921 3.66756 4.0309 4.59729 5.77666 5.99427 4.67545 3.4383 4.12067 4.52865 6.10494 6.38638 6.07086 4.75807 3.25814 2.47145 3.38318 3.49822 3.54547 3.54841 3.50879 3.45806 4.47852 5.04045 5.42793 5.63548 6.00142 6.08959 6.11289 6.13446 6.12057 6.09422 6.02817 5.95402 5.6516 5.28694 3.98585 2.89983 2.21979 1.35848 3.2753 3.83535 4.61489 5.11603 5.50719 5.58701
