Test_Spring_2018/12_17/Temp/20171213_015.txt
ncols	170
nrows	115
xllcorner	350000.000000
yllcorner	4445000.000000
cellsize	1000.000000
nodata_value	-9999.000000
[rows 32 to 63 of 115, columns 72 to 143 of 170]
14.5467 14.2513 14.7045 15.1216 14.852 14.6773 15.3581 15.3566 15.1205 14.5679 14.3645 14.1537 14.0243 13.3161 11.3308 9.54099 10.4986 10.5204 9.85644 11.0438 10.4145 8.77488 6.46081 7.71562 7.38636 5.74036 5.33505 -9999 -9999 -9999 -9999 -9999 -9999 -9999 -9999 -9999 -9999 -9999 -9999 -9999 -9999 -9999 -9999 -9999 -9999 -9999 -9999 -9999 -9999 -9999 -9999 -9999 -9999 -9999 -9999 -9999 -9999 -9999 -9999 -9999 -9999 -9999 -9999 -9999 -9999 -9999 -9999 -9999 -9999 -9999 -9999 -9999
14.1547 14.0272 14.7015 14.686 14.6351 14.8677 15.2881 15.3719 15.2791 15.0375 14.8282 14.6058 14.0431 13.2331 11.5339 9.49677 9.03401 10.0296 10.0763 10.2352 9.66154 8.94116 7.8149 8.7338 9.08932 8.00884 6.5934 5.68104 -9999 -9999 -9999 -9999 -9999 -9999 -9999 -9999 -9999 -9999 -9999 -9999 -9999 -9999 -9999 -9999 -9999 -9999 -9999 -9999 -9999 -9999 -9999 -9999 -9999 -9999 -9999 -9999 -9999 -9999 -9999 -9999 -9999 -9999 -9999 -9999 -9999 -9999 -9999 -9999 -9999 -9999 -9999 -9999
13.6869 13.0305 13.4364 13.7408 14.2941 14.4292 14.5127 15.3173 15.2734 15.2351 14.89 14.614 14.1573 13.3778 12.2683 10.9326 8.60737 10.0395 11.1607 11.1307 11.0678 10.5626 9.48051 10.3824 10.4228 9.04386 7.46804 6.54473 6.16201 -9999 -9999 -9999 -9999 -9999 -9999 -9999 -9999 -9999 -9999 -9999 -9999 -9999 -9999 -9999 -9999 -9999 -9999 -9999 -9999 -9999 -9999 -9999 -9999 -9999 -9999 -9999 -9999 -9999 -9999 -9999 -9999 -9999 -9999 -9999 -9999 -9999 -9999 -9999 -9999 -9999 -9999 -9999
13.1548 12.3533 12.7617 13.307 14.0721 14.4587 14.7555 14.9953 15.24 15.21 14.857 13.8161 13.6668 13.6211 12.8952 11.3725 9.85181 9.45708 11.1679 11.6566 11.5553 11.9359 11.019 11.4494 11.27 10.7808 9.26804 7.88799 7.31811 6.19351 -9999 -9999 -9999 -9999 -9999 -9999 -9999 -9999 -9999 -9999 -9999 -9999 -9999 -9999 -9999 -9999 -9999 -9999 -9999 -9999 -9999 -9999 -9999 -9999 -9999 -9999 -9999 -9999 -9999 -9999 -9999 -9999 -9999 -9999 -9999 -9999 -9999 -9999 -9999 -9999 -9999 -9999
-9999 -9999 11.8502 12.5882 13.1983 13.9449 14.5883 14.9134 15.2293 15.2029 14.4982 14.1532 14.1225 13.6467 12.8089 12.2827 11.3249 10.3269 10.7066 12.1652 11.5142 12.5468 12.4573 12.6453 11.9516 10.6363 8.88413 7.85695 7.34692 6.43535 -9999 -9999 -9999 -9999 -9999 -9999 -9999 -9999 -9999 -9999 -9999 -9999 -9999 -9999 -9999 -9999 -9999 -9999 -9999 -9999 -9999 -9999 -9999 -9999 -9999 -9999 -9999 -9999 -9999 -9999 -9999 -9999 -9999 -9999 -9999 -9999 -9999 -9999 -9999 -9999 -9999 -9999
-9999 -9999 -9999 12.4531 12.9168 13.9238 14.4316 14.6422 15.1524 15.1527 14.8854 14.6835 14.3908 14.0087 13.3789 12.6841 11.7833 11.699 12.6318 12.6419 12.4452 12.5966 13.0744 12.9456 11.8731 10.0215 9.04325 7.05271 6.20155 6.28722 5.6839 -9999 -9999 -9999 -9999 -9999 -9999 -9999 -9999 -9999 -9999 -9999 -9999 7.99755 -9999 -9999 -9999 -9999 -9999 -9999 -9999 -9999 -9999 -9999 -9999 -9999 -9999 -9999 -9999 -9999 -9999 -9999 -9999 -9999 4.38414 -9999 -9999 -9999 -9999 -9999 -9999 -9999
-9999 -9999 12.37 12.9881 13.4769 14.1075 14.1619 14.5315 15.1183 15.1262 14.9365 14.7223 14.2414 14.1219 13.7633 13.0091 12.8542 13.1588 13.2983 13.4564 13.5529 13.4713 13.2748 13.0212 12.3257 11.4666 10.8893 9.07435 8.15231 7.27404 5.94577 4.90671 -9999 -9999 -9999 -9999 -9999 -9999 -9999 7.30027 7.25241 7.27758 7.57043 8.37591 7.90573 -9999 -9999 -9999 -9999 -9999 -9999 -9999 -9999 -9999 -9999 -9999 -9999 -9999 -9999 -9999 -9999 -9999 -9999 -9999 5.11267 4.06606 -9999 -9999 -9999 -9999 -9999 -9999
-9999 -9999 12.5321 13.1931 13.5225 14.135 14.4849 14.7034 14.9064 15.1004 15.0672 14.8304 14.4703 14.4724 13.9762 13.7085 13.517 13.9293 14.0099 13.8427 13.6331 13.4472 12.9249 12.8622 12.6874 12.141 11.2459 10.3236 8.98916 7.18599 5.41793 3.99188 -9999 -9999 -9999 -9999 -9999 -9999 7.45019 8.11909 8.52055 7.672 8.40029 9.06625 8.96233 8.31696 -9999 -9999 -9999 -9999 -9999 -9999 -9999 -9999 -9999 -9999 -9999 -9999 -9999 -9999 10.0752 9.00302 6.83758 5.72683 5.05967 4.10763 -9999 -9999 -9999 -9999 -9999 -9999
-9999 -9999 12.4019 13.1828 13.7113 14.1804 14.2543 14.7313 14.9354 15.0394 15.0267 14.9796 14.9132 14.4804 14.2941 13.6398 14.2651 14.2406 14.0812 13.4528 13.1793 12.1006 11.6245 11.5133 12.4158 11.7439 10.3441 8.59509 6.49075 6.35188 5.65621 4.38144 -9999 -9999 -9999 -9999 -9999 -9999 7.65791 8.37336 8.97098 9.05963 8.2165 9.39845 9.35197 8.69407 8.54654 9.09004 9.36676 9.16297 9.80878 10.0005 9.71122 10.0332 -9999 -9999 -9999 -9999 10.2286 10.2717 10.3038 9.85633 7.49052 5.87399 4.42195 4.28777 -9999 -9999 -9999 -9999 -9999 -9999
-9999 -9999 12.9446 13.4248 13.6669 13.705 14.1258 14.5421 14.7961 14.9824 14.9442 14.9289 14.9128 14.765 14.4212 14.483 14.4548 14.2534 13.0588 11.6641 12.2695 11.4423 9.66715 11.103 11.8902 11.1289 9.43299 7.46706 6.81851 6.84287 5.87571 4.63061 -9999 -9999 -9999 5.70254 6.72568 6.81579 7.11857 8.07237 8.79851 9.34794 9.72191 9.71135 9.31999 8.67663 7.97723 8.22985 9.49486 9.80527 10.0628 10.2616 9.99352 10.1366 10.4762 10.6523 10.6889 10.6102 10.5922 10.6195 10.5784 10.1606 8.04471 6.8323 6.05782 4.5014 -9999 -9999 -9999 -9999 -9999 -9999
-9999 -9999 12.6409 13.0582 13.3959 13.9552 14.0135 14.3688 14.576 14.8863 14.9219 14.5543 14.8589 14.82 14.7635 14.643 14.4659 13.4577 12.0679 10.6742 10.0294 10.2993 9.23133 9.77523 10.5728 10.2791 9.2347 7.48283 7.23359 6.82161 5.19591 3.63147 -9999 -9999 3.71959 5.68159 7.06359 7.77719 7.99933 8.0222 8.93674 9.01043 9.99522 9.76645 8.46807 8.61661 8.11562 8.44586 8.91107 9.04084 9.70799 10.3491 10.4729 10.4784 10.6956 10.7416 10.7543 10.7495 10.604 10.6702 10.6794 10.4182 8.88396 8.13449 7.31077 4.52512 -9999 -9999 -9999 -9999 -9999 -9999
-9999 -9999 12.8526 13.3189 13.8299 13.9114 14.29 14.2513 14.1392 14.6687 14.8596 14.6003 14.414 14.7592 14.7358 14.6903 14.6148 13.6673 12.5705 10.91 9.87717 9.24283 8.79196 8.18804 8.5957 8.46639 8.29443 8.4852 8.00274 7.03787 6.0853 4.30464 3.34138 -9999 3.82574 4.71139 6.3549 7.75208 8.63974 8.32285 9.36266 9.55732 10.1574 9.80835 9.02065 8.68377 8.6563 8.55559 9.25766 9.73303 10.0664 10.2914 10.5685 10.6416 10.7147 10.7462 10.7637 10.7807 10.7773 10.7712 10.739 10.6397 9.93289 9.18644 7.57189 4.62019 -9999 -9999 -9999 -9999 -9999 -9999
-9999 11.4944 12.8002 13.5834 13.8855 14.1032 14.2952 14.4341 14.5774 14.7157 14.8107 14.7685 14.0815 14.1385 14.2627 14.6535 14.6256 14.5393 13.9391 11.919 11.218 10.193 8.86924 8.31371 8.58563 9.66396 9.6121 8.89222 8.09065 6.98117 6.27735 5.18473 3.08911 3.27691 4.22028 4.92269 6.03994 7.74759 8.94534 9.48092 9.68456 10.1064 10.3274 9.84783 9.39072 9.20062 8.84635 8.79915 8.80523 9.23102 9.56257 10.3013 10.5512 10.6651 10.7254 10.7587 10.7828 10.8059 10.8137 10.799 10.7984 10.7907 10.7381 9.7425 7.25536 5.37815 -9999 -9999 -9999 -9999 -9999 -9999
-9999 -9999 12.5592 12.9023 12.9905 13.1469 13.4692 13.8414 14.367 14.4354 14.7274 14.7273 14.1341 13.4505 14.0477 14.2851 14.5307 14.5375 14.4591 12.7584 11.868 11.1658 9.89605 10.3484 10.7781 10.8071 10.5416 9.00168 7.46832 5.69841 4.04817 3.96777 3.07985 3.54861 4.17171 5.77211 6.89893 7.35675 7.68625 9.42284 9.87545 10.0325 10.4789 9.87594 9.72441 9.27228 9.41081 9.37446 9.38076 8.12386 9.3913 9.47021 10.2981 10.6735 10.759 10.7844 10.8106 10.8156 10.8205 10.8161 10.823 10.8097 10.7935 10.1453 6.99181 5.4039 -9999 -9999 -9999 -9999 -9999 -9999
-9999 -9999 -9999 -9999 12.6655 12.9271 13.0944 13.3856 14.278 14.5196 14.6807 14.6955 14.4324 13.7554 13.578 13.7029 13.0418 13.5938 14.3486 14.3271 14.2321 12.7372 11.9702 12.7045 12.4757 11.3507 10.4646 9.59022 7.7954 6.47836 4.58728 3.16718 3.11258 4.67732 5.97743 7.59688 8.31211 7.9067 8.34878 9.21181 10.1926 10.6681 10.559 9.92337 9.83594 9.13725 9.83045 9.89319 9.57631 9.30312 9.41656 9.82851 9.98816 10.6366 10.7959 10.8261 10.8329 10.8367 10.8341 10.8298 10.8209 10.8122 10.8007 10.7687 7.52706 5.00138 -9999 -9999 -9999 -9999 -9999 -9999
-9999 -9999 -9999 -9999 12.0447 12.2032 12.6236 13.7058 14.2694 14.4989 14.4921 14.5992 14.4142 13.8191 13.2081 12.6316 11.8871 12.3121 13.4368 14.0983 14.1705 12.8595 13.5354 13.2763 12.7699 11.2997 10.2153 9.63875 7.91542 6.43735 5.17846 3.44162 4.18262 4.99934 6.04909 7.81598 9.00868 9.49962 9.09003 9.64271 10.771 10.7797 10.1664 10.2094 9.83626 8.88038 9.88253 10.1674 9.94489 10.0078 9.92656 10.0828 10.3635 10.6318 10.811 10.8374 10.842 10.8373 10.8372 10.8372 10.8234 10.8224 10.8108 10.7914 8.69783 4.95578 -9999 -9999 -9999 -9999 -9999 -9999
-9999 -9999 -9999 -9999 -9999 11.4779 12.439 13.876 14.2292 14.1971 14.495 14.5219 14.2372 13.9902 13.2483 12.2338 10.2836 10.7797 11.8149 13.3075 14.09 13.98 13.5384 12.7747 10.9328 9.32036 9.12097 8.85389 7.59529 6.45578 5.05645 5.86428 6.74989 7.71941 8.22902 8.09701 9.11914 9.95299 9.60099 10.2786 11.069 10.714 10.5053 10.3309 9.89932 9.87655 9.92554 10.4966 10.1084 10.3538 10.3632 10.3542 10.493 10.6518 10.8178 10.8471 10.8493 10.853 10.8342 10.8403 10.8296 10.8185 10.8076 10.7905 10.5982 8.57961 7.37332 -9999 -9999 -9999 -9999 -9999
-9999 -9999 -9999 -9999 -9999 10.5908 11.0694 12.7716 13.2937 14.0468 14.4473 14.4669 13.9853 13.7172 12.6112 12.2529 10.4491 9.63145 10.323 10.0552 12.1107 13.9287 13.5279 9.84621 8.50997 7.55575 7.79581 7.79445 7.44174 5.50567 4.97135 6.69877 7.78639 8.62935 9.26914 9.40273 9.38153 10.6851 10.8598 11.2847 11.1948 11.2364 10.5816 10.1777 10.5351 10.1286 10.0622 10.652 10.0793 10.6054 10.5471 10.3951 10.3913 10.7391 10.8121 10.8514 10.8555 10.8429 10.8257 10.8153 10.8252 10.8182 10.7968 10.7951 10.7735 10.5278 9.48294 9.11566 9.5159 -9999 -9999 -9999
-9999 -9999 -9999 -9999 -9999 -9999 9.48208 11.8481 12.9255 13.4943 14.2952 14.3929 14.1362 13.6722 12.5456 11.5545 9.94198 8.09962 7.1222 10.0398 12.5781 13.901 13.7227 10.6575 9.44537 9.38544 10.0933 9.48945 9.03099 7.55859 7.11822 6.50733 6.88205 8.05687 9.01733 9.94412 10.6184 10.6744 11.1127 11.3658 11.3884 11.4693 11.3946 11.3345 10.7019 11.1436 10.7754 10.9768 10.8538 10.7434 10.6479 10.2894 10.5502 10.7812 10.8431 10.8637 10.8515 10.8491 10.8396 10.8177 10.8069 10.8038 10.7995 10.7854 10.7825 10.765 10.6451 10.0154 9.17354 8.11096 -9999 -9999
-9999 -9999 -9999 -9999 -9999 -9999 8.30045 10.655 11.7858 13.2474 13.9995 14.3041 14.2655 13.8897 13.0338 11.7446 10.67 8.61338 6.47717 9.54046 12.2665 13.7365 13.811 11.2348 11.9443 11.3643 11.5935 10.5352 10.094 9.74255 8.98325 8.15352 7.24559 6.76599 8.92211 10.0296 10.9212 11.3422 11.5809 11.7008 11.6395 11.4799 10.5249 11.2577 11.2203 11.1509 11.071 11.0344 10.9627 10.8777 10.828 10.8136 10.5766 10.8544 10.8505 10.8561 10.8587 10.8523 10.8387 10.8263 10.8105 10.8103 10.7977 10.7861 10.7771 10.7678 10.757 10.7197 10.5504 9.12458 8.27091 8.02975
-9999 -9999 -9999 -9999 -9999 -9999 4.9912 8.41716 11.166 12.6049 13.7739 14.0969 14.2185 13.7135 13.3359 12.4117 11.5361 10.1846 8.15995 6.91228 9.20517 12.5379 13.7622 13.6628 13.5825 12.9129 12.3093 12.2306 12.2733 11.5695 10.5485 9.21657 8.80079 8.334 9.93994 10.1581 10.0413 11.8078 11.8128 11.7136 11.0395 10.286 10.4318 9.96681 10.3267 9.77148 10.2878 10.7348 10.9041 10.8941 10.8377 10.8359 10.8127 10.8627 10.8642 10.8583 10.8537 10.8512 10.8446 10.8235 10.8108 10.8168 10.8027 10.7904 10.7758 10.7688 10.7622 10.734 10.7082 10.4869 10.1556 9.52608
-9999 -9999 -9999 -9999 -9999 -9999 5.13772 8.01464 10.4595 11.9231 13.3338 13.662 14.1389 14.0372 13.6414 12.838 11.8337 10.7213 8.98411 7.69218 9.22467 11.4374 13.0203 13.5858 13.5745 13.5334 13.3799 13.3143 13.1365 13.0065 12.2747 11.0167 10.3057 9.26577 11.0555 11.2565 10.9769 11.8707 11.8267 10.477 9.43969 9.31185 9.94857 9.34822 9.24317 8.87116 9.29808 10.4375 10.1112 10.1799 10.697 10.7852 10.8422 10.8593 10.8578 10.857 10.8494 10.8514 10.8528 10.8322 10.822 10.8162 10.7951 10.7916 10.7762 10.7607 10.7468 10.7307 10.7072 10.6428 10.5717 10.641
-9999 -9999 -9999 -9999 -9999 -9999 5.19764 7.12919 9.32928 11.4852 12.9914 13.5996 14.0426 14.0387 13.5783 13.1789 12.5491 11.5703 10.8982 9.73182 8.13131 10.8089 11.6288 12.3597 12.6652 13.4269 13.4055 13.0525 12.6368 13.0127 12.9004 11.9045 11.5767 11.024 12.0193 12.0217 11.9944 11.9415 10.801 9.21571 7.94901 8.86286 8.67395 9.09628 7.79938 8.87204 9.73405 10.0157 9.43524 9.00488 10.3461 10.5709 10.7055 10.7924 10.85 10.8381 10.853 10.8458 10.8422 10.8377 10.8256 10.8177 10.8049 10.7915 10.7805 10.7667 10.7494 10.7282 10.7247 10.6871 10.6722 10.6584
-9999 -9999 -9999 -9999 -9999 -9999 -9999 5.9852 8.76929 11.2597 12.6465 13.5189 13.9442 13.937 13.7015 13.4301 13.0393 12.3328 11.4451 10.0428 9.00096 9.65882 10.4622 10.5505 11.0835 12.6343 13.1625 12.4081 10.542 11.6379 12.8606 12.8397 12.7346 12.6173 12.4655 12.3308 12.0362 11.2469 8.82802 8.35491 7.40706 7.51645 7.03132 8.09845 7.70126 8.7961 9.27203 9.45333 8.44581 8.66042 9.85052 10.323 10.2475 10.5381 10.815 10.8257 10.8349 10.8286 10.835 10.8373 10.8325 10.8198 10.8099 10.8021 10.7808 10.7776 10.6859 10.6257 10.5055 10.6505 10.663 10.6701
-9999 -9999 -9999 -9999 -9999 -9999 -9999 5.42328 8.2066 11.1393 12.0812 13.0215 13.8331 13.8492 13.489 13.1463 12.793 12.3905 11.3141 10.27 9.27285 8.93677 9.1352 9.11781 9.98213 12.0036 12.3933 12.2241 10.2755 9.61682 11.251 12.6245 12.7321 12.6072 10.9897 11.3343 10.4622 9.27951 8.95469 8.43783 7.34462 7.87295 7.07297 7.41859 7.32869 7.95105 8.25573 8.99578 8.11781 8.12244 9.29095 9.88135 9.8985 10.5177 10.7396 10.799 10.8149 10.8264 10.8298 10.84 10.8346 10.8255 10.8133 10.7835 10.7128 10.4983 9.32271 9.32297 9.64296 9.94577 10.4981 10.6535
-9999 -9999 -9999 -9999 -9999 -9999 -9999 5.74211 7.6734 10.2755 12.2032 12.3245 13.2618 13.7456 13.3539 12.9127 12.461 12.263 11.0918 9.80506 8.76499 7.53398 7.73465 8.61538 10.0575 11.3628 11.5947 11.3228 10.2756 10.7663 11.8806 12.4721 12.6463 12.5086 12.1563 11.953 11.3109 11.0331 10.1415 8.74732 8.19899 8.54846 7.06883 7.17414 7.72385 7.14397 8.10537 8.56666 7.43197 8.33656 9.36959 9.89888 10.3618 10.582 10.6709 10.8059 10.8109 10.8233 10.8303 10.829 10.8294 10.808 10.7901 10.6657 10.482 9.39057 8.93358 9.02187 9.52535 9.96613 10.4292 10.6175
-9999 -9999 -9999 -9999 -9999 -9999 -9999 6.0679 7.80663 10.0627 11.4369 11.6828 12.7221 13.6462 13.5428 13.0836 12.9434 12.4672 11.4738 10.3765 9.17699 8.59305 7.2523 8.56912 9.61093 10.7163 11.2326 10.3708 9.94027 10.6999 11.4554 11.7569 12.5202 12.5129 12.2641 11.1914 10.6687 10.8905 10.6666 10.274 9.31479 9.2734 8.65801 8.40419 8.1647 7.38231 7.88445 7.93658 8.07569 9.15959 9.69831 10.0562 10.3819 10.4688 10.6114 10.7955 10.8131 10.8209 10.8211 10.8252 10.8123 10.7608 10.7172 10.4672 10.0246 9.19875 7.8586 8.80134 9.78715 10.0821 10.369 10.5173
-9999 -9999 -9999 -9999 -9999 -9999 -9999 5.76794 7.61495 9.54298 10.349 10.4857 12.3665 13.518 13.5197 13.3019 13.0473 11.872 11.9402 11.7043 10.6223 9.04671 7.31624 7.477 8.50661 9.96655 10.4489 9.02849 8.52796 8.89488 10.0376 11.0607 12.129 12.4005 12.0872 10.4173 8.64283 9.4668 10.3473 10.3435 10.0867 9.19737 8.91608 8.66173 8.01369 6.91377 7.07819 7.38618 8.61795 9.00946 9.613 10.1146 9.92843 10.0405 10.52 10.7958 10.8076 10.8137 10.8238 10.8184 10.8026 10.6998 10.5907 10.4072 9.25365 8.5363 7.48828 8.70466 9.37671 9.73659 10.3765 10.5287
-9999 -9999 -9999 -9999 -9999 -9999 -9999 5.19226 6.53239 8.37509 9.11756 10.3022 12.0793 12.9533 13.3721 13.3625 13.1927 12.6661 12.3492 11.7252 10.5999 9.06141 7.35122 6.23741 6.80171 8.7679 9.23267 7.92171 7.25778 8.08326 9.3012 11.105 12.1356 12.2748 12.1819 11.8378 10.5425 8.97757 8.98384 9.77025 9.11447 8.35222 8.77382 8.69779 8.05791 7.59308 7.30982 7.49132 8.19236 8.4846 9.18136 10.2086 10.3575 10.3303 10.7637 10.7869 10.7985 10.816 10.8166 10.8136 10.8014 10.7178 10.5295 9.76207 9.09278 8.16145 8.04644 9.12562 9.59958 10.0402 10.3541 10.4563
-9999 -9999 -9999 -9999 -9999 -9999 -9999 4.20372 5.78042 7.50645 9.12265 10.6518 11.9678 12.0692 12.7632 12.762 13.1253 13.0207 12.5325 12.0069 11.0374 9.06155 7.39985 5.5876 6.06392 8.07009 8.32488 7.45034 5.83527 7.5018 9.33984 11.0058 11.9077 11.2006 11.9256 11.8665 11.3815 10.4503 9.00203 9.03061 7.94587 7.9001 8.45951 8.64231 8.55127 8.20284 7.64384 7.74496 8.17032 8.28096 8.92141 9.71871 10.4981 10.6307 10.7807 10.7887 10.7926 10.8061 10.8088 10.7937 10.7548 10.6675 10.0244 9.25947 8.78839 8.1398 8.06146 9.30443 9.80544 10.0828 10.3543 10.4614
-9999 -9999 -9999 -9999 -9999 -9999 -9999 -9999 5.61475 7.3978 8.7171 9.07201 10.2416 10.8731 11.3616 11.4696 12.8644 12.9409 12.6313 12.1487 11.3218 9.82243 8.77741 7.03922 5.78948 6.3027 6.53448 6.99272 6.85682 7.59979 9.36603 11.2063 11.407 10.2378 10.4112 10.6562 11.2051 10.9278 8.95416 7.95209 7.12069 7.71377 8.33775 8.49013 8.52217 8.40408 8.26788 8.0301 8.86475 9.48287 9.62781 10.1669 10.5653 10.6767 10.7609 10.7727 10.7846 10.7861 10.7643 10.7488 10.6503 10.4283 9.7091 7.97816 8.05972 7.87305 7.33496 8.55425 9.32244 10.0103 10.376 10.4706
-9999 -9999 -9999 -9999 -9999 -9999 -9999 -9999 5.01693 7.07993 7.51516 7.48216 6.79835 7.11244 9.64511 10.1548 11.4925 12.7591 12.6657 12.1923 11.4188 10.5257 9.14313 7.1885 5.6351 4.97479 6.64593 8.28371 8.62188 9.14516 10.2273 10.4327 9.23753 8.11694 8.74629 9.12564 10.5702 10.8345 10.5549 9.36631 8.00737 7.29881 8.13872 8.25255 8.30473 8.31664 8.29431 8.25821 9.20071 9.72222 10.0846 10.2827 10.6251 10.714 10.7437 10.7716 10.767 10.7508 10.6984 10.6385 10.3705 10.0456 8.86712 7.88468 7.27233 6.49477 8.24975 8.77163 9.4907 9.95958 10.3235 10.4036
