Test_Spring_2018/12_17/Temp/20171205_009.txt
ncols	170
nrows	115
xllcorner	350000.000000
yllcorner	4445000.000000
cellsize	1000.000000
nodata_value	-9999.000000
[rows 32 to 63 of 115, columns 71 to 141 of 170]
7.98492 7.96364 7.55839 8.19647 8.78438 8.43652 8.20606 9.16966 9.17433 8.85196 8.0884 7.81133 7.52388 7.34963 6.36882 3.60818 1.11995 2.46055 2.49701 1.57806 3.23922 2.36897 0.0911505 -3.12634 -1.37007 -1.82105 -4.09914 -4.65654 -9999 -9999 -9999 -9999 -9999 -9999 -9999 -9999 -9999 -9999 -9999 -9999 -9999 -9999 -9999 -9999 -9999 -9999 -9999 -9999 -9999 -9999 -9999 -9999 -9999 -9999 -9999 -9999 -9999 -9999 -9999 -9999 -9999 -9999 -9999 -9999 -9999 -9999 -9999 -9999 -9999 -9999 -9999
7.62507 7.41531 7.24399 8.19021 8.17527 8.12184 8.46971 9.0702 9.19362 9.07085 8.74055 8.45528 8.15156 7.3734 6.25071 3.88878 1.05592 0.417149 1.81079 1.88226 2.11031 1.31769 0.32087 -1.24131 0.0468265 0.550053 -0.947644 -2.90487 -4.16339 -9999 -9999 -9999 -9999 -9999 -9999 -9999 -9999 -9999 -9999 -9999 -9999 -9999 -9999 -9999 -9999 -9999 -9999 -9999 -9999 -9999 -9999 -9999 -9999 -9999 -9999 -9999 -9999 -9999 -9999 -9999 -9999 -9999 -9999 -9999 -9999 -9999 -9999 -9999 -9999 -9999 -9999
7.08139 6.76123 5.85302 6.42528 6.85617 7.6512 7.86464 7.9877 9.11546 9.06084 9.01369 8.5391 8.16054 7.5301 6.44977 4.9096 3.05421 -0.179957 1.82215 3.39096 3.35583 3.2751 2.57826 1.0777 2.34215 2.40618 0.493196 -1.68234 -2.96192 -3.4883 -9999 -9999 -9999 -9999 -9999 -9999 -9999 -9999 -9999 -9999 -9999 -9999 -9999 -9999 -9999 -9999 -9999 -9999 -9999 -9999 -9999 -9999 -9999 -9999 -9999 -9999 -9999 -9999 -9999 -9999 -9999 -9999 -9999 -9999 -9999 -9999 -9999 -9999 -9999 -9999 -9999
6.32568 6.01766 4.9073 5.48311 6.24981 7.33064 7.89257 8.32403 8.66473 9.01211 8.97654 8.49069 7.04614 6.84403 6.7862 5.78054 3.66462 1.55151 1.00773 3.39842 4.08621 3.95202 4.48971 3.21937 3.82699 3.5848 2.91167 0.816012 -1.09195 -1.87916 -3.43963 -9999 -9999 -9999 -9999 -9999 -9999 -9999 -9999 -9999 -9999 -9999 -9999 -9999 -9999 -9999 -9999 -9999 -9999 -9999 -9999 -9999 -9999 -9999 -9999 -9999 -9999 -9999 -9999 -9999 -9999 -9999 -9999 -9999 -9999 -9999 -9999 -9999 -9999 -9999 -9999
-9999 -9999 -9999 4.21102 5.25394 6.11742 7.17452 8.08885 8.54844 8.99502 8.96439 7.98837 7.51345 7.47639 6.81913 5.6574 4.9301 3.60148 2.21702 2.75269 4.79217 3.89215 5.33852 5.22149 5.49128 4.53262 2.71307 0.279189 -1.13695 -1.84066 -3.10422 -9999 -9999 -9999 -9999 -9999 -9999 -9999 -9999 -9999 -9999 -9999 -9999 -9999 -9999 -9999 -9999 -9999 -9999 -9999 -9999 -9999 -9999 -9999 -9999 -9999 -9999 -9999 -9999 -9999 -9999 -9999 -9999 -9999 -9999 -9999 -9999 -9999 -9999 -9999 -9999
-9999 -9999 -9999 -9999 5.06426 5.72337 7.13388 7.86841 8.16849 8.88578 8.89233 8.52566 8.25001 7.84775 7.32083 6.44892 5.48647 4.23718 4.12607 5.4325 5.45357 5.18669 5.40537 6.07899 5.90766 4.42234 1.85448 0.499317 -2.25922 -3.43815 -3.31184 -4.14603 -9999 -9999 -9999 -9999 -9999 -9999 -9999 -9999 -9999 -9999 -9999 -9999 -0.866097 -9999 -9999 -9999 -9999 -9999 -9999 -9999 -9999 -9999 -9999 -9999 -9999 -9999 -9999 -9999 -9999 -9999 -9999 -9999 -9999 -5.81224 -9999 -9999 -9999 -9999 -9999
-9999 -9999 -9999 4.93219 5.81359 6.50229 7.38859 7.48049 8.01229 8.83633 8.85326 8.59465 8.30171 7.63698 7.47591 6.98167 5.93629 5.72637 6.15707 6.3582 6.58554 6.72752 6.62159 6.35585 6.01088 5.05522 3.86657 3.07051 0.549414 -0.720607 -1.9374 -3.78168 -5.22335 -9999 -9999 -9999 -9999 -9999 -9999 -9999 -1.85042 -1.91378 -1.87558 -1.46456 -0.339324 -0.991964 -9999 -9999 -9999 -9999 -9999 -9999 -9999 -9999 -9999 -9999 -9999 -9999 -9999 -9999 -9999 -9999 -9999 -9999 -9999 -4.79772 -6.24977 -9999 -9999 -9999 -9999
-9999 -9999 -9999 5.16868 6.09764 6.56447 7.42564 7.92074 8.25008 8.53912 8.81546 8.77481 8.45007 7.9535 7.96155 7.27546 6.9078 6.64674 7.22759 7.34652 7.12069 6.83617 6.5852 5.86581 5.7872 5.55722 4.80481 3.56622 2.28971 0.444989 -2.06043 -4.51737 -6.49814 -9999 -9999 -9999 -9999 -9999 -9999 -1.64489 -0.709224 -0.146488 -1.32596 -0.308207 0.622522 0.480217 -0.411418 -9999 -9999 -9999 -9999 -9999 -9999 -9999 -9999 -9999 -9999 -9999 -9999 -9999 -9999 2.09298 0.604245 -2.40759 -3.9493 -4.87255 -6.19254 -9999 -9999 -9999 -9999
-9999 -9999 -9999 4.98528 6.08163 6.8263 7.48791 7.59869 8.27947 8.57796 8.72874 8.71649 8.65598 8.56839 7.97013 7.71556 6.80895 7.68602 7.65808 7.44257 6.5741 6.2007 4.70592 4.05118 3.90977 5.17693 4.25004 2.30871 -0.119576 -3.0364 -3.22273 -4.18492 -5.95466 -9999 -9999 -9999 -9999 -9999 -9999 -1.35471 -0.354283 0.481678 0.608129 -0.564122 1.08554 1.02807 0.113708 -0.0895206 0.670168 1.05805 0.780851 1.68584 1.95497 1.55407 2.00509 -9999 -9999 -9999 -9999 2.29461 2.35941 2.40929 1.79141 -1.49942 -3.7457 -5.76242 -5.94511 -9999 -9999 -9999 -9999
-9999 -9999 -9999 5.7398 6.41741 6.76325 6.82459 7.41905 8.01514 8.38252 8.65093 8.60276 8.58611 8.56806 8.36656 7.89211 7.98321 7.94937 7.67476 6.01664 4.08051 4.93214 3.78565 1.32353 3.33565 4.44269 3.39182 1.0383 -1.69168 -2.57961 -2.53801 -3.87822 -5.60365 -9999 -9999 -9999 -4.08827 -2.65819 -2.52868 -2.1031 -0.770546 0.244512 1.01055 1.53425 1.52388 0.983347 0.089132 -0.883286 -0.529077 1.2359 1.67059 2.03843 2.31724 1.94554 2.14843 2.62408 2.87227 2.9265 2.82057 2.79981 2.84261 2.79069 2.21432 -0.729116 -2.41191 -3.48405 -5.64248 -9999 -9999 -9999 -9999
-9999 -9999 -9999 5.31773 5.90791 6.38711 7.17757 7.26682 7.76953 8.07209 8.51577 8.57014 8.06223 8.49074 8.44072 8.36622 8.20292 7.9615 6.56244 4.63236 2.69762 1.80741 2.19428 0.715774 1.4852 2.60692 2.20655 0.766038 -1.66539 -2.00326 -2.56286 -4.82154 -6.99476 -9999 -9999 -6.85479 -4.11596 -2.18584 -1.18756 -0.874492 -0.83941 0.438059 0.543516 1.91846 1.60388 -0.200948 0.00837966 -0.690729 -0.228514 0.423362 0.606164 1.54126 2.43874 2.61295 2.62238 2.92722 2.99396 3.01478 3.01174 2.81323 2.91046 2.92889 2.57101 0.439515 -0.597833 -1.74067 -5.60961 -9999 -9999 -9999 -9999
-9999 -9999 -9999 5.61599 6.27497 6.99596 7.11809 7.65372 7.60591 7.46316 8.20662 8.48192 8.12469 7.86877 8.35357 8.32493 8.26587 8.16566 6.85122 5.32946 3.02319 1.59234 0.719158 0.101044 -0.723954 -0.14499 -0.314406 -0.543519 -0.267495 -0.930536 -2.26059 -3.58007 -6.05514 -7.39104 -9999 -6.70509 -5.46626 -3.1718 -1.22102 0.019361 -0.419195 1.03267 1.30654 2.14674 1.66265 0.569229 0.103154 0.0670003 -0.0714193 0.908739 1.57008 2.03961 2.3544 2.74413 2.84756 2.95128 2.99755 3.02486 3.05222 3.05172 3.04829 3.00916 2.87708 1.8991 0.864133 -1.37799 -5.47818 -9999 -9999 -9999 -9999
-9999 -9999 3.70776 5.54194 6.64282 7.07301 7.38522 7.66103 7.86228 8.07471 8.27193 8.40908 8.35761 7.40363 7.48642 7.6632 8.21188 8.17779 8.06343 7.23373 4.42636 3.45925 2.04497 0.211221 -0.550436 -0.160075 1.35398 1.29277 0.300234 -0.806674 -2.33857 -3.31113 -4.82639 -7.74086 -7.47327 -6.15343 -5.17 -3.60899 -1.22567 0.44669 1.19596 1.4824 2.07392 2.38426 1.71914 1.08624 0.823508 0.331796 0.26779 0.277841 0.872648 1.33887 2.36693 2.71636 2.87819 2.96389 3.01233 3.04874 3.08437 3.09957 3.08419 3.08927 3.08515 3.0173 1.63753 -1.82002 -4.42298 -9999 -9999 -9999 -9999
-9999 -9999 -9999 5.20523 5.69314 5.82563 6.05252 6.51018 7.03669 7.78148 7.88197 8.29347 8.29677 7.47557 6.52607 7.3616 7.69627 8.04317 8.05832 7.95591 5.59705 4.36612 3.39837 1.64038 2.28384 2.89451 2.94668 2.58825 0.453353 -1.67296 -4.12515 -6.41651 -6.52105 -7.75158 -7.09292 -6.21939 -3.98458 -2.41031 -1.76883 -1.30656 1.11626 1.75044 1.97229 2.59687 1.7588 1.55153 0.923547 1.11845 1.06943 1.07962 -0.67074 1.09927 1.20973 2.36411 2.88667 3.00861 3.04592 3.08505 3.09534 3.10655 3.10556 3.12124 3.10812 3.09325 2.19792 -2.18829 -4.38792 -9999 -9999 -9999 -9999
-9999 -9999 -9999 -9999 -9999 5.37268 5.74643 5.98827 6.40195 7.65756 7.99948 8.22833 8.25258 7.88929 6.94973 6.70559 6.88328 5.96656 6.74257 7.80207 7.78112 7.65878 5.58667 4.53083 5.56632 5.25981 3.70414 2.48114 1.2741 -1.21628 -3.03731 -5.66412 -7.6355 -7.70485 -5.51836 -3.70156 -1.44024 -0.439624 -1.0012 -0.382141 0.824025 2.1935 2.85872 2.70907 1.82536 1.70727 0.735609 1.7034 1.79234 1.35202 0.972359 1.13384 1.70818 1.93103 2.83527 3.05846 3.10217 3.11426 3.12284 3.12355 3.1227 3.11594 3.11058 3.10207 3.06565 -1.44311 -4.94947 -9999 -9999 -9999 -9999
-9999 -9999 -9999 -9999 -9999 4.50774 4.73804 5.33249 6.84861 7.64581 7.97081 7.9655 8.11843 7.86376 7.0376 6.18933 5.3895 4.35681 4.95526 6.53027 7.46115 7.572 5.75637 6.71139 6.36285 5.6697 3.63327 2.13412 1.34224 -1.04832 -3.09375 -4.83946 -7.25217 -6.21276 -5.06867 -3.60065 -1.13397 0.532009 1.21955 0.651996 1.4251 3.00018 3.01476 2.1624 2.22442 1.70807 0.377946 1.77622 2.17457 1.86573 1.95439 1.84429 2.06209 2.45344 2.82787 3.07856 3.11699 3.12575 3.12253 3.1266 3.13173 3.11855 3.12402 3.11552 3.09676 0.188064 -5.01331 -9999 -9999 -9999 -9999
-9999 -9999 -9999 -9999 -9999 -9999 3.72771 5.07571 7.0862 7.5902 7.55057 7.9699 8.01091 7.6173 7.2761 6.24532 4.83521 2.12226 2.81976 4.27001 6.3591 7.45983 7.31795 6.71585 5.66397 3.10973 0.875187 0.609445 0.248905 -1.49401 -3.06764 -5.00906 -3.87559 -2.63465 -1.27764 -0.562351 -0.741898 0.686339 1.8518 1.36439 2.31155 3.41579 2.92351 2.63498 2.39403 1.79629 1.76653 1.8365 2.63365 2.09384 2.43678 2.45289 2.44042 2.63397 2.85561 3.08787 3.13027 3.1357 3.14412 3.12223 3.13579 3.12701 3.11841 3.11096 3.09554 2.83641 0.0368294 -1.63423 -9999 -9999 -9999
-9999 -9999 -9999 -9999 -9999 -9999 2.4922 3.16774 5.54761 6.28706 7.34151 7.90383 7.93481 7.26682 6.89689 5.35846 4.86277 2.35361 1.22076 2.19214 1.82796 4.70274 7.24749 6.70213 1.58378 -0.265912 -1.58336 -1.23683 -1.22721 -1.70781 -4.39156 -5.12761 -2.7127 -1.19029 -0.00969053 0.887012 1.07772 1.05199 2.87212 3.1186 3.71376 3.59123 3.65178 2.74157 2.18085 2.68266 2.11813 2.02746 2.85077 2.05382 2.78797 2.70985 2.49807 2.49295 2.97796 3.08059 3.13696 3.14491 3.13075 3.11107 3.10162 3.12151 3.11868 3.0966 3.10255 3.08119 2.75222 1.30606 0.804132 1.37169 -9999
-9999 -9999 -9999 -9999 -9999 -9999 -9999 0.95635 4.26126 5.77473 6.57231 7.69273 7.83251 7.47983 6.83582 5.26884 3.89143 1.64898 -0.912618 -2.26602 1.80879 5.35627 7.21082 6.97521 2.71576 1.03872 0.967216 1.96533 1.1351 0.506861 -1.5308 -2.1361 -2.97991 -2.45107 -0.807523 0.535989 1.83182 2.7753 2.8569 3.47107 3.82658 3.86092 3.97638 3.87477 3.79321 2.91545 3.53319 3.02186 3.30403 3.13399 2.98114 2.85137 2.35192 2.71563 3.03816 3.12534 3.1554 3.14094 3.14098 3.13196 3.10662 3.09754 3.09996 3.10156 3.09005 3.09464 3.08367 2.92622 2.05836 0.894775 -0.576636
-9999 -9999 -9999 -9999 -9999 -9999 -9999 -0.689499 2.59922 4.18741 6.22922 7.28203 7.71311 7.66213 7.14126 5.95185 4.1591 2.66657 -0.19361 -3.1635 1.11331 4.92494 6.98424 7.09942 3.5221 4.5226 3.72595 4.05663 2.59257 1.98806 1.51242 0.462428 -0.686538 -1.94442 -2.60687 0.402673 1.95037 3.19681 3.78718 4.12316 4.29357 4.21141 3.99119 2.66293 3.68644 3.63846 3.54384 3.43449 3.38516 3.28672 3.16948 3.10394 3.08423 2.7544 3.14086 3.13723 3.14707 3.15337 3.1478 3.13317 3.1209 3.10477 3.10971 3.10092 3.09258 3.08842 3.08863 3.08304 3.04032 2.81367 0.835801
-9999 -9999 -9999 -9999 -9999 -9999 -9999 -5.30013 -0.518498 3.32557 5.3357 6.9732 7.42668 7.59921 6.89874 6.37608 5.09245 3.87726 1.99987 -0.814623 -2.54531 0.658801 5.31314 7.03419 6.90799 6.80732 5.88515 5.05474 4.95552 5.02479 4.05803 2.64437 0.795235 0.222621 -0.42246 1.82038 2.12873 1.96998 4.43547 4.446 4.31121 3.37499 2.32834 2.53438 1.88784 2.39367 1.6223 2.34399 2.96877 3.20628 3.19373 3.1193 3.11536 3.08401 3.15531 3.15902 3.15299 3.14929 3.14926 3.14433 3.12001 3.1081 3.12285 3.10822 3.09848 3.0883 3.09141 3.09122 3.06089 3.03384 2.73414
-9999 -9999 -9999 -9999 -9999 -9999 -9999 -5.0942 -1.07023 2.34251 4.39235 6.36237 6.82342 7.4915 7.3534 6.80575 5.69064 4.2963 2.75212 0.338266 -1.45426 0.690044 3.78306 5.99914 6.7989 6.79813 6.75135 6.54768 6.46701 6.22875 6.06181 5.04957 3.30404 2.3192 0.875379 3.37435 3.6589 3.2734 4.52288 4.46522 2.58773 1.14552 0.970548 1.86134 1.02751 0.885734 0.368496 0.965722 2.55568 2.10003 2.19762 2.92313 3.04709 3.12817 3.15355 3.15332 3.15451 3.14682 3.1531 3.15929 3.13555 3.12696 3.12504 3.10234 3.10234 3.08836 3.07971 3.07085 3.05689 3.03264 2.95107
-9999 -9999 -9999 -9999 -9999 -9999 -9999 -5.01163 -2.30221 0.769421 3.78482 5.88826 6.73977 7.36106 7.35946 6.72209 6.17028 5.29806 3.94013 3.01043 1.39267 -0.829394 2.91103 4.06356 5.0932 5.5292 6.60092 6.58109 6.09901 5.53885 6.07052 5.92242 4.54106 4.09011 3.32513 4.71709 4.72497 4.69108 4.62134 3.03576 0.83015 -0.931615 0.345207 0.0850814 0.677093 -1.12536 0.369531 1.5732 1.96787 1.15975 0.561976 2.43654 2.75159 2.94071 3.06355 3.14581 3.13182 3.15554 3.14915 3.14825 3.14682 3.13541 3.13037 3.11886 3.10704 3.09627 3.08974 3.07369 3.05431 3.05775 3.01493
-9999 -9999 -9999 -9999 -9999 -9999 -9999 -9999 -3.89617 -0.00337839 3.47226 5.40959 6.62981 7.2268 7.22103 6.89752 6.52434 5.98528 5.00691 3.77674 1.82999 0.386352 1.31184 2.44125 2.57515 3.32765 5.49843 6.24395 5.20179 2.61693 4.15361 5.8647 5.84207 5.70146 5.54347 5.33881 5.15567 4.74941 3.65349 0.286516 -0.371023 -1.68847 -1.53274 -2.20569 -0.71511 -1.26347 0.265026 0.930845 1.18589 -0.215939 0.0898468 1.75003 2.41008 2.30654 2.71341 3.10073 3.11826 3.13414 3.12905 3.14214 3.15003 3.14851 3.13746 3.12985 3.12567 3.09999 3.10841 2.98837 2.91227 2.7525 2.96223
-9999 -9999 -9999 -9999 -9999 -9999 -9999 -9999 -4.6686 -0.784144 3.30809 4.62555 5.94062 7.07625 7.10331 6.60636 6.13398 5.64729 5.09257 3.59937 2.15169 0.769953 0.309918 0.595123 0.582075 1.79566 4.62181 5.17376 4.94668 2.24877 1.33806 3.6222 5.54256 5.69834 5.52957 3.2805 3.76543 2.55444 0.910381 0.461641 -0.254889 -1.77476 -1.03508 -2.14667 -1.66196 -1.78127 -0.911064 -0.483742 0.550138 -0.670946 -0.657243 0.973025 1.79764 1.82351 2.6885 3.00023 3.08573 3.11111 3.13079 3.13971 3.15854 3.15602 3.14887 3.13771 3.10231 3.01017 2.71503 1.08985 1.09749 1.55069 1.97986
-9999 -9999 -9999 -9999 -9999 -9999 -9999 -9999 -4.22062 -1.52348 2.10819 4.79962 4.97361 6.2847 6.96392 6.42315 5.81364 5.18996 4.92027 3.29476 1.5088 0.0669707 -1.64059 -1.35269 -0.116865 1.90384 3.73141 4.06297 3.69217 2.25053 2.94123 4.50066 5.33108 5.57949 5.39292 4.90698 4.6283 3.73792 3.35493 2.11655 0.177431 -0.583036 -0.0925045 -2.15113 -2.00119 -1.23213 -2.03399 -0.69136 -0.0458034 -1.62447 -0.356205 1.08547 1.82519 2.47253 2.78176 2.90822 3.09926 3.10948 3.13044 3.14431 3.14701 3.15237 3.12776 3.10834 2.94068 2.69076 1.17585 0.5487 0.67856 1.38699 2.008
-9999 -9999 -9999 -9999 -9999 -9999 -9999 -9999 -3.76268 -1.33381 1.81576 3.73616 4.08399 5.5374 6.83033 6.69159 6.05727 5.8677 5.2102 3.83243 2.31016 0.64588 -0.160286 -2.02085 -0.17773 1.28475 2.83324 3.56073 2.3782 1.78522 2.85057 3.90964 4.33577 5.40516 5.40021 5.05849 3.56832 2.84432 3.1577 2.8497 2.30645 0.973462 0.919341 0.0651623 -0.285306 -0.615958 -1.69984 -0.997111 -0.921625 -0.725029 0.793433 1.54645 2.04755 2.50377 2.62757 2.82898 3.08866 3.11645 3.13095 3.13518 3.14531 3.13199 3.06505 3.00947 2.66656 2.05533 0.910094 -0.948275 0.371852 1.75202 2.16833
-9999 -9999 -9999 -9999 -9999 -9999 -9999 -9999 -4.17653 -1.5967 1.09582 2.22457 2.4205 5.04676 6.65683 6.66474 6.36677 6.01791 4.38611 4.48756 4.16556 2.6648 0.476331 -1.92769 -1.69597 -0.25292 1.7915 2.47139 0.510203 -0.18053 0.337311 1.93598 3.36752 4.86193 5.24542 4.81375 2.49134 0.0230157 1.17555 2.40672 2.40532 2.05112 0.815384 0.426812 0.0756423 -0.824311 -2.35157 -2.1184 -1.68626 0.038893 0.586925 1.43044 2.13189 1.87512 2.0341 2.70522 3.0926 3.11242 3.12462 3.14256 3.13913 3.12167 2.98298 2.83579 2.58512 0.982777 -0.0115894 -1.46075 0.237697 1.18021 1.68746
-9999 -9999 -9999 -9999 -9999 -9999 -9999 -9999 -4.97448 -3.10093 -0.527191 0.513165 2.16954 4.65163 5.87506 6.46422 6.45657 6.22582 5.49806 5.06269 4.19961 2.63819 0.501192 -1.87485 -3.41965 -2.62576 0.124397 0.782225 -1.02924 -1.94786 -0.791134 0.912253 3.43173 4.87351 5.07279 4.94817 4.47347 2.67283 0.496219 0.509024 1.60882 0.698665 -0.360022 0.230915 0.12823 -0.76033 -1.40507 -1.79314 -1.53752 -0.551591 -0.141793 0.831766 2.2659 2.47613 2.44117 3.0481 3.08367 3.10315 3.13124 3.13587 3.13566 3.12291 3.01078 2.75301 1.68822 0.760349 -0.532582 -0.687847 0.824839 1.48999 2.1103
-9999 -9999 -9999 -9999 -9999 -9999 -9999 -9999 -6.3477 -4.14437 -1.73308 0.525024 2.66167 4.50132 4.64826 5.62097 5.62496 6.13714 5.99722 5.32304 4.59701 3.25247 0.505714 -1.80303 -4.3214 -3.65034 -0.847368 -0.470925 -1.68299 -3.92719 -1.59845 0.969038 3.29644 4.55879 3.57875 4.594 4.51637 3.84503 2.55149 0.537288 0.580946 -0.92706 -0.987351 -0.204431 0.0535401 -0.0702161 -0.552757 -1.32632 -1.18156 -0.57971 -0.422907 0.47227 1.58611 2.67513 2.86279 3.07499 3.08939 3.09823 3.12054 3.12808 3.11083 3.0607 2.94316 2.05135 0.989752 0.337793 -0.561472 -0.665971 1.07705 1.77693 2.16939
-9999 -9999 -9999 -9999 -9999 -9999 -9999 -9999 -9999 -4.37072 -1.87983 -0.0353342 0.465116 2.10085 2.98647 3.67296 3.82916 5.77859 5.89104 5.46558 4.79913 3.6532 1.57026 0.12071 -2.29464 -4.02913 -3.30432 -2.96259 -2.31739 -2.50029 -1.45861 1.00886 3.57927 3.86448 2.24044 2.48706 2.8333 3.60269 3.22041 0.47395 -0.918752 -2.07382 -1.24394 -0.371145 -0.155663 -0.107978 -0.269571 -0.454629 -0.775159 0.390582 1.25464 1.45934 2.21339 2.77155 2.92975 3.05029 3.07003 3.08997 3.09566 3.06891 3.05094 2.91762 2.61221 1.61398 -0.794051 -0.676161 -0.932003 -1.67752 0.0253428 1.10459 2.06803
-9999 -9999 -9999 -9999 -9999 -9999 -9999 -9999 -9999 -5.19933 -2.31817 -1.70552 -1.74553 -2.69261 -2.24914 1.28599 2.00196 3.87172 5.6425 5.51819 4.86447 3.79269 2.55441 0.63427 -2.08283 -4.2406 -5.14223 -2.80768 -0.514859 -0.037059 0.698544 2.2127 2.50488 0.84505 -0.711193 0.170895 0.704296 2.72178 3.09429 2.70844 1.05573 -0.834651 -1.81884 -0.645288 -0.483674 -0.408035 -0.388568 -0.417342 -0.456546 0.861253 1.59067 2.09838 2.37739 2.85747 2.98453 3.02902 3.07117 3.06813 3.04915 2.97964 2.8998 2.52993 2.08102 0.442526 -0.922673 -1.77206 -2.85163 -0.401872 0.328775 1.34153 1.99693
