Test_Spring_2018/12_17/Temp/20171212_009.txt
ncols	170
nrows	115
xllcorner	350000.000000
yllcorner	4445000.000000
cellsize	1000.000000
nodata_value	-9999.000000
[rows 32 to 63 of 115, columns 72 to 143 of 170]
13.5939 13.2981 13.7384 14.1432 13.8777 13.698 14.3631 14.3564 14.119 13.5705 13.3655 13.1534 13.0213 12.32 10.3627 8.5977 9.53484 9.5515 8.89378 10.0569 9.43325 7.8161 5.53564 6.76533 6.43715 4.81353 4.40513 -9999 -9999 -9999 -9999 -9999 -9999 -9999 -9999 -9999 -9999 -9999 -9999 -9999 -9999 -9999 -9999 -9999 -9999 -9999 -9999 -9999 -9999 -9999 -9999 -9999 -9999 -9999 -9999 -9999 -9999 -9999 -9999 -9999 -9999 -9999 -9999 -9999 -9999 -9999 -9999 -9999 -9999 -9999 -9999 -9999
13.1975 13.0669 13.7248 13.7042 13.6514 13.8747 14.2835 14.3606 14.2641 14.0213 13.8105 13.5868 13.0284 12.2269 10.5509 8.54261 8.08278 9.0573 9.09861 9.25033 8.68159 7.96861 6.85651 7.75591 8.10128 7.03266 5.63202 4.72695 -9999 -9999 -9999 -9999 -9999 -9999 -9999 -9999 -9999 -9999 -9999 -9999 -9999 -9999 -9999 -9999 -9999 -9999 -9999 -9999 -9999 -9999 -9999 -9999 -9999 -9999 -9999 -9999 -9999 -9999 -9999 -9999 -9999 -9999 -9999 -9999 -9999 -9999 -9999 -9999 -9999 -9999 -9999 -9999
12.7266 12.076 12.4699 12.7641 13.3034 13.4335 13.5102 14.2961 14.2476 14.2045 13.86 13.5834 13.1291 12.3575 11.2614 9.94295 7.65142 9.0554 10.1535 10.1196 10.0533 9.55217 8.48364 9.36641 9.40187 8.03519 6.47801 5.56548 5.1846 -9999 -9999 -9999 -9999 -9999 -9999 -9999 -9999 -9999 -9999 -9999 -9999 -9999 -9999 -9999 -9999 -9999 -9999 -9999 -9999 -9999 -9999 -9999 -9999 -9999 -9999 -9999 -9999 -9999 -9999 -9999 -9999 -9999 -9999 -9999 -9999 -9999 -9999 -9999 -9999 -9999 -9999 -9999
12.1927 11.3994 11.7958 12.3269 13.0721 13.4499 13.7382 13.9685 14.2036 14.1686 13.816 12.787 12.635 12.5849 11.8661 10.3637 8.86343 8.47071 10.149 10.6253 10.5214 10.8916 9.98564 10.4049 10.2243 9.73391 8.23712 6.87578 6.31075 5.20009 -9999 -9999 -9999 -9999 -9999 -9999 -9999 -9999 -9999 -9999 -9999 -9999 -9999 -9999 -9999 -9999 -9999 -9999 -9999 -9999 -9999 -9999 -9999 -9999 -9999 -9999 -9999 -9999 -9999 -9999 -9999 -9999 -9999 -9999 -9999 -9999 -9999 -9999 -9999 -9999 -9999 -9999
-9999 -9999 10.889 11.6078 12.2024 12.9341 13.5629 13.877 14.182 14.1503 13.4517 13.1068 13.0712 12.5981 11.7691 11.2468 10.3002 9.31429 9.68345 11.1139 10.4696 11.4812 11.3892 11.57 10.8838 9.57729 7.84906 6.83459 6.32838 5.42714 -9999 -9999 -9999 -9999 -9999 -9999 -9999 -9999 -9999 -9999 -9999 -9999 -9999 -9999 -9999 -9999 -9999 -9999 -9999 -9999 -9999 -9999 -9999 -9999 -9999 -9999 -9999 -9999 -9999 -9999 -9999 -9999 -9999 -9999 -9999 -9999 -9999 -9999 -9999 -9999 -9999 -9999
-9999 -9999 -9999 11.4649 11.9152 12.8999 13.3981 13.5994 14.0952 14.0897 13.8209 13.6166 13.3232 12.9421 12.3176 11.6295 10.739 10.6518 11.565 11.5711 11.3737 11.5189 11.985 11.8545 10.7914 8.9622 7.99573 6.03315 5.19139 5.2709 4.67265 -9999 -9999 -9999 -9999 -9999 -9999 -9999 -9999 -9999 -9999 -9999 -9999 6.87857 -9999 -9999 -9999 -9999 -9999 -9999 -9999 -9999 -9999 -9999 -9999 -9999 -9999 -9999 -9999 -9999 -9999 -9999 -9999 -9999 3.20781 -9999 -9999 -9999 -9999 -9999 -9999 -9999
-9999 -9999 11.3801 11.9809 12.456 13.0704 13.1211 13.4797 14.0507 14.0523 13.8596 13.643 13.1643 13.0414 12.6835 11.9369 11.7801 12.0754 12.2088 12.3605 12.4519 12.368 12.1712 11.9181 11.2222 10.3732 9.80113 8.01133 7.09977 6.23117 4.91986 3.89289 -9999 -9999 -9999 -9999 -9999 -9999 -9999 6.20568 6.15319 6.17235 6.45455 7.24068 6.7719 -9999 -9999 -9999 -9999 -9999 -9999 -9999 -9999 -9999 -9999 -9999 -9999 -9999 -9999 -9999 -9999 -9999 -9999 -9999 3.9136 2.88119 -9999 -9999 -9999 -9999 -9999 -9999
-9999 -9999 11.5284 12.1729 12.4911 13.0875 13.4254 13.6382 13.8313 14.0158 13.9768 13.7376 13.3776 13.374 12.8808 12.6126 12.4198 12.8213 12.8968 12.7289 12.5194 12.3333 11.8162 11.7511 11.5678 11.0265 10.1419 9.23037 7.91289 6.13461 4.3907 2.98306 -9999 -9999 -9999 -9999 -9999 -9999 6.34841 7.0011 7.39063 6.55054 7.26104 7.90996 7.80136 7.1554 -9999 -9999 -9999 -9999 -9999 -9999 -9999 -9999 -9999 -9999 -9999 -9999 -9999 -9999 8.79562 7.73778 5.60501 4.50971 3.85076 2.91162 -9999 -9999 -9999 -9999 -9999 -9999
-9999 -9999 11.391 12.1534 12.6673 13.1224 13.1887 13.6518 13.8491 13.9447 13.9256 13.8728 13.8014 13.3699 13.1814 12.533 13.1437 13.1157 12.9554 12.3341 12.0619 10.9981 10.5267 10.407 11.291 10.6262 9.24533 7.52068 5.44605 5.3046 4.61537 3.35647 -9999 -9999 -9999 -9999 -9999 -9999 6.54315 7.24171 7.82424 7.90597 7.07098 8.22736 8.17095 7.51706 7.36481 7.89195 8.1565 7.94826 8.57921 8.76011 8.46822 8.77772 -9999 -9999 -9999 -9999 8.94185 8.98034 9.00846 8.56539 6.23587 4.64347 3.2129 3.07331 -9999 -9999 -9999 -9999 -9999 -9999
-9999 -9999 11.9158 12.3823 12.6143 12.6454 13.0526 13.4557 13.7016 13.8778 13.8334 13.8117 13.7895 13.6382 13.2948 13.3507 13.3187 13.1169 11.9386 10.5639 11.1564 10.3399 8.58757 9.99372 10.7644 10.0119 8.33984 6.40193 5.75902 5.77819 4.82192 3.59225 -9999 -9999 -9999 4.62589 5.62718 5.71087 6.00374 6.93683 7.64585 8.1806 8.54266 8.52297 8.13074 7.49096 6.79571 7.03649 8.27272 8.56997 8.81832 9.00583 8.73434 8.86703 9.19413 9.36098 9.39125 9.30879 9.28674 9.30978 9.26614 8.85244 6.76969 5.5751 4.81129 3.27427 -9999 -9999 -9999 -9999 -9999 -9999
-9999 -9999 11.6087 12.0132 12.3392 12.8823 12.9328 13.2752 13.4721 13.7729 13.8007 13.4322 13.7252 13.681 13.6199 13.4965 13.3182 12.323 10.953 9.57945 8.94276 9.20244 8.14941 8.67882 9.45979 9.167 8.13587 6.40852 6.15874 5.74828 4.14447 2.60065 -9999 -9999 2.67177 4.59641 5.9507 6.64769 6.86133 6.8789 7.77329 7.84041 8.80326 8.56938 7.28511 7.42408 6.92291 7.23972 7.68782 7.80721 8.45466 9.08011 9.19391 9.19161 9.39806 9.43679 9.44348 9.43368 9.28626 9.34784 9.35398 9.09462 7.58351 6.84446 6.02805 3.28719 -9999 -9999 -9999 -9999 -9999 -9999
-9999 -9999 11.8083 12.261 12.7573 12.8308 13.1962 13.1504 13.0329 13.5462 13.7289 13.4668 13.2767 13.61 13.5815 13.5319 13.4535 12.5182 11.4366 9.801 8.78284 8.15381 7.70788 7.10902 7.50662 7.37579 7.20266 7.38596 6.90659 5.95234 5.01044 3.25414 2.30155 -9999 2.76764 3.63373 5.24528 6.61465 7.48292 7.1664 8.18403 8.37015 8.95224 8.60259 7.82048 7.48035 7.44562 7.3385 8.02068 8.47843 8.79724 9.00995 9.27695 9.34087 9.40531 9.42955 9.44083 9.45254 9.44495 9.43561 9.40126 9.30139 8.6045 7.86489 6.2753 3.37143 -9999 -9999 -9999 -9999 -9999 -9999
-9999 10.4706 11.7487 12.5129 12.8036 13.0109 13.1926 13.3218 13.4553 13.5829 13.6688 13.6219 12.9392 12.9889 13.1056 13.4851 13.4536 13.3655 12.7724 10.7833 10.0894 9.07941 7.77511 7.22394 7.48817 8.54517 8.49023 7.77795 6.98498 5.88851 5.19102 4.11128 2.04519 2.22475 3.14751 3.83343 4.92747 6.60226 7.77557 8.29753 8.4928 8.9005 9.11183 8.63225 8.17515 7.98062 7.62422 7.56946 7.5668 7.97673 8.29339 9.00979 9.24705 9.35315 9.40481 9.43057 9.44829 9.4659 9.46948 9.4518 9.44877 9.43933 9.383 8.40226 5.95241 4.10527 -9999 -9999 -9999 -9999 -9999 -9999
-9999 -9999 11.5038 11.8351 11.9153 12.0621 12.3718 12.7303 13.2395 13.2988 13.5783 13.5703 12.9811 12.3024 12.8841 13.1128 13.3504 13.3538 13.2742 11.5979 10.7201 10.0273 8.77634 9.21676 9.63622 9.66123 9.39627 7.8775 6.36485 4.61886 2.99082 2.90663 2.02801 2.48408 3.09191 4.66107 5.76459 6.21021 6.52963 8.23283 8.67173 8.81945 9.25224 8.65239 8.49568 8.04324 8.17128 8.12694 8.12423 6.87891 8.11571 8.18415 8.98955 9.3494 9.42739 9.4453 9.46497 9.46475 9.46559 9.45815 9.46269 9.44566 9.42674 8.78752 5.68436 4.12192 -9999 -9999 -9999 -9999 -9999 -9999
-9999 -9999 -9999 -9999 11.5877 11.8379 11.9951 12.2738 13.1435 13.3731 13.5237 13.5307 13.265 12.5931 12.413 12.531 11.8769 12.4169 13.1557 13.1323 13.0367 11.5645 10.8064 11.5259 11.2978 10.1879 9.31258 8.44845 6.67868 5.37815 3.51329 2.11152 2.0527 3.58659 4.86031 6.44826 7.14702 6.74368 7.17385 8.01668 8.97572 9.43746 9.32376 8.69162 8.59782 7.90271 8.57609 8.62901 8.30824 8.0302 8.13179 8.52758 8.67553 9.30469 9.45356 9.4765 9.47712 9.47574 9.46923 9.46195 9.44919 9.43833 9.42512 9.39201 6.20229 3.71765 -9999 -9999 -9999 -9999 -9999 -9999
-9999 -9999 -9999 -9999 10.9694 11.1182 11.5241 12.5808 13.127 13.3447 13.3301 13.428 13.239 12.6474 12.0409 11.4691 10.7328 11.1475 12.251 12.8993 12.9682 11.6769 12.3379 12.0805 11.5794 10.13 9.0597 8.48848 6.78906 5.33019 4.08716 2.37393 3.09765 3.89591 4.92346 6.65646 7.82485 8.30302 7.8951 8.43344 9.53756 9.54005 8.93034 8.96557 8.59065 7.64246 8.61958 8.89079 8.66275 8.71519 8.62514 8.7693 9.03621 9.29149 9.45982 9.47877 9.47728 9.46761 9.46349 9.4598 9.44345 9.44019 9.42692 9.40619 7.34563 3.66471 -9999 -9999 -9999 -9999 -9999 -9999
-9999 -9999 -9999 -9999 -9999 10.3972 11.335 12.7406 13.08 13.0405 13.3256 13.3446 13.0576 12.8083 12.0731 11.0706 9.14854 9.63312 10.6485 12.1141 12.8816 12.7714 12.3334 11.5795 9.76493 8.17571 7.97582 7.70901 6.46669 5.34085 3.95974 4.7493 5.61532 6.56392 7.06028 6.92571 7.92634 8.74171 8.39054 9.05168 9.82343 9.46813 9.25626 9.07758 8.64518 8.61466 8.65428 9.20693 8.81587 9.04778 9.04686 9.02857 9.15595 9.30347 9.45887 9.48067 9.47679 9.47539 9.4528 9.45529 9.44199 9.42872 9.41609 9.39762 9.20691 7.22102 6.03304 -9999 -9999 -9999 -9999 -9999
-9999 -9999 -9999 -9999 -9999 9.51746 9.98078 11.6472 12.1528 12.8856 13.2718 13.2838 12.8032 12.5334 11.4398 11.0827 9.30449 8.49712 9.17443 8.90857 10.928 12.7139 12.3159 8.69205 7.37472 6.43279 6.6651 6.65962 6.30829 4.39904 3.86874 5.56279 6.62756 7.45172 8.07615 8.20263 8.17719 9.45454 9.62127 10.0339 9.93978 9.97454 9.32383 8.9194 9.26296 8.85501 8.78126 9.3524 8.77992 9.28801 9.22063 9.06179 9.04905 9.38254 9.44653 9.47826 9.47595 9.45871 9.4376 9.42389 9.43073 9.42143 9.39837 9.39488 9.37188 9.12955 8.10025 7.73721 8.12885 -9999 -9999 -9999
-9999 -9999 -9999 -9999 -9999 -9999 8.41259 10.7321 11.7841 12.3358 13.116 13.2049 12.9449 12.4826 11.3693 10.3898 8.79964 6.98399 6.02018 8.88707 11.3812 12.6799 12.5005 9.48291 8.28754 8.22507 8.9174 8.31938 7.86406 6.41085 5.973 5.36734 5.73101 6.88094 7.82071 8.72773 9.38625 9.43653 9.8626 10.1061 10.1225 10.196 10.1158 10.0495 9.41941 9.84588 9.4753 9.66459 9.53467 9.41688 9.31311 8.95138 9.19907 9.41801 9.47118 9.48347 9.46591 9.45866 9.44502 9.41978 9.40642 9.40072 9.39425 9.37834 9.37356 9.35557 9.23577 8.61447 7.78439 6.73704 -9999 -9999
-9999 -9999 -9999 -9999 -9999 -9999 7.24364 9.55209 10.6569 12.0869 12.8171 13.1105 13.0663 12.6909 11.8439 10.5711 9.51004 7.4835 5.37911 8.38815 11.0685 12.5117 12.5824 10.0438 10.7383 10.1642 10.3858 9.34066 8.90236 8.55161 7.80013 6.97927 6.08031 5.60345 7.71959 8.80429 9.67652 10.0858 10.3154 10.4279 10.3615 10.1986 9.25274 9.96631 9.92177 9.84554 9.75874 9.7142 9.63496 9.54246 9.48407 9.46106 9.21943 9.48232 9.47087 9.47032 9.46738 9.45612 9.43844 9.42234 9.40337 9.39906 9.3861 9.37232 9.36129 9.3511 9.33848 9.29956 9.13079 7.72609 6.88394 6.64322
-9999 -9999 -9999 -9999 -9999 -9999 3.9823 7.34476 10.0381 11.4464 12.5899 12.9012 13.0146 12.5123 12.1356 11.222 10.3565 9.02338 7.02853 5.79811 8.04923 11.3239 12.5279 12.425 12.3426 11.6802 11.0826 11.0011 11.0386 10.3413 9.33044 8.01604 7.6016 7.13809 8.71306 8.92299 8.80338 10.5358 10.5356 10.4327 9.76385 9.01609 9.15274 8.68896 9.03526 8.48149 8.98132 9.41269 9.57071 9.55229 9.48764 9.4738 9.4433 9.48396 9.47889 9.46711 9.45707 9.44964 9.43873 9.41403 9.39794 9.4005 9.38207 9.36694 9.35324 9.34501 9.33622 9.30609 9.27827 9.05803 8.72951 8.10663
-9999 -9999 -9999 -9999 -9999 -9999 4.11646 6.93932 9.33717 10.7704 12.1514 12.468 12.9311 12.8255 12.4311 11.6361 10.644 9.54588 7.83365 6.55951 8.06337 10.2353 11.7888 12.3393 12.3279 12.2836 12.1286 12.0571 11.878 11.7451 11.021 9.77786 9.07418 8.04692 9.80258 9.99559 9.71582 10.5899 10.5415 9.20845 8.18244 8.05054 8.66956 8.07208 7.96111 7.58864 8.00077 9.11347 8.77989 8.8395 9.3394 9.41837 9.46519 9.47522 9.46736 9.46063 9.44771 9.44466 9.4415 9.41713 9.40331 9.39403 9.36992 9.36152 9.34322 9.32636 9.31372 9.29522 9.26945 9.20326 9.12902 9.19336
-9999 -9999 -9999 -9999 -9999 -9999 4.16604 6.06232 8.21968 10.334 11.8093 12.4014 12.8313 12.8219 12.364 11.9664 11.3426 10.3757 9.71082 8.55998 6.98226 9.61223 10.4141 11.1269 11.4202 12.1653 12.1401 11.7889 11.3788 11.7441 11.6275 10.6436 10.3168 9.76855 10.7428 10.7405 10.7087 10.6517 9.52471 7.96003 6.70841 7.60108 7.40883 7.81652 6.53356 7.57655 8.41658 8.68572 8.10871 7.67774 8.98853 9.19982 9.32522 9.40404 9.45437 9.43688 9.44605 9.43398 9.42574 9.41701 9.40113 9.3896 9.37336 9.35676 9.34052 9.32511 9.30504 9.2789 9.27266 9.23697 9.21942 9.20179
-9999 -9999 -9999 -9999 -9999 -9999 -9999 4.92804 7.66052 10.1038 11.4619 12.3142 12.7269 12.7145 12.4779 12.2061 11.8172 11.118 10.2408 8.85756 7.82904 8.47221 9.25725 9.3378 9.85796 11.3791 11.8944 11.1481 9.30759 10.3793 11.5776 11.5528 11.445 11.3252 11.174 11.0368 10.7421 9.96066 7.57636 7.10245 6.1642 6.26547 5.78171 6.82311 6.42517 7.49461 7.95522 8.12599 7.12753 7.33031 8.49048 8.94818 8.86719 9.14659 9.41467 9.41937 9.42294 9.4117 9.41325 9.41103 9.40207 9.38358 9.36986 9.35844 9.33128 9.32628 9.23277 9.17035 9.04901 9.18861 9.1979 9.19514
-9999 -9999 -9999 -9999 -9999 -9999 -9999 4.36973 7.10122 9.97973 10.9003 11.8195 12.6123 12.6228 12.2636 11.9218 11.5696 11.1693 10.1065 9.07544 8.09067 7.75614 7.94732 7.92234 8.7682 10.7521 11.1311 10.9604 9.03654 8.38432 9.9872 11.3336 11.435 11.3075 9.71197 10.0461 9.18332 8.01489 7.68998 7.17595 6.09482 6.60823 5.81495 6.14814 6.05129 6.6563 6.94875 7.66935 6.7986 6.79514 7.93398 8.50782 8.51812 9.12078 9.33307 9.38575 9.39599 9.40216 9.40065 9.40601 9.39617 9.38293 9.36674 9.33334 9.25983 9.04236 7.88437 7.88114 8.19247 8.48699 9.02495 9.16914
-9999 -9999 -9999 -9999 -9999 -9999 -9999 4.67725 6.57092 9.12444 11.0147 11.1285 12.045 12.5157 12.1254 11.6866 11.2377 11.0385 9.88225 8.61251 7.58541 6.37056 6.56381 7.42592 8.83591 10.1154 10.3391 10.0672 9.0296 9.5077 10.5992 11.1764 11.3431 11.2029 10.8517 10.6468 10.0102 9.73168 8.84941 7.4725 6.92731 7.26491 5.80332 5.90032 6.4342 5.85541 6.794 7.24067 6.11768 6.99589 8.00506 8.51898 8.96785 9.17822 9.25967 9.38675 9.38621 9.39321 9.39513 9.38907 9.38479 9.35924 9.33726 9.21056 9.02576 7.94816 7.49383 7.57693 8.06845 8.49839 8.94221 9.12398
-9999 -9999 -9999 -9999 -9999 -9999 -9999 4.9916 6.69604 8.90937 10.2555 10.4919 11.5088 12.4125 12.3058 11.8494 11.7068 11.2339 10.2524 9.16883 7.98483 7.40626 6.08339 7.37427 8.39027 9.47299 9.97634 9.12084 8.69286 9.43546 10.1738 10.4657 11.2118 11.1998 10.9502 9.89024 9.371 9.58389 9.35819 8.96639 8.01716 7.9704 7.3589 7.10283 6.86068 6.08278 6.56988 6.61435 6.74048 7.79883 8.32199 8.6675 8.98144 9.06088 9.19515 9.3706 9.38238 9.38476 9.37983 9.379 9.36152 9.30612 9.25865 9.00833 8.56858 7.75193 6.42861 7.35181 8.31745 8.59777 8.87345 9.01553
-9999 -9999 -9999 -9999 -9999 -9999 -9999 4.69052 6.50157 8.39237 9.17973 9.30893 11.1535 12.2809 12.2777 12.0586 11.8036 10.643 10.7055 10.4691 9.40053 7.84651 6.14022 6.29401 7.29922 8.72919 9.19911 7.79391 7.29703 7.65328 8.77251 9.77397 10.82 11.0821 10.769 9.12153 7.37117 8.17625 9.0368 9.02742 8.76899 7.88834 7.60551 7.34901 6.70516 5.61677 5.77009 6.06636 7.26618 7.64457 8.2316 8.71848 8.52919 8.6334 9.09911 9.36461 9.3707 9.3714 9.37612 9.3657 9.3453 9.23928 9.12719 8.94201 7.80282 7.09269 6.05928 7.24836 7.90515 8.24598 8.87114 9.01679
-9999 -9999 -9999 -9999 -9999 -9999 -9999 4.11821 5.43086 7.23785 7.96282 9.12269 10.8654 11.72 12.1269 12.1127 11.941 11.4184 11.1021 10.4838 9.37259 7.855 6.16857 5.0687 5.61929 7.54392 7.99397 6.69875 6.04111 6.84829 8.04143 9.81068 10.8195 10.9515 10.8551 10.5116 9.23247 7.68797 7.68865 8.45645 7.80568 7.05003 7.45856 7.3775 6.74176 6.27807 5.99112 6.1588 6.84083 7.12167 7.80048 8.80442 8.94468 8.91195 9.3323 9.34945 9.35526 9.36713 9.36243 9.35427 9.3372 9.24994 9.05984 8.30012 7.63699 6.71618 6.59826 7.65389 8.10952 8.53524 8.8395 8.93555
-9999 -9999 -9999 -9999 -9999 -9999 -9999 3.13983 4.68524 6.37758 7.96196 9.46076 10.7501 10.8448 11.5224 11.5164 11.869 11.7613 11.2766 10.7551 9.79698 7.84913 6.2103 4.42343 4.88741 6.85267 7.09345 6.22863 4.63547 6.2698 8.07277 9.70643 10.5886 9.88826 10.5962 10.533 10.0508 9.12954 7.69966 7.72212 6.64946 6.59849 7.14256 7.3161 7.22019 6.87103 6.31479 6.40137 6.81233 6.91462 7.53809 8.31595 9.07636 9.2007 9.34241 9.34457 9.34283 9.35059 9.34793 9.32774 9.28431 9.19325 8.5557 7.79827 7.32989 6.68692 6.60483 7.82441 8.30298 8.56776 8.82992 8.93056
-9999 -9999 -9999 -9999 -9999 -9999 -9999 -9999 4.51621 6.2647 7.55715 7.90116 9.04652 9.66259 10.1382 10.2396 11.6066 11.6771 11.3679 10.8885 10.0707 8.59141 7.55903 5.84492 4.61123 5.10557 5.32616 5.77212 5.63371 6.35967 8.09201 9.89713 10.0896 8.93474 9.10023 9.33612 9.87072 9.59259 7.64595 6.65474 5.83122 6.40855 7.01612 7.15973 7.18487 7.06225 6.91745 6.67417 7.48846 8.08987 8.22601 8.74989 9.1356 9.2391 9.31607 9.32195 9.32801 9.32403 9.29715 9.27647 9.17434 8.95072 8.2381 6.53043 6.60539 6.41652 5.88201 7.06987 7.81562 8.48707 8.84158 8.92951
-9999 -9999 -9999 -9999 -9999 -9999 -9999 -9999 3.92207 5.94596 6.36898 6.33153 5.65405 5.95807 8.44414 8.94063 10.2514 11.4924 11.3958 10.9255 10.1601 9.27698 7.91254 5.9855 4.45309 3.79527 5.43093 7.03546 7.3633 7.87318 8.93265 9.12984 7.94954 6.84248 7.45642 7.8244 9.23987 9.49446 9.21388 8.03923 6.69683 5.99394 6.81384 6.91949 6.96439 6.96958 6.93636 6.8939 7.81199 8.31834 8.66827 8.85684 9.18739 9.26885 9.2921 9.31377 9.30359 9.28219 9.22515 9.16081 8.89177 8.5669 7.40243 6.43077 5.82307 5.05285 6.77338 7.27504 7.97598 8.42777 8.78026 8.85362
