Test_Spring_2018/12_17/Temp/20171219_023.txt
ncols	170
nrows	115
xllcorner	350000.000000
yllcorner	4445000.000000
cellsize	1000.000000
nodata_value	-9999.000000
[rows 31 to 61 of 115, columns 70 to 139 of 170]
2.14191 2.86016 3.12894 2.64183 2.69872 3.8997 4.17767 4.16873 4.0814 3.9774 3.42272 3.24277 2.80728 2.03372 1.71403 0.331199 -4.15732 -2.87742 -2.37258 -3.66899 -2.9342 -1.74272 -2.7668 -5.82005 -7.1307 -9.24626 -8.55445 -9.17377 -10.8743 -9999 -9999 -9999 -9999 -9999 -9999 -9999 -9999 -9999 -9999 -9999 -9999 -9999 -9999 -9999 -9999 -9999 -9999 -9999 -9999 -9999 -9999 -9999 -9999 -9999 -9999 -9999 -9999 -9999 -9999 -9999 -9999 -9999 -9999 -9999 -9999 -9999 -9999 -9999 -9999 -9999
2.26574 2.59809 2.57496 2.10612 2.8494 3.5346 3.14341 2.88579 4.01117 4.0196 3.64799 2.76368 2.44423 2.1125 1.91204 0.774548 -2.43042 -5.31904 -3.76034 -3.71641 -4.78211 -2.85074 -3.85951 -6.50299 -10.2377 -8.19494 -8.71581 -11.3362 -11.9734 -9999 -9999 -9999 -9999 -9999 -9999 -9999 -9999 -9999 -9999 -9999 -9999 -9999 -9999 -9999 -9999 -9999 -9999 -9999 -9999 -9999 -9999 -9999 -9999 -9999 -9999 -9999 -9999 -9999 -9999 -9999 -9999 -9999 -9999 -9999 -9999 -9999 -9999 -9999 -9999 -9999
1.35583 2.17434 1.93223 1.73502 2.83611 2.82095 2.77057 3.18585 3.88926 4.03551 3.89562 3.51446 3.18542 2.83472 1.93277 0.630475 -2.11135 -5.40023 -6.1406 -4.52018 -4.43541 -4.16861 -5.08718 -6.24272 -8.05473 -6.55579 -5.96837 -7.69114 -9.9452 -11.3945 -9999 -9999 -9999 -9999 -9999 -9999 -9999 -9999 -9999 -9999 -9999 -9999 -9999 -9999 -9999 -9999 -9999 -9999 -9999 -9999 -9999 -9999 -9999 -9999 -9999 -9999 -9999 -9999 -9999 -9999 -9999 -9999 -9999 -9999 -9999 -9999 -9999 -9999 -9999 -9999
0.136891 1.5367 1.16633 0.113188 0.779866 1.28252 2.22457 2.47958 2.62549 3.93823 3.87743 3.8251 3.27608 2.83841 2.10799 0.854872 -0.932457 -3.08597 -6.84098 -4.51378 -2.68976 -2.72862 -2.82026 -3.62733 -5.36776 -3.89631 -3.81906 -6.01727 -8.52252 -10.0057 -10.6141 -9999 -9999 -9999 -9999 -9999 -9999 -9999 -9999 -9999 -9999 -9999 -9999 -9999 -9999 -9999 -9999 -9999 -9999 -9999 -9999 -9999 -9999 -9999 -9999 -9999 -9999 -9999 -9999 -9999 -9999 -9999 -9999 -9999 -9999 -9999 -9999 -9999 -9999 -9999
-9999 0.652392 0.296176 -0.991723 -0.320871 0.571877 1.83773 2.50392 3.00968 3.40823 3.81434 3.77543 3.21327 1.53735 1.30439 1.23889 0.0723581 -2.3838 -4.83668 -5.46663 -2.68795 -1.88708 -2.04079 -1.41385 -2.88681 -2.17825 -2.45663 -3.22702 -5.63726 -7.84044 -8.75183 -10.5616 -9999 -9999 -9999 -9999 -9999 -9999 -9999 -9999 -9999 -9999 -9999 -9999 -9999 -9999 -9999 -9999 -9999 -9999 -9999 -9999 -9999 -9999 -9999 -9999 -9999 -9999 -9999 -9999 -9999 -9999 -9999 -9999 -9999 -9999 -9999 -9999 -9999 -9999
-9999 -9999 -9999 -9999 -1.80498 -0.583363 0.424312 1.66337 2.73004 3.26673 3.78808 3.75489 2.62335 2.07362 2.03231 1.27045 -0.0774377 -0.920742 -2.46247 -4.06894 -3.44494 -1.07401 -2.11721 -0.434743 -0.567993 -0.251731 -1.36219 -3.45647 -6.26775 -7.89959 -8.71394 -10.1788 -9999 -9999 -9999 -9999 -9999 -9999 -9999 -9999 -9999 -9999 -9999 -9999 -9999 -9999 -9999 -9999 -9999 -9999 -9999 -9999 -9999 -9999 -9999 -9999 -9999 -9999 -9999 -9999 -9999 -9999 -9999 -9999 -9999 -9999 -9999 -9999 -9999 -9999
-9999 -9999 -9999 -9999 -9999 -0.810145 -0.0397709 1.60164 2.46753 2.81904 3.65489 3.6649 3.24111 2.92277 2.45716 1.84659 0.835223 -0.281336 -1.731 -1.85851 -0.339278 -0.312802 -0.620532 -0.363981 0.421267 0.225301 -1.48847 -4.46037 -6.03087 -9.21004 -10.5763 -10.4267 -11.3931 -9999 -9999 -9999 -9999 -9999 -9999 -9999 -9999 -9999 -9999 -9999 -9999 -7.55524 -9999 -9999 -9999 -9999 -9999 -9999 -9999 -9999 -9999 -9999 -9999 -9999 -9999 -9999 -9999 -9999 -9999 -9999 -9999 -9999 -13.2302 -9999 -9999 -9999
-9999 -9999 -9999 -9999 -0.98079 0.055223 0.858558 1.89136 2.00894 2.63135 3.59129 3.61339 3.31508 2.97659 2.20599 2.02021 1.44736 0.234314 -0.00822548 0.493517 0.728837 0.994897 1.16213 1.04174 0.736044 0.338612 -0.753046 -2.12981 -3.0506 -5.96372 -7.42645 -8.83687 -10.9765 -12.6488 -9999 -9999 -9999 -9999 -9999 -9999 -9999 -8.71786 -8.78911 -8.74204 -8.26158 -6.95122 -7.70565 -9999 -9999 -9999 -9999 -9999 -9999 -9999 -9999 -9999 -9999 -9999 -9999 -9999 -9999 -9999 -9999 -9999 -9999 -9999 -12.0611 -13.7464 -9999 -9999
-9999 -9999 -9999 -9999 -0.704411 0.378335 0.924344 1.92831 2.5069 2.9014 3.24005 3.56352 3.51836 3.14284 2.56742 2.57791 1.78199 1.35595 1.05384 1.72984 1.86961 1.60927 1.28117 0.992441 0.160008 0.0722063 -0.176862 -1.04653 -2.48094 -3.95955 -6.07916 -8.98624 -11.8375 -14.136 -9999 -9999 -9999 -9999 -9999 -9999 -8.48901 -7.40029 -6.74436 -8.11166 -6.92639 -5.84183 -6.00333 -7.02432 -9999 -9999 -9999 -9999 -9999 -9999 -9999 -9999 -9999 -9999 -9999 -9999 -9999 -9999 -4.07114 -5.79933 -9.29651 -11.086 -12.157 -13.6888 -9999 -9999
-9999 -9999 -9999 -9999 -0.92479 0.352855 1.22203 1.99461 2.12718 2.92279 3.27932 3.457 3.44482 3.37611 3.27556 2.58158 2.28666 1.23436 2.25401 2.2227 1.97389 0.967079 0.535794 -1.19753 -1.95465 -2.10198 -0.625477 -1.69736 -3.9476 -6.76362 -10.1394 -10.3426 -11.4575 -13.5111 -9999 -9999 -9999 -9999 -9999 -9999 -8.15982 -6.99603 -6.0228 -5.87321 -7.23162 -5.31183 -5.3647 -6.42226 -6.65379 -5.76697 -5.31226 -5.62205 -4.5615 -4.24678 -4.71086 -4.18586 -9999 -9999 -9999 -9999 -3.84728 -3.77143 -3.7127 -4.42938 -8.25057 -10.8583 -13.1993 -13.4053 -9999 -9999
-9999 -9999 -9999 -9999 -0.055814 0.735972 1.14239 1.2182 1.91299 2.61054 3.04665 3.36153 3.30745 3.28947 3.26943 3.03599 2.48535 2.59161 2.55289 2.23481 0.310134 -1.93696 -0.945412 -2.27363 -5.12504 -2.7762 -1.48521 -2.7006 -5.42912 -8.59511 -9.61415 -9.55334 -11.1073 -13.1104 -9999 -9999 -9999 -11.3464 -9.68473 -9.53358 -9.03823 -7.48896 -6.30797 -5.41384 -4.80224 -4.80571 -5.42479 -6.45856 -7.58314 -7.16692 -5.1123 -4.60327 -4.15911 -3.83312 -4.26334 -4.02882 -3.47571 -3.1871 -3.12397 -3.24694 -3.2709 -3.22087 -3.28064 -3.94934 -7.36444 -9.31758 -10.5613 -13.0641 -9999 -9999
-9999 -9999 -9999 -9999 -0.548827 0.141784 0.703377 1.62395 1.73211 2.32007 2.6762 3.1991 3.2641 2.67538 3.17383 3.11608 3.02971 2.84017 2.56007 0.935684 -1.30502 -3.55055 -4.58218 -4.12602 -5.83939 -4.93438 -3.62613 -4.08364 -5.75071 -8.56968 -8.95728 -9.59653 -12.2097 -14.732 -9999 -9999 -14.5668 -11.3852 -9.14309 -7.98312 -7.6187 -7.57668 -6.09099 -5.96601 -4.36584 -4.72359 -6.81139 -6.56326 -7.36664 -6.82453 -6.06382 -5.8472 -4.75075 -3.70083 -3.4969 -3.48497 -3.13039 -3.05273 -3.02862 -3.03229 -3.26293 -3.14986 -3.12807 -3.54306 -6.01789 -7.22155 -8.54431 -13.0376 -9999 -9999
-9999 -9999 -9999 -9999 -0.207728 0.563244 1.40602 1.55284 2.1795 2.12503 1.96413 2.83069 3.15629 2.74247 2.44573 3.00893 2.9755 2.90673 2.79038 1.26404 -0.502531 -3.17967 -4.83924 -5.84704 -6.56075 -7.50642 -6.8283 -7.01932 -7.2797 -6.95352 -7.71601 -9.25023 -10.7795 -13.6462 -15.1966 -9999 -14.3991 -12.9602 -10.2951 -8.02913 -6.58786 -7.09619 -5.40804 -5.08745 -4.10522 -4.66327 -5.92456 -6.46095 -6.49769 -6.65325 -5.50972 -4.73326 -4.17769 -3.80933 -3.35074 -3.22966 -3.10879 -3.05509 -3.02364 -2.99223 -2.9931 -2.99715 -3.04238 -3.19521 -4.33025 -5.52857 -8.13113 -12.8928 -9999 -9999
-9999 -9999 -9999 -2.44263 -0.300806 0.983981 1.48947 1.8575 2.18272 2.42069 2.67208 2.90191 3.0635 3.00765 1.89987 1.99585 2.20075 2.8376 2.79776 2.66514 1.70226 -1.55701 -2.67548 -4.31299 -6.4384 -7.31192 -6.85241 -5.08754 -5.15242 -6.29925 -7.57927 -9.34814 -10.4717 -12.229 -15.6085 -15.2972 -13.7643 -12.6223 -10.8096 -8.04146 -6.09869 -5.22751 -4.89318 -4.20137 -3.83724 -4.60514 -5.33169 -5.63136 -6.19686 -6.26557 -6.24843 -5.5524 -5.00082 -3.80015 -3.39212 -3.19997 -3.10013 -3.04405 -3.00223 -2.96142 -2.94427 -2.96243 -2.95648 -2.96082 -3.03688 -4.63803 -8.65274 -11.6752 -9999 -9999
-9999 -9999 -9999 -9999 -0.698682 -0.125402 0.0347176 0.303997 0.840724 1.45674 2.32657 2.44601 2.92584 2.92972 1.9779 0.874616 1.84441 2.23241 2.63486 2.65246 2.53421 -0.201463 -1.62811 -2.74817 -4.78533 -4.02665 -3.31085 -3.24359 -3.65329 -6.1266 -8.59031 -11.4281 -14.0856 -14.2039 -15.6295 -14.8611 -13.8467 -11.2515 -9.42365 -8.67902 -8.14208 -5.32719 -4.58756 -4.32664 -3.59747 -4.56646 -4.7985 -5.52211 -5.28972 -5.34066 -5.32297 -7.35055 -5.28453 -5.15261 -3.80893 -3.19797 -3.0539 -3.01085 -2.96604 -2.95485 -2.94255 -2.94419 -2.92611 -2.9398 -2.95617 -3.99477 -9.08783 -11.6416 -9999 -9999
-9999 -9999 -9999 -9999 -9999 -9999 -0.497086 -0.0569678 0.229282 0.71439 2.17762 2.57751 2.84514 2.87424 2.45245 1.36101 1.07653 1.28199 0.216498 1.11815 2.35055 2.3284 2.18947 -0.213228 -1.42967 -0.220507 -0.569748 -2.36974 -3.78333 -5.17859 -8.06486 -10.1695 -13.2164 -15.503 -15.5812 -13.0402 -10.9279 -8.30211 -7.14077 -7.79375 -7.07489 -5.67225 -4.0797 -3.30421 -3.4743 -4.49621 -4.62458 -5.74715 -4.61676 -4.50714 -5.01243 -5.44756 -5.24985 -4.57886 -4.31698 -3.26449 -3.00393 -2.95115 -2.93786 -2.9288 -2.92887 -2.93053 -2.93799 -2.94383 -2.95285 -2.99385 -8.22929 -12.3008 -9999 -9999
-9999 -9999 -9999 -9999 -9999 -9999 -1.50722 -1.23358 -0.537669 1.22802 2.15879 2.53903 2.53462 2.71311 2.41739 1.45724 0.471089 -0.459004 -1.65902 -0.963713 0.866852 1.95026 2.08222 -0.0225093 1.09673 0.698436 -0.0997219 -2.45796 -4.19211 -5.10493 -7.87507 -10.2403 -12.2637 -15.0628 -13.8531 -12.5229 -10.8173 -7.95214 -6.01809 -5.22027 -5.87941 -4.98063 -3.14935 -3.12965 -4.11598 -4.03936 -4.6303 -6.16912 -4.53855 -4.06936 -4.42171 -4.31263 -4.43031 -4.17327 -3.71547 -3.27824 -2.98564 -2.94045 -2.93013 -2.93487 -2.93115 -2.92571 -2.94124 -2.93464 -2.94377 -2.96436 -6.34134 -12.3817 -9999 -9999
-9999 -9999 -9999 -9999 -9999 -9999 -9999 -2.41235 -0.841195 1.49869 2.08884 2.04548 2.53425 2.58269 2.12553 1.72866 0.530426 -1.10849 -4.26031 -3.44998 -1.76437 0.664326 1.94605 1.78544 1.096 -0.119227 -3.0791 -5.66741 -5.96887 -6.38062 -8.39844 -10.2157 -12.4663 -11.1463 -9.70252 -8.12493 -7.29366 -7.50258 -5.84455 -4.49157 -5.05784 -3.95696 -2.67266 -3.24179 -3.57328 -3.84862 -4.53414 -4.56255 -4.47483 -3.54236 -4.16292 -3.75839 -3.7294 -3.7397 -3.51153 -3.25164 -2.98035 -2.93048 -2.92437 -2.91545 -2.94186 -2.92684 -2.93738 -2.94725 -2.95529 -2.97214 -3.27164 -6.52226 -8.46141 -9999
-9999 -9999 -9999 -9999 -9999 -9999 -9999 -3.85258 -3.06266 -0.29388 0.569668 1.79702 2.45182 2.48858 1.71272 1.28275 -0.505075 -1.08188 -3.99701 -5.31251 -4.18311 -4.60402 -1.26172 1.69822 1.07466 -4.86407 -7.0057 -8.5289 -8.11929 -8.10119 -8.65285 -11.7595 -12.6101 -9.80168 -8.03093 -6.6582 -5.61616 -5.39478 -5.4256 -3.3125 -3.02568 -2.33369 -2.47441 -2.40151 -3.45524 -4.10215 -3.51058 -4.16028 -4.25927 -3.29652 -4.21582 -3.35692 -3.43735 -3.6791 -3.68163 -3.11575 -2.99494 -2.92876 -2.91954 -2.93684 -2.96093 -2.97219 -2.94952 -2.9528 -2.97796 -2.97012 -2.99358 -3.37459 -5.0526 -5.63368
-9999 -9999 -9999 -9999 -9999 -9999 -9999 -9999 -5.63654 -1.79353 -0.0310786 0.897782 2.20076 2.36388 1.95577 1.20681 -0.614347 -2.21517 -4.82037 -7.7957 -9.36611 -4.63098 -0.507408 1.65069 1.38689 -3.55443 -5.4958 -5.57205 -4.40586 -5.36353 -6.08689 -8.44313 -9.14195 -10.1187 -9.50201 -7.59079 -6.02972 -4.52495 -3.42986 -3.336 -2.62341 -2.20768 -2.16625 -2.02969 -2.14437 -2.23492 -3.24593 -2.52263 -3.11048 -2.77651 -2.96783 -3.13939 -3.2798 -3.85575 -3.42987 -3.05267 -2.94974 -2.91361 -2.93058 -2.93128 -2.94291 -2.9737 -2.983 -2.98025 -2.97804 -2.99061 -2.98408 -2.99588 -3.17712 -4.18336
-9999 -9999 -9999 -9999 -9999 -9999 -9999 -9999 -7.55347 -3.72957 -1.88051 0.493421 1.71952 2.22183 2.16221 1.55646 0.174082 -1.90896 -3.64295 -6.96495 -10.4137 -5.44537 -1.01282 1.3829 1.52123 -2.62281 -1.45448 -2.3734 -1.98285 -3.67709 -4.37323 -4.91515 -6.13066 -7.46196 -8.91946 -9.68721 -6.19114 -4.39363 -2.94642 -2.2614 -1.87175 -1.67407 -1.76739 -2.01741 -3.55711 -2.36433 -2.41169 -2.51617 -2.63746 -2.68889 -2.79736 -2.92784 -2.99368 -3.01253 -3.39229 -2.93983 -2.94249 -2.93039 -2.9231 -2.93017 -2.94818 -2.96367 -2.98367 -2.9769 -2.98458 -2.9936 -2.9974 -2.99636 -3.00137 -3.04932
-9999 -9999 -9999 -9999 -9999 -9999 -9999 -9999 -12.914 -7.35636 -2.88472 -0.548024 1.35688 1.88383 2.08399 1.26984 0.662147 -0.829306 -2.24095 -4.42126 -7.68944 -9.69803 -5.97522 -0.565876 1.44077 1.30522 1.19404 0.128851 -0.829711 -0.939077 -0.853001 -1.96543 -3.60179 -5.7467 -6.40886 -7.15695 -4.55126 -4.19308 -4.3778 -1.51451 -1.50266 -1.6593 -2.74633 -3.95838 -3.71689 -4.45879 -3.86306 -4.75403 -3.91046 -3.17929 -2.89795 -2.90722 -2.98344 -2.9827 -3.01605 -2.93069 -2.9249 -2.93114 -2.93532 -2.93579 -2.94233 -2.97164 -2.98659 -2.97047 -2.98512 -2.99644 -3.00366 -2.99942 -2.99833 -3.03204
-9999 -9999 -9999 -9999 -9999 -9999 -9999 -9999 -12.6771 -7.9984 -4.03199 -1.64695 0.642145 1.17798 1.95392 1.7932 1.15672 -0.138765 -1.7583 -3.55144 -6.3542 -8.43465 -5.94166 -2.34751 0.23021 1.17033 1.17812 1.12922 0.898136 0.811361 0.539872 0.356696 -0.815537 -2.83894 -3.98092 -5.65669 -2.75333 -2.42257 -2.87041 -1.41927 -1.48638 -3.66703 -5.34167 -5.5438 -4.50392 -5.46968 -5.62635 -6.21633 -5.5178 -3.66601 -4.18919 -4.07082 -3.21765 -3.07012 -2.97254 -2.94091 -2.93967 -2.93744 -2.94611 -2.93905 -2.93249 -2.96091 -2.97181 -2.97489 -3.00189 -2.99825 -3.01417 -3.02396 -3.02854 -3.04342
-9999 -9999 -9999 -9999 -9999 -9999 -9999 -9999 -12.5874 -9.43432 -5.86438 -2.35764 0.0864205 1.07588 1.79761 1.79565 1.05517 0.414194 -0.598694 -2.17539 -3.25421 -5.13171 -7.71058 -3.36321 -2.02274 -0.815675 -0.303667 0.946487 0.92886 0.374248 -0.261929 0.359454 0.192502 -1.40951 -1.93138 -2.81859 -1.20091 -1.19129 -1.23046 -1.3114 -3.15298 -5.71456 -7.76024 -6.276 -6.57643 -5.88231 -7.96798 -6.2275 -4.8248 -4.36151 -5.28896 -5.97873 -3.79096 -3.42093 -3.19865 -3.0539 -2.95687 -2.97219 -2.94425 -2.95173 -2.95318 -2.95548 -2.96944 -2.97596 -2.98982 -3.00377 -3.01151 -3.01891 -3.03674 -3.0623
-9999 -9999 -9999 -9999 -9999 -9999 -9999 -9999 -9999 -11.2918 -6.76481 -2.72636 -0.475167 0.942701 1.6364 1.62983 1.25415 0.820865 0.19513 -0.940565 -2.36834 -4.62797 -6.30273 -5.22513 -3.91185 -3.74479 -2.86617 -0.339946 0.53086 -0.674856 -3.66528 -1.87412 0.116468 0.0927698 -0.0685026 -0.250454 -0.486076 -0.698148 -1.16961 -2.44225 -6.35277 -7.11684 -8.64628 -8.46416 -9.24409 -7.50568 -8.13434 -6.35516 -5.57767 -5.27707 -6.90089 -6.53433 -4.60069 -3.83078 -3.94822 -3.47331 -3.01791 -2.99658 -2.97764 -2.98345 -2.96845 -2.95969 -2.96195 -2.97904 -2.98843 -2.99361 -3.01827 -3.00825 -3.14697 -3.23434
-9999 -9999 -9999 -9999 -9999 -9999 -9999 -9999 -9999 -12.1896 -7.67605 -2.92158 -1.39046 0.137595 1.45703 1.48869 0.911696 0.363331 -0.20147 -0.845019 -2.5783 -4.25833 -5.86134 -6.39333 -6.05929 -6.06476 -4.65104 -1.36408 -0.718629 -0.978103 -4.09703 -5.15164 -2.49569 -0.262689 -0.0797633 -0.274226 -2.88541 -2.32126 -3.7272 -5.63627 -6.15692 -6.98849 -8.75293 -7.89247 -9.18192 -8.61675 -8.74187 -7.7277 -7.22768 -6.02291 -7.43729 -7.41029 -5.51154 -4.55081 -4.51823 -3.51139 -3.14763 -3.04713 -3.01693 -2.99376 -2.98342 -2.96183 -2.96516 -2.97389 -2.98718 -3.02843 -3.13532 -3.47205 -5.35928 -5.34949
-9999 -9999 -9999 -9999 -9999 -9999 -9999 -9999 -9999 -11.6731 -8.53892 -4.31961 -1.19266 -0.990042 0.533223 1.32247 0.694657 -0.0129056 -0.73676 -1.04921 -2.9362 -5.00925 -6.68223 -8.6635 -8.32664 -6.8884 -4.5309 -2.40429 -2.0153 -2.44216 -4.10177 -3.29659 -1.48264 -0.515831 -0.225385 -0.440542 -1.00371 -1.32641 -2.35979 -2.8039 -4.24158 -6.49308 -7.37533 -6.80422 -9.19373 -9.01753 -8.12182 -9.0387 -7.4759 -6.72263 -8.55281 -7.06665 -5.38927 -4.52749 -3.7733 -3.41219 -3.26376 -3.04071 -3.02807 -3.0033 -2.98704 -2.98396 -2.9779 -3.00668 -3.02933 -3.22404 -3.51408 -5.27319 -5.99511 -5.84346
-9999 -9999 -9999 -9999 -9999 -9999 -9999 -9999 -9999 -11.1448 -8.32253 -4.66339 -2.43215 -2.02767 -0.339115 1.163 1.0022 0.265864 0.0462617 -0.71666 -2.31595 -4.08282 -6.01434 -6.94883 -9.10776 -6.96445 -5.25563 -3.45357 -2.60511 -3.96307 -4.64899 -3.40891 -2.17639 -1.67933 -0.435379 -0.439609 -0.83524 -2.56505 -3.40506 -3.04017 -3.39704 -4.02707 -5.57424 -5.63574 -6.62627 -7.03142 -7.41324 -8.65743 -7.83826 -7.74752 -7.51315 -5.73931 -4.86217 -4.27784 -3.7459 -3.60037 -3.36501 -3.06227 -3.0292 -3.01184 -3.00664 -2.99475 -3.01018 -3.08791 -3.15237 -3.55046 -4.26005 -5.58972 -7.74132 -6.20719
-9999 -9999 -9999 -9999 -9999 -9999 -9999 -9999 -9999 -11.629 -8.63166 -5.50361 -4.19207 -3.96412 -0.91331 0.957152 0.966682 0.621015 0.216376 -1.67828 -1.55948 -1.93229 -3.67403 -6.21432 -9.00473 -8.7334 -7.04637 -4.66967 -3.87684 -6.13925 -6.93899 -6.33512 -4.47603 -2.81131 -1.07378 -0.626868 -1.12699 -3.82343 -6.68947 -5.34978 -3.91875 -3.91931 -4.32953 -5.7635 -6.21324 -6.61929 -7.66253 -9.42781 -9.14801 -8.64334 -6.62609 -5.98721 -5.00524 -4.18846 -4.48492 -4.2987 -3.51787 -3.06688 -3.04306 -3.02831 -3.00707 -3.01077 -3.03083 -3.19171 -3.36242 -3.65321 -5.5139 -6.66823 -8.35033 -6.3706
-9999 -9999 -9999 -9999 -9999 -9999 -9999 -9999 -9999 -12.5592 -10.3826 -7.39273 -6.18404 -4.25986 -1.37659 0.0447064 0.729332 0.720826 0.45332 -0.391316 -0.896139 -1.89756 -3.70989 -6.19056 -8.94868 -10.7411 -9.81684 -6.61221 -5.84073 -7.93383 -8.9985 -7.65274 -5.6722 -2.74394 -1.06766 -0.834773 -0.978271 -1.52852 -3.61899 -6.14618 -6.13027 -4.85169 -5.90764 -7.13595 -6.44797 -6.56547 -7.59558 -8.34232 -8.77766 -8.47474 -7.31975 -6.84168 -5.70891 -4.04132 -3.79553 -3.83476 -3.12861 -3.08632 -3.06292 -3.02968 -3.02381 -3.02364 -3.03809 -3.16796 -3.46695 -4.70323 -5.78036 -7.2814 -7.46087 -5.69626
-9999 -9999 -9999 -9999 -9999 -9999 -9999 -9999 -9999 -14.1577 -11.5983 -8.79736 -6.17439 -3.69251 -1.55561 -1.38479 -0.254747 -0.249807 0.345551 0.18363 -0.598667 -1.441 -3.00154 -6.19061 -8.87071 -11.7941 -11.0128 -7.74618 -7.29407 -8.69966 -11.3042 -8.59731 -5.61323 -2.9082 -1.44044 -2.57747 -1.39702 -1.48609 -2.26482 -3.76628 -6.10479 -6.05293 -7.80328 -7.87191 -6.96095 -6.65957 -6.80142 -7.35987 -8.2495 -8.06875 -7.36024 -7.17623 -6.13471 -4.83935 -3.573 -3.35379 -3.10626 -3.08864 -3.07762 -3.05108 -3.04178 -3.06132 -3.11905 -3.25507 -4.29037 -5.5228 -6.27933 -7.32301 -7.44344 -5.41734
