Test_Spring_2018/12_17/Temp/20171223_020.txt
ncols	170
nrows	115
xllcorner	350000.000000
yllcorner	4445000.000000
cellsize	1000.000000
nodata_value	-9999.000000
[rows 31 to 61 of 115, columns 70 to 139 of 170]
5.59789 6.23061 6.46516 6.02981 6.07672 7.1502 7.39843 7.38706 7.32098 7.22464 6.72838 6.56392 6.17269 5.48163 5.19288 3.96191 -0.021693 1.10841 1.55204 0.399661 1.04845 2.10274 1.19376 -1.51334 -2.67528 -4.55029 -3.93534 -4.483 -5.9898 -9999 -9999 -9999 -9999 -9999 -9999 -9999 -9999 -9999 -9999 -9999 -9999 -9999 -9999 -9999 -9999 -9999 -9999 -9999 -9999 -9999 -9999 -9999 -9999 -9999 -9999 -9999 -9999 -9999 -9999 -9999 -9999 -9999 -9999 -9999 -9999 -9999 -9999 -9999 -9999 -9999
5.71737 6.00766 5.98305 5.56351 6.21849 6.82199 6.48958 6.26728 7.26696 7.27037 6.9366 6.1481 5.86009 5.56106 5.37837 4.36517 1.51953 -1.04539 0.332296 0.367724 -0.57994 1.12958 0.233411 -2.11134 -5.42296 -3.61297 -4.07517 -6.39643 -6.96563 -9999 -9999 -9999 -9999 -9999 -9999 -9999 -9999 -9999 -9999 -9999 -9999 -9999 -9999 -9999 -9999 -9999 -9999 -9999 -9999 -9999 -9999 -9999 -9999 -9999 -9999 -9999 -9999 -9999 -9999 -9999 -9999 -9999 -9999 -9999 -9999 -9999 -9999 -9999 -9999 -9999
4.92051 5.6414 5.42233 5.24323 6.21509 6.19757 6.1609 6.5412 7.16727 7.29297 7.16483 6.82263 6.52645 6.21095 5.40676 4.2477 1.81271 -1.10703 -1.76746 -0.334923 -0.263272 -0.029878 -0.84682 -1.87344 -3.48161 -2.15457 -1.63529 -3.16327 -5.16538 -6.43858 -9999 -9999 -9999 -9999 -9999 -9999 -9999 -9999 -9999 -9999 -9999 -9999 -9999 -9999 -9999 -9999 -9999 -9999 -9999 -9999 -9999 -9999 -9999 -9999 -9999 -9999 -9999 -9999 -9999 -9999 -9999 -9999 -9999 -9999 -9999 -9999 -9999 -9999 -9999 -9999
3.84963 5.08547 4.7524 3.81429 4.40085 4.84218 5.69344 5.92977 6.05541 7.21529 7.1575 7.10707 6.61622 6.22394 5.57204 4.45675 2.86791 0.954514 -2.37838 -0.3197 1.29317 1.255 1.17036 0.451874 -1.09364 0.208198 0.274449 -1.6798 -3.88767 -5.20561 -5.74834 -9999 -9999 -9999 -9999 -9999 -9999 -9999 -9999 -9999 -9999 -9999 -9999 -9999 -9999 -9999 -9999 -9999 -9999 -9999 -9999 -9999 -9999 -9999 -9999 -9999 -9999 -9999 -9999 -9999 -9999 -9999 -9999 -9999 -9999 -9999 -9999 -9999 -9999 -9999
-9999 4.31074 3.9899 2.84344 3.43352 4.22056 5.34825 5.95129 6.40422 6.75394 7.1103 7.07208 6.5699 5.08029 4.86959 4.80717 3.76863 1.58684 -0.592075 -1.15507 1.30352 2.0091 1.86877 2.4207 1.11152 1.73639 1.48669 0.796755 -1.33003 -3.28414 -4.09597 -5.70434 -9999 -9999 -9999 -9999 -9999 -9999 -9999 -9999 -9999 -9999 -9999 -9999 -9999 -9999 -9999 -9999 -9999 -9999 -9999 -9999 -9999 -9999 -9999 -9999 -9999 -9999 -9999 -9999 -9999 -9999 -9999 -9999 -9999 -9999 -9999 -9999 -9999 -9999
-9999 -9999 -9999 -9999 2.12617 3.21358 4.10947 5.21353 6.16433 6.63676 7.09559 7.06277 6.05621 5.56518 5.52456 4.84498 3.64566 2.89339 1.52185 0.0928302 0.640931 2.73764 1.80818 3.29507 3.17276 3.44922 2.46132 0.610773 -1.88628 -3.3342 -4.06043 -5.36344 -9999 -9999 -9999 -9999 -9999 -9999 -9999 -9999 -9999 -9999 -9999 -9999 -9999 -9999 -9999 -9999 -9999 -9999 -9999 -9999 -9999 -9999 -9999 -9999 -9999 -9999 -9999 -9999 -9999 -9999 -9999 -9999 -9999 -9999 -9999 -9999 -9999 -9999
-9999 -9999 -9999 -9999 -9999 3.01995 3.70571 5.15749 5.93926 6.24786 6.98583 6.99168 6.61284 6.3272 5.91069 5.3653 4.46425 3.46957 2.17931 2.06083 3.40194 3.41987 3.1417 3.36396 4.05518 3.877 2.3494 -0.275912 -1.67256 -4.49333 -5.70905 -5.58124 -6.4428 -9999 -9999 -9999 -9999 -9999 -9999 -9999 -9999 -9999 -9999 -9999 -9999 -3.14406 -9999 -9999 -9999 -9999 -9999 -9999 -9999 -9999 -9999 -9999 -9999 -9999 -9999 -9999 -9999 -9999 -9999 -9999 -9999 -9999 -8.40168 -9999 -9999 -9999
-9999 -9999 -9999 -9999 2.87204 3.80043 4.50913 5.42174 5.53102 6.08904 6.93741 6.95439 6.68715 6.38397 5.69732 5.52856 5.01615 3.93574 3.71516 4.15399 4.35646 4.58614 4.72834 4.61583 4.33942 3.9821 3.01844 1.79297 0.971947 -1.61631 -2.91465 -4.16976 -6.07139 -7.55904 -9999 -9999 -9999 -9999 -9999 -9999 -9999 -4.13273 -4.20566 -4.17426 -3.75921 -2.609 -3.28947 -9999 -9999 -9999 -9999 -9999 -9999 -9999 -9999 -9999 -9999 -9999 -9999 -9999 -9999 -9999 -9999 -9999 -9999 -9999 -7.36967 -8.87278 -9999 -9999
-9999 -9999 -9999 -9999 3.1372 4.09312 4.57397 5.4614 5.97227 6.33551 6.63362 6.91819 6.87576 6.54007 6.02664 6.03194 5.32173 4.93871 4.66495 5.25776 5.37496 5.13741 4.83989 4.57755 3.83365 3.75029 3.5323 2.75604 1.47952 0.164058 -1.71796 -4.29978 -6.83217 -8.87487 -9999 -9999 -9999 -9999 -9999 -9999 -3.91845 -2.96287 -2.39157 -3.61433 -2.57501 -1.62549 -1.78096 -2.69772 -9999 -9999 -9999 -9999 -9999 -9999 -9999 -9999 -9999 -9999 -9999 -9999 -9999 -9999 -0.257569 -1.79775 -4.90605 -6.50076 -7.45888 -8.82582 -9999 -9999
-9999 -9999 -9999 -9999 2.94728 4.07612 4.84373 5.52648 5.64254 6.35547 6.6755 6.83133 6.81855 6.75517 6.66289 6.0438 5.7776 4.8392 5.7367 5.70204 5.47421 4.57435 4.18474 2.64127 1.9636 1.83467 3.13743 2.18171 0.181875 -2.31915 -5.31281 -5.49959 -6.49281 -8.31814 -9999 -9999 -9999 -9999 -9999 -9999 -3.62379 -2.60195 -1.74977 -1.62838 -2.84438 -1.15511 -1.21364 -2.16526 -2.38499 -1.61357 -1.2252 -1.51749 -0.592319 -0.326822 -0.751067 -0.297896 -9999 -9999 -9999 -9999 -0.0478389 0.0111061 0.0551381 -0.588083 -3.9833 -6.30311 -8.38682 -8.58625 -9999 -9999
-9999 -9999 -9999 -9999 3.72222 4.42058 4.77833 4.84392 5.45893 6.08546 6.47579 6.75796 6.70802 6.68953 6.66849 6.45745 5.96432 6.0526 6.01159 5.72235 4.00861 2.00896 2.8802 1.69186 -0.831002 1.23972 2.37779 1.2947 -1.12915 -3.94039 -4.84496 -4.79752 -6.17971 -7.96089 -9999 -9999 -9999 -6.42076 -4.95534 -4.82969 -4.39977 -3.03649 -2.00047 -1.21898 -0.689307 -0.697096 -1.2671 -2.19838 -3.21051 -2.85702 -1.05125 -0.615348 -0.24013 0.0347899 -0.359903 -0.167362 0.311573 0.556874 0.603104 0.485089 0.455422 0.491769 0.431026 -0.169431 -3.20198 -4.94129 -6.05216 -8.28705 -9999 -9999
-9999 -9999 -9999 -9999 3.28915 3.89789 4.39336 5.2148 5.31005 5.83105 6.15426 6.61997 6.67594 6.15179 6.59052 6.53522 6.45352 6.27935 6.02402 4.5764 2.58203 0.583239 -0.339402 0.067187 -1.45851 -0.667569 0.485654 0.070726 -1.41273 -3.91639 -4.26445 -4.83255 -7.15512 -9.39549 -9999 -9999 -9.26492 -6.45134 -4.47129 -3.45145 -3.13777 -3.11085 -1.80515 -1.70649 -0.300976 -0.624385 -2.49608 -2.29149 -3.02012 -2.55589 -1.90286 -1.72646 -0.772777 0.143692 0.311129 0.309268 0.612074 0.670369 0.682122 0.670069 0.457496 0.550073 0.561997 0.186769 -2.01451 -3.08936 -4.27661 -8.26867 -9999 -9999
-9999 -9999 -9999 -9999 3.60033 4.28076 5.02586 5.15495 5.71013 5.66341 5.52851 6.29618 6.58596 6.21708 5.95104 6.44617 6.41128 6.34393 6.23341 4.87229 3.29774 0.915899 -0.563804 -1.45643 -2.09618 -2.94619 -2.35171 -2.52707 -2.76336 -2.47923 -3.16232 -4.5236 -5.88339 -8.43026 -9.80909 -9999 -9.11256 -7.84347 -5.48848 -3.48824 -2.22018 -2.68137 -1.19663 -0.925087 -0.0614567 -0.5703 -1.70973 -2.20694 -2.25592 -2.41031 -1.41307 -0.742743 -0.269053 0.0426237 0.435692 0.530327 0.625846 0.662925 0.681318 0.70061 0.692031 0.681151 0.634039 0.491545 -0.521821 -1.59711 -3.91269 -8.14259 -9999 -9999
-9999 -9999 -9999 1.62168 3.52004 4.65621 5.1027 5.42831 5.71677 5.92846 6.15882 6.36424 6.50678 6.457 5.47212 5.55307 5.7293 6.2872 6.24421 6.11816 5.25565 2.35741 1.36407 -0.0957196 -1.98704 -2.77248 -2.37187 -0.813522 -0.876495 -1.89798 -3.03707 -4.60661 -5.60857 -7.17029 -10.1714 -9.90003 -8.54643 -7.54035 -5.94069 -3.49537 -1.78289 -1.02152 -0.737194 -0.13179 0.177317 -0.523746 -1.18947 -1.47205 -1.99051 -2.06867 -2.07061 -1.47045 -1.00055 0.0463655 0.393887 0.551768 0.628574 0.667808 0.695553 0.723429 0.731137 0.708111 0.706714 0.696177 0.617534 -0.809757 -4.38336 -7.07206 -9999 -9999
-9999 -9999 -9999 -9999 3.16904 3.67479 3.81546 4.05391 4.53027 5.07748 5.85614 5.96226 6.38729 6.39076 5.54505 4.56288 5.41701 5.75414 6.10296 6.1098 5.99571 3.56596 2.29308 1.29234 -0.520846 0.140592 0.768324 0.821854 0.453263 -1.74396 -3.93215 -6.44913 -8.8089 -8.91784 -10.1867 -9.51076 -8.61661 -6.32212 -4.70893 -4.05724 -3.59101 -1.10691 -0.459806 -0.245552 0.385955 -0.488827 -0.716633 -1.3757 -1.18759 -1.25067 -1.25276 -3.06746 -1.25557 -1.15438 0.0220558 0.548814 0.665244 0.693004 0.72357 0.725423 0.729124 0.721046 0.730698 0.70917 0.683028 -0.246522 -4.77065 -7.0441 -9999 -9999
-9999 -9999 -9999 -9999 -9999 -9999 3.34581 3.73598 3.9906 4.42205 5.7267 6.08157 6.3186 6.34327 5.96702 4.9964 4.73859 4.91376 3.96121 4.75139 5.83727 5.80913 5.67767 3.53992 2.45069 3.51504 3.19866 1.59701 0.33857 -0.902984 -3.46565 -5.33271 -8.03755 -10.0683 -10.1418 -7.89385 -6.02721 -3.70543 -2.68297 -3.27014 -2.64272 -1.41035 -0.011378 0.661974 0.495915 -0.426258 -0.562536 -1.57582 -0.592258 -0.513546 -0.97971 -1.38328 -1.22781 -0.649058 -0.431748 0.487719 0.706658 0.742561 0.745344 0.745504 0.738472 0.730602 0.714154 0.701125 0.684734 0.639372 -4.0111 -7.63007 -9999 -9999
-9999 -9999 -9999 -9999 -9999 -9999 2.45169 2.69445 3.31233 4.87901 5.71162 6.04904 6.04488 6.20189 5.9373 5.08228 4.20278 3.37129 2.29994 2.90804 4.52223 5.4741 5.58279 3.70919 4.69045 4.3299 3.61558 1.51909 -0.0235106 -0.837415 -3.29712 -5.3952 -7.19267 -9.67769 -8.6094 -7.43463 -5.92779 -3.3941 -1.68663 -0.988124 -1.58175 -0.796406 0.813988 0.817127 -0.0727789 -0.0215385 -0.56811 -1.95074 -0.524166 -0.127054 -0.457957 -0.379397 -0.50366 -0.291982 0.0989081 0.472974 0.720348 0.749933 0.749978 0.738045 0.734498 0.731474 0.710251 0.708206 0.691627 0.664233 -2.33902 -7.70333 -9999 -9999
-9999 -9999 -9999 -9999 -9999 -9999 -9999 1.65045 3.04413 5.1197 5.65024 5.612 6.0448 6.08633 5.67846 5.3226 4.25489 2.79515 -0.00642361 0.703697 2.18948 4.33395 5.46191 5.31172 4.68979 3.60513 0.974626 -1.32583 -1.5985 -1.9683 -3.76118 -5.37352 -7.37251 -6.20632 -4.93052 -3.53651 -2.80467 -2.99574 -1.53298 -0.341971 -0.853752 0.110651 1.23607 0.717119 0.407527 0.146607 -0.483915 -0.527831 -0.469006 0.33866 -0.230065 0.110343 0.116069 0.0907954 0.278182 0.495103 0.723665 0.757472 0.753933 0.754128 0.723525 0.729614 0.712749 0.695999 0.680248 0.656015 0.380545 -2.51101 -4.2409 -9999
-9999 -9999 -9999 -9999 -9999 -9999 -9999 0.3742 1.07517 3.53067 4.30336 5.39117 5.97081 6.00168 5.31106 4.92561 3.33576 2.81739 0.225501 -0.948221 0.0446854 -0.336623 2.61804 5.23411 4.6706 -0.601004 -2.50619 -3.86255 -3.50499 -3.49387 -3.98726 -6.74273 -7.50082 -5.0154 -3.44992 -2.23762 -1.31904 -1.12872 -1.16305 0.701839 0.945947 1.54787 1.4101 1.46024 0.510448 -0.0798015 0.421742 -0.172807 -0.279366 0.555278 -0.278102 0.465237 0.374118 0.143856 0.126904 0.615216 0.710491 0.758819 0.757478 0.734634 0.706067 0.68862 0.701051 0.689971 0.658869 0.656352 0.625424 0.277472 -1.221 -1.7475
-9999 -9999 -9999 -9999 -9999 -9999 -9999 -9999 -1.20672 2.20058 3.76988 4.59265 5.74642 5.88893 5.52652 4.85733 3.23683 1.81082 -0.506189 -3.15181 -4.55068 -0.361345 3.28606 5.19153 4.9469 0.559486 -1.16817 -1.24197 -0.213887 -1.06788 -1.71369 -3.80412 -4.42794 -5.29805 -4.75581 -3.06423 -1.68782 -0.360157 0.603422 0.678323 1.30036 1.65657 1.68032 1.78702 1.66979 1.57293 0.654091 1.27693 0.737373 1.015 0.827293 0.657588 0.513583 -0.0125972 0.350475 0.671735 0.751296 0.770813 0.747547 0.739266 0.721566 0.686858 0.670301 0.664344 0.657311 0.636528 0.632058 0.611367 0.439656 -0.46367
-9999 -9999 -9999 -9999 -9999 -9999 -9999 -9999 -2.90668 0.483149 2.12903 4.23221 5.32334 5.7645 5.70707 5.16474 3.93319 2.07983 0.535266 -2.41739 -5.48265 -1.08517 2.83735 4.95363 5.06925 1.38477 2.41361 1.59277 1.93316 0.426028 -0.195927 -0.678319 -1.76048 -2.94521 -4.23818 -4.92734 -1.8341 -0.247173 1.02835 1.62713 1.96285 2.12706 2.0309 1.79414 0.414055 1.45513 1.39081 1.28039 1.15494 1.0915 0.977774 0.845007 0.767501 0.735567 0.384852 0.770336 0.754576 0.756133 0.754202 0.740053 0.71643 0.694999 0.669272 0.664992 0.649758 0.631967 0.618254 0.608969 0.593513 0.539742
-9999 -9999 -9999 -9999 -9999 -9999 -9999 -9999 -7.65937 -2.73331 1.24595 3.3145 4.99937 5.46241 5.63508 4.90793 4.3631 3.03426 1.77564 -0.164719 -3.06961 -4.85803 -1.56353 3.22402 4.99749 4.86603 4.76068 3.81008 2.95441 2.85189 2.92298 1.93466 0.485329 -1.42199 -2.01916 -2.68799 -0.384357 -0.0735804 -0.244877 2.28462 2.2854 2.13558 1.15982 0.0702756 0.269486 -0.405024 0.101105 -0.70582 0.0246704 0.655605 0.888076 0.863402 0.77715 0.758734 0.716065 0.775599 0.770543 0.755717 0.743403 0.734819 0.721034 0.68701 0.665443 0.67099 0.646049 0.625788 0.610448 0.604093 0.594134 0.553123
-9999 -9999 -9999 -9999 -9999 -9999 -9999 -9999 -7.44079 -3.28586 0.227429 2.33821 4.36358 4.83425 5.51714 5.36913 4.79881 3.64381 2.20113 0.604237 -1.88778 -3.73959 -1.53734 1.64416 3.92211 4.74368 4.74586 4.69601 4.48499 4.41052 4.16378 3.9986 2.95318 1.14769 0.129469 -1.36209 1.20502 1.49115 1.08636 2.36393 2.29466 0.350796 -1.14564 -1.33787 -0.432745 -1.3041 -1.46491 -2.00479 -1.40211 0.222903 -0.261912 -0.172706 0.56527 0.682216 0.750006 0.766876 0.757729 0.75025 0.733697 0.731465 0.728953 0.695362 0.677058 0.665301 0.631875 0.621559 0.596693 0.577836 0.565091 0.540953
-9999 -9999 -9999 -9999 -9999 -9999 -9999 -9999 -7.35497 -4.55974 -1.39828 1.70648 3.86892 4.74147 5.37616 5.36882 4.70636 4.13165 3.2269 1.82213 0.858508 -0.813121 -3.10642 0.739963 1.92464 2.98257 3.43846 4.53994 4.51776 4.01974 3.45516 3.99931 3.83787 2.41147 1.94248 1.14948 2.57652 2.57764 2.53482 2.45416 0.811911 -1.46953 -3.29465 -1.99171 -2.27161 -1.67413 -3.54436 -2.02186 -0.794947 -0.400576 -1.23741 -1.86388 0.0574986 0.364577 0.549609 0.666802 0.742499 0.719274 0.734906 0.719466 0.709492 0.698705 0.677371 0.662302 0.640331 0.617867 0.596138 0.579621 0.55287 0.514671
-9999 -9999 -9999 -9999 -9999 -9999 -9999 -9999 -9999 -6.19887 -2.19 1.38567 3.3766 4.62838 5.23782 5.22613 4.88694 4.49645 3.93519 2.92179 1.64944 -0.360281 -1.85152 -0.902947 0.259011 0.394407 1.16629 3.39871 4.16384 3.08841 0.435078 2.0079 3.7657 3.73803 3.58836 3.42017 3.2055 3.00975 2.58348 1.44631 -2.02993 -2.71979 -4.08735 -3.93861 -4.64347 -3.12098 -3.69971 -2.13821 -1.46467 -1.21372 -2.66828 -2.3621 -0.671223 -0.00148522 -0.117463 0.292442 0.688002 0.697085 0.704479 0.690208 0.694476 0.693162 0.681905 0.654333 0.635873 0.62079 0.582782 0.5819 0.447926 0.359513
-9999 -9999 -9999 -9999 -9999 -9999 -9999 -9999 -9999 -6.99559 -2.99854 1.21167 2.56422 3.91364 5.07774 5.10001 4.58245 4.09005 3.58292 3.00587 1.4628 -0.0330885 -1.4607 -1.93892 -1.64942 -1.66256 -0.416523 2.49004 3.05519 2.81826 0.0420865 -0.899971 1.44718 3.41943 3.5744 3.39466 1.07239 1.56437 0.309473 -1.39208 -1.86364 -2.61158 -4.18722 -3.43685 -4.59288 -4.10555 -4.24225 -3.35812 -2.92978 -1.87663 -3.14486 -3.13926 -1.47982 -0.640723 -0.623614 0.257781 0.569729 0.648805 0.665915 0.676981 0.676727 0.686366 0.673723 0.656037 0.634015 0.586914 0.481377 0.16577 -1.51627 -1.51838
-9999 -9999 -9999 -9999 -9999 -9999 -9999 -9999 -9999 -6.5381 -3.76392 -0.0281769 2.73888 2.91339 4.2582 4.95204 4.38951 3.75608 3.10804 2.82455 1.14527 -0.698974 -2.18863 -3.95157 -3.65965 -2.39144 -0.310586 1.56721 1.90479 1.51921 0.0357382 0.741853 2.34221 3.19165 3.44148 3.24298 2.73572 2.44126 1.51636 1.11324 -0.171216 -2.17772 -2.97117 -2.47696 -4.6077 -4.46466 -3.68425 -4.5235 -3.15243 -2.49886 -4.13508 -2.84699 -1.37306 -0.621468 0.0353594 0.344327 0.465279 0.652783 0.654079 0.666293 0.671011 0.663992 0.659474 0.623868 0.593452 0.410292 0.142427 -1.42782 -2.08334 -1.95954
-9999 -9999 -9999 -9999 -9999 -9999 -9999 -9999 -9999 -6.0699 -3.57228 -0.333146 1.63991 1.99336 3.48472 4.81052 4.66201 4.00313 3.80211 3.11935 1.6951 0.122231 -1.59665 -2.43179 -4.35233 -2.45928 -0.95343 0.636454 1.38107 0.164691 -0.451374 0.63987 1.72444 2.15709 3.25172 3.2398 2.88071 1.33867 0.584963 0.898834 0.572405 0.00327799 -1.37939 -1.44567 -2.33597 -2.70783 -3.05938 -4.18881 -3.47635 -3.40953 -3.22687 -1.67265 -0.907824 -0.402035 0.0578304 0.175666 0.37355 0.631515 0.650699 0.656113 0.650801 0.651391 0.62765 0.548532 0.480986 0.117513 -0.522247 -1.71178 -3.63496 -2.28561
-9999 -9999 -9999 -9999 -9999 -9999 -9999 -9999 -9999 -6.4989 -3.84613 -1.07777 0.0800721 0.277069 2.976 4.62836 4.63089 4.31834 3.95332 2.26735 2.36602 2.0288 0.478044 -1.78064 -4.2611 -4.0276 -2.54615 -0.442052 0.252986 -1.76591 -2.4832 -1.95625 -0.316631 1.15068 2.68247 3.07012 2.6181 0.21896 -2.33084 -1.153 0.105384 0.0942993 -0.280397 -1.56305 -1.9737 -2.34603 -3.28351 -4.868 -4.64012 -4.20597 -2.44833 -1.89493 -1.037 -0.325079 -0.599508 -0.445668 0.235623 0.624847 0.635643 0.63855 0.647276 0.633883 0.605902 0.452981 0.291204 0.0228171 -1.63731 -2.67143 -4.17132 -2.43443
-9999 -9999 -9999 -9999 -9999 -9999 -9999 -9999 -9999 -7.32305 -5.39768 -2.75176 -1.68501 0.0156361 2.56612 3.82039 4.42137 4.4077 4.16422 3.40897 2.95476 2.06021 0.446727 -1.75928 -4.21131 -5.80737 -4.99539 -2.16434 -1.49828 -3.3581 -4.31055 -3.12632 -1.37937 1.20764 2.68482 2.88245 2.7463 2.24937 0.386899 -1.86303 -1.85906 -0.736239 -1.68321 -2.78339 -2.18534 -2.30164 -3.22722 -3.90184 -4.31466 -4.07162 -3.06614 -2.65512 -1.66343 -0.197294 0.00890835 -0.0371599 0.577825 0.604628 0.614911 0.634056 0.629014 0.618928 0.595829 0.470329 0.194793 -0.911731 -1.87732 -3.21878 -3.38887 -1.84096
-9999 -9999 -9999 -9999 -9999 -9999 -9999 -9999 -9999 -8.73919 -6.47442 -3.99584 -1.67534 0.519778 2.40877 2.55464 3.55049 3.54873 4.07006 3.91989 3.2196 2.4659 1.07541 -1.75876 -4.14188 -6.74076 -6.05569 -3.17504 -2.78322 -4.03823 -6.35601 -3.96552 -1.32933 1.05951 2.35159 1.33465 2.37185 2.28356 1.58372 0.242955 -1.8401 -1.80464 -3.36706 -3.43916 -2.64332 -2.38816 -2.5262 -3.03375 -3.84162 -3.7148 -3.10506 -2.95464 -2.04382 -0.907657 0.203137 0.386058 0.59441 0.599229 0.598413 0.61151 0.609419 0.58179 0.520268 0.389273 -0.538982 -1.64213 -2.32356 -3.25967 -3.37751 -1.5899
