Test_Spring_2018/12_17/Temp/20171202_019.txt
ncols	170
nrows	115
xllcorner	350000.000000
yllcorner	4445000.000000
cellsize	1000.000000
nodata_value	-9999.000000
[rows 32 to 63 of 115, columns 72 to 143 of 170]
11.1687 10.7893 11.3877 11.9392 11.6206 11.4098 12.315 12.3205 12.0195 11.305 11.0464 10.778 10.6157 9.69761 7.11182 4.78143 6.03906 6.07484 5.21558 6.77433 5.96127 3.82951 0.817497 2.46648 2.04733 -0.078252 -0.595415 -9999 -9999 -9999 -9999 -9999 -9999 -9999 -9999 -9999 -9999 -9999 -9999 -9999 -9999 -9999 -9999 -9999 -9999 -9999 -9999 -9999 -9999 -9999 -9999 -9999 -9999 -9999 -9999 -9999 -9999 -9999 -9999 -9999 -9999 -9999 -9999 -9999 -9999 -9999 -9999 -9999 -9999 -9999 -9999 -9999
10.6669 10.5067 11.3938 11.3803 11.3385 11.6686 12.2336 12.3503 12.2363 11.9278 11.6615 11.3779 10.6497 9.59867 7.38651 4.73318 4.136 5.4435 5.51226 5.72799 4.98753 4.05598 2.5949 3.80496 4.2797 2.88165 1.05613 -0.115187 -9999 -9999 -9999 -9999 -9999 -9999 -9999 -9999 -9999 -9999 -9999 -9999 -9999 -9999 -9999 -9999 -9999 -9999 -9999 -9999 -9999 -9999 -9999 -9999 -9999 -9999 -9999 -9999 -9999 -9999 -9999 -9999 -9999 -9999 -9999 -9999 -9999 -9999 -9999 -9999 -9999 -9999 -9999 -9999
10.066 9.21523 9.75183 10.156 10.9129 11.1144 11.2308 12.2887 12.2385 12.1953 11.7516 11.3978 10.808 9.79673 8.3546 6.61718 3.58791 5.46553 6.93732 6.90634 6.83286 6.18228 4.77878 5.96648 6.02945 4.24399 2.21668 1.02045 0.529871 -9999 -9999 -9999 -9999 -9999 -9999 -9999 -9999 -9999 -9999 -9999 -9999 -9999 -9999 -9999 -9999 -9999 -9999 -9999 -9999 -9999 -9999 -9999 -9999 -9999 -9999 -9999 -9999 -9999 -9999 -9999 -9999 -9999 -9999 -9999 -9999 -9999 -9999 -9999 -9999 -9999 -9999 -9999
9.38106 8.34086 8.88076 9.5996 10.6173 11.1527 11.5575 11.8778 12.2043 12.172 11.7177 10.365 10.1765 10.1233 9.18199 7.2004 5.22156 4.71346 6.95534 7.6017 7.47804 7.98421 6.79633 7.36842 7.14432 6.51875 4.56391 2.78262 2.04746 0.58752 -9999 -9999 -9999 -9999 -9999 -9999 -9999 -9999 -9999 -9999 -9999 -9999 -9999 -9999 -9999 -9999 -9999 -9999 -9999 -9999 -9999 -9999 -9999 -9999 -9999 -9999 -9999 -9999 -9999 -9999 -9999 -9999 -9999 -9999 -9999 -9999 -9999 -9999 -9999 -9999 -9999 -9999
-9999 -9999 7.70046 8.68238 9.49296 10.4913 11.3485 11.7803 12.1997 12.172 11.2583 10.8141 10.7803 10.1653 9.07765 8.3972 7.15341 5.85747 6.36101 8.27393 7.43258 8.79018 8.68298 8.93844 8.04291 6.34722 4.07099 2.75045 2.09344 0.911621 -9999 -9999 -9999 -9999 -9999 -9999 -9999 -9999 -9999 -9999 -9999 -9999 -9999 -9999 -9999 -9999 -9999 -9999 -9999 -9999 -9999 -9999 -9999 -9999 -9999 -9999 -9999 -9999 -9999 -9999 -9999 -9999 -9999 -9999 -9999 -9999 -9999 -9999 -9999 -9999 -9999 -9999
-9999 -9999 -9999 8.51626 9.13536 10.4578 11.1533 11.4355 12.1086 12.1157 11.7729 11.5154 11.1393 10.6463 9.8302 8.9293 7.75976 7.65694 8.88267 8.90417 8.65609 8.86325 9.49694 9.33904 7.95236 5.5529 4.28586 1.70894 0.606603 0.72713 -0.0526357 -9999 -9999 -9999 -9999 -9999 -9999 -9999 -9999 -9999 -9999 -9999 -9999 3.02925 -9999 -9999 -9999 -9999 -9999 -9999 -9999 -9999 -9999 -9999 -9999 -9999 -9999 -9999 -9999 -9999 -9999 -9999 -9999 -9999 -1.60333 -9999 -9999 -9999 -9999 -9999 -9999 -9999
-9999 -9999 8.39944 9.23068 9.87683 10.7081 10.8016 11.3004 12.0735 12.0903 11.8487 11.5749 10.9527 10.8024 10.3401 9.36134 9.16565 9.57047 9.7604 9.97516 10.1102 10.0132 9.76668 9.44614 8.55952 7.44863 6.70559 4.34745 3.16342 2.02539 0.299087 -1.05022 -9999 -9999 -9999 -9999 -9999 -9999 -9999 2.11611 2.057 2.09302 2.47836 3.53293 2.92149 -9999 -9999 -9999 -9999 -9999 -9999 -9999 -9999 -9999 -9999 -9999 -9999 -9999 -9999 -9999 -9999 -9999 -9999 -9999 -0.64164 -2.00238 -9999 -9999 -9999 -9999 -9999 -9999
-9999 -9999 8.63692 9.50825 9.94659 10.7544 11.2192 11.5344 11.8062 12.0659 12.0285 11.7248 11.2601 11.2682 10.6259 10.2821 10.0383 10.5838 10.6966 10.4867 10.2221 9.98925 9.31773 9.24688 9.0401 8.33816 7.1806 5.98737 4.26619 1.92069 -0.379691 -2.23418 -9999 -9999 -9999 -9999 -9999 -9999 2.31856 3.19561 3.72319 2.61819 3.57212 4.44449 4.31134 3.48053 -9999 -9999 -9999 -9999 -9999 -9999 -9999 -9999 -9999 -9999 -9999 -9999 -9999 -9999 5.82678 4.43158 1.60919 0.164423 -0.700762 -1.9377 -9999 -9999 -9999 -9999 -9999 -9999
-9999 -9999 8.47627 9.50457 10.2034 10.8243 10.9291 11.5672 11.8537 11.9957 11.9848 11.9286 11.8469 11.2867 11.0486 10.1996 11.0223 10.9971 10.7965 9.98443 9.63659 8.23828 7.62746 7.50325 8.69395 7.82873 6.01285 3.74053 1.01353 0.842385 -0.0572599 -1.71399 -9999 -9999 -9999 -9999 -9999 -9999 2.60093 3.53861 4.32218 4.4409 3.34268 4.88878 4.83944 3.98286 3.79261 4.50459 4.8681 4.61193 5.45983 5.71158 5.33544 5.75759 -9999 -9999 -9999 -9999 6.02692 6.08741 6.13397 5.55486 2.47107 0.366135 -1.52366 -1.69699 -9999 -9999 -9999 -9999 -9999 -9999
-9999 -9999 9.19443 9.83047 10.1556 10.2142 10.7723 11.3312 11.6817 11.9341 11.8894 11.8741 11.8574 11.6687 11.2244 11.3101 11.279 11.0226 9.47011 7.65746 8.45751 7.38589 5.08419 6.97524 8.01615 7.03502 4.83315 2.27835 1.45261 1.49508 0.241305 -1.37493 -9999 -9999 -9999 0.048504 1.38885 1.51035 1.90923 3.15798 4.10922 4.82854 5.31952 5.31333 4.80781 3.97022 3.05928 3.39142 5.04545 5.45285 5.80086 6.06171 5.71295 5.9013 6.34662 6.57882 6.62927 6.52967 6.50991 6.54976 6.5009 5.96063 3.20375 1.62689 0.622273 -1.40045 -9999 -9999 -9999 -9999 -9999 -9999
-9999 -9999 8.81034 9.36452 9.81472 10.5571 10.6417 11.1138 11.3977 11.8185 11.8697 11.3939 11.7955 11.7486 11.6789 11.5261 11.3003 9.99012 8.18273 6.3714 5.5393 5.90632 4.52395 5.25047 6.30524 5.93492 4.58837 2.31345 2.00008 1.48126 -0.632284 -2.66697 -9999 -9999 -2.53284 0.0339889 1.8428 2.77828 3.0716 3.10442 4.30146 4.4003 5.6888 5.39691 3.70666 3.90318 3.25031 3.68375 4.29337 4.46483 5.34389 6.1849 6.34781 6.35629 6.64157 6.70374 6.7229 6.71971 6.53339 6.62425 6.6413 6.30579 4.30833 3.33621 2.26351 -1.36021 -9999 -9999 -9999 -9999 -9999 -9999
-9999 -9999 9.10159 9.72037 10.3972 10.5129 11.0159 10.972 10.8387 11.5361 11.798 11.4632 11.2233 11.6774 11.6504 11.5951 11.5015 10.2705 8.84573 6.68627 5.34763 4.53375 3.95783 3.19051 3.73681 3.58189 3.371 3.63332 3.01682 1.77608 0.542088 -1.77477 -3.02518 -9999 -2.38082 -1.21966 0.930448 2.75835 3.92048 3.50934 4.86968 5.12624 5.91586 5.46251 4.43893 4.00142 3.96789 3.83854 4.75737 5.37904 5.82173 6.11648 6.48165 6.57823 6.67507 6.71806 6.74331 6.76861 6.76783 6.76436 6.72747 6.60354 5.68701 4.71561 2.61454 -1.22595 -9999 -9999 -9999 -9999 -9999 -9999
-9999 7.32054 9.04323 10.0762 10.4807 10.7746 11.0342 11.2238 11.4233 11.6089 11.7379 11.6923 10.798 10.8752 11.0406 11.5546 11.5229 11.4164 10.64 8.01101 7.10823 5.78632 4.07138 3.36333 3.73317 5.15605 5.10276 4.17664 3.14313 1.71325 0.805915 -0.61189 -3.34109 -3.08935 -1.852 -0.930244 0.532473 2.76556 4.33235 5.03413 5.30225 5.85814 6.1491 5.52516 4.93299 4.68715 4.22679 4.16725 4.17712 4.73494 5.17446 6.1392 6.46641 6.61795 6.69792 6.74295 6.77671 6.80976 6.82369 6.809 6.81353 6.80951 6.74462 5.45151 2.21033 -0.2274 -9999 -9999 -9999 -9999 -9999 -9999
-9999 -9999 8.73878 9.19752 9.32314 9.53712 9.96719 10.4616 11.1601 11.2549 11.641 11.6443 10.8761 9.98587 10.7684 11.0817 11.4069 11.4216 11.3268 9.11923 7.96833 7.06459 5.42082 6.0296 6.60611 6.65935 6.32779 4.33146 2.34294 0.0507849 -2.09345 -2.18901 -3.33944 -2.72101 -1.9019 0.192414 1.66746 2.26822 2.70093 4.9708 5.56588 5.77314 6.35837 5.57311 5.37976 4.79167 4.97476 4.92932 4.93941 3.29976 4.96096 5.0646 6.14639 6.63684 6.75092 6.78554 6.82185 6.83114 6.84131 6.84009 6.85454 6.84122 6.82621 5.98684 1.87642 -0.18345 -9999 -9999 -9999 -9999 -9999 -9999
-9999 -9999 -9999 -9999 8.91002 9.26166 9.48955 9.87826 11.0554 11.3765 11.5913 11.6142 11.2737 10.3936 10.1642 10.3304 9.47139 10.1992 11.1936 11.176 11.064 9.12549 8.14147 9.11603 8.83326 7.38004 6.23853 5.11184 2.78237 1.08174 -1.37668 -3.22146 -3.28451 -1.23429 0.469292 2.58841 3.52583 2.99915 3.57867 4.70878 5.99168 6.61477 6.47441 5.64633 5.53651 4.62638 5.53373 5.61764 5.20563 4.85051 5.0044 5.5428 5.75176 6.59915 6.80826 6.84942 6.86039 6.86807 6.86839 6.86727 6.85983 6.85423 6.84573 6.81116 2.58586 -0.698569 -9999 -9999 -9999 -9999 -9999 -9999
-9999 -9999 -9999 -9999 8.11086 8.32813 8.88644 10.3082 11.0558 11.361 11.3564 11.4998 11.261 10.4865 9.69135 8.94145 7.97384 8.53528 10.0125 10.8868 10.9933 9.29517 10.1955 9.8732 9.22822 7.32459 5.92442 5.18689 2.95107 1.04023 -0.592429 -2.85066 -1.87465 -0.801167 0.575255 2.88701 4.44787 5.09157 4.55933 5.28323 6.7587 6.77201 5.97309 6.03116 5.5481 4.30207 5.61283 5.9867 5.69796 5.78176 5.68116 5.88553 6.25247 6.60345 6.83838 6.87429 6.88237 6.87899 6.88244 6.88655 6.87359 6.87809 6.86954 6.85148 4.12549 -0.747327 -9999 -9999 -9999 -9999 -9999 -9999
-9999 -9999 -9999 -9999 -9999 7.39278 8.65721 10.5422 11.0151 10.9786 11.3718 11.4103 11.0413 10.7212 9.75492 8.43321 5.89105 6.54529 7.90556 9.86515 10.8992 10.7695 10.2107 9.22932 6.84036 4.7511 4.50673 4.17342 2.54452 1.07583 -0.740173 0.32464 1.48956 2.7626 3.43371 3.26571 4.60382 5.69544 5.23811 6.12505 7.15924 6.69751 6.42687 6.20099 5.64163 5.61409 5.68015 6.42776 5.92262 6.24473 6.26244 6.2511 6.43275 6.64061 6.85833 6.89799 6.90288 6.91045 6.88948 6.90162 6.89274 6.88403 6.87643 6.86144 6.61824 3.99601 2.43031 -9999 -9999 -9999 -9999 -9999
-9999 -9999 -9999 -9999 -9999 6.24644 6.8807 9.11181 9.80526 10.7939 11.3212 11.3503 10.7242 10.3773 8.93529 8.47044 6.11909 5.05852 5.97005 5.63072 8.32714 10.7149 10.2092 5.41715 3.68831 2.45833 2.78762 2.8011 2.35502 -0.153955 -0.840452 1.42517 2.85386 3.96163 4.80276 4.98182 4.95747 6.66249 6.893 7.45007 7.33466 7.39091 6.53766 6.01209 6.48307 5.95439 5.86991 6.64202 5.89594 6.58467 6.51413 6.31608 6.3116 6.76632 6.8626 6.91539 6.92254 6.90901 6.89006 6.88073 6.8987 6.89537 6.87404 6.87905 6.85862 6.55151 5.19652 4.72651 5.25883 -9999 -9999 -9999
-9999 -9999 -9999 -9999 -9999 -9999 4.81987 7.91775 9.33645 10.0844 11.1346 11.2657 10.9357 10.3317 8.8629 7.57187 5.47052 3.07044 1.80449 5.62472 8.9514 10.6922 10.4767 6.48933 4.92208 4.85945 5.79913 5.02546 4.44089 2.53728 1.97324 1.18518 1.68282 3.22506 4.48453 5.69905 6.58297 6.65892 7.23369 7.56668 7.59826 7.70596 7.61039 7.53379 6.71201 7.29118 6.81249 7.07749 6.91887 6.77642 6.65755 6.18996 6.53115 6.83364 6.91548 6.94314 6.92962 6.92941 6.92046 6.89601 6.88722 6.88881 6.88964 6.87829 6.88215 6.87304 6.72564 5.9127 4.8228 3.44458 -9999 -9999
-9999 -9999 -9999 -9999 -9999 -9999 3.28899 6.37164 7.8603 9.77416 10.7619 11.1662 11.1181 10.6296 9.51468 7.83456 6.43599 3.75618 0.973982 4.98302 8.55936 10.4919 10.6031 7.25651 8.19803 7.45563 7.76963 6.40178 5.83923 5.39923 4.41834 3.34425 2.16865 1.54882 4.36974 5.82034 6.98823 7.541 7.85517 8.01406 7.93724 7.7306 6.48556 7.44447 7.40027 7.31188 7.20984 7.16418 7.07262 6.96352 6.90492 6.88688 6.57819 6.93977 6.93633 6.94584 6.95178 6.94634 6.93215 6.91998 6.90405 6.90859 6.89988 6.89149 6.88715 6.88857 6.88343 6.84367 6.63171 4.77887 3.67299 3.36789
-9999 -9999 -9999 -9999 -9999 -9999 -1.02005 3.46149 7.06522 8.94923 10.4845 10.9093 11.0708 10.4141 9.9241 8.72116 7.58257 5.82376 3.1872 1.56664 4.57105 8.93465 10.5539 10.441 10.3503 9.48999 8.71567 8.62647 8.69502 7.79467 6.4745 4.74396 4.20871 3.6055 5.708 5.99732 5.84854 8.15852 8.16782 8.04082 7.1628 6.1827 6.37537 5.7697 6.2445 5.52191 6.19857 6.78457 7.00777 6.99673 6.92987 6.92509 6.89636 6.96306 6.96701 6.96163 6.9582 6.95796 6.95291 6.92949 6.91756 6.93055 6.91715 6.9074 6.89774 6.90196 6.90186 6.87367 6.8487 6.56837 6.14426 5.33171
-9999 -9999 -9999 -9999 -9999 -9999 -0.814219 2.95685 6.15539 8.07746 9.92362 10.3556 10.9816 10.852 10.3387 9.29378 7.98741 6.5409 4.27977 2.60123 4.61214 7.51294 9.592 10.3466 10.3531 10.3127 10.1253 10.055 9.83504 9.6841 8.73807 7.10404 6.18285 4.83115 7.17367 7.44074 7.07957 8.2502 8.19572 6.43582 5.08376 4.91922 5.75515 4.97357 4.84161 4.35757 4.91757 6.40794 5.97924 6.07155 6.7546 6.87141 6.94714 6.97149 6.9717 6.97306 6.96589 6.97159 6.97699 6.95418 6.94543 6.94287 6.92084 6.92156 6.90796 6.9013 6.89342 6.88053 6.85814 6.78216 6.69981 6.7996
-9999 -9999 -9999 -9999 -9999 -9999 -0.725108 1.81384 4.69271 7.51969 9.49093 10.2889 10.8711 10.8696 10.2723 9.75535 8.93832 7.66639 6.79601 5.2812 3.20044 6.70726 7.79008 8.75994 9.17277 10.1803 10.1651 9.71669 9.20125 9.70208 9.56518 8.27267 7.85167 7.13603 8.44122 8.44908 8.41747 8.352 6.8659 4.79865 3.14727 4.34326 4.09912 4.65555 2.96752 4.36578 5.49406 5.86444 5.1084 4.54903 6.30885 6.60367 6.78145 6.89706 6.97451 6.96161 6.98386 6.97771 6.97652 6.97466 6.96335 6.95794 6.94647 6.93478 6.92579 6.92124 6.90621 6.88819 6.89174 6.85243 6.84066 6.83169
-9999 -9999 -9999 -9999 -9999 -9999 -9999 0.331952 3.98146 7.23873 9.05436 10.1979 10.7574 10.7521 10.449 10.0996 9.59485 8.67866 7.52677 5.70371 4.35238 5.22139 6.28264 6.41316 7.12108 9.15814 9.85972 8.88613 6.46966 7.91204 9.5177 9.49849 9.3684 9.22167 9.033 8.86189 8.48143 7.45447 4.2992 3.68047 2.44543 2.59085 1.95981 3.35834 2.84566 4.27812 4.90237 5.14187 3.82889 4.11902 5.6742 6.29325 6.19675 6.57847 6.94196 6.95856 6.97345 6.96853 6.98049 6.98743 6.98546 6.97431 6.96656 6.96207 6.93935 6.94904 6.83656 6.76539 6.61594 6.81287 6.83663 6.85342
-9999 -9999 -9999 -9999 -9999 -9999 -9999 -0.379014 3.26147 7.09653 8.33136 9.56386 10.6282 10.6537 10.1882 9.7459 9.29029 8.77111 7.37274 6.01726 4.72382 4.29434 4.56344 4.55706 5.69672 8.34757 8.86742 8.65726 6.13455 5.28335 7.42573 9.22701 9.37449 9.21755 7.11093 7.56594 6.43147 4.89094 4.4703 3.79859 2.37402 3.06678 2.02485 2.47885 2.37059 3.1862 3.58694 4.55619 3.41252 3.42892 4.95593 5.7291 5.75377 6.56469 6.85709 6.93737 6.96116 6.97947 6.98756 7.0048 7.00195 6.99471 6.98371 6.95004 6.86329 6.58835 5.06772 5.07498 5.49988 5.90237 6.632 6.8406
-9999 -9999 -9999 -9999 -9999 -9999 -9999 0.0524475 2.58033 5.98382 8.50618 8.66948 9.89829 10.535 10.0285 9.45775 8.87381 8.62173 7.09934 5.4268 4.07693 2.47828 2.7497 3.90959 5.80922 7.52403 7.83703 7.49188 6.14616 6.79531 8.25836 9.03807 9.27219 9.09845 8.64394 8.38338 7.54939 7.19064 6.03017 4.21295 3.50013 3.95956 2.03031 2.1707 2.89136 2.14397 3.4024 4.00772 2.5289 3.71975 5.07104 5.76455 6.3715 6.66156 6.78027 6.9594 6.96897 6.98848 7.00124 7.00343 7.00804 6.98452 6.96587 6.80832 6.57377 5.15393 4.57068 4.69244 5.35646 5.93864 6.55018 6.80242
-9999 -9999 -9999 -9999 -9999 -9999 -9999 0.493275 2.76975 5.72148 7.52136 7.8476 9.20981 10.4217 10.292 9.69799 9.52085 8.90535 7.61507 6.18954 4.63112 3.87698 2.13497 3.86371 5.24015 6.69316 7.37688 6.27403 5.72014 6.7201 7.71404 8.11472 9.11799 9.11432 8.79488 7.39906 6.72099 7.01486 6.7263 6.2172 4.96802 4.9172 4.11669 3.78825 3.47847 2.46703 3.1258 3.19689 3.38069 4.80677 5.51266 5.98249 6.41024 6.52647 6.71534 6.95875 6.98476 6.99823 7.00198 7.01118 6.99835 6.93524 6.88277 6.56108 5.98801 4.91461 3.17784 4.41492 5.70835 6.09883 6.48066 6.68024
-9999 -9999 -9999 -9999 -9999 -9999 -9999 0.11719 2.53509 5.05855 6.1166 6.30052 8.7618 10.2709 10.2786 9.99983 9.67343 8.14493 8.24072 7.93986 6.53456 4.48497 2.23354 2.45211 3.80878 5.72772 6.36658 4.53387 3.88813 4.37482 5.87419 7.21681 8.6182 8.97841 8.57461 6.3989 4.08629 5.16654 6.32035 6.3191 5.9872 4.82923 4.46512 4.1361 3.29289 1.86377 2.08492 2.49017 4.10922 4.62292 5.41353 6.07102 5.83058 5.97969 6.60865 6.97167 6.99019 7.0015 7.01812 7.01466 6.99801 6.86773 6.72949 6.4943 4.99254 4.06055 2.70527 4.29897 5.18224 5.65821 6.49936 6.70373
-9999 -9999 -9999 -9999 -9999 -9999 -9999 -0.618835 1.13722 3.54936 4.52459 6.07705 8.40325 9.55002 10.1025 10.0957 9.87996 9.19858 8.79128 7.98331 6.52107 4.5196 2.29424 0.847921 1.59319 4.17622 4.79477 3.10159 2.2421 3.32726 4.92457 7.28649 8.63842 8.82591 8.70975 8.26541 6.57847 4.53912 4.5513 5.58201 4.72922 3.73724 4.29107 4.19496 3.36247 2.7585 2.39947 2.63859 3.56555 3.94967 4.86207 6.20606 6.40315 6.37044 6.9392 6.97251 6.99069 7.01688 7.02105 7.02065 7.00845 6.90313 6.66132 5.66331 4.79362 3.58188 3.43625 4.8588 5.4825 6.06401 6.47911 6.61768
-9999 -9999 -9999 -9999 -9999 -9999 -9999 -1.89393 0.171122 2.43103 4.54736 6.54986 8.27404 8.41207 9.32392 9.32805 9.80845 9.67787 9.04675 8.36712 7.10802 4.53506 2.37265 0.0138922 0.643905 3.27473 3.63387 2.49928 0.397455 2.58069 4.98755 7.16934 8.353 7.43528 8.38717 8.31486 7.68613 6.47428 4.58706 4.62815 3.21521 3.15886 3.89265 4.13456 4.01878 3.56683 2.84429 2.9819 3.54882 3.69582 4.53471 5.57849 6.59899 6.77483 6.97364 6.98706 6.99525 7.01602 7.02293 7.00658 6.95942 6.84907 6.0132 5.01822 4.40712 3.56431 3.46626 5.10262 5.761 6.12886 6.4881 6.63282
-9999 -9999 -9999 -9999 -9999 -9999 -9999 -9999 -0.0293279 2.30514 4.03388 4.50315 6.03625 6.86644 7.51006 7.6568 9.48396 9.58981 9.1917 8.56783 7.49477 5.54375 4.18635 1.92402 0.29975 0.983836 1.30948 1.91512 1.74471 2.72174 5.03474 7.4441 7.71199 6.1907 6.42226 6.74709 7.46838 7.11043 4.53706 3.23223 2.15007 2.92792 3.74599 3.94813 3.99304 3.84186 3.67045 3.37523 4.46765 5.27734 5.46917 6.17574 6.69872 6.84689 6.95974 6.97813 6.99668 7.00187 6.97665 6.95967 6.83459 6.54825 5.61271 3.35609 3.46643 3.22658 2.52786 4.12429 5.1405 6.04331 6.52524 6.65316
-9999 -9999 -9999 -9999 -9999 -9999 -9999 -9999 -0.794169 1.90599 2.48039 2.4432 1.55601 1.97184 5.28479 5.95602 7.70849 9.36825 9.25227 8.64028 7.63662 6.47703 4.67858 2.1334 0.112402 -0.727983 1.46338 3.61454 4.06313 4.75322 6.17277 6.44717 4.89232 3.43446 4.26141 4.76156 6.65236 7.00168 6.64036 5.09191 3.32075 2.39875 3.49871 3.65042 3.72157 3.74008 3.71316 3.68111 4.9183 5.6018 6.07752 6.33888 6.78863 6.90756 6.94909 6.98843 6.98542 6.96748 6.9022 6.82726 6.48056 6.05979 4.52434 3.24498 2.44897 1.43726 3.73273 4.41823 5.37007 5.98608 6.46541 6.57406
