Test_Spring_2018/12_17/Temp/20171206_000.txt
ncols	170
nrows	115
xllcorner	350000.000000
yllcorner	4445000.000000
cellsize	1000.000000
nodata_value	-9999.000000
[rows 31 to 61 of 115, columns 70 to 139 of 170]
3.80155 4.48908 4.74418 4.27188 4.3231 5.48481 5.75127 5.73915 5.66283 5.55871 5.02056 4.84278 4.41892 3.66962 3.35719 2.02179 -2.30222 -1.07423 -0.591647 -1.84202 -1.13695 0.00823659 -0.978303 -3.91723 -5.17867 -7.21442 -6.55087 -7.14721 -8.7835 -9999 -9999 -9999 -9999 -9999 -9999 -9999 -9999 -9999 -9999 -9999 -9999 -9999 -9999 -9999 -9999 -9999 -9999 -9999 -9999 -9999 -9999 -9999 -9999 -9999 -9999 -9999 -9999 -9999 -9999 -9999 -9999 -9999 -9999 -9999 -9999 -9999 -9999 -9999 -9999 -9999
3.9281 4.24392 4.21776 3.76272 4.47425 5.12986 4.76177 4.5181 5.60143 5.60564 5.24388 4.38853 4.07666 3.75293 3.55558 2.45655 -0.632002 -3.41579 -1.91906 -1.87973 -2.90787 -1.05114 -2.02359 -4.5689 -8.16405 -6.19865 -6.70029 -9.22611 -9.84293 -9999 -9999 -9999 -9999 -9999 -9999 -9999 -9999 -9999 -9999 -9999 -9999 -9999 -9999 -9999 -9999 -9999 -9999 -9999 -9999 -9999 -9999 -9999 -9999 -9999 -9999 -9999 -9999 -9999 -9999 -9999 -9999 -9999 -9999 -9999 -9999 -9999 -9999 -9999 -9999 -9999
3.0598 3.84322 3.606 3.41211 4.46776 4.44917 4.40579 4.81278 5.49041 5.62738 5.48885 5.11799 4.7972 4.45551 3.58331 2.32587 -0.31685 -3.48587 -4.20193 -2.64565 -2.56697 -2.31276 -3.19901 -4.31299 -6.05845 -4.61717 -4.05294 -5.71558 -7.88948 -9.27598 -9999 -9999 -9999 -9999 -9999 -9999 -9999 -9999 -9999 -9999 -9999 -9999 -9999 -9999 -9999 -9999 -9999 -9999 -9999 -9999 -9999 -9999 -9999 -9999 -9999 -9999 -9999 -9999 -9999 -9999 -9999 -9999 -9999 -9999 -9999 -9999 -9999 -9999 -9999 -9999
1.89403 3.23662 2.87571 1.8578 2.49518 2.97481 3.89308 4.1436 4.28043 5.54019 5.47799 5.42385 4.89162 4.46651 3.7596 2.54965 0.825599 -1.25079 -4.86834 -2.63215 -0.880014 -0.920483 -1.01147 -1.79071 -3.46793 -2.05379 -1.98121 -4.10527 -6.50813 -7.93822 -8.52662 -9999 -9999 -9999 -9999 -9999 -9999 -9999 -9999 -9999 -9999 -9999 -9999 -9999 -9999 -9999 -9999 -9999 -9999 -9999 -9999 -9999 -9999 -9999 -9999 -9999 -9999 -9999 -9999 -9999 -9999 -9999 -9999 -9999 -9999 -9999 -9999 -9999 -9999 -9999
-9999 2.39253 2.04497 0.800906 1.44214 2.29711 3.51901 4.16837 4.65633 5.03644 5.42381 5.38284 4.83825 3.22167 2.99372 2.92685 1.80029 -0.567461 -2.93204 -3.54215 -0.871665 -0.104464 -0.255733 0.344542 -1.07588 -0.396536 -0.666796 -1.41409 -3.73037 -5.85296 -6.73335 -8.4785 -9999 -9999 -9999 -9999 -9999 -9999 -9999 -9999 -9999 -9999 -9999 -9999 -9999 -9999 -9999 -9999 -9999 -9999 -9999 -9999 -9999 -9999 -9999 -9999 -9999 -9999 -9999 -9999 -9999 -9999 -9999 -9999 -9999 -9999 -9999 -9999 -9999 -9999
-9999 -9999 -9999 -9999 0.0199689 1.19837 2.16903 3.36481 4.39312 4.90637 5.40489 5.36971 4.27739 3.74491 3.70158 2.96463 1.66351 0.847867 -0.640042 -2.1903 -1.59392 0.683833 -0.324028 1.29154 1.15992 1.46118 0.389621 -1.62189 -4.33536 -5.90826 -6.69555 -8.10903 -9999 -9999 -9999 -9999 -9999 -9999 -9999 -9999 -9999 -9999 -9999 -9999 -9999 -9999 -9999 -9999 -9999 -9999 -9999 -9999 -9999 -9999 -9999 -9999 -9999 -9999 -9999 -9999 -9999 -9999 -9999 -9999 -9999 -9999 -9999 -9999 -9999 -9999
-9999 -9999 -9999 -9999 -9999 0.98556 1.72801 3.30433 4.14607 4.48133 5.2828 5.28947 4.87858 4.56902 4.11751 3.52623 2.54896 1.4702 0.0706346 -0.0566062 1.40093 1.42187 1.12132 1.36405 2.11588 1.9237 0.267329 -2.58598 -4.101 -7.1677 -8.48632 -8.34619 -9.28022 -9999 -9999 -9999 -9999 -9999 -9999 -9999 -9999 -9999 -9999 -9999 -9999 -5.67575 -9999 -9999 -9999 -9999 -9999 -9999 -9999 -9999 -9999 -9999 -9999 -9999 -9999 -9999 -9999 -9999 -9999 -9999 -9999 -9999 -11.3543 -9999 -9999 -9999
-9999 -9999 -9999 -9999 0.824562 1.82822 2.59775 3.58854 3.70445 4.30614 5.22734 5.24595 4.95611 4.62739 3.88253 3.70015 3.14487 1.97309 1.73501 2.21299 2.43444 2.68548 2.84153 2.72099 2.42242 2.03592 0.987906 -0.341116 -1.23107 -4.04305 -5.4532 -6.81445 -8.87761 -10.4912 -9999 -9999 -9999 -9999 -9999 -9999 -9999 -6.75699 -6.83418 -6.79803 -6.34528 -5.09426 -5.83077 -9999 -9999 -9999 -9999 -9999 -9999 -9999 -9999 -9999 -9999 -9999 -9999 -9999 -9999 -9999 -9999 -9999 -9999 -9999 -10.2305 -11.8623 -9999 -9999
-9999 -9999 -9999 -9999 1.10571 2.14373 2.66574 3.62902 4.18335 4.57107 4.89465 5.20364 5.15774 4.79363 4.23677 4.24334 3.47333 3.0588 2.7631 3.40842 3.53747 3.28142 2.96025 2.67723 1.87129 1.7824 1.54436 0.703166 -0.681252 -2.108 -4.15477 -6.95637 -9.70428 -11.9205 -9999 -9999 -9999 -9999 -9999 -9999 -6.52643 -5.48692 -4.86456 -6.18997 -5.05931 -4.02604 -4.19238 -5.1879 -9999 -9999 -9999 -9999 -9999 -9999 -9999 -9999 -9999 -9999 -9999 -9999 -9999 -9999 -2.50607 -4.17789 -7.55247 -9.28388 -10.3242 -11.8084 -9999 -9999
-9999 -9999 -9999 -9999 0.897529 2.12317 2.95636 3.69722 3.82266 4.59207 4.93735 5.10638 5.09252 5.02395 4.92428 4.25292 3.965 2.94757 3.92366 3.88789 3.64252 2.66758 2.24663 0.572858 -0.161006 -0.301976 1.11425 0.0782946 -2.09137 -4.80527 -8.05575 -8.25982 -9.33656 -11.3167 -9999 -9999 -9999 -9999 -9999 -9999 -6.20681 -5.09527 -4.16787 -4.03382 -5.35169 -3.51511 -3.57864 -4.60903 -4.8446 -4.00387 -3.57888 -3.8925 -2.88922 -2.59743 -3.05455 -2.55916 -9999 -9999 -9999 -9999 -2.27584 -2.21086 -2.1625 -2.86067 -6.54703 -9.06596 -11.3286 -11.5449 -9999 -9999
-9999 -9999 -9999 -9999 1.73711 2.49523 2.88325 2.95382 3.62073 4.29619 4.71783 5.02131 4.96719 4.94745 4.92522 4.69701 4.16283 4.26019 4.21742 3.90533 2.04675 -0.122201 0.825845 -0.459967 -3.20066 -0.949351 0.288167 -0.886002 -3.51599 -6.56665 -7.5489 -7.49836 -8.99737 -10.9304 -9999 -9999 -9999 -9.25078 -7.65777 -7.51933 -7.0505 -5.56824 -4.44122 -3.58953 -3.01196 -3.01997 -3.63626 -4.64438 -5.74007 -5.35287 -3.38871 -2.91169 -2.5045 -2.20212 -2.6268 -2.41438 -1.89097 -1.62159 -1.56882 -1.6949 -1.72564 -1.68525 -1.75078 -2.40271 -5.6953 -7.58427 -8.79101 -11.2239 -9999 -9999
-9999 -9999 -9999 -9999 1.26553 1.92629 2.46374 3.35082 3.45332 4.01804 4.36469 4.86891 4.92966 4.36085 4.83776 4.77866 4.69123 4.50373 4.22838 2.65875 0.495631 -1.67222 -2.67169 -2.23122 -3.88574 -3.0239 -1.7699 -2.2161 -3.82635 -6.54302 -6.91938 -7.53605 -10.0581 -12.4887 -9999 -9999 -12.3413 -9.28456 -7.13277 -6.02347 -5.68082 -5.64943 -4.22956 -4.12008 -2.59158 -2.94194 -4.97141 -4.7462 -5.53273 -5.02506 -4.31247 -4.11698 -3.07706 -2.08173 -1.89577 -1.89379 -1.5613 -1.49472 -1.47921 -1.49017 -1.7195 -1.61817 -1.60498 -2.01261 -4.40317 -5.57095 -6.86001 -11.2013 -9999 -9999
-9999 -9999 -9999 -9999 1.5987 2.33703 3.1453 3.28453 3.88624 3.83359 3.68284 4.5158 4.82946 4.42916 4.14088 4.6794 4.64285 4.57141 4.45339 2.97781 1.27064 -1.31297 -2.91712 -3.88675 -4.57932 -5.50013 -4.85278 -5.04133 -5.2961 -4.98588 -5.72385 -7.20162 -8.6763 -11.4415 -12.9366 -9999 -12.1765 -10.7967 -8.23779 -6.06403 -4.68516 -5.1837 -3.56939 -3.27215 -2.33353 -2.88326 -4.11758 -4.65425 -4.70396 -4.86783 -3.78108 -3.04779 -2.52867 -2.18587 -1.75802 -1.65093 -1.54322 -1.49943 -1.47655 -1.45341 -1.46127 -1.47237 -1.52346 -1.67865 -2.77974 -3.94742 -6.46271 -11.0623 -9999 -9999
-9999 -9999 -9999 -0.549294 1.51033 2.74329 3.22715 3.57955 3.89147 4.11997 4.3659 4.58734 4.74177 4.68733 3.61858 3.70744 3.90017 4.50766 4.46307 4.32853 3.39455 0.250394 -0.827816 -2.41139 -4.46289 -5.31267 -4.87578 -3.18198 -3.24854 -4.35582 -5.59083 -7.29442 -8.3789 -10.0728 -13.3306 -13.0341 -11.5625 -10.4682 -8.72944 -6.07244 -4.21105 -3.38221 -3.07119 -2.4127 -2.07456 -2.83292 -3.55286 -3.85634 -4.4156 -4.4965 -4.49435 -3.83824 -3.32295 -2.18034 -1.79847 -1.62519 -1.53753 -1.49119 -1.45802 -1.42549 -1.41569 -1.44007 -1.44169 -1.45382 -1.5395 -3.0905 -6.96853 -9.89422 -9999 -9999
-9999 -9999 -9999 -9999 1.12813 1.67648 1.82814 2.08574 2.60147 3.19408 4.0353 4.14971 4.61066 4.61373 3.69577 2.63043 3.55921 3.92707 4.30796 4.31779 4.19647 1.55901 0.179108 -0.9054 -2.87207 -2.15095 -1.46745 -1.40745 -1.80581 -4.18959 -6.56362 -9.29577 -11.8559 -11.9722 -13.347 -12.6122 -11.6394 -9.14628 -7.3928 -6.6832 -6.17488 -3.47562 -2.7716 -2.53662 -1.84842 -2.79534 -3.03973 -3.75185 -3.54382 -3.60817 -3.60598 -5.57151 -3.59893 -3.48407 -2.20187 -1.62447 -1.49553 -1.46149 -1.42513 -1.4208 -1.41537 -1.4236 -1.41336 -1.43693 -1.46451 -2.47471 -7.38772 -9.86253 -9999 -9999
-9999 -9999 -9999 -9999 -9999 -9999 1.31692 1.7391 2.01396 2.48076 3.89309 4.27751 4.53431 4.56096 4.1528 3.09955 2.82113 3.01321 1.98122 2.84142 4.02194 3.99352 3.85287 1.53388 0.354125 1.51174 1.1702 -0.566844 -1.93132 -3.27749 -6.05806 -8.08449 -11.0192 -13.2221 -13.2999 -10.8573 -8.82875 -6.30598 -5.19388 -5.82934 -5.14601 -3.80631 -2.28524 -1.55181 -1.72951 -2.72782 -2.87276 -3.96936 -2.89757 -2.80783 -3.30934 -3.7426 -3.56824 -2.9347 -2.69368 -1.69055 -1.44843 -1.40607 -1.3998 -1.39728 -1.40351 -1.41156 -1.42844 -1.44299 -1.46158 -1.51188 -6.56215 -10.4978 -9999 -9999
-9999 -9999 -9999 -9999 -9999 -9999 0.34494 0.607 1.27619 2.97549 3.87534 4.24081 4.23577 4.40614 4.11924 3.19183 2.2383 1.33745 0.176281 0.838644 2.59334 3.62891 3.74896 1.71673 2.78491 2.39547 1.62188 -0.652427 -2.3254 -3.20724 -5.87598 -8.15318 -10.1027 -12.7987 -11.6369 -10.3594 -8.72147 -5.96864 -4.11281 -3.35239 -3.99502 -3.14031 -1.38969 -1.38392 -2.34747 -2.28889 -2.87923 -4.37677 -2.82391 -2.38839 -2.74294 -2.65263 -2.78187 -2.54677 -2.11718 -1.70613 -1.43307 -1.39707 -1.39399 -1.40458 -1.40702 -1.40927 -1.43216 -1.43478 -1.45358 -1.48437 -4.74623 -10.5767 -9999 -9999
-9999 -9999 -9999 -9999 -9999 -9999 -9999 -0.527649 0.983858 3.2357 3.80762 3.76529 4.23474 4.27979 3.83739 3.45197 2.29419 0.711208 -2.32846 -1.55537 0.0598772 2.39023 3.61688 3.45573 2.78326 1.60761 -1.24644 -3.74219 -4.03635 -4.43599 -6.38071 -8.13048 -10.2987 -9.03054 -7.64334 -6.12783 -5.33128 -5.53676 -3.94663 -2.65155 -3.20522 -2.1561 -0.932017 -1.49307 -1.82654 -2.10684 -2.7883 -2.83233 -2.76444 -1.88313 -2.49586 -2.12122 -2.1093 -2.13144 -1.92279 -1.68234 -1.4297 -1.38912 -1.38982 -1.38729 -1.41896 -1.41152 -1.42963 -1.44815 -1.46597 -1.49324 -1.79341 -4.9391 -6.81895 -9999
-9999 -9999 -9999 -9999 -9999 -9999 -9999 -1.91432 -1.15482 1.5096 2.34449 3.52486 4.15384 4.18741 3.43811 3.02053 1.29575 0.73488 -2.07709 -3.34954 -2.26948 -2.68149 0.528376 3.37056 2.7615 -2.96004 -5.02662 -6.49733 -6.10722 -6.09326 -6.62706 -9.61792 -10.4389 -7.73828 -6.03653 -4.71826 -3.71894 -3.51039 -3.54565 -1.5189 -1.25188 -0.596289 -0.743664 -0.686809 -1.71535 -2.3532 -1.80555 -2.44741 -2.55909 -1.64851 -2.54862 -1.73656 -1.82984 -2.07461 -2.08789 -1.55285 -1.44499 -1.38869 -1.38683 -1.4094 -1.43877 -1.45694 -1.44315 -1.45539 -1.48973 -1.49327 -1.52778 -1.91174 -3.54021 -4.1131
-9999 -9999 -9999 -9999 -9999 -9999 -9999 -9999 -3.63311 0.0648658 1.7647 2.65746 3.90992 4.06483 3.67086 2.94573 1.18801 -0.358335 -2.87192 -5.74218 -7.2595 -2.70914 1.25278 3.32339 3.06054 -1.70105 -3.57489 -3.65311 -2.53497 -3.46025 -4.15949 -6.42831 -7.10342 -8.04595 -7.45511 -5.61692 -4.12028 -2.67668 -1.62845 -1.54511 -0.867702 -0.478892 -0.450869 -0.332595 -0.457186 -0.559355 -1.55387 -0.874026 -1.45587 -1.15013 -1.34932 -1.5287 -1.67953 -2.24573 -1.84655 -1.49303 -1.40235 -1.37663 -1.3991 -1.40586 -1.42339 -1.45991 -1.4779 -1.48439 -1.49239 -1.51554 -1.5211 -1.54967 -1.73745 -2.7193
-9999 -9999 -9999 -9999 -9999 -9999 -9999 -9999 -5.47947 -1.80027 -0.0172438 2.26587 3.44862 3.92784 3.86664 3.27924 1.94379 -0.0665961 -1.74158 -4.9453 -8.27126 -3.49559 0.764648 3.06408 3.19134 -0.806055 0.312888 -0.576401 -0.204889 -1.83926 -2.51255 -3.03551 -4.20822 -5.49229 -6.89478 -7.64062 -4.27996 -2.55484 -1.16788 -0.51571 -0.149131 0.0313392 -0.0697797 -0.325452 -1.82115 -0.687841 -0.754636 -0.870971 -1.0033 -1.068 -1.18701 -1.32646 -1.4053 -1.43509 -1.8111 -1.38735 -1.39937 -1.39445 -1.39379 -1.40692 -1.43084 -1.45283 -1.47989 -1.48308 -1.50188 -1.52151 -1.53682 -1.55294 -1.5708 -1.63006
-9999 -9999 -9999 -9999 -9999 -9999 -9999 -9999 -10.6402 -5.29286 -0.979133 1.26688 3.09591 3.59955 3.78819 3.00014 2.41024 0.969275 -0.395342 -2.50008 -5.65203 -7.59181 -4.01413 1.18558 3.11227 2.97254 2.86005 1.82989 0.902828 0.793511 0.872713 -0.199594 -1.77241 -3.84071 -4.48655 -5.21033 -2.70692 -2.3673 -2.55113 0.197316 0.20029 0.0398504 -1.0172 -2.19623 -1.97696 -2.70811 -2.15562 -3.02825 -2.23139 -1.54234 -1.28566 -1.30797 -1.39655 -1.41091 -1.45282 -1.38216 -1.38412 -1.39707 -1.40774 -1.41481 -1.42798 -1.46353 -1.48591 -1.47912 -1.50441 -1.52591 -1.54614 -1.55904 -1.57062 -1.61576
-9999 -9999 -9999 -9999 -9999 -9999 -9999 -9999 -10.4064 -5.89991 -2.08548 0.205526 2.40518 2.91713 3.65975 3.50048 2.88286 1.63058 0.0660292 -1.66591 -4.36969 -6.37839 -3.98552 -0.530947 1.94399 2.83912 2.84278 2.79059 2.56346 2.48254 2.21686 2.03826 0.905763 -1.05186 -2.15489 -3.7719 -0.982403 -0.669486 -1.10678 0.282481 0.209463 -1.89877 -3.52109 -3.72724 -2.73999 -3.68286 -3.85441 -4.43947 -3.78152 -2.01334 -2.53461 -2.43351 -1.62745 -1.49617 -1.41575 -1.39375 -1.40028 -1.40535 -1.42065 -1.42081 -1.42166 -1.4566 -1.47525 -1.48704 -1.52253 -1.53154 -1.55792 -1.58443 -1.60267 -1.6292
-9999 -9999 -9999 -9999 -9999 -9999 -9999 -9999 -10.3155 -7.28377 -3.85117 -0.481028 1.86751 2.81583 3.50613 3.49956 2.78184 2.15952 1.17895 -0.344492 -1.38895 -3.2021 -5.69024 -1.51238 -0.226125 0.925728 1.4203 2.61816 2.59616 2.05759 1.44438 2.03768 1.86512 0.318955 -0.187751 -1.0463 0.505439 0.508955 0.464716 0.379381 -1.4014 -3.8761 -5.85525 -4.43804 -4.73914 -4.08538 -6.113 -4.45556 -3.11979 -2.68777 -3.59529 -4.27147 -2.18082 -1.83998 -1.63536 -1.50459 -1.41913 -1.44137 -1.42176 -1.43622 -1.44508 -1.45513 -1.47687 -1.49202 -1.51481 -1.53825 -1.55925 -1.58328 -1.61226 -1.65069
-9999 -9999 -9999 -9999 -9999 -9999 -9999 -9999 -9999 -9.06618 -4.71477 -0.832014 1.33041 2.69056 3.35349 3.34221 2.97546 2.55307 1.94531 0.84665 -0.533169 -2.71358 -4.33107 -3.29959 -2.03854 -1.88808 -1.04812 1.37767 2.21048 1.04503 -1.8356 -0.125187 1.7858 1.75827 1.59825 1.41808 1.18698 0.976794 0.516289 -0.716069 -4.488 -5.23411 -6.71639 -6.55225 -7.31469 -5.65627 -6.28176 -4.58303 -3.84824 -3.57212 -5.14763 -4.81082 -2.9671 -2.23636 -2.35883 -1.91054 -1.4806 -1.46783 -1.45717 -1.47032 -1.46362 -1.46322 -1.47383 -1.49952 -1.51809 -1.53308 -1.57093 -1.57843 -1.72352 -1.81921
-9999 -9999 -9999 -9999 -9999 -9999 -9999 -9999 -9999 -9.93383 -5.59379 -1.02207 0.447253 1.91337 3.17848 3.204 2.64352 2.11043 1.56137 0.936421 -0.737359 -2.35991 -3.90833 -4.42594 -4.11 -4.12303 -2.76822 0.389538 1.00524 0.750195 -2.26358 -3.2839 -0.733029 1.41081 1.58156 1.38888 -1.13003 -0.593487 -1.9536 -3.79865 -4.30824 -5.11785 -6.82602 -6.00865 -7.26097 -6.72888 -6.87194 -5.90878 -5.44035 -4.29344 -5.66684 -5.65661 -3.84672 -2.93222 -2.91031 -1.95018 -1.6085 -1.51985 -1.49868 -1.48427 -1.48234 -1.46983 -1.48165 -1.49907 -1.52128 -1.5708 -1.68384 -2.02271 -3.85632 -3.858
-9999 -9999 -9999 -9999 -9999 -9999 -9999 -9999 -9999 -9.43852 -6.42614 -2.36956 0.635496 0.825948 2.28719 3.0418 2.43243 1.74616 1.04406 0.737808 -1.08388 -3.08466 -4.70042 -6.61286 -6.29427 -4.91563 -2.65496 -0.614119 -0.245454 -0.661867 -2.27217 -1.50302 0.237046 1.16183 1.43559 1.22255 0.67427 0.356999 -0.64477 -1.08003 -2.47216 -4.64818 -5.50707 -4.96782 -7.2784 -7.12016 -6.26975 -7.17542 -5.68359 -4.97066 -6.74376 -5.33625 -3.73252 -2.91315 -2.19677 -1.85821 -1.72393 -1.51756 -1.51352 -1.4978 -1.49036 -1.4958 -1.49863 -1.53529 -1.56639 -1.76339 -2.0524 -3.7555 -4.47205 -4.33671
-9999 -9999 -9999 -9999 -9999 -9999 -9999 -9999 -9999 -8.93175 -6.21964 -2.70227 -0.559323 -0.174649 1.44564 2.88631 2.7264 2.01244 1.79566 1.05587 -0.488918 -2.19504 -4.05966 -4.96473 -7.0482 -4.99112 -3.35483 -1.62653 -0.815897 -2.13645 -2.80284 -1.61554 -0.435463 0.0367976 1.22779 1.21735 0.829954 -0.841818 -1.65768 -1.31444 -1.66637 -2.28175 -3.78033 -3.8496 -4.81342 -5.21424 -5.59289 -6.81351 -6.03685 -5.96111 -5.75436 -4.06285 -3.22913 -2.67672 -2.17427 -2.04328 -1.8255 -1.54262 -1.51912 -1.5107 -1.51404 -1.51107 -1.53459 -1.6183 -1.68948 -2.08199 -2.7745 -4.06396 -6.15657 -4.69028
-9999 -9999 -9999 -9999 -9999 -9999 -9999 -9999 -9999 -9.39927 -6.51876 -3.51257 -2.25479 -2.04005 0.891257 2.68641 2.69042 2.35244 1.95757 0.128588 0.237276 -0.127236 -1.80927 -4.25987 -6.95119 -6.69587 -5.0834 -2.79949 -2.04264 -4.23447 -5.01074 -4.43609 -2.65339 -1.05776 0.607863 1.03124 0.54298 -2.05934 -4.82523 -3.54392 -2.17513 -2.18459 -2.58878 -3.97867 -4.42171 -4.82305 -5.83789 -7.55538 -7.30204 -6.82759 -4.90996 -4.30582 -3.37111 -2.59497 -2.88982 -2.71978 -1.97717 -1.55177 -1.53733 -1.53155 -1.51954 -1.5316 -1.55954 -1.72317 -1.89643 -2.18545 -3.98551 -5.10591 -6.74087 -4.85122
-9999 -9999 -9999 -9999 -9999 -9999 -9999 -9999 -9999 -10.296 -8.20529 -5.33214 -4.17335 -2.32616 0.443888 1.80675 2.46046 2.44695 2.18403 1.36556 0.874009 -0.0955537 -1.84563 -4.23896 -6.89934 -8.63034 -7.74682 -4.67156 -3.94555 -5.96517 -6.99673 -5.70844 -3.8092 -0.997886 0.608447 0.825533 0.680212 0.143195 -1.87642 -4.31668 -4.30981 -3.08813 -4.11361 -5.30536 -4.65322 -4.77658 -5.77852 -6.50791 -6.95039 -6.67779 -5.58231 -5.13284 -4.05296 -2.45802 -2.23109 -2.27812 -1.60751 -1.57558 -1.56166 -1.53817 -1.54098 -1.5493 -1.57177 -1.70542 -2.00195 -3.20068 -4.24638 -5.70017 -5.88215 -4.20604
-9999 -9999 -9999 -9999 -9999 -9999 -9999 -9999 -9999 -11.8356 -9.37653 -6.68519 -4.16529 -1.78136 0.270387 0.429765 1.51214 1.51153 2.079 1.91751 1.15884 0.342276 -1.16559 -4.24084 -6.82632 -9.646 -8.9002 -5.76815 -5.34566 -6.70568 -9.21957 -6.62161 -3.75689 -1.16074 0.244616 -0.856988 0.271641 0.178301 -0.579007 -2.03214 -4.29116 -4.25001 -5.94367 -6.01918 -5.15226 -4.87232 -5.01921 -5.56724 -6.44149 -6.29191 -5.62619 -5.45971 -4.46768 -3.23105 -2.02202 -1.82047 -1.59136 -1.58328 -1.58136 -1.56435 -1.56385 -1.59108 -1.65508 -1.79448 -2.79944 -3.99424 -4.73113 -5.74448 -5.86938 -3.93496
