Test_Spring_2018/12_17/Temp/20171231_005.txt
ncols	170
nrows	115
xllcorner	350000.000000
yllcorner	4445000.000000
cellsize	1000.000000
nodata_value	-9999.000000
[rows 31 to 61 of 115, columns 70 to 139 of 170]
2.52529 3.29261 3.57839 3.05423 3.11325 4.40186 4.70277 4.69142 4.60491 4.49115 3.89421 3.69866 3.22905 2.3969 2.05098 0.565468 -4.2487 -2.8807 -2.34347 -3.73677 -2.95319 -1.68015 -2.78163 -6.05785 -7.46643 -9.73763 -9.00432 -9.66961 -11.4964 -9999 -9999 -9999 -9999 -9999 -9999 -9999 -9999 -9999 -9999 -9999 -9999 -9999 -9999 -9999 -9999 -9999 -9999 -9999 -9999 -9999 -9999 -9999 -9999 -9999 -9999 -9999 -9999 -9999 -9999 -9999 -9999 -9999 -9999 -9999 -9999 -9999 -9999 -9999 -9999 -9999
2.66291 3.01659 2.98946 2.48478 3.27933 4.01174 3.59888 3.32367 4.53409 4.54073 4.1399 3.18943 2.84415 2.48551 2.26738 1.04484 -2.39366 -5.49324 -3.82651 -3.7833 -4.92937 -2.86338 -3.94847 -6.78557 -10.7922 -8.60678 -9.16892 -11.9831 -12.675 -9999 -9999 -9999 -9999 -9999 -9999 -9999 -9999 -9999 -9999 -9999 -9999 -9999 -9999 -9999 -9999 -9999 -9999 -9999 -9999 -9999 -9999 -9999 -9999 -9999 -9999 -9999 -9999 -9999 -9999 -9999 -9999 -9999 -9999 -9999 -9999 -9999 -9999 -9999 -9999 -9999
1.69256 2.56724 2.30535 2.09174 3.26969 3.25142 3.19868 3.64984 4.40795 4.56225 4.40975 3.9985 3.64293 3.26398 2.29405 0.894894 -2.04722 -5.57577 -6.37306 -4.64025 -4.55335 -4.27138 -5.25985 -6.5023 -8.44831 -6.84581 -6.22022 -8.07521 -10.4973 -12.0513 -9999 -9999 -9999 -9999 -9999 -9999 -9999 -9999 -9999 -9999 -9999 -9999 -9999 -9999 -9999 -9999 -9999 -9999 -9999 -9999 -9999 -9999 -9999 -9999 -9999 -9999 -9999 -9999 -9999 -9999 -9999 -9999 -9999 -9999 -9999 -9999 -9999 -9999 -9999 -9999
0.390933 1.88858 1.4892 0.358198 1.07054 1.60721 2.62099 2.90405 3.05808 4.46258 4.39485 4.33605 3.74474 3.27261 2.48654 1.1401 -0.779031 -3.09076 -7.11899 -4.62873 -2.67783 -2.72351 -2.82578 -3.69483 -5.56419 -3.99124 -3.91249 -6.28139 -8.96432 -10.5589 -11.2159 -9999 -9999 -9999 -9999 -9999 -9999 -9999 -9999 -9999 -9999 -9999 -9999 -9999 -9999 -9999 -9999 -9999 -9999 -9999 -9999 -9999 -9999 -9999 -9999 -9999 -9999 -9999 -9999 -9999 -9999 -9999 -9999 -9999 -9999 -9999 -9999 -9999 -9999 -9999
-9999 0.945492 0.561247 -0.821368 -0.104548 0.850219 2.20829 2.92881 3.47446 3.89923 4.33197 4.28761 3.68229 1.8831 1.63022 1.55662 0.302827 -2.33327 -4.966 -5.64511 -2.67112 -1.8169 -1.98577 -1.318 -2.9008 -2.14554 -2.44801 -3.28271 -5.87084 -8.23419 -9.216 -11.1607 -9999 -9999 -9999 -9999 -9999 -9999 -9999 -9999 -9999 -9999 -9999 -9999 -9999 -9999 -9999 -9999 -9999 -9999 -9999 -9999 -9999 -9999 -9999 -9999 -9999 -9999 -9999 -9999 -9999 -9999 -9999 -9999 -9999 -9999 -9999 -9999 -9999 -9999
-9999 -9999 -9999 -9999 -1.69054 -0.379996 0.704074 2.03242 3.17941 3.75235 4.3087 4.27057 3.05509 2.46297 2.41553 1.59563 0.147462 -0.760101 -2.41635 -4.14212 -3.4775 -0.940667 -2.06296 -0.264032 -0.41109 -0.0763622 -1.27069 -3.52018 -6.54236 -8.29335 -9.17118 -10.7462 -9999 -9999 -9999 -9999 -9999 -9999 -9999 -9999 -9999 -9999 -9999 -9999 -9999 -9999 -9999 -9999 -9999 -9999 -9999 -9999 -9999 -9999 -9999 -9999 -9999 -9999 -9999 -9999 -9999 -9999 -9999 -9999 -9999 -9999 -9999 -9999 -9999 -9999
-9999 -9999 -9999 -9999 -9999 -0.618455 0.211181 1.96865 2.90275 3.27738 4.17095 4.17925 3.72242 3.37837 2.87625 2.21852 1.131 -0.0694718 -1.62714 -1.76793 -0.143951 -0.119905 -0.454082 -0.183499 0.653732 0.439388 -1.40632 -4.59195 -6.27983 -9.69349 -11.1628 -11.0075 -12.0483 -9999 -9999 -9999 -9999 -9999 -9999 -9999 -9999 -9999 -9999 -9999 -9999 -8.01674 -9999 -9999 -9999 -9999 -9999 -9999 -9999 -9999 -9999 -9999 -9999 -9999 -9999 -9999 -9999 -9999 -9999 -9999 -9999 -9999 -14.2731 -9999 -9999 -9999
-9999 -9999 -9999 -9999 -0.798159 0.318993 1.17841 2.28384 2.41025 3.08113 4.10789 4.12932 3.80711 3.44157 2.61264 2.41021 1.79265 0.488711 0.224688 0.758169 1.00598 1.28665 1.46137 1.32783 0.995723 0.565354 -0.609665 -2.08999 -3.08155 -6.21268 -7.78253 -9.29909 -11.5972 -13.3944 -9999 -9999 -9999 -9999 -9999 -9999 -9999 -9.22748 -9.31101 -9.26811 -8.76109 -7.36495 -8.18205 -9999 -9999 -9999 -9999 -9999 -9999 -9999 -9999 -9999 -9999 -9999 -9999 -9999 -9999 -9999 -9999 -9999 -9999 -9999 -13.0168 -14.8301 -9999 -9999
-9999 -9999 -9999 -9999 -0.489542 0.669431 1.25332 2.32813 2.94705 3.37552 3.73665 4.08127 4.03056 3.62546 3.00578 3.01371 2.15706 1.69652 1.36854 2.08863 2.23387 1.95022 1.59389 1.27978 0.383008 0.284374 0.0121372 -0.924748 -2.46681 -4.05617 -6.33404 -9.45456 -12.5152 -14.9835 -9999 -9999 -9999 -9999 -9999 -9999 -8.96984 -7.80988 -7.11419 -8.58733 -7.32518 -6.17134 -6.35329 -7.46351 -9999 -9999 -9999 -9999 -9999 -9999 -9999 -9999 -9999 -9999 -9999 -9999 -9999 -9999 -4.42411 -6.28263 -10.0372 -11.9617 -13.1164 -14.7652 -9999 -9999
-9999 -9999 -9999 -9999 -0.721957 0.646164 1.57671 2.40386 2.54511 3.40229 3.78402 3.97263 3.95744 3.8813 3.77065 3.0236 2.70385 1.57202 2.6605 2.62238 2.35098 1.2671 0.800001 -1.06252 -1.87872 -2.04184 -0.464377 -1.61803 -4.03446 -7.05716 -10.6768 -10.9035 -12.1032 -14.3086 -9999 -9999 -9999 -9999 -9999 -9999 -8.61114 -7.37079 -6.33518 -6.18281 -7.64713 -5.59848 -5.67058 -6.81401 -7.07227 -6.13196 -5.65467 -5.99981 -4.87613 -4.54765 -5.05336 -4.49857 -9999 -9999 -9999 -9999 -4.1691 -4.09387 -4.037 -4.81127 -8.91299 -11.7144 -14.2302 -14.4633 -9999 -9999
-9999 -9999 -9999 -9999 0.213006 1.06071 1.49564 1.57639 2.32057 3.07282 3.53999 3.87421 3.81433 3.79274 3.7685 3.51509 2.92125 3.031 2.98499 2.63927 0.571463 -1.84201 -0.784509 -2.21105 -5.26827 -2.76008 -1.38152 -2.68902 -5.61804 -9.01578 -10.1097 -10.053 -11.7229 -13.8761 -9999 -9999 -9999 -12.004 -10.2285 -10.0724 -9.54796 -7.89457 -6.63647 -5.6848 -5.03807 -5.05134 -5.73014 -6.84859 -8.0645 -7.62907 -5.43758 -4.90233 -4.44244 -4.10214 -4.57174 -4.33097 -3.74534 -3.44273 -3.38141 -3.51927 -3.55087 -3.50314 -3.57315 -4.29594 -7.96004 -10.0598 -11.3996 -14.0972 -9999 -9999
-9999 -9999 -9999 -9999 -0.317774 0.421514 1.02294 2.01476 2.13045 2.76033 3.14589 3.70573 3.77371 3.14062 3.6722 3.60712 3.51083 3.30346 2.99859 1.25263 -1.15412 -3.56617 -4.67725 -4.19066 -6.03208 -5.07106 -3.67411 -4.16709 -5.96084 -8.98661 -9.40633 -10.0934 -12.9015 -15.6089 -9999 -9999 -15.4444 -12.0394 -9.64161 -8.40425 -8.02015 -7.98226 -6.3978 -6.27231 -4.56639 -4.95963 -7.21238 -6.95726 -7.82865 -7.25886 -6.45908 -6.23735 -5.07515 -3.96138 -3.75115 -3.74606 -3.37315 -3.29651 -3.27684 -3.28664 -3.53953 -3.42402 -3.40643 -3.85718 -6.51582 -7.81243 -9.24112 -14.0671 -9999 -9999
-9999 -9999 -9999 -9999 0.0509771 0.876481 1.7794 1.93679 2.60872 2.55656 2.38811 3.31599 3.66397 3.21851 2.89796 3.49844 3.45886 3.38082 3.25127 1.61018 -0.28867 -3.16355 -4.94787 -6.03085 -6.80102 -7.82539 -7.10399 -7.31376 -7.59754 -7.25235 -8.07173 -9.71797 -11.3611 -14.44 -16.1054 -9999 -15.2586 -13.721 -10.8699 -8.44704 -6.90885 -7.4609 -5.65965 -5.32481 -4.28152 -4.8898 -6.25702 -6.84807 -6.89889 -7.07692 -5.86239 -5.04122 -4.45893 -4.07358 -3.59246 -3.47042 -3.34793 -3.29683 -3.2691 -3.24108 -3.24748 -3.25727 -3.31132 -3.48096 -4.7036 -5.99785 -8.79439 -13.908 -9999 -9999
-9999 -9999 -9999 -2.34184 -0.045423 1.33099 1.87273 2.26757 2.61684 2.87276 3.14657 3.39784 3.56994 3.50853 2.31887 2.41864 2.63446 3.31256 3.26486 3.11727 2.07954 -1.41948 -2.62196 -4.38427 -6.66781 -7.61283 -7.12583 -5.23943 -5.31367 -6.54709 -7.92289 -9.82049 -11.0267 -12.9139 -16.5415 -16.2115 -14.5724 -13.3528 -11.4149 -8.45385 -6.37819 -5.45186 -5.10175 -4.36916 -3.98879 -4.82716 -5.62155 -5.95472 -6.57277 -6.65823 -6.65138 -5.91649 -5.33843 -4.06187 -3.63338 -3.43653 -3.3365 -3.28271 -3.24367 -3.20535 -3.19221 -3.21689 -3.21592 -3.22627 -3.31647 -5.03941 -9.35325 -12.603 -9999 -9999
-9999 -9999 -9999 -9999 -0.468552 0.145503 0.317348 0.606674 1.18299 1.84448 2.78133 2.90986 3.42414 3.43043 2.40808 1.22259 2.25816 2.66946 3.09563 3.10886 2.97615 0.0385198 -1.49661 -2.70304 -4.89217 -4.08788 -3.3263 -3.25936 -3.70314 -6.35813 -9.00241 -12.0455 -14.8971 -15.0272 -16.5574 -15.7386 -14.6551 -11.8778 -9.92357 -9.13108 -8.56211 -5.55271 -4.76816 -4.50136 -3.73073 -4.78075 -5.04548 -5.83352 -5.59693 -5.66378 -5.65675 -7.84125 -5.64026 -5.50867 -4.07752 -3.4313 -3.28464 -3.24466 -3.20223 -3.19545 -3.18729 -3.19409 -3.17996 -3.20198 -3.22859 -4.34921 -9.81563 -12.5632 -9999 -9999
-9999 -9999 -9999 -9999 -9999 -9999 -0.249025 0.223643 0.531803 1.05332 2.62632 3.05572 3.34285 3.37361 2.92022 1.74899 1.44027 1.65587 0.50867 1.46882 2.78417 2.75416 2.59897 0.0177113 -1.2947 -0.00487331 -0.384834 -2.31915 -3.83883 -5.33835 -8.43538 -10.6927 -13.9615 -16.4152 -16.5021 -13.7819 -11.5217 -8.71146 -7.47144 -8.17678 -7.41284 -5.91861 -4.22109 -3.40028 -3.59377 -4.70087 -4.85478 -6.07081 -4.87218 -4.76732 -5.3211 -5.79916 -5.60065 -4.89144 -4.61976 -3.49983 -3.22772 -3.17797 -3.16916 -3.1645 -3.16942 -3.1761 -3.19147 -3.20422 -3.22097 -3.27254 -8.8917 -13.266 -9999 -9999
-9999 -9999 -9999 -9999 -9999 -9999 -1.32823 -1.03383 -0.286443 1.60773 2.61021 3.01874 3.0145 3.20553 2.88737 1.85603 0.795824 -0.205635 -1.49702 -0.757643 1.19807 2.35283 2.48784 0.225806 1.41663 0.983571 0.122428 -2.41021 -4.27343 -5.25586 -8.22835 -10.7649 -12.9366 -15.9394 -14.6458 -13.2231 -11.3985 -8.33173 -6.26348 -5.41421 -6.12751 -5.17245 -3.21921 -3.20863 -4.27716 -4.20718 -4.85704 -6.51944 -4.78499 -4.29498 -4.68505 -4.58002 -4.71958 -4.45407 -3.97244 -3.51187 -3.20537 -3.16317 -3.15774 -3.16775 -3.16852 -3.16846 -3.19103 -3.19049 -3.20743 -3.23722 -6.86471 -13.3492 -9999 -9999
-9999 -9999 -9999 -9999 -9999 -9999 -9999 -2.29396 -0.608462 1.90118 2.53865 2.49329 3.01769 3.06941 2.57829 2.15067 0.863033 -0.898047 -4.28128 -3.41866 -1.61835 0.978158 2.34537 2.16687 1.41921 0.110571 -3.06741 -5.84664 -6.17437 -6.61975 -8.78589 -10.735 -13.1502 -11.7384 -10.1938 -8.50594 -7.61831 -7.84604 -6.07362 -4.62922 -5.24306 -4.07146 -2.70454 -3.32513 -3.69195 -3.99931 -4.75061 -4.79434 -4.71352 -3.72706 -4.40462 -3.98296 -3.96532 -3.98631 -3.75074 -3.48019 -3.19646 -3.14919 -3.1481 -3.14348 -3.17675 -3.16603 -3.18328 -3.20044 -3.21628 -3.24215 -3.57145 -7.06606 -9.15346 -9999
-9999 -9999 -9999 -9999 -9999 -9999 -9999 -3.83463 -2.9865 -0.0172621 0.913204 2.22968 2.932 2.97119 2.13851 1.6752 -0.244035 -0.866777 -3.9966 -5.41177 -4.20755 -4.66509 -1.08947 2.07648 1.3994 -4.97163 -7.27266 -8.91035 -8.476 -8.46069 -9.05549 -12.3866 -13.3013 -10.2942 -8.39918 -6.9309 -5.8174 -5.58423 -5.62178 -3.36271 -3.06235 -2.329 -2.48934 -2.42184 -3.5627 -4.26823 -3.65079 -4.36031 -4.4795 -3.46049 -4.45812 -3.54938 -3.64894 -3.91788 -3.92947 -3.33089 -3.20839 -3.14362 -3.13955 -3.16291 -3.19366 -3.21134 -3.19305 -3.20321 -3.23746 -3.23692 -3.27041 -3.68955 -5.49707 -6.12896
-9999 -9999 -9999 -9999 -9999 -9999 -9999 -9999 -5.74272 -1.62238 0.271396 1.26781 2.66469 2.83922 2.40086 1.59578 -0.359484 -2.07965 -4.87721 -8.07224 -9.75986 -4.69136 -0.278333 2.02831 1.73677 -3.56525 -5.65161 -5.73852 -4.49331 -5.5238 -6.30267 -8.82952 -9.58159 -10.6313 -9.9733 -7.9278 -6.25924 -4.65019 -3.48112 -3.38623 -2.62941 -2.19234 -2.1574 -2.02155 -2.15583 -2.26491 -3.36487 -2.60263 -3.2455 -2.90015 -3.11731 -3.31273 -3.47643 -4.10337 -3.65568 -3.25925 -3.15586 -3.12466 -3.14791 -3.1536 -3.17111 -3.20945 -3.2261 -3.22988 -3.23484 -3.25619 -3.25753 -3.28094 -3.48422 -4.57168
-9999 -9999 -9999 -9999 -9999 -9999 -9999 -9999 -7.79529 -3.69574 -1.7093 0.835614 2.15155 2.6882 2.62282 1.97119 0.486216 -1.75069 -3.61439 -7.18078 -10.8835 -5.56205 -0.81767 1.74376 1.88605 -2.56426 -1.31776 -2.30777 -1.89386 -3.71382 -4.46359 -5.04601 -6.35198 -7.78186 -9.34669 -10.175 -6.43123 -4.50861 -2.9623 -2.23391 -1.82322 -1.6194 -1.72759 -2.00742 -3.66869 -2.40207 -2.46898 -2.59353 -2.73598 -2.80329 -2.9313 -3.08237 -3.16596 -3.19561 -3.61121 -3.1356 -3.14659 -3.13916 -3.13655 -3.14924 -3.17376 -3.19588 -3.22327 -3.22322 -3.23953 -3.25707 -3.2694 -3.27901 -3.29327 -3.35352
-9999 -9999 -9999 -9999 -9999 -9999 -9999 -9999 -13.5389 -7.58164 -2.78251 -0.27798 1.76212 2.32602 2.53893 1.66389 1.00921 -0.593552 -2.11161 -4.45416 -7.96313 -10.1224 -6.13429 -0.342939 1.80209 1.64785 1.52313 0.376383 -0.655633 -0.777072 -0.688625 -1.88256 -3.63938 -5.94147 -6.65787 -7.46266 -4.67346 -4.29366 -4.49653 -1.43368 -1.42788 -1.60372 -2.77768 -4.08537 -3.83713 -4.64574 -4.02309 -4.99007 -4.09795 -3.32605 -3.03585 -3.0566 -3.15112 -3.16207 -3.20587 -3.1243 -3.12426 -3.13663 -3.14651 -3.15233 -3.16478 -3.20191 -3.22404 -3.21333 -3.23725 -3.2571 -3.27401 -3.2801 -3.28762 -3.3324
-9999 -9999 -9999 -9999 -9999 -9999 -9999 -9999 -13.282 -8.26281 -4.01166 -1.45689 0.995878 1.56905 2.39888 2.22409 1.53857 0.145957 -1.5947 -3.52205 -6.5319 -8.76788 -6.10236 -2.25059 0.50632 1.50475 1.50817 1.45067 1.19831 1.10123 0.806343 0.608308 -0.65165 -2.82832 -4.05543 -5.8548 -2.74688 -2.39672 -2.88177 -1.33248 -1.4113 -3.75623 -5.55973 -5.78586 -4.68041 -5.72626 -5.90989 -6.55567 -5.81846 -3.84502 -4.41938 -4.3029 -3.40127 -3.25185 -3.15891 -3.13187 -3.13683 -3.1403 -3.15521 -3.1532 -3.15182 -3.18819 -3.20614 -3.21611 -3.25214 -3.25735 -3.28243 -3.30358 -3.31781 -3.34217
-9999 -9999 -9999 -9999 -9999 -9999 -9999 -9999 -13.1862 -9.8013 -5.97542 -2.21884 0.399689 1.45878 2.23034 2.2256 1.42865 0.737612 -0.352674 -2.04776 -3.20967 -5.22778 -7.99767 -3.34431 -1.90656 -0.62202 -0.0785598 1.25618 1.23256 0.633806 -0.0491927 0.612764 0.42445 -1.29604 -1.8589 -2.81349 -1.08382 -1.07811 -1.12537 -1.21814 -3.19872 -5.95177 -8.15268 -6.57111 -6.90283 -6.16814 -8.41878 -6.56683 -5.07483 -4.58941 -5.5951 -6.34433 -4.01221 -3.62881 -3.3981 -3.24987 -3.15229 -3.17476 -3.15066 -3.16446 -3.1719 -3.18047 -3.20183 -3.21557 -3.23753 -3.25992 -3.27802 -3.29649 -3.3239 -3.3611
-9999 -9999 -9999 -9999 -9999 -9999 -9999 -9999 -9999 -11.7927 -6.94243 -2.61494 -0.203274 1.31483 2.05627 2.04657 1.64063 1.17233 0.497187 -0.724994 -2.26058 -4.68792 -6.48852 -5.33925 -3.92945 -3.75969 -2.82338 -0.120975 0.807557 -0.489107 -3.69598 -1.78694 0.342565 0.313362 0.136682 -0.0623433 -0.318686 -0.550831 -1.06156 -2.43161 -6.62952 -7.45675 -9.1043 -8.91813 -9.76357 -7.90952 -8.59862 -6.70261 -5.8801 -5.56848 -7.31902 -6.93974 -4.88219 -4.06524 -4.19869 -3.69674 -3.21509 -3.19847 -3.18422 -3.19646 -3.18647 -3.18336 -3.1923 -3.21795 -3.23524 -3.24829 -3.28503 -3.28489 -3.44178 -3.54358
-9999 -9999 -9999 -9999 -9999 -9999 -9999 -9999 -9999 -12.756 -7.91954 -2.82499 -1.18534 0.450617 1.86252 1.89373 1.27205 0.680522 0.0708755 -0.623589 -2.48629 -4.29212 -6.01549 -6.59099 -6.23819 -6.24487 -4.73498 -1.21722 -0.530229 -0.812846 -4.16459 -5.29924 -2.45694 -0.0678787 0.123979 -0.0888005 -2.89199 -2.29245 -3.80488 -5.85714 -6.42201 -7.32074 -9.21989 -8.30636 -9.69746 -9.10125 -9.2494 -8.17274 -7.64706 -6.36591 -7.89153 -7.876 -5.85613 -4.83457 -4.80721 -3.73523 -3.3521 -3.25084 -3.22476 -3.20618 -3.20142 -3.18475 -3.19502 -3.21131 -3.23275 -3.28439 -3.40656 -3.77826 -5.81138 -5.8088
-9999 -9999 -9999 -9999 -9999 -9999 -9999 -9999 -9999 -12.2028 -8.84491 -4.3242 -0.974498 -0.759278 0.870932 1.71401 1.03789 0.275834 -0.5041 -0.843468 -2.87063 -5.09737 -6.89543 -9.0239 -8.66784 -7.13122 -4.60505 -2.33086 -1.91875 -2.38085 -4.1692 -3.31085 -1.37126 -0.339546 -0.032781 -0.268052 -0.876573 -1.22772 -2.341 -2.82324 -4.37087 -6.79125 -7.74467 -7.14093 -9.71061 -9.53084 -8.58016 -9.57704 -7.91186 -7.11415 -9.08501 -7.51247 -5.72321 -4.80759 -4.00685 -3.627 -3.47477 -3.24233 -3.23525 -3.21514 -3.20419 -3.20748 -3.20774 -3.24554 -3.27697 -3.49299 -3.81132 -5.70424 -6.4916 -6.33674
-9999 -9999 -9999 -9999 -9999 -9999 -9999 -9999 -9999 -11.637 -8.61362 -4.69352 -2.30401 -1.87263 -0.0653956 1.54164 1.36604 0.57324 0.333891 -0.48806 -2.20663 -4.10495 -6.17983 -7.18616 -9.50473 -7.21229 -5.38074 -3.45436 -2.54983 -4.01523 -4.75531 -3.43108 -2.11488 -1.5869 -0.258503 -0.267988 -0.697187 -2.55659 -3.46273 -3.07796 -3.46717 -4.1496 -5.81542 -5.88938 -6.95937 -7.40227 -7.82038 -9.16774 -8.29914 -8.21113 -7.97623 -6.0885 -5.15675 -4.53843 -3.9759 -3.82716 -3.58188 -3.26418 -3.23536 -3.22333 -3.22436 -3.21829 -3.24162 -3.33187 -3.40805 -3.84195 -4.60981 -6.04231 -8.36206 -6.72534
-9999 -9999 -9999 -9999 -9999 -9999 -9999 -9999 -9999 -12.1563 -8.94554 -5.59482 -4.19116 -3.94913 -0.682011 1.31974 1.32671 0.95268 0.515151 -1.51955 -1.39654 -1.80055 -3.6718 -6.39892 -9.39408 -9.10778 -7.30768 -4.75675 -3.91187 -6.34709 -7.20929 -6.56709 -4.57958 -2.80041 -0.943269 -0.469478 -1.01086 -3.9064 -6.98402 -5.55452 -4.02749 -4.03516 -4.48225 -6.0269 -6.51701 -6.96055 -8.0872 -9.99247 -9.70192 -9.16999 -7.02923 -6.35305 -5.30886 -4.4414 -4.76672 -4.57446 -3.74467 -3.2682 -3.24943 -3.24031 -3.22423 -3.23492 -3.26323 -3.44257 -3.63254 -3.95134 -5.95276 -7.19722 -9.00979 -6.89945
-9999 -9999 -9999 -9999 -9999 -9999 -9999 -9999 -9999 -13.1537 -10.8226 -7.62013 -6.32683 -4.26699 -1.17951 0.340808 1.07132 1.0587 0.768246 -0.140951 -0.686126 -1.76365 -3.71036 -6.37339 -9.33377 -11.2591 -10.2729 -6.83776 -6.02312 -8.26997 -9.41622 -7.97907 -5.86158 -2.72841 -0.937119 -0.692899 -0.852233 -1.44772 -3.69418 -6.409 -6.39856 -5.03519 -6.17417 -7.49819 -6.76871 -6.90275 -8.01508 -8.82384 -9.30416 -8.99593 -7.77185 -7.26793 -6.06207 -4.28276 -4.02699 -4.07643 -3.32678 -3.28845 -3.27021 -3.24136 -3.24181 -3.24837 -3.27065 -3.4167 -3.74408 -5.0761 -6.23763 -7.85356 -8.05314 -6.17589
-9999 -9999 -9999 -9999 -9999 -9999 -9999 -9999 -9999 -14.8672 -12.1259 -9.12599 -6.31704 -3.65955 -1.37205 -1.19197 0.0159232 0.0177558 0.652162 0.474781 -0.367628 -1.27449 -2.95118 -6.37328 -9.24992 -12.3873 -11.5541 -8.06088 -7.5785 -9.09025 -11.887 -8.99113 -5.79826 -2.9045 -1.33685 -2.56099 -1.30151 -1.4028 -2.24346 -3.85894 -6.37178 -6.32304 -8.2061 -8.28706 -7.31842 -7.00335 -7.1635 -7.7703 -8.73652 -8.56009 -7.81455 -7.62576 -6.51771 -5.13739 -3.7879 -3.56046 -3.30243 -3.29063 -3.28575 -3.26413 -3.26091 -3.28858 -3.3572 -3.50977 -4.6262 -5.95399 -6.77181 -7.89746 -8.03368 -5.87157
