Test_Spring_2018/12_17/Temp/20171209_023.txt
ncols	170
nrows	115
xllcorner	350000.000000
yllcorner	4445000.000000
cellsize	1000.000000
nodata_value	-9999.000000
[rows 32 to 63 of 115, columns 72 to 143 of 170]
8.06293 7.71959 8.27373 8.78464 8.48949 8.3009 9.13494 9.14429 8.87229 8.22072 7.9877 7.74582 7.60141 6.76329 4.39422 2.25969 3.41919 3.457 2.67315 4.10909 3.36754 1.41528 -1.34521 0.173167 -0.207234 -2.15396 -2.61977 -9999 -9999 -9999 -9999 -9999 -9999 -9999 -9999 -9999 -9999 -9999 -9999 -9999 -9999 -9999 -9999 -9999 -9999 -9999 -9999 -9999 -9999 -9999 -9999 -9999 -9999 -9999 -9999 -9999 -9999 -9999 -9999 -9999 -9999 -9999 -9999 -9999 -9999 -9999 -9999 -9999 -9999 -9999 -9999 -9999
7.60413 7.46189 8.281 8.27322 8.23363 8.54014 9.06201 9.1736 9.07341 8.79469 8.55477 8.29902 7.63523 6.67515 4.64913 2.21815 1.67483 2.88011 2.94814 3.15107 2.47612 1.62566 0.288983 1.40444 1.84475 0.570313 -1.10096 -2.17195 -9999 -9999 -9999 -9999 -9999 -9999 -9999 -9999 -9999 -9999 -9999 -9999 -9999 -9999 -9999 -9999 -9999 -9999 -9999 -9999 -9999 -9999 -9999 -9999 -9999 -9999 -9999 -9999 -9999 -9999 -9999 -9999 -9999 -9999 -9999 -9999 -9999 -9999 -9999 -9999 -9999 -9999 -9999 -9999
7.05436 6.27808 6.77537 7.15106 7.84496 8.03207 8.14338 9.11902 9.07754 9.04252 8.63984 8.31984 7.78322 6.85966 5.54063 3.95053 1.17444 2.90308 4.25911 4.23549 4.17279 3.58023 2.2964 3.39134 3.4537 1.82696 -0.033518 -1.12645 -1.5715 -9999 -9999 -9999 -9999 -9999 -9999 -9999 -9999 -9999 -9999 -9999 -9999 -9999 -9999 -9999 -9999 -9999 -9999 -9999 -9999 -9999 -9999 -9999 -9999 -9999 -9999 -9999 -9999 -9999 -9999 -9999 -9999 -9999 -9999 -9999 -9999 -9999 -9999 -9999 -9999 -9999 -9999 -9999
6.4276 5.47728 5.97751 6.642 7.58074 8.07042 8.44522 8.74382 9.04823 9.02327 8.611 7.37405 7.206 7.16212 6.30293 4.48871 2.67698 2.21541 4.27837 4.87652 4.7677 5.23704 4.15113 4.68092 4.47976 3.91386 2.1279 0.494085 -0.175333 -1.51003 -9999 -9999 -9999 -9999 -9999 -9999 -9999 -9999 -9999 -9999 -9999 -9999 -9999 -9999 -9999 -9999 -9999 -9999 -9999 -9999 -9999 -9999 -9999 -9999 -9999 -9999 -9999 -9999 -9999 -9999 -9999 -9999 -9999 -9999 -9999 -9999 -9999 -9999 -9999 -9999 -9999 -9999
-9999 -9999 4.89576 5.80136 6.54976 7.46493 8.25527 8.65618 9.04598 9.02533 8.19147 7.78874 7.76274 7.20323 6.2098 5.59014 4.45323 3.26837 3.73543 5.49629 4.72854 5.97947 5.88563 6.12473 5.30719 3.75862 1.6777 0.46714 -0.130402 -1.20962 -9999 -9999 -9999 -9999 -9999 -9999 -9999 -9999 -9999 -9999 -9999 -9999 -9999 -9999 -9999 -9999 -9999 -9999 -9999 -9999 -9999 -9999 -9999 -9999 -9999 -9999 -9999 -9999 -9999 -9999 -9999 -9999 -9999 -9999 -9999 -9999 -9999 -9999 -9999 -9999 -9999 -9999
-9999 -9999 -9999 5.65038 6.22302 7.44161 8.07782 8.34152 8.96424 8.97563 8.66604 8.43479 8.09467 7.64733 6.90323 6.08125 5.01254 4.92302 6.05304 6.07744 5.85426 6.04897 6.63525 6.49483 5.2296 3.03176 1.87361 -0.486669 -1.49294 -1.37642 -2.08627 -9999 -9999 -9999 -9999 -9999 -9999 -9999 -9999 -9999 -9999 -9999 -9999 0.830252 -9999 -9999 -9999 -9999 -9999 -9999 -9999 -9999 -9999 -9999 -9999 -9999 -9999 -9999 -9999 -9999 -9999 -9999 -9999 -9999 -3.23867 -9999 -9999 -9999 -9999 -9999 -9999 -9999
-9999 -9999 5.54092 6.30769 6.90512 7.6727 7.75734 8.21911 8.9337 8.95407 8.73748 8.49141 7.92554 7.79294 7.37372 6.48037 6.30574 6.68225 6.86133 7.06308 7.19156 7.10696 6.8851 6.59533 5.78916 4.77423 4.09718 1.94083 0.856481 -0.182311 -1.76102 -2.99351 -9999 -9999 -9999 -9999 -9999 -9999 -9999 -0.0351047 -0.0825785 -0.0425141 0.318482 1.29412 0.740557 -9999 -9999 -9999 -9999 -9999 -9999 -9999 -9999 -9999 -9999 -9999 -9999 -9999 -9999 -9999 -9999 -9999 -9999 -9999 -2.35688 -3.59774 -9999 -9999 -9999 -9999 -9999 -9999
-9999 -9999 5.76005 6.56391 6.9704 7.71631 8.14748 8.43538 8.68975 8.93331 8.90427 8.63089 8.20969 8.22259 7.63831 7.32794 7.10925 7.61485 7.72315 7.53497 7.29648 7.08708 6.47496 6.41436 6.23218 5.59268 4.53511 3.445 1.87069 -0.276529 -2.38218 -4.07836 -9999 -9999 -9999 -9999 -9999 -9999 0.146021 0.957678 1.44864 0.44104 1.32387 2.13212 2.01755 1.27068 -9999 -9999 -9999 -9999 -9999 -9999 -9999 -9999 -9999 -9999 -9999 -9999 -9999 -9999 3.54882 2.27552 -0.307809 -1.62619 -2.41226 -3.53939 -9999 -9999 -9999 -9999 -9999 -9999
-9999 -9999 5.61401 6.56175 7.20716 7.78132 7.88186 8.472 8.73461 8.87017 8.86559 8.81954 8.75019 8.2415 8.02842 7.25435 8.0147 7.9965 7.81701 7.07593 6.76093 5.4815 4.92502 4.81813 5.91595 5.12653 3.4646 1.38387 -1.1168 -1.26491 -2.08456 -3.59912 -9999 -9999 -9999 -9999 -9999 -9999 0.406691 1.27387 1.99971 2.1154 1.11416 2.54083 2.51037 1.73226 1.56607 2.22833 2.57075 2.3447 3.13577 3.37527 3.03808 3.4335 -9999 -9999 -9999 -9999 3.71712 3.77978 3.82978 3.30558 0.482228 -1.44221 -3.16886 -3.31152 -9999 -9999 -9999 -9999 -9999 -9999
-9999 -9999 6.27457 6.86197 7.16418 7.22188 7.73846 8.25585 8.57763 8.8177 8.782 8.77347 8.76375 8.59621 8.19385 8.27801 8.2547 8.02434 6.6039 4.94447 5.68347 4.70061 2.59223 4.33471 5.29496 4.39909 2.3828 0.0427683 -0.71219 -0.664505 -1.80922 -3.28296 -9999 -9999 -9999 -1.95127 -0.71457 -0.596812 -0.224355 0.928438 1.80828 2.47192 2.92956 2.93349 2.48143 1.72081 0.89309 1.20673 2.73402 3.11682 3.44906 3.69691 3.38483 3.56829 3.98438 4.2046 4.25783 4.17324 4.16198 4.20556 4.16789 3.67935 1.15359 -0.286054 -1.2 -3.03724 -9999 -9999 -9999 -9999 -9999 -9999
-9999 -9999 5.92411 6.43625 6.85312 7.54014 7.62202 8.05977 8.32497 8.71211 8.76456 8.33335 8.70773 8.67043 8.61207 8.47731 8.27539 7.07767 5.42326 3.76504 3.00564 3.34766 2.08293 2.75605 3.72909 3.39009 2.16327 0.0801664 -0.20196 -0.674351 -2.60668 -4.46848 -9999 -9999 -4.32682 -1.96422 -0.297537 0.567415 0.842907 0.879372 1.98484 2.08236 3.27234 3.014 1.47391 1.66272 1.06852 1.4753 2.04799 2.21409 3.03028 3.81329 3.9706 3.98579 4.25481 4.31874 4.34303 4.34675 4.18239 4.27264 4.29538 3.99475 2.16875 1.28442 0.314298 -3 -9999 -9999 -9999 -9999 -9999 -9999
-9999 -9999 6.19459 6.76606 7.391 7.5009 7.96667 7.9295 7.81162 8.4567 8.69897 8.3973 8.1828 8.60551 8.58652 8.54138 8.46089 7.33594 6.03281 4.05501 2.83058 2.08844 1.56405 0.869013 1.37549 1.23828 1.04976 1.29577 0.731963 -0.403036 -1.5298 -3.64914 -4.79099 -9999 -4.18727 -3.11522 -1.13529 0.54888 1.62194 1.2508 2.50619 2.74854 3.48244 3.07389 2.14573 1.75661 1.7346 1.62461 2.4768 3.05363 3.46928 3.74813 4.09332 4.18927 4.28512 4.33126 4.36092 4.39059 4.39637 4.39987 4.37299 4.26656 3.4329 2.55443 0.634552 -2.87863 -9999 -9999 -9999 -9999 -9999 -9999
-9999 4.55785 6.1415 7.09306 7.46778 7.74113 7.9833 8.16143 8.34898 8.52302 8.64648 8.6076 7.79247 7.86925 8.0269 8.50452 8.48087 8.38831 7.68056 5.27173 4.44805 3.24158 1.672 1.02806 1.37255 2.68381 2.63994 1.79484 0.851229 -0.457537 -1.28733 -2.58282 -5.08119 -4.8441 -3.70219 -2.85003 -1.50122 0.554874 1.9994 2.64999 2.90271 3.42134 3.69589 3.13457 2.60252 2.38574 1.97206 1.9263 1.94413 2.4648 2.87728 3.76916 4.07738 4.22536 4.30554 4.35336 4.39064 4.42723 4.44634 4.4394 4.45045 4.45406 4.4062 3.22786 0.264584 -1.96067 -9999 -9999 -9999 -9999 -9999 -9999
-9999 -9999 5.86225 6.28648 6.40505 6.60494 7.00345 7.4613 8.10672 8.19828 8.55746 8.56504 7.86392 7.05256 7.77682 8.07028 8.37436 8.39323 8.31118 6.29132 5.23989 4.41523 2.91107 3.476 4.01027 4.06414 3.76476 1.93708 0.116627 -1.98377 -3.94682 -4.02901 -5.08093 -4.50655 -3.74872 -1.82019 -0.460136 0.097379 0.500773 2.59097 3.1449 3.34495 3.89034 3.17787 3.01201 2.48124 2.65845 2.62577 2.64388 1.14722 2.68125 2.78422 3.78475 4.24107 4.35354 4.39162 4.43105 4.44565 4.46116 4.46647 4.48655 4.48429 4.48116 3.71997 -0.043799 -1.922 -9999 -9999 -9999 -9999 -9999 -9999
-9999 -9999 -9999 -9999 6.02561 6.35178 6.56456 6.92524 8.01001 8.30912 8.51101 8.53694 8.22956 7.42632 7.22171 7.38008 6.59711 7.27124 8.18994 8.17919 8.08164 6.30715 5.40973 6.30955 6.055 4.72588 3.68289 2.65351 0.519931 -1.03748 -3.28913 -4.97737 -5.02983 -3.14215 -1.5728 0.378411 1.24485 0.767309 1.3055 2.35119 3.53649 4.11648 3.99595 3.24439 3.1553 2.32906 3.17131 3.25747 2.88815 2.57075 2.72095 3.22298 3.4221 4.20689 4.40531 4.44934 4.46535 4.47833 4.48468 4.49001 4.49255 4.49582 4.49705 4.4749 0.605886 -2.39637 -9999 -9999 -9999 -9999 -9999 -9999
-9999 -9999 -9999 -9999 5.29166 5.49441 6.01045 7.31943 8.00976 8.29418 8.29448 8.43097 8.21689 7.51129 6.78678 6.1042 5.2218 5.74304 7.1049 7.91313 8.01637 6.4627 7.29527 7.00463 6.41762 4.67502 3.39456 2.72237 0.674659 -1.07582 -2.56956 -4.63755 -3.73629 -2.74546 -1.4764 0.651447 2.09019 2.68733 2.20549 2.87726 4.23951 4.25988 3.53496 3.5971 3.16544 2.03096 3.24366 3.59608 3.33994 3.42546 3.34197 3.53723 3.88126 4.21019 4.43218 4.47117 4.48446 4.48718 4.49634 4.50755 4.50338 4.516 4.51732 4.51046 2.01804 -2.44232 -9999 -9999 -9999 -9999 -9999 -9999
-9999 -9999 -9999 -9999 -9999 4.63532 5.79959 7.5338 7.97181 7.94243 8.30791 8.34799 8.01428 7.72579 6.84427 5.63668 3.30875 3.91527 5.1699 6.97462 7.92956 7.81591 7.30904 6.41344 4.22546 2.31249 2.09308 1.79194 0.301315 -1.04336 -2.70557 -1.72303 -0.648517 0.525371 1.1468 0.9981 2.23232 3.24068 2.82759 3.64915 4.60642 4.19083 3.95105 3.75264 3.25101 3.23524 3.30528 4.0008 3.54595 3.8502 3.87523 3.87235 4.04615 4.24356 4.44963 4.49198 4.50226 4.515 4.50199 4.52012 4.51975 4.52029 4.52256 4.51861 4.30558 1.91142 0.484908 -9999 -9999 -9999 -9999 -9999
-9999 -9999 -9999 -9999 -9999 3.58254 4.16831 6.22024 6.86075 7.77248 8.26088 8.29225 7.72242 7.40955 6.0912 5.67019 3.51766 2.54954 3.3923 3.08665 5.56782 7.76547 7.30748 2.91366 1.33177 0.207698 0.514948 0.532139 0.12733 -2.17245 -2.79786 -0.713074 0.603452 1.62549 2.40292 2.57306 2.55638 4.12795 4.3463 4.86512 4.76711 4.82716 4.05261 3.57914 4.02344 3.5476 3.47941 4.19737 3.52124 4.16195 4.10586 3.93145 3.93426 4.3582 4.45271 4.50706 4.51979 4.51303 4.50188 4.50036 4.52467 4.53019 4.51986 4.5343 4.52578 4.25698 3.02389 2.60313 3.10231 -9999 -9999 -9999
-9999 -9999 -9999 -9999 -9999 -9999 2.27608 5.12379 6.43015 7.12085 8.08931 8.21422 7.91724 7.36766 6.02452 4.84502 2.92199 0.72502 -0.432426 3.08068 6.14058 7.74448 7.55299 3.89798 2.46453 2.41219 3.27984 2.57438 2.04241 0.298299 -0.21479 -0.933508 -0.471826 0.949515 2.11148 3.23158 4.04874 4.1248 4.65943 4.9723 5.00929 5.11661 5.03767 4.97638 4.23387 4.775 4.34481 4.59711 4.46016 4.33768 4.23713 3.81515 4.13518 4.4193 4.50051 4.53336 4.5262 4.53173 4.52983 4.51441 4.51425 4.52428 4.53428 4.53362 4.54733 4.55205 4.42744 3.69172 2.70149 1.44622 -9999 -9999
-9999 -9999 -9999 -9999 -9999 -9999 0.870477 3.70428 5.07495 6.83602 7.74779 8.12469 8.085 7.64142 6.62316 5.08641 3.80853 1.35473 -1.19287 2.49368 5.78051 7.56048 7.66825 4.60244 5.47222 4.79588 5.08917 3.83825 3.3265 2.926 2.03019 1.04882 -0.0247003 -0.587543 2.00685 3.34371 4.42162 4.93544 5.23086 5.38431 5.32044 5.13994 4.0057 4.89498 4.86628 4.79442 4.70985 4.67678 4.60124 4.50921 4.46391 4.45452 4.17786 4.51869 4.52236 4.53621 4.54705 4.54788 4.54126 4.53717 4.53032 4.54213 4.54432 4.54626 4.55228 4.56654 4.57233 4.54619 4.36173 2.67055 1.66469 1.39624
-9999 -9999 -9999 -9999 -9999 -9999 -3.0855 1.03267 4.34645 6.07995 7.4954 7.88962 8.04233 7.44435 6.99976 5.90106 4.86179 3.25345 0.839499 -0.641604 2.12242 6.13488 7.62328 7.52624 7.44852 6.66397 5.95818 5.88117 5.94883 5.12572 3.92018 2.33584 1.8513 1.30193 3.23686 3.50768 3.37688 5.50392 5.51945 5.41041 4.61239 3.71913 3.90457 3.35841 3.80609 3.15181 3.78193 4.32855 4.54179 4.53961 4.48667 4.49366 4.47327 4.54237 4.55123 4.55159 4.55399 4.55974 4.56161 4.54724 4.54406 4.56436 4.55995 4.56033 4.56272 4.57939 4.58951 4.57372 4.56067 4.31286 3.93269 3.19837
-9999 -9999 -9999 -9999 -9999 -9999 -2.89485 0.571362 3.51163 5.28254 6.98148 7.38238 7.96157 7.84752 7.38155 6.42789 5.23454 3.91282 1.84346 0.309038 2.16171 4.83033 6.74527 7.44493 7.45165 7.41992 7.25305 7.19606 6.99871 6.86339 5.99933 4.50679 3.66543 2.42904 4.58445 4.83493 4.5092 5.59028 5.54723 3.93905 2.70573 2.56296 3.33666 2.62777 2.51844 2.08381 2.6066 3.98326 3.60359 3.69579 4.33102 4.44466 4.52318 4.55106 4.55669 4.56344 4.56259 4.57394 4.58551 4.57173 4.57144 4.57737 4.56591 4.57459 4.57159 4.57822 4.58226 4.58021 4.56922 4.50875 4.44357 4.54695
-9999 -9999 -9999 -9999 -9999 -9999 -2.80932 -0.477513 2.16946 4.77155 6.58548 7.3225 7.86162 7.86517 7.32214 6.85314 6.10898 4.94745 4.15475 2.77055 0.866793 4.09261 5.09195 5.98917 6.37738 7.30786 7.29902 6.89216 6.41685 6.88125 6.76386 5.58171 5.19973 4.54744 5.75066 5.7633 5.74017 5.68647 4.32908 2.43864 0.930389 2.03646 1.82064 2.33747 0.799446 2.0979 3.14235 3.49066 2.80469 2.29852 3.92237 4.20306 4.37221 4.48406 4.56081 4.55468 4.58103 4.58165 4.58725 4.59274 4.59005 4.59325 4.5913 4.58946 4.58926 4.59762 4.59346 4.58778 4.60055 4.57456 4.57246 4.57607
-9999 -9999 -9999 -9999 -9999 -9999 -9999 -1.8337 1.52361 4.51804 6.18909 7.2433 7.76155 7.76155 7.48858 7.17333 6.71586 5.88094 4.82986 3.16273 1.9287 2.73298 3.7127 3.83929 4.49505 6.37072 7.02003 6.13115 3.91635 5.24909 6.72752 6.7142 6.59916 6.46908 6.29693 6.14537 5.80204 4.86564 1.97582 1.41935 0.293471 0.435226 -0.135654 1.15435 0.695345 2.01902 2.60048 2.8284 1.63074 1.90605 3.34487 3.91958 3.83709 4.19342 4.53281 4.55397 4.57374 4.57563 4.59338 4.60695 4.61277 4.61097 4.61235 4.61702 4.60405 4.62552 4.53172 4.47574 4.34773 4.53745 4.56787 4.60048
-9999 -9999 -9999 -9999 -9999 -9999 -9999 -2.48253 0.863961 4.38911 5.5272 6.66329 7.64517 7.67362 7.25159 6.85108 6.43866 5.96812 4.69063 3.45261 2.27159 1.88365 2.13692 2.13683 3.18894 5.62812 6.11068 5.92279 3.61502 2.83835 4.8098 6.46807 6.60814 6.46894 4.54014 4.9634 3.9279 2.52008 2.14084 1.53152 0.231397 0.875346 -0.0730736 0.351904 0.261357 1.01844 1.39445 2.29212 1.24973 1.27384 2.68713 3.40341 3.4323 4.18286 4.45734 4.53714 4.56527 4.58861 4.60291 4.62598 4.63098 4.63231 4.6305 4.60812 4.53719 4.29264 2.90907 2.92477 3.32373 3.70188 4.38461 4.58937
-9999 -9999 -9999 -9999 -9999 -9999 -9999 -2.08526 0.240097 3.36931 5.68967 5.8444 6.97747 7.56715 7.10757 6.58916 6.0589 5.83349 4.44202 2.9128 1.67983 0.218426 0.473726 1.54452 3.29399 4.87387 5.16662 4.85494 3.6282 4.22915 5.57721 6.29792 6.51782 6.36343 5.95154 5.71801 4.95841 4.63549 3.57694 1.91581 1.26887 1.69832 -0.0649982 0.0717581 0.741204 0.0637184 1.22688 1.79027 0.440061 1.54737 2.79474 3.43801 4.00159 4.27414 4.38936 4.56009 4.57531 4.59986 4.61848 4.6277 4.63946 4.62568 4.61663 4.48027 4.27337 2.97841 2.45417 2.57467 3.19287 3.73575 4.316 4.55525
-9999 -9999 -9999 -9999 -9999 -9999 -9999 -1.6793 0.415531 3.13029 4.78763 5.09217 6.3479 7.46572 7.35213 6.81245 6.65562 6.09652 4.91804 3.61547 2.19091 1.50469 -0.0885128 1.50446 2.77355 4.11313 4.7463 3.74294 3.23979 4.16304 5.08069 5.4537 6.37996 6.38195 6.09423 4.8186 4.2022 4.47837 4.22017 3.75978 2.6202 2.58095 1.85358 1.55965 1.28283 0.362594 0.975045 1.04781 1.22873 2.54747 3.20237 3.64037 4.03959 4.15271 4.33249 4.56239 4.59282 4.6119 4.62228 4.63789 4.63353 4.58324 4.54294 4.25565 3.7377 2.7605 1.17702 2.32117 3.51694 3.88972 4.25339 4.44423
-9999 -9999 -9999 -9999 -9999 -9999 -9999 -2.02321 0.201724 2.52356 3.50013 3.67424 5.93915 7.32997 7.34266 7.09238 6.79852 5.40119 5.4951 5.22491 3.94082 2.06522 0.00426929 0.210794 1.46214 3.22905 3.8211 2.14808 1.56079 2.01304 3.39494 4.63293 5.92493 6.26118 5.89618 3.90468 1.78774 2.78581 3.85166 3.85733 3.55964 2.50373 2.17673 1.882 1.11523 -0.186859 0.0217582 0.401163 1.90237 2.38106 3.11379 3.72415 3.51005 3.6535 4.23745 4.57728 4.60093 4.61808 4.64027 4.64421 4.63623 4.52412 4.40486 4.19675 2.82597 1.97834 0.745224 2.21615 3.03517 3.49197 4.27194 4.46714
-9999 -9999 -9999 -9999 -9999 -9999 -9999 -2.69751 -1.07992 1.13999 2.04076 3.47148 5.61257 6.67094 7.18377 7.18329 6.99102 6.37133 6.00331 5.26748 3.93102 2.0995 0.0624154 -1.25953 -0.569575 1.80711 2.38471 0.835978 0.0526263 1.05449 2.52652 4.70051 5.94731 6.12518 6.0244 5.62248 4.07994 2.21405 2.23174 3.18463 2.40855 1.5048 2.02027 1.93913 1.18199 0.634642 0.312984 0.544677 1.40579 1.76551 2.61009 3.85077 4.03845 4.01512 4.54392 4.58116 4.60457 4.63542 4.64616 4.65283 4.64882 4.55946 4.34494 3.4363 2.64557 1.5409 1.415 2.73167 3.31859 3.8661 4.25487 4.38963
-9999 -9999 -9999 -9999 -9999 -9999 -9999 -3.86666 -1.96513 0.115277 2.06387 3.90798 5.49658 5.62903 6.4719 6.48148 6.92831 6.81425 6.24068 5.6226 4.47253 2.11628 0.136909 -2.02273 -1.43858 0.982112 1.32162 0.285887 -1.63784 0.372298 2.58774 4.59655 5.68908 4.85249 5.73236 5.67206 5.10103 3.99478 2.26864 2.31288 1.02236 0.977358 1.65783 1.88679 1.78744 1.3795 0.725418 0.862332 1.39304 1.53508 2.31222 3.27738 4.2211 4.38932 4.5786 4.59768 4.61196 4.63785 4.65106 4.64303 4.60679 4.51266 3.75257 2.84652 2.29299 1.5268 1.44441 2.95717 3.57591 3.92728 4.26472 4.40512
-9999 -9999 -9999 -9999 -9999 -9999 -9999 -9999 -2.14742 0.00169646 1.59472 2.03146 3.44483 4.21287 4.80961 4.95015 6.63337 6.73634 6.37662 5.80965 4.83028 3.04492 1.80452 -0.266628 -1.752 -1.11504 -0.80952 -0.247547 -0.398 0.504965 2.63442 4.85235 5.10434 3.71381 3.93251 4.23686 4.90523 4.58287 2.22671 1.03519 0.0481725 0.768816 1.52646 1.71874 1.76675 1.63479 1.49074 1.22916 2.23919 2.98964 3.17281 3.82848 4.31555 4.45848 4.56894 4.59264 4.61648 4.62805 4.61173 4.60301 4.49511 4.23925 3.38749 1.32302 1.43161 1.2188 0.584826 2.06439 3.01392 3.85039 4.30044 4.42542
-9999 -9999 -9999 -9999 -9999 -9999 -9999 -9999 -2.84785 -0.362747 0.170781 0.142796 -0.665576 -0.27778 2.76961 3.39172 5.00638 6.53587 6.4351 5.87894 4.9632 3.90431 2.25895 -0.0719062 -1.92149 -2.68302 -0.666037 1.3154 1.73335 2.37305 3.68247 3.9406 2.51941 1.18726 1.95266 2.41803 4.16007 4.48696 4.16146 2.74615 1.12644 0.28637 1.30262 1.44843 1.52039 1.54412 1.53084 1.51318 2.6555 3.29013 3.734 3.98104 4.40099 4.51717 4.56224 4.60523 4.6093 4.59961 4.54645 4.48442 4.17294 3.79351 2.39082 1.22334 0.499707 -0.42184 1.69286 2.33602 3.22525 3.79947 4.24713 4.35444
