Test_Spring_2018/12_17/Temp/20171213_020.txt
ncols	170
nrows	115
xllcorner	350000.000000
yllcorner	4445000.000000
cellsize	1000.000000
nodata_value	-9999.000000
[rows 32 to 63 of 115, columns 72 to 143 of 170]
12.938 12.6038 13.107 13.5698 13.2703 13.0724 13.8341 13.8285 13.5604 12.9384 12.707 12.4675 12.319 11.5232 9.29868 7.29299 8.3611 8.38231 7.63653 8.962 8.25522 6.41837 3.82706 5.22851 4.85788 3.01266 2.55468 -9999 -9999 -9999 -9999 -9999 -9999 -9999 -9999 -9999 -9999 -9999 -9999 -9999 -9999 -9999 -9999 -9999 -9999 -9999 -9999 -9999 -9999 -9999 -9999 -9999 -9999 -9999 -9999 -9999 -9999 -9999 -9999 -9999 -9999 -9999 -9999 -9999 -9999 -9999 -9999 -9999 -9999 -9999 -9999 -9999
12.498 12.3515 13.1021 13.0809 13.0231 13.284 13.7543 13.8441 13.7363 13.4621 13.2243 12.9717 12.3385 11.4288 9.52438 7.24199 6.72104 7.83171 7.88095 8.05585 7.41132 6.60277 5.34027 6.36586 6.76126 5.54849 3.96047 2.93738 -9999 -9999 -9999 -9999 -9999 -9999 -9999 -9999 -9999 -9999 -9999 -9999 -9999 -9999 -9999 -9999 -9999 -9999 -9999 -9999 -9999 -9999 -9999 -9999 -9999 -9999 -9999 -9999 -9999 -9999 -9999 -9999 -9999 -9999 -9999 -9999 -9999 -9999 -9999 -9999 -9999 -9999 -9999 -9999
11.9732 11.2352 11.6855 12.0222 12.6416 12.7959 12.8853 13.7814 13.7284 13.6816 13.2918 12.9792 12.4646 11.5889 10.3442 8.84652 6.24199 7.84108 9.09231 9.05586 8.98275 8.41496 7.20186 8.2084 8.25118 6.70253 4.9371 3.9016 3.47081 -9999 -9999 -9999 -9999 -9999 -9999 -9999 -9999 -9999 -9999 -9999 -9999 -9999 -9999 -9999 -9999 -9999 -9999 -9999 -9999 -9999 -9999 -9999 -9999 -9999 -9999 -9999 -9999 -9999 -9999 -9999 -9999 -9999 -9999 -9999 -9999 -9999 -9999 -9999 -9999 -9999 -9999 -9999
11.3768 10.4763 10.9294 11.5356 12.3893 12.824 13.1554 13.4196 13.6893 13.6518 13.253 12.0847 11.914 11.8592 11.0436 9.33678 7.63222 7.18749 9.09847 9.64232 9.52623 9.94943 8.92108 9.40025 9.19714 8.64527 6.94889 5.40244 4.76224 3.50138 -9999 -9999 -9999 -9999 -9999 -9999 -9999 -9999 -9999 -9999 -9999 -9999 -9999 -9999 -9999 -9999 -9999 -9999 -9999 -9999 -9999 -9999 -9999 -9999 -9999 -9999 -9999 -9999 -9999 -9999 -9999 -9999 -9999 -9999 -9999 -9999 -9999 -9999 -9999 -9999 -9999 -9999
-9999 -9999 9.90845 10.7317 11.4139 12.2476 12.9666 13.3262 13.6755 13.642 12.8497 12.4598 12.4216 11.8857 10.9449 10.3528 9.27805 8.15844 8.58022 10.2092 9.4782 10.6308 10.5282 10.7361 9.95774 8.48172 6.5176 5.36592 4.7927 3.77016 -9999 -9999 -9999 -9999 -9999 -9999 -9999 -9999 -9999 -9999 -9999 -9999 -9999 -9999 -9999 -9999 -9999 -9999 -9999 -9999 -9999 -9999 -9999 -9999 -9999 -9999 -9999 -9999 -9999 -9999 -9999 -9999 -9999 -9999 -9999 -9999 -9999 -9999 -9999 -9999 -9999 -9999
-9999 -9999 -9999 10.5795 11.0975 12.2199 12.7895 13.021 13.5876 13.5838 13.2807 13.0509 12.7196 12.2883 11.5802 10.7995 9.78846 9.69109 10.7316 10.7402 10.5174 10.6844 11.2165 11.0701 9.866 7.79214 6.69532 4.46451 3.50971 3.60288 2.92512 -9999 -9999 -9999 -9999 -9999 -9999 -9999 -9999 -9999 -9999 -9999 -9999 5.46124 -9999 -9999 -9999 -9999 -9999 -9999 -9999 -9999 -9999 -9999 -9999 -9999 -9999 -9999 -9999 -9999 -9999 -9999 -9999 -9999 1.32524 -9999 -9999 -9999 -9999 -9999 -9999 -9999
-9999 -9999 10.488 11.18 11.7227 12.4241 12.4831 12.8953 13.5475 13.552 13.3356 13.092 12.55 12.4126 12.0077 11.1605 10.9839 11.3216 11.4748 11.6489 11.7544 11.6607 11.4385 11.1526 10.3704 9.40701 8.75885 6.72462 5.69064 4.7055 3.2168 2.05149 -9999 -9999 -9999 -9999 -9999 -9999 -9999 4.69961 4.64141 4.66472 4.98727 5.88313 5.3517 -9999 -9999 -9999 -9999 -9999 -9999 -9999 -9999 -9999 -9999 -9999 -9999 -9999 -9999 -9999 -9999 -9999 -9999 -9999 2.13794 0.964267 -9999 -9999 -9999 -9999 -9999 -9999
-9999 -9999 10.673 11.4082 11.7724 12.4533 12.8405 13.0857 13.3083 13.521 13.4796 13.2104 12.8036 12.802 12.2432 11.9402 11.7227 12.1809 12.2682 12.0785 11.8415 11.6313 11.0449 10.9727 10.7731 10.1597 9.1561 8.12214 6.62556 4.60582 2.62521 1.02708 -9999 -9999 -9999 -9999 -9999 -9999 4.87104 5.61488 6.0593 5.10504 5.9146 6.65424 6.5324 5.80462 -9999 -9999 -9999 -9999 -9999 -9999 -9999 -9999 -9999 -9999 -9999 -9999 -9999 -9999 7.69883 6.49622 4.07075 2.82532 2.07623 1.00849 -9999 -9999 -9999 -9999 -9999 -9999
-9999 -9999 10.5262 11.3954 11.9823 12.5027 12.581 13.1127 13.3386 13.4505 13.4319 13.3749 13.2964 12.8082 12.596 11.8604 12.5567 12.5264 12.3452 11.6397 11.3313 10.1225 9.58781 9.4597 10.4674 9.71375 8.14576 6.18696 3.83072 3.67167 2.89094 1.46216 -9999 -9999 -9999 -9999 -9999 -9999 5.10302 5.89888 6.56264 6.65674 5.70816 7.02488 6.96709 6.22509 6.05394 6.65581 6.95923 6.72549 7.44308 7.65165 7.32243 7.67721 -9999 -9999 -9999 -9999 7.87386 7.91865 7.95136 7.44785 4.79839 2.9873 1.36032 1.20499 -9999 -9999 -9999 -9999 -9999 -9999
-9999 -9999 11.1323 11.665 11.9313 11.9694 12.4356 12.8993 13.1807 13.3883 13.3408 13.319 13.2964 13.1268 12.7383 12.8038 12.7691 12.5409 11.2019 9.63941 10.3147 9.38349 7.39549 8.99862 9.87753 9.02409 7.12494 4.9237 4.19627 4.22012 3.13581 1.74389 -9999 -9999 -9999 2.93015 4.07103 4.16789 4.50245 5.56508 6.37276 6.97881 7.39168 7.37457 6.93022 6.20425 5.41546 5.69167 7.10044 7.44134 7.7246 7.94089 7.63509 7.79115 8.16579 8.35792 8.39438 8.30228 8.27853 8.30575 8.25681 7.7867 5.41548 4.0567 3.18791 1.43896 -9999 -9999 -9999 -9999 -9999 -9999
-9999 -9999 10.7944 11.2567 11.6299 12.2524 12.3129 12.7057 12.9346 13.2784 13.3131 12.897 13.233 13.1851 13.1178 12.9793 12.7781 11.6474 10.0902 8.52889 7.80583 8.10597 6.90982 7.51544 8.40608 8.07178 6.9062 4.9445 4.66364 4.20083 2.37837 0.625513 -9999 -9999 0.71488 2.90635 4.44873 5.24312 5.48745 5.50857 6.52697 6.60437 7.70075 7.43976 5.98062 6.14053 5.56877 5.93153 6.4468 6.5854 7.32544 8.03732 8.16974 8.17001 8.40755 8.45405 8.46376 8.45433 8.28795 8.35892 8.3665 8.07181 6.35309 5.5125 4.5867 1.46554 -9999 -9999 -9999 -9999 -9999 -9999
-9999 -9999 11.0339 11.5512 12.1183 12.2048 12.6234 12.5726 12.444 13.0311 13.2407 12.9455 12.7322 13.1138 13.0835 13.0288 12.9411 11.8785 10.6492 8.78979 7.63274 6.92155 6.41601 5.74186 6.19671 6.05065 5.85662 6.06814 5.52313 4.44188 3.37385 1.37807 0.297653 -9999 0.833283 1.82065 3.65561 5.21475 6.20362 5.84461 7.00309 7.21575 7.88215 7.48588 6.59788 6.21541 6.17809 6.0586 6.83707 7.3575 7.72384 7.96883 8.27342 8.34916 8.42528 8.4554 8.47038 8.48544 8.4781 8.46833 8.42974 8.31635 7.52365 6.68474 4.87659 1.57003 -9999 -9999 -9999 -9999 -9999 -9999
-9999 9.51718 10.9743 11.8461 12.1793 12.418 12.6277 12.7779 12.9345 13.0815 13.1823 13.1308 12.3571 12.4161 12.5509 12.9843 12.9499 12.8508 12.1773 9.91564 9.12988 7.98551 6.50408 5.88064 6.18388 7.38906 7.32956 6.52244 5.6236 4.38034 3.58794 2.36301 0.014952 0.2221 1.27429 2.05669 3.30295 5.20943 6.5452 7.13987 7.36286 7.83006 8.07175 7.52989 7.01175 6.79254 6.38939 6.3295 6.32904 6.79801 7.1617 7.97717 8.25012 8.37214 8.43383 8.46575 8.48811 8.50989 8.51524 8.49593 8.4929 8.48226 8.42008 7.30447 4.51981 2.41563 -9999 -9999 -9999 -9999 -9999 -9999
-9999 -9999 10.7037 11.0831 11.1771 11.347 11.7023 12.1133 12.6972 12.7677 13.0884 13.0813 12.4131 11.6435 12.3072 12.569 12.8406 12.8457 12.7562 10.8539 9.85729 9.07148 7.6508 8.15533 8.63526 8.66666 8.36834 6.64391 4.92646 2.94437 1.09547 1.00252 0.00466699 0.525545 1.21948 3.00651 4.2635 4.77178 5.13621 7.07448 7.57637 7.7471 8.24108 7.56061 7.3842 6.87169 7.01963 6.97165 6.97116 5.55734 6.96769 7.04825 7.96704 8.37776 8.46818 8.49123 8.51584 8.51735 8.51956 8.51189 8.51741 8.49952 8.47939 7.75256 4.22299 2.44273 -9999 -9999 -9999 -9999 -9999 -9999
-9999 -9999 -9999 -9999 10.8124 11.1 11.2819 11.6021 12.596 12.8601 13.0341 13.0446 12.7446 11.982 11.7791 11.915 11.1723 11.7883 12.6312 12.6065 12.4999 10.8275 9.96854 10.7897 10.5332 9.27372 8.28117 7.3014 5.29149 3.81604 1.69768 0.105926 0.0415651 1.78866 3.23895 5.04731 5.84384 5.38641 5.87681 6.83816 7.93064 8.45753 8.32999 7.61289 7.50811 6.71963 7.48795 7.55064 7.18837 6.87482 6.99385 7.44673 7.61764 8.33582 8.50754 8.53491 8.53787 8.53807 8.53192 8.52441 8.51167 8.49994 8.48535 8.44801 4.81999 1.99083 -9999 -9999 -9999 -9999 -9999 -9999
-9999 -9999 -9999 -9999 10.117 10.2893 10.7541 11.9591 12.585 12.8354 12.8214 12.9351 12.7223 12.0514 11.3631 10.7144 9.8786 10.3521 11.6091 12.3486 12.4293 10.9628 11.7182 11.4283 10.8613 9.2158 8.00146 7.35485 5.42491 3.76929 2.35813 0.411969 1.23761 2.14782 3.31863 5.29153 6.62224 7.16762 6.70538 7.31934 8.57694 8.58156 7.88994 7.93206 7.50759 6.43132 7.54517 7.85618 7.59939 7.66172 7.56272 7.72929 8.03544 8.32825 8.52203 8.5457 8.54569 8.53646 8.53305 8.53025 8.51256 8.50953 8.49494 8.47175 6.12819 1.93837 -9999 -9999 -9999 -9999 -9999 -9999
-9999 -9999 -9999 -9999 -9999 9.477 10.5467 12.1487 12.5391 12.4968 12.8236 12.8474 12.523 12.2414 11.4067 10.268 8.08339 8.63642 9.79338 11.4627 12.3381 12.2154 11.7208 10.8662 8.80523 7.00065 6.77643 6.47604 5.06596 3.78906 2.22071 3.12128 4.10864 5.18972 5.75621 5.60487 6.74468 7.67373 7.2759 8.02962 8.90928 8.50704 8.26809 8.06701 7.57723 7.54485 7.59234 8.22348 7.78124 8.04765 8.04995 8.03163 8.17895 8.34908 8.52805 8.5549 8.55235 8.5524 8.52814 8.53217 8.51801 8.5037 8.48995 8.46942 8.25288 5.99121 4.63978 -9999 -9999 -9999 -9999 -9999
-9999 -9999 -9999 -9999 -9999 8.48404 9.01404 10.9125 11.4921 12.328 12.7696 12.7853 12.2406 11.9358 10.6936 10.2889 8.26806 7.35134 8.1239 7.82384 10.1235 12.1576 11.7086 7.58959 6.09428 5.02599 5.29334 5.29015 4.89346 2.72533 2.12461 4.05387 5.26714 6.20657 6.91865 7.06445 7.03703 8.49175 8.68283 9.15399 9.04883 9.09042 8.35241 7.89466 8.28757 7.82591 7.74447 8.39661 7.74795 8.32842 8.25504 8.07671 8.06451 8.44606 8.52094 8.55899 8.55839 8.54033 8.51791 8.50328 8.51213 8.50244 8.47695 8.47359 8.44793 8.16959 6.99874 6.5858 7.03144 -9999 -9999 -9999
-9999 -9999 -9999 -9999 -9999 -9999 7.23793 9.87922 11.0801 11.71 12.5996 12.7027 12.4106 11.8859 10.6208 9.50818 7.70134 5.63831 4.54347 7.80699 10.6467 12.1268 11.9265 8.49714 7.14057 7.07263 7.86319 7.18589 6.67078 5.0213 4.52558 3.83881 4.25444 5.56532 6.63603 7.66906 8.41964 8.47863 8.96533 9.24331 9.26408 9.34975 9.26089 9.18783 8.47322 8.96072 8.54162 8.75939 8.61405 8.48249 8.36763 7.95837 8.24226 8.49336 8.55581 8.57252 8.554 8.54728 8.53337 8.50634 8.49129 8.48581 8.47933 8.46198 8.45719 8.43406 8.29785 7.59123 6.64721 5.45616 -9999 -9999
-9999 -9999 -9999 -9999 -9999 -9999 5.91598 8.54453 9.80551 11.4343 12.2691 12.6059 12.5566 12.1307 11.1685 9.72238 8.51741 6.21455 3.8235 7.24858 10.299 11.9435 12.027 9.14325 9.93634 9.28646 9.54139 8.35544 7.85955 7.46403 6.61141 5.67971 4.66077 4.12044 6.52868 7.76383 8.75754 9.22485 9.48814 9.61856 9.54445 9.36044 8.28685 9.10095 9.05243 8.96812 8.8718 8.82352 8.73574 8.63284 8.56951 8.54541 8.27255 8.57498 8.56412 8.56482 8.5629 8.55161 8.53311 8.51649 8.49665 8.4923 8.47712 8.46235 8.4506 8.43632 8.42215 8.37808 8.18634 6.58883 5.63131 5.35799
-9999 -9999 -9999 -9999 -9999 -9999 2.21408 6.04142 9.11277 10.7163 12.0208 12.3759 12.5061 11.9359 11.5088 10.4712 9.48871 7.97467 5.70823 4.31161 6.87465 10.6028 11.9734 11.8602 11.7695 11.0191 10.3421 10.2521 10.2973 9.50754 8.36286 6.86914 6.40027 5.87413 7.66682 7.90696 7.77249 9.745 9.74689 9.63217 8.87402 8.02466 8.18281 7.65596 8.05196 7.42445 7.99536 8.48834 8.67035 8.65159 8.5811 8.56982 8.53656 8.5853 8.58079 8.56869 8.55866 8.55171 8.54091 8.51452 8.49798 8.50265 8.48172 8.46593 8.44887 8.43677 8.42709 8.39313 8.36179 8.11163 7.73836 7.03032
-9999 -9999 -9999 -9999 -9999 -9999 2.37855 5.59432 8.32359 9.95848 11.5306 11.8919 12.4198 12.3009 11.8537 10.9512 9.82471 8.57798 6.63302 5.18664 6.90039 9.37338 11.1438 11.7739 11.7613 11.7138 11.5403 11.4656 11.264 11.1161 10.294 8.883 8.08372 6.91637 8.91463 9.13557 8.81896 9.81514 9.76213 8.24826 7.08377 6.93645 7.6415 6.96459 6.84052 6.41689 6.88798 8.1559 7.78204 7.85171 8.42321 8.51448 8.57057 8.5832 8.57549 8.56913 8.55581 8.55383 8.55184 8.52581 8.51184 8.50306 8.47736 8.46733 8.44787 8.42588 8.40911 8.38848 8.35956 8.28468 8.20267 8.27617
-9999 -9999 -9999 -9999 -9999 -9999 2.44706 4.60512 7.06084 9.47089 11.1503 11.825 12.3154 12.306 11.7866 11.3362 10.6287 9.53131 8.77764 7.47146 5.67988 8.67458 9.58903 10.4037 10.7451 11.5956 11.5696 11.1725 10.7062 11.1235 10.9944 9.87654 9.50592 8.88354 9.99308 9.99185 9.95738 9.89436 8.61461 6.83716 5.41599 6.43403 6.21805 6.6824 5.22505 6.41776 7.37565 7.68395 7.0266 6.53817 8.03209 8.27559 8.41949 8.51036 8.56883 8.55022 8.56203 8.54978 8.54199 8.53375 8.51742 8.50606 8.4893 8.47206 8.45265 8.43214 8.41003 8.38357 8.37687 8.33326 8.31359 8.29394
-9999 -9999 -9999 -9999 -9999 -9999 -9999 3.32776 6.4414 9.22197 10.768 11.7386 12.2093 12.1965 11.9289 11.6217 11.1815 10.3887 9.39366 7.82329 6.65658 7.39148 8.28713 8.38242 8.97717 10.7102 11.299 10.4524 8.36286 9.58563 10.9501 10.9229 10.8014 10.6662 10.4929 10.3382 10.0047 9.11774 6.40775 5.87391 4.80933 4.9273 4.37984 5.56505 5.11416 6.33307 6.85928 7.0556 5.92174 6.15583 7.47875 8.00055 7.90951 8.22838 8.53208 8.53872 8.54415 8.53284 8.53616 8.53531 8.52682 8.51001 8.49627 8.48507 8.45318 8.44408 8.33854 8.26819 8.13065 8.28981 8.30064 8.29885
-9999 -9999 -9999 -9999 -9999 -9999 -9999 2.70591 5.81466 9.09046 10.139 11.1859 12.0891 12.1026 11.6957 11.3087 10.9104 10.4575 9.25123 8.08137 6.96427 6.58686 6.80744 6.78185 7.74692 10.0063 10.4399 10.248 8.06611 7.32583 9.15048 10.6833 10.7998 10.656 8.84246 9.224 8.24433 6.9172 6.54978 5.96745 4.7402 5.3268 4.4271 4.8087 4.69775 5.38825 5.72307 6.54472 5.55607 5.55569 6.85446 7.50842 7.52128 8.20791 8.45053 8.51165 8.52462 8.53308 8.53294 8.54072 8.53131 8.51805 8.50143 8.46517 8.38316 8.13441 6.81296 6.81002 7.16474 7.50021 8.11297 8.27806
-9999 -9999 -9999 -9999 -9999 -9999 -9999 3.06528 5.22116 8.12746 10.2792 10.4102 11.4543 11.9913 11.5492 11.052 10.5436 10.3194 9.00681 7.56527 6.39985 5.02091 5.24366 6.22715 7.83354 9.2915 9.54836 9.24131 8.06786 8.61336 9.8564 10.5144 10.7053 10.5473 10.1492 9.91764 9.19527 8.88037 7.87889 6.31493 5.69716 6.08361 4.42352 4.53629 5.1459 4.48621 5.55589 6.06588 4.79025 5.79498 6.94425 7.53009 8.04188 8.28234 8.37619 8.52199 8.52272 8.53212 8.53585 8.5306 8.52743 8.5001 8.47682 8.33437 8.12573 6.9014 6.37716 6.47249 7.03227 7.52188 8.02855 8.2357
-9999 -9999 -9999 -9999 -9999 -9999 -9999 3.43263 5.37341 7.89291 9.42584 9.69652 10.8549 11.8847 11.7653 11.2482 11.0882 10.5525 9.43869 8.20874 6.86467 6.20932 4.70733 6.1784 7.33647 8.57055 9.14544 8.17965 7.69472 8.54115 9.38265 9.71619 10.5663 10.5541 10.2718 9.06767 8.47878 8.72282 8.4681 8.02457 6.94705 6.89612 6.20283 5.91378 5.64051 4.75402 5.31003 5.36243 5.50968 6.71742 7.31389 7.7082 8.06656 8.15816 8.31214 8.51301 8.52777 8.53192 8.52783 8.52847 8.51023 8.44886 8.39652 8.11338 7.6147 6.68718 5.17415 6.22515 7.32432 7.64449 7.95944 8.12156
-9999 -9999 -9999 -9999 -9999 -9999 -9999 3.10011 5.16232 7.31512 8.2127 8.36158 10.4616 11.746 11.7444 11.4972 11.2093 9.89143 9.96498 9.69852 8.48565 6.72057 4.7823 4.9598 6.10547 7.73444 8.27127 6.68034 6.11709 6.52413 7.79895 8.93972 10.1311 10.4308 10.0763 8.20404 6.21478 7.13238 8.11318 8.10451 7.8126 6.81296 6.49334 6.20364 5.47328 4.23545 4.40955 4.7483 6.11933 6.55122 7.22036 7.77552 7.56151 7.68134 8.21239 8.51572 8.52404 8.52627 8.53313 8.52282 8.50119 8.38218 8.25625 8.04714 6.75282 5.94646 4.76615 6.11643 6.86437 7.25432 7.9661 8.13241
-9999 -9999 -9999 -9999 -9999 -9999 -9999 2.45923 3.95467 6.01232 6.83911 8.16054 10.145 11.119 11.584 11.5699 11.3768 10.7846 10.4272 9.72625 8.46463 6.74083 4.825 3.57636 4.20505 6.39639 6.91276 5.44486 4.69878 5.61882 6.97781 8.99206 10.1413 10.2932 10.1851 9.79619 8.34289 6.58784 6.59045 7.46569 6.72735 5.86972 6.33632 6.246 5.52471 4.99906 4.67041 4.86476 5.64492 5.96584 6.73938 7.88273 8.04362 8.00775 8.48725 8.50813 8.51614 8.53108 8.5272 8.51941 8.50151 8.40377 8.18904 7.32634 6.57348 5.52744 5.39463 6.58686 7.10647 7.5927 7.93958 8.04959
-9999 -9999 -9999 -9999 -9999 -9999 -9999 1.35654 3.11692 5.04434 6.84889 8.55602 10.0248 10.1348 10.9077 10.903 11.3062 11.1859 10.6367 10.0458 8.9582 6.74485 4.88302 2.8528 3.38291 5.62 5.90208 4.92044 3.11028 4.97128 7.02405 8.88419 9.88943 9.09463 9.9017 9.83152 9.28478 8.23858 6.61387 6.64115 5.42276 5.36651 5.98711 6.18622 6.07881 5.68331 5.05009 5.15012 5.62201 5.73981 6.45042 7.33663 8.20299 8.34583 8.50843 8.5123 8.51174 8.52201 8.52042 8.49891 8.45097 8.34884 7.62507 6.76491 6.23352 5.50351 5.41146 6.79329 7.3358 7.63919 7.93829 8.05365
-9999 -9999 -9999 -9999 -9999 -9999 -9999 -9999 2.93509 4.92659 6.39927 6.79303 8.09824 8.80131 9.34454 9.46204 11.0191 11.1014 10.7518 10.2086 9.28042 7.59991 6.42777 4.48022 3.07917 3.64474 3.9022 4.41157 4.25623 5.08407 7.05661 9.1119 9.33278 8.02104 8.21112 8.48122 9.09106 8.77637 6.56374 5.43785 4.50269 5.16095 5.85358 6.01847 6.04858 5.91063 5.74672 5.47299 6.40065 7.08617 7.24245 7.83981 8.28 8.39918 8.48819 8.49633 8.50467 8.50158 8.47244 8.45032 8.33555 8.08257 7.27333 5.33224 5.41883 5.20533 4.59865 5.95073 6.79223 7.557 7.96127 8.06231
-9999 -9999 -9999 -9999 -9999 -9999 -9999 -9999 2.26976 4.57473 5.05865 5.0187 4.2506 4.59883 7.42898 7.99591 9.48902 10.9026 10.7947 10.2617 9.39297 8.39046 6.84047 4.65061 2.90972 2.16925 4.03065 5.85901 6.23409 6.81625 8.02355 8.24998 6.90948 5.65222 6.35248 6.77287 8.38466 8.67588 8.35826 7.02357 5.49801 4.69985 5.63381 5.75533 5.80776 5.81505 5.78003 5.73388 6.77821 7.35558 7.75507 7.97104 8.34853 8.4427 8.47066 8.4968 8.48669 8.46379 8.40031 8.3285 8.02381 7.65559 6.33232 5.22835 4.53839 3.66357 5.62196 6.19338 6.98698 7.49922 7.9013 7.98591
