Test_Spring_2018/12_17/Temp/20171217_020.txt
ncols	170
nrows	115
xllcorner	350000.000000
yllcorner	4445000.000000
cellsize	1000.000000
nodata_value	-9999.000000
[rows 31 to 61 of 115, columns 71 to 141 of 170]
7.33191 7.53215 7.15764 7.1964 8.10045 8.3031 8.29118 8.21337 8.12906 7.70226 7.56038 7.22442 6.63168 6.38411 5.32868 1.91287 2.88178 3.26175 2.27273 2.82769 3.72981 2.94786 0.623506 -0.376433 -1.98829 -1.47076 -1.95261 -3.2493 -9999 -9999 -9999 -9999 -9999 -9999 -9999 -9999 -9999 -9999 -9999 -9999 -9999 -9999 -9999 -9999 -9999 -9999 -9999 -9999 -9999 -9999 -9999 -9999 -9999 -9999 -9999 -9999 -9999 -9999 -9999 -9999 -9999 -9999 -9999 -9999 -9999 -9999 -9999 -9999 -9999 -9999 -9999
7.14075 7.11904 6.75836 7.31883 7.83498 7.52481 7.31953 8.1679 8.16921 7.88172 7.20464 6.95704 6.70025 6.54341 5.6745 3.23429 1.03467 2.21553 2.24511 1.43131 2.89554 2.12497 0.111784 -2.73092 -1.18234 -1.58244 -3.59018 -4.08045 -9999 -9999 -9999 -9999 -9999 -9999 -9999 -9999 -9999 -9999 -9999 -9999 -9999 -9999 -9999 -9999 -9999 -9999 -9999 -9999 -9999 -9999 -9999 -9999 -9999 -9999 -9999 -9999 -9999 -9999 -9999 -9999 -9999 -9999 -9999 -9999 -9999 -9999 -9999 -9999 -9999 -9999 -9999
6.82695 6.63869 6.4844 7.31679 7.3006 7.25298 7.55533 8.08324 8.18942 8.0782 7.7837 7.52895 7.25786 6.56792 5.57379 3.48561 0.981691 0.414934 1.64262 1.70306 1.90182 1.19954 0.317048 -1.06451 0.0704508 0.512487 -0.806182 -2.533 -3.64215 -9999 -9999 -9999 -9999 -9999 -9999 -9999 -9999 -9999 -9999 -9999 -9999 -9999 -9999 -9999 -9999 -9999 -9999 -9999 -9999 -9999 -9999 -9999 -9999 -9999 -9999 -9999 -9999 -9999 -9999 -9999 -9999 -9999 -9999 -9999 -9999 -9999 -9999 -9999 -9999 -9999 -9999
6.35077 6.0649 5.25992 5.76203 6.13938 6.84105 7.02481 7.13071 8.12361 8.07261 8.02817 7.60634 7.26927 6.70979 5.7531 4.39042 2.74945 -0.108807 1.65594 3.03818 3.00437 2.93036 2.31245 0.985008 2.09878 2.15276 0.470247 -1.44891 -2.58081 -3.04776 -9999 -9999 -9999 -9999 -9999 -9999 -9999 -9999 -9999 -9999 -9999 -9999 -9999 -9999 -9999 -9999 -9999 -9999 -9999 -9999 -9999 -9999 -9999 -9999 -9999 -9999 -9999 -9999 -9999 -9999 -9999 -9999 -9999 -9999 -9999 -9999 -9999 -9999 -9999 -9999 -9999
5.68729 5.41201 4.42844 4.9336 5.60736 6.55897 7.05499 7.43079 7.72886 8.03282 7.99869 7.56699 6.28884 6.10758 6.05366 5.16288 3.29185 1.42325 0.940167 3.04784 3.65208 3.53062 4.0024 2.87794 3.41153 3.19487 2.60153 0.757562 -0.929347 -1.62682 -3.00701 -9999 -9999 -9999 -9999 -9999 -9999 -9999 -9999 -9999 -9999 -9999 -9999 -9999 -9999 -9999 -9999 -9999 -9999 -9999 -9999 -9999 -9999 -9999 -9999 -9999 -9999 -9999 -9999 -9999 -9999 -9999 -9999 -9999 -9999 -9999 -9999 -9999 -9999 -9999 -9999
-9999 -9999 -9999 3.81378 4.73166 5.4918 6.42398 7.22624 7.62932 8.02093 7.99123 7.12686 6.70485 6.66937 6.08625 5.05767 4.41255 3.23647 2.01103 2.48077 4.27818 3.48036 4.75412 4.64763 4.88269 4.03322 2.43096 0.284282 -0.968652 -1.59267 -2.71096 -9999 -9999 -9999 -9999 -9999 -9999 -9999 -9999 -9999 -9999 -9999 -9999 -9999 -9999 -9999 -9999 -9999 -9999 -9999 -9999 -9999 -9999 -9999 -9999 -9999 -9999 -9999 -9999 -9999 -9999 -9999 -9999 -9999 -9999 -9999 -9999 -9999 -9999 -9999 -9999
-9999 -9999 -9999 -9999 4.56714 5.14692 6.3892 7.0346 7.29691 7.92761 7.93082 7.60452 7.35852 7.00067 6.53265 5.75995 4.90717 3.80103 3.69965 4.8497 4.86489 4.62582 4.81544 5.40674 5.25207 3.94081 1.67401 0.474364 -1.95915 -3.00296 -2.89443 -3.63388 -9999 -9999 -9999 -9999 -9999 -9999 -9999 -9999 -9999 -9999 -9999 -9999 -0.765169 -9999 -9999 -9999 -9999 -9999 -9999 -9999 -9999 -9999 -9999 -9999 -9999 -9999 -9999 -9999 -9999 -9999 -9999 -9999 -9999 -5.1385 -9999 -9999 -9999 -9999 -9999
-9999 -9999 -9999 4.45653 5.23254 5.83744 6.61695 6.69677 7.16193 7.88697 7.89945 7.66865 7.40748 6.81797 6.67299 6.23371 5.30767 5.11906 5.4959 5.66993 5.86702 5.98868 5.89146 5.65316 5.34495 4.50433 3.45143 2.74517 0.520698 -0.603729 -1.68123 -3.31273 -4.58874 -9999 -9999 -9999 -9999 -9999 -9999 -9999 -1.63124 -1.68861 -1.65604 -1.29407 -0.301335 -0.878073 -9999 -9999 -9999 -9999 -9999 -9999 -9999 -9999 -9999 -9999 -9999 -9999 -9999 -9999 -9999 -9999 -9999 -9999 -9999 -4.24412 -5.52676 -9999 -9999 -9999 -9999
-9999 -9999 -9999 4.66909 5.48594 5.89497 6.65233 7.08666 7.37464 7.62745 7.86908 7.83083 7.54169 7.10072 7.1051 6.49644 6.16869 5.93485 6.44411 6.54539 6.34217 6.08706 5.86154 5.22247 5.14915 4.94866 4.2807 3.18353 2.0529 0.425245 -1.79022 -3.96287 -5.71511 -9999 -9999 -9999 -9999 -9999 -9999 -1.45002 -0.625618 -0.130132 -1.17248 -0.27467 0.54655 0.420603 -0.358323 -9999 -9999 -9999 -9999 -9999 -9999 -9999 -9999 -9999 -9999 -9999 -9999 -9999 -9999 1.84224 0.526537 -2.13364 -3.49566 -4.31145 -5.47735 -9999 -9999 -9999 -9999
-9999 -9999 -9999 4.50957 5.4742 6.12854 6.70977 6.80489 7.40197 7.66447 7.79537 7.78233 7.72658 7.64678 7.11592 6.88825 6.08464 6.85554 6.82718 6.63301 5.86221 5.52841 4.20451 3.62226 3.49916 4.61398 3.79176 2.07394 -0.0737827 -2.65298 -2.81683 -3.67008 -5.23628 -9999 -9999 -9999 -9999 -9999 -9999 -1.19594 -0.314318 0.4225 0.533279 -0.502203 0.953993 0.91099 0.104108 -0.0749538 0.596011 0.938527 0.695117 1.49897 1.73561 1.38034 1.7769 -9999 -9999 -9999 -9999 2.02223 2.07759 2.12002 1.57316 -1.33329 -3.31725 -5.09831 -5.25699 -9999 -9999 -9999 -9999
-9999 -9999 -9999 5.17787 5.77281 6.07507 6.12639 6.64863 7.17122 7.49448 7.73191 7.68708 7.66999 7.65152 7.47088 7.04903 7.12624 7.09288 6.84672 5.37888 3.66545 4.41315 3.39409 1.21882 2.99348 3.96673 3.03484 0.952893 -1.46141 -2.24956 -2.21283 -3.4001 -4.92644 -9999 -9999 -9999 -3.60327 -2.34362 -2.23179 -1.8581 -0.683194 0.211845 0.886697 1.34876 1.34247 0.869981 0.0812631 -0.776535 -0.463222 1.0954 1.47925 1.80994 2.05518 1.72567 1.9035 2.32133 2.53817 2.58368 2.4878 2.46725 2.50303 2.45547 1.94519 -0.654598 -2.14098 -3.08794 -4.99017 -9999 -9999 -9999 -9999
-9999 -9999 -9999 4.81033 5.32815 5.74817 6.44306 6.51929 6.9607 7.22468 7.6149 7.66069 7.20995 7.58581 7.53894 7.47022 7.32279 7.1061 5.86711 4.15905 2.4467 1.65642 1.99616 0.686423 1.36354 2.34966 1.98912 0.714246 -1.43665 -1.73921 -2.23768 -4.23271 -6.15574 -9999 -9999 -6.04438 -3.62983 -1.92884 -1.05005 -0.775684 -0.746205 0.380662 0.473257 1.68705 1.41196 -0.176843 0.00895478 -0.607215 -0.198183 0.379335 0.540883 1.36749 2.163 2.31533 2.32176 2.58865 2.6451 2.66092 2.65569 2.47803 2.56174 2.5762 2.2588 0.375901 -0.540635 -1.5479 -4.9627 -9999 -9999 -9999 -9999
-9999 -9999 -9999 5.07779 5.65654 6.29017 6.39519 6.86541 6.81818 6.68921 7.34356 7.58496 7.26733 7.03897 7.46433 7.43609 7.38068 7.28863 6.12427 4.77661 2.73613 1.46838 0.695232 0.144985 -0.585018 -0.0781475 -0.232083 -0.438811 -0.199654 -0.792067 -1.97098 -3.14041 -5.32728 -6.51126 -9999 -5.91411 -4.82406 -2.80154 -1.08187 0.0112116 -0.377383 0.90361 1.14511 1.88893 1.4623 0.501819 0.0934515 0.0627392 -0.0584801 0.807563 1.39231 1.808 2.08526 2.43125 2.52057 2.60975 2.64794 2.66928 2.69069 2.68767 2.68236 2.64591 2.52783 1.66337 0.75065 -1.22888 -4.84762 -9999 -9999 -9999 -9999
-9999 -9999 3.39803 5.01382 5.98278 6.35972 6.63262 6.87349 7.04862 7.23316 7.40317 7.52225 7.47492 6.6303 6.70075 6.85389 7.33503 7.30133 7.19643 6.45971 3.97672 3.12019 1.86768 0.244228 -0.430896 -0.0906573 1.24156 1.18289 0.301865 -0.680242 -2.03773 -2.90333 -4.24575 -6.82139 -6.58977 -5.42883 -4.56444 -3.18958 -1.08809 0.386395 1.04659 1.29881 1.82229 2.09695 1.5128 0.958963 0.728722 0.296172 0.240983 0.250833 0.776534 1.18931 2.09706 2.40441 2.54778 2.62092 2.66084 2.69001 2.71852 2.72918 2.71317 2.71565 2.71051 2.65076 1.43229 -1.62014 -3.91697 -9999 -9999 -9999 -9999
-9999 -9999 -9999 4.71781 5.14568 5.25985 5.45745 5.85889 6.3212 6.9758 7.06219 7.42313 7.42266 6.69544 5.85453 6.58927 6.88146 7.1841 7.19353 7.09887 5.0135 3.92249 3.06368 1.50705 2.07229 2.60694 2.64837 2.32714 0.437376 -1.44494 -3.61517 -5.64339 -5.74087 -6.8335 -6.25525 -5.48854 -3.5195 -2.13304 -1.56941 -1.16327 0.974534 1.53474 1.73252 2.28511 1.54672 1.36889 0.81652 0.990493 0.948824 0.959055 -0.585513 0.97846 1.07556 2.09368 2.55383 2.66057 2.69052 2.7219 2.72786 2.73482 2.73138 2.74313 2.73073 2.71699 1.92625 -1.94604 -3.88663 -9999 -9999 -9999 -9999
-9999 -9999 -9999 -9999 -9999 4.86125 5.18854 5.39944 5.76211 6.86772 7.16722 7.36685 7.38576 7.0624 6.22983 6.01135 6.16494 5.35197 6.03325 6.9653 6.94273 6.83047 4.99664 4.06134 4.97114 4.69597 3.31779 2.23314 1.1624 -1.04151 -2.6547 -4.97928 -6.72515 -6.79163 -4.86623 -3.26665 -1.27433 -0.394404 -0.892964 -0.348387 0.716581 1.92578 2.51393 2.38319 1.60476 1.50583 0.650302 1.50689 1.58726 1.19995 0.86571 1.00964 1.51637 1.71211 2.5088 2.70363 2.74034 2.74771 2.75201 2.74957 2.74613 2.73853 2.73241 2.72411 2.69173 -1.28868 -4.38283 -9999 -9999 -9999 -9999
-9999 -9999 -9999 -9999 -9999 4.09884 4.2995 4.82168 6.15763 6.85849 7.14297 7.13579 7.26823 7.04069 6.30843 5.5564 4.84697 3.9318 4.4565 5.8432 6.66102 6.75468 5.14731 5.98731 5.67518 5.05862 3.25592 1.92739 1.22309 -0.892824 -2.70427 -4.25109 -6.38675 -5.47447 -4.4695 -3.17812 -1.00448 0.462824 1.0672 0.564567 1.24646 2.63728 2.65111 1.90011 1.95679 1.50634 0.33451 1.57131 1.925 1.6539 1.73324 1.63746 1.82946 2.174 2.50293 2.72202 2.75321 2.75804 2.75183 2.75227 2.75427 2.74058 2.74398 2.73568 2.71891 0.151185 -4.43939 -9999 -9999 -9999 -9999
-9999 -9999 -9999 -9999 -9999 -9999 3.40869 4.59613 6.36848 6.8104 6.77285 7.14045 7.17397 6.82368 6.51951 5.60636 4.35812 1.95945 2.57163 3.84823 5.68867 6.65633 6.52673 5.99201 5.05894 2.79927 0.82165 0.58202 0.258487 -1.2857 -2.68067 -4.40036 -3.40527 -2.31514 -1.12225 -0.495489 -0.658204 0.599218 1.62553 1.19358 2.02915 3.0043 2.57067 2.3175 2.10673 1.58446 1.56073 1.62485 2.33067 1.85568 2.15956 2.17522 2.16394 2.33386 2.5279 2.73072 2.7654 2.76708 2.77121 2.74875 2.75805 2.7482 2.73915 2.73175 2.71788 2.48938 0.0192868 -1.45505 -9999 -9999 -9999
-9999 -9999 -9999 -9999 -9999 -9999 2.31907 2.91275 5.01113 5.66082 6.58907 7.08278 7.10732 6.51467 6.18511 4.82382 4.38285 2.16419 1.16029 2.01417 1.68875 4.22274 6.46518 5.98063 1.45742 -0.180181 -1.3481 -1.04716 -1.04389 -1.47361 -3.84868 -4.50419 -2.37775 -1.03912 -0.00197627 0.784957 0.949333 0.923023 2.5273 2.74333 3.26811 3.16012 3.21451 2.41239 1.91923 2.36768 1.87172 1.79394 2.52278 1.82072 2.46993 2.40237 2.21512 2.20963 2.6362 2.72459 2.77164 2.77566 2.75985 2.73923 2.72847 2.74391 2.73991 2.71954 2.72448 2.70582 2.4169 1.14104 0.698987 1.20122 -9999
-9999 -9999 -9999 -9999 -9999 -9999 -9999 0.961504 3.87647 5.2094 5.91073 6.89702 7.01749 6.70401 6.13201 4.74517 3.52572 1.54255 -0.722449 -1.92144 1.67229 4.80027 6.43344 6.22248 2.45764 0.972522 0.904673 1.78094 1.04277 0.482759 -1.32182 -1.86183 -2.61238 -2.15088 -0.704549 0.477275 1.61696 2.44638 2.51576 3.05623 3.36953 3.39992 3.50264 3.41425 3.34395 2.57426 3.12191 2.67254 2.92345 2.77472 2.6407 2.52748 2.08619 2.40631 2.68945 2.76423 2.78844 2.77256 2.76937 2.75824 2.73292 2.72367 2.72428 2.72473 2.71415 2.71827 2.70997 2.57174 1.80646 0.780167 -0.517911
-9999 -9999 -9999 -9999 -9999 -9999 -9999 -0.490387 2.41018 3.80895 5.60864 6.53682 6.9142 6.86568 6.40234 5.3488 3.76263 2.44152 -0.087059 -2.71257 1.05857 4.42003 6.23404 6.33146 3.17042 4.04932 3.34134 3.62842 2.33076 1.7918 1.36643 0.433926 -0.585909 -1.701 -2.29004 0.362091 1.72425 2.82121 3.33977 3.63459 3.78404 3.70997 3.51786 2.34623 3.25129 3.21401 3.13242 3.03767 2.99565 2.90991 2.80714 2.75052 2.73269 2.44047 2.78064 2.7754 2.78136 2.78393 2.77592 2.75995 2.74627 2.72949 2.73227 2.72523 2.71732 2.71355 2.71496 2.71058 2.67357 2.47426 0.728829
-9999 -9999 -9999 -9999 -9999 -9999 -9999 -4.55971 -0.341181 3.05178 4.823 6.26554 6.66232 6.81107 6.1891 5.72418 4.58746 3.51119 1.85029 -0.638014 -2.16955 0.653967 4.7591 6.27469 6.16072 6.06751 5.2488 4.5109 4.41835 4.4744 3.61562 2.36364 0.725528 0.216185 -0.358553 1.61685 1.88496 1.74138 3.91543 3.92285 3.80271 2.97567 2.05006 2.23242 1.66528 2.1167 1.43726 2.07586 2.62868 2.83927 2.82869 2.76409 2.76095 2.7321 2.79375 2.79476 2.78683 2.78072 2.77775 2.7705 2.7463 2.73332 2.74425 2.73051 2.72083 2.71433 2.71811 2.71823 2.69189 2.66853 2.40444
-9999 -9999 -9999 -9999 -9999 -9999 -9999 -4.37329 -0.824356 2.18521 3.99187 5.72754 6.13095 6.71716 6.59165 6.10462 5.11665 3.88219 2.51544 0.380856 -1.20527 0.684215 3.4091 5.36146 6.06518 6.0606 6.01486 5.83041 5.75662 5.54109 5.38851 4.48941 2.94502 2.07027 0.79059 2.99233 3.23957 2.89587 3.99635 3.94348 2.28459 1.01058 0.855893 1.64068 0.905037 0.784588 0.331785 0.860121 2.26472 1.8638 1.95027 2.59187 2.70061 2.7716 2.79223 2.78985 2.78842 2.77894 2.78171 2.78443 2.76087 2.75092 2.74716 2.72541 2.72527 2.71214 2.70528 2.70069 2.68851 2.6673 2.5955
-9999 -9999 -9999 -9999 -9999 -9999 -9999 -4.29582 -1.91042 0.797953 3.45706 5.31048 6.05859 6.60346 6.59843 6.03214 5.54146 4.76794 3.5656 2.74131 1.30948 -0.655993 2.64252 3.65371 4.56054 4.94396 5.88571 5.86353 5.43305 4.93423 5.39846 5.26489 4.04018 3.63707 2.95697 4.18157 4.18469 4.15149 4.08725 2.68532 0.736558 -0.819819 0.306942 0.0771259 0.59795 -0.988904 0.331926 1.39552 1.74474 1.03415 0.50644 2.16238 2.44056 2.60616 2.71286 2.78338 2.76867 2.78707 2.77881 2.77542 2.77167 2.75931 2.75283 2.74094 2.7291 2.72001 2.71484 2.70032 2.68238 2.68553 2.65113
-9999 -9999 -9999 -9999 -9999 -9999 -9999 -9999 -3.3128 0.120757 3.18556 4.89216 5.96562 6.48887 6.48004 6.19077 5.85774 5.37835 4.51115 3.42165 1.69947 0.421367 1.23476 2.22546 2.34161 3.00184 4.91403 5.56769 4.64289 2.35628 3.71067 5.21639 5.19152 5.06264 4.91869 4.73434 4.56895 4.20706 3.23681 0.262027 -0.320554 -1.48485 -1.34811 -1.94266 -0.628993 -1.10856 0.241434 0.829767 1.05533 -0.182108 0.0891544 1.55572 2.13758 2.04492 2.40253 2.74382 2.75704 2.76864 2.76167 2.77076 2.77534 2.77178 2.75891 2.75041 2.74523 2.72306 2.7311 2.62458 2.55704 2.41575 2.60075
-9999 -9999 -9999 -9999 -9999 -9999 -9999 -9999 -3.99226 -0.566407 3.04279 4.20216 5.35939 6.35823 6.37838 5.93596 5.51532 5.08211 4.58887 3.26709 1.98544 0.761926 0.352027 0.599914 0.583667 1.65103 4.14192 4.62481 4.41976 2.03642 1.22766 3.23956 4.93037 5.06341 4.91015 2.92056 3.34512 2.27281 0.818612 0.42019 -0.214217 -1.55747 -0.905464 -1.8876 -1.46018 -1.5635 -0.79509 -0.417703 0.495115 -0.583073 -0.569897 0.870167 1.59718 1.61868 2.38074 2.65408 2.72747 2.74762 2.76266 2.7682 2.78253 2.77812 2.7698 2.75814 2.72531 2.64263 2.38294 0.948752 0.954837 1.35439 1.73278
-9999 -9999 -9999 -9999 -9999 -9999 -9999 -9999 -3.5944 -1.21677 1.98583 4.35828 4.50812 5.66189 6.25783 5.77671 5.23497 4.68076 4.4391 3.00042 1.42004 0.143393 -1.36797 -1.11774 -0.0307701 1.74845 3.35778 3.64619 3.3144 2.04058 2.64588 4.01818 4.74692 4.96197 4.79319 4.36038 4.11087 3.32166 2.9808 1.88512 0.171162 -0.501852 -0.070084 -1.88864 -1.75712 -1.07885 -1.78466 -0.599515 -0.029864 -1.42405 -0.301876 0.970043 1.62196 2.19208 2.46343 2.57321 2.73983 2.74668 2.76293 2.77292 2.77308 2.77568 2.75193 2.73295 2.58325 2.36113 1.02237 0.471262 0.584962 1.20954 1.75697
-9999 -9999 -9999 -9999 -9999 -9999 -9999 -9999 -3.18755 -1.04675 1.73026 3.42203 3.72539 5.00484 6.14262 6.01644 5.45276 5.28176 4.69765 3.47761 2.12994 0.656821 -0.0587922 -1.70543 -0.0823149 1.20394 2.56692 3.20496 2.16027 1.63242 2.56866 3.49938 3.87139 4.81145 4.80318 4.49783 3.1788 2.53652 2.81044 2.53608 2.05433 0.875654 0.826316 0.0708507 -0.23972 -0.532662 -1.48781 -0.867927 -0.801861 -0.627238 0.714034 1.37779 1.81892 2.22021 2.32782 2.50377 2.73102 2.75343 2.76404 2.76556 2.77232 2.75843 2.69731 2.64634 2.34183 1.80058 0.788003 -0.850155 0.314138 1.53149 1.89747
-9999 -9999 -9999 -9999 -9999 -9999 -9999 -9999 -3.5502 -1.2761 1.09744 2.09032 2.25962 4.57458 5.99237 5.99566 5.72891 5.41723 3.97286 4.05869 3.77063 2.44179 0.505699 -1.6208 -1.42038 -0.148711 1.64942 2.24548 0.513586 -0.100453 0.352543 1.75983 3.01964 4.33509 4.6699 4.28523 2.23151 0.049221 1.06397 2.14841 2.14492 1.83021 0.737431 0.392797 0.0813488 -0.714481 -2.05962 -1.85633 -1.47563 0.0499594 0.532753 1.27626 1.89417 1.66591 1.80454 2.39518 2.73517 2.75057 2.75917 2.77282 2.76762 2.75007 2.62556 2.49364 2.27047 0.854044 -0.0254987 -1.30484 0.19564 1.02634 1.47733
-9999 -9999 -9999 -9999 -9999 -9999 -9999 -9999 -4.25183 -2.60125 -0.332535 0.582362 2.0411 4.22882 5.30528 5.82175 5.81128 5.60382 4.95754 4.56935 3.80347 2.42098 0.530246 -1.57163 -2.93971 -2.24311 0.179879 0.759196 -0.843037 -1.65818 -0.641031 0.858822 3.07927 4.34837 4.52066 4.40715 3.98477 2.39196 0.467451 0.47615 1.44476 0.639042 -0.297605 0.222342 0.13006 -0.65593 -1.22657 -1.56761 -1.34106 -0.47008 -0.109474 0.748729 2.01342 2.1974 2.16476 2.69871 2.7281 2.74319 2.76583 2.76773 2.76535 2.75192 2.65081 2.42118 1.47912 0.658045 -0.485254 -0.624058 0.713954 1.29927 1.85011
-9999 -9999 -9999 -9999 -9999 -9999 -9999 -9999 -5.46123 -3.51946 -1.39411 0.595963 2.47878 4.09935 4.22544 5.08053 5.08033 5.52874 5.40136 4.80224 4.15727 2.96615 0.536966 -1.50558 -3.73328 -3.14517 -0.673048 -0.343527 -1.41774 -3.40317 -1.3512 0.911627 2.96259 4.07337 3.20452 4.09743 4.02564 3.42986 2.28495 0.50398 0.54004 -0.793632 -0.848971 -0.159693 0.0662682 -0.0446669 -0.472272 -1.15231 -1.02538 -0.493578 -0.356445 0.432469 1.41431 2.3741 2.53797 2.7234 2.73408 2.73977 2.75728 2.76172 2.74426 2.69778 2.59181 1.80231 0.862971 0.285353 -0.510539 -0.604693 0.934003 1.55237 1.90176
