Test_Spring_2018/12_17/Temp/20171212_010.txt
ncols	170
nrows	115
xllcorner	350000.000000
yllcorner	4445000.000000
cellsize	1000.000000
nodata_value	-9999.000000
[rows 32 to 63 of 115, columns 72 to 143 of 170]
14.8267 14.5883 14.9511 15.2847 15.0638 14.9152 15.457 15.4547 15.2642 14.8198 14.656 14.4866 14.3827 13.8141 12.2199 10.7828 11.5522 11.57 11.0371 11.9909 11.4856 10.169 8.3107 9.31861 9.05435 7.72955 7.39946 -9999 -9999 -9999 -9999 -9999 -9999 -9999 -9999 -9999 -9999 -9999 -9999 -9999 -9999 -9999 -9999 -9999 -9999 -9999 -9999 -9999 -9999 -9999 -9999 -9999 -9999 -9999 -9999 -9999 -9999 -9999 -9999 -9999 -9999 -9999 -9999 -9999 -9999 -9999 -9999 -9999 -9999 -9999 -9999 -9999
14.4999 14.3965 14.937 14.9233 14.8796 15.0566 15.3892 15.4553 15.3798 15.185 15.0164 14.8375 14.3854 13.735 12.3705 10.7347 10.3634 11.1633 11.2012 11.3292 10.8688 10.2906 9.38638 10.1246 10.4105 9.54206 8.39857 7.65837 -9999 -9999 -9999 -9999 -9999 -9999 -9999 -9999 -9999 -9999 -9999 -9999 -9999 -9999 -9999 -9999 -9999 -9999 -9999 -9999 -9999 -9999 -9999 -9999 -9999 -9999 -9999 -9999 -9999 -9999 -9999 -9999 -9999 -9999 -9999 -9999 -9999 -9999 -9999 -9999 -9999 -9999 -9999 -9999
14.1123 13.5844 13.9094 14.1527 14.5879 14.689 14.7548 15.3996 15.3633 15.3316 15.0538 14.8316 14.4645 13.8384 12.9474 11.8749 10.0079 11.1585 12.0594 12.0359 11.9859 11.5807 10.7121 11.4368 11.4696 10.3573 9.08111 8.34028 8.03363 -9999 -9999 -9999 -9999 -9999 -9999 -9999 -9999 -9999 -9999 -9999 -9999 -9999 -9999 -9999 -9999 -9999 -9999 -9999 -9999 -9999 -9999 -9999 -9999 -9999 -9999 -9999 -9999 -9999 -9999 -9999 -9999 -9999 -9999 -9999 -9999 -9999 -9999 -9999 -9999 -9999 -9999 -9999
13.6734 13.029 13.3561 13.7929 14.3992 14.7036 14.938 15.1292 15.3244 15.2991 15.0147 14.178 14.0577 14.0208 13.4378 12.2152 10.9943 10.6778 12.0525 12.4457 12.365 12.6714 11.9356 12.2819 12.1383 11.7411 10.5185 9.40735 8.95029 8.04775 -9999 -9999 -9999 -9999 -9999 -9999 -9999 -9999 -9999 -9999 -9999 -9999 -9999 -9999 -9999 -9999 -9999 -9999 -9999 -9999 -9999 -9999 -9999 -9999 -9999 -9999 -9999 -9999 -9999 -9999 -9999 -9999 -9999 -9999 -9999 -9999 -9999 -9999 -9999 -9999 -9999 -9999
-9999 -9999 12.6127 13.1977 13.6821 14.2797 14.792 15.0514 15.3036 15.281 14.7138 14.4358 14.4105 14.0281 13.3552 12.9329 12.1642 11.3634 11.6691 12.8415 12.3196 13.1498 13.0788 13.2304 12.6739 11.6051 10.1988 9.37079 8.96167 8.23005 -9999 -9999 -9999 -9999 -9999 -9999 -9999 -9999 -9999 -9999 -9999 -9999 -9999 -9999 -9999 -9999 -9999 -9999 -9999 -9999 -9999 -9999 -9999 -9999 -9999 -9999 -9999 -9999 -9999 -9999 -9999 -9999 -9999 -9999 -9999 -9999 -9999 -9999 -9999 -9999 -9999 -9999
-9999 -9999 -9999 13.0784 13.4449 14.2516 14.6545 14.8217 15.2296 15.2281 15.012 14.8486 14.6128 14.3054 13.7996 13.2419 12.519 12.4522 13.2024 13.2117 13.0549 13.1777 13.5624 13.4598 12.5951 11.1001 10.3147 8.71339 8.03017 8.09927 7.61503 -9999 -9999 -9999 -9999 -9999 -9999 -9999 -9999 -9999 -9999 -9999 -9999 9.4877 -9999 -9999 -9999 -9999 -9999 -9999 -9999 -9999 -9999 -9999 -9999 -9999 -9999 -9999 -9999 -9999 -9999 -9999 -9999 -9999 6.63331 -9999 -9999 -9999 -9999 -9999 -9999 -9999
-9999 -9999 13.0085 13.4935 13.8839 14.388 14.4295 14.721 15.19 15.1942 15.0401 14.8666 14.4794 14.3829 14.0948 13.4894 13.3658 13.6115 13.7249 13.8533 13.9323 13.8681 13.7115 13.5089 12.9391 12.2496 11.7862 10.3295 9.58539 8.88014 7.81347 6.97909 -9999 -9999 -9999 -9999 -9999 -9999 -9999 8.90931 8.87271 8.89478 9.13176 9.78032 9.40421 -9999 -9999 -9999 -9999 -9999 -9999 -9999 -9999 -9999 -9999 -9999 -9999 -9999 -9999 -9999 -9999 -9999 -9999 -9999 7.20716 6.37146 -9999 -9999 -9999 -9999 -9999 -9999
-9999 -9999 13.1193 13.648 13.9101 14.3992 14.6772 14.8473 15.0076 15.161 15.1322 14.9402 14.6498 14.6508 14.2522 14.0376 13.8848 14.2173 14.2836 14.1511 13.9845 13.8369 13.4189 13.3697 13.2188 12.7804 12.0616 11.3208 10.2462 8.79797 7.37785 6.23246 -9999 -9999 -9999 -9999 -9999 -9999 9.01582 9.55498 9.87948 9.20009 9.78701 10.3237 10.2419 9.72191 -9999 -9999 -9999 -9999 -9999 -9999 -9999 -9999 -9999 -9999 -9999 -9999 -9999 -9999 11.1628 10.3058 8.57126 7.68406 7.15334 6.39394 -9999 -9999 -9999 -9999 -9999 -9999
-9999 -9999 13.0052 13.6299 14.0515 14.425 14.4809 14.857 15.0189 15.0995 15.0868 15.047 14.9922 14.6438 14.4941 13.9691 14.4725 14.4545 14.3284 13.8258 13.6082 12.744 12.3632 12.2647 12.9903 12.451 11.3268 9.92183 8.22726 8.11686 7.55776 6.53361 -9999 -9999 -9999 -9999 -9999 -9999 9.17074 9.7475 10.2298 10.3033 9.62846 10.5798 10.5412 10.0146 9.8976 10.3352 10.5583 10.3948 10.92 11.0743 10.8424 11.1014 -9999 -9999 -9999 -9999 11.2662 11.3041 11.3337 10.9788 9.08367 7.79065 6.62998 6.52464 -9999 -9999 -9999 -9999 -9999 -9999
-9999 -9999 13.432 13.8148 14.0059 14.0328 14.3668 14.6937 14.8952 15.039 15.0058 14.9914 14.977 14.8576 14.5815 14.6319 14.6106 14.4507 13.4934 12.3758 12.8643 12.204 10.7731 11.9251 12.5581 11.947 10.5848 9.0054 8.4798 8.50026 7.72286 6.72096 -9999 -9999 -9999 7.58279 8.40574 8.4798 8.72502 9.49336 10.079 10.524 10.8268 10.8158 10.5056 9.99075 9.43052 9.63451 10.6512 10.9009 11.1132 11.2729 11.0575 11.1713 11.4444 11.5867 11.6174 11.5561 11.5443 11.5695 11.5404 11.2094 9.51683 8.54877 7.93268 6.69005 -9999 -9999 -9999 -9999 -9999 -9999
-9999 -9999 13.1767 13.5088 13.7764 14.2201 14.2626 14.5438 14.7028 14.9501 14.9757 14.6782 14.9211 14.8891 14.8438 14.7479 14.6073 13.7997 12.6861 11.5694 11.0543 11.2673 10.4114 10.8475 11.4887 11.2547 10.4135 9.00593 8.80487 8.46953 7.16472 5.90765 -9999 -9999 5.97814 7.55464 8.66585 9.24075 9.42138 9.44227 10.1795 10.2414 11.0349 10.8492 9.81053 9.93169 9.53211 9.79837 10.171 10.2756 10.8109 11.3307 11.43 11.4342 11.6088 11.6463 11.6577 11.6556 11.5413 11.5979 11.6095 11.4045 10.1776 9.58149 8.92303 6.69637 -9999 -9999 -9999 -9999 -9999 -9999
-9999 -9999 13.3348 13.7058 14.1122 14.1735 14.4731 14.4387 14.3411 14.7624 14.9139 14.7031 14.5517 14.8281 14.8095 14.7739 14.7151 13.9566 13.0786 11.7481 10.9216 10.4093 10.0491 9.56167 9.88967 9.78597 9.64758 9.80016 9.41266 8.63321 7.86727 6.4378 5.66357 -9999 6.05253 6.76458 8.08586 9.20986 9.92514 9.67336 10.5114 10.6706 11.1515 10.8736 10.2451 9.97498 9.95435 9.8745 10.439 10.822 11.089 11.2695 11.4959 11.5542 11.6127 11.6383 11.6533 11.6687 11.6685 11.667 11.6455 11.5707 11.0088 10.4127 9.12246 6.76271 -9999 -9999 -9999 -9999 -9999 -9999
-9999 12.2428 13.2848 13.9098 14.148 14.3182 14.4676 14.5743 14.6819 14.7894 14.8621 14.8267 14.2731 14.318 14.418 14.7331 14.7127 14.6462 14.1673 12.5482 11.984 11.1617 10.1003 9.65373 9.87265 10.7387 10.6967 10.1177 9.47288 8.57752 8.01176 7.13335 5.45079 5.60126 6.35906 6.92395 7.82264 9.19608 10.1605 10.5935 10.7602 11.099 11.2791 10.8953 10.5321 10.3812 10.0981 10.0612 10.0667 10.4088 10.6743 11.2679 11.4682 11.5624 11.6104 11.6371 11.6572 11.6773 11.6861 11.6778 11.6818 11.6809 11.6422 10.849 8.85685 7.35984 -9999 -9999 -9999 -9999 -9999 -9999
-9999 -9999 13.0833 13.3545 13.4206 13.5411 13.7948 14.0886 14.503 14.5537 14.7848 14.782 14.3046 13.7549 14.2347 14.4267 14.6262 14.6346 14.575 13.2087 12.4961 11.9343 10.9163 11.2793 11.6248 11.648 11.4343 10.1967 8.96395 7.53819 6.21186 6.14644 5.43285 5.80979 6.31035 7.59644 8.50286 8.87263 9.13988 10.5376 10.9021 11.0303 11.3913 10.9093 10.7915 10.4302 10.5428 10.5146 10.5201 9.51082 10.5278 10.5908 11.2553 11.5566 11.6271 11.6473 11.6689 11.6743 11.6808 11.6808 11.6908 11.6838 11.676 11.1617 8.63573 7.37121 -9999 -9999 -9999 -9999 -9999 -9999
-9999 -9999 -9999 -9999 13.1511 13.3558 13.4848 13.7133 14.4221 14.6119 14.7378 14.7469 14.5339 13.99 13.8479 13.9496 13.4211 13.8672 14.4748 14.4603 14.3864 13.188 12.5725 13.1631 12.9798 12.0761 11.3639 10.6606 9.21787 8.15586 6.63608 5.49469 5.45024 6.70673 7.75156 9.05297 9.62888 9.30543 9.66316 10.3578 11.148 11.5326 11.4474 10.9391 10.8728 10.3134 10.8715 10.9228 10.6687 10.4494 10.5395 10.8699 10.9976 11.5179 11.6457 11.6711 11.677 11.6814 11.6818 11.6818 11.678 11.676 11.6725 11.6531 9.05657 7.03901 -9999 -9999 -9999 -9999 -9999 -9999
-9999 -9999 -9999 -9999 12.6441 12.766 13.098 13.9617 14.4065 14.5866 14.5776 14.661 14.5108 14.0324 13.5422 13.0807 12.4848 12.8287 13.7346 14.2686 14.329 13.2782 13.8214 13.6142 13.2079 12.027 11.1554 10.6913 9.30589 8.1146 7.10257 5.70684 6.30139 6.95718 7.80064 9.22071 10.1801 10.5765 10.2496 10.696 11.6047 11.6143 11.1241 11.1609 10.865 10.099 10.9052 11.1348 10.9566 11.0071 10.9409 11.0659 11.2908 11.5058 11.6495 11.6709 11.6755 11.6731 11.6754 11.6784 11.6714 11.6756 11.672 11.6628 9.98828 6.99386 -9999 -9999 -9999 -9999 -9999 -9999
-9999 -9999 -9999 -9999 -9999 12.1752 12.9415 14.0902 14.3661 14.3363 14.5721 14.5912 14.361 14.1622 13.567 12.7538 11.1897 11.5906 12.4246 13.6258 14.2566 14.1703 13.816 13.2034 11.7244 10.4292 10.2684 10.0529 9.04076 8.12146 6.99673 7.64476 8.35555 9.13414 9.54387 9.43887 10.2613 10.933 10.6525 11.1991 11.8365 11.5538 11.3885 11.2506 10.9077 10.8911 10.9318 11.3912 11.0799 11.2771 11.2836 11.276 11.387 11.5141 11.6473 11.671 11.6735 11.6779 11.6651 11.6731 11.6686 11.6645 11.6615 11.6541 11.5064 9.89611 8.93509 -9999 -9999 -9999 -9999 -9999
-9999 -9999 -9999 -9999 -9999 11.4547 11.8338 13.1956 13.6073 14.2082 14.5267 14.5402 14.152 13.9362 13.0483 12.7622 11.3154 10.6613 11.2192 11.0065 12.6595 14.1214 13.7998 10.8436 9.77069 9.00412 9.19629 9.19423 8.90976 7.3508 6.92092 8.30763 9.18079 9.85785 10.3722 10.4803 10.4649 11.5137 11.6563 12 11.9302 11.966 11.4423 11.1199 11.4106 11.0858 11.0338 11.5083 11.0488 11.4715 11.4238 11.3015 11.2981 11.5771 11.6356 11.6675 11.6714 11.6629 11.6511 11.6461 11.658 11.6572 11.6456 11.6504 11.6396 11.453 10.6215 10.3342 10.6631 -9999 -9999 -9999
-9999 -9999 -9999 -9999 -9999 -9999 10.5513 12.4467 13.3046 13.7578 14.3982 14.4745 14.265 13.8928 12.9891 12.1946 10.9014 9.42379 8.6416 10.987 13.0275 14.0916 13.9485 11.4874 10.5141 10.4658 11.0337 10.5479 10.1787 8.99219 8.63794 8.14691 8.44769 9.39021 10.1625 10.9082 11.4513 11.4981 11.8521 12.058 12.0784 12.1456 12.0878 12.0413 11.5369 11.8934 11.5989 11.7615 11.6634 11.5749 11.4975 11.2095 11.4188 11.6042 11.654 11.6702 11.6616 11.6613 11.6558 11.6408 11.6371 11.6391 11.641 11.6355 11.6396 11.6362 11.5472 11.0489 10.3801 9.53385 -9999 -9999
-9999 -9999 -9999 -9999 -9999 -9999 9.59491 11.4815 12.3826 13.5532 14.1509 14.3937 14.3626 14.0612 13.3748 12.3408 11.4795 9.82956 8.11574 10.5774 12.7699 13.952 14.013 11.9433 12.5133 12.0474 12.231 11.3803 11.0252 10.739 10.1288 9.46224 8.73102 8.34634 10.0791 10.97 11.6877 12.0275 12.221 12.3192 12.2718 12.1469 11.3819 11.9721 11.9458 11.8916 11.8287 11.8003 11.7434 11.6756 11.6351 11.6236 11.4334 11.6548 11.6522 11.6578 11.6612 11.6577 11.6489 11.6415 11.6319 11.6357 11.6333 11.6295 11.6283 11.6312 11.6296 11.6067 11.4778 10.3396 9.6606 9.47459
-9999 -9999 -9999 -9999 -9999 -9999 6.92985 9.67736 11.8728 13.0262 13.9623 14.221 14.3185 13.9134 13.6111 12.8702 12.1684 11.0846 9.46015 8.45958 10.3021 12.9796 13.9661 13.8855 13.8213 13.2834 12.7983 12.7347 12.7683 12.1991 11.3756 10.3064 9.97262 9.59877 10.8897 11.0663 10.9741 12.3944 12.4002 12.3224 11.7827 11.1792 11.2978 10.9279 11.2207 10.7763 11.1923 11.5523 11.6891 11.6816 11.6359 11.6318 11.614 11.6545 11.6568 11.6533 11.651 11.6507 11.6476 11.6333 11.6261 11.6345 11.6275 11.6223 11.6205 11.625 11.6263 11.6104 11.5963 11.4252 11.1655 10.6674
-9999 -9999 -9999 -9999 -9999 -9999 7.03419 9.33749 11.2986 12.4704 13.6023 13.8653 14.2483 14.1671 13.85 13.2059 12.4007 11.5086 10.1149 9.07859 10.3105 12.0881 13.36 13.813 13.8071 13.7741 13.6507 13.5932 13.4503 13.3421 12.7549 11.7443 11.1742 10.3402 11.7788 11.9416 11.7185 12.438 12.4043 11.322 10.4905 10.3894 10.9022 10.4214 10.3408 10.0458 10.39 11.3062 11.041 11.0973 11.5124 11.5842 11.6304 11.6452 11.6453 11.646 11.6415 11.6449 11.6482 11.6343 11.629 11.6278 11.6146 11.6167 11.6091 11.6066 11.6065 11.5998 11.5872 11.5417 11.4897 11.5529
-9999 -9999 -9999 -9999 -9999 -9999 7.07156 8.61909 10.384 12.1118 13.3206 13.8087 14.1645 14.1617 13.7927 13.4729 12.9683 12.1834 11.6448 10.7092 9.42477 11.576 12.2347 12.8205 13.0611 13.6727 13.6554 13.3719 13.0375 13.3398 13.2491 12.4502 12.1879 11.7451 12.5458 12.5491 12.5286 12.4877 11.5733 10.3017 9.28592 10.0213 9.87099 10.2115 9.1738 10.0322 10.7257 10.9531 10.4909 10.1464 11.2236 11.4045 11.5138 11.5849 11.6325 11.6245 11.6381 11.6343 11.6336 11.6325 11.6257 11.6226 11.6159 11.6092 11.6056 11.6043 11.596 11.5828 11.5862 11.5672 11.5612 11.5574
-9999 -9999 -9999 -9999 -9999 -9999 -9999 7.68912 9.92096 11.92 13.0332 13.7337 14.0754 14.0701 13.8817 13.6646 13.3517 12.7852 12.0731 10.9476 10.1115 10.6403 11.2851 11.3548 11.783 13.0285 13.4527 12.8469 11.3434 12.2231 13.2061 13.1904 13.1072 13.0143 12.8969 12.7901 12.555 11.9225 9.98139 9.59953 8.83953 8.92856 8.54005 9.39795 9.08314 9.96371 10.3472 10.4941 9.68618 9.85838 10.8147 11.1956 11.1365 11.3715 11.5978 11.608 11.6171 11.6141 11.6215 11.6259 11.6248 11.6154 11.6108 11.6083 11.596 11.6036 11.5352 11.4924 11.4015 11.5238 11.5396 11.5501
-9999 -9999 -9999 -9999 -9999 -9999 -9999 7.22719 9.46128 11.8158 12.5717 13.3268 13.9788 13.9921 13.7036 13.4291 13.1461 12.8236 11.96 11.1221 10.3219 10.0524 10.2122 10.1963 10.8906 12.5142 12.8273 12.6917 11.1204 10.5923 11.9057 13.01 13.0976 12.9986 11.7009 11.9791 11.2801 10.3316 10.0721 9.65829 8.78156 9.20706 8.56571 8.84438 8.77633 9.27748 9.5235 10.1192 9.41541 9.41898 10.3579 10.8336 10.849 11.3479 11.5279 11.5774 11.5922 11.6035 11.6085 11.6191 11.6174 11.6131 11.6065 11.586 11.5331 11.3659 10.4325 10.4377 10.7 10.9485 11.3987 11.5266
-9999 -9999 -9999 -9999 -9999 -9999 -9999 7.47495 9.02501 11.1142 12.6619 12.7593 13.5123 13.9013 13.5872 13.2335 12.8715 12.7132 11.7733 10.7406 9.90589 8.91776 9.07936 9.78707 10.9432 11.9917 12.1783 11.9602 11.1127 11.5077 12.4037 12.8798 13.021 12.9117 12.6301 12.4681 11.9538 11.7321 11.0174 9.89896 9.45983 9.7417 8.55455 8.64026 9.08285 8.6217 9.39519 9.76704 8.85715 9.58243 10.4136 10.8403 11.2138 11.3923 11.4655 11.5758 11.5818 11.5939 11.6018 11.6032 11.6061 11.5918 11.5805 11.4838 11.34 10.4672 10.1117 10.1874 10.5966 10.9555 11.3314 11.4874
-9999 -9999 -9999 -9999 -9999 -9999 -9999 7.72805 9.12368 10.9351 12.0385 12.236 13.0708 13.8133 13.7309 13.3627 13.2508 12.869 12.0719 11.1913 10.2286 9.76015 8.68388 9.7419 10.5765 11.4646 11.8796 11.1804 10.8355 11.4466 12.0543 12.2976 12.9119 12.9073 12.7088 11.8486 11.4302 11.6097 11.4311 11.1171 10.348 10.316 9.82298 9.6203 9.42912 8.80542 9.21012 9.25341 9.36545 10.2358 10.6701 10.9592 11.2224 11.294 11.4103 11.5601 11.5762 11.5846 11.587 11.5927 11.585 11.5463 11.5142 11.3166 10.9645 10.3048 9.24001 10.0015 10.7977 11.0372 11.273 11.3964
-9999 -9999 -9999 -9999 -9999 -9999 -9999 7.4784 8.96117 10.5092 11.1564 11.2662 12.7769 13.7021 13.704 13.5297 13.3259 12.3827 12.4381 12.2494 11.3811 10.1162 8.72704 8.85669 9.6827 10.8544 11.2424 10.0943 9.69329 9.98898 10.9078 11.7306 12.5898 12.8091 12.5587 11.2189 9.79519 10.4583 11.1668 11.165 10.96 10.247 10.0223 9.81927 9.3 8.42158 8.55487 8.80368 9.79149 10.1075 10.5939 10.9983 10.8506 10.9424 11.3294 11.5527 11.5642 11.5713 11.5816 11.5796 11.5695 11.4895 11.4047 11.2603 10.3371 9.76429 8.93261 9.91485 10.4587 10.7509 11.2688 11.3951
-9999 -9999 -9999 -9999 -9999 -9999 -9999 7.00712 8.08295 9.56258 10.1588 11.1103 12.5378 13.2401 13.5769 13.5698 13.4341 13.012 12.7581 12.2577 11.3546 10.1197 8.74687 7.85296 8.30675 9.88368 10.2557 9.19742 8.66518 9.32916 10.3084 11.7582 12.5871 12.7002 12.6268 12.3518 11.3128 10.0573 10.0637 10.6966 10.1712 9.56029 9.90014 9.84032 9.32766 8.95556 8.73308 8.87916 9.44187 9.67817 10.2394 11.066 11.1873 11.1673 11.5172 11.5378 11.5491 11.5653 11.568 11.5678 11.5605 11.4959 11.3474 10.7339 10.1994 9.45454 9.36543 10.2438 10.6266 10.9848 11.2406 11.3263
-9999 -9999 -9999 -9999 -9999 -9999 -9999 6.20412 7.47006 8.85608 10.154 11.3822 12.4395 12.5213 13.0792 13.0788 13.3713 13.288 12.8967 12.4754 11.6975 10.1114 8.77757 7.3228 7.706 9.31652 9.51217 8.81077 7.51468 8.85414 10.3314 11.6705 12.396 11.8294 12.4129 12.3667 11.9786 11.232 10.0702 10.0945 9.22465 9.1892 9.63976 9.78784 9.71598 9.43739 8.99374 9.07497 9.41626 9.50672 10.0227 10.6647 11.2924 11.4006 11.5229 11.5312 11.5364 11.5492 11.5536 11.5437 11.5148 11.4472 10.9334 10.3217 9.94626 9.4283 9.36843 10.3768 10.7824 11.0091 11.2305 11.3199
-9999 -9999 -9999 -9999 -9999 -9999 -9999 -9999 7.32789 8.75976 9.81932 10.1045 11.0442 11.5517 11.9446 12.032 13.1529 13.2152 12.9674 12.5806 11.9174 10.714 9.8755 8.48028 7.47731 7.88712 8.06614 8.43514 8.32701 8.92475 10.3443 11.8234 11.9858 11.048 11.1885 11.3866 11.8288 11.6074 10.0237 9.22027 8.5539 9.03155 9.534 9.65768 9.6847 9.59112 9.4859 9.2941 9.96599 10.464 10.582 11.0166 11.3382 11.4294 11.4988 11.5102 11.5217 11.5249 11.5096 11.4993 11.4225 11.2467 10.6716 9.28404 9.35226 9.20513 8.77583 9.75709 10.3853 10.9409 11.2376 11.3166
-9999 -9999 -9999 -9999 -9999 -9999 -9999 -9999 6.83855 8.49527 8.84484 8.81851 8.26966 8.52238 10.557 10.9671 12.0422 13.0603 12.9862 12.607 11.9867 11.2703 10.1608 8.59177 7.34498 6.80722 8.14952 9.46385 9.73646 10.1577 11.0279 11.194 10.2353 9.33655 9.84325 10.1492 11.3107 11.5243 11.3011 10.348 9.25796 8.69028 9.36618 9.45893 9.50214 9.51298 9.4954 9.46984 10.2278 10.6482 10.9407 11.1015 11.3781 11.4512 11.4767 11.5009 11.4991 11.4882 11.4481 11.4022 11.1892 10.9307 9.98667 9.20019 8.71102 8.08921 9.50136 9.92242 10.5095 10.8901 11.1852 11.2522
