Test_Spring_2018/12_17/Temp/20171229_015.txt
ncols	170
nrows	115
xllcorner	350000.000000
yllcorner	4445000.000000
cellsize	1000.000000
nodata_value	-9999.000000
[rows 32 to 63 of 115, columns 72 to 143 of 170]
8.39098 8.07741 8.58161 9.0464 8.7722 8.59497 9.35141 9.35912 9.11051 8.5161 8.3031 8.08205 7.94982 7.18544 5.026 3.0802 4.13584 4.16927 3.45385 4.76099 4.08384 2.30333 -0.213757 1.16798 0.819471 -0.96121 -1.39144 -9999 -9999 -9999 -9999 -9999 -9999 -9999 -9999 -9999 -9999 -9999 -9999 -9999 -9999 -9999 -9999 -9999 -9999 -9999 -9999 -9999 -9999 -9999 -9999 -9999 -9999 -9999 -9999 -9999 -9999 -9999 -9999 -9999 -9999 -9999 -9999 -9999 -9999 -9999 -9999 -9999 -9999 -9999 -9999 -9999
7.96424 7.83396 8.57964 8.57183 8.53214 8.80431 9.27626 9.37711 9.28502 9.0303 8.81095 8.5772 7.97164 7.09608 5.24919 3.03322 2.53723 3.63446 3.69532 3.87896 3.26254 2.48606 1.26642 2.28107 2.68045 1.51412 -0.0163349 -0.997771 -9999 -9999 -9999 -9999 -9999 -9999 -9999 -9999 -9999 -9999 -9999 -9999 -9999 -9999 -9999 -9999 -9999 -9999 -9999 -9999 -9999 -9999 -9999 -9999 -9999 -9999 -9999 -9999 -9999 -9999 -9999 -9999 -9999 -9999 -9999 -9999 -9999 -9999 -9999 -9999 -9999 -9999 -9999 -9999
7.4546 6.74662 7.19909 7.54071 8.16511 8.32999 8.43054 9.31869 9.28006 9.24735 8.87965 8.5873 8.09757 7.25525 6.05254 4.60277 2.07226 3.6464 4.88091 4.85814 4.79965 4.25821 3.08675 4.08273 4.13772 2.6468 0.943834 -0.0539936 -0.4614 -9999 -9999 -9999 -9999 -9999 -9999 -9999 -9999 -9999 -9999 -9999 -9999 -9999 -9999 -9999 -9999 -9999 -9999 -9999 -9999 -9999 -9999 -9999 -9999 -9999 -9999 -9999 -9999 -9999 -9999 -9999 -9999 -9999 -9999 -9999 -9999 -9999 -9999 -9999 -9999 -9999 -9999 -9999
6.87481 6.00827 6.46345 7.06824 7.91811 8.35853 8.69697 8.96817 9.24468 9.22109 8.84461 7.71669 7.56277 7.522 6.73828 5.0843 3.43252 3.01094 4.88963 5.43346 5.33296 5.75914 4.76803 5.24903 5.06388 4.54224 2.90688 1.41375 0.801825 -0.416221 -9999 -9999 -9999 -9999 -9999 -9999 -9999 -9999 -9999 -9999 -9999 -9999 -9999 -9999 -9999 -9999 -9999 -9999 -9999 -9999 -9999 -9999 -9999 -9999 -9999 -9999 -9999 -9999 -9999 -9999 -9999 -9999 -9999 -9999 -9999 -9999 -9999 -9999 -9999 -9999 -9999 -9999
-9999 -9999 5.46913 6.28912 6.96758 7.79836 8.51535 8.87973 9.23401 9.21432 8.45364 8.08584 8.06135 7.55072 6.64469 6.07921 5.04236 3.96174 4.38626 5.98957 5.28865 6.42702 6.33987 6.55594 5.80907 4.38863 2.48796 1.38031 0.833766 -0.151594 -9999 -9999 -9999 -9999 -9999 -9999 -9999 -9999 -9999 -9999 -9999 -9999 -9999 -9999 -9999 -9999 -9999 -9999 -9999 -9999 -9999 -9999 -9999 -9999 -9999 -9999 -9999 -9999 -9999 -9999 -9999 -9999 -9999 -9999 -9999 -9999 -9999 -9999 -9999 -9999 -9999 -9999
-9999 -9999 -9999 6.14303 6.66137 7.77074 8.3452 8.58451 9.15099 9.16045 8.87747 8.66592 8.35518 7.94677 7.26796 6.51815 5.54348 5.46098 6.48962 6.51067 6.30596 6.48187 7.01439 6.88457 5.72585 3.71764 2.65999 0.502334 -0.416798 -0.312741 -0.961553 -9999 -9999 -9999 -9999 -9999 -9999 -9999 -9999 -9999 -9999 -9999 -9999 1.68199 -9999 -9999 -9999 -9999 -9999 -9999 -9999 -9999 -9999 -9999 -9999 -9999 -9999 -9999 -9999 -9999 -9999 -9999 -9999 -9999 -2.04729 -9999 -9999 -9999 -9999 -9999 -9999 -9999
-9999 -9999 6.0399 6.73116 7.27452 7.97286 8.047 8.46456 9.1147 9.13231 8.93405 8.70899 8.19256 8.07098 7.68824 6.87345 6.71351 7.0557 7.21788 7.40054 7.51625 7.43761 7.23368 6.96765 6.22407 5.29681 4.67735 2.70797 1.71499 0.766142 -0.674534 -1.79956 -9999 -9999 -9999 -9999 -9999 -9999 -9999 0.887403 0.843538 0.8794 1.20762 2.0958 1.59043 -9999 -9999 -9999 -9999 -9999 -9999 -9999 -9999 -9999 -9999 -9999 -9999 -9999 -9999 -9999 -9999 -9999 -9999 -9999 -1.25236 -2.38302 -9999 -9999 -9999 -9999 -9999 -9999
-9999 -9999 6.22492 6.95639 7.32569 8.00421 8.3959 8.65328 8.88402 9.10498 9.07761 8.82766 8.4431 8.45414 7.92105 7.63755 7.43754 7.89741 7.99511 7.82249 7.6038 7.41138 6.85174 6.79439 6.61952 6.03412 5.06767 4.07155 2.63014 0.671074 -1.24994 -2.79763 -9999 -9999 -9999 -9999 -9999 -9999 1.04365 1.78276 2.22967 1.31102 2.11485 2.85058 2.74527 2.05804 -9999 -9999 -9999 -9999 -9999 -9999 -9999 -9999 -9999 -9999 -9999 -9999 -9999 -9999 4.11985 2.95974 0.605944 -0.595224 -1.31137 -2.33836 -9999 -9999 -9999 -9999 -9999 -9999
-9999 -9999 6.08378 6.94629 7.53322 8.05515 8.14547 8.67988 8.9166 9.03912 9.03404 8.99126 8.92735 8.46318 8.26841 7.56246 8.25464 8.23729 8.0728 7.39638 7.10795 5.94044 5.43138 5.3257 6.32326 5.60099 4.08357 2.1845 -0.0996525 -0.238774 -0.988169 -2.37053 -9999 -9999 -9999 -9999 -9999 -9999 1.2718 2.06166 2.72274 2.82779 1.91495 3.21427 3.18042 2.47028 2.3176 2.91969 3.23026 3.01957 3.7397 3.9568 3.64851 4.00789 -9999 -9999 -9999 -9999 4.26419 4.32133 4.36704 3.8896 1.31718 -0.436151 -2.0093 -2.14167 -9999 -9999 -9999 -9999 -9999 -9999
-9999 -9999 6.67773 7.21182 7.48593 7.53716 8.00649 8.47458 8.76534 8.98026 8.94704 8.93869 8.92934 8.77624 8.40918 8.48538 8.46356 8.25289 6.95759 5.44426 6.1161 5.22116 3.29549 4.87751 5.74944 4.92988 3.08925 0.953583 0.259873 0.299105 -0.746706 -2.09539 -9999 -9999 -9999 -0.887303 0.238951 0.345806 0.684861 1.735 2.5364 3.14383 3.56045 3.55991 3.14585 2.45161 1.69606 1.98038 3.37049 3.71769 4.01651 4.2411 3.95559 4.1191 4.49761 4.69779 4.74596 4.66868 4.65836 4.6981 4.66388 4.21887 1.92034 0.608834 -0.223705 -1.89945 -9999 -9999 -9999 -9999 -9999 -9999
-9999 -9999 6.34991 6.81538 7.19393 7.81547 7.88871 8.28628 8.52499 8.87602 8.9232 8.52979 8.87056 8.83626 8.78278 8.65962 8.47512 7.38305 5.87457 4.3623 3.6687 3.97639 2.82145 3.4292 4.3126 4.00231 2.87595 0.974268 0.713782 0.277876 -1.48621 -3.18493 -9999 -9999 -3.06034 -0.908326 0.609854 1.39769 1.64853 1.6816 2.6887 2.77724 3.86107 3.62177 2.21642 2.38724 1.84769 2.21677 2.73323 2.883 3.62246 4.33548 4.47786 4.49089 4.73536 4.79314 4.81497 4.8182 4.66842 4.75074 4.77162 4.49788 2.83421 2.02858 1.14259 -1.87677 -9999 -9999 -9999 -9999 -9999 -9999
-9999 -9999 6.5854 7.10469 7.67268 7.77137 8.19439 8.15939 8.04912 8.63612 8.85559 8.58034 8.38465 8.76966 8.75219 8.71081 8.63706 7.61134 6.42295 4.61943 3.502 2.82189 2.34134 1.69784 2.15565 2.02686 1.85135 2.07189 1.55581 0.516016 -0.513557 -2.44753 -3.48989 -9999 -2.94232 -1.96616 -0.162424 1.37202 2.34975 2.01153 3.15535 3.37594 4.04151 3.66837 2.82063 2.4613 2.43971 2.33795 3.11297 3.63954 4.01408 4.26702 4.58116 4.66776 4.75444 4.79602 4.82277 4.84969 4.85499 4.85832 4.83402 4.73728 3.97788 3.17578 1.42642 -1.7742 -9999 -9999 -9999 -9999 -9999 -9999
-9999 5.09019 6.52932 7.39484 7.73472 7.98227 8.20148 8.36248 8.53072 8.68859 8.80056 8.76435 8.02151 8.09145 8.23508 8.67016 8.64829 8.56333 7.91745 5.72112 4.96746 3.86177 2.42813 1.83538 2.14525 3.33601 3.29202 2.51807 1.65457 0.456616 -0.301667 -1.48462 -3.76335 -3.54875 -2.50923 -1.73331 -0.504544 1.36894 2.68526 3.27816 3.50843 3.9787 4.22818 3.7127 3.22572 3.02659 2.648 2.60467 2.61932 3.09226 3.46432 4.27786 4.55773 4.69224 4.76467 4.8078 4.84153 4.8748 4.89228 4.88613 4.89644 4.9 4.85519 3.78153 1.07949 -0.947768 -9999 -9999 -9999 -9999 -9999 -9999
-9999 -9999 6.26717 6.65207 6.75846 6.93899 7.30063 7.71648 8.30205 8.38482 8.71169 8.71838 8.07922 7.34002 8.00009 8.26746 8.5443 8.5609 8.48516 6.63994 5.67903 4.92427 3.54995 4.05853 4.54103 4.58577 4.3087 2.6392 0.976528 -0.942803 -2.73438 -2.81163 -3.77174 -3.24988 -2.56025 -0.803445 0.435691 0.943766 1.31151 3.21626 3.71957 3.89925 4.39501 3.7444 3.59102 3.10566 3.26539 3.23388 3.24873 1.88341 3.27755 3.37056 4.28162 4.69795 4.8002 4.8345 4.87023 4.88349 4.89773 4.90278 4.92133 4.91853 4.91445 4.22056 0.790679 -0.920427 -9999 -9999 -9999 -9999 -9999 -9999
-9999 -9999 -9999 -9999 6.40482 6.70038 6.89274 7.22005 8.20604 8.47801 8.66166 8.6852 8.4052 7.67334 7.48712 7.63149 6.91784 7.53064 8.36569 8.35347 8.26155 6.64107 5.81748 6.63292 6.3964 5.18072 4.22588 3.28364 1.33552 -0.089043 -2.14362 -3.68429 -3.73388 -2.01508 -0.585831 1.19173 1.98117 1.54618 2.03682 2.98799 4.06729 4.59473 4.4836 3.79725 3.71373 2.95904 3.72467 3.80139 3.46316 3.17237 3.30567 3.76235 3.94324 4.65798 4.8386 4.87913 4.89356 4.90539 4.9113 4.91638 4.91778 4.9205 4.9213 4.90074 1.37488 -1.36056 -9999 -9999 -9999 -9999 -9999 -9999
-9999 -9999 -9999 -9999 5.72814 5.9112 6.37989 7.57132 8.19797 8.45663 8.45668 8.58106 8.38618 7.7435 7.08355 6.46169 5.65712 6.13095 7.37003 8.10394 8.19481 6.77538 7.52802 7.25852 6.71889 5.12631 3.95497 3.33812 1.46819 -0.132271 -1.4962 -3.38284 -2.56333 -1.66166 -0.505984 1.43264 2.74363 3.28776 2.84831 3.45991 4.70037 4.71778 4.05582 4.1108 3.71507 2.67942 3.78253 4.10183 3.86671 3.94308 3.86354 4.04077 4.35379 4.65324 4.85541 4.89094 4.90324 4.90576 4.91424 4.92415 4.92014 4.93132 4.93212 4.92541 2.65383 -1.41032 -9999 -9999 -9999 -9999 -9999 -9999
-9999 -9999 -9999 -9999 -9999 5.12045 6.17982 7.75876 8.15555 8.12834 8.46122 8.49783 8.19401 7.93146 7.12849 6.02822 3.90654 4.45803 5.59932 7.24115 8.10799 8.00058 7.53263 6.7118 4.71329 2.9654 2.76088 2.48213 1.11986 -0.110768 -1.62813 -0.735012 0.242467 1.31103 1.87665 1.7409 2.86555 3.78434 3.40765 4.15568 5.02703 4.64711 4.4271 4.24458 3.78502 3.76869 3.83058 4.4625 4.04634 4.32206 4.34148 4.33824 4.49624 4.67595 4.8637 4.90236 4.91184 4.92355 4.91171 4.9281 4.9275 4.9276 4.92918 4.92504 4.73037 2.54891 1.24873 -9999 -9999 -9999 -9999 -9999
-9999 -9999 -9999 -9999 -9999 4.15317 4.68545 6.55394 7.13527 7.96566 8.4106 8.43931 7.92036 7.6351 6.43426 6.05079 4.08893 3.20547 3.97141 3.69018 5.94769 7.94631 7.52286 3.51444 2.06822 1.03925 1.31469 1.3261 0.95334 -1.14751 -1.72001 0.177602 1.37571 2.30599 3.01382 3.16833 3.15323 4.58517 4.78381 5.25589 5.16557 5.21896 4.51158 4.07835 4.4807 4.04513 3.98107 4.63346 4.01573 4.5981 4.54366 4.38421 4.3865 4.7727 4.85888 4.90853 4.92009 4.9141 4.90386 4.90246 4.92429 4.92886 4.91889 4.93143 4.92305 4.67821 3.55424 3.17057 3.62527 -9999 -9999 -9999
-9999 -9999 -9999 -9999 -9999 -9999 2.95326 5.54692 6.73495 7.36398 8.24637 8.36033 8.08824 7.58832 6.36499 5.2903 3.53748 1.53437 0.477471 3.6759 6.46076 7.91839 7.73781 4.40271 3.09187 3.0396 3.82584 3.17894 2.69048 1.09605 0.626059 -0.0307685 0.388509 1.68191 2.73984 3.7606 4.50524 4.57438 5.06109 5.34548 5.37809 5.47447 5.40087 5.34319 4.66411 5.15523 4.76135 4.98949 4.86314 4.75018 4.65523 4.27029 4.56172 4.8206 4.89471 4.9241 4.91798 4.92318 4.92134 4.90689 4.90692 4.91554 4.92403 4.92276 4.93459 4.93898 4.82505 4.15438 3.25193 2.1081 -9999 -9999
-9999 -9999 -9999 -9999 -9999 -9999 1.66441 4.24546 5.49203 7.0964 7.92613 8.26758 8.23227 7.8288 6.90138 5.50105 4.33601 2.09881 -0.224527 3.13188 6.1233 7.74148 7.83559 5.03564 5.82373 5.20309 5.46619 4.32249 3.85268 3.48265 2.66409 1.76808 0.787185 0.272516 2.63653 3.85472 4.83686 5.3048 5.57343 5.71239 5.65313 5.48719 4.45197 5.26045 5.23183 5.16444 5.08557 5.05377 4.98347 4.89837 4.85372 4.84482 4.59261 4.90223 4.90526 4.91842 4.92867 4.92957 4.92341 4.91926 4.91234 4.92317 4.92498 4.92605 4.93084 4.94396 4.94884 4.92476 4.75655 3.21554 2.29913 2.05392
-9999 -9999 -9999 -9999 -9999 -9999 -1.94845 1.80297 4.81847 6.39791 7.68441 8.04428 8.18412 7.63978 7.23493 6.23361 5.28591 3.81904 1.61748 0.265335 2.78043 6.43295 7.78515 7.69056 7.61555 6.89658 6.24958 6.17582 6.23423 5.47918 4.37628 2.93131 2.48688 1.98602 3.74904 3.99574 3.87637 5.81418 5.82768 5.72737 4.99896 4.18363 4.35085 3.8515 4.25703 3.65902 4.23147 4.728 4.92095 4.91783 4.86614 4.8705 4.85215 4.91434 4.92298 4.9238 4.92633 4.93167 4.93322 4.9197 4.91613 4.93377 4.93008 4.92955 4.93191 4.94729 4.95613 4.9415 4.9295 4.70373 4.35748 3.68773
-9999 -9999 -9999 -9999 -9999 -9999 -1.78473 1.37058 4.04932 5.65847 7.20687 7.57263 8.10087 7.99729 7.57276 6.70345 5.61524 4.40951 2.52196 1.12132 2.80655 5.23416 6.9753 7.60669 7.60918 7.57648 7.42085 7.36281 7.18009 7.05182 6.26279 4.89875 4.13148 3.00452 4.96832 5.19637 4.89927 5.88387 5.8439 4.3775 3.25241 3.1208 3.82418 3.17639 3.07438 2.67699 3.15175 4.40474 4.0553 4.13841 4.71366 4.81725 4.8875 4.91338 4.91901 4.9256 4.92511 4.93552 4.94589 4.93292 4.93201 4.9366 4.92524 4.9338 4.93024 4.93652 4.94101 4.93891 4.92882 4.87378 4.81363 4.90715
-9999 -9999 -9999 -9999 -9999 -9999 -1.71642 0.406221 2.81767 5.18351 6.8365 7.50831 7.9998 8.00315 7.50821 7.08038 6.40137 5.34158 4.61737 3.35371 1.61622 4.55249 5.45866 6.27034 6.61758 7.46166 7.45009 7.07621 6.63853 7.05968 6.94767 5.86948 5.52073 4.92591 6.02196 6.03315 6.01165 5.96213 4.72444 3.00081 1.62519 2.63157 2.43329 2.90245 1.49876 2.67786 3.62793 3.94391 3.31857 2.85651 4.3324 4.58638 4.74081 4.84313 4.91349 4.90827 4.93251 4.93311 4.93803 4.94262 4.93957 4.94173 4.93912 4.93661 4.9374 4.94542 4.94121 4.93455 4.94612 4.92406 4.92243 4.92493
-9999 -9999 -9999 -9999 -9999 -9999 -9999 -0.839768 2.21312 4.94145 6.46411 7.42479 7.89709 7.89703 7.648 7.36009 6.94218 6.17988 5.22014 3.69861 2.57136 3.30111 4.18905 4.29863 4.89257 6.59825 7.1867 6.37384 4.34976 5.55816 6.90395 6.89083 6.78531 6.66628 6.51031 6.37175 6.05836 5.20442 2.57031 2.06063 1.03331 1.16089 0.638994 1.81242 1.39206 2.59654 3.12488 3.33129 2.23894 2.48499 3.79384 4.31764 4.24276 4.56785 4.87837 4.89794 4.91613 4.91785 4.93384 4.94583 4.95058 4.94727 4.94769 4.95111 4.94042 4.9606 4.87474 4.82351 4.70683 4.87986 4.90791 4.93578
-9999 -9999 -9999 -9999 -9999 -9999 -9999 -1.44639 1.60232 4.81404 5.85082 6.88586 7.78037 7.80599 7.42094 7.0552 6.67825 6.24797 5.08199 3.95161 2.87284 2.51649 2.74422 2.73697 3.69239 5.91186 6.34862 6.17475 4.06138 3.35193 5.14696 6.65693 6.78376 6.65628 4.89819 5.28329 4.33907 3.05545 2.70889 2.15248 0.966446 1.55172 0.685928 1.07155 0.986758 1.67511 2.01638 2.83318 1.8824 1.89934 3.18479 3.83753 3.86406 4.54826 4.79867 4.87164 4.8974 4.91865 4.93148 4.95212 4.95614 4.9567 4.95434 4.93323 4.86794 4.64653 3.38696 3.4011 3.76463 4.10937 4.73001 4.91635
-9999 -9999 -9999 -9999 -9999 -9999 -9999 -1.09412 1.02396 3.8747 5.98853 6.1291 7.16113 7.69793 7.27847 6.80517 6.32077 6.11385 4.84409 3.4485 2.32259 0.988301 1.21814 2.19097 3.77788 5.21461 5.47866 5.19217 4.06347 4.60935 5.83631 6.4919 6.69135 6.54991 6.17389 5.96041 5.26749 4.97238 4.00681 2.49202 1.90123 2.29116 0.682958 0.806096 1.41465 0.795219 1.85388 2.36618 1.13498 2.13645 3.27288 3.85901 4.37266 4.6212 4.72639 4.88212 4.89606 4.91839 4.93517 4.94324 4.95351 4.94041 4.93159 4.80676 4.6177 3.43729 2.96301 3.07271 3.63605 4.1309 4.65719 4.87575
-9999 -9999 -9999 -9999 -9999 -9999 -9999 -0.734074 1.17378 3.64665 5.15611 5.43296 6.57652 7.59437 7.49 6.9972 6.85304 6.34206 5.26644 4.0775 2.77718 2.14945 0.69514 2.14401 3.29324 4.51123 5.08565 4.15978 3.69934 4.53891 5.37363 5.7123 6.55529 6.5562 6.29322 5.13005 4.56754 4.81828 4.582 4.16138 3.12178 3.08474 2.42064 2.15146 1.89792 1.05737 1.61434 1.67967 1.84132 3.03756 3.63409 4.03311 4.3969 4.50006 4.66399 4.87356 4.90131 4.91863 4.92791 4.94187 4.93754 4.8913 4.85413 4.59191 4.11956 3.22881 1.78961 2.83213 3.9218 4.26089 4.59048 4.76489
-9999 -9999 -9999 -9999 -9999 -9999 -9999 -1.05743 0.968803 3.08345 3.97236 4.13014 6.19306 7.45948 7.47004 7.24085 6.97177 5.697 5.78087 5.53276 4.36058 2.64926 0.768923 0.954636 2.09053 3.69525 4.23236 2.69603 2.15895 2.56932 3.82701 4.95376 6.12989 6.43527 6.10174 4.28618 2.35631 3.26483 4.23506 4.23918 3.96681 3.0035 2.70435 2.43459 1.73473 0.547358 0.735392 1.08021 2.43973 2.87553 3.54293 4.09894 3.90378 4.03447 4.56659 4.87625 4.89778 4.91333 4.9334 4.93679 4.92925 4.8268 4.71782 4.5279 3.27858 2.50601 1.38434 2.72665 3.47306 3.88644 4.59757 4.77592
-9999 -9999 -9999 -9999 -9999 -9999 -9999 -1.6819 -0.209268 1.8123 2.63194 3.93452 5.88444 6.84776 7.31392 7.31226 7.13573 6.56959 6.23261 5.56031 4.34054 2.66954 0.811095 -0.395805 0.230506 2.389 2.90794 1.48976 0.774013 1.68515 3.02487 5.0044 6.13923 6.30017 6.2073 5.84009 4.43359 2.73244 2.74761 3.61493 2.90675 2.08222 2.55087 2.47588 1.78491 1.28513 0.990247 1.19825 1.9767 2.30407 3.07334 4.20362 4.37447 4.3531 4.83487 4.86874 4.89 4.91803 4.9277 4.93365 4.92983 4.84823 4.65259 3.82448 3.10384 2.09718 1.98244 3.18644 3.72081 4.21742 4.57207 4.69531
-9999 -9999 -9999 -9999 -9999 -9999 -9999 -2.75731 -1.02616 0.868084 2.6423 4.32138 5.76768 5.88716 6.65395 6.6614 7.06721 6.96182 6.43761 5.87271 4.82291 2.67388 0.868148 -1.10196 -0.57198 1.62996 1.92359 0.977706 -0.777205 1.05258 3.0696 4.8985 5.89263 5.12907 5.92968 5.87369 5.3524 4.34346 2.7697 2.80913 1.63232 1.59042 2.20957 2.41728 2.32581 1.95315 1.35686 1.47714 1.95442 2.0834 2.79117 3.67031 4.52997 4.68304 4.85535 4.8726 4.88551 4.909 4.92097 4.91358 4.88051 4.79469 4.10207 3.27647 2.77211 2.074 1.999 3.38002 3.94534 4.26313 4.571 4.69934
-9999 -9999 -9999 -9999 -9999 -9999 -9999 -9999 -1.20256 0.75408 2.20409 2.60059 3.88705 4.58555 5.12799 5.25474 6.78716 6.87957 6.5503 6.03205 5.1379 3.50918 2.37689 0.487478 -0.868281 -0.296377 -0.0291452 0.480754 0.341569 1.16238 3.10091 5.12021 5.3483 4.07986 4.27791 4.55415 5.16219 4.86757 2.7198 1.63332 0.733192 1.3891 2.07872 2.25313 2.29606 2.17498 2.04163 1.79486 2.71471 3.39804 3.56449 4.16153 4.60499 4.73491 4.83531 4.8567 4.87828 4.88874 4.87383 4.86589 4.76763 4.53458 3.75857 1.87756 1.97668 1.78295 1.20545 2.55374 3.42037 4.18297 4.59345 4.7077
-9999 -9999 -9999 -9999 -9999 -9999 -9999 -9999 -1.85109 0.411482 0.895874 0.868723 0.130584 0.482497 3.25793 3.82346 5.29343 6.68576 6.59252 6.08422 5.24815 4.28148 2.78024 0.654207 -1.03343 -1.73981 0.09511 1.89401 2.27262 2.85339 4.04452 4.27787 2.98119 1.76583 2.46194 2.88485 4.47124 4.76827 4.47096 3.18068 1.7042 0.938136 1.86355 1.99578 2.06064 2.0815 2.06663 2.04521 3.08331 3.66105 4.06497 4.28955 4.67173 4.77717 4.81788 4.85678 4.8603 4.85139 4.80296 4.74653 4.46288 4.11738 2.83952 1.77602 1.11696 0.277552 2.20478 2.79116 3.60148 4.12646 4.53475 4.63288
