Test_Spring_2018/12_17/Temp/20171210_023.txt
ncols	170
nrows	115
xllcorner	350000.000000
yllcorner	4445000.000000
cellsize	1000.000000
nodata_value	-9999.000000
[rows 31 to 61 of 115, columns 70 to 139 of 170]
5.81309 6.60856 6.89542 6.32716 6.37364 7.70746 7.99542 7.96658 7.83632 7.70038 7.055 6.8336 6.32361 5.43172 5.05349 3.47354 -1.61779 -0.185862 0.370034 -1.11054 -0.294034 1.03909 -0.133015 -3.59963 -5.0958 -7.50222 -6.7333 -7.45766 -9.39462 -9999 -9999 -9999 -9999 -9999 -9999 -9999 -9999 -9999 -9999 -9999 -9999 -9999 -9999 -9999 -9999 -9999 -9999 -9999 -9999 -9999 -9999 -9999 -9999 -9999 -9999 -9999 -9999 -9999 -9999 -9999 -9999 -9999 -9999 -9999 -9999 -9999 -9999 -9999 -9999 -9999
5.9544 6.31338 6.27009 5.72246 6.54514 7.30185 6.82697 6.51252 7.75832 7.7498 7.31174 6.29419 5.91567 5.52362 5.28038 3.97796 0.338059 -2.94378 -1.19636 -1.16155 -2.38129 -0.211872 -1.36702 -4.37066 -8.60826 -6.31287 -6.91645 -9.90337 -10.6403 -9999 -9999 -9999 -9999 -9999 -9999 -9999 -9999 -9999 -9999 -9999 -9999 -9999 -9999 -9999 -9999 -9999 -9999 -9999 -9999 -9999 -9999 -9999 -9999 -9999 -9999 -9999 -9999 -9999 -9999 -9999 -9999 -9999 -9999 -9999 -9999 -9999 -9999 -9999 -9999 -9999
4.92712 5.83572 5.54469 5.30415 6.53142 6.49622 6.41454 6.85279 7.62191 7.76944 7.59362 7.14525 6.75611 6.3428 5.30649 3.81779 0.701616 -3.03289 -3.88534 -2.06807 -1.98715 -1.70029 -2.75377 -4.07521 -6.13899 -4.45886 -3.80951 -5.77174 -8.34771 -10.0062 -9999 -9999 -9999 -9999 -9999 -9999 -9999 -9999 -9999 -9999 -9999 -9999 -9999 -9999 -9999 -9999 -9999 -9999 -9999 -9999 -9999 -9999 -9999 -9999 -9999 -9999 -9999 -9999 -9999 -9999 -9999 -9999 -9999 -9999 -9999 -9999 -9999 -9999 -9999 -9999
3.55068 5.11645 4.68026 3.47172 4.20768 4.75797 5.79287 6.04721 6.19427 7.66096 7.57472 7.49834 6.86062 6.34913 5.5069 4.0739 2.03708 -0.413607 -4.67506 -2.05874 -0.0113197 -0.0703651 -0.18907 -1.11678 -3.09993 -1.4512 -1.37903 -3.88216 -6.74524 -8.43675 -9.13908 -9999 -9999 -9999 -9999 -9999 -9999 -9999 -9999 -9999 -9999 -9999 -9999 -9999 -9999 -9999 -9999 -9999 -9999 -9999 -9999 -9999 -9999 -9999 -9999 -9999 -9999 -9999 -9999 -9999 -9999 -9999 -9999 -9999 -9999 -9999 -9999 -9999 -9999 -9999
-9999 4.1185 3.69813 2.22395 2.96446 3.95573 5.36231 6.08447 6.63004 7.06299 7.50479 7.44368 6.79124 4.87968 4.60009 4.51011 3.17532 0.382401 -2.4067 -3.13439 -0.00764173 0.882638 0.69349 1.38704 -0.293976 0.491793 0.161522 -0.728292 -3.47287 -5.98937 -7.03452 -9.09543 -9999 -9999 -9999 -9999 -9999 -9999 -9999 -9999 -9999 -9999 -9999 -9999 -9999 -9999 -9999 -9999 -9999 -9999 -9999 -9999 -9999 -9999 -9999 -9999 -9999 -9999 -9999 -9999 -9999 -9999 -9999 -9999 -9999 -9999 -9999 -9999 -9999 -9999
-9999 -9999 -9999 -9999 1.28772 2.64404 3.75842 5.13512 6.31499 6.9041 7.4762 7.42161 6.1254 5.48743 5.42465 4.54735 3.00755 2.03844 0.279629 -1.55238 -0.862245 1.80324 0.608024 2.49488 2.32848 2.67034 1.39885 -0.992905 -4.18664 -6.05734 -6.99302 -8.66416 -9999 -9999 -9999 -9999 -9999 -9999 -9999 -9999 -9999 -9999 -9999 -9999 -9999 -9999 -9999 -9999 -9999 -9999 -9999 -9999 -9999 -9999 -9999 -9999 -9999 -9999 -9999 -9999 -9999 -9999 -9999 -9999 -9999 -9999 -9999 -9999 -9999 -9999
-9999 -9999 -9999 -9999 -9999 2.38853 3.23476 5.07199 6.0191 6.39866 7.32633 7.32058 6.82474 6.44851 5.90606 5.19994 4.04076 2.76273 1.10803 0.948369 2.65071 2.66497 2.3012 2.5754 3.44733 3.20966 1.2523 -2.12863 -3.92061 -7.54038 -9.1004 -8.94621 -10.0537 -9999 -9999 -9999 -9999 -9999 -9999 -9999 -9999 -9999 -9999 -9999 -9999 -5.89441 -9999 -9999 -9999 -9999 -9999 -9999 -9999 -9999 -9999 -9999 -9999 -9999 -9999 -9999 -9999 -9999 -9999 -9999 -9999 -9999 -12.5847 -9999 -9999 -9999
-9999 -9999 -9999 -9999 2.22243 3.36251 4.25147 5.40011 5.50864 6.18687 7.25472 7.2626 6.90867 6.50974 5.62254 5.39691 4.73373 3.34669 3.05705 3.60893 3.8594 4.14445 4.31757 4.16529 3.80332 3.33751 2.07936 0.505995 -0.551673 -3.86123 -5.54031 -7.15039 -9.58482 -11.4906 -9999 -9999 -9999 -9999 -9999 -9999 -9999 -7.15773 -7.25191 -7.21231 -6.68265 -5.21458 -6.08141 -9999 -9999 -9999 -9999 -9999 -9999 -9999 -9999 -9999 -9999 -9999 -9999 -9999 -9999 -9999 -9999 -9999 -9999 -9999 -11.2683 -13.186 -9999 -9999
-9999 -9999 -9999 -9999 2.52479 3.72906 4.32651 5.44205 6.07696 6.49227 6.8574 7.20598 7.13832 6.6976 6.03124 6.0277 5.11246 4.6155 4.25861 5.00759 5.14998 4.83972 4.45255 4.10969 3.15182 3.0358 2.73039 1.73003 0.0911681 -1.59753 -4.01868 -7.32144 -10.5608 -13.1749 -9999 -9999 -9999 -9999 -9999 -9999 -6.88826 -5.67082 -4.94275 -6.50252 -5.17594 -3.9633 -4.15975 -5.32737 -9999 -9999 -9999 -9999 -9999 -9999 -9999 -9999 -9999 -9999 -9999 -9999 -9999 -9999 -2.19173 -4.15799 -8.1244 -10.1596 -11.3824 -13.1263 -9999 -9999
-9999 -9999 -9999 -9999 2.27722 3.70123 4.66348 5.51681 5.64688 6.52074 6.90116 7.08479 7.0544 6.9607 6.83148 6.03153 5.68302 4.47809 5.61598 5.56525 5.26828 4.11386 3.60989 1.63329 0.760308 0.570239 2.22243 0.992974 -1.56885 -4.77027 -8.61325 -8.85755 -10.1338 -12.471 -9999 -9999 -9999 -9999 -9999 -9999 -6.51909 -5.21673 -4.12986 -3.97437 -5.52417 -3.36713 -3.44006 -4.65003 -4.92607 -3.93764 -3.43795 -3.80675 -2.6174 -2.27582 -2.81487 -2.23542 -9999 -9999 -9999 -9999 -1.92004 -1.84678 -1.79256 -2.61487 -6.94751 -9.90786 -12.5665 -12.8105 -9999 -9999
-9999 -9999 -9999 -9999 3.26127 4.13518 4.57347 4.63827 5.40353 6.16641 6.63693 6.97867 6.90081 6.86444 6.82629 6.54725 5.90977 6.01519 5.95661 5.58193 3.39025 0.833643 1.93883 0.416269 -2.82773 -0.192572 1.24941 -0.142779 -3.24588 -6.84348 -8.02151 -7.96769 -9.74063 -12.0189 -9999 -9999 -9999 -10.0825 -8.21739 -8.06015 -7.51355 -5.77512 -4.45314 -3.45796 -2.78012 -2.79708 -3.51128 -4.69447 -5.98051 -5.52441 -3.2158 -2.65502 -2.16706 -1.81301 -2.31406 -2.06244 -1.4513 -1.13899 -1.0813 -1.23365 -1.27362 -1.2295 -1.30917 -2.07709 -5.95119 -8.17115 -9.58883 -12.4319 -9999 -9999
-9999 -9999 -9999 -9999 2.70454 3.46365 4.07704 5.09828 5.19986 5.84466 6.22308 6.79308 6.84978 6.16804 6.71631 6.63612 6.52386 6.29506 5.96378 4.11218 1.5633 -0.991461 -2.17404 -1.6765 -3.6311 -2.62855 -1.16717 -1.70819 -3.60992 -6.81539 -7.27125 -8.01821 -10.9882 -13.8559 -9999 -9999 -13.7136 -10.1301 -7.60853 -6.31045 -5.9118 -5.87763 -4.21099 -4.08307 -2.28717 -2.70462 -5.07961 -4.81325 -5.73916 -5.1409 -4.29471 -4.06477 -2.84318 -1.66728 -1.45155 -1.4528 -1.06641 -0.992839 -0.979415 -0.996944 -1.27063 -1.15516 -1.14247 -1.62334 -4.43316 -5.80543 -7.31218 -12.4059 -9999 -9999
-9999 -9999 -9999 -9999 3.09181 3.94148 4.87254 5.01698 5.70455 5.62166 5.41536 6.37701 6.72542 6.24146 5.89064 6.5128 6.46066 6.3687 6.22286 4.48238 2.46984 -0.572857 -2.46546 -3.62312 -4.44749 -5.53722 -4.78853 -5.02282 -5.33562 -4.98513 -5.87065 -7.62952 -9.37517 -12.6316 -14.4002 -9999 -13.5278 -11.9148 -8.91497 -6.36608 -4.74962 -5.33763 -3.44192 -3.09271 -1.9948 -2.63952 -4.07991 -4.70014 -4.75623 -4.94699 -3.66904 -2.80908 -2.19919 -1.79767 -1.29116 -1.16927 -1.04739 -1.0011 -0.979517 -0.957438 -0.9713 -0.988206 -1.05117 -1.23542 -2.53002 -3.89604 -6.84984 -12.2466 -9999 -9999
-9999 -9999 -9999 0.592753 2.98676 4.41682 4.96586 5.35985 5.706 5.9542 6.21427 6.45449 6.6198 6.53853 5.2707 5.3647 5.58229 6.2885 6.22948 6.06525 4.96174 1.26094 -0.0207807 -1.88915 -4.3098 -5.31839 -4.81721 -2.84019 -2.93234 -4.24794 -5.71404 -7.73828 -9.03034 -11.0335 -14.8697 -14.5327 -12.8138 -11.5366 -9.50042 -6.38364 -4.19995 -3.22788 -2.86289 -2.09326 -1.69485 -2.57633 -3.41196 -3.7651 -4.41921 -4.51192 -4.50788 -3.73643 -3.13117 -1.79133 -1.34508 -1.1406 -1.04271 -0.993905 -0.960717 -0.928069 -0.921553 -0.954334 -0.959311 -0.975473 -1.07254 -2.89381 -7.44738 -10.8775 -9999 -9999
-9999 -9999 -9999 -9999 2.53657 3.16154 3.31952 3.60134 4.18617 4.86141 5.82066 5.9369 6.46175 6.44876 5.35601 4.09405 5.17677 5.60184 6.0432 6.04911 5.90092 2.79162 1.16242 -0.120811 -2.44176 -1.60477 -0.814034 -0.756959 -1.23938 -4.05534 -6.86035 -10.0934 -13.116 -13.2667 -14.8977 -14.0433 -12.9108 -9.99027 -7.93691 -7.10812 -6.51396 -3.34384 -2.52004 -2.23766 -1.42628 -2.5355 -2.81192 -3.64449 -3.39645 -3.4692 -3.46473 -5.77331 -3.45565 -3.32223 -1.81853 -1.14461 -0.995156 -0.961223 -0.924746 -0.925646 -0.9246 -0.938646 -0.929807 -0.956557 -0.987795 -2.17331 -7.94351 -10.8435 -9999 -9999
-9999 -9999 -9999 -9999 -9999 -9999 2.71656 3.19118 3.49241 4.01926 5.6494 6.08252 6.36724 6.38339 5.89075 4.64116 4.30572 4.52456 3.30623 4.31198 5.6909 5.65074 5.47778 2.74422 1.34874 2.69765 2.28387 0.229259 -1.38863 -2.98588 -6.26905 -8.67313 -12.1364 -14.7392 -14.8443 -11.9867 -9.61384 -6.65866 -5.35894 -6.11045 -5.31045 -3.73676 -1.94858 -1.08446 -1.28987 -2.45885 -2.61802 -3.90176 -2.63836 -2.52967 -3.11671 -3.62475 -3.41983 -2.67703 -2.39677 -1.22231 -0.943008 -0.898027 -0.897258 -0.900604 -0.913532 -0.927562 -0.948495 -0.966574 -0.987976 -1.04538 -6.97652 -11.5926 -9999 -9999
-9999 -9999 -9999 -9999 -9999 -9999 1.57247 1.85864 2.62288 4.59757 5.62552 6.03623 6.01318 6.19815 5.848 4.74753 3.61832 2.55322 1.18284 1.95536 4.01107 5.22122 5.3547 2.95816 4.20389 3.73508 2.81359 0.127588 -1.85297 -2.90491 -6.05702 -8.75589 -11.062 -14.2446 -12.8934 -11.4051 -9.49157 -6.26614 -4.09261 -3.20348 -3.96147 -2.95767 -0.899433 -0.889853 -2.01817 -1.94492 -2.62714 -4.38157 -2.55263 -2.03742 -2.45163 -2.34442 -2.49619 -2.22159 -1.71992 -1.24129 -0.925839 -0.889649 -0.892219 -0.911182 -0.919833 -0.926225 -0.955677 -0.959692 -0.981219 -1.01554 -4.84517 -11.6875 -9999 -9999
-9999 -9999 -9999 -9999 -9999 -9999 -9999 0.523619 2.27755 4.90146 5.5442 5.47581 6.01034 6.04813 5.51536 5.05176 3.68283 1.81616 -1.76121 -0.858543 1.03337 3.76488 5.19862 5.00056 4.20116 2.80862 -0.557288 -3.50348 -3.86405 -4.34948 -6.651 -8.73024 -11.2934 -9.81843 -8.20268 -6.4348 -5.50996 -5.7605 -3.89914 -2.38222 -3.03519 -1.80282 -0.363043 -1.01925 -1.40704 -1.73176 -2.52092 -2.56742 -2.48312 -1.44408 -2.16162 -1.72037 -1.70634 -1.73409 -1.49213 -1.21409 -0.922764 -0.881308 -0.888688 -0.892187 -0.935018 -0.930436 -0.954278 -0.976963 -0.997319 -1.02748 -1.37722 -5.06501 -7.26923 -9999
-9999 -9999 -9999 -9999 -9999 -9999 -9999 -1.10702 -0.236343 2.87267 3.82456 5.19306 5.91528 5.93979 5.04653 4.54536 2.5096 1.8439 -1.46568 -2.96723 -1.70421 -2.1949 1.56901 4.89973 4.17489 -2.55875 -4.9993 -6.741 -6.29744 -6.29678 -6.9404 -10.4778 -11.4579 -8.29984 -6.31444 -4.77828 -3.61518 -3.37914 -3.42757 -1.05099 -0.739604 0.0303935 -0.141221 -0.0714356 -1.27593 -2.0208 -1.36587 -2.11491 -2.24173 -1.16844 -2.22378 -1.26873 -1.37843 -1.66789 -1.68679 -1.06271 -0.941529 -0.881612 -0.88562 -0.918706 -0.958952 -0.984108 -0.97046 -0.985794 -1.02563 -1.02799 -1.06572 -1.50873 -3.41775 -4.08651
-9999 -9999 -9999 -9999 -9999 -9999 -9999 -9999 -3.14853 1.17547 3.1439 4.17496 5.63014 5.7975 5.31956 4.45772 2.38423 0.560428 -2.39882 -5.77659 -7.56762 -2.22793 2.41952 4.84367 4.5257 -1.07992 -3.29382 -3.39916 -2.0999 -3.20245 -4.04009 -6.72896 -7.53739 -8.65953 -7.97914 -5.83389 -4.08394 -2.39688 -1.17222 -1.07905 -0.285714 0.17088 0.205168 0.346884 0.204213 0.0884296 -1.06882 -0.265286 -0.944874 -0.582566 -0.814653 -1.02474 -1.20225 -1.86953 -1.4039 -0.993104 -0.892068 -0.866663 -0.899912 -0.914247 -0.940434 -0.98783 -1.01035 -1.01902 -1.02805 -1.05369 -1.05768 -1.08336 -1.30001 -2.44966
-9999 -9999 -9999 -9999 -9999 -9999 -9999 -9999 -5.31764 -1.01485 1.05164 3.71694 5.0848 5.63545 5.55205 4.85198 3.27444 0.905133 -1.06917 -4.83913 -8.75261 -3.14971 1.84557 4.53854 4.67816 -0.028526 1.2742 0.216264 0.638708 -1.29649 -2.10309 -2.74039 -4.13297 -5.65594 -7.32049 -8.2048 -4.26694 -2.24893 -0.626221 0.135277 0.563273 0.774471 0.653703 0.358895 -1.39523 -0.0599113 -0.127527 -0.260021 -0.411985 -0.485391 -0.62369 -0.787205 -0.880326 -0.917516 -1.36275 -0.866885 -0.886193 -0.887028 -0.892831 -0.914383 -0.947841 -0.978027 -1.013 -1.01901 -1.03754 -1.05938 -1.07526 -1.08668 -1.10423 -1.17041
-9999 -9999 -9999 -9999 -9999 -9999 -9999 -9999 -11.3806 -5.11679 -0.0848942 2.53845 4.67391 5.25286 5.46313 4.52724 3.82548 2.12488 0.514818 -1.96437 -5.67385 -7.95938 -3.76597 2.33516 4.58514 4.41123 4.26742 3.04439 1.94161 1.7989 1.87714 0.59473 -1.27247 -3.71558 -4.48126 -5.34341 -2.4124 -2.02204 -2.24483 0.979629 0.980208 0.790521 -0.451167 -1.83849 -1.57876 -2.43008 -1.77057 -2.79239 -1.85326 -1.04163 -0.739002 -0.765275 -0.870064 -0.885042 -0.93841 -0.859141 -0.867423 -0.888927 -0.907678 -0.921796 -0.942366 -0.988308 -1.01772 -1.01178 -1.0427 -1.06784 -1.08477 -1.09284 -1.1037 -1.15398
-9999 -9999 -9999 -9999 -9999 -9999 -9999 -9999 -11.1136 -5.84835 -1.38259 1.29478 3.8656 4.45465 5.31595 5.11881 4.38428 2.90503 1.05962 -0.982023 -4.16543 -6.53237 -3.72821 0.318654 3.21722 4.25956 4.24792 4.17444 3.89464 3.78023 3.45416 3.22206 1.87855 -0.427007 -1.73515 -3.64623 -0.378615 -0.0193373 -0.53981 1.0876 0.998644 -1.48001 -3.38641 -3.62783 -2.47026 -3.57606 -3.76753 -4.4476 -3.6724 -1.59349 -2.20015 -2.082 -1.13598 -0.984712 -0.892424 -0.871666 -0.885 -0.896867 -0.92069 -0.92634 -0.932174 -0.97725 -1.00226 -1.01825 -1.06118 -1.07216 -1.10263 -1.12708 -1.14078 -1.16996
-9999 -9999 -9999 -9999 -9999 -9999 -9999 -9999 -11.0073 -7.47278 -3.45487 0.491016 3.23729 4.33939 5.13939 5.12166 4.26935 3.52996 2.37027 0.573136 -0.661107 -2.79871 -5.7298 -0.829338 0.668177 2.01232 2.57726 3.97276 3.93426 3.28828 2.54093 3.22561 3.01883 1.19019 0.583436 -0.435857 1.37794 1.37401 1.31549 1.21025 -0.885521 -3.79521 -6.12145 -4.45622 -4.80926 -4.04403 -6.41686 -4.46265 -2.89131 -2.38254 -3.44484 -4.24031 -1.78506 -1.38532 -1.14904 -1.00025 -0.905165 -0.93684 -0.919267 -0.941405 -0.956412 -0.972107 -1.00077 -1.02087 -1.04919 -1.07756 -1.1021 -1.12411 -1.15702 -1.20122
-9999 -9999 -9999 -9999 -9999 -9999 -9999 -9999 -9999 -9.56804 -4.46979 0.0787079 2.60676 4.19309 4.96114 4.9379 4.49782 3.99302 3.27091 1.9723 0.343394 -2.22633 -4.13501 -2.93185 -1.46506 -1.29739 -0.321238 2.51753 3.48405 2.10226 -1.30512 0.701615 2.9351 2.89122 2.69224 2.4704 2.18762 1.93293 1.38545 -0.0675631 -4.50311 -5.37973 -7.12247 -6.92985 -7.82529 -5.88018 -6.6056 -4.60818 -3.74375 -3.41882 -5.2702 -4.87468 -2.70738 -1.85177 -1.99945 -1.47713 -0.974844 -0.965036 -0.957651 -0.977963 -0.974492 -0.977851 -0.993489 -1.02779 -1.05142 -1.07025 -1.11488 -1.11745 -1.2873 -1.399
-9999 -9999 -9999 -9999 -9999 -9999 -9999 -9999 -9999 -10.5862 -5.50047 -0.141845 1.57232 3.28348 4.75922 4.77925 4.11143 3.47634 2.82291 2.08056 0.105954 -1.80858 -3.63631 -4.25331 -3.89147 -3.92157 -2.34012 1.35918 2.07123 1.75982 -1.79387 -3.00374 -0.0175629 2.49065 2.68107 2.4452 -0.522964 0.0999584 -1.5044 -3.67729 -4.27987 -5.23384 -7.2426 -6.28322 -7.75505 -7.12993 -7.29357 -6.16122 -5.61047 -4.26304 -5.87745 -5.86579 -3.73831 -2.66684 -2.64479 -1.52092 -1.12406 -1.02467 -1.00456 -0.992199 -0.994148 -0.983214 -1.00034 -1.02349 -1.05176 -1.11162 -1.24569 -1.64381 -3.79204 -3.79412
-9999 -9999 -9999 -9999 -9999 -9999 -9999 -9999 -9999 -10.003 -6.47649 -1.72255 1.79651 2.00916 3.71555 4.59229 3.86698 3.05176 2.21831 1.85015 -0.298489 -2.65764 -4.56463 -6.82054 -6.45552 -4.84548 -2.20456 0.182894 0.605258 0.10492 -1.79863 -0.905172 1.12916 2.20584 2.51802 2.25886 1.60658 1.22663 0.04344 -0.473097 -2.11287 -4.67274 -5.68422 -5.05229 -7.76826 -7.58318 -6.5847 -7.64447 -5.89193 -5.05495 -7.13942 -5.48281 -3.60094 -2.64126 -1.80316 -1.40943 -1.25603 -1.01809 -1.01789 -1.00381 -0.999206 -1.00937 -1.01608 -1.06212 -1.10121 -1.33485 -1.67628 -3.67894 -4.5142 -4.3561
-9999 -9999 -9999 -9999 -9999 -9999 -9999 -9999 -9999 -9.40654 -6.23214 -2.11118 0.3954 0.836599 2.73009 4.41303 4.21581 3.36799 3.10461 2.22691 0.403418 -1.60968 -3.80916 -4.88148 -7.33868 -4.93132 -3.02408 -1.00343 -0.0612474 -1.62422 -2.41672 -1.03122 0.345891 0.8916 2.28216 2.26162 1.79883 -0.17229 -1.13693 -0.738823 -1.15665 -1.88324 -3.64685 -3.7305 -4.86476 -5.33723 -5.78349 -7.21398 -6.3023 -6.21444 -5.96975 -3.98274 -3.00569 -2.3597 -1.77286 -1.62286 -1.37116 -1.04314 -1.01991 -1.0143 -1.02234 -1.02271 -1.05392 -1.15554 -1.24215 -1.70603 -2.52216 -4.03948 -6.49202 -4.77091
-9999 -9999 -9999 -9999 -9999 -9999 -9999 -9999 -9999 -9.95493 -6.58208 -3.06121 -1.59423 -1.35235 2.08177 4.18135 4.1768 3.77072 3.29803 1.14046 1.25961 0.822741 -1.16227 -4.05049 -7.2218 -6.93122 -5.04582 -2.3782 -1.49874 -4.08445 -5.00544 -4.33914 -2.2533 -0.387043 1.56179 2.05149 1.47059 -1.5936 -4.84932 -3.34907 -1.74536 -1.76036 -2.23855 -3.8744 -4.39735 -4.871 -6.06531 -8.07746 -7.78384 -7.22789 -4.97149 -4.26383 -3.1682 -2.25931 -2.60917 -2.41315 -1.54465 -1.04901 -1.03631 -1.03377 -1.0238 -1.04198 -1.07863 -1.27451 -1.4815 -1.82431 -3.94237 -5.26172 -7.17914 -4.95926
-9999 -9999 -9999 -9999 -9999 -9999 -9999 -9999 -9999 -11.0077 -8.56238 -5.19734 -3.84627 -1.68602 1.55889 3.15074 3.90966 3.88486 3.56719 2.59687 2.01072 0.862899 -1.20207 -4.02298 -7.15784 -9.20091 -8.17226 -4.57426 -3.72176 -6.11308 -7.33349 -5.82812 -3.60478 -0.309584 1.57012 1.81789 1.64029 1.00296 -1.37582 -4.24827 -4.24491 -2.81368 -4.02224 -5.42573 -4.66237 -4.80989 -5.9895 -6.84876 -7.36547 -7.04378 -5.75657 -5.23074 -3.96457 -2.09357 -1.83026 -1.88915 -1.10511 -1.07166 -1.0595 -1.03615 -1.04371 -1.05769 -1.0882 -1.24924 -1.60154 -3.01378 -4.24609 -5.95781 -6.17515 -4.20036
-9999 -9999 -9999 -9999 -9999 -9999 -9999 -9999 -9999 -12.816 -9.93742 -6.7856 -3.83492 -1.0437 1.3575 1.53553 2.79825 2.7887 3.44673 3.24835 2.34833 1.38027 -0.400112 -4.02219 -7.06894 -10.391 -9.52393 -5.85299 -5.37244 -6.97837 -9.93999 -6.89532 -3.53708 -0.494192 1.14983 -0.151391 1.16815 1.05232 0.156779 -1.55588 -4.21498 -4.17105 -6.16501 -6.25734 -5.24201 -4.91605 -5.09135 -5.7378 -6.7603 -6.58544 -5.80298 -5.6097 -4.44669 -2.9966 -1.57924 -1.3459 -1.08046 -1.07495 -1.07686 -1.06118 -1.06499 -1.10142 -1.18108 -1.3493 -2.53448 -3.94265 -4.81274 -6.00761 -6.15854 -3.88346
