Test_Spring_2018/12_17/Temp/20171210_015.txt
ncols	170
nrows	115
xllcorner	350000.000000
yllcorner	4445000.000000
cellsize	1000.000000
nodata_value	-9999.000000
[rows 32 to 63 of 115, columns 71 to 141 of 170]
8.5459 8.52939 8.14771 8.75756 9.31954 8.97393 8.75056 9.6665 9.6734 9.36957 8.6465 8.38601 8.11578 7.95325 7.02413 4.40327 2.04129 3.31857 3.35606 2.48518 4.06645 3.24123 1.07773 -1.97931 -0.309028 -0.737093 -2.908 -3.43796 -9999 -9999 -9999 -9999 -9999 -9999 -9999 -9999 -9999 -9999 -9999 -9999 -9999 -9999 -9999 -9999 -9999 -9999 -9999 -9999 -9999 -9999 -9999 -9999 -9999 -9999 -9999 -9999 -9999 -9999 -9999 -9999 -9999 -9999 -9999 -9999 -9999 -9999 -9999 -9999 -9999 -9999 -9999
8.20719 8.01145 7.85207 8.75475 8.74369 8.68402 9.00387 9.5748 9.69462 9.58054 9.26933 9.00106 8.71537 7.97881 6.91481 4.67289 1.9833 1.3791 2.70658 2.77708 2.99614 2.24474 1.29891 -0.184607 1.04085 1.51998 0.0995028 -1.76966 -2.9712 -9999 -9999 -9999 -9999 -9999 -9999 -9999 -9999 -9999 -9999 -9999 -9999 -9999 -9999 -9999 -9999 -9999 -9999 -9999 -9999 -9999 -9999 -9999 -9999 -9999 -9999 -9999 -9999 -9999 -9999 -9999 -9999 -9999 -9999 -9999 -9999 -9999 -9999 -9999 -9999 -9999 -9999
7.69398 7.39318 6.53327 7.0804 7.49303 8.23265 8.42947 8.54884 9.62328 9.574 9.53196 9.08376 8.72697 8.13083 7.10712 5.64631 3.88581 0.814632 2.72045 4.21419 4.18308 4.10834 3.44769 2.02278 3.2258 3.28758 1.47052 -0.611107 -1.82561 -2.32399 -9999 -9999 -9999 -9999 -9999 -9999 -9999 -9999 -9999 -9999 -9999 -9999 -9999 -9999 -9999 -9999 -9999 -9999 -9999 -9999 -9999 -9999 -9999 -9999 -9999 -9999 -9999 -9999 -9999 -9999 -9999 -9999 -9999 -9999 -9999 -9999 -9999 -9999 -9999 -9999 -9999
6.97942 6.69002 5.6378 6.18816 6.91985 7.94159 8.46572 8.87157 9.19788 9.53069 9.49967 9.04081 7.67082 7.48188 7.43013 6.47742 4.46933 2.46376 1.94969 4.22463 4.88066 4.75509 5.26786 4.06176 4.64045 4.41117 3.77022 1.77607 -0.0448241 -0.791061 -2.27202 -9999 -9999 -9999 -9999 -9999 -9999 -9999 -9999 -9999 -9999 -9999 -9999 -9999 -9999 -9999 -9999 -9999 -9999 -9999 -9999 -9999 -9999 -9999 -9999 -9999 -9999 -9999 -9999 -9999 -9999 -9999 -9999 -9999 -9999 -9999 -9999 -9999 -9999 -9999 -9999
-9999 -9999 -9999 4.98237 5.96816 6.79038 7.78636 8.65114 9.09039 9.51746 9.49115 8.56642 8.11815 8.08619 7.46475 6.3638 5.67569 4.41586 3.10273 3.61446 5.55528 4.70172 6.07814 5.96822 6.22571 5.31535 3.57871 1.26894 -0.0845081 -0.751421 -1.95017 -9999 -9999 -9999 -9999 -9999 -9999 -9999 -9999 -9999 -9999 -9999 -9999 -9999 -9999 -9999 -9999 -9999 -9999 -9999 -9999 -9999 -9999 -9999 -9999 -9999 -9999 -9999 -9999 -9999 -9999 -9999 -9999 -9999 -9999 -9999 -9999 -9999 -9999 -9999 -9999
-9999 -9999 -9999 -9999 5.79094 6.41876 7.76144 8.44474 8.73225 9.41659 9.42563 9.08016 8.82139 8.44242 7.94502 7.11969 6.20819 5.02386 4.92113 6.1655 6.18776 5.93595 6.14532 6.78679 6.62483 5.21143 2.76589 1.4785 -1.14843 -2.26718 -2.14496 -2.93533 -9999 -9999 -9999 -9999 -9999 -9999 -9999 -9999 -9999 -9999 -9999 -9999 0.250268 -9999 -9999 -9999 -9999 -9999 -9999 -9999 -9999 -9999 -9999 -9999 -9999 -9999 -9999 -9999 -9999 -9999 -9999 -9999 -9999 -4.31313 -9999 -9999 -9999 -9999 -9999
-9999 -9999 -9999 5.6746 6.50581 7.16202 8.00612 8.0851 8.58673 9.37248 9.39138 9.14868 8.87361 8.24532 8.09585 7.62969 6.63953 6.44328 6.85565 7.04943 7.26772 7.40445 7.30512 7.05352 6.72629 5.81101 4.68155 3.92531 1.53226 0.318173 -0.836451 -2.5871 -3.9546 -9999 -9999 -9999 -9999 -9999 -9999 -9999 -0.710521 -0.764432 -0.721563 -0.324109 0.752392 0.139131 -9999 -9999 -9999 -9999 -9999 -9999 -9999 -9999 -9999 -9999 -9999 -9999 -9999 -9999 -9999 -9999 -9999 -9999 -9999 -3.34977 -4.7241 -9999 -9999 -9999 -9999
-9999 -9999 -9999 5.89482 6.779 7.22393 8.04379 8.51588 8.81558 9.09272 9.35821 9.32277 9.01762 8.54937 8.56088 7.91259 7.56683 7.32215 7.87735 7.99305 7.78056 7.51178 7.27442 6.59136 6.517 6.29153 5.57634 4.39909 3.18596 1.428 -0.951776 -3.28501 -5.16513 -9999 -9999 -9999 -9999 -9999 -9999 -0.520214 0.375241 0.916493 -0.198019 0.776164 1.66779 1.53958 0.694795 -9999 -9999 -9999 -9999 -9999 -9999 -9999 -9999 -9999 -9999 -9999 -9999 -9999 -9999 3.17481 1.76598 -1.09064 -2.54998 -3.42156 -4.6704 -9999 -9999 -9999 -9999
-9999 -9999 -9999 5.7241 6.76693 7.47552 8.10528 8.21172 8.85519 9.13222 9.27836 9.27002 9.2162 9.13692 8.5724 8.33456 7.47678 8.31412 8.2908 8.08867 7.26531 6.91193 5.49208 4.87019 4.7293 5.93335 5.05184 3.20614 0.897785 -1.88264 -2.05539 -2.96814 -4.64793 -9999 -9999 -9999 -9999 -9999 -9999 -0.243941 0.713174 1.51424 1.64113 0.533768 2.10882 2.05716 1.19518 1.00915 1.73836 2.11408 1.85279 2.7231 2.98591 2.61165 3.04697 -9999 -9999 -9999 -9999 3.35373 3.42155 3.47519 2.89409 -0.227752 -2.35681 -4.26779 -4.43116 -9999 -9999 -9999 -9999
-9999 -9999 -9999 6.44485 7.08919 7.4182 7.47694 8.04273 8.60562 8.94882 9.2067 9.16441 9.15254 9.13967 8.95262 8.50613 8.59704 8.56885 8.31133 6.73817 4.90012 5.71122 4.62136 2.27778 4.1873 5.23863 4.23873 2.0007 -0.594953 -1.44699 -1.40378 -2.6762 -4.31618 -9999 -9999 -9999 -2.86039 -1.49591 -1.36723 -0.956758 0.316116 1.28745 2.02413 2.52894 2.52294 2.0158 1.17299 0.255837 0.599608 2.28424 2.70428 3.05918 3.33111 2.98451 3.18197 3.64054 3.88278 3.94055 3.84601 3.83239 3.87917 3.83589 3.29407 0.504418 -1.08907 -2.10226 -4.1461 -9999 -9999 -9999 -9999
-9999 -9999 -9999 6.0466 6.60756 7.06308 7.81315 7.89854 8.3774 8.66251 9.08038 9.13566 8.65704 9.06892 9.02616 8.96017 8.80957 8.58434 7.2582 5.42663 3.58989 2.74521 3.11117 1.70559 2.43383 3.4989 3.1146 1.74007 -0.572048 -0.893755 -1.43213 -3.57494 -5.63853 -9999 -9999 -5.49514 -2.88713 -1.04728 -0.0926964 0.21098 0.250748 1.47168 1.57879 2.89272 2.59789 0.889097 1.09518 0.440032 0.886477 1.51081 1.69142 2.58327 3.44562 3.61799 3.63353 3.9297 3.9994 4.02535 4.02855 3.84589 3.94433 3.96783 3.63361 1.61349 0.633289 -0.443967 -4.11748 -9999 -9999 -9999 -9999
-9999 -9999 -9999 6.33155 6.95754 7.64259 7.75866 8.26815 8.223 8.08488 8.79402 9.05386 8.71868 8.48027 8.94621 8.92414 8.87296 8.78223 7.53671 6.09337 3.90347 2.5448 1.71321 1.1251 0.333255 0.881913 0.719141 0.499709 0.760659 0.126503 -1.14421 -2.39734 -4.7457 -6.01291 -9999 -5.3535 -4.17124 -1.98499 -0.124904 1.06037 0.650126 2.03702 2.3044 3.10766 2.65469 1.62222 1.18452 1.1572 1.03268 1.97137 2.60888 3.05848 3.36482 3.74395 3.84885 3.95383 4.00404 4.03612 4.06815 4.07364 4.07631 4.04501 3.92533 3.00155 2.0263 -0.0991194 -3.99236 -9999 -9999 -9999 -9999
-9999 -9999 4.52718 6.26418 7.30974 7.71794 8.01429 8.27645 8.46827 8.66799 8.85709 8.99065 8.94215 8.04049 8.12462 8.29815 8.82495 8.79734 8.69273 7.90731 5.24111 4.32166 2.97349 1.22921 0.501371 0.870232 2.30708 2.24669 1.30132 0.247646 -1.21482 -2.14151 -3.58007 -6.34595 -6.08837 -4.82982 -3.89029 -2.4011 -0.129738 1.46632 2.18532 2.46465 3.03211 3.33425 2.70777 2.113 1.87035 1.41006 1.35632 1.37296 1.94536 2.39231 3.37837 3.71753 3.87941 3.96727 4.01954 4.06023 4.10009 4.12043 4.11166 4.1223 4.12415 4.06751 2.76187 -0.520127 -2.99023 -9999 -9999 -9999 -9999
-9999 -9999 -9999 5.94685 6.40939 6.53426 6.74915 7.18385 7.68459 8.39033 8.48811 8.88236 8.88891 8.11099 7.21419 8.01416 8.33782 8.67259 8.69127 8.59727 6.35394 5.18419 4.26357 2.59095 3.19832 3.77612 3.82295 3.47956 1.44788 -0.575222 -2.91255 -5.09036 -5.18863 -6.35793 -5.72732 -4.89301 -2.76399 -1.26211 -0.646249 -0.200254 2.10966 2.71824 2.93529 3.53598 2.74646 2.55635 1.96656 2.15897 2.11952 2.13634 0.479683 2.16619 2.2787 3.3833 3.88804 4.01135 4.05306 4.09633 4.11207 4.12857 4.1334 4.15402 4.1487 4.13964 3.29421 -0.869523 -2.95627 -9999 -9999 -9999 -9999
-9999 -9999 -9999 -9999 -9999 6.10552 6.45975 6.68908 7.08237 8.27366 8.60087 8.82149 8.84848 8.50785 7.61899 7.39294 7.56761 6.70148 7.44254 8.45194 8.43339 8.31723 6.34669 5.33933 6.32094 6.02659 4.54477 3.37922 2.2291 -0.14041 -1.8779 -4.37481 -6.24775 -6.31178 -4.23058 -2.49986 -0.3456 0.611089 0.0835223 0.678676 1.83098 3.13953 3.77881 3.64363 2.81078 2.70549 1.78907 2.71615 2.80788 2.39652 2.0428 2.20061 2.75415 2.97344 3.84018 4.05929 4.10818 4.12576 4.13985 4.14633 4.15122 4.15092 4.15153 4.14904 4.11991 -0.16042 -3.48927 -9999 -9999 -9999 -9999
-9999 -9999 -9999 -9999 -9999 5.285 5.50275 6.06711 7.50818 8.26376 8.57485 8.57288 8.72221 8.48488 7.70493 6.90416 6.1498 5.1732 5.74599 7.24573 8.13189 8.23732 6.51045 7.41433 7.0802 6.41814 4.47912 3.05086 2.29513 0.0202604 -1.93059 -3.59016 -5.88273 -4.89295 -3.80263 -2.40338 -0.0539604 1.53521 2.19494 1.66178 2.40334 3.90737 3.92823 3.12514 3.19124 2.70742 1.45028 2.78654 3.17239 2.88605 2.97752 2.87734 3.09207 3.47163 3.83487 4.08021 4.12347 4.13833 4.14119 4.15083 4.16157 4.15473 4.16553 4.16294 4.15048 1.39092 -3.54912 -9999 -9999 -9999 -9999
-9999 -9999 -9999 -9999 -9999 -9999 4.54387 5.82449 7.73545 8.21234 8.17684 8.5785 8.62144 8.25205 7.93308 6.95904 5.6245 3.0509 3.71786 5.09903 7.0861 8.13243 7.99649 7.42028 6.41759 3.98648 1.85911 1.60317 1.25738 -0.401964 -1.90437 -3.75003 -2.67195 -1.49066 -0.197979 0.485776 0.319922 1.68312 2.79706 2.34024 3.24724 4.30372 3.84278 3.5756 3.3537 2.79249 2.77134 2.84501 3.60993 3.10404 3.43723 3.45709 3.453 3.64462 3.8627 4.0906 4.13768 4.14924 4.16325 4.14824 4.16684 4.16411 4.16144 4.15974 4.15033 3.90914 1.25198 -0.331737 -9999 -9999 -9999
-9999 -9999 -9999 -9999 -9999 -9999 3.37092 4.01247 6.27462 6.97533 7.97979 8.51738 8.55076 7.92052 7.57361 6.11717 5.65185 3.27219 2.19874 3.12475 2.77999 5.51266 7.93051 7.40833 2.54051 0.779239 -0.476288 -0.150121 -0.143967 -0.603347 -3.16092 -3.8608 -1.56465 -0.115801 1.0092 1.86538 2.05123 2.03244 3.76865 4.00931 4.58169 4.47203 4.5365 3.67832 3.15239 3.63627 3.10675 3.02768 3.81741 3.06709 3.77213 3.70237 3.50887 3.51167 3.98014 4.08486 4.14525 4.15931 4.15184 4.1388 4.1357 4.16013 4.16286 4.14716 4.15797 4.14269 3.83384 2.46386 1.9913 2.53523 -9999
-9999 -9999 -9999 -9999 -9999 -9999 -9999 1.91213 5.05373 6.49017 7.25053 8.3186 8.45536 8.12286 7.51646 6.03286 4.72927 2.60297 0.172583 -1.11289 2.76176 6.13398 7.89598 7.66841 3.61729 2.02041 1.94948 2.89527 2.10342 1.50397 -0.439428 -1.01486 -1.81606 -1.31154 0.252733 1.53364 2.77034 3.67271 3.75632 4.34646 4.69077 4.73011 4.84666 4.75695 4.68637 3.85882 4.45298 3.97399 4.24928 4.0948 3.95669 3.8377 3.37074 3.72411 4.03814 4.12818 4.16388 4.15646 4.16249 4.15958 4.14084 4.13845 4.1461 4.15283 4.14697 4.1563 4.14966 4.00463 3.18427 2.08277 0.688631
-9999 -9999 -9999 -9999 -9999 -9999 -9999 0.349386 3.47586 4.98333 6.92644 7.92944 8.34053 8.29722 7.80762 6.68266 4.98404 3.57032 0.855972 -1.96351 2.1033 5.7235 7.68039 7.78852 4.38419 5.33279 4.57302 4.88483 3.49092 2.91442 2.45584 1.45797 0.366902 -0.828092 -1.4551 1.40973 2.88574 4.07598 4.64305 4.96862 5.13702 5.06339 4.86245 3.60663 4.5863 4.54734 4.46427 4.36726 4.32736 4.24086 4.13653 4.07835 4.06731 3.76141 4.13754 4.14047 4.15647 4.1688 4.1695 4.16126 4.15494 4.14467 4.15514 4.15301 4.15012 4.1511 4.15508 4.15442 4.11842 3.90757 2.03215
-9999 -9999 -9999 -9999 -9999 -9999 -9999 -4.03143 0.514392 4.16507 6.07824 7.63402 8.06946 8.23836 7.57776 7.08625 5.87126 4.72091 2.94053 0.268648 -1.37393 1.67185 6.09625 7.72632 7.60275 7.50518 6.62662 5.83531 5.73921 5.80362 4.87834 3.53311 1.77698 1.23411 0.624361 2.76038 3.05827 2.91271 5.26194 5.27799 5.1561 4.27255 3.28121 3.48319 2.87808 3.36538 2.63891 3.33169 3.93245 4.16516 4.16024 4.09329 4.09938 4.07677 4.15091 4.16133 4.16223 4.16505 4.17102 4.17201 4.15426 4.14803 4.16692 4.15902 4.15448 4.15158 4.15832 4.16286 4.13872 4.11769 3.83751
-9999 -9999 -9999 -9999 -9999 -9999 -9999 -3.83482 -0.013217 3.23261 5.17847 7.05467 7.49712 8.1368 8.01043 7.49484 6.43972 5.11883 3.65497 1.3638 -0.337555 1.70231 4.64124 6.74749 7.50444 7.49707 7.45114 7.25613 7.17642 6.94892 6.78372 5.82249 4.16355 3.23016 1.86122 4.24065 4.51581 4.15457 5.34779 5.29882 3.52025 2.15554 1.99543 2.84478 2.05834 1.92977 1.44815 2.0225 3.54054 3.11728 3.21677 3.90954 4.03459 4.11797 4.14911 4.15574 4.16347 4.16247 4.17445 4.18602 4.16887 4.16585 4.16896 4.15217 4.15845 4.14985 4.14524 4.14407 4.13559 4.11734 4.04463
-9999 -9999 -9999 -9999 -9999 -9999 -9999 -3.75259 -1.18257 1.73925 4.60221 6.60514 7.41857 8.01351 8.0166 7.41541 6.89541 6.07055 4.78354 3.90298 2.36776 0.257436 3.81387 4.9073 5.88312 6.29589 7.31329 7.29311 6.83368 6.28892 6.79486 6.65327 5.3424 4.9166 4.19293 5.52008 5.53217 5.50498 5.44406 3.94257 1.8519 0.183243 1.40289 1.16171 1.72634 0.0191677 1.4494 2.59999 2.98171 2.22398 1.66243 3.44701 3.75268 3.93949 4.0632 4.14815 4.1414 4.17023 4.17017 4.17504 4.17913 4.17351 4.17375 4.1677 4.16128 4.1576 4.15509 4.14455 4.12692 4.13506 4.1026
-9999 -9999 -9999 -9999 -9999 -9999 -9999 -9999 -2.69425 1.00077 4.30732 6.15215 7.31575 7.88727 7.88605 7.58284 7.2323 6.72383 5.79739 4.63108 2.78307 1.41264 2.29348 3.36458 3.489 4.20373 6.26637 6.97426 5.98304 3.51824 4.9766 6.60442 6.58493 6.45392 6.30702 6.11398 5.94439 5.56311 4.52661 1.33167 0.714689 -0.531691 -0.377689 -1.0113 0.406872 -0.108366 1.35073 1.98995 2.23883 0.912917 1.20516 2.78962 3.42422 3.33298 3.72678 4.10462 4.12778 4.14912 4.15029 4.16849 4.18151 4.18537 4.17697 4.17453 4.17527 4.15741 4.1692 4.05984 3.99236 3.84549 4.04999
-9999 -9999 -9999 -9999 -9999 -9999 -9999 -9999 -3.43525 0.259535 4.15222 5.40781 6.66145 7.74477 7.7745 7.30618 6.8611 6.40219 5.87827 4.46187 3.08824 1.77675 1.34082 1.61275 1.59452 2.74799 5.43409 5.95851 5.74256 3.16706 2.3026 4.4754 6.30297 6.45382 6.29673 4.16279 4.62801 3.48164 1.92396 1.50271 0.827133 -0.611888 0.0969469 -0.953796 -0.487164 -0.599948 0.233319 0.645721 1.63477 0.480533 0.494696 2.05055 2.84139 2.87298 3.70207 4.00513 4.09294 4.12336 4.14809 4.16234 4.18573 4.18862 4.18692 4.18129 4.15256 4.06989 3.79619 2.25544 2.26771 2.70361 3.1168
-9999 -9999 -9999 -9999 -9999 -9999 -9999 -9999 -3.00883 -0.442449 3.01251 5.57407 5.74299 6.99294 7.64237 7.13217 6.55655 5.96724 5.71412 4.1719 2.47674 1.10822 -0.51333 -0.238597 0.936785 2.85126 4.58863 4.90402 4.55191 3.17033 3.82834 5.31254 6.10427 6.34328 6.1693 5.71123 5.45055 4.6088 4.24962 3.07762 1.23976 0.522374 0.9942 -0.956895 -0.808641 -0.0718318 -0.833762 0.448554 1.06838 -0.425868 0.77962 2.1568 2.86677 3.48891 3.78959 3.91641 4.10444 4.1204 4.14635 4.16533 4.17349 4.184 4.16587 4.15258 3.99833 3.76588 2.33107 1.74115 1.86974 2.54837 3.144
-9999 -9999 -9999 -9999 -9999 -9999 -9999 -9999 -2.57301 -0.261499 2.73529 4.56396 4.89806 6.28316 7.51578 7.38756 6.78819 6.61138 5.98954 4.68275 3.23823 1.65835 0.893736 -0.873478 0.879402 2.26326 3.73572 4.42779 3.29164 2.72937 3.74373 4.7525 5.16008 6.17952 6.17818 5.85715 4.44486 3.76115 4.06375 3.77595 3.26472 2.00299 1.95697 1.15057 0.823045 0.514429 -0.516064 0.157922 0.235788 0.427951 1.87181 2.59426 3.07726 3.51756 3.64184 3.83977 4.09296 4.12557 4.14538 4.15525 4.17056 4.16343 4.10523 4.05775 3.73711 3.16142 2.07816 0.318225 1.57833 2.89558 3.29725
-9999 -9999 -9999 -9999 -9999 -9999 -9999 -9999 -2.9659 -0.51077 2.05165 3.12786 3.31753 5.81737 7.35134 7.3624 7.08262 6.7543 5.20629 5.30549 5.00187 3.57747 1.49905 -0.784581 -0.563178 0.806716 2.74624 3.39333 1.51693 0.861944 1.35603 2.87782 4.24112 5.66458 6.03246 5.62589 3.42248 1.08066 2.18079 3.35588 3.35958 3.02809 1.8588 1.49486 1.16657 0.316719 -1.1296 -0.90807 -0.491294 1.14745 1.67488 2.4832 3.15649 2.91894 3.07651 3.7208 4.09528 4.12027 4.13789 4.16084 4.16335 4.15241 4.02615 3.89176 3.65898 2.1414 1.20172 -0.170818 1.45086 2.35223 2.84034
-9999 -9999 -9999 -9999 -9999 -9999 -9999 -9999 -3.72388 -1.93997 0.509622 1.50184 3.07968 5.44246 6.60886 7.17234 7.16843 6.95231 6.26356 5.85247 5.03454 3.55252 1.52308 -0.733875 -2.20098 -1.44534 1.16227 1.78367 0.0543409 -0.817157 0.284267 1.90563 4.30305 5.67647 5.86923 5.75447 5.30726 3.60002 1.53566 1.5526 2.60293 1.74292 0.741853 1.30889 1.21671 0.377622 -0.22966 -0.599273 -0.351089 0.585603 0.981529 1.91333 3.2829 3.4891 3.4622 4.04537 4.08538 4.11001 4.14273 4.15307 4.15872 4.15237 4.0515 3.81216 2.80571 1.9294 0.706102 0.564194 2.00891 2.64742 3.24247
-9999 -9999 -9999 -9999 -9999 -9999 -9999 -9999 -5.02863 -2.93116 -0.635893 1.51386 3.54824 5.30035 5.44352 6.37154 6.37867 6.86868 6.73865 6.10055 5.41288 4.137 1.52798 -0.664985 -3.05746 -2.41853 0.244224 0.58409 -0.566545 -2.69804 -0.482615 1.96006 4.17487 5.37769 4.44942 5.41806 5.34822 4.71434 3.48931 1.5795 1.62592 0.197614 0.145518 0.895012 1.14561 1.03344 0.580279 -0.149564 -0.0132444 0.558253 0.713596 1.57077 2.63577 3.67715 3.86173 4.06961 4.08943 4.1039 4.13113 4.14427 4.1338 4.09203 3.98616 3.14431 2.14105 1.52716 0.678209 0.584702 2.24684 2.9203 3.29881
-9999 -9999 -9999 -9999 -9999 -9999 -9999 -9999 -9999 -3.14561 -0.774613 0.982063 1.46126 3.01959 3.8649 4.52089 4.6727 6.52884 6.63867 6.23697 5.60589 4.51876 2.54068 1.16434 -1.13027 -2.77793 -2.09558 -1.78383 -1.1692 -1.3415 -0.349546 1.99795 4.44363 4.71756 3.17708 3.41505 3.74805 4.48357 4.1247 1.51886 0.200008 -0.8928 -0.0987495 0.736186 0.946408 0.997181 0.849059 0.677798 0.365616 1.47989 2.30739 2.50815 3.23104 3.76771 3.92419 4.04484 4.06966 4.09465 4.10608 4.08666 4.07558 3.95484 3.67052 2.72767 0.444765 0.562791 0.325576 -0.377089 1.24836 2.28094 3.20262
-9999 -9999 -9999 -9999 -9999 -9999 -9999 -9999 -9999 -3.93244 -1.19039 -0.604534 -0.638973 -1.53558 -1.11047 2.25324 2.93716 4.7176 6.40372 6.28824 5.66923 4.65251 3.47719 1.65343 -0.928141 -2.97829 -3.84854 -1.63011 0.544344 0.999849 1.70067 3.14184 3.42186 1.84685 0.370699 1.21261 1.72346 3.64531 4.00388 3.6419 2.07596 0.284291 -0.645895 0.474984 0.634051 0.71142 0.735396 0.712704 0.674921 1.92665 2.62608 3.11475 3.38599 3.84833 3.97509 4.02336 4.06942 4.07253 4.06051 4.00048 3.93065 3.58518 3.16459 1.61329 0.321776 -0.479452 -1.49948 0.835163 1.53673 2.50463 3.13519
