Test_Spring_2018/12_17/Temp/20171217_012.txt
ncols	170
nrows	115
xllcorner	350000.000000
yllcorner	4445000.000000
cellsize	1000.000000
nodata_value	-9999.000000
[rows 32 to 63 of 115, columns 72 to 143 of 170]
9.77446 9.4586 9.95366 10.4095 10.1236 9.93612 10.6799 10.6819 10.4298 9.83491 9.61844 9.39414 9.25804 8.49508 6.34852 4.41387 5.45604 5.48429 4.76971 6.06097 5.38401 3.61254 1.11033 2.47484 2.12312 0.340221 -0.0962312 -9999 -9999 -9999 -9999 -9999 -9999 -9999 -9999 -9999 -9999 -9999 -9999 -9999 -9999 -9999 -9999 -9999 -9999 -9999 -9999 -9999 -9999 -9999 -9999 -9999 -9999 -9999 -9999 -9999 -9999 -9999 -9999 -9999 -9999 -9999 -9999 -9999 -9999 -9999 -9999 -9999 -9999 -9999 -9999 -9999
9.35739 9.22337 9.95799 9.94517 9.89422 10.15 10.6117 10.7061 10.6093 10.3513 10.1285 9.89162 9.28605 8.41278 6.57617 4.37352 3.87672 4.96003 5.01534 5.19228 4.57555 3.7999 2.58453 3.585 3.9751 2.8073 1.27368 0.287872 -9999 -9999 -9999 -9999 -9999 -9999 -9999 -9999 -9999 -9999 -9999 -9999 -9999 -9999 -9999 -9999 -9999 -9999 -9999 -9999 -9999 -9999 -9999 -9999 -9999 -9999 -9999 -9999 -9999 -9999 -9999 -9999 -9999 -9999 -9999 -9999 -9999 -9999 -9999 -9999 -9999 -9999 -9999 -9999
8.85833 8.15133 8.59514 8.92889 9.53051 9.68513 9.77918 10.6545 10.6107 10.5729 10.203 9.90798 9.41729 8.57698 7.37926 5.93652 3.42185 4.97814 6.19747 6.16968 6.1063 5.56375 4.39616 5.37811 5.42664 3.93315 2.22557 1.23006 0.820245 -9999 -9999 -9999 -9999 -9999 -9999 -9999 -9999 -9999 -9999 -9999 -9999 -9999 -9999 -9999 -9999 -9999 -9999 -9999 -9999 -9999 -9999 -9999 -9999 -9999 -9999 -9999 -9999 -9999 -9999 -9999 -9999 -9999 -9999 -9999 -9999 -9999 -9999 -9999 -9999 -9999 -9999 -9999
8.28989 7.4256 7.87204 8.46675 9.29747 9.72263 10.0498 10.3132 10.5819 10.5532 10.1746 9.05082 8.89319 8.84787 8.06574 6.42046 4.77735 4.35427 6.2125 6.74666 6.64158 7.0587 6.06995 6.54108 6.35138 5.82349 4.18527 2.69188 2.07917 0.865448 -9999 -9999 -9999 -9999 -9999 -9999 -9999 -9999 -9999 -9999 -9999 -9999 -9999 -9999 -9999 -9999 -9999 -9999 -9999 -9999 -9999 -9999 -9999 -9999 -9999 -9999 -9999 -9999 -9999 -9999 -9999 -9999 -9999 -9999 -9999 -9999 -9999 -9999 -9999 -9999 -9999 -9999
-9999 -9999 6.89248 7.69379 8.36097 9.17355 9.87607 10.2318 10.5776 10.5527 9.79307 9.42322 9.39398 8.8827 7.97929 7.41365 6.38046 5.30377 5.71975 7.30471 6.60411 7.72752 7.63526 7.84354 7.09661 5.67147 3.77603 2.66478 2.11679 1.13375 -9999 -9999 -9999 -9999 -9999 -9999 -9999 -9999 -9999 -9999 -9999 -9999 -9999 -9999 -9999 -9999 -9999 -9999 -9999 -9999 -9999 -9999 -9999 -9999 -9999 -9999 -9999 -9999 -9999 -9999 -9999 -9999 -9999 -9999 -9999 -9999 -9999 -9999 -9999 -9999 -9999 -9999
-9999 -9999 -9999 7.55548 8.0637 9.15806 9.71375 9.94532 10.5016 10.5055 10.2196 10.0048 9.69169 9.28184 8.60386 7.85549 6.88404 6.79733 7.81252 7.82817 7.61969 7.78846 8.31068 8.17577 7.01593 5.01219 3.95667 1.80002 0.882321 0.97962 0.330441 -9999 -9999 -9999 -9999 -9999 -9999 -9999 -9999 -9999 -9999 -9999 -9999 2.89549 -9999 -9999 -9999 -9999 -9999 -9999 -9999 -9999 -9999 -9999 -9999 -9999 -9999 -9999 -9999 -9999 -9999 -9999 -9999 -9999 -0.899826 -9999 -9999 -9999 -9999 -9999 -9999 -9999
-9999 -9999 7.47212 8.14553 8.6783 9.36478 9.42714 9.83266 10.4718 10.4838 10.2819 10.0537 9.53665 9.41136 9.02715 8.21442 8.05113 8.38573 8.54159 8.71754 8.82681 8.74302 8.53469 8.26451 7.51112 6.58466 5.96344 3.99987 3.0024 2.05521 0.620491 -0.500874 -9999 -9999 -9999 -9999 -9999 -9999 -9999 2.12886 2.08155 2.11329 2.43493 3.31188 2.8066 -9999 -9999 -9999 -9999 -9999 -9999 -9999 -9999 -9999 -9999 -9999 -9999 -9999 -9999 -9999 -9999 -9999 -9999 -9999 -0.104463 -1.23002 -9999 -9999 -9999 -9999 -9999 -9999
-9999 -9999 7.6566 8.37572 8.73557 9.40212 9.78428 10.0261 10.2491 10.4628 10.4304 10.1775 9.79135 9.79773 9.26453 8.97888 8.77598 9.22739 9.31938 9.14296 8.92053 8.72379 8.1625 8.09907 7.90989 7.32216 6.35645 5.36135 3.91569 1.96632 0.0549942 -1.48573 -9999 -9999 -9999 -9999 -9999 -9999 2.293 3.02238 3.46195 2.54712 3.34058 4.0664 3.95795 3.26541 -9999 -9999 -9999 -9999 -9999 -9999 -9999 -9999 -9999 -9999 -9999 -9999 -9999 -9999 5.24654 4.09214 1.75372 0.558374 -0.15604 -1.17883 -9999 -9999 -9999 -9999 -9999 -9999
-9999 -9999 7.5238 8.37257 8.94794 9.45888 9.54186 10.0631 10.2875 10.4035 10.3932 10.3458 10.2778 9.81301 9.61554 8.91109 9.59323 9.57147 9.40349 8.72743 8.43578 7.27182 6.76052 6.64066 7.62269 6.89882 5.38624 3.49519 1.21651 1.06917 0.319638 -1.05728 -9999 -9999 -9999 -9999 -9999 -9999 2.52451 3.30439 3.95655 4.05717 3.14814 4.43302 4.38915 3.68063 3.52492 4.11777 4.42149 4.20348 4.91148 5.12309 4.81374 5.16669 -9999 -9999 -9999 -9999 5.40395 5.45709 5.49878 5.02147 2.4662 0.723161 -0.841292 -0.978786 -9999 -9999 -9999 -9999 -9999 -9999
-9999 -9999 8.12017 8.64285 8.90761 8.95136 9.40992 9.86519 10.1435 10.3529 10.3146 10.3014 10.2876 10.1315 9.7633 9.83484 9.80909 9.59587 8.30662 6.80075 7.46171 6.56549 4.64516 6.20324 7.06026 6.23946 4.40587 2.27971 1.57825 1.60777 0.563995 -0.777224 -9999 -9999 -9999 0.401271 1.51447 1.61694 1.94993 2.98831 3.78001 4.37632 4.78599 4.77799 4.36125 3.66845 2.91476 3.19238 4.56671 4.90672 5.19249 5.41157 5.12484 5.2865 5.65841 5.85354 5.89797 5.81802 5.80447 5.84053 5.80315 5.35822 3.07148 1.76661 0.936636 -0.732648 -9999 -9999 -9999 -9999 -9999 -9999
-9999 -9999 7.80274 8.25716 8.62532 9.23491 9.30045 9.68791 9.91618 10.2553 10.2968 9.90172 10.2352 10.1971 10.1401 10.0141 9.82727 8.74006 7.23952 5.73479 5.04149 5.33781 4.18559 4.77752 5.64578 5.32576 4.20194 2.30757 2.04109 1.59623 -0.162202 -1.85336 -9999 -9999 -1.74553 0.384707 1.88676 2.66483 2.91056 2.94045 3.93641 4.02125 5.09304 4.84919 3.44953 3.61481 3.07144 3.43303 3.94402 4.08809 4.81343 5.51476 5.65224 5.66155 5.90054 5.95448 5.97285 5.97283 5.82104 5.89942 5.91677 5.64178 3.98807 3.18519 2.30115 -0.699043 -9999 -9999 -9999 -9999 -9999 -9999
-9999 -9999 8.04419 8.55185 9.10775 9.19822 9.61049 9.56765 9.44967 10.0257 10.2354 9.95761 9.75917 10.1371 10.116 10.0714 9.99459 8.9734 7.79048 5.99698 4.88335 4.20027 3.7167 3.06834 3.51437 3.37828 3.19561 3.40563 2.88112 1.83715 0.80863 -1.11756 -2.15737 -9999 -1.62432 -0.660239 1.12518 2.64396 3.61087 3.27277 4.40459 4.62063 5.27515 4.90166 4.0552 3.69731 3.67168 3.5663 4.33033 4.84445 5.20797 5.45479 5.76095 5.84322 5.92572 5.96362 5.98694 6.01048 6.0126 6.01272 5.98536 5.886 5.1292 4.32884 2.58965 -0.590331 -9999 -9999 -9999 -9999 -9999 -9999
-9999 6.58039 7.99576 8.8465 9.17583 9.41361 9.62344 9.77576 9.93397 10.0831 10.1885 10.1459 9.40486 9.47042 9.60937 10.0375 10.0124 9.92448 9.2798 7.09681 6.34211 5.2394 3.81056 3.21187 3.51084 4.68309 4.63042 3.85364 2.98803 1.787 1.02328 -0.157056 -2.42426 -2.21685 -1.19055 -0.425008 0.790302 2.64554 3.94852 4.53418 4.76019 5.22202 5.46646 4.95408 4.46583 4.26441 3.88467 3.83715 3.84692 4.31105 4.67209 5.47158 5.74516 5.87369 5.94205 5.98152 6.01181 6.04172 6.05601 6.04684 6.05389 6.05409 6.00535 4.93659 2.25493 0.238973 -9999 -9999 -9999 -9999 -9999 -9999
-9999 -9999 7.74283 8.11661 8.21408 8.38513 8.73594 9.14079 9.71278 9.78834 10.1066 10.1073 9.46799 8.73118 9.38252 9.64454 9.91589 9.92889 9.84983 8.01397 7.05539 6.30051 4.93037 5.42389 5.89377 5.92905 5.64483 3.97941 2.32073 0.404008 -1.38141 -1.46593 -2.42745 -1.91597 -1.23671 0.50176 1.72748 2.22868 2.59107 4.47809 4.97368 5.15076 5.63996 4.99182 4.83462 4.34933 4.50347 4.46761 4.47744 3.11822 4.49296 4.58049 5.47951 5.88634 5.98345 6.01417 6.04647 6.05662 6.06778 6.06981 6.08514 6.07861 6.07254 5.38087 1.97532 0.272983 -9999 -9999 -9999 -9999 -9999 -9999
-9999 -9999 -9999 -9999 7.86983 8.15476 8.33748 8.65433 9.62337 9.88646 10.0626 10.0806 9.7983 9.06787 8.87998 9.02016 8.30931 8.91377 9.73747 9.72061 9.62393 8.0104 7.1837 7.98419 7.74072 6.52564 5.5689 4.62444 2.68231 1.2561 -0.79047 -2.32669 -2.38323 -0.684895 0.7264 2.4855 3.26531 2.83131 3.31578 4.25705 5.32557 5.84663 5.73409 5.05064 4.96288 4.21049 4.96556 5.03697 4.69651 4.40287 4.52709 4.97516 5.14983 5.85421 6.02914 6.06461 6.07581 6.08458 6.08756 6.08969 6.08852 6.0883 6.08598 6.06223 2.56156 -0.156659 -9999 -9999 -9999 -9999 -9999 -9999
-9999 -9999 -9999 -9999 7.20515 7.37839 7.83508 9.00886 9.62144 9.87125 9.86524 9.98326 9.78536 9.14401 8.486 7.86632 7.06525 7.53179 8.75677 9.48 9.56466 8.15053 8.88718 8.61153 8.06732 6.47827 5.30661 4.68467 2.81986 1.21906 -0.14274 -2.0223 -1.21701 -0.329227 0.811598 2.72989 4.02704 4.56436 4.12628 4.73106 5.95958 5.97496 5.31622 5.36816 4.97085 3.93984 5.02963 5.34159 5.10332 5.17373 5.08681 5.2576 5.56318 5.85555 6.05177 6.08313 6.09164 6.0912 6.09677 6.10396 6.09728 6.10556 6.10335 6.09344 3.83686 -0.199128 -9999 -9999 -9999 -9999 -9999 -9999
-9999 -9999 -9999 -9999 -9999 6.60055 7.64308 9.20117 9.58576 9.55203 9.8761 9.90704 9.60108 9.33674 8.53699 7.44277 5.33545 5.87905 7.00709 8.63086 9.48519 9.37238 8.89848 8.07602 6.08487 4.34176 4.12896 3.84228 2.48088 1.24682 -0.267255 0.610078 1.57195 2.62519 3.18074 3.04184 4.1541 5.0629 4.6873 5.42746 6.29001 5.91139 5.69109 5.50755 5.04701 5.027 5.0841 5.70611 5.28825 5.55631 5.56749 5.55919 5.71093 5.88445 6.06629 6.10068 6.1066 6.11518 6.10066 6.11427 6.11104 6.10843 6.1071 6.09983 5.90325 3.73459 2.44061 -9999 -9999 -9999 -9999 -9999
-9999 -9999 -9999 -9999 -9999 5.64772 6.16756 8.01291 8.58058 9.39746 9.83267 9.85577 9.33641 9.04949 7.85496 7.47165 5.52298 4.64302 5.39879 5.1153 7.34896 9.32502 8.8953 4.91146 3.4682 2.4382 2.70153 2.70272 2.32279 0.225658 -0.351268 1.52234 2.70303 3.6191 4.31566 4.46458 4.4464 5.86434 6.05895 6.52544 6.43421 6.48539 5.78176 5.34962 5.74392 5.30815 5.24035 5.88268 5.26489 5.83708 5.77496 5.61168 5.60892 5.98718 6.06822 6.11346 6.12147 6.11245 6.09967 6.09537 6.11444 6.11633 6.10364 6.113 6.10127 5.85342 4.73427 4.34897 4.79481 -9999 -9999 -9999
-9999 -9999 -9999 -9999 -9999 -9999 4.45637 7.02112 8.19061 8.80785 9.67698 9.78463 9.50941 9.00974 7.79305 6.72406 4.9826 2.99278 1.93958 5.10727 7.86403 9.30364 9.11484 5.799 4.49021 4.42915 5.19931 4.54781 4.05335 2.45859 1.98348 1.32368 1.73199 3.00746 4.05194 5.06002 5.79529 5.8615 6.34257 6.62155 6.65219 6.74599 6.67094 6.61126 5.93295 6.41631 6.02143 6.24302 6.11263 5.99522 5.89287 5.50595 5.78995 6.0419 6.11094 6.1363 6.12658 6.12862 6.12415 6.10756 6.104 6.10995 6.11562 6.11136 6.11975 6.11912 6.00182 5.33194 4.43182 3.29197 -9999 -9999
-9999 -9999 -9999 -9999 -9999 -9999 3.18506 5.73754 6.96521 8.54994 9.36562 9.69905 9.65956 9.25544 8.33208 6.93996 5.7813 3.55917 1.2513 4.57521 7.53546 9.13442 9.22103 6.43328 7.20653 6.58207 6.83371 5.68982 5.21419 4.83399 4.01341 3.11658 2.13508 1.61922 3.9585 5.16235 6.13307 6.59466 6.85927 6.99572 6.93326 6.76614 5.73728 6.53663 6.50335 6.4328 6.3504 6.31424 6.23952 6.14982 6.09733 6.0834 5.82825 6.13014 6.1296 6.13848 6.14498 6.1427 6.13389 6.12745 6.1185 6.12546 6.12365 6.12176 6.12324 6.13128 6.13191 6.10342 5.93163 4.39796 3.48352 3.23368
-9999 -9999 -9999 -9999 -9999 -9999 -0.391103 3.32246 6.30298 7.86331 9.13337 9.48524 9.61939 9.07543 8.67019 7.67362 6.73032 5.27204 3.08482 1.73963 4.22804 7.84507 9.1775 9.07308 8.99063 8.26903 7.61844 7.53615 7.58485 6.82301 5.71894 4.27811 3.83149 3.32849 5.07173 5.31201 5.19012 7.10936 7.1207 7.01959 6.29571 5.48212 5.64594 5.14695 5.54409 4.9473 5.51093 5.99886 6.18533 6.17706 6.11757 6.11637 6.09326 6.15153 6.15554 6.1522 6.151 6.15308 6.15184 6.13601 6.13029 6.14569 6.13734 6.13414 6.13173 6.14199 6.14664 6.12765 6.11091 5.88185 5.53305 4.86228
-9999 -9999 -9999 -9999 -9999 -9999 -0.223194 2.89747 5.54785 7.13736 8.66761 9.02533 9.54464 9.43771 9.01278 8.14695 7.0641 5.86462 3.98869 2.59531 4.26204 6.66263 8.38335 8.99891 8.99145 8.95092 8.78812 8.72032 8.53025 8.39011 7.5996 6.24066 5.47287 4.34906 6.2915 6.51324 6.21494 7.18857 7.14662 5.69031 4.57271 4.44044 5.13181 4.48683 4.38037 3.98114 4.44794 5.68622 5.33461 5.41195 5.97412 6.07194 6.13844 6.15936 6.16046 6.16286 6.15867 6.16572 6.17314 6.15773 6.15452 6.15684 6.14328 6.14613 6.13961 6.14082 6.13938 6.13294 6.11824 6.05868 5.99391 6.08023
-9999 -9999 -9999 -9999 -9999 -9999 -0.147014 1.9486 4.33413 6.6742 8.30828 8.96958 9.45242 9.45144 8.95653 8.52837 7.85117 6.79626 6.074 4.81639 3.0884 5.99539 6.8861 7.68052 8.01662 8.84578 8.82596 8.44658 7.99768 8.40749 8.29021 7.21381 6.86139 6.26554 7.34742 7.35405 7.32898 7.27675 6.04661 4.33486 2.96846 3.96455 3.76569 4.22358 2.82582 3.99169 4.92992 5.23886 4.61237 4.14916 5.6046 5.85361 6.00201 6.09887 6.16426 6.15501 6.17534 6.17261 6.17453 6.17642 6.17093 6.17069 6.16566 6.16056 6.15483 6.15762 6.1496 6.13933 6.14615 6.11728 6.11055 6.10681
-9999 -9999 -9999 -9999 -9999 -9999 -9999 0.721429 3.74236 6.44269 7.94752 8.89529 9.359 9.35452 9.10334 8.81376 8.39532 7.63527 6.67924 5.16575 4.04291 4.76141 5.63376 5.73153 6.31344 7.99759 8.57336 7.75912 5.73848 6.93055 8.25807 8.23818 8.12713 8.00324 7.84295 7.70105 7.38637 6.53612 3.92074 3.41304 2.39181 2.51604 1.99598 3.15154 2.72862 3.91957 4.43957 4.63993 3.55187 3.78725 5.08267 5.59743 5.51844 5.83627 6.13908 6.15448 6.16882 6.16716 6.17996 6.18906 6.19115 6.18611 6.184 6.18471 6.16711 6.1817 6.09272 6.03775 5.91754 6.08435 6.10714 6.13138
-9999 -9999 -9999 -9999 -9999 -9999 -9999 0.126379 3.14448 6.32446 7.34754 8.36914 9.25162 9.27256 8.88638 8.51949 8.14153 7.71063 6.54992 5.4243 4.34954 3.99089 4.21111 4.1903 5.13107 7.3252 7.75099 7.571 5.46323 4.75255 6.52604 8.01713 8.13682 8.00476 6.25597 6.63339 5.69292 4.41632 4.06951 3.51486 2.3359 2.91377 2.05236 2.43191 2.33548 3.01451 3.34901 4.15486 3.20736 3.21562 4.48807 5.13092 5.1527 5.82687 6.07097 6.13934 6.16117 6.17882 6.1884 6.20597 6.20722 6.20511 6.20007 6.17632 6.10853 5.88126 4.62589 4.63586 4.99206 5.32938 5.93935 6.122
-9999 -9999 -9999 -9999 -9999 -9999 -9999 0.483453 2.57881 5.40099 7.49247 7.62705 8.64596 9.17388 8.75352 8.27985 7.79521 7.58573 6.322 4.93326 3.81174 2.48322 2.70565 3.66462 5.22412 6.64229 6.89719 6.60595 5.47512 6.00991 7.22039 7.86444 8.05644 7.91074 7.53283 7.31658 6.62529 6.32894 5.36797 3.86252 3.27364 3.65749 2.05949 2.17849 2.77872 2.15094 3.19699 3.70091 2.47542 3.46235 4.58516 5.16213 5.66724 5.90948 6.00969 6.16023 6.17037 6.18906 6.20249 6.20747 6.21475 6.19893 6.18731 6.06054 5.86988 4.69576 4.21451 4.31934 4.87385 5.36022 5.87969 6.09186
-9999 -9999 -9999 -9999 -9999 -9999 -9999 0.8483 2.73541 5.18305 6.67529 6.94514 8.07477 9.07982 8.97195 8.47889 8.33161 7.82048 6.74923 5.5654 4.27088 3.64318 2.19536 3.62664 4.75198 5.95352 6.51662 5.58689 5.12388 5.95034 6.77215 7.1022 7.93274 7.92843 7.66274 6.50463 5.94262 6.18753 5.94969 5.52921 4.49494 4.45506 3.79319 3.52292 3.26796 2.42032 2.9688 3.0295 3.18716 4.36586 4.95336 5.34494 5.70159 5.79981 5.95842 6.16244 6.18631 6.20003 6.20595 6.21666 6.20932 6.16046 6.12057 5.85739 5.38565 4.49875 3.06012 4.09019 5.16685 5.50132 5.82365 5.99227
-9999 -9999 -9999 -9999 -9999 -9999 -9999 0.535399 2.54018 4.63274 5.50971 5.66162 7.70317 8.95482 8.96095 8.72932 8.45811 7.18939 7.26806 7.01732 5.84988 4.14749 2.27722 2.45583 3.57118 5.15326 5.67965 4.14476 3.60607 4.00718 5.24882 6.36079 7.52199 7.81984 7.48432 5.6792 3.761 4.6582 5.61683 5.61741 5.34387 4.38508 4.08497 3.81394 3.1162 1.93051 2.10667 2.44464 3.78683 4.21512 4.87307 5.42053 5.22298 5.34867 5.87259 6.17598 6.19373 6.20568 6.22226 6.22237 6.21172 6.10696 5.9957 5.80407 4.56163 3.79188 2.67247 3.99531 4.73162 5.13978 5.84098 6.01371
-9999 -9999 -9999 -9999 -9999 -9999 -9999 -0.0760889 1.37988 3.38035 4.18881 5.47632 7.40591 8.35703 8.81508 8.80913 8.62969 8.06375 7.72498 7.05349 5.83884 4.17645 2.32794 1.12545 1.74097 3.86692 4.37532 2.95807 2.24246 3.14051 4.4638 6.42183 7.54229 7.69708 7.60036 7.23179 5.83266 4.1415 4.15275 5.0093 4.30333 3.48198 3.94321 3.86519 3.17616 2.67666 2.36925 2.57283 3.3376 3.65847 4.4176 5.53478 5.70042 5.67544 6.14956 6.17952 6.19706 6.22139 6.2276 6.23016 6.22309 6.13886 5.9415 5.11678 4.39858 3.39659 3.2791 4.46129 4.98953 5.47832 5.82613 5.9444
-9999 -9999 -9999 -9999 -9999 -9999 -9999 -1.13476 0.577857 2.45228 4.20771 5.8688 7.29906 7.41335 8.16965 8.17277 8.5709 8.46193 7.93743 7.37242 6.32631 4.1898 2.3936 0.43421 0.954289 3.12668 3.40367 2.45994 0.713902 2.52333 4.5186 6.32747 7.30859 6.54662 7.33619 7.27636 6.7552 5.75053 4.18576 4.22106 3.05013 3.00484 3.61516 3.81739 3.72285 3.34936 2.74916 2.85928 3.32562 3.44984 4.1481 5.01636 5.86531 6.01352 6.18083 6.19441 6.20372 6.22357 6.23202 6.22129 6.18508 6.09654 5.40612 4.58376 4.07995 3.38391 3.3058 4.66792 5.2223 5.53405 5.8356 5.9591
-9999 -9999 -9999 -9999 -9999 -9999 -9999 -9999 0.411132 2.34768 3.78177 4.17099 5.44289 6.1316 6.66547 6.78697 8.30251 8.38971 8.05852 7.53974 6.64797 5.02747 3.89919 2.01984 0.669678 1.22461 1.4765 1.97678 1.83341 2.64231 4.55994 6.55786 6.7794 5.51685 5.70892 5.97867 6.57762 6.28139 4.14725 3.06574 2.16909 2.81574 3.49581 3.66489 3.70354 3.5795 3.43882 3.18121 4.08987 4.76399 4.9255 5.5141 5.95043 6.07582 6.17195 6.18974 6.20772 6.21466 6.19642 6.18507 6.0841 5.84941 5.07615 3.20689 3.3015 3.10561 2.52907 3.86382 4.71234 5.46498 5.86842 5.9781
-9999 -9999 -9999 -9999 -9999 -9999 -9999 -9999 -0.223797 2.01641 2.49303 2.46228 1.72634 2.07146 4.82015 5.37692 6.83056 8.20703 8.10991 7.60095 6.76671 5.80277 4.30851 2.19445 0.515122 -0.196147 1.61262 3.38812 3.75843 4.3294 5.50593 5.7327 4.44214 3.23238 3.91857 4.33388 5.9032 6.19377 5.89487 4.61116 3.14275 2.37893 3.29274 3.41984 3.48015 3.49682 3.47817 3.44571 4.46564 5.03512 5.43226 5.65161 6.02732 6.12857 6.16565 6.20091 6.20106 6.18882 6.13731 6.07781 5.79286 5.4465 4.17536 3.11677 2.45928 1.62292 3.53053 4.10939 4.90627 5.41935 5.82072 5.91455
