Test_Spring_2018/12_17/Temp/20171218_009.txt
ncols	170
nrows	115
xllcorner	350000.000000
yllcorner	4445000.000000
cellsize	1000.000000
nodata_value	-9999.000000
[rows 31 to 61 of 115, columns 71 to 141 of 170]
6.52038 6.7287 6.34672 6.38906 7.31481 7.52557 7.5154 7.43954 7.35503 6.91885 6.7753 6.4325 5.82605 5.57411 4.49259 0.987191 1.98446 2.3769 1.36345 1.93541 2.86374 2.06256 -0.322711 -1.34811 -3.00207 -2.47941 -2.97681 -4.30811 -9999 -9999 -9999 -9999 -9999 -9999 -9999 -9999 -9999 -9999 -9999 -9999 -9999 -9999 -9999 -9999 -9999 -9999 -9999 -9999 -9999 -9999 -9999 -9999 -9999 -9999 -9999 -9999 -9999 -9999 -9999 -9999 -9999 -9999 -9999 -9999 -9999 -9999 -9999 -9999 -9999 -9999 -9999
6.32665 6.30707 5.93933 6.51745 7.05002 6.72913 6.52134 7.39577 7.39923 7.10616 6.41306 6.16102 5.8996 5.74084 4.85088 2.34734 0.0908503 1.30575 1.33834 0.504775 2.01044 1.22104 -0.84452 -3.76206 -2.17031 -2.57981 -4.65385 -5.16071 -9999 -9999 -9999 -9999 -9999 -9999 -9999 -9999 -9999 -9999 -9999 -9999 -9999 -9999 -9999 -9999 -9999 -9999 -9999 -9999 -9999 -9999 -9999 -9999 -9999 -9999 -9999 -9999 -9999 -9999 -9999 -9999 -9999 -9999 -9999 -9999 -9999 -9999 -9999 -9999 -9999 -9999 -9999
6.00713 5.81652 5.66074 6.51811 6.50403 6.45228 6.7664 7.31181 7.423 7.31097 7.01078 6.75144 6.47537 5.7692 4.75068 2.60867 0.0397348 -0.539955 0.723026 0.787295 0.993532 0.274388 -0.629913 -2.04681 -0.879582 -0.424013 -1.78715 -3.56681 -4.70783 -9999 -9999 -9999 -9999 -9999 -9999 -9999 -9999 -9999 -9999 -9999 -9999 -9999 -9999 -9999 -9999 -9999 -9999 -9999 -9999 -9999 -9999 -9999 -9999 -9999 -9999 -9999 -9999 -9999 -9999 -9999 -9999 -9999 -9999 -9999 -9999 -9999 -9999 -9999 -9999 -9999 -9999
5.52102 5.23016 4.40615 4.92436 5.31441 6.03298 6.22575 6.33665 7.35845 7.30829 7.26493 6.83405 6.49026 5.9181 4.93808 3.54114 1.85841 -1.07437 0.740192 2.16189 2.1294 2.05554 1.42309 0.0619372 1.20761 1.26493 -0.475947 -2.4514 -3.61245 -4.09062 -9999 -9999 -9999 -9999 -9999 -9999 -9999 -9999 -9999 -9999 -9999 -9999 -9999 -9999 -9999 -9999 -9999 -9999 -9999 -9999 -9999 -9999 -9999 -9999 -9999 -9999 -9999 -9999 -9999 -9999 -9999 -9999 -9999 -9999 -9999 -9999 -9999 -9999 -9999 -9999 -9999
4.84269 4.56268 3.55525 4.07656 4.77096 5.75123 6.25906 6.64782 6.95611 7.2705 7.23774 6.79678 5.48664 5.30293 5.25001 4.33772 2.4188 0.502366 0.00869313 2.17543 2.79824 2.67578 3.16246 2.00991 2.55999 2.33961 1.72697 -0.177065 -1.91094 -2.62551 -4.0411 -9999 -9999 -9999 -9999 -9999 -9999 -9999 -9999 -9999 -9999 -9999 -9999 -9999 -9999 -9999 -9999 -9999 -9999 -9999 -9999 -9999 -9999 -9999 -9999 -9999 -9999 -9999 -9999 -9999 -9999 -9999 -9999 -9999 -9999 -9999 -9999 -9999 -9999 -9999 -9999
-9999 -9999 -9999 2.92958 3.8751 4.65968 5.61408 6.44079 6.85692 7.26133 7.23316 6.34792 5.917 5.88304 5.28674 4.23301 3.57306 2.36784 1.11192 1.59675 3.44491 2.628 3.93837 3.83132 4.07501 3.205 1.55461 -0.657813 -1.94561 -2.5844 -3.73069 -9999 -9999 -9999 -9999 -9999 -9999 -9999 -9999 -9999 -9999 -9999 -9999 -9999 -9999 -9999 -9999 -9999 -9999 -9999 -9999 -9999 -9999 -9999 -9999 -9999 -9999 -9999 -9999 -9999 -9999 -9999 -9999 -9999 -9999 -9999 -9999 -9999 -9999 -9999 -9999
-9999 -9999 -9999 -9999 3.70909 4.30834 5.58641 6.24702 6.51858 7.16851 7.17416 6.8415 6.59137 6.22643 5.74839 4.95749 4.08437 2.95105 2.8495 4.03302 4.05111 3.80808 4.00525 4.6149 4.45854 3.1091 0.781984 -0.447581 -2.95701 -4.02656 -3.91264 -4.66944 -9999 -9999 -9999 -9999 -9999 -9999 -9999 -9999 -9999 -9999 -9999 -9999 -1.71252 -9999 -9999 -9999 -9999 -9999 -9999 -9999 -9999 -9999 -9999 -9999 -9999 -9999 -9999 -9999 -9999 -9999 -9999 -9999 -9999 -6.25775 -9999 -9999 -9999 -9999 -9999
-9999 -9999 -9999 3.59575 4.39679 5.02025 5.82302 5.90241 6.38293 7.12974 7.14492 6.91036 6.6447 6.04193 5.89568 5.44725 4.49896 4.30794 4.69756 4.87888 5.08384 5.21134 5.11406 4.87191 4.55801 3.69061 2.61183 1.88914 -0.402156 -1.55671 -2.66034 -4.33275 -5.64008 -9999 -9999 -9999 -9999 -9999 -9999 -9999 -2.58932 -2.64884 -2.6165 -2.24634 -1.22877 -1.82314 -9999 -9999 -9999 -9999 -9999 -9999 -9999 -9999 -9999 -9999 -9999 -9999 -9999 -9999 -9999 -9999 -9999 -9999 -9999 -5.33214 -6.65198 -9999 -9999 -9999 -9999
-9999 -9999 -9999 3.8189 4.6599 5.08212 5.86207 6.31033 6.60428 6.86614 7.11664 7.07984 6.7855 6.33531 6.34252 5.72021 5.3864 5.149 5.67467 5.78136 5.57533 5.31599 5.08706 4.43347 4.36092 4.15123 3.46789 2.34398 1.18588 -0.494032 -2.76582 -4.99351 -6.7894 -9999 -9999 -9999 -9999 -9999 -9999 -2.39399 -1.54762 -1.03969 -2.11157 -1.19159 -0.35064 -0.482601 -1.29719 -9999 -9999 -9999 -9999 -9999 -9999 -9999 -9999 -9999 -9999 -9999 -9999 -9999 -9999 0.933281 -0.419123 -3.15271 -4.55372 -5.39422 -6.59457 -9999 -9999 -9999 -9999
-9999 -9999 -9999 3.6581 4.65073 5.32475 5.92371 6.02355 6.63971 6.90699 7.04378 7.03288 6.97824 6.899 6.35663 6.12563 5.30322 6.09767 6.07133 5.87469 5.08588 4.74581 3.38903 2.7939 2.66435 3.81174 2.97014 1.20906 -0.993252 -3.64007 -3.81373 -4.68603 -6.29037 -9999 -9999 -9999 -9999 -9999 -9999 -2.12375 -1.21881 -0.463357 -0.351492 -1.41731 0.0751423 0.0169031 -0.815677 -1.0034 -0.31791 0.030749 -0.226338 0.585631 0.827856 0.462933 0.87062 -9999 -9999 -9999 -9999 1.12682 1.18358 1.22642 0.66346 -2.32323 -4.36322 -6.19533 -6.36563 -9999 -9999 -9999 -9999
-9999 -9999 -9999 4.34738 4.96025 5.27258 5.32726 5.8656 6.40513 6.73516 6.9802 6.93676 6.92194 6.90579 6.72318 6.29289 6.37507 6.34368 6.09371 4.58916 2.83238 3.60294 2.56025 0.328565 2.149 3.1511 2.19702 0.0622119 -2.41362 -3.22074 -3.1873 -4.40212 -5.96436 -9999 -9999 -9999 -4.59021 -3.29432 -3.17803 -2.79378 -1.58769 -0.669878 0.0198249 0.491307 0.479846 -0.0180614 -0.832718 -1.71813 -1.40053 0.196413 0.587644 0.910192 1.16125 0.822928 1.00752 1.4378 1.66192 1.71012 1.61291 1.59263 1.62961 1.58031 1.0551 -1.61882 -3.14815 -4.12415 -6.09111 -9999 -9999 -9999 -9999
-9999 -9999 -9999 3.97029 4.50381 4.937 5.65343 5.7337 6.18911 6.46296 6.86272 6.91237 6.45229 6.84113 6.79596 6.72835 6.57992 6.36032 5.09086 3.33967 1.58404 0.775271 1.12634 -0.215775 0.478058 1.49345 1.12715 -0.178189 -2.38333 -2.69011 -3.19884 -5.25011 -7.21994 -9999 -9999 -7.09186 -4.60888 -2.85954 -1.95555 -1.67333 -1.64367 -0.488111 -0.395532 0.847685 0.560361 -1.08371 -0.897991 -1.53884 -1.12363 -0.534698 -0.371956 0.470933 1.27779 1.43442 1.44199 1.7176 1.77742 1.79553 1.7918 1.61051 1.69693 1.71142 1.38427 -0.551367 -1.49543 -2.53568 -6.05275 -9999 -9999 -9999 -9999
-9999 -9999 -9999 4.24641 4.84232 5.49472 5.60446 6.08939 6.0451 5.91531 6.5895 6.83724 6.51389 6.28232 6.72213 6.69616 6.64228 6.55072 5.35794 3.97688 1.88431 0.585279 -0.206354 -0.768486 -1.51896 -0.995595 -1.15052 -1.35932 -1.10988 -1.71313 -2.92018 -4.11619 -6.36274 -7.57318 -9999 -6.9502 -5.82699 -3.74722 -1.97962 -0.856689 -1.25653 0.0569996 0.302074 1.06163 0.618879 -0.380362 -0.806585 -0.843453 -0.972842 -0.0878259 0.505633 0.926468 1.20983 1.55767 1.65061 1.74406 1.78552 1.80974 1.83376 1.83215 1.82742 1.78978 1.66731 0.77739 -0.164649 -2.20169 -5.9285 -9999 -9999 -9999 -9999
-9999 -9999 2.52285 4.18357 5.18003 5.56871 5.85073 6.10007 6.28209 6.47433 6.65286 6.77752 6.72967 5.8653 5.94071 6.10105 6.5982 6.5666 6.46183 5.70816 3.16122 2.28408 1.00091 -0.663219 -1.35736 -1.00504 0.366264 0.309647 -0.591042 -1.59514 -2.98513 -3.86795 -5.2412 -7.88518 -7.64174 -6.44454 -5.55274 -4.13782 -1.97801 -0.463434 0.213586 0.47039 1.00453 1.28215 0.675236 0.0936687 -0.149013 -0.599186 -0.661381 -0.656146 -0.120401 0.297358 1.2246 1.53981 1.68252 1.7598 1.80342 1.83608 1.86781 1.8806 1.86514 1.86765 1.8612 1.79652 0.541639 -2.59635 -4.96538 -9999 -9999 -9999 -9999
-9999 -9999 -9999 3.88235 4.32302 4.44174 4.64636 5.06052 5.53742 6.21233 6.30351 6.67682 6.67992 5.93479 5.07436 5.83198 6.13513 6.44896 6.46161 6.36731 4.22852 3.111 2.232 0.636539 1.21634 1.76835 1.81423 1.48811 -0.448299 -2.37663 -4.6009 -6.67817 -6.77261 -7.88844 -7.29205 -6.49935 -4.4729 -3.04586 -2.46518 -2.0477 0.146583 0.719541 0.917221 1.47971 0.715781 0.520013 -0.0540604 0.118029 0.0691741 0.0742999 -1.51636 0.0833829 0.180959 1.2255 1.69628 1.80431 1.838 1.8733 1.88222 1.89155 1.88927 1.90146 1.88707 1.87078 1.05527 -2.92567 -4.92905 -9999 -9999 -9999 -9999
-9999 -9999 -9999 -9999 -9999 4.03483 4.37256 4.59102 4.96558 6.1036 6.41364 6.62132 6.64357 6.31445 5.46231 5.24111 5.40196 4.57017 5.2728 6.23272 6.2124 6.09998 4.21976 3.25919 4.19618 3.91662 2.50477 1.39479 0.299561 -1.95886 -3.61087 -5.99228 -7.77925 -7.84167 -5.85889 -4.21222 -2.16164 -1.25463 -1.76462 -1.20495 -0.113228 1.12558 1.72531 1.58578 0.780374 0.665406 -0.220431 0.652187 0.728228 0.324712 -0.0234213 0.117909 0.635921 0.835812 1.654 1.85521 1.89273 1.90364 1.91114 1.91109 1.90905 1.90133 1.89399 1.88311 1.8463 -2.2458 -5.43389 -9999 -9999 -9999 -9999
-9999 -9999 -9999 -9999 -9999 3.25422 3.46189 3.99999 5.37401 6.0964 6.39105 6.38637 6.52524 6.29456 5.54565 4.77645 4.05107 3.11434 3.65613 5.08304 5.92573 6.0248 4.37717 5.23978 4.92198 4.29191 2.44418 1.08381 0.364955 -1.80302 -3.65848 -5.2411 -7.42823 -6.48545 -5.44776 -4.11647 -1.88017 -0.369877 0.252633 -0.263224 0.435583 1.86083 1.87069 1.09406 1.14606 0.670003 -0.540914 0.721884 1.07832 0.793878 0.870199 0.765231 0.959861 1.31243 1.6502 1.87629 1.91036 1.9175 1.91439 1.91747 1.9211 1.90743 1.90999 1.89919 1.87844 -0.763001 -5.48779 -9999 -9999 -9999 -9999
-9999 -9999 -9999 -9999 -9999 -9999 2.54932 3.7706 5.59279 6.0493 6.01329 6.39353 6.43084 6.07413 5.76485 4.83025 3.55154 1.09141 1.72305 3.0369 4.92975 5.92636 5.79629 5.24724 4.29184 1.97448 -0.0528444 -0.294977 -0.6228 -2.20365 -3.6314 -5.39153 -4.36369 -3.23827 -2.0076 -1.3588 -1.52149 -0.226812 0.829104 0.385838 1.24251 2.24095 1.79135 1.52598 1.30335 0.753541 0.72157 0.780076 1.49804 1.00413 1.3109 1.3203 1.30606 1.4792 1.67836 1.88768 1.9253 1.92973 1.93703 1.91666 1.92793 1.91835 1.90825 1.89851 1.88087 1.64168 -0.90552 -2.42622 -9999 -9999 -9999
-9999 -9999 -9999 -9999 -9999 -9999 1.4325 2.0441 4.20114 4.87106 5.82688 6.33667 6.3648 5.75924 5.42392 4.0291 3.5794 1.30418 0.276152 1.15594 0.824673 3.42979 5.73561 5.23806 0.595967 -1.08256 -2.2784 -1.96541 -1.95767 -2.39412 -4.82842 -5.49584 -3.30631 -1.92583 -0.855195 -0.0420137 0.131 0.107418 1.75707 1.97886 2.51649 2.40281 2.45455 1.62567 1.11326 1.56041 1.0437 0.956647 1.69837 0.971346 1.63279 1.5567 1.36171 1.35462 1.79247 1.88417 1.93438 1.94108 1.92786 1.9097 1.89971 1.91618 1.91142 1.88854 1.89041 1.86693 1.55973 0.243048 -0.217733 0.291069 -9999
-9999 -9999 -9999 -9999 -9999 -9999 -9999 0.0424484 3.03812 4.40973 5.13258 6.14825 6.27492 5.95597 5.37174 3.95074 2.70162 0.668215 -1.6546 -2.8832 0.810155 4.02528 5.70546 5.48877 1.6255 0.103571 0.0374036 0.941143 0.187438 -0.382918 -2.23156 -2.78055 -3.54561 -3.06607 -1.57527 -0.357424 0.817262 1.67233 1.74575 2.30167 2.62101 2.64968 2.75137 2.65578 2.57799 1.77447 2.32984 1.86156 2.11279 1.95424 1.81156 1.68864 1.23279 1.56004 1.85048 1.92806 1.95451 1.94066 1.94021 1.93164 1.90822 1.89696 1.89706 1.89578 1.882 1.88224 1.86342 1.71534 0.92297 -0.137571 -1.47715
-9999 -9999 -9999 -9999 -9999 -9999 -9999 -1.4465 1.53446 2.97376 4.82458 5.78031 6.171 6.12431 5.65166 4.57294 2.94725 1.59372 -0.999774 -3.69278 0.184032 3.63715 5.50308 5.60638 2.35973 3.26544 2.54189 2.84054 1.51218 0.963288 0.530704 -0.421586 -1.46346 -2.60295 -3.20402 -0.475695 0.92723 2.0569 2.59152 2.89523 3.04846 2.97156 2.76707 1.55958 2.48392 2.43282 2.34259 2.23898 2.18987 2.09639 1.98611 1.92143 1.90053 1.59895 1.94764 1.94284 1.95051 1.95535 1.94968 1.93591 1.92424 1.90886 1.91067 1.89776 1.88705 1.87958 1.87099 1.86085 1.81685 1.606 -0.192525
-9999 -9999 -9999 -9999 -9999 -9999 -9999 -5.62343 -1.28895 2.19781 4.01951 5.50398 5.91452 6.07042 5.4349 4.96064 3.79649 2.6944 0.991943 -1.56015 -3.12969 -0.225508 3.99363 5.55041 5.43265 5.3401 4.50282 3.74882 3.65786 3.71981 2.84184 1.56147 -0.115629 -0.63558 -1.22081 0.812265 1.09144 0.947021 3.18162 3.19024 3.06679 2.21639 1.26435 1.44858 0.855903 1.30701 0.603515 1.25363 1.81593 2.02724 2.01204 1.93934 1.93354 1.90238 1.96499 1.96656 1.95972 1.95534 1.95453 1.94941 1.92668 1.91503 1.92725 1.91015 1.89892 1.88244 1.87653 1.87162 1.83918 1.8096 1.53282
-9999 -9999 -9999 -9999 -9999 -9999 -9999 -5.4308 -1.78343 1.30981 3.16813 4.95351 5.37089 5.97604 5.85035 5.35339 4.34201 3.07749 1.67712 -0.511732 -2.13731 -0.193689 2.60968 4.61821 5.33994 5.33506 5.2915 5.10577 5.03415 4.81704 4.66393 3.74538 2.16169 1.26823 -0.0412908 2.22386 2.48133 2.13123 3.2633 3.21006 1.50665 0.197551 0.0370227 0.840906 0.0821629 -0.0538283 -0.530148 0.00742063 1.44505 1.02968 1.11431 1.76668 1.87594 1.94694 1.96769 1.96562 1.9652 1.95706 1.96181 1.9666 1.94426 1.93551 1.93255 1.91038 1.90541 1.88995 1.87337 1.85659 1.83934 1.81263 1.73394
-9999 -9999 -9999 -9999 -9999 -9999 -9999 -5.34935 -2.89707 -0.113057 2.62074 4.52709 5.29847 5.86118 5.85922 5.2809 4.7802 3.98903 2.75752 1.91424 0.447134 -1.5679 1.82277 2.86676 3.79679 4.19417 5.16477 5.14566 4.7074 4.19422 4.67528 4.53958 3.28644 2.87691 2.18272 3.44411 3.45063 3.41921 3.35516 1.91663 -0.0842686 -1.68303 -0.527227 -0.765179 -0.232698 -1.8743 -0.520137 0.567405 0.921357 0.181198 -0.364365 1.32988 1.61262 1.78148 1.8906 1.96326 1.94899 1.96918 1.96229 1.96049 1.95821 1.9468 1.94093 1.92889 1.91618 1.90047 1.88573 1.86726 1.84706 1.84552 1.79742
-9999 -9999 -9999 -9999 -9999 -9999 -9999 -9999 -4.33543 -0.806388 2.34384 4.09944 5.20493 5.74546 5.7396 5.44576 5.10698 4.6179 3.73058 2.61501 0.849786 -0.459338 0.379404 1.40269 1.52031 2.20164 4.16873 4.84356 3.89757 1.55213 2.94335 4.49361 4.47209 4.34365 4.19953 4.01085 3.84409 3.47498 2.4805 -0.573136 -1.16816 -2.36394 -2.22436 -2.83639 -1.48919 -1.99413 -0.611616 -0.0114136 0.216256 -1.05829 -0.786581 0.71504 1.31042 1.21379 1.58021 1.92702 1.94126 1.95422 1.94837 1.95911 1.96514 1.96257 1.95331 1.94488 1.9392 1.9097 1.90804 1.79549 1.72245 1.57333 1.75907
-9999 -9999 -9999 -9999 -9999 -9999 -9999 -9999 -5.0316 -1.51066 2.19868 3.39236 4.5839 5.61283 5.63676 5.18569 4.75697 4.31534 3.81208 2.45801 1.14521 -0.107827 -0.52527 -0.267128 -0.283132 0.816259 3.37757 3.87696 3.66999 1.2211 0.394358 2.46417 4.20421 4.34447 4.19053 2.15057 2.58933 1.49052 -0.000969497 -0.408846 -1.05965 -2.43897 -1.76994 -2.77958 -2.34224 -2.4604 -1.67447 -1.29022 -0.356162 -1.46656 -1.45941 0.0152061 0.759973 0.780794 1.56264 1.84316 1.91883 1.94024 1.95667 1.96349 1.97934 1.9758 1.96793 1.95621 1.92223 1.83648 1.56194 0.0782943 0.0815198 0.488496 0.873558
-9999 -9999 -9999 -9999 -9999 -9999 -9999 -9999 -4.62192 -2.17732 1.11454 3.55397 3.71106 4.89911 5.51434 5.02356 4.47051 3.90467 3.65981 2.18574 0.56621 -0.741347 -2.28986 -2.02929 -0.909374 0.918013 2.57402 2.87364 2.53643 1.22644 1.85161 3.26441 4.01628 4.24051 4.07039 3.62889 3.3753 2.5671 2.21886 1.09502 -0.66425 -1.35508 -0.911919 -2.7801 -2.64618 -1.95117 -2.68894 -1.47461 -0.892369 -2.32671 -1.18241 0.121833 0.789806 1.37421 1.65228 1.76486 1.93621 1.94382 1.96132 1.97251 1.97361 1.9771 1.9533 1.93405 1.78016 1.55142 0.175498 -0.408006 -0.293671 0.345038 0.904374
-9999 -9999 -9999 -9999 -9999 -9999 -9999 -9999 -4.20315 -2.00169 0.85317 2.59365 2.90841 4.22555 5.39723 5.27096 4.69543 4.52316 3.92667 2.67718 1.29668 -0.212583 -0.943891 -2.6312 -0.96069 0.360514 1.76354 2.42216 1.34705 0.808433 1.77331 2.73248 3.11783 4.08639 4.08092 3.77015 2.41814 1.76074 2.04381 1.76343 1.26965 0.0597483 0.00912929 -0.767029 -1.0867 -1.38861 -2.38221 -1.74783 -1.68221 -1.50764 -0.135576 0.544496 0.996301 1.40756 1.51761 1.69819 1.93178 1.95529 1.96688 1.96924 1.97698 1.96343 1.90119 1.84911 1.53634 0.980083 -0.0605667 -1.76064 -0.566901 0.681128 1.05301
-9999 -9999 -9999 -9999 -9999 -9999 -9999 -9999 -4.57475 -2.23633 0.204249 1.22708 1.40419 3.78473 5.24398 5.2507 4.98012 4.66343 3.18359 3.27518 2.98286 1.62181 -0.362759 -2.54279 -2.33323 -1.02935 0.822987 1.43849 -0.342616 -0.969813 -0.501292 0.947138 2.24404 3.59795 3.94466 3.55232 1.44576 -0.793124 0.250706 1.36575 1.36321 1.04068 -0.0812256 -0.435224 -0.755476 -1.57343 -2.96634 -2.76029 -2.37115 -0.812529 -0.31821 0.444078 1.07767 0.842641 0.984682 1.59119 1.94058 1.95685 1.96632 1.98105 1.97643 1.95906 1.83171 1.69654 1.46741 0.012623 -0.891138 -2.21527 -0.683484 0.16802 0.618171
-9999 -9999 -9999 -9999 -9999 -9999 -9999 -9999 -5.29456 -3.59638 -1.2634 -0.320624 1.18065 3.43055 4.53931 5.07303 5.06568 4.85606 4.19585 3.80072 3.0178 1.60173 -0.336197 -2.49088 -3.89197 -3.17277 -0.684445 -0.0904037 -1.73431 -2.56807 -1.52027 0.0231353 2.30643 3.61265 3.79237 3.67842 3.24704 1.61348 -0.361015 -0.350605 0.6452 -0.181396 -1.14279 -0.608724 -0.70366 -1.51123 -2.09786 -2.46115 -2.23304 -1.34339 -0.974253 -0.0939208 1.20408 1.39256 1.35887 1.90725 1.93773 1.95371 1.97757 1.9802 1.97846 1.9653 1.86199 1.62654 0.659302 -0.183938 -1.3583 -1.50137 -0.145936 0.451583 1.00709
-9999 -9999 -9999 -9999 -9999 -9999 -9999 -9999 -6.53589 -4.53864 -2.35284 -0.305934 1.63085 3.29835 3.43119 4.31269 4.31591 4.77985 4.65258 4.04092 3.38222 2.16275 -0.328029 -2.42172 -4.70548 -4.09764 -1.56113 -1.22314 -2.32291 -4.35844 -2.24802 0.0788567 2.18806 3.33165 2.4422 3.3617 3.29033 2.68062 1.50673 -0.320629 -0.282379 -1.65103 -1.70727 -0.999155 -0.767103 -0.88125 -1.32078 -2.03067 -1.90598 -1.36434 -1.22446 -0.415073 0.592656 1.57798 1.74622 1.93681 1.94815 1.95453 1.97315 1.97842 1.96119 1.91413 1.80588 0.995572 0.0312275 -0.561838 -1.37923 -1.47616 0.0933772 0.717056 1.06635
