Test_Spring_2018/12_17/Temp/20171205_008.txt
ncols	170
nrows	115
xllcorner	350000.000000
yllcorner	4445000.000000
cellsize	1000.000000
nodata_value	-9999.000000
[rows 31 to 61 of 115, columns 71 to 141 of 170]
7.48018 7.723 7.2879 7.3405 8.41412 8.66622 8.65927 8.57756 8.4852 7.98879 7.8285 7.43916 6.74673 6.46135 5.22266 1.19901 2.34799 2.80186 1.64038 2.30016 3.36928 2.45143 -0.286234 -1.46149 -3.3587 -2.74804 -3.30842 -4.83423 -9999 -9999 -9999 -9999 -9999 -9999 -9999 -9999 -9999 -9999 -9999 -9999 -9999 -9999 -9999 -9999 -9999 -9999 -9999 -9999 -9999 -9999 -9999 -9999 -9999 -9999 -9999 -9999 -9999 -9999 -9999 -9999 -9999 -9999 -9999 -9999 -9999 -9999 -9999 -9999 -9999 -9999 -9999
7.24822 7.22936 6.8107 7.47889 8.09492 7.74228 7.50742 8.51798 8.52647 8.19424 7.40235 7.11704 6.82078 6.64228 5.62353 2.75082 0.161722 1.56057 1.60096 0.646173 2.37876 1.47466 -0.895518 -4.24441 -2.41268 -2.87995 -5.24422 -5.82224 -9999 -9999 -9999 -9999 -9999 -9999 -9999 -9999 -9999 -9999 -9999 -9999 -9999 -9999 -9999 -9999 -9999 -9999 -9999 -9999 -9999 -9999 -9999 -9999 -9999 -9999 -9999 -9999 -9999 -9999 -9999 -9999 -9999 -9999 -9999 -9999 -9999 -9999 -9999 -9999 -9999 -9999 -9999
6.8715 6.6563 6.48127 7.47035 7.4584 7.40977 7.77991 8.41211 8.54421 8.41979 8.07908 7.78517 7.47189 6.66432 5.49775 3.04031 0.0922571 -0.570564 0.883481 0.960324 1.20024 0.377034 -0.658854 -2.28359 -0.939465 -0.412858 -1.96772 -4.00026 -5.30554 -9999 -9999 -9999 -9999 -9999 -9999 -9999 -9999 -9999 -9999 -9999 -9999 -9999 -9999 -9999 -9999 -9999 -9999 -9999 -9999 -9999 -9999 -9999 -9999 -9999 -9999 -9999 -9999 -9999 -9999 -9999 -9999 -9999 -9999 -9999 -9999 -9999 -9999 -9999 -9999 -9999 -9999
6.30319 5.97299 5.03042 5.62996 6.08236 6.91895 7.15062 7.28237 8.46051 8.40701 8.36117 7.87 7.47873 6.82496 5.70249 4.10096 2.171 -1.19514 0.892681 2.52914 2.49495 2.41325 1.68984 0.129292 1.44875 1.51788 -0.46922 -2.72625 -4.0568 -4.60285 -9999 -9999 -9999 -9999 -9999 -9999 -9999 -9999 -9999 -9999 -9999 -9999 -9999 -9999 -9999 -9999 -9999 -9999 -9999 -9999 -9999 -9999 -9999 -9999 -9999 -9999 -9999 -9999 -9999 -9999 -9999 -9999 -9999 -9999 -9999 -9999 -9999 -9999 -9999 -9999 -9999
5.51392 5.19638 4.04326 4.64652 5.44869 6.57998 7.17461 7.63047 7.98881 8.354 8.3202 7.81726 6.31562 6.10797 6.05047 5.00564 2.8043 0.605814 0.0418822 2.5344 3.25319 3.11581 3.67827 2.35752 2.99283 2.743 2.04487 -0.130249 -2.11176 -2.92954 -4.55276 -9999 -9999 -9999 -9999 -9999 -9999 -9999 -9999 -9999 -9999 -9999 -9999 -9999 -9999 -9999 -9999 -9999 -9999 -9999 -9999 -9999 -9999 -9999 -9999 -9999 -9999 -9999 -9999 -9999 -9999 -9999 -9999 -9999 -9999 -9999 -9999 -9999 -9999 -9999 -9999
-9999 -9999 -9999 3.31941 4.41123 5.31684 6.42453 7.38334 7.86554 8.33406 8.30539 7.29189 6.80017 6.7644 6.0825 4.87508 4.12006 2.73866 1.29906 1.85941 3.98609 3.05103 4.55995 4.44047 4.72389 3.7278 1.83829 -0.692013 -2.16131 -2.89216 -4.20618 -9999 -9999 -9999 -9999 -9999 -9999 -9999 -9999 -9999 -9999 -9999 -9999 -9999 -9999 -9999 -9999 -9999 -9999 -9999 -9999 -9999 -9999 -9999 -9999 -9999 -9999 -9999 -9999 -9999 -9999 -9999 -9999 -9999 -9999 -9999 -9999 -9999 -9999 -9999 -9999
-9999 -9999 -9999 -9999 4.21161 4.9043 6.37723 7.15163 7.46774 8.21826 8.22833 7.84951 7.56533 7.14914 6.60297 5.69738 4.69738 3.39857 3.28522 4.64835 4.67267 4.39707 4.62724 5.33127 5.15523 3.61121 0.941503 -0.467701 -3.3329 -4.55876 -4.42517 -5.29206 -9999 -9999 -9999 -9999 -9999 -9999 -9999 -9999 -9999 -9999 -9999 -9999 -1.84888 -9999 -9999 -9999 -9999 -9999 -9999 -9999 -9999 -9999 -9999 -9999 -9999 -9999 -9999 -9999 -9999 -9999 -9999 -9999 -9999 -6.95435 -9999 -9999 -9999 -9999 -9999
-9999 -9999 -9999 4.06624 4.99225 5.71353 6.6406 6.74285 7.30309 8.16486 8.18579 7.91953 7.61733 6.92773 6.76258 6.25031 5.16388 4.94759 5.39854 5.61036 5.84949 5.99972 5.89176 5.61737 5.26048 4.27056 3.03484 2.20799 -0.413293 -1.73086 -2.99626 -4.9153 -6.41504 -9999 -9999 -9999 -9999 -9999 -9999 -9999 -2.88621 -2.94997 -2.9079 -2.47747 -1.30313 -1.98058 -9999 -9999 -9999 -9999 -9999 -9999 -9999 -9999 -9999 -9999 -9999 -9999 -9999 -9999 -9999 -9999 -9999 -9999 -9999 -5.90078 -7.41101 -9999 -9999 -9999 -9999
-9999 -9999 -9999 4.31422 5.28589 5.77625 6.67732 7.19702 7.54892 7.85354 8.14472 8.10552 7.7702 7.25572 7.26669 6.55451 6.17392 5.9043 6.51157 6.63771 6.40478 6.11074 5.85169 5.10478 5.0253 4.79107 4.00975 2.72201 1.39469 -0.519372 -3.12702 -5.68426 -7.74558 -9999 -9999 -9999 -9999 -9999 -9999 -2.67735 -1.70059 -1.1122 -2.33839 -1.27595 -0.304147 -0.450002 -1.37588 -9999 -9999 -9999 -9999 -9999 -9999 -9999 -9999 -9999 -9999 -9999 -9999 -9999 -9999 1.26427 -0.284141 -3.41893 -5.02245 -5.98177 -7.35436 -9999 -9999 -9999 -9999
-9999 -9999 -9999 4.12077 5.267 6.04696 6.74038 6.85998 7.57555 7.89238 8.05285 8.04327 7.98318 7.89466 7.27406 7.01128 6.06924 6.98499 6.95808 6.7358 5.83344 5.44679 3.89217 3.21258 3.0704 4.3927 3.42968 1.40998 -1.11699 -4.15012 -4.34019 -5.34058 -7.18217 -9999 -9999 -9999 -9999 -9999 -9999 -2.3781 -1.33387 -0.460853 -0.326773 -1.54535 0.175346 0.118357 -0.83162 -1.04097 -0.247461 0.158669 -0.126971 0.819058 1.10109 0.685151 1.15652 -9999 -9999 -9999 -9999 1.46676 1.53632 1.59046 0.949169 -2.47614 -4.81343 -6.91161 -7.09989 -9999 -9999 -9999 -9999
-9999 -9999 -9999 4.90423 5.61455 5.97933 6.04775 6.67137 7.29882 7.68732 7.96929 7.92235 7.908 7.89192 7.68455 7.19269 7.28976 7.25659 6.9726 5.24756 3.23298 4.12213 2.93163 0.371356 2.47019 3.62572 2.5336 0.084607 -2.75658 -3.67659 -3.62945 -5.02363 -6.821 -9999 -9999 -9999 -5.23563 -3.74425 -3.60744 -3.16215 -1.77207 -0.712605 0.0895753 0.637523 0.629193 0.069121 -0.859815 -1.87029 -1.49909 0.341413 0.796183 1.18356 1.47561 1.09001 1.30102 1.79806 2.05823 2.11642 2.00787 1.98814 2.03474 1.98278 1.38465 -1.67684 -3.42712 -4.54136 -6.78757 -9999 -9999 -9999 -9999
-9999 -9999 -9999 4.46203 5.08139 5.58522 6.41301 6.51054 7.03858 7.35982 7.82727 7.88722 7.36121 7.81028 7.76064 7.68531 7.5173 7.26781 5.8125 3.80408 1.79085 0.86565 1.2722 -0.265507 0.538898 1.70969 1.29696 -0.203029 -2.73322 -3.08285 -3.66146 -6.01046 -8.27228 -9999 -9999 -8.1214 -5.26696 -3.25478 -2.2131 -1.88502 -1.84638 -0.513594 -0.401469 1.03299 0.707587 -1.16935 -0.948882 -1.67217 -1.18844 -0.50948 -0.317024 0.659606 1.59752 1.78062 1.79204 2.11113 2.18225 2.2056 2.20419 1.9993 2.10258 2.1239 1.75337 -0.464438 -1.54255 -2.73099 -6.75834 -9999 -9999 -9999 -9999
-9999 -9999 -9999 4.77007 5.4612 6.21697 6.34896 6.91158 6.867 6.7245 7.50279 7.79426 7.42525 7.16144 7.66884 7.64119 7.58167 7.47916 6.11186 4.52862 2.1283 0.639882 -0.266273 -0.90784 -1.76575 -1.1604 -1.33448 -1.5707 -1.28076 -1.96741 -3.34861 -4.72102 -7.29579 -8.68555 -9999 -7.96777 -6.67573 -4.2841 -2.25035 -0.956424 -1.41113 0.103289 0.390838 1.26816 0.766369 -0.369546 -0.854359 -0.88969 -1.03156 -0.00837856 0.684743 1.17641 1.50608 1.91482 2.02411 2.13369 2.18345 2.21353 2.24376 2.24508 2.2435 2.20486 2.06953 1.05322 -0.0228357 -2.35575 -6.62389 -9999 -9999 -9999 -9999
-9999 -9999 2.774 4.69069 5.8423 6.2954 6.6256 6.91782 7.13224 7.35969 7.5699 7.71643 7.66689 6.67599 6.76464 6.9509 7.5243 7.49055 7.37312 6.51059 3.58821 2.58373 1.11152 -0.796462 -1.58701 -1.17811 0.401301 0.339997 -0.69131 -1.84174 -3.43321 -4.44278 -6.01914 -9.052 -8.77165 -7.3953 -6.36931 -4.74166 -2.25742 -0.513586 0.268894 0.56941 1.18765 1.51325 0.821393 0.164998 -0.106312 -0.616119 -0.680443 -0.667657 -0.0458429 0.442481 1.517 1.8827 2.05373 2.14452 2.1965 2.23603 2.27485 2.2925 2.27844 2.28584 2.28379 2.21507 0.780312 -2.81941 -5.52812 -9999 -9999 -9999 -9999
-9999 -9999 -9999 4.33781 4.85115 4.99436 5.23589 5.71771 6.27112 7.05315 7.16208 7.59457 7.60191 6.74992 5.76334 6.6357 6.98611 7.34909 7.36644 7.26134 4.806 3.52556 2.51937 0.690228 1.36316 2.00153 2.05828 1.68743 -0.533687 -2.74584 -5.2959 -7.68029 -7.78699 -9.06588 -8.37745 -7.46597 -5.1366 -3.49517 -2.82522 -2.34183 0.183747 0.846309 1.07864 1.73129 0.860534 0.647444 -0.00430541 0.201077 0.152393 0.165371 -1.65543 0.190923 0.308129 1.51258 2.0598 2.18897 2.22936 2.27169 2.28409 2.29756 2.29847 2.31688 2.30513 2.29138 1.36106 -3.20523 -5.49383 -9999 -9999 -9999 -9999
-9999 -9999 -9999 -9999 -9999 4.52082 4.91545 5.17263 5.60866 6.92283 7.28335 7.52569 7.55449 7.17918 6.20349 5.95125 6.1381 5.18484 5.99434 7.0996 7.07926 6.9534 4.79685 3.69951 4.78019 4.46322 2.84528 1.57395 0.319314 -2.27197 -4.16463 -6.89835 -8.94945 -9.01952 -6.74007 -4.84528 -2.4883 -1.4444 -2.02756 -1.38091 -0.123131 1.30514 1.99996 1.84611 0.927766 0.807527 -0.2022 0.808211 0.903263 0.447042 0.0539986 0.224978 0.825436 1.0597 2.00359 2.23802 2.28599 2.30015 2.31075 2.31326 2.31428 2.30887 2.30529 2.29851 2.26276 -2.4312 -6.08087 -9999 -9999 -9999 -9999
-9999 -9999 -9999 -9999 -9999 3.61816 3.86348 4.48801 6.0724 6.90916 7.25213 7.25064 7.41354 7.15139 6.29351 5.41219 4.58084 3.50674 4.13148 5.77335 6.74433 6.86128 4.97178 5.96885 5.6079 4.88819 2.7695 1.21056 0.388391 -2.09888 -4.22526 -6.04116 -8.55187 -7.46701 -6.27325 -4.74222 -2.17101 -0.434094 0.283689 -0.305794 0.501171 2.14352 2.16058 1.27472 1.34138 0.806271 -0.576842 0.88195 1.2993 0.980065 1.07488 0.963031 1.19219 1.60206 1.99418 2.25732 2.29926 2.31033 2.30863 2.31461 2.32165 2.30977 2.3174 2.31057 2.29316 -0.734263 -6.14945 -9999 -9999 -9999 -9999
-9999 -9999 -9999 -9999 -9999 -9999 2.80941 4.21884 6.31818 6.84955 6.81276 7.25361 7.29995 6.89312 6.54038 5.46891 4.00193 1.17769 1.90556 3.41742 5.59471 6.74263 6.59642 5.97157 4.87801 2.21978 -0.105267 -0.379511 -0.75238 -2.56503 -4.19995 -6.21964 -5.03665 -3.74182 -2.32623 -1.57919 -1.76434 -0.274994 0.940584 0.434552 1.42275 2.57462 2.06365 1.76501 1.51602 0.8961 0.867381 0.942627 1.77537 1.21559 1.57529 1.59496 1.58436 1.78827 2.02133 2.26535 2.31147 2.31896 2.32945 2.30834 2.32419 2.31683 2.30975 2.30395 2.28994 2.0222 -0.891354 -2.62955 -9999 -9999 -9999
-9999 -9999 -9999 -9999 -9999 -9999 1.52073 2.22967 4.7137 5.49029 6.59304 7.18282 7.21871 6.5261 6.14331 4.54324 4.02872 1.41665 0.23825 1.25132 0.873299 3.869 6.52109 5.95532 0.626152 -1.29825 -2.6681 -2.30461 -2.29193 -2.78975 -5.58092 -6.34507 -3.8273 -2.23924 -1.00734 -0.071302 0.129141 0.104093 2.00145 2.26 2.88152 2.75554 2.82032 1.87406 1.29195 1.81726 1.2315 1.1394 1.99937 1.17178 1.93899 1.86054 1.64242 1.63946 2.14692 2.25598 2.31671 2.32679 2.31381 2.2949 2.28693 2.30939 2.30824 2.28714 2.29533 2.27518 1.93492 0.430935 -0.0894712 0.504142 -9999
-9999 -9999 -9999 -9999 -9999 -9999 -9999 -0.0756739 3.37173 4.95446 5.78959 6.96061 7.10981 6.74561 6.07749 4.44757 3.0147 0.680481 -1.98643 -3.39423 0.851322 4.54769 6.48086 6.23772 1.80314 0.0585309 -0.0135859 1.02855 0.166452 -0.48515 -2.60332 -3.23125 -4.10766 -3.55445 -1.84041 -0.43916 0.912565 1.89704 1.98357 2.62464 2.9972 3.03456 3.15647 3.05237 2.96928 2.05763 2.70325 2.17297 2.46927 2.29466 2.13801 2.00579 1.48808 1.86935 2.20763 2.30065 2.33377 2.3207 2.32252 2.31472 2.28978 2.28267 2.28695 2.29045 2.28038 2.28719 2.27812 2.11639 1.21479 0.00526465 -1.52484
-9999 -9999 -9999 -9999 -9999 -9999 -9999 -1.79209 1.63825 3.29872 5.4297 6.53094 6.98275 6.93274 6.39289 5.15628 3.29086 1.73779 -1.24004 -4.3323 0.123969 4.09625 6.24268 6.36433 2.64086 3.6851 2.85765 3.20457 1.68225 1.05534 0.564191 -0.526916 -1.72116 -3.02913 -3.71731 -0.580369 1.03371 2.33377 2.95024 3.30157 3.4803 3.39671 3.16985 1.78804 2.85592 2.80854 2.71213 2.6005 2.5515 2.45145 2.33187 2.26657 2.24856 1.90749 2.31205 2.31037 2.32285 2.33143 2.32744 2.31381 2.30249 2.28706 2.29451 2.28785 2.28103 2.27867 2.28121 2.2776 2.23542 2.00176 -0.0558735
-9999 -9999 -9999 -9999 -9999 -9999 -9999 -6.59668 -1.61156 2.39941 4.49716 6.20565 6.68141 6.86417 6.13724 5.59513 4.26005 2.99594 1.04186 -1.88844 -3.68994 -0.350673 4.49854 6.29408 6.16528 6.06254 5.10431 4.24182 4.14106 4.2159 3.21325 1.74296 -0.180491 -0.775234 -1.4447 0.893651 1.21686 1.05332 3.6229 3.63528 3.49616 2.52223 1.43438 1.6504 0.980261 1.50973 0.708382 1.46231 2.11541 2.36525 2.35469 2.28011 2.27787 2.24784 2.32423 2.33052 2.32649 2.32468 2.32648 2.32299 2.29915 2.28814 2.30486 2.29241 2.2839 2.27641 2.28196 2.28393 2.25462 2.22882 1.9191
-9999 -9999 -9999 -9999 -9999 -9999 -9999 -6.38369 -2.186 1.37276 3.51077 5.56632 6.04985 6.74871 6.60752 6.0394 4.87991 3.42928 1.82237 -0.690527 -2.55633 -0.321586 2.9023 5.21207 6.04776 6.05058 6.00411 5.79437 5.71214 5.46669 5.29728 4.24553 2.42892 1.40566 -0.0957921 2.50932 2.80774 2.40804 3.7111 3.65249 1.69826 0.197344 0.0163658 0.946897 0.0799235 -0.0651671 -0.599971 0.0242709 1.68264 1.20938 1.31362 2.0723 2.20406 2.29064 2.31961 2.32178 2.32527 2.31932 2.32773 2.33586 2.31268 2.30518 2.30458 2.28237 2.28563 2.2728 2.26603 2.26043 2.24813 2.2252 2.14266
-9999 -9999 -9999 -9999 -9999 -9999 -9999 -6.30172 -3.47179 -0.268522 2.87492 5.06928 5.9594 6.60944 6.61039 5.94883 5.3761 4.4694 3.05658 2.08966 0.406013 -1.90707 1.99034 3.19335 4.26859 4.72372 5.84221 5.82397 5.32443 4.74729 5.30358 5.15064 3.71436 3.24713 2.45269 3.90474 3.91498 3.88152 3.81053 2.16053 -0.135407 -1.9691 -0.637845 -0.907391 -0.287714 -2.16245 -0.604853 0.650976 1.06436 0.227275 -0.392822 1.56263 1.89286 2.09241 2.22286 2.31092 2.29859 2.32537 2.32061 2.32141 2.32151 2.31114 2.30736 2.29686 2.28611 2.27859 2.27408 2.25939 2.23957 2.2455 2.20514
-9999 -9999 -9999 -9999 -9999 -9999 -9999 -9999 -5.13617 -1.07874 2.54502 4.56632 5.84044 6.46517 6.46181 6.1272 5.74058 5.18095 4.16354 2.88372 0.857455 -0.644794 0.320657 1.49966 1.6421 2.4279 4.69113 5.47 4.387 1.69932 3.30114 5.08594 5.06493 4.92096 4.75879 4.54894 4.3602 3.93891 2.79911 -0.706317 -1.3909 -2.7618 -2.59827 -3.29784 -1.74213 -2.31045 -0.716488 -0.0208998 0.247008 -1.2107 -0.889428 0.841997 1.53214 1.42694 1.85331 2.26071 2.2812 2.29981 2.29644 2.31185 2.32173 2.32173 2.31017 2.30369 2.30086 2.27797 2.28914 2.16612 2.08901 1.92491 2.14581
-9999 -9999 -9999 -9999 -9999 -9999 -9999 -9999 -5.94443 -1.89495 2.37081 3.74627 5.11904 6.3047 6.33546 5.82018 5.33027 4.82524 4.24919 2.69552 1.18919 -0.24847 -0.726059 -0.427335 -0.436715 0.829341 3.77516 4.35236 4.11826 1.31143 0.365254 2.74681 4.74947 4.91412 4.74063 2.40024 2.90736 1.64788 -0.0628239 -0.528645 -1.27349 -2.85514 -2.08329 -3.23964 -2.73321 -2.85274 -1.94444 -1.49728 -0.418205 -1.68772 -1.67082 0.0293881 0.890842 0.920331 1.82379 2.15089 2.24222 2.27078 2.29324 2.30435 2.32565 2.32462 2.31872 2.30866 2.2734 2.17916 1.87597 0.185913 0.196025 0.670351 1.11977
-9999 -9999 -9999 -9999 -9999 -9999 -9999 -9999 -5.48056 -2.668 1.11782 3.9242 4.10829 5.47659 6.18655 5.6256 4.99286 4.3452 4.06611 2.37472 0.516149 -0.984004 -2.7609 -2.45931 -1.17027 0.93902 2.84471 3.1923 2.80842 1.30997 2.03169 3.65829 4.52557 4.7866 4.59449 4.09048 3.80221 2.87668 2.47951 1.19128 -0.826914 -1.61749 -1.10504 -3.24771 -3.08992 -2.28715 -3.11718 -1.71668 -1.04211 -2.68414 -1.36097 0.143069 0.915999 1.59271 1.91721 2.05127 2.25248 2.26525 2.28906 2.30537 2.30995 2.31723 2.29325 2.2747 2.10178 1.84328 0.267294 -0.380613 -0.243202 0.496944 1.14613
-9999 -9999 -9999 -9999 -9999 -9999 -9999 -9999 -5.0063 -2.47339 0.81008 2.81318 3.17819 4.6946 6.04372 5.90147 5.2429 5.04743 4.36446 2.93119 1.34735 -0.384413 -1.22236 -3.15851 -1.2369 0.291068 1.90605 2.66597 1.4374 0.821903 1.93375 3.03907 3.48514 4.60119 4.59816 4.2443 2.69414 1.94191 2.2701 1.95099 1.38678 -2.79979e-05 -0.0547934 -0.942852 -1.30619 -1.64881 -2.77242 -2.03844 -1.95768 -1.75087 -0.167013 0.61965 1.14395 1.6215 1.75278 1.96482 2.2375 2.26854 2.28565 2.29197 2.30435 2.29226 2.22431 2.16821 1.81286 1.17811 -0.0127639 -1.94285 -0.56567 0.874136 1.30967
-9999 -9999 -9999 -9999 -9999 -9999 -9999 -9999 -5.44006 -2.75013 0.0571034 1.23545 1.4421 4.18001 5.85937 5.86982 5.56157 5.20021 3.50246 3.60998 3.2764 1.71502 -0.562648 -3.0648 -2.82157 -1.31482 0.81774 1.52803 -0.511695 -1.22909 -0.687627 0.979629 2.4728 4.03145 4.43293 3.98531 1.56827 -1.00082 0.201445 1.48555 1.48581 1.11857 -0.166859 -0.569868 -0.933871 -1.86941 -3.45647 -3.20979 -2.75758 -0.958747 -0.385703 0.495143 1.22804 0.962855 1.13069 1.83192 2.23756 2.26028 2.275 2.29565 2.29398 2.27767 2.13509 1.98366 1.7245 0.0575181 -0.976134 -2.48232 -0.708527 0.275425 0.805732
-9999 -9999 -9999 -9999 -9999 -9999 -9999 -9999 -6.27387 -4.31979 -1.63645 -0.550331 1.17734 3.76498 5.04153 5.65735 5.65146 5.41312 4.65704 4.20546 3.30835 1.68385 -0.540158 -3.01314 -4.62027 -3.79145 -0.922021 -0.23574 -2.11866 -3.07349 -1.86668 -0.0904558 2.53579 4.03951 4.24905 4.12119 3.62865 1.755 -0.510292 -0.49516 0.652144 -0.294089 -1.39502 -0.777709 -0.882826 -1.80645 -2.47607 -2.87457 -2.60621 -1.57741 -1.14841 -0.132187 1.36377 1.58493 1.55067 2.18498 2.22414 2.24649 2.27777 2.28459 2.28635 2.27502 2.1602 1.89371 0.786675 -0.17769 -1.52224 -1.68176 -0.100194 0.594635 1.24293
-9999 -9999 -9999 -9999 -9999 -9999 -9999 -9999 -7.70684 -5.40945 -2.89548 -0.541131 1.68665 3.60501 3.76023 4.77548 4.78168 5.31716 5.17338 4.47309 3.71877 2.32022 -0.538862 -2.94171 -5.56289 -4.862 -1.93852 -1.54257 -2.80314 -5.13877 -2.7113 -0.0351472 2.39093 3.70767 2.68876 3.7481 3.66911 2.97171 1.62623 -0.469891 -0.422578 -1.99144 -2.05238 -1.23502 -0.964419 -1.09139 -1.59202 -2.39366 -2.23902 -1.6104 -1.44497 -0.510455 0.651809 1.78821 1.98576 2.20885 2.22591 2.23717 2.26243 2.27231 2.25638 2.20622 2.08585 1.15907 0.0554643 -0.621419 -1.55584 -1.66241 0.156704 0.89031 1.30121
