Test_Spring_2018/12_17/Temp/20171203_003.txt
ncols	170
nrows	115
xllcorner	350000.000000
yllcorner	4445000.000000
cellsize	1000.000000
nodata_value	-9999.000000
[rows 32 to 63 of 115, columns 72 to 143 of 170]
10.9743 10.5835 11.2041 11.7761 11.4479 11.2324 12.1735 12.1802 11.8697 11.1313 10.8644 10.5873 10.4198 9.47042 6.7957 4.38508 5.68613 5.72307 4.834 6.44619 5.60464 3.39877 0.282155 1.98713 1.55252 -0.647348 -1.18463 -9999 -9999 -9999 -9999 -9999 -9999 -9999 -9999 -9999 -9999 -9999 -9999 -9999 -9999 -9999 -9999 -9999 -9999 -9999 -9999 -9999 -9999 -9999 -9999 -9999 -9999 -9999 -9999 -9999 -9999 -9999 -9999 -9999 -9999 -9999 -9999 -9999 -9999 -9999 -9999 -9999 -9999 -9999 -9999 -9999
10.4594 10.2952 11.2144 11.202 11.1573 11.5042 12.0934 12.2152 12.0982 11.7799 11.5051 11.2123 10.4595 9.37266 7.08449 4.33982 3.72208 5.07461 5.14553 5.36837 4.60191 3.63765 2.12547 3.37644 3.86662 2.42011 0.528639 -0.682757 -9999 -9999 -9999 -9999 -9999 -9999 -9999 -9999 -9999 -9999 -9999 -9999 -9999 -9999 -9999 -9999 -9999 -9999 -9999 -9999 -9999 -9999 -9999 -9999 -9999 -9999 -9999 -9999 -9999 -9999 -9999 -9999 -9999 -9999 -9999 -9999 -9999 -9999 -9999 -9999 -9999 -9999 -9999 -9999
9.84186 8.96324 9.51986 9.93956 10.7224 10.9388 11.0604 12.1557 12.1049 12.0611 11.6029 11.2377 10.6281 9.58241 8.09087 6.29373 3.16003 5.10231 6.62462 6.5922 6.51569 5.84206 4.38944 5.61729 5.68157 3.83271 1.7356 0.497092 -0.0113657 -9999 -9999 -9999 -9999 -9999 -9999 -9999 -9999 -9999 -9999 -9999 -9999 -9999 -9999 -9999 -9999 -9999 -9999 -9999 -9999 -9999 -9999 -9999 -9999 -9999 -9999 -9999 -9999 -9999 -9999 -9999 -9999 -9999 -9999 -9999 -9999 -9999 -9999 -9999 -9999 -9999 -9999 -9999
9.13747 8.06282 8.62285 9.36806 10.4237 10.9794 11.4026 11.7352 12.0741 12.0416 11.5726 10.1741 9.97984 9.92535 8.95195 6.90224 4.85521 4.32947 6.64838 7.31661 7.18812 7.71107 6.48148 7.07247 6.83979 6.19007 4.1691 2.32503 1.56368 0.0526396 -9999 -9999 -9999 -9999 -9999 -9999 -9999 -9999 -9999 -9999 -9999 -9999 -9999 -9999 -9999 -9999 -9999 -9999 -9999 -9999 -9999 -9999 -9999 -9999 -9999 -9999 -9999 -9999 -9999 -9999 -9999 -9999 -9999 -9999 -9999 -9999 -9999 -9999 -9999 -9999 -9999 -9999
-9999 -9999 7.40593 8.42443 9.26845 10.2993 11.1909 11.6387 12.0739 12.0464 11.1023 10.6438 10.6096 9.9741 8.84941 8.14574 6.8591 5.51831 6.03887 8.01726 7.14624 8.5499 8.43818 8.70158 7.77429 6.01927 3.66391 2.29667 1.61625 0.393039 -9999 -9999 -9999 -9999 -9999 -9999 -9999 -9999 -9999 -9999 -9999 -9999 -9999 -9999 -9999 -9999 -9999 -9999 -9999 -9999 -9999 -9999 -9999 -9999 -9999 -9999 -9999 -9999 -9999 -9999 -9999 -9999 -9999 -9999 -9999 -9999 -9999 -9999 -9999 -9999 -9999 -9999
-9999 -9999 -9999 8.25657 8.90248 10.2723 10.9933 11.2867 11.9844 11.9931 11.6398 11.3746 10.9864 10.4773 9.6335 8.70181 7.49197 7.3854 8.65297 8.6746 8.41719 8.63062 9.28523 9.12093 7.68356 5.20231 3.89059 1.22405 0.0830031 0.207145 -0.599915 -9999 -9999 -9999 -9999 -9999 -9999 -9999 -9999 -9999 -9999 -9999 -9999 2.58381 -9999 -9999 -9999 -9999 -9999 -9999 -9999 -9999 -9999 -9999 -9999 -9999 -9999 -9999 -9999 -9999 -9999 -9999 -9999 -9999 -2.2147 -9999 -9999 -9999 -9999 -9999 -9999 -9999
-9999 -9999 8.13703 9.00318 9.6734 10.5353 10.6304 11.1515 11.9529 11.9718 11.7234 11.4415 10.7989 10.6444 10.1667 9.15454 8.95211 9.37061 9.56656 9.78797 9.92675 9.82538 9.56929 9.23663 8.31841 7.16807 6.3984 3.95827 2.73269 1.55495 -0.231183 -1.62719 -9999 -9999 -9999 -9999 -9999 -9999 -9999 1.64653 1.58468 1.62115 2.01891 3.10893 2.47546 -9999 -9999 -9999 -9999 -9999 -9999 -9999 -9999 -9999 -9999 -9999 -9999 -9999 -9999 -9999 -9999 -9999 -9999 -9999 -1.21911 -2.62657 -9999 -9999 -9999 -9999 -9999 -9999
-9999 -9999 8.39086 9.29398 9.74934 10.5871 11.0701 11.3981 11.6811 11.9516 11.9147 11.602 11.1226 11.132 10.4682 10.1129 9.86075 10.4246 10.5407 10.3226 10.0478 9.80574 9.10981 9.0353 8.82015 8.09278 6.89426 5.65904 3.87798 1.4512 -0.928706 -2.8472 -9999 -9999 -9999 -9999 -9999 -9999 1.86167 2.76825 3.31313 2.16899 3.15467 4.05591 3.9169 3.05434 -9999 -9999 -9999 -9999 -9999 -9999 -9999 -9999 -9999 -9999 -9999 -9999 -9999 -9999 5.47181 4.02887 1.10952 -0.384714 -1.27944 -2.55883 -9999 -9999 -9999 -9999 -9999 -9999
-9999 -9999 8.22808 9.29368 10.0186 10.6632 10.774 11.4402 11.735 11.884 11.8747 11.8183 11.7353 11.157 10.9115 10.0336 10.8845 10.8581 10.6497 9.80852 9.44739 7.99945 7.36612 7.23624 8.4665 7.57011 5.6905 3.33897 0.517432 0.340044 -0.590726 -2.30451 -9999 -9999 -9999 -9999 -9999 -9999 2.15877 3.12794 3.93747 4.05903 2.92153 4.51944 4.46518 3.5773 3.37874 4.11359 4.48801 4.21868 5.09588 5.35529 4.96531 5.40131 -9999 -9999 -9999 -9999 5.67896 5.74181 5.79035 5.19169 2.00198 -0.175139 -2.12978 -2.30697 -9999 -9999 -9999 -9999 -9999 -9999
-9999 -9999 8.97425 9.63419 9.9728 10.0358 10.6158 11.2001 11.5617 11.8263 11.7822 11.7682 11.7526 11.5587 11.0999 11.1889 11.1567 10.8909 9.28399 7.40766 8.23392 7.12261 4.74213 6.69444 7.76958 6.75316 4.47417 1.83039 0.975762 1.01934 -0.277683 -1.9481 -9999 -9999 -9999 -0.474703 0.911802 1.03719 1.44926 2.74024 3.7232 4.46442 4.97067 4.96273 4.43604 3.56745 2.62301 2.96455 4.67367 5.09328 5.45029 5.71887 5.35701 5.55102 6.01105 6.25082 6.30279 6.19973 6.17946 6.22101 6.17089 5.61248 2.7609 1.13011 0.0912178 -1.99985 -9999 -9999 -9999 -9999 -9999 -9999
-9999 -9999 8.5817 9.15705 9.62509 10.3958 10.4861 10.9772 11.2767 11.7114 11.7668 11.2767 11.6939 11.6468 11.5756 11.4179 11.1842 9.82824 7.95748 6.08232 5.21993 5.59997 4.16819 4.91583 6.00525 5.61905 4.22623 1.87197 1.54722 1.01046 -1.17615 -3.2808 -9999 -9999 -3.14094 -0.485371 1.38582 2.35329 2.65615 2.68921 3.92633 4.02712 5.35836 5.05488 3.30251 3.50351 2.82343 3.26943 3.89746 4.07279 4.97802 5.84763 6.01494 6.02271 6.31707 6.38087 6.40042 6.39712 6.20458 6.29895 6.3171 5.97059 3.90482 2.8997 1.79183 -1.95701 -9999 -9999 -9999 -9999 -9999 -9999
-9999 -9999 8.88746 9.52981 10.2325 10.3547 10.8779 10.8345 10.7024 11.4265 11.6973 11.3533 11.1071 11.5783 11.5514 11.4946 11.3977 10.1235 8.64837 6.41289 5.02629 4.18431 3.58662 2.78974 3.35313 3.19134 2.9719 3.2423 2.6025 1.31897 0.0424373 -2.3542 -3.64729 -9999 -2.97972 -1.77819 0.446158 2.33687 3.53852 3.11226 4.51823 4.78205 5.59744 5.1263 4.06337 3.60748 3.57023 3.43388 4.3819 5.02032 5.47401 5.77727 6.15456 6.25333 6.35265 6.39655 6.42239 6.44857 6.44802 6.44488 6.40732 6.27978 5.33229 4.32914 2.15615 -1.81684 -9999 -9999 -9999 -9999 -9999 -9999
-9999 7.04542 8.82985 9.90085 10.3219 10.6287 10.9003 11.0995 11.3116 11.5057 11.6417 11.5949 10.6719 10.7534 10.9255 11.4577 11.4247 11.3137 10.5092 7.78783 6.85353 5.48457 3.70861 2.9722 3.3529 4.8232 4.76671 3.80762 2.73775 1.25846 0.31867 -1.1477 -3.97064 -3.7096 -2.42901 -1.47504 0.0382983 2.34823 3.96851 4.69355 4.96958 5.54335 5.84231 5.19364 4.57691 4.3198 3.84071 3.77628 3.7837 4.35807 4.80833 5.80225 6.13923 6.29552 6.3773 6.42327 6.45792 6.49214 6.50686 6.4922 6.49757 6.49416 6.42865 5.09171 1.73913 -0.782635 -9999 -9999 -9999 -9999 -9999 -9999
-9999 -9999 8.51758 8.99464 9.12736 9.3517 9.79976 10.3145 11.0427 11.1435 11.5454 11.5509 10.7571 9.8378 10.6484 10.9729 11.3091 11.3235 11.2239 8.93976 7.74738 6.81054 5.10808 5.73386 6.32826 6.38158 6.03715 3.97085 1.913 -0.458327 -2.67665 -2.77535 -3.96565 -3.32533 -2.47731 -0.310255 1.21591 1.8373 2.28443 4.63164 5.24622 5.45815 6.06133 5.24646 5.04215 4.43076 4.61707 4.56697 4.57435 2.87521 4.58915 4.69407 5.81119 6.31571 6.4333 6.46847 6.50576 6.51545 6.52634 6.52568 6.54139 6.52903 6.51435 5.64683 1.39525 -0.73557 -9999 -9999 -9999 -9999 -9999 -9999
-9999 -9999 -9999 -9999 8.70284 9.06971 9.30872 9.7142 10.9376 11.2725 11.4974 11.5233 11.1729 10.2634 10.0272 10.1995 9.31062 10.0627 11.0907 11.0709 10.9531 8.9458 7.92402 8.92994 8.63534 7.13018 5.94779 4.78108 2.37046 0.61102 -1.93236 -3.84062 -3.90547 -1.78402 -0.0213636 2.17141 3.14147 2.59659 3.19565 4.36366 5.68934 6.33201 6.1845 5.32523 5.20722 4.2625 5.19786 5.28136 4.85189 4.48136 4.63589 5.19041 5.40446 6.27936 6.4944 6.53595 6.54703 6.55509 6.55584 6.55535 6.54878 6.54399 6.53616 6.50124 2.13086 -1.26672 -9999 -9999 -9999 -9999 -9999 -9999
-9999 -9999 -9999 -9999 7.87888 8.10681 8.68769 10.1619 10.9409 11.2594 11.2573 11.4079 11.1627 10.3629 9.54112 8.76577 7.76467 8.34476 9.87172 10.7746 10.883 9.12428 10.0518 9.71618 9.04685 7.07572 5.62571 4.86153 2.54775 0.570796 -1.1184 -3.45442 -2.44441 -1.3334 0.0910512 2.48298 4.09803 4.76387 4.21286 4.96077 6.48569 6.49755 5.66874 5.72612 5.22194 3.92962 5.28218 5.66552 5.36342 5.4468 5.33799 5.54683 5.92422 6.28551 6.52722 6.56354 6.57149 6.56813 6.57215 6.57723 6.56478 6.57047 6.56263 6.5448 3.72544 -1.31529 -9999 -9999 -9999 -9999 -9999 -9999
-9999 -9999 -9999 -9999 -9999 7.14188 8.45322 10.4066 10.9013 10.8663 11.2757 11.3177 10.9378 10.6081 9.60933 8.2424 5.61241 6.28853 7.69458 9.72024 10.7882 10.6521 10.0702 9.0528 6.57939 4.41624 4.16188 3.81583 2.12987 0.610256 -1.26867 -0.167118 1.03825 2.35564 3.05041 2.87711 4.2617 5.39098 4.91746 5.83408 6.90253 6.423 6.14072 5.90436 5.32123 5.28941 5.3543 6.12419 5.59817 5.92802 5.94154 5.92717 6.11282 6.32603 6.5499 6.59009 6.5948 6.60274 6.58154 6.59487 6.58665 6.57866 6.57177 6.55712 6.30614 3.59362 1.97392 -9999 -9999 -9999 -9999 -9999
-9999 -9999 -9999 -9999 -9999 5.95858 6.61794 8.92926 9.65214 10.6776 11.2254 11.2576 10.6117 10.2542 8.76343 8.28289 5.85046 4.75239 5.6943 5.34187 8.12962 10.5979 10.0711 5.11167 3.32122 2.04704 2.38615 2.39885 1.93647 -0.659333 -1.36988 0.973799 2.45194 3.59827 4.46886 4.65449 4.62962 6.3935 6.63145 7.20687 7.08613 7.14251 6.25759 5.71127 6.19405 5.64385 5.55304 6.34831 5.57306 6.28218 6.20439 5.99687 5.98998 6.45854 6.55678 6.61054 6.61762 6.60371 6.58461 6.57563 6.59513 6.59266 6.57152 6.5775 6.55694 6.23933 4.8376 4.35108 4.90116 -9999 -9999 -9999
-9999 -9999 -9999 -9999 -9999 -9999 4.48838 7.69621 9.16928 9.94553 11.0342 11.1718 10.8328 10.209 8.69021 7.35501 5.18123 2.69814 1.38671 5.33742 8.77733 10.5766 10.35 6.22315 4.59999 4.53351 5.50413 4.70256 4.0969 2.12732 1.54337 0.727965 1.24283 2.83873 4.14165 5.39842 6.31306 6.39166 6.98596 7.32928 7.36067 7.47035 7.36934 7.28759 6.4331 7.02906 6.53056 6.80134 6.63389 6.48326 6.35551 5.86921 6.21993 6.53105 6.61436 6.6423 6.62786 6.62769 6.61888 6.59435 6.58581 6.58833 6.59005 6.57901 6.58352 6.57415 6.42162 5.58033 4.45228 3.02571 -9999 -9999
-9999 -9999 -9999 -9999 -9999 -9999 2.90695 6.09881 7.64419 9.62636 10.6517 11.0716 11.0231 10.5187 9.36596 7.62824 6.18152 3.40912 0.530566 4.67705 8.37349 10.3712 10.4847 7.01899 7.99127 7.22171 7.54516 6.12896 5.54609 5.09059 4.07536 2.96396 1.74816 1.10645 4.02489 5.52577 6.73409 7.30589 7.63058 7.79429 7.71306 7.49757 6.20759 7.19719 7.14721 7.05275 6.94406 6.89362 6.79571 6.67972 6.61437 6.59323 6.27174 6.64464 6.63953 6.64841 6.65408 6.64844 6.63412 6.62218 6.60653 6.61077 6.60315 6.59509 6.59103 6.59249 6.58711 6.54567 6.32586 4.40837 3.26341 2.94522
-9999 -9999 -9999 -9999 -9999 -9999 -1.54851 3.09026 6.82574 8.77657 10.3667 10.8075 10.9756 10.2972 9.79089 8.54683 7.36908 5.54952 2.82171 1.14478 4.25183 8.76508 10.4358 10.3154 10.2201 9.32868 8.52638 8.43301 8.50302 7.57133 6.20579 4.41508 3.86024 3.23624 5.41134 5.71075 5.55688 7.94641 7.95568 7.82364 6.91434 5.898 6.09539 5.46661 5.95363 5.20332 5.90039 6.50359 6.73149 6.71713 6.64334 6.63724 6.60523 6.67217 6.67486 6.66835 6.66431 6.66397 6.659 6.63529 6.62363 6.63779 6.62273 6.61299 6.60441 6.60869 6.6085 6.57904 6.55271 6.26202 5.82245 4.97933
-9999 -9999 -9999 -9999 -9999 -9999 -1.33111 2.5758 5.8865 7.87692 9.78818 10.2363 10.8848 10.7516 10.2212 9.14061 7.78934 6.29291 3.95359 2.21678 4.29652 7.29628 9.44623 10.2233 10.2253 10.1822 9.98725 9.91456 9.68606 9.52959 8.55019 6.85806 5.90485 4.5064 6.92967 7.20593 6.83223 8.04302 7.98625 6.165 4.76534 4.59383 5.45554 4.6449 4.5042 4.00111 4.57771 6.11671 5.67253 5.76506 6.46686 6.58525 6.66112 6.6846 6.6835 6.68397 6.67602 6.68175 6.68748 6.66425 6.65571 6.65363 6.63137 6.63015 6.61622 6.60908 6.60216 6.58854 6.56492 6.48572 6.39834 6.49903
-9999 -9999 -9999 -9999 -9999 -9999 -1.2352 1.3956 4.37542 7.30187 9.34237 10.169 10.7722 10.7713 10.154 9.61961 8.7746 7.45882 6.5583 4.99097 2.83806 6.46531 7.58431 8.58409 9.01174 10.0529 10.036 9.57107 9.03386 9.55106 9.40717 8.06958 7.63371 6.89314 8.24317 8.25115 8.21826 8.15024 6.61242 4.4732 2.76393 3.99994 3.74585 4.31791 2.56758 4.01428 5.17874 5.55906 4.77472 4.19334 6.00919 6.31138 6.4934 6.6114 6.69026 6.67602 6.69847 6.69185 6.69064 6.68894 6.67759 6.67239 6.6609 6.6491 6.63716 6.63215 6.6164 6.59575 6.59897 6.55949 6.54673 6.5349
-9999 -9999 -9999 -9999 -9999 -9999 -9999 -0.13331 3.64407 7.01492 8.89427 10.0782 10.6578 10.6529 10.3399 9.97876 9.45687 8.50921 7.31761 5.43157 4.03343 4.93207 6.02892 6.16025 6.89167 8.99803 9.72282 8.71466 6.2148 7.70383 9.36399 9.34335 9.20813 9.05583 8.85776 8.68048 8.2866 7.22383 3.95923 3.321 2.04256 2.19193 1.53779 2.98103 2.44648 3.92601 4.56929 4.81445 3.45358 3.74874 5.35446 5.99285 5.89127 6.28467 6.66046 6.67675 6.69155 6.68614 6.6984 6.70567 6.70382 6.69139 6.68352 6.67897 6.65217 6.66183 6.54522 6.47125 6.31625 6.51951 6.54359 6.55913
-9999 -9999 -9999 -9999 -9999 -9999 -9999 -0.86568 2.90163 6.87009 8.1485 9.42437 10.5261 10.5531 10.0721 9.61488 9.14382 8.6069 7.16036 5.75809 4.4199 3.97536 4.2534 4.24248 5.42067 8.16212 8.69903 8.48076 5.86885 4.98738 7.20281 9.06546 9.21737 9.05446 6.87471 7.34496 6.17095 4.57683 4.14115 3.4456 1.97105 2.68664 1.60747 2.07558 1.95735 2.79894 3.21121 4.21152 3.02601 3.03818 4.61481 5.41278 5.43666 6.27415 6.57549 6.65766 6.68164 6.70016 6.70831 6.72606 6.72311 6.71567 6.70432 6.66948 6.57964 6.29145 4.71791 4.72512 5.16431 5.58028 6.33216 6.54864
-9999 -9999 -9999 -9999 -9999 -9999 -9999 -0.416689 2.19952 5.72142 8.33168 8.50141 9.77328 10.4325 9.90906 9.31897 8.71516 8.45458 6.87978 5.14957 3.75307 2.09911 2.37963 3.57917 5.53963 7.31287 7.63594 7.27813 5.88376 6.55444 8.06716 8.87304 9.11458 8.93425 8.46353 8.19349 7.33023 6.95856 5.75746 3.87683 3.13854 3.61275 1.61569 1.75943 2.50324 1.72339 3.0231 3.64711 2.11509 3.34123 4.73723 5.45294 6.07928 6.37802 6.49972 6.68415 6.69339 6.71309 6.72597 6.72803 6.73269 6.70828 6.68891 6.52583 6.28303 4.814 4.20629 4.33197 5.01857 5.62048 6.25113 6.51192
-9999 -9999 -9999 -9999 -9999 -9999 -9999 0.042117 2.39814 5.45261 7.3154 7.65362 9.06346 10.3176 10.1839 9.56984 9.38687 8.75036 7.41571 5.94106 4.32886 3.5486 1.74633 3.53442 4.95362 6.45615 7.16283 6.0198 5.44599 6.47967 7.50714 7.92095 8.95818 8.95378 8.62276 7.17824 6.47623 6.77962 6.48043 5.95298 4.65979 4.60613 3.77675 3.43553 3.11343 2.06031 2.73982 2.81134 2.99802 4.4689 5.19737 5.68179 6.12286 6.24182 6.43614 6.68706 6.71328 6.72667 6.73015 6.73938 6.72589 6.66043 6.60599 6.27303 5.67997 4.56928 2.76799 4.04748 5.38523 5.78963 6.18194 6.38831
-9999 -9999 -9999 -9999 -9999 -9999 -9999 -0.344044 2.15819 4.76953 5.86485 6.05581 8.60257 10.1642 10.1727 9.88462 9.54725 7.96626 8.0655 7.75433 6.30057 4.18024 1.85104 2.07694 3.47654 5.46031 6.12068 4.22257 3.55384 4.0566 5.607 6.99527 8.44438 8.81642 8.3981 6.14677 3.7538 4.87063 6.0635 6.06136 5.71704 4.51802 4.14008 3.79827 2.92439 1.44166 1.66597 2.08328 3.75217 4.28184 5.09805 5.77669 5.52657 5.67961 6.32922 6.70388 6.72232 6.73344 6.75017 6.74622 6.7287 6.59367 6.45042 6.20687 4.65305 3.68861 2.28576 3.93013 4.84361 5.33391 6.20401 6.41538
-9999 -9999 -9999 -9999 -9999 -9999 -9999 -1.10245 0.715027 3.21115 4.22074 5.82739 8.23439 9.42121 9.99313 9.9865 9.7636 9.05894 8.63776 7.80201 6.28937 4.21884 1.91666 0.420323 1.19111 3.8583 4.49485 2.74392 1.85414 2.97608 4.62787 7.07065 8.46861 8.662 8.54125 8.08099 6.33522 4.22484 4.23665 5.30201 4.41879 3.39144 3.96307 3.8622 2.99941 2.37292 1.99435 2.23814 3.19278 3.58845 4.53072 5.91958 6.12213 6.08711 6.67445 6.70803 6.7261 6.75258 6.75638 6.75554 6.74256 6.63328 6.38284 5.3501 4.45011 3.19625 3.04524 4.51187 5.15758 5.75638 6.18578 6.32912
-9999 -9999 -9999 -9999 -9999 -9999 -9999 -2.41843 -0.281363 2.05723 4.24723 6.31942 8.10362 8.24689 9.1906 9.19523 9.69248 9.55761 8.90488 8.20191 6.89943 4.23773 2.00068 -0.43951 0.212099 2.92963 3.29825 2.12394 -0.050951 2.20701 4.69634 6.95283 8.17678 7.22687 8.21103 8.13563 7.48455 6.23017 4.27704 4.3186 2.85586 2.79635 3.5541 3.80286 3.68147 3.21222 2.46025 2.59621 3.17848 3.32887 4.19512 5.27344 6.32782 6.50855 6.71319 6.7262 6.73391 6.75476 6.76136 6.74399 6.6948 6.58028 5.71523 4.6856 4.05308 3.18084 3.07904 4.7709 5.4483 5.82615 6.19778 6.3475
-9999 -9999 -9999 -9999 -9999 -9999 -9999 -9999 -0.485618 1.93008 3.7191 4.20516 5.79166 6.65096 7.31719 7.46933 9.35978 9.46949 9.05779 8.41251 7.30248 5.28418 3.87993 1.53951 -0.140874 0.559904 0.896798 1.52279 1.346 2.35625 4.74854 7.24053 7.51719 5.94295 6.18197 6.51742 7.26293 6.89189 4.2289 2.87807 1.75745 2.56084 3.4057 3.61325 3.65804 3.49987 3.31601 3.00366 4.13197 4.96789 5.16474 5.89421 6.43392 6.58603 6.70175 6.71988 6.73832 6.74303 6.71638 6.69832 6.5685 6.27189 5.30371 2.9689 3.08268 2.83417 2.11097 3.76249 4.80638 5.74031 6.23887 6.37123
-9999 -9999 -9999 -9999 -9999 -9999 -9999 -9999 -1.27366 1.52031 2.11517 2.07729 1.16005 1.5907 5.0183 5.71301 7.52617 9.24337 9.12352 8.4905 7.45227 6.25268 4.39217 1.75916 -0.331607 -1.20275 1.06001 3.28405 3.74768 4.46116 5.92929 6.21277 4.60392 3.09537 3.95036 4.46722 6.42258 6.78318 6.4085 4.80559 2.97214 2.01697 3.15334 3.30862 3.38044 3.39771 3.36563 3.32604 4.6011 5.30641 5.79689 6.06577 6.52969 6.65153 6.69346 6.73326 6.72939 6.71018 6.64208 6.56406 6.20497 5.76929 4.18049 2.85663 2.03278 0.985791 3.36003 4.06917 5.05074 5.68375 6.17962 6.29205
