Test_Spring_2018/12_17/Temp/20171216_023.txt
ncols	170
nrows	115
xllcorner	350000.000000
yllcorner	4445000.000000
cellsize	1000.000000
nodata_value	-9999.000000
[rows 32 to 63 of 115, columns 72 to 143 of 170]
10.1745 9.82907 10.3698 10.8679 10.5674 10.3719 11.1906 11.1928 10.9172 10.2667 10.0295 9.78336 9.63338 8.79832 6.45152 4.33613 5.4729 5.50195 4.7195 6.12853 5.38738 3.45058 0.71556 2.20507 1.81967 -0.118187 -0.591258 -9999 -9999 -9999 -9999 -9999 -9999 -9999 -9999 -9999 -9999 -9999 -9999 -9999 -9999 -9999 -9999 -9999 -9999 -9999 -9999 -9999 -9999 -9999 -9999 -9999 -9999 -9999 -9999 -9999 -9999 -9999 -9999 -9999 -9999 -9999 -9999 -9999 -9999 -9999 -9999 -9999 -9999 -9999 -9999 -9999
9.71631 9.56945 10.3718 10.3578 10.3079 10.6028 11.1133 11.2164 11.1104 10.8281 10.584 10.3242 9.66134 8.70585 6.69775 4.28964 3.74512 4.92688 4.98557 5.17721 4.50186 3.65299 2.32386 3.41566 3.84071 2.56845 0.903453 -0.165548 -9999 -9999 -9999 -9999 -9999 -9999 -9999 -9999 -9999 -9999 -9999 -9999 -9999 -9999 -9999 -9999 -9999 -9999 -9999 -9999 -9999 -9999 -9999 -9999 -9999 -9999 -9999 -9999 -9999 -9999 -9999 -9999 -9999 -9999 -9999 -9999 -9999 -9999 -9999 -9999 -9999 -9999 -9999 -9999
9.16835 8.39545 8.88005 9.24459 9.91657 10.0982 10.2011 11.1574 11.1093 11.0676 10.6628 10.3396 9.80233 8.88291 7.57285 5.99499 3.24595 4.94445 6.27484 6.24281 6.17199 5.57779 4.30087 5.37247 5.4244 3.80119 1.95108 0.862036 0.412774 -9999 -9999 -9999 -9999 -9999 -9999 -9999 -9999 -9999 -9999 -9999 -9999 -9999 -9999 -9999 -9999 -9999 -9999 -9999 -9999 -9999 -9999 -9999 -9999 -9999 -9999 -9999 -9999 -9999 -9999 -9999 -9999 -9999 -9999 -9999 -9999 -9999 -9999 -9999 -9999 -9999 -9999 -9999
8.54439 7.59964 8.08713 8.73682 9.65447 10.1292 10.4941 10.7819 11.0754 11.0437 10.6294 9.40088 9.22757 9.17674 8.32073 6.5216 4.72473 4.26072 6.28909 6.87096 6.75457 7.20882 6.12731 6.64089 6.43265 5.8605 4.08239 2.45735 1.7866 0.459136 -9999 -9999 -9999 -9999 -9999 -9999 -9999 -9999 -9999 -9999 -9999 -9999 -9999 -9999 -9999 -9999 -9999 -9999 -9999 -9999 -9999 -9999 -9999 -9999 -9999 -9999 -9999 -9999 -9999 -9999 -9999 -9999 -9999 -9999 -9999 -9999 -9999 -9999 -9999 -9999 -9999 -9999
-9999 -9999 7.01392 7.899 8.63368 9.52635 10.3015 10.6904 11.0683 11.0409 10.2105 9.8057 9.77272 9.21283 8.22434 7.60468 6.47411 5.29596 5.74859 7.47841 6.71138 7.93727 7.83521 8.06172 7.24483 5.70141 3.63311 2.42597 1.82618 0.750981 -9999 -9999 -9999 -9999 -9999 -9999 -9999 -9999 -9999 -9999 -9999 -9999 -9999 -9999 -9999 -9999 -9999 -9999 -9999 -9999 -9999 -9999 -9999 -9999 -9999 -9999 -9999 -9999 -9999 -9999 -9999 -9999 -9999 -9999 -9999 -9999 -9999 -9999 -9999 -9999 -9999 -9999
-9999 -9999 -9999 7.7448 8.30587 9.50246 10.1215 10.375 10.9829 10.9873 10.6746 10.4392 10.0962 9.64711 8.90486 8.08549 7.02227 6.92558 8.03275 8.04801 7.81858 8.00151 8.57084 8.42251 7.15976 4.97892 3.82534 1.4794 0.475991 0.581366 -0.128963 -9999 -9999 -9999 -9999 -9999 -9999 -9999 -9999 -9999 -9999 -9999 -9999 2.63869 -9999 -9999 -9999 -9999 -9999 -9999 -9999 -9999 -9999 -9999 -9999 -9999 -9999 -9999 -9999 -9999 -9999 -9999 -9999 -9999 -1.5643 -9999 -9999 -9999 -9999 -9999 -9999 -9999
-9999 -9999 7.64066 8.39085 8.97417 9.72552 9.7985 10.2494 10.9482 10.9615 10.7408 10.4909 9.92512 9.78694 9.36555 8.47577 8.29533 8.65877 8.82698 9.01726 9.1349 9.04191 8.81317 8.51719 7.70689 6.69452 6.01578 3.87314 2.79067 1.75527 0.187042 -1.03909 -9999 -9999 -9999 -9999 -9999 -9999 -9999 1.81372 1.75841 1.78946 2.13728 3.09188 2.53653 -9999 -9999 -9999 -9999 -9999 -9999 -9999 -9999 -9999 -9999 -9999 -9999 -9999 -9999 -9999 -9999 -9999 -9999 -9999 -0.698912 -1.93231 -9999 -9999 -9999 -9999 -9999 -9999
-9999 -9999 7.85151 8.63862 9.03345 9.76347 10.1828 10.4583 10.7028 10.9367 10.9013 10.6246 10.2019 10.2075 9.62321 9.3091 9.0852 9.57607 9.67431 9.47948 9.23465 9.01825 8.40397 8.33403 8.13971 7.49777 6.44309 5.35641 3.78688 1.65697 -0.431597 -2.11558 -9999 -9999 -9999 -9999 -9999 -9999 1.99608 2.78916 3.26551 2.26213 3.12514 3.91439 3.79239 3.03969 -9999 -9999 -9999 -9999 -9999 -9999 -9999 -9999 -9999 -9999 -9999 -9999 -9999 -9999 5.15911 3.89399 1.33532 0.0254977 -0.758842 -1.88002 -9999 -9999 -9999 -9999 -9999 -9999
-9999 -9999 7.70204 8.63126 9.26205 9.82258 9.91555 10.4938 10.7427 10.8701 10.8591 10.8071 10.7319 10.2226 10.005 9.23315 9.97592 9.9496 9.76361 9.02274 8.70219 7.42907 6.86948 6.74976 7.82289 7.03263 5.38095 3.31593 0.834832 0.675633 -0.143286 -1.64798 -9999 -9999 -9999 -9999 -9999 -9999 2.24849 3.09647 3.80476 3.91048 2.91322 4.313 4.26809 3.49058 3.31723 3.96189 4.29082 4.05395 4.82486 5.05299 4.71192 5.09435 -9999 -9999 -9999 -9999 5.33573 5.38985 5.4314 4.90591 2.11023 0.201973 -1.51111 -1.66116 -9999 -9999 -9999 -9999 -9999 -9999
-9999 -9999 8.34895 8.92242 9.21443 9.26513 9.76899 10.2755 10.5833 10.8139 10.7724 10.7576 10.7415 10.5693 10.1649 10.2405 10.2096 9.97379 8.56251 6.91482 7.63482 6.65425 4.56215 6.26822 7.20516 6.30946 4.30758 1.98624 1.22859 1.26281 0.12283 -1.3418 -9999 -9999 -9999 -0.0607292 1.15235 1.26068 1.62043 2.75054 3.611 4.2576 4.70073 4.69273 4.2348 3.47437 2.64767 2.94792 4.44654 4.81527 5.12877 5.3651 5.04877 5.22159 5.62464 5.8344 5.87935 5.78825 5.76952 5.80488 5.75991 5.26965 2.76798 1.33834 0.427601 -1.40121 -9999 -9999 -9999 -9999 -9999 -9999
-9999 -9999 7.99876 8.49796 8.90322 9.57409 9.64883 10.075 10.3324 10.7055 10.7512 10.3193 10.6826 10.6392 10.5746 10.4342 10.2269 9.03598 7.39359 5.74694 4.98728 5.31493 4.05549 4.7058 5.6552 5.30823 4.08446 2.01664 1.72732 1.24907 -0.670727 -2.51826 -9999 -9999 -2.40392 -0.0791581 1.55862 2.40484 2.669 2.69701 3.78031 3.86819 5.03446 4.76798 3.2359 3.41282 2.81572 3.20772 3.76267 3.91738 4.71048 5.47399 5.62117 5.62825 5.88611 5.94163 5.95809 5.95426 5.78444 5.86594 5.88065 5.57594 3.76499 2.88363 1.91684 -1.36926 -9999 -9999 -9999 -9999 -9999 -9999
-9999 -9999 8.26033 8.81813 9.42887 9.53119 9.985 9.94151 9.82071 10.4517 10.6824 10.3786 10.1607 10.5717 10.5461 10.4943 10.407 9.28784 7.99219 6.02984 4.81081 4.06779 3.53903 2.83685 3.32531 3.17825 2.98064 3.21227 2.6434 1.51079 0.38822 -1.71537 -2.85163 -9999 -2.27203 -1.22135 0.725874 2.38111 3.43289 3.05858 4.28999 4.5209 5.23479 4.82229 3.89436 3.49928 3.46785 3.34958 4.18141 4.74048 5.13821 5.40499 5.73668 5.82351 5.91044 5.94846 5.9703 5.99218 5.99044 5.98635 5.95212 5.83917 5.008 4.13197 2.22786 -1.25447 -9999 -9999 -9999 -9999 -9999 -9999
-9999 6.64715 8.20248 9.13562 9.49936 9.76316 9.9963 10.1663 10.347 10.5124 10.6284 10.5823 9.77158 9.84117 9.99017 10.4546 10.4234 10.3236 9.61568 7.22761 6.40439 5.20083 3.63975 2.98939 3.31756 4.60031 4.5452 3.69922 2.75629 1.45203 0.621282 -0.667442 -3.1443 -2.91857 -1.79907 -0.965351 0.358889 2.3815 3.8002 4.43482 4.67634 5.17852 5.44071 4.876 4.33919 4.11532 3.69699 3.64195 3.64979 4.15425 4.54903 5.41992 5.71595 5.85344 5.92496 5.9647 5.99415 6.02295 6.03445 6.02012 6.02339 6.01912 5.96351 4.79173 1.85471 -0.355844 -9999 -9999 -9999 -9999 -9999 -9999
-9999 -9999 7.9213 8.33382 8.44472 8.63605 9.02365 9.46996 10.1028 10.1874 10.5361 10.5374 9.8381 9.03094 9.73951 10.0222 10.3146 10.3248 10.2346 8.2297 7.18088 6.35543 4.85867 5.4017 5.91694 5.9579 5.65024 3.83385 2.02493 -0.0610975 -2.00976 -2.10077 -3.14938 -2.59138 -1.85101 0.0455802 1.38107 1.92421 2.31509 4.37122 4.90916 5.09718 5.62659 4.91375 4.73844 4.2044 4.36932 4.32703 4.33498 2.84748 4.34967 4.44254 5.42193 5.8637 5.96667 5.99686 6.02851 6.03568 6.0437 6.04154 6.05378 6.04355 6.0305 5.27015 1.54499 -0.322837 -9999 -9999 -9999 -9999 -9999 -9999
-9999 -9999 -9999 -9999 8.06466 8.38075 8.58502 8.93548 10.0021 10.2917 10.4853 10.505 10.1955 9.39566 9.1872 9.33652 8.55572 9.21242 10.1102 10.0895 9.9823 8.21886 7.31848 8.19449 7.93066 6.6059 5.56382 4.53542 2.41715 0.867133 -1.3666 -3.04342 -3.10453 -1.24941 0.291443 2.21052 3.05875 2.58004 3.10413 4.12798 5.28997 5.85389 5.72579 4.97427 4.87473 4.04884 4.87027 4.94519 4.57047 4.24718 4.38309 4.8699 5.05798 5.82465 6.01271 6.0482 6.0568 6.06243 6.06148 6.05939 6.05339 6.04837 6.04102 6.01029 2.18112 -0.796506 -9999 -9999 -9999 -9999 -9999 -9999
-9999 -9999 -9999 -9999 7.33453 7.52878 8.03253 9.31932 9.99653 10.2717 10.2662 10.3952 10.1779 9.47498 8.75296 8.072 7.19297 7.699 9.03419 9.82196 9.91296 8.36746 9.17511 8.87558 8.28336 6.55022 5.27353 4.59769 2.56409 0.823369 -0.662113 -2.71394 -1.83342 -0.863814 0.381098 2.47432 3.88768 4.47006 3.98669 4.64209 5.97882 5.99022 5.26534 5.31722 4.87942 3.74911 4.93622 5.27395 5.01089 5.08534 4.99053 5.17441 5.50554 5.8221 6.03343 6.06436 6.07006 6.06562 6.06748 6.07081 6.05879 6.06298 6.05567 6.03999 3.56993 -0.847344 -9999 -9999 -9999 -9999 -9999 -9999
-9999 -9999 -9999 -9999 -9999 6.67504 7.81881 9.52545 9.95353 9.91882 10.274 10.3078 9.97231 9.68125 8.80429 7.60493 5.29867 5.8889 7.1182 8.88986 9.82178 9.69805 9.1832 8.28635 6.11339 4.212 3.98293 3.6734 2.18982 0.849752 -0.802095 0.157996 1.20956 2.3599 2.96538 2.81097 4.02236 5.01073 4.59538 5.39869 6.33559 5.91656 5.6707 5.46531 4.95842 4.93265 4.99154 5.66799 5.20871 5.49909 5.51143 5.49964 5.66267 5.84938 6.04498 6.07923 6.08206 6.08748 6.06737 6.0777 6.06942 6.06168 6.05527 6.04242 5.82288 3.44566 2.0272 -9999 -9999 -9999 -9999 -9999
-9999 -9999 -9999 -9999 -9999 5.62998 6.20252 8.22281 8.8508 9.74525 10.2217 10.2468 9.67822 9.3628 8.05467 7.63195 5.49902 4.53424 5.35691 5.04493 7.48385 9.64225 9.17572 4.82499 3.25055 2.12817 2.41917 2.42403 2.01258 -0.270476 -0.898609 1.1498 2.44032 3.44072 4.2002 4.36039 4.33674 5.88129 6.08915 6.59356 6.48853 6.53914 5.76529 5.28836 5.71545 5.23547 5.1579 5.85653 5.1788 5.8014 5.73364 5.55249 5.54669 5.95704 6.04249 6.08857 6.09366 6.07985 6.06163 6.05242 6.06849 6.06563 6.04679 6.05207 6.03445 5.75568 4.5282 4.10287 4.58606 -9999 -9999 -9999
-9999 -9999 -9999 -9999 -9999 -9999 4.32848 7.13439 8.41975 9.09587 10.0462 10.1636 9.86389 9.31503 7.98227 6.8106 4.90422 2.72676 1.57371 5.03228 8.04274 9.61506 9.41176 5.79071 4.36303 4.29902 5.14351 4.43503 3.89816 2.16384 1.64669 0.927111 1.37362 2.76772 3.90671 5.00516 5.80472 5.87259 6.39314 6.69346 6.72172 6.81902 6.73203 6.66212 5.91744 6.44165 6.00675 6.24569 6.1004 5.96953 5.85783 5.43228 5.7397 6.01199 6.08429 6.10852 6.09427 6.09255 6.0834 6.06072 6.05215 6.05374 6.05496 6.04535 6.0497 6.04093 5.90797 5.17171 4.18438 2.93565 -9999 -9999
-9999 -9999 -9999 -9999 -9999 -9999 2.93481 5.72687 7.07566 8.80847 9.70317 10.068 10.0228 9.57842 8.56633 7.04185 5.77243 3.34138 0.817125 4.44718 7.68016 9.42656 9.52151 6.47985 7.32656 6.64673 6.92438 5.67758 5.16089 4.75332 3.85842 2.87959 1.80944 1.24454 3.7982 5.11056 6.16744 6.66742 6.95168 7.09559 7.02369 6.836 5.70711 6.57582 6.53596 6.45506 6.36154 6.31886 6.23432 6.13363 6.07642 6.05828 5.77658 6.10477 6.09934 6.10564 6.10907 6.10262 6.08874 6.07717 6.06262 6.06549 6.05857 6.05157 6.04837 6.04896 6.04483 6.00929 5.81761 4.13854 3.13645 2.86088
-9999 -9999 -9999 -9999 -9999 -9999 -0.977031 3.08301 6.35086 8.05623 9.446 9.82909 9.97359 9.37666 8.93085 7.83878 6.80491 5.20863 2.81639 1.34465 4.06318 8.01437 9.4703 9.36009 9.27162 8.48528 7.77682 7.68937 7.74503 6.92035 5.71841 4.14451 3.65593 3.10511 5.00755 5.26722 5.13053 7.22318 7.23097 7.1156 6.31971 5.4281 5.60241 5.05268 5.48321 4.82742 5.4397 5.96953 6.17027 6.15844 6.09363 6.09163 6.06297 6.12112 6.1222 6.11508 6.11007 6.10837 6.10277 6.08096 6.06997 6.08191 6.06809 6.05965 6.05232 6.0552 6.05547 6.03026 6.00792 5.75404 5.36977 4.63409
-9999 -9999 -9999 -9999 -9999 -9999 -0.794151 2.62369 5.52041 7.26061 8.93179 9.32127 9.88666 9.76736 9.30029 8.35134 7.16528 5.85201 3.80006 2.27581 4.09534 6.71912 8.59919 9.27571 9.2684 9.22572 9.04971 8.9809 8.77517 8.62971 7.76658 6.28183 5.44223 4.21301 6.33303 6.57249 6.24318 7.30294 7.25275 5.65708 4.43133 4.28205 5.03556 4.3266 4.20714 3.76708 4.27356 5.62311 5.23884 5.32026 5.93464 6.03808 6.10453 6.12409 6.12189 6.12097 6.11263 6.11634 6.1202 6.09888 6.09068 6.08839 6.06868 6.06716 6.05522 6.04789 6.04187 6.03034 6.01015 5.94131 5.86745 5.95862
-9999 -9999 -9999 -9999 -9999 -9999 -0.715723 1.58204 4.18902 6.74945 8.53395 9.25509 9.78072 9.77735 9.23405 8.76353 8.02094 6.86584 6.07448 4.69867 2.80949 5.98461 6.95981 7.83159 8.20288 9.11039 9.0905 8.67777 8.19422 8.64251 8.5147 7.33824 6.95221 6.29966 7.47944 7.48392 7.45324 7.39242 6.04437 4.1699 2.67261 3.75634 3.53466 4.03392 2.50384 3.77703 4.79859 5.13278 4.44473 3.93551 5.52592 5.79112 5.94986 6.05226 6.1202 6.10645 6.12484 6.11783 6.11568 6.11329 6.10265 6.09762 6.08729 6.07687 6.06606 6.06032 6.0467 6.03111 6.03431 5.99938 5.98847 5.98093
-9999 -9999 -9999 -9999 -9999 -9999 -9999 0.237004 3.5426 6.49249 8.13572 9.16985 9.67468 9.66765 9.39085 9.07201 8.61242 7.77979 6.73333 5.07823 3.85039 4.63472 5.59041 5.70125 6.33794 8.17906 8.80937 7.92107 5.72231 7.02529 8.4753 8.45279 8.33021 8.19309 8.01371 7.85595 7.50897 6.57648 3.71525 3.15871 2.0389 2.1705 1.59826 2.86062 2.39573 3.69325 4.25786 4.47338 3.28138 3.5395 4.9472 5.50605 5.41623 5.75991 6.08672 6.09981 6.11159 6.10571 6.11543 6.12093 6.11861 6.10876 6.10167 6.09765 6.07388 6.08067 5.97857 5.91388 5.77818 5.95638 5.97753 5.98952
-9999 -9999 -9999 -9999 -9999 -9999 -9999 -0.412456 2.88485 6.35856 7.47538 8.59016 9.55257 9.57345 9.14935 8.74625 8.33109 7.85823 6.5883 5.35701 4.18167 3.7891 4.02936 4.01356 5.04194 7.4398 7.90581 7.70996 5.41653 4.63983 6.57677 8.20479 8.33412 8.18798 6.27512 6.68475 5.6542 4.25611 3.87357 3.26381 1.97188 2.59926 1.65425 2.06507 1.9612 2.69944 3.06136 3.93832 2.8998 2.90987 4.29203 4.99069 5.01083 5.74369 6.00664 6.07748 6.09736 6.11253 6.11871 6.13347 6.13026 6.12326 6.11301 6.08229 6.00348 5.75065 4.36965 4.37584 4.76052 5.12483 5.78672 5.97091
-9999 -9999 -9999 -9999 -9999 -9999 -9999 -0.0264109 2.26251 5.34511 7.62905 7.77471 8.88622 9.46109 8.99979 8.4802 7.94865 7.71784 6.33544 4.81674 3.59028 2.13802 2.38052 3.42802 5.13928 6.68903 6.96795 6.65015 5.42402 6.0077 7.32927 8.03168 8.23986 8.07872 7.66352 7.42459 6.66634 6.33931 5.28595 3.63759 2.9905 3.40606 1.65644 1.78272 2.4348 1.75091 2.89017 3.43722 2.09492 3.1696 4.39248 5.01904 5.56709 5.82794 5.93356 6.09408 6.10111 6.11736 6.12771 6.1287 6.13209 6.11013 6.09271 5.94945 5.73642 4.449 3.91364 4.02339 4.6246 5.15157 5.70183 5.92943
-9999 -9999 -9999 -9999 -9999 -9999 -9999 0.368281 2.42942 5.10264 6.73178 7.02519 8.25767 9.35387 9.23408 8.69341 8.53055 7.97027 6.79823 5.50341 4.08793 3.40122 1.81881 3.38211 4.6191 5.93186 6.54715 5.54138 5.03491 5.93698 6.8337 7.19288 8.09853 8.09177 7.79915 6.53123 5.91429 6.17869 5.91547 5.45258 4.31902 4.27177 3.545 3.24605 2.96389 2.04013 2.63576 2.69852 2.86294 4.15114 4.78907 5.21297 5.59871 5.70209 5.8714 6.09025 6.1122 6.12294 6.12506 6.13229 6.11969 6.06165 6.01334 5.72105 5.20091 4.22725 2.64575 3.76624 4.93776 5.28641 5.63231 5.81195
-9999 -9999 -9999 -9999 -9999 -9999 -9999 0.0226504 2.21211 4.49723 5.45406 5.61855 7.84731 9.21294 9.21774 8.96276 8.66458 7.27669 7.36098 7.08558 5.8089 3.94801 1.90394 2.09851 3.32059 5.05292 5.62784 3.96084 3.37146 3.80861 5.16381 6.37711 7.64389 7.96718 7.59822 5.62345 3.52489 4.50199 5.54601 5.54323 5.24086 4.18979 3.85831 3.5586 2.79272 1.49524 1.68875 2.05437 3.51703 3.98089 4.69567 5.28975 5.0699 5.20318 5.77148 6.09879 6.11396 6.12272 6.13642 6.13205 6.11582 5.99669 5.8704 5.65627 4.29408 3.44834 2.21591 3.65566 4.45519 4.88189 5.64289 5.82667
-9999 -9999 -9999 -9999 -9999 -9999 -9999 -0.649103 0.940557 3.1249 4.00677 5.41184 7.51824 8.55554 9.05408 9.04569 8.8478 8.22773 7.85599 7.1209 5.7926 3.97535 1.95497 0.640561 1.3125 3.64294 4.1998 2.65944 1.8766 2.85652 4.3008 6.4383 7.66049 7.82742 7.71933 7.31399 5.78255 3.93186 3.94093 4.87336 4.09862 3.19777 3.6981 3.60927 2.85293 2.30364 1.97049 2.18474 3.02075 3.36716 4.19238 5.40878 5.5856 5.55416 6.06794 6.09644 6.1113 6.13351 6.13584 6.1341 6.12175 6.02503 5.80464 4.89881 4.10931 3.00975 2.87652 4.15773 4.71706 5.24369 5.6183 5.74223
-9999 -9999 -9999 -9999 -9999 -9999 -9999 -1.80936 0.0605149 2.107 4.02333 5.83645 7.39726 7.52028 8.34465 8.34616 8.77927 8.65844 8.08378 7.46501 6.32082 3.98555 2.02226 -0.119143 0.448441 2.82523 3.14243 2.1104 0.201698 2.17721 4.35555 6.33002 7.39991 6.56523 7.42538 7.35734 6.78509 5.68442 3.9717 4.00693 2.72425 2.67127 3.3345 3.55186 3.44498 3.03334 2.37562 2.49238 3.00219 3.13367 3.89229 4.83663 5.75988 5.91753 6.09603 6.10654 6.11234 6.12959 6.13431 6.118 6.07378 5.97231 5.21321 4.3099 3.75454 2.98913 2.89879 4.37723 4.96377 5.29656 5.62034 5.74965
-9999 -9999 -9999 -9999 -9999 -9999 -9999 -9999 -0.125414 1.98881 3.55396 3.97745 5.36517 6.11569 6.697 6.8278 8.48165 8.57513 8.21163 7.64336 6.66776 4.89622 3.66262 1.60865 0.132944 0.744688 1.03226 1.57779 1.41998 2.30237 4.39585 6.57682 6.81685 5.43524 5.6426 5.93461 6.58608 6.25938 3.9246 2.73971 1.75668 2.45964 3.19906 3.38018 3.41878 3.27964 3.11989 2.84329 3.83169 4.56385 4.73597 5.3747 5.84705 5.97968 6.08032 6.09535 6.11054 6.11362 6.08914 6.07212 5.95711 5.69591 4.84625 2.79911 2.89744 2.67832 2.04327 3.48332 4.39693 5.2132 5.64799 5.7619
-9999 -9999 -9999 -9999 -9999 -9999 -9999 -9999 -0.822841 1.62302 2.14201 2.10658 1.30062 1.67566 4.67661 5.28288 6.86904 8.37101 8.26321 7.70564 6.79289 5.73867 4.10524 1.79487 -0.0404139 -0.80729 1.17124 3.11503 3.51846 4.14093 5.42477 5.67075 4.25878 2.93484 3.68201 4.13302 5.8446 6.15895 5.82917 4.42332 2.81561 1.97759 2.97232 3.10755 3.16976 3.18429 3.15604 3.12225 4.23682 4.85457 5.28404 5.51926 5.92529 6.03148 6.06752 6.10157 6.09722 6.07929 6.01842 5.94874 5.63268 5.24944 3.85577 2.69421 1.97074 1.05174 3.13046 3.74442 4.60333 5.1556 5.58784 5.68411
