Test_Spring_2018/12_17/Temp/20171206_012.txt
ncols	170
nrows	115
xllcorner	350000.000000
yllcorner	4445000.000000
cellsize	1000.000000
nodata_value	-9999.000000
[rows 32 to 63 of 115, columns 72 to 143 of 170]
10.0085 9.77225 10.1489 10.496 10.2834 10.1464 10.7096 10.7142 10.5267 10.0802 9.91978 9.75349 9.65394 9.08065 7.46172 6.00302 6.7943 6.81935 6.28307 7.26291 6.7553 5.42057 3.53366 4.56934 4.30798 2.96906 2.64679 -9999 -9999 -9999 -9999 -9999 -9999 -9999 -9999 -9999 -9999 -9999 -9999 -9999 -9999 -9999 -9999 -9999 -9999 -9999 -9999 -9999 -9999 -9999 -9999 -9999 -9999 -9999 -9999 -9999 -9999 -9999 -9999 -9999 -9999 -9999 -9999 -9999 -9999 -9999 -9999 -9999 -9999 -9999 -9999 -9999
9.68761 9.58889 10.1467 10.1395 10.1055 10.3027 10.6527 10.727 10.6569 10.465 10.2998 10.124 9.66959 9.01294 7.62828 5.96706 5.59522 6.41775 6.46342 6.60115 6.13914 5.55715 4.64294 5.40356 5.70295 4.82727 3.67774 2.93752 -9999 -9999 -9999 -9999 -9999 -9999 -9999 -9999 -9999 -9999 -9999 -9999 -9999 -9999 -9999 -9999 -9999 -9999 -9999 -9999 -9999 -9999 -9999 -9999 -9999 -9999 -9999 -9999 -9999 -9999 -9999 -9999 -9999 -9999 -9999 -9999 -9999 -9999 -9999 -9999 -9999 -9999 -9999 -9999
9.30477 8.77304 9.11107 9.3659 9.82716 9.94394 10.018 10.6825 10.6525 10.627 10.3505 10.1307 9.76308 9.13132 8.22953 7.14267 5.24577 6.42584 7.35137 7.33447 7.29079 6.8851 6.00712 6.75386 6.79521 5.67658 4.39272 3.64523 3.34034 -9999 -9999 -9999 -9999 -9999 -9999 -9999 -9999 -9999 -9999 -9999 -9999 -9999 -9999 -9999 -9999 -9999 -9999 -9999 -9999 -9999 -9999 -9999 -9999 -9999 -9999 -9999 -9999 -9999 -9999 -9999 -9999 -9999 -9999 -9999 -9999 -9999 -9999 -9999 -9999 -9999 -9999 -9999
8.86949 8.21893 8.55898 9.01106 9.64385 9.96788 10.217 10.419 10.6251 10.6063 10.3232 9.477 9.36107 9.33013 8.74243 7.5025 6.26436 5.94849 7.35701 7.76494 7.68989 8.00966 7.267 7.62783 7.48927 7.09864 5.8674 4.74569 4.28757 3.37511 -9999 -9999 -9999 -9999 -9999 -9999 -9999 -9999 -9999 -9999 -9999 -9999 -9999 -9999 -9999 -9999 -9999 -9999 -9999 -9999 -9999 -9999 -9999 -9999 -9999 -9999 -9999 -9999 -9999 -9999 -9999 -9999 -9999 -9999 -9999 -9999 -9999 -9999 -9999 -9999 -9999 -9999
-9999 -9999 7.81308 8.42361 8.92842 9.54741 10.0801 10.3518 10.6161 10.6002 10.029 9.75246 9.73349 9.35032 8.67093 8.247 7.46989 6.66008 6.97864 8.18091 7.65592 8.50969 8.44478 8.60714 8.04763 6.97876 5.55358 4.72085 4.3118 3.57382 -9999 -9999 -9999 -9999 -9999 -9999 -9999 -9999 -9999 -9999 -9999 -9999 -9999 -9999 -9999 -9999 -9999 -9999 -9999 -9999 -9999 -9999 -9999 -9999 -9999 -9999 -9999 -9999 -9999 -9999 -9999 -9999 -9999 -9999 -9999 -9999 -9999 -9999 -9999 -9999 -9999 -9999
-9999 -9999 -9999 8.31364 8.69833 9.52818 9.9518 10.1296 10.5528 10.5586 10.3454 10.1859 9.95226 9.64568 9.13662 8.57457 7.84415 7.78266 8.55422 8.57055 8.41769 8.55014 8.94989 8.85309 7.98521 6.47582 5.68358 4.06293 3.37465 3.45335 2.9677 -9999 -9999 -9999 -9999 -9999 -9999 -9999 -9999 -9999 -9999 -9999 -9999 4.96187 -9999 -9999 -9999 -9999 -9999 -9999 -9999 -9999 -9999 -9999 -9999 -9999 -9999 -9999 -9999 -9999 -9999 -9999 -9999 -9999 2.18409 -9999 -9999 -9999 -9999 -9999 -9999 -9999
-9999 -9999 8.2402 8.75205 9.15749 9.67901 9.73084 10.0388 10.5245 10.5362 10.3863 10.2166 9.8287 9.73709 9.45 8.83929 8.71971 8.97671 9.09891 9.23656 9.32406 9.26587 9.11372 8.91496 8.35404 7.65965 7.19593 5.71947 4.97296 4.26242 3.18321 2.34062 -9999 -9999 -9999 -9999 -9999 -9999 -9999 4.36218 4.33046 4.35856 4.60585 5.27295 4.89546 -9999 -9999 -9999 -9999 -9999 -9999 -9999 -9999 -9999 -9999 -9999 -9999 -9999 -9999 -9999 -9999 -9999 -9999 -9999 2.78213 1.93482 -9999 -9999 -9999 -9999 -9999 -9999
-9999 -9999 8.37437 8.92076 9.19548 9.70188 9.99322 10.1793 10.3504 10.5143 10.4923 10.3038 10.0147 10.0225 9.62271 9.41033 9.26083 9.6062 9.68025 9.55177 9.38879 9.24549 8.82687 8.78468 8.65048 8.21242 7.48865 6.74258 5.65928 4.1915 2.75223 1.59281 -9999 -9999 -9999 -9999 -9999 -9999 4.47869 5.03389 5.37011 4.68276 5.28666 5.83957 5.76208 5.24699 -9999 -9999 -9999 -9999 -9999 -9999 -9999 -9999 -9999 -9999 -9999 -9999 -9999 -9999 6.81031 5.94105 4.17689 3.27669 2.74002 1.97035 -9999 -9999 -9999 -9999 -9999 -9999
-9999 -9999 8.26884 8.91321 9.35079 9.7395 9.80461 10.1994 10.3736 10.4635 10.458 10.4247 10.3758 10.0273 9.88119 9.35223 9.87165 9.85947 9.73718 9.23125 9.01621 8.14216 7.76163 7.67973 8.42845 7.88786 6.75111 5.3282 3.61387 3.50982 2.94882 1.91333 -9999 -9999 -9999 -9999 -9999 -9999 4.65014 5.24343 5.74026 5.82036 5.1375 6.11298 6.08781 5.55711 5.44434 5.89741 6.13198 5.97633 6.51613 6.68056 6.45112 6.7221 -9999 -9999 -9999 -9999 6.91993 6.96337 6.99807 6.64047 4.71233 3.39812 2.21895 2.11996 -9999 -9999 -9999 -9999 -9999 -9999
-9999 -9999 8.71452 9.11243 9.3152 9.35073 9.69959 10.0444 10.259 10.4183 10.3917 10.384 10.376 10.2606 9.98539 10.0429 10.0272 9.87033 8.90062 7.76759 8.27264 7.60233 6.1562 7.34377 7.99841 7.38495 6.00596 4.40571 3.88369 3.91341 3.1302 2.1218 -9999 -9999 -9999 3.03034 3.87556 3.95675 4.21212 5.00065 5.60282 6.05782 6.37163 6.37152 6.06284 5.54416 4.97959 5.19458 6.23852 6.5007 6.72545 6.89567 6.68343 6.81016 7.09531 7.24665 7.2839 7.22696 7.22004 7.25049 7.22535 6.89214 5.16672 4.18361 3.55949 2.30133 -9999 -9999 -9999 -9999 -9999 -9999
-9999 -9999 8.46806 8.81435 9.09524 9.55881 9.61056 9.90546 10.0787 10.3388 10.3722 10.0757 10.33 10.3037 10.2635 10.1716 10.0342 9.21682 8.08753 6.95554 6.43727 6.66626 5.80188 6.25922 6.92255 6.68986 5.84841 4.42355 4.2288 3.90041 2.57818 1.30537 -9999 -9999 1.40069 3.0147 4.1537 4.74538 4.93467 4.96085 5.71731 5.78531 6.59947 6.42083 5.36913 5.49903 5.09438 5.37303 5.76541 5.8796 6.43635 6.97105 7.07947 7.09084 7.27558 7.32023 7.33776 7.34119 7.22973 7.29208 7.30821 7.10335 5.85647 5.25269 4.58898 2.32349 -9999 -9999 -9999 -9999 -9999 -9999
-9999 -9999 8.64482 9.03126 9.45398 9.52474 9.83854 9.80939 9.72083 10.1581 10.32 10.1119 9.96396 10.2519 10.2388 10.2083 10.154 9.38659 8.49748 7.14741 6.31167 5.80077 5.44206 4.96334 5.30784 5.21238 5.08166 5.2476 4.86031 4.0793 3.30803 1.85846 1.07761 -9999 1.48929 2.22182 3.57487 4.72624 5.46044 5.20838 6.06741 6.23449 6.73433 6.45651 5.82292 5.55851 5.54441 5.47015 6.05306 6.44814 6.73142 6.92283 7.15872 7.2253 7.29181 7.32436 7.34562 7.36681 7.3716 7.37473 7.35697 7.28476 6.71568 6.11486 4.80351 2.40218 -9999 -9999 -9999 -9999 -9999 -9999
-9999 7.52917 8.6036 9.2493 9.50072 9.68275 9.84346 9.96053 10.0808 10.1962 10.2776 10.2483 9.69018 9.74193 9.84959 10.1764 10.1611 10.0991 9.61685 7.97256 7.4074 6.58184 5.50901 5.06674 5.30044 6.19419 6.16208 5.58252 4.9356 4.03609 3.46725 2.58088 0.872911 1.03427 1.8141 2.39648 3.31851 4.72402 5.71209 6.15806 6.33237 6.68599 6.87489 6.49313 6.13026 5.98325 5.70165 5.6713 5.68432 6.04077 6.32207 6.93244 7.14395 7.2454 7.30127 7.33501 7.36151 7.38747 7.4014 7.39741 7.40558 7.40853 7.37541 6.57064 4.54772 3.02628 -9999 -9999 -9999 -9999 -9999 -9999
-9999 -9999 8.40791 8.69309 8.76922 8.90075 9.16794 9.4758 9.90876 9.96769 10.21 10.2128 9.73225 9.17744 9.67226 9.87339 10.0822 10.0965 10.0418 8.66017 7.94209 7.37847 6.35026 6.73368 7.09686 7.13159 6.92477 5.67387 4.42783 2.98758 1.64484 1.58712 0.867137 1.25859 1.77608 3.09371 4.02349 4.40548 4.68252 6.11193 6.49045 6.62883 7.00285 6.51761 6.40496 6.04352 6.16557 6.14417 6.15741 5.13593 6.18339 6.25475 6.9392 7.25204 7.32951 7.35663 7.38464 7.39562 7.40711 7.41152 7.42587 7.4243 7.4231 6.90343 4.33271 3.04835 -9999 -9999 -9999 -9999 -9999 -9999
-9999 -9999 -9999 -9999 8.50453 8.72209 8.86219 9.10347 9.83651 10.0371 10.172 10.1874 9.97604 9.42662 9.28708 9.39607 8.86251 9.32414 9.95159 9.94475 9.87821 8.66577 8.05089 8.66404 8.48831 7.57825 6.86338 6.15762 4.69756 3.62821 2.08825 0.933439 0.896352 2.18496 3.25649 4.58964 5.1823 4.85736 5.22655 5.94175 6.75295 7.1507 7.06992 6.55802 6.49788 5.93465 6.51099 6.57079 6.3194 6.10344 6.20574 6.5497 6.68676 7.22387 7.36048 7.39149 7.40353 7.41342 7.41868 7.42312 7.42554 7.4283 7.42953 7.41466 4.77205 2.71992 -9999 -9999 -9999 -9999 -9999 -9999
-9999 -9999 -9999 -9999 7.99775 8.13087 8.47802 9.36695 9.83058 10.0211 10.0183 10.1093 9.96173 9.47922 8.98455 8.5192 7.91746 8.27452 9.20557 9.75812 9.8287 8.76705 9.33381 9.13374 8.73084 7.53828 6.66112 6.19927 4.79778 3.59657 2.57427 1.16005 1.7744 2.45041 3.31701 4.77073 5.75434 6.16353 5.83563 6.29602 7.22812 7.24365 6.75006 6.794 6.49991 5.72616 6.55555 6.79724 6.62317 6.68243 6.62516 6.75959 6.99565 7.2214 7.37411 7.40183 7.41194 7.41484 7.42204 7.43052 7.42837 7.43754 7.43885 7.43445 5.73213 2.68406 -9999 -9999 -9999 -9999 -9999 -9999
-9999 -9999 -9999 -9999 -9999 7.53864 8.32858 9.508 9.79935 9.77565 10.0224 10.0476 9.81833 9.62079 9.01893 8.19496 6.60593 7.02122 7.87899 9.11216 9.76445 9.68635 9.33816 8.72483 7.22836 5.91939 5.76697 5.55856 4.53761 3.61361 2.47627 3.14575 3.87847 4.67955 5.10381 5.00258 5.84649 6.53644 6.25568 6.81839 7.47387 7.19162 7.02942 6.89539 6.55352 6.54391 6.59282 7.06887 6.75909 6.96776 6.98463 6.98373 7.10351 7.23943 7.38128 7.41129 7.41938 7.42912 7.42119 7.43441 7.43487 7.43583 7.43781 7.43543 7.29008 5.65336 4.67872 -9999 -9999 -9999 -9999 -9999
-9999 -9999 -9999 -9999 -9999 6.81424 7.20917 8.60578 9.03555 9.65483 9.98564 10.005 9.61456 9.40023 8.49985 8.2132 6.74397 6.08355 6.65991 6.45151 8.14623 9.64681 9.33196 6.32916 5.24669 4.47662 4.68399 4.69309 4.41389 2.83755 2.40848 3.83095 4.72904 5.42646 5.95732 6.07375 6.06326 7.13795 7.2884 7.64429 7.57893 7.62154 7.09403 6.77211 7.07635 6.75249 6.70697 7.19835 6.73743 7.17593 7.1374 7.01933 7.02232 7.31296 7.3786 7.4168 7.42657 7.42297 7.41634 7.41611 7.43346 7.43784 7.43127 7.44148 7.43588 7.25092 6.40843 6.12074 6.46138 -9999 -9999 -9999
-9999 -9999 -9999 -9999 -9999 -9999 5.91174 7.85217 8.73687 9.2054 9.86429 9.94772 9.742 9.36675 8.44987 7.64505 6.33245 4.83271 4.04246 6.44237 8.53232 9.62729 9.49444 6.99632 6.0153 5.97738 6.56765 6.08328 5.71737 4.52064 4.16843 3.67608 3.99038 4.95972 5.75368 6.51931 7.07835 7.13148 7.49807 7.713 7.73979 7.81464 7.76223 7.7218 7.21535 7.58612 7.29333 7.46664 7.37402 7.29122 7.22228 6.9351 7.15477 7.3499 7.40644 7.42997 7.42613 7.43092 7.4306 7.421 7.4215 7.42901 7.43637 7.43632 7.44596 7.44784 7.36257 6.8598 6.18314 5.32542 -9999 -9999
-9999 -9999 -9999 -9999 -9999 -9999 4.94684 6.87812 7.80687 9.00678 9.62449 9.87988 9.85238 9.54948 8.85442 7.80544 6.93337 5.25804 3.51847 6.0365 8.28114 9.49634 9.56893 7.47227 8.06458 7.60057 7.79869 6.94194 6.59005 6.31113 5.69769 5.02609 4.29036 3.90592 5.67821 6.59189 7.329 7.68109 7.88421 7.99052 7.94812 7.82606 7.05276 7.66157 7.64262 7.59466 7.53795 7.51634 7.46566 7.40367 7.37241 7.36705 7.17913 7.41252 7.4166 7.42711 7.43555 7.43712 7.43358 7.43172 7.42792 7.43689 7.43845 7.44024 7.44469 7.45311 7.45698 7.43897 7.31276 6.15735 5.47004 5.28617
-9999 -9999 -9999 -9999 -9999 -9999 2.23995 5.04892 7.30117 8.48298 9.44677 9.71514 9.81905 9.41063 9.10729 8.35737 7.64812 6.55011 4.90166 3.89014 5.77741 8.5175 9.5329 9.4641 9.40936 8.87161 8.38751 8.33283 8.37696 7.80941 6.9821 5.89919 5.568 5.19266 6.51453 6.70004 6.6115 8.06544 8.0773 8.00421 7.4606 6.85147 6.97959 6.60744 6.91379 6.46799 6.89943 7.27377 7.42035 7.41974 7.38319 7.38821 7.37545 7.42447 7.43157 7.43285 7.4355 7.44043 7.44268 7.4338 7.43252 7.44722 7.4451 7.44601 7.44721 7.45727 7.4642 7.45335 7.44431 7.27487 7.01501 6.51298
-9999 -9999 -9999 -9999 -9999 -9999 2.36129 4.72077 6.72659 7.93232 9.09145 9.36444 9.75964 9.68169 9.36363 8.71262 7.89795 6.99554 5.58231 4.53426 5.79948 7.62099 8.92802 9.40336 9.40634 9.383 9.26724 9.22347 9.08696 8.98922 8.39815 7.37828 6.80328 5.95873 7.43123 7.60284 7.38112 8.12054 8.09229 6.99511 6.15406 6.05793 6.58721 6.10434 6.03015 5.73382 6.09193 7.03324 6.77379 6.83773 7.27115 7.34993 7.4056 7.4257 7.43058 7.43621 7.43663 7.44538 7.45426 7.44579 7.4465 7.45141 7.44435 7.45116 7.44969 7.45286 7.45478 7.45341 7.44588 7.4045 7.36 7.43018
-9999 -9999 -9999 -9999 -9999 -9999 2.41356 3.99958 5.80534 7.57874 8.81654 9.31915 9.68697 9.68927 9.31845 8.99834 8.49033 7.69718 7.15585 6.21029 4.90962 7.11246 7.79328 8.40363 8.66435 9.29825 9.29051 9.01095 8.68084 8.99713 8.91642 8.10851 7.8474 7.40189 8.22403 8.23318 8.21811 8.18235 7.25625 5.96617 4.93722 5.69402 5.5479 5.90153 4.85137 5.73825 6.45269 6.6916 6.22344 5.87866 6.98726 7.18123 7.29783 7.37528 7.42873 7.42556 7.44456 7.44598 7.45078 7.45548 7.45457 7.45763 7.45711 7.4566 7.45732 7.46163 7.45903 7.45564 7.46437 7.44556 7.44408 7.44621
-9999 -9999 -9999 -9999 -9999 -9999 -9999 3.0666 5.35517 7.39904 8.53937 9.25873 9.61232 9.61217 9.42572 9.21048 8.89809 8.32781 7.60974 6.47069 5.62727 6.1759 6.8429 6.92685 7.3734 8.65314 9.09519 8.48662 6.96758 7.87729 8.88663 8.87722 8.79856 8.70982 8.5933 8.49029 8.25647 7.61773 5.64482 5.265 4.49709 4.59507 4.2063 5.08781 4.77456 5.67974 6.07793 6.2346 5.4175 5.60466 6.58987 6.98349 6.92819 7.1726 7.405 7.42048 7.43499 7.43727 7.45038 7.46062 7.46553 7.46565 7.46747 7.47147 7.46361 7.47672 7.41296 7.37494 7.28763 7.41726 7.43804 7.46006
-9999 -9999 -9999 -9999 -9999 -9999 -9999 2.61526 4.89941 7.30593 8.0823 8.85761 9.52785 9.54705 9.25868 8.98509 8.70336 8.38187 7.50908 6.66311 5.85591 5.59025 5.76239 5.75854 6.476 8.14086 8.46923 8.33969 6.75724 6.22619 7.57242 8.70491 8.80058 8.70567 7.38855 7.67817 6.97154 6.01072 5.75259 5.33739 4.45039 4.89133 4.24463 4.53603 4.47351 4.99166 5.24951 5.86367 5.15263 5.16813 6.13604 6.62639 6.64718 7.16088 7.34939 7.40491 7.42513 7.44208 7.45284 7.46959 7.47398 7.47584 7.4755 7.46106 7.41339 7.24736 6.30044 6.31148 6.58423 6.8427 7.30899 7.44888
-9999 -9999 -9999 -9999 -9999 -9999 -9999 2.88103 4.46788 6.6041 8.18809 8.2931 9.06659 9.46907 9.15498 8.80076 8.43845 8.28434 7.33366 6.28877 5.44611 4.44727 4.6209 5.35144 6.54247 7.62057 7.81949 7.60559 6.76153 7.17163 8.09218 8.58437 8.73463 8.62941 8.34843 8.18944 7.67125 7.45144 6.72926 5.59556 5.15467 5.44905 4.24568 4.34018 4.79853 4.33491 5.13043 5.51625 4.59498 5.35188 6.20503 6.64552 7.03156 7.21879 7.29853 7.41618 7.4276 7.44539 7.45913 7.46644 7.47546 7.46702 7.46177 7.36952 7.22902 6.34526 5.98565 6.06839 6.491 6.86211 7.25842 7.42207
-9999 -9999 -9999 -9999 -9999 -9999 -9999 3.15255 4.58211 6.43534 7.56653 7.7739 8.63115 9.39436 9.31653 8.94773 8.84044 8.45835 7.65313 6.76307 5.78958 5.32031 4.23141 5.31874 6.18166 7.09578 7.5274 6.83548 6.49144 7.12181 7.74847 8.00325 8.63607 8.6377 8.44158 7.57078 7.15039 7.33978 7.16424 6.85068 6.07325 6.04745 5.55166 5.35195 5.16394 4.53442 4.95379 5.00451 5.13054 6.03049 6.47898 6.7793 7.05309 7.13145 7.25533 7.41342 7.43526 7.44933 7.45745 7.46915 7.46718 7.43383 7.40727 7.21196 6.85906 6.19242 5.10934 5.89138 6.70862 6.9634 7.21214 7.34284
-9999 -9999 -9999 -9999 -9999 -9999 -9999 2.9117 4.43027 6.01522 6.68147 6.79978 8.34636 9.29601 9.30442 9.13326 8.93234 7.97768 8.04158 7.85671 6.97921 5.6976 4.28929 4.42972 5.28243 6.48668 6.89036 5.74109 5.3397 5.64846 6.59232 7.43801 8.3207 8.55069 8.3018 6.94204 5.4967 6.17918 6.90803 6.91279 6.7104 5.99014 5.76781 5.56755 5.04487 4.15546 4.29801 4.55821 5.58415 5.91234 6.41402 6.83211 6.68701 6.78612 7.1861 7.41932 7.43655 7.44934 7.46555 7.4693 7.46488 7.38933 7.30887 7.16769 6.23232 5.65424 4.81021 5.81589 6.3759 6.68813 7.22139 7.35519
-9999 -9999 -9999 -9999 -9999 -9999 -9999 2.44504 3.54889 5.0643 5.67884 6.6555 8.11751 8.84008 9.1901 9.18955 9.05803 8.63455 8.38295 7.88006 6.96684 5.71541 4.32349 3.41998 3.89066 5.51012 5.90371 4.83977 4.30455 4.98882 5.99432 7.47939 8.33126 8.4531 8.38472 8.11074 7.05776 5.78399 5.79689 6.44865 5.91949 5.30317 5.65629 5.60193 5.08584 4.71307 4.4923 4.65315 5.24047 5.48743 6.06556 6.91422 7.04361 7.02884 7.39118 7.41775 7.43485 7.45702 7.46545 7.47108 7.46941 7.40942 7.26393 6.64429 6.10518 5.35159 5.26654 6.16436 6.56552 6.94023 7.20639 7.29903
-9999 -9999 -9999 -9999 -9999 -9999 -9999 1.64029 2.93816 4.35835 5.68865 6.9477 8.03235 8.12248 8.69795 8.70428 9.00932 8.93124 8.53927 8.11686 7.33103 5.72124 4.36883 2.89322 3.29171 4.94338 5.16649 4.45889 3.14481 4.51782 6.03116 7.40346 8.14999 7.57893 8.1804 8.13978 7.7504 6.99553 5.81731 5.84842 4.96788 4.93815 5.40399 5.56147 5.49471 5.21719 4.77038 4.86557 5.22728 5.3256 5.85771 6.51823 7.16408 7.28019 7.41067 7.42487 7.43578 7.45458 7.46473 7.46034 7.43668 7.37346 6.85534 6.23752 5.86048 5.33816 5.2829 6.31435 6.73772 6.97864 7.20986 7.30648
-9999 -9999 -9999 -9999 -9999 -9999 -9999 -9999 2.80746 4.27463 5.36208 5.65985 6.62483 7.14912 7.55649 7.65232 8.80191 8.87212 8.62628 8.23885 7.56968 6.34991 5.50232 4.08722 3.07218 3.50513 3.70557 4.08934 3.98653 4.60332 6.05796 7.57312 7.74554 6.79612 6.946 7.15448 7.61169 7.39227 5.78373 4.97078 4.29758 4.79085 5.30944 5.44189 5.47583 5.38687 5.28991 5.1095 5.80077 6.31473 6.44118 6.89035 7.22434 7.32323 7.39991 7.41731 7.43478 7.44384 7.43383 7.429 7.35642 7.18276 6.60205 5.19301 5.26828 5.12401 4.69207 5.7031 6.35059 6.9228 7.23106 7.31728
-9999 -9999 -9999 -9999 -9999 -9999 -9999 -9999 2.32278 4.01946 4.38324 4.3636 3.81103 4.07562 6.15696 6.58177 7.68458 8.72925 8.66036 8.28038 7.65475 6.93127 5.80713 4.21469 2.95092 2.42413 3.80085 5.15167 5.43713 5.87411 6.76862 6.94514 5.97469 5.06517 5.58848 5.90695 7.09756 7.32164 7.10019 6.13442 5.02909 4.45636 5.15164 5.25241 5.30276 5.32019 5.31379 5.29998 6.08068 6.51558 6.82016 6.99028 7.27848 7.35914 7.39121 7.42182 7.42582 7.4204 7.38525 7.34403 7.1324 6.87436 5.91737 5.12105 4.62792 3.99961 5.44524 5.88497 6.49097 6.88473 7.1915 7.26579
