Test_Spring_2018/12_17/Temp/20171201_007.txt
ncols	170
nrows	115
xllcorner	350000.000000
yllcorner	4445000.000000
cellsize	1000.000000
nodata_value	-9999.000000
[rows 32 to 63 of 115, columns 72 to 143 of 170]
11.8067 11.5733 11.9788 12.3537 12.1608 12.0445 12.6525 12.6704 12.4879 12.0351 11.88 11.7185 11.6262 11.0401 9.36412 7.85503 8.69047 8.72752 8.17974 9.21196 8.69436 7.31507 5.36056 6.45163 6.19123 4.82599 4.515 -9999 -9999 -9999 -9999 -9999 -9999 -9999 -9999 -9999 -9999 -9999 -9999 -9999 -9999 -9999 -9999 -9999 -9999 -9999 -9999 -9999 -9999 -9999 -9999 -9999 -9999 -9999 -9999 -9999 -9999 -9999 -9999 -9999 -9999 -9999 -9999 -9999 -9999 -9999 -9999 -9999 -9999 -9999 -9999 -9999
11.4881 11.3979 11.992 11.9976 11.9828 12.223 12.6087 12.6994 12.6392 12.4518 12.2919 12.1205 11.6586 10.9857 9.55399 7.83397 7.45748 8.32557 8.38422 8.53892 8.06883 7.47387 6.53291 7.33733 7.66125 6.77018 5.60631 4.8604 -9999 -9999 -9999 -9999 -9999 -9999 -9999 -9999 -9999 -9999 -9999 -9999 -9999 -9999 -9999 -9999 -9999 -9999 -9999 -9999 -9999 -9999 -9999 -9999 -9999 -9999 -9999 -9999 -9999 -9999 -9999 -9999 -9999 -9999 -9999 -9999 -9999 -9999 -9999 -9999 -9999 -9999 -9999 -9999
11.1047 10.5631 10.9282 11.2068 11.7208 11.8725 11.9631 12.6688 12.6504 12.6365 12.3608 12.1437 11.7724 11.1255 10.1971 9.07562 7.10999 8.35065 9.32613 9.31965 9.28544 8.87417 7.97095 8.76093 8.81603 7.6841 6.38199 5.6151 5.30928 -9999 -9999 -9999 -9999 -9999 -9999 -9999 -9999 -9999 -9999 -9999 -9999 -9999 -9999 -9999 -9999 -9999 -9999 -9999 -9999 -9999 -9999 -9999 -9999 -9999 -9999 -9999 -9999 -9999 -9999 -9999 -9999 -9999 -9999 -9999 -9999 -9999 -9999 -9999 -9999 -9999 -9999 -9999
10.6663 10.0009 10.3681 10.8524 11.5392 11.9034 12.1861 12.41 12.6379 12.6312 12.3487 11.4791 11.3701 11.3494 10.7483 9.46736 8.18816 7.86996 9.34865 9.78481 9.71786 10.0625 9.30032 9.68823 9.55599 9.17495 7.92476 6.77898 6.31377 5.37497 -9999 -9999 -9999 -9999 -9999 -9999 -9999 -9999 -9999 -9999 -9999 -9999 -9999 -9999 -9999 -9999 -9999 -9999 -9999 -9999 -9999 -9999 -9999 -9999 -9999 -9999 -9999 -9999 -9999 -9999 -9999 -9999 -9999 -9999 -9999 -9999 -9999 -9999 -9999 -9999 -9999 -9999
-9999 -9999 9.60593 10.269 10.8159 11.4804 12.0591 12.3559 12.6447 12.6411 12.0586 11.7828 11.775 11.3874 10.6907 10.26 9.46117 8.62818 8.97101 10.2348 9.69892 10.6 10.5441 10.7253 10.1546 9.07952 7.61417 6.77011 6.35638 5.59975 -9999 -9999 -9999 -9999 -9999 -9999 -9999 -9999 -9999 -9999 -9999 -9999 -9999 -9999 -9999 -9999 -9999 -9999 -9999 -9999 -9999 -9999 -9999 -9999 -9999 -9999 -9999 -9999 -9999 -9999 -9999 -9999 -9999 -9999 -9999 -9999 -9999 -9999 -9999 -9999 -9999 -9999
-9999 -9999 -9999 10.1693 10.5912 11.4706 11.9409 12.1402 12.5949 12.6144 12.4051 12.2514 12.0201 11.7122 11.193 10.6183 9.868 9.81461 10.6293 10.6572 10.509 10.6584 11.0868 10.9981 10.119 8.57182 7.75964 6.10139 5.39709 5.49186 4.99833 -9999 -9999 -9999 -9999 -9999 -9999 -9999 -9999 -9999 -9999 -9999 -9999 7.22148 -9999 -9999 -9999 -9999 -9999 -9999 -9999 -9999 -9999 -9999 -9999 -9999 -9999 -9999 -9999 -9999 -9999 -9999 -9999 -9999 4.60881 -9999 -9999 -9999 -9999 -9999 -9999 -9999
-9999 -9999 10.0805 10.6471 11.0846 11.6432 11.7167 12.0615 12.5817 12.6077 12.4647 12.3005 11.9085 11.8247 11.5367 10.9112 10.7971 11.0754 11.2133 11.3674 11.4696 11.4203 11.2736 11.0789 10.5315 9.82154 9.35219 7.83333 7.07968 6.35248 5.24084 4.37543 -9999 -9999 -9999 -9999 -9999 -9999 -9999 6.56969 6.54708 6.58709 6.85592 7.56267 7.18144 -9999 -9999 -9999 -9999 -9999 -9999 -9999 -9999 -9999 -9999 -9999 -9999 -9999 -9999 -9999 -9999 -9999 -9999 -9999 5.24833 4.37673 -9999 -9999 -9999 -9999 -9999 -9999
-9999 -9999 10.2523 10.837 11.1388 11.6823 12.0017 12.2238 12.4167 12.6016 12.5923 12.4087 12.1196 12.1393 11.7338 11.5231 11.3777 11.7477 11.8352 11.7118 11.5528 11.4148 10.9905 10.9591 10.8557 10.4134 9.67364 8.91081 7.81179 6.29601 4.80961 3.61439 -9999 -9999 -9999 -9999 -9999 -9999 6.69859 7.28709 7.64758 6.94183 7.58207 8.16975 8.10116 7.59799 -9999 -9999 -9999 -9999 -9999 -9999 -9999 -9999 -9999 -9999 -9999 -9999 -9999 -9999 9.42083 8.52482 6.69655 5.76891 5.22054 4.42987 -9999 -9999 -9999 -9999 -9999 -9999
-9999 -9999 10.1555 10.8429 11.3151 11.7367 11.8211 12.2578 12.4573 12.5655 12.5736 12.5519 12.5133 12.1617 12.0202 11.4794 12.0306 12.0278 11.9103 11.3933 11.1799 10.2805 9.896 9.84484 10.6393 10.0907 8.92129 7.45385 5.6931 5.60296 5.03219 3.96647 -9999 -9999 -9999 -9999 -9999 -9999 6.89462 7.52245 8.04997 8.14366 7.44289 8.47085 8.47601 7.93658 7.83316 8.31975 8.57889 8.44016 9.01963 9.2045 8.97846 9.27331 -9999 -9999 -9999 -9999 9.53285 9.58753 9.63305 9.2699 7.2705 5.91128 4.69332 4.61306 -9999 -9999 -9999 -9999 -9999 -9999
-9999 -9999 10.6327 11.0639 11.2923 11.3466 11.7274 12.1126 12.3543 12.5392 12.525 12.5298 12.5334 12.4244 12.1481 12.2179 12.2112 12.0572 11.0564 9.8858 10.4227 9.73291 8.24761 9.50877 10.2057 9.58188 8.16074 6.50924 5.99134 6.04062 5.23877 4.20512 -9999 -9999 -9999 5.19756 6.08812 6.18215 6.4575 7.28847 7.92553 8.40701 8.74464 8.76468 8.46462 7.93809 7.36435 7.60337 8.70646 8.99499 9.25467 9.44594 9.23811 9.38563 9.69438 9.86302 9.91211 9.8625 9.8646 9.90542 9.88829 9.55032 7.75961 6.74522 6.10559 4.82047 -9999 -9999 -9999 -9999 -9999 -9999
-9999 -9999 10.3934 10.7713 11.0815 11.5844 11.656 11.9806 12.1854 12.4728 12.5214 12.2253 12.5023 12.4858 12.4541 12.3679 12.234 11.3913 10.2239 9.05411 8.52451 8.78232 7.89431 8.3938 9.10015 8.87246 8.01829 6.54991 6.36323 6.04564 4.6845 3.37166 -9999 -9999 3.50636 5.19834 6.39472 7.02033 7.22643 7.26265 8.06017 8.14087 8.99985 8.83287 7.75779 7.9073 7.49905 7.80499 8.2348 8.36927 8.9721 9.54483 9.67098 9.69526 9.8994 9.95676 9.9851 9.99811 9.89093 9.96463 9.99015 9.78562 8.4957 7.87652 7.20478 4.85925 -9999 -9999 -9999 -9999 -9999 -9999
-9999 -9999 10.5961 11.0167 11.4752 11.567 11.9118 11.8965 11.8287 12.2998 12.4835 12.2796 12.1372 12.4481 12.4442 12.4216 12.3739 11.5829 10.6654 9.26809 8.40755 7.89346 7.53266 7.06279 7.43759 7.35442 7.23481 7.42445 7.03792 6.24879 5.45999 3.96492 3.16399 -9999 3.61551 4.3887 5.80778 7.01621 7.78974 7.53566 8.43978 8.62354 9.16136 8.8839 8.24436 7.98886 7.98938 7.92757 8.55074 8.97811 9.29608 9.50993 9.77029 9.8522 9.93312 9.97774 10.0097 10.0409 10.0546 10.0662 10.056 9.98941 9.40557 8.79707 7.44187 4.95482 -9999 -9999 -9999 -9999 -9999 -9999
-9999 9.41979 10.5654 11.2569 11.5377 11.7461 11.9321 12.072 12.2211 12.3556 12.4549 12.4379 11.8679 11.9323 12.054 12.4033 12.3958 12.3395 11.8457 10.1416 9.56825 8.72557 7.62158 7.18353 7.44349 8.39175 8.37554 7.78897 7.13208 6.21904 5.6425 4.73305 2.96718 3.147 3.97019 4.58664 5.55623 7.02912 8.06682 8.53979 8.73015 9.11313 9.32113 8.94088 8.5833 8.44529 8.16759 8.15205 8.1819 8.56957 8.88508 9.53632 9.7705 9.88949 9.95927 10.005 10.0422 10.0781 10.1009 10.1047 10.1213 10.1327 10.1131 9.2851 7.19036 5.62014 -9999 -9999 -9999 -9999 -9999 -9999
-9999 -9999 10.3739 10.6903 10.7891 10.9456 11.243 11.5822 12.0572 12.1341 12.4008 12.4161 11.9271 11.3592 11.884 12.102 12.3277 12.3505 12.3019 10.8785 10.1422 9.5681 8.51099 8.93345 9.32889 9.38258 9.1849 7.89932 6.61863 5.14217 3.75839 3.7126 2.97638 3.39646 3.94607 5.3284 6.30575 6.71176 7.00823 8.50571 8.91216 9.07029 9.47207 8.97953 8.88275 8.52174 8.66512 8.65939 8.68992 7.64218 8.75611 8.84525 9.57236 9.91181 10.0044 10.043 10.0816 10.1015 10.1215 10.1338 10.1565 10.1672 10.177 9.64634 6.97932 5.65626 -9999 -9999 -9999 -9999 -9999 -9999
-9999 -9999 -9999 -9999 10.527 10.7735 10.9389 11.2091 11.9967 12.2213 12.376 12.4048 12.1958 11.6333 11.4968 11.6185 11.0703 11.5604 12.2254 12.2292 12.172 10.922 10.3023 10.958 10.7923 9.86192 9.13526 8.41814 6.9148 5.82481 4.23566 3.04674 3.02126 4.37585 5.50339 6.90165 7.52746 7.19657 7.58885 8.34574 9.20111 9.6267 9.55477 9.03473 8.99275 8.42185 9.03899 9.11825 8.87338 8.66531 8.79437 9.1677 9.32448 9.89701 10.051 10.0941 10.1158 10.1344 10.1476 10.1597 10.1728 10.185 10.1963 10.1918 7.45006 5.32708 -9999 -9999 -9999 -9999 -9999 -9999
-9999 -9999 -9999 -9999 10.0127 10.1714 10.5528 11.498 12.0047 12.2189 12.23 12.3374 12.1947 11.7017 11.195 10.718 10.0994 10.4803 11.4603 12.0471 12.133 11.0404 11.6521 11.4606 11.0585 9.83406 8.93854 8.47581 7.0337 5.80625 4.75655 3.29727 3.95052 4.66664 5.57999 7.10401 8.13703 8.57131 8.23845 8.7274 9.70885 9.73631 9.23442 9.29381 9.00815 8.21815 9.09923 9.36825 9.20415 9.28304 9.24577 9.40079 9.6607 9.9087 10.0794 10.1185 10.1383 10.1494 10.1645 10.182 10.1884 10.2072 10.2188 10.2253 8.46346 5.30278 -9999 -9999 -9999 -9999 -9999 -9999
-9999 -9999 -9999 -9999 -9999 9.5682 10.4109 11.6587 11.9858 11.9765 12.2475 12.2862 12.0583 11.8621 11.2436 10.393 8.74534 9.187 10.0908 11.3869 12.0791 12.0115 11.67 11.048 9.50649 8.16085 8.02061 7.82199 6.77638 5.83771 4.66802 5.37991 6.15636 7.00267 7.45497 7.35849 8.24593 8.97289 8.68883 9.28449 9.97783 9.69515 9.53875 9.41287 9.0775 9.0839 9.15179 9.66508 9.35959 9.59416 9.63406 9.64796 9.78659 9.94087 10.1001 10.1415 10.159 10.1772 10.1768 10.1987 10.2079 10.2182 10.2305 10.2393 10.1 8.41003 7.40862 -9999 -9999 -9999 -9999 -9999
-9999 -9999 -9999 -9999 -9999 8.82713 9.25795 10.7318 11.203 11.8634 12.2218 12.2543 11.8583 11.6453 10.7157 10.4249 8.90226 8.22311 8.83379 8.62794 10.4065 11.9841 11.6774 8.5655 7.45535 6.67116 6.90568 6.93353 6.66064 5.04209 4.61022 6.10652 7.05513 7.79328 8.35658 8.48748 8.48449 9.61234 9.77796 10.1583 10.1006 10.1566 9.6197 9.29812 9.63609 9.315 9.28444 9.81359 9.35045 9.82432 9.80636 9.69797 9.7147 10.03 10.1097 10.1596 10.1792 10.1834 10.1844 10.1925 10.2193 10.2334 10.2369 10.2588 10.2652 10.088 9.2243 8.93931 9.30954 -9999 -9999 -9999
-9999 -9999 -9999 -9999 -9999 -9999 7.91927 9.95931 10.9044 11.4074 12.1074 12.2064 12.0067 11.6241 10.6768 9.84625 8.48704 6.93357 6.12033 8.63258 10.8231 11.978 11.8611 9.27497 8.27029 8.24873 8.88191 8.39519 8.03156 6.80844 6.45634 5.95707 6.29714 7.32036 8.15821 8.96437 9.55502 9.61859 10.0092 10.2435 10.2821 10.3718 10.33 10.3018 9.79504 10.1976 9.90915 10.1066 10.0269 9.95722 9.90744 9.62252 9.86477 10.0804 10.1504 10.1868 10.1912 10.2043 10.212 10.2102 10.2201 10.2375 10.2556 10.2669 10.2892 10.3067 10.2319 9.72255 9.03249 8.15405 -9999 -9999
-9999 -9999 -9999 -9999 -9999 -9999 6.927 8.95691 9.94775 11.2125 11.8736 12.1541 12.1348 11.8278 11.1119 10.0272 9.12738 7.39123 5.5891 8.22455 10.5762 11.8564 11.947 9.78554 10.4199 9.95395 10.178 9.30274 8.9532 8.68636 8.06165 7.37528 6.62411 6.23625 8.09209 9.05274 9.82921 10.2046 10.4252 10.5456 10.5132 10.3982 9.60524 10.2535 10.2547 10.2206 10.1778 10.1717 10.1353 10.0868 10.0762 10.0845 9.90177 10.1609 10.1761 10.1961 10.2134 10.2234 10.2279 10.2345 10.2395 10.2593 10.2715 10.2847 10.3015 10.3258 10.3436 10.3391 10.2223 9.03325 8.33208 8.16061
-9999 -9999 -9999 -9999 -9999 -9999 4.11958 7.06338 9.43947 10.6842 11.7056 11.9956 12.1134 11.6967 11.3894 10.6167 9.88689 8.75263 7.04568 6.00342 7.98293 10.8522 11.9244 11.876 11.8357 11.2923 10.8049 10.7648 10.8273 10.2596 9.41673 8.30071 7.97077 7.58957 8.97627 9.17842 9.09486 10.6188 10.6404 10.5741 10.0184 9.39722 9.54361 9.16973 9.50992 9.06089 9.52627 9.93227 10.1008 10.1158 10.0995 10.1247 10.1232 10.1866 10.2038 10.2144 10.2259 10.2396 10.2504 10.2499 10.2578 10.2828 10.2924 10.3048 10.318 10.3438 10.3645 10.3671 10.3719 10.2098 9.95351 9.45028
-9999 -9999 -9999 -9999 -9999 -9999 4.266 6.74943 8.85358 10.1296 11.3488 11.6437 12.0652 11.9933 11.6709 11.0018 10.1624 9.2323 7.77065 6.6904 8.02158 9.93374 11.3104 11.8295 11.8472 11.8392 11.735 11.7115 11.585 11.507 10.9042 9.85895 9.27059 8.40061 9.9445 10.1325 9.9105 10.6902 10.6704 9.53726 8.67174 8.58325 9.15001 8.66045 8.6045 8.31032 8.69877 9.695 9.4476 9.52895 10.0023 10.0968 10.1686 10.2001 10.2151 10.2303 10.2397 10.2577 10.2757 10.2759 10.2861 10.301 10.3042 10.3243 10.3348 10.3536 10.3681 10.3802 10.386 10.3568 10.3295 10.4224
-9999 -9999 -9999 -9999 -9999 -9999 4.33557 6.01159 7.90683 9.77506 11.0762 11.6105 12.0038 12.0157 11.6388 11.3148 10.7954 9.97935 9.4264 8.453 7.11035 9.41923 10.1436 10.8033 11.0966 11.7736 11.7818 11.5064 11.1844 11.5276 11.463 10.6328 10.3715 9.91754 10.784 10.803 10.7967 10.769 9.81392 8.48003 7.41886 8.21919 8.07934 8.46441 7.39137 8.33807 9.09791 9.36208 8.88704 8.54196 9.71899 9.93601 10.0687 10.16 10.2257 10.2319 10.2609 10.2715 10.2856 10.2997 10.3084 10.3216 10.3315 10.3421 10.3569 10.3767 10.3869 10.4019 10.4246 10.4167 10.4284 10.4502
-9999 -9999 -9999 -9999 -9999 -9999 -9999 5.05564 7.4629 9.60477 10.8043 11.5645 11.9431 11.9528 11.7683 11.554 11.2388 10.6555 9.91872 8.74402 7.87809 8.46339 9.17393 9.28543 9.76649 11.1158 11.5921 10.9732 9.41667 10.3859 11.4499 11.4515 11.3803 11.2981 11.1826 11.085 10.8511 10.1954 8.14978 7.76924 6.98059 7.09486 6.70254 7.63887 7.33406 8.29201 8.72169 8.89958 8.06248 8.28137 9.32392 9.74579 9.69921 9.96436 10.2138 10.2396 10.2642 10.2758 10.2988 10.319 10.3338 10.3474 10.3601 10.3756 10.3823 10.4112 10.3575 10.3308 10.2528 10.4009 10.4354 10.4775
-9999 -9999 -9999 -9999 -9999 -9999 -9999 4.61033 7.00319 9.52284 10.3432 11.1618 11.8706 11.9008 11.6104 11.3356 11.0526 10.7286 9.83069 8.96132 8.13292 7.8694 8.06259 8.08389 8.84663 10.5966 10.9538 10.8335 9.22008 8.67948 10.0944 11.2859 11.3965 11.3081 9.94582 10.2577 9.53143 8.54052 8.28216 7.86056 6.94782 7.41937 6.75805 7.07472 7.03595 7.59006 7.87294 8.52699 7.7999 7.83997 8.86451 9.38702 9.41968 9.96548 10.172 10.2396 10.2703 10.2975 10.3183 10.3456 10.3602 10.3725 10.3829 10.3789 10.3408 10.1832 9.21177 9.23569 9.53236 9.81413 10.3206 10.4771
-9999 -9999 -9999 -9999 -9999 -9999 -9999 4.90323 6.56922 8.80707 10.469 10.5893 11.4058 11.8356 11.5187 11.1601 10.7934 10.6439 9.66481 8.58806 7.72252 6.69471 6.88906 7.66405 8.93128 10.0693 10.291 10.0824 9.23916 9.67908 10.6503 11.1747 11.3424 11.2434 10.961 10.8057 10.2761 10.0575 9.31579 8.14557 7.69767 8.01637 6.77478 6.88598 7.37663 6.92087 7.76352 8.17915 7.23254 8.04934 8.95023 9.42065 9.83387 10.0395 10.1328 10.2653 10.287 10.3152 10.3393 10.3568 10.3763 10.3778 10.383 10.2978 10.1626 9.25317 8.89731 8.99545 9.44778 9.8464 10.2791 10.4605
-9999 -9999 -9999 -9999 -9999 -9999 -9999 5.20252 6.70437 8.64723 9.83728 10.0643 10.9683 11.7742 11.7037 11.33 11.2291 10.8422 10.0146 9.09909 8.09703 7.62076 6.49916 7.64556 8.57081 9.53748 10.0013 9.31823 8.97262 9.64193 10.3069 10.584 11.2545 11.2671 11.0734 10.1766 9.74906 9.95708 9.78506 9.46948 8.67086 8.65579 8.15132 7.95567 7.77248 7.14405 7.5943 7.66033 7.80945 8.77081 9.24985 9.57409 9.87031 9.96252 10.1019 10.2767 10.3093 10.3338 10.3521 10.3742 10.3823 10.3578 10.3406 10.1478 9.79103 9.10752 7.99775 8.82413 9.68721 9.96416 10.2428 10.3895
-9999 -9999 -9999 -9999 -9999 -9999 -9999 4.96822 6.56262 8.22582 8.93137 9.06567 10.6881 11.6884 11.7078 11.5402 11.3418 10.3582 10.4363 10.2554 9.35321 8.0302 6.57549 6.73484 7.64604 8.91799 9.3523 8.19319 7.78764 8.12172 9.11723 10.0101 10.9411 11.1918 10.9433 9.53712 8.04175 8.76371 9.53415 9.55027 9.35079 8.61196 8.39225 8.19579 7.66359 6.75753 6.92597 7.20994 8.30845 8.66229 9.19661 9.64348 9.50319 9.61706 10.0442 10.2973 10.3253 10.3485 10.3753 10.3891 10.3946 10.326 10.2525 10.1159 9.15192 8.56037 7.69498 8.75866 9.35327 9.69854 10.2645 10.4141
-9999 -9999 -9999 -9999 -9999 -9999 -9999 4.49886 5.66092 7.25157 7.9032 8.93196 10.4663 11.23 11.6055 11.6158 11.4897 11.0596 10.8088 10.2964 9.35678 8.06501 6.62713 5.69841 6.20182 7.91576 8.35059 7.26947 6.72436 7.44969 8.50944 10.0686 10.9677 11.1058 11.0455 10.7709 9.68445 8.36801 8.39242 9.08271 8.54264 7.91198 8.29175 8.24712 7.72157 7.34549 7.14357 7.32893 7.96528 8.23433 8.84821 9.74372 9.88944 9.88467 10.2726 10.3105 10.3384 10.3714 10.3901 10.4059 10.4141 10.3616 10.2202 9.58479 9.03343 8.25871 8.18072 9.13503 9.56392 9.97376 10.2611 10.3675
-9999 -9999 -9999 -9999 -9999 -9999 -9999 3.67731 5.04142 6.53276 7.93021 9.25324 10.3944 10.4991 11.1096 11.127 11.4558 11.3855 10.9883 10.5597 9.75262 8.08725 6.69034 5.1653 5.59331 7.33663 7.61268 6.88813 5.53139 6.97444 8.56343 10.0052 10.7946 10.2108 10.8486 10.8172 10.4223 9.64663 8.42983 8.47332 7.56702 7.54747 8.04454 8.2205 8.16299 7.886 7.44079 7.56543 7.96659 8.08067 8.64657 9.34602 10.0299 10.1616 10.308 10.333 10.3544 10.384 10.4044 10.4097 10.3949 10.3389 9.80896 9.17524 8.7925 8.25849 8.21125 9.29955 9.75634 10.0264 10.277 10.3873
-9999 -9999 -9999 -9999 -9999 -9999 -9999 -9999 4.92219 6.46242 7.60679 7.92813 8.94457 9.50171 9.93695 10.0476 11.2563 11.3405 11.0954 10.7031 10.0175 8.75838 7.88739 6.42529 5.38027 5.86434 6.10592 6.51862 6.42411 7.07924 8.60715 10.1979 10.3891 9.41115 9.57847 9.8067 10.294 10.0762 8.41099 7.57485 6.88447 7.40978 7.96169 8.11144 8.15874 8.07815 8.00248 7.84721 8.57931 9.12649 9.26969 9.74895 10.1079 10.2217 10.3121 10.3405 10.3687 10.3881 10.3875 10.3922 10.3262 10.155 9.55962 8.10118 8.18952 8.04918 7.60915 8.67349 9.37511 9.98086 10.3115 10.4107
-9999 -9999 -9999 -9999 -9999 -9999 -9999 -9999 4.4341 6.21345 6.6037 6.59426 6.02934 6.31581 8.49531 8.94865 10.1085 11.208 11.1472 10.7625 10.1221 9.38004 8.2208 6.57387 5.26968 4.75985 6.21472 7.64116 7.95136 8.41925 9.36364 9.55957 8.56003 7.62371 8.1802 8.52306 9.77457 10.0189 9.79889 8.80339 7.66259 7.07696 7.81287 7.9295 7.99384 8.02408 8.03565 8.05167 8.88612 9.35099 9.67989 9.86845 10.1798 10.2747 10.3186 10.3608 10.375 10.3792 10.3522 10.3189 10.1079 9.84851 8.86083 8.04062 7.53641 6.89143 8.40764 8.87641 9.52862 9.9539 10.2828 10.3693
