Test_Spring_2018/12_17/Temp/20171231_010.txt
ncols	170
nrows	115
xllcorner	350000.000000
yllcorner	4445000.000000
cellsize	1000.000000
nodata_value	-9999.000000
[rows 32 to 63 of 115, columns 72 to 143 of 170]
8.53852 8.33603 8.66832 8.97489 8.79943 8.68781 9.18991 9.19716 9.03674 8.65012 8.51282 8.37016 8.28549 7.78738 6.37694 5.10613 5.79787 5.82111 5.35462 6.21059 5.76898 4.60583 2.96096 3.86547 3.63852 2.47113 2.18988 -9999 -9999 -9999 -9999 -9999 -9999 -9999 -9999 -9999 -9999 -9999 -9999 -9999 -9999 -9999 -9999 -9999 -9999 -9999 -9999 -9999 -9999 -9999 -9999 -9999 -9999 -9999 -9999 -9999 -9999 -9999 -9999 -9999 -9999 -9999 -9999 -9999 -9999 -9999 -9999 -9999 -9999 -9999 -9999 -9999
8.26314 8.18048 8.67064 8.66814 8.6442 8.8283 9.14433 9.21248 9.15439 8.9899 8.84845 8.6975 8.30334 7.73253 6.5265 5.07904 4.75619 5.47508 5.51621 5.63756 5.2357 4.72912 3.93271 4.59725 4.85943 4.0934 3.09326 2.45329 -9999 -9999 -9999 -9999 -9999 -9999 -9999 -9999 -9999 -9999 -9999 -9999 -9999 -9999 -9999 -9999 -9999 -9999 -9999 -9999 -9999 -9999 -9999 -9999 -9999 -9999 -9999 -9999 -9999 -9999 -9999 -9999 -9999 -9999 -9999 -9999 -9999 -9999 -9999 -9999 -9999 -9999 -9999 -9999
7.93359 7.47314 7.77154 7.99752 8.40955 8.52693 8.59493 9.17789 9.15479 9.13548 8.89705 8.70781 8.38941 7.84037 7.05558 6.10916 4.45596 5.4867 6.2953 6.2817 6.24469 5.89183 5.12697 5.77936 5.81642 4.83764 3.72667 3.07487 2.80916 -9999 -9999 -9999 -9999 -9999 -9999 -9999 -9999 -9999 -9999 -9999 -9999 -9999 -9999 -9999 -9999 -9999 -9999 -9999 -9999 -9999 -9999 -9999 -9999 -9999 -9999 -9999 -9999 -9999 -9999 -9999 -9999 -9999 -9999 -9999 -9999 -9999 -9999 -9999 -9999 -9999 -9999 -9999
7.55818 6.99402 7.29419 7.69224 8.2524 8.54689 8.7728 8.95238 9.13538 9.12208 8.87795 8.14237 8.04359 8.0187 7.50792 6.42797 5.34939 5.07514 6.30497 6.66187 6.5974 6.87728 6.23038 6.54607 6.42616 6.08528 5.01402 4.03912 3.63979 2.84415 -9999 -9999 -9999 -9999 -9999 -9999 -9999 -9999 -9999 -9999 -9999 -9999 -9999 -9999 -9999 -9999 -9999 -9999 -9999 -9999 -9999 -9999 -9999 -9999 -9999 -9999 -9999 -9999 -9999 -9999 -9999 -9999 -9999 -9999 -9999 -9999 -9999 -9999 -9999 -9999 -9999 -9999
-9999 -9999 6.6477 7.18822 7.6395 8.18418 8.65772 8.89829 9.1322 9.12151 8.62621 8.38772 8.37362 8.04153 7.45078 7.08262 6.40614 5.70094 5.97988 7.02956 6.57248 7.31806 7.26227 7.40475 6.91758 5.99057 4.74442 4.02177 3.66532 3.02196 -9999 -9999 -9999 -9999 -9999 -9999 -9999 -9999 -9999 -9999 -9999 -9999 -9999 -9999 -9999 -9999 -9999 -9999 -9999 -9999 -9999 -9999 -9999 -9999 -9999 -9999 -9999 -9999 -9999 -9999 -9999 -9999 -9999 -9999 -9999 -9999 -9999 -9999 -9999 -9999 -9999 -9999
-9999 -9999 -9999 7.09636 7.44277 8.1708 8.55015 8.70902 9.08178 9.09023 8.90737 8.77111 8.56989 8.30467 7.86252 7.37384 6.73801 6.68546 7.35941 7.37443 7.2418 7.35802 7.70743 7.62375 6.8663 5.55592 4.86552 3.45218 2.85222 2.92137 2.49827 -9999 -9999 -9999 -9999 -9999 -9999 -9999 -9999 -9999 -9999 -9999 -9999 4.23395 -9999 -9999 -9999 -9999 -9999 -9999 -9999 -9999 -9999 -9999 -9999 -9999 -9999 -9999 -9999 -9999 -9999 -9999 -9999 -9999 1.78011 -9999 -9999 -9999 -9999 -9999 -9999 -9999
-9999 -9999 7.02828 7.4892 7.84718 8.30654 8.35659 8.6344 9.06196 9.07584 8.94846 8.80345 8.46778 8.39016 8.14164 7.61046 7.50736 7.73249 7.83982 7.96049 8.03734 7.98708 7.85491 7.68217 7.19776 6.59262 6.18881 4.89812 4.25081 3.63162 2.69088 1.95656 -9999 -9999 -9999 -9999 -9999 -9999 -9999 3.72041 3.69175 3.71506 3.92941 4.50982 4.17895 -9999 -9999 -9999 -9999 -9999 -9999 -9999 -9999 -9999 -9999 -9999 -9999 -9999 -9999 -9999 -9999 -9999 -9999 -9999 2.30593 1.56553 -9999 -9999 -9999 -9999 -9999 -9999
-9999 -9999 7.15881 7.63982 7.88409 8.3306 8.58957 8.76164 8.91508 9.06204 9.04651 8.8853 8.63592 8.64507 8.29825 8.11447 7.98514 8.28718 8.3523 8.24059 8.09872 7.97402 7.60923 7.57294 7.46032 7.07876 6.44813 5.79818 4.8538 3.57418 2.31952 1.30901 -9999 -9999 -9999 -9999 -9999 -9999 3.82816 4.31162 4.60378 4.00282 4.52803 5.00861 4.93919 4.48586 -9999 -9999 -9999 -9999 -9999 -9999 -9999 -9999 -9999 -9999 -9999 -9999 -9999 -9999 5.82838 5.06918 3.5292 2.74272 2.27326 1.60048 -9999 -9999 -9999 -9999 -9999 -9999
-9999 -9999 7.06969 7.6365 8.0232 8.36745 8.4295 8.78417 8.94036 9.02308 9.02223 8.99658 8.95694 8.65539 8.5298 8.06978 8.52381 8.51374 8.40735 7.96614 7.7786 7.01624 6.68448 6.61705 7.27052 6.79949 5.80864 4.56834 3.07739 2.9839 2.49554 1.59332 -9999 -9999 -9999 -9999 -9999 -9999 3.98313 4.49971 4.93182 5.00012 4.40264 5.25159 5.22564 4.76037 4.65973 5.0528 5.25545 5.1159 5.58118 5.72359 5.52268 5.75853 -9999 -9999 -9999 -9999 5.92955 5.96688 5.9964 5.68351 4.00044 2.85273 1.82268 1.73368 -9999 -9999 -9999 -9999 -9999 -9999
-9999 -9999 7.46119 7.81336 7.99565 8.03227 8.3423 8.65368 8.84544 8.99026 8.97099 8.96782 8.96381 8.86563 8.62734 8.67873 8.66585 8.52936 7.68354 6.69508 7.13548 6.5499 5.29332 6.32782 6.89914 6.36453 5.16238 3.76746 3.31659 3.3402 2.65819 1.78052 -9999 -9999 -9999 2.57668 3.31421 3.38487 3.60706 4.29394 4.81788 5.21219 5.48388 5.48249 5.20804 4.75296 4.25793 4.44307 5.35152 5.5783 5.76711 5.91453 5.72868 5.83944 6.08791 6.21978 6.25216 6.20234 6.19603 6.22216 6.19958 5.90806 4.40087 3.54189 2.99591 1.89399 -9999 -9999 -9999 -9999 -9999 -9999
-9999 -9999 7.25112 7.55851 7.80916 8.21981 8.2709 8.53402 8.69503 8.92611 8.95949 8.7046 8.92958 8.90909 8.87585 8.79684 8.67755 7.96465 6.97936 5.99154 5.53903 5.74265 4.9886 5.38611 5.96497 5.76178 5.02949 3.7876 3.61897 3.33669 2.18162 1.0727 -9999 -9999 1.15949 2.56811 3.562 4.07799 4.2425 4.26428 4.92266 4.98014 5.68821 5.53097 4.6084 4.71894 4.36153 4.60193 4.94201 5.0396 5.52197 5.98399 6.07787 6.08739 6.24837 6.2873 6.30262 6.30559 6.2082 6.26224 6.27572 6.09616 5.00739 4.47937 3.89823 1.91853 -9999 -9999 -9999 -9999 -9999 -9999
-9999 -9999 7.41007 7.75284 8.12751 8.19531 8.47516 8.45478 8.38761 8.77421 8.91931 8.74174 8.61596 8.86967 8.85995 8.83439 8.78746 8.1179 7.34185 6.16352 5.43381 4.99133 4.67826 4.25991 4.56064 4.47787 4.36462 4.51042 4.17342 3.49629 2.82483 1.55935 0.879762 -9999 1.24152 1.88136 3.06205 4.06629 4.70612 4.48509 5.23281 5.37653 5.81114 5.56615 5.00811 4.77417 4.75899 4.69149 5.19747 5.53812 5.78189 5.94753 6.14984 6.20758 6.26553 6.29402 6.31273 6.33133 6.33548 6.33794 6.32192 6.2581 5.76056 5.23462 4.08901 1.99071 -9999 -9999 -9999 -9999 -9999 -9999
-9999 6.43126 7.37639 7.94571 8.17135 8.33663 8.48333 8.59188 8.70665 8.81226 8.88808 8.86603 8.38249 8.43017 8.52578 8.81174 8.79869 8.74423 8.32287 6.88763 6.39673 5.67661 4.7406 4.35337 4.55741 5.33752 5.3103 4.80585 4.2429 3.46222 2.96718 2.19549 0.705325 0.847691 1.5293 2.03829 2.84308 4.06907 4.93033 5.31813 5.46844 5.77557 5.93781 5.60138 5.2795 5.14804 4.89928 4.86982 4.87844 5.18691 5.42889 5.9582 6.14172 6.22782 6.27657 6.30621 6.32963 6.35252 6.36476 6.36113 6.36779 6.36957 6.33928 5.63575 3.86859 2.53785 -9999 -9999 -9999 -9999 -9999 -9999
-9999 -9999 7.20798 7.46315 7.53625 7.65782 7.89775 8.17304 8.56068 8.61756 8.83382 8.84033 8.42403 7.94261 8.37589 8.55215 8.73438 8.74629 8.6977 7.49378 6.86682 6.37472 5.47754 5.81055 6.12749 6.15826 5.97867 4.88864 3.80314 2.55073 1.38088 1.33206 0.705468 1.0473 1.5002 2.65066 3.46229 3.79549 4.0365 5.28213 5.61116 5.72907 6.05262 5.62633 5.52257 5.20384 5.30694 5.28508 5.29367 4.39996 5.31018 5.37069 5.96646 6.23757 6.30381 6.32778 6.35262 6.36256 6.37279 6.37658 6.38872 6.38645 6.3836 5.92866 3.6843 2.5603 -9999 -9999 -9999 -9999 -9999 -9999
-9999 -9999 -9999 -9999 7.30827 7.50514 7.63446 7.85191 8.50137 8.68197 8.80458 8.82224 8.64115 8.16413 8.044 8.1398 7.67433 8.07645 8.62408 8.61745 8.55876 7.50062 6.96271 7.49735 7.34416 6.55078 5.92802 5.31355 4.04141 3.11249 1.77065 0.76488 0.734117 1.85968 2.79516 3.95924 4.47685 4.19342 4.51483 5.13753 5.84328 6.18784 6.11456 5.66488 5.60683 5.1119 5.61111 5.6599 5.43748 5.24627 5.33194 5.63012 5.74831 6.21593 6.33462 6.36071 6.3717 6.38079 6.38569 6.38959 6.391 6.39254 6.39233 6.37771 4.0706 2.27683 -9999 -9999 -9999 -9999 -9999 -9999
-9999 -9999 -9999 -9999 6.86906 6.99242 7.30247 8.08498 8.49943 8.67132 8.67385 8.75742 8.63196 8.21345 7.7834 7.37814 6.85339 7.16454 7.97613 8.45743 8.51833 7.5917 8.08456 7.90981 7.55846 6.51865 5.75433 5.35264 4.13162 3.08763 2.19736 0.965317 1.50282 2.09403 2.85129 4.12029 4.97897 5.33589 5.04934 5.44969 6.26089 6.27201 5.83859 5.87371 5.61154 4.93287 5.65271 5.86005 5.70496 5.75372 5.70012 5.81544 6.0199 6.21586 6.34857 6.37265 6.38148 6.38453 6.39118 6.39851 6.39623 6.40341 6.4033 6.39782 4.91092 2.24837 -9999 -9999 -9999 -9999 -9999 -9999
-9999 -9999 -9999 -9999 -9999 6.47865 7.17493 8.21081 8.47492 8.45985 8.67997 8.7061 8.50937 8.3394 7.81585 7.09775 5.71171 6.07367 6.82135 7.8964 8.46475 8.39612 8.0909 7.55568 6.25041 5.10907 4.97696 4.79634 3.90724 3.10504 2.11439 2.69996 3.34069 4.04098 4.41236 4.32507 5.06183 5.66376 5.41827 5.9079 6.47783 6.22923 6.0849 5.9648 5.66095 5.64884 5.68783 6.09958 5.82606 6.0051 6.01613 6.01333 6.11631 6.23386 6.35705 6.3831 6.39037 6.3993 6.39274 6.40431 6.40436 6.40441 6.40494 6.40126 6.27256 4.84116 3.98851 -9999 -9999 -9999 -9999 -9999
-9999 -9999 -9999 -9999 -9999 5.84944 6.201 7.42616 7.81091 8.35655 8.64989 8.6708 8.33337 8.14874 7.36498 7.11556 5.83412 5.25768 5.75997 5.5776 7.05538 8.36393 8.08785 5.46831 4.52423 3.85299 4.03473 4.04382 3.80172 2.43045 2.05758 3.2999 4.08482 4.69462 5.15893 5.26148 5.25293 6.19057 6.32105 6.63032 6.57152 6.60639 6.14349 5.85958 6.11939 5.83323 5.78992 6.21509 5.80976 6.18929 6.15198 6.04695 6.04801 6.30048 6.35715 6.3903 6.39893 6.39622 6.39093 6.39051 6.40531 6.4084 6.40152 6.40889 6.40215 6.23718 5.49987 5.24648 5.54124 -9999 -9999 -9999
-9999 -9999 -9999 -9999 -9999 -9999 5.07153 6.77078 7.55222 7.96612 8.54543 8.62204 8.44694 8.1214 7.32281 6.62143 5.47672 4.16846 3.47847 5.5715 7.39417 8.34904 8.23177 6.05257 5.19703 5.16448 5.68021 5.25881 4.941 3.90087 3.59494 3.16684 3.4424 4.28971 4.98308 5.65181 6.14003 6.18653 6.50604 6.69174 6.71344 6.77655 6.72823 6.69003 6.24277 6.56271 6.30385 6.45168 6.36772 6.2926 6.22878 5.97625 6.1663 6.33542 6.3841 6.40415 6.40098 6.40553 6.40568 6.39768 6.39684 6.40269 6.40802 6.40653 6.41318 6.41126 6.33457 5.89365 5.30109 4.5507 -9999 -9999
-9999 -9999 -9999 -9999 -9999 -9999 4.23196 5.92284 6.74254 7.79412 8.33979 8.56591 8.54431 8.28187 7.6768 6.76254 6.00221 4.54093 3.02344 5.21993 7.17692 8.23682 8.30017 6.46991 6.98688 6.58268 6.75632 6.01003 5.70437 5.46486 4.93094 4.34635 3.70654 3.37176 4.91875 5.71654 6.36002 6.66729 6.8442 6.93623 6.89799 6.78791 6.11095 6.6393 6.61744 6.57233 6.51961 6.49759 6.45038 6.39354 6.36264 6.35599 6.19052 6.39297 6.39536 6.40433 6.41177 6.41341 6.41066 6.40933 6.40616 6.41287 6.41174 6.41195 6.41419 6.41804 6.41924 6.40132 6.28904 5.27907 4.67758 4.51311
-9999 -9999 -9999 -9999 -9999 -9999 1.87275 4.3288 6.30646 7.3415 8.18623 8.42319 8.51614 8.16163 7.89831 7.24501 6.62685 5.66933 4.23151 3.34924 4.9957 7.38611 8.2708 8.20951 8.16212 7.69361 7.27213 7.22544 7.26514 6.77389 6.05446 5.11076 4.82212 4.49568 5.64963 5.81213 5.7353 7.00368 7.01376 6.94935 6.47411 5.9411 6.05098 5.72143 5.98349 5.59162 5.96496 6.28857 6.41363 6.41051 6.37508 6.37765 6.36495 6.40575 6.41132 6.41215 6.41444 6.41888 6.42106 6.41351 6.41246 6.42514 6.42137 6.42125 6.41842 6.42377 6.42781 6.41629 6.40636 6.2566 6.02809 5.58603
-9999 -9999 -9999 -9999 -9999 -9999 1.98444 4.05273 5.80674 6.86306 7.87739 8.11822 8.46517 8.39892 8.12279 7.55587 6.84589 6.05916 4.82671 3.91274 5.01669 6.60602 7.74659 8.15999 8.16161 8.14186 8.04166 8.00589 7.88784 7.80648 7.29167 6.40194 5.90124 5.16536 6.45057 6.60083 6.40775 7.05281 7.0279 6.07021 5.3356 5.25046 5.71015 5.28693 5.21715 4.95325 5.26291 6.08134 5.85296 5.9062 6.28069 6.34752 6.3934 6.40991 6.41349 6.41801 6.41824 6.42589 6.43372 6.42641 6.427 6.43107 6.42449 6.42775 6.42533 6.42475 6.42185 6.41877 6.41032 6.3724 6.33252 6.38935
-9999 -9999 -9999 -9999 -9999 -9999 2.03278 3.42557 5.00472 6.55606 7.63877 8.07976 8.40273 8.40646 8.08435 7.80616 7.36381 6.67254 6.20082 5.37643 4.24227 6.16431 6.7588 7.28997 7.51961 8.07325 8.06728 7.82426 7.5389 7.81545 7.74465 7.04065 6.81361 6.42568 7.14345 7.15188 7.13899 7.10781 6.2997 5.17379 4.27536 4.93437 4.80547 5.11168 4.19066 4.96298 5.58359 5.78935 5.37576 5.07268 6.03626 6.20215 6.30254 6.36908 6.41498 6.41175 6.42806 6.42919 6.43334 6.43739 6.43646 6.43885 6.43793 6.43678 6.43409 6.43452 6.43066 6.42717 6.43291 6.41176 6.40877 6.4062
-9999 -9999 -9999 -9999 -9999 -9999 -9999 2.61486 4.61601 6.40206 7.39956 8.02945 8.3399 8.34145 8.18019 7.99356 7.722 7.22533 6.59965 5.60671 4.87164 5.35088 5.93357 6.00544 6.3956 7.51263 7.899 7.36894 6.04847 6.84116 7.72215 7.71449 7.64639 7.56948 7.46696 7.37745 7.17368 6.61647 4.89522 4.56469 3.8941 3.97857 3.63818 4.40499 4.12664 4.91403 5.25905 5.39336 4.67826 4.83784 5.69311 6.03476 5.98506 6.1971 6.39744 6.41039 6.42269 6.42445 6.43572 6.44448 6.44854 6.44971 6.45084 6.45366 6.44322 6.45116 6.39403 6.35923 6.28136 6.39272 6.40916 6.42163
-9999 -9999 -9999 -9999 -9999 -9999 -9999 2.22484 4.22055 6.32269 7.0025 7.68106 8.26766 8.28606 8.03592 7.79845 7.55371 7.27417 6.51364 5.77646 5.07307 4.84209 4.99303 4.98841 5.61492 7.06791 7.35509 7.24288 5.86571 5.40293 6.57773 7.56607 7.64996 7.56757 6.41896 6.67183 6.05553 5.21735 4.99193 4.62929 3.85488 4.23862 3.67336 3.9262 3.86595 4.31597 4.53884 5.07247 4.45014 4.4602 5.3003 5.72645 5.74323 6.19021 6.35375 6.40149 6.41861 6.43302 6.44213 6.45647 6.46 6.46123 6.46041 6.44712 6.40465 6.25572 5.42591 5.43405 5.67042 5.89432 6.29608 6.41457
-9999 -9999 -9999 -9999 -9999 -9999 -9999 2.4593 3.84646 5.71256 7.09669 7.1904 7.86698 8.2197 7.94712 7.63936 7.3244 7.19093 6.36254 5.45191 4.71767 3.8472 3.99949 4.63759 5.67509 6.61624 6.7905 6.60467 5.8716 6.22974 7.03315 7.46289 7.59434 7.50287 7.25803 7.11951 6.66753 6.47571 5.84549 4.85613 4.47091 4.72689 3.67616 3.75739 4.15583 3.74533 4.43744 4.77213 3.96663 4.62093 5.36353 5.74631 6.08179 6.24402 6.31268 6.41459 6.42397 6.43903 6.45061 6.45661 6.46408 6.45623 6.45107 6.36987 6.24643 5.47446 5.15373 5.22452 5.59175 5.91404 6.25219 6.39385
-9999 -9999 -9999 -9999 -9999 -9999 -9999 2.69899 3.94866 5.5677 6.55666 6.73953 7.4891 8.15643 8.08994 7.76947 7.67701 7.34473 6.64328 5.86777 5.01946 4.61097 3.66198 4.61135 5.3626 6.16073 6.53796 5.93792 5.63819 6.18844 6.73545 6.95804 7.51037 7.51206 7.34118 6.58169 6.21499 6.38009 6.22672 5.95279 5.27406 5.25081 4.81742 4.64213 4.4769 3.92171 4.28589 4.32847 4.43386 5.21577 5.60551 5.86613 6.10377 6.17108 6.27826 6.41542 6.43384 6.44558 6.45218 6.46191 6.4597 6.43005 6.40624 6.23511 5.92637 5.34383 4.39177 5.07267 5.78424 6.0023 6.21439 6.32738
-9999 -9999 -9999 -9999 -9999 -9999 -9999 2.49191 3.81899 5.2038 5.78703 5.89209 7.24288 8.0728 8.0815 7.93344 7.75932 6.92761 6.98433 6.82401 6.05946 4.94239 3.7148 3.83818 4.58046 5.63173 5.9846 4.98555 4.63577 4.90546 5.72914 6.46715 7.23741 7.43825 7.22131 6.03526 4.77446 5.36967 6.00521 6.00897 5.83189 5.20293 5.00815 4.83248 4.37545 3.59474 3.71645 3.94192 4.83075 5.11557 5.55183 5.91528 5.78758 5.87304 6.22108 6.42376 6.43813 6.44869 6.46229 6.46501 6.46059 6.39406 6.32317 6.19922 5.38237 4.87709 4.13695 5.0094 5.49666 5.76092 6.22502 6.34075
-9999 -9999 -9999 -9999 -9999 -9999 -9999 2.08802 3.05312 4.37709 4.91506 5.76877 7.04571 7.67748 7.98414 7.98489 7.87129 7.50294 7.28446 6.84674 6.05105 4.96032 3.74703 2.95979 3.37127 4.78229 5.12485 4.20166 3.73514 4.33237 5.2098 6.50554 7.24888 7.35537 7.29586 7.05693 6.13838 5.02713 5.03813 5.6063 5.1442 4.60594 4.91321 4.86488 4.41368 4.0874 3.88859 4.02429 4.5337 4.74777 5.25081 5.98993 6.10174 6.0879 6.40313 6.42555 6.43979 6.4585 6.46525 6.46956 6.46747 6.41446 6.28679 5.74544 5.27423 4.61584 4.54054 5.31597 5.66152 5.98335 6.21448 6.29433
-9999 -9999 -9999 -9999 -9999 -9999 -9999 1.38932 2.5235 3.76426 4.92647 6.02641 6.97409 7.05411 7.55739 7.56411 7.8313 7.76424 7.42331 7.05579 6.37122 4.96789 3.78906 2.50276 2.85126 4.29032 4.4887 3.87182 2.72588 3.92393 5.24435 6.44171 7.09316 6.59522 7.12003 7.08465 6.74496 6.08635 5.05833 5.08511 4.31652 4.28997 4.6956 4.83211 4.77293 4.5298 4.13515 4.21224 4.52496 4.60945 5.07242 5.64749 6.20986 6.31024 6.42323 6.43488 6.4437 6.45946 6.46768 6.4632 6.44189 6.38601 5.93325 5.39343 5.06356 4.60689 4.55756 5.45323 5.81422 6.01939 6.22004 6.30335
-9999 -9999 -9999 -9999 -9999 -9999 -9999 -9999 2.41274 3.69435 4.64462 4.90594 5.74914 6.20783 6.56442 6.64917 7.65305 7.7153 7.50182 7.16478 6.58196 5.51884 4.78036 3.54684 2.6623 3.03683 3.21678 3.55192 3.46261 4.00101 5.27024 6.59224 6.7429 5.91492 6.0458 6.22773 6.62653 6.435 5.03162 4.32212 3.73439 4.16408 4.61573 4.73044 4.75911 4.6805 4.58778 4.4263 5.02802 5.47511 5.58427 5.97503 6.2654 6.3508 6.4169 6.43135 6.44591 6.45317 6.44379 6.4389 6.37487 6.22261 5.71521 4.48515 4.54979 4.42285 4.04489 4.9219 5.4752 5.97322 6.24105 6.31526
-9999 -9999 -9999 -9999 -9999 -9999 -9999 -9999 1.99329 3.47501 3.79392 3.77827 3.29765 3.52974 5.34649 5.71816 6.68119 7.59343 7.53426 7.20369 6.65882 6.02859 5.04886 3.66063 2.55911 2.10343 3.30212 4.48114 4.73054 5.11211 5.89277 6.04709 5.20085 4.40769 4.86435 5.14225 6.18082 6.37616 6.18275 5.33994 4.37526 3.87505 4.48081 4.56787 4.61086 4.62505 4.61463 4.59679 5.27498 5.65314 5.91771 6.06508 6.31555 6.38509 6.41231 6.43832 6.44116 6.43578 6.40448 6.36783 6.18249 5.95658 5.1209 4.42527 3.99402 3.44478 4.70458 5.0831 5.60447 5.94256 6.20903 6.27279
