Test_Spring_2018/12_17/Temp/20171220_006.txt
ncols	170
nrows	115
xllcorner	350000.000000
yllcorner	4445000.000000
cellsize	1000.000000
nodata_value	-9999.000000
[rows 31 to 61 of 115, columns 70 to 139 of 170]
1.14528 1.89744 2.18 1.6728 1.73409 2.99122 3.28464 3.27721 3.18996 3.08296 2.50497 2.31847 1.86488 1.05792 0.725131 -0.71866 -5.40775 -4.06939 -3.54101 -4.89488 -4.12639 -2.88076 -3.9503 -7.14021 -8.5093 -10.7195 -9.99776 -10.6439 -12.4206 -9999 -9999 -9999 -9999 -9999 -9999 -9999 -9999 -9999 -9999 -9999 -9999 -9999 -9999 -9999 -9999 -9999 -9999 -9999 -9999 -9999 -9999 -9999 -9999 -9999 -9999 -9999 -9999 -9999 -9999 -9999 -9999 -9999 -9999 -9999 -9999 -9999 -9999 -9999 -9999 -9999
1.2755 1.6244 1.60193 1.11378 1.89226 2.6101 2.20459 1.93698 3.11712 3.12755 2.7408 1.81827 1.48587 1.14057 0.932336 -0.255109 -3.603 -6.62043 -4.99084 -4.94415 -6.05701 -4.03825 -5.09177 -7.8535 -11.7555 -9.62057 -10.1644 -12.903 -13.5725 -9999 -9999 -9999 -9999 -9999 -9999 -9999 -9999 -9999 -9999 -9999 -9999 -9999 -9999 -9999 -9999 -9999 -9999 -9999 -9999 -9999 -9999 -9999 -9999 -9999 -9999 -9999 -9999 -9999 -9999 -9999 -9999 -9999 -9999 -9999 -9999 -9999 -9999 -9999 -9999 -9999
0.325501 1.1824 0.931078 0.726744 1.87908 1.86507 1.81452 2.25116 2.99033 3.14474 3.0001 2.60328 2.26085 1.8957 0.954458 -0.40521 -3.26916 -6.70484 -7.4776 -5.7836 -5.69432 -5.4149 -6.37416 -7.58111 -9.47406 -7.90735 -7.29316 -9.09453 -11.4528 -12.9665 -9999 -9999 -9999 -9999 -9999 -9999 -9999 -9999 -9999 -9999 -9999 -9999 -9999 -9999 -9999 -9999 -9999 -9999 -9999 -9999 -9999 -9999 -9999 -9999 -9999 -9999 -9999 -9999 -9999 -9999 -9999 -9999 -9999 -9999 -9999 -9999 -9999 -9999 -9999 -9999
-0.947455 0.516839 0.131501 -0.967231 -0.26883 0.258224 1.2445 1.51634 1.67042 3.04372 2.98172 2.9285 2.3562 1.90018 1.13816 -0.170126 -2.03671 -4.28602 -8.20886 -5.77634 -3.86968 -3.90967 -4.00487 -4.8477 -6.66587 -5.12792 -5.04683 -7.34871 -9.96515 -11.515 -12.1507 -9999 -9999 -9999 -9999 -9999 -9999 -9999 -9999 -9999 -9999 -9999 -9999 -9999 -9999 -9999 -9999 -9999 -9999 -9999 -9999 -9999 -9999 -9999 -9999 -9999 -9999 -9999 -9999 -9999 -9999 -9999 -9999 -9999 -9999 -9999 -9999 -9999 -9999 -9999
-9999 -0.406496 -0.777054 -2.12109 -1.41832 -0.483635 0.840773 1.5411 2.07256 2.49061 2.91651 2.87733 2.29133 0.541425 0.299229 0.231912 -0.985989 -3.55155 -6.11378 -6.77126 -3.86708 -3.02964 -3.18973 -2.53416 -4.07289 -3.33213 -3.62268 -4.43143 -6.95047 -9.25214 -10.2045 -12.0956 -9999 -9999 -9999 -9999 -9999 -9999 -9999 -9999 -9999 -9999 -9999 -9999 -9999 -9999 -9999 -9999 -9999 -9999 -9999 -9999 -9999 -9999 -9999 -9999 -9999 -9999 -9999 -9999 -9999 -9999 -9999 -9999 -9999 -9999 -9999 -9999 -9999 -9999
-9999 -9999 -9999 -9999 -2.96841 -1.69018 -0.633071 0.663464 1.78108 2.34353 2.88989 2.85672 1.67578 1.1027 1.06077 0.265828 -1.14158 -2.02184 -3.63199 -5.3099 -4.65723 -2.17924 -3.26882 -1.51036 -1.64924 -1.31846 -2.47853 -4.66993 -7.60885 -9.31356 -10.1646 -11.6954 -9999 -9999 -9999 -9999 -9999 -9999 -9999 -9999 -9999 -9999 -9999 -9999 -9999 -9999 -9999 -9999 -9999 -9999 -9999 -9999 -9999 -9999 -9999 -9999 -9999 -9999 -9999 -9999 -9999 -9999 -9999 -9999 -9999 -9999 -9999 -9999 -9999 -9999
-9999 -9999 -9999 -9999 -9999 -1.92644 -1.11735 0.59964 1.50756 1.87657 2.75161 2.76364 2.3223 1.99104 1.50578 0.868943 -0.18682 -1.35262 -2.8666 -2.99913 -1.41106 -1.38289 -1.70403 -1.43561 -0.614799 -0.819331 -2.61374 -5.71843 -7.35961 -10.6825 -12.1102 -11.9541 -12.9639 -9999 -9999 -9999 -9999 -9999 -9999 -9999 -9999 -9999 -9999 -9999 -9999 -8.9566 -9999 -9999 -9999 -9999 -9999 -9999 -9999 -9999 -9999 -9999 -9999 -9999 -9999 -9999 -9999 -9999 -9999 -9999 -9999 -9999 -14.9064 -9999 -9999 -9999
-9999 -9999 -9999 -9999 -2.10588 -1.01935 -0.178011 0.903122 1.02787 1.68134 2.68614 2.71087 2.40071 2.04845 1.24455 1.05161 0.454073 -0.81255 -1.0652 -0.540264 -0.293834 -0.0153866 0.159698 0.0341646 -0.285065 -0.700205 -1.84382 -3.28264 -4.24499 -7.29033 -8.81852 -10.2924 -12.5283 -14.2758 -9999 -9999 -9999 -9999 -9999 -9999 -9999 -10.1685 -10.2434 -10.1948 -9.69358 -8.32536 -9.11487 -9999 -9999 -9999 -9999 -9999 -9999 -9999 -9999 -9999 -9999 -9999 -9999 -9999 -9999 -9999 -9999 -9999 -9999 -9999 -13.6863 -15.4472 -9999 -9999
-9999 -9999 -9999 -9999 -1.81453 -0.681171 -0.10861 0.942505 1.54912 1.96449 2.32018 2.65992 2.61437 2.22349 1.62358 1.63576 0.805149 0.360875 0.0459414 0.752917 0.899436 0.627766 0.285169 -0.016361 -0.886095 -0.9778 -1.24105 -2.1501 -3.64925 -5.19455 -7.41027 -10.4482 -13.4276 -15.8294 -9999 -9999 -9999 -9999 -9999 -9999 -9.92845 -8.79112 -8.10621 -9.53563 -8.29804 -7.16591 -7.33604 -8.40981 -9999 -9999 -9999 -9999 -9999 -9999 -9999 -9999 -9999 -9999 -9999 -9999 -9999 -9999 -5.34077 -7.14605 -10.7998 -12.6692 -13.7879 -15.3883 -9999 -9999
-9999 -9999 -9999 -9999 -2.04439 -0.707259 0.203105 1.01257 1.15326 1.98803 2.36234 2.54986 2.53886 2.46865 2.36501 1.64111 1.33402 0.235341 1.30152 1.26936 1.00977 -0.0420031 -0.492514 -2.30365 -3.0948 -3.25148 -1.70907 -2.82954 -5.18127 -8.12416 -11.6514 -11.865 -13.0302 -15.176 -9999 -9999 -9999 -9999 -9999 -9999 -9.58371 -8.36792 -7.35149 -7.19595 -8.61643 -6.61172 -6.67343 -7.78056 -8.02471 -7.10037 -6.6276 -6.95635 -5.84981 -5.52274 -6.00923 -5.46193 -9999 -9999 -9999 -9999 -5.10977 -5.03002 -4.96802 -5.71619 -9.70836 -12.4326 -14.8783 -15.0963 -9999 -9999
-9999 -9999 -9999 -9999 -1.13598 -0.306413 0.120541 0.202072 0.930394 1.6628 2.1204 2.45105 2.39637 2.37925 2.35981 2.1172 1.54291 1.65483 1.61506 1.28318 -0.727651 -3.07553 -2.0394 -3.42697 -6.4057 -3.95506 -2.60664 -3.87719 -6.7288 -10.0375 -11.1023 -11.0399 -12.6639 -14.7573 -9999 -9999 -9999 -12.913 -11.1765 -11.0184 -10.5008 -8.88219 -7.64867 -6.71511 -6.07721 -6.08372 -6.73565 -7.81824 -8.99589 -8.56363 -6.41942 -5.89019 -5.43067 -5.0921 -5.54343 -5.30095 -4.72395 -4.42298 -4.35726 -4.48565 -4.5103 -4.45741 -4.51912 -5.21705 -8.78379 -10.8239 -12.123 -14.7406 -9999 -9999
-9999 -9999 -9999 -9999 -1.65348 -0.929628 -0.340445 0.626709 0.742136 1.35889 1.7344 2.28265 2.35252 1.73912 2.26155 2.20257 2.11344 1.91626 1.62423 -0.0727112 -2.41386 -4.76021 -5.83827 -5.36099 -7.15162 -6.20947 -4.84311 -5.32169 -7.06494 -10.011 -10.4164 -11.0843 -13.8158 -16.4513 -9999 -9999 -16.2776 -12.9528 -10.6096 -9.39727 -9.01646 -8.97279 -7.4209 -7.29118 -5.62036 -5.99695 -8.18346 -7.92673 -8.76964 -8.20621 -7.41643 -7.19289 -6.05223 -4.95674 -4.74547 -4.73445 -4.365 -4.28449 -4.25951 -4.26317 -4.50367 -4.38476 -4.36108 -4.79375 -7.37884 -8.6358 -10.0198 -14.7146 -9999 -9999
-9999 -9999 -9999 -9999 -1.29654 -0.48866 0.394409 0.550372 1.20783 1.15618 0.991517 1.89925 2.24132 1.81078 1.50238 2.0923 2.05852 1.98754 1.86656 0.27201 -1.5738 -4.37127 -6.1056 -7.15827 -7.90444 -8.89684 -8.18905 -8.38938 -8.66211 -8.3218 -9.11899 -10.7221 -12.3203 -15.3162 -16.936 -9999 -16.1016 -14.5976 -11.8124 -9.44425 -7.93816 -8.46954 -6.70612 -6.37208 -5.34799 -5.93304 -7.25603 -7.82168 -7.8631 -8.02877 -6.837 -6.02983 -5.45453 -5.07206 -4.59427 -4.46934 -4.34418 -4.28872 -4.25604 -4.22295 -4.22322 -4.22655 -4.27273 -4.43131 -5.61628 -6.86961 -9.58858 -14.5637 -9999 -9999
-9999 -9999 -9999 -3.63369 -1.39345 -0.0485741 0.482175 0.869434 1.21207 1.4636 1.72999 1.97494 2.14598 2.08938 0.933585 1.03535 1.25063 1.91695 1.8759 1.73761 0.731508 -2.67435 -3.84278 -5.55502 -7.77651 -8.69269 -8.21348 -6.37018 -6.43873 -7.63769 -8.97566 -10.824 -11.9983 -13.8345 -17.3658 -17.04 -15.4375 -14.2437 -12.3489 -9.45601 -7.42583 -6.5157 -6.16693 -5.44571 -5.06686 -5.87369 -6.63801 -6.95432 -7.54857 -7.62381 -7.60936 -6.88545 -6.31437 -5.06362 -4.63944 -4.43979 -4.33665 -4.27871 -4.23514 -4.19214 -4.17346 -4.19137 -4.18392 -4.18718 -4.26712 -5.93941 -10.1345 -13.2923 -9999 -9999
-9999 -9999 -9999 -9999 -1.80885 -1.20737 -1.0374 -0.753197 -0.189405 0.457313 1.37006 1.49773 2.00179 2.0095 1.01656 -0.134768 0.879795 1.28609 1.70715 1.72578 1.60218 -1.2567 -2.74792 -3.91893 -6.04832 -5.259 -4.5121 -4.4428 -4.87174 -7.45684 -10.0317 -12.9971 -15.774 -15.8975 -17.3869 -16.5836 -15.5229 -12.8104 -10.8997 -10.1211 -9.55985 -6.61868 -5.84683 -5.57712 -4.81726 -5.83233 -6.08007 -6.83964 -6.60044 -6.6574 -6.64266 -8.76498 -6.61158 -6.47663 -5.07503 -4.43932 -4.28955 -4.2452 -4.19845 -4.18631 -4.17258 -4.1731 -4.15286 -4.16693 -4.18334 -5.26784 -10.5892 -13.2574 -9999 -9999
-9999 -9999 -9999 -9999 -9999 -9999 -1.59261 -1.1298 -0.827618 -0.317558 1.21535 1.6362 1.91866 1.95162 1.51309 0.374733 0.0786935 0.294241 -0.818604 0.12355 1.41138 1.38785 1.24211 -1.26924 -2.54339 -1.28112 -1.64722 -3.52913 -5.00714 -6.4658 -9.48224 -11.6815 -14.8654 -17.2545 -17.3359 -14.6801 -12.4722 -9.72762 -8.51334 -9.1951 -8.44369 -6.97923 -5.31625 -4.5076 -4.68755 -5.75808 -5.89762 -7.0743 -5.89699 -5.7864 -6.31835 -6.77689 -6.57584 -5.87774 -5.60663 -4.50883 -4.23792 -4.18358 -4.1697 -4.15972 -4.15882 -4.15927 -4.16645 -4.17141 -4.17985 -4.22193 -9.6921 -13.9462 -9999 -9999
-9999 -9999 -9999 -9999 -9999 -9999 -2.6477 -2.35878 -1.62847 0.219787 1.19639 1.59679 1.59508 1.78422 1.47748 0.476042 -0.552986 -1.524 -2.77743 -2.05074 -0.1381 0.993552 1.13081 -1.06926 0.0971935 -0.320281 -1.15552 -3.62081 -5.43382 -6.3884 -9.28351 -11.7551 -13.8695 -16.7941 -15.5296 -14.1389 -12.3559 -9.3612 -7.33945 -6.50533 -7.19412 -6.25552 -4.34313 -4.3243 -5.35726 -5.28004 -5.90302 -7.5148 -5.81499 -5.32882 -5.7011 -5.59111 -5.71967 -5.45418 -4.9784 -4.52352 -4.21912 -4.17258 -4.16184 -4.16622 -4.16131 -4.15464 -4.16968 -4.16164 -4.17019 -4.19095 -7.7192 -14.0306 -9999 -9999
-9999 -9999 -9999 -9999 -9999 -9999 -9999 -3.59015 -1.94524 0.503037 1.12376 1.08157 1.59524 1.64851 1.17312 0.760272 -0.490408 -2.20207 -5.49497 -4.64811 -2.88695 -0.349598 0.98905 0.820413 0.0969261 -1.1742 -4.26829 -6.974 -7.28996 -7.72097 -9.82995 -11.7289 -14.0807 -12.7012 -11.1921 -9.54289 -8.67343 -8.89085 -7.15752 -5.74327 -6.33498 -5.18522 -3.84443 -4.44092 -4.78968 -5.0803 -5.80215 -5.83572 -5.74813 -4.77792 -5.4305 -5.0118 -4.98713 -5.00097 -4.76512 -4.49554 -4.21337 -4.16191 -4.15552 -4.14561 -4.17227 -4.15544 -4.16528 -4.17447 -4.18192 -4.19882 -4.51138 -7.90774 -9.93424 -9999
-9999 -9999 -9999 -9999 -9999 -9999 -9999 -5.09484 -4.26629 -1.36987 -0.463489 0.822112 1.50926 1.55032 0.7419 0.294361 -1.57229 -2.17411 -5.2198 -6.59405 -5.41409 -5.85434 -2.36254 0.729572 0.0749125 -6.13188 -8.37094 -9.96366 -9.53658 -9.51841 -10.0954 -13.3417 -14.2305 -11.2957 -9.44488 -8.00979 -6.92011 -6.68808 -6.71944 -4.51091 -4.21129 -3.48882 -3.63707 -3.56271 -4.66616 -5.34503 -4.73243 -5.41517 -5.52263 -4.52072 -5.48539 -4.59185 -4.68146 -4.93708 -4.94223 -4.35284 -4.22787 -4.15934 -4.14982 -4.16726 -4.19151 -4.20224 -4.17742 -4.1798 -4.20521 -4.19637 -4.22054 -4.61841 -6.37205 -6.97981
-9999 -9999 -9999 -9999 -9999 -9999 -9999 -9999 -6.95577 -2.93693 -1.09132 -0.117686 1.2467 1.41976 0.995549 0.214776 -1.68682 -3.35865 -6.08046 -9.18945 -10.83 -5.88251 -1.57429 0.680017 0.401266 -4.76325 -6.79298 -6.87368 -5.65598 -6.65735 -7.41368 -9.87583 -10.6061 -11.6264 -10.9816 -8.98403 -7.3525 -5.77913 -4.63406 -4.53555 -3.79097 -3.35735 -3.31528 -3.17438 -3.29655 -3.39399 -4.45591 -3.70384 -4.32199 -3.97698 -4.1808 -4.36385 -4.51603 -5.12073 -4.6781 -4.28578 -4.17943 -4.14277 -4.16032 -4.16048 -4.17177 -4.2029 -4.21175 -4.20793 -4.20482 -4.2174 -4.21029 -4.22237 -4.41201 -5.464
-9999 -9999 -9999 -9999 -9999 -9999 -9999 -9999 -8.95894 -4.9602 -3.02418 -0.540663 0.743797 1.27066 1.21054 0.57937 -0.863751 -3.03947 -4.85088 -8.32206 -11.926 -6.73351 -2.10256 0.400134 0.543945 -3.78974 -2.56997 -3.5311 -3.1238 -4.89478 -5.6226 -6.18889 -7.45902 -8.8499 -10.3728 -11.1754 -7.52128 -5.64213 -4.12923 -3.41309 -3.00602 -2.80003 -2.89884 -3.16205 -4.77316 -3.52951 -3.58438 -3.69709 -3.82751 -3.88498 -4.00201 -4.14191 -4.21602 -4.23841 -4.63746 -4.16745 -4.17131 -4.15898 -4.15123 -4.15812 -4.17618 -4.19146 -4.21142 -4.2044 -4.21116 -4.22012 -4.22385 -4.22253 -4.22802 -4.27861
-9999 -9999 -9999 -9999 -9999 -9999 -9999 -9999 -14.5606 -8.75036 -4.07345 -1.62901 0.363484 0.91651 1.12775 0.278767 -0.354887 -1.91242 -3.38696 -5.66508 -9.08025 -11.1795 -7.28797 -1.63616 0.459783 0.314672 0.19759 -0.916275 -1.9186 -2.03341 -1.94383 -3.1062 -4.81662 -7.05761 -7.75077 -8.53164 -5.80805 -5.43303 -5.62549 -2.63333 -2.62108 -2.78536 -3.92231 -5.19074 -4.94057 -5.71851 -5.10128 -6.03556 -5.15751 -4.39695 -4.10638 -4.11933 -4.20414 -4.20752 -4.2442 -4.15674 -4.15145 -4.15829 -4.16258 -4.16267 -4.16888 -4.19875 -4.21358 -4.196 -4.21205 -4.22366 -4.23003 -4.22537 -4.22444 -4.26011
-9999 -9999 -9999 -9999 -9999 -9999 -9999 -9999 -14.3129 -9.42035 -5.27301 -2.77884 -0.384422 0.17776 0.990552 0.82429 0.16053 -1.19221 -2.88392 -4.75738 -7.68609 -9.86028 -7.25573 -3.49814 -0.805132 0.173623 0.180938 0.129149 -0.112904 -0.204681 -0.488656 -0.67997 -1.90482 -4.02123 -5.21392 -6.96429 -3.92981 -3.58359 -4.05113 -2.53466 -2.60499 -4.88422 -6.63514 -6.84785 -5.76375 -6.77533 -6.94437 -7.56369 -6.83689 -4.90507 -5.45663 -5.33591 -4.44953 -4.29747 -4.19782 -4.16592 -4.16535 -4.16335 -4.1724 -4.16473 -4.15738 -4.18647 -4.19722 -4.19985 -4.22761 -4.22522 -4.24187 -4.25193 -4.2556 -4.27151
-9999 -9999 -9999 -9999 -9999 -9999 -9999 -9999 -14.2205 -10.9215 -7.18859 -3.5225 -0.966311 0.0697485 0.825804 0.825363 0.0529141 -0.615896 -1.67365 -3.32083 -4.44803 -6.40998 -9.10496 -4.56266 -3.15954 -1.90184 -1.36808 -0.0624469 -0.0814368 -0.661393 -1.32591 -0.676743 -0.854067 -2.52771 -3.07256 -3.99909 -2.3082 -2.29769 -2.33835 -2.42288 -4.34747 -7.02476 -9.16334 -7.61382 -7.92951 -7.20716 -9.3917 -7.57741 -6.11483 -5.63385 -6.60503 -7.32847 -5.04741 -4.66356 -4.43272 -4.28252 -4.18182 -4.19819 -4.16905 -4.17667 -4.17783 -4.17977 -4.19387 -4.20023 -4.21436 -4.22872 -4.23879 -4.2463 -4.26518 -4.29441
-9999 -9999 -9999 -9999 -9999 -9999 -9999 -9999 -9999 -12.8639 -8.13166 -3.90938 -1.55478 -0.0711219 0.6556 0.650317 0.259055 -0.1927 -0.845846 -2.03213 -3.52386 -5.88499 -7.63512 -6.50936 -5.13417 -4.96335 -4.04584 -1.40668 -0.497209 -1.75743 -4.88215 -3.01415 -0.934038 -0.958549 -1.12671 -1.31643 -1.56185 -1.78314 -2.27563 -3.6055 -7.69203 -8.49162 -10.0908 -9.90193 -10.7187 -8.90529 -9.56743 -7.71105 -6.90144 -6.59013 -8.28958 -7.91211 -5.89484 -5.09198 -5.21599 -4.7207 -4.24424 -4.22232 -4.20265 -4.20862 -4.19271 -4.18324 -4.18524 -4.20426 -4.21393 -4.2193 -4.24761 -4.23685 -4.38205 -4.47366
-9999 -9999 -9999 -9999 -9999 -9999 -9999 -9999 -9999 -13.8036 -9.08494 -4.11461 -2.51255 -0.913877 0.466602 0.501229 -0.100409 -0.672388 -1.2618 -1.93372 -3.74454 -5.49988 -7.17487 -7.73082 -7.38188 -7.38785 -5.91107 -2.47686 -1.80276 -2.07415 -5.33696 -6.43904 -3.66373 -1.33026 -1.13887 -1.3418 -4.07003 -3.48038 -4.94945 -6.94447 -7.48893 -8.35857 -10.2033 -9.30547 -10.6544 -10.0658 -10.2028 -9.14551 -8.62553 -7.36914 -8.84946 -8.82667 -6.84579 -5.8434 -5.81055 -4.75938 -4.37991 -4.27528 -4.24389 -4.2197 -4.20879 -4.18607 -4.18937 -4.19835 -4.21215 -4.25524 -4.367 -4.72178 -6.69336 -6.68334
-9999 -9999 -9999 -9999 -9999 -9999 -9999 -9999 -9999 -13.2649 -9.98768 -5.57667 -2.30721 -2.0936 -0.500206 0.325991 -0.32875 -1.06705 -1.82259 -2.14844 -4.11976 -6.28562 -8.03357 -10.1037 -9.75169 -8.2488 -5.78571 -3.56386 -3.15764 -3.60386 -5.34206 -4.50082 -2.60539 -1.59507 -1.29144 -1.51611 -2.10445 -2.44159 -3.52147 -3.98579 -5.48851 -7.84186 -8.7647 -8.16915 -10.6675 -10.485 -9.55097 -10.5157 -8.8849 -8.10002 -10.0146 -8.46849 -6.71737 -5.81824 -5.03128 -4.65481 -4.50034 -4.26768 -4.2547 -4.2289 -4.2119 -4.20861 -4.20217 -4.23215 -4.25578 -4.45923 -4.76236 -6.60063 -7.3574 -7.19903
-9999 -9999 -9999 -9999 -9999 -9999 -9999 -9999 -9999 -12.7138 -9.76266 -5.93707 -3.60365 -3.17919 -1.41313 0.157936 -0.00881678 -0.777151 -1.00573 -1.8022 -3.47277 -5.31858 -7.33654 -8.31276 -10.5685 -8.32871 -6.54315 -4.66034 -3.77392 -5.19709 -5.91403 -4.61837 -3.33053 -2.81112 -1.51124 -1.5156 -1.92898 -3.73655 -4.61445 -4.23348 -4.60686 -5.26589 -6.88347 -6.94887 -7.98523 -8.41012 -8.81081 -10.1175 -9.26355 -9.17076 -8.92962 -7.08115 -6.16608 -5.55677 -5.00198 -4.85074 -4.60543 -4.28953 -4.25525 -4.23725 -4.23186 -4.21942 -4.2355 -4.31667 -4.38399 -4.79997 -5.54147 -6.93095 -9.18175 -7.57869
-9999 -9999 -9999 -9999 -9999 -9999 -9999 -9999 -9999 -13.2208 -10.0867 -6.81615 -5.44379 -5.20385 -2.01437 -0.058434 -0.0471951 -0.407279 -0.829146 -2.80812 -2.68332 -3.07232 -4.89186 -7.54589 -10.4613 -10.1775 -8.41791 -5.93113 -5.10277 -7.47121 -8.30708 -7.67621 -5.73368 -3.99421 -2.17864 -1.71167 -2.23431 -5.05201 -8.04702 -6.6475 -5.15268 -5.15394 -5.58346 -7.08292 -7.55411 -7.97982 -9.0715 -10.9207 -10.6322 -10.1067 -8.00599 -7.33994 -6.31524 -5.46296 -5.77374 -5.57996 -4.76468 -4.29388 -4.2693 -4.25407 -4.23197 -4.23586 -4.25681 -4.42488 -4.60322 -4.90705 -6.85132 -8.05754 -9.8147 -7.74908
-9999 -9999 -9999 -9999 -9999 -9999 -9999 -9999 -9999 -14.1938 -11.9173 -8.79113 -7.52628 -5.51393 -2.49954 -1.01295 -0.296282 -0.304027 -0.582551 -1.46426 -1.99102 -3.03678 -4.92999 -7.52162 -10.4032 -12.2758 -11.3096 -7.96096 -7.15928 -9.34657 -10.4592 -9.05317 -6.98376 -3.92402 -2.1725 -1.92923 -2.07928 -2.65442 -4.83905 -7.48016 -7.46404 -6.12869 -7.23292 -8.51742 -7.79972 -7.92384 -9.00172 -9.78359 -10.2452 -9.93248 -8.73077 -8.23268 -7.05033 -5.30898 -5.05314 -5.09493 -4.35768 -4.31397 -4.28984 -4.25532 -4.2493 -4.24917 -4.26426 -4.39992 -4.71228 -6.00405 -7.12952 -8.69795 -8.88547 -7.04413
-9999 -9999 -9999 -9999 -9999 -9999 -9999 -9999 -9999 -15.8649 -13.1885 -10.2597 -7.51707 -4.92197 -2.68748 -2.50754 -1.32543 -1.3191 -0.695952 -0.864227 -1.68086 -2.56032 -4.19034 -7.52211 -10.3221 -13.3764 -12.5595 -9.14932 -8.67798 -10.1469 -12.8687 -10.0403 -6.92225 -4.0958 -2.5622 -3.75041 -2.51708 -2.61034 -3.42434 -4.99364 -7.43772 -7.38419 -9.21399 -9.28669 -8.33595 -8.02234 -8.17199 -8.75707 -9.69119 -9.50832 -8.77309 -8.58225 -7.49523 -6.14282 -4.82056 -4.59232 -4.33431 -4.31639 -4.30522 -4.27772 -4.26811 -4.28856 -4.34886 -4.49092 -5.57264 -6.86033 -7.65073 -8.7412 -8.86694 -6.74909
