Test_Spring_2018/12_17/Temp/20171223_015.txt
ncols	170
nrows	115
xllcorner	350000.000000
yllcorner	4445000.000000
cellsize	1000.000000
nodata_value	-9999.000000
[rows 32 to 63 of 115, columns 71 to 141 of 170]
9.06233 9.03623 8.65142 9.24151 9.78479 9.45998 9.24023 10.1348 10.1339 9.82756 9.10899 8.84501 8.57136 8.40349 7.48202 4.89758 2.5677 3.81536 3.84456 2.98119 4.52871 3.71118 1.57867 -1.4316 0.205636 -0.219291 -2.34527 -2.87335 -9999 -9999 -9999 -9999 -9999 -9999 -9999 -9999 -9999 -9999 -9999 -9999 -9999 -9999 -9999 -9999 -9999 -9999 -9999 -9999 -9999 -9999 -9999 -9999 -9999 -9999 -9999 -9999 -9999 -9999 -9999 -9999 -9999 -9999 -9999 -9999 -9999 -9999 -9999 -9999 -9999 -9999 -9999
8.71612 8.51401 8.34784 9.22588 9.20588 9.15651 9.47686 10.0319 10.1418 10.0218 9.70787 9.43607 9.14705 8.41479 7.36066 5.1487 2.49682 1.89509 3.19249 3.25465 3.46328 2.71843 1.78298 0.31948 1.51937 1.98605 0.584679 -1.24665 -2.42597 -9999 -9999 -9999 -9999 -9999 -9999 -9999 -9999 -9999 -9999 -9999 -9999 -9999 -9999 -9999 -9999 -9999 -9999 -9999 -9999 -9999 -9999 -9999 -9999 -9999 -9999 -9999 -9999 -9999 -9999 -9999 -9999 -9999 -9999 -9999 -9999 -9999 -9999 -9999 -9999 -9999 -9999
8.19807 7.89289 7.03828 7.56695 7.96353 8.70834 8.90081 9.01031 10.0585 10.002 9.95246 9.50356 9.14444 8.55004 7.53537 6.09117 4.35257 1.32586 3.19188 4.65322 4.61611 4.53659 3.88161 2.47583 3.65372 3.71011 1.91794 -0.114307 -1.31361 -1.80927 -9999 -9999 -9999 -9999 -9999 -9999 -9999 -9999 -9999 -9999 -9999 -9999 -9999 -9999 -9999 -9999 -9999 -9999 -9999 -9999 -9999 -9999 -9999 -9999 -9999 -9999 -9999 -9999 -9999 -9999 -9999 -9999 -9999 -9999 -9999 -9999 -9999 -9999 -9999 -9999 -9999
7.48186 7.18813 6.14472 6.67675 7.38711 8.39296 8.91758 9.31433 9.62702 9.94591 9.90698 9.44735 8.092 7.89763 7.8382 6.89333 4.91128 2.93206 2.41941 4.64883 5.28736 5.1581 5.65681 4.46634 5.0307 4.80111 4.16601 2.20574 0.423514 -0.315883 -1.77798 -9999 -9999 -9999 -9999 -9999 -9999 -9999 -9999 -9999 -9999 -9999 -9999 -9999 -9999 -9999 -9999 -9999 -9999 -9999 -9999 -9999 -9999 -9999 -9999 -9999 -9999 -9999 -9999 -9999 -9999 -9999 -9999 -9999 -9999 -9999 -9999 -9999 -9999 -9999 -9999
-9999 -9999 -9999 5.47834 6.44892 7.24823 8.23675 9.08434 9.50795 9.91932 9.88478 8.96691 8.5173 8.47694 7.85726 6.76645 6.08181 4.83562 3.53756 4.03388 5.93559 5.091 6.43899 6.32638 6.57531 5.67649 3.96977 1.69436 0.371575 -0.28977 -1.47445 -9999 -9999 -9999 -9999 -9999 -9999 -9999 -9999 -9999 -9999 -9999 -9999 -9999 -9999 -9999 -9999 -9999 -9999 -9999 -9999 -9999 -9999 -9999 -9999 -9999 -9999 -9999 -9999 -9999 -9999 -9999 -9999 -9999 -9999 -9999 -9999 -9999 -9999 -9999 -9999
-9999 -9999 -9999 -9999 6.26215 6.8704 8.18225 8.86818 9.14256 9.80664 9.80657 9.45778 9.19409 8.81225 8.31415 7.494 6.58959 5.41754 5.30933 6.52599 6.54201 6.28927 6.49047 7.11691 6.95396 5.56112 3.1577 1.88838 -0.686654 -1.79192 -1.67791 -2.46165 -9999 -9999 -9999 -9999 -9999 -9999 -9999 -9999 -9999 -9999 -9999 -9999 0.52679 -9999 -9999 -9999 -9999 -9999 -9999 -9999 -9999 -9999 -9999 -9999 -9999 -9999 -9999 -9999 -9999 -9999 -9999 -9999 -9999 -4.26873 -9999 -9999 -9999 -9999 -9999
-9999 -9999 -9999 6.13284 6.95113 7.58871 8.4107 8.49693 8.98632 9.74989 9.75923 9.51108 9.23094 8.60358 8.44708 7.97964 6.99766 6.79676 7.19491 7.379 7.588 7.71759 7.61582 7.36492 7.04009 6.14143 5.02812 4.28145 1.92481 0.738081 -0.402746 -2.13021 -3.48182 -9999 -9999 -9999 -9999 -9999 -9999 -9999 -0.375112 -0.440692 -0.411587 -0.0343681 1.00993 0.392798 -9999 -9999 -9999 -9999 -9999 -9999 -9999 -9999 -9999 -9999 -9999 -9999 -9999 -9999 -9999 -9999 -9999 -9999 -9999 -3.33044 -4.69569 -9999 -9999 -9999 -9999
-9999 -9999 -9999 6.34495 7.20727 7.63754 8.43598 8.89209 9.19836 9.46177 9.71317 9.66834 9.35813 8.88757 8.88883 8.24194 7.89309 7.64442 8.18295 8.29045 8.0763 7.80773 7.57083 6.89646 6.8209 6.60081 5.89546 4.73564 3.54009 1.81842 -0.526287 -2.8261 -4.68137 -9999 -9999 -9999 -9999 -9999 -9999 -0.185378 0.682662 1.20207 0.0934098 1.03749 1.89998 1.75959 0.910894 -9999 -9999 -9999 -9999 -9999 -9999 -9999 -9999 -9999 -9999 -9999 -9999 -9999 -9999 3.12931 1.73101 -1.09061 -2.53891 -3.40969 -4.6516 -9999 -9999 -9999 -9999
-9999 -9999 -9999 6.16451 7.18329 7.87315 8.48505 8.58195 9.20933 9.48782 9.62155 9.60289 9.5392 9.45043 8.88489 8.64098 7.78844 8.60317 8.57298 8.36819 7.55389 7.20265 5.804 5.19048 5.05388 6.23609 5.36811 3.55204 1.28065 -1.44458 -1.6204 -2.52345 -4.18146 -9999 -9999 -9999 -9999 -9999 -9999 0.0778348 1.00635 1.781 1.89249 0.790253 2.32438 2.25601 1.39328 1.19473 1.89567 2.24905 1.98375 2.8192 3.06143 2.67782 3.09048 -9999 -9999 -9999 -9999 3.32226 3.3758 3.41542 2.83099 -0.251157 -2.35767 -4.25014 -4.4364 -9999 -9999 -9999 -9999
-9999 -9999 -9999 6.86069 7.48829 7.80549 7.85644 8.40513 8.95314 9.29523 9.53564 9.48325 9.46037 9.4364 9.2414 8.79189 8.87144 8.83496 8.57423 7.02151 5.20965 6.00307 4.93338 2.62979 4.50785 5.54091 4.55755 2.35676 -0.196151 -1.02556 -0.988279 -2.24435 -3.86538 -9999 -9999 -9999 -2.46954 -1.13912 -1.02415 -0.632775 0.605795 1.54746 2.26093 2.74321 2.7252 2.20657 1.36242 0.444909 0.766705 2.4065 2.80326 3.13929 3.39033 3.03382 3.20881 3.64516 3.86933 3.91259 3.80644 3.78005 3.81311 3.75759 3.21186 0.459889 -1.12005 -2.12995 -4.16497 -9999 -9999 -9999 -9999
-9999 -9999 -9999 6.45544 7.00132 7.44312 8.17451 8.25108 8.71363 8.98719 9.39957 9.44265 8.96042 9.35337 9.29962 9.22359 9.06529 8.83482 7.52353 5.71687 3.90657 3.07281 3.43082 2.04826 2.76566 3.81262 3.44172 2.0898 -0.183874 -0.501781 -1.02511 -3.13731 -5.17173 -9999 -9999 -5.05511 -2.50155 -0.703924 0.222728 0.508865 0.534986 1.72166 1.81298 3.09014 2.78737 1.0878 1.27448 0.616979 1.03939 1.63118 1.79264 2.65877 3.48821 3.6422 3.64259 3.9194 3.97414 3.98633 3.97651 3.78422 3.86831 3.87866 3.53718 1.53815 0.560977 -0.521009 -4.14775 -9999 -9999 -9999 -9999
-9999 -9999 -9999 6.72337 7.33339 8.00099 8.10866 8.60233 8.55231 8.40965 9.09669 9.3505 9.00874 8.76188 9.20757 9.17416 9.11314 9.01456 7.78238 6.35739 4.20017 2.86157 2.04273 1.46444 0.689357 1.22922 1.06981 0.854513 1.11102 0.493786 -0.749194 -1.98497 -4.2999 -5.55221 -9999 -4.92087 -3.76879 -1.63076 0.185782 1.33823 0.92163 2.27104 2.51948 3.29591 2.83539 1.80051 1.34854 1.30518 1.16635 2.0728 2.68494 3.11574 3.40056 3.75606 3.84432 3.93331 3.96906 3.9875 4.00627 3.99919 3.9894 3.94611 3.81568 2.89445 1.91465 -0.18924 -4.03216 -9999 -9999 -9999 -9999
-9999 -9999 4.93581 6.64642 7.66932 8.06518 8.3504 8.60124 8.78203 8.9714 9.14934 9.26965 9.21688 8.31751 8.38733 8.54568 9.05237 9.01552 8.90467 8.12641 5.50116 4.5945 3.2699 1.55556 0.842998 1.20699 2.62093 2.56292 1.63457 0.59912 -0.832057 -1.73959 -3.15849 -5.88461 -5.63898 -4.41067 -3.49717 -2.04446 0.176139 1.73207 2.42512 2.68538 3.22974 3.51152 2.87491 2.27 2.01455 1.54521 1.47563 1.47546 2.02193 2.4497 3.40389 3.72154 3.8647 3.93698 3.97493 4.00206 4.02877 4.03654 4.01573 4.01386 4.00304 3.92846 2.6307 -0.613081 -3.05731 -9999 -9999 -9999 -9999
-9999 -9999 -9999 6.3243 6.77446 6.89214 7.0976 7.51827 8.00291 8.68965 8.77596 9.15277 9.14876 8.37567 7.48079 8.25449 8.5611 8.88016 8.89033 8.79168 6.58323 5.43124 4.52578 2.88242 3.48306 4.05319 4.10153 3.76618 1.77085 -0.21667 -2.50741 -4.65005 -4.74995 -5.90058 -5.2888 -4.47737 -2.39458 -0.929497 -0.336465 0.0886495 2.34519 2.92973 3.12431 3.6984 2.90558 2.69814 2.10104 2.27293 2.21712 2.21691 0.57208 2.21793 2.31237 3.38272 3.86458 3.97112 3.99887 4.02874 4.03196 4.03616 4.02892 4.03702 4.01523 3.99041 3.1445 -0.963725 -3.03134 -9999 -9999 -9999 -9999
-9999 -9999 -9999 -9999 -9999 6.46159 6.80423 7.02322 7.4024 8.56645 8.87832 9.08443 9.09939 8.75243 7.86831 7.63311 7.79296 6.93129 7.65198 8.63791 8.61572 8.49956 6.56229 5.57517 6.54223 6.25558 4.80187 3.65899 2.53093 0.203604 -1.49711 -3.9528 -5.79664 -5.86396 -3.82427 -2.12995 -0.0223224 0.90676 0.375629 0.9471 2.06428 3.33487 3.9469 3.79716 2.9613 2.83697 1.91842 2.8122 2.88511 2.46386 2.09972 2.24258 2.77058 2.97072 3.80809 4.00963 4.04444 4.04923 4.05101 4.04553 4.03848 4.02283 4.00959 3.99269 3.94904 -0.274005 -3.56279 -9999 -9999 -9999 -9999
-9999 -9999 -9999 -9999 -9999 5.64629 5.85489 6.40334 7.8126 8.54837 8.84449 8.83185 8.96708 8.72162 7.94249 7.14334 6.3898 5.41946 5.97416 7.44222 8.3093 8.41097 6.71329 7.60506 7.27898 6.63116 4.72837 3.32764 2.58771 0.353902 -1.55624 -3.18837 -5.44427 -4.47534 -3.40939 -2.04164 0.258473 1.80924 2.44477 1.90674 2.62051 4.0829 4.08667 3.28 3.32745 2.83081 1.57708 2.8729 3.2348 2.93636 3.00984 2.89897 3.09399 3.45178 3.79434 4.0218 4.05133 4.05353 4.0444 4.04211 4.03947 4.0195 4.01621 3.9991 3.9717 1.24341 -3.62932 -9999 -9999 -9999 -9999
-9999 -9999 -9999 -9999 -9999 -9999 4.90391 6.15647 8.02771 8.48961 8.44513 8.82937 8.86013 8.48494 8.15901 7.18919 5.8655 3.32524 3.9724 5.32376 7.27289 8.29931 8.16537 7.60214 6.61881 4.23201 2.14411 1.89587 1.55905 -0.0694922 -1.53866 -3.35344 -2.29574 -1.1383 0.126762 0.791324 0.618803 1.94752 3.02968 2.56643 3.44265 4.46488 3.9948 3.71471 3.47884 2.906 2.86712 2.92175 3.65624 3.14203 3.45319 3.46036 3.44041 3.61361 3.81362 4.02407 4.05748 4.05654 4.0584 4.03157 4.03723 4.02124 4.00463 3.98831 3.9638 3.71096 1.08223 -0.490854 -9999 -9999 -9999
-9999 -9999 -9999 -9999 -9999 -9999 3.74267 4.36698 6.58345 7.26544 8.24337 8.76139 8.78295 8.15155 7.7987 6.35458 5.88536 3.53521 2.47264 3.37644 3.03315 5.71694 8.09304 7.58261 2.79954 1.07087 -0.160273 0.163475 0.172466 -0.276626 -2.78302 -3.47148 -1.21634 0.204192 1.30454 2.13869 2.31181 2.28214 3.97577 4.19853 4.74576 4.62162 4.66794 3.80683 3.27206 3.72653 3.18796 3.0925 3.85149 3.09713 3.77395 3.69324 3.48728 3.47505 3.92135 4.01084 4.05741 4.05845 4.0394 4.01448 3.9987 4.00936 3.99798 3.96783 3.96315 3.93235 3.612 2.24903 1.76817 2.28656 -9999
-9999 -9999 -9999 -9999 -9999 -9999 -9999 2.2941 5.37502 6.78031 7.51844 8.55813 8.68156 8.34368 7.73554 6.26516 4.97215 2.87123 0.472508 -0.794398 3.00969 6.32175 8.05266 7.83133 3.85048 2.28284 2.2156 3.14793 2.37202 1.78485 -0.117966 -0.684304 -1.47399 -0.981796 0.550921 1.80138 3.00791 3.88382 3.95306 4.5186 4.84308 4.86548 4.96308 4.85748 4.77044 3.93589 4.50208 4.01369 4.2672 4.09876 3.947 3.81822 3.34368 3.67626 3.9709 4.04606 4.06641 4.04752 4.04164 4.02658 3.99543 3.97953 3.97293 3.9648 3.94374 3.93716 3.91397 3.75523 2.9326 1.83368 0.447256
-9999 -9999 -9999 -9999 -9999 -9999 -9999 0.749704 3.81564 5.29083 7.19173 8.16675 8.56207 8.50811 8.01517 6.89771 5.21671 3.81649 1.13878 -1.64101 2.35142 5.91316 7.83502 7.94092 4.59722 5.53099 4.78586 5.09424 3.72581 3.16054 2.71699 1.73499 0.660044 -0.517752 -1.14199 1.66693 3.10874 4.26774 4.81238 5.11807 5.26796 5.1831 4.96796 3.71633 4.66194 4.60281 4.50358 4.39098 4.33496 4.23363 4.11534 4.04678 4.02067 3.70539 4.05741 4.04672 4.05071 4.05109 4.03985 4.01941 4.00035 3.97681 3.97327 3.95589 3.93781 3.92313 3.91053 3.89388 3.84248 3.6193 1.76
-9999 -9999 -9999 -9999 -9999 -9999 -9999 -3.56485 0.896149 4.47657 6.34844 7.87075 8.28828 8.44332 7.78272 7.28836 6.08316 4.94212 3.18267 0.548001 -1.07356 1.91731 6.26285 7.87366 7.75414 7.6586 6.79576 6.01887 5.92531 5.98922 5.08648 3.76327 2.03419 1.4931 0.88811 2.98049 3.26421 3.11024 5.40697 5.40871 5.27363 4.38891 3.4032 3.585 2.97209 3.43059 2.69931 3.36346 3.93756 4.15035 4.13008 4.0534 4.03796 4.00235 4.06041 4.05856 4.04754 4.0384 4.03215 4.02065 3.99022 3.97058 3.97506 3.95292 3.93335 3.91433 3.90467 3.89337 3.85389 3.81758 3.52668
-9999 -9999 -9999 -9999 -9999 -9999 -9999 -3.38211 0.368911 3.55148 5.45887 7.29352 7.71827 8.33648 8.20147 7.68388 6.63622 5.32784 3.87972 1.61933 -0.0601339 1.93924 4.82697 6.89456 7.63968 7.64271 7.59735 7.40561 7.32663 7.1031 6.9476 6.00058 4.36259 3.44054 2.08892 4.42038 4.68172 4.31586 5.4765 5.41469 3.65157 2.29439 2.12072 2.94578 2.15611 2.00936 1.51853 2.06669 3.54287 3.10254 3.1857 3.85689 3.96585 4.03169 4.04972 4.04398 4.03949 4.0264 4.02587 4.02461 3.99465 3.97811 3.9671 3.93608 3.92744 3.90367 3.88301 3.86589 3.84211 3.80883 3.72219
-9999 -9999 -9999 -9999 -9999 -9999 -9999 -3.31579 -0.789031 2.07494 4.88438 6.84381 7.6335 8.20812 8.20077 7.59945 7.07819 6.25771 4.9836 4.10988 2.59361 0.51307 4.00405 5.07919 6.03878 6.44017 7.43957 7.41948 6.9678 6.45035 6.94568 6.79929 5.50674 5.08308 4.36535 5.66219 5.66487 5.62749 5.55557 4.06635 1.99694 0.341546 1.52478 1.27168 1.81814 0.120059 1.50047 2.61518 2.97463 2.21499 1.64855 3.39338 3.67654 3.84704 3.95593 4.02702 4.0081 4.02412 4.01157 4.00356 3.9944 3.97527 3.96148 3.94112 3.92007 3.90138 3.8831 3.85747 3.82297 3.81572 3.76895
-9999 -9999 -9999 -9999 -9999 -9999 -9999 -9999 -2.28968 1.33963 4.58142 6.38593 7.52042 8.07261 8.06161 7.75372 7.39944 6.89024 5.97069 4.81604 2.99212 1.63861 2.49911 3.55236 3.67493 4.3752 6.40105 7.09556 6.12001 3.70434 5.1316 6.72863 6.70551 6.57172 6.42108 6.22982 6.05383 5.66848 4.63783 1.48434 0.85752 -0.382697 -0.246934 -0.885739 0.500433 -0.0257241 1.39241 2.00494 2.23421 0.915969 1.19437 2.73338 3.34348 3.24057 3.61483 3.97429 3.98457 3.99304 3.98153 3.98649 3.98604 3.97624 3.95305 3.93622 3.92223 3.88948 3.88547 3.76286 3.68148 3.52222 3.70856
-9999 -9999 -9999 -9999 -9999 -9999 -9999 -9999 -3.02103 0.60265 4.42054 5.64587 6.86899 7.92448 7.94417 7.47426 7.02734 6.56711 6.04342 4.64302 3.28536 1.9896 1.55537 1.81783 1.80479 2.9355 5.57327 6.08642 5.87191 3.34258 2.48934 4.62115 6.41286 6.55544 6.39426 4.28866 4.7368 3.5995 2.0567 1.62992 0.952196 -0.476728 0.205147 -0.842977 -0.399668 -0.520787 0.282687 0.67271 1.62993 0.480721 0.486097 1.99678 2.76046 2.7782 3.58021 3.86536 3.93901 3.95621 3.96768 3.96861 3.97825 3.96741 3.95176 3.93197 3.88924 3.79333 3.50897 1.97935 1.97672 2.39065 2.78245
-9999 -9999 -9999 -9999 -9999 -9999 -9999 -9999 -2.61011 -0.0958249 3.2917 5.80078 5.95771 7.17713 7.80617 7.29533 6.7203 6.13209 5.87473 4.35069 2.67693 1.32493 -0.275073 -0.0102982 1.14052 3.02797 4.73229 5.03907 4.68977 3.33314 3.97558 5.42965 6.20236 6.43096 6.25268 5.79412 5.52856 4.69075 4.32629 3.16191 1.34217 0.623203 1.07274 -0.859772 -0.728794 -0.0192904 -0.777746 0.467801 1.06239 -0.420815 0.751099 2.09073 2.77489 3.37305 3.65549 3.76722 3.93921 3.94204 3.95458 3.96009 3.95475 3.95146 3.91978 3.89265 3.72677 3.4839 2.05904 1.4638 1.57584 2.22869 2.80011
-9999 -9999 -9999 -9999 -9999 -9999 -9999 -9999 -2.19006 0.0735117 3.01054 4.79915 5.11847 6.47082 7.67327 7.53806 6.93985 6.75726 6.13755 4.84497 3.41754 1.85762 1.09971 -0.643124 1.07487 2.44059 3.8838 4.56008 3.44473 2.88717 3.8791 4.86507 5.25949 6.25467 6.24565 5.92151 4.52377 3.84133 4.12759 3.83268 3.31745 2.06391 2.00495 1.19824 0.862079 0.544435 -0.47707 0.170826 0.232933 0.403246 1.81381 2.50986 2.97087 3.3902 3.49911 3.68058 3.91647 3.93553 3.94194 3.93845 3.94015 3.91961 3.84869 3.78815 3.45896 2.87896 1.79997 0.0548527 1.27948 2.56038 2.93997
-9999 -9999 -9999 -9999 -9999 -9999 -9999 -9999 -2.58476 -0.180197 2.32972 3.37858 3.5559 6.00406 7.50279 7.50457 7.22062 6.88918 5.35911 5.44863 5.14265 3.73544 1.68586 -0.564921 -0.352762 0.992681 2.9009 3.53233 1.68858 1.03919 1.51903 3.00866 4.34197 5.73381 6.08733 5.67884 3.50329 1.19094 2.26129 3.40466 3.39596 3.05726 1.8946 1.5233 1.18683 0.337567 -1.1005 -0.888465 -0.49301 1.10492 1.60901 2.38948 3.03748 2.79037 2.93188 3.55199 3.90697 3.91843 3.92262 3.93197 3.92114 3.89696 3.75931 3.61354 3.37096 1.86536 0.927793 -0.435092 1.14403 2.01639 2.47436
-9999 -9999 -9999 -9999 -9999 -9999 -9999 -9999 -3.3385 -1.59394 0.804914 1.77109 3.31291 5.6263 6.7637 7.30854 7.29581 7.07471 6.38932 5.97723 5.16564 3.7017 1.70012 -0.524658 -1.97259 -1.23521 1.33348 1.93678 0.239353 -0.623394 0.452921 2.03992 4.3893 5.73153 5.91257 5.79068 5.34136 3.65278 1.61255 1.61765 2.63806 1.78015 0.783218 1.32743 1.22342 0.385045 -0.225525 -0.596421 -0.370984 0.54112 0.915962 1.81778 3.15015 3.33915 3.29919 3.85908 3.88516 3.89618 3.91517 3.91215 3.90448 3.88494 3.77242 3.52371 2.52087 1.6459 0.429803 0.276698 1.68227 2.29507 2.85968
-9999 -9999 -9999 -9999 -9999 -9999 -9999 -9999 -4.62988 -2.57728 -0.330314 1.77357 3.76403 5.47705 5.60856 6.51171 6.50981 6.98284 6.84668 6.21145 5.52788 4.26654 1.69514 -0.466865 -2.82462 -2.20222 0.413852 0.754993 -0.382298 -2.48401 -0.31303 2.08093 4.25042 5.42462 4.50342 5.44631 5.36781 4.73432 3.5192 1.63045 1.66421 0.247921 0.184089 0.907926 1.14112 1.01753 0.558642 -0.174304 -0.0503041 0.502582 0.640911 1.46931 2.50218 3.51202 3.67982 3.87067 3.87679 3.87777 3.89135 3.89112 3.8677 3.81351 3.69626 2.85551 1.85606 1.23932 0.39146 0.28618 1.90729 2.5531 2.90495
-9999 -9999 -9999 -9999 -9999 -9999 -9999 -9999 -9999 -2.79728 -0.476069 1.24124 1.70279 3.22517 4.04677 4.68242 4.82269 6.63859 6.73822 6.33536 5.70745 4.63165 2.68044 1.32114 -0.940491 -2.56592 -1.89799 -1.58354 -0.985798 -1.16187 -0.193825 2.1063 4.50247 4.76332 3.24009 3.46458 3.78196 4.49455 4.13087 1.55801 0.249834 -0.836505 -0.0683993 0.739604 0.933267 0.969991 0.811045 0.623919 0.316021 1.39682 2.1958 2.37884 3.07528 3.58884 3.72886 3.83384 3.84479 3.85606 3.85412 3.82195 3.79805 3.6664 3.37396 2.43417 0.177082 0.280066 0.0338005 -0.670046 0.913352 1.90682 2.80019
-9999 -9999 -9999 -9999 -9999 -9999 -9999 -9999 -9999 -3.5801 -0.894371 -0.328198 -0.371763 -1.26277 -0.854401 2.44281 3.10605 4.84748 6.49656 6.37509 5.75907 4.75254 3.59052 1.79146 -0.75222 -2.77328 -3.62847 -1.4501 0.687803 1.12876 1.81047 3.21952 3.48668 1.92986 0.46971 1.28773 1.77985 3.65852 4.00009 3.63294 2.08195 0.308716 -0.618006 0.471169 0.614621 0.677534 0.687771 0.648293 0.600568 1.82422 2.49719 2.96308 3.21538 3.65571 3.76636 3.80005 3.83178 3.82151 3.79653 3.72453 3.64304 3.29066 2.8645 1.32688 0.0445941 -0.755783 -1.7713 0.510738 1.1863 2.11882 2.72367
