Test_Spring_2018/12_17/Temp/20171210_010.txt
ncols	170
nrows	115
xllcorner	350000.000000
yllcorner	4445000.000000
cellsize	1000.000000
nodata_value	-9999.000000
[rows 32 to 63 of 115, columns 72 to 143 of 170]
8.41158 8.07544 8.6143 9.11082 8.8047 8.60702 9.41179 9.41888 9.15186 8.51497 8.28654 8.04971 7.90815 7.09019 4.77927 2.69705 3.82712 3.86312 3.09756 4.4965 3.77158 1.86562 -0.82886 0.649211 0.275338 -1.63924 -2.1021 -9999 -9999 -9999 -9999 -9999 -9999 -9999 -9999 -9999 -9999 -9999 -9999 -9999 -9999 -9999 -9999 -9999 -9999 -9999 -9999 -9999 -9999 -9999 -9999 -9999 -9999 -9999 -9999 -9999 -9999 -9999 -9999 -9999 -9999 -9999 -9999 -9999 -9999 -9999 -9999 -9999 -9999 -9999 -9999 -9999
7.95573 7.81586 8.61327 8.60411 8.55304 8.8322 9.33255 9.43938 9.3399 9.06657 8.83133 8.58088 7.93269 6.99569 5.01923 2.64784 2.11726 3.2918 3.35708 3.55365 2.89382 2.06252 0.756772 1.84212 2.26884 1.01805 -0.628488 -1.68755 -9999 -9999 -9999 -9999 -9999 -9999 -9999 -9999 -9999 -9999 -9999 -9999 -9999 -9999 -9999 -9999 -9999 -9999 -9999 -9999 -9999 -9999 -9999 -9999 -9999 -9999 -9999 -9999 -9999 -9999 -9999 -9999 -9999 -9999 -9999 -9999 -9999 -9999 -9999 -9999 -9999 -9999 -9999 -9999
7.4114 6.65328 7.13693 7.50177 8.15493 8.32222 8.4286 9.37803 9.33575 9.30001 8.90595 8.59275 8.06849 7.16704 5.88 4.32863 1.62063 3.30562 4.62705 4.6028 4.54017 3.96053 2.70646 3.77194 3.8302 2.23023 0.392459 -0.675453 -1.11136 -9999 -9999 -9999 -9999 -9999 -9999 -9999 -9999 -9999 -9999 -9999 -9999 -9999 -9999 -9999 -9999 -9999 -9999 -9999 -9999 -9999 -9999 -9999 -9999 -9999 -9999 -9999 -9999 -9999 -9999 -9999 -9999 -9999 -9999 -9999 -9999 -9999 -9999 -9999 -9999 -9999 -9999 -9999
6.79224 5.86441 6.35092 6.99737 7.89846 8.35888 8.71495 9.00402 9.29895 9.2729 8.86939 7.66188 7.497 7.45339 6.6148 4.8449 3.07742 2.62656 4.63752 5.21975 5.11226 5.5683 4.50734 5.02174 4.82306 4.26201 2.50231 0.897328 0.242572 -1.06074 -9999 -9999 -9999 -9999 -9999 -9999 -9999 -9999 -9999 -9999 -9999 -9999 -9999 -9999 -9999 -9999 -9999 -9999 -9999 -9999 -9999 -9999 -9999 -9999 -9999 -9999 -9999 -9999 -9999 -9999 -9999 -9999 -9999 -9999 -9999 -9999 -9999 -9999 -9999 -9999 -9999 -9999
-9999 -9999 5.28821 6.1576 6.87957 7.7608 8.52179 8.91047 9.28851 9.26653 8.45176 8.05772 8.03133 7.48488 6.51542 5.91056 4.80129 3.6452 4.09993 5.81618 5.06619 6.28454 6.1911 6.42202 5.62218 4.09139 2.05591 0.863388 0.27858 -0.775727 -9999 -9999 -9999 -9999 -9999 -9999 -9999 -9999 -9999 -9999 -9999 -9999 -9999 -9999 -9999 -9999 -9999 -9999 -9999 -9999 -9999 -9999 -9999 -9999 -9999 -9999 -9999 -9999 -9999 -9999 -9999 -9999 -9999 -9999 -9999 -9999 -9999 -9999 -9999 -9999 -9999 -9999
-9999 -9999 -9999 6.00275 6.55322 7.73879 8.34095 8.59557 9.20055 9.20965 8.90603 8.67915 8.34641 7.90938 7.18316 6.38113 5.33854 5.2508 6.35224 6.37519 6.15639 6.34474 6.91455 6.77529 5.53256 3.37515 2.24271 -0.0744908 -1.05815 -0.946585 -1.6406 -9999 -9999 -9999 -9999 -9999 -9999 -9999 -9999 -9999 -9999 -9999 -9999 1.21346 -9999 -9999 -9999 -9999 -9999 -9999 -9999 -9999 -9999 -9999 -9999 -9999 -9999 -9999 -9999 -9999 -9999 -9999 -9999 -9999 -2.71567 -9999 -9999 -9999 -9999 -9999 -9999 -9999
-9999 -9999 5.90246 6.63136 7.21091 7.95625 8.02791 8.46822 9.16253 9.18017 8.96712 8.72572 8.17283 8.04282 7.63358 6.76213 6.59167 6.95864 7.1329 7.32897 7.4532 7.3692 7.15085 6.86579 6.06013 5.06715 4.40352 2.29454 1.22497 0.209526 -1.3321 -2.53565 -9999 -9999 -9999 -9999 -9999 -9999 -9999 0.35362 0.30934 0.350506 0.704654 1.65816 1.12025 -9999 -9999 -9999 -9999 -9999 -9999 -9999 -9999 -9999 -9999 -9999 -9999 -9999 -9999 -9999 -9999 -9999 -9999 -9999 -1.86272 -3.06931 -9999 -9999 -9999 -9999 -9999 -9999
-9999 -9999 6.0937 6.87438 7.26726 7.99099 8.40776 8.67121 8.9164 9.15148 9.12118 8.85308 8.44132 8.45333 7.88331 7.58063 7.36747 7.86059 7.96605 7.78204 7.5485 7.34279 6.74376 6.682 6.48543 5.85814 4.82295 3.75598 2.20587 0.109061 -1.9468 -3.60286 -9999 -9999 -9999 -9999 -9999 -9999 0.519367 1.31304 1.79415 0.813888 1.6772 2.46766 2.35804 1.62313 -9999 -9999 -9999 -9999 -9999 -9999 -9999 -9999 -9999 -9999 -9999 -9999 -9999 -9999 3.87558 2.63721 0.121386 -1.16075 -1.92371 -3.01926 -9999 -9999 -9999 -9999 -9999 -9999
-9999 -9999 5.9452 6.86571 7.49105 8.04674 8.14052 8.70525 8.95193 9.08144 9.07485 9.02842 8.95985 8.46336 8.25557 7.50099 8.24292 8.22553 8.0506 7.32758 7.01953 5.7703 5.22541 5.10366 6.1705 5.39649 3.77136 1.73775 -0.714291 -0.863555 -1.6657 -3.14497 -9999 -9999 -9999 -9999 -9999 -9999 0.764371 1.61251 2.323 2.43852 1.46472 2.85853 2.82311 2.06646 1.9064 2.5541 2.88973 2.66506 3.44034 3.67591 3.34909 3.73678 -9999 -9999 -9999 -9999 4.02588 4.09008 4.14215 3.63441 0.884632 -0.988415 -2.66851 -2.80531 -9999 -9999 -9999 -9999 -9999 -9999
-9999 -9999 6.58364 7.15218 7.44224 7.49365 7.99256 8.48598 8.79068 9.01987 8.98308 8.97347 8.96334 8.79989 8.40791 8.49069 8.46878 8.24484 6.86001 5.24164 5.96164 5.00241 2.93553 4.62642 5.55858 4.68018 2.70883 0.421686 -0.32825 -0.286841 -1.40645 -2.8467 -9999 -9999 -9999 -1.55014 -0.342739 -0.225923 0.139772 1.26681 2.12784 2.77798 3.22723 3.22645 2.78809 2.04856 1.24338 1.55106 3.04213 3.41693 3.73896 3.98256 3.68009 3.86134 4.26918 4.48615 4.54047 4.46062 4.45254 4.49819 4.46483 3.99197 1.53218 0.132049 -0.755343 -2.54362 -9999 -9999 -9999 -9999 -9999 -9999
-9999 -9999 6.23502 6.72985 7.13142 7.7929 7.86763 8.28968 8.53832 8.90871 8.95779 8.53599 8.90058 8.86438 8.80819 8.67784 8.48211 7.31513 5.70243 4.08543 3.34423 3.66945 2.43326 3.08156 4.02595 3.68943 2.48514 0.448213 0.167764 -0.305303 -2.19394 -4.01237 -9999 -9999 -3.87749 -1.57274 0.0541822 0.899947 1.17142 1.21016 2.29161 2.39011 3.55387 3.29855 1.79928 1.98574 1.40785 1.80632 2.36658 2.52999 3.32267 4.08953 4.24471 4.26134 4.52561 4.59008 4.61611 4.62236 4.46498 4.5562 4.58183 4.29234 2.51544 1.65699 0.713673 -2.51358 -9999 -9999 -9999 -9999 -9999 -9999
-9999 -9999 6.48941 7.04156 7.6456 7.74728 8.19611 8.15436 8.02929 8.6549 8.8857 8.59027 8.38074 8.79342 8.77595 8.73338 8.65647 7.56081 6.29096 4.36249 3.16786 2.43657 1.92208 1.23316 1.72213 1.58288 1.39328 1.62733 1.06996 -0.0494929 -1.15251 -3.22279 -4.33859 -9999 -3.75132 -2.70505 -0.772458 0.872503 1.92212 1.56375 2.79179 3.0319 3.7457 3.35027 2.44792 2.07095 2.05158 1.94612 2.77874 3.34205 3.74425 4.01788 4.35746 4.45272 4.548 4.59501 4.62621 4.65773 4.6663 4.67296 4.65029 4.5503 3.74128 2.88755 1.0194 -2.40168 -9999 -9999 -9999 -9999 -9999 -9999
-9999 4.90038 6.4324 7.35464 7.71409 7.9746 8.20485 8.37297 8.54601 8.71124 8.82898 8.78756 7.99247 8.06805 8.22319 8.69079 8.66969 8.58117 7.89222 5.54357 4.73522 3.55367 2.01938 1.38301 1.71346 2.9862 2.93706 2.1064 1.17974 -0.109038 -0.924998 -2.19205 -4.63102 -4.4012 -3.28785 -2.45593 -1.13864 0.869303 2.28151 2.91991 3.1705 3.67602 3.94718 3.40304 2.88712 2.67819 2.27687 2.23401 2.25286 2.76184 3.16123 4.0319 4.33409 4.48102 4.56092 4.60947 4.64804 4.68627 4.70783 4.70436 4.71876 4.72619 4.68265 3.5377 0.653205 -1.51177 -9999 -9999 -9999 -9999 -9999 -9999
-9999 -9999 6.15476 6.56223 6.67138 6.85977 7.24203 7.68254 8.30205 8.3875 8.735 8.74009 8.05491 7.26462 7.97264 8.26098 8.55981 8.58025 8.50172 6.52759 5.50056 4.69353 3.22273 3.76503 4.28007 4.32607 4.02721 2.23776 0.455426 -1.60556 -3.52508 -3.60944 -4.63977 -4.08102 -3.34224 -1.46054 -0.13211 0.41463 0.8118 2.85444 3.396 3.595 4.13046 3.43894 3.28025 2.76516 2.94009 2.90995 2.92901 1.47054 2.9638 3.06566 4.04282 4.48891 4.60096 4.63993 4.68054 4.6973 4.71536 4.72387 4.74714 4.74821 4.75005 4.01215 0.346148 -1.48026 -9999 -9999 -9999 -9999 -9999 -9999
-9999 -9999 -9999 -9999 6.29507 6.60626 6.80707 7.15254 8.20048 8.48824 8.68232 8.706 8.40584 7.62257 7.42498 7.58184 6.82079 7.47978 8.37509 8.36405 8.26716 6.53366 5.65106 6.52299 6.2684 4.96527 3.94081 2.92945 0.841321 -0.690271 -2.89155 -4.54241 -4.59685 -2.75791 -1.22842 0.675471 1.52266 1.06017 1.58902 2.61153 3.77147 4.34103 4.22722 3.49768 3.41393 2.61073 3.43424 3.51997 3.16114 2.85263 2.99643 3.48739 3.68293 4.44969 4.64478 4.68969 4.70742 4.72258 4.73171 4.74025 4.74644 4.75369 4.75923 4.74214 0.9736 -1.94892 -9999 -9999 -9999 -9999 -9999 -9999
-9999 -9999 -9999 -9999 5.57304 5.76368 6.26008 7.53022 8.19351 8.46694 8.46446 8.59603 8.38697 7.69972 6.99489 6.33178 5.47338 5.98325 7.31194 8.09955 8.19839 6.68011 7.48453 7.19529 6.61624 4.90964 3.65333 2.99006 0.985425 -0.734521 -2.19684 -4.21817 -3.34262 -2.37836 -1.14129 0.934648 2.34004 2.92574 2.45918 3.1183 4.45091 4.47481 3.77166 3.83572 3.41796 2.31417 3.49894 3.84432 3.59583 3.68021 3.59616 3.78792 4.12473 4.44688 4.66492 4.70475 4.71987 4.72503 4.73689 4.75116 4.75086 4.76728 4.77296 4.77084 2.34484 -1.99961 -9999 -9999 -9999 -9999 -9999 -9999
-9999 -9999 -9999 -9999 -9999 4.91959 6.04817 7.73303 8.15034 8.11783 8.47157 8.50922 8.18358 7.90318 7.04539 5.87023 3.60226 4.19529 5.41937 7.17874 8.1081 7.99408 7.4922 6.61293 4.47251 2.5997 2.37811 2.07663 0.615243 -0.708937 -2.33556 -1.38196 -0.337446 0.805358 1.41086 1.26678 2.4727 3.45922 3.06007 3.86529 4.80298 4.40175 4.17174 3.98171 3.49571 3.48292 3.55335 4.23331 3.79103 4.0887 4.11051 4.10902 4.27982 4.47371 4.67622 4.71932 4.73147 4.74641 4.73664 4.75768 4.76109 4.76574 4.77234 4.77308 4.56999 2.24056 0.854049 -9999 -9999 -9999 -9999 -9999
-9999 -9999 -9999 -9999 -9999 3.88675 4.45136 6.44628 7.06119 7.94664 8.42039 8.44964 7.89379 7.58923 6.3053 5.89728 3.80047 2.85739 3.67973 3.38095 5.7987 7.93869 7.48448 3.19375 1.64452 0.54119 0.833354 0.842499 0.440192 -1.81534 -2.4307 -0.402027 0.878609 1.8734 2.63108 2.79766 2.78374 4.31957 4.53596 5.04589 4.95438 5.01694 4.26534 3.80703 4.24349 3.78201 3.71762 4.41948 3.76142 4.38724 4.32994 4.1612 4.16527 4.58011 4.67385 4.72867 4.74322 4.73914 4.73117 4.73307 4.76054 4.77002 4.76432 4.78294 4.77927 4.52252 3.3246 2.91873 3.40979 -9999 -9999 -9999
-9999 -9999 -9999 -9999 -9999 -9999 2.60034 5.37166 6.63605 7.3062 8.2483 8.36889 8.07647 7.54229 6.23467 5.08677 3.21355 1.07269 -0.0568897 3.36839 6.35052 7.91156 7.71729 4.14729 2.74308 2.68524 3.52426 2.82903 2.30308 0.589627 0.0841048 -0.621002 -0.173827 1.20882 2.34221 3.43581 4.23498 4.31223 4.8373 5.14563 5.18563 5.29415 5.22081 5.16437 4.44336 4.97361 4.55619 4.80394 4.67174 4.55335 4.45265 4.04253 4.35604 4.63458 4.71541 4.74929 4.7445 4.75242 4.75347 4.74171 4.7454 4.75923 4.77328 4.77712 4.79505 4.80497 4.688 3.9749 3.01342 1.79325 -9999 -9999
-9999 -9999 -9999 -9999 -9999 -9999 1.22405 3.98228 5.30952 7.02382 7.9073 8.27258 8.23481 7.80381 6.81277 5.31619 4.07186 1.68027 -0.803519 2.79029 5.99218 7.72506 7.82614 4.82766 5.67003 5.00411 5.2835 4.05685 3.55116 3.14824 2.2699 1.30901 0.25646 -0.293318 2.23695 3.54188 4.59519 5.09918 5.39075 5.54423 5.4842 5.31211 4.20946 5.0799 5.05491 4.98731 4.90694 4.87643 4.80417 4.71557 4.66867 4.66101 4.39271 4.72594 4.73191 4.74739 4.76018 4.76354 4.76 4.75926 4.75615 4.77109 4.77824 4.7845 4.79483 4.81397 4.82405 4.80287 4.62712 2.98178 2.00456 1.7466
-9999 -9999 -9999 -9999 -9999 -9999 -2.63934 1.37196 4.58919 6.27749 7.65371 8.03818 8.18789 7.60607 7.17418 6.10447 5.09253 3.52516 1.17149 -0.273285 2.41921 6.32961 7.77524 7.67224 7.59108 6.8202 6.12588 6.04469 6.10469 5.28988 4.1055 2.5576 2.08318 1.54664 3.43382 3.69905 3.57345 5.65045 5.66881 5.56601 4.79145 3.9216 4.10569 3.57648 4.01594 3.3803 3.99689 4.53174 4.74118 4.74032 4.68587 4.69316 4.67505 4.74507 4.75556 4.75795 4.76258 4.77076 4.77549 4.7647 4.76512 4.78869 4.78779 4.79225 4.80012 4.82149 4.83568 4.82448 4.81579 4.57799 4.2109 3.49862
-9999 -9999 -9999 -9999 -9999 -9999 -2.46424 0.905545 3.77012 5.49128 7.14732 7.53824 8.10368 7.99355 7.54048 6.61188 5.44934 4.16121 2.14338 0.646513 2.45198 5.04993 6.91408 7.58806 7.58785 7.55175 7.38367 7.31769 7.12003 6.97606 6.13013 4.67185 3.84984 2.64345 4.74567 4.991 4.67514 5.73186 5.69279 4.12769 2.92831 2.79243 3.54722 2.85874 2.75485 2.33377 2.84568 4.19004 3.82012 3.91146 4.52788 4.64057 4.72005 4.7491 4.75654 4.76525 4.76677 4.78046 4.79464 4.78439 4.78756 4.79702 4.7897 4.8015 4.80264 4.8141 4.82358 4.82565 4.81888 4.76369 4.70338 4.8081
-9999 -9999 -9999 -9999 -9999 -9999 -2.38733 -0.122781 2.45612 4.9875 6.75573 7.47437 8.00057 8.00486 7.47634 7.02006 6.29527 5.1631 4.39012 3.03967 1.18183 4.32571 5.29454 6.16147 6.53115 7.43353 7.41975 7.01788 6.54064 6.9901 6.87223 5.71743 5.34368 4.70708 5.88076 5.89407 5.87316 5.82299 4.50186 2.66118 1.19335 2.27507 2.06755 2.57093 1.07363 2.34092 3.36149 3.70297 3.03626 2.54416 4.12455 4.40147 4.56836 4.67942 4.75633 4.75258 4.7807 4.78395 4.79231 4.80081 4.80156 4.80826 4.8101 4.81216 4.8152 4.82823 4.82817 4.826 4.84237 4.8222 4.82376 4.83117
-9999 -9999 -9999 -9999 -9999 -9999 -9999 -1.45251 1.81387 4.73274 6.36165 7.38957 7.89528 7.8959 7.63046 7.32377 6.87819 6.06418 5.03887 3.4122 2.20728 2.98949 3.93845 4.05378 4.68918 6.51401 7.14278 6.27154 4.09831 5.39389 6.83337 6.81866 6.70542 6.57817 6.41119 6.26433 5.93101 5.0198 2.20394 1.66309 0.567814 0.708782 0.154708 1.41133 0.966176 2.25922 2.82828 3.0524 1.88612 2.15052 3.55721 4.11974 4.04137 4.391 4.72486 4.74781 4.76958 4.7741 4.79431 4.81065 4.81963 4.82067 4.82563 4.8339 4.82426 4.85005 4.76249 4.71178 4.59075 4.77948 4.81275 4.84918
-9999 -9999 -9999 -9999 -9999 -9999 -9999 -2.0974 1.16438 4.60094 5.71013 6.81782 7.7755 7.80363 7.39258 7.00248 6.60061 6.14177 4.89558 3.68741 2.53429 2.15408 2.39865 2.38666 3.40917 5.78419 6.251 6.06406 3.799 3.03922 4.95992 6.57572 6.71152 6.57552 4.69485 5.10849 4.1 2.72884 2.36108 1.76917 0.503702 1.13417 0.211698 0.628488 0.538263 1.27872 1.64741 2.52472 1.50994 1.52924 2.91122 3.61192 3.64227 4.37645 4.64643 4.72667 4.75665 4.78213 4.79896 4.82453 4.83264 4.83731 4.83905 4.82083 4.75533 4.51978 3.17528 3.19436 3.58713 3.95954 4.6294 4.83325
-9999 -9999 -9999 -9999 -9999 -9999 -9999 -1.71665 0.549535 3.6001 5.86228 6.01288 7.11787 7.69314 7.24526 6.73998 6.22301 6.00311 4.64572 3.1536 1.94997 0.523113 0.769998 1.81178 3.5054 5.04299 5.3253 5.01823 3.80749 4.39167 5.70482 6.40662 6.62049 6.46984 6.06854 5.84165 5.10213 4.78882 3.75839 2.14051 1.51181 1.93289 0.21552 0.351078 1.00602 0.34297 1.47932 2.03066 0.715755 1.79293 3.01166 3.64124 4.19313 4.46124 4.57599 4.74497 4.76241 4.7891 4.81014 4.82217 4.83682 4.82668 4.82127 4.69179 4.49357 3.23429 2.72692 2.8481 3.45459 3.98757 4.5583 4.79497
-9999 -9999 -9999 -9999 -9999 -9999 -9999 -1.32763 0.713939 3.36043 4.97606 5.27272 6.49723 7.58743 7.47681 6.95064 6.79774 6.25234 5.10265 3.83162 2.44129 1.77064 0.215127 1.76652 2.99169 4.29544 4.91025 3.91663 3.42418 4.32307 5.21683 5.57983 6.48278 6.48477 6.20464 4.96146 4.36152 4.63234 4.38227 3.9352 2.82588 2.7897 2.08245 1.79786 1.5299 0.629763 1.22905 1.30196 1.48152 2.76368 3.4047 3.83418 4.22587 4.33858 4.51637 4.74312 4.77544 4.79681 4.80981 4.82804 4.82691 4.78111 4.74513 4.46836 3.9667 3.01721 1.47673 2.5961 3.76579 4.13366 4.49235 4.68179
-9999 -9999 -9999 -9999 -9999 -9999 -9999 -1.67008 0.498547 2.76196 3.71372 3.88316 6.09179 7.44814 7.46057 7.21654 6.92994 5.56704 5.65824 5.3941 4.14089 2.31054 0.299137 0.498757 1.71215 3.42755 4.00272 2.35619 1.78207 2.22198 3.56878 4.77558 6.03539 6.36349 6.00806 4.06677 2.00344 2.97818 4.01924 4.02654 3.73812 2.71032 2.3934 2.10793 1.36209 0.0939183 0.294706 0.666689 2.1276 2.59684 3.31382 3.91147 3.70511 3.84748 4.41949 4.75349 4.77924 4.79874 4.82326 4.83008 4.82537 4.71921 4.60617 4.40653 3.0731 2.24988 1.05159 2.48895 3.29116 3.74161 4.50563 4.6993
-9999 -9999 -9999 -9999 -9999 -9999 -9999 -2.33484 -0.758381 1.40571 2.2836 3.6785 5.76635 6.79844 7.29857 7.29811 7.11055 6.50605 6.14682 5.42867 4.12452 2.33735 0.349446 -0.941264 -0.270108 2.03509 2.59363 1.07141 0.306383 1.28256 2.71751 4.83731 6.05321 6.22698 6.1293 5.73821 4.23504 2.41675 2.43553 3.3665 2.61143 1.73193 2.2365 2.15926 1.42275 0.890806 0.57401 0.803136 1.63874 1.992 2.81811 4.03052 4.21605 4.19582 4.7141 4.75307 4.77861 4.81148 4.82482 4.83429 4.83342 4.74939 4.54337 3.6605 2.89267 1.81872 1.6993 2.987 3.56367 4.10174 4.48423 4.61896
-9999 -9999 -9999 -9999 -9999 -9999 -9999 -3.48228 -1.62882 0.399289 2.29906 4.09712 5.64617 5.77528 6.59727 6.60663 7.04236 6.931 6.37138 5.76817 4.64594 2.34719 0.415759 -1.69167 -1.12347 1.23072 1.54072 0.529644 -1.34726 0.612406 2.77253 4.73142 5.797 4.98156 5.84029 5.78241 5.22668 4.14918 2.46731 2.51208 1.25526 1.21316 1.87859 2.10371 2.00865 1.61264 0.976281 1.10819 1.62171 1.76272 2.52311 3.46687 4.38975 4.55639 4.7436 4.76488 4.78155 4.80959 4.82534 4.82044 4.7881 4.69938 3.96126 3.08087 2.5443 1.8004 1.72336 3.20273 3.80989 4.15671 4.48914 4.62936
-9999 -9999 -9999 -9999 -9999 -9999 -9999 -9999 -1.81385 0.281314 1.83435 2.25995 3.63812 4.38709 4.96908 5.10621 6.74775 6.84812 6.49715 5.94389 4.98825 3.24639 2.03577 0.0147882 -1.43509 -0.823441 -0.543161 0.00403412 -0.143394 0.736686 2.81309 4.97604 5.22202 3.86645 4.08046 4.37825 5.03123 4.7182 2.42192 1.26154 0.300672 1.00521 1.74586 1.93518 1.98381 1.85694 1.7187 1.45477 2.44227 3.17664 3.3578 3.99978 4.47738 4.61939 4.72977 4.75559 4.78159 4.79568 4.78262 4.77703 4.67478 4.4283 3.60074 1.59058 1.6997 1.49543 0.880454 2.32751 3.25793 4.07706 4.51932 4.64452
-9999 -9999 -9999 -9999 -9999 -9999 -9999 -9999 -2.50422 -0.0813857 0.438429 0.410839 -0.377628 0.000570876 2.97255 3.5794 5.15417 6.64583 6.54749 6.00489 5.11143 4.07815 2.47271 0.198557 -1.60641 -2.36396 -0.401997 1.52276 1.92973 2.55315 3.82992 4.0817 2.69605 1.39748 2.14472 2.59959 4.29968 4.61985 4.30394 2.92533 1.34745 0.529946 1.52279 1.66679 1.73877 1.76371 1.75333 1.73205 2.84361 3.46505 3.90047 4.14398 4.55614 4.67209 4.71873 4.76339 4.77012 4.76348 4.71448 4.65689 4.35607 3.98906 2.6242 1.48878 0.78626 -0.10921 1.95638 2.58772 3.45964 4.02274 4.46269 4.5707
