Test_Spring_2018/12_17/Temp/20171212_013.txt
ncols	170
nrows	115
xllcorner	350000.000000
yllcorner	4445000.000000
cellsize	1000.000000
nodata_value	-9999.000000
[rows 32 to 63 of 115, columns 72 to 143 of 170]
15.0478 14.8309 15.1711 15.4843 15.2814 15.1471 15.653 15.6545 15.4816 15.0732 14.925 14.7716 14.6788 14.1554 12.6814 11.3529 12.0698 12.0899 11.5996 12.4873 12.0226 10.8058 9.08681 10.0245 9.78295 8.55505 8.25334 -9999 -9999 -9999 -9999 -9999 -9999 -9999 -9999 -9999 -9999 -9999 -9999 -9999 -9999 -9999 -9999 -9999 -9999 -9999 -9999 -9999 -9999 -9999 -9999 -9999 -9999 -9999 -9999 -9999 -9999 -9999 -9999 -9999 -9999 -9999 -9999 -9999 -9999 -9999 -9999 -9999 -9999 -9999 -9999 -9999
14.748 14.6561 15.1609 15.1522 15.1138 15.2809 15.5929 15.6579 15.5917 15.4148 15.2622 15.1 14.6846 14.0853 12.8242 11.3116 10.971 11.7161 11.7548 11.877 11.4537 10.9212 10.0865 10.7741 11.0424 10.2395 9.18159 8.49942 -9999 -9999 -9999 -9999 -9999 -9999 -9999 -9999 -9999 -9999 -9999 -9999 -9999 -9999 -9999 -9999 -9999 -9999 -9999 -9999 -9999 -9999 -9999 -9999 -9999 -9999 -9999 -9999 -9999 -9999 -9999 -9999 -9999 -9999 -9999 -9999 -9999 -9999 -9999 -9999 -9999 -9999 -9999 -9999
14.3918 13.9063 14.2114 14.4408 14.8457 14.9431 15.0078 15.6093 15.5794 15.5537 15.3 15.0978 14.7612 14.1845 13.3624 12.3719 10.6449 11.7149 12.5535 12.535 12.4921 12.1198 11.318 11.993 12.0266 10.9981 9.81715 9.13369 8.85271 -9999 -9999 -9999 -9999 -9999 -9999 -9999 -9999 -9999 -9999 -9999 -9999 -9999 -9999 -9999 -9999 -9999 -9999 -9999 -9999 -9999 -9999 -9999 -9999 -9999 -9999 -9999 -9999 -9999 -9999 -9999 -9999 -9999 -9999 -9999 -9999 -9999 -9999 -9999 -9999 -9999 -9999 -9999
13.988 13.3945 13.7014 14.1101 14.6752 14.9597 15.1806 15.3615 15.5463 15.5268 15.267 14.4953 14.3875 14.357 13.8204 12.6907 11.5626 11.2727 12.5503 12.918 12.8465 13.1337 12.4548 12.7789 12.6488 12.2842 11.1536 10.1249 9.70449 8.87117 -9999 -9999 -9999 -9999 -9999 -9999 -9999 -9999 -9999 -9999 -9999 -9999 -9999 -9999 -9999 -9999 -9999 -9999 -9999 -9999 -9999 -9999 -9999 -9999 -9999 -9999 -9999 -9999 -9999 -9999 -9999 -9999 -9999 -9999 -9999 -9999 -9999 -9999 -9999 -9999 -9999 -9999
-9999 -9999 13.0153 13.5605 14.0137 14.5695 15.0481 15.2924 15.5301 15.513 14.9913 14.7376 14.718 14.3673 13.7473 13.3595 12.6504 11.9116 12.1983 13.2881 12.8075 13.58 13.5171 13.6606 13.1477 12.1614 10.8595 10.0932 9.71709 9.04216 -9999 -9999 -9999 -9999 -9999 -9999 -9999 -9999 -9999 -9999 -9999 -9999 -9999 -9999 -9999 -9999 -9999 -9999 -9999 -9999 -9999 -9999 -9999 -9999 -9999 -9999 -9999 -9999 -9999 -9999 -9999 -9999 -9999 -9999 -9999 -9999 -9999 -9999 -9999 -9999 -9999 -9999
-9999 -9999 -9999 13.4525 13.7966 14.5481 14.9235 15.0824 15.4645 15.4672 15.2709 15.1235 14.9088 14.6278 14.1627 13.6494 12.9829 12.9243 13.6228 13.6345 13.4921 13.6087 13.9681 13.8758 13.0773 11.6956 10.9704 9.48586 8.85563 8.92283 8.47723 -9999 -9999 -9999 -9999 -9999 -9999 -9999 -9999 -9999 -9999 -9999 -9999 10.2608 -9999 -9999 -9999 -9999 -9999 -9999 -9999 -9999 -9999 -9999 -9999 -9999 -9999 -9999 -9999 -9999 -9999 -9999 -9999 -9999 7.69572 -9999 -9999 -9999 -9999 -9999 -9999 -9999
-9999 -9999 13.3876 13.8404 14.2061 14.6772 14.7176 14.9919 15.4307 15.4388 15.3001 15.1435 14.7886 14.7031 14.4399 13.8824 13.7713 14.0022 14.1104 14.2324 14.3084 14.2516 14.109 13.9238 13.3996 12.7631 12.3363 10.9875 10.299 9.64839 8.66288 7.89281 -9999 -9999 -9999 -9999 -9999 -9999 -9999 9.711 9.68086 9.70515 9.92867 10.5337 10.1891 -9999 -9999 -9999 -9999 -9999 -9999 -9999 -9999 -9999 -9999 -9999 -9999 -9999 -9999 -9999 -9999 -9999 -9999 -9999 8.22983 7.45869 -9999 -9999 -9999 -9999 -9999 -9999
-9999 -9999 13.4925 13.9861 14.2328 14.69 14.9517 15.1118 15.2645 15.411 15.3886 15.215 14.95 14.955 14.5894 14.3942 14.2559 14.5673 14.6317 14.5117 14.3599 14.2255 13.8405 13.7972 13.661 13.2572 12.5934 11.9094 10.9133 9.57384 8.26066 7.20227 -9999 -9999 -9999 -9999 -9999 -9999 9.80749 10.311 10.6156 9.98969 10.5376 11.039 10.9672 10.4902 -9999 -9999 -9999 -9999 -9999 -9999 -9999 -9999 -9999 -9999 -9999 -9999 -9999 -9999 11.8849 11.094 9.48965 8.67067 8.18211 7.48162 -9999 -9999 -9999 -9999 -9999 -9999
-9999 -9999 13.3892 13.9717 14.3662 14.7162 14.7722 15.1254 15.2777 15.3569 15.3496 15.3171 15.2706 14.9519 14.8171 14.3342 14.8041 14.7906 14.6765 14.2133 14.0141 13.2152 12.8645 12.7766 13.4513 12.9537 11.914 10.6142 9.04466 8.94397 8.4288 7.48275 -9999 -9999 -9999 -9999 -9999 -9999 9.95245 10.4908 10.9417 11.0137 10.3921 11.2778 11.247 10.763 10.6587 11.0686 11.2798 11.131 11.621 11.7685 11.5581 11.8027 -9999 -9999 -9999 -9999 11.9761 12.0148 12.0458 11.7202 9.96689 8.77166 7.69909 7.60581 -9999 -9999 -9999 -9999 -9999 -9999
-9999 -9999 13.787 14.1453 14.3261 14.3549 14.6686 14.9763 15.1657 15.3037 15.2775 15.2687 15.2598 15.1534 14.9016 14.952 14.9357 14.7906 13.9061 12.8726 13.3277 12.7175 11.3945 12.464 13.0526 12.4882 11.2277 9.76608 9.28005 9.30062 8.58304 7.65707 -9999 -9999 -9999 8.47016 9.23669 9.3091 9.54017 10.2561 10.8028 11.2195 11.5042 11.4986 11.2153 10.7422 10.2272 10.4206 11.3674 11.6034 11.8019 11.9546 11.7597 11.87 12.1276 12.2638 12.2965 12.2437 12.2365 12.2634 12.2399 11.9364 10.3706 9.47646 8.90858 7.76128 -9999 -9999 -9999 -9999 -9999 -9999
-9999 -9999 13.5523 13.8635 14.1152 14.5307 14.5743 14.8392 14.9916 15.2238 15.2523 14.9812 15.211 15.1858 15.1479 15.0627 14.9358 14.1904 13.1608 12.1281 11.6528 11.8534 11.0619 11.4677 12.0638 11.8481 11.0694 9.76692 9.58295 9.2736 8.0662 6.90421 -9999 -9999 6.9801 8.44508 9.47883 10.0155 10.1867 10.2099 10.897 10.9583 11.6977 11.5302 10.5717 10.6882 10.3227 10.5739 10.924 11.0255 11.5251 12.0105 12.1072 12.1159 12.2823 12.3214 12.3362 12.3383 12.2361 12.2921 12.3062 12.1194 10.9854 10.4359 9.82966 7.76911 -9999 -9999 -9999 -9999 -9999 -9999
-9999 -9999 13.7007 14.048 14.4284 14.4891 14.771 14.7438 14.6583 15.0536 15.1974 15.0069 14.8713 15.1321 15.119 15.0899 15.0388 14.3388 13.5275 12.2965 11.5323 11.0604 10.7282 10.2766 10.5823 10.4879 10.3615 10.5049 10.1472 9.4262 8.71909 7.39648 6.6822 -9999 7.04991 7.71365 8.94214 9.98781 10.6546 10.4251 11.2057 11.3572 11.8074 11.5539 10.9756 10.7298 10.715 10.6454 11.1732 11.5334 11.7845 11.9567 12.1703 12.2291 12.288 12.3162 12.3343 12.3526 12.3561 12.3583 12.3417 12.2755 11.7577 11.209 10.0162 7.83216 -9999 -9999 -9999 -9999 -9999 -9999
-9999 12.6879 13.656 14.2387 14.4631 14.6248 14.7675 14.8709 14.9758 15.0804 15.1528 15.1238 14.6156 14.6619 14.7589 15.0547 15.0393 14.9806 14.5392 13.0406 12.5205 11.7589 10.7765 10.3636 10.568 11.3723 11.335 10.8003 10.2046 9.37613 8.85372 8.04252 6.48571 6.62871 7.33478 7.86214 8.69896 9.97587 10.8737 11.2789 11.4373 11.7556 11.9266 11.5752 11.2429 11.1074 10.8494 10.8196 10.8293 11.1512 11.4011 11.9568 12.1472 12.2386 12.2878 12.3171 12.34 12.3627 12.3746 12.3703 12.3773 12.3795 12.3474 11.6151 9.77303 8.38873 -9999 -9999 -9999 -9999 -9999 -9999
-9999 -9999 13.4707 13.7254 13.7903 13.906 14.1453 14.4222 14.8115 14.8634 15.0826 15.0852 14.6469 14.1421 14.5913 14.7731 14.9615 14.9722 14.9194 13.655 12.9962 12.4769 11.5345 11.8719 12.1934 12.2163 12.0198 10.8743 9.73367 8.41348 7.18667 7.12887 6.47012 6.82266 7.29031 8.48617 9.33019 9.67681 9.92842 11.2279 11.57 11.693 12.0317 11.5891 11.4843 11.1538 11.2626 11.241 11.2508 10.32 11.2666 11.3301 11.951 12.2355 12.305 12.3283 12.3527 12.3617 12.3714 12.3748 12.3874 12.3844 12.3811 11.9076 9.56942 8.40058 -9999 -9999 -9999 -9999 -9999 -9999
-9999 -9999 -9999 -9999 13.5418 13.7355 13.8593 14.0757 14.7379 14.9188 15.0405 15.054 14.8615 14.3618 14.2345 14.3328 13.8463 14.2625 14.8284 14.8169 14.75 13.6405 13.0708 13.6194 13.4506 12.6142 11.9555 11.3053 9.96979 8.9867 7.5805 6.52532 6.48716 7.65511 8.62681 9.8369 10.3746 10.0787 10.4142 11.0622 11.7988 12.1593 12.0845 11.6176 11.5605 11.0464 11.5682 11.6204 11.3896 11.1911 11.2787 11.59 11.7134 12.2006 12.3239 12.3518 12.3617 12.3698 12.3739 12.3773 12.3777 12.3791 12.3791 12.3643 9.96073 8.09386 -9999 -9999 -9999 -9999 -9999 -9999
-9999 -9999 -9999 -9999 13.073 13.1899 13.5019 14.3071 14.7246 14.8965 14.8932 14.9755 14.8412 14.4025 13.9525 13.5288 12.9799 13.3015 14.1437 14.6405 14.6981 13.7254 14.2297 14.0387 13.6631 12.5697 11.7631 11.3345 10.0521 8.94918 8.01356 6.72258 7.27669 7.88782 8.67313 9.99303 10.8862 11.2576 10.9586 11.3764 12.2228 12.2358 11.7857 11.824 11.5541 10.8486 11.6004 11.8179 11.6574 11.7091 11.6518 11.7728 11.9863 12.1905 12.3285 12.3529 12.3615 12.3633 12.3691 12.3756 12.3726 12.3798 12.3797 12.3744 10.8255 8.05313 -9999 -9999 -9999 -9999 -9999 -9999
-9999 -9999 -9999 -9999 -9999 12.6433 13.3579 14.4272 14.6881 14.6654 14.889 14.9117 14.7033 14.5237 13.9763 13.2265 11.7803 12.1548 12.9302 14.0457 14.6319 14.5531 14.2255 13.6587 12.2889 11.0896 10.9419 10.7436 9.80721 8.95634 7.91622 8.51959 9.18141 9.90635 10.2896 10.196 10.9622 11.5887 11.3328 11.8435 12.4384 12.1805 12.0315 11.9079 11.5946 11.5837 11.6259 12.0564 11.7726 11.9602 11.9704 11.9685 12.0764 12.1991 12.3273 12.3539 12.3606 12.3686 12.3605 12.3716 12.3709 12.3705 12.3709 12.3673 12.2337 10.7443 9.85682 -9999 -9999 -9999 -9999 -9999
-9999 -9999 -9999 -9999 -9999 11.9763 12.3319 13.5987 13.9855 14.5474 14.8475 14.865 14.5101 14.3145 13.496 13.2347 11.8973 11.2938 11.8134 11.6183 13.1521 14.5085 14.2112 11.4722 10.4788 9.76948 9.94896 9.94859 9.68667 8.24288 7.84683 9.13488 9.9472 10.578 11.0583 11.1622 11.1517 12.1279 12.264 12.5866 12.526 12.5633 12.0821 11.7876 12.0615 11.7649 11.7213 12.1658 11.7446 12.1412 12.1011 11.9928 11.9946 12.2581 12.3172 12.3513 12.3593 12.3553 12.3483 12.3472 12.3618 12.3644 12.357 12.3647 12.358 12.1884 11.421 11.158 11.4664 -9999 -9999 -9999
-9999 -9999 -9999 -9999 -9999 -9999 11.1439 12.9052 13.7055 14.1304 14.7288 14.8045 14.615 14.2746 13.4411 12.7087 11.5135 10.147 9.4242 11.6002 13.4934 14.4811 14.3494 12.0694 11.1685 11.125 11.6529 11.2042 10.8638 9.76526 9.43933 8.9869 9.26868 10.1457 10.865 11.5598 12.067 12.1144 12.4466 12.6412 12.6642 12.7307 12.6813 12.6426 12.1794 12.5143 12.2459 12.4012 12.315 12.2378 12.17 11.908 12.107 12.2837 12.3346 12.3546 12.3507 12.3544 12.3531 12.343 12.3429 12.3483 12.3534 12.3518 12.3589 12.3591 12.28 11.8215 11.2051 10.4242 -9999 -9999
-9999 -9999 -9999 -9999 -9999 -9999 10.258 12.011 12.8514 13.9411 14.5008 14.7297 14.7054 14.4305 13.7985 12.8439 12.0491 10.5229 8.93705 11.2214 13.2545 14.3518 14.4097 12.4924 13.0221 12.5917 12.7635 11.9767 11.6494 11.3854 10.8223 10.2072 9.53271 9.1794 10.7889 11.6183 12.2873 12.6063 12.7897 12.885 12.8448 12.7328 12.0279 12.5792 12.5593 12.5134 12.4597 12.4379 12.3898 12.3316 12.298 12.2923 12.1209 12.3314 12.334 12.3434 12.3507 12.3515 12.3472 12.3441 12.3389 12.3464 12.347 12.3469 12.3493 12.3554 12.3574 12.3396 12.2236 11.1721 10.5463 10.3776
-9999 -9999 -9999 -9999 -9999 -9999 7.7882 10.3392 12.3806 13.4541 14.3251 14.5694 14.6643 14.2932 14.017 13.3341 12.6871 11.6857 10.1828 9.25781 10.968 13.4518 14.3664 14.2929 14.2349 13.738 13.2901 13.2329 13.2661 12.7399 11.9796 10.9913 10.6849 10.3416 11.5416 11.7088 11.6271 12.9476 12.957 12.889 12.393 11.8373 11.9515 11.6122 11.8879 11.4804 11.8705 12.2087 12.3401 12.3378 12.2992 12.3011 12.2892 12.3323 12.3387 12.3397 12.3417 12.3454 12.3464 12.3369 12.334 12.3455 12.3433 12.3421 12.3429 12.3505 12.3553 12.3441 12.3346 12.1795 11.9423 11.4844
-9999 -9999 -9999 -9999 -9999 -9999 7.887 10.0267 11.8487 12.9378 13.9913 14.2395 14.5989 14.5278 14.2379 13.6447 12.9017 12.0781 10.7891 9.83112 10.9753 12.6253 13.8061 14.2274 14.2222 14.1934 14.0809 14.0307 13.9002 13.8011 13.2594 12.3255 11.8001 11.0301 12.367 12.5214 12.3185 12.9892 12.962 11.9629 11.1964 11.1069 11.5857 11.1444 11.0741 10.804 11.1275 11.9812 11.741 11.7977 12.186 12.2573 12.3058 12.324 12.3284 12.3333 12.3332 12.3404 12.3474 12.3383 12.3373 12.3399 12.3315 12.3378 12.3345 12.3359 12.3379 12.3354 12.3273 12.2887 12.2452 12.3075
-9999 -9999 -9999 -9999 -9999 -9999 7.92393 9.36117 11.0012 12.6054 13.7301 14.1867 14.5208 14.5223 14.1842 13.8915 13.4272 12.7029 12.2066 11.342 10.154 12.1503 12.763 13.3076 13.534 14.1028 14.0886 13.8278 13.5175 13.8001 13.7187 12.981 12.741 12.3337 13.0792 13.0859 13.0706 13.0365 12.1929 11.0183 10.0809 10.7667 10.6316 10.9506 9.99313 10.7943 11.4416 11.6568 11.2317 10.9168 11.9186 12.0925 12.1983 12.2685 12.3169 12.3137 12.3305 12.331 12.3343 12.3372 12.3348 12.3357 12.3334 12.331 12.3322 12.3347 12.3308 12.3238 12.3305 12.3149 12.3128 12.3131
-9999 -9999 -9999 -9999 -9999 -9999 -9999 8.50147 10.5723 12.4292 13.4651 14.1185 14.4393 14.4383 14.2675 14.0699 13.7832 13.2614 12.6044 11.564 10.7917 11.2843 11.8844 11.9507 12.3496 13.5061 13.9014 13.342 11.9495 12.7673 13.6811 13.6693 13.5952 13.5123 13.406 13.3106 13.0963 12.5139 10.7185 10.3694 9.66909 9.75581 9.39995 10.1984 9.91094 10.7315 11.0914 11.2319 10.4875 10.6502 11.543 11.9005 11.8501 12.0722 12.2852 12.2988 12.3115 12.3127 12.3236 12.3316 12.3345 12.3309 12.3306 12.3322 12.3258 12.3365 12.277 12.2411 12.1607 12.2776 12.2959 12.3119
-9999 -9999 -9999 -9999 -9999 -9999 -9999 8.07152 10.1463 12.3326 13.0373 13.7412 14.3494 14.3656 14.1019 13.8511 13.5922 13.2966 12.4991 11.7254 10.9864 10.7392 10.8897 10.8769 11.5227 13.0299 13.3223 13.1989 11.7436 11.2567 12.4768 13.5032 13.5875 13.4989 12.2995 12.5609 11.9166 11.0412 10.8045 10.425 9.61638 10.0149 9.42463 9.68717 9.62723 10.0961 10.3285 10.885 10.237 10.2433 11.1202 11.5655 11.5841 12.0509 12.222 12.272 12.2898 12.3044 12.3131 12.327 12.3295 12.3295 12.3274 12.3125 12.2674 12.1176 11.2561 11.2649 11.5118 11.7459 12.1675 12.2919
-9999 -9999 -9999 -9999 -9999 -9999 -9999 8.30129 9.74195 11.6823 13.1209 13.215 13.9168 14.2811 13.9937 13.6694 13.3373 13.1938 12.3257 11.3715 10.6006 9.68735 9.83969 10.4981 11.5717 12.546 12.7212 12.5215 11.7372 12.106 12.9393 13.3836 13.5175 13.4195 13.1618 13.0153 12.5422 12.3404 11.6818 10.649 10.246 10.5114 9.41511 9.49874 9.9132 9.48881 10.2101 10.5591 9.72001 10.3974 11.1723 11.5723 11.9228 12.0926 12.1647 12.2711 12.2809 12.2962 12.3076 12.313 12.3198 12.3106 12.3042 12.2188 12.0895 11.2846 10.9601 11.0342 11.4173 11.7539 12.1092 12.2576
-9999 -9999 -9999 -9999 -9999 -9999 -9999 8.536 9.83349 11.5163 12.543 12.7298 13.5074 14.1994 14.1266 13.7889 13.6886 13.338 12.6023 11.789 10.8995 10.4681 9.47316 10.4564 11.2321 12.0577 12.4449 11.7979 11.4809 12.0501 12.6163 12.8448 13.4173 13.4163 13.2357 12.442 12.0577 12.2278 12.0662 11.779 11.0701 11.0444 10.5915 10.4078 10.2348 9.65965 10.039 10.0835 10.1939 11.0036 11.4106 11.683 11.9313 12.002 12.1141 12.2572 12.2764 12.2883 12.2947 12.3041 12.3011 12.2694 12.2438 12.0648 11.7426 11.1353 10.1534 10.8633 11.6053 11.8337 12.0571 12.1754
-9999 -9999 -9999 -9999 -9999 -9999 -9999 8.30473 9.68295 11.1217 11.7254 11.831 13.235 14.0962 14.1016 13.9435 13.758 12.887 12.9416 12.7696 11.9677 10.7982 9.51326 9.63609 10.404 11.4925 11.8546 10.7917 10.4227 10.6996 11.5542 12.3199 13.1195 13.326 13.0974 11.859 10.543 11.1613 11.8218 11.824 11.638 10.9811 10.7769 10.5928 10.1157 9.30558 9.43216 9.66708 10.5879 10.8853 11.3405 11.7198 11.5873 11.6767 12.0397 12.251 12.2659 12.2767 12.2904 12.2928 12.2876 12.2177 12.1433 12.0137 11.1621 10.6355 9.86851 10.7845 11.2927 11.571 12.0552 12.1763
-9999 -9999 -9999 -9999 -9999 -9999 -9999 7.86806 8.86908 10.2444 10.8008 11.6864 13.0133 13.6679 13.9837 13.9807 13.8583 13.4702 13.2382 12.7774 11.9433 10.8015 9.5318 8.70593 9.1292 10.593 10.9402 9.96078 9.47022 10.0885 10.9992 12.346 13.1176 13.2257 13.161 12.9097 11.9502 10.7902 10.7999 11.3904 10.9073 10.3451 10.6642 10.6129 10.1418 9.80114 9.59779 9.7399 10.2644 10.4879 11.0125 11.7832 11.9 11.8858 12.2145 12.2378 12.2526 12.2719 12.2786 12.2827 12.2802 12.2246 12.0912 11.5268 11.0357 10.3496 10.2714 11.0909 11.4525 11.7898 12.0311 12.1147
-9999 -9999 -9999 -9999 -9999 -9999 -9999 7.12397 8.30119 9.58969 10.7966 11.9387 12.9223 13.0018 13.5225 13.5256 13.8002 13.7262 13.3667 12.9793 12.2613 10.794 9.56048 8.21478 8.57265 10.0679 10.2501 9.60273 8.40417 9.6486 11.0208 12.2651 12.9408 12.4189 12.9631 12.9238 12.5677 11.8794 10.8063 10.8327 10.0304 10.0015 10.4232 10.5646 10.5022 10.2482 9.8411 9.92193 10.2412 10.3295 10.8123 11.4118 11.998 12.1027 12.2204 12.2325 12.2415 12.2577 12.2661 12.2612 12.2388 12.1804 11.7085 11.1459 10.8023 10.3266 10.2756 11.2142 11.5987 11.8142 12.0238 12.111
-9999 -9999 -9999 -9999 -9999 -9999 -9999 -9999 8.16969 9.50069 10.4866 10.7546 11.6293 12.1034 12.4711 12.5556 13.598 13.659 13.4325 13.0771 12.4653 11.3528 10.5785 9.28795 8.36097 8.74302 8.91008 9.25484 9.15739 9.71429 11.0331 12.4071 12.5607 11.6948 11.8284 12.0155 12.429 12.2275 10.7633 10.0225 9.40888 9.85567 10.3255 10.4443 10.4736 10.3911 10.3 10.124 10.7513 11.2174 11.3313 11.7386 12.0412 12.1301 12.1988 12.2137 12.2286 12.236 12.2261 12.2209 12.1541 11.9955 11.4668 10.1852 10.2529 10.1211 9.7277 10.6444 11.2334 11.753 12.0325 12.1102
-9999 -9999 -9999 -9999 -9999 -9999 -9999 -9999 7.71648 9.25591 9.5837 9.56303 9.05798 9.29586 11.1853 11.5689 12.5688 13.5158 13.4504 13.102 12.53 11.8689 10.8432 9.39164 8.23862 7.74127 8.98809 10.2086 10.464 10.8573 11.6667 11.8237 10.9382 10.1084 10.5814 10.8685 11.9487 12.1505 11.9474 11.0679 10.0616 9.53947 10.1701 10.2603 10.3046 10.319 10.3095 10.2886 10.9945 11.3887 11.6644 11.8179 12.0787 12.1509 12.179 12.2058 12.2085 12.2027 12.1699 12.1318 11.9387 11.7036 10.833 10.1086 9.65974 9.08802 10.4016 10.7992 11.3486 11.7078 11.986 12.0529
