Test_Spring_2018/12_17/Temp/20171211_010.txt
ncols	170
nrows	115
xllcorner	350000.000000
yllcorner	4445000.000000
cellsize	1000.000000
nodata_value	-9999.000000
[rows 32 to 63 of 115, columns 72 to 143 of 170]
11.3618 11.0405 11.5385 11.9969 11.7058 11.5108 12.2594 12.2593 12.0026 11.3996 11.179 10.9504 10.8109 10.038 7.86722 5.9103 6.96059 6.98634 6.26142 7.56273 6.87544 5.08225 2.55069 3.92548 3.56637 1.76388 1.31962 -9999 -9999 -9999 -9999 -9999 -9999 -9999 -9999 -9999 -9999 -9999 -9999 -9999 -9999 -9999 -9999 -9999 -9999 -9999 -9999 -9999 -9999 -9999 -9999 -9999 -9999 -9999 -9999 -9999 -9999 -9999 -9999 -9999 -9999 -9999 -9999 -9999 -9999 -9999 -9999 -9999 -9999 -9999 -9999 -9999
10.9266 10.7892 11.5293 11.5143 11.4586 11.7136 12.1769 12.27 12.17 11.9072 11.6801 11.4386 10.8246 9.94018 8.08242 5.85476 5.35034 6.44213 6.49522 6.67105 6.04493 5.25812 4.02699 5.03436 5.42502 4.24293 2.6921 1.68891 -9999 -9999 -9999 -9999 -9999 -9999 -9999 -9999 -9999 -9999 -9999 -9999 -9999 -9999 -9999 -9999 -9999 -9999 -9999 -9999 -9999 -9999 -9999 -9999 -9999 -9999 -9999 -9999 -9999 -9999 -9999 -9999 -9999 -9999 -9999 -9999 -9999 -9999 -9999 -9999 -9999 -9999 -9999 -9999
10.4086 9.69245 10.1389 10.474 11.0752 11.2296 11.3222 12.2042 12.1576 12.1171 11.7411 11.4407 10.9427 10.0914 8.87904 7.41912 4.87619 6.44598 7.67526 7.64453 7.57773 7.02675 5.84422 6.83321 6.87911 5.36907 3.63794 2.62934 2.2125 -9999 -9999 -9999 -9999 -9999 -9999 -9999 -9999 -9999 -9999 -9999 -9999 -9999 -9999 -9999 -9999 -9999 -9999 -9999 -9999 -9999 -9999 -9999 -9999 -9999 -9999 -9999 -9999 -9999 -9999 -9999 -9999 -9999 -9999 -9999 -9999 -9999 -9999 -9999 -9999 -9999 -9999 -9999
9.82063 8.94565 9.39479 9.99365 10.8281 11.2527 11.5821 11.8457 12.1147 12.0831 11.6982 10.5604 10.3987 10.3505 9.55797 7.89345 6.23113 5.80137 7.67634 8.21358 8.10496 8.52381 7.52226 7.99549 7.80101 7.26571 5.6052 4.09465 3.47299 2.2442 -9999 -9999 -9999 -9999 -9999 -9999 -9999 -9999 -9999 -9999 -9999 -9999 -9999 -9999 -9999 -9999 -9999 -9999 -9999 -9999 -9999 -9999 -9999 -9999 -9999 -9999 -9999 -9999 -9999 -9999 -9999 -9999 -9999 -9999 -9999 -9999 -9999 -9999 -9999 -9999 -9999 -9999
-9999 -9999 8.39177 9.19694 9.86734 10.6848 11.3931 11.7499 12.0966 12.0688 11.2987 10.9224 10.8903 10.3712 9.45615 8.88239 7.83636 6.74644 7.16456 8.76366 8.05368 9.18638 9.09082 9.29878 8.5416 7.09576 5.18015 4.05572 3.49958 2.50393 -9999 -9999 -9999 -9999 -9999 -9999 -9999 -9999 -9999 -9999 -9999 -9999 -9999 -9999 -9999 -9999 -9999 -9999 -9999 -9999 -9999 -9999 -9999 -9999 -9999 -9999 -9999 -9999 -9999 -9999 -9999 -9999 -9999 -9999 -9999 -9999 -9999 -9999 -9999 -9999 -9999 -9999
-9999 -9999 -9999 9.04422 9.55388 10.6571 11.2159 11.4471 12.0062 12.0074 11.7157 11.4958 11.1768 10.7602 10.0728 9.31446 8.33091 8.24132 9.26502 9.27895 9.06643 9.23497 9.76049 9.62199 8.44903 6.41796 5.34928 3.17053 2.24098 2.33683 1.67855 -9999 -9999 -9999 -9999 -9999 -9999 -9999 -9999 -9999 -9999 -9999 -9999 4.25149 -9999 -9999 -9999 -9999 -9999 -9999 -9999 -9999 -9999 -9999 -9999 -9999 -9999 -9999 -9999 -9999 -9999 -9999 -9999 -9999 0.424772 -9999 -9999 -9999 -9999 -9999 -9999 -9999
-9999 -9999 8.95114 9.62589 10.1619 10.853 10.9127 11.3201 11.9627 11.9718 11.7648 11.5313 11.0061 10.8769 10.4862 9.66295 9.49598 9.83219 9.98796 10.1641 10.2729 10.1865 9.97428 9.69937 8.93298 7.99497 7.36519 5.38106 4.3714 3.41206 1.96017 0.824883 -9999 -9999 -9999 -9999 -9999 -9999 -9999 3.46816 3.41966 3.45122 3.77583 4.66157 4.15099 -9999 -9999 -9999 -9999 -9999 -9999 -9999 -9999 -9999 -9999 -9999 -9999 -9999 -9999 -9999 -9999 -9999 -9999 -9999 1.21826 0.082138 -9999 -9999 -9999 -9999 -9999 -9999
-9999 -9999 9.12139 9.84592 10.2072 10.8781 11.2614 11.5025 11.7247 11.9372 11.9013 11.6427 11.2495 11.2532 10.7121 10.4213 10.2145 10.6689 10.7603 10.5807 10.3547 10.1545 9.58595 9.52015 9.32425 8.7286 7.75091 6.74336 5.2827 3.31088 1.37746 -0.18155 -9999 -9999 -9999 -9999 -9999 -9999 3.62337 4.35944 4.80299 3.87844 4.67991 5.41319 5.30375 4.60519 -9999 -9999 -9999 -9999 -9999 -9999 -9999 -9999 -9999 -9999 -9999 -9999 -9999 -9999 6.61191 5.44581 3.08379 1.87685 1.15604 0.123907 -9999 -9999 -9999 -9999 -9999 -9999
-9999 -9999 8.97505 9.83055 10.4095 10.9231 11.004 11.5275 11.7506 11.8642 11.8504 11.7992 11.7274 11.255 11.053 10.3392 11.0265 11.0031 10.8321 10.148 9.85233 8.67529 8.15746 8.03211 9.02271 8.28965 6.75957 4.84692 2.54257 2.39322 1.63345 0.239853 -9999 -9999 -9999 -9999 -9999 -9999 3.84561 4.63283 5.29131 5.39284 4.47456 5.77288 5.72956 5.01461 4.85817 5.45792 5.76547 5.54771 6.26767 6.48143 6.16863 6.52474 -9999 -9999 -9999 -9999 6.76097 6.81426 6.85625 6.37419 3.79315 2.03301 0.45358 0.318507 -9999 -9999 -9999 -9999 -9999 -9999
-9999 -9999 9.56571 10.0918 10.3569 10.3983 10.8585 11.3151 11.5925 11.7967 11.7547 11.7381 11.7211 11.5606 11.1863 11.2565 11.2288 11.0119 9.70822 8.1858 8.8525 7.94962 6.00443 7.57886 8.44333 7.61247 5.75815 3.60802 2.897 2.92617 1.86905 0.510921 -9999 -9999 -9999 1.69236 2.81535 2.91757 3.25304 4.30148 5.10102 5.70405 6.11825 6.10701 5.69105 4.99225 4.23194 4.51346 5.90283 6.24706 6.54201 6.76333 6.47335 6.6354 7.01038 7.20663 7.25059 7.16892 7.15447 7.19034 7.15229 6.70283 4.39415 3.07679 2.23955 0.555384 -9999 -9999 -9999 -9999 -9999 -9999
-9999 -9999 9.22954 9.68654 10.0561 10.6687 10.7318 11.1199 11.3467 11.6859 11.7243 11.3219 11.6557 11.6144 11.5544 11.4251 11.2347 10.135 8.61802 7.09693 6.39565 6.69041 5.52519 6.1236 6.99945 6.67854 5.54077 3.62485 3.35331 2.90126 1.12381 -0.587431 -9999 -9999 -0.486063 1.66401 3.17981 3.96459 4.21196 4.24166 5.24771 5.3336 6.41683 6.16786 4.75868 4.92689 4.38045 4.74707 5.26417 5.41056 6.14549 6.85747 6.99601 7.00479 7.24536 7.29883 7.31628 7.3152 7.16094 7.23944 7.25661 6.97881 5.30855 4.49826 3.60807 0.577529 -9999 -9999 -9999 -9999 -9999 -9999
-9999 -9999 9.45875 9.96925 10.5283 10.6168 11.0303 10.9868 10.8637 11.4419 11.6505 11.3663 11.1627 11.5416 11.518 11.4709 11.3918 10.3589 9.16292 7.35023 6.22444 5.53029 5.04067 4.38581 4.83514 4.69616 4.50992 4.7202 4.19142 3.13403 2.09225 0.144921 -0.908386 -9999 -0.375001 0.596852 2.39888 3.93196 4.90797 4.56602 5.70947 5.92809 6.58712 6.21058 5.36033 5.00042 4.97593 4.8708 5.64388 6.16565 6.5351 6.78471 7.09649 7.17889 7.26125 7.29835 7.32063 7.34318 7.34424 7.34356 7.31547 7.21507 6.45096 5.64462 3.88914 0.677293 -9999 -9999 -9999 -9999 -9999 -9999
-9999 7.97193 9.39911 10.2561 10.5861 10.8234 11.0323 11.183 11.339 11.4885 11.5912 11.545 10.7932 10.8566 10.9946 11.4252 11.3983 11.3084 10.6562 8.45017 7.68448 6.56937 5.12477 4.52031 4.82113 6.00399 5.94913 5.1625 4.28594 3.07011 2.29861 1.10332 -1.18893 -0.982204 0.0520657 0.823252 2.04926 3.92225 5.23782 5.82919 6.05766 6.52243 6.77002 6.25383 5.76532 5.56347 5.18146 5.13503 5.14632 5.61643 5.98341 6.79281 7.06911 7.20033 7.26828 7.30682 7.33597 7.36477 7.37797 7.36776 7.37435 7.3745 7.32666 6.24812 3.53947 1.50372 -9999 -9999 -9999 -9999 -9999 -9999
-9999 -9999 9.13308 9.50811 9.6038 9.77363 10.1249 10.5306 11.1047 11.1777 11.496 11.4947 10.8459 10.0987 10.7544 11.0172 11.2899 11.302 11.2213 9.3641 8.3947 7.63107 6.24579 6.74475 7.21828 7.25252 6.96378 5.27942 3.60167 1.66279 -0.143294 -0.231091 -1.2036 -0.688957 -0.00538676 1.74863 2.9851 3.49013 3.85547 5.76163 6.26086 6.44058 6.93559 6.2819 6.12789 5.63947 5.79704 5.76258 5.77414 4.40234 5.79351 5.88251 6.7909 7.20239 7.30072 7.33028 7.36131 7.36999 7.37987 7.38085 7.39572 7.38961 7.3835 6.68577 3.24683 1.52815 -9999 -9999 -9999 -9999 -9999 -9999
-9999 -9999 -9999 -9999 9.24548 9.53032 9.71176 10.0286 11.0038 11.2664 11.4412 11.4564 11.1684 10.4284 10.2363 10.3761 9.65647 10.2661 11.0963 11.0783 10.9796 9.34844 8.51349 9.32122 9.07409 7.84517 6.87703 5.92107 3.95699 2.5137 0.443805 -1.11059 -1.17015 0.54323 1.96747 3.74228 4.52822 4.08842 4.5771 5.52707 6.60661 7.1335 7.02069 6.33144 6.24761 5.48951 6.25435 6.32843 5.98625 5.69113 5.81899 6.27232 6.44898 7.16031 7.3363 7.37181 7.38141 7.38856 7.39006 7.39104 7.38922 7.38887 7.38699 7.36405 3.82908 1.08425 -9999 -9999 -9999 -9999 -9999 -9999
-9999 -9999 -9999 -9999 8.56356 8.73554 9.19379 10.3764 10.9916 11.2409 11.2318 11.3481 11.1456 10.4952 9.82846 9.20056 8.38962 8.85957 10.0959 10.8254 10.9099 9.48013 10.2245 9.94503 9.39407 7.78735 6.60212 5.97204 4.08612 2.46648 1.08845 -0.812767 -0.00160727 0.892908 2.04317 3.97922 5.28778 5.82932 5.38559 5.99612 7.23732 7.25337 6.5888 6.64256 6.24602 5.20654 6.30963 6.62683 6.38799 6.46075 6.37536 6.54861 6.85757 7.15268 7.35018 7.38069 7.388 7.38576 7.3898 7.39584 7.38833 7.3965 7.3947 7.38574 5.10766 1.03162 -9999 -9999 -9999 -9999 -9999 -9999
-9999 -9999 -9999 -9999 -9999 7.93938 8.98953 10.5605 10.9455 10.9084 11.233 11.2615 10.9499 10.6806 9.87059 8.76331 6.63275 7.18049 8.3188 9.95802 10.8199 10.7048 10.2261 9.39417 7.38139 5.61903 5.40253 5.1112 3.73393 2.48487 0.953081 1.83715 2.80656 3.86828 4.42729 4.28487 5.40671 6.3234 5.94296 6.69026 7.56171 7.17972 6.95809 6.77395 6.31353 6.29545 6.35528 6.98575 6.5655 6.83798 6.85172 6.84408 6.99764 7.1727 7.35568 7.38926 7.39373 7.40068 7.3844 7.39686 7.39279 7.38992 7.38895 7.38262 7.18566 4.99612 3.69133 -9999 -9999 -9999 -9999 -9999
-9999 -9999 -9999 -9999 -9999 6.96647 7.48865 9.34997 9.92002 10.7425 11.1795 11.2003 10.6733 10.3812 9.17227 8.78326 6.81281 5.92255 6.68468 6.39693 8.65224 10.6473 10.2132 6.18734 4.72804 3.68612 3.95066 3.95022 3.56458 1.44365 0.858741 2.74942 3.93999 4.86322 5.56475 5.71304 5.69289 7.12379 7.31972 7.79052 7.69836 7.75054 7.04056 6.60521 7.00839 6.57022 6.50382 7.15477 6.5325 7.11221 7.05188 6.88768 6.88517 7.2671 7.34827 7.39284 7.39947 7.38867 7.37402 7.36865 7.38709 7.38871 7.3762 7.38659 7.3763 7.12721 5.99896 5.61254 6.06616 -9999 -9999 -9999
-9999 -9999 -9999 -9999 -9999 -9999 5.74968 8.33793 9.51611 10.1371 11.0127 11.1191 10.8378 10.3313 9.10038 8.01866 6.25752 4.24545 3.18066 6.37943 9.16308 10.6161 10.4254 7.07427 5.75079 5.68775 6.46436 5.80457 5.3033 3.69001 3.20807 2.53944 2.94983 4.2353 5.28894 6.30556 7.04665 7.11197 7.59665 7.879 7.9099 8.00505 7.93001 7.87084 7.19034 7.68061 7.28364 7.50942 7.37946 7.2624 7.16141 6.77123 7.05842 7.31276 7.38186 7.40645 7.39522 7.39567 7.38948 7.37115 7.36762 7.37331 7.37928 7.3758 7.3857 7.38621 7.26993 6.59584 5.68952 4.54131 -9999 -9999
-9999 -9999 -9999 -9999 -9999 -9999 4.45506 7.03106 8.26814 9.86673 10.6861 11.0214 10.9799 10.5699 9.6354 8.22724 7.05486 4.80805 2.47458 5.83205 8.82158 10.4355 10.5215 7.70535 8.48524 7.85302 8.10581 6.94864 6.46648 6.08029 5.24947 4.34152 3.34628 2.82391 5.18548 6.39997 7.37899 7.84382 8.10986 8.2467 8.18448 8.01689 6.97811 7.78664 7.75774 7.68822 7.60675 7.57196 7.49809 7.40888 7.35821 7.3448 7.08728 7.39253 7.39103 7.39899 7.40424 7.40043 7.38997 7.38199 7.37169 7.37869 7.3785 7.3773 7.38004 7.38908 7.39172 7.36537 7.19459 5.64824 4.72767 4.48122
-9999 -9999 -9999 -9999 -9999 -9999 0.831806 4.58095 7.58531 9.15992 10.4415 10.7954 10.9293 10.3782 9.96714 8.9586 8.00379 6.52865 4.31703 2.95609 5.46996 9.12245 10.4677 10.3625 10.2779 9.5475 8.88883 8.80423 8.85187 8.0802 6.96021 5.50329 5.05129 4.54156 6.30108 6.54219 6.41749 8.355 8.36522 8.26209 7.53011 6.71005 6.87587 6.37398 6.77988 6.17847 6.74944 7.2439 7.43371 7.4266 7.36878 7.36878 7.34559 7.40385 7.40731 7.403 7.4006 7.40134 7.39866 7.3813 7.37435 7.38904 7.38147 7.37847 7.37945 7.39045 7.3969 7.37983 7.36538 7.13668 6.7872 6.11523
-9999 -9999 -9999 -9999 -9999 -9999 0.986577 4.13612 6.81189 8.41621 9.96059 10.3205 10.8436 10.734 10.3031 9.42662 8.33083 7.11715 5.22001 3.81038 5.4923 7.91793 9.65463 10.277 10.2688 10.2265 10.0607 9.98676 9.79358 9.65028 8.85052 7.47725 6.70019 5.56338 7.52426 7.74676 7.44392 8.42621 8.38264 6.91042 5.78066 5.64666 6.34796 5.69683 5.59405 5.19342 5.66632 6.9186 6.56506 6.64432 7.21454 7.31384 7.38072 7.40163 7.4022 7.40379 7.39848 7.40438 7.41059 7.39379 7.38946 7.391 7.37685 7.38144 7.37548 7.37695 7.37973 7.37501 7.36225 7.3044 7.24225 7.33503
-9999 -9999 -9999 -9999 -9999 -9999 1.04794 3.16662 5.57487 7.93758 9.5869 10.2535 10.7398 10.7373 10.2357 9.80141 9.11547 8.04785 7.31626 6.04381 4.29618 7.23118 8.13185 8.93503 9.26861 10.105 10.0838 9.69937 9.24503 9.65802 9.53954 8.45087 8.09355 7.49023 8.58182 8.58712 8.56043 8.5064 7.26251 5.53226 4.15115 5.15705 4.95599 5.42219 4.01482 5.1938 6.14289 6.45625 5.82567 5.35862 6.83121 7.0827 7.23268 7.3303 7.39585 7.38575 7.40532 7.40147 7.40226 7.40306 7.39653 7.39553 7.39 7.38475 7.38139 7.38421 7.3772 7.36856 7.3774 7.3531 7.34845 7.3499
-9999 -9999 -9999 -9999 -9999 -9999 -9999 1.91063 4.96162 7.68829 9.20729 10.1636 10.6308 10.6249 10.3696 10.0754 9.65085 8.88104 7.91313 6.38199 5.24554 5.96942 6.85154 6.95128 7.53779 9.23799 9.81853 8.99485 6.95161 8.15641 9.49657 9.47542 9.3621 9.23575 9.07315 8.9285 8.60934 7.74918 5.10588 4.59157 3.55917 3.68422 3.15863 4.33013 3.90787 5.11194 5.63824 5.84164 4.74335 4.98361 6.29259 6.81295 6.73323 7.05415 7.36014 7.375 7.38862 7.38596 7.39786 7.40604 7.40726 7.40114 7.39858 7.39918 7.38407 7.39862 7.30964 7.25536 7.13544 7.30571 7.33063 7.35346
-9999 -9999 -9999 -9999 -9999 -9999 -9999 1.29859 4.34609 7.55729 8.58954 9.62033 10.5106 10.5303 10.1387 9.76638 9.38279 8.9456 7.77104 6.6319 5.54417 5.17998 5.40072 5.38384 6.33298 8.54847 8.97755 8.79468 6.665 5.94613 7.73692 9.24234 9.36222 9.22771 7.45983 7.83998 6.88872 5.59793 5.24657 4.68539 3.49365 4.07698 3.20646 3.58987 3.50188 4.18852 4.52716 5.34203 4.3855 4.39614 5.68175 6.33138 6.35337 7.03425 7.28044 7.3489 7.3702 7.38717 7.39594 7.41279 7.41324 7.41044 7.40491 7.38073 7.31236 7.08591 5.81733 5.82831 6.1893 6.5314 7.15248 7.33092
-9999 -9999 -9999 -9999 -9999 -9999 -9999 1.64758 3.76284 6.6125 8.72406 8.85865 9.88666 10.4186 9.9924 9.51228 9.02099 8.8076 7.52909 6.1243 4.98949 3.64563 3.86877 4.83613 6.41651 7.84817 8.10468 7.80949 6.66695 7.20642 8.42848 9.07825 9.27127 9.12308 8.74025 8.52073 7.82129 7.52091 6.54916 5.02745 4.43187 4.81916 3.20443 3.32452 3.93094 3.30693 4.3642 4.87381 3.63623 4.63517 5.7697 6.35265 6.86283 7.10729 7.20809 7.35959 7.36912 7.38721 7.39993 7.40413 7.41073 7.3941 7.3819 7.25357 7.06095 5.87502 5.39112 5.49761 6.05858 6.55085 7.07244 7.28736
-9999 -9999 -9999 -9999 -9999 -9999 -9999 2.00416 3.909 6.38022 7.88631 8.15751 9.2973 10.3112 10.2008 9.7011 9.55072 9.0327 7.94879 6.75118 5.44178 4.80612 3.34203 4.78672 5.92889 7.14179 7.70976 6.77041 6.30195 7.13617 7.96565 8.29828 9.13649 9.13122 8.86186 7.69089 7.12216 7.36867 7.12753 6.70197 5.65644 5.61563 4.9466 4.67332 4.41567 3.56983 4.12423 4.18587 4.34542 5.53798 6.13156 6.52708 6.88719 6.98607 7.14584 7.35136 7.37479 7.38789 7.39308 7.40311 7.39496 7.34496 7.30416 7.03794 6.56123 5.6653 4.21411 5.25505 6.34319 6.6745 7.00318 7.17363
-9999 -9999 -9999 -9999 -9999 -9999 -9999 1.67581 3.69948 5.81192 6.69634 6.84831 8.90936 10.1724 10.1771 9.9416 9.6661 8.38284 8.46083 8.20606 7.02524 5.30406 3.41336 3.5927 4.722 6.32265 6.85366 5.30314 4.75832 5.16292 6.41663 7.53931 8.71165 9.01174 8.67191 6.84737 4.90859 5.81416 6.78182 6.78168 6.5047 5.53553 5.23193 4.95783 4.25276 3.06026 3.24374 3.58531 4.94305 5.37572 6.04033 6.59321 6.39333 6.5199 7.04867 7.35457 7.3718 7.38313 7.3991 7.39845 7.38696 7.28047 7.16753 6.97353 5.71806 4.94032 3.80869 5.14803 5.89201 6.29997 7.00807 7.18226
-9999 -9999 -9999 -9999 -9999 -9999 -9999 1.04561 2.51478 4.5341 5.34924 6.6484 8.59628 9.55567 10.0169 10.0095 9.8268 9.25367 8.9101 8.23045 7.00215 5.32159 3.4531 2.23735 2.85836 5.01229 5.52742 4.09385 3.37041 4.27717 5.61348 7.59099 8.72227 8.8779 8.7794 8.40624 6.99192 5.28259 5.2932 6.15784 5.44399 4.61367 5.0792 5.00004 4.30369 3.79889 3.49942 3.70524 4.47936 4.80337 5.57007 6.69842 6.86536 6.83964 7.31805 7.34766 7.36466 7.38848 7.39397 7.3958 7.38791 7.30214 7.10216 6.26849 5.54254 4.53 4.41117 5.60754 6.13381 6.62978 6.98051 7.0993
-9999 -9999 -9999 -9999 -9999 -9999 -9999 -0.0365211 1.69187 3.58377 5.35551 7.03201 8.47536 8.58929 9.35189 9.35364 9.75455 9.64322 9.11219 8.54032 7.48252 5.32321 3.5078 1.52761 2.05242 4.25039 4.53385 3.58014 1.81584 3.64346 5.65876 7.48568 8.47626 7.7058 8.50276 8.44157 7.91429 6.89854 5.31698 5.35196 4.16839 4.12208 4.73821 4.94214 4.84633 4.46878 3.86794 3.9849 4.45738 4.58262 5.28772 6.16449 7.02168 7.17084 7.33923 7.35224 7.36089 7.38015 7.38788 7.37624 7.33889 7.24873 6.55058 5.71921 5.20974 4.50616 4.42693 5.80209 6.35728 6.67394 6.97762 7.10138
-9999 -9999 -9999 -9999 -9999 -9999 -9999 -9999 1.51065 3.46521 4.91221 5.30368 6.58696 7.28117 7.81905 7.94046 9.47034 9.55735 9.2218 8.69686 7.79522 6.15748 5.0171 3.11804 1.75365 2.32026 2.57621 3.08153 2.93651 3.75347 5.69046 7.70847 7.93177 6.65565 6.84903 7.12085 7.72523 7.42523 5.26846 4.17517 3.2687 3.92144 4.60802 4.77843 4.81715 4.69157 4.55539 4.30189 5.21959 5.90028 6.06304 6.6572 7.09744 7.22348 7.31987 7.33707 7.35443 7.3606 7.34133 7.32903 7.22623 6.98836 6.20646 4.31735 4.41236 4.21394 3.63101 4.97211 5.83293 6.59213 6.99848 7.108
-9999 -9999 -9999 -9999 -9999 -9999 -9999 -9999 0.856342 3.11757 3.59713 3.56419 2.81893 3.16595 5.9414 6.50258 7.97002 9.35969 9.2608 8.74602 7.90277 6.92862 5.4188 3.28291 1.58625 0.868562 2.69995 4.49687 4.871 5.44776 6.63617 6.86494 5.56069 4.33797 5.03059 5.4495 7.03423 7.32707 7.02441 5.72684 4.24273 3.47052 4.39322 4.52123 4.58181 4.59836 4.58017 4.55357 5.58932 6.16424 6.56498 6.78603 7.16495 7.26652 7.30318 7.33797 7.33723 7.32397 7.27104 7.21004 6.92131 6.57059 5.28564 4.21546 3.55055 2.70496 4.63156 5.20886 6.01474 6.53413 6.93818 7.03144
