Test_Spring_2018/12_17/Temp/20171213_003.txt
ncols	170
nrows	115
xllcorner	350000.000000
yllcorner	4445000.000000
cellsize	1000.000000
nodata_value	-9999.000000
[rows 32 to 63 of 115, columns 72 to 143 of 170]
11.1998 10.8336 11.3544 11.8322 11.4985 11.2834 12.076 12.058 11.7619 11.0906 10.8331 10.567 10.3973 9.54199 7.17354 5.03703 6.15662 6.16752 5.36624 6.7591 5.99953 4.04311 1.28764 2.76148 2.3583 0.397262 -0.0928396 -9999 -9999 -9999 -9999 -9999 -9999 -9999 -9999 -9999 -9999 -9999 -9999 -9999 -9999 -9999 -9999 -9999 -9999 -9999 -9999 -9999 -9999 -9999 -9999 -9999 -9999 -9999 -9999 -9999 -9999 -9999 -9999 -9999 -9999 -9999 -9999 -9999 -9999 -9999 -9999 -9999 -9999 -9999 -9999 -9999
10.7344 10.5668 11.3494 11.3145 11.2413 11.5071 11.9916 12.0747 11.9486 11.6461 11.382 11.1023 10.4193 9.4436 7.41429 4.98473 4.42107 5.58582 5.62642 5.80029 5.10632 4.23877 2.89048 3.96589 4.37384 3.08393 1.39505 0.307704 -9999 -9999 -9999 -9999 -9999 -9999 -9999 -9999 -9999 -9999 -9999 -9999 -9999 -9999 -9999 -9999 -9999 -9999 -9999 -9999 -9999 -9999 -9999 -9999 -9999 -9999 -9999 -9999 -9999 -9999 -9999 -9999 -9999 -9999 -9999 -9999 -9999 -9999 -9999 -9999 -9999 -9999 -9999 -9999
10.1791 9.3846 9.84894 10.193 10.8425 10.9883 11.0713 12.0086 11.9407 11.8792 11.4544 11.1114 10.5543 9.61478 8.28434 6.68596 3.91523 5.59718 6.91074 6.86046 6.77146 6.15861 4.86234 5.91729 5.9515 4.30993 2.43568 1.328 0.860804 -9999 -9999 -9999 -9999 -9999 -9999 -9999 -9999 -9999 -9999 -9999 -9999 -9999 -9999 -9999 -9999 -9999 -9999 -9999 -9999 -9999 -9999 -9999 -9999 -9999 -9999 -9999 -9999 -9999 -9999 -9999 -9999 -9999 -9999 -9999 -9999 -9999 -9999 -9999 -9999 -9999 -9999 -9999
9.54758 8.58091 9.04802 9.67748 10.575 11.022 11.3574 11.6256 11.8997 11.8484 11.4142 10.165 9.97242 9.90255 9.02673 7.20682 5.38927 4.90618 6.91834 7.48246 7.34764 7.78417 6.68331 7.17942 6.95297 6.36223 4.56584 2.91667 2.22767 0.88121 -9999 -9999 -9999 -9999 -9999 -9999 -9999 -9999 -9999 -9999 -9999 -9999 -9999 -9999 -9999 -9999 -9999 -9999 -9999 -9999 -9999 -9999 -9999 -9999 -9999 -9999 -9999 -9999 -9999 -9999 -9999 -9999 -9999 -9999 -9999 -9999 -9999 -9999 -9999 -9999 -9999 -9999
-9999 -9999 7.96634 8.83085 9.54051 10.4109 11.1573 11.5268 11.8854 11.8385 10.9878 10.5634 10.5114 9.93196 8.92354 8.28444 7.1339 5.93576 6.37028 8.08348 7.29708 8.50593 8.38543 8.59396 7.75802 6.19538 4.10755 2.8768 2.25879 1.16485 -9999 -9999 -9999 -9999 -9999 -9999 -9999 -9999 -9999 -9999 -9999 -9999 -9999 -9999 -9999 -9999 -9999 -9999 -9999 -9999 -9999 -9999 -9999 -9999 -9999 -9999 -9999 -9999 -9999 -9999 -9999 -9999 -9999 -9999 -9999 -9999 -9999 -9999 -9999 -9999 -9999 -9999
-9999 -9999 -9999 8.66866 9.2048 10.3819 10.9695 11.2034 11.7924 11.7773 11.445 11.1903 10.828 10.3596 9.59779 8.75876 7.67561 7.56008 8.64975 8.64632 8.39796 8.56249 9.11396 8.94707 7.66429 5.4637 4.29074 1.92062 0.898507 0.986469 0.257829 -9999 -9999 -9999 -9999 -9999 -9999 -9999 -9999 -9999 -9999 -9999 -9999 2.79314 -9999 -9999 -9999 -9999 -9999 -9999 -9999 -9999 -9999 -9999 -9999 -9999 -9999 -9999 -9999 -9999 -9999 -9999 -9999 -9999 -1.80705 -9999 -9999 -9999 -9999 -9999 -9999 -9999
-9999 -9999 8.57858 9.30326 9.86601 10.5972 10.6469 11.0698 11.7497 11.7437 11.5036 11.2344 10.6492 10.4921 10.0516 9.14208 8.94269 9.28773 9.43729 9.60894 9.7079 9.59605 9.34839 9.03355 8.20444 7.17264 6.47498 4.31239 3.2071 2.15303 0.565573 -0.679417 -9999 -9999 -9999 -9999 -9999 -9999 -9999 2.03254 1.95851 1.97085 2.30026 3.2371 2.66231 -9999 -9999 -9999 -9999 -9999 -9999 -9999 -9999 -9999 -9999 -9999 -9999 -9999 -9999 -9999 -9999 -9999 -9999 -9999 -0.95221 -2.20602 -9999 -9999 -9999 -9999 -9999 -9999
-9999 -9999 8.77698 9.54337 9.91719 10.6268 11.0256 11.2707 11.4958 11.7106 11.6561 11.3602 10.9183 10.9052 10.3017 9.96855 9.72563 10.1982 10.2776 10.0636 9.79959 9.56405 8.93029 8.84161 8.62901 7.96796 6.8939 5.78796 4.19562 2.04585 -0.062473 -1.76575 -9999 -9999 -9999 -9999 -9999 -9999 2.22493 3.00019 3.45823 2.43477 3.27973 4.0508 3.9096 3.13926 -9999 -9999 -9999 -9999 -9999 -9999 -9999 -9999 -9999 -9999 -9999 -9999 -9999 -9999 4.97624 3.691 1.11068 -0.219483 -1.02366 -2.16514 -9999 -9999 -9999 -9999 -9999 -9999
-9999 -9999 8.61941 9.52777 10.1375 10.6772 10.7491 11.2998 11.5271 11.6353 11.6052 11.5343 11.4404 10.9121 10.6756 9.88429 10.6092 10.5639 10.3588 9.59802 9.25805 7.96449 7.38535 7.24717 8.30284 7.49324 5.82147 3.73609 1.23091 1.05449 0.217317 -1.30639 -9999 -9999 -9999 -9999 -9999 -9999 2.46888 3.29895 3.989 4.07567 3.05803 4.44009 4.37804 3.58018 3.3872 4.01318 4.32314 4.0657 4.81718 5.02658 4.66624 5.03029 -9999 -9999 -9999 -9999 5.17885 5.21446 5.23744 4.69267 1.87509 -0.0541832 -1.78817 -1.95669 -9999 -9999 -9999 -9999 -9999 -9999
-9999 -9999 9.25879 9.81071 10.081 10.11 10.593 11.0721 11.3585 11.5733 11.5126 11.4788 11.444 11.253 10.8296 10.8867 10.8371 10.5823 9.15064 7.48224 8.18415 7.17988 5.0676 6.75589 7.67516 6.75994 4.73755 2.39557 1.61605 1.63321 0.47472 -1.00629 -9999 -9999 -9999 0.205534 1.40181 1.49184 1.83335 2.94586 3.78824 4.41382 4.83797 4.814 4.3344 3.55344 2.70616 2.98714 4.46791 4.81763 5.11017 5.32767 4.99203 5.14741 5.53212 5.72342 5.74983 5.64008 5.60284 5.61974 5.55621 5.04683 2.52227 1.07215 0.141393 -1.71125 -9999 -9999 -9999 -9999 -9999 -9999
-9999 -9999 8.90415 9.38167 9.76521 10.4129 10.4662 10.8716 11.1029 11.455 11.4816 11.0303 11.3753 11.3133 11.2302 11.0711 10.845 9.63402 7.971 6.30365 5.52424 5.83458 4.55492 5.18627 6.11805 5.74802 4.50752 2.41933 2.11178 1.61286 -0.326442 -2.19339 -9999 -9999 -2.1315 0.177956 1.7994 2.62812 2.87385 2.88293 3.94827 4.01692 5.16505 4.88197 3.32699 3.48435 2.86362 3.23625 3.77337 3.90867 4.68238 5.42656 5.55481 5.54294 5.78227 5.81915 5.81704 5.79471 5.60626 5.66941 5.66569 5.34212 3.51051 2.60941 1.62334 -1.68866 -9999 -9999 -9999 -9999 -9999 -9999
-9999 -9999 9.15902 9.69525 10.2845 10.3648 10.7971 10.7276 10.5805 11.1923 11.4025 11.0795 10.8427 11.2356 11.1916 11.1212 11.0153 9.87628 8.56045 6.57709 5.33784 4.57622 4.02809 3.30775 3.77823 3.61255 3.39637 3.61001 3.01905 1.86527 0.724149 -1.39915 -2.55401 -9999 -2.00886 -0.97489 0.956349 2.59496 3.62915 3.23538 4.44889 4.6606 5.35851 4.92596 3.97573 3.56112 3.50979 3.37148 4.18433 4.72133 5.09911 5.34677 5.65889 5.72681 5.79499 5.81435 5.81766 5.82111 5.80098 5.77852 5.72586 5.59432 4.74364 3.84851 1.92338 -1.58491 -9999 -9999 -9999 -9999 -9999 -9999
-9999 7.55826 9.09177 10.0036 10.3453 10.5869 10.7981 10.9463 11.101 11.2425 11.3391 11.2728 10.4425 10.4937 10.6245 11.071 11.0214 10.9029 10.1756 7.76608 6.92405 5.7022 4.12093 3.4504 3.76044 5.02617 4.95263 4.08743 3.12525 1.79959 0.947648 -0.359753 -2.85678 -2.6482 -1.54505 -0.728264 0.579295 2.58569 3.98717 4.6034 4.82584 5.3113 5.55429 4.96984 4.41124 4.16716 3.72833 3.65315 3.6409 4.12584 4.50042 5.35011 5.62712 5.74515 5.79788 5.81898 5.82993 5.84035 5.83354 5.80091 5.78586 5.76318 5.68946 4.49771 1.54015 -0.694545 -9999 -9999 -9999 -9999 -9999 -9999
-9999 -9999 8.80067 9.19109 9.27946 9.44837 9.81388 10.2384 10.8458 10.9096 11.2384 11.2178 10.4982 9.67162 10.3626 10.6273 10.9017 10.8935 10.7847 8.76058 7.69233 6.84767 5.33091 5.8552 6.35254 6.37512 6.04873 4.21198 2.38278 0.274574 -1.69405 -1.8029 -2.87184 -2.33069 -1.60708 0.273792 1.59263 2.11789 2.49039 4.5297 5.05047 5.2197 5.73029 4.99703 4.80031 4.2456 4.39053 4.32797 4.31566 2.80623 4.28932 4.36227 5.32292 5.74419 5.82803 5.83956 5.85275 5.84157 5.83134 5.81095 5.80495 5.77671 5.74629 4.96674 1.21882 -0.672624 -9999 -9999 -9999 -9999 -9999 -9999
-9999 -9999 -9999 -9999 8.88889 9.18249 9.36425 9.69252 10.7342 11.003 11.1762 11.1758 10.8464 10.0256 9.79857 9.92978 9.12983 9.76933 10.6504 10.6115 10.4862 8.70263 7.78219 8.64079 8.35824 7.01357 5.95192 4.90401 2.76505 1.19347 -1.06062 -2.75714 -2.83612 -0.996767 0.527386 2.43077 3.26181 2.76409 3.26996 4.27691 5.42124 5.9666 5.81893 5.04694 4.92605 4.07908 4.88116 4.93581 4.54027 4.19621 4.31137 4.77856 4.94688 5.69471 5.86357 5.87943 5.86955 5.85688 5.83771 5.81745 5.79394 5.77094 5.74549 5.69644 1.84445 -1.15792 -9999 -9999 -9999 -9999 -9999 -9999
-9999 -9999 -9999 -9999 8.14776 8.31928 8.80068 10.0662 10.7179 10.972 10.9457 11.0546 10.8172 10.0943 9.35259 8.65261 7.75457 8.24322 9.56202 10.3328 10.406 8.84076 9.6304 9.31223 8.70098 6.9475 5.65096 4.95595 2.90167 1.13916 -0.365953 -2.43801 -1.5744 -0.621628 0.606709 2.6841 4.08091 4.6455 4.14327 4.7807 6.10001 6.09226 5.34718 5.37948 4.91996 3.76819 4.9363 5.25397 4.97012 5.02414 4.90822 5.07203 5.38346 5.68059 5.87269 5.88457 5.8714 5.84866 5.83235 5.81786 5.78795 5.77424 5.7489 5.71498 3.22367 -1.21988 -9999 -9999 -9999 -9999 -9999 -9999
-9999 -9999 -9999 -9999 -9999 7.45437 8.57643 10.2621 10.6643 10.6081 10.9426 10.956 10.6003 10.2896 9.39283 8.17381 5.84691 6.41994 7.63285 9.38875 10.3039 10.1622 9.628 8.71192 6.51821 4.5963 4.34853 4.02019 2.51646 1.15498 -0.516802 0.42632 1.46104 2.59465 3.18276 3.01008 4.20464 5.1758 4.74151 5.52708 6.44616 6.00756 5.74208 5.51688 4.9882 4.94221 4.98081 5.63755 5.15721 5.42734 5.41862 5.38648 5.52955 5.69661 5.87293 5.8881 5.8722 5.85926 5.82104 5.81346 5.78733 5.76172 5.73733 5.70629 5.46806 3.0669 1.62739 -9999 -9999 -9999 -9999 -9999
-9999 -9999 -9999 -9999 -9999 6.39802 6.94825 8.94791 9.55014 10.424 10.8799 10.8845 10.2952 9.96018 8.63169 8.19012 6.03701 5.05282 5.85873 5.52876 7.95275 10.0958 9.61004 5.23628 3.64181 2.4998 2.77266 2.759 2.32853 0.0228876 -0.624165 1.40836 2.68217 3.66556 4.40776 4.55014 4.50819 6.03628 6.22572 6.71208 6.58814 6.61977 5.82579 5.32879 5.73518 5.2345 5.13652 5.81548 5.11644 5.71915 5.63023 5.4285 5.40252 5.79344 5.85944 5.88643 5.87287 5.84063 5.8044 5.77705 5.7753 5.7546 5.71778 5.70493 5.66888 5.36853 4.12024 3.67475 4.13855 -9999 -9999 -9999
-9999 -9999 -9999 -9999 -9999 -9999 5.06227 7.84852 9.10876 9.76402 10.6943 10.7911 10.4718 9.90256 8.5492 7.35779 5.43145 3.23421 2.06072 5.50559 8.50183 10.0583 9.83599 6.19278 4.74525 4.6628 5.48975 4.76191 4.20581 2.44937 1.91329 1.17458 1.6033 2.98162 4.10338 5.18463 5.96678 6.01651 6.51947 6.80085 6.81041 6.88886 6.78257 6.69314 5.92648 6.43119 5.97554 6.19435 6.02839 5.87683 5.74395 5.29754 5.58514 5.83784 5.89066 5.89616 5.86297 5.8428 5.81561 5.7752 5.74804 5.73177 5.71504 5.68729 5.67325 5.64317 5.49067 4.73395 3.72564 2.45545 -9999 -9999
-9999 -9999 -9999 -9999 -9999 -9999 3.65748 6.43003 7.75369 9.46686 10.3424 10.6876 10.6217 10.157 9.12464 7.57996 6.29121 3.84002 1.29585 4.91061 8.12865 9.85939 9.93671 6.87251 7.70194 7.00297 7.26242 5.99561 5.45964 5.03129 4.11691 3.11853 2.03037 1.44616 3.98403 5.27937 6.31908 6.80139 7.06777 7.1936 7.10169 6.89475 5.74549 6.59582 6.53479 6.43381 6.32002 6.25698 6.15193 6.03066 5.9524 5.91392 5.61176 5.92084 5.89632 5.88323 5.86772 5.84277 5.81078 5.78141 5.74927 5.73318 5.70789 5.68274 5.66116 5.64036 5.6169 5.56174 5.35005 3.64911 2.62579 2.32857
-9999 -9999 -9999 -9999 -9999 -9999 -0.268033 3.77413 7.02081 8.70627 10.0773 10.4398 10.564 9.9465 9.48098 8.3691 7.31607 5.70046 3.28832 1.79791 4.49914 8.4374 9.87553 9.74596 9.63916 8.83355 8.10575 7.99955 8.03652 7.19044 5.97137 4.37667 3.86873 3.29843 5.18429 5.4257 5.27045 7.34716 7.33672 7.20296 6.38783 5.47445 5.62994 5.06012 5.47002 4.79362 5.38654 5.89677 6.07743 6.04523 5.95946 5.93803 5.88908 5.9282 5.90953 5.88302 5.85905 5.8388 5.81501 5.7753 5.74661 5.74095 5.70738 5.68087 5.65449 5.63586 5.61688 5.57214 5.53007 5.25601 4.8513 4.09351
-9999 -9999 -9999 -9999 -9999 -9999 -0.0912141 3.30274 6.18081 7.90257 9.55432 9.92334 10.469 10.3297 9.84283 8.87414 7.66862 6.33617 4.26454 2.72138 4.5258 7.13119 8.99581 9.65376 9.62608 9.56494 9.37017 9.28663 9.06157 8.89501 8.01185 6.50651 5.64697 4.39748 6.50112 6.72224 6.37409 7.41669 7.34814 5.73238 4.48686 4.31889 5.05167 4.32274 4.18193 3.72148 4.2086 5.53961 5.13616 5.19727 5.79141 5.87464 5.92213 5.92174 5.89985 5.87958 5.85226 5.83737 5.82297 5.78363 5.7576 5.73756 5.70004 5.678 5.64775 5.61866 5.59272 5.56177 5.52195 5.43326 5.33846 5.40847
-9999 -9999 -9999 -9999 -9999 -9999 -0.0155744 2.25137 4.83963 7.38283 9.14823 9.84944 10.3554 10.3322 9.76898 9.27917 8.51747 7.3432 6.53338 5.13861 3.22995 6.39121 7.34528 8.19848 8.55671 9.44684 9.40823 8.97607 8.46833 8.89811 8.75118 7.55435 7.14888 6.47667 7.63898 7.6248 7.57556 7.49625 6.12832 4.23337 2.71596 3.78234 3.54166 4.01918 2.46616 3.72293 4.72572 5.04017 4.33111 3.80108 5.37251 5.61908 5.75795 5.84062 5.88902 5.85595 5.85539 5.82972 5.80921 5.78869 5.76007 5.73715 5.70889 5.68043 5.64837 5.62068 5.58794 5.55214 5.53577 5.48042 5.44972 5.42097
-9999 -9999 -9999 -9999 -9999 -9999 -9999 0.902201 4.19089 7.12263 8.74647 9.76086 10.2458 10.2188 9.92227 9.58421 9.10575 8.25426 7.18904 5.5147 4.26816 5.036 5.97017 6.06116 6.68037 8.5051 9.1174 8.20914 5.98679 7.27198 8.70444 8.66271 8.52083 8.3645 8.16431 7.98767 7.62171 6.66967 3.78678 3.21293 2.07346 2.18669 1.59511 2.83628 2.34943 3.62881 4.17425 4.37004 3.1566 3.39438 4.78483 5.32423 5.21436 5.53865 5.84654 5.84038 5.83319 5.8086 5.7999 5.78716 5.76675 5.7385 5.71334 5.69116 5.6456 5.63009 5.50879 5.42474 5.26944 5.42823 5.42968 5.4224
-9999 -9999 -9999 -9999 -9999 -9999 -9999 0.245072 3.52484 6.98131 8.07844 9.17382 10.117 10.1181 9.6741 9.25161 8.81748 8.32596 7.03674 5.78639 4.59212 4.18146 4.4042 4.36261 5.37384 7.75587 8.20366 7.98865 5.67132 4.87468 6.79466 8.40536 8.51572 8.35037 6.41644 6.80772 5.75734 4.33912 3.93767 3.30875 1.99685 2.60633 1.64149 2.03381 1.90427 2.62381 2.96644 3.82454 2.76489 2.75455 4.11963 4.79915 4.7995 5.51352 5.7573 5.80899 5.8099 5.80633 5.79398 5.7904 5.76895 5.74378 5.71533 5.66632 5.56904 5.29366 3.8881 3.87511 4.24089 4.58613 5.22767 5.39454
-9999 -9999 -9999 -9999 -9999 -9999 -9999 0.623816 2.89438 5.95961 8.22546 8.35086 9.44351 9.99927 9.51808 8.9789 8.42812 8.1787 6.77665 5.23829 3.99255 2.52073 2.74548 3.77597 5.46246 6.99535 7.25581 6.91873 5.66983 6.23514 7.53911 8.22321 8.41254 8.23221 7.79761 7.53959 6.76176 6.41572 5.34258 3.67379 3.00734 3.40465 1.63423 1.74163 2.37524 1.66434 2.78526 3.31319 1.94955 3.00656 4.21098 4.81848 5.34746 5.58905 5.67541 5.81692 5.80497 5.80245 5.79421 5.77675 5.7618 5.72153 5.68579 5.52403 5.29232 3.98487 3.42181 3.51259 4.09525 4.60347 5.13546 5.34399
-9999 -9999 -9999 -9999 -9999 -9999 -9999 1.01135 3.05416 5.70983 7.3204 7.59394 8.80786 9.88563 9.74635 9.18603 9.00423 8.4248 7.2331 5.91862 4.48338 3.77772 2.17528 3.72196 4.93308 6.22865 6.82582 5.79746 5.2715 6.15558 7.03428 7.37481 8.26245 8.2367 7.92482 6.63663 6.00022 6.24619 5.96398 5.48187 4.3283 4.26218 3.51565 3.19729 2.89557 1.9442 2.52094 2.56411 2.71014 3.97995 4.5989 5.00362 5.37023 5.45428 5.60447 5.80442 5.80742 5.79937 5.78283 5.77153 5.74048 5.66398 5.59724 5.2862 4.74699 3.75363 2.14291 3.24566 4.39938 4.731 5.05685 5.21752
-9999 -9999 -9999 -9999 -9999 -9999 -9999 0.657822 2.82934 5.09672 6.03446 6.17914 8.39061 9.73821 9.7237 9.44935 9.13196 7.72383 7.78967 7.49551 6.19899 4.31759 2.25276 2.429 3.63039 5.34022 5.89694 4.20653 3.59758 4.01625 5.35399 6.54965 7.79887 8.10356 7.71528 5.71942 3.59968 4.55908 5.58548 5.56388 5.24233 4.17114 3.82025 3.50104 2.71502 1.39365 1.56339 1.90981 3.35555 3.80032 4.49631 5.07151 4.83195 4.94602 5.49572 5.8043 5.80053 5.79048 5.78549 5.76252 5.72775 5.59001 5.44511 5.21226 3.83001 2.96472 1.70738 3.12561 3.90703 4.31571 5.05859 5.22355
-9999 -9999 -9999 -9999 -9999 -9999 -9999 -0.0221425 1.54912 3.71582 4.57872 5.96556 8.05467 9.07367 9.55348 9.52597 9.30889 8.66931 8.27841 7.52384 6.17542 4.33749 2.29617 0.961557 1.61546 3.92032 4.45791 2.89522 2.09259 3.05467 4.48162 6.60257 7.80719 7.95538 7.82827 7.40361 5.85157 3.97995 3.97015 4.8847 4.09012 3.1692 3.65095 3.54278 2.76622 2.19686 1.83611 2.03199 2.84951 3.17674 3.98337 5.18168 5.33933 5.28857 5.78376 5.79323 5.78917 5.79257 5.77618 5.75579 5.72484 5.60947 5.37031 4.44492 3.63597 2.51657 2.36453 3.61906 4.16176 4.66904 5.02524 5.13044
-9999 -9999 -9999 -9999 -9999 -9999 -9999 -1.19116 0.660808 2.68969 4.58839 6.3839 7.92695 8.03073 8.83677 8.81915 9.23371 9.0938 8.4996 7.86128 6.69697 4.34024 2.35588 0.193179 0.74247 3.09908 3.38932 2.33722 0.407461 2.36627 4.52815 6.48593 7.53814 6.68364 7.52588 7.43888 6.84709 5.72626 3.99264 4.00889 2.70568 2.63345 3.27817 3.47641 3.34997 2.91834 2.23696 2.33067 2.82174 2.93384 3.67385 4.59986 5.50484 5.64345 5.80304 5.79455 5.78144 5.77988 5.76586 5.73085 5.66795 5.54777 4.76923 3.84633 3.27176 2.48689 2.37781 3.83394 4.39972 4.7132 5.01865 5.1294
-9999 -9999 -9999 -9999 -9999 -9999 -9999 -9999 0.467316 2.56417 4.11147 4.51594 5.88583 6.61791 7.18066 7.29247 8.92909 9.00361 8.62067 8.03273 7.037 5.24443 3.9904 1.91506 0.418639 1.00644 1.26855 1.79574 1.61883 2.48331 4.56028 6.72486 6.94632 5.54433 5.73307 6.00653 6.63981 6.29376 3.93731 2.73196 1.7286 2.41304 3.13389 3.29573 3.31482 3.1559 2.97337 2.67306 3.64299 4.35645 4.50933 5.12943 5.58305 5.69668 5.77837 5.77444 5.77076 5.75503 5.71177 5.67602 5.54221 5.26209 4.39285 2.32481 2.40465 2.16668 1.51232 2.93628 3.82243 4.62105 5.03778 5.13326
-9999 -9999 -9999 -9999 -9999 -9999 -9999 -9999 -0.238375 2.19063 2.69074 2.63592 1.8098 2.16608 5.15124 5.73905 7.30786 8.79236 8.66527 8.08788 7.15489 6.08025 4.42577 2.09358 0.237031 -0.552673 1.40486 3.32645 3.7114 4.3157 5.58216 5.80963 4.37732 3.03312 3.76232 4.19498 5.88954 6.18522 5.83594 4.40927 2.7804 1.92199 2.89829 3.01403 3.05662 3.05143 3.00357 2.94738 4.03935 4.63826 5.04878 5.26494 5.65221 5.7394 5.75647 5.77163 5.74841 5.71167 5.63197 5.5435 5.20839 4.80606 3.39218 2.21069 1.4678 0.529176 2.59167 3.18857 4.02417 4.55472 4.96903 5.04703
