Test_Spring_2018/12_17/Temp/20171202_004.txt
ncols	170
nrows	115
xllcorner	350000.000000
yllcorner	4445000.000000
cellsize	1000.000000
nodata_value	-9999.000000
[rows 32 to 63 of 115, columns 72 to 143 of 170]
10.2968 10.0012 10.4794 10.9204 10.678 10.5214 11.2447 11.2537 11.0201 10.4591 10.2588 10.0507 9.92649 9.20421 7.16219 5.3223 6.32181 6.35448 5.67897 6.917 6.27822 4.59599 2.21726 3.527 3.20018 1.52965 1.13232 -9999 -9999 -9999 -9999 -9999 -9999 -9999 -9999 -9999 -9999 -9999 -9999 -9999 -9999 -9999 -9999 -9999 -9999 -9999 -9999 -9999 -9999 -9999 -9999 -9999 -9999 -9999 -9999 -9999 -9999 -9999 -9999 -9999 -9999 -9999 -9999 -9999 -9999 -9999 -9999 -9999 -9999 -9999 -9999 -9999
9.90547 9.78323 10.4898 10.4837 10.457 10.7319 11.186 11.2831 11.1975 10.9578 10.7515 10.5314 9.95951 9.1321 7.38581 5.29042 4.82217 5.86123 5.9201 6.09534 5.51402 4.78156 3.63014 4.59257 4.97317 3.87635 2.446 1.52878 -9999 -9999 -9999 -9999 -9999 -9999 -9999 -9999 -9999 -9999 -9999 -9999 -9999 -9999 -9999 -9999 -9999 -9999 -9999 -9999 -9999 -9999 -9999 -9999 -9999 -9999 -9999 -9999 -9999 -9999 -9999 -9999 -9999 -9999 -9999 -9999 -9999 -9999 -9999 -9999 -9999 -9999 -9999 -9999
9.4356 8.76687 9.19606 9.52052 10.1312 10.3015 10.3983 11.2401 11.2051 11.1755 10.8288 10.5533 10.091 9.29502 8.15813 6.78758 4.39474 5.88497 7.05411 7.03413 6.98061 6.4705 5.36468 6.30946 6.36429 4.96744 3.37577 2.4344 2.05139 -9999 -9999 -9999 -9999 -9999 -9999 -9999 -9999 -9999 -9999 -9999 -9999 -9999 -9999 -9999 -9999 -9999 -9999 -9999 -9999 -9999 -9999 -9999 -9999 -9999 -9999 -9999 -9999 -9999 -9999 -9999 -9999 -9999 -9999 -9999 -9999 -9999 -9999 -9999 -9999 -9999 -9999 -9999
8.89925 8.08057 8.51236 9.08582 9.90176 10.3336 10.6626 10.9208 11.1839 11.1629 10.808 9.74203 9.59734 9.55963 8.81909 7.25532 5.69375 5.29607 7.0746 7.59063 7.4974 7.9027 6.96756 7.42526 7.25301 6.77036 5.23687 3.83576 3.25939 2.10942 -9999 -9999 -9999 -9999 -9999 -9999 -9999 -9999 -9999 -9999 -9999 -9999 -9999 -9999 -9999 -9999 -9999 -9999 -9999 -9999 -9999 -9999 -9999 -9999 -9999 -9999 -9999 -9999 -9999 -9999 -9999 -9999 -9999 -9999 -9999 -9999 -9999 -9999 -9999 -9999 -9999 -9999
-9999 -9999 7.58392 8.3712 9.01974 9.81572 10.503 10.8494 11.1861 11.1688 10.4504 10.1035 10.0812 9.59899 8.74268 8.20856 7.22865 6.2075 6.61041 8.12871 7.46756 8.54666 8.46677 8.674 7.97056 6.64553 4.85326 3.8171 3.3028 2.37313 -9999 -9999 -9999 -9999 -9999 -9999 -9999 -9999 -9999 -9999 -9999 -9999 -9999 -9999 -9999 -9999 -9999 -9999 -9999 -9999 -9999 -9999 -9999 -9999 -9999 -9999 -9999 -9999 -9999 -9999 -9999 -9999 -9999 -9999 -9999 -9999 -9999 -9999 -9999 -9999 -9999 -9999
-9999 -9999 -9999 8.24523 8.74227 9.79393 10.3541 10.5823 11.1198 11.1302 10.8637 10.6645 10.3714 9.98575 9.34427 8.63569 7.71451 7.63749 8.61187 8.63341 8.44175 8.61051 9.11698 8.99724 7.912 6.02331 5.02656 2.9996 2.13314 2.23431 1.62294 -9999 -9999 -9999 -9999 -9999 -9999 -9999 -9999 -9999 -9999 -9999 -9999 4.12762 -9999 -9999 -9999 -9999 -9999 -9999 -9999 -9999 -9999 -9999 -9999 -9999 -9999 -9999 -9999 -9999 -9999 -9999 -9999 -9999 0.582246 -9999 -9999 -9999 -9999 -9999 -9999 -9999
-9999 -9999 8.14806 8.81795 9.33444 9.99755 10.0774 10.4811 11.0978 11.1159 10.9295 10.7175 10.2297 10.1153 9.75372 8.98351 8.83293 9.15758 9.31225 9.4867 9.59823 9.52635 9.33639 9.08808 8.40269 7.52967 6.94787 5.09082 4.16328 3.26876 1.9086 0.846607 -9999 -9999 -9999 -9999 -9999 -9999 -9999 3.39185 3.34978 3.38316 3.69321 4.53311 4.05493 -9999 -9999 -9999 -9999 -9999 -9999 -9999 -9999 -9999 -9999 -9999 -9999 -9999 -9999 -9999 -9999 -9999 -9999 -9999 1.35009 0.27703 -9999 -9999 -9999 -9999 -9999 -9999
-9999 -9999 8.34812 9.0428 9.39497 10.0396 10.4129 10.6718 10.892 11.1025 11.0777 10.8421 10.4789 10.4897 9.98572 9.7179 9.52923 9.96508 10.0587 9.89707 9.69236 9.51303 8.98685 8.93631 8.78871 8.2396 7.3301 6.39246 5.04265 3.19291 1.3787 -0.0828559 -9999 -9999 -9999 -9999 -9999 -9999 3.55475 4.25322 4.67525 3.80556 4.56545 5.26112 5.16145 4.51896 -9999 -9999 -9999 -9999 -9999 -9999 -9999 -9999 -9999 -9999 -9999 -9999 -9999 -9999 6.46197 5.36128 3.13115 1.99123 1.31005 0.334842 -9999 -9999 -9999 -9999 -9999 -9999
-9999 -9999 8.22594 9.04495 9.60337 10.1003 10.1888 10.7031 10.9352 11.0526 11.0489 11.0092 10.9491 10.5102 10.326 9.65828 10.3134 10.2976 10.1431 9.50492 9.23435 8.13282 7.6548 7.57156 8.52027 7.84229 6.4122 4.621 2.47326 2.34649 1.641 0.336144 -9999 -9999 -9999 -9999 -9999 -9999 3.78523 4.53149 5.15591 5.25446 4.3903 5.6191 5.59404 4.92254 4.77864 5.34898 5.64371 5.45257 6.13004 6.33578 6.0444 6.38441 -9999 -9999 -9999 -9999 6.62101 6.6724 6.71254 6.25741 3.8202 2.15766 0.665499 0.537918 -9999 -9999 -9999 -9999 -9999 -9999
-9999 -9999 8.79904 9.30779 9.5707 9.62276 10.0702 10.5218 10.8046 11.0115 10.9809 10.9734 10.9645 10.8195 10.4719 10.5438 10.5232 10.3244 9.10001 7.67005 8.30791 7.46343 5.65067 7.15867 7.98917 7.21982 5.48467 3.47033 2.82746 2.86977 1.88429 0.614223 -9999 -9999 -9999 1.7614 2.82642 2.92673 3.24645 4.23875 4.99577 5.5674 5.96076 5.96553 5.57462 4.91834 4.2044 4.47443 5.79073 6.1206 6.40707 6.6203 6.35083 6.50859 6.86646 7.05521 7.0997 7.02499 7.01308 7.04801 7.01252 6.58804 4.40689 3.16201 2.37014 0.779357 -9999 -9999 -9999 -9999 -9999 -9999
-9999 -9999 8.49967 8.94369 9.30562 9.90201 9.97485 10.3541 10.5875 10.9254 10.9708 10.5988 10.9209 10.8879 10.8367 10.7197 10.5449 9.51207 8.08597 6.65704 6.00336 6.30163 5.21352 5.79963 6.64131 6.35472 5.30074 3.50807 3.26758 2.86723 1.20248 -0.401401 -9999 -9999 -0.279145 1.7566 3.19218 3.93642 4.17242 4.20232 5.1537 5.23636 6.26086 6.03913 4.71043 4.87261 4.36141 4.71193 5.20611 5.34935 6.05633 6.72801 6.86337 6.8761 7.10741 7.16165 7.18133 7.18283 7.03896 7.11407 7.13053 6.86787 5.29005 4.52371 3.68298 0.81946 -9999 -9999 -9999 -9999 -9999 -9999
-9999 -9999 8.73735 9.23272 9.77418 9.87158 10.2755 10.2473 10.1504 10.7074 10.9193 10.6589 10.4732 10.8366 10.8191 10.7791 10.7088 9.73852 8.61512 6.91068 5.85619 5.21976 4.77003 4.17784 4.61758 4.50261 4.34344 4.55876 4.07849 3.10702 2.13747 0.311217 -0.67243 -9999 -0.15234 0.770908 2.47638 3.92663 4.84995 4.52835 5.60882 5.81621 6.44917 6.09609 5.29494 4.95972 4.94051 4.84569 5.58045 6.07938 6.44116 6.68148 6.97638 7.05898 7.14125 7.18033 7.20477 7.2287 7.23151 7.23179 7.20536 7.10994 6.3873 5.62567 3.96624 0.931096 -9999 -9999 -9999 -9999 -9999 -9999
-9999 7.32362 8.69564 9.51895 9.84503 10.0836 10.2951 10.4511 10.6175 10.7702 10.877 10.8452 10.1417 10.2067 10.3412 10.7516 10.7301 10.6496 10.0393 7.96328 7.25553 6.2185 4.86805 4.319 4.61945 5.7534 5.7193 4.99448 4.18456 3.06331 2.35264 1.23725 -0.916105 -0.711601 0.272282 1.00593 2.16725 3.93795 5.1813 5.74024 5.95628 6.40301 6.63845 6.15431 5.69469 5.50746 5.15078 5.1115 5.12726 5.57664 5.93569 6.70608 6.97181 7.09733 7.1663 7.20699 7.23812 7.26808 7.28237 7.27361 7.27978 7.27906 7.2336 6.21334 3.65549 1.73062 -9999 -9999 -9999 -9999 -9999 -9999
-9999 -9999 8.45915 8.82817 8.93372 9.10926 9.45578 9.85312 10.4142 10.4944 10.8047 10.8123 10.2083 9.50755 10.1303 10.3818 10.6426 10.658 10.5869 8.84776 7.94283 7.23405 5.94017 6.43329 6.89761 6.94803 6.69402 5.12258 3.55717 1.75364 0.0639709 -0.00504117 -0.909132 -0.414259 0.238534 1.89991 3.07083 3.54963 3.89539 5.69509 6.17154 6.34289 6.81184 6.19685 6.05295 5.59515 5.74792 5.72007 5.73626 4.44694 5.77281 5.86207 6.72492 7.11931 7.21476 7.24719 7.28027 7.29133 7.30252 7.30428 7.31815 7.31233 7.30586 6.64524 3.39628 1.77045 -9999 -9999 -9999 -9999 -9999 -9999
-9999 -9999 -9999 -9999 8.61148 8.89607 9.08267 9.39643 10.3362 10.5955 10.7703 10.7928 10.5273 9.83469 9.65665 9.79152 9.11519 9.6956 10.4877 10.4791 10.3964 8.86902 8.10084 8.88014 8.66474 7.52329 6.62856 5.7455 3.91046 2.57506 0.636821 -0.816411 -0.860343 0.767347 2.12025 3.80111 4.54644 4.13293 4.59476 5.49474 6.5147 7.01314 6.90805 6.25936 6.18168 5.46926 6.19539 6.27011 5.95248 5.67982 5.81291 6.2463 6.41849 7.0953 7.26636 7.30364 7.3166 7.32631 7.32961 7.33136 7.33037 7.32929 7.32606 7.30238 3.9626 1.36778 -9999 -9999 -9999 -9999 -9999 -9999
-9999 -9999 -9999 -9999 7.98373 8.16203 8.61017 9.74145 10.3412 10.5879 10.589 10.7068 10.5218 9.91254 9.28672 8.69661 7.93467 8.38315 9.55692 10.2542 10.3446 9.0076 9.73065 9.48389 8.98204 7.48433 6.38505 5.81006 4.04921 2.54746 1.26266 -0.517796 0.260451 1.11512 2.20884 4.04216 5.28075 5.79356 5.37635 5.95345 7.12589 7.1419 6.51581 6.56854 6.1956 5.21753 6.26304 6.56735 6.34737 6.42214 6.35382 6.52288 6.82006 7.104 7.29544 7.3287 7.3392 7.34008 7.34582 7.35275 7.34578 7.35275 7.34957 7.33905 5.18583 1.33412 -9999 -9999 -9999 -9999 -9999 -9999
-9999 -9999 -9999 -9999 -9999 7.4265 8.4334 9.93125 10.3136 10.2898 10.6057 10.6404 10.3523 10.1026 9.34129 8.2987 6.29067 6.81263 7.89393 9.45018 10.2747 10.1789 9.74736 8.97915 7.09731 5.45275 5.26814 5.01303 3.73244 2.58052 1.15057 1.99968 2.92732 3.93982 4.47531 4.34621 5.40853 6.27583 5.91775 6.62395 7.44729 7.0875 6.87959 6.70772 6.27449 6.26074 6.32134 6.92143 6.53021 6.79355 6.81879 6.81708 6.96755 7.13815 7.31588 7.35203 7.36001 7.36951 7.35617 7.36904 7.36537 7.36198 7.35965 7.35168 7.16329 5.09264 3.85797 -9999 -9999 -9999 -9999 -9999
-9999 -9999 -9999 -9999 -9999 6.52395 7.03212 8.80378 9.36065 10.1481 10.5699 10.5972 10.1056 9.8351 8.69729 8.33273 6.47571 5.6408 6.36707 6.10417 8.24423 10.1406 9.75119 5.96747 4.60798 3.64335 3.91262 3.93185 3.58715 1.61194 1.07567 2.8749 4.01116 4.89279 5.56278 5.70866 5.69273 7.04546 7.23186 7.67712 7.59084 7.64106 6.9722 6.56325 6.94539 6.53508 6.47651 7.09593 6.51396 7.06729 7.02261 6.87299 6.87603 7.24185 7.32338 7.36985 7.37997 7.37262 7.36096 7.35685 7.37452 7.3755 7.36243 7.37041 7.35842 7.11987 6.05201 5.6845 6.11015 -9999 -9999 -9999
-9999 -9999 -9999 -9999 -9999 -9999 5.40578 7.86324 8.99405 9.59088 10.4265 10.5344 10.279 9.80408 8.64489 7.62663 5.96754 4.0726 3.07598 6.10475 8.74358 10.1281 9.96828 6.82122 5.58947 5.54847 6.30059 5.69672 5.24224 3.74597 3.30643 2.68902 3.08839 4.31469 5.31614 6.28068 6.98358 7.04728 7.50607 7.77441 7.80455 7.89556 7.82634 7.77269 7.13181 7.59809 7.22745 7.44541 7.32813 7.22351 7.14048 6.77737 7.05375 7.29895 7.36893 7.39699 7.38981 7.39305 7.38937 7.37354 7.36995 7.37496 7.37956 7.3747 7.38204 7.37937 7.26716 6.62829 5.7702 4.68387 -9999 -9999
-9999 -9999 -9999 -9999 -9999 -9999 4.19877 6.64405 7.83026 9.34965 10.1372 10.4631 10.4283 10.0449 9.16591 7.83988 6.73705 4.62085 2.4242 5.60307 8.4391 9.97522 10.0705 7.43386 8.18718 7.60802 7.86477 6.79044 6.35312 6.01494 5.24534 4.40141 3.47817 2.99379 5.22982 6.3813 7.30907 7.75027 8.00299 8.13331 8.07817 7.92061 6.94178 7.70752 7.68192 7.61976 7.54698 7.51887 7.4544 7.37589 7.34044 7.33282 7.09472 7.3888 7.39209 7.4034 7.41168 7.41086 7.40315 7.39715 7.38835 7.39618 7.39261 7.39021 7.39115 7.39685 7.39724 7.37021 7.20684 5.74487 4.87385 4.63859
-9999 -9999 -9999 -9999 -9999 -9999 0.793295 4.34543 7.20753 8.70298 9.92514 10.2649 10.3961 9.87978 9.49546 8.54721 7.65026 6.26298 4.18164 2.90487 5.28971 8.74973 10.0374 9.95961 9.89586 9.22307 8.61829 8.5555 8.61729 7.91473 6.87903 5.5151 5.09913 4.62594 6.29359 6.52626 6.41229 8.24422 8.25586 8.16008 7.4705 6.70153 6.86045 6.38797 6.77295 6.20872 6.7519 7.22335 7.40765 7.40641 7.36434 7.37075 7.35339 7.41349 7.42075 7.42033 7.42128 7.42469 7.42433 7.40955 7.40405 7.41847 7.41254 7.4094 7.40486 7.41279 7.41718 7.39929 7.38386 7.16622 6.83465 6.19791
-9999 -9999 -9999 -9999 -9999 -9999 0.962846 3.95606 6.49206 8.02154 9.48646 9.83206 10.3309 10.232 9.8294 9.00639 7.9768 6.83675 5.05256 3.72989 5.32732 7.63101 9.28342 9.89237 9.90367 9.87942 9.73879 9.69367 9.52677 9.41719 8.67447 7.39045 6.6661 5.60071 7.45845 7.67371 7.39187 8.32237 8.28372 6.8959 5.83126 5.70683 6.37581 5.76415 5.66906 5.29291 5.74347 6.93028 6.60302 6.68305 7.2343 7.33243 7.40095 7.42473 7.42906 7.43405 7.43214 7.44038 7.44842 7.43426 7.43139 7.4336 7.42057 7.42621 7.42017 7.41961 7.41603 7.41023 7.3968 7.34082 7.28204 7.36739
-9999 -9999 -9999 -9999 -9999 -9999 1.03895 3.05623 5.33921 7.58537 9.14939 9.78475 10.2492 10.2517 9.78295 9.3779 8.73571 7.7339 7.05028 5.85714 4.21658 6.99808 7.86379 8.64293 8.98026 9.78533 9.78087 9.43336 9.0334 9.43593 9.33793 8.32019 7.99173 7.4298 8.46682 8.47716 8.45631 8.40884 7.23745 5.60652 4.30508 5.25728 5.07024 5.51872 4.19208 5.31053 6.21084 6.51126 5.91866 5.48269 6.88609 7.1291 7.27467 7.37066 7.43617 7.42997 7.45146 7.45044 7.4534 7.45594 7.45115 7.45119 7.44658 7.4419 7.44016 7.4412 7.43392 7.42703 7.43416 7.40467 7.39917 7.3987
-9999 -9999 -9999 -9999 -9999 -9999 -9999 1.88967 4.78784 7.36986 8.81083 9.71976 10.1664 10.1661 9.93033 9.65802 9.26314 8.54303 7.6368 6.19986 5.13662 5.83077 6.67993 6.79501 7.36267 8.98209 9.54453 8.7811 6.8797 8.03255 9.30858 9.29837 9.20006 9.08835 8.94075 8.80964 8.51293 7.70476 5.21263 4.73103 3.75934 3.88044 3.38744 4.50297 4.10642 5.24713 5.74825 5.94476 4.91254 5.15407 6.39549 6.89056 6.81899 7.12552 7.41563 7.43287 7.44865 7.44874 7.46222 7.47184 7.47453 7.47216 7.47071 7.47194 7.4598 7.47203 7.3877 7.33588 7.22192 7.38181 7.40441 7.42975
-9999 -9999 -9999 -9999 -9999 -9999 -9999 1.33795 4.22358 7.26295 8.24446 9.22398 10.0703 10.0947 9.73054 9.3849 9.02901 8.62312 7.52184 6.45484 5.43728 5.1037 5.32319 5.33267 6.24164 8.34644 8.76476 8.60519 6.62578 5.95799 7.65877 9.08925 9.21073 9.09111 7.42853 7.79305 6.89986 5.68552 5.35765 4.83139 3.70968 4.26382 3.44551 3.81124 3.73691 4.38917 4.7131 5.4868 4.58827 4.61324 5.8327 6.44968 6.47402 7.12026 7.35596 7.42365 7.44659 7.46518 7.47577 7.49371 7.49589 7.49472 7.49069 7.4688 7.40494 7.19342 5.99428 6.0045 6.34502 6.66759 7.25301 7.42671
-9999 -9999 -9999 -9999 -9999 -9999 -9999 1.68493 3.69019 6.38817 8.3887 8.5223 9.49902 10.0072 9.6108 9.16367 8.70633 8.51186 7.31242 5.99446 4.93212 3.67315 3.89426 4.81861 6.33689 7.70066 7.95504 7.68841 6.64089 7.16035 8.32355 8.94571 9.13589 9.00313 8.64811 8.44655 7.79129 7.51226 6.599 5.16627 4.60776 4.97716 3.45653 3.57388 4.15057 3.57069 4.57305 5.05849 3.89451 4.85492 5.92967 6.4836 6.96874 7.20288 7.30124 7.44727 7.45908 7.47875 7.49312 7.49922 7.50734 7.4933 7.48321 7.36326 7.1824 6.06356 5.60754 5.70834 6.23808 6.70288 7.20083 7.40391
-9999 -9999 -9999 -9999 -9999 -9999 -9999 2.03942 3.84582 6.18642 7.61538 7.87809 8.96055 9.92402 9.82595 9.36057 9.22523 8.74321 7.72744 6.60488 5.37738 4.78657 3.41419 4.78849 5.89285 7.04922 7.59674 6.74221 6.30989 7.10693 7.89894 8.22124 9.02019 9.02217 8.77418 7.6744 7.14267 7.38016 7.15693 6.75937 5.77636 5.74187 5.11431 4.86049 4.62155 3.83274 4.36034 4.4228 4.5806 5.72132 6.28529 6.66221 7.00559 7.10224 7.25622 7.45325 7.47818 7.49317 7.50049 7.5122 7.50654 7.46118 7.42431 7.17444 6.72565 5.88093 4.51215 5.49554 6.52339 6.84224 7.15333 7.3149
-9999 -9999 -9999 -9999 -9999 -9999 -9999 1.74752 3.66594 5.66775 6.50982 6.66006 8.61241 9.81123 9.82206 9.60621 9.35282 8.14833 8.22938 7.99675 6.89032 5.27424 3.4986 3.67768 4.76235 6.29139 6.80325 5.3715 4.86645 5.25731 6.44933 7.51711 8.63123 8.92129 8.60667 6.88986 5.06475 5.9246 6.8428 6.8471 6.58991 5.67918 5.39684 5.1424 4.48117 3.35833 3.54298 3.8697 5.17016 5.58224 6.21323 6.73867 6.55334 6.6761 7.17844 7.47022 7.48933 7.5027 7.52028 7.522 7.51334 7.41481 7.31004 7.12859 5.94487 5.21203 4.14335 5.41085 6.11416 6.50625 7.17585 7.34139
-9999 -9999 -9999 -9999 -9999 -9999 -9999 1.17083 2.56561 4.47946 5.25613 6.48949 8.3351 9.24735 9.68931 9.68881 9.52303 8.9889 8.67182 8.03783 6.88627 5.30816 3.55304 2.41452 3.01037 5.06989 5.57272 4.24452 3.5703 4.43478 5.70438 7.57886 8.65393 8.80743 8.72055 8.37394 7.044 5.43524 5.45003 6.27092 5.60147 4.822 5.26594 5.19568 4.5428 4.07083 3.79837 4.00013 4.74655 5.05605 5.78343 6.85216 7.01314 6.99212 7.44691 7.47788 7.4968 7.52202 7.52979 7.53396 7.52883 7.45004 7.26329 6.47815 5.7946 4.84038 4.7298 5.86114 6.36491 6.83512 7.16773 7.28139
-9999 -9999 -9999 -9999 -9999 -9999 -9999 0.167578 1.807 3.60052 5.28032 6.86995 8.23928 8.35338 9.07983 9.08801 9.47315 9.37488 8.88064 8.34817 7.3573 5.32687 3.62147 1.76083 2.26542 4.35815 4.66614 3.77437 2.11708 3.85057 5.76087 7.4929 8.43492 7.71392 8.47233 8.42018 7.9277 6.97379 5.48548 5.52321 4.41041 4.37125 4.9575 5.15461 5.06879 4.71703 4.15289 4.27846 4.74001 4.86188 5.53113 6.36237 7.17503 7.31913 7.48127 7.4966 7.50768 7.52867 7.53864 7.53021 7.49739 7.4146 6.7577 5.97494 5.49601 4.83373 4.76084 6.05918 6.59289 6.8943 7.18287 7.3016
-9999 -9999 -9999 -9999 -9999 -9999 -9999 -9999 1.6543 3.50696 4.88018 5.25663 6.47485 7.13677 7.65103 7.77209 9.22297 9.31179 9.0019 8.51351 7.66979 6.13148 5.06308 3.27871 1.99939 2.55847 2.83322 3.3186 3.18978 3.96885 5.80497 7.71719 7.93464 6.7361 6.92455 7.18672 7.76258 7.48439 5.45307 4.42565 3.57452 4.19542 4.84826 5.01383 5.0551 4.9413 4.81961 4.60371 5.47386 6.1202 6.27749 6.84197 7.26103 7.38334 7.47756 7.4969 7.51626 7.52495 7.50951 7.50056 7.40606 7.18396 6.44815 4.66698 4.75893 4.57382 4.02565 5.29943 6.11557 6.83451 7.22036 7.32601
-9999 -9999 -9999 -9999 -9999 -9999 -9999 -9999 1.05498 3.19718 3.65706 3.63284 2.93588 3.26997 5.8966 6.43272 7.82447 9.14293 9.05626 8.5772 7.78837 6.87631 5.45888 3.45069 1.85747 1.21155 2.95575 4.6699 5.03103 5.58315 6.71238 6.93524 5.71039 4.56213 5.22179 5.62273 7.12405 7.40551 7.12461 5.90432 4.50788 3.78352 4.65935 4.78495 4.84695 4.86742 4.85896 4.84731 5.83724 6.38382 6.76586 6.97816 7.3394 7.43868 7.47657 7.51256 7.51491 7.50532 7.45818 7.40333 7.1334 6.80487 5.59428 4.58642 3.96113 3.16525 4.98656 5.53951 6.30157 6.79714 7.18114 7.27178
