Test_Spring_2018/12_17/Temp/20171216_013.txt
ncols	170
nrows	115
xllcorner	350000.000000
yllcorner	4445000.000000
cellsize	1000.000000
nodata_value	-9999.000000
[rows 32 to 63 of 115, columns 72 to 143 of 170]
13.2223 13.0138 13.3688 13.6965 13.5113 13.3941 13.9227 13.9353 13.7713 13.3691 13.2298 13.0851 13.0016 12.4825 11.0022 9.66904 10.4041 10.4348 9.94947 10.8577 10.3986 9.17914 7.45202 8.41144 8.17853 6.95853 6.67052 -9999 -9999 -9999 -9999 -9999 -9999 -9999 -9999 -9999 -9999 -9999 -9999 -9999 -9999 -9999 -9999 -9999 -9999 -9999 -9999 -9999 -9999 -9999 -9999 -9999 -9999 -9999 -9999 -9999 -9999 -9999 -9999 -9999 -9999 -9999 -9999 -9999 -9999 -9999 -9999 -9999 -9999 -9999 -9999 -9999
12.9272 12.845 13.3664 13.3685 13.3461 13.5373 13.8698 13.9466 13.8905 13.7224 13.5788 13.4252 13.0156 12.4199 11.1549 9.63558 9.30147 10.0652 10.1148 10.2489 9.83162 9.30401 8.47096 9.17747 9.45995 8.66525 7.6172 6.94612 -9999 -9999 -9999 -9999 -9999 -9999 -9999 -9999 -9999 -9999 -9999 -9999 -9999 -9999 -9999 -9999 -9999 -9999 -9999 -9999 -9999 -9999 -9999 -9999 -9999 -9999 -9999 -9999 -9999 -9999 -9999 -9999 -9999 -9999 -9999 -9999 -9999 -9999 -9999 -9999 -9999 -9999 -9999 -9999
12.575 12.0948 12.4141 12.657 13.0899 13.2095 13.286 13.9053 13.8861 13.871 13.6251 13.4311 13.1013 12.5285 11.7074 10.716 8.97999 10.0724 10.9307 10.9225 10.8898 10.5241 9.72432 10.418 10.4632 9.4457 8.27543 7.59555 7.32256 -9999 -9999 -9999 -9999 -9999 -9999 -9999 -9999 -9999 -9999 -9999 -9999 -9999 -9999 -9999 -9999 -9999 -9999 -9999 -9999 -9999 -9999 -9999 -9999 -9999 -9999 -9999 -9999 -9999 -9999 -9999 -9999 -9999 -9999 -9999 -9999 -9999 -9999 -9999 -9999 -9999 -9999 -9999
12.1746 11.5851 11.9062 12.3305 12.9209 13.2296 13.4686 13.6628 13.8606 13.8518 13.5998 12.8301 12.7317 12.7112 12.1788 11.0468 9.91625 9.63341 10.9356 11.318 11.2562 11.5574 10.8819 11.2207 11.1004 10.7493 9.62928 8.60596 8.19202 7.36048 -9999 -9999 -9999 -9999 -9999 -9999 -9999 -9999 -9999 -9999 -9999 -9999 -9999 -9999 -9999 -9999 -9999 -9999 -9999 -9999 -9999 -9999 -9999 -9999 -9999 -9999 -9999 -9999 -9999 -9999 -9999 -9999 -9999 -9999 -9999 -9999 -9999 -9999 -9999 -9999 -9999 -9999
-9999 -9999 11.2202 11.7901 12.2651 12.8427 13.3424 13.6008 13.8522 13.846 13.3293 13.0834 13.0741 12.7299 12.1132 11.7313 11.0245 10.2876 10.5877 11.7002 11.2247 12.0167 11.964 12.1203 11.6129 10.6401 9.33961 8.58185 8.21292 7.54168 -9999 -9999 -9999 -9999 -9999 -9999 -9999 -9999 -9999 -9999 -9999 -9999 -9999 -9999 -9999 -9999 -9999 -9999 -9999 -9999 -9999 -9999 -9999 -9999 -9999 -9999 -9999 -9999 -9999 -9999 -9999 -9999 -9999 -9999 -9999 -9999 -9999 -9999 -9999 -9999 -9999 -9999
-9999 -9999 -9999 11.6886 12.0532 12.8247 13.2242 13.3963 13.7939 13.8078 13.6202 13.4819 13.2754 13.0016 12.5416 12.0326 11.3688 11.3196 12.0362 12.0583 11.9248 12.0535 12.4279 12.3457 11.5555 10.1768 9.45534 7.97571 7.34998 7.42935 6.99002 -9999 -9999 -9999 -9999 -9999 -9999 -9999 -9999 -9999 -9999 -9999 -9999 8.92566 -9999 -9999 -9999 -9999 -9999 -9999 -9999 -9999 -9999 -9999 -9999 -9999 -9999 -9999 -9999 -9999 -9999 -9999 -9999 -9999 6.56961 -9999 -9999 -9999 -9999 -9999 -9999 -9999
-9999 -9999 11.6119 12.0933 12.4747 12.963 13.0192 13.3126 13.7678 13.7872 13.658 13.5104 13.1622 13.0861 12.8301 12.2764 12.174 12.4176 12.537 12.6706 12.7579 12.7112 12.5781 12.402 11.8957 11.264 10.8444 9.49645 8.81766 8.17139 7.1863 6.41882 -9999 -9999 -9999 -9999 -9999 -9999 -9999 8.33826 8.31739 8.35164 8.58751 9.20937 8.87108 -9999 -9999 -9999 -9999 -9999 -9999 -9999 -9999 -9999 -9999 -9999 -9999 -9999 -9999 -9999 -9999 -9999 -9999 -9999 7.11611 6.34733 -9999 -9999 -9999 -9999 -9999 -9999
-9999 -9999 11.7366 12.2477 12.5091 12.9835 13.2604 13.4416 13.6077 13.7672 13.7557 13.591 13.3336 13.3489 12.9894 12.8019 12.6719 12.9966 13.0717 12.9605 12.8174 12.6923 12.314 12.2817 12.1673 11.7711 11.1123 10.4331 9.44689 8.10438 6.78817 5.72931 -9999 -9999 -9999 -9999 -9999 -9999 8.43469 8.95323 9.27063 8.64726 9.21099 9.72794 9.66547 9.20493 -9999 -9999 -9999 -9999 -9999 -9999 -9999 -9999 -9999 -9999 -9999 -9999 -9999 -9999 10.7765 9.98689 8.3749 7.55733 7.07415 6.37693 -9999 -9999 -9999 -9999 -9999 -9999
-9999 -9999 11.6388 12.24 12.6512 13.0176 13.0866 13.4604 13.629 13.7206 13.7245 13.7025 13.6661 13.354 13.2276 12.7491 13.234 13.2299 13.1244 12.666 12.4749 11.6779 11.3344 11.2677 11.9623 11.4717 10.4331 9.13154 7.56255 7.47584 6.96682 6.02174 -9999 -9999 -9999 -9999 -9999 -9999 8.58964 9.14323 9.60833 9.6905 9.07146 9.97694 9.9664 9.48769 9.39311 9.8186 10.0431 9.90851 10.4179 10.5775 10.3749 10.6321 -9999 -9999 -9999 -9999 10.8554 10.9043 10.9453 10.6261 8.86351 7.66552 6.5919 6.51381 -9999 -9999 -9999 -9999 -9999 -9999
-9999 -9999 12.0475 12.4222 12.6177 12.6597 12.9897 13.3177 13.5236 13.6784 13.6629 13.6647 13.666 13.5683 13.3233 13.3838 13.3768 13.2396 12.355 11.32 11.7906 11.1815 9.86006 10.9582 11.5661 11.0083 9.74686 8.28209 7.80895 7.84483 7.13139 6.20955 -9999 -9999 -9999 7.07332 7.85787 7.94029 8.18301 8.91602 9.4779 9.90624 10.2035 10.2126 9.94102 9.47347 8.96368 9.1704 10.139 10.3888 10.6078 10.7726 10.5857 10.7082 10.9783 11.1255 11.1678 11.1237 11.1258 11.1625 11.1484 10.8515 9.27761 8.38415 7.82098 6.68246 -9999 -9999 -9999 -9999 -9999 -9999
-9999 -9999 11.8192 12.1466 12.414 12.8496 12.9067 13.1873 13.3575 13.6054 13.6453 13.3817 13.6243 13.6086 13.5797 13.5029 13.3839 12.6394 11.6079 10.5737 10.1034 10.3215 9.53283 9.95946 10.5752 10.3682 9.59874 8.2951 8.12239 7.82715 6.62015 5.45677 -9999 -9999 5.56532 7.05634 8.11093 8.66261 8.8446 8.87686 9.58062 9.65169 10.4088 10.2536 9.29885 9.42752 9.06704 9.33237 9.69988 9.81366 10.3338 10.8373 10.9451 10.9636 11.1413 11.1902 11.2142 11.2255 11.1313 11.1973 11.2211 11.0422 9.9058 9.36092 8.76281 6.69608 -9999 -9999 -9999 -9999 -9999 -9999
-9999 -9999 11.9801 12.3444 12.7422 12.8167 13.1148 13.0986 13.0283 13.4398 13.5975 13.4154 13.2883 13.5616 13.5576 13.5373 13.4947 12.796 11.9851 10.7502 9.98792 9.52547 9.20146 8.76554 9.08796 9.00605 8.89184 9.05048 8.7012 7.98976 7.28722 5.96291 5.25181 -9999 5.64423 6.32491 7.57624 8.6424 9.32533 9.10185 9.89995 10.0622 10.5306 10.2841 9.71367 9.47826 9.4745 9.4154 9.96032 10.3344 10.6032 10.7877 11.0156 11.0847 11.1536 11.1912 11.2185 11.246 11.2586 11.27 11.2626 11.2057 10.6924 10.1515 8.95684 6.76527 -9999 -9999 -9999 -9999 -9999 -9999
-9999 10.9445 11.941 12.5436 12.7841 12.9611 13.1186 13.2362 13.3579 13.4746 13.559 13.541 13.037 13.0932 13.2003 13.5084 13.5016 13.4513 13.0143 11.5088 10.9962 10.2413 9.26051 8.85965 9.08003 9.90727 9.88355 9.35676 8.76822 7.94778 7.43163 6.62341 5.06129 5.21644 5.94033 6.48296 7.33805 8.63784 9.55415 9.97238 10.1411 10.4749 10.6574 10.3143 9.99239 9.86656 9.61701 9.59836 9.6195 9.95622 10.2234 10.7948 10.9975 11.1009 11.1599 11.1985 11.2304 11.2621 11.283 11.2878 11.3042 11.3163 11.2965 10.5673 8.71781 7.33476 -9999 -9999 -9999 -9999 -9999 -9999
-9999 -9999 11.7597 12.0311 12.1106 12.2412 12.4968 12.7899 13.1992 13.2633 13.496 13.5086 13.0757 12.5744 13.0375 13.23 13.4292 13.4489 13.4048 12.1404 11.4858 10.973 10.033 10.3909 10.7302 10.7676 10.5831 9.43911 8.29973 6.98213 5.7542 5.70773 5.05283 5.42035 5.90305 7.12152 7.98373 8.34265 8.60536 9.92765 10.2841 10.4193 10.7718 10.3347 10.2428 9.9199 10.0415 10.0311 10.0526 9.12271 10.0942 10.1687 10.8064 11.1033 11.1836 11.216 11.2493 11.267 11.2855 11.298 11.32 11.3284 11.3369 10.8696 8.51739 7.35226 -9999 -9999 -9999 -9999 -9999 -9999
-9999 -9999 -9999 -9999 11.866 12.0758 12.2147 12.4467 13.132 13.3265 13.4604 13.4843 13.2993 12.8031 12.6831 12.791 12.3076 12.7382 13.3214 13.3207 13.2649 12.1555 11.5954 12.1642 12.0079 11.1767 10.5252 9.88215 8.54596 7.56923 6.15997 5.10498 5.07768 6.26922 7.26177 8.4945 9.04681 8.75589 9.10331 9.76872 10.5228 10.897 10.8315 10.3698 10.3261 9.81781 10.3571 10.4214 10.1997 10.0104 10.1131 10.4382 10.5729 11.075 11.2087 11.246 11.2644 11.2811 11.2938 11.3062 11.3173 11.3292 11.3402 11.337 8.91869 7.04777 -9999 -9999 -9999 -9999 -9999 -9999
-9999 -9999 -9999 -9999 11.3988 11.531 11.8603 12.6878 13.1254 13.3108 13.3182 13.4116 13.2853 12.8506 12.4042 11.9842 11.4381 11.7728 12.6347 13.1482 13.2183 12.2474 12.7735 12.5946 12.2294 11.1385 10.3376 9.91878 8.6364 7.53842 6.605 5.31154 5.88307 6.51149 7.3153 8.65908 9.57077 9.95463 9.66115 10.0925 10.9577 10.9805 10.5355 10.5848 10.326 9.62422 10.3961 10.6277 10.4771 10.5408 10.497 10.6295 10.8552 11.0712 11.2197 11.2531 11.2703 11.2805 11.2949 11.3109 11.3177 11.3354 11.3465 11.3528 9.79892 7.01244 -9999 -9999 -9999 -9999 -9999 -9999
-9999 -9999 -9999 -9999 -9999 10.9852 11.7215 12.816 13.0953 13.0837 13.3205 13.3535 13.1521 12.9794 12.4344 11.6847 10.2311 10.6193 11.4138 12.5529 13.1577 13.0909 12.7759 12.2171 10.8466 9.64866 9.51403 9.32815 8.39557 7.55243 6.51327 7.13527 7.81562 8.55903 8.95624 8.87056 9.65385 10.2958 10.0457 10.5711 11.1819 10.931 10.7905 10.6762 10.3734 10.3741 10.4285 10.8756 10.6002 10.8013 10.8257 10.8339 10.9527 11.0862 11.2247 11.2602 11.2754 11.2919 11.2924 11.3128 11.3219 11.3319 11.3436 11.3517 11.229 9.73984 8.85614 -9999 -9999 -9999 -9999 -9999
-9999 -9999 -9999 -9999 -9999 10.3177 10.6908 11.9849 12.3914 12.9708 13.2849 13.3124 12.9629 12.7745 11.9553 11.6995 10.356 9.7554 10.2912 10.1052 11.6683 13.0527 12.7684 10.0131 9.02322 8.32066 8.5168 8.5309 8.28021 6.83745 6.44941 7.76362 8.59603 9.24417 9.73938 9.85375 9.85166 10.8472 10.9936 11.3288 11.277 11.3246 10.8483 10.5611 10.8523 10.564 10.5315 10.9927 10.5784 10.9908 10.9642 10.8648 10.8763 11.152 11.2206 11.2637 11.2805 11.2848 11.2863 11.2945 11.3191 11.3323 11.3359 11.3555 11.3611 11.2065 10.4442 10.192 10.5176 -9999 -9999 -9999
-9999 -9999 -9999 -9999 -9999 -9999 9.49628 11.2902 12.1147 12.5555 13.1711 13.2574 13.0774 12.7413 11.9067 11.1746 9.97508 8.60296 7.88266 10.0944 12.0209 13.0325 12.9156 10.6244 9.72784 9.69839 10.2466 9.80715 9.47682 8.38307 8.06575 7.61982 7.91563 8.81375 9.55065 10.2619 10.7834 10.8398 11.1845 11.3906 11.4234 11.5005 11.4609 11.4324 10.9783 11.3285 11.0687 11.2374 11.1616 11.0947 11.0402 10.7853 10.9961 11.1841 11.2444 11.2741 11.2784 11.2905 11.2979 11.2968 11.3069 11.3228 11.3392 11.3492 11.3687 11.3857 11.3193 10.8693 10.2596 9.48341 -9999 -9999
-9999 -9999 -9999 -9999 -9999 -9999 8.60724 10.3925 11.2575 12.3704 12.949 13.192 13.1759 12.9062 12.2755 11.3189 10.5243 8.99088 7.39788 9.71892 11.7873 12.9096 12.9815 11.0597 11.6096 11.1886 11.3764 10.5947 10.2774 10.0274 9.47005 8.85942 8.19 7.84331 9.47986 10.3272 11.0124 11.3436 11.538 11.6434 11.6124 11.5096 10.8071 11.3753 11.3694 11.3345 11.2916 11.281 11.2437 11.196 11.176 11.1802 11.0164 11.2399 11.2519 11.2696 11.2853 11.2945 11.299 11.3051 11.3096 11.3273 11.3398 11.3514 11.3659 11.3889 11.4042 11.3996 11.2956 10.2456 9.62583 9.47059
-9999 -9999 -9999 -9999 -9999 -9999 6.11673 8.70865 10.7915 11.8874 12.7814 13.0374 13.1419 12.7751 12.5044 11.8227 11.1778 10.1751 8.66603 7.74205 9.4833 12.0076 12.9458 12.8883 12.8435 12.3549 11.9158 11.8715 11.9183 11.4032 10.6492 9.66056 9.36244 9.02466 10.2472 10.4252 10.3513 11.6954 11.7139 11.6545 11.1625 10.6106 10.7365 10.4046 10.6977 10.2969 10.7027 11.0559 11.1999 11.2085 11.1836 11.1978 11.1949 11.2485 11.2634 11.2728 11.2832 11.2957 11.3056 11.3053 11.3122 11.3341 11.3424 11.3526 11.3666 11.3911 11.4089 11.4106 11.4141 11.2702 11.0431 10.5953
-9999 -9999 -9999 -9999 -9999 -9999 6.22737 8.40733 10.2606 11.3766 12.4514 12.7115 13.0836 13.0205 12.7362 12.1454 11.4037 10.5809 9.2881 8.3307 9.49955 11.1805 12.3875 12.8304 12.8384 12.8228 12.7224 12.6885 12.5693 12.486 11.9494 11.0178 10.4963 9.72727 11.0882 11.2535 11.0572 11.7444 11.7261 10.7251 9.95973 9.8792 10.3739 9.93821 9.88158 9.62009 9.95829 10.8326 10.6037 10.6716 11.0786 11.1601 11.22 11.2471 11.2601 11.2735 11.2821 11.2981 11.3142 11.3144 11.3232 11.3361 11.3383 11.3556 11.364 11.3823 11.3982 11.4083 11.4129 11.3864 11.357 11.4353
-9999 -9999 -9999 -9999 -9999 -9999 6.27328 7.74175 9.41092 11.0484 12.1953 12.6662 13.013 13.0235 12.6906 12.404 11.9442 11.2219 10.7308 9.86779 8.67814 10.7089 11.3414 11.9087 12.1545 12.7432 12.7421 12.4913 12.1942 12.4915 12.4229 11.6873 11.4544 11.0521 11.8153 11.8311 11.8248 11.7995 10.9557 9.77744 8.83927 9.54274 9.41632 9.74973 8.79604 9.62025 10.2859 10.5145 10.0954 9.78742 10.8149 11.0021 11.1182 11.1981 11.2557 11.2612 11.2868 11.2962 11.3087 11.3211 11.3285 11.3397 11.3479 11.3565 11.369 11.3884 11.3968 11.4041 11.4236 11.4208 11.4308 11.4464
-9999 -9999 -9999 -9999 -9999 -9999 -9999 6.88182 8.99248 10.8803 11.9374 12.6074 12.9409 12.949 12.7856 12.5953 12.3154 11.7981 11.1446 10.1039 9.33471 9.84505 10.4651 10.5487 10.9652 12.1477 12.5602 12.0072 10.6174 11.4589 12.3935 12.3919 12.3268 12.2525 12.1528 12.0655 11.8581 11.2784 9.4724 9.1308 8.43256 8.53038 8.18087 8.9995 8.7235 9.56422 9.93903 10.0919 9.34977 9.52993 10.4448 10.8157 10.7738 11.0073 11.231 11.2536 11.2753 11.2856 11.3058 11.3234 11.3362 11.3434 11.3537 11.3664 11.3712 11.3991 11.3512 11.3271 11.258 11.3885 11.4189 11.4543
-9999 -9999 -9999 -9999 -9999 -9999 -9999 6.46186 8.57036 10.7913 11.5137 12.2349 12.8593 12.8851 12.6279 12.3839 12.1322 11.8437 11.0481 10.277 9.54128 9.30329 9.46767 9.47184 10.1375 11.6742 11.9824 11.8698 10.4203 9.93884 11.1833 12.2313 12.3265 12.2465 11.0431 11.3168 10.6746 9.79892 9.56917 9.19508 8.38734 8.8004 8.21373 8.48954 8.44445 8.9293 9.17497 9.74828 9.10349 9.12562 10.0246 10.4843 10.5123 10.9933 11.1752 11.2348 11.2618 11.2857 11.3038 11.3275 11.3398 11.35 11.3584 11.3541 11.3195 11.1794 10.3258 10.3466 10.6081 10.8567 11.2988 11.4401
-9999 -9999 -9999 -9999 -9999 -9999 -9999 6.70318 8.17049 10.1428 11.6073 11.7122 12.4314 12.8094 12.5285 12.2104 11.8846 11.75 10.883 9.92909 9.16097 8.24917 8.4151 9.09293 10.1958 11.1932 11.3826 11.1925 10.4217 10.8055 11.6586 12.1181 12.2634 12.174 11.9231 11.7843 11.3154 11.1208 10.4645 9.42992 9.03225 9.31056 8.21215 8.3069 8.73624 8.32298 9.0628 9.4261 8.58792 9.29165 10.0848 10.4985 10.8622 11.043 11.125 11.2417 11.2606 11.2853 11.3063 11.3214 11.3381 11.3388 11.3427 11.2668 11.1469 10.344 10.0334 10.1199 10.5189 10.8707 11.2505 11.4114
-9999 -9999 -9999 -9999 -9999 -9999 -9999 6.94979 8.27232 9.98427 11.0324 11.2312 12.0273 12.7368 12.673 12.3415 12.2502 11.906 11.1728 10.3614 9.47312 9.04828 8.05378 9.05975 9.86123 10.708 11.1114 10.4803 10.1708 10.7571 11.3401 11.5814 12.1702 12.179 12.006 11.2129 10.8339 11.0155 10.8617 10.581 9.87395 9.85791 9.40992 9.23419 9.06931 8.50359 8.89753 8.95268 9.07752 9.91223 10.3333 10.618 10.8784 10.9591 11.0816 11.2354 11.264 11.2853 11.3012 11.3204 11.327 11.305 11.2893 11.1187 10.8034 10.2 9.22466 9.95373 10.7153 10.9626 11.204 11.3344
-9999 -9999 -9999 -9999 -9999 -9999 -9999 6.72541 8.12961 9.59478 10.2154 10.3322 11.7618 12.6426 12.658 12.5081 12.3307 11.4603 11.5261 11.363 10.5632 9.3917 8.10372 8.23937 9.0309 10.1452 10.523 9.47149 9.10926 9.39993 10.2745 11.059 11.8775 12.0962 11.8747 10.6321 9.31089 9.94571 10.6232 10.6352 10.4567 9.80233 9.6057 9.42944 8.95688 8.15184 8.29166 8.53927 9.48995 9.80026 10.2701 10.663 10.5382 10.6379 11.0141 11.237 11.2613 11.2815 11.3048 11.3168 11.3212 11.2604 11.1952 11.0744 10.2237 9.70162 8.94264 9.88068 10.4056 10.7081 11.2084 11.3415
-9999 -9999 -9999 -9999 -9999 -9999 -9999 6.2935 7.31631 8.71741 9.29032 10.196 11.5478 12.2198 12.5491 12.5561 12.4425 12.0605 11.8363 11.3809 10.5483 9.40473 8.13192 7.30803 7.74734 9.2446 9.61144 8.64001 8.15477 8.79062 9.72186 11.094 11.8842 12.0034 11.9478 11.7033 10.7428 9.57933 9.5987 10.2054 9.7266 9.16775 9.50011 9.45795 8.99142 8.65669 8.46705 8.6239 9.17065 9.40618 9.94614 10.7348 10.8622 10.8571 11.1987 11.2315 11.2557 11.2845 11.3007 11.3144 11.3215 11.275 11.1501 10.5895 10.103 9.41956 9.3508 10.1971 10.5791 10.9358 11.1904 11.2855
-9999 -9999 -9999 -9999 -9999 -9999 -9999 5.55083 6.75188 8.06532 9.29607 10.4613 11.4661 11.5566 12.0931 12.1064 12.3941 12.3296 11.9764 11.5952 10.8797 9.40681 8.17039 6.82067 7.19368 8.72005 8.93061 8.28685 7.08564 8.3546 9.75264 11.0211 11.7144 11.1966 11.7568 11.7267 11.3762 10.6897 9.61418 9.65037 8.84859 8.82897 9.26497 9.41754 9.36405 9.11684 8.71903 8.81587 9.15505 9.25385 9.7514 10.367 10.969 11.0842 11.2125 11.2339 11.2523 11.278 11.2958 11.3004 11.2873 11.2379 10.7705 10.2116 9.87411 9.40324 9.36182 10.3274 10.7335 10.9669 11.1893 11.2878
-9999 -9999 -9999 -9999 -9999 -9999 -9999 -9999 6.62879 7.98531 8.99272 9.27417 10.1689 10.6584 11.0404 11.1359 12.2 12.2719 12.053 11.704 11.0959 9.98152 9.20923 7.91518 6.98883 7.39348 7.58457 7.94404 7.85626 8.43003 9.77405 11.1738 11.3393 10.4736 10.6186 10.8175 11.2452 11.051 9.57987 8.84019 8.22903 8.69022 9.17473 9.30432 9.34338 9.26949 9.1941 9.03491 9.67869 10.1595 10.284 10.7052 11.0204 11.1196 11.1983 11.2226 11.247 11.2638 11.2631 11.2672 11.2092 11.0584 10.5335 9.24728 9.32565 9.20232 8.81462 9.75769 10.3755 10.9113 11.2044 11.2933
-9999 -9999 -9999 -9999 -9999 -9999 -9999 -9999 6.1804 7.74781 8.0899 8.07948 7.57911 7.82987 9.75061 10.1485 11.1697 12.1373 12.0812 11.739 11.1709 10.5129 9.48638 8.02933 6.87435 6.39498 7.66882 8.91745 9.18653 9.59494 10.424 10.5931 9.70796 8.87892 9.36712 9.66714 10.769 10.9824 10.7864 9.90631 8.89798 8.37929 9.02626 9.12676 9.18092 9.20483 9.20811 9.20641 9.93239 10.3404 10.6285 10.7931 11.0661 11.1484 11.186 11.2224 11.2343 11.2377 11.2139 11.1846 10.9988 10.7705 9.89978 9.1769 8.73283 8.16459 9.50287 9.92099 10.4966 10.872 11.1636 11.2414
