Test_Spring_2018b/01_18/Temp/20180117_014.txt
ncols	170
nrows	115
xllcorner	350000.000000
yllcorner	4445000.000000
cellsize	1000.000000
nodata_value	-9999.000000
[rows 32 to 63 of 115, columns 72 to 143 of 170]
13.0445 12.7179 13.2402 13.7215 13.4278 13.2386 14.0223 14.0287 13.769 13.1505 12.928 12.6973 12.5588 11.7642 9.52113 7.49991 8.5948 8.62835 7.88434 9.24005 8.5355 6.68528 4.07016 5.50273 5.1388 3.28096 2.82884 -9999 -9999 -9999 -9999 -9999 -9999 -9999 -9999 -9999 -9999 -9999 -9999 -9999 -9999 -9999 -9999 -9999 -9999 -9999 -9999 -9999 -9999 -9999 -9999 -9999 -9999 -9999 -9999 -9999 -9999 -9999 -9999 -9999 -9999 -9999 -9999 -9999 -9999 -9999 -9999 -9999 -9999 -9999 -9999 -9999
12.603 12.4667 13.2398 13.2305 13.1826 13.4575 13.9459 14.049 13.9519 13.686 13.457 13.2131 12.5832 11.6731 9.75454 7.45281 6.93675 8.07476 8.13669 8.32599 7.68452 6.87675 5.60873 6.66028 7.07292 5.85711 4.2585 3.23289 -9999 -9999 -9999 -9999 -9999 -9999 -9999 -9999 -9999 -9999 -9999 -9999 -9999 -9999 -9999 -9999 -9999 -9999 -9999 -9999 -9999 -9999 -9999 -9999 -9999 -9999 -9999 -9999 -9999 -9999 -9999 -9999 -9999 -9999 -9999 -9999 -9999 -9999 -9999 -9999 -9999 -9999 -9999 -9999
12.0756 11.3396 11.8082 12.1617 12.7996 12.9668 13.0696 13.9901 13.9485 13.9131 13.53 13.2253 12.7157 11.8401 10.5903 9.08407 6.45575 8.08889 9.36935 9.34437 9.28218 8.71846 7.50052 8.53274 8.5879 7.03169 5.25268 4.21489 3.79018 -9999 -9999 -9999 -9999 -9999 -9999 -9999 -9999 -9999 -9999 -9999 -9999 -9999 -9999 -9999 -9999 -9999 -9999 -9999 -9999 -9999 -9999 -9999 -9999 -9999 -9999 -9999 -9999 -9999 -9999 -9999 -9999 -9999 -9999 -9999 -9999 -9999 -9999 -9999 -9999 -9999 -9999 -9999
11.4756 10.5749 11.0463 11.6729 12.5496 13.0008 13.3479 13.6279 13.9134 13.8875 13.4953 12.3231 12.1621 12.1187 11.304 9.58577 7.8698 7.43098 9.38025 9.94355 9.83776 10.2787 9.24799 9.74556 9.55144 9.00398 7.29753 5.74086 5.10385 3.83766 -9999 -9999 -9999 -9999 -9999 -9999 -9999 -9999 -9999 -9999 -9999 -9999 -9999 -9999 -9999 -9999 -9999 -9999 -9999 -9999 -9999 -9999 -9999 -9999 -9999 -9999 -9999 -9999 -9999 -9999 -9999 -9999 -9999 -9999 -9999 -9999 -9999 -9999 -9999 -9999 -9999 -9999
-9999 -9999 10.0158 10.8616 11.565 12.421 13.1611 13.5377 13.904 13.8821 13.0911 12.708 12.6815 12.1503 11.2086 10.6205 9.54302 8.42001 8.85957 10.5229 9.79374 10.974 10.8819 11.1044 10.3271 8.84232 6.86473 5.70825 5.13911 4.11451 -9999 -9999 -9999 -9999 -9999 -9999 -9999 -9999 -9999 -9999 -9999 -9999 -9999 -9999 -9999 -9999 -9999 -9999 -9999 -9999 -9999 -9999 -9999 -9999 -9999 -9999 -9999 -9999 -9999 -9999 -9999 -9999 -9999 -9999 -9999 -9999 -9999 -9999 -9999 -9999 -9999 -9999
-9999 -9999 -9999 10.7118 11.2488 12.3988 12.9862 13.2329 13.8194 13.8278 13.5327 13.3119 12.9882 12.5632 11.8575 11.0781 10.0652 9.97851 11.0453 11.0659 10.852 11.033 11.5842 11.4476 10.2387 8.14775 7.04757 4.79878 3.84277 3.9492 3.27415 -9999 -9999 -9999 -9999 -9999 -9999 -9999 -9999 -9999 -9999 -9999 -9999 6.00796 -9999 -9999 -9999 -9999 -9999 -9999 -9999 -9999 -9999 -9999 -9999 -9999 -9999 -9999 -9999 -9999 -9999 -9999 -9999 -9999 2.12031 -9999 -9999 -9999 -9999 -9999 -9999 -9999
-9999 -9999 10.6124 11.325 11.8871 12.6102 12.6808 13.11 13.7834 13.8002 13.593 13.3582 12.821 12.6938 12.2956 11.4488 11.2819 11.6362 11.8035 11.9919 12.1106 12.0274 11.8139 11.5358 10.7543 9.78934 9.14396 7.09512 6.05797 5.0712 3.57399 2.40468 -9999 -9999 -9999 -9999 -9999 -9999 -9999 5.18832 5.14207 5.1785 5.51838 6.43952 5.91375 -9999 -9999 -9999 -9999 -9999 -9999 -9999 -9999 -9999 -9999 -9999 -9999 -9999 -9999 -9999 -9999 -9999 -9999 -9999 2.94668 1.77323 -9999 -9999 -9999 -9999 -9999 -9999
-9999 -9999 10.8034 11.5608 11.942 12.6443 13.0488 13.3076 13.5454 13.7733 13.7436 13.4829 13.0827 13.0933 12.5391 12.244 12.0356 12.5122 12.6126 12.4322 12.2037 12.0023 11.4195 11.3579 11.167 10.5569 9.55107 8.51454 7.00994 4.97426 2.97831 1.37017 -9999 -9999 -9999 -9999 -9999 -9999 5.35326 6.12 6.58328 5.6287 6.4623 7.22507 7.11453 6.39553 -9999 -9999 -9999 -9999 -9999 -9999 -9999 -9999 -9999 -9999 -9999 -9999 -9999 -9999 8.52327 7.31927 4.87601 3.62945 2.88645 1.82072 -9999 -9999 -9999 -9999 -9999 -9999
-9999 -9999 10.6591 11.5523 12.1592 12.6987 12.7902 13.3406 13.5807 13.7064 13.6998 13.6543 13.587 13.1044 12.9015 12.168 12.886 12.8672 12.6955 11.9921 11.6912 10.4774 9.94697 9.82853 10.8617 10.1092 8.53115 6.55698 4.17912 4.03129 3.25167 1.81515 -9999 -9999 -9999 -9999 -9999 -9999 5.59215 6.41163 7.09729 7.20551 6.25678 7.60459 7.5642 6.82542 6.66533 7.28883 7.60967 7.38584 8.13195 8.3563 8.03534 8.40774 -9999 -9999 -9999 -9999 8.673 8.73266 8.78057 8.28542 5.61528 3.79555 2.16289 2.02545 -9999 -9999 -9999 -9999 -9999 -9999
-9999 -9999 11.278 11.83 12.1119 12.1624 12.6472 13.1287 13.4251 13.6475 13.6117 13.602 13.5915 13.4319 13.0503 13.129 13.1059 12.8866 11.541 9.96883 10.6651 9.7329 7.72895 9.36564 10.2681 9.4144 7.50058 5.28055 4.5539 4.59126 3.50381 2.1041 -9999 -9999 -9999 3.35521 4.52416 4.63481 4.98653 6.07644 6.90798 7.53572 7.96721 7.96281 7.5304 6.80792 6.02172 6.31507 7.75647 8.11514 8.4203 8.65227 8.35481 8.52541 8.91769 9.12507 9.17487 9.09468 9.08422 9.12595 9.09105 8.62976 6.24232 4.88142 4.01778 2.27965 -9999 -9999 -9999 -9999 -9999 -9999
-9999 -9999 10.9394 11.4199 11.8101 12.4533 12.5267 12.9369 13.1807 13.5406 13.5882 13.1788 13.5318 13.4957 13.4398 13.3117 13.1198 11.9855 10.4188 8.84778 8.12642 8.44221 7.24105 7.86644 8.78076 8.45332 7.28237 5.30514 5.03197 4.57375 2.73926 0.974126 -9999 -9999 1.10085 3.33473 4.9107 5.72849 5.98875 6.02282 7.068 7.15932 8.2837 8.03201 6.57043 6.74603 6.18081 6.56192 7.09768 7.25118 8.0142 8.75278 8.89933 8.91181 9.16482 9.22428 9.24671 9.25012 9.09494 9.18097 9.20339 8.92007 7.19377 6.35831 5.43894 2.3064 -9999 -9999 -9999 -9999 -9999 -9999
-9999 -9999 11.1861 11.7224 12.3092 12.4088 12.8452 12.8062 12.6876 13.2951 13.5193 13.2325 13.0287 13.428 13.4097 13.3666 13.2898 12.2246 10.9903 9.11698 7.95563 7.24612 6.745 6.07217 6.54461 6.40789 6.22257 6.44844 5.90737 4.82217 3.75119 1.74083 0.657428 -9999 1.22454 2.23772 4.11029 5.70336 6.71842 6.36715 7.55437 7.78283 8.47126 8.08255 7.19981 6.82596 6.80157 6.69377 7.49612 8.03759 8.42166 8.68254 9.00711 9.09582 9.1849 9.22747 9.25499 9.28301 9.28891 9.29303 9.26869 9.16928 8.38195 7.54989 5.73474 2.41409 -9999 -9999 -9999 -9999 -9999 -9999
-9999 9.64176 11.1301 12.0256 12.3754 12.6293 12.8539 13.0182 13.1888 13.3505 13.4651 13.4248 12.653 12.7253 12.8744 13.3261 13.3034 13.215 12.544 10.263 9.47801 8.32865 6.83808 6.21729 6.53595 7.76899 7.71998 6.91311 6.01334 4.76392 3.97221 2.74225 0.374568 0.596528 1.67529 2.48066 3.75641 5.70161 7.06836 7.68393 7.9228 8.40924 8.66725 8.1315 7.62341 7.41477 7.01955 6.97219 6.98488 7.47326 7.8546 8.69451 8.9834 9.12168 9.19585 9.23996 9.2747 9.30934 9.32795 9.32234 9.33406 9.33893 9.2933 8.17985 5.37736 3.27504 -9999 -9999 -9999 -9999 -9999 -9999
-9999 -9999 10.8601 11.2564 11.3635 11.5477 11.92 12.3487 12.9526 13.0363 13.374 13.3795 12.7143 11.9466 12.632 12.9097 13.1973 13.2145 13.1355 11.2184 10.2194 9.4341 8.00506 8.52768 9.02539 9.06842 8.77722 7.04035 5.31063 3.31219 1.44951 1.36708 0.367324 0.907894 1.62344 3.44727 4.73389 5.26164 5.64369 7.62138 8.14293 8.32932 8.84319 8.16649 8.00472 7.49879 7.66231 7.62704 7.6397 6.21933 7.66168 7.75576 8.69938 9.12815 9.23321 9.26809 9.30489 9.31879 9.33409 9.3402 9.3606 9.35873 9.35699 8.6382 5.07877 3.30477 -9999 -9999 -9999 -9999 -9999 -9999
-9999 -9999 -9999 -9999 10.9981 11.3015 11.4979 11.8346 12.8541 13.1343 13.3232 13.3463 13.0548 12.2942 12.101 12.2511 11.5104 12.1468 13.0131 12.9996 12.9029 11.2187 10.359 11.2026 10.9537 9.68803 8.693 7.71099 5.68474 4.19991 2.06402 0.46212 0.408775 2.19195 3.67453 5.51997 6.3398 5.88854 6.3983 7.38576 8.5062 9.05338 8.93721 8.2234 8.13415 7.34851 8.14098 8.21791 7.86382 7.55884 7.69204 8.16349 8.34885 9.0888 9.27466 9.3151 9.32977 9.3422 9.34892 9.35513 9.35819 9.36264 9.36522 9.34564 5.6867 2.84931 -9999 -9999 -9999 -9999 -9999 -9999
-9999 -9999 -9999 -9999 10.2972 10.4837 10.967 12.2008 12.8472 13.1135 13.1117 13.2396 13.0364 12.3688 11.6836 11.0383 10.2032 10.6952 11.9813 12.7425 12.8357 11.3602 12.1371 11.8542 11.2906 9.63348 8.41356 7.76928 5.82408 4.15657 2.73761 0.776408 1.62531 2.56008 3.75914 5.77149 7.13286 7.69825 7.24228 7.87749 9.16535 9.18308 8.49506 8.55095 8.13755 7.06018 8.20295 8.53164 8.28447 8.36054 8.27267 8.45384 8.77623 9.0849 9.29305 9.32876 9.34085 9.34362 9.35304 9.36449 9.3618 9.37513 9.37782 9.37273 7.01611 2.79928 -9999 -9999 -9999 -9999 -9999 -9999
-9999 -9999 -9999 -9999 -9999 9.66441 10.7609 12.397 12.8048 12.7743 13.1181 13.1548 12.8385 12.5656 11.732 10.5899 8.38745 8.96007 10.1447 11.8486 12.7474 12.6342 12.1438 11.2886 9.21029 7.39195 7.17579 6.88248 5.46429 4.18072 2.6024 3.52713 4.53997 5.64796 6.23439 6.0932 7.26106 8.21538 7.82472 8.60163 9.50633 9.11159 8.88248 8.69183 8.21218 8.19308 8.25482 8.90804 8.47286 8.75582 8.77065 8.76437 8.92573 9.11001 9.30312 9.34204 9.35131 9.36356 9.35194 9.37009 9.37098 9.37287 9.37643 9.37407 9.17381 6.91165 5.5633 -9999 -9999 -9999 -9999 -9999
-9999 -9999 -9999 -9999 -9999 8.66184 9.21116 11.148 11.7474 12.6073 13.0674 13.0959 12.5563 12.2598 11.013 10.6152 8.57868 7.66128 8.45623 8.16359 10.5062 12.5796 12.1355 7.97089 6.46609 5.3942 5.67639 5.68439 5.29356 3.10649 2.50914 4.47674 5.71861 6.68299 7.41702 7.57709 7.56163 9.04882 9.25525 9.74568 9.652 9.70718 8.97212 8.52123 8.93646 8.48215 8.41316 9.08766 8.44322 9.04457 8.98269 8.81423 8.81391 9.21255 9.30019 9.3505 9.36198 9.35582 9.34594 9.34545 9.36963 9.37617 9.36775 9.38271 9.37587 9.12436 7.95896 7.56183 8.03474 -9999 -9999 -9999
-9999 -9999 -9999 -9999 -9999 -9999 7.41464 10.1044 11.3338 11.9847 12.8991 13.0161 12.7324 12.2131 10.943 9.8275 8.00798 5.92856 4.8303 8.15032 11.0405 12.5523 12.3603 8.89491 7.5308 7.47308 8.28573 7.61038 7.09953 5.43828 4.9474 4.26295 4.69622 6.03712 7.13485 8.19433 8.96758 9.03982 9.54577 9.84057 9.87451 9.97436 9.89735 9.83642 9.12893 9.6368 9.22547 9.4596 9.32541 9.20494 9.10105 8.69853 8.99846 9.26495 9.34009 9.36959 9.36258 9.36802 9.36683 9.35314 9.35403 9.36473 9.37543 9.37603 9.39012 9.39734 9.28055 8.58542 7.64931 6.46225 -9999 -9999
-9999 -9999 -9999 -9999 -9999 -9999 6.0785 8.75539 10.0456 11.7092 12.5681 12.9216 12.8842 12.465 11.5021 10.0483 8.83895 6.5164 4.10425 7.58835 10.6917 12.3703 12.466 9.55382 10.369 9.72143 9.99113 8.80019 8.30888 7.91887 7.0662 6.13349 5.11236 4.57689 7.03041 8.2948 9.31452 9.8007 10.0801 10.225 10.1625 9.98955 8.9142 9.75259 9.72046 9.64859 9.56444 9.52883 9.45299 9.3616 9.31 9.29802 9.03365 9.35268 9.35477 9.36715 9.37714 9.37809 9.37235 9.36928 9.36377 9.37539 9.37909 9.38202 9.38874 9.40498 9.41147 9.38759 9.21376 7.61433 6.66305 6.40757
-9999 -9999 -9999 -9999 -9999 -9999 2.32958 6.22179 9.34732 10.9853 12.3196 12.6922 12.8367 12.2711 11.8506 10.811 9.82718 8.3043 6.01849 4.61434 7.22445 11.0154 12.4155 12.312 12.2314 11.4819 10.807 10.7271 10.7844 9.99475 8.84591 7.34349 6.88051 6.35915 8.18866 8.44434 8.32035 10.3324 10.3469 10.2432 9.48726 8.63884 8.81199 8.292 8.71063 8.088 8.68021 9.1933 9.39096 9.38489 9.32609 9.32788 9.30642 9.3699 9.37712 9.37676 9.37875 9.38428 9.38648 9.37355 9.37138 9.39151 9.38741 9.38861 9.3926 9.4111 9.42162 9.40749 9.3958 9.16187 8.80257 8.10633
-9999 -9999 -9999 -9999 -9999 -9999 2.50035 5.772 8.55115 10.2201 11.8264 12.2051 12.7528 12.6448 12.2037 11.3011 10.1713 8.91937 6.95949 5.50493 7.2539 9.77267 11.5789 12.2291 12.2269 12.1902 12.0257 11.9614 11.7686 11.6296 10.808 9.38987 8.59154 7.42017 9.4581 9.69433 9.38569 10.408 10.3668 8.84462 7.67675 7.54013 8.26754 7.59417 7.48582 7.07095 7.56191 8.86056 8.49558 8.57915 9.17121 9.27632 9.34824 9.37313 9.37738 9.38308 9.38198 9.39275 9.40401 9.39151 9.39193 9.39831 9.38827 9.39617 9.39403 9.40306 9.40869 9.40751 9.39776 9.34107 9.2787 9.3749
-9999 -9999 -9999 -9999 -9999 -9999 2.57405 4.77303 7.27484 9.72953 11.4445 12.1409 12.6505 12.6534 12.1392 11.6948 10.9897 9.88923 9.13708 7.82467 6.0201 9.06761 10.0064 10.8437 11.2013 12.075 12.0601 11.6689 11.2065 11.6412 11.5228 10.4014 10.0377 9.41885 10.5558 10.5668 10.5442 10.4928 9.20787 7.4185 5.99039 7.03514 6.82894 7.31237 5.85257 7.07588 8.06033 8.38617 7.73405 7.25188 8.77915 9.04195 9.20026 9.30472 9.37632 9.36987 9.39448 9.39503 9.40055 9.40614 9.40414 9.40779 9.4066 9.40553 9.40469 9.4154 9.41221 9.40617 9.41891 9.39601 9.39455 9.39628
-9999 -9999 -9999 -9999 -9999 -9999 -9999 3.4822 6.6499 9.48108 11.0607 12.0571 12.5467 12.546 12.2871 11.9878 11.5537 10.7619 9.76515 8.18496 7.01389 7.77054 8.69029 8.79842 9.41287 11.1813 11.7896 10.943 8.8355 10.0875 11.4826 11.467 11.3558 11.2308 11.0669 10.9224 10.5966 9.70985 6.97501 6.44675 5.38015 5.51245 4.97022 6.18445 5.74539 6.99443 7.5412 7.75349 6.6172 6.86745 8.22553 8.76733 8.68773 9.0236 9.34474 9.36413 9.3825 9.3842 9.40111 9.41424 9.42015 9.41779 9.41955 9.42445 9.4111 9.43437 9.34631 9.29403 9.17357 9.35366 9.38302 9.41329
-9999 -9999 -9999 -9999 -9999 -9999 -9999 2.85434 6.01816 9.35137 10.4267 11.5003 12.4283 12.4543 12.054 11.6739 11.2822 10.8351 9.62415 8.45001 7.32929 6.95837 7.19361 7.17951 8.16945 10.4716 10.9227 10.7398 8.53941 7.80076 9.66243 11.2283 11.3585 11.2248 9.39849 9.79755 8.81673 7.48373 7.12373 6.54593 5.3144 5.92176 5.0224 5.42204 5.32767 6.04097 6.39368 7.23989 6.2508 6.2634 7.59747 8.27339 8.29929 9.00821 9.26701 9.34192 9.36816 9.39009 9.40364 9.42561 9.4306 9.43217 9.43082 9.41004 9.34334 9.11069 7.80507 7.82057 8.19862 8.55699 9.20064 9.39664
-9999 -9999 -9999 -9999 -9999 -9999 -9999 3.22227 5.42008 8.37867 10.5723 10.7174 11.7882 12.3449 11.9089 11.4171 10.9138 10.6985 9.37975 7.93024 6.76057 5.37438 5.6119 6.6206 8.26101 9.75069 10.0228 9.72318 8.54522 9.11011 10.3822 11.0612 11.2669 11.1188 10.7275 10.505 9.78505 9.47823 8.47544 6.90248 6.2888 6.69323 5.023 5.15008 5.7809 5.13084 6.2285 6.75874 5.47874 6.51501 7.69329 8.30028 8.83215 9.08894 9.19712 9.35805 9.37207 9.3951 9.41267 9.42147 9.43276 9.41997 9.41169 9.28302 9.08763 7.86291 7.36847 7.4831 8.06855 8.58276 9.13095 9.35816
-9999 -9999 -9999 -9999 -9999 -9999 -9999 3.59826 5.578 8.14445 9.71076 9.99744 11.1841 12.2402 12.1314 11.6193 11.4692 10.9382 9.82099 8.58601 7.23528 6.5827 5.07177 6.57482 7.76081 9.02359 9.61812 8.65063 8.1709 9.04092 9.90599 10.2562 11.1301 11.1299 10.8559 9.64752 9.06288 9.32269 9.07695 8.63985 7.56008 7.52111 6.83098 6.55071 6.28647 5.4066 5.9835 6.04985 6.21702 7.45479 8.07274 8.48569 8.86216 8.96819 9.1375 9.35442 9.38281 9.40063 9.41035 9.42514 9.42112 9.37373 9.33584 9.06433 8.57464 7.6505 6.15391 7.23693 8.3688 8.72353 9.06544 9.24687
-9999 -9999 -9999 -9999 -9999 -9999 -9999 3.26473 5.36756 7.56225 8.48443 8.6476 10.7888 12.1031 12.1136 11.8752 11.5954 10.2714 10.358 10.0998 8.88209 7.10454 5.15138 5.34309 6.51648 8.17972 8.73571 7.13454 6.57545 7.00006 8.30445 9.47299 10.6929 11.0089 10.6618 8.77605 6.77177 7.71443 8.72121 8.72497 8.44165 7.4409 7.12959 6.84866 6.12104 4.88485 5.07481 5.43145 6.83964 7.29087 7.98257 8.55869 8.35502 8.4898 9.04149 9.36242 9.38439 9.40036 9.42123 9.42494 9.41745 9.31154 9.19892 9.00229 7.70578 6.9042 5.7408 7.13114 7.9066 8.33784 9.07664 9.26222
-9999 -9999 -9999 -9999 -9999 -9999 -9999 2.61859 4.14684 6.24505 7.09545 8.44731 10.4713 11.471 11.9545 11.9524 11.7686 11.1804 10.83 10.1314 8.86432 7.12866 5.19828 3.94424 4.59338 6.82696 7.363 5.88585 5.14144 6.08613 7.47587 9.52994 10.7071 10.8733 10.776 10.3941 8.93312 7.16634 7.18148 8.08134 7.34545 6.48869 6.97444 6.89566 6.17725 5.65722 5.34338 5.55869 6.36312 6.7019 7.49951 8.672 8.84849 8.82552 9.32506 9.35974 9.38148 9.41039 9.42041 9.42669 9.42295 9.33854 9.13579 8.27643 7.52866 6.48392 6.36515 7.61232 8.16979 8.68535 9.05408 9.1825
-9999 -9999 -9999 -9999 -9999 -9999 -9999 1.50428 3.30111 5.2673 7.10891 8.85176 10.353 10.4766 11.2724 11.2797 11.7006 11.5907 11.046 10.4589 9.36827 7.13633 5.26072 3.21438 3.76359 6.04357 6.34121 5.35797 3.53484 5.43345 7.52652 9.42436 10.4556 9.66204 10.4925 10.4337 9.89179 8.84364 7.20906 7.24931 6.02678 5.98247 6.62438 6.83904 6.743 6.35494 5.73205 5.85225 6.34422 6.47714 7.21101 8.12289 9.01463 9.1729 9.35125 9.36874 9.38185 9.40607 9.41843 9.41079 9.37657 9.28765 8.56879 7.7119 7.18854 6.46404 6.38644 7.82096 8.40672 8.73675 9.05693 9.19069
-9999 -9999 -9999 -9999 -9999 -9999 -9999 -9999 3.12037 5.1515 6.65666 7.06805 8.40343 9.12835 9.69122 9.82248 11.4131 11.5086 11.1662 10.6275 9.69853 8.0068 6.8304 4.86787 3.45934 4.04556 4.3175 4.84581 4.70028 5.5515 7.56323 9.6589 9.89495 8.57733 8.78229 9.06844 9.69907 9.39252 7.16197 6.03319 5.09784 5.77791 6.49288 6.6729 6.71633 6.58942 6.44718 6.18379 7.1378 7.84631 8.01828 8.63737 9.09712 9.23145 9.33523 9.35709 9.37924 9.38992 9.37435 9.36608 9.2641 9.02221 8.21666 6.2639 6.36697 6.16601 5.56664 6.96848 7.86516 8.65746 9.08419 9.20337
-9999 -9999 -9999 -9999 -9999 -9999 -9999 -9999 2.44948 4.7984 5.30119 5.27288 4.5064 4.8716 7.75288 8.33976 9.86556 11.3107 11.2134 10.685 9.8163 8.81192 7.25247 5.0443 3.29124 2.55221 4.45149 6.31687 6.70904 7.31117 8.54709 8.78868 7.44183 6.17944 6.9016 7.3401 8.98649 9.29421 8.98479 7.64438 6.11054 5.31419 6.27388 6.41 6.47612 6.49652 6.47964 6.45174 7.52467 8.1236 8.54216 8.77465 9.17087 9.27986 9.32176 9.36186 9.36531 9.35589 9.3055 9.24683 8.95229 8.59357 7.26688 6.16276 5.47857 4.60717 6.60818 7.21885 8.06051 8.6027 9.02717 9.12965
