Test_Spring_2018b/01_18/Temp/20180124_005.txt
ncols	170
nrows	115
xllcorner	350000.000000
yllcorner	4445000.000000
cellsize	1000.000000
nodata_value	-9999.000000
[rows 31 to 61 of 115, columns 70 to 139 of 170]
3.89018 4.54361 4.78407 4.33 4.37587 5.47163 5.72335 5.70862 5.62352 5.52108 5.00447 4.83213 4.42491 3.70692 3.40588 2.12776 -2.00435 -0.835976 -0.379996 -1.57939 -0.912495 0.173883 -0.775832 -3.59033 -4.8037 -6.75682 -6.13466 -6.71331 -8.28554 -9999 -9999 -9999 -9999 -9999 -9999 -9999 -9999 -9999 -9999 -9999 -9999 -9999 -9999 -9999 -9999 -9999 -9999 -9999 -9999 -9999 -9999 -9999 -9999 -9999 -9999 -9999 -9999 -9999 -9999 -9999 -9999 -9999 -9999 -9999 -9999 -9999 -9999 -9999 -9999 -9999
4.00508 4.30394 4.27618 3.8389 4.51549 5.13876 4.77419 4.52897 5.56002 5.56083 5.21236 4.39272 4.09204 3.77999 3.58844 2.53573 -0.416958 -3.07911 -1.65472 -1.62245 -2.61 -0.843679 -1.77925 -4.21714 -7.6579 -5.78979 -6.27752 -8.69921 -9.29905 -9999 -9999 -9999 -9999 -9999 -9999 -9999 -9999 -9999 -9999 -9999 -9999 -9999 -9999 -9999 -9999 -9999 -9999 -9999 -9999 -9999 -9999 -9999 -9999 -9999 -9999 -9999 -9999 -9999 -9999 -9999 -9999 -9999 -9999 -9999 -9999 -9999 -9999 -9999 -9999 -9999
3.17012 3.91574 3.68676 3.49909 4.50447 4.48416 4.42992 4.80588 5.44911 5.57651 5.44094 5.08359 4.77406 4.44453 3.60834 2.40415 -0.122976 -3.15294 -3.8412 -2.36026 -2.29061 -2.05385 -2.90649 -3.97703 -5.65094 -4.2825 -3.75174 -5.34837 -7.43418 -8.77631 -9999 -9999 -9999 -9999 -9999 -9999 -9999 -9999 -9999 -9999 -9999 -9999 -9999 -9999 -9999 -9999 -9999 -9999 -9999 -9999 -9999 -9999 -9999 -9999 -9999 -9999 -9999 -9999 -9999 -9999 -9999 -9999 -9999 -9999 -9999 -9999 -9999 -9999 -9999 -9999
2.05124 3.33102 2.9842 2.01 2.6162 3.07171 3.9278 4.16188 4.28899 5.4883 5.42538 5.37018 4.85848 4.44902 3.77043 2.61141 0.961373 -1.0253 -4.48374 -2.35333 -0.685447 -0.72955 -0.8223 -1.57261 -3.18072 -1.83752 -1.77554 -3.81369 -6.12653 -7.49894 -8.06749 -9999 -9999 -9999 -9999 -9999 -9999 -9999 -9999 -9999 -9999 -9999 -9999 -9999 -9999 -9999 -9999 -9999 -9999 -9999 -9999 -9999 -9999 -9999 -9999 -9999 -9999 -9999 -9999 -9999 -9999 -9999 -9999 -9999 -9999 -9999 -9999 -9999 -9999 -9999
-9999 2.51968 2.18586 0.995952 1.606 2.41998 3.575 4.18247 4.64331 5.00255 5.3687 5.32584 4.80208 3.25477 3.03331 2.96561 1.88603 -0.378739 -2.64065 -3.22759 -0.682472 0.0450592 -0.104728 0.462678 -0.899672 -0.257509 -0.522346 -1.24467 -3.47344 -5.50808 -6.35506 -8.02746 -9999 -9999 -9999 -9999 -9999 -9999 -9999 -9999 -9999 -9999 -9999 -9999 -9999 -9999 -9999 -9999 -9999 -9999 -9999 -9999 -9999 -9999 -9999 -9999 -9999 -9999 -9999 -9999 -9999 -9999 -9999 -9999 -9999 -9999 -9999 -9999 -9999 -9999
-9999 -9999 -9999 -9999 0.243552 1.35808 2.28106 3.41139 4.3877 4.87393 5.346 5.30844 4.2615 3.74909 3.70376 2.9962 1.74998 0.967283 -0.457353 -1.94164 -1.37651 0.793747 -0.173445 1.36386 1.23253 1.51415 0.484642 -1.45482 -4.05149 -5.56119 -6.31904 -7.67457 -9999 -9999 -9999 -9999 -9999 -9999 -9999 -9999 -9999 -9999 -9999 -9999 -9999 -9999 -9999 -9999 -9999 -9999 -9999 -9999 -9999 -9999 -9999 -9999 -9999 -9999 -9999 -9999 -9999 -9999 -9999 -9999 -9999 -9999 -9999 -9999 -9999 -9999
-9999 -9999 -9999 -9999 -9999 1.15109 1.85587 3.35762 4.14792 4.46405 5.22519 5.22738 4.83086 4.53114 4.09596 3.52745 2.59049 1.55672 0.216672 0.0914037 1.47915 1.49501 1.20359 1.43053 2.14314 1.95397 0.364883 -2.37603 -3.82878 -6.7641 -8.02916 -7.90121 -8.7986 -9999 -9999 -9999 -9999 -9999 -9999 -9999 -9999 -9999 -9999 -9999 -9999 -5.39064 -9999 -9999 -9999 -9999 -9999 -9999 -9999 -9999 -9999 -9999 -9999 -9999 -9999 -9999 -9999 -9999 -9999 -9999 -9999 -9999 -10.805 -9999 -9999 -9999
-9999 -9999 -9999 -9999 1.00367 1.95096 2.68267 3.62525 3.72523 4.2932 5.16845 5.18183 4.9007 4.58254 3.86718 3.68907 3.15511 2.03269 1.8019 2.25483 2.46273 2.69869 2.84363 2.72408 2.43409 2.05966 1.04178 -0.233094 -1.08897 -3.77907 -5.13355 -6.43916 -8.41471 -9.96068 -9999 -9999 -9999 -9999 -9999 -9999 -9999 -6.41967 -6.49433 -6.46046 -6.02857 -4.83428 -5.53757 -9999 -9999 -9999 -9999 -9999 -9999 -9999 -9999 -9999 -9999 -9999 -9999 -9999 -9999 -9999 -9999 -9999 -9999 -9999 -9.7304 -11.2868 -9999 -9999
-9999 -9999 -9999 -9999 1.26065 2.24916 2.7445 3.66067 4.18595 4.54307 4.84752 5.13795 5.08955 4.73746 4.20154 4.20385 3.46497 3.06577 2.78023 3.39326 3.51331 3.26547 2.95513 2.68077 1.90661 1.81653 1.57286 0.76377 -0.564263 -1.93287 -3.89431 -6.57532 -9.20481 -11.3263 -9999 -9999 -9999 -9999 -9999 -9999 -6.1988 -5.20734 -4.61377 -5.87961 -4.80012 -3.81344 -3.97203 -4.92722 -9999 -9999 -9999 -9999 -9999 -9999 -9999 -9999 -9999 -9999 -9999 -9999 -9999 -9999 -2.35782 -3.95347 -7.17462 -8.82652 -9.81826 -11.2335 -9999 -9999
-9999 -9999 -9999 -9999 1.05938 2.22707 3.01946 3.72313 3.83868 4.56616 4.88555 5.04215 5.02417 4.95413 4.85469 4.20974 3.9313 2.95665 3.8857 3.84875 3.61166 2.67778 2.2725 0.670523 -0.0346122 -0.184334 1.16233 0.167194 -1.91074 -4.50851 -7.62106 -7.82061 -8.85469 -10.751 -9999 -9999 -9999 -9999 -9999 -9999 -5.89465 -4.83413 -3.94896 -3.82093 -5.07894 -3.32489 -3.38993 -4.37252 -4.59619 -3.79228 -3.38544 -3.68532 -2.72104 -2.44198 -2.87828 -2.4054 -9999 -9999 -9999 -9999 -2.13703 -2.07506 -2.02865 -2.69467 -6.21343 -8.61714 -10.7758 -10.9757 -9999 -9999
-9999 -9999 -9999 -9999 1.85914 2.58046 2.94773 3.01125 3.64357 4.28097 4.67378 4.95684 4.90047 4.87715 4.85177 4.63011 4.11674 4.20676 4.16329 3.86281 2.08572 0.0120861 0.914191 -0.316045 -2.94575 -0.801843 0.374082 -0.753178 -3.27085 -6.19043 -7.13758 -7.09434 -8.5319 -10.3817 -9999 -9999 -9999 -8.79537 -7.27682 -7.14635 -6.69971 -5.28482 -4.20863 -3.39695 -2.84477 -2.8612 -3.44333 -4.40435 -5.44899 -5.07786 -3.20119 -2.74469 -2.35123 -2.06206 -2.46746 -2.2622 -1.76316 -1.5068 -1.45726 -1.57839 -1.60824 -1.56986 -1.63221 -2.25402 -5.39908 -7.20115 -8.35138 -10.6622 -9999 -9999
-9999 -9999 -9999 -9999 1.40234 2.03062 2.54055 3.38623 3.47957 4.01379 4.33705 4.80979 4.86299 4.31534 4.76655 4.70643 4.61977 4.43801 4.17274 2.67185 0.604288 -1.46803 -2.42519 -2.01527 -3.5995 -2.78211 -1.59045 -2.02253 -3.56552 -6.16633 -6.53275 -7.13076 -9.54388 -11.8709 -9999 -9999 -11.745 -8.82973 -6.7776 -5.71995 -5.39349 -5.36354 -4.00731 -3.90183 -2.4412 -2.78271 -4.71437 -4.49757 -5.24881 -4.76237 -4.07648 -3.88884 -2.89607 -1.94145 -1.76419 -1.76296 -1.44645 -1.38397 -1.37026 -1.38169 -1.60135 -1.5049 -1.49214 -1.88065 -4.16194 -5.27521 -6.50049 -10.6375 -9999 -9999
-9999 -9999 -9999 -9999 1.71785 2.42003 3.18842 3.31747 3.88761 3.83649 3.68465 4.47462 4.7663 4.37952 4.10014 4.61073 4.5728 4.50207 4.38727 2.97645 1.3445 -1.12455 -2.65888 -3.59439 -4.26022 -5.14426 -4.53183 -4.7181 -4.96807 -4.67893 -5.39127 -6.81181 -8.22692 -10.8722 -12.3058 -9999 -11.5897 -10.2756 -7.83469 -5.76052 -4.44439 -4.92005 -3.37773 -3.09251 -2.20185 -2.72522 -3.89752 -4.40377 -4.44921 -4.60394 -3.56494 -2.86502 -2.3694 -2.04172 -1.63023 -1.52884 -1.42718 -1.38674 -1.36627 -1.34538 -1.35377 -1.3648 -1.41345 -1.56089 -2.61088 -3.72122 -6.12006 -10.5035 -9999 -9999
-9999 -9999 -9999 -0.32718 1.63359 2.80797 3.26652 3.59898 3.8923 4.10558 4.33293 4.54212 4.68428 4.62567 3.60115 3.68251 3.86366 4.44137 4.39689 4.26674 3.37324 0.369168 -0.667839 -2.18333 -4.14662 -4.96348 -4.5522 -2.94142 -3.01198 -4.07662 -5.26348 -6.89976 -7.94337 -9.56769 -12.6832 -12.4057 -11.0052 -9.96376 -8.30584 -5.77012 -3.99302 -3.20093 -2.90258 -2.27779 -1.95337 -2.67166 -3.35266 -3.63982 -4.17146 -4.24672 -4.24312 -3.61561 -3.12366 -2.03333 -1.66893 -1.50194 -1.41967 -1.37706 -1.34703 -1.31742 -1.30913 -1.33296 -1.33443 -1.34525 -1.42367 -2.90211 -6.60108 -9.38646 -9999 -9999
-9999 -9999 -9999 -9999 1.26923 1.78984 1.9311 2.17294 2.66078 3.22164 4.01739 4.12176 4.55716 4.55703 3.6753 2.65474 3.53883 3.88791 4.24986 4.25773 4.14031 1.61686 0.296161 -0.743174 -2.62556 -1.94263 -1.29606 -1.24547 -1.63309 -3.91685 -6.19157 -8.81023 -11.2623 -11.3807 -12.7006 -12.0037 -11.0797 -8.70271 -7.03075 -6.35426 -5.86886 -3.29058 -2.62078 -2.39212 -1.73259 -2.63408 -2.86081 -3.5378 -3.33654 -3.39577 -3.39197 -5.26752 -3.38407 -3.27427 -2.05049 -1.5006 -1.3774 -1.34677 -1.31394 -1.31147 -1.30753 -1.31605 -1.30623 -1.32669 -1.35038 -2.31221 -6.99988 -9.35461 -9999 -9999
-9999 -9999 -9999 -9999 -9999 -9999 1.44371 1.84264 2.10044 2.54117 3.8823 4.24456 4.48514 4.50631 4.11282 3.10397 2.83555 3.01693 2.02997 2.84993 3.97359 3.94384 3.80635 1.58825 0.456869 1.55672 1.22443 -0.44098 -1.75125 -3.04452 -5.70767 -7.65272 -10.4628 -12.5736 -12.6547 -10.3285 -8.3962 -5.99102 -4.93143 -5.53912 -4.88644 -3.60712 -2.15306 -1.45045 -1.61736 -2.56761 -2.6992 -3.74301 -2.7168 -2.62873 -3.10574 -3.5182 -3.35166 -2.74669 -2.51712 -1.56047 -1.33085 -1.29174 -1.28783 -1.28726 -1.29459 -1.30303 -1.31804 -1.33063 -1.34624 -1.39137 -6.20988 -9.95927 -9999 -9999
-9999 -9999 -9999 -9999 -9999 -9999 0.516692 0.762713 1.39705 3.01462 3.86657 4.21088 4.2016 4.36017 4.08261 3.19406 2.28116 1.41909 0.308484 0.938994 2.61218 3.5983 3.70966 1.7653 2.78018 2.40281 1.65791 -0.520583 -2.12552 -2.97556 -5.53208 -7.71667 -9.58621 -12.1681 -11.0657 -9.85197 -8.29289 -5.668 -3.89829 -3.17287 -3.78683 -2.96965 -1.29623 -1.28816 -2.20519 -2.14607 -2.70281 -4.12925 -2.64356 -2.22522 -2.56185 -2.47439 -2.59773 -2.37324 -1.96373 -1.57251 -1.31348 -1.28108 -1.28006 -1.29212 -1.29592 -1.2984 -1.31985 -1.321 -1.33672 -1.3631 -4.47389 -10.0325 -9999 -9999
-9999 -9999 -9999 -9999 -9999 -9999 -9999 -0.319366 1.11929 3.26456 3.80356 3.7587 4.20268 4.24179 3.81594 3.44502 2.33718 0.823786 -2.08032 -1.34412 0.195861 2.41817 3.58604 3.42813 2.781 1.65291 -1.07844 -3.46837 -3.75681 -4.14643 -6.01164 -7.69265 -9.77104 -8.56783 -7.25031 -5.80931 -5.05363 -5.2534 -3.73736 -2.5018 -3.0303 -2.02742 -0.856631 -1.38965 -1.70496 -1.96931 -2.61298 -2.65153 -2.58363 -1.73963 -2.32277 -1.96386 -1.95244 -1.97364 -1.77517 -1.54692 -1.30747 -1.27077 -1.27354 -1.27306 -1.30469 -1.2981 -1.31498 -1.33129 -1.34604 -1.36903 -1.65193 -4.64701 -6.43694 -9999
-9999 -9999 -9999 -9999 -9999 -9999 -9999 -1.64186 -0.921097 1.61829 2.40853 3.53135 4.1279 4.15628 3.43758 3.0361 1.38657 0.849184 -1.83758 -3.05455 -2.02566 -2.42186 0.639529 3.34917 2.76257 -2.70592 -4.68532 -6.09645 -5.73142 -5.726 -6.2439 -9.10977 -9.9016 -7.33061 -5.71265 -4.45991 -3.51058 -3.31517 -3.351 -1.41687 -1.16171 -0.53457 -0.673253 -0.616299 -1.59527 -2.20102 -1.67114 -2.28055 -2.38417 -1.51228 -2.36988 -1.59338 -1.68248 -1.91631 -1.92979 -1.42031 -1.31913 -1.26742 -1.26757 -1.2911 -1.32058 -1.33828 -1.32469 -1.335 -1.36555 -1.36592 -1.39522 -1.75343 -3.30343 -3.84554
-9999 -9999 -9999 -9999 -9999 -9999 -9999 -9999 -3.28556 0.240899 1.85714 2.70561 3.89773 4.04219 3.66113 2.96671 1.28647 -0.191915 -2.59387 -5.33654 -6.78771 -2.44591 1.33348 3.3064 3.05041 -1.50143 -3.29666 -3.37803 -2.31765 -3.20875 -3.88433 -6.06053 -6.71284 -7.62007 -7.06258 -5.31555 -3.88959 -2.51449 -1.51579 -1.43726 -0.79044 -0.417919 -0.389228 -0.273748 -0.389758 -0.484177 -1.42685 -0.774453 -1.32714 -1.0329 -1.22138 -1.39161 -1.53575 -2.07655 -1.69625 -1.36009 -1.27528 -1.25205 -1.27575 -1.28409 -1.30219 -1.33771 -1.35393 -1.3588 -1.36427 -1.38348 -1.3853 -1.40428 -1.57892 -2.51174
-9999 -9999 -9999 -9999 -9999 -9999 -9999 -9999 -5.04656 -1.53777 0.158014 2.33428 3.45588 3.91131 3.8507 3.28779 2.01071 0.0891914 -1.51217 -4.57335 -7.75153 -3.19308 0.869597 3.06101 3.17778 -0.644446 0.418053 -0.437456 -0.0896231 -1.6574 -2.30781 -2.81671 -3.94372 -5.1767 -6.52606 -7.24104 -4.03643 -2.39246 -1.07033 -0.448705 -0.0987516 0.0744086 -0.0212727 -0.261839 -1.68722 -0.60225 -0.659299 -0.767353 -0.891082 -0.950742 -1.06284 -1.19509 -1.27059 -1.29928 -1.65913 -1.25479 -1.26767 -1.26519 -1.26666 -1.28094 -1.30501 -1.32659 -1.35229 -1.35475 -1.36894 -1.38498 -1.39636 -1.40361 -1.41634 -1.46859
-9999 -9999 -9999 -9999 -9999 -9999 -9999 -9999 -9.97213 -4.87032 -0.764542 1.37742 3.12167 3.60029 3.77827 3.02378 2.45851 1.0806 -0.224515 -2.2365 -5.24863 -7.10374 -3.6891 1.27184 3.10457 2.96586 2.85285 1.86317 0.971513 0.860307 0.928875 -0.104123 -1.61912 -3.5995 -4.21851 -4.91432 -2.52803 -2.20683 -2.38448 0.238636 0.241297 0.0887717 -0.919146 -2.04386 -1.83225 -2.52614 -1.99211 -2.82261 -2.05944 -1.39967 -1.15327 -1.17382 -1.25873 -1.27087 -1.312 -1.2452 -1.24902 -1.26341 -1.27549 -1.28382 -1.29749 -1.33193 -1.35314 -1.34584 -1.36882 -1.38721 -1.40099 -1.40535 -1.41251 -1.45169
-9999 -9999 -9999 -9999 -9999 -9999 -9999 -9999 -9.75447 -5.45843 -1.81897 0.366393 2.46434 2.95097 3.65792 3.50377 2.91199 1.71417 0.218069 -1.43804 -4.02234 -5.94328 -3.66197 -0.364855 1.99395 2.84356 2.83923 2.78369 2.56077 2.46901 2.20923 2.03028 0.943372 -0.927521 -1.9857 -3.53407 -0.874389 -0.57856 -0.998159 0.327136 0.257097 -1.75541 -3.30333 -3.4986 -2.55495 -3.45308 -3.61042 -4.16522 -3.53501 -1.84516 -2.33938 -2.24234 -1.47323 -1.34843 -1.27149 -1.25201 -1.26001 -1.26666 -1.28295 -1.28449 -1.28626 -1.32006 -1.33771 -1.34822 -1.3808 -1.38779 -1.4106 -1.42799 -1.43929 -1.46118
-9999 -9999 -9999 -9999 -9999 -9999 -9999 -9999 -9.67349 -6.77813 -3.50313 -0.287213 1.95297 2.85629 3.5133 3.50495 2.81756 2.22117 1.28259 -0.174504 -1.17449 -2.90873 -5.28777 -1.30245 -0.0756463 1.01932 1.47812 2.61635 2.58964 2.06959 1.47385 2.03493 1.86907 0.387817 -0.10059 -0.924447 0.553661 0.554227 0.509968 0.427262 -1.27351 -3.63616 -5.52508 -4.17071 -4.4567 -3.83157 -5.76136 -4.17457 -2.89727 -2.48328 -3.34781 -3.99305 -1.99746 -1.67108 -1.47676 -1.35327 -1.27323 -1.29606 -1.27881 -1.29383 -1.30313 -1.31309 -1.33373 -1.34757 -1.36822 -1.38906 -1.40721 -1.42244 -1.44714 -1.47985
-9999 -9999 -9999 -9999 -9999 -9999 -9999 -9999 -9999 -8.48655 -4.33301 -0.627607 1.43532 2.73227 3.36349 3.35087 2.9987 2.59319 2.01042 0.958645 -0.36189 -2.44715 -3.99525 -3.01442 -1.81181 -1.67273 -0.875578 1.43552 2.22547 1.10735 -1.6512 -0.0186568 1.80103 1.77005 1.61291 1.43699 1.21205 1.00874 0.567089 -0.610846 -4.21292 -4.92423 -6.33889 -6.18113 -6.90779 -5.32348 -5.91449 -4.29074 -3.58761 -3.32277 -4.82627 -4.5049 -2.74272 -2.04549 -2.16331 -1.73643 -1.32684 -1.31603 -1.30714 -1.32075 -1.31509 -1.31507 -1.32513 -1.34931 -1.36606 -1.37902 -1.41339 -1.41267 -1.54853 -1.63719
-9999 -9999 -9999 -9999 -9999 -9999 -9999 -9999 -9999 -9.31293 -5.17102 -0.807782 0.593338 1.99142 3.19754 3.22001 2.68282 2.17159 1.6449 1.0455 -0.55559 -2.10804 -3.58996 -4.08792 -3.79024 -3.80377 -2.51466 0.495748 1.07886 0.830483 -2.04994 -3.02868 -0.597525 1.4452 1.6043 1.41679 -0.991332 -0.481534 -1.78207 -3.54501 -4.03225 -4.80541 -6.43605 -5.65494 -6.84972 -6.34059 -6.47184 -5.5508 -5.10233 -4.00632 -5.31704 -5.30755 -3.57763 -2.70492 -2.68477 -1.76905 -1.44395 -1.36048 -1.34135 -1.3285 -1.32729 -1.31566 -1.32691 -1.34313 -1.3636 -1.40983 -1.51644 -1.83814 -3.58079 -3.58019
-9999 -9999 -9999 -9999 -9999 -9999 -9999 -9999 -9999 -8.83891 -5.96459 -2.09319 0.774258 0.954309 2.34767 3.06625 2.48237 1.8249 1.15214 0.857125 -0.88505 -2.79844 -4.34443 -6.17391 -5.87338 -4.5609 -2.40313 -0.458754 -0.111085 -0.513078 -2.0527 -1.32235 0.335123 1.21434 1.47221 1.26561 0.739324 0.434071 -0.524241 -0.941136 -2.27114 -4.34916 -5.16918 -4.65394 -6.8595 -6.70768 -5.89494 -6.75424 -5.32891 -4.64751 -6.34004 -4.99446 -3.46332 -2.6814 -1.99808 -1.67569 -1.54847 -1.35244 -1.34954 -1.33534 -1.32883 -1.33436 -1.33713 -1.37192 -1.40113 -1.58848 -1.86349 -3.48851 -4.16451 -4.03358
-9999 -9999 -9999 -9999 -9999 -9999 -9999 -9999 -9999 -8.35406 -5.76636 -2.40975 -0.36542 8.31265e-05 1.5453 2.91895 2.76423 2.08037 1.87107 1.16223 -0.315417 -1.94728 -3.73065 -4.59801 -6.59067 -4.63007 -3.06787 -1.42154 -0.651467 -1.91406 -2.55396 -1.4239 -0.300648 0.146926 1.28096 1.26813 0.895721 -0.702642 -1.48337 -1.15696 -1.49388 -2.08197 -3.51301 -3.57907 -4.49904 -4.88133 -5.24239 -6.40259 -5.66037 -5.58755 -5.38796 -3.77305 -2.97713 -2.45006 -1.97091 -1.84659 -1.63951 -1.3703 -1.34872 -1.34143 -1.34521 -1.34277 -1.36543 -1.44533 -1.51307 -1.88743 -2.54808 -3.77855 -5.76867 -4.36743
-9999 -9999 -9999 -9999 -9999 -9999 -9999 -9999 -9999 -8.79955 -6.05095 -3.18235 -1.98313 -1.77984 1.01718 2.72932 2.73117 2.40636 2.02711 0.27842 0.379686 0.0289943 -1.57982 -3.92259 -6.49534 -6.25473 -4.71806 -2.53755 -1.81845 -3.9123 -4.65668 -4.11116 -2.4121 -0.891533 0.696043 1.09774 0.62926 -1.85742 -4.49997 -3.27788 -1.97194 -1.98165 -2.36795 -3.69518 -4.11818 -4.50123 -5.46997 -7.1052 -6.86239 -6.40902 -4.57617 -3.99924 -3.10689 -2.36615 -2.64818 -2.48647 -1.77817 -1.37278 -1.35977 -1.35497 -1.34412 -1.35613 -1.38316 -1.53958 -1.70506 -1.98093 -3.69944 -4.7689 -6.32343 -4.51732
-9999 -9999 -9999 -9999 -9999 -9999 -9999 -9999 -9999 -9.65485 -7.66028 -4.91859 -3.81382 -2.0518 0.591306 1.89075 2.513 2.49809 2.24493 1.46122 0.989536 0.061331 -1.61222 -3.90007 -6.443 -8.09863 -7.258 -4.32104 -3.62631 -5.55984 -6.54758 -5.32028 -3.50957 -0.827898 0.703396 0.908405 0.767595 0.253024 -1.67688 -4.00817 -4.00265 -2.83697 -3.81667 -4.95492 -4.33244 -4.45029 -5.40692 -6.10327 -6.52053 -6.25822 -5.21212 -4.78289 -3.75191 -2.22932 -2.01305 -2.05851 -1.41885 -1.38907 -1.37651 -1.3548 -1.35816 -1.36672 -1.38869 -1.51672 -1.80019 -2.94498 -3.94357 -5.33174 -5.50553 -3.89749
-9999 -9999 -9999 -9999 -9999 -9999 -9999 -9999 -9999 -11.124 -8.77756 -6.20936 -3.8049 -1.53032 0.427025 0.577451 1.60908 1.60659 2.1464 1.99011 1.26354 0.48161 -0.960476 -3.89918 -6.37033 -9.06516 -8.35571 -5.36754 -4.96097 -6.262 -8.66473 -6.18658 -3.45367 -0.977108 0.362591 -0.691231 0.384538 0.293737 -0.430836 -1.81959 -3.9776 -3.93921 -5.55702 -5.62963 -4.80226 -4.53519 -4.67556 -5.19887 -6.02945 -5.8838 -5.2479 -5.08886 -4.14171 -2.96115 -1.80708 -1.61508 -1.39688 -1.38981 -1.38869 -1.3732 -1.37348 -1.40022 -1.46205 -1.59582 -2.55598 -3.69734 -4.40143 -5.36944 -5.48911 -3.63621
