Test_Spring_2018b/01_18/Temp/20180105_010.txt
ncols	170
nrows	115
xllcorner	350000.000000
yllcorner	4445000.000000
cellsize	1000.000000
nodata_value	-9999.000000
[rows 32 to 63 of 115, columns 72 to 143 of 170]
11.7151 11.4248 11.8808 12.3007 12.0375 11.8615 12.5467 12.5487 12.3169 11.7695 11.5704 11.364 11.2387 10.5363 8.56036 6.77929 7.73767 7.76271 7.10389 8.29089 7.6663 6.03423 3.72949 4.98329 4.65752 3.01256 2.59823 -9999 -9999 -9999 -9999 -9999 -9999 -9999 -9999 -9999 -9999 -9999 -9999 -9999 -9999 -9999 -9999 -9999 -9999 -9999 -9999 -9999 -9999 -9999 -9999 -9999 -9999 -9999 -9999 -9999 -9999 -9999 -9999 -9999 -9999 -9999 -9999 -9999 -9999 -9999 -9999 -9999 -9999 -9999 -9999 -9999
11.3204 11.1975 11.874 11.8627 11.8146 12.0475 12.473 12.56 12.471 12.2336 12.0286 11.8105 11.253 10.449 8.75832 6.73058 6.2726 7.26867 7.31846 7.48001 6.91095 6.19547 5.07516 5.99403 6.35106 5.27193 3.84797 2.93568 -9999 -9999 -9999 -9999 -9999 -9999 -9999 -9999 -9999 -9999 -9999 -9999 -9999 -9999 -9999 -9999 -9999 -9999 -9999 -9999 -9999 -9999 -9999 -9999 -9999 -9999 -9999 -9999 -9999 -9999 -9999 -9999 -9999 -9999 -9999 -9999 -9999 -9999 -9999 -9999 -9999 -9999 -9999 -9999
10.8503 10.2001 10.609 10.9167 11.4658 11.6093 11.696 12.5016 12.4614 12.4266 12.0861 11.8144 11.3626 10.5889 9.48611 8.15773 5.84266 7.27406 8.39518 8.36837 8.30864 7.80776 6.7315 7.63337 7.6761 6.28742 4.71048 3.79173 3.41208 -9999 -9999 -9999 -9999 -9999 -9999 -9999 -9999 -9999 -9999 -9999 -9999 -9999 -9999 -9999 -9999 -9999 -9999 -9999 -9999 -9999 -9999 -9999 -9999 -9999 -9999 -9999 -9999 -9999 -9999 -9999 -9999 -9999 -9999 -9999 -9999 -9999 -9999 -9999 -9999 -9999 -9999 -9999
10.3163 9.52136 9.93275 10.4806 11.2419 11.6324 11.9343 12.1768 12.4241 12.3976 12.049 11.0146 10.8693 10.8272 10.1069 8.59207 7.07913 6.68889 8.39804 8.88846 8.7904 9.17276 8.26111 8.69289 8.51636 8.0178 6.50372 5.12606 4.5596 3.44011 -9999 -9999 -9999 -9999 -9999 -9999 -9999 -9999 -9999 -9999 -9999 -9999 -9999 -9999 -9999 -9999 -9999 -9999 -9999 -9999 -9999 -9999 -9999 -9999 -9999 -9999 -9999 -9999 -9999 -9999 -9999 -9999 -9999 -9999 -9999 -9999 -9999 -9999 -9999 -9999 -9999 -9999
-9999 -9999 9.02051 9.75511 10.3696 11.1165 11.7639 12.0913 12.4096 12.3865 11.6873 11.3466 11.3194 10.8485 10.0166 9.49538 8.54379 7.55203 7.93387 9.39139 8.74527 9.77767 9.69107 9.88091 9.19149 7.86466 6.11635 5.0902 4.58319 3.67588 -9999 -9999 -9999 -9999 -9999 -9999 -9999 -9999 -9999 -9999 -9999 -9999 -9999 -9999 -9999 -9999 -9999 -9999 -9999 -9999 -9999 -9999 -9999 -9999 -9999 -9999 -9999 -9999 -9999 -9999 -9999 -9999 -9999 -9999 -9999 -9999 -9999 -9999 -9999 -9999 -9999 -9999
-9999 -9999 -9999 9.61728 10.0854 11.0929 11.604 11.8172 12.3291 12.3327 12.0694 11.8714 11.5829 11.2054 10.5809 9.89158 8.99683 8.9162 9.84952 9.86277 9.66956 9.82335 10.3022 10.1762 9.09659 7.24733 6.27304 4.28351 3.43611 3.52294 2.92288 -9999 -9999 -9999 -9999 -9999 -9999 -9999 -9999 -9999 -9999 -9999 -9999 5.25183 -9999 -9999 -9999 -9999 -9999 -9999 -9999 -9999 -9999 -9999 -9999 -9999 -9999 -9999 -9999 -9999 -9999 -9999 -9999 -9999 1.69423 -9999 -9999 -9999 -9999 -9999 -9999 -9999
-9999 -9999 9.53266 10.1499 10.6406 11.2727 11.3294 11.7032 12.2914 12.3024 12.1165 11.9062 11.4301 11.3144 10.9603 10.2118 10.0608 10.368 10.5104 10.6712 10.7704 10.6917 10.4982 10.2475 9.53975 8.68413 8.10934 6.29834 5.37641 4.50182 3.17868 2.14411 -9999 -9999 -9999 -9999 -9999 -9999 -9999 4.5473 4.50116 4.52743 4.8201 5.62338 5.15412 -9999 -9999 -9999 -9999 -9999 -9999 -9999 -9999 -9999 -9999 -9999 -9999 -9999 -9999 -9999 -9999 -9999 -9999 -9999 2.41021 1.37508 -9999 -9999 -9999 -9999 -9999 -9999
-9999 -9999 9.68898 10.3514 10.683 11.2969 11.6489 11.8711 12.0764 12.273 12.2431 12.0102 11.6545 11.6601 11.1689 10.9055 10.7182 11.1328 11.2165 11.053 10.8468 10.6641 10.1456 10.0851 9.89678 9.35267 8.46062 7.54151 6.20617 4.40908 2.64719 1.22659 -9999 -9999 -9999 -9999 -9999 -9999 4.68995 5.35894 5.76088 4.91589 5.6426 6.3065 6.20205 5.54788 -9999 -9999 -9999 -9999 -9999 -9999 -9999 -9999 -9999 -9999 -9999 -9999 -9999 -9999 7.31389 6.25257 4.1018 3.00311 2.34694 1.40673 -9999 -9999 -9999 -9999 -9999 -9999
-9999 -9999 9.55642 10.3382 10.8683 11.339 11.4157 11.8961 12.1019 12.2086 12.1991 12.1554 12.0926 11.6645 11.4824 10.8336 11.4608 11.44 11.2845 10.6611 10.3912 9.3182 8.84556 8.72226 9.62272 8.95304 7.55743 5.8135 3.7118 3.57258 2.87979 1.60988 -9999 -9999 -9999 -9999 -9999 -9999 4.89269 5.60823 6.20582 6.29529 5.45493 6.63303 6.57684 5.91874 5.76894 6.3077 6.58012 6.36633 7.01572 7.20428 6.91383 7.23356 -9999 -9999 -9999 -9999 7.43982 7.48912 7.52858 7.09087 4.74105 3.13881 1.70078 1.56946 -9999 -9999 -9999 -9999 -9999 -9999
-9999 -9999 10.0951 10.5768 10.8211 10.8619 11.2844 11.7041 11.9597 12.1501 12.1151 12.103 12.0903 11.9465 11.6074 11.6729 11.6486 11.4515 10.264 8.87672 9.48338 8.65875 6.88777 8.31044 9.09556 8.33637 6.64503 4.68445 4.03405 4.05752 3.09383 1.8549 -9999 -9999 -9999 2.93221 3.95527 4.04805 4.35277 5.30631 6.03233 6.57912 6.95219 6.93498 6.54093 5.89664 5.19575 5.44356 6.70044 7.00532 7.25918 7.4538 7.18345 7.32252 7.66037 7.8365 7.87499 7.80008 7.7873 7.82109 7.78799 7.38033 5.28197 4.08353 3.32195 1.7862 -9999 -9999 -9999 -9999 -9999 -9999
-9999 -9999 9.79237 10.2114 10.5509 11.1105 11.1713 11.5284 11.7391 12.0509 12.0894 11.7261 12.0331 11.998 11.9455 11.8292 11.6567 10.6553 9.27316 7.88688 7.24705 7.51645 6.45344 6.98754 7.78279 7.48577 6.44445 4.6971 4.44814 4.03414 2.41286 0.853911 -9999 -9999 0.947761 2.907 4.28817 5.00293 5.2275 5.25299 6.167 6.24177 7.22405 6.99019 5.69164 5.83664 5.32862 5.65286 6.10798 6.23216 6.88605 7.52849 7.6484 7.65117 7.86628 7.91221 7.92662 7.92534 7.78555 7.85862 7.87632 7.62554 6.10617 5.36986 4.55309 1.79851 -9999 -9999 -9999 -9999 -9999 -9999
-9999 -9999 10.0025 10.4704 10.9827 11.0666 11.4466 11.4082 11.3003 11.8309 12.0239 11.7686 11.5862 11.9342 11.9148 11.8734 11.8022 10.8616 9.77174 8.11959 7.09276 6.46077 6.0129 5.40274 5.80904 5.67958 5.50732 5.69665 5.21089 4.24541 3.29578 1.52066 0.561659 -9999 1.04939 1.93563 3.57785 4.97454 5.86301 5.54995 6.589 6.7844 7.37879 7.02933 6.23957 5.89568 5.86367 5.75791 6.45208 6.91481 7.23518 7.45441 7.73288 7.80229 7.87302 7.90398 7.92287 7.94337 7.94546 7.94684 7.92383 7.83515 7.14171 6.40325 4.80524 1.88538 -9999 -9999 -9999 -9999 -9999 -9999
-9999 8.64645 9.94816 10.7319 11.0357 11.2552 11.4491 11.5899 11.7364 11.8746 11.9721 11.9331 11.2515 11.3121 11.4401 11.8339 11.8103 11.7286 11.134 9.12331 8.42592 7.40571 6.08733 5.52596 5.79657 6.8709 6.81802 6.09893 5.2984 4.18852 3.48302 2.39424 0.30592 0.495394 1.43891 2.14271 3.2605 4.96708 6.16504 6.70223 6.90765 7.32644 7.54637 7.06221 6.60169 6.40768 6.04903 5.99576 5.99502 6.41242 6.73038 7.45584 7.70009 7.81497 7.87239 7.90462 7.92991 7.95637 7.96989 7.96305 7.97209 7.97546 7.93007 6.94953 4.48099 2.63203 -9999 -9999 -9999 -9999 -9999 -9999
-9999 -9999 9.70568 10.0505 10.1409 10.2992 10.6228 10.9962 11.5236 11.5939 11.8876 11.8891 11.301 10.6233 11.2229 11.464 11.7132 11.7243 11.6503 9.95671 9.07168 8.37366 7.10902 7.55283 7.98042 8.00808 7.74186 6.20474 4.6742 2.90562 1.25954 1.17946 0.292943 0.762603 1.38697 2.98643 4.11405 4.5747 4.90717 6.64212 7.09381 7.24806 7.69204 7.08822 6.93194 6.47605 6.60808 6.56487 6.56353 5.30221 6.5527 6.62431 7.44364 7.80979 7.8959 7.91997 7.94713 7.95551 7.96634 7.97007 7.98705 7.98165 7.97724 7.34339 4.21166 2.65133 -9999 -9999 -9999 -9999 -9999 -9999
-9999 -9999 -9999 -9999 9.81455 10.0776 10.2467 10.5392 11.4321 11.6751 11.8381 11.8555 11.5964 10.9246 10.752 10.8809 10.2262 10.781 11.537 11.519 11.427 9.93853 9.16841 9.90007 9.6709 8.5476 7.66227 6.78853 4.99703 3.67989 1.79351 0.377487 0.323902 1.88596 3.18438 4.80304 5.52048 5.12061 5.56555 6.42691 7.40621 7.8804 7.77022 7.13347 7.04074 6.33851 7.02307 7.07806 6.75381 6.47271 6.57202 6.97512 7.12758 7.76875 7.9241 7.95311 7.96089 7.9681 7.97155 7.97557 7.97494 7.97736 7.97805 7.95897 4.73974 2.24443 -9999 -9999 -9999 -9999 -9999 -9999
-9999 -9999 -9999 -9999 9.19328 9.35359 9.77482 10.856 11.421 11.6519 11.6474 11.7569 11.5756 10.9859 10.3807 9.81032 9.07239 9.50046 10.6259 11.2889 11.3636 10.0584 10.7271 10.4681 9.96202 8.49441 7.41117 6.8342 5.11383 3.63603 2.37994 0.648028 1.38774 2.20397 3.25354 5.01891 6.21261 6.70638 6.30129 6.85494 7.98135 7.98992 7.37679 7.41652 7.03862 6.0796 7.07185 7.3479 7.11739 7.17104 7.07592 7.22367 7.49652 7.75847 7.93342 7.95826 7.96386 7.96267 7.9686 7.97621 7.97223 7.98246 7.98322 7.97682 5.90251 2.19435 -9999 -9999 -9999 -9999 -9999 -9999
-9999 -9999 -9999 -9999 -9999 8.62818 9.58859 11.0236 11.3787 11.3488 11.6481 11.6776 11.3969 11.1542 10.4185 9.41146 7.47139 7.97034 9.00645 10.4981 11.2811 11.1735 10.728 9.96572 8.12787 6.51844 6.31764 6.04923 4.79219 3.65198 2.25582 3.06125 3.94516 4.91376 5.42478 5.2969 6.32047 7.15616 6.80871 7.48688 8.27633 7.92214 7.71234 7.53515 7.09891 7.07018 7.11188 7.67315 7.27728 7.51279 7.50797 7.49095 7.62228 7.77495 7.93676 7.96449 7.96766 7.97487 7.96204 7.97597 7.97507 7.97514 7.97654 7.97242 7.79382 5.80409 4.61526 -9999 -9999 -9999 -9999 -9999
-9999 -9999 -9999 -9999 -9999 7.74168 8.22103 9.92037 10.444 11.1969 11.5986 11.6209 11.1438 10.88 9.78117 9.4284 7.63431 6.82307 7.51654 7.25287 9.30524 11.12 10.7151 7.04337 5.70981 4.75673 4.9942 4.99081 4.63715 2.70269 2.1691 3.89151 4.97687 5.81926 6.46005 6.59654 6.57985 7.88401 8.06128 8.48749 8.39906 8.44033 7.78563 7.3796 7.7301 7.31876 7.24559 7.82568 7.24597 7.76157 7.68944 7.53004 7.51942 7.86073 7.92995 7.96779 7.97255 7.96372 7.95235 7.94977 7.96918 7.97314 7.96381 7.97472 7.96601 7.74392 6.71584 6.36258 6.77363 -9999 -9999 -9999
-9999 -9999 -9999 -9999 -9999 -9999 6.63647 8.99785 10.0753 10.6445 11.4455 11.5456 11.292 10.8331 9.71391 8.73005 7.12663 5.29395 4.32253 7.2351 9.76891 11.0901 10.9068 7.84994 6.64029 6.5791 7.28319 6.67926 6.22033 4.7483 4.30851 3.69941 4.07394 5.24615 6.20604 7.13423 7.8108 7.87077 8.31148 8.56512 8.58879 8.66926 8.5931 8.52997 7.89343 8.32823 7.95432 8.14753 8.01676 7.89812 7.78926 7.42442 7.67809 7.90348 7.96191 7.98003 7.96948 7.97076 7.96688 7.95247 7.95115 7.95851 7.96573 7.96375 7.97323 7.97854 7.87229 7.25701 6.42931 5.38046 -9999 -9999
-9999 -9999 -9999 -9999 -9999 -9999 5.45663 7.80665 8.93759 10.3971 11.1482 11.4546 11.4195 11.0484 10.1991 8.91778 7.85069 5.80419 3.67814 6.7347 9.45568 10.9236 10.9994 8.42312 9.12985 8.55039 8.77749 7.72061 7.2792 6.92503 6.16739 5.34018 4.43399 3.956 6.10928 7.21739 8.1104 8.53406 8.77539 8.89759 8.83529 8.67617 7.72234 8.45002 8.40737 8.33279 8.24692 8.20343 8.12444 8.03188 7.96926 7.94824 7.70618 7.97512 7.96934 7.97486 7.97921 7.97639 7.96831 7.96296 7.95565 7.96148 7.96423 7.96404 7.9668 7.97998 7.98203 7.95691 7.79946 6.38822 5.54645 5.3123
-9999 -9999 -9999 -9999 -9999 -9999 2.15547 5.57396 8.31695 9.75408 10.9217 11.2468 11.3713 10.8715 10.4988 9.58147 8.71254 7.36905 5.35408 4.11351 6.40066 9.72598 10.9484 10.8417 10.7613 10.0927 9.48971 9.41009 9.45144 8.7461 7.72493 6.39749 5.981 5.5181 7.12252 7.34349 7.23065 8.99557 9.00364 8.90714 8.23634 7.48133 7.62502 7.15936 7.5132 6.95483 7.46411 7.90357 8.06564 8.04871 7.98005 7.96691 7.93952 7.98616 7.98625 7.98058 7.97781 7.97886 7.97749 7.96318 7.95847 7.97336 7.96405 7.96151 7.965 7.98015 7.98566 7.96911 7.95431 7.74378 7.42273 6.80115
-9999 -9999 -9999 -9999 -9999 -9999 2.29864 5.17143 7.61158 9.07247 10.4819 10.8122 11.291 11.1932 10.8023 10.0052 9.00775 7.90245 6.17406 4.88927 6.42033 8.62633 10.2063 10.7619 10.7513 10.7098 10.5561 10.4866 10.3086 10.1755 9.44605 8.1877 7.48055 6.44596 8.23335 8.4369 8.16138 9.05577 9.01463 7.67085 6.63776 6.51047 7.1393 6.53802 6.4283 6.05468 6.47549 7.60622 7.26889 7.33153 7.83526 7.91869 7.97134 7.98623 7.98382 7.98348 7.97788 7.98333 7.98967 7.97542 7.97264 7.9751 7.96298 7.96292 7.957 7.96369 7.96898 7.96383 7.95085 7.89634 7.8318 7.90704
-9999 -9999 -9999 -9999 -9999 -9999 2.35632 4.28776 6.48399 8.63508 10.1398 10.7493 11.1943 11.1938 10.7384 10.3439 9.71984 8.74762 8.08107 6.92138 5.32841 8.00081 8.81701 9.53718 9.83898 10.5979 10.5758 10.2232 9.8069 10.1816 10.0641 9.07224 8.74707 8.19804 9.19305 9.19827 9.17388 9.12389 7.98909 6.41018 5.14821 6.0596 5.8704 6.28339 4.98575 6.04587 6.90045 7.17596 6.5952 6.16106 7.48718 7.70648 7.83814 7.92318 7.98008 7.96905 7.98594 7.98221 7.98323 7.98457 7.97934 7.97908 7.97446 7.96975 7.96088 7.96917 7.96224 7.94692 7.95374 7.93451 7.92882 7.92092
-9999 -9999 -9999 -9999 -9999 -9999 -9999 3.1455 5.92264 8.4086 9.79432 10.6673 11.0946 11.0908 10.8595 10.5926 10.2065 9.5056 8.62385 7.22864 6.19261 6.85092 7.65 7.72869 8.2603 9.80649 10.3328 9.58026 7.71581 8.80138 10.0214 10.0018 9.89851 9.78358 9.63679 9.50496 9.21374 8.42908 6.01927 5.5463 4.60182 4.7107 4.22586 5.28046 4.88011 5.96811 6.43851 6.61483 5.60565 5.80753 6.98882 7.4573 7.38015 7.66896 7.94919 7.96086 7.97216 7.96924 7.98002 7.9877 7.98913 7.97898 7.97639 7.97641 7.95519 7.97484 7.89316 7.84291 7.73273 7.88683 7.90847 7.92872
-9999 -9999 -9999 -9999 -9999 -9999 -9999 2.58304 5.36111 8.28823 9.2303 10.171 10.9834 11.0028 10.6471 10.3089 9.9601 9.56216 8.49218 7.45413 6.46258 6.12985 6.32969 6.29855 7.16081 9.17669 9.56531 9.39666 7.44192 6.78559 8.4159 9.78662 9.89542 9.77262 8.16183 8.50763 7.64016 6.46282 6.14058 5.62638 4.53688 5.06353 4.26491 4.6078 4.50614 5.12366 5.42401 6.15825 5.27906 5.27217 6.43229 7.01896 7.03474 7.65161 7.8733 7.9338 7.95194 7.96661 7.97413 7.9892 7.98937 7.98653 7.98105 7.9584 7.89527 7.68051 6.53245 6.54188 6.87009 7.18104 7.73622 7.90903
-9999 -9999 -9999 -9999 -9999 -9999 -9999 2.90055 4.82915 7.42671 9.35179 9.47582 10.4136 10.8994 10.5121 10.0755 9.62853 9.43443 8.26975 6.98973 5.95537 4.73031 4.93247 5.8124 7.23503 8.53708 8.76869 8.49786 7.44142 7.93129 9.04331 9.63427 9.80935 9.67368 9.32423 9.12337 8.48498 8.20963 7.32209 5.93287 5.38658 5.73491 4.25874 4.36226 4.90826 4.31731 5.2731 5.73004 4.59557 5.48379 6.51186 7.03817 7.49893 7.71835 7.8076 7.94366 7.95092 7.96639 7.97726 7.98055 7.9861 7.97047 7.95878 7.84119 7.66488 6.58353 6.14275 6.23941 6.75005 7.19812 7.67339 7.86993
-9999 -9999 -9999 -9999 -9999 -9999 -9999 3.22516 4.96186 7.21446 8.58779 8.83608 9.87554 10.8002 10.7004 10.2459 10.1094 9.63775 8.65032 7.55905 6.3657 5.78585 4.4511 5.76598 6.78904 7.89199 8.40746 7.53534 7.10662 7.86487 8.61907 8.92087 9.68338 9.67758 9.43116 8.36323 7.84363 8.06629 7.84421 7.45355 6.49749 6.45607 5.84174 5.58735 5.34672 4.55358 5.05194 5.10143 5.234 6.30479 6.84047 7.19633 7.52058 7.60749 7.75047 7.93568 7.95546 7.96621 7.97002 7.97843 7.97038 7.92422 7.88642 7.64318 7.2081 6.39102 5.06888 6.017 7.00813 7.31991 7.61016 7.76656
-9999 -9999 -9999 -9999 -9999 -9999 -9999 2.92598 4.77074 6.69632 7.50316 7.64268 9.52122 10.6727 10.6777 10.4637 10.2131 9.04429 9.11529 8.88291 7.8067 6.238 4.51467 4.67691 5.6928 7.14422 7.6261 6.19647 5.69814 6.06489 7.20537 8.22664 9.29329 9.56537 9.25447 7.59089 5.823 6.64589 7.52492 7.52182 7.26599 6.37905 6.09789 5.8431 5.19528 4.09503 4.24718 4.5522 5.76623 6.15516 6.75584 7.25528 7.06953 7.18173 7.66086 7.93744 7.95148 7.96049 7.97399 7.97255 7.96135 7.86367 7.76011 7.58269 6.43824 5.72893 4.70588 5.91781 6.59563 6.96775 7.61417 7.77427
-9999 -9999 -9999 -9999 -9999 -9999 -9999 2.35199 3.69145 5.53204 6.27561 7.46004 9.23536 10.1101 10.5309 10.5246 10.3585 9.83646 9.52337 8.90391 7.7844 6.2527 4.54961 3.44096 4.00544 5.94905 6.40295 5.09271 4.43156 5.25564 6.47119 8.27099 9.3 9.44026 9.34898 9.00737 7.71709 6.15777 6.1649 6.94961 6.29589 5.53559 5.95528 5.87833 5.23874 4.77334 4.47738 4.65209 5.3414 5.63159 6.32547 7.34927 7.49776 7.47125 7.90448 7.92932 7.94308 7.96339 7.96727 7.96802 7.96006 7.88124 7.69842 6.93833 6.27635 5.35327 5.24429 6.33445 6.82487 7.26716 7.58825 7.69813
-9999 -9999 -9999 -9999 -9999 -9999 -9999 1.36646 2.9419 4.66628 6.28116 7.80922 9.12481 9.22925 9.92448 9.92647 10.2919 10.1905 9.70658 9.18523 8.22099 6.25311 4.59831 2.79323 3.27 5.2589 5.49388 4.62272 3.01326 4.67607 6.51 8.17244 9.07311 8.36954 9.09383 9.03628 8.55396 7.6264 6.18309 6.21202 5.13046 5.08447 5.64149 5.82258 5.73024 5.38093 4.82009 4.9041 5.31877 5.42799 6.06583 6.86048 7.63777 7.77055 7.92132 7.93099 7.93709 7.95321 7.95911 7.94759 7.91282 7.83005 7.19348 6.4356 5.97094 5.32945 5.25669 6.51823 7.02684 7.30603 7.58444 7.69903
-9999 -9999 -9999 -9999 -9999 -9999 -9999 -9999 2.77708 4.55841 5.87736 6.2347 7.4044 8.03738 8.52783 8.63873 10.0326 10.1118 9.80584 9.32716 8.50509 7.01223 5.97226 4.24097 2.99662 3.48609 3.7088 4.16663 4.03214 4.77412 6.53655 8.37293 8.57448 7.41015 7.58449 7.83022 8.37875 8.10319 6.13588 5.13702 4.30793 4.89881 5.52006 5.67068 5.70094 5.5812 5.43652 5.1795 6.01035 6.62555 6.76928 7.30643 7.70381 7.81545 7.90058 7.91401 7.92801 7.9322 7.91353 7.90147 7.80715 7.58994 6.87721 5.1559 5.24206 5.0609 4.52943 5.76168 6.53639 7.22983 7.6019 7.70362
-9999 -9999 -9999 -9999 -9999 -9999 -9999 -9999 2.18139 4.24199 4.67955 4.65022 3.97192 4.28858 6.81734 7.32882 8.66569 9.93152 9.84109 9.37156 8.60255 7.71407 6.33738 4.39017 2.84293 2.17138 3.8263 5.45426 5.79252 6.31551 7.39586 7.60217 6.41207 5.29631 5.9254 6.3051 7.7467 8.01122 7.73298 6.54804 5.19278 4.48557 5.32192 5.43386 5.48397 5.49362 5.46315 5.4172 6.34427 6.86294 7.2233 7.42038 7.76176 7.85099 7.8816 7.911 7.90851 7.89502 7.84577 7.78946 7.52592 7.20607 6.03527 5.06016 4.45424 3.6837 5.4385 5.97533 6.70882 7.17504 7.54507 7.63203
