Test_Spring_2018b/01_18/Temp/20180129_000.txt
ncols	170
nrows	115
xllcorner	350000.000000
yllcorner	4445000.000000
cellsize	1000.000000
nodata_value	-9999.000000
[rows 31 to 61 of 115, columns 70 to 139 of 170]
4.24257 4.76475 4.95586 4.58983 4.62557 5.52697 5.73319 5.72215 5.67788 5.59651 5.18226 5.04402 4.71684 4.13986 3.89739 2.87042 -0.447771 0.489687 0.855619 -0.106865 0.429692 1.30385 0.544283 -1.71147 -2.68086 -4.24331 -3.7209 -4.16251 -5.41747 -9999 -9999 -9999 -9999 -9999 -9999 -9999 -9999 -9999 -9999 -9999 -9999 -9999 -9999 -9999 -9999 -9999 -9999 -9999 -9999 -9999 -9999 -9999 -9999 -9999 -9999 -9999 -9999 -9999 -9999 -9999 -9999 -9999 -9999 -9999 -9999 -9999 -9999 -9999 -9999 -9999
4.33909 4.57648 4.5521 4.19935 4.74122 5.24057 4.97439 4.79683 5.63053 5.63191 5.3526 4.69469 4.45312 4.20218 4.04782 3.20202 0.830951 -1.30665 -0.163076 -0.13663 -0.928303 0.491649 -0.25677 -2.21048 -4.96854 -3.46373 -3.84966 -5.75418 -6.21572 -9999 -9999 -9999 -9999 -9999 -9999 -9999 -9999 -9999 -9999 -9999 -9999 -9999 -9999 -9999 -9999 -9999 -9999 -9999 -9999 -9999 -9999 -9999 -9999 -9999 -9999 -9999 -9999 -9999 -9999 -9999 -9999 -9999 -9999 -9999 -9999 -9999 -9999 -9999 -9999 -9999
3.6724 4.2684 4.0824 3.92996 4.73568 4.71821 4.69705 5.02266 5.54488 5.64784 5.53941 5.25266 5.00403 4.73914 4.06734 3.10007 1.07077 -1.362 -1.91445 -0.724918 -0.667848 -0.475949 -1.15793 -2.01412 -3.35398 -2.25068 -1.81937 -3.07859 -4.71593 -5.76902 -9999 -9999 -9999 -9999 -9999 -9999 -9999 -9999 -9999 -9999 -9999 -9999 -9999 -9999 -9999 -9999 -9999 -9999 -9999 -9999 -9999 -9999 -9999 -9999 -9999 -9999 -9999 -9999 -9999 -9999 -9999 -9999 -9999 -9999 -9999 -9999 -9999 -9999 -9999 -9999
2.77712 3.80199 3.5214 2.73751 3.22277 3.5873 4.31526 4.51371 4.61664 5.58016 5.53007 5.48591 5.075 4.74595 4.20071 3.26974 1.94462 0.349457 -2.42698 -0.716038 0.624114 0.590469 0.518463 -0.0807378 -1.36792 -0.285063 -0.2303 -1.82979 -3.64463 -4.74147 -5.19336 -9999 -9999 -9999 -9999 -9999 -9999 -9999 -9999 -9999 -9999 -9999 -9999 -9999 -9999 -9999 -9999 -9999 -9999 -9999 -9999 -9999 -9999 -9999 -9999 -9999 -9999 -9999 -9999 -9999 -9999 -9999 -9999 -9999 -9999 -9999 -9999 -9999 -9999 -9999
-9999 3.15308 2.88303 1.92608 2.41454 3.06701 4.01466 4.52758 4.90399 5.19315 5.48756 5.45332 5.03273 3.79015 3.61187 3.55697 2.68977 0.87126 -0.944624 -1.41533 0.629048 1.21486 1.09704 1.55574 0.465869 0.985919 0.778317 0.220431 -1.53174 -3.14098 -3.81643 -5.15514 -9999 -9999 -9999 -9999 -9999 -9999 -9999 -9999 -9999 -9999 -9999 -9999 -9999 -9999 -9999 -9999 -9999 -9999 -9999 -9999 -9999 -9999 -9999 -9999 -9999 -9999 -9999 -9999 -9999 -9999 -9999 -9999 -9999 -9999 -9999 -9999 -9999 -9999
-9999 -9999 -9999 -9999 1.32327 2.23765 2.9821 3.91101 4.70143 5.09268 5.47222 5.44224 4.60158 4.18978 4.15277 3.58401 2.58286 1.95404 0.810199 -0.381044 0.0736759 1.81774 1.04373 2.28119 2.17978 2.41057 1.58929 0.0707508 -1.99381 -3.1813 -3.78501 -4.86919 -9999 -9999 -9999 -9999 -9999 -9999 -9999 -9999 -9999 -9999 -9999 -9999 -9999 -9999 -9999 -9999 -9999 -9999 -9999 -9999 -9999 -9999 -9999 -9999 -9999 -9999 -9999 -9999 -9999 -9999 -9999 -9999 -9999 -9999 -9999 -9999 -9999 -9999
-9999 -9999 -9999 -9999 -9999 2.07408 2.64361 3.85032 4.5114 4.76628 5.378 5.37997 5.06142 4.82021 4.47001 4.01264 3.2595 2.42885 1.35269 1.25235 2.3674 2.38186 2.15048 2.33613 2.91256 2.76576 1.51205 -0.666602 -1.82638 -4.14454 -5.15506 -5.04795 -5.76485 -9999 -9999 -9999 -9999 -9999 -9999 -9999 -9999 -9999 -9999 -9999 -9999 -3.03506 -9999 -9999 -9999 -9999 -9999 -9999 -9999 -9999 -9999 -9999 -9999 -9999 -9999 -9999 -9999 -9999 -9999 -9999 -9999 -9999 -7.3887 -9999 -9999 -9999
-9999 -9999 -9999 -9999 1.93789 2.72104 3.31009 4.0684 4.16909 4.63171 5.33519 5.34616 5.12014 4.86393 4.28849 4.1442 3.71422 2.81204 2.62611 2.98975 3.15747 3.34863 3.46774 3.37553 3.14747 2.8525 2.07222 1.05603 0.376267 -1.7637 -2.82706 -3.87038 -5.45251 -6.69079 -9999 -9999 -9999 -9999 -9999 -9999 -9999 -3.85297 -3.91476 -3.8892 -3.54376 -2.5859 -3.15111 -9999 -9999 -9999 -9999 -9999 -9999 -9999 -9999 -9999 -9999 -9999 -9999 -9999 -9999 -9999 -9999 -9999 -9999 -9999 -6.52317 -7.77623 -9999 -9999
-9999 -9999 -9999 -9999 2.16652 2.9623 3.36226 4.10002 4.52371 4.83492 5.0803 5.3137 5.27439 4.99067 4.5589 4.55901 3.96403 3.64201 3.41174 3.90361 4.00065 3.80344 3.55724 3.34113 2.72491 2.65895 2.49979 1.85858 0.800784 -0.289847 -1.8284 -3.97531 -6.08198 -7.78199 -9999 -9999 -9999 -9999 -9999 -9999 -3.67017 -2.87652 -2.40212 -3.42019 -2.55492 -1.76368 -1.89141 -2.63393 -9999 -9999 -9999 -9999 -9999 -9999 -9999 -9999 -9999 -9999 -9999 -9999 -9999 -9999 -0.585382 -1.87075 -4.46093 -5.79104 -6.59091 -7.73055 -9999 -9999
-9999 -9999 -9999 -9999 2.00578 2.94621 3.58544 4.15332 4.24872 4.83929 5.11368 5.23963 5.22457 5.16695 5.08514 4.56505 4.33914 3.55456 4.29892 4.26862 4.07876 3.33079 3.00861 1.7271 1.16698 1.0809 2.17122 1.38188 -0.276719 -2.35296 -4.82624 -4.97009 -5.79536 -7.31422 -9999 -9999 -9999 -9999 -9999 -9999 -3.42208 -2.57345 -1.86532 -1.76459 -2.77605 -1.36869 -1.39852 -2.18674 -2.36546 -1.71913 -1.39167 -1.61412 -0.836736 -0.614529 -0.967203 -0.59051 -9999 -9999 -9999 -9999 -0.395892 -0.350833 -0.318189 -0.857337 -3.68652 -5.62021 -7.35686 -7.51607 -9999 -9999
-9999 -9999 -9999 -9999 2.64847 3.23142 3.53021 3.58497 4.09597 4.61465 4.94663 5.1724 5.12622 5.10569 5.08281 4.90191 4.48669 4.55613 4.51899 4.27646 2.84968 1.18624 1.91338 0.934487 -1.15986 0.584714 1.53929 0.645266 -1.36497 -3.69821 -4.43246 -4.3815 -5.53005 -7.01379 -9999 -9999 -9999 -5.74003 -4.52369 -4.42232 -4.0674 -2.93509 -2.07438 -1.42128 -0.979606 -0.979983 -1.43996 -2.21037 -3.0476 -2.7481 -1.23998 -0.872279 -0.536254 -0.305649 -0.633332 -0.474738 -0.0774638 0.124433 0.159815 0.0578207 0.0288695 0.0545996 -0.000498003 -0.504577 -3.03001 -4.4807 -5.4077 -7.27002 -9999 -9999
-9999 -9999 -9999 -9999 2.28449 2.79329 3.20707 3.88938 3.968 4.39988 4.6652 5.05751 5.09911 4.65726 5.01646 4.9646 4.89126 4.74182 4.52601 3.3193 1.65905 -0.00335708 -0.768681 -0.426925 -1.69131 -1.01231 -0.0445668 -0.371468 -1.597 -3.67361 -3.95716 -4.41414 -6.33827 -8.20225 -9999 -9999 -8.09908 -5.76092 -4.11676 -3.27169 -3.01394 -2.99415 -1.90916 -1.82764 -0.657302 -0.921248 -2.46518 -2.28992 -2.88429 -2.49155 -1.9411 -1.78885 -0.97674 -0.208131 -0.0677255 -0.0693613 0.181417 0.227598 0.234061 0.219908 0.038306 0.110372 0.115303 -0.201721 -2.038 -2.93614 -3.92042 -7.25219 -9999 -9999
-9999 -9999 -9999 -9999 2.53972 3.10842 3.73017 3.83831 4.30001 4.26209 4.14621 4.78147 5.0246 4.71149 4.4836 4.88926 4.85432 4.7933 4.69766 3.56277 2.25195 0.270985 -0.957505 -1.6965 -2.22273 -2.90625 -2.4027 -2.53974 -2.7277 -2.48301 -3.03403 -4.151 -5.2796 -7.39305 -8.54134 -9999 -7.96697 -6.91471 -4.95905 -3.29858 -2.24702 -2.63384 -1.40005 -1.17469 -0.452577 -0.873465 -1.8078 -2.21351 -2.24809 -2.37002 -1.5334 -0.962233 -0.54952 -0.286947 0.0444308 0.12335 0.201679 0.230101 0.241834 0.253392 0.241105 0.226574 0.181892 0.0581421 -0.789813 -1.68301 -3.61257 -7.14174 -9999 -9999
-9999 -9999 -9999 0.880167 2.47296 3.42161 3.79541 4.06759 4.30769 4.48267 4.67103 4.84052 4.95434 4.91194 4.08529 4.1457 4.28593 4.74481 4.70501 4.59779 3.87953 1.46895 0.644712 -0.561469 -2.12852 -2.76129 -2.41796 -1.11094 -1.15347 -1.99424 -2.93374 -4.22372 -5.04418 -6.34225 -8.83676 -8.61326 -7.49029 -6.65741 -5.33094 -3.30061 -1.87968 -1.24941 -1.01493 -0.509966 -0.251409 -0.828851 -1.36927 -1.59807 -2.02247 -2.07999 -2.07395 -1.56698 -1.15758 -0.275423 0.0161102 0.149751 0.212553 0.24265 0.261902 0.280219 0.281026 0.255892 0.248776 0.23443 0.168333 -1.02295 -3.99946 -6.24536 -9999 -9999
-9999 -9999 -9999 -9999 2.18169 2.60621 2.72598 2.92603 3.32284 3.77732 4.42217 4.50717 4.85638 4.85481 4.14727 3.32245 4.02641 4.30112 4.58706 4.5902 4.49472 2.47577 1.42056 0.593717 -0.907669 -0.335859 0.197461 0.253097 -0.0427541 -1.86103 -3.67267 -5.75082 -7.70936 -7.79656 -8.84589 -8.28336 -7.54311 -5.63839 -4.30117 -3.76413 -3.38088 -1.31724 -0.779954 -0.599585 -0.0722349 -0.796815 -0.972591 -1.51402 -1.34958 -1.39368 -1.38686 -2.88878 -1.36226 -1.27292 -0.290138 0.154308 0.251221 0.271648 0.292997 0.2893 0.286347 0.273201 0.274845 0.253903 0.22777 -0.549409 -4.31712 -6.21699 -9999 -9999
-9999 -9999 -9999 -9999 -9999 -9999 2.33756 2.66418 2.87671 3.23506 4.31787 4.61001 4.80278 4.81774 4.49828 3.6853 3.46351 3.60311 2.80566 3.46154 4.3646 4.34325 4.23815 2.46533 1.57756 2.4743 2.2226 0.901472 -0.134163 -1.15626 -3.27878 -4.81571 -7.06089 -8.74715 -8.80658 -6.9362 -5.38256 -3.45548 -2.61031 -3.10475 -2.58774 -1.56432 -0.401808 0.158614 0.022305 -0.741454 -0.840919 -1.6766 -0.8495 -0.774917 -1.15361 -1.48038 -1.33224 -0.844921 -0.65995 0.107605 0.290171 0.320203 0.31822 0.312826 0.300597 0.287262 0.268628 0.252223 0.233876 0.19248 -3.68038 -6.69974 -9999 -9999
-9999 -9999 -9999 -9999 -9999 -9999 1.5964 1.8005 2.31553 3.61886 4.30897 4.58673 4.57888 4.70405 4.47751 3.75915 3.02069 2.3223 1.42595 1.92935 3.27238 4.0666 4.16137 2.60849 3.44388 3.15508 2.5726 0.840093 -0.431531 -1.09719 -3.13348 -4.86244 -6.35206 -8.41604 -7.52505 -6.54772 -5.29619 -3.19134 -1.77632 -1.20078 -1.69968 -1.04967 0.288678 0.291271 -0.447415 -0.400896 -0.841753 -1.98448 -0.78829 -0.44828 -0.713936 -0.638971 -0.723514 -0.541336 -0.211611 0.102235 0.308576 0.331527 0.328301 0.312655 0.303107 0.294334 0.270331 0.262895 0.244264 0.217748 -2.28421 -6.75594 -9999 -9999
-9999 -9999 -9999 -9999 -9999 -9999 -9999 0.935085 2.09584 3.8228 4.26162 4.22691 4.58291 4.61213 4.2665 3.96366 3.06834 1.8472 -0.489258 0.0989301 1.33495 3.12156 4.0645 3.94582 3.44685 2.5554 0.3782 -1.52396 -1.73852 -2.03438 -3.51548 -4.84004 -6.49714 -5.52218 -4.45831 -3.2984 -2.69182 -2.85525 -1.6437 -0.65836 -1.08933 -0.290391 0.644263 0.21229 -0.0434451 -0.256714 -0.767427 -0.795907 -0.737917 -0.0560764 -0.519499 -0.226434 -0.202726 -0.217607 -0.0571229 0.126036 0.316783 0.343269 0.336587 0.331187 0.299231 0.297638 0.277181 0.257431 0.239426 0.215496 -0.0162623 -2.42997 -3.87069 -9999
-9999 -9999 -9999 -9999 -9999 -9999 -9999 -0.123363 0.460808 2.50397 3.14439 4.04703 4.52547 4.5461 3.96542 3.6388 2.30869 1.87108 -0.291257 -1.27007 -0.444388 -0.760107 1.70283 3.88608 3.43559 -0.940826 -2.51468 -3.63137 -3.32163 -3.30063 -3.70033 -5.97623 -6.60057 -4.52758 -3.22251 -2.2137 -1.45156 -1.29714 -1.33153 0.214184 0.413499 0.910792 0.794129 0.835737 0.0470939 -0.440382 -0.00897758 -0.495894 -0.575713 0.128417 -0.555422 0.0728418 0.015934 -0.169624 -0.179249 0.229759 0.309585 0.348193 0.34368 0.31906 0.288558 0.268041 0.272014 0.257013 0.22624 0.22037 0.192101 -0.104767 -1.35295 -1.79092
-9999 -9999 -9999 -9999 -9999 -9999 -9999 -9999 -1.4346 1.40065 2.70403 3.38625 4.34278 4.45666 4.15038 3.58717 2.23217 1.03946 -0.893906 -3.09945 -4.26187 -0.773901 2.26519 3.85655 3.67128 0.0300893 -1.39665 -1.44652 -0.579277 -1.27876 -1.80573 -3.52823 -4.04098 -4.76072 -4.30721 -2.89893 -1.75485 -0.654218 0.142257 0.198561 0.710296 1.00687 1.02468 1.1133 1.01741 0.940322 0.189493 0.715352 0.274735 0.514835 0.367909 0.235839 0.134826 -0.297299 0.00914047 0.278986 0.345693 0.361448 0.338151 0.325856 0.304628 0.268612 0.250766 0.240156 0.229493 0.208439 0.202149 0.177407 0.0333026 -0.718472
-9999 -9999 -9999 -9999 -9999 -9999 -9999 -9999 -2.84566 -0.0251077 1.3419 3.08991 3.99296 4.35897 4.30582 3.84866 2.81783 1.26986 -0.0203165 -2.48122 -5.03434 -1.37314 1.89899 3.66519 3.76803 0.722523 1.58902 0.916565 1.21065 -0.0331821 -0.540974 -0.925351 -1.81989 -2.80166 -3.87491 -4.44661 -1.87459 -0.557749 0.498833 0.99165 1.26557 1.39737 1.31994 1.12527 -0.0218407 0.847795 0.807997 0.723001 0.626375 0.581927 0.495873 0.393854 0.34803 0.326782 0.0388079 0.364409 0.351384 0.350588 0.345265 0.328388 0.30259 0.278007 0.249701 0.244059 0.227646 0.209128 0.195097 0.179491 0.165238 0.120226
-9999 -9999 -9999 -9999 -9999 -9999 -9999 -9999 -6.7974 -2.69852 0.607543 2.3273 3.73097 4.11215 4.25099 3.64055 3.18179 2.07083 1.019 -0.599172 -3.01876 -4.5076 -1.7619 2.22611 3.7145 3.62567 3.54718 2.76569 2.06333 1.98756 2.0557 1.24999 0.0498365 -1.53343 -2.02514 -2.58207 -0.66683 -0.411568 -0.558518 1.54178 1.53754 1.4085 0.593066 -0.306618 -0.139999 -0.694709 -0.259904 -0.925307 -0.310373 0.22223 0.423427 0.410499 0.357197 0.350328 0.317869 0.369539 0.364937 0.350616 0.336902 0.325023 0.30786 0.27328 0.248913 0.247368 0.227527 0.206837 0.192881 0.179266 0.169351 0.1346
-9999 -9999 -9999 -9999 -9999 -9999 -9999 -9999 -6.6154 -3.16008 -0.237135 1.52334 3.20587 3.59376 4.15771 4.02982 3.55039 2.58461 1.37999 0.0479187 -2.02797 -3.56968 -1.73587 0.91804 2.81844 3.52308 3.53956 3.5066 3.33965 3.28473 3.08799 2.96783 2.10318 0.609024 -0.236888 -1.47836 0.656537 0.891825 0.551186 1.61024 1.54835 -0.0732249 -1.32156 -1.48327 -0.718572 -1.44161 -1.56154 -2.00177 -1.4941 -0.135107 -0.528735 -0.447617 0.185436 0.286655 0.346959 0.361936 0.353848 0.345738 0.328755 0.322556 0.315263 0.28158 0.260461 0.244996 0.212026 0.207338 0.183832 0.15912 0.148473 0.127366
-9999 -9999 -9999 -9999 -9999 -9999 -9999 -9999 -6.5491 -4.21726 -1.58735 1.00121 2.798 3.52068 4.04496 4.03463 3.47902 2.99667 2.24015 1.06822 0.264452 -1.12739 -3.03533 0.167895 1.16178 2.06298 2.44577 3.37081 3.36106 2.95528 2.50913 2.96803 2.84482 1.66055 1.27168 0.611748 1.79817 1.79678 1.75802 1.68736 0.317018 -1.58493 -3.10637 -2.02344 -2.25661 -1.7443 -3.28695 -2.0134 -0.986276 -0.65157 -1.33919 -1.8547 -0.2369 0.0239501 0.179752 0.277932 0.340347 0.319205 0.329252 0.312448 0.299435 0.285275 0.262179 0.24445 0.221412 0.198632 0.187074 0.163805 0.13942 0.108568
-9999 -9999 -9999 -9999 -9999 -9999 -9999 -9999 -9999 -5.58741 -2.24361 0.730507 2.38519 3.42422 3.92824 3.91503 3.62913 3.30062 2.83031 1.98427 0.923522 -0.749901 -1.99065 -1.19959 -0.224635 -0.0901176 0.558853 2.42401 3.06832 2.18081 -0.00866846 1.31463 2.78183 2.76185 2.63904 2.49954 2.32161 2.15685 1.79956 0.850247 -2.04582 -2.62354 -3.76366 -3.64094 -4.22754 -2.94314 -3.41013 -2.10613 -1.54051 -1.32618 -2.53116 -2.25521 -0.841085 -0.281105 -0.376007 -0.0343024 0.294005 0.299799 0.303204 0.287729 0.287029 0.281267 0.267077 0.240362 0.22076 0.20454 0.181268 0.170349 0.0566491 -0.0184691
-9999 -9999 -9999 -9999 -9999 -9999 -9999 -9999 -9999 -6.23841 -2.9134 0.588641 1.71198 2.83235 3.7982 3.81354 3.37954 2.96659 2.54168 2.05909 0.773205 -0.472543 -1.66047 -2.05717 -1.81384 -1.79743 -0.754779 1.67041 2.14721 1.95649 -0.325908 -1.1053 0.851878 2.49602 2.62663 2.47761 0.544469 0.952681 -0.0935802 -1.51192 -1.90665 -2.53116 -3.84403 -3.22032 -4.18235 -3.77567 -3.85712 -3.11764 -2.75695 -1.87593 -2.92681 -2.90142 -1.51369 -0.813363 -0.797961 -0.0641482 0.194796 0.259004 0.270781 0.276792 0.272816 0.276713 0.261929 0.243032 0.220813 0.17818 0.0874948 -0.164917 -1.57582 -1.57951
-9999 -9999 -9999 -9999 -9999 -9999 -9999 -9999 -9999 -5.85438 -3.54744 -0.4405 1.85998 2.00254 3.11889 3.69337 3.22221 2.69218 2.15028 1.91224 0.51315 -1.02248 -2.26214 -3.72832 -3.48339 -2.42503 -0.663432 0.904668 1.19115 0.875783 -0.330321 0.261377 1.59655 2.30592 2.51535 2.35077 1.9284 1.68245 0.911307 0.574119 -0.496623 -2.16812 -2.82962 -2.41888 -4.19203 -4.07201 -3.4207 -4.0841 -2.93959 -2.39195 -3.74995 -2.65311 -1.42441 -0.797466 -0.250082 0.00703355 0.106882 0.261342 0.26011 0.267345 0.267865 0.258304 0.250695 0.217265 0.188371 0.0327108 -0.192986 -1.50208 -2.04573 -1.94502
-9999 -9999 -9999 -9999 -9999 -9999 -9999 -9999 -9999 -5.46164 -3.38521 -0.691833 0.947677 1.2391 2.47746 3.57801 3.4516 2.9006 2.73096 2.16081 0.974109 -0.335623 -1.76612 -2.46031 -4.05702 -2.47908 -1.19578 0.131983 0.756463 -0.226153 -0.734844 0.176862 1.08237 1.44458 2.35698 2.34771 2.04882 0.764833 0.136538 0.396502 0.123522 -0.351298 -1.50286 -1.55838 -2.2991 -2.60769 -2.89871 -3.80244 -3.20671 -3.14812 -2.98713 -1.67463 -1.03666 -0.614778 -0.231706 -0.133934 0.0297967 0.242881 0.256639 0.258424 0.250883 0.247988 0.224726 0.155405 0.0958744 -0.20967 -0.744801 -1.73708 -3.33524 -2.21485
-9999 -9999 -9999 -9999 -9999 -9999 -9999 -9999 -9999 -5.81585 -3.61066 -1.30938 -0.348551 -0.187461 2.05587 3.42823 3.42762 3.16499 2.85901 1.45409 1.53497 1.2537 -0.0368864 -1.91593 -3.97885 -3.78239 -2.52695 -0.763991 -0.181351 -1.83154 -2.42495 -1.98328 -0.61616 0.606935 1.88305 2.2063 1.83019 -0.166915 -2.28975 -1.3104 -0.264061 -0.274122 -0.58653 -1.6542 -1.99566 -2.30468 -3.08352 -4.38591 -4.17301 -3.80926 -2.32033 -1.85844 -1.14346 -0.550433 -0.77882 -0.651328 -0.0854236 0.236861 0.243697 0.243542 0.2479 0.233629 0.207115 0.0766304 -0.061104 -0.287357 -1.67162 -2.53458 -3.79332 -2.33723
-9999 -9999 -9999 -9999 -9999 -9999 -9999 -9999 -9999 -6.49919 -4.89978 -2.70073 -1.81599 -0.403678 1.71598 2.75696 3.25444 3.24062 3.03591 2.4057 2.02657 1.28155 -0.0611842 -1.8964 -3.93573 -5.2621 -4.58386 -2.19605 -1.62376 -3.15539 -3.94483 -2.95642 -1.50022 0.654581 1.88514 2.05023 1.93705 1.52322 -0.0273783 -1.90059 -1.89798 -0.964094 -1.75257 -2.66822 -2.17008 -2.26603 -3.03507 -3.59485 -3.90001 -3.68862 -2.83286 -2.48986 -1.66391 -0.443513 -0.272168 -0.311266 0.199314 0.219909 0.226336 0.239785 0.232834 0.221504 0.199261 0.0918013 -0.140433 -1.0641 -1.87027 -2.98903 -3.13266 -1.84182
-9999 -9999 -9999 -9999 -9999 -9999 -9999 -9999 -9999 -7.67554 -5.79408 -3.73468 -1.80682 0.0167501 1.58567 1.70404 2.53008 2.52618 2.95805 2.83154 2.24773 1.62007 0.463059 -1.89485 -3.87678 -6.03774 -5.46519 -3.04434 -2.67918 -3.72025 -5.64616 -3.654 -1.45786 0.531876 1.60828 0.762498 1.62587 1.55219 0.969314 -0.147081 -1.88125 -1.85214 -3.15266 -3.21253 -2.54968 -2.33644 -2.45006 -2.87089 -3.52627 -3.38947 -2.86362 -2.73777 -1.97937 -1.03384 -0.109862 0.0414374 0.21346 0.21568 0.212849 0.221301 0.216892 0.191085 0.137009 0.025127 -0.750201 -1.67095 -2.24056 -3.02195 -3.12215 -1.64513
