Test_Spring_2018b/01_18/Temp/20180106_016.txt
ncols	170
nrows	115
xllcorner	350000.000000
yllcorner	4445000.000000
cellsize	1000.000000
nodata_value	-9999.000000
[rows 32 to 63 of 115, columns 72 to 143 of 170]
12.9799 12.7125 13.12 13.4951 13.2585 13.0958 13.7127 13.7106 13.4973 12.9987 12.8149 12.6245 12.5073 11.8682 10.0776 8.46289 9.32464 9.34242 8.74182 9.80984 9.24006 7.7595 5.67087 6.79944 6.50014 5.01906 4.6448 -9999 -9999 -9999 -9999 -9999 -9999 -9999 -9999 -9999 -9999 -9999 -9999 -9999 -9999 -9999 -9999 -9999 -9999 -9999 -9999 -9999 -9999 -9999 -9999 -9999 -9999 -9999 -9999 -9999 -9999 -9999 -9999 -9999 -9999 -9999 -9999 -9999 -9999 -9999 -9999 -9999 -9999 -9999 -9999 -9999
12.6145 12.4987 13.1058 13.0911 13.0471 13.2565 13.638 13.7126 13.6281 13.4094 13.22 13.0187 12.5105 11.7794 10.2466 8.409 7.99047 8.88641 8.92683 9.06828 8.54925 7.89789 6.88062 7.70695 8.02544 7.04837 5.77051 4.93965 -9999 -9999 -9999 -9999 -9999 -9999 -9999 -9999 -9999 -9999 -9999 -9999 -9999 -9999 -9999 -9999 -9999 -9999 -9999 -9999 -9999 -9999 -9999 -9999 -9999 -9999 -9999 -9999 -9999 -9999 -9999 -9999 -9999 -9999 -9999 -9999 -9999 -9999 -9999 -9999 -9999 -9999 -9999 -9999
12.1807 11.5885 11.9539 12.2277 12.7255 12.8532 12.9274 13.6515 13.6108 13.575 13.2628 13.0127 12.5998 11.8959 10.8946 9.68927 7.592 8.8818 9.89116 9.86282 9.80478 9.34801 8.37114 9.18268 9.21754 7.96723 6.54363 5.70947 5.36263 -9999 -9999 -9999 -9999 -9999 -9999 -9999 -9999 -9999 -9999 -9999 -9999 -9999 -9999 -9999 -9999 -9999 -9999 -9999 -9999 -9999 -9999 -9999 -9999 -9999 -9999 -9999 -9999 -9999 -9999 -9999 -9999 -9999 -9999 -9999 -9999 -9999 -9999 -9999 -9999 -9999 -9999 -9999
11.6892 10.9665 11.3343 11.8253 12.5116 12.8647 13.1346 13.3494 13.5685 13.5399 13.22 12.2802 12.1441 12.1014 11.4457 10.0719 8.7 8.34323 9.8846 10.3243 10.2322 10.5745 9.74707 10.1342 9.9714 9.5242 8.15231 6.91166 6.39627 5.38077 -9999 -9999 -9999 -9999 -9999 -9999 -9999 -9999 -9999 -9999 -9999 -9999 -9999 -9999 -9999 -9999 -9999 -9999 -9999 -9999 -9999 -9999 -9999 -9999 -9999 -9999 -9999 -9999 -9999 -9999 -9999 -9999 -9999 -9999 -9999 -9999 -9999 -9999 -9999 -9999 -9999 -9999
-9999 -9999 10.5014 11.1641 11.7149 12.3907 12.9724 13.2638 13.5468 13.5211 12.8838 12.5709 12.5413 12.1107 11.354 10.8786 10.0143 9.11397 9.45578 10.7703 10.1833 11.1139 11.0329 11.202 10.5761 9.37745 7.79781 6.87518 6.4139 5.59051 -9999 -9999 -9999 -9999 -9999 -9999 -9999 -9999 -9999 -9999 -9999 -9999 -9999 -9999 -9999 -9999 -9999 -9999 -9999 -9999 -9999 -9999 -9999 -9999 -9999 -9999 -9999 -9999 -9999 -9999 -9999 -9999 -9999 -9999 -9999 -9999 -9999 -9999 -9999 -9999 -9999 -9999
-9999 -9999 -9999 11.0322 11.4505 12.3571 12.8201 13.008 13.4658 13.4637 13.2203 13.036 12.7699 12.4235 11.8543 11.2267 10.414 10.3377 11.1785 11.1878 11.0108 11.1477 11.5787 11.4627 10.4918 8.81461 7.93215 6.14197 5.37334 5.44899 4.90339 -9999 -9999 -9999 -9999 -9999 -9999 -9999 -9999 -9999 -9999 -9999 -9999 6.96623 -9999 -9999 -9999 -9999 -9999 -9999 -9999 -9999 -9999 -9999 -9999 -9999 -9999 -9999 -9999 -9999 -9999 -9999 -9999 -9999 3.66077 -9999 -9999 -9999 -9999 -9999 -9999 -9999
-9999 -9999 10.9491 11.5054 11.9453 12.5126 12.5643 12.8974 13.4238 13.4281 13.2542 13.0583 12.6223 12.5124 12.1874 11.5063 11.3661 11.6406 11.7668 11.9101 11.998 11.9254 11.7492 11.5213 10.8834 10.1091 9.58837 7.95287 7.12417 6.33096 5.13186 4.19332 -9999 -9999 -9999 -9999 -9999 -9999 -9999 6.33761 6.29311 6.31435 6.57674 7.30102 6.87511 -9999 -9999 -9999 -9999 -9999 -9999 -9999 -9999 -9999 -9999 -9999 -9999 -9999 -9999 -9999 -9999 -9999 -9999 -9999 4.31157 3.36744 -9999 -9999 -9999 -9999 -9999 -9999
-9999 -9999 11.085 11.6808 11.9771 12.5279 12.8414 13.042 13.222 13.3937 13.3604 13.1436 12.8161 12.8154 12.3663 12.1238 11.9507 12.3227 12.3962 12.2467 12.0593 11.8933 11.424 11.3687 11.2014 10.7093 9.90239 9.07061 7.87133 6.24444 4.64889 3.36147 -9999 -9999 -9999 -9999 -9999 -9999 6.46718 7.06902 7.42978 6.66363 7.31873 7.9174 7.82176 7.22691 -9999 -9999 -9999 -9999 -9999 -9999 -9999 -9999 -9999 -9999 -9999 -9999 -9999 -9999 8.78065 7.81366 5.86132 4.85975 4.258 3.3993 -9999 -9999 -9999 -9999 -9999 -9999
-9999 -9999 10.9587 11.6627 12.1386 12.56 12.6246 13.0526 13.238 13.3281 13.3128 13.2666 13.2034 12.8104 12.6404 12.0494 12.6128 12.5913 12.4488 11.8842 11.6397 10.6696 10.2425 10.1342 10.9491 10.3442 9.0827 7.50581 5.611 5.48589 4.85707 3.70597 -9999 -9999 -9999 -9999 -9999 -9999 6.64798 7.29197 7.82976 7.90865 7.14738 8.21133 8.15746 7.5621 7.42651 7.91353 8.15982 7.97485 8.55636 8.72551 8.46124 8.7481 -9999 -9999 -9999 -9999 8.91351 8.95157 8.98004 8.57651 6.44382 4.98658 3.67754 3.5505 -9999 -9999 -9999 -9999 -9999 -9999
-9999 -9999 11.4397 11.8728 12.0905 12.1234 12.5005 12.8732 13.1031 13.263 13.2246 13.2069 13.1888 13.0526 12.7406 12.7951 12.7694 12.5886 11.5131 10.2579 10.806 10.0668 8.46197 9.75689 10.4683 9.78328 8.2551 6.48294 5.90029 5.92243 5.04887 3.92349 -9999 -9999 -9999 4.88218 5.80306 5.88312 6.1551 7.01407 7.66784 8.16315 8.4992 8.48065 8.12433 7.54201 6.90881 7.13347 8.27046 8.5467 8.7797 8.95497 8.70944 8.83301 9.13604 9.29212 9.32294 9.25033 9.23299 9.25687 9.21951 8.84282 6.93752 5.84487 5.14686 3.7383 -9999 -9999 -9999 -9999 -9999 -9999
-9999 -9999 11.153 11.5294 11.8333 12.3374 12.3876 12.7048 12.8878 13.1677 13.1953 12.8596 13.1303 13.092 13.0388 12.9289 12.7691 11.8612 10.6101 9.35619 8.77784 9.01743 8.05752 8.54908 9.26998 9.01127 8.06984 6.49082 6.26575 5.89535 4.42968 3.01749 -9999 -9999 3.09089 4.85786 6.10228 6.74447 6.94388 6.96379 7.78755 7.8532 8.73993 8.52564 7.35188 7.48335 7.02942 7.32387 7.73714 7.85048 8.44935 9.02605 9.13382 9.1351 9.32762 9.36633 9.37557 9.3696 9.23736 9.29655 9.30479 9.06952 7.68678 7.01152 6.26429 3.75329 -9999 -9999 -9999 -9999 -9999 -9999
-9999 -9999 11.3341 11.7545 12.2145 12.2865 12.6256 12.5921 12.4869 12.9598 13.1309 12.8925 12.7203 13.028 13.0044 12.9621 12.8939 12.041 11.0543 9.56037 8.63259 8.0582 7.65491 7.11218 7.48182 7.36693 7.21304 7.38558 6.95453 6.08561 5.2254 3.6196 2.74917 -9999 3.18176 3.97846 5.45865 6.71712 7.51656 7.23031 8.16711 8.34193 8.87616 8.5599 7.84653 7.53781 7.51007 7.416 8.04534 8.47013 8.76778 8.96641 9.21458 9.27664 9.33907 9.36457 9.37807 9.39184 9.38778 9.38195 9.35304 9.26391 8.62737 7.95078 6.49558 3.83506 -9999 -9999 -9999 -9999 -9999 -9999
-9999 10.1028 11.2813 11.9874 12.259 12.4538 12.6245 12.7468 12.872 12.9957 13.0765 13.0366 12.4127 12.4604 12.5698 12.9207 12.8955 12.8191 12.2803 10.4624 9.82923 8.90883 7.71881 7.22023 7.4678 8.44181 8.39645 7.74833 7.026 6.02691 5.39448 4.40774 2.5176 2.68479 3.53324 4.16475 5.17058 6.70897 7.78801 8.27031 8.45342 8.82852 9.02634 8.59009 8.17464 8.00047 7.67798 7.63198 7.63374 8.01366 8.30936 8.97088 9.19201 9.29273 9.34353 9.37049 9.38994 9.40915 9.41534 9.40186 9.40161 9.39529 9.34526 8.44817 6.20645 4.5146 -9999 -9999 -9999 -9999 -9999 -9999
-9999 -9999 11.0591 11.3684 11.4472 11.5866 11.8749 12.2074 12.6771 12.7347 12.9937 12.9909 12.4536 11.8336 12.3692 12.5818 12.8032 12.8107 12.7425 11.2095 10.41 9.7805 8.63939 9.04977 9.43976 9.46806 9.23036 7.84323 6.46143 4.86706 3.37868 3.30508 2.50492 2.92614 3.4859 4.92692 5.9414 6.35316 6.64955 8.21454 8.61893 8.7577 9.15833 8.61263 8.47258 8.06206 8.18365 8.14729 8.1491 7.012 8.1511 8.21786 8.95999 9.29424 9.36919 9.38902 9.41031 9.41321 9.41689 9.41278 9.41943 9.40574 9.39167 8.80785 5.96548 4.53452 -9999 -9999 -9999 -9999 -9999 -9999
-9999 -9999 -9999 -9999 11.1497 11.384 11.5325 11.792 12.5923 12.8062 12.9472 12.9564 12.7155 12.1032 11.9406 12.0517 11.4558 11.955 12.6357 12.6191 12.5366 11.1926 10.5044 11.1695 10.9661 9.95428 9.15728 8.37032 6.75302 5.56699 3.8617 2.58058 2.53012 3.93929 5.1107 6.56892 7.21238 6.84598 7.24386 8.01881 8.9014 9.32836 9.22807 8.65276 8.57041 7.9375 8.55897 8.61182 8.3222 8.07176 8.17043 8.53733 8.67699 9.25758 9.39781 9.42262 9.4265 9.42837 9.42531 9.42131 9.41246 9.40493 9.39503 9.36669 6.44491 4.16865 -9999 -9999 -9999 -9999 -9999 -9999
-9999 -9999 -9999 -9999 10.586 10.7274 11.104 12.0767 12.5807 12.7838 12.7736 12.8662 12.6958 12.1563 11.6034 11.0823 10.4108 10.7947 11.8104 12.4093 12.4775 11.2992 11.9117 11.6814 11.2278 9.9049 8.92925 8.41087 6.85819 5.52711 4.3919 2.82543 3.49233 4.22733 5.17233 6.764 7.83789 8.27938 7.90848 8.40524 9.42075 9.42673 8.87177 8.90812 8.56812 7.70325 8.60313 8.8561 8.65153 8.70408 8.62714 8.76351 9.01229 9.25029 9.40845 9.42948 9.43159 9.42587 9.425 9.42445 9.41205 9.41143 9.40144 9.38442 7.49754 4.12478 -9999 -9999 -9999 -9999 -9999 -9999
-9999 -9999 -9999 -9999 -9999 10.0698 10.934 12.2266 12.5411 12.5087 12.7734 12.7939 12.5339 12.3083 11.6373 10.7215 8.96322 9.4111 10.3459 11.6938 12.4021 12.3063 11.9114 11.226 9.56846 8.1174 7.93963 7.70033 6.56671 5.54097 4.27933 5.00695 5.80438 6.67726 7.13546 7.01524 7.93545 8.68587 8.36717 8.97643 9.68726 9.36524 9.17489 9.01513 8.62242 8.59863 8.63925 9.15018 8.79623 9.01332 9.01811 9.00565 9.12661 9.26591 9.41227 9.43597 9.43587 9.43776 9.42 9.42503 9.4154 9.4056 9.39618 9.3812 9.20814 7.38897 6.3014 -9999 -9999 -9999 -9999 -9999
-9999 -9999 -9999 -9999 -9999 9.26673 9.69612 11.2279 11.695 12.3705 12.7281 12.7425 12.3052 12.061 11.0614 10.7372 9.11045 8.37465 8.99948 8.76022 10.6159 12.2578 11.8994 8.58341 7.38156 6.52375 6.7421 6.74237 6.42546 4.68177 4.20007 5.75683 6.73653 7.49546 8.07112 8.19 8.16985 9.34352 9.49984 9.88131 9.79846 9.83391 9.24127 8.87455 9.19301 8.82324 8.75992 9.28778 8.76755 9.23777 9.18168 9.04042 9.033 9.34279 9.4054 9.43822 9.43964 9.42699 9.41055 9.40079 9.40962 9.40345 9.38447 9.38323 9.3639 9.14284 8.20074 7.86912 8.22905 -9999 -9999 -9999
-9999 -9999 -9999 -9999 -9999 -9999 8.2621 10.3926 11.3605 11.8703 12.5893 12.6743 12.4383 12.0182 11.0011 10.1065 8.65217 6.99113 6.11325 8.74518 11.0358 12.231 12.0728 9.31234 8.22215 8.17034 8.81029 8.26745 7.85526 6.52965 6.13277 5.58181 5.91902 6.9755 7.84057 8.67543 9.28221 9.33124 9.72453 9.95208 9.97057 10.0414 9.97169 9.91481 9.34076 9.73573 9.40029 9.57813 9.46349 9.36003 9.27059 8.94337 9.17465 9.37945 9.43214 9.4474 9.43471 9.43122 9.42162 9.40117 9.3917 9.38884 9.3851 9.37251 9.36994 9.35455 9.24614 8.67791 7.91815 6.95909 -9999 -9999
-9999 -9999 -9999 -9999 -9999 -9999 7.19392 9.31432 10.3306 11.6456 12.3163 12.5899 12.5534 12.213 11.4401 10.2768 9.30746 7.45315 5.52758 8.29141 10.7537 12.0812 12.1508 9.83052 10.4724 9.95156 10.1599 9.20725 8.81064 8.49558 7.8113 7.06319 6.24119 5.80813 7.75164 8.74942 9.55214 9.93023 10.1435 10.2495 10.1934 10.0484 9.18508 9.84294 9.80553 9.73968 9.66428 9.62773 9.55947 9.47914 9.43127 9.41447 9.19723 9.44194 9.43626 9.43937 9.44008 9.43291 9.41963 9.40757 9.39267 9.39164 9.38192 9.37135 9.36313 9.35498 9.34492 9.31061 9.15712 7.87068 7.09973 6.87995
-9999 -9999 -9999 -9999 -9999 -9999 4.2078 7.29428 9.76231 11.0582 12.1115 12.4012 12.5094 12.0528 11.7112 10.8771 10.0871 8.86842 7.04326 5.9189 7.98925 10.995 12.1051 12.0171 11.9467 11.3449 10.8023 10.7327 10.7722 10.1396 9.21403 8.01424 7.63865 7.21814 8.66567 8.86173 8.75544 10.3464 10.3492 10.2576 9.64751 8.96795 9.09663 8.67655 8.99728 8.49367 8.95587 9.35543 9.50455 9.49201 9.43839 9.42925 9.40559 9.4483 9.44745 9.44025 9.43444 9.4308 9.42374 9.40383 9.39162 9.39633 9.38251 9.37078 9.36016 9.35391 9.34752 9.32144 9.29731 9.0967 8.79673 8.2269
-9999 -9999 -9999 -9999 -9999 -9999 4.32845 6.91952 9.12247 10.4418 11.7124 12.007 12.4358 12.343 11.9851 11.26 10.354 9.35081 7.78476 6.62037 8.00237 10.0013 11.4296 11.9405 11.9371 11.9016 11.7647 11.6989 11.5402 11.4254 10.7668 9.63187 8.99152 8.05429 9.66747 9.84808 9.59508 10.3995 10.358 9.13923 8.20179 8.08393 8.65807 8.114 8.01547 7.67946 8.06119 9.08514 8.78242 8.84143 9.30534 9.38198 9.4309 9.444 9.44056 9.43797 9.42951 9.4299 9.42998 9.41041 9.40035 9.3943 9.37452 9.37008 9.35541 9.34132 9.33162 9.31637 9.29434 9.23515 9.16703 9.22738
-9999 -9999 -9999 -9999 -9999 -9999 4.36917 6.11801 8.10049 10.0442 11.4011 11.9484 12.3468 12.3423 11.9264 11.5656 10.9973 10.1145 9.50849 8.45717 7.01477 9.42919 10.1733 10.833 11.1004 11.7884 11.7706 11.454 11.0876 11.4276 11.3254 10.4284 10.1334 9.63522 10.5323 10.5339 10.5083 10.4593 9.42949 7.99844 6.85432 7.67563 7.50267 7.88394 6.71115 7.66934 8.44318 8.69394 8.17097 7.7802 8.98726 9.18738 9.30628 9.38237 9.43221 9.41974 9.43153 9.42366 9.41912 9.41397 9.40211 9.39409 9.38165 9.36878 9.35736 9.34475 9.32835 9.30478 9.3008 9.27005 9.25561 9.24112
-9999 -9999 -9999 -9999 -9999 -9999 -9999 5.07284 7.58418 9.82887 11.0788 11.8649 12.248 12.241 12.0282 11.7829 11.4299 10.7924 9.9917 8.72718 7.78791 8.38108 9.10999 9.19049 9.67198 11.0711 11.5486 10.8699 9.19002 10.1773 11.2808 11.2629 11.1687 11.0633 10.9303 10.8083 10.5418 9.82899 7.64691 7.21437 6.35751 6.45346 6.0133 6.97593 6.61429 7.59816 8.02416 8.18465 7.27359 7.46514 8.53557 8.95912 8.88888 9.14885 9.3993 9.40714 9.41379 9.40672 9.4112 9.4121 9.40668 9.39136 9.38129 9.37324 9.35202 9.34908 9.26552 9.21038 9.10116 9.23103 9.24141 9.24706
-9999 -9999 -9999 -9999 -9999 -9999 -9999 4.56447 7.07319 9.71664 10.5654 11.4128 12.1441 12.1582 11.8331 11.5236 11.2046 10.8412 9.87053 8.92905 8.03009 7.7273 7.9066 7.89643 8.67643 10.4997 10.8521 10.7009 8.94441 8.35166 9.82574 11.0646 11.1621 11.0497 9.59146 9.90161 9.11453 8.0471 7.75265 7.28478 6.29709 6.77091 6.04716 6.356 6.27548 6.83362 7.10541 7.76974 6.9756 6.978 8.0291 8.559 8.57234 9.12853 9.32681 9.37866 9.39147 9.4004 9.40214 9.41003 9.40388 9.3945 9.38234 9.35435 9.28954 9.09416 8.03454 8.03391 8.32153 8.59366 9.08912 9.23013
-9999 -9999 -9999 -9999 -9999 -9999 -9999 4.84788 6.58854 8.93398 10.6714 10.7805 11.6251 12.061 11.7075 11.3093 10.9017 10.7228 9.66673 8.50667 7.56911 6.45963 6.64097 7.43559 8.74156 9.91912 10.1292 9.88506 8.94091 9.38407 10.3893 10.9231 11.0805 10.9564 10.6386 10.4548 9.87506 9.62338 8.8182 7.55957 7.06323 7.37602 6.0398 6.13222 6.62517 6.10329 6.96723 7.38039 6.35494 7.16895 8.09779 8.57268 8.98791 9.18447 9.26278 9.38281 9.38575 9.39547 9.40043 9.39797 9.39704 9.37655 9.35928 9.24598 9.0794 8.09447 7.68156 7.76032 8.21337 8.60991 9.02666 9.19576
-9999 -9999 -9999 -9999 -9999 -9999 -9999 5.13733 6.70442 8.73792 9.97647 10.1979 11.1344 11.9672 11.8737 11.4594 11.3327 10.9031 10.0075 9.01825 7.93708 7.41098 6.20286 7.3906 8.33597 9.33323 9.79955 9.02239 8.63506 9.32059 10.0022 10.2744 10.9627 10.9561 10.7315 9.76395 9.29186 9.49067 9.28738 8.93177 8.0652 8.02581 7.46883 7.23768 7.01938 6.31534 6.76539 6.80981 6.93296 7.90847 8.39176 8.7122 9.00369 9.08018 9.20687 9.37122 9.38547 9.39101 9.38977 9.39221 9.37933 9.33165 9.29121 9.06482 8.6648 7.91931 6.71027 7.5593 8.44719 8.71396 8.97038 9.10345
-9999 -9999 -9999 -9999 -9999 -9999 -9999 4.8625 6.5272 8.26496 8.9913 9.11431 10.8094 11.8472 11.8485 11.6519 11.4223 10.3626 10.424 10.2114 9.23633 7.81637 6.257 6.40266 7.33216 8.65421 9.08992 7.80895 7.35846 7.68985 8.72046 9.64299 10.6062 10.8508 10.568 9.06206 7.46163 8.20329 8.9957 8.99069 8.75737 7.95374 7.69807 7.46658 6.88011 5.88615 6.03586 6.31098 7.42007 7.77059 8.31234 8.76229 8.59246 8.6916 9.12204 9.36891 9.37797 9.38203 9.38972 9.38349 9.36809 9.27418 9.17471 9.00826 7.96741 7.31981 6.37525 7.46986 8.07496 8.39877 8.97504 9.11176
-9999 -9999 -9999 -9999 -9999 -9999 -9999 4.33894 5.54672 7.20756 7.8766 8.9442 10.546 11.3336 11.7109 11.7021 11.5489 11.0742 10.7886 10.2263 9.21223 7.82586 6.28489 5.28166 5.79131 7.57045 7.98864 6.80791 6.21009 6.95478 8.05313 9.67939 10.6085 10.7339 10.6497 10.339 9.17045 7.75864 7.76299 8.47039 7.87755 7.18856 7.5666 7.49594 6.91692 6.49563 6.24191 6.40333 7.03375 7.29479 7.92058 8.84438 8.97653 8.95011 9.33894 9.35818 9.367 9.38136 9.3805 9.37647 9.36427 9.28775 9.11699 8.42417 7.8199 6.97948 6.87497 7.84699 8.27544 8.67035 8.95286 9.04449
-9999 -9999 -9999 -9999 -9999 -9999 -9999 3.44307 4.86411 6.41977 7.87641 9.25456 10.4406 10.5318 11.1572 11.156 11.4835 11.3893 10.9494 10.476 9.60255 7.82206 6.32492 4.69221 5.12266 6.93279 7.16731 6.37973 4.92451 6.42739 8.0847 9.5867 10.3997 9.76222 10.4153 10.3615 9.92347 9.08293 7.77614 7.80045 6.82097 6.7779 7.28023 7.44295 7.35871 7.04238 6.53626 6.62927 7.01111 7.10843 7.68343 8.39994 9.10044 9.21793 9.35134 9.35683 9.35875 9.36939 9.37049 9.35556 9.31936 9.23955 8.65889 7.9684 7.5429 6.95743 6.88607 8.007 8.45878 8.70663 8.95092 9.04712
-9999 -9999 -9999 -9999 -9999 -9999 -9999 -9999 4.70993 6.31696 7.50592 7.82554 8.87963 9.44857 9.88881 9.98611 11.2435 11.3126 11.0339 10.5993 9.85465 8.50387 7.56282 5.99704 4.87167 5.33514 5.55009 5.96405 5.84231 6.51268 8.10532 9.76451 9.94545 8.89133 9.04724 9.26755 9.76154 9.51051 7.73011 6.82536 6.07427 6.60712 7.16766 7.30296 7.32966 7.22095 7.09649 6.8844 7.63426 8.18899 8.31725 8.80091 9.1579 9.25623 9.33026 9.33916 9.34824 9.34817 9.32717 9.3119 9.22206 9.02094 8.3717 6.81053 6.88331 6.71435 6.22865 7.32913 8.01926 8.63912 8.96845 9.05338
-9999 -9999 -9999 -9999 -9999 -9999 -9999 -9999 4.16613 6.02548 6.41745 6.38733 5.77056 6.05343 8.33634 8.79579 10.0018 11.1438 11.0601 10.6341 9.9377 9.13363 7.8885 6.12782 4.72891 4.13377 5.64226 7.12479 7.43053 7.90297 8.87897 9.06446 7.98722 6.97694 7.54391 7.88529 9.18665 9.4239 9.17057 8.0977 6.87104 6.2305 6.98567 7.08617 7.13099 7.1394 7.11749 7.08335 7.9342 8.40174 8.72589 8.90213 9.20849 9.28657 9.31131 9.33465 9.32886 9.31286 9.26428 9.20913 8.96646 8.67274 7.60959 6.72328 6.17067 5.46919 7.05072 7.5227 8.16988 8.5912 8.91907 8.99105
