Test_Spring_2018b/01_18/Temp/20180130_002.txt
ncols	170
nrows	115
xllcorner	350000.000000
yllcorner	4445000.000000
cellsize	1000.000000
nodata_value	-9999.000000
[rows 31 to 61 of 115, columns 70 to 139 of 170]
5.19098 5.68377 5.863 5.51443 5.54661 6.40417 6.60077 6.58878 6.55693 6.47817 6.08383 5.95085 5.6387 5.08977 4.85777 3.88246 0.736249 1.62251 1.96744 1.05392 1.56104 2.38834 1.66791 -0.469912 -1.38866 -2.86917 -2.38203 -2.79926 -3.98894 -9999 -9999 -9999 -9999 -9999 -9999 -9999 -9999 -9999 -9999 -9999 -9999 -9999 -9999 -9999 -9999 -9999 -9999 -9999 -9999 -9999 -9999 -9999 -9999 -9999 -9999 -9999 -9999 -9999 -9999 -9999 -9999 -9999 -9999 -9999 -9999 -9999 -9999 -9999 -9999 -9999
5.2845 5.50732 5.48222 5.14608 5.65769 6.12904 5.88313 5.72167 6.51365 6.5133 6.24685 5.62155 5.39065 5.15078 5.0024 4.19889 1.95021 -0.0771267 1.00468 1.02818 0.276728 1.62108 0.911098 -0.940692 -3.55441 -2.1288 -2.49458 -4.30596 -4.75654 -9999 -9999 -9999 -9999 -9999 -9999 -9999 -9999 -9999 -9999 -9999 -9999 -9999 -9999 -9999 -9999 -9999 -9999 -9999 -9999 -9999 -9999 -9999 -9999 -9999 -9999 -9999 -9999 -9999 -9999 -9999 -9999 -9999 -9999 -9999 -9999 -9999 -9999 -9999 -9999 -9999
4.65482 5.21731 5.03895 4.89247 5.65396 5.63551 5.61863 5.93717 6.43408 6.52999 6.42551 6.15198 5.91448 5.66151 5.02296 4.10445 2.1797 -0.12728 -0.652466 0.473066 0.525763 0.706426 0.0592877 -0.752687 -2.02275 -0.977694 -0.56922 -1.77132 -3.33449 -4.32873 -9999 -9999 -9999 -9999 -9999 -9999 -9999 -9999 -9999 -9999 -9999 -9999 -9999 -9999 -9999 -9999 -9999 -9999 -9999 -9999 -9999 -9999 -9999 -9999 -9999 -9999 -9999 -9999 -9999 -9999 -9999 -9999 -9999 -9999 -9999 -9999 -9999 -9999 -9999 -9999
3.80847 4.77722 4.50911 3.76423 4.22197 4.56542 5.2662 5.46015 5.55611 6.46745 6.4183 6.3747 5.98353 5.66987 5.15132 4.26727 3.0098 1.4965 -1.13597 0.48358 1.75197 1.71885 1.6496 1.08104 -0.139177 0.886454 0.938105 -0.598561 -2.31258 -3.35372 -3.7839 -9999 -9999 -9999 -9999 -9999 -9999 -9999 -9999 -9999 -9999 -9999 -9999 -9999 -9999 -9999 -9999 -9999 -9999 -9999 -9999 -9999 -9999 -9999 -9999 -9999 -9999 -9999 -9999 -9999 -9999 -9999 -9999 -9999 -9999 -9999 -9999 -9999 -9999 -9999
-9999 4.16412 3.90591 2.99695 3.45767 4.0739 4.97872 5.47064 5.82984 6.10226 6.37961 6.34549 5.94522 4.76604 4.59526 4.54136 3.71779 1.99287 0.27051 -0.177147 1.75845 2.31222 2.1995 2.63328 1.59998 2.09235 1.89544 1.35315 -0.311109 -1.83542 -2.47728 -3.74778 -9999 -9999 -9999 -9999 -9999 -9999 -9999 -9999 -9999 -9999 -9999 -9999 -9999 -9999 -9999 -9999 -9999 -9999 -9999 -9999 -9999 -9999 -9999 -9999 -9999 -9999 -9999 -9999 -9999 -9999 -9999 -9999 -9999 -9999 -9999 -9999 -9999 -9999
-9999 -9999 -9999 -9999 2.42512 3.29781 4.00513 4.88756 5.63924 6.00846 6.36655 6.33655 5.53834 5.1464 5.10951 4.56874 3.61824 3.02054 1.93491 0.804468 1.23376 2.88494 2.15042 3.32207 3.22538 3.44373 2.66545 1.21869 -0.747168 -1.87146 -2.44509 -3.47412 -9999 -9999 -9999 -9999 -9999 -9999 -9999 -9999 -9999 -9999 -9999 -9999 -9999 -9999 -9999 -9999 -9999 -9999 -9999 -9999 -9999 -9999 -9999 -9999 -9999 -9999 -9999 -9999 -9999 -9999 -9999 -9999 -9999 -9999 -9999 -9999 -9999 -9999
-9999 -9999 -9999 -9999 -9999 3.14402 3.68561 4.82767 5.46037 5.70047 6.27864 6.27899 5.97555 5.74531 5.41169 4.97644 4.2609 3.4719 2.45032 2.35345 3.40835 3.42062 3.20023 3.37529 3.92092 3.78161 2.5808 0.521477 -0.57813 -2.78168 -3.74037 -3.64021 -4.32104 -9999 -9999 -9999 -9999 -9999 -9999 -9999 -9999 -9999 -9999 -9999 -9999 -1.82363 -9999 -9999 -9999 -9999 -9999 -9999 -9999 -9999 -9999 -9999 -9999 -9999 -9999 -9999 -9999 -9999 -9999 -9999 -9999 -9999 -6.23538 -9999 -9999 -9999
-9999 -9999 -9999 -9999 3.01004 3.76132 4.31813 5.03545 5.13283 5.57408 6.2393 6.24826 6.03256 5.78813 5.24108 5.10245 4.69304 3.83617 3.658 4.00065 4.15784 4.3375 4.44918 4.36099 4.14446 3.86491 3.11856 2.15516 1.51072 -0.525733 -1.53132 -2.52066 -4.02073 -5.19535 -9999 -9999 -9999 -9999 -9999 -9999 -9999 -2.54747 -2.61643 -2.60382 -2.28923 -1.39533 -1.9454 -9999 -9999 -9999 -9999 -9999 -9999 -9999 -9999 -9999 -9999 -9999 -9999 -9999 -9999 -9999 -9999 -9999 -9999 -9999 -5.41961 -6.61772 -9999 -9999
-9999 -9999 -9999 -9999 3.238 3.99061 4.36838 5.06638 5.4669 5.76758 5.99885 6.21866 6.17992 5.90943 5.49849 5.49661 4.93076 4.62347 4.40315 4.86718 4.9573 4.7689 4.53444 4.32891 3.74473 3.68238 3.52473 2.91699 1.9148 0.8817 -0.581558 -2.61589 -4.61227 -6.22366 -9999 -9999 -9999 -9999 -9999 -9999 -2.35738 -1.61502 -1.17662 -2.15377 -1.34769 -0.61287 -0.749751 -1.48887 -9999 -9999 -9999 -9999 -9999 -9999 -9999 -9999 -9999 -9999 -9999 -9999 -9999 -9999 0.239024 -0.98715 -3.45014 -4.71984 -5.48789 -6.5787 -9999 -9999
-9999 -9999 -9999 -9999 3.08603 3.97582 4.58046 5.11767 5.20732 5.77016 6.03138 6.14946 6.13374 6.07748 5.99807 5.50319 5.2869 4.54119 5.24418 5.21328 5.03144 4.32112 4.01467 2.79974 2.26887 2.18138 3.2143 2.46662 0.89567 -1.07072 -3.4098 -3.55399 -4.33537 -5.77428 -9999 -9999 -9999 -9999 -9999 -9999 -2.11351 -1.31955 -0.660451 -0.578496 -1.55184 -0.234606 -0.297208 -1.06372 -1.25306 -0.660661 -0.370077 -0.605749 0.103547 0.297765 -0.0512873 0.292245 -9999 -9999 -9999 -9999 0.428657 0.46392 0.487402 -0.0312337 -2.72033 -4.56175 -6.21743 -6.39298 -9999 -9999
-9999 -9999 -9999 -9999 3.69507 4.24629 4.52854 4.57976 5.06341 5.55821 5.87384 6.09041 6.04491 6.02347 5.99957 5.82575 5.4298 5.49305 5.45539 5.22333 3.86947 2.29179 2.97972 2.0485 0.0692649 1.71155 2.61621 1.76982 -0.133722 -2.34296 -3.03349 -2.99163 -4.0784 -5.4781 -9999 -9999 -9999 -4.27654 -3.12871 -3.03911 -2.71112 -1.64844 -0.844951 -0.24593 0.15632 0.14034 -0.332945 -1.08438 -1.89952 -1.63756 -0.229998 0.0977628 0.382858 0.584052 0.257981 0.393586 0.758272 0.939384 0.96408 0.859692 0.825253 0.84298 0.784085 0.299367 -2.10189 -3.48544 -4.37397 -6.16383 -9999 -9999
-9999 -9999 -9999 -9999 3.35345 3.83453 4.2258 4.87365 4.94763 5.35625 5.61029 5.98196 6.01957 5.5988 5.93678 5.88505 5.81282 5.66847 5.46134 4.31555 2.7404 1.1637 0.437576 0.76535 -0.432048 0.201732 1.11918 0.807422 -0.345228 -2.31088 -2.57738 -3.00489 -4.83355 -6.5981 -9999 -9999 -6.50018 -4.28727 -2.73375 -1.93939 -1.70366 -1.69557 -0.680306 -0.61785 0.474452 0.208412 -1.29155 -1.14786 -1.74483 -1.39644 -0.902434 -0.77962 -0.0358074 0.668235 0.785526 0.770198 0.995983 1.02973 1.02744 1.00689 0.82852 0.890902 0.889596 0.58272 -1.16457 -2.0241 -2.97702 -6.14703 -9999 -9999
-9999 -9999 -9999 -9999 3.59946 4.13767 4.72625 4.82818 5.26505 5.22623 5.11896 5.71949 5.94908 5.65016 5.43167 5.81323 5.77716 5.71637 5.62292 4.54504 3.30092 1.42239 0.257506 -0.439092 -0.936735 -1.58683 -1.10856 -1.23682 -1.41291 -1.17876 -1.69994 -2.75212 -3.81894 -5.82548 -6.91158 -9999 -6.36666 -5.3716 -3.52256 -1.95547 -0.967741 -1.34536 -0.189795 0.00800827 0.67705 0.258227 -0.665008 -1.08033 -1.13736 -1.27715 -0.508323 -0.00170464 0.362523 0.591934 0.884611 0.945267 1.00761 1.02477 1.02795 1.03241 1.01525 0.996377 0.948817 0.825709 0.0153478 -0.847913 -2.68679 -6.04411 -9999 -9999
-9999 -9999 -9999 2.02267 3.53567 4.43411 4.78796 5.04549 5.27253 5.43766 5.61816 5.77562 5.88162 5.83981 5.05377 5.10797 5.23765 5.66927 5.62854 5.52429 4.84158 2.556 1.77711 0.639748 -0.843154 -1.44993 -1.12302 0.117511 0.079756 -0.713981 -1.60098 -2.81693 -3.59212 -4.81921 -7.1853 -6.97174 -5.90732 -5.11958 -3.86634 -1.94866 -0.611062 -0.0253219 0.18275 0.647201 0.873188 0.29699 -0.253198 -0.495586 -0.923716 -1.00421 -1.02404 -0.56841 -0.208539 0.595687 0.854175 0.963049 1.01068 1.0297 1.0405 1.05204 1.04806 1.01995 1.00873 0.98991 0.914168 -0.22355 -3.05934 -5.20104 -9999 -9999
-9999 -9999 -9999 -9999 3.25911 3.66114 3.77446 3.9638 4.33942 4.76944 5.3823 5.461 5.78959 5.78468 5.11178 4.32698 4.99059 5.2475 5.51527 5.51549 5.42285 3.5135 2.51439 1.73252 0.312253 0.847667 1.35502 1.41028 1.13298 -0.586437 -2.29926 -4.26152 -6.11378 -6.19323 -7.18508 -6.65332 -5.95093 -4.14712 -2.88338 -2.38047 -2.02615 -0.0825411 0.414097 0.56172 1.04057 0.331022 0.12549 -0.414647 -0.286376 -0.35569 -0.376284 -1.82552 -0.408288 -0.346102 0.565205 0.962847 1.04083 1.05096 1.06423 1.05554 1.04871 1.03268 1.03044 1.00135 0.966017 0.220087 -3.36124 -5.17541 -9999 -9999
-9999 -9999 -9999 -9999 -9999 -9999 3.4062 3.71557 3.91664 4.25559 5.28325 5.55809 5.7383 5.74958 5.4436 4.6697 4.45595 4.58469 3.82583 4.44567 5.30103 5.28081 5.18222 3.50434 2.65836 3.5098 3.27367 2.02478 1.04689 0.0822533 -1.92471 -3.37381 -5.49726 -7.09143 -7.14478 -5.37056 -3.89914 -2.07379 -1.27601 -1.75031 -1.26926 -0.313186 0.772435 1.28453 1.13376 0.386155 0.252265 -0.567876 0.187053 0.228987 -0.158068 -0.494945 -0.384653 0.0538121 0.208543 0.918386 1.07725 1.0919 1.08347 1.07368 1.05863 1.04299 1.01777 0.996175 0.971097 0.922311 -2.75883 -5.63401 -9999 -9999
-9999 -9999 -9999 -9999 -9999 -9999 2.70372 2.89705 3.38475 4.61905 5.27448 5.53556 5.52551 5.64103 5.42293 4.73859 4.03511 3.36974 2.51765 2.99267 4.26432 5.01704 5.10806 3.63883 4.42604 4.1544 3.60508 1.96662 0.765354 0.138672 -1.78637 -3.41725 -4.82459 -6.77648 -5.92907 -5.00084 -3.81414 -1.82094 -0.483052 0.0559887 -0.425712 0.177438 1.42942 1.4126 0.69059 0.710177 0.252394 -0.859435 0.244444 0.537101 0.256391 0.299437 0.18869 0.337491 0.628971 0.908653 1.08994 1.10096 1.08969 1.07053 1.05838 1.04559 1.01831 1.00537 0.980078 0.945352 -1.43696 -5.6885 -9999 -9999
-9999 -9999 -9999 -9999 -9999 -9999 -9999 2.07688 3.17637 4.81199 5.22921 5.19407 5.52863 5.5531 5.22202 4.93129 4.07913 2.91847 0.70171 1.25713 2.4275 4.12067 5.0155 4.90538 4.42843 3.58589 1.52565 -0.273476 -0.473109 -0.749372 -2.14836 -3.39609 -4.96217 -4.03463 -3.02347 -1.92227 -1.34669 -1.50243 -0.357446 0.570321 0.152716 0.89699 1.76644 1.33779 1.07328 0.846569 0.32247 0.266185 0.291348 0.907638 0.439276 0.68872 0.680335 0.642225 0.773196 0.928951 1.09542 1.10981 1.09608 1.08639 1.05268 1.04754 1.02366 0.999071 0.974356 0.942028 0.7107 -1.59091 -2.97136 -9999
-9999 -9999 -9999 -9999 -9999 -9999 -9999 1.07384 1.62691 3.56202 4.1702 5.02309 5.47355 5.48977 4.93591 4.62328 3.359 2.94066 0.888985 -0.0403142 0.741342 0.442608 2.77776 4.84882 4.41768 0.273067 -1.21553 -2.27048 -1.97346 -1.94967 -2.32424 -4.47359 -5.06138 -3.09375 -1.85434 -0.896567 -0.173807 -0.028798 -0.0643597 1.39463 1.57374 2.03232 1.90581 1.92612 1.15695 0.670708 1.03946 0.549117 0.444003 1.08169 0.404738 0.972027 0.887438 0.687767 0.657674 1.0275 1.08889 1.11473 1.10231 1.07456 1.0426 1.01839 1.01752 0.997298 0.960386 0.945107 0.906566 0.610734 -0.587211 -1.01889
-9999 -9999 -9999 -9999 -9999 -9999 -9999 -9999 -0.169229 2.51625 3.7526 4.39654 5.29991 5.40444 5.11332 4.57499 3.28685 2.15316 0.318557 -1.77291 -2.87509 0.430296 3.31136 4.82155 4.64129 1.19321 -0.156163 -0.200509 0.624468 -0.0347788 -0.530362 -2.15573 -2.63829 -3.31734 -2.8853 -1.54809 -0.466299 0.575504 1.32697 1.37462 1.85101 2.11787 2.11915 2.18452 2.07236 1.97566 1.22468 1.69478 1.24861 1.4474 1.27993 1.12748 1.00165 0.56884 0.838597 1.0768 1.12584 1.12735 1.09848 1.08204 1.05845 1.02138 0.995993 0.979678 0.961652 0.931917 0.914241 0.876398 0.724838 -0.00384686
-9999 -9999 -9999 -9999 -9999 -9999 -9999 -9999 -1.50634 1.16507 2.46177 4.11548 4.97042 5.31639 5.26141 4.82377 3.84298 2.37284 1.14782 -1.18551 -3.60518 -0.136274 2.96585 4.64156 4.74186 1.84973 2.67297 2.03835 2.31982 1.1443 0.666313 0.308352 -0.536627 -1.46463 -2.47757 -3.02304 -0.585952 0.660232 1.65783 2.11891 2.37 2.48369 2.39592 2.18953 1.0822 1.88356 1.80694 1.69948 1.58047 1.51084 1.40219 1.2793 1.2066 1.16388 0.870999 1.15846 1.13063 1.12025 1.10799 1.08666 1.0581 1.0312 1.00055 0.98315 0.957801 0.930408 0.905493 0.876551 0.848429 0.78994
-9999 -9999 -9999 -9999 -9999 -9999 -9999 -9999 -5.25063 -1.36814 1.7695 3.39592 4.72687 5.08374 5.21091 4.6283 4.18979 3.13395 2.13492 0.600186 -1.69295 -3.10326 -0.501062 3.27975 4.6927 4.6012 4.52868 3.7903 3.1271 3.05774 3.12479 2.36704 1.23539 -0.2638 -0.735627 -1.2629 0.551158 0.790888 0.6477 2.63171 2.61926 2.48607 1.69997 0.830442 0.969449 0.416825 0.790701 0.134801 0.691519 1.17014 1.3351 1.29796 1.21925 1.18535 1.13591 1.16483 1.14806 1.12458 1.10386 1.08658 1.06542 1.02823 1.00052 0.993662 0.957598 0.928342 0.901201 0.874469 0.850972 0.802865
-9999 -9999 -9999 -9999 -9999 -9999 -9999 -9999 -5.07395 -1.79731 0.969642 2.64036 4.2308 4.5943 5.12457 4.99946 4.54165 3.62359 2.47995 1.21637 -0.751134 -2.21166 -0.473046 2.04274 3.8458 4.50492 4.52194 4.49231 4.33586 4.28986 4.1051 3.99638 3.17784 1.7539 0.952687 -0.224065 1.79735 2.01752 1.69036 2.68755 2.62052 1.07341 -0.12233 -0.290715 0.41451 -0.290532 -0.442349 -0.88815 -0.431403 0.831877 0.429438 0.482578 1.05498 1.13057 1.1635 1.16292 1.14283 1.12493 1.10056 1.08792 1.07525 1.03801 1.01253 0.991739 0.95327 0.926502 0.893002 0.855927 0.829934 0.795493
-9999 -9999 -9999 -9999 -9999 -9999 -9999 -9999 -5.00807 -2.79817 -0.308883 2.14731 3.84626 4.52726 5.02025 5.00685 4.47715 4.01737 3.29845 2.18666 1.42446 0.105769 -1.70127 1.3352 2.27845 3.12266 3.49065 4.36865 4.36088 3.97773 3.55915 3.99439 3.86738 2.74517 2.37612 1.74953 2.87147 2.86674 2.82518 2.75171 1.44491 -0.367558 -1.82151 -0.809773 -1.04699 -0.582733 -2.08188 -0.900903 0.0482842 0.341235 -0.336262 -0.846926 0.659704 0.879192 1.01029 1.08885 1.13556 1.10502 1.10571 1.08228 1.06332 1.04367 1.01546 0.991785 0.962169 0.93161 0.893955 0.858612 0.822375 0.773287
-9999 -9999 -9999 -9999 -9999 -9999 -9999 -9999 -9999 -4.09237 -0.919149 1.89574 3.46014 4.44104 4.91501 4.8991 4.62518 4.31139 3.86389 3.06107 2.05552 0.470136 -0.704668 0.0462275 0.971782 1.088 1.70383 3.47205 4.08342 3.24321 1.17385 2.41534 3.80503 3.78518 3.66739 3.5331 3.36043 3.20031 2.8565 1.95027 -0.802155 -1.35897 -2.45133 -2.34899 -2.92055 -1.72478 -2.2054 -0.991516 -0.477855 -0.297222 -1.46115 -1.22661 0.0818307 0.594267 0.487995 0.797295 1.09705 1.09177 1.08566 1.06279 1.05468 1.04213 1.02154 0.986158 0.95894 0.9339 0.88189 0.858272 0.737552 0.652739
-9999 -9999 -9999 -9999 -9999 -9999 -9999 -9999 -9999 -4.69934 -1.5514 1.76394 2.82518 3.88348 4.79539 4.80684 4.39286 3.99926 3.59486 3.1364 1.91741 0.737021 -0.388062 -0.763007 -0.531171 -0.527882 0.460488 2.75883 3.21095 3.0304 0.859381 0.11994 1.97314 3.52933 3.65089 3.50686 1.67153 2.05373 1.05664 -0.294286 -0.676761 -1.27852 -2.53412 -1.95641 -2.88281 -2.51381 -2.6328 -1.95226 -1.63119 -0.817256 -1.83364 -1.83514 -0.551943 0.094286 0.0930665 0.774151 1.00685 1.05649 1.05769 1.0544 1.04229 1.03794 1.01584 0.989467 0.95932 0.909008 0.812229 0.539946 -0.810129 -0.826509
-9999 -9999 -9999 -9999 -9999 -9999 -9999 -9999 -9999 -4.33294 -2.14949 0.791707 2.96858 3.10068 4.15552 4.69705 4.24809 3.74371 3.22853 3.00176 1.67536 0.220067 -0.954346 -2.34303 -2.11011 -1.10626 0.548696 2.03448 2.30579 2.00666 0.854029 1.4131 2.6763 3.34611 3.54172 3.38232 2.97793 2.73982 2.00307 1.67636 0.653319 -0.9403 -1.57835 -1.20186 -2.89605 -2.79773 -2.19717 -2.86979 -1.80464 -1.30522 -2.61128 -1.61061 -0.464195 0.113211 0.616536 0.846177 0.928129 1.06305 1.0515 1.04881 1.04031 1.02254 1.0066 0.965922 0.929061 0.771441 0.54672 -0.705317 -1.25618 -1.17295
-9999 -9999 -9999 -9999 -9999 -9999 -9999 -9999 -9999 -3.95805 -1.99287 0.556672 2.10751 2.38095 3.55165 4.59189 4.46979 3.94567 3.78326 3.24175 2.11645 0.874983 -0.480549 -1.1381 -2.65057 -1.15481 0.0462606 1.30394 1.89513 0.954024 0.470227 1.33201 2.18756 2.52792 3.38908 3.37635 3.0885 1.86645 1.26476 1.50369 1.23652 0.776892 -0.325223 -0.390075 -1.10542 -1.41247 -1.70391 -2.6041 -2.05781 -2.02064 -1.90167 -0.681537 -0.0940952 0.289605 0.637645 0.71651 0.858998 1.04929 1.05161 1.04329 1.02662 1.01461 0.983314 0.90819 0.841976 0.542159 0.0242265 -0.927469 -2.47875 -1.42879
-9999 -9999 -9999 -9999 -9999 -9999 -9999 -9999 -9999 -4.29074 -2.20343 -0.0252089 0.882789 1.03297 3.15614 4.45414 4.45139 4.2006 3.90902 2.57648 2.65211 2.38491 1.16169 -0.61885 -2.57338 -2.38695 -1.21322 0.456974 1.00823 -0.566527 -1.13097 -0.714942 0.577627 1.7333 2.93871 3.24069 2.87933 0.981288 -1.03674 -0.116328 0.866532 0.847333 0.540515 -0.483078 -0.819686 -1.12661 -1.87963 -3.1501 -2.97309 -2.64592 -1.27449 -0.85405 -0.193064 0.353255 0.122237 0.229422 0.752986 1.04661 1.04211 1.0316 1.02579 1.00257 0.967787 0.834362 0.693791 0.468959 -0.853568 -1.68261 -2.88894 -1.545
-9999 -9999 -9999 -9999 -9999 -9999 -9999 -9999 -9999 -4.9352 -3.42174 -1.34021 -0.5041 0.831852 2.83804 3.82222 4.29154 4.27657 4.08093 3.48238 3.12199 2.41519 1.14232 -0.596951 -2.52942 -3.78616 -3.1434 -0.89755 -0.371418 -1.81969 -2.57012 -1.63629 -0.25955 1.7787 2.94071 3.09259 2.98014 2.58208 1.10609 -0.676492 -0.682671 0.192534 -0.565303 -1.44471 -0.985563 -1.09029 -1.83363 -2.37939 -2.71374 -2.54771 -1.75921 -1.45097 -0.684459 0.45661 0.604556 0.554001 1.02515 1.03282 1.02775 1.02987 1.01305 0.992304 0.961273 0.849408 0.619101 -0.266664 -1.04145 -2.11281 -2.26056 -1.07598
-9999 -9999 -9999 -9999 -9999 -9999 -9999 -9999 -9999 -6.04676 -4.26591 -2.31654 -0.491866 1.23394 2.71845 2.82858 3.6093 3.60376 4.01128 3.8899 3.33544 2.73967 1.64256 -0.592195 -2.47049 -4.51824 -3.97579 -1.6996 -1.36428 -2.35307 -4.18044 -2.29563 -0.217885 1.66388 2.67974 1.87369 2.68644 2.61058 2.05141 0.985811 -0.666099 -0.648276 -1.89134 -1.95991 -1.34467 -1.15636 -1.27857 -1.6925 -2.35041 -2.26377 -1.78751 -1.68481 -0.982124 -0.101351 0.759837 0.889738 1.04009 1.03028 1.01633 1.01356 0.998967 0.964307 0.902924 0.7867 0.0416669 -0.841418 -1.3921 -2.14377 -2.25028 -0.864244
