Test_Spring_2018b/01_18/Temp/20180118_015.txt
ncols	170
nrows	115
xllcorner	350000.000000
yllcorner	4445000.000000
cellsize	1000.000000
nodata_value	-9999.000000
[rows 32 to 63 of 115, columns 72 to 143 of 170]
9.50102 9.12487 9.69768 10.2247 9.88662 9.66243 10.5242 10.5209 10.2202 9.5183 9.25921 8.99088 8.82573 7.92701 5.40926 3.13944 4.35286 4.37989 3.53774 5.04274 4.24476 2.16617 -0.767363 0.823778 0.40683 -1.67778 -2.19426 -9999 -9999 -9999 -9999 -9999 -9999 -9999 -9999 -9999 -9999 -9999 -9999 -9999 -9999 -9999 -9999 -9999 -9999 -9999 -9999 -9999 -9999 -9999 -9999 -9999 -9999 -9999 -9999 -9999 -9999 -9999 -9999 -9999 -9999 -9999 -9999 -9999 -9999 -9999 -9999 -9999 -9999 -9999 -9999 -9999
8.995 8.83164 9.68476 9.66334 9.60135 9.8946 10.4262 10.5309 10.4118 10.104 9.83749 9.55433 8.83976 7.81191 5.65683 3.07342 2.48609 3.74772 3.80651 4.0077 3.28028 2.367 0.939304 2.10451 2.55559 1.18701 -0.609422 -1.76659 -9999 -9999 -9999 -9999 -9999 -9999 -9999 -9999 -9999 -9999 -9999 -9999 -9999 -9999 -9999 -9999 -9999 -9999 -9999 -9999 -9999 -9999 -9999 -9999 -9999 -9999 -9999 -9999 -9999 -9999 -9999 -9999 -9999 -9999 -9999 -9999 -9999 -9999 -9999 -9999 -9999 -9999 -9999 -9999
8.39285 7.55907 8.07192 8.45604 9.15894 9.32963 9.43384 10.4522 10.395 10.3449 9.90603 9.55476 8.97453 7.98519 6.57765 4.88344 1.93496 3.75009 5.171 5.13272 5.05287 4.41244 3.04073 4.18432 4.23577 2.48609 0.487868 -0.682435 -1.16746 -9999 -9999 -9999 -9999 -9999 -9999 -9999 -9999 -9999 -9999 -9999 -9999 -9999 -9999 -9999 -9999 -9999 -9999 -9999 -9999 -9999 -9999 -9999 -9999 -9999 -9999 -9999 -9999 -9999 -9999 -9999 -9999 -9999 -9999 -9999 -9999 -9999 -9999 -9999 -9999 -9999 -9999 -9999
7.70936 6.69159 7.20757 7.89708 8.86446 9.35678 9.73222 10.0345 10.3429 10.3032 9.85411 8.53304 8.34245 8.28328 7.36198 5.43075 3.50211 3.00117 5.16975 5.78909 5.66056 6.14316 4.98081 5.52677 5.29953 4.6768 2.75896 1.0098 0.287335 -1.13848 -9999 -9999 -9999 -9999 -9999 -9999 -9999 -9999 -9999 -9999 -9999 -9999 -9999 -9999 -9999 -9999 -9999 -9999 -9999 -9999 -9999 -9999 -9999 -9999 -9999 -9999 -9999 -9999 -9999 -9999 -9999 -9999 -9999 -9999 -9999 -9999 -9999 -9999 -9999 -9999 -9999 -9999
-9999 -9999 6.04308 6.97612 7.74731 8.69615 9.51067 9.92092 10.3195 10.2842 9.38909 8.95007 8.90961 8.30511 7.24184 6.57389 5.35895 4.09322 4.57425 6.42326 5.598 6.90718 6.79394 7.03245 6.15328 4.4818 2.26192 0.959875 0.31316 -0.84275 -9999 -9999 -9999 -9999 -9999 -9999 -9999 -9999 -9999 -9999 -9999 -9999 -9999 -9999 -9999 -9999 -9999 -9999 -9999 -9999 -9999 -9999 -9999 -9999 -9999 -9999 -9999 -9999 -9999 -9999 -9999 -9999 -9999 -9999 -9999 -9999 -9999 -9999 -9999 -9999 -9999 -9999
-9999 -9999 -9999 6.79613 7.38144 8.65587 9.3025 9.56743 10.2121 10.2105 9.86966 9.61186 9.23914 8.75324 7.95367 7.07184 5.92913 5.82185 7.00409 7.0169 6.7676 6.95986 7.5658 7.40287 6.04116 3.69225 2.45203 -0.0701175 -1.1494 -1.04116 -1.80656 -9999 -9999 -9999 -9999 -9999 -9999 -9999 -9999 -9999 -9999 -9999 -9999 1.1129 -9999 -9999 -9999 -9999 -9999 -9999 -9999 -9999 -9999 -9999 -9999 -9999 -9999 -9999 -9999 -9999 -9999 -9999 -9999 -9999 -3.47674 -9999 -9999 -9999 -9999 -9999 -9999 -9999
-9999 -9999 6.68466 7.4652 8.08264 8.87983 8.9506 9.41739 10.159 10.1667 9.92401 9.65044 9.03894 8.88589 8.42997 7.47278 7.27571 7.66142 7.8382 8.03869 8.16133 8.05822 7.80949 7.48844 6.60321 5.51425 4.78236 2.48274 1.31345 0.199542 -1.48504 -2.80312 -9999 -9999 -9999 -9999 -9999 -9999 -9999 0.223383 0.161637 0.192389 0.56235 1.58204 0.984304 -9999 -9999 -9999 -9999 -9999 -9999 -9999 -9999 -9999 -9999 -9999 -9999 -9999 -9999 -9999 -9999 -9999 -9999 -9999 -2.56442 -3.88904 -9999 -9999 -9999 -9999 -9999 -9999
-9999 -9999 6.88087 7.71658 8.13178 8.9057 9.34669 9.62567 9.88033 10.1238 10.0793 9.77677 9.31826 9.31914 8.68877 8.34826 8.1048 8.62722 8.72932 8.51761 8.25225 8.01714 7.35559 7.27667 7.05179 6.35936 5.22456 4.05521 2.3644 0.0778573 -2.16438 -3.97318 -9999 -9999 -9999 -9999 -9999 -9999 0.403862 1.25093 1.75891 0.682075 1.60414 2.44702 2.31363 1.49501 -9999 -9999 -9999 -9999 -9999 -9999 -9999 -9999 -9999 -9999 -9999 -9999 -9999 -9999 3.70764 2.34976 -0.393633 -1.7996 -2.64294 -3.8473 -9999 -9999 -9999 -9999 -9999 -9999
-9999 -9999 6.70746 7.69502 8.36251 8.95443 9.04536 9.64712 9.90722 10.0363 10.0175 9.95529 9.86887 9.31826 9.0806 8.24995 9.04206 9.01081 8.80879 8.01252 7.66634 6.29964 5.69678 5.55313 6.69781 5.84631 4.0718 1.85426 -0.814272 -0.989357 -1.87212 -3.48925 -9999 -9999 -9999 -9999 -9999 -9999 0.657011 1.56316 2.31989 2.43127 1.36122 2.85828 2.79897 1.96318 1.77414 2.46088 2.80917 2.54937 3.37087 3.6109 3.2413 3.64669 -9999 -9999 -9999 -9999 3.8876 3.94275 3.98455 3.41903 0.421971 -1.62479 -3.46275 -3.63324 -9999 -9999 -9999 -9999 -9999 -9999
-9999 -9999 7.38737 7.99352 8.29768 8.343 8.87345 9.39807 9.72084 9.95602 9.9046 9.88238 9.85936 9.66988 9.23241 9.30965 9.27332 9.0179 7.50369 5.73631 6.50466 5.45471 3.20341 5.02325 6.02192 5.05724 2.90734 0.414896 -0.408089 -0.376337 -1.60335 -3.18153 -9999 -9999 -9999 -1.82769 -0.53167 -0.418372 -0.0353394 1.1731 2.0929 2.78716 3.26015 3.24447 2.74883 1.93143 1.04266 1.3605 2.9615 3.35208 3.6818 3.93047 3.58726 3.76547 4.19326 4.41426 4.45901 4.35829 4.33532 4.37045 4.31964 3.7919 1.11238 -0.421607 -1.4001 -3.36672 -9999 -9999 -9999 -9999 -9999 -9999
-9999 -9999 6.99665 7.52301 7.94823 8.65407 8.72469 9.17177 9.43089 9.82423 9.86598 9.39683 9.78013 9.72858 9.65515 9.50118 9.27623 7.99809 6.23665 4.47064 3.65444 3.99625 2.64362 3.33306 4.34492 3.97072 2.64876 0.427684 0.111253 -0.412083 -2.47286 -4.45745 -9999 -9999 -4.3499 -1.86379 -0.112827 0.790936 1.07178 1.10007 2.25881 2.35144 3.59894 3.30687 1.66122 1.84777 1.20864 1.62472 2.21137 2.37277 3.21597 4.02988 4.18326 4.18672 4.45899 4.51481 4.52908 4.52192 4.33725 4.42193 4.43518 4.10631 2.16407 1.21726 0.173467 -3.34822 -9999 -9999 -9999 -9999 -9999 -9999
-9999 -9999 7.25896 7.84753 8.49239 8.59247 9.0689 9.01393 8.86799 9.53557 9.77674 9.44466 9.2054 9.64055 9.60903 9.55013 9.4539 8.25296 6.86317 4.75929 3.4513 2.64719 2.07711 1.31348 1.83126 1.66795 1.45015 1.69181 1.07769 -0.146625 -1.35527 -3.61295 -4.8356 -9999 -4.22447 -3.10295 -1.02047 0.749926 1.87455 1.47216 2.78977 3.03583 3.79488 3.35114 2.35284 1.92355 1.88649 1.75614 2.64315 3.24059 3.66029 3.94165 4.2931 4.38195 4.47114 4.50823 4.52833 4.54879 4.54424 4.53737 4.49833 4.37496 3.48221 2.53674 0.493992 -3.23797 -9999 -9999 -9999 -9999 -9999 -9999
-9999 5.53222 7.18493 8.17503 8.55488 8.82742 9.06705 9.23918 9.41667 9.5859 9.70255 9.64763 8.77341 8.84298 8.99857 9.49278 9.45694 9.34797 8.58795 6.02833 5.14009 3.84398 2.16763 1.46395 1.80982 3.17765 3.1122 2.19941 1.18262 -0.225202 -1.12025 -2.5067 -5.16411 -4.92757 -3.73307 -2.8439 -1.42858 0.735428 2.2532 2.93161 3.1892 3.72266 4.00187 3.39237 2.81302 2.57013 2.11865 2.05599 2.06043 2.5966 3.01348 3.94418 4.25694 4.40051 4.47321 4.51219 4.5405 4.56845 4.57818 4.56046 4.56168 4.55479 4.48929 3.23111 0.0819312 -2.28805 -9999 -9999 -9999 -9999 -9999 -9999
-9999 -9999 6.87176 7.30385 7.41247 7.607 8.01166 8.47935 9.14115 9.22337 9.58937 9.58411 8.83016 7.9608 8.71585 9.01559 9.32656 9.33561 9.23739 7.08296 5.9562 5.06816 3.46054 4.03497 4.58097 4.61856 4.28237 2.33 0.385468 -1.85965 -3.95309 -4.05658 -5.18483 -4.59154 -3.8031 -1.7755 -0.348057 0.231482 0.648543 2.84958 3.42241 3.62054 4.18553 3.41976 3.2277 2.65256 2.82573 2.77669 2.78124 1.18392 2.78696 2.88246 3.92756 4.39807 4.50486 4.53367 4.5644 4.56927 4.57535 4.57073 4.58162 4.56598 4.54898 3.7314 -0.261919 -2.26496 -9999 -9999 -9999 -9999 -9999 -9999
-9999 -9999 -9999 -9999 6.99272 7.32055 7.5286 7.89337 9.01989 9.32162 9.52138 9.53593 9.19885 8.3379 8.1109 8.268 7.42959 8.13042 9.08813 9.06282 8.94452 7.05171 6.08094 7.01366 6.72504 5.29968 4.17672 3.06816 0.79216 -0.878833 -3.27763 -5.07959 -5.15055 -3.16854 -1.52199 0.529755 1.43539 0.92056 1.48036 2.57362 3.81632 4.41839 4.27909 3.47184 3.36096 2.47318 3.34946 3.42594 3.02063 2.67026 2.81004 3.32756 3.52523 4.34277 4.54079 4.57618 4.58229 4.58558 4.5821 4.5776 4.56753 4.55933 4.54842 4.51221 0.407402 -2.78441 -9999 -9999 -9999 -9999 -9999 -9999
-9999 -9999 -9999 -9999 6.19811 6.39528 6.92395 8.29149 9.00101 9.28729 9.27399 9.40561 9.16736 8.41007 7.63331 6.90123 5.95711 6.49656 7.92384 8.76443 8.85824 7.19869 8.05719 7.73068 7.09019 5.22731 3.85296 3.12193 0.936564 -0.938598 -2.53594 -4.73947 -3.80181 -2.76813 -1.4389 0.799697 2.31067 2.93219 2.41213 3.11214 4.54191 4.5521 3.77352 3.82662 3.35344 2.13955 3.40745 3.7654 3.47971 3.55538 3.44817 3.64136 3.99236 4.32794 4.55102 4.58111 4.58452 4.57706 4.57662 4.57731 4.56171 4.56331 4.55237 4.53218 1.88295 -2.85088 -9999 -9999 -9999 -9999 -9999 -9999
-9999 -9999 -9999 -9999 -9999 5.46834 6.68252 8.49981 8.94261 8.89718 9.2702 9.30001 8.93539 8.6193 7.67661 6.3893 3.9167 4.54626 5.86003 7.75425 8.74855 8.61162 8.05354 7.08714 4.75351 2.71036 2.45803 2.11935 0.523137 -0.9228 -2.69819 -1.67567 -0.554667 0.672725 1.31719 1.14845 2.44316 3.49938 3.05237 3.9107 4.9121 4.46113 4.19544 3.97287 3.42562 3.39466 3.45416 4.1749 3.6791 3.98612 3.99378 3.97754 4.14866 4.34531 4.55167 4.58542 4.58569 4.58889 4.56476 4.57317 4.56152 4.55025 4.54019 4.52296 4.28405 1.73515 0.211767 -9999 -9999 -9999 -9999 -9999
-9999 -9999 -9999 -9999 -9999 4.33664 4.93921 7.09266 7.74969 8.69965 9.20281 9.22352 8.60929 8.26673 6.86218 6.40677 4.11962 3.08375 3.96183 3.62421 6.23239 8.53956 8.03309 3.36735 1.67473 0.465941 0.770698 0.768853 0.321098 -2.13471 -2.81345 -0.625086 0.752041 1.819 2.62853 2.79647 2.76849 4.42025 4.64081 5.17884 5.06412 5.11597 4.28462 3.77106 4.22404 3.70654 3.61986 4.36439 3.63468 4.29763 4.21959 4.02212 4.01257 4.4489 4.53741 4.58393 4.58645 4.56916 4.54694 4.53453 4.54889 4.54278 4.51931 4.52142 4.49872 4.19734 2.8785 2.4185 2.93126 -9999 -9999 -9999
-9999 -9999 -9999 -9999 -9999 -9999 2.92009 5.91532 7.27653 7.99294 9.00391 9.12365 8.79467 8.20354 6.77319 5.51551 3.47086 1.1356 -0.102083 3.59852 6.81866 8.49797 8.2733 4.38906 2.85364 2.7785 3.67621 2.91054 2.32869 0.460713 -0.0989041 -0.874932 -0.401559 1.08593 2.30205 3.47571 4.3294 4.39949 4.95441 5.2743 5.30214 5.4038 5.30792 5.23014 4.42798 4.98596 4.51656 4.76878 4.60941 4.46549 4.34046 3.88137 4.20745 4.49606 4.5706 4.59293 4.57531 4.57094 4.55842 4.53114 4.51963 4.5182 4.51615 4.50227 4.50306 4.49091 4.34437 3.55142 2.48929 1.14695 -9999 -9999
-9999 -9999 -9999 -9999 -9999 -9999 1.41561 4.39647 5.82566 7.67419 8.62219 9.00578 8.95343 8.47418 7.38714 5.75141 4.38876 1.7817 -0.925591 2.95788 6.41774 8.28337 8.37975 5.11438 6.01502 5.28046 5.57127 4.22929 3.66934 3.22245 2.25853 1.2051 0.0520197 -0.557617 2.17442 3.57718 4.7064 5.23921 5.54092 5.6922 5.6125 5.40997 4.19799 5.12538 5.07799 4.98782 4.88406 4.8347 4.7405 4.62902 4.56239 4.5398 4.23506 4.58128 4.57327 4.57777 4.57908 4.56963 4.55199 4.53658 4.51772 4.51829 4.50798 4.49685 4.48956 4.48753 4.47905 4.43669 4.22688 2.42381 1.34564 1.04462
-9999 -9999 -9999 -9999 -9999 -9999 -2.78592 1.55351 5.03278 6.85291 8.33248 8.73831 8.88918 8.24637 7.76567 6.59287 5.48229 3.76909 1.20299 -0.37764 2.52874 6.75525 8.31194 8.1863 8.08546 7.23702 6.4719 6.37193 6.42532 5.53173 4.23543 2.5455 2.01674 1.42351 3.45807 3.73331 3.5841 5.8226 5.82807 5.70151 4.84596 3.88812 4.07144 3.48156 3.93787 3.23196 3.88416 4.44805 4.65948 4.6433 4.56851 4.55927 4.52632 4.58643 4.5854 4.57551 4.56776 4.56337 4.55456 4.52816 4.5131 4.52235 4.50521 4.49236 4.48161 4.48219 4.47852 4.44737 4.41911 4.1427 3.72649 2.93292
-9999 -9999 -9999 -9999 -9999 -9999 -2.60757 1.03611 4.13178 5.98511 7.76992 8.1826 8.78418 8.65279 8.14913 7.12938 5.85558 4.44528 2.24349 0.606493 2.55043 5.3546 7.3625 8.07919 8.06906 8.01734 7.82276 7.73829 7.51226 7.34618 6.41732 4.82075 3.918 2.59821 4.86578 5.11932 4.76372 5.89585 5.8391 4.12696 2.81088 2.64764 3.45165 2.68877 2.5557 2.08356 2.62249 4.0644 3.64388 3.72803 4.38085 4.48927 4.55825 4.57698 4.57242 4.56914 4.55779 4.55916 4.56047 4.53458 4.52252 4.51656 4.49175 4.48801 4.47128 4.46106 4.45201 4.43568 4.40993 4.33195 4.24503 4.33743
-9999 -9999 -9999 -9999 -9999 -9999 -2.53823 -0.0917073 2.69397 5.4254 7.33166 8.09953 8.65844 8.65105 8.06555 7.558 6.75895 5.51788 4.66609 3.18799 1.1597 4.55518 5.59309 6.51908 6.9056 7.8714 7.84411 7.39635 6.87209 7.34766 7.20369 5.9399 5.52297 4.82081 6.08132 6.08312 6.04728 5.97912 4.5322 2.52135 0.914367 2.07168 1.83074 2.36232 0.718418 2.07223 3.16269 3.51717 2.78061 2.2322 3.9302 4.21198 4.37973 4.48716 4.55767 4.54062 4.55786 4.54772 4.54259 4.53698 4.52233 4.5135 4.49884 4.48394 4.47047 4.46222 4.44382 4.41929 4.41875 4.37922 4.3636 4.35048
-9999 -9999 -9999 -9999 -9999 -9999 -9999 -1.54808 1.98017 5.1342 6.8893 7.99248 8.52912 8.51774 8.21752 7.87222 7.37599 6.47997 5.35462 3.57706 2.2568 3.09138 4.10775 4.21878 4.89472 6.86075 7.53012 6.57324 4.2064 5.59449 7.14373 7.11617 6.98167 6.83178 6.6408 6.46877 6.09407 5.09223 2.02455 1.42069 0.217654 0.354814 -0.261921 1.08643 0.583379 1.96931 2.57043 2.79788 1.51803 1.78818 3.29388 3.89021 3.7919 4.15792 4.50861 4.52025 4.53038 4.52143 4.52902 4.5319 4.52623 4.50926 4.49795 4.48981 4.4625 4.46803 4.35495 4.28191 4.13284 4.31998 4.33894 4.35211
-9999 -9999 -9999 -9999 -9999 -9999 -9999 -2.26328 1.26241 4.97753 6.1688 7.35827 8.38484 8.40318 7.945 7.50926 7.06047 6.54968 5.18494 3.86132 2.59737 2.17158 2.4234 2.39727 3.49298 6.05556 6.54921 6.33419 3.86223 3.02624 5.09701 6.83719 6.97242 6.81276 4.76094 5.1966 4.08971 2.58905 2.17596 1.51937 0.132017 0.800266 -0.215635 0.220639 0.104453 0.891473 1.2756 2.21154 1.0961 1.10033 2.57875 3.32475 3.34412 4.12687 4.40629 4.47986 4.4987 4.51231 4.51609 4.52885 4.52217 4.51127 4.49676 4.46024 4.37217 4.09982 2.61959 2.62271 3.03123 3.41795 4.12199 4.32174
-9999 -9999 -9999 -9999 -9999 -9999 -9999 -1.86363 0.582167 3.87846 6.31973 6.47114 7.65728 8.26879 7.7706 7.20995 6.63639 6.38476 4.89955 3.26814 1.94953 0.388898 0.643301 1.7598 3.58336 5.2378 5.53127 5.18583 3.85657 4.47765 5.88932 6.63807 6.85767 6.68185 6.23398 5.97492 5.1596 4.80606 3.67448 1.90553 1.2089 1.65036 -0.227195 -0.0955759 0.59926 -0.138078 1.07869 1.66134 0.220569 1.36544 2.67271 3.34143 3.92613 4.20324 4.31407 4.48363 4.48867 4.50344 4.51173 4.50983 4.51035 4.4836 4.46161 4.30478 4.07319 2.69087 2.11899 2.23326 2.87393 3.43512 4.02597 4.26681
-9999 -9999 -9999 -9999 -9999 -9999 -9999 -1.45504 0.746901 3.60475 5.34468 5.65425 6.96981 8.13957 8.00701 7.42367 7.24491 6.64038 5.38046 3.9889 2.46794 1.72739 0.0273964 1.69653 3.01212 4.41295 5.06686 3.97261 3.42587 4.38797 5.34458 5.72565 6.69219 6.68161 6.36494 5.0037 4.33967 4.61955 4.33426 3.83505 2.61747 2.56334 1.7814 1.4577 1.15202 0.157831 0.792431 0.856435 1.03001 2.40295 3.08368 3.53527 3.94604 4.05442 4.23339 4.46537 4.48637 4.49526 4.49478 4.49967 4.48321 4.41799 4.36313 4.0469 3.48663 2.44062 0.748739 1.94581 3.19755 3.574 3.94061 4.13037
-9999 -9999 -9999 -9999 -9999 -9999 -9999 -1.83966 0.499787 2.94197 3.96178 4.13319 6.51571 7.97393 7.97471 7.69727 7.37352 5.88257 5.96829 5.66864 4.29645 2.29844 0.104132 0.307455 1.60987 3.45742 4.06824 2.26555 1.63004 2.09419 3.5418 4.83759 6.19083 6.53365 6.13513 4.01675 1.76581 2.809 3.92385 3.9175 3.59025 2.46109 2.10264 1.77823 0.954588 -0.439347 -0.23583 0.152589 1.7125 2.20667 2.96968 3.60347 3.36557 3.50589 4.11213 4.46024 4.47397 4.48076 4.49277 4.48533 4.46513 4.33467 4.19649 3.96422 2.50233 1.59357 0.273632 1.81524 2.66881 3.12824 3.94093 4.13539
-9999 -9999 -9999 -9999 -9999 -9999 -9999 -2.57379 -0.876729 1.4575 2.39697 3.89701 6.14839 7.25485 7.78437 7.77099 7.55464 6.88609 6.48342 5.69152 4.26416 2.31301 0.144224 -1.26852 -0.553827 1.93293 2.52033 0.857295 0.0145823 1.06002 2.60297 4.88854 6.19391 6.36917 6.24996 5.81246 4.16889 2.18342 2.18983 3.18519 2.35212 1.38396 1.91654 1.81813 1.00479 0.413266 0.0517761 0.27896 1.16692 1.53528 2.41653 3.7168 3.90368 3.86751 4.41531 4.44334 4.45674 4.47797 4.47787 4.47338 4.45749 4.35122 4.11248 3.13961 2.29133 1.11099 0.965644 2.34077 2.94375 3.50435 3.90346 4.03409
-9999 -9999 -9999 -9999 -9999 -9999 -9999 -3.83131 -1.83414 0.352397 2.39974 4.33674 6.00368 6.13084 7.00928 7.00648 7.46597 7.33218 6.71226 6.04503 4.81499 2.30915 0.201616 -2.09676 -1.49375 1.04595 1.36445 0.254711 -1.79388 0.317811 2.64688 4.75773 5.89988 5.00227 5.92002 5.84372 5.22747 4.04532 2.20767 2.2422 0.865205 0.805277 1.51247 1.74211 1.62449 1.18048 0.47222 0.594387 1.13289 1.27104 2.08092 3.08974 4.07601 4.24231 4.43096 4.43969 4.44338 4.45934 4.46189 4.44191 4.39205 4.28089 3.46539 2.49545 1.89821 1.07602 0.976878 2.56122 3.19623 3.54948 3.8944 4.03105
-9999 -9999 -9999 -9999 -9999 -9999 -9999 -9999 -2.04828 0.210725 1.88185 2.3304 3.81188 4.61105 5.22914 5.36482 7.13184 7.22763 6.83399 6.22097 5.17162 3.26967 1.94378 -0.260872 -1.84626 -1.2008 -0.910197 -0.330348 -0.50373 0.437082 2.67515 5.00705 5.26025 3.77675 3.99525 4.30454 4.99894 4.64578 2.14196 0.869783 -0.18615 0.563718 1.35264 1.54361 1.58192 1.42984 1.25618 0.951191 2.00712 2.7886 2.97027 3.65171 4.15497 4.29441 4.39961 4.41315 4.42691 4.42774 4.39909 4.37848 4.25297 3.97093 3.05867 0.863887 0.967038 0.730219 0.0479456 1.59512 2.57593 3.4486 3.91268 4.03305
-9999 -9999 -9999 -9999 -9999 -9999 -9999 -9999 -2.81037 -0.196277 0.35424 0.311173 -0.556953 -0.159968 3.04965 3.69461 5.38919 6.99366 6.87399 6.27258 5.29067 4.15712 2.4031 -0.0761042 -2.0466 -2.88596 -0.771518 1.30147 1.72907 2.39137 3.76212 4.02141 2.50512 1.08328 1.87985 2.35941 4.18924 4.52272 4.16643 2.65772 0.93287 0.0324341 1.09497 1.23692 1.30064 1.31324 1.2812 1.23706 2.42681 3.08573 3.54298 3.79218 4.22433 4.33536 4.37132 4.4052 4.39802 4.37639 4.30885 4.23197 3.8913 3.47876 1.98407 0.738042 -0.0387145 -1.02486 1.19973 1.86255 2.78243 3.37521 3.8368 3.93852
