Test_Spring_2018b/01_18/Temp/20180116_020.txt
ncols	170
nrows	115
xllcorner	350000.000000
yllcorner	4445000.000000
cellsize	1000.000000
nodata_value	-9999.000000
[rows 32 to 63 of 115, columns 72 to 143 of 170]
10.1713 9.77673 10.3656 10.9072 10.5623 10.3301 11.2255 11.2171 10.9004 10.1678 9.89378 9.61 9.43292 8.49552 5.88034 3.52192 4.77274 4.79415 3.91488 5.4677 4.63418 2.47372 -0.572613 1.06955 0.630943 -1.53314 -2.07582 -9999 -9999 -9999 -9999 -9999 -9999 -9999 -9999 -9999 -9999 -9999 -9999 -9999 -9999 -9999 -9999 -9999 -9999 -9999 -9999 -9999 -9999 -9999 -9999 -9999 -9999 -9999 -9999 -9999 -9999 -9999 -9999 -9999 -9999 -9999 -9999 -9999 -9999 -9999 -9999 -9999 -9999 -9999 -9999 -9999
9.65092 9.47678 10.3561 10.3293 10.2642 10.5747 11.1279 11.2314 11.1028 10.7786 10.4969 10.1978 9.45142 8.38027 6.14091 3.4576 2.84251 4.14324 4.19753 4.39936 3.63897 2.68599 1.2 2.40081 2.86166 1.4353 -0.42934 -1.63042 -9999 -9999 -9999 -9999 -9999 -9999 -9999 -9999 -9999 -9999 -9999 -9999 -9999 -9999 -9999 -9999 -9999 -9999 -9999 -9999 -9999 -9999 -9999 -9999 -9999 -9999 -9999 -9999 -9999 -9999 -9999 -9999 -9999 -9999 -9999 -9999 -9999 -9999 -9999 -9999 -9999 -9999 -9999 -9999
9.03084 8.16201 8.68873 9.08218 9.81439 10.0005 10.1036 11.1539 11.0895 11.0323 10.5721 10.2024 9.59531 8.56408 7.09936 5.33744 2.27574 4.15 5.61573 5.5694 5.48001 4.80975 3.38176 4.56017 4.60693 2.78522 0.717273 -0.502635 -1.01249 -9999 -9999 -9999 -9999 -9999 -9999 -9999 -9999 -9999 -9999 -9999 -9999 -9999 -9999 -9999 -9999 -9999 -9999 -9999 -9999 -9999 -9999 -9999 -9999 -9999 -9999 -9999 -9999 -9999 -9999 -9999 -9999 -9999 -9999 -9999 -9999 -9999 -9999 -9999 -9999 -9999 -9999 -9999
8.32639 7.26694 7.79695 8.50691 9.51021 10.0253 10.4169 10.7252 11.0398 10.9935 10.5227 9.14815 8.94482 8.87747 7.9166 5.90908 3.90413 3.37846 5.61888 6.25396 6.11408 6.60748 5.39642 5.95556 5.71355 5.06115 3.07019 1.25531 0.499488 -0.985192 -9999 -9999 -9999 -9999 -9999 -9999 -9999 -9999 -9999 -9999 -9999 -9999 -9999 -9999 -9999 -9999 -9999 -9999 -9999 -9999 -9999 -9999 -9999 -9999 -9999 -9999 -9999 -9999 -9999 -9999 -9999 -9999 -9999 -9999 -9999 -9999 -9999 -9999 -9999 -9999 -9999 -9999
-9999 -9999 6.59415 7.56173 8.36309 9.34464 10.1914 10.6118 11.0199 10.9782 10.0454 9.58494 9.53723 8.90484 7.79686 7.09833 5.83287 4.51468 5.0064 6.91559 6.05371 7.40358 7.27958 7.52014 6.60262 4.86854 2.5595 1.2081 0.530856 -0.674044 -9999 -9999 -9999 -9999 -9999 -9999 -9999 -9999 -9999 -9999 -9999 -9999 -9999 -9999 -9999 -9999 -9999 -9999 -9999 -9999 -9999 -9999 -9999 -9999 -9999 -9999 -9999 -9999 -9999 -9999 -9999 -9999 -9999 -9999 -9999 -9999 -9999 -9999 -9999 -9999 -9999 -9999
-9999 -9999 -9999 7.37914 7.98781 9.3044 9.97979 10.2498 10.9131 10.9065 10.5482 10.2756 9.88365 9.37417 8.53942 7.61924 6.42855 6.31066 7.52889 7.53533 7.27019 7.46264 8.08383 7.9084 6.49026 4.05467 2.76294 0.14537 -0.979976 -0.874837 -1.675 -9999 -9999 -9999 -9999 -9999 -9999 -9999 -9999 -9999 -9999 -9999 -9999 1.24351 -9999 -9999 -9999 -9999 -9999 -9999 -9999 -9999 -9999 -9999 -9999 -9999 -9999 -9999 -9999 -9999 -9999 -9999 -9999 -9999 -3.72483 -9999 -9999 -9999 -9999 -9999 -9999 -9999
-9999 -9999 7.26653 8.08214 8.7182 9.54058 9.61233 10.0987 10.8627 10.8659 10.6095 10.3207 9.68137 9.51681 9.03812 8.03979 7.82887 8.2217 8.39796 8.59876 8.71892 8.60524 8.34077 8.00151 7.08186 5.94689 5.182 2.79056 1.57674 0.415656 -1.3368 -2.70959 -9999 -9999 -9999 -9999 -9999 -9999 -9999 0.363571 0.290631 0.313333 0.687354 1.73449 1.10556 -9999 -9999 -9999 -9999 -9999 -9999 -9999 -9999 -9999 -9999 -9999 -9999 -9999 -9999 -9999 -9999 -9999 -9999 -9999 -2.775 -4.15848 -9999 -9999 -9999 -9999 -9999 -9999
-9999 -9999 7.48363 8.34605 8.7729 9.57153 10.0252 10.319 10.5787 10.8265 10.7756 10.4569 9.97617 9.97111 9.31162 8.95219 8.69309 9.22743 9.32616 9.09969 8.81769 8.56714 7.87487 7.78648 7.55081 6.82683 5.64458 4.42661 2.67047 0.29449 -2.03563 -3.91671 -9999 -9999 -9999 -9999 -9999 -9999 0.565089 1.43398 1.95125 0.826082 1.77199 2.6357 2.48771 1.62549 -9999 -9999 -9999 -9999 -9999 -9999 -9999 -9999 -9999 -9999 -9999 -9999 -9999 -9999 3.77041 2.35339 -0.499616 -1.96708 -2.85183 -4.1109 -9999 -9999 -9999 -9999 -9999 -9999
-9999 -9999 7.30693 8.32706 9.01573 9.62618 9.71749 10.3445 10.6115 10.741 10.7169 10.6473 10.5522 9.97572 9.72309 8.85567 9.66946 9.62992 9.41333 8.58099 8.21509 6.79189 6.16037 6.00852 7.18811 6.2994 4.45444 2.1505 -0.61616 -0.806412 -1.72763 -3.40988 -9999 -9999 -9999 -9999 -9999 -9999 0.833315 1.7633 2.53815 2.64402 1.52547 3.06679 2.99165 2.11513 1.9088 2.61007 2.96078 2.68096 3.51759 3.75685 3.36467 3.77576 -9999 -9999 -9999 -9999 3.98102 4.02881 4.06244 3.46642 0.350474 -1.78113 -3.69671 -3.88695 -9999 -9999 -9999 -9999 -9999 -9999
-9999 -9999 8.01431 8.63962 8.95225 8.99678 9.54398 10.0913 10.4233 10.6632 10.6053 10.5772 10.5479 10.3455 9.8857 9.95886 9.91403 9.64197 8.06546 6.22662 7.01542 5.92072 3.58512 5.4634 6.49176 5.48591 3.25212 0.663529 -0.190718 -0.166268 -1.44397 -3.08578 -9999 -9999 -9999 -1.71077 -0.375672 -0.266521 0.121711 1.36483 2.30852 3.01826 3.49836 3.4731 2.94448 2.08672 1.15506 1.47383 3.1224 3.51697 3.84377 4.092 3.72724 3.90284 4.33747 4.55792 4.59572 4.48265 4.44994 4.47712 4.41488 3.85805 1.0709 -0.529535 -1.55477 -3.61638 -9999 -9999 -9999 -9999 -9999 -9999
-9999 -9999 7.61176 8.15459 8.59289 9.3244 9.39536 9.85625 10.1273 10.5318 10.5707 10.0797 10.4714 10.4119 10.3293 10.1627 9.92221 8.59019 6.75728 4.91966 4.06636 4.41662 3.00815 3.71513 4.75718 4.36412 2.98863 0.681349 0.347768 -0.196538 -2.33999 -4.40259 -9999 -9999 -4.31098 -1.7422 0.0643665 0.992578 1.27484 1.29496 2.48604 2.5721 3.85457 3.54264 1.82256 2.00492 1.3312 1.7515 2.34796 2.50501 3.36828 4.19855 4.34851 4.34342 4.61708 4.66655 4.67297 4.65704 4.45691 4.53553 4.53972 4.18892 2.16588 1.17382 0.0793963 -3.59112 -9999 -9999 -9999 -9999 -9999 -9999
-9999 -9999 7.88794 8.49553 9.16169 9.26348 9.75525 9.69766 9.54907 10.2374 10.4836 10.1348 9.88141 10.3262 10.2869 10.2187 10.1114 8.85914 7.4111 5.22316 3.8601 3.02243 2.42482 1.62655 2.15667 1.98133 1.74979 1.99456 1.35372 0.0830842 -1.17521 -3.52231 -4.79533 -9999 -4.17522 -3.02032 -0.87019 0.956013 2.11252 1.68623 3.04175 3.28656 4.0637 3.59323 2.54381 2.08659 2.03713 1.89118 2.79968 3.40763 3.83201 4.11399 4.46614 4.54966 4.6338 4.66407 4.67674 4.68963 4.67631 4.66018 4.61022 4.47235 3.53668 2.54479 0.416282 -3.472 -9999 -9999 -9999 -9999 -9999 -9999
-9999 6.10059 7.81398 8.83802 9.22999 9.51091 9.75772 9.93446 10.1209 10.2947 10.4118 10.3504 9.43917 9.50516 9.6596 10.1644 10.1194 9.99847 9.20277 6.54239 5.61647 4.26648 2.52254 1.78609 2.13815 3.54948 3.47596 2.52469 1.46583 0.00497312 -0.927071 -2.36956 -5.13049 -4.89159 -3.66046 -2.74621 -1.28735 0.946701 2.51052 3.20402 3.46098 4.00432 4.28299 3.63913 3.02388 2.76072 2.28157 2.20553 2.19932 2.74441 3.16584 4.11981 4.43474 4.57272 4.63994 4.67238 4.69376 4.71461 4.71625 4.68899 4.6808 4.66362 4.58435 3.26917 -0.00802601 -2.48461 -9999 -9999 -9999 -9999 -9999 -9999
-9999 -9999 7.49229 7.93845 8.04972 8.25017 8.66837 9.15173 9.84008 9.9225 10.2983 10.2896 9.50305 8.59607 9.37158 9.67468 9.98895 9.99009 9.87996 7.64113 6.46595 5.53847 3.86573 4.45371 5.0132 5.04625 4.69233 2.664 0.644018 -1.68441 -3.85905 -3.97182 -5.14601 -4.5383 -3.7278 -1.63383 -0.162359 0.429857 0.853057 3.12421 3.7084 3.90215 4.4766 3.67187 3.45783 2.85013 3.018 2.95588 2.94959 1.28383 2.93428 3.02353 4.09722 4.57549 4.67657 4.69865 4.72274 4.71984 4.71786 4.70429 4.70618 4.6795 4.64946 3.79044 -0.359853 -2.45616 -9999 -9999 -9999 -9999 -9999 -9999
-9999 -9999 -9999 -9999 7.61824 7.95708 8.17183 8.54882 9.71878 10.0288 10.2325 10.2435 9.88913 8.99139 8.74923 8.90441 8.02756 8.74544 9.73036 9.69618 9.5659 7.59724 6.58383 7.54367 7.23838 5.7556 4.58653 3.4327 1.0694 -0.664087 -3.15499 -5.02758 -5.10673 -3.05895 -1.35937 0.759678 1.69048 1.14871 1.71978 2.84286 4.12025 4.73332 4.57781 3.72993 3.59992 2.66807 3.56432 3.63209 3.20097 2.82719 2.96135 3.48786 3.68344 4.52182 4.71866 4.74651 4.74523 4.74085 4.72908 4.71572 4.69498 4.67598 4.6534 4.6039 0.337904 -2.99016 -9999 -9999 -9999 -9999 -9999 -9999
-9999 -9999 -9999 -9999 6.79829 7.00191 7.54903 8.96524 9.70313 9.99727 9.98025 10.1125 9.86065 9.06998 8.2583 7.49205 6.50579 7.0566 8.52738 9.39038 9.47986 7.75288 8.63497 8.29002 7.62015 5.68406 4.25457 3.49201 1.22272 -0.722308 -2.38266 -4.67126 -3.70521 -2.64002 -1.26907 1.04357 2.60164 3.23725 2.6894 3.40501 4.87617 4.87584 4.05782 4.10133 3.59585 2.32597 3.6279 3.98722 3.67996 3.74758 3.62576 3.81617 4.17064 4.50963 4.73247 4.75567 4.75121 4.73578 4.72724 4.71891 4.69307 4.68422 4.66156 4.62858 1.87074 -3.05515 -9999 -9999 -9999 -9999 -9999 -9999
-9999 -9999 -9999 -9999 -9999 6.04481 7.30228 9.18453 9.64604 9.59646 9.97974 10.0065 9.62368 9.29019 8.30649 6.96495 4.39481 5.03898 6.39213 8.34691 9.36948 9.22023 8.63447 7.62647 5.20219 3.07932 2.81249 2.45651 0.797717 -0.702549 -2.54738 -1.49313 -0.33708 0.928846 1.59026 1.40845 2.74242 3.82856 3.35631 4.23596 5.26323 4.78504 4.49846 4.25629 3.67405 3.62989 3.67964 4.41486 3.88985 4.19716 4.19436 4.16774 4.33581 4.53084 4.73638 4.76338 4.75589 4.75143 4.71828 4.71814 4.69641 4.67423 4.65247 4.62253 4.36224 1.70039 0.107304 -9999 -9999 -9999 -9999 -9999
-9999 -9999 -9999 -9999 -9999 4.87537 5.49896 7.72941 8.41285 9.3946 9.91266 9.92997 9.28845 8.92755 7.46545 6.98591 4.60789 3.52658 4.42833 4.07051 6.76542 9.14877 8.61649 3.77525 2.01517 0.756855 1.06724 1.06025 0.591442 -1.95527 -2.6638 -0.401556 1.01984 2.11949 2.95191 3.11893 3.08233 4.7856 5.00505 5.55284 5.42363 5.46652 4.59386 4.05022 4.50445 3.9562 3.85454 4.61445 3.84711 4.52325 4.43166 4.21725 4.1981 4.64147 4.72486 4.76506 4.7597 4.73405 4.70298 4.68102 4.68624 4.66942 4.63381 4.62396 4.58777 4.2548 2.87373 2.38261 2.89967 -9999 -9999 -9999
-9999 -9999 -9999 -9999 -9999 -9999 3.40955 6.512 7.92502 8.6646 9.70871 9.82853 9.48354 8.8647 7.37557 6.0648 3.93817 1.51016 0.220241 4.04692 7.37601 9.10883 8.86856 4.83709 3.23989 3.1562 4.08093 3.28236 2.6745 0.736867 0.151658 -0.657915 -0.17309 1.36265 2.6158 3.82494 4.70189 4.76624 5.33232 5.65398 5.67259 5.76721 5.65677 5.56483 4.71856 5.28487 4.78676 5.03666 4.8604 4.70053 4.56029 4.07479 4.40342 4.69368 4.76253 4.77699 4.75102 4.73867 4.71756 4.68071 4.65826 4.64634 4.633 4.60668 4.59497 4.56169 4.39556 3.55963 2.44496 1.04027 -9999 -9999
-9999 -9999 -9999 -9999 -9999 -9999 1.85318 4.94037 6.42374 8.33617 9.31668 9.70968 9.64984 9.14696 8.01366 6.31129 4.8915 2.18203 -0.631368 3.38604 6.96361 8.88955 8.98256 5.59175 6.51875 5.75169 6.04743 4.65155 4.06621 3.60107 2.59676 1.49958 0.299639 -0.339112 2.48525 3.93169 5.09413 5.63795 5.9417 6.08901 5.99719 5.77563 4.50888 5.4587 5.39461 5.28953 5.17051 5.10808 4.99948 4.87335 4.79367 4.76052 4.43545 4.78509 4.76734 4.76409 4.75759 4.73983 4.71329 4.68863 4.65986 4.64997 4.62656 4.60327 4.58338 4.56057 4.53779 4.47991 4.24868 2.36681 1.23655 0.90877
-9999 -9999 -9999 -9999 -9999 -9999 -2.49805 1.99647 5.60656 7.48902 9.0185 9.43404 9.58475 8.91243 8.40752 7.18498 6.02656 4.2435 1.57662 -0.0690529 2.93678 7.30917 8.91535 8.77788 8.66708 7.78193 6.98338 6.87429 6.92428 5.99623 4.6484 2.89135 2.33619 1.71515 3.81665 4.09468 3.93236 6.24365 6.24049 6.10002 5.20369 4.20191 4.38139 3.75759 4.21554 3.47269 4.13724 4.71048 4.91877 4.89151 4.80346 4.78376 4.74036 4.79211 4.78277 4.76443 4.74836 4.73565 4.71812 4.68196 4.65706 4.65679 4.62759 4.60301 4.57734 4.55717 4.53975 4.49384 4.45106 4.15141 3.70732 2.86912
-9999 -9999 -9999 -9999 -9999 -9999 -2.30855 1.47028 4.67469 6.59214 8.43703 8.85956 9.47725 9.3349 8.8063 7.74251 6.41516 4.94617 2.65699 0.953107 2.95995 5.86076 7.93458 8.66991 8.65295 8.59324 8.38575 8.29361 8.05385 7.87971 6.91123 5.24933 4.30764 2.93356 5.27636 5.5318 5.15558 6.32045 6.2529 4.46958 3.09623 2.91711 3.74099 2.93999 2.78719 2.28521 2.83264 4.31593 3.86932 3.94612 4.61202 4.7147 4.77455 4.78526 4.77209 4.76041 4.7404 4.73348 4.72626 4.69052 4.66866 4.65264 4.61655 4.60035 4.57141 4.53968 4.51467 4.48451 4.4447 4.351 4.24697 4.32659
-9999 -9999 -9999 -9999 -9999 -9999 -2.23519 0.303709 3.18655 6.01379 7.98432 8.77477 9.3482 9.33437 8.72105 8.18816 7.35293 6.05951 5.16941 3.63037 1.52135 5.03264 6.10401 7.05616 7.45124 8.44592 8.41173 7.94198 7.39665 7.8833 7.72629 6.41044 5.97196 5.23768 6.53681 6.5313 6.48637 6.40752 4.89955 2.80685 1.13225 2.32169 2.06203 2.60371 0.885475 2.2776 3.39662 3.75315 2.97793 2.39943 4.14844 4.42786 4.59255 4.69505 4.75951 4.73337 4.74279 4.72375 4.7097 4.69485 4.67026 4.65127 4.62577 4.59959 4.5726 4.54276 4.51086 4.47155 4.45787 4.40212 4.37358 4.34379
-9999 -9999 -9999 -9999 -9999 -9999 -9999 -1.2036 2.44998 5.71378 7.52757 8.66542 9.21577 9.19785 8.88026 8.51563 7.99439 7.05874 5.8854 4.03628 2.66112 3.51899 4.56859 4.67623 5.37025 7.40123 8.08877 7.09127 4.6373 6.06747 7.6664 7.63133 7.48529 7.32309 7.11744 6.93171 6.53562 5.4893 2.30199 1.66791 0.412041 0.5446 -0.104269 1.28407 0.747783 2.17325 2.78551 3.01065 1.67409 1.94334 3.48991 4.09826 3.98711 4.35736 4.71132 4.71473 4.7166 4.69862 4.6976 4.69144 4.67611 4.64906 4.62706 4.60793 4.56638 4.55013 4.42029 4.33187 4.16469 4.34605 4.35341 4.34197
-9999 -9999 -9999 -9999 -9999 -9999 -9999 -1.94074 1.70823 5.55316 6.78253 8.00966 9.06763 9.08052 8.59931 8.1411 7.66917 7.13286 5.71163 4.33303 3.01635 2.5683 2.82257 2.79146 3.92037 6.56939 7.07469 6.84575 4.28086 3.40807 5.5472 7.34367 7.47695 7.30446 5.17108 5.61495 4.46011 2.89693 2.46038 1.77119 0.324498 1.00757 -0.0546913 0.387621 0.25353 1.05868 1.44635 2.40588 1.23989 1.23373 2.75178 3.51522 3.52598 4.32795 4.60854 4.67592 4.68661 4.6918 4.68668 4.69064 4.67418 4.65304 4.62779 4.5794 4.47725 4.18128 2.62442 2.61529 3.02627 3.41477 4.12707 4.31324
-9999 -9999 -9999 -9999 -9999 -9999 -9999 -1.52422 1.00547 4.41617 6.94062 7.09198 8.31523 8.94277 8.42016 7.8326 7.2315 6.96388 5.41796 3.72057 2.34735 0.723458 0.98043 2.13085 4.01659 5.7245 6.02224 5.658 4.27702 4.91386 6.36985 7.13883 7.35937 7.16999 6.69851 6.42243 5.5697 5.19518 4.01419 2.17249 1.44167 1.88992 -0.0649831 0.0618688 0.772212 -0.00584188 1.24486 1.83851 0.335601 1.50707 2.85193 3.53532 4.13184 4.4098 4.51559 4.6823 4.67854 4.68481 4.68425 4.67295 4.66392 4.62636 4.59345 4.42053 4.16985 2.72653 2.10806 2.21446 2.86633 3.43592 4.02073 4.25901
-9999 -9999 -9999 -9999 -9999 -9999 -9999 -1.09834 1.17841 4.13459 5.93213 6.24727 7.60457 8.81053 8.66682 8.05582 7.8639 7.23071 5.91837 4.46961 2.88681 2.11274 0.344598 2.06765 3.42722 4.87223 5.54336 4.40615 3.83278 4.82283 5.80713 6.19497 7.18934 7.17108 6.83544 5.41723 4.72124 5.00309 4.69908 4.17317 2.90267 2.83755 2.01811 1.67335 1.34717 0.303117 0.95077 1.0072 1.17272 2.58481 3.2805 3.73892 4.1552 4.25826 4.43456 4.66585 4.67853 4.6786 4.66887 4.66454 4.6379 4.5605 4.4936 4.15564 3.56455 2.46992 0.69067 1.91937 3.20472 3.57253 3.9349 4.12031
-9999 -9999 -9999 -9999 -9999 -9999 -9999 -1.49428 0.924734 3.45002 4.50122 4.67309 7.1359 8.64074 8.63521 8.34123 7.99914 6.44752 6.52961 6.21237 4.78379 2.70679 0.426469 0.630651 1.97295 3.88458 4.51096 2.63951 1.97404 2.44799 3.94094 5.27649 6.67144 7.01927 6.59875 4.39594 2.05557 3.12839 4.27525 4.26012 3.9123 2.73337 2.35289 2.00756 1.14482 -0.314041 -0.112155 0.280585 1.88175 2.38407 3.16507 3.8123 3.5564 3.69252 4.3115 4.66305 4.6681 4.66593 4.66906 4.65193 4.62141 4.47644 4.32328 4.0724 2.54719 1.59496 0.204753 1.78691 2.65991 3.10715 3.9379 4.12823
-9999 -9999 -9999 -9999 -9999 -9999 -9999 -2.2523 -0.499095 1.91417 2.882 4.4305 6.75735 7.89767 8.44001 8.41966 8.1889 7.4895 7.06558 6.23833 4.75264 2.72424 0.47038 -1 -0.265879 2.30739 2.9078 1.18253 0.302272 1.37847 2.9701 5.33116 6.67643 6.85054 6.7194 6.25827 4.54725 2.48178 2.48012 3.50305 2.63117 1.61918 2.1621 2.05108 1.19915 0.576991 0.188453 0.409388 1.31898 1.69099 2.59455 3.93241 4.11666 4.06987 4.62825 4.64807 4.65273 4.66547 4.65603 4.64194 4.61588 4.49601 4.2387 3.2205 2.33123 1.0977 0.936513 2.33438 2.93641 3.49954 3.90182 4.02604
-9999 -9999 -9999 -9999 -9999 -9999 -9999 -3.55255 -1.48851 0.771587 2.88728 4.88848 6.60967 6.73519 7.63906 7.62967 8.09923 7.95398 7.30497 6.60695 5.32575 2.72261 0.532248 -1.85582 -1.23744 1.38692 1.71743 0.560451 -1.5694 0.61158 3.01773 5.19768 6.37375 5.4361 6.3794 6.29253 5.64602 4.41296 2.50053 2.52788 1.09247 1.02166 1.7456 1.9746 1.84367 1.37445 0.626136 0.738791 1.28631 1.41981 2.24945 3.28532 4.29789 4.46088 4.64709 4.64688 4.64146 4.64871 4.642 4.61186 4.55062 4.42571 3.5708 2.55571 1.92663 1.06432 0.951095 2.56998 3.20072 3.5491 3.89529 4.02577
-9999 -9999 -9999 -9999 -9999 -9999 -9999 -9999 -1.70763 0.627469 2.35325 2.81203 4.34098 5.16279 5.79685 5.93094 7.75534 7.848 7.43348 6.79164 5.6977 3.72034 2.33992 0.0489782 -1.60025 -0.939893 -0.637154 -0.0433964 -0.230183 0.737494 3.04931 5.45826 5.71317 4.16839 4.3871 4.69976 5.41134 5.0373 2.4346 1.10799 0.00530648 0.773659 1.58236 1.77133 1.80203 1.63537 1.43649 1.11034 2.19482 2.99497 3.17367 3.8703 4.38238 4.51753 4.61726 4.62204 4.62704 4.61862 4.57959 4.5488 4.40919 4.10725 3.15211 0.867874 0.964588 0.70888 -0.00853067 1.57145 2.55453 3.44752 3.9172 4.03085
-9999 -9999 -9999 -9999 -9999 -9999 -9999 -9999 -2.49441 0.20857 0.773111 0.722417 -0.183353 0.221651 3.541 4.20277 5.95209 7.608 7.47738 6.84757 5.82353 4.6424 2.81837 0.242954 -1.80531 -2.67818 -0.494956 1.64997 2.08592 2.765 4.17809 4.43939 2.86073 1.37983 2.19753 2.68661 4.57472 4.91219 4.53478 2.9631 1.16731 0.225644 1.31788 1.45609 1.51314 1.51713 1.46955 1.40909 2.63238 3.30554 3.76979 4.01854 4.45694 4.56267 4.59065 4.61652 4.59985 4.56818 4.48887 4.3998 4.03727 3.60013 2.04151 0.740384 -0.0746485 -1.1068 1.18787 1.85131 2.77694 3.3746 3.84171 3.93604
