Test_Spring_2018b/01_18/Temp/20180109_019.txt
ncols	170
nrows	115
xllcorner	350000.000000
yllcorner	4445000.000000
cellsize	1000.000000
nodata_value	-9999.000000
[rows 32 to 63 of 115, columns 72 to 143 of 170]
10.4761 10.109 10.6522 11.1516 10.833 10.6176 11.4434 11.4342 11.1397 10.4602 10.2051 9.94095 9.77547 8.90627 6.48427 4.29984 5.45563 5.47358 4.65797 6.09318 5.31992 3.31864 0.497544 2.01557 1.60795 -0.389151 -0.892856 -9999 -9999 -9999 -9999 -9999 -9999 -9999 -9999 -9999 -9999 -9999 -9999 -9999 -9999 -9999 -9999 -9999 -9999 -9999 -9999 -9999 -9999 -9999 -9999 -9999 -9999 -9999 -9999 -9999 -9999 -9999 -9999 -9999 -9999 -9999 -9999 -9999 -9999 -9999 -9999 -9999 -9999 -9999 -9999 -9999
9.98985 9.82684 10.6388 10.6123 10.552 10.8396 11.3485 11.4428 11.3224 11.0208 10.7585 10.4801 9.78772 8.7947 6.72052 4.23543 3.66441 4.86641 4.91489 5.09991 4.39444 3.51078 2.13386 3.24354 3.66845 2.35125 0.627253 -0.484876 -9999 -9999 -9999 -9999 -9999 -9999 -9999 -9999 -9999 -9999 -9999 -9999 -9999 -9999 -9999 -9999 -9999 -9999 -9999 -9999 -9999 -9999 -9999 -9999 -9999 -9999 -9999 -9999 -9999 -9999 -9999 -9999 -9999 -9999 -9999 -9999 -9999 -9999 -9999 -9999 -9999 -9999 -9999 -9999
9.41126 8.60538 9.0911 9.45351 10.1325 10.302 10.396 11.3665 11.3054 11.2509 10.8233 10.4796 9.91601 8.95992 7.60263 5.97028 3.13503 4.86789 6.22269 6.17816 6.0938 5.47191 4.14881 5.23789 5.27968 3.59701 1.68557 0.555175 0.08188 -9999 -9999 -9999 -9999 -9999 -9999 -9999 -9999 -9999 -9999 -9999 -9999 -9999 -9999 -9999 -9999 -9999 -9999 -9999 -9999 -9999 -9999 -9999 -9999 -9999 -9999 -9999 -9999 -9999 -9999 -9999 -9999 -9999 -9999 -9999 -9999 -9999 -9999 -9999 -9999 -9999 -9999 -9999
8.7545 7.77229 8.26111 8.91648 9.845 10.3201 10.6814 10.9652 11.2548 11.2103 10.7729 9.49907 9.30916 9.24507 8.35406 6.49443 4.6372 4.14905 6.22089 6.80709 6.67614 7.13131 6.0091 6.5252 6.29988 5.6954 3.85634 2.17841 1.47755 0.102116 -9999 -9999 -9999 -9999 -9999 -9999 -9999 -9999 -9999 -9999 -9999 -9999 -9999 -9999 -9999 -9999 -9999 -9999 -9999 -9999 -9999 -9999 -9999 -9999 -9999 -9999 -9999 -9999 -9999 -9999 -9999 -9999 -9999 -9999 -9999 -9999 -9999 -9999 -9999 -9999 -9999 -9999
-9999 -9999 7.14326 8.03883 8.77695 9.68568 10.4682 10.8557 11.2318 11.1915 10.3265 9.89856 9.8526 9.26554 8.23836 7.59016 6.41734 5.19579 5.64934 7.41479 6.61577 7.86371 7.7477 7.96911 7.11877 5.51376 3.37993 2.13101 1.50297 0.386535 -9999 -9999 -9999 -9999 -9999 -9999 -9999 -9999 -9999 -9999 -9999 -9999 -9999 -9999 -9999 -9999 -9999 -9999 -9999 -9999 -9999 -9999 -9999 -9999 -9999 -9999 -9999 -9999 -9999 -9999 -9999 -9999 -9999 -9999 -9999 -9999 -9999 -9999 -9999 -9999 -9999 -9999
-9999 -9999 -9999 7.86532 8.42521 9.64224 10.2679 10.5162 11.1285 11.1206 10.7871 10.533 10.1684 9.69506 8.92072 8.06737 6.96377 6.8531 7.97909 7.98371 7.73708 7.91401 8.4878 8.32439 7.01166 4.75681 3.56032 1.1438 0.101164 0.197212 -0.544674 -9999 -9999 -9999 -9999 -9999 -9999 -9999 -9999 -9999 -9999 -9999 -9999 2.13541 -9999 -9999 -9999 -9999 -9999 -9999 -9999 -9999 -9999 -9999 -9999 -9999 -9999 -9999 -9999 -9999 -9999 -9999 -9999 -9999 -2.477 -9999 -9999 -9999 -9999 -9999 -9999 -9999
-9999 -9999 7.75618 8.50942 9.09681 9.85652 9.92323 10.372 11.0774 11.0786 10.8393 10.5701 9.97652 9.8223 9.37742 8.45172 8.25488 8.61691 8.77866 8.96325 9.07333 8.96711 8.72141 8.40654 7.55553 6.50433 5.7956 3.58551 2.46383 1.3881 -0.235043 -1.50693 -9999 -9999 -9999 -9999 -9999 -9999 -9999 1.32375 1.25456 1.27393 1.61846 2.58597 2.00232 -9999 -9999 -9999 -9999 -9999 -9999 -9999 -9999 -9999 -9999 -9999 -9999 -9999 -9999 -9999 -9999 -9999 -9999 -9999 -1.60405 -2.88424 -9999 -9999 -9999 -9999 -9999 -9999
-9999 -9999 7.95223 8.7493 9.14316 9.88097 10.2993 10.5716 10.8102 11.0377 10.9886 10.6916 10.2447 10.238 9.62576 9.29131 9.04986 9.5429 9.63295 9.42222 9.16024 8.92751 8.28606 8.20357 7.98573 7.3151 6.2203 5.09238 3.47261 1.27263 -0.885056 -2.62731 -9999 -9999 -9999 -9999 -9999 -9999 1.50849 2.31085 2.78783 1.74482 2.61856 3.41624 3.27762 2.48059 -9999 -9999 -9999 -9999 -9999 -9999 -9999 -9999 -9999 -9999 -9999 -9999 -9999 -9999 4.44741 3.13568 0.495256 -0.862664 -1.68116 -2.84599 -9999 -9999 -9999 -9999 -9999 -9999
-9999 -9999 7.7843 8.72745 9.36373 9.92747 10.0106 10.5893 10.8364 10.9543 10.9299 10.8635 10.7733 10.2377 10.0019 9.19722 9.94869 9.91063 9.70892 8.93757 8.59808 7.28024 6.69521 6.55502 7.64632 6.82345 5.11555 2.98279 0.424004 0.250546 -0.603166 -2.16137 -9999 -9999 -9999 -9999 -9999 -9999 1.75333 2.61217 3.32748 3.4237 2.38678 3.81152 3.74262 2.92983 2.73723 3.38446 3.70714 3.44848 4.22597 4.44493 4.07941 4.45728 -9999 -9999 -9999 -9999 4.63715 4.68041 4.71098 4.1592 1.27562 -0.696731 -2.46898 -2.64292 -9999 -9999 -9999 -9999 -9999 -9999
-9999 -9999 8.43465 9.01256 9.30095 9.34103 9.84612 10.351 10.6582 10.8803 10.8245 10.7962 10.7666 10.577 10.1493 10.2151 10.1719 9.91874 8.45858 6.7559 7.48525 6.46972 4.30762 6.04662 6.99819 6.06714 3.99961 1.60363 0.814815 0.839869 -0.34368 -1.86402 -9999 -9999 -9999 -0.598398 0.635267 0.734334 1.0917 2.24028 3.11178 3.76656 4.20911 4.18406 3.69521 2.89975 2.0358 2.32896 3.85268 4.21569 4.52288 4.74989 4.40947 4.56762 4.96718 5.16869 5.20142 5.09488 5.06312 5.08722 5.02901 4.51347 1.93608 0.455559 -0.49243 -2.39377 -9999 -9999 -9999 -9999 -9999 -9999
-9999 -9999 8.06429 8.56608 8.97084 9.64311 9.70744 10.1323 10.3813 10.7548 10.7884 10.3314 10.6914 10.6339 10.5552 10.399 10.1747 8.94057 7.2432 5.54177 4.75157 5.07523 3.77164 4.42674 5.39115 5.02558 3.75364 1.61813 1.30907 0.806671 -1.17539 -3.08559 -9999 -9999 -3.00589 -0.630504 1.03942 1.89644 2.15567 2.17232 3.27274 3.35052 4.53558 4.24516 2.65342 2.8205 2.19508 2.58213 3.13045 3.27356 4.07178 4.84185 4.97768 4.96997 5.22031 5.26337 5.26687 5.2501 5.06332 5.13503 5.13834 4.81361 2.94165 2.02416 1.0129 -2.37866 -9999 -9999 -9999 -9999 -9999 -9999
-9999 -9999 8.3182 8.8802 9.49599 9.58902 10.0425 9.98201 9.84256 10.4774 10.7038 10.3783 10.1411 10.5502 10.5114 10.4462 10.3451 9.1848 7.84369 5.81817 4.55635 3.78079 3.22784 2.49118 2.98203 2.81991 2.60566 2.83205 2.2374 1.06284 -0.102482 -2.27372 -3.45338 -9999 -2.88312 -1.8163 0.171517 1.85953 2.92778 2.53124 3.78378 4.00844 4.72583 4.28857 3.31741 2.89112 2.84342 2.70633 3.54494 4.10509 4.49688 4.75502 5.08161 5.15569 5.2304 5.25548 5.2646 5.27435 5.26039 5.2444 5.19765 5.07008 4.20462 3.28794 1.31929 -2.27367 -9999 -9999 -9999 -9999 -9999 -9999
-9999 6.65873 8.24599 9.19361 9.55578 9.81465 10.0414 10.2028 10.3729 10.5269 10.6326 10.5739 9.72771 9.78604 9.92645 10.3914 10.348 10.2347 9.4974 7.03476 6.1774 4.9292 3.31562 2.63524 2.96152 4.26804 4.20022 3.31989 2.33977 0.988986 0.124701 -1.21128 -3.76629 -3.54695 -2.40952 -1.56547 -0.217474 1.84793 3.29307 3.93281 4.16861 4.66951 4.92551 4.32662 3.75699 3.51158 3.06617 2.99373 2.98575 3.48783 3.87662 4.75642 5.04486 5.17216 5.23103 5.25792 5.27494 5.29194 5.29175 5.26543 5.25739 5.2416 5.16906 3.95302 0.920403 -1.36631 -9999 -9999 -9999 -9999 -9999 -9999
-9999 -9999 7.94479 8.35776 8.46027 8.64471 9.03008 9.47519 10.1096 10.1827 10.5271 10.5133 9.78295 8.94068 9.65577 9.93401 10.223 10.2227 10.1199 8.04804 6.96054 6.10257 4.55508 5.1006 5.61905 5.65018 5.32304 3.44607 1.57659 -0.57709 -2.59048 -2.69596 -3.78446 -3.2227 -2.47459 -0.538791 0.820821 1.36668 1.75616 3.85591 4.3945 4.57108 5.10059 4.35374 4.15529 3.59099 3.74435 3.68473 3.67664 2.13258 3.65863 3.73821 4.72877 5.16812 5.26028 5.27743 5.29682 5.29175 5.28813 5.27446 5.27576 5.25129 5.22374 4.42976 0.590118 -1.34461 -9999 -9999 -9999 -9999 -9999 -9999
-9999 -9999 -9999 -9999 8.05798 8.37053 8.56758 8.91417 9.99417 10.2778 10.4627 10.4691 10.1375 9.30284 9.07601 9.2173 8.40394 9.06727 9.97797 9.94612 9.82577 8.00435 7.06786 7.957 7.67527 6.30369 5.22227 4.15474 1.96763 0.364563 -1.94148 -3.67558 -3.75021 -1.8567 -0.285418 1.67356 2.53275 2.02909 2.55536 3.59222 4.77214 5.3373 5.1912 4.40435 4.28358 3.41923 4.24666 4.30722 3.90593 3.55752 3.68017 4.16437 4.34221 5.1149 5.29392 5.31744 5.31326 5.30674 5.29401 5.28049 5.26065 5.24317 5.22291 5.17819 1.23155 -1.84312 -9999 -9999 -9999 -9999 -9999 -9999
-9999 -9999 -9999 -9999 7.29644 7.48384 7.98846 9.29674 9.97677 10.2455 10.226 10.3446 10.1077 9.37254 8.61827 7.90677 6.99218 7.50069 8.86119 9.65973 9.74282 8.14515 8.96298 8.64467 8.02563 6.2346 4.91225 4.2069 2.10685 0.307999 -1.22936 -3.34847 -2.45579 -1.47164 -0.204753 1.93349 3.37318 3.95907 3.44968 4.1096 5.4688 5.46623 4.70694 4.74499 4.27666 3.09944 4.30228 4.63264 4.34595 4.40604 4.29172 4.46486 4.78973 5.10024 5.30331 5.32175 5.31503 5.29824 5.28846 5.27947 5.25499 5.24685 5.2265 5.19706 2.64619 -1.90724 -9999 -9999 -9999 -9999 -9999 -9999
-9999 -9999 -9999 -9999 -9999 6.59564 7.75762 9.49714 9.92131 9.87189 10.2228 10.2436 9.88551 9.57337 8.65997 7.41601 5.03555 5.63047 6.88212 8.6911 9.63776 9.50028 8.95967 8.02776 5.78507 3.82121 3.57487 3.24581 1.71077 0.323527 -1.38456 -0.409969 0.658542 1.82846 2.43868 2.26832 3.50062 4.50347 4.06404 4.87574 5.8241 5.37923 5.11173 4.88535 4.34593 4.30306 4.34701 5.02524 4.53702 4.81894 4.81476 4.78707 4.93946 5.11677 5.30385 5.32584 5.31614 5.30958 5.27697 5.27555 5.2548 5.23425 5.21465 5.18795 4.94842 2.49025 1.01808 -9999 -9999 -9999 -9999 -9999
-9999 -9999 -9999 -9999 -9999 5.5112 6.08648 8.14821 8.77775 9.68276 10.1583 10.1704 9.5729 9.23557 7.87932 7.43311 5.23063 4.22837 5.06225 4.73097 7.22532 9.43166 8.94051 4.46099 2.83295 1.66916 1.95698 1.95084 1.51705 -0.838667 -1.49518 0.59736 1.91142 2.92744 3.69592 3.84833 3.81224 5.38617 5.58699 6.09156 5.9696 6.00695 5.19701 4.6916 5.11139 4.60196 4.50577 5.20683 4.49434 5.11763 5.03132 4.8299 4.80909 5.2163 5.2904 5.32467 5.31696 5.29082 5.26 5.23856 5.24266 5.22697 5.19441 5.18616 5.15388 4.85094 3.57489 3.12241 3.60282 -9999 -9999 -9999
-9999 -9999 -9999 -9999 -9999 -9999 4.15088 7.01958 8.32435 9.00524 9.96771 10.0747 9.75194 9.17569 7.79454 6.57909 4.60927 2.36124 1.16586 4.70717 7.78837 9.39257 9.17158 5.44136 3.96394 3.88713 4.74339 4.00457 3.442 1.64994 1.1075 0.357105 0.804363 2.22394 3.38161 4.4986 5.30799 5.36517 5.88657 6.18218 6.19702 6.28223 6.17768 6.09029 5.30652 5.82855 5.36543 5.5945 5.42905 5.27867 5.14743 4.6952 4.99635 5.26196 5.32272 5.33314 5.3065 5.2927 5.27111 5.23531 5.21452 5.2032 5.19108 5.16738 5.15756 5.13187 4.98002 4.20826 3.17842 1.87999 -9999 -9999
-9999 -9999 -9999 -9999 -9999 -9999 2.7089 5.56347 6.9334 8.69978 9.60323 9.96388 9.90475 9.43592 8.38415 6.80633 5.49068 2.98212 0.377977 4.09332 7.40505 9.18784 9.27447 6.13767 6.99616 6.28673 6.56073 5.26896 4.7271 4.29776 3.36737 2.35075 1.23872 0.645476 3.25752 4.59415 5.66776 6.16872 6.44738 6.58117 6.49312 6.28699 5.1123 5.989 5.92917 5.82983 5.71753 5.65754 5.55474 5.43561 5.36055 5.32705 5.02334 5.34399 5.32454 5.31885 5.3103 5.29156 5.26497 5.24043 5.21245 5.20218 5.18279 5.16166 5.14402 5.12792 5.10846 5.05654 4.84412 3.10392 2.05907 1.75779
-9999 -9999 -9999 -9999 -9999 -9999 -1.3193 2.83769 6.17571 7.91444 9.32725 9.70808 9.84396 9.21844 8.74832 7.61461 6.54085 4.8896 2.42092 0.897798 3.67616 7.72283 9.21055 9.08442 8.98225 8.16332 7.42439 7.32334 7.36929 6.51152 5.26298 3.63564 3.11973 2.54334 4.48639 4.74168 4.58928 6.72601 6.72068 6.58818 5.75611 4.8257 4.98912 4.41159 4.83497 4.14537 4.75823 5.28653 5.47701 5.44944 5.36677 5.3458 5.30288 5.34769 5.33639 5.31685 5.29954 5.28554 5.26731 5.23211 5.20765 5.20632 5.17843 5.15533 5.13568 5.12193 5.10714 5.06602 5.02776 4.75166 4.34169 3.56798
-9999 -9999 -9999 -9999 -9999 -9999 -1.14502 2.35003 5.31257 7.08488 8.78871 9.17617 9.74438 9.60948 9.11753 8.13077 6.90064 5.53997 3.42069 1.84349 3.70075 6.38108 8.30046 8.98192 8.96716 8.91194 8.71979 8.63381 8.41153 8.25158 7.3542 5.814 4.941 3.66764 5.83399 6.06837 5.71803 6.79381 6.72892 5.07605 3.80255 3.63423 4.39324 3.64931 3.50749 3.04334 3.54781 4.91834 4.50267 4.57143 5.18674 5.27915 5.33144 5.33876 5.32404 5.31077 5.28991 5.28132 5.27267 5.23785 5.21615 5.20013 5.16585 5.1502 5.12323 5.09871 5.08076 5.05392 5.01813 4.9324 4.83572 4.91154
-9999 -9999 -9999 -9999 -9999 -9999 -1.0786 1.27002 3.93499 6.54945 8.36971 9.09784 9.62524 9.60941 9.03915 8.54375 7.76902 6.57071 5.74607 4.3212 2.36906 5.61854 6.60499 7.48684 7.85167 8.77216 8.74035 8.30529 7.80273 8.25214 8.10463 6.88546 6.47809 5.7968 6.99722 6.99009 6.94636 6.87113 5.47321 3.53405 1.98178 3.08007 2.83722 3.3349 1.74446 3.0303 4.06366 4.39136 3.67465 3.13699 4.75482 5.0103 5.16022 5.2526 5.30982 5.28326 5.28972 5.26998 5.25502 5.23952 5.21524 5.19638 5.17177 5.1468 5.12132 5.09859 5.06962 5.03186 5.0202 4.97411 4.94853 4.92294
-9999 -9999 -9999 -9999 -9999 -9999 -9999 -0.125846 3.25377 6.27115 7.9465 8.9963 9.5025 9.48302 9.18652 8.84687 8.36266 7.49532 6.40837 4.69628 3.42306 4.21659 5.18191 5.28204 5.92409 7.8034 8.43928 7.51558 5.24615 6.56752 8.046 8.01209 7.87533 7.72345 7.53139 7.35745 6.98874 6.01815 3.06605 2.47666 1.31192 1.43209 0.829038 2.11008 1.61374 2.93066 3.495 3.70111 2.46192 2.7106 4.13898 4.69967 4.59453 4.93493 5.26248 5.26336 5.26289 5.24417 5.24129 5.23382 5.21805 5.18938 5.16777 5.14908 5.10975 5.09995 4.98014 4.89886 4.74484 4.91347 4.92106 4.91601
-9999 -9999 -9999 -9999 -9999 -9999 -9999 -0.806306 2.56778 6.12307 7.25764 8.39017 9.36628 9.37539 8.92751 8.50122 8.06258 7.56469 6.24812 4.97126 3.75188 3.33652 3.57119 3.53644 4.58071 7.03175 7.49873 7.28609 4.91271 4.10369 6.08197 7.74298 7.86463 7.70316 5.72682 6.13555 5.06462 3.61569 3.20935 2.56913 1.2278 1.85747 0.871836 1.27862 1.15323 1.89605 2.25253 3.13827 2.05692 2.05077 3.45269 4.15693 4.16461 4.90458 5.16205 5.22226 5.23005 5.23283 5.22615 5.22798 5.21106 5.18997 5.16529 5.1194 5.02401 4.74935 3.31448 3.30631 3.68707 4.04711 4.70803 4.88486
-9999 -9999 -9999 -9999 -9999 -9999 -9999 -0.42006 1.91816 5.07163 7.40484 7.54188 8.67102 9.24903 8.76285 8.21682 7.65854 7.40916 5.977 4.40485 3.13288 1.62901 1.86589 2.92963 4.6683 6.24813 6.52281 6.18474 4.90683 5.49478 6.84069 7.55068 7.75298 7.57581 7.13747 6.87986 6.0885 5.73963 4.64432 2.93748 2.25867 2.67101 0.859259 0.974084 1.6289 0.907745 2.0629 2.61 1.21681 2.29986 3.54212 4.17225 4.72203 4.97703 5.07274 5.22488 5.21932 5.2231 5.22064 5.20835 5.19828 5.16196 5.1301 4.96887 4.73587 3.39932 2.83276 2.93126 3.53469 4.06205 4.60926 4.82998
-9999 -9999 -9999 -9999 -9999 -9999 -9999 -0.0249003 2.07921 4.81205 6.47258 6.76125 8.01451 9.12787 8.99233 8.42456 8.24486 7.657 6.4408 5.09852 3.6323 2.91465 1.27704 2.87045 4.12151 5.45781 6.07783 5.02565 4.49352 5.40819 6.31744 6.67459 7.59296 7.57408 7.26139 5.94673 5.30039 5.55895 5.27524 4.78611 3.60783 3.54504 2.78409 2.46243 2.15793 1.19053 1.78755 1.83741 1.98769 3.29396 3.93539 4.35728 4.74022 4.83333 4.99429 5.20618 5.21582 5.21386 5.20291 5.19705 5.17066 5.09743 5.03406 4.71998 4.17182 3.15782 1.51695 2.65388 3.84334 4.18853 4.5252 4.6968
-9999 -9999 -9999 -9999 -9999 -9999 -9999 -0.390117 1.84561 4.17966 5.1495 5.3056 7.58201 8.97198 8.9643 8.68985 8.37106 6.93305 7.00715 6.71182 5.38809 3.46433 1.35244 1.53991 2.78075 4.54229 5.12071 3.38878 2.77125 3.20814 4.58801 5.82213 7.11115 7.431 7.03969 4.99885 2.83064 3.82118 4.88018 4.86373 4.53933 3.44569 3.09097 2.76873 1.96762 0.617704 0.80062 1.16167 2.6424 3.10476 3.82508 4.42166 4.18246 4.30613 4.87674 5.1999 5.20246 5.1984 5.19934 5.18162 5.15161 5.0158 4.87255 4.63899 3.22622 2.34388 1.06288 2.52683 3.33445 3.75448 4.5232 4.69918
-9999 -9999 -9999 -9999 -9999 -9999 -9999 -1.0903 0.529153 2.7595 3.65217 5.08232 7.23291 8.28551 8.78482 8.76353 8.54765 7.89819 7.5038 6.73624 5.3594 3.48036 1.39271 0.0301601 0.707831 3.08127 3.6341 2.0386 1.22213 2.21625 3.68734 5.87044 7.11339 7.27241 7.14885 6.71984 5.13402 3.22011 3.21614 4.16033 3.35088 2.4117 2.9115 2.80604 2.01487 1.43632 1.07558 1.27699 2.11814 2.45983 3.2935 4.52916 4.69724 4.65157 5.16603 5.18214 5.1843 5.19401 5.18329 5.16836 5.14246 5.02985 4.79016 3.84641 3.0221 1.87932 1.72906 3.02885 3.59096 4.11288 4.4849 4.59954
-9999 -9999 -9999 -9999 -9999 -9999 -9999 -2.29228 -0.385246 1.70329 3.65826 5.50735 7.0974 7.2108 8.04465 8.03341 8.46554 8.32876 7.72587 7.0777 5.88988 3.47869 1.44956 -0.762512 -0.192174 2.2345 2.53384 1.46116 -0.511905 1.50454 3.72934 5.74474 6.83103 5.96108 6.83183 6.74913 6.14843 5.00484 3.23244 3.25521 1.92415 1.85594 2.5232 2.73235 2.60836 2.17126 1.47898 1.57848 2.0844 2.20526 2.97042 3.9265 4.86108 5.00947 5.17942 5.17693 5.16971 5.17431 5.16609 5.13627 5.0778 4.9605 4.16773 3.22681 2.64325 1.84393 1.73796 3.24211 3.83094 4.15387 4.47381 4.59409
-9999 -9999 -9999 -9999 -9999 -9999 -9999 -9999 -0.586813 1.57106 3.16512 3.58672 4.99883 5.75659 6.34067 6.46213 8.14801 8.23126 7.8452 7.24883 6.23409 4.40183 3.12206 0.999656 -0.528826 0.0781681 0.353219 0.900657 0.725713 1.61918 3.75657 5.98384 6.21755 4.78566 4.98577 5.27277 5.9289 5.58025 3.16897 1.9386 0.915413 1.62375 2.36936 2.54138 2.56687 2.40967 2.22513 1.92082 2.92162 3.65933 3.82195 4.46395 4.93523 5.05776 5.14758 5.14963 5.152 5.14205 5.10388 5.07346 4.94244 4.6613 3.77575 1.66026 1.74836 1.51039 0.845175 2.31236 3.22896 4.05485 4.48895 4.59349
-9999 -9999 -9999 -9999 -9999 -9999 -9999 -9999 -1.31387 1.18436 1.70367 1.65372 0.812523 1.1845 4.2537 4.86343 6.47971 8.00958 7.8861 7.30066 6.35042 5.25483 3.56431 1.17843 -0.719536 -1.52819 0.489345 2.46619 2.86746 3.49373 4.79931 5.03892 3.57566 2.20283 2.95725 3.40748 5.15241 5.46219 5.11029 3.65305 1.98832 1.11399 2.12191 2.24684 2.29659 2.29721 2.24961 2.19539 3.32295 3.94298 4.36973 4.59709 5.00005 5.09522 5.11854 5.14002 5.12226 5.09074 5.01528 4.9309 4.59358 4.18732 2.74328 1.53763 0.78193 -0.174649 1.9477 2.56677 3.42958 3.98226 4.41384 4.50035
