Test_Spring_2018b/01_18/Temp/20180102_023.txt
ncols	170
nrows	115
xllcorner	350000.000000
yllcorner	4445000.000000
cellsize	1000.000000
nodata_value	-9999.000000
[rows 32 to 63 of 115, columns 72 to 143 of 170]
7.46656 7.1659 7.63194 8.06116 7.80643 7.64054 8.3474 8.34858 8.10934 7.5458 7.33958 7.12566 6.99484 6.27139 4.24025 2.40934 3.3918 3.41621 2.73883 3.95741 3.31626 1.64112 -0.724239 0.565072 0.232734 -1.43218 -1.83874 -9999 -9999 -9999 -9999 -9999 -9999 -9999 -9999 -9999 -9999 -9999 -9999 -9999 -9999 -9999 -9999 -9999 -9999 -9999 -9999 -9999 -9999 -9999 -9999 -9999 -9999 -9999 -9999 -9999 -9999 -9999 -9999 -9999 -9999 -9999 -9999 -9999 -9999 -9999 -9999 -9999 -9999 -9999 -9999 -9999
7.06175 6.9328 7.62507 7.6112 7.575 7.83155 8.27166 8.36007 8.26749 8.02231 7.81014 7.58431 7.00985 6.18221 4.44406 2.35995 1.88804 2.90958 2.95981 3.12528 2.541 1.80689 0.65756 1.60267 1.97121 0.876416 -0.555728 -1.47426 -9999 -9999 -9999 -9999 -9999 -9999 -9999 -9999 -9999 -9999 -9999 -9999 -9999 -9999 -9999 -9999 -9999 -9999 -9999 -9999 -9999 -9999 -9999 -9999 -9999 -9999 -9999 -9999 -9999 -9999 -9999 -9999 -9999 -9999 -9999 -9999 -9999 -9999 -9999 -9999 -9999 -9999 -9999 -9999
6.57905 5.90853 6.32591 6.63952 7.23165 7.38541 7.47361 8.29995 8.25746 8.22037 7.86913 7.58838 7.12249 6.32601 5.19166 3.82573 1.4468 2.91534 4.06564 4.0376 3.97623 3.46236 2.35814 3.28567 3.33133 1.93475 0.345782 -0.595715 -0.98391 -9999 -9999 -9999 -9999 -9999 -9999 -9999 -9999 -9999 -9999 -9999 -9999 -9999 -9999 -9999 -9999 -9999 -9999 -9999 -9999 -9999 -9999 -9999 -9999 -9999 -9999 -9999 -9999 -9999 -9999 -9999 -9999 -9999 -9999 -9999 -9999 -9999 -9999 -9999 -9999 -9999 -9999 -9999
6.03037 5.21123 5.63114 6.19143 6.9884 7.40492 7.71798 7.96605 8.21896 8.19042 7.83096 6.767 6.61586 6.57067 5.82903 4.27164 2.71634 2.31419 4.06826 4.57126 4.47047 4.86354 3.92832 4.37312 4.19365 3.70192 2.1734 0.774022 0.1941 -0.954114 -9999 -9999 -9999 -9999 -9999 -9999 -9999 -9999 -9999 -9999 -9999 -9999 -9999 -9999 -9999 -9999 -9999 -9999 -9999 -9999 -9999 -9999 -9999 -9999 -9999 -9999 -9999 -9999 -9999 -9999 -9999 -9999 -9999 -9999 -9999 -9999 -9999 -9999 -9999 -9999 -9999 -9999
-9999 -9999 4.69379 5.46245 6.09535 6.87434 7.54233 7.8778 8.20365 8.17879 7.45922 7.10774 7.07788 6.59224 5.7359 5.19873 4.21974 3.1998 3.59076 5.08679 4.42318 5.48378 5.39586 5.59235 4.8864 3.55882 1.7747 0.736726 0.218121 -0.711965 -9999 -9999 -9999 -9999 -9999 -9999 -9999 -9999 -9999 -9999 -9999 -9999 -9999 -9999 -9999 -9999 -9999 -9999 -9999 -9999 -9999 -9999 -9999 -9999 -9999 -9999 -9999 -9999 -9999 -9999 -9999 -9999 -9999 -9999 -9999 -9999 -9999 -9999 -9999 -9999 -9999 -9999
-9999 -9999 -9999 5.32009 5.80294 6.83683 7.37739 7.59572 8.12055 8.12308 7.85128 7.64623 7.34804 6.95814 6.31469 5.60465 4.68385 4.59937 5.55652 5.56939 5.37087 5.52933 6.02227 5.8946 4.80569 2.92394 1.92683 -0.0921126 -0.959857 -0.868724 -1.4835 -9999 -9999 -9999 -9999 -9999 -9999 -9999 -9999 -9999 -9999 -9999 -9999 0.890831 -9999 -9999 -9999 -9999 -9999 -9999 -9999 -9999 -9999 -9999 -9999 -9999 -9999 -9999 -9999 -9999 -9999 -9999 -9999 -9999 -2.79405 -9999 -9999 -9999 -9999 -9999 -9999 -9999
-9999 -9999 5.21768 5.86862 6.37216 7.02101 7.09046 7.47795 8.0813 8.09153 7.89917 7.68144 7.19039 7.06925 6.7032 5.93212 5.77487 6.08835 6.23324 6.39754 6.49932 6.41919 6.2219 5.96665 5.27295 4.39822 3.81203 1.96338 1.03267 0.137013 -1.21989 -2.2812 -9999 -9999 -9999 -9999 -9999 -9999 -9999 0.174241 0.124587 0.149631 0.4487 1.27264 0.790385 -9999 -9999 -9999 -9999 -9999 -9999 -9999 -9999 -9999 -9999 -9999 -9999 -9999 -9999 -9999 -9999 -9999 -9999 -9999 -2.05544 -3.1255 -9999 -9999 -9999 -9999 -9999 -9999
-9999 -9999 5.39384 6.07388 6.41454 7.04508 7.40671 7.64952 7.85989 8.06081 8.02865 7.78757 7.42005 7.42311 6.91599 6.64274 6.44776 6.8714 6.95575 6.78696 6.57527 6.38852 5.85789 5.79837 5.63745 5.08341 4.17224 3.23321 1.88494 0.0425523 -1.76445 -3.22184 -9999 -9999 -9999 -9999 -9999 -9999 0.323745 1.00793 1.41817 0.548418 1.2932 1.97416 1.86683 1.21655 -9999 -9999 -9999 -9999 -9999 -9999 -9999 -9999 -9999 -9999 -9999 -9999 -9999 -9999 3.01366 1.91647 -0.299713 -1.43565 -2.11712 -3.09008 -9999 -9999 -9999 -9999 -9999 -9999
-9999 -9999 5.25524 6.05843 6.6034 7.08748 7.16693 7.66421 7.88529 7.99403 7.9828 7.93587 7.86881 7.4263 7.23612 6.56672 7.20782 7.18398 7.02244 6.38133 6.10426 5.00356 4.52045 4.4237 5.35357 4.67153 3.24422 1.45915 -0.681377 -0.815454 -1.52409 -2.82639 -9999 -9999 -9999 -9999 -9999 -9999 0.532357 1.26397 1.87482 1.96447 1.10006 2.3092 2.2712 1.59673 1.44478 2.00031 2.28257 2.07986 2.74497 2.93923 2.64103 2.96863 -9999 -9999 -9999 -9999 3.16209 3.2061 3.23929 2.78198 0.360837 -1.29272 -2.77754 -2.91279 -9999 -9999 -9999 -9999 -9999 -9999
-9999 -9999 5.80552 6.30122 6.55335 6.59658 7.03161 7.467 7.73842 7.93566 7.89788 7.883 7.86683 7.71563 7.36369 7.42716 7.39878 7.19356 5.97194 4.54629 5.16927 4.32304 2.51688 3.99706 4.80948 4.03659 2.30669 0.300205 -0.349441 -0.316319 -1.3026 -2.57204 -9999 -9999 -9999 -1.46997 -0.422706 -0.331173 -0.0221493 0.953303 1.69556 2.25516 2.63675 2.63097 2.23267 1.57307 0.856033 1.11371 2.40787 2.72447 2.99821 3.19953 2.9227 3.06674 3.41229 3.59066 3.62652 3.54474 3.52564 3.55338 3.51167 3.08476 0.92022 -0.319252 -1.10997 -2.69844 -9999 -9999 -9999 -9999 -9999 -9999
-9999 -9999 5.4942 5.92583 6.27605 6.85495 6.91884 7.28648 7.50647 7.8329 7.87047 7.4946 7.80646 7.76643 7.7082 7.58456 7.40349 6.37192 4.95035 3.52563 2.86874 3.15466 2.0666 2.63349 3.45681 3.16126 2.10365 0.316656 0.0678041 -0.341176 -1.99924 -3.59796 -9999 -9999 -3.50329 -1.49434 -0.0798316 0.649859 0.876035 0.897994 1.83291 1.90686 2.91376 2.68368 1.3563 1.50752 0.992055 1.32918 1.8046 1.93616 2.62324 3.28189 3.40616 3.40919 3.62915 3.6741 3.68531 3.67904 3.52926 3.59693 3.60686 3.34048 1.77109 1.00576 0.16438 -2.68238 -9999 -9999 -9999 -9999 -9999 -9999
-9999 -9999 5.71131 6.19379 6.72187 6.80993 7.20176 7.16272 7.05573 7.60016 7.80202 7.53681 7.34569 7.69849 7.67378 7.62656 7.54907 6.57951 5.45783 3.76006 2.7059 2.06553 1.6098 1.00663 1.43136 1.3064 1.13766 1.34008 0.852298 -0.122694 -1.09337 -2.91137 -3.89525 -9999 -3.39719 -2.49049 -0.808443 0.620918 1.52826 1.20204 2.26494 2.46251 3.07991 2.72131 1.91663 1.57102 1.54191 1.43767 2.15526 2.63929 2.98418 3.2121 3.49698 3.56903 3.64114 3.67095 3.68683 3.70281 3.69843 3.69207 3.65967 3.55918 2.83734 2.07485 0.424563 -2.59192 -9999 -9999 -9999 -9999 -9999 -9999
-9999 4.30324 5.65223 6.45963 6.77426 7.00217 7.20325 7.34938 7.50328 7.64465 7.74327 7.70406 6.99993 7.0572 7.18327 7.58242 7.55335 7.46541 6.85212 4.78609 4.0754 3.0357 1.68704 1.129 1.41541 2.52764 2.48253 1.75314 0.9396 -0.183841 -0.899333 -2.01417 -4.15611 -3.9623 -2.99581 -2.27689 -1.13389 0.613106 1.83767 2.38405 2.59051 3.02406 3.24893 2.75693 2.29047 2.09489 1.73114 1.68167 1.68658 2.12105 2.46333 3.21621 3.4694 3.58607 3.64488 3.67621 3.69869 3.72066 3.72774 3.71252 3.71256 3.70605 3.6537 2.63694 0.0923015 -1.82407 -9999 -9999 -9999 -9999 -9999 -9999
-9999 -9999 5.40013 5.75738 5.85347 6.01884 6.35363 6.73884 7.28396 7.35568 7.65553 7.65433 7.04854 6.34721 6.95714 7.1989 7.44962 7.45672 7.37773 5.644 4.73742 4.02473 2.7319 3.20637 3.65488 3.69322 3.42996 1.86144 0.299118 -1.50045 -3.185 -3.26323 -4.16911 -3.68686 -3.04837 -1.4101 -0.257493 0.209548 0.544841 2.32072 2.78443 2.94377 3.39944 2.78066 2.62692 2.16303 2.30385 2.26547 2.27057 0.98203 2.28221 2.3602 3.20499 3.58578 3.67237 3.69547 3.71987 3.72315 3.72722 3.72252 3.73028 3.71763 3.7027 3.04165 -0.184174 -1.80412 -9999 -9999 -9999 -9999 -9999 -9999
-9999 -9999 -9999 -9999 5.51634 5.78973 5.96602 6.26835 7.18884 7.4379 7.60348 7.61829 7.34795 6.65389 6.47041 6.59671 5.91888 6.48531 7.2613 7.24327 7.1513 5.6273 4.85258 5.61312 5.38791 4.24507 3.34676 2.46015 0.630489 -0.705295 -2.63622 -4.08605 -4.13894 -2.53493 -1.20268 0.454976 1.18599 0.768968 1.21935 2.10219 3.10458 3.58978 3.47655 2.82423 2.73599 2.01962 2.72837 2.79143 2.4656 2.18427 2.30255 2.72144 2.88183 3.54264 3.70282 3.73153 3.73602 3.73798 3.73428 3.72961 3.72076 3.71318 3.7035 3.67351 0.357612 -2.2224 -9999 -9999 -9999 -9999 -9999 -9999
-9999 -9999 -9999 -9999 4.87652 5.04456 5.47995 6.59228 7.17593 7.41249 7.40591 7.51518 7.32454 6.71362 6.0862 5.49419 4.73142 5.16745 6.32153 7.00291 7.08236 5.74689 6.44971 6.19344 5.68426 4.18829 3.08718 2.50571 0.749468 -0.751185 -2.03467 -3.80875 -3.04696 -2.20888 -1.1334 0.675384 1.89521 2.39589 1.9748 2.53871 3.69211 3.69922 3.06963 3.11218 2.73129 1.75156 2.77663 3.06708 2.8379 2.90073 2.81945 2.97642 3.26068 3.53225 3.71266 3.7369 3.7393 3.73256 3.73128 3.73092 3.71732 3.71763 3.70789 3.69082 1.55052 -2.27489 -9999 -9999 -9999 -9999 -9999 -9999
-9999 -9999 -9999 -9999 -9999 4.29794 5.28696 6.76247 7.13061 7.09915 7.40448 7.4314 7.13858 6.88392 6.12235 5.08196 3.08452 3.59335 4.65579 6.18822 6.99503 6.88941 6.44817 5.67517 3.79858 2.15707 1.96221 1.69768 0.417293 -0.736722 -2.16403 -1.33257 -0.422725 0.571781 1.09417 0.958506 2.00368 2.85563 2.49319 3.18496 3.99239 3.62704 3.4117 3.23161 2.79089 2.76659 2.81569 3.39916 3.0003 3.24999 3.26145 3.24927 3.38824 3.54758 3.71449 3.74167 3.74148 3.74335 3.72297 3.72878 3.71835 3.70825 3.69921 3.68451 3.49093 1.4302 0.19931 -9999 -9999 -9999 -9999 -9999
-9999 -9999 -9999 -9999 -9999 3.38588 3.88072 5.62751 6.16855 6.94083 7.35111 7.37056 6.87607 6.60047 5.46597 5.0974 3.24973 2.41379 3.12444 2.85435 4.96468 6.83308 6.43353 2.67265 1.31368 0.345934 0.600871 0.608215 0.25523 -1.71451 -2.25625 -0.48331 0.63329 1.49815 2.15382 2.29036 2.26719 3.60008 3.77707 4.21022 4.11626 4.15708 3.48492 3.06984 3.437 3.01974 2.95077 3.55343 2.96561 3.50273 3.44498 3.28638 3.2794 3.6323 3.704 3.74147 3.74316 3.72846 3.7096 3.69866 3.70924 3.70331 3.68345 3.68436 3.66539 3.41988 2.35418 1.98237 2.39646 -9999 -9999 -9999
-9999 -9999 -9999 -9999 -9999 -9999 2.25154 4.67786 5.78746 6.37087 7.19109 7.29041 7.02906 6.55137 5.39556 4.37922 2.7276 0.841872 -0.15548 2.83602 5.44062 6.80186 6.62989 3.49997 2.26771 2.21528 2.9488 2.33888 1.87725 0.38214 -0.0636603 -0.685187 -0.298692 0.90726 1.89083 2.83903 3.52805 3.58361 4.03039 4.2881 4.30941 4.39057 4.3125 4.24944 3.60293 4.05428 3.67616 3.88115 3.7539 3.63925 3.54358 3.17362 3.43765 3.67119 3.73157 3.74971 3.73499 3.73076 3.71974 3.69668 3.68661 3.68449 3.68193 3.66993 3.66993 3.65797 3.53908 2.89833 2.04041 0.95639 -9999 -9999
-9999 -9999 -9999 -9999 -9999 -9999 1.03794 3.45218 4.61653 6.11401 6.88667 7.20038 7.15858 6.77144 5.89315 4.57174 3.47121 1.36619 -0.818984 2.32009 5.11974 6.63134 6.71493 4.08818 4.82305 4.23759 4.48047 3.4046 2.96016 2.61265 1.83993 0.994044 0.0693275 -0.420555 1.78721 2.92053 3.83223 4.26169 4.50417 4.625 4.5607 4.39646 3.41708 4.16592 4.12908 4.05693 3.97407 3.9354 3.86067 3.7721 3.72367 3.70616 3.46061 3.74155 3.73473 3.73811 3.73869 3.73037 3.71527 3.70184 3.68556 3.6853 3.67631 3.66654 3.66002 3.65617 3.64876 3.6142 3.44461 1.98841 1.11788 0.875938
-9999 -9999 -9999 -9999 -9999 -9999 -2.35395 1.15704 3.9821 5.45573 6.65657 6.98568 7.10818 6.58918 6.2009 5.25369 4.35704 2.97421 0.903247 -0.370942 1.9802 5.39826 6.66302 6.57185 6.49738 5.81941 5.20889 5.13555 5.18588 4.47741 3.44002 2.07913 1.65568 1.1786 2.82306 3.04583 2.92516 4.73247 4.73593 4.63262 3.94056 3.16797 3.31561 2.83933 3.20939 2.63988 3.16752 3.62404 3.79603 3.78428 3.72936 3.72402 3.69768 3.74592 3.74503 3.73678 3.73005 3.72585 3.71793 3.69568 3.68252 3.68899 3.67468 3.66348 3.65454 3.6527 3.64916 3.62361 3.60059 3.37733 3.04133 2.40148
-9999 -9999 -9999 -9999 -9999 -9999 -2.20282 0.751037 3.25552 4.76001 6.20368 6.53841 7.02512 6.91944 6.51293 5.68965 4.66147 3.52353 1.74697 0.427314 2.00064 4.27034 5.89714 6.48632 6.48632 6.45124 6.3009 6.24417 6.06811 5.9472 5.20149 3.91662 3.19024 2.12627 3.95895 4.1643 3.87711 4.79108 4.74455 3.3609 2.29714 2.16461 2.81595 2.19977 2.09398 1.71343 2.1495 3.31504 2.97817 3.04724 3.58021 3.66813 3.72354 3.73874 3.73495 3.73203 3.7224 3.72289 3.72318 3.70141 3.69074 3.68499 3.66405 3.6608 3.64662 3.63588 3.6285 3.61488 3.5938 3.53071 3.46121 3.53683
-9999 -9999 -9999 -9999 -9999 -9999 -2.14401 -0.15812 2.09564 4.30974 5.85148 6.47317 6.9256 6.92035 6.44803 6.03875 5.39429 4.39324 3.70716 2.51587 0.88089 3.62718 4.47119 5.22913 5.55164 6.33829 6.32289 5.96773 5.5592 5.94803 5.83719 4.8197 4.48552 3.9203 4.93962 4.94175 4.91299 4.85776 3.6887 2.06406 0.765595 1.69984 1.50496 1.93709 0.611149 1.70678 2.58834 2.87559 2.2816 1.83962 3.21692 3.44421 3.57981 3.66659 3.72339 3.70933 3.7228 3.71403 3.70916 3.70383 3.69113 3.68313 3.67043 3.65761 3.64674 3.63749 3.62199 3.60233 3.60156 3.56998 3.55727 3.54755
-9999 -9999 -9999 -9999 -9999 -9999 -9999 -1.33086 1.52836 4.07849 5.49812 6.39069 6.82528 6.81701 6.57539 6.29746 5.89791 5.17587 4.26913 2.83622 1.77327 2.45131 3.27835 3.37816 3.92988 5.52373 6.07033 5.30332 3.40647 4.53389 5.78882 5.76962 5.66344 5.54423 5.39057 5.25238 4.95011 4.14098 1.66312 1.17601 0.204094 0.314684 -0.183484 0.909001 0.504667 1.62465 2.1109 2.29542 1.26261 1.48773 2.70349 3.18528 3.10593 3.40149 3.68411 3.69319 3.70093 3.69313 3.69859 3.70016 3.69477 3.68075 3.67085 3.66356 3.64168 3.64339 3.5514 3.49188 3.37107 3.52192 3.53705 3.54517
-9999 -9999 -9999 -9999 -9999 -9999 -9999 -1.89938 0.95137 3.95456 4.9188 5.88115 6.71163 6.72759 6.35864 6.0079 5.64686 5.23609 4.13603 3.06969 2.05205 1.71186 1.91943 1.90994 2.80013 4.87518 5.27923 5.1108 3.13118 2.45978 4.13558 5.54386 5.65537 5.52819 3.87231 4.22504 3.33156 2.11977 1.78619 1.25584 0.135248 0.674936 -0.145505 0.207054 0.118912 0.755113 1.066 1.82263 0.922475 0.932945 2.12653 2.72911 2.74473 3.3768 3.60225 3.66133 3.6761 3.68654 3.68897 3.69858 3.69245 3.6829 3.67044 3.64024 3.56848 3.34884 2.15033 2.15225 2.48171 2.79364 3.36294 3.52033
-9999 -9999 -9999 -9999 -9999 -9999 -9999 -1.57331 0.405027 3.06982 5.04363 5.16766 6.12714 6.62237 6.2213 5.76985 5.30817 5.1068 3.90945 2.59442 1.53245 0.275428 0.484724 1.39064 2.87552 4.21656 4.45838 4.18406 3.12741 3.63244 4.7756 5.3829 5.56239 5.42208 5.06164 4.85334 4.19546 3.9103 2.99658 1.56798 1.00542 1.36207 -0.154207 -0.0476506 0.513905 -0.0754208 0.907875 1.37905 0.216012 1.14718 2.20305 2.74312 3.21527 3.4389 3.52814 3.66473 3.66834 3.67973 3.68582 3.68363 3.68335 3.66102 3.64255 3.51521 3.32752 2.21049 1.74646 1.8381 2.35498 2.80773 3.28166 3.47563
-9999 -9999 -9999 -9999 -9999 -9999 -9999 -1.23974 0.541436 2.852 4.25934 4.51115 5.57526 6.52149 6.41586 5.94621 5.80349 5.31711 4.3017 3.18028 1.9547 1.35977 -0.00975626 1.34212 2.41657 3.55229 4.08474 3.21877 2.78057 3.56069 4.33603 4.64617 5.42878 5.42186 5.16736 4.06891 3.5333 3.75983 3.52975 3.1268 2.1436 2.10008 1.46876 1.20761 0.961094 0.164588 0.677601 0.729791 0.87024 1.98588 2.53563 2.90026 3.23186 3.31915 3.46338 3.65036 3.66685 3.6735 3.67252 3.67582 3.66185 3.60848 3.56348 3.3074 2.85425 2.00881 0.640167 1.60629 2.61663 2.91642 3.21253 3.36509
-9999 -9999 -9999 -9999 -9999 -9999 -9999 -1.54659 0.345457 2.3202 3.14588 3.28613 5.21204 6.39132 6.39347 6.17096 5.91117 4.70886 4.7802 4.54056 3.43495 1.82417 0.0551293 0.222794 1.28338 2.78258 3.27982 1.84159 1.33137 1.70903 2.88071 3.92945 5.02426 5.30269 4.98206 3.2721 1.45484 2.29795 3.1988 3.19399 2.92996 2.01824 1.72901 1.46731 0.80244 -0.320974 -0.151922 0.162197 1.42909 1.82812 2.44424 2.95595 2.76357 2.87662 3.3659 3.64664 3.65724 3.66219 3.67129 3.66466 3.64768 3.54163 3.42935 3.24107 2.0597 1.3251 0.256043 1.50117 2.18985 2.55711 3.21262 3.36884
-9999 -9999 -9999 -9999 -9999 -9999 -9999 -2.13557 -0.762513 1.12495 1.88569 3.09902 4.91904 5.81426 6.24349 6.23427 6.06121 5.52307 5.19987 4.56253 3.41219 1.83905 0.0903662 -1.04748 -0.466913 1.55342 2.03511 0.705876 0.028043 0.874975 2.12347 3.97147 5.02752 5.17053 5.07546 4.72308 3.39639 1.7934 1.79905 2.60335 1.93082 1.14917 1.57961 1.50044 0.843879 0.366503 0.0813766 0.265031 0.989292 1.28664 1.99819 3.04814 3.19878 3.16923 3.61127 3.63346 3.64377 3.66037 3.65969 3.65544 3.64195 3.55544 3.36193 2.5755 1.8897 0.935721 0.817694 1.92595 2.40836 2.86086 3.18223 3.28676
-9999 -9999 -9999 -9999 -9999 -9999 -9999 -3.14718 -1.53186 0.236219 1.89171 3.45793 4.80592 4.91019 5.62122 5.62052 5.99327 5.88696 5.38819 4.8514 3.86026 1.83893 0.139521 -1.71384 -1.2237 0.835685 1.1145 0.220971 -1.43099 0.276958 2.16024 3.86702 4.79116 4.0676 4.80999 4.74932 4.25236 3.29819 1.81447 1.84275 0.730927 0.682824 1.25428 1.44006 1.34538 0.987112 0.41751 0.520784 0.962672 1.07402 1.72788 2.54238 3.33861 3.47254 3.62447 3.63104 3.63349 3.64581 3.64727 3.6305 3.58956 3.4991 2.83976 2.05568 1.57261 0.907865 0.827104 2.10359 2.61244 2.89732 3.17482 3.28411
-9999 -9999 -9999 -9999 -9999 -9999 -9999 -9999 -1.70085 0.125698 1.47728 1.84131 3.03947 3.68648 4.18718 4.29827 5.72697 5.80599 5.48986 4.99671 4.15136 2.61762 1.54934 -0.228483 -1.50599 -0.972956 -0.720658 -0.249692 -0.387223 0.374951 2.18465 4.06989 4.276 3.07919 3.25679 3.50751 4.06909 3.78443 1.76265 0.735528 -0.117 0.488916 1.12637 1.28087 1.3121 1.18958 1.05181 0.817038 1.66962 2.30053 2.44696 2.99699 3.40308 3.51527 3.59977 3.61019 3.62076 3.62084 3.59708 3.57978 3.47774 3.24925 2.51174 0.738383 0.820968 0.628966 0.0771832 1.32218 2.11226 2.81592 3.18957 3.28561
-9999 -9999 -9999 -9999 -9999 -9999 -9999 -9999 -2.31238 -0.199099 0.247374 0.214293 -0.485281 -0.163168 2.43054 2.95286 4.32295 5.62034 5.52535 5.04144 4.25043 3.33716 1.92298 -0.0766965 -1.66533 -2.32555 -0.611208 1.0702 1.41803 1.95522 3.06439 3.27563 2.05256 0.905512 1.54996 1.93815 3.41672 3.68659 3.39924 2.18103 0.788185 0.0611628 0.919553 1.03443 1.08614 1.09658 1.07124 1.044 2.00948 2.54137 2.91034 3.11123 3.45985 3.54907 3.57761 3.60443 3.59806 3.57997 3.52478 3.46202 3.18618 2.85228 1.64435 0.637235 0.00911948 -0.788123 1.0078 1.53847 2.27881 2.75679 3.12836 3.20925
