Test_Spring_2018b/01_18/Temp/20180108_011.txt
ncols	170
nrows	115
xllcorner	350000.000000
yllcorner	4445000.000000
cellsize	1000.000000
nodata_value	-9999.000000
[rows 32 to 63 of 115, columns 72 to 143 of 170]
13.033 12.7517 13.1737 13.5617 13.3094 13.1406 13.7798 13.7742 13.5482 13.0248 12.8295 12.6273 12.5014 11.8317 9.96216 8.27617 9.17136 9.18719 8.55872 9.66949 9.07342 7.52817 5.34918 6.52314 6.20884 4.64854 4.25853 -9999 -9999 -9999 -9999 -9999 -9999 -9999 -9999 -9999 -9999 -9999 -9999 -9999 -9999 -9999 -9999 -9999 -9999 -9999 -9999 -9999 -9999 -9999 -9999 -9999 -9999 -9999 -9999 -9999 -9999 -9999 -9999 -9999 -9999 -9999 -9999 -9999 -9999 -9999 -9999 -9999 -9999 -9999 -9999 -9999
12.6623 12.5387 13.1684 13.1501 13.0986 13.3172 13.7117 13.7862 13.6948 13.4636 13.2627 13.0495 12.5165 11.7511 10.1503 8.232 7.79273 8.72352 8.76277 8.9074 8.36371 7.68213 6.6192 7.47766 7.80681 6.77769 5.43894 4.57463 -9999 -9999 -9999 -9999 -9999 -9999 -9999 -9999 -9999 -9999 -9999 -9999 -9999 -9999 -9999 -9999 -9999 -9999 -9999 -9999 -9999 -9999 -9999 -9999 -9999 -9999 -9999 -9999 -9999 -9999 -9999 -9999 -9999 -9999 -9999 -9999 -9999 -9999 -9999 -9999 -9999 -9999 -9999 -9999
12.2203 11.5999 11.9776 12.2598 12.7757 12.9068 12.981 13.7326 13.6872 13.6468 13.3184 13.0547 12.6213 11.8845 10.8377 9.57836 7.38936 8.73037 9.77909 9.7463 9.68257 9.20327 8.18192 9.02448 9.05761 7.74487 6.25732 5.3844 5.01937 -9999 -9999 -9999 -9999 -9999 -9999 -9999 -9999 -9999 -9999 -9999 -9999 -9999 -9999 -9999 -9999 -9999 -9999 -9999 -9999 -9999 -9999 -9999 -9999 -9999 -9999 -9999 -9999 -9999 -9999 -9999 -9999 -9999 -9999 -9999 -9999 -9999 -9999 -9999 -9999 -9999 -9999 -9999
11.7181 10.9615 11.3414 11.8501 12.5649 12.9275 13.2069 13.4279 13.6535 13.6209 13.2849 12.3026 12.158 12.1106 11.4242 9.98925 8.55605 8.18072 9.78354 10.2381 10.1384 10.4913 9.6252 10.025 9.85165 9.38309 7.94693 6.64486 6.10406 5.04211 -9999 -9999 -9999 -9999 -9999 -9999 -9999 -9999 -9999 -9999 -9999 -9999 -9999 -9999 -9999 -9999 -9999 -9999 -9999 -9999 -9999 -9999 -9999 -9999 -9999 -9999 -9999 -9999 -9999 -9999 -9999 -9999 -9999 -9999 -9999 -9999 -9999 -9999 -9999 -9999 -9999 -9999
-9999 -9999 10.4829 11.1724 11.745 12.4426 13.0475 13.3486 13.6411 13.612 12.9455 12.617 12.5837 12.1323 11.3407 10.8419 9.93766 8.9956 9.34784 10.7137 10.0976 11.0632 10.9745 11.1465 10.4901 9.24425 7.5848 6.6143 6.12979 5.26804 -9999 -9999 -9999 -9999 -9999 -9999 -9999 -9999 -9999 -9999 -9999 -9999 -9999 -9999 -9999 -9999 -9999 -9999 -9999 -9999 -9999 -9999 -9999 -9999 -9999 -9999 -9999 -9999 -9999 -9999 -9999 -9999 -9999 -9999 -9999 -9999 -9999 -9999 -9999 -9999 -9999 -9999
-9999 -9999 -9999 11.0436 11.4784 12.4206 12.8981 13.0917 13.5667 13.5626 13.307 13.1129 12.8335 12.47 11.8739 11.2167 10.366 10.2824 11.1543 11.1594 10.9701 11.108 11.5523 11.4267 10.4106 8.66494 7.74093 5.85744 5.05251 5.12776 4.55571 -9999 -9999 -9999 -9999 -9999 -9999 -9999 -9999 -9999 -9999 -9999 -9999 6.65059 -9999 -9999 -9999 -9999 -9999 -9999 -9999 -9999 -9999 -9999 -9999 -9999 -9999 -9999 -9999 -9999 -9999 -9999 -9999 -9999 3.10823 -9999 -9999 -9999 -9999 -9999 -9999 -9999
-9999 -9999 10.9674 11.5472 12.0026 12.5912 12.6384 12.9856 13.5326 13.5355 13.3529 13.1472 12.6909 12.5742 12.2328 11.5198 11.3699 11.6517 11.7784 11.9226 12.0089 11.9278 11.7386 11.4959 10.8329 10.0209 9.47364 7.75581 6.88418 6.0539 4.80087 3.81957 -9999 -9999 -9999 -9999 -9999 -9999 -9999 6.02391 5.97234 5.98909 6.25702 7.00631 6.5569 -9999 -9999 -9999 -9999 -9999 -9999 -9999 -9999 -9999 -9999 -9999 -9999 -9999 -9999 -9999 -9999 -9999 -9999 -9999 3.79439 2.80591 -9999 -9999 -9999 -9999 -9999 -9999
-9999 -9999 11.1207 11.7379 12.0436 12.6151 12.9399 13.1452 13.3314 13.5093 13.4736 13.2466 12.9038 12.9013 12.4308 12.1748 11.9905 12.3735 12.4449 12.2835 12.0822 11.9032 11.4081 11.3447 11.1711 10.6529 9.80704 8.93569 7.66945 5.97032 4.30422 2.95949 -9999 -9999 -9999 -9999 -9999 -9999 6.17148 6.79368 7.16428 6.36014 7.03711 7.65525 7.54985 6.93049 -9999 -9999 -9999 -9999 -9999 -9999 -9999 -9999 -9999 -9999 -9999 -9999 -9999 -9999 8.47958 7.46686 5.42705 4.37813 3.74601 2.84633 -9999 -9999 -9999 -9999 -9999 -9999
-9999 -9999 10.9965 11.7264 12.2192 12.656 12.7216 13.1694 13.3568 13.45 13.4336 13.3849 13.318 12.9068 12.7274 12.1082 12.6914 12.6641 12.51 11.9153 11.654 10.6363 10.1846 10.0713 10.9144 10.2783 8.95836 7.31022 5.32841 5.18591 4.52747 3.32502 -9999 -9999 -9999 -9999 -9999 -9999 6.36731 7.03328 7.58816 7.66447 6.865 7.96779 7.91146 7.28519 7.13839 7.64091 7.89297 7.69118 8.28685 8.46019 8.18212 8.47859 -9999 -9999 -9999 -9999 8.63538 8.67063 8.69546 8.26973 6.04167 4.51755 3.148 3.01249 -9999 -9999 -9999 -9999 -9999 -9999
-9999 -9999 11.5046 11.952 12.1757 12.2077 12.5992 12.9899 13.2241 13.3957 13.3553 13.3363 13.3166 13.1732 12.8457 12.8994 12.8686 12.6751 11.5485 10.2341 10.7987 10.0161 8.3431 9.68435 10.4192 9.69911 8.10088 6.249 5.63491 5.6465 4.73315 3.56027 -9999 -9999 -9999 4.54848 5.50468 5.58402 5.86284 6.75291 7.42869 7.9361 8.27998 8.25975 7.882 7.26914 6.60362 6.83262 8.01296 8.29676 8.5254 8.70541 8.44721 8.57762 8.89101 9.05107 9.08026 9.00124 8.97933 8.99988 8.95618 8.5585 6.56319 5.41874 4.68574 3.21571 -9999 -9999 -9999 -9999 -9999 -9999
-9999 -9999 11.218 11.6063 11.9198 12.4427 12.4935 12.8234 13.0167 13.3038 13.3326 12.9826 13.2641 13.223 13.1654 13.0478 12.8772 11.9257 10.6158 9.30227 8.69241 8.94106 7.93343 8.43705 9.18158 8.89935 7.91472 6.26396 6.0249 5.63308 4.09551 2.62115 -9999 -9999 2.69045 4.5291 5.82262 6.48787 6.69101 6.70651 7.55928 7.6216 8.53946 8.3148 7.08492 7.216 6.73361 7.03526 7.46553 7.57949 8.19659 8.78899 8.89894 8.89809 9.09655 9.13451 9.1414 9.13193 8.99031 9.04763 9.05135 8.80091 7.35432 6.64503 5.86295 3.24154 -9999 -9999 -9999 -9999 -9999 -9999
-9999 -9999 11.4166 11.8511 12.3275 12.4003 12.752 12.7116 12.6048 13.0976 13.2723 13.0241 12.8443 13.1641 13.1376 13.0904 13.0152 12.1209 11.0863 9.52223 8.54776 7.94703 7.51919 6.9458 7.32412 7.19786 7.03143 7.20574 6.74623 5.83496 4.93516 3.25318 2.34386 -9999 2.79029 3.61789 5.15725 6.46486 7.29335 6.98968 7.96013 8.13604 8.69077 8.35476 7.60447 7.28006 7.24563 7.1424 7.79352 8.22882 8.53231 8.73646 8.98782 9.05053 9.11362 9.138 9.14948 9.16069 9.1527 9.14225 9.10717 9.00891 8.33988 7.63102 6.10884 3.3313 -9999 -9999 -9999 -9999 -9999 -9999
-9999 10.1429 11.3661 12.0982 12.3783 12.5791 12.7556 12.8821 13.015 13.1402 13.2248 13.1804 12.5303 12.5792 12.6914 13.0542 13.0236 12.9385 12.3705 10.4686 9.80546 8.83925 7.59147 7.06267 7.31346 8.32177 8.26817 7.58691 6.82885 5.78161 5.11437 4.0831 2.10654 2.27885 3.16099 3.81659 4.8617 6.46111 7.58102 8.07829 8.26314 8.65129 8.85113 8.39266 7.95302 7.76562 7.42389 7.37067 7.3676 7.75908 8.06064 8.74442 8.97236 9.07147 9.1226 9.14865 9.16646 9.18343 9.18618 9.16775 9.16251 9.15049 9.09432 8.15369 5.81194 4.04383 -9999 -9999 -9999 -9999 -9999 -9999
-9999 -9999 11.1383 11.457 11.5363 11.6794 11.9783 12.324 12.8159 12.8755 13.1451 13.1402 12.5781 11.9313 12.4879 12.7065 12.9329 12.9352 12.8576 11.2559 10.4155 9.75183 8.55486 8.97317 9.37216 9.39459 9.14029 7.68857 6.24298 4.57524 3.01984 2.9394 2.0998 2.53383 3.11522 4.61463 5.66886 6.09416 6.39842 8.02408 8.44216 8.5824 8.99407 8.4193 8.2666 7.83281 7.95383 7.91055 7.90743 6.71773 7.8984 7.96462 8.73506 9.07929 9.15286 9.17158 9.19138 9.19143 9.19161 9.18298 9.18495 9.1665 9.14629 8.53221 5.56432 4.06798 -9999 -9999 -9999 -9999 -9999 -9999
-9999 -9999 -9999 -9999 11.2297 11.4717 11.625 11.8947 12.731 12.9533 13.0999 13.1089 12.857 12.2163 12.0451 12.158 11.5327 12.0475 12.7524 12.7284 12.6353 11.2269 10.5003 11.1856 10.966 9.90421 9.06681 8.24038 6.54913 5.30685 3.52518 2.18608 2.13 3.59544 4.81134 6.32876 6.99638 6.61076 7.02086 7.82543 8.74023 9.17973 9.06942 8.46385 8.37128 7.70568 8.34764 8.39725 8.09029 7.82456 7.92089 8.29979 8.44219 9.04439 9.18777 9.20934 9.21103 9.21005 9.20327 9.19482 9.18139 9.16842 9.15268 9.1176 6.06699 3.6896 -9999 -9999 -9999 -9999 -9999 -9999
-9999 -9999 -9999 -9999 10.6452 10.7905 11.1815 12.1943 12.7217 12.9326 12.9214 13.0173 12.8387 12.275 11.6963 11.1503 10.4466 10.8419 11.8946 12.5123 12.5763 11.3407 11.9697 11.7218 11.2414 9.85532 8.8316 8.28493 6.66083 5.26724 4.07949 2.44281 3.1342 3.89689 4.87863 6.53401 7.65029 8.10683 7.71666 8.22998 9.28344 9.28434 8.7003 8.7323 8.37126 7.46394 8.39606 8.65419 8.43579 8.4857 8.39898 8.53744 8.79341 9.03839 9.20031 9.21936 9.21826 9.20939 9.20494 9.20047 9.18299 9.17736 9.16166 9.13849 7.16657 3.64642 -9999 -9999 -9999 -9999 -9999 -9999
-9999 -9999 -9999 -9999 -9999 10.1079 11.007 12.3531 12.6828 12.648 12.9231 12.9435 12.6713 12.4346 11.733 10.7755 8.93909 9.40113 10.3698 11.7682 12.4995 12.3924 11.9716 11.2495 9.51434 7.9947 7.80247 7.54657 6.35907 5.28355 3.96385 4.71788 5.54512 6.45135 6.92564 6.79722 7.75314 8.53185 8.19588 8.82659 9.56267 9.22191 9.01803 8.84582 8.42994 8.3993 8.43591 8.96289 8.58874 8.81004 8.80839 8.79156 8.91412 9.05604 9.20549 9.2272 9.22409 9.22297 9.20103 9.20235 9.1879 9.17287 9.15796 9.1371 8.9515 7.0506 5.91241 -9999 -9999 -9999 -9999 -9999
-9999 -9999 -9999 -9999 -9999 9.27343 9.71924 11.3145 11.8029 12.5057 12.8773 12.8909 12.4337 12.1773 11.1335 10.7925 9.0936 8.3214 8.96722 8.71177 10.6391 12.3433 11.9607 8.49724 7.23719 6.33592 6.55657 6.5503 6.2139 4.38999 3.88296 5.50093 6.51794 7.30523 7.9018 8.02282 7.99854 9.21879 9.37719 9.77061 9.67968 9.71168 9.08875 8.70104 9.02649 8.6354 8.56377 9.10843 8.56095 9.046 8.98077 8.82953 8.81808 9.13749 9.19947 9.23052 9.22901 9.21266 9.19238 9.17789 9.18284 9.17179 9.14714 9.14082 9.11564 8.88044 7.89397 7.54408 7.91531 -9999 -9999 -9999
-9999 -9999 -9999 -9999 -9999 -9999 8.22692 10.4459 11.4561 11.9858 12.7336 12.8206 12.5748 12.1341 11.0711 10.1356 8.61645 6.8815 5.95929 8.69654 11.0775 12.3165 12.1428 9.25859 8.11514 8.05407 8.7142 8.14193 7.70617 6.31789 5.89911 5.32021 5.66741 6.76614 7.66398 8.53031 9.15935 9.20745 9.61454 9.84511 9.85997 9.92905 9.85135 9.78679 9.18221 9.58831 9.23321 9.41315 9.2884 9.17551 9.07538 8.73017 8.9673 9.17709 9.22855 9.24156 9.22496 9.2181 9.20496 9.18052 9.16486 9.15747 9.14893 9.13102 9.12353 9.10284 8.98537 8.38893 7.59321 6.59014 -9999 -9999
-9999 -9999 -9999 -9999 -9999 -9999 7.1158 9.32394 10.3845 11.7531 12.4545 12.7366 12.6956 12.3379 11.5293 10.3136 9.29992 7.3636 5.35269 8.22677 10.784 12.1612 12.2273 9.80013 10.4621 9.91248 10.1229 9.12364 8.70414 8.36901 7.65058 6.86604 6.00763 5.55229 7.57346 8.60948 9.44265 9.83361 10.053 10.1607 10.0968 9.93738 9.03281 9.7134 9.66829 9.59432 9.51038 9.46699 9.39064 9.30185 9.24492 9.22311 8.99263 9.24522 9.23513 9.23468 9.23195 9.22119 9.20417 9.18849 9.16985 9.16425 9.14664 9.13108 9.11793 9.10494 9.0901 9.05018 8.88632 7.54198 6.73518 6.50187
-9999 -9999 -9999 -9999 -9999 -9999 4.00583 7.22057 9.80082 11.1482 12.2427 12.5414 12.651 12.1719 11.8127 10.9401 10.1132 8.8394 6.93323 5.75713 7.90742 11.0347 12.1808 12.0805 12.0005 11.3666 10.7947 10.7159 10.7509 10.0848 9.11963 7.86341 7.46778 7.02455 8.52873 8.72909 8.61476 10.2697 10.2696 10.1713 9.53256 8.81764 8.94808 8.49934 8.82763 8.29762 8.77416 9.18542 9.33572 9.31763 9.25459 9.24315 9.21386 9.25369 9.24875 9.23745 9.22782 9.22066 9.21008 9.18621 9.17039 9.17218 9.15261 9.13684 9.11632 9.10546 9.09456 9.06328 9.03424 8.82149 8.50542 7.90705
-9999 -9999 -9999 -9999 -9999 -9999 4.14174 6.8438 9.13637 10.5079 11.8287 12.1324 12.5758 12.4758 12.0995 11.3403 10.3926 9.34331 7.70724 6.48952 7.92536 10.0003 11.4834 12.0075 11.9923 11.949 11.8 11.7323 11.5603 11.4334 10.7409 9.55373 8.88094 7.89918 9.57593 9.7601 9.49275 10.3277 10.2815 9.00824 8.02824 7.9023 8.4928 7.9219 7.81366 7.45107 7.84392 8.90608 8.58931 8.64553 9.12146 9.19651 9.24234 9.25164 9.24392 9.23734 9.22486 9.22182 9.21861 9.19505 9.18145 9.17201 9.1482 9.13779 9.11892 9.10032 9.07976 9.05982 9.03296 8.96753 8.89917 8.95693
-9999 -9999 -9999 -9999 -9999 -9999 4.19599 6.01133 8.07399 10.0961 11.5067 12.0735 12.4852 12.477 12.04 11.6605 11.0646 10.1409 9.50537 8.40557 6.89789 9.40952 10.1758 10.8551 11.1364 11.8472 11.8223 11.4858 11.0907 11.4388 11.3279 10.3874 10.0745 9.55038 10.4807 10.4782 10.4478 10.3932 9.31676 7.82217 6.62664 7.47942 7.29579 7.68422 6.45635 7.45536 8.25721 8.51358 7.95477 7.54238 8.79283 8.99588 9.11525 9.19018 9.23796 9.22101 9.22956 9.21784 9.20974 9.20113 9.18559 9.17406 9.15786 9.14112 9.12287 9.10577 9.08494 9.06429 9.05613 9.01239 8.99328 8.97291
-9999 -9999 -9999 -9999 -9999 -9999 -9999 4.93495 7.54766 9.88303 11.1815 11.9968 12.3919 12.3806 12.1551 11.8958 11.5244 10.8565 10.0184 8.69676 7.71393 8.3279 9.07861 9.15385 9.65001 11.1023 11.5937 10.88 9.12221 10.1462 11.29 11.2655 11.1617 11.0466 10.8994 10.768 10.4864 9.73986 7.46227 7.01221 6.11618 6.21314 5.7512 6.74517 6.36247 7.38364 7.8231 7.98558 7.03103 7.22298 8.33205 8.76843 8.69024 8.95636 9.20676 9.21095 9.21409 9.20312 9.20434 9.20195 9.19303 9.18021 9.16682 9.15544 9.12719 9.11998 9.02923 8.9679 8.85003 8.98121 8.98775 8.98427
-9999 -9999 -9999 -9999 -9999 -9999 -9999 4.40806 7.01877 9.76978 10.6503 11.5293 12.2874 12.2982 11.9555 11.6292 11.2931 10.9107 9.89534 8.91029 7.96936 7.64948 7.83173 7.80763 8.61503 10.5095 10.8708 10.7071 8.87112 8.24727 9.77763 11.0631 11.1592 11.0369 9.51233 9.83119 9.00687 7.89068 7.58036 7.08947 6.05688 6.54748 5.78983 6.10816 6.01197 6.58953 6.86841 7.55617 6.7237 6.71874 7.80762 8.35504 8.36415 8.93914 9.1413 9.19109 9.20045 9.20602 9.20435 9.2093 9.19974 9.18688 9.1711 9.13873 9.06783 8.85746 7.74851 7.74391 8.03958 8.319 8.82993 8.96822
-9999 -9999 -9999 -9999 -9999 -9999 -9999 4.7074 6.51768 8.95815 10.7649 10.8745 11.7508 12.201 11.8287 11.4099 10.9813 10.7911 9.68661 8.47362 7.49233 6.33163 6.51596 7.33915 8.6858 9.90744 10.1205 9.8602 8.87116 9.32717 10.3691 10.9199 11.0785 10.9442 10.6083 10.4122 9.80398 9.53786 8.69509 7.37987 6.8592 7.1818 5.78569 5.87839 6.38832 5.8313 6.72745 7.15361 6.08027 6.91945 7.88284 8.37312 8.80127 9.0016 9.07885 9.19974 9.19882 9.20518 9.20676 9.20075 9.19645 9.17179 9.15046 9.02896 8.85179 7.82157 7.38301 7.46107 7.92908 8.3381 8.76213 8.93406
-9999 -9999 -9999 -9999 -9999 -9999 -9999 5.01336 6.64279 8.75822 10.0451 10.2718 11.2439 12.1078 12.0065 11.5709 11.4349 10.9833 10.0458 9.01072 7.87963 7.32682 6.06296 7.29583 8.26629 9.30009 9.78041 8.96562 8.5562 9.26498 9.96975 10.248 10.9603 10.9484 10.7097 9.69684 9.20068 9.40396 9.18835 8.81412 7.90743 7.86283 7.27875 7.03413 6.80276 6.05543 6.52035 6.56237 6.68398 7.69379 8.19303 8.52254 8.8219 8.89726 9.02503 9.19219 9.20306 9.20501 9.20003 9.19898 9.18203 9.12882 9.08311 8.84352 8.42285 7.64197 6.37327 7.25398 8.17509 8.44381 8.70527 8.83955
-9999 -9999 -9999 -9999 -9999 -9999 -9999 4.73152 6.46274 8.27002 9.02313 9.1474 10.9101 11.9878 11.9852 11.7763 11.533 10.4245 10.4844 10.2586 9.23786 7.75332 6.12328 6.27003 7.22881 8.59592 9.04441 7.70469 7.22956 7.56939 8.63808 9.59428 10.5931 10.8431 10.5437 8.96983 7.29765 8.06662 8.88862 8.87967 8.63283 7.79161 7.52146 7.27643 6.66134 5.61837 5.76347 6.04609 7.19279 7.55387 8.11424 8.5789 8.39765 8.49677 8.94124 9.19447 9.19996 9.20032 9.20454 9.19431 9.17454 9.07294 8.96549 8.78812 7.69934 7.02028 6.03024 7.16331 7.78957 8.11595 8.71198 8.84993
-9999 -9999 -9999 -9999 -9999 -9999 -9999 4.19069 5.44577 7.17297 7.86646 8.97527 10.6408 11.4577 11.847 11.8338 11.6701 11.1711 10.8692 10.2787 9.21718 7.76749 6.15649 5.10574 5.63157 7.47011 7.90101 6.6652 6.0366 6.80727 7.94666 9.6364 10.5998 10.7256 10.6333 10.305 9.08297 7.6075 7.60811 8.34153 7.71988 6.99805 7.38828 7.31083 6.7035 6.26047 5.98182 6.14323 6.79391 7.06192 7.71005 8.66876 8.80241 8.77083 9.17206 9.18813 9.19339 9.20445 9.19967 9.1916 9.17498 9.09128 8.90928 8.18308 7.54907 6.66881 6.55541 7.55901 7.99547 8.40105 8.69076 8.78157
-9999 -9999 -9999 -9999 -9999 -9999 -9999 3.26204 4.73946 6.35714 7.87158 9.30416 10.5365 10.6277 11.2755 11.2702 11.6073 11.5048 11.0419 10.5439 9.62871 7.76807 6.20257 4.49562 4.93878 6.81465 7.0492 6.22278 4.70061 6.26152 7.98354 9.54385 10.3863 9.71712 10.3933 10.3327 9.872 8.99187 7.62593 7.64735 6.62266 6.57395 7.09366 7.25941 7.16775 6.83415 6.29924 6.38229 6.77421 6.87175 7.46713 8.20998 8.93616 9.05472 9.18988 9.19171 9.18981 9.19698 9.19416 9.17459 9.13277 9.04541 8.43597 7.71194 7.26397 6.64917 6.57007 7.73197 8.18878 8.44097 8.69064 8.78605
-9999 -9999 -9999 -9999 -9999 -9999 -9999 -9999 4.58405 6.25539 7.49098 7.82048 8.91535 9.50451 9.95939 10.0567 11.3629 11.4305 11.1353 10.6776 9.89642 8.4834 7.49725 5.85985 4.68135 5.15344 5.36759 5.79336 5.66093 6.35421 8.00884 9.73302 9.91674 8.81343 8.97141 9.19665 9.70726 9.4415 7.58192 6.63501 5.84831 6.39976 6.9801 7.11726 7.14124 7.02409 6.88351 6.64987 7.42764 8.00207 8.13204 8.6324 9.00076 9.09953 9.17294 9.17842 9.18404 9.18002 9.1541 9.13404 9.03614 8.82212 8.14094 6.50919 6.58024 6.39924 5.88804 7.02377 7.73194 8.37274 8.71082 8.79429
-9999 -9999 -9999 -9999 -9999 -9999 -9999 -9999 4.02267 5.95713 6.36225 6.32739 5.68101 5.9721 8.34748 8.82221 10.0747 11.2604 11.1684 10.7193 9.98816 9.14466 7.84131 6.00054 4.53674 3.91155 5.47243 7.00683 7.31985 7.8068 8.81876 9.00705 7.8795 6.82194 7.40835 7.75981 9.11189 9.35503 9.08695 7.9648 6.68242 6.01093 6.79409 6.89498 6.93785 6.94282 6.91222 6.86797 7.74428 8.228 8.56232 8.74249 9.05829 9.13613 9.15834 9.17899 9.16916 9.14855 9.09383 9.03207 8.7747 8.46393 7.35109 6.42238 5.84132 5.10499 6.74796 7.22815 7.89505 8.32494 8.66125 8.73098
