Test_Spring_2018b/01_18/Temp/20180115_000.txt
ncols	170
nrows	115
xllcorner	350000.000000
yllcorner	4445000.000000
cellsize	1000.000000
nodata_value	-9999.000000
[rows 31 to 61 of 115, columns 71 to 141 of 170]
7.64412 7.83053 7.45748 7.48673 8.35627 8.54453 8.52432 8.44274 8.35193 7.92768 7.78074 7.44483 6.85891 6.60895 5.57253 2.23838 3.17242 3.53308 2.56106 3.09192 3.96062 3.18992 0.917669 -0.0654433 -1.64431 -1.15375 -1.63389 -2.9064 -9999 -9999 -9999 -9999 -9999 -9999 -9999 -9999 -9999 -9999 -9999 -9999 -9999 -9999 -9999 -9999 -9999 -9999 -9999 -9999 -9999 -9999 -9999 -9999 -9999 -9999 -9999 -9999 -9999 -9999 -9999 -9999 -9999 -9999 -9999 -9999 -9999 -9999 -9999 -9999 -9999 -9999 -9999
7.45661 7.42691 7.06727 7.6043 8.09821 7.78519 7.57775 8.39672 8.38922 8.10056 7.43262 7.18271 6.92382 6.76216 5.90732 3.52286 1.37254 2.51284 2.53238 1.73087 3.1468 2.38722 0.417961 -2.35887 -0.861142 -1.26041 -3.22907 -3.72105 -9999 -9999 -9999 -9999 -9999 -9999 -9999 -9999 -9999 -9999 -9999 -9999 -9999 -9999 -9999 -9999 -9999 -9999 -9999 -9999 -9999 -9999 -9999 -9999 -9999 -9999 -9999 -9999 -9999 -9999 -9999 -9999 -9999 -9999 -9999 -9999 -9999 -9999 -9999 -9999 -9999 -9999 -9999
7.14974 6.95785 6.79905 7.60074 7.5764 7.51925 7.80558 8.3126 8.40717 8.29008 7.99456 7.73768 7.46488 6.78429 5.80756 3.76579 1.31927 0.7584 1.94424 1.99378 2.1779 1.48485 0.616306 -0.738109 0.35709 0.777716 -0.51919 -2.21583 -3.30574 -9999 -9999 -9999 -9999 -9999 -9999 -9999 -9999 -9999 -9999 -9999 -9999 -9999 -9999 -9999 -9999 -9999 -9999 -9999 -9999 -9999 -9999 -9999 -9999 -9999 -9999 -9999 -9999 -9999 -9999 -9999 -9999 -9999 -9999 -9999 -9999 -9999 -9999 -9999 -9999 -9999 -9999
6.6848 6.39785 5.60558 6.08572 6.44441 7.11755 7.28941 7.38371 8.34143 8.28296 8.23087 7.81136 7.47433 6.92076 5.9805 4.64498 3.0385 0.247018 1.95568 3.29192 3.24968 3.16825 2.55733 1.25566 2.33032 2.37331 0.717607 -1.16156 -2.27341 -2.73794 -9999 -9999 -9999 -9999 -9999 -9999 -9999 -9999 -9999 -9999 -9999 -9999 -9999 -9999 -9999 -9999 -9999 -9999 -9999 -9999 -9999 -9999 -9999 -9999 -9999 -9999 -9999 -9999 -9999 -9999 -9999 -9999 -9999 -9999 -9999 -9999 -9999 -9999 -9999 -9999 -9999
6.03753 5.76083 4.79468 5.27773 5.92493 6.84345 7.31725 7.67418 7.95553 8.24261 8.20056 7.77147 6.51839 6.33302 6.27156 5.39542 3.56501 1.73692 1.25748 3.29991 3.8788 3.75122 4.20107 3.09705 3.60702 3.38666 2.79427 0.986439 -0.666547 -1.35534 -2.70868 -9999 -9999 -9999 -9999 -9999 -9999 -9999 -9999 -9999 -9999 -9999 -9999 -9999 -9999 -9999 -9999 -9999 -9999 -9999 -9999 -9999 -9999 -9999 -9999 -9999 -9999 -9999 -9999 -9999 -9999 -9999 -9999 -9999 -9999 -9999 -9999 -9999 -9999 -9999 -9999
-9999 -9999 -9999 4.18608 5.07166 5.80502 6.70134 7.47344 7.85703 8.22945 8.19173 7.3415 6.92185 6.87841 6.30184 5.29159 4.65456 3.5006 2.29854 2.74657 4.48694 3.70098 4.93155 4.81851 5.03793 4.20165 2.62755 0.524851 -0.705486 -1.32262 -2.42086 -9999 -9999 -9999 -9999 -9999 -9999 -9999 -9999 -9999 -9999 -9999 -9999 -9999 -9999 -9999 -9999 -9999 -9999 -9999 -9999 -9999 -9999 -9999 -9999 -9999 -9999 -9999 -9999 -9999 -9999 -9999 -9999 -9999 -9999 -9999 -9999 -9999 -9999 -9999 -9999
-9999 -9999 -9999 -9999 4.90984 5.46754 6.66812 7.28528 7.53185 8.13703 8.13139 7.80498 7.5567 7.1995 6.73501 5.97386 5.1347 4.04885 3.94099 5.05127 5.05677 4.81474 4.98998 5.55622 5.39632 4.10539 1.88966 0.712284 -1.67031 -2.69595 -2.59977 -3.32901 -9999 -9999 -9999 -9999 -9999 -9999 -9999 -9999 -9999 -9999 -9999 -9999 -0.672818 -9999 -9999 -9999 -9999 -9999 -9999 -9999 -9999 -9999 -9999 -9999 -9999 -9999 -9999 -9999 -9999 -9999 -9999 -9999 -9999 -5.19549 -9999 -9999 -9999 -9999 -9999
-9999 -9999 -9999 4.80854 5.55783 6.13793 6.88802 6.95475 7.39885 8.0959 8.09933 7.86592 7.60293 7.02027 6.87027 6.43372 5.52327 5.33059 5.68825 5.84843 6.031 6.14011 6.03614 5.79484 5.48551 4.65331 3.61879 2.92179 0.743744 -0.360931 -1.4191 -3.01647 -4.26778 -9999 -9999 -9999 -9999 -9999 -9999 -9999 -1.46861 -1.53589 -1.51598 -1.17576 -0.221816 -0.79589 -9999 -9999 -9999 -9999 -9999 -9999 -9999 -9999 -9999 -9999 -9999 -9999 -9999 -9999 -9999 -9999 -9999 -9999 -9999 -4.32801 -5.58858 -9999 -9999 -9999 -9999
-9999 -9999 -9999 5.01629 5.80265 6.19208 6.92063 7.33476 7.60429 7.8417 8.06824 8.02233 7.73216 7.29414 7.28958 6.68817 6.36014 6.12343 6.60999 6.69935 6.49223 6.23457 6.00571 5.37429 5.29364 5.08467 4.42492 3.34748 2.23758 0.640208 -1.52548 -3.64942 -5.36405 -9999 -9999 -9999 -9999 -9999 -9999 -1.28007 -0.488774 -0.0181135 -1.04487 -0.183405 0.603158 0.467428 -0.313237 -9999 -9999 -9999 -9999 -9999 -9999 -9999 -9999 -9999 -9999 -9999 -9999 -9999 -9999 1.63898 0.347295 -2.25338 -3.59068 -4.39658 -5.5436 -9999 -9999 -9999 -9999
-9999 -9999 -9999 4.85911 5.78932 6.41756 6.97466 7.05861 7.63142 7.87614 7.99495 7.97362 7.91071 7.82431 7.29877 7.06827 6.27703 7.01837 6.98159 6.78333 6.02369 5.68941 4.39133 3.81523 3.68206 4.75766 3.94779 2.26626 0.166412 -2.35368 -2.52515 -3.36448 -4.89775 -9999 -9999 -9999 -9999 -9999 -9999 -1.03147 -0.184616 0.520733 0.616154 -0.404708 0.9995 0.935756 0.135897 -0.0528954 0.585793 0.904902 0.650324 1.41526 1.63263 1.27429 1.64826 -9999 -9999 -9999 -9999 1.83228 1.87567 1.90636 1.36322 -1.47712 -3.41983 -5.16541 -5.33543 -9999 -9999 -9999 -9999
-9999 -9999 -9999 5.50771 6.07805 6.36356 6.40485 6.9046 7.40493 7.70902 7.93145 7.87924 7.85401 7.82736 7.64279 7.22329 7.28948 7.24793 6.99911 5.561 3.88375 4.60222 3.601 1.475 3.18851 4.1263 3.20972 1.17381 -1.18542 -1.96181 -1.9376 -3.10181 -4.59637 -9999 -9999 -9999 -3.34315 -2.12656 -2.02787 -1.67489 -0.542611 0.316615 0.960892 1.39738 1.37646 0.895496 0.112679 -0.737465 -0.447559 1.05475 1.41378 1.71468 1.94011 1.60663 1.76655 2.16183 2.3619 2.39554 2.29182 2.26154 2.2861 2.2294 1.72202 -0.819127 -2.27747 -3.21119 -5.0828 -9999 -9999 -9999 -9999
-9999 -9999 -9999 5.1491 5.64439 6.04453 6.71095 6.77654 7.19766 7.44627 7.81589 7.85196 7.40467 7.76192 7.70761 7.63188 7.47941 7.2594 6.04411 4.37211 2.69588 1.91719 2.23923 0.954954 1.60046 2.55081 2.19041 0.939647 -1.16306 -1.46629 -1.96021 -3.91298 -5.793 -9999 -9999 -5.70935 -3.36784 -1.72149 -0.876137 -0.619869 -0.602723 0.481936 0.559124 1.72712 1.44448 -0.122999 0.0424368 -0.574303 -0.191882 0.352323 0.494711 1.28188 2.04002 2.17562 2.16982 2.41819 2.46224 2.46715 2.45188 2.26892 2.34035 2.34422 2.02474 0.180956 -0.722622 -1.71754 -5.05832 -9999 -9999 -9999 -9999
-9999 -9999 -9999 5.40718 5.96179 6.56986 6.66341 7.11249 7.05694 6.92307 7.55151 7.77659 7.45892 7.22807 7.63347 7.59718 7.53429 7.43559 6.29292 4.97172 2.97603 1.73253 0.971137 0.426172 -0.298435 0.185378 0.0261573 -0.1842 0.0397549 -0.545502 -1.70153 -2.84794 -4.98668 -6.14697 -9999 -5.58175 -4.52931 -2.56978 -0.905813 0.147405 -0.242539 0.991926 1.21375 1.92343 1.49336 0.53719 0.120508 0.0745912 -0.059309 0.76807 1.32001 1.7069 1.9629 2.2846 2.35945 2.43487 2.46127 2.47177 2.48267 2.46995 2.45499 2.40951 2.28421 1.43188 0.529989 -1.40916 -4.94846 -9999 -9999 -9999 -9999
-9999 -9999 3.77845 5.34278 6.27725 6.63547 6.89244 7.11828 7.28014 7.45136 7.60754 7.71493 7.6593 6.8286 6.88855 7.02884 7.48826 7.44634 7.33497 6.60844 4.18197 3.33924 2.11001 0.520259 -0.150086 0.171509 1.45898 1.3928 0.526434 -0.438017 -1.76768 -2.61806 -3.93251 -6.44891 -6.23102 -5.10882 -4.27581 -2.94657 -0.910837 0.513647 1.14453 1.37735 1.87323 2.1261 1.53885 0.978406 0.737662 0.299975 0.229766 0.223149 0.719088 1.10302 1.97036 2.25626 2.38209 2.44195 2.47018 2.48851 2.50657 2.50744 2.4823 2.47493 2.45972 2.38929 1.19155 -1.7946 -4.04705 -9999 -9999 -9999 -9999
-9999 -9999 -9999 5.05247 5.46024 5.56268 5.74638 6.12852 6.56995 7.19875 7.2742 7.61689 7.60736 6.89023 6.06305 6.7695 7.04498 7.33047 7.33036 7.22882 5.18937 4.11781 3.27231 1.74759 2.2848 2.79563 2.82662 2.50491 0.656678 -1.18395 -3.30457 -5.28657 -5.38895 -6.45989 -5.90554 -5.16685 -3.25832 -1.91763 -1.37881 -0.994292 1.07487 1.60735 1.78338 2.30604 1.57132 1.37658 0.821716 0.973902 0.916338 0.909609 -0.610163 0.894131 0.974056 1.95143 2.3853 2.47693 2.4956 2.51628 2.51262 2.51012 2.49745 2.49929 2.47613 2.45001 1.66826 -2.11388 -4.0196 -9999 -9999 -9999 -9999
-9999 -9999 -9999 -9999 -9999 5.17251 5.48245 5.67912 6.02356 7.09138 7.37428 7.55993 7.56963 7.24609 6.42645 6.20501 6.34558 5.54507 6.19882 7.09683 7.06535 6.94652 5.15188 4.22892 5.10469 4.82721 3.47631 2.4115 1.3606 -0.792978 -2.37121 -4.64156 -6.34838 -6.42036 -4.55349 -3.00448 -1.07312 -0.225396 -0.720474 -0.201175 0.822356 1.98585 2.54372 2.40089 1.62685 1.50866 0.658266 1.4745 1.53533 1.14124 0.799305 0.921087 1.39956 1.57626 2.33896 2.51682 2.54087 2.53834 2.53326 2.52181 2.50932 2.49102 2.47446 2.45505 2.41144 -1.47607 -4.50477 -9999 -9999 -9999 -9999
-9999 -9999 -9999 -9999 -9999 4.42818 4.61486 5.11454 6.40638 7.08019 7.34846 7.33278 7.45298 7.22271 6.50106 5.76004 5.0605 4.16052 4.66198 6.0024 6.78897 6.87059 5.29639 6.10164 5.78793 5.17814 3.41402 2.11183 1.41768 -0.650197 -2.42134 -3.93451 -6.02067 -5.13979 -4.16879 -2.9193 -0.811575 0.608007 1.18638 0.685987 1.33732 2.67751 2.67617 1.92936 1.96801 1.50749 0.348918 1.535 1.86163 1.58042 1.64086 1.52918 1.70115 2.02262 2.32996 2.53144 2.55102 2.54562 2.53043 2.5219 2.51419 2.49095 2.48367 2.46423 2.43575 -0.0766978 -4.56212 -9999 -9999 -9999 -9999
-9999 -9999 -9999 -9999 -9999 -9999 3.74551 4.89276 6.6094 7.03113 6.9859 7.33504 7.35892 7.00914 6.70421 5.8064 4.58234 2.23826 2.82488 4.05813 5.84016 6.77257 6.63689 6.10397 5.18583 2.97658 1.0422 0.799993 0.476503 -1.03482 -2.40053 -4.08196 -3.12052 -2.0665 -0.912561 -0.310008 -0.476468 0.738781 1.72799 1.29638 2.09731 3.03284 2.59587 2.33361 2.11184 1.58134 1.54028 1.58475 2.25406 1.77431 2.05324 2.05001 2.02408 2.17555 2.35159 2.53725 2.56026 2.55203 2.54685 2.51592 2.51559 2.49609 2.47667 2.45807 2.43237 2.19695 -0.224363 -1.67416 -9999 -9999 -9999
-9999 -9999 -9999 -9999 -9999 -9999 2.68262 3.25187 5.28584 5.90981 6.80469 7.27657 7.29169 6.70597 6.37622 5.04226 4.60403 2.43529 1.44857 2.27035 1.94408 4.40123 6.5746 6.09049 1.67761 0.0739189 -1.07227 -0.788258 -0.793646 -1.22014 -3.53996 -4.18554 -2.12287 -0.827024 0.175246 0.933651 1.08535 1.051 2.60289 2.80188 3.3003 3.18151 3.21966 2.42311 1.92654 2.34102 1.84038 1.74682 2.43864 1.73793 2.35311 2.26893 2.07175 2.05253 2.45495 2.52924 2.56428 2.55808 2.53354 2.50449 2.48431 2.48937 2.47481 2.44355 2.43613 2.40496 2.10687 0.850314 0.405061 0.878808 -9999
-9999 -9999 -9999 -9999 -9999 -9999 -9999 1.3502 4.17904 5.46808 6.14203 7.09337 7.20184 6.88787 6.32219 4.96326 3.76723 1.82772 -0.386164 -1.5633 1.9255 4.96091 6.54123 6.32336 2.64874 1.19351 1.11818 1.9622 1.23504 0.681647 -1.08295 -1.61621 -2.35424 -1.91237 -0.511833 0.629986 1.73138 2.52992 2.58763 3.10281 3.39491 3.41095 3.49631 3.39473 3.31001 2.53888 3.05439 2.59939 2.82624 2.66442 2.5174 2.3889 1.94459 2.24243 2.50529 2.56634 2.57824 2.5531 2.54072 2.52076 2.48688 2.46684 2.45669 2.44565 2.42313 2.41418 2.38928 2.24025 1.48051 0.466509 -0.8121
-9999 -9999 -9999 -9999 -9999 -9999 -9999 -0.0653798 2.74941 4.10251 5.84561 6.74085 7.09889 7.04279 6.58286 5.54838 3.99537 2.70034 0.229869 -2.33498 1.32641 4.58814 6.34456 6.43004 3.33995 4.18596 3.48751 3.75798 2.48611 1.95312 1.53093 0.615432 -0.384923 -1.47783 -2.06061 0.513417 1.83117 2.89001 3.38488 3.66093 3.7944 3.70922 3.50656 2.35082 3.21591 3.15795 3.06138 2.95199 2.89409 2.79397 2.67772 2.60451 2.57263 2.27455 2.59219 2.57435 2.56971 2.56237 2.5451 2.52021 2.49745 2.47134 2.4622 2.44293 2.42302 2.40647 2.39107 2.37254 2.32197 2.11324 0.399451
-9999 -9999 -9999 -9999 -9999 -9999 -9999 -4.02886 0.0688389 3.36389 5.07915 6.47387 6.85123 6.98714 6.37278 5.91126 4.79577 3.73907 2.11323 -0.318052 -1.818 0.920762 4.90769 6.37218 6.24807 6.14783 5.34159 4.61426 4.51542 4.5615 3.71723 2.49067 0.888231 0.381951 -0.18513 1.72986 1.98238 1.83345 3.93975 3.93603 3.80716 2.98922 2.07421 2.23699 1.66774 2.0858 1.40778 2.01279 2.53443 2.72322 2.69714 2.6164 2.59794 2.55652 2.60211 2.59183 2.57353 2.55753 2.54492 2.52826 2.49499 2.47236 2.47254 2.44583 2.42438 2.40396 2.39092 2.37706 2.33718 2.30005 2.0286
-9999 -9999 -9999 -9999 -9999 -9999 -9999 -3.84875 -0.402641 2.51805 4.26704 5.9477 6.33149 6.89322 6.76211 6.27905 5.30834 4.09765 2.75816 0.671197 -0.881884 0.948307 3.59091 5.48231 6.15393 6.1383 6.08449 5.89587 5.81527 5.59686 5.43983 4.55644 3.04144 2.18211 0.92847 3.06347 3.2954 2.95148 4.01262 3.9502 2.32357 1.07076 0.906718 1.65595 0.924838 0.786186 0.328045 0.826286 2.17763 1.77091 1.83962 2.44633 2.53823 2.59133 2.59936 2.58571 2.57358 2.55407 2.54678 2.53954 2.50663 2.48671 2.47241 2.44011 2.42522 2.39987 2.37636 2.35698 2.33122 2.29658 2.21268
-9999 -9999 -9999 -9999 -9999 -9999 -9999 -3.77514 -1.46209 1.16537 3.74402 5.53927 6.25857 6.78002 6.76616 6.20594 5.71929 4.95728 3.77783 2.96635 1.56347 -0.358886 2.84291 3.81722 4.68636 5.05035 5.95782 5.92712 5.49912 5.00274 5.4461 5.30338 4.10303 3.70245 3.03212 4.21561 4.20965 4.16778 4.09504 2.71942 0.810731 -0.716739 0.366949 0.129469 0.621207 -0.944584 0.325551 1.34492 1.66897 0.961288 0.432618 2.02698 2.28039 2.42891 2.52075 2.57799 2.55277 2.56018 2.54189 2.52842 2.51453 2.49204 2.47492 2.45212 2.42889 2.40409 2.38229 2.35468 2.32083 2.30995 2.26208
-9999 -9999 -9999 -9999 -9999 -9999 -9999 -9999 -2.82899 0.503308 3.47769 5.12995 6.1659 6.66626 6.64866 6.35806 6.02485 5.54915 4.69594 3.62631 1.9408 0.687563 1.47028 2.42449 2.52353 3.15684 5.00895 5.63608 4.72681 2.49187 3.79635 5.25344 5.22068 5.08664 4.93781 4.74818 4.57793 4.21593 3.26115 0.35447 -0.223107 -1.36874 -1.24853 -1.84077 -0.577165 -1.06528 0.233572 0.790918 0.995205 -0.224435 0.0213141 1.43013 1.98325 1.88039 2.21644 2.53789 2.53971 2.5403 2.52302 2.52143 2.51541 2.50128 2.4766 2.45687 2.43994 2.40159 2.3924 2.27536 2.1961 2.045 2.2116
-9999 -9999 -9999 -9999 -9999 -9999 -9999 -9999 -3.49375 -0.167954 3.33632 4.45585 5.5733 6.53657 6.54715 6.10745 5.68894 5.25817 4.76896 3.4732 2.21651 1.0164 0.608306 0.840536 0.809265 1.83889 4.2543 4.71514 4.50643 2.17154 1.3753 3.32488 4.96193 5.08257 4.92439 2.97844 3.38219 2.32844 0.902464 0.503684 -0.125376 -1.44502 -0.822963 -1.79214 -1.38966 -1.51259 -0.779308 -0.426732 0.447104 -0.616998 -0.622165 0.760691 1.45531 1.46369 2.19345 2.44794 2.50816 2.51685 2.52073 2.5154 2.51857 2.50334 2.48404 2.46118 2.41738 2.32471 2.05431 0.64092 0.633689 1.00945 1.36466
-9999 -9999 -9999 -9999 -9999 -9999 -9999 -9999 -3.10875 -0.803391 2.30504 4.60538 4.74216 5.8562 6.42724 5.94983 5.4134 4.86483 4.6205 3.21094 1.66343 0.411585 -1.06873 -0.834244 0.21478 1.93067 3.48791 3.75939 3.42722 2.17179 2.75185 4.0786 4.77889 4.9791 4.80554 4.37477 4.12216 3.34385 3.00156 1.92406 0.244214 -0.422824 -0.0149015 -1.79796 -1.68313 -1.0364 -1.74645 -0.607065 -0.06679 -1.43804 -0.369215 0.855589 1.4773 2.01981 2.27192 2.36713 2.51798 2.51355 2.51842 2.51723 2.50643 2.49787 2.46348 2.43348 2.27596 2.04766 0.732124 0.172978 0.270826 0.865962 1.38605
-9999 -9999 -9999 -9999 -9999 -9999 -9999 -9999 -2.71499 -0.640229 2.05386 3.69154 3.97771 5.21405 6.3125 6.18057 5.62276 5.44719 4.86947 3.67272 2.35173 0.908615 0.202888 -1.40912 0.161775 1.39755 2.71497 3.32674 2.29392 1.7707 2.67275 3.56945 3.92226 4.82799 4.81046 4.50356 3.20969 2.57427 2.83038 2.55238 2.0721 0.912988 0.852806 0.104878 -0.210313 -0.508627 -1.46128 -0.871715 -0.821231 -0.671154 0.616933 1.24995 1.66663 2.04489 2.13762 2.29718 2.50697 2.51755 2.51677 2.50719 2.50268 2.47798 2.40714 2.34599 2.03782 1.49897 0.501119 -1.11648 0.00433123 1.17678 1.51608
-9999 -9999 -9999 -9999 -9999 -9999 -9999 -9999 -3.07029 -0.865835 1.43543 2.39274 2.54836 4.79266 6.16363 6.15769 5.88889 5.57635 4.1612 4.23561 3.94606 2.64337 0.749566 -1.32959 -1.14362 0.0795346 1.81874 2.38961 0.687399 0.0801665 0.511652 1.87208 3.08893 4.35989 4.67614 4.29188 2.28269 0.148089 1.1253 2.17003 2.15537 1.8374 0.761685 0.413903 0.0981257 -0.689419 -2.01896 -1.83723 -1.48014 -0.019241 0.437535 1.14837 1.73724 1.50274 1.62567 2.18888 2.50834 2.51199 2.50916 2.51128 2.49503 2.46669 2.33412 2.19418 1.96524 0.574563 -0.293663 -1.55592 -0.113934 0.682369 1.09567
-9999 -9999 -9999 -9999 -9999 -9999 -9999 -9999 -3.75556 -2.15814 0.0410247 0.922357 2.3331 4.45349 5.49216 5.98572 5.96635 5.75524 5.11696 4.72991 3.97522 2.62029 0.770609 -1.2846 -2.6255 -1.95656 0.38517 0.933398 -0.636685 -1.43979 -0.459258 0.991142 3.14296 4.36865 4.52655 4.40612 3.98483 2.42399 0.539998 0.537577 1.46926 0.673437 -0.250152 0.243856 0.141626 -0.636117 -1.20442 -1.55953 -1.35901 -0.528699 -0.1907 0.631907 1.85046 2.01729 1.97351 2.48151 2.49857 2.50186 2.51261 2.50322 2.48967 2.46531 2.3555 2.12047 1.1918 0.380731 -0.744137 -0.891317 0.387645 0.940392 1.45566
-9999 -9999 -9999 -9999 -9999 -9999 -9999 -9999 -4.93512 -3.05433 -0.994796 0.933087 2.75659 4.32484 4.43833 5.26149 5.25207 5.67938 5.5462 4.95381 4.31678 3.14811 0.774272 -1.22321 -3.40092 -2.83764 -0.446213 -0.144134 -1.19952 -3.1419 -1.15415 1.03884 3.02557 4.09702 3.24135 4.1005 4.02042 3.43008 2.30497 0.560446 0.584405 -0.725267 -0.790857 -0.131892 0.0758042 -0.0446709 -0.473582 -1.1555 -1.0551 -0.554849 -0.43429 0.320939 1.2642 2.18625 2.33376 2.50248 2.50129 2.49539 2.50111 2.49417 2.46591 2.40938 2.29486 1.51487 0.58888 0.0148757 -0.771733 -0.875358 0.60565 1.18372 1.50303
