Test_Spring_2018b/01_18/Temp/20180123_003.txt
ncols	170
nrows	115
xllcorner	350000.000000
yllcorner	4445000.000000
cellsize	1000.000000
nodata_value	-9999.000000
[rows 31 to 61 of 115, columns 70 to 139 of 170]
2.39385 3.18795 3.48418 2.94302 3.00479 4.33553 4.64712 4.636 4.54661 4.42964 3.81312 3.61162 3.12678 2.26712 1.91015 0.374948 -4.60174 -3.18684 -2.63093 -4.07105 -3.2606 -1.94422 -3.08292 -6.47014 -7.92654 -10.2749 -9.51811 -10.207 -12.0961 -9999 -9999 -9999 -9999 -9999 -9999 -9999 -9999 -9999 -9999 -9999 -9999 -9999 -9999 -9999 -9999 -9999 -9999 -9999 -9999 -9999 -9999 -9999 -9999 -9999 -9999 -9999 -9999 -9999 -9999 -9999 -9999 -9999 -9999 -9999 -9999 -9999 -9999 -9999 -9999 -9999
2.53753 2.90401 2.87674 2.35574 3.17798 3.93597 3.50733 3.22294 4.47489 4.48239 4.06863 3.08661 2.73029 2.36016 2.13529 0.871951 -2.68247 -5.88653 -4.16283 -4.11773 -5.30229 -3.16602 -4.28769 -7.22082 -11.3632 -9.10375 -9.68506 -12.5966 -13.3109 -9999 -9999 -9999 -9999 -9999 -9999 -9999 -9999 -9999 -9999 -9999 -9999 -9999 -9999 -9999 -9999 -9999 -9999 -9999 -9999 -9999 -9999 -9999 -9999 -9999 -9999 -9999 -9999 -9999 -9999 -9999 -9999 -9999 -9999 -9999 -9999 -9999 -9999 -9999 -9999 -9999
1.53573 2.44087 2.17091 1.95085 3.16949 3.15138 3.09527 3.56169 4.34599 4.50615 4.34912 3.92459 3.55762 3.16648 2.16433 0.718376 -2.32284 -5.97039 -6.79418 -5.00221 -4.91196 -4.62011 -5.6418 -6.92616 -8.93799 -7.28112 -6.63432 -8.55335 -11.057 -12.6648 -9999 -9999 -9999 -9999 -9999 -9999 -9999 -9999 -9999 -9999 -9999 -9999 -9999 -9999 -9999 -9999 -9999 -9999 -9999 -9999 -9999 -9999 -9999 -9999 -9999 -9999 -9999 -9999 -9999 -9999 -9999 -9999 -9999 -9999 -9999 -9999 -9999 -9999 -9999 -9999
0.191449 1.74068 1.32858 0.16005 0.897321 1.45295 2.4991 2.79204 2.95192 4.40463 4.33525 4.2751 3.6644 3.17691 2.36484 0.973404 -1.01015 -3.39964 -7.56384 -4.9887 -2.97124 -3.01809 -3.1235 -4.02172 -5.95421 -4.32779 -4.24624 -6.6954 -9.47086 -11.1192 -11.7983 -9999 -9999 -9999 -9999 -9999 -9999 -9999 -9999 -9999 -9999 -9999 -9999 -9999 -9999 -9999 -9999 -9999 -9999 -9999 -9999 -9999 -9999 -9999 -9999 -9999 -9999 -9999 -9999 -9999 -9999 -9999 -9999 -9999 -9999 -9999 -9999 -9999 -9999 -9999
-9999 0.767114 0.370673 -1.05798 -0.316082 0.671815 2.07607 2.81946 3.38397 3.82376 4.2718 4.22657 3.60138 1.74187 1.48107 1.40561 0.109947 -2.61488 -5.33625 -6.03784 -2.96259 -2.07898 -2.25318 -1.56245 -3.19859 -2.41749 -2.72999 -3.59169 -6.26942 -8.71324 -9.72797 -11.7381 -9999 -9999 -9999 -9999 -9999 -9999 -9999 -9999 -9999 -9999 -9999 -9999 -9999 -9999 -9999 -9999 -9999 -9999 -9999 -9999 -9999 -9999 -9999 -9999 -9999 -9999 -9999 -9999 -9999 -9999 -9999 -9999 -9999 -9999 -9999 -9999 -9999 -9999
-9999 -9999 -9999 -9999 -1.95429 -0.599128 0.522388 1.8943 3.08052 3.67349 4.24933 4.21054 2.95453 2.34299 2.29459 1.44756 -0.0490435 -0.986737 -2.69851 -4.48219 -3.79451 -1.17123 -2.33111 -0.470825 -0.622509 -0.276118 -1.51062 -3.83594 -6.96131 -8.7719 -9.67903 -11.3069 -9999 -9999 -9999 -9999 -9999 -9999 -9999 -9999 -9999 -9999 -9999 -9999 -9999 -9999 -9999 -9999 -9999 -9999 -9999 -9999 -9999 -9999 -9999 -9999 -9999 -9999 -9999 -9999 -9999 -9999 -9999 -9999 -9999 -9999 -9999 -9999 -9999 -9999
-9999 -9999 -9999 -9999 -9999 -0.844114 0.0143214 1.83204 2.7961 3.18405 4.10852 4.11774 3.64608 3.29104 2.77256 2.09321 0.969508 -0.270986 -1.8808 -2.02575 -0.346174 -0.320779 -0.665789 -0.385589 0.480421 0.259192 -1.64775 -4.94178 -6.68638 -10.217 -11.7356 -11.5745 -12.6499 -9999 -9999 -9999 -9999 -9999 -9999 -9999 -9999 -9999 -9999 -9999 -9999 -8.46993 -9999 -9999 -9999 -9999 -9999 -9999 -9999 -9999 -9999 -9999 -9999 -9999 -9999 -9999 -9999 -9999 -9999 -9999 -9999 -9999 -14.9136 -9999 -9999 -9999
-9999 -9999 -9999 -9999 -1.02857 0.126639 1.01588 2.15944 2.28883 2.98279 4.04496 4.06776 3.73529 3.35804 2.5017 2.2931 1.65531 0.307874 0.0355748 0.587778 0.844598 1.13535 1.31652 1.17895 0.836039 0.391508 -0.822837 -2.35282 -3.37747 -6.61527 -8.23832 -9.80563 -12.1809 -14.0383 -9999 -9999 -9999 -9999 -9999 -9999 -9999 -9.72306 -9.80842 -9.76302 -9.23771 -7.79309 -8.6366 -9999 -9999 -9999 -9999 -9999 -9999 -9999 -9999 -9999 -9999 -9999 -9999 -9999 -9999 -9999 -9999 -9999 -9999 -9999 -13.6113 -15.4854 -9999 -9999
-9999 -9999 -9999 -9999 -0.708405 0.490546 1.0949 2.20679 2.84732 3.28882 3.66281 4.01975 3.96798 3.54984 2.90987 2.91879 2.03384 1.55841 1.22002 1.9652 2.11601 1.82335 1.45551 1.13128 0.204605 0.103082 -0.17782 -1.14592 -2.73968 -4.38231 -6.73836 -9.96392 -13.1275 -15.6786 -9999 -9999 -9999 -9999 -9999 -9999 -9.45486 -8.25463 -7.53437 -9.05637 -7.75033 -6.55618 -6.74299 -7.88952 -9999 -9999 -9999 -9999 -9999 -9999 -9999 -9999 -9999 -9999 -9999 -9999 -9999 -9999 -4.72597 -6.64691 -10.5282 -12.5174 -13.7108 -15.4149 -9999 -9999
-9999 -9999 -9999 -9999 -0.947052 0.468117 1.43085 2.28666 2.43331 3.31993 3.71346 3.90911 3.89408 3.81606 3.70239 2.93077 2.60094 1.43152 2.55763 2.51893 2.23902 1.11905 0.636716 -1.28837 -2.13172 -2.29983 -0.668364 -1.86055 -4.3583 -7.48281 -11.2249 -11.4596 -12.6991 -14.9785 -9999 -9999 -9999 -9999 -9999 -9999 -9.08137 -7.79802 -6.72633 -6.56773 -8.08052 -5.9612 -6.03453 -7.21516 -7.48051 -6.50656 -6.01123 -6.36617 -5.20316 -4.86157 -5.38248 -4.80703 -9999 -9999 -9999 -9999 -4.45974 -4.38124 -4.32189 -5.12197 -9.36232 -12.2583 -14.8591 -15.0979 -9999 -9999
-9999 -9999 -9999 -9999 0.021268 0.898363 1.34866 1.43275 2.20274 2.98085 3.46286 3.81164 3.75026 3.72851 3.70406 3.44273 2.8295 2.94375 2.89701 2.54042 0.403402 -2.09101 -0.99689 -2.4738 -5.63477 -3.04033 -1.6145 -2.96573 -5.99343 -9.50568 -10.6364 -10.578 -12.3037 -14.5254 -9999 -9999 -9999 -12.5867 -10.7501 -10.5877 -10.0445 -8.3339 -7.03195 -6.05034 -5.38053 -5.39353 -6.09346 -7.2482 -8.50356 -8.05149 -5.78375 -5.22828 -4.7514 -4.39743 -4.88087 -4.62661 -4.01954 -3.70524 -3.64057 -3.782 -3.81375 -3.76364 -3.83539 -4.58214 -8.37356 -10.5443 -11.9293 -14.7167 -9999 -9999
-9999 -9999 -9999 -9999 -0.522773 0.242288 0.864706 1.89045 2.01059 2.66227 3.06122 3.63906 3.70984 3.05582 3.60601 3.5394 3.44058 3.227 2.91267 1.10845 -1.37893 -3.8718 -5.01967 -4.51624 -6.41935 -5.42454 -3.97962 -4.49183 -6.34163 -9.46933 -9.90272 -10.6128 -13.5164 -16.3148 -9999 -9999 -16.1427 -12.6214 -10.1415 -8.86117 -8.46295 -8.42257 -6.78313 -6.65201 -4.88681 -5.29214 -7.61935 -7.35385 -8.25704 -7.66595 -6.83256 -6.60126 -5.39742 -4.2448 -4.02556 -4.01852 -3.63134 -3.55064 -3.52901 -3.53806 -3.79863 -3.67848 -3.65972 -4.12528 -6.87362 -8.21382 -9.68894 -14.6786 -9999 -9999
-9999 -9999 -9999 -9999 -0.137445 0.716911 1.65113 1.81437 2.50942 2.45318 2.27927 3.2389 3.59794 3.13788 2.80703 3.42851 3.38834 3.3085 3.17548 1.47975 -0.482452 -3.45377 -5.29762 -6.41682 -7.21233 -8.26675 -7.52 -7.73614 -8.02895 -7.6716 -8.52091 -10.2227 -11.921 -15.1045 -16.8258 -9999 -15.9489 -14.3584 -11.4097 -8.90371 -7.31224 -7.88173 -6.01807 -5.6704 -4.59046 -5.21767 -6.62927 -7.2345 -7.285 -7.46706 -6.20945 -5.36174 -4.75736 -4.35693 -3.85835 -3.73035 -3.60205 -3.54774 -3.5178 -3.48775 -3.49349 -3.50293 -3.55828 -3.73325 -4.99698 -6.33336 -9.22433 -14.5114 -9999 -9999
-9999 -9999 -9999 -2.6102 -0.235321 1.18864 1.74942 2.15813 2.51952 2.78423 3.06727 3.32498 3.50316 3.43925 2.20981 2.3136 2.53748 3.23943 3.19107 3.03951 1.96768 -1.64885 -2.89136 -4.70972 -7.06939 -8.04498 -7.54052 -5.58944 -5.66562 -6.94043 -8.3626 -10.3245 -11.5735 -13.5243 -17.2749 -16.9331 -15.2378 -13.9762 -11.9717 -8.9092 -6.762 -5.80293 -5.43949 -4.68072 -4.28577 -5.14721 -5.96624 -6.30849 -6.94532 -7.03158 -7.0225 -6.26082 -5.66104 -4.34197 -3.89704 -3.69234 -3.58725 -3.53016 -3.48853 -3.44785 -3.43341 -3.45827 -3.45675 -3.46706 -3.55886 -5.3398 -9.79835 -13.1583 -9999 -9999
-9999 -9999 -9999 -9999 -0.670929 -0.0351329 0.143226 0.442802 1.03887 1.7228 2.69122 2.82388 3.35537 3.36062 2.30357 1.07851 2.14992 2.57605 3.01766 3.03242 2.89635 -0.138231 -1.72384 -2.96967 -5.23163 -4.39855 -3.61015 -3.54016 -3.99841 -6.74302 -9.47675 -12.6231 -15.5714 -15.706 -17.2892 -16.4427 -15.3218 -12.4497 -10.4283 -9.60791 -9.0184 -5.9056 -5.09307 -4.81312 -4.01401 -5.09718 -5.36844 -6.18082 -5.93393 -6.00089 -5.99157 -8.24818 -5.97049 -5.83287 -4.35178 -3.6837 -3.5309 -3.48811 -3.44299 -3.43493 -3.42566 -3.43203 -3.41691 -3.43847 -3.46478 -4.62279 -10.2739 -13.1147 -9999 -9999
-9999 -9999 -9999 -9999 -9999 -9999 -0.440368 0.0487329 0.367495 0.906617 2.53265 2.97626 3.27278 3.30434 2.83554 1.6243 1.30586 1.52967 0.344632 1.33907 2.70046 2.67109 2.51231 -0.154816 -1.50994 -0.175099 -0.566862 -2.56591 -4.13654 -5.68658 -8.8885 -11.2225 -14.6023 -17.1394 -17.2295 -14.4172 -12.0807 -9.17458 -7.89166 -8.61981 -7.82867 -6.28128 -4.52404 -3.67301 -3.87051 -5.0125 -5.16903 -6.42377 -5.18215 -5.0715 -5.64198 -6.13434 -5.92703 -5.19229 -4.91006 -3.75096 -3.46853 -3.41671 -3.40638 -3.40054 -3.40479 -3.41102 -3.42558 -3.438 -3.45462 -3.50729 -9.31629 -13.8389 -9999 -9999
-9999 -9999 -9999 -9999 -9999 -9999 -1.55406 -1.2493 -0.476468 1.48176 2.51786 2.93979 2.93497 3.13215 2.80308 1.73695 0.641233 -0.393258 -1.72718 -0.961318 1.06231 2.25794 2.39931 0.0623459 1.29536 0.849023 -0.0401733 -2.65779 -4.58362 -5.59908 -8.67231 -11.2951 -13.5408 -16.6458 -15.3087 -13.838 -11.9514 -8.78042 -6.64123 -5.76186 -6.49771 -5.50826 -3.48651 -3.47299 -4.57501 -4.49987 -5.16903 -6.88516 -5.08949 -4.58061 -4.98183 -4.87138 -5.01366 -4.73775 -4.23856 -3.76129 -3.44339 -3.39881 -3.39243 -3.40177 -3.40173 -3.40062 -3.42309 -3.42169 -3.43842 -3.4685 -7.21827 -13.9225 -9999 -9999
-9999 -9999 -9999 -9999 -9999 -9999 -9999 -2.54993 -0.807238 1.78727 2.44595 2.39854 2.94021 2.99329 2.48535 2.04336 0.712574 -1.10731 -4.604 -3.71067 -1.84765 0.838677 2.25408 2.07135 1.30027 -0.0512549 -3.33575 -6.20829 -6.5466 -7.00685 -9.24646 -11.262 -13.7595 -12.3004 -10.7039 -8.95912 -8.0414 -8.27647 -6.44318 -4.94859 -5.58152 -4.3681 -2.9524 -3.59131 -3.9677 -4.28256 -5.05651 -5.09905 -5.01301 -3.99085 -4.68933 -4.25158 -4.23141 -4.25181 -4.00714 -3.72645 -3.4322 -3.38247 -3.38046 -3.37477 -3.40823 -3.3962 -3.41309 -3.42991 -3.44541 -3.47135 -3.81109 -7.42409 -9.58181 -9999
-9999 -9999 -9999 -9999 -9999 -9999 -9999 -4.14047 -3.26352 -0.193858 0.767726 2.12828 2.85387 2.89396 2.03285 1.55428 -0.429712 -1.07272 -4.30724 -5.76917 -4.5224 -4.99355 -1.29484 1.98026 1.28219 -5.30321 -7.681 -9.3733 -8.92369 -8.90766 -9.52271 -12.9671 -13.9133 -10.8049 -8.8462 -7.32851 -6.17731 -5.93572 -5.97378 -3.63677 -3.3247 -2.56431 -2.72754 -2.65494 -3.83151 -4.55797 -3.91676 -4.64762 -4.76836 -3.71257 -4.74201 -3.80075 -3.90183 -4.1787 -4.18969 -3.56997 -3.44252 -3.37476 -3.3696 -3.3929 -3.42362 -3.44112 -3.4212 -3.4307 -3.46514 -3.46368 -3.49751 -3.93078 -5.79909 -6.45208
-9999 -9999 -9999 -9999 -9999 -9999 -9999 -9999 -6.11061 -1.85082 0.106739 1.1364 2.58008 2.76009 2.30745 1.47495 -0.546249 -2.32387 -5.21488 -8.51637 -10.2603 -5.01818 -0.45366 1.93304 1.63361 -3.84653 -6.00235 -6.09131 -4.80335 -5.86854 -6.67389 -9.28676 -10.0649 -11.1508 -10.471 -8.35661 -6.63085 -4.9671 -3.75766 -3.65814 -2.87364 -2.42025 -2.38153 -2.23823 -2.37408 -2.48384 -3.61826 -2.8275 -3.4897 -3.13044 -3.35305 -3.55344 -3.7209 -4.36802 -3.90427 -3.49364 -3.38604 -3.35258 -3.37598 -3.38103 -3.39805 -3.43639 -3.45328 -3.4561 -3.46017 -3.48127 -3.48177 -3.50588 -3.71555 -4.83951
-9999 -9999 -9999 -9999 -9999 -9999 -9999 -9999 -8.23001 -3.99168 -1.93824 0.692432 2.05231 2.6083 2.54026 1.86645 0.331494 -1.98038 -3.90591 -7.59139 -11.4175 -5.91474 -1.00842 1.6417 1.79057 -2.80878 -1.51879 -2.54143 -2.11291 -3.9943 -4.76953 -5.37201 -6.72274 -8.20164 -9.82013 -10.6754 -6.80508 -4.8171 -3.2176 -2.46311 -2.03648 -1.8232 -1.93332 -2.22034 -3.93494 -2.62241 -2.68886 -2.81499 -2.95988 -3.02734 -3.15785 -3.31249 -3.39717 -3.42685 -3.85574 -3.36248 -3.37304 -3.36493 -3.36164 -3.37391 -3.39818 -3.41974 -3.44657 -3.44632 -3.46263 -3.4797 -3.49152 -3.50134 -3.51554 -3.57746
-9999 -9999 -9999 -9999 -9999 -9999 -9999 -9999 -14.1653 -8.00625 -3.04482 -0.455854 1.65512 2.23756 2.45733 1.55261 0.876116 -0.780126 -2.34833 -4.76857 -8.39442 -10.6246 -6.50091 -0.511223 1.70688 1.54913 1.42143 0.236767 -0.829603 -0.954861 -0.863412 -2.09801 -3.91488 -6.29549 -7.03444 -7.86704 -4.98352 -4.59057 -4.79949 -1.63143 -1.62345 -1.80276 -3.01362 -4.36414 -4.10437 -4.93853 -4.29221 -5.2894 -4.36475 -3.56466 -3.26288 -3.28286 -3.37886 -3.38777 -3.43259 -3.3473 -3.34694 -3.3593 -3.36891 -3.3741 -3.38589 -3.42297 -3.44438 -3.43175 -3.45684 -3.4761 -3.49359 -3.4998 -3.50699 -3.55289
-9999 -9999 -9999 -9999 -9999 -9999 -9999 -9999 -13.8965 -8.70713 -4.31219 -1.6685 0.866881 1.45906 2.31677 2.13611 1.42778 -0.0111927 -1.80959 -3.80063 -6.91055 -9.2202 -6.46219 -2.47998 0.372239 1.40625 1.40928 1.35078 1.09052 0.990603 0.685773 0.480951 -0.822076 -3.07005 -4.3393 -6.20002 -2.98685 -2.62447 -3.12508 -1.52188 -1.60144 -4.02344 -5.88531 -6.11614 -4.97208 -6.05036 -6.2377 -6.90446 -6.14007 -4.09783 -4.6879 -4.56621 -3.63238 -3.47727 -3.38 -3.35172 -3.35651 -3.35965 -3.37445 -3.37155 -3.36906 -3.40539 -3.42251 -3.43131 -3.46704 -3.4734 -3.49818 -3.51997 -3.53535 -3.5601
-9999 -9999 -9999 -9999 -9999 -9999 -9999 -9999 -13.7938 -10.2942 -6.3388 -2.45214 0.254786 1.3495 2.14711 2.14236 1.31887 0.605257 -0.520773 -2.27177 -3.47126 -5.5558 -8.41752 -3.60451 -2.11863 -0.788935 -0.225442 1.15557 1.13185 0.513169 -0.19464 0.48963 0.298108 -1.48108 -2.06338 -3.05051 -1.26215 -1.25578 -1.30372 -1.39825 -3.44407 -6.28815 -8.56106 -6.92311 -7.26321 -6.50285 -8.82752 -6.90803 -5.36323 -4.85947 -5.89983 -6.67322 -4.26035 -3.86251 -3.62354 -3.46992 -3.36866 -3.39142 -3.36587 -3.37931 -3.38597 -3.3936 -3.41432 -3.42708 -3.44835 -3.47014 -3.49042 -3.50953 -3.5372 -3.57318
-9999 -9999 -9999 -9999 -9999 -9999 -9999 -9999 -9999 -12.3488 -7.33083 -2.85691 -0.363734 1.20566 1.97222 1.96242 1.54325 1.05992 0.363064 -0.899071 -2.48499 -4.99273 -6.85242 -5.66232 -4.20567 -4.02866 -3.05929 -0.264266 0.696485 -0.643654 -3.95853 -1.98105 0.220349 0.189823 0.00686387 -0.199036 -0.465388 -0.704828 -1.23189 -2.647 -6.98538 -7.83685 -9.53767 -9.34244 -10.2137 -8.29621 -9.00671 -7.04408 -6.19159 -5.86763 -7.67602 -7.28156 -5.15276 -4.30761 -4.44523 -3.92599 -3.42936 -3.41165 -3.39628 -3.4081 -3.39678 -3.3924 -3.40036 -3.42375 -3.44016 -3.45227 -3.49206 -3.49215 -3.65368 -3.75847
-9999 -9999 -9999 -9999 -9999 -9999 -9999 -9999 -9999 -13.3369 -8.33648 -3.06932 -1.37415 0.317257 1.77715 1.80975 1.16759 0.556869 -0.0723108 -0.788935 -2.71318 -4.57849 -6.3585 -6.95175 -6.58535 -6.59376 -5.03141 -1.39338 -0.682302 -0.97393 -4.43424 -5.6072 -2.66861 -0.198673 -0.000357674 -0.220254 -3.1181 -2.49761 -4.06029 -6.1807 -6.76294 -7.69003 -9.65119 -8.70419 -10.1399 -9.52088 -9.67473 -8.55939 -8.01393 -6.68767 -8.26357 -8.24502 -6.15519 -5.09843 -5.06969 -3.96101 -3.56449 -3.45932 -3.43174 -3.41174 -3.40584 -3.38747 -3.39682 -3.41234 -3.4332 -3.48535 -3.61057 -3.99718 -6.09996 -6.09686
-9999 -9999 -9999 -9999 -9999 -9999 -9999 -9999 -9999 -12.7603 -9.28842 -4.61438 -1.15104 -0.928343 0.757396 1.62949 0.9311 0.144091 -0.661184 -1.01076 -3.10516 -5.40578 -7.26315 -9.46214 -9.09247 -7.50239 -4.89256 -2.54022 -2.11326 -2.59035 -4.43379 -3.54601 -1.54047 -0.473622 -0.15626 -0.399191 -1.02783 -1.39013 -2.54007 -3.03729 -4.63569 -7.13616 -8.11974 -7.49326 -10.1477 -9.95951 -8.97439 -10.0063 -8.28289 -7.45653 -9.4928 -7.86364 -6.01292 -5.06561 -4.2372 -3.844 -3.68612 -3.44526 -3.43729 -3.41571 -3.40347 -3.40583 -3.40497 -3.44288 -3.47424 -3.6965 -4.02467 -5.98096 -6.79937 -6.63888
-9999 -9999 -9999 -9999 -9999 -9999 -9999 -9999 -9999 -12.1705 -9.04434 -4.9911 -2.52032 -2.07398 -0.205081 1.45696 1.27612 0.457337 0.210935 -0.637651 -2.4131 -4.37431 -6.51801 -7.55696 -9.95266 -7.58121 -5.68976 -3.69699 -2.76087 -4.26985 -5.03431 -3.66465 -2.3034 -1.75711 -0.383261 -0.392544 -0.835619 -2.75717 -3.69292 -3.29377 -3.6946 -4.39838 -6.11869 -6.1931 -7.29725 -7.75306 -8.18332 -9.57794 -8.67818 -8.58565 -8.34087 -6.38631 -5.42211 -4.7821 -4.19987 -4.0455 -3.79134 -3.46226 -3.43179 -3.41858 -3.41878 -3.41157 -3.43471 -3.52701 -3.6048 -4.05251 -4.8456 -6.326 -8.72911 -7.03661
-9999 -9999 -9999 -9999 -9999 -9999 -9999 -9999 -9999 -12.7025 -9.38242 -5.9177 -4.46603 -4.2153 -0.836917 1.23332 1.24129 0.855488 0.404163 -1.69833 -1.5699 -1.98628 -3.91956 -6.73772 -9.83304 -9.53576 -7.67436 -5.03849 -4.16396 -6.67525 -7.56581 -6.90109 -4.84556 -3.00544 -1.08471 -0.59414 -1.15304 -4.14574 -7.32651 -5.84726 -4.26701 -4.2733 -4.73377 -6.32892 -6.83375 -7.29044 -8.45342 -10.4233 -10.1231 -9.57169 -7.35463 -6.65446 -5.57395 -4.67626 -5.01187 -4.8124 -3.95384 -3.46055 -3.44044 -3.43026 -3.41284 -3.42306 -3.45149 -3.63607 -3.8317 -4.16058 -6.22922 -7.51536 -9.39106 -7.21237
-9999 -9999 -9999 -9999 -9999 -9999 -9999 -9999 -9999 -13.7287 -11.3179 -8.00633 -6.6686 -4.53832 -1.34555 0.227034 0.983125 0.970994 0.671711 -0.2672 -0.82968 -1.94249 -3.95391 -6.7059 -9.76534 -11.7547 -10.7339 -7.1848 -6.33748 -8.65768 -9.84175 -8.35495 -6.16481 -2.92459 -1.07172 -0.818313 -0.982074 -1.59668 -3.9181 -6.72363 -6.71144 -5.30037 -6.47636 -7.84359 -7.08772 -7.2246 -8.37295 -9.20748 -9.70629 -9.38592 -8.11685 -7.59475 -6.34703 -4.5065 -4.24122 -4.29154 -3.51573 -3.47536 -3.45578 -3.42522 -3.42496 -3.43102 -3.45337 -3.60371 -3.94159 -5.31824 -6.51871 -8.18908 -8.39521 -6.45986
-9999 -9999 -9999 -9999 -9999 -9999 -9999 -9999 -9999 -15.4951 -12.6602 -9.55787 -6.65299 -3.90469 -1.53888 -1.35185 -0.102146 -0.0993142 0.557578 0.375229 -0.494637 -1.4311 -3.16344 -6.7003 -9.67322 -12.9157 -12.0531 -8.44165 -7.93831 -9.50005 -12.3904 -9.39525 -6.09307 -3.10016 -1.4783 -2.74282 -1.43955 -1.54313 -2.41108 -4.08005 -6.67673 -6.62498 -8.57042 -8.65267 -7.64972 -7.32245 -7.4865 -8.11234 -9.11213 -8.92976 -8.15527 -7.95894 -6.81226 -5.38414 -3.98796 -3.7519 -3.48428 -3.47127 -3.46547 -3.44241 -3.43842 -3.46643 -3.53684 -3.69411 -4.84798 -6.22047 -7.06579 -8.22946 -8.37026 -6.13735
