Test_Spring_2018b/01_18/Temp/20180124_015.txt
ncols	170
nrows	115
xllcorner	350000.000000
yllcorner	4445000.000000
cellsize	1000.000000
nodata_value	-9999.000000
[rows 31 to 61 of 115, columns 71 to 141 of 170]
8.84319 9.05594 8.63385 8.66792 9.64737 9.85988 9.83734 9.73231 9.63012 9.14997 8.98468 8.60531 7.94257 7.66111 6.48764 2.70777 3.76944 4.1806 3.07986 3.68365 4.67043 3.79727 1.22058 0.105954 -1.68468 -1.13542 -1.68446 -3.12809 -9999 -9999 -9999 -9999 -9999 -9999 -9999 -9999 -9999 -9999 -9999 -9999 -9999 -9999 -9999 -9999 -9999 -9999 -9999 -9999 -9999 -9999 -9999 -9999 -9999 -9999 -9999 -9999 -9999 -9999 -9999 -9999 -9999 -9999 -9999 -9999 -9999 -9999 -9999 -9999 -9999 -9999 -9999
8.62587 8.59373 8.18712 8.79748 9.35881 8.99518 8.75259 9.67679 9.66921 9.34292 8.58664 8.30477 8.01291 7.83151 6.8639 4.16122 1.72411 3.01962 3.04367 2.13618 3.74384 2.88348 0.650706 -2.49835 -0.798766 -1.25118 -3.49602 -4.05896 -9999 -9999 -9999 -9999 -9999 -9999 -9999 -9999 -9999 -9999 -9999 -9999 -9999 -9999 -9999 -9999 -9999 -9999 -9999 -9999 -9999 -9999 -9999 -9999 -9999 -9999 -9999 -9999 -9999 -9999 -9999 -9999 -9999 -9999 -9999 -9999 -9999 -9999 -9999 -9999 -9999 -9999 -9999
8.27333 8.05744 7.87888 8.78966 8.76331 8.69207 9.00766 9.57799 9.68625 9.5546 9.22074 8.93092 8.62321 7.85308 6.74714 4.43312 1.66001 1.02581 2.3729 2.4309 2.6414 1.85669 0.87272 -0.662596 0.580622 1.0585 -0.419401 -2.35351 -3.5993 -9999 -9999 -9999 -9999 -9999 -9999 -9999 -9999 -9999 -9999 -9999 -9999 -9999 -9999 -9999 -9999 -9999 -9999 -9999 -9999 -9999 -9999 -9999 -9999 -9999 -9999 -9999 -9999 -9999 -9999 -9999 -9999 -9999 -9999 -9999 -9999 -9999 -9999 -9999 -9999 -9999 -9999
7.74173 7.41818 6.52121 7.06739 7.47566 8.22561 8.41308 8.52093 9.60831 9.54314 9.48536 9.01099 8.63036 8.00425 6.93962 5.42673 3.60651 0.442093 2.38233 3.90002 3.8539 3.76316 3.07159 1.59631 2.81642 2.86612 0.976476 -1.1699 -2.43008 -2.95588 -9999 -9999 -9999 -9999 -9999 -9999 -9999 -9999 -9999 -9999 -9999 -9999 -9999 -9999 -9999 -9999 -9999 -9999 -9999 -9999 -9999 -9999 -9999 -9999 -9999 -9999 -9999 -9999 -9999 -9999 -9999 -9999 -9999 -9999 -9999 -9999 -9999 -9999 -9999 -9999 -9999
7.00355 6.69177 5.59767 6.14725 6.88284 7.91771 8.44449 8.84709 9.16719 9.49392 9.44745 8.96215 7.54233 7.33384 7.26605 6.27426 4.20009 2.12856 1.58686 3.90575 4.56436 4.42144 4.93334 3.68242 4.26212 4.01322 3.3364 1.27073 -0.609166 -1.38929 -2.9231 -9999 -9999 -9999 -9999 -9999 -9999 -9999 -9999 -9999 -9999 -9999 -9999 -9999 -9999 -9999 -9999 -9999 -9999 -9999 -9999 -9999 -9999 -9999 -9999 -9999 -9999 -9999 -9999 -9999 -9999 -9999 -9999 -9999 -9999 -9999 -9999 -9999 -9999 -9999 -9999
-9999 -9999 -9999 4.9055 5.90358 6.73114 7.74284 8.61614 9.05211 9.47553 9.43389 8.47076 7.99626 7.94874 7.29664 6.15276 5.43236 4.12566 2.76439 3.27485 5.25116 4.36158 5.75923 5.63255 5.88279 4.93528 3.13552 0.745447 -0.655129 -1.35397 -2.5984 -9999 -9999 -9999 -9999 -9999 -9999 -9999 -9999 -9999 -9999 -9999 -9999 -9999 -9999 -9999 -9999 -9999 -9999 -9999 -9999 -9999 -9999 -9999 -9999 -9999 -9999 -9999 -9999 -9999 -9999 -9999 -9999 -9999 -9999 -9999 -9999 -9999 -9999 -9999 -9999
-9999 -9999 -9999 -9999 5.7169 6.34521 7.70779 8.39957 8.67996 9.36726 9.36187 8.99282 8.71265 8.30917 7.78423 6.92299 5.97343 4.74412 4.62424 5.8861 5.89465 5.62223 5.82293 6.46689 6.28691 4.81828 2.29658 0.96195 -1.75133 -2.9136 -2.80321 -3.62894 -9999 -9999 -9999 -9999 -9999 -9999 -9999 -9999 -9999 -9999 -9999 -9999 -0.583079 -9999 -9999 -9999 -9999 -9999 -9999 -9999 -9999 -9999 -9999 -9999 -9999 -9999 -9999 -9999 -9999 -9999 -9999 -9999 -9999 -5.67285 -9999 -9999 -9999 -9999 -9999
-9999 -9999 -9999 5.60534 6.44409 7.10276 7.9541 8.02513 8.5259 9.31722 9.32195 9.05827 8.76133 8.10209 7.93393 7.44099 6.41068 6.19473 6.60311 6.78744 6.99704 7.12312 7.00722 6.73524 6.38578 5.4288 4.25619 3.46632 0.991228 -0.266708 -1.46584 -3.2764 -4.69416 -9999 -9999 -9999 -9999 -9999 -9999 -9999 -1.49782 -1.57115 -1.54567 -1.15698 -0.0722603 -0.720997 -9999 -9999 -9999 -9999 -9999 -9999 -9999 -9999 -9999 -9999 -9999 -9999 -9999 -9999 -9999 -9999 -9999 -9999 -9999 -4.68813 -6.11529 -9999 -9999 -9999 -9999
-9999 -9999 -9999 5.82676 6.71942 7.16154 7.98814 8.45798 8.75585 9.02555 9.28317 9.23204 8.90419 8.409 8.40587 7.72604 7.35659 7.0909 7.64573 7.74995 7.51773 7.22793 6.97049 6.25604 6.16597 5.9166 5.16891 3.94729 2.68879 0.867115 -1.58847 -3.99644 -5.93984 -9999 -9999 -9999 -9999 -9999 -9999 -1.28843 -0.387611 0.149439 -1.01222 -0.0321443 0.862782 0.711323 -0.182063 -9999 -9999 -9999 -9999 -9999 -9999 -9999 -9999 -9999 -9999 -9999 -9999 -9999 -9999 2.06929 0.607248 -2.33979 -3.85386 -4.76525 -6.06371 -9999 -9999 -9999 -9999
-9999 -9999 -9999 5.64667 6.70223 7.41491 8.04668 8.14161 8.78768 9.06138 9.19658 9.17319 9.10305 9.00673 8.4127 8.15375 7.25906 8.10306 8.0645 7.84272 6.98398 6.60743 5.13724 4.48559 4.32348 5.54431 4.62611 2.71898 0.337254 -2.52659 -2.72442 -3.67535 -5.41311 -9999 -9999 -9999 -9999 -9999 -9999 -1.00789 -0.0438441 0.759604 0.871034 -0.283986 1.31164 1.23239 0.327279 0.11525 0.841847 1.20596 0.914978 1.78214 2.03164 1.62828 2.05582 -9999 -9999 -9999 -9999 2.28249 2.33519 2.37335 1.76043 -1.45849 -3.65935 -5.63675 -5.83034 -9999 -9999 -9999 -9999
-9999 -9999 -9999 6.38095 7.02797 7.35151 7.39778 7.96395 8.52746 8.86869 9.11917 9.06084 9.0336 9.00524 8.79822 8.32515 8.40335 8.35955 8.08073 6.45275 4.5533 5.3711 4.23901 1.82207 3.7627 4.82697 3.78744 1.47802 -1.19826 -2.08429 -2.05992 -3.37953 -5.07415 -9999 -9999 -9999 -3.64241 -2.25901 -2.14349 -1.73944 -0.451404 0.526796 1.26122 1.75944 1.73268 1.18671 0.300826 -0.661522 -0.330692 1.37546 1.78484 2.12163 2.38028 2.00518 2.19054 2.64248 2.87312 2.91506 2.80117 2.77056 2.80204 2.74118 2.16893 -0.711377 -2.36285 -3.4194 -5.5421 -9999 -9999 -9999 -9999
-9999 -9999 -9999 5.96917 6.5308 6.9842 7.73936 7.81289 8.28978 8.56818 8.98508 9.02677 8.52072 8.92789 8.86874 8.78581 8.61622 8.37025 6.99537 5.10235 3.20426 2.32389 2.68567 1.23043 1.95992 3.03832 2.6299 1.20886 -1.17657 -1.52071 -2.08547 -4.30253 -6.43368 -9999 -9999 -6.33166 -3.67235 -1.80125 -0.838566 -0.544 -0.5207 0.713404 0.804476 2.13263 1.80987 0.0316699 0.221422 -0.476682 -0.0410533 0.578226 0.741814 1.63347 2.49391 2.65093 2.64782 2.9332 2.98697 2.99644 2.98302 2.77931 2.86407 2.87199 2.51292 0.424529 -0.597572 -1.72591 -5.51246 -9999 -9999 -9999 -9999
-9999 -9999 -9999 6.25778 6.8863 7.57525 7.68044 8.18894 8.12734 7.97169 8.68438 8.93838 8.57934 8.31946 8.78192 8.74392 8.6762 8.5681 7.27587 5.78101 3.52074 2.11324 1.24679 0.630067 -0.196715 0.352234 0.17148 -0.0674616 0.186188 -0.478369 -1.79424 -3.09408 -5.52111 -6.8354 -9999 -6.18891 -4.9917 -2.76518 -0.873682 0.325118 -0.113154 1.29106 1.54634 2.35044 1.86529 0.780568 0.309655 0.259496 0.109483 1.04991 1.6773 2.11501 2.40816 2.77424 2.86266 2.95195 2.98581 3.00172 3.01812 3.00766 2.9945 2.94653 2.80778 1.84405 0.821869 -1.37539 -5.38732 -9999 -9999 -9999 -9999
-9999 -9999 4.41441 6.18403 7.24305 7.6482 7.93842 8.19335 8.37587 8.56661 8.74508 8.86722 8.80405 7.86381 7.93456 8.09707 8.62205 8.57862 8.45649 7.63641 4.88764 3.93078 2.53641 0.734216 -0.0288587 0.335802 1.79579 1.72009 0.736618 -0.358057 -1.87067 -2.83552 -4.3256 -7.17988 -6.93027 -5.65429 -4.70585 -3.19411 -0.880704 0.739446 1.45934 1.72751 2.29049 2.58034 1.91643 1.28077 1.0096 0.514906 0.436997 0.431234 0.995629 1.43019 2.41596 2.74328 2.88801 2.95972 2.99576 3.02067 3.04532 3.05038 3.02579 3.02113 3.0073 2.92906 1.57301 -1.81062 -4.36283 -9999 -9999 -9999 -9999
-9999 -9999 -9999 5.85406 6.31526 6.42994 6.63673 7.06869 7.5681 8.27783 8.36336 8.7527 8.7438 7.93164 6.99623 7.80114 8.11769 8.44586 8.45014 8.33918 6.02546 4.81219 3.85471 2.12612 2.73276 3.31182 3.34627 2.98042 0.882901 -1.20593 -3.61581 -5.86382 -5.97914 -7.19302 -6.56275 -5.72171 -3.55314 -2.02826 -1.4127 -0.972045 1.37952 1.98546 2.18817 2.78401 1.95321 1.7324 1.10481 1.27912 1.21542 1.2094 -0.512854 1.19264 1.28587 2.39743 2.89232 2.99909 3.02436 3.05204 3.05215 3.05351 3.04316 3.04902 3.02525 2.99934 2.11538 -2.17235 -4.33138 -9999 -9999 -9999 -9999
-9999 -9999 -9999 -9999 -9999 5.98608 6.33585 6.55724 6.94648 8.15421 8.47503 8.68625 8.69866 8.33387 7.407 7.15952 7.32319 6.41963 7.16527 8.18629 8.15344 8.02083 5.9866 4.93781 5.93109 5.61572 4.08242 2.87343 1.68015 -0.763876 -2.55851 -5.13372 -7.06911 -7.14937 -5.02957 -3.27013 -1.07555 -0.109733 -0.666832 -0.0731639 1.09089 2.41441 3.05058 2.89154 2.01609 1.88214 0.91924 1.84671 1.91721 1.47168 1.08539 1.22268 1.76794 1.97122 2.83958 3.04485 3.07543 3.07687 3.07545 3.06673 3.05667 3.03955 3.02425 3.00538 2.95873 -1.44854 -4.88148 -9999 -9999 -9999 -9999
-9999 -9999 -9999 -9999 -9999 5.14052 5.35035 5.91537 7.37926 8.1401 8.44437 8.42728 8.56514 8.30625 7.49075 6.65394 5.86474 4.84798 5.42075 6.94469 7.83976 7.93446 6.1502 7.06176 6.70562 6.01317 4.011 2.53261 1.74389 -0.60302 -2.61647 -4.33282 -6.69854 -5.69792 -4.59433 -3.17408 -0.779685 0.834888 1.49549 0.931925 1.67483 3.19881 3.20067 2.3565 2.40292 1.88066 0.568129 1.91508 2.28702 1.96947 2.03955 1.91203 2.10957 2.47704 2.82884 3.06092 3.08699 3.08487 3.07204 3.06669 3.06203 3.03951 3.03479 3.01594 2.98648 0.139016 -4.94638 -9999 -9999 -9999 -9999
-9999 -9999 -9999 -9999 -9999 -9999 4.36298 5.66262 7.60844 8.08343 8.03221 8.42907 8.45779 8.06344 7.72073 6.70614 5.32192 2.66719 3.33654 4.73887 6.76307 7.8228 7.67025 7.06382 6.02199 3.51516 1.31982 1.04381 0.675534 -1.04005 -2.59357 -4.50076 -3.40942 -2.21236 -0.901213 -0.214773 -0.39995 0.982803 2.10932 1.62404 2.53664 3.60161 3.10932 2.8148 2.56583 1.9642 1.91929 1.97125 2.73191 2.18912 2.50703 2.50254 2.47556 2.65018 2.85301 3.06714 3.0971 3.09191 3.09038 3.05963 3.06342 3.0452 3.02675 3.0089 2.98266 2.71817 -0.0257935 -1.66825 -9999 -9999 -9999
-9999 -9999 -9999 -9999 -9999 -9999 3.15614 3.80029 6.10627 6.8108 7.82617 8.36243 8.38134 7.71946 7.34838 5.8389 5.34615 2.89027 1.77478 2.71028 2.34287 5.13214 7.59881 7.0477 2.04166 0.221796 -1.07939 -0.758412 -0.765743 -1.25065 -3.88639 -4.61847 -2.27786 -0.806419 0.33273 1.19598 1.37147 1.3368 3.10168 3.33146 3.90089 3.76989 3.81654 2.91597 2.35529 2.8256 2.25942 2.15484 2.94106 2.14767 2.84703 2.75071 2.5295 2.51047 2.97011 3.05787 3.10146 3.09852 3.07504 3.04651 3.0276 3.03727 3.02439 2.99224 2.98679 2.95408 2.61864 1.19545 0.692317 1.23145 -9999
-9999 -9999 -9999 -9999 -9999 -9999 -9999 1.64231 4.85023 6.30932 7.07432 8.15465 8.2796 7.92383 7.28614 5.74886 4.3964 2.20042 -0.307119 -1.63931 2.32081 5.76597 7.55991 7.31078 3.1423 1.49097 1.40467 2.36109 1.53522 0.906578 -1.09927 -1.70378 -2.53999 -2.03715 -0.447383 0.851124 2.1044 3.01445 3.08432 3.67318 4.0078 4.0297 4.1299 4.01766 3.9242 3.04962 3.63619 3.1217 3.38057 3.19855 3.0334 2.88678 2.38527 2.72593 3.02724 3.09998 3.11715 3.09276 3.08302 3.06477 3.03072 3.01131 3.00347 2.99433 2.97183 2.96441 2.93897 2.77219 1.91242 0.764028 -0.68469
-9999 -9999 -9999 -9999 -9999 -9999 -9999 0.0357739 3.2281 4.76002 6.73808 7.75165 8.15927 8.09918 7.58137 6.41199 4.65444 3.18936 0.390618 -2.51563 1.64083 5.34184 7.33556 7.43331 3.92525 4.88455 4.09165 4.39773 2.95427 2.34905 1.86605 0.828173 -0.305433 -1.54552 -2.20401 0.719262 2.21788 3.42309 3.98874 4.30621 4.46187 4.36862 4.14098 2.83299 3.81698 3.75139 3.64375 3.52143 3.45743 3.34553 3.2154 3.13148 3.09786 2.76257 3.12516 3.10901 3.10759 3.10333 3.08797 3.06407 3.04257 3.0172 3.01038 2.99088 2.97144 2.95551 2.94097 2.92237 2.86718 2.63239 0.690162
-9999 -9999 -9999 -9999 -9999 -9999 -9999 -4.46098 0.186997 3.91699 5.86433 7.44677 7.87789 8.03554 7.34243 6.82283 5.56139 4.36648 2.52569 -0.229173 -1.92805 1.18135 5.70542 7.36635 7.22283 7.10902 6.19416 5.36872 5.25621 5.30821 4.3465 2.95262 1.13674 0.564302 -0.0760126 2.09963 2.38981 2.22488 4.61829 4.61826 4.4762 3.55232 2.5171 2.70502 2.06031 2.53468 1.76762 2.45581 3.04938 3.26537 3.23768 3.14518 3.12548 3.08157 3.13726 3.12915 3.11219 3.09804 3.08789 3.07324 3.03977 3.0183 3.02255 2.99532 2.97447 2.95254 2.94083 2.92766 2.88477 2.84481 2.53888
-9999 -9999 -9999 -9999 -9999 -9999 -9999 -4.26303 -0.357377 2.95698 4.94024 6.84928 7.28767 7.92826 7.78318 7.23899 6.1416 4.77184 3.25571 0.891321 -0.867881 1.21026 4.21016 6.35675 7.11577 7.0972 7.03618 6.82219 6.72669 6.47918 6.29707 5.2965 3.57916 2.60691 1.1878 3.61295 3.87968 3.49342 4.70112 4.63436 2.79318 1.37589 1.19344 2.0454 1.21905 1.06186 0.542451 1.10971 2.64462 2.18374 2.26376 2.95096 3.05807 3.12219 3.13461 3.12266 3.11264 3.09446 3.09026 3.08621 3.05307 3.03461 3.02242 2.98963 2.97534 2.94986 2.9265 2.90516 2.87846 2.84152 2.74856
-9999 -9999 -9999 -9999 -9999 -9999 -9999 -4.1826 -1.56017 1.42182 4.34601 6.38509 7.20404 7.79886 7.78666 7.15478 6.60631 5.74535 4.41062 3.49299 1.90415 -0.274353 3.35932 4.46647 5.44963 5.85898 6.88845 6.85371 6.36841 5.8003 6.30455 6.14328 4.78388 4.33208 3.57464 4.9204 4.91719 4.87344 4.79478 3.23824 1.07698 -0.65197 0.580862 0.31482 0.874162 -0.901938 0.539908 1.69836 2.06802 1.26556 0.668114 2.47556 2.76687 2.93848 3.04599 3.11445 3.08956 3.10184 3.0851 3.07391 3.06226 3.04083 3.02541 3.00339 2.98069 2.95476 2.93346 2.90512 2.8703 2.86039 2.80614
-9999 -9999 -9999 -9999 -9999 -9999 -9999 -9999 -3.11433 0.663978 4.04031 5.91731 7.09552 7.66642 7.64992 7.32376 6.94918 6.41279 5.44791 4.23722 2.32756 0.9079 1.79737 2.88155 2.99104 3.70995 5.81133 6.52318 5.49232 2.95206 4.43184 6.08661 6.05172 5.9023 5.7364 5.52497 5.33531 4.9283 3.84898 0.555566 -0.0964805 -1.39245 -1.25267 -1.92124 -0.486681 -1.04053 0.435237 1.06978 1.30378 -0.0774557 0.199488 1.80125 2.43161 2.31802 2.70249 3.06958 3.07535 3.07985 3.06419 3.06642 3.06364 3.05163 3.02855 3.01005 2.99456 2.95322 2.9463 2.81661 2.72957 2.56084 2.75231
-9999 -9999 -9999 -9999 -9999 -9999 -9999 -9999 -3.87387 -0.0991784 3.87833 5.15104 6.42166 7.51758 7.53291 7.03749 6.56602 6.0805 5.52848 4.06128 2.63811 1.27884 0.817693 1.08265 1.04496 2.21377 4.95448 5.47805 5.24221 2.58694 1.68554 3.89913 5.75849 5.89801 5.72152 3.51732 3.97868 2.78688 1.17292 0.724184 0.0141954 -1.47923 -0.77022 -1.86637 -1.40672 -1.5484 -0.714022 -0.311585 0.682095 -0.522518 -0.530186 1.04234 1.83333 1.84602 2.67715 2.96931 3.04126 3.05489 3.06317 3.06109 3.0687 3.05543 3.0375 3.01544 2.96949 2.86794 2.56309 0.963298 0.958151 1.38728 1.79297
-9999 -9999 -9999 -9999 -9999 -9999 -9999 -9999 -3.4393 -0.821959 2.70663 5.31881 5.47699 6.74387 7.39486 6.85657 6.25126 5.63205 5.35777 3.7615 2.00852 0.590696 -1.08653 -0.818792 0.37274 2.31668 4.08425 4.39335 4.01777 2.58689 3.24688 4.75412 5.55099 5.78082 5.5869 5.10142 4.81819 3.93875 3.55398 2.33525 0.433234 -0.319964 0.146124 -1.87323 -1.73985 -1.00322 -1.81137 -0.516259 0.0992192 -1.45363 -0.242001 1.15044 1.85884 2.47752 2.76691 2.87844 3.0532 3.05194 3.06132 3.0639 3.05562 3.04988 3.01481 2.98463 2.80971 2.55438 1.06558 0.43333 0.547558 1.22575 1.81871
-9999 -9999 -9999 -9999 -9999 -9999 -9999 -9999 -2.995 -0.639083 2.41959 4.28014 4.60778 6.01334 7.26254 7.11607 6.48646 6.29033 5.63789 4.28307 2.78713 1.15247 0.354063 -1.47255 0.311205 1.71072 3.20653 3.90191 2.72295 2.13146 3.15687 4.17642 4.57923 5.60942 5.59252 5.24753 3.78311 3.06571 3.35967 3.0478 2.50646 1.19504 1.13013 0.284996 -0.0693613 -0.404671 -1.48814 -0.816562 -0.756523 -0.582848 0.876939 1.59822 2.07416 2.50662 2.61529 2.79987 3.04152 3.05729 3.06026 3.05331 3.05213 3.02806 2.95162 2.88613 2.54036 1.93281 0.80447 -1.0284 0.246394 1.57967 1.97186
-9999 -9999 -9999 -9999 -9999 -9999 -9999 -9999 -3.40058 -0.89739 1.71579 2.80461 2.98416 5.53308 7.0914 7.08782 6.78602 6.43453 4.83218 4.91937 4.59353 3.11829 0.972361 -1.38396 -1.17099 0.214565 2.1889 2.83813 0.899857 0.213233 0.705024 2.25073 3.63373 5.07828 5.44002 5.00728 2.73143 0.313406 1.42531 2.61383 2.60064 2.24336 1.02649 0.635287 0.280315 -0.609878 -2.11836 -1.91188 -1.5039 0.152314 0.67374 1.48341 2.15479 1.89226 2.03527 2.67778 3.04387 3.05182 3.05245 3.05876 3.04427 3.01606 2.86961 2.71475 2.45889 0.885136 -0.0960588 -1.52426 0.113466 1.02025 1.49501
-9999 -9999 -9999 -9999 -9999 -9999 -9999 -9999 -4.18059 -2.36584 0.13162 1.13432 2.73764 5.14602 6.32738 6.89041 6.87157 6.63516 5.9141 5.47791 4.62455 3.09017 0.994452 -1.33454 -2.85338 -2.09245 0.56168 1.18288 -0.602921 -1.51159 -0.396867 1.25099 3.69465 5.08789 5.27004 5.13658 4.66196 2.89477 0.761073 0.761753 1.82203 0.922712 -0.121576 0.442133 0.329447 -0.549559 -1.19104 -1.59696 -1.36589 -0.425411 -0.0386069 0.897956 2.28372 2.47652 2.4305 3.01044 3.03356 3.04113 3.05719 3.05046 3.03903 3.01534 2.89472 2.63203 1.58247 0.666268 -0.605954 -0.769202 0.683726 1.31851 1.90525
-9999 -9999 -9999 -9999 -9999 -9999 -9999 -9999 -5.52136 -3.38504 -1.04588 1.14403 3.21561 4.99769 5.12962 6.06655 6.05904 6.54686 6.39883 5.7298 5.01002 3.68705 0.99688 -1.26649 -3.73441 -3.09318 -0.382098 -0.0474084 -1.24222 -3.44312 -1.18577 1.30452 3.56095 4.77929 3.81173 4.78949 4.70192 4.03563 2.76277 0.787306 0.81793 -0.664256 -0.735247 0.0156206 0.254549 0.121174 -0.362115 -1.13598 -1.02113 -0.454895 -0.314647 0.545578 1.61915 2.66872 2.83975 3.0349 3.03737 3.03455 3.04495 3.04102 3.01293 2.95277 2.82683 1.94599 0.899531 0.252307 -0.636119 -0.749842 0.933853 1.5961 1.96086
