Test_Spring_2018b/01_18/Temp/20180118_013.txt
ncols	170
nrows	115
xllcorner	350000.000000
yllcorner	4445000.000000
cellsize	1000.000000
nodata_value	-9999.000000
[rows 32 to 63 of 115, columns 72 to 143 of 170]
9.33455 8.96133 9.53102 10.0551 9.71763 9.4935 10.3493 10.3463 10.048 9.35101 9.09413 8.82816 8.66477 7.77249 5.27144 3.01678 4.22344 4.25117 3.4152 4.91156 4.11943 2.05472 -0.859575 0.722262 0.308632 -1.76624 -2.27981 -9999 -9999 -9999 -9999 -9999 -9999 -9999 -9999 -9999 -9999 -9999 -9999 -9999 -9999 -9999 -9999 -9999 -9999 -9999 -9999 -9999 -9999 -9999 -9999 -9999 -9999 -9999 -9999 -9999 -9999 -9999 -9999 -9999 -9999 -9999 -9999 -9999 -9999 -9999 -9999 -9999 -9999 -9999 -9999 -9999
8.83234 8.6706 9.51888 9.49808 9.43512 9.725 10.2527 10.3571 10.2392 9.93389 9.66959 9.38887 8.67951 7.65891 5.51823 2.95195 2.3692 3.62376 3.68306 3.88385 3.16186 2.25515 0.837233 1.99586 2.44483 1.0833 -0.703968 -1.85562 -9999 -9999 -9999 -9999 -9999 -9999 -9999 -9999 -9999 -9999 -9999 -9999 -9999 -9999 -9999 -9999 -9999 -9999 -9999 -9999 -9999 -9999 -9999 -9999 -9999 -9999 -9999 -9999 -9999 -9999 -9999 -9999 -9999 -9999 -9999 -9999 -9999 -9999 -9999 -9999 -9999 -9999 -9999 -9999
8.2347 7.40679 7.91696 8.29916 8.9947 9.16347 9.26736 10.2797 10.2233 10.1739 9.73845 9.39004 8.81417 7.83182 6.43397 4.75128 1.82227 3.62685 5.03971 5.00256 4.92409 4.28854 2.9263 4.06348 4.11537 2.37418 0.384868 -0.777241 -1.25837 -9999 -9999 -9999 -9999 -9999 -9999 -9999 -9999 -9999 -9999 -9999 -9999 -9999 -9999 -9999 -9999 -9999 -9999 -9999 -9999 -9999 -9999 -9999 -9999 -9999 -9999 -9999 -9999 -9999 -9999 -9999 -9999 -9999 -9999 -9999 -9999 -9999 -9999 -9999 -9999 -9999 -9999 -9999
7.55633 6.54558 7.05886 7.7445 8.70443 9.19165 9.56464 9.86532 10.1723 10.1333 9.68755 8.37543 8.18673 8.12869 7.21401 5.29581 3.38023 2.88336 5.0392 5.65556 5.52875 6.00919 4.85502 5.39837 5.17335 4.55409 2.64474 0.905401 0.188348 -1.2276 -9999 -9999 -9999 -9999 -9999 -9999 -9999 -9999 -9999 -9999 -9999 -9999 -9999 -9999 -9999 -9999 -9999 -9999 -9999 -9999 -9999 -9999 -9999 -9999 -9999 -9999 -9999 -9999 -9999 -9999 -9999 -9999 -9999 -9999 -9999 -9999 -9999 -9999 -9999 -9999 -9999 -9999
-9999 -9999 5.90256 6.82843 7.59435 8.53603 9.34526 9.75323 10.1497 10.115 9.22609 8.79043 8.7509 8.15097 7.09523 6.43236 5.226 3.96921 4.44817 6.28648 5.46736 6.76921 6.65757 6.89543 6.02261 4.35897 2.15192 0.856873 0.215104 -0.932625 -9999 -9999 -9999 -9999 -9999 -9999 -9999 -9999 -9999 -9999 -9999 -9999 -9999 -9999 -9999 -9999 -9999 -9999 -9999 -9999 -9999 -9999 -9999 -9999 -9999 -9999 -9999 -9999 -9999 -9999 -9999 -9999 -9999 -9999 -9999 -9999 -9999 -9999 -9999 -9999 -9999 -9999
-9999 -9999 -9999 6.65046 7.23162 8.49825 9.13918 9.40268 10.0436 10.0424 9.70419 9.44859 9.07889 8.5968 7.80311 6.92775 5.7932 5.68759 6.86339 6.87713 6.63038 6.82238 7.42542 7.26439 5.91093 3.57539 2.34379 -0.165536 -1.23714 -1.12869 -1.88832 -9999 -9999 -9999 -9999 -9999 -9999 -9999 -9999 -9999 -9999 -9999 -9999 1.02599 -9999 -9999 -9999 -9999 -9999 -9999 -9999 -9999 -9999 -9999 -9999 -9999 -9999 -9999 -9999 -9999 -9999 -9999 -9999 -9999 -3.51054 -9999 -9999 -9999 -9999 -9999 -9999 -9999
-9999 -9999 6.54202 7.31558 7.92928 8.72158 8.79076 9.25429 9.99146 9.99941 9.7587 9.4874 8.88041 8.72909 8.2769 7.32669 7.13186 7.51619 7.69292 7.89321 8.01611 7.91464 7.66842 7.35028 6.46823 5.38692 4.66042 2.37429 1.21129 0.105303 -1.56772 -2.87651 -9999 -9999 -9999 -9999 -9999 -9999 -9999 0.139626 0.0793022 0.110852 0.479431 1.49361 0.900508 -9999 -9999 -9999 -9999 -9999 -9999 -9999 -9999 -9999 -9999 -9999 -9999 -9999 -9999 -9999 -9999 -9999 -9999 -9999 -2.60228 -3.91682 -9999 -9999 -9999 -9999 -9999 -9999
-9999 -9999 6.73589 7.56642 7.97903 8.74809 9.18632 9.46192 9.71513 9.95734 9.9135 9.61336 9.15839 9.16003 8.53452 8.19714 7.95628 8.47652 8.57911 8.36984 8.10725 7.87465 7.21824 7.14072 6.91501 6.22773 5.10082 3.93959 2.25672 -0.0145189 -2.24169 -4.0381 -9999 -9999 -9999 -9999 -9999 -9999 0.319231 1.16206 1.6679 0.59886 1.51608 2.35456 2.22289 1.40926 -9999 -9999 -9999 -9999 -9999 -9999 -9999 -9999 -9999 -9999 -9999 -9999 -9999 -9999 3.62537 2.2776 -0.446909 -1.84237 -2.6787 -3.87372 -9999 -9999 -9999 -9999 -9999 -9999
-9999 -9999 6.56481 7.54609 8.20927 8.79733 8.88756 9.48495 9.74241 9.87083 9.85249 9.79113 9.70589 9.15953 8.92429 8.09992 8.88816 8.85829 8.65875 7.86869 7.52583 6.16882 5.57076 5.42607 6.56433 5.71893 3.95631 1.75344 -0.899306 -1.07392 -1.95018 -3.55611 -9999 -9999 -9999 -9999 -9999 -9999 0.572122 1.47369 2.22674 2.33845 1.27611 2.76465 2.70561 1.87597 1.689 2.37231 2.71932 2.46123 3.2786 3.51826 3.1522 3.55631 -9999 -9999 -9999 -9999 3.80268 3.85897 3.90203 3.34164 0.365066 -1.66714 -3.49181 -3.6599 -9999 -9999 -9999 -9999 -9999 -9999
-9999 -9999 7.24173 7.84387 8.14585 8.19059 8.71742 9.23801 9.55775 9.79125 9.74046 9.71886 9.69664 9.50918 9.07545 9.15332 9.11841 8.86587 7.36248 5.6075 6.37223 5.33009 3.09228 4.90064 5.89378 4.93587 2.80018 0.32409 -0.494722 -0.463676 -1.68202 -3.24929 -9999 -9999 -9999 -1.89928 -0.610175 -0.496345 -0.114506 1.08749 2.00262 2.69351 3.16449 3.14876 2.65728 1.84589 0.963559 1.28026 2.87208 3.26113 3.58895 3.8372 3.49735 3.67633 4.10271 4.32366 4.36952 4.27086 4.24952 4.28594 4.23701 3.71421 1.05255 -0.470102 -1.4407 -3.39179 -9999 -9999 -9999 -9999 -9999 -9999
-9999 -9999 6.85444 7.37719 7.79938 8.49993 8.56975 9.01373 9.27054 9.66078 9.70251 9.23676 9.61829 9.56791 9.49597 9.34414 9.12189 7.85315 6.10417 4.35063 3.54084 3.88024 2.53714 3.22231 4.22855 3.85726 2.54393 0.337485 0.0236907 -0.497055 -2.54503 -4.51609 -9999 -9999 -4.40567 -1.93395 -0.19272 0.706637 0.986972 1.01629 2.16887 2.26199 3.50264 3.21244 1.57816 1.76438 1.1299 1.54419 2.12868 2.28997 3.12813 3.93794 4.09151 4.09617 4.36799 4.42479 4.44035 4.43467 4.25264 4.33832 4.35308 4.02791 2.09959 1.16048 0.124752 -3.37136 -9999 -9999 -9999 -9999 -9999 -9999
-9999 -9999 7.11574 7.70017 8.34051 8.43949 8.91249 8.85748 8.71167 9.37494 9.61428 9.2847 9.04759 9.48087 9.45062 9.39333 9.29906 8.10712 6.72753 4.63832 3.33991 2.54082 1.97534 1.21627 1.73151 1.56989 1.35408 1.59482 0.984948 -0.232315 -1.43248 -3.67583 -4.88964 -9999 -4.27987 -3.1641 -1.0934 0.667174 1.78601 1.3874 2.69787 2.94347 3.698 3.25792 2.26686 1.84163 1.80566 1.67697 2.55924 3.15357 3.5709 3.85153 4.20185 4.29132 4.3812 4.41937 4.44072 4.46249 4.45946 4.45419 4.41699 4.29607 3.41066 2.47266 0.444612 -3.26049 -9999 -9999 -9999 -9999 -9999 -9999
-9999 5.40284 7.04355 8.02684 8.40368 8.6739 8.91144 9.082 9.25756 9.42542 9.5414 9.48687 8.6188 8.68883 8.84455 9.33695 9.30277 9.196 8.44229 5.90028 5.01803 3.7309 2.06607 1.36698 1.71136 3.07118 3.00671 2.10023 1.09038 -0.309148 -1.19799 -2.57477 -5.21498 -4.97869 -3.79042 -2.90548 -1.4977 0.654046 2.16359 2.83899 3.09615 3.62679 3.90516 3.30077 2.72603 2.48552 2.0377 1.97624 1.98147 2.51508 2.92963 3.85523 4.16708 4.31088 4.38434 4.42437 4.45387 4.48308 4.49425 4.47821 4.48105 4.47591 4.41236 3.16391 0.0370457 -2.3147 -9999 -9999 -9999 -9999 -9999 -9999
-9999 -9999 6.73371 7.16236 7.26955 7.46212 7.86355 8.32769 8.98443 9.0659 9.4296 9.42454 8.67579 7.81282 8.56427 8.86348 9.17399 9.18457 9.08855 6.94834 5.82989 4.94855 3.35202 3.92299 4.46621 4.50413 4.17059 2.23102 0.299236 -1.9323 -4.01175 -4.1137 -5.234 -4.64365 -3.85884 -1.84262 -0.422753 0.154542 0.57034 2.75881 3.32886 3.52701 4.08943 3.32939 3.13949 2.56879 2.74166 2.69371 2.69899 1.11251 2.70573 2.80157 3.84108 4.30955 4.41686 4.44675 4.47865 4.48492 4.49248 4.48948 4.50196 4.48799 4.47328 3.66279 -0.303373 -2.2905 -9999 -9999 -9999 -9999 -9999 -9999
-9999 -9999 -9999 -9999 6.85353 7.17847 7.38443 7.74624 8.86471 9.16426 9.36274 9.37747 9.04307 8.18832 7.96394 8.12145 7.28987 7.98784 8.9407 8.9169 8.80058 6.9208 5.95653 6.8841 6.59793 5.1821 4.0667 2.96559 0.704394 -0.956608 -3.33952 -5.12924 -5.19876 -3.22813 -1.59093 0.449309 1.35068 0.84053 1.39819 2.48577 3.72183 4.32121 4.18378 3.38252 3.27326 2.39188 3.26342 3.34016 2.93814 2.59071 2.72988 3.24503 3.44241 4.25582 4.45372 4.49004 4.49746 4.50216 4.50022 4.49736 4.48915 4.48282 4.47389 4.43989 0.362996 -2.80541 -9999 -9999 -9999 -9999 -9999 -9999
-9999 -9999 -9999 -9999 6.065 6.26006 6.78458 8.1428 8.84687 9.13105 9.1178 9.24886 9.01269 8.26105 7.49034 6.7643 5.82761 6.36517 7.78492 8.62158 8.71604 7.06804 7.92153 7.5978 6.96195 5.11133 3.74612 3.02013 0.848976 -1.01489 -2.6014 -4.79018 -3.85743 -2.82914 -1.50705 0.718752 2.22166 2.84074 2.32529 3.0222 4.44416 4.45539 3.68273 3.7364 3.26712 2.06169 3.32236 3.67878 3.3956 3.47151 3.36522 3.55805 3.90776 4.24223 4.46498 4.49608 4.50075 4.49477 4.49586 4.49822 4.48448 4.48793 4.47901 4.46099 1.83054 -2.87017 -9999 -9999 -9999 -9999 -9999 -9999
-9999 -9999 -9999 -9999 -9999 5.34002 6.54574 8.35087 8.78993 8.7445 9.11515 9.14505 8.78331 8.47012 7.53454 6.25676 3.80124 4.42835 5.7353 7.61896 8.60823 8.47326 7.91908 6.95949 4.64116 2.6114 2.36113 2.02503 0.43931 -0.998032 -2.76147 -1.74451 -0.629578 0.591204 1.23286 1.06654 2.35453 3.40554 2.96273 3.81697 4.81327 4.36626 4.10327 3.88303 3.34015 3.31021 3.37009 4.08702 3.59504 3.90083 3.90867 3.89337 4.06431 4.26069 4.46682 4.50153 4.5031 4.50769 4.48526 4.49528 4.48549 4.47619 4.46818 4.45312 4.21784 1.68831 0.176863 -9999 -9999 -9999 -9999 -9999
-9999 -9999 -9999 -9999 -9999 4.21655 4.81456 6.95379 7.60576 8.54949 9.0495 9.0704 8.46064 8.1211 6.72653 6.27541 4.00419 2.97628 3.85027 3.51613 6.1091 8.40282 7.89992 3.2643 1.58295 0.382309 0.685625 0.684244 0.239769 -2.20108 -2.87477 -0.699302 0.670151 1.73152 2.53719 2.7054 2.67905 4.32189 4.54236 5.07832 4.96555 5.01821 4.19314 3.68376 4.13483 3.62142 3.53607 4.27665 3.55225 4.21172 4.13441 3.93901 3.93041 4.36495 4.45395 4.50134 4.50514 4.48937 4.46885 4.45818 4.47425 4.47009 4.44878 4.45296 4.43254 4.13639 2.8282 2.37341 2.88519 -9999 -9999 -9999
-9999 -9999 -9999 -9999 -9999 -9999 2.80937 5.78517 7.13695 7.84868 8.85336 8.9727 8.64592 8.05959 6.63951 5.39115 3.36086 1.04182 -0.186824 3.49178 6.69284 8.36265 8.13976 4.28071 2.7556 2.68149 3.57405 2.81369 2.236 0.37927 -0.176018 -0.946255 -0.474852 1.0042 2.21403 3.38167 4.23141 4.30253 4.85544 5.17434 5.20324 5.30542 5.2112 5.13489 4.33876 4.89409 4.42845 4.67985 4.52223 4.37994 4.25593 3.80057 4.12549 4.41324 4.48836 4.51177 4.49552 4.4926 4.48171 4.45631 4.44662 4.44712 4.4471 4.43539 4.43831 4.42958 4.28628 3.50061 2.44741 1.11567 -9999 -9999
-9999 -9999 -9999 -9999 -9999 -9999 1.31563 4.27726 5.69669 7.5335 8.47489 8.8564 8.80523 8.33005 7.25108 5.62702 4.27438 1.6852 -1.0036 2.85658 6.29561 8.15055 8.24726 5.0026 5.89823 5.16889 5.45842 4.12542 3.56955 3.12494 2.16792 1.12205 -0.023076 -0.627534 2.08857 3.48384 4.60736 5.13826 5.43953 5.59131 5.51332 5.31271 4.10946 5.03201 4.98594 4.89725 4.79499 4.74675 4.65391 4.5439 4.47794 4.45636 4.15444 4.49931 4.49269 4.49831 4.50088 4.4929 4.47694 4.46332 4.44642 4.4488 4.44053 4.43155 4.42642 4.42776 4.42162 4.38177 4.17548 2.38588 1.31654 1.01933
-9999 -9999 -9999 -9999 -9999 -9999 -2.85815 1.45364 4.90922 6.71803 8.18828 8.59221 8.74298 8.10525 7.62877 6.46466 5.36244 3.66143 1.11287 -0.456481 2.43254 6.63351 8.18102 8.0563 7.9568 7.11434 6.35464 6.25588 6.30953 5.42102 4.13321 2.45496 1.93083 1.34252 3.36553 3.64037 3.49349 5.71932 5.72619 5.60186 4.75309 3.80234 3.98574 3.39979 3.85428 3.15376 3.80276 4.36395 4.57488 4.55961 4.48557 4.47708 4.4453 4.50643 4.50647 4.4978 4.49138 4.48843 4.48124 4.4567 4.44356 4.45469 4.4395 4.4288 4.42013 4.42406 4.42265 4.3939 4.36796 4.09537 3.68377 2.8971
-9999 -9999 -9999 -9999 -9999 -9999 -2.68082 0.939176 4.0154 5.85678 7.63084 8.0416 8.64025 8.5107 8.01136 6.99928 5.73481 4.33473 2.14812 0.522706 2.45559 5.24283 7.23905 7.95132 7.94167 7.89096 7.69827 7.61436 7.39043 7.22477 6.30273 4.71751 3.82155 2.51126 4.76581 5.01907 4.66707 5.79347 5.73849 4.03854 2.73213 2.57126 3.3711 2.6142 2.48311 2.01394 2.55042 3.98417 3.56701 3.65149 4.30048 4.40917 4.47919 4.49883 4.49539 4.49332 4.48334 4.48613 4.48899 4.46495 4.45476 4.45074 4.42807 4.4262 4.41165 4.40494 4.39792 4.38383 4.36033 4.28488 4.20151 4.29515
-9999 -9999 -9999 -9999 -9999 -9999 -2.61069 -0.18016 2.58814 5.30209 7.19688 7.96063 8.51688 8.51054 7.92983 7.42668 6.63391 5.40193 4.55676 3.0892 1.07484 4.45001 5.48194 6.40216 6.78644 7.74685 7.7204 7.27612 6.75411 7.22761 7.08582 5.83104 5.41787 4.72131 5.97513 5.97823 5.94395 5.8776 4.44118 2.44439 0.84889 2.00023 1.7621 2.2911 0.658731 2.00502 3.08962 3.44282 2.71074 2.16671 3.85433 4.1359 4.30361 4.41145 4.48265 4.46693 4.48538 4.47674 4.47319 4.46929 4.45651 4.4496 4.43696 4.42414 4.41259 4.40783 4.3917 4.37064 4.37217 4.33445 4.32081 4.3096
-9999 -9999 -9999 -9999 -9999 -9999 -9999 -1.62613 1.87935 5.01396 6.75858 7.85555 8.38967 8.37935 8.08209 7.74011 7.24819 6.359 5.24193 3.47672 2.16587 2.99622 4.00662 4.11696 4.78941 6.7438 7.40968 6.45955 4.10664 5.48723 7.02772 7.00139 6.86887 6.7211 6.53254 6.36288 5.99188 4.9977 1.95071 1.35203 0.157917 0.295529 -0.316047 1.02453 0.525845 1.90416 2.50256 2.72959 1.45879 1.72752 3.22532 3.81889 3.72223 4.087 4.43587 4.4487 4.46011 4.45267 4.46176 4.46626 4.46237 4.44815 4.43886 4.43277 4.40752 4.41652 4.30627 4.23579 4.08967 4.27757 4.29827 4.3144
-9999 -9999 -9999 -9999 -9999 -9999 -9999 -2.33646 1.16741 4.85965 6.04405 7.22678 8.24776 8.26696 7.81271 7.38081 6.93599 6.42957 5.07457 3.7604 2.50549 2.08341 2.33462 2.30805 3.39768 5.94491 6.43622 6.22335 3.76627 2.93654 4.99531 6.72561 6.86113 6.70366 4.666 5.1002 4.00158 2.51171 2.10258 1.45147 0.074195 0.739548 -0.26867 0.166097 0.0513266 0.834552 1.21738 2.1485 1.04115 1.0457 2.51651 3.25889 3.27924 4.05819 4.33704 4.41142 4.43149 4.44647 4.45178 4.46612 4.46123 4.45223 4.43969 4.40533 4.31976 4.05099 2.58363 2.58874 2.99665 3.38283 4.08435 4.28593
-9999 -9999 -9999 -9999 -9999 -9999 -9999 -1.93819 0.492689 3.7688 6.19539 6.34663 7.52617 8.1348 7.64077 7.08472 6.51588 6.26696 4.79221 3.17217 1.86293 0.313153 0.566932 1.67734 3.48867 5.13353 5.42598 5.08354 3.76197 4.38017 5.78402 6.52917 6.74854 6.57501 6.13121 5.87505 5.06617 4.71617 3.59306 1.8366 1.14569 1.58569 -0.27875 -0.146697 0.54499 -0.187048 1.02324 1.60336 0.172787 1.31152 2.61172 3.27738 3.85957 4.13614 4.24753 4.41733 4.42372 4.43987 4.44966 4.44941 4.45164 4.42683 4.4068 4.25282 4.02456 2.65283 2.08798 2.20349 2.84203 3.40155 3.99199 4.23309
-9999 -9999 -9999 -9999 -9999 -9999 -9999 -1.53109 0.657548 3.49805 5.22775 5.53619 6.84436 8.00771 7.877 7.29838 7.12183 6.5222 5.27132 3.8896 2.37927 1.64441 -0.0438925 1.61568 2.92221 4.31508 4.96575 3.87755 3.3353 4.2924 5.24408 5.62388 6.5855 6.5762 6.26276 4.91137 4.25282 4.53225 4.25009 3.75536 2.54678 2.49432 1.71861 1.39824 1.09576 0.108487 0.740322 0.805132 0.979363 2.34426 3.02194 3.47192 3.88136 3.99033 4.16948 4.40136 4.42364 4.43396 4.43503 4.4415 4.42682 4.36373 4.31099 3.99855 3.44362 2.40601 0.728197 1.91962 3.16533 3.54263 3.90894 4.09928
-9999 -9999 -9999 -9999 -9999 -9999 -9999 -1.91226 0.413093 2.84061 3.85477 4.02595 6.39437 7.84437 7.84615 7.57151 7.25086 5.77038 5.85664 5.55994 4.19744 2.21304 0.0335536 0.236566 1.53073 3.36679 3.97466 2.18251 1.55208 2.01439 3.454 4.74278 6.08868 6.43055 6.03579 3.93203 1.69657 2.73451 3.84367 3.83869 3.51485 2.39414 2.03927 1.71822 0.901065 -0.482825 -0.279898 0.107345 1.65864 2.15101 2.91052 3.54163 3.30654 3.44732 4.05111 4.39843 4.41351 4.42175 4.43523 4.42944 4.41101 4.28305 4.14746 3.91839 2.46745 1.56619 0.257836 1.79167 2.64167 3.10168 3.91105 4.10607
-9999 -9999 -9999 -9999 -9999 -9999 -9999 -2.64078 -0.953702 1.36659 2.30095 3.79242 6.03055 7.13101 7.65822 7.64596 7.43203 6.76876 6.3697 5.58385 4.16653 2.2287 0.0745781 -1.32828 -0.617128 1.85311 2.43791 0.784393 -0.0519223 0.988041 2.5224 4.79474 6.09308 6.26846 6.15126 5.7178 4.08588 2.11424 2.12195 3.11239 2.28592 1.32521 1.85579 1.75934 0.952461 0.365987 0.00747389 0.235098 1.11822 1.48564 2.36272 3.65618 3.84327 3.80873 4.35449 4.38378 4.39857 4.42117 4.42262 4.41974 4.40555 4.30159 4.06603 3.10097 2.25973 1.08853 0.94581 2.3157 2.91809 3.47723 3.87563 4.0072
-9999 -9999 -9999 -9999 -9999 -9999 -9999 -3.88942 -1.90407 0.269489 2.30478 4.23049 5.88788 6.01522 6.88916 6.88742 7.34508 7.2132 6.59826 5.9363 4.71505 2.22603 0.132784 -2.15012 -1.54994 0.973713 1.28852 0.186854 -1.84773 0.251782 2.56733 4.66606 5.80222 4.91149 5.82472 5.75019 5.13914 3.96577 2.14104 2.17672 0.809763 0.751586 1.4557 1.68527 1.56977 1.12992 0.427441 0.550178 1.08614 1.22486 2.03108 3.035 4.0165 4.18321 4.37214 4.38229 4.38746 4.40484 4.40891 4.39062 4.34266 4.2338 3.42506 2.46287 1.87104 1.05569 0.958831 2.53638 3.17078 3.52389 3.86842 4.00596
-9999 -9999 -9999 -9999 -9999 -9999 -9999 -9999 -2.1159 0.129713 1.79119 2.23785 3.71096 4.50611 5.12134 5.25723 7.01418 7.11045 6.72037 6.11228 5.07059 3.18166 1.86514 -0.324629 -1.89905 -1.25757 -0.970568 -0.39328 -0.564461 0.371552 2.59667 4.91506 5.16788 3.69498 3.91337 4.22201 4.91336 4.56376 2.07708 0.814291 -0.233599 0.512944 1.29831 1.48948 1.52897 1.37926 1.20849 0.905808 1.95659 2.73466 2.91669 3.59535 4.09695 4.23702 4.34307 4.35805 4.37324 4.3756 4.34867 4.32973 4.20656 3.92787 3.02293 0.843569 0.947675 0.713963 0.0376127 1.57816 2.55649 3.42543 3.88835 4.00972
-9999 -9999 -9999 -9999 -9999 -9999 -9999 -9999 -2.87225 -0.273759 0.274199 0.232354 -0.629312 -0.233802 2.95665 3.59863 5.28362 6.87907 6.76125 6.1647 5.19004 4.06467 2.32272 -0.139868 -2.09697 -2.93191 -0.830611 1.22948 1.6555 2.31475 3.67802 3.93686 2.43134 1.01971 1.81254 2.29038 4.11001 4.44276 4.09009 2.59228 0.879711 -0.0136238 1.04366 1.18616 1.25094 1.26493 1.23501 1.19208 2.37536 3.0317 3.48764 3.73684 4.16785 4.27974 4.31703 4.35225 4.34667 4.32671 4.26113 4.18626 3.84926 3.44085 1.95712 0.72049 -0.0498105 -1.02816 1.184 1.84574 2.76313 3.35427 3.8147 3.91753
