Test_Spring_2018b/01_18/Temp/20180131_004.txt
ncols	170
nrows	115
xllcorner	350000.000000
yllcorner	4445000.000000
cellsize	1000.000000
nodata_value	-9999.000000
[rows 31 to 61 of 115, columns 70 to 139 of 170]
4.83963 5.3473 5.5338 5.17995 5.21536 6.08015 6.27485 6.26413 6.21099 6.13231 5.73112 5.59768 5.28129 4.72295 4.48908 3.49485 0.279576 1.18983 1.546 0.614296 1.13562 1.98399 1.24833 -0.938043 -1.87772 -3.39263 -2.88841 -3.32422 -4.5414 -9999 -9999 -9999 -9999 -9999 -9999 -9999 -9999 -9999 -9999 -9999 -9999 -9999 -9999 -9999 -9999 -9999 -9999 -9999 -9999 -9999 -9999 -9999 -9999 -9999 -9999 -9999 -9999 -9999 -9999 -9999 -9999 -9999 -9999 -9999 -9999 -9999 -9999 -9999 -9999 -9999
4.93555 5.16715 5.14478 4.80386 5.33001 5.81477 5.5418 5.36407 6.16768 6.16936 5.89908 5.26196 5.02863 4.78638 4.63791 3.81928 1.52211 -0.548707 0.561256 0.588173 -0.17815 1.19931 0.474497 -1.419 -4.0925 -2.63379 -3.0082 -4.86395 -5.31009 -9999 -9999 -9999 -9999 -9999 -9999 -9999 -9999 -9999 -9999 -9999 -9999 -9999 -9999 -9999 -9999 -9999 -9999 -9999 -9999 -9999 -9999 -9999 -9999 -9999 -9999 -9999 -9999 -9999 -9999 -9999 -9999 -9999 -9999 -9999 -9999 -9999 -9999 -9999 -9999 -9999
4.29183 4.87106 4.69201 4.54529 5.32726 5.31107 5.28117 5.58549 6.08731 6.18755 6.08301 5.80576 5.56563 5.30989 4.65984 3.72344 1.75758 -0.599417 -1.13362 0.0207756 0.0772193 0.264192 -0.396195 -1.22568 -2.52427 -1.45465 -1.03664 -2.25933 -3.85268 -4.8801 -9999 -9999 -9999 -9999 -9999 -9999 -9999 -9999 -9999 -9999 -9999 -9999 -9999 -9999 -9999 -9999 -9999 -9999 -9999 -9999 -9999 -9999 -9999 -9999 -9999 -9999 -9999 -9999 -9999 -9999 -9999 -9999 -9999 -9999 -9999 -9999 -9999 -9999 -9999 -9999
3.42673 4.42167 4.15089 3.39203 3.86331 4.21744 4.9078 5.09007 5.1902 6.12471 6.07676 6.03473 5.63732 5.31944 4.79211 3.89093 2.60772 1.06273 -1.62744 0.0324244 1.33271 1.30105 1.232 0.651676 -0.595792 0.45409 0.507166 -1.04453 -2.8176 -3.8802 -4.31743 -9999 -9999 -9999 -9999 -9999 -9999 -9999 -9999 -9999 -9999 -9999 -9999 -9999 -9999 -9999 -9999 -9999 -9999 -9999 -9999 -9999 -9999 -9999 -9999 -9999 -9999 -9999 -9999 -9999 -9999 -9999 -9999 -9999 -9999 -9999 -9999 -9999 -9999 -9999
-9999 3.79555 3.53492 2.60822 3.08256 3.71574 4.62792 5.11246 5.47153 5.7523 6.03833 6.00594 5.59919 4.39576 4.22421 4.17237 3.33313 1.57167 -0.187289 -0.642317 1.34068 1.90954 1.79609 2.24132 1.18514 1.68946 1.48823 0.947998 -0.75797 -2.32504 -2.97889 -4.27552 -9999 -9999 -9999 -9999 -9999 -9999 -9999 -9999 -9999 -9999 -9999 -9999 -9999 -9999 -9999 -9999 -9999 -9999 -9999 -9999 -9999 -9999 -9999 -9999 -9999 -9999 -9999 -9999 -9999 -9999 -9999 -9999 -9999 -9999 -9999 -9999 -9999 -9999
-9999 -9999 -9999 -9999 2.02746 2.90752 3.62592 4.51761 5.27797 5.65765 6.02618 5.99793 5.184 4.78599 4.75146 4.20156 3.23254 2.62447 1.51707 0.363602 0.805592 2.4973 1.74773 2.94788 2.84991 3.07379 2.27763 0.8001 -1.20249 -2.36068 -2.94498 -3.99482 -9999 -9999 -9999 -9999 -9999 -9999 -9999 -9999 -9999 -9999 -9999 -9999 -9999 -9999 -9999 -9999 -9999 -9999 -9999 -9999 -9999 -9999 -9999 -9999 -9999 -9999 -9999 -9999 -9999 -9999 -9999 -9999 -9999 -9999 -9999 -9999 -9999 -9999
-9999 -9999 -9999 -9999 -9999 2.75159 3.30043 4.47022 5.09655 5.34394 5.93749 5.94019 5.63243 5.39987 5.06183 4.62001 3.89155 3.08793 2.04624 1.95039 3.03257 3.04758 2.82404 3.00453 3.56359 3.42136 2.2062 0.0886376 -1.03553 -3.29122 -4.26995 -4.16498 -4.85853 -9999 -9999 -9999 -9999 -9999 -9999 -9999 -9999 -9999 -9999 -9999 -9999 -2.16805 -9999 -9999 -9999 -9999 -9999 -9999 -9999 -9999 -9999 -9999 -9999 -9999 -9999 -9999 -9999 -9999 -9999 -9999 -9999 -9999 -6.29224 -9999 -9999 -9999
-9999 -9999 -9999 -9999 2.62896 3.37843 3.94915 4.68399 4.77318 5.21611 5.89853 5.90994 5.6919 5.44487 4.88859 4.75042 4.33539 3.46258 3.28403 3.63806 3.80195 3.98831 4.10451 4.01557 3.79466 3.50864 2.74697 1.76178 1.10275 -0.972962 -2.01027 -3.02066 -4.55305 -5.75179 -9999 -9999 -9999 -9999 -9999 -9999 -9999 -2.97616 -3.0318 -3.00252 -2.66293 -1.72944 -2.27223 -9999 -9999 -9999 -9999 -9999 -9999 -9999 -9999 -9999 -9999 -9999 -9999 -9999 -9999 -9999 -9999 -9999 -9999 -9999 -5.44896 -6.66016 -9999 -9999
-9999 -9999 -9999 -9999 2.84441 3.61525 4.00232 4.71691 5.12718 5.41562 5.65385 5.88084 5.84383 5.57021 5.15335 5.15534 4.58054 4.27033 4.04896 4.52745 4.62291 4.43279 4.19483 3.9857 3.38837 3.32418 3.16476 2.54282 1.51707 0.459609 -1.03957 -3.11996 -5.161 -6.80743 -9999 -9999 -9999 -9999 -9999 -9999 -2.80071 -2.02721 -1.56296 -2.54527 -1.70162 -0.929502 -1.04804 -1.76314 -9999 -9999 -9999 -9999 -9999 -9999 -9999 -9999 -9999 -9999 -9999 -9999 -9999 -9999 0.29804 -0.944578 -3.4522 -4.73834 -5.51042 -6.61182 -9999 -9999
-9999 -9999 -9999 -9999 2.69192 3.60259 4.22123 4.77076 4.86243 5.42941 5.68845 5.81124 5.79776 5.74343 5.66598 5.16389 4.94709 4.1887 4.91234 4.88479 4.70223 3.97824 3.6666 2.42456 1.88144 1.79308 2.84947 2.0836 0.475096 -1.53815 -3.9427 -4.08226 -4.88127 -6.35226 -9999 -9999 -9999 -9999 -9999 -9999 -2.55844 -1.73152 -1.04054 -0.938126 -1.91363 -0.54406 -0.568303 -1.32654 -1.49374 -0.86098 -0.537249 -0.749356 0.00969811 0.231479 -0.104235 0.266845 -9999 -9999 -9999 -9999 0.479557 0.526934 0.562005 0.0425787 -2.69695 -4.56841 -6.24881 -6.39564 -9999 -9999
-9999 -9999 -9999 -9999 3.31832 3.88202 4.1702 4.22188 4.71606 5.21322 5.5286 5.74741 5.70393 5.68577 5.66571 5.49271 5.09269 5.16248 5.12881 4.89574 3.51428 1.90295 2.60861 1.65972 -0.374818 1.31554 2.23999 1.37227 -0.577486 -2.84025 -3.559 -3.50993 -4.62257 -6.05961 -9999 -9999 -9999 -4.81518 -3.63264 -3.53062 -3.18247 -2.08041 -1.24136 -0.603501 -0.170112 -0.167252 -0.605863 -1.34659 -2.15191 -1.85511 -0.38656 -0.0235254 0.305396 0.535589 0.224345 0.385658 0.776371 0.977285 1.01636 0.921824 0.8977 0.926234 0.876133 0.390589 -2.05607 -3.45952 -4.35525 -6.15524 -9999 -9999
-9999 -9999 -9999 -9999 2.96994 3.46156 3.86099 4.51706 4.59191 5.00957 5.26223 5.63792 5.67958 5.25311 5.60363 5.55597 5.48763 5.34551 5.13887 3.97129 2.36362 0.753344 0.0121581 0.340571 -0.88572 -0.228525 0.70854 0.389266 -0.801156 -2.81533 -3.09104 -3.53978 -5.40485 -7.2107 -9999 -9999 -7.10442 -4.83475 -3.23743 -2.41437 -2.16029 -2.13655 -1.0799 -0.99573 0.144229 -0.10791 -1.59731 -1.42114 -1.99067 -1.60319 -1.06057 -0.906286 -0.114245 0.636382 0.778936 0.78347 1.0323 1.08234 1.09339 1.08397 0.911759 0.985062 0.992969 0.688555 -1.08876 -1.95664 -2.90437 -6.13288 -9999 -9999
-9999 -9999 -9999 -9999 3.21824 3.76757 4.36832 4.47126 4.91719 4.87718 4.7603 5.37639 5.60914 5.30761 5.08919 5.4853 5.45445 5.39833 5.30842 4.21067 2.94188 1.02284 -0.167377 -0.886348 -1.3973 -2.06273 -1.57591 -1.71022 -1.89388 -1.65805 -2.19489 -3.28346 -4.37731 -6.42546 -7.53721 -9999 -6.97594 -5.95285 -4.05352 -2.43989 -1.41614 -1.78641 -0.585294 -0.361449 0.342519 -0.0595866 -0.957861 -1.3423 -1.3691 -1.48047 -0.662563 -0.101406 0.303883 0.565388 0.892152 0.974949 1.05673 1.08962 1.10579 1.12124 1.11306 1.10227 1.0619 0.944649 0.125228 -0.734937 -2.60266 -6.02259 -9999 -9999
-9999 -9999 -9999 1.6193 3.1566 4.07385 4.43382 4.6954 4.92614 5.09413 5.27226 5.43469 5.54593 5.50375 4.70507 4.76673 4.90597 5.3541 5.31857 5.21726 4.52303 2.18757 1.38727 0.216126 -1.30409 -1.91912 -1.58797 -0.32274 -0.365816 -1.18263 -2.09495 -3.35112 -4.14823 -5.40602 -7.82307 -7.60457 -6.51353 -5.70313 -4.41369 -2.44143 -1.05947 -0.443579 -0.211002 0.282712 0.539161 -0.0122478 -0.528435 -0.743378 -1.1478 -1.19647 -1.18348 -0.684915 -0.282453 0.580516 0.869933 1.00493 1.07177 1.10634 1.12979 1.15174 1.15616 1.13495 1.13083 1.11946 1.0603 -0.0918691 -2.97377 -5.14957 -9999 -9999
-9999 -9999 -9999 -9999 2.87712 3.28592 3.39928 3.5906 3.97294 4.41158 5.03221 5.1144 5.45349 5.45221 4.76711 3.97082 4.65677 4.9266 5.20705 5.21291 5.12253 3.16444 2.14159 1.33938 -0.117377 0.435033 0.950074 1.00187 0.712875 -1.0519 -2.81005 -4.83037 -6.72947 -6.81388 -7.83136 -7.28431 -6.56434 -4.71491 -3.41502 -2.89029 -2.51415 -0.508561 0.0167265 0.198831 0.716372 0.0205809 -0.141908 -0.659659 -0.492994 -0.528426 -0.514466 -1.96314 -0.477407 -0.383479 0.576229 1.01411 1.11333 1.13856 1.16404 1.1646 1.16529 1.15558 1.15982 1.14369 1.12148 0.370819 -3.27884 -5.11922 -9999 -9999
-9999 -9999 -9999 -9999 -9999 -9999 3.02483 3.3386 3.54205 3.8873 4.93245 5.21534 5.40272 5.41855 5.11097 4.32463 4.11333 4.25235 3.48273 4.12107 4.99781 4.97801 4.87616 3.15681 2.29447 3.16193 2.91574 1.63264 0.626224 -0.367009 -2.42681 -3.92254 -6.09976 -7.73452 -7.79156 -5.97708 -4.46922 -2.59813 -1.77522 -2.25034 -1.74443 -0.746948 0.385771 0.935227 0.809625 0.0760757 -0.0122524 -0.815035 -0.00578944 0.0740204 -0.285571 -0.59488 -0.445144 0.0347125 0.221099 0.971778 1.15479 1.1892 1.19204 1.19091 1.18254 1.17257 1.15832 1.14522 1.13015 1.09273 -2.6589 -5.58451 -9999 -9999
-9999 -9999 -9999 -9999 -9999 -9999 2.30835 2.5032 2.99977 4.26096 4.92541 5.1943 5.18716 5.30983 5.09236 4.39882 3.68616 3.01292 2.14727 2.63792 3.94169 4.71251 4.80441 3.29822 4.10625 3.82433 3.25735 1.5753 0.339963 -0.307904 -2.2843 -3.96625 -5.41117 -7.41226 -6.54805 -5.59941 -4.38416 -2.34096 -0.965615 -0.40331 -0.882216 -0.246688 1.05663 1.06547 0.356081 0.40819 -0.0109541 -1.11125 0.0559354 0.393169 0.143254 0.22347 0.147777 0.331871 0.658614 0.969474 1.17553 1.20316 1.20472 1.19362 1.18781 1.18277 1.16247 1.15807 1.14272 1.11973 -1.30292 -5.63647 -9999 -9999
-9999 -9999 -9999 -9999 -9999 -9999 -9999 1.66616 2.78868 4.46053 4.88138 4.84735 5.19292 5.22258 4.88966 4.59894 3.73441 2.55434 0.292699 0.865569 2.06562 3.79851 4.71264 4.5968 4.1113 3.24515 1.13222 -0.714307 -0.924955 -1.21438 -2.65262 -3.94256 -5.54991 -4.60507 -3.57335 -2.44776 -1.85776 -2.01342 -0.835345 0.124121 -0.288777 0.491199 1.40325 0.990911 0.749796 0.550156 0.063358 0.0432992 0.107145 0.775788 0.334171 0.625817 0.655075 0.64811 0.810753 0.994882 1.18578 1.2168 1.21501 1.21381 1.18641 1.18811 1.17128 1.15498 1.14029 1.11985 0.898002 -1.44044 -2.83422 -9999
-9999 -9999 -9999 -9999 -9999 -9999 -9999 0.642042 1.20572 3.1842 3.8005 4.67518 5.13948 5.1608 4.6 4.28594 2.99988 2.57939 0.48679 -0.460029 0.342234 0.0371312 2.42483 4.54058 4.10218 -0.142244 -1.67018 -2.75516 -2.45744 -2.43961 -2.82945 -5.04162 -5.64775 -3.63846 -2.37291 -1.3938 -0.65301 -0.500517 -0.530289 0.972483 1.17046 1.65803 1.55094 1.59772 0.840012 0.374562 0.801055 0.336562 0.266777 0.956975 0.301616 0.918127 0.869132 0.696607 0.694242 1.09722 1.18052 1.22324 1.22371 1.2038 1.17785 1.16123 1.16815 1.15653 1.12954 1.1267 1.10219 0.81589 -0.391197 -0.812673
-9999 -9999 -9999 -9999 -9999 -9999 -9999 -9999 -0.629501 2.11702 3.37604 4.03715 4.96496 5.07667 4.78058 4.23773 2.92765 1.77501 -0.0957458 -2.23068 -3.35746 0.0248183 2.97113 4.51324 4.33211 0.80063 -0.584477 -0.635046 0.203338 -0.477062 -0.990079 -2.66572 -3.16354 -3.86145 -3.42133 -2.05548 -0.94375 0.125973 0.901632 0.960527 1.46164 1.75412 1.77735 1.86965 1.78345 1.71576 0.996096 1.51329 1.09363 1.33386 1.19885 1.07812 0.986165 0.574448 0.878325 1.14626 1.21674 1.23799 1.21977 1.21183 1.19492 1.16342 1.1492 1.14194 1.13457 1.11713 1.11403 1.09157 0.954861 0.229222
-9999 -9999 -9999 -9999 -9999 -9999 -9999 -9999 -1.99507 0.737476 2.05823 3.75265 4.62738 4.98258 4.93355 4.49336 3.49735 2.00012 0.752692 -1.62995 -4.10247 -0.552914 2.61691 4.32869 4.42737 1.47336 2.31165 1.65784 1.94092 0.733141 0.239025 -0.139338 -1.00706 -1.9588 -2.99952 -3.55127 -1.05591 0.223428 1.25122 1.73323 2.00372 2.13706 2.06695 1.88449 0.779098 1.62904 1.5985 1.52335 1.43697 1.40116 1.32495 1.23315 1.1944 1.18077 0.908223 1.23176 1.22465 1.22864 1.22785 1.21551 1.19424 1.17392 1.14984 1.14826 1.13456 1.11971 1.10923 1.09567 1.08492 1.04448
-9999 -9999 -9999 -9999 -9999 -9999 -9999 -9999 -5.82354 -1.85145 1.34736 3.01469 4.37449 4.7458 4.88275 4.29378 3.85211 2.7783 1.76171 0.195832 -2.14737 -3.58883 -0.928158 2.93814 4.37648 4.28906 4.21162 3.4525 2.77 2.69494 2.75952 1.97283 0.80777 -0.726692 -1.20094 -1.7394 0.119364 0.369625 0.230681 2.27094 2.27167 2.152 1.36741 0.500078 0.668148 0.136881 0.566229 -0.0718067 0.531369 1.05472 1.25673 1.25104 1.2047 1.20755 1.18208 1.23823 1.23887 1.22972 1.22081 1.21337 1.20055 1.17065 1.15052 1.15243 1.13743 1.12083 1.1091 1.09749 1.09104 1.06061
-9999 -9999 -9999 -9999 -9999 -9999 -9999 -9999 -5.64624 -2.30197 0.531292 2.23577 3.86801 4.24576 4.79468 4.67329 4.21136 3.27804 2.1131 0.82438 -1.18578 -2.67855 -0.899584 1.67084 3.51297 4.19514 4.20592 4.17284 4.0098 3.95428 3.76242 3.64019 2.8021 1.35609 0.537116 -0.66477 1.40705 1.638 1.31128 2.34207 2.28679 0.72006 -0.484391 -0.635075 0.110874 -0.583451 -0.691942 -1.11253 -0.613603 0.710589 0.339233 0.424307 1.04278 1.14708 1.21209 1.23199 1.22919 1.22603 1.21397 1.2121 1.20894 1.18002 1.16317 1.15172 1.12327 1.12331 1.10408 1.08175 1.07295 1.05581
-9999 -9999 -9999 -9999 -9999 -9999 -9999 -9999 -5.57761 -3.3243 -0.77488 1.7321 3.47511 4.17736 4.68768 4.68007 4.14406 3.67915 2.94838 1.81472 1.03764 -0.309916 -2.15824 0.947801 1.90795 2.78099 3.15112 4.04693 4.0364 3.64193 3.19905 3.64396 3.52703 2.37985 2.00418 1.36624 2.51873 2.52029 2.48622 2.42177 1.09793 -0.740783 -2.21021 -1.15458 -1.37451 -0.873418 -2.3614 -1.11656 -0.114087 0.217042 -0.444377 -0.937911 0.634867 0.894692 1.05131 1.15177 1.21725 1.20144 1.2156 1.20351 1.19489 1.18502 1.16637 1.15286 1.13417 1.1157 1.10939 1.08842 1.06821 1.0435
-9999 -9999 -9999 -9999 -9999 -9999 -9999 -9999 -9999 -4.64847 -1.41063 1.47311 3.07824 4.08697 4.57743 4.56678 4.29197 3.97593 3.52239 2.70445 1.6781 0.0574834 -1.1441 -0.376438 0.564833 0.694802 1.3236 3.13119 3.75519 2.8942 0.76515 2.05024 3.47311 3.45464 3.33691 3.20348 3.03111 2.87437 2.5315 1.61522 -1.18781 -1.74056 -2.84035 -2.71558 -3.27816 -2.02872 -2.4741 -1.20349 -0.648695 -0.434541 -1.59643 -1.32479 0.053382 0.601954 0.515387 0.851789 1.17364 1.18393 1.19167 1.18092 1.18432 1.18269 1.1728 1.15218 1.13702 1.12511 1.1079 1.09874 0.992028 0.922675
-9999 -9999 -9999 -9999 -9999 -9999 -9999 -9999 -9999 -5.2814 -2.05776 1.33788 2.42795 3.5155 4.45356 4.47043 4.05188 3.65379 3.24406 2.77829 1.5336 0.327526 -0.82282 -1.20649 -0.970055 -0.958934 0.0518617 2.40276 2.86479 2.67972 0.462968 -0.291919 1.60631 3.20141 3.32964 3.18721 1.31569 1.7144 0.703614 -0.667379 -1.0456 -1.64617 -2.91366 -2.30351 -3.23033 -2.83013 -2.90415 -2.18107 -1.82521 -0.965007 -1.97773 -1.94928 -0.596737 0.0877641 0.108037 0.824499 1.08038 1.14727 1.16315 1.17328 1.17361 1.18148 1.17116 1.15681 1.13919 1.10174 1.01769 0.778536 -0.588125 -0.588204
-9999 -9999 -9999 -9999 -9999 -9999 -9999 -9999 -9999 -4.90724 -2.67037 0.342348 2.57358 2.7132 3.79709 4.35587 3.90114 3.38939 2.86611 2.63729 1.28277 -0.204345 -1.4048 -2.82513 -2.58698 -1.56054 0.142151 1.66254 1.94045 1.63495 0.461904 1.03654 2.33214 3.02136 3.22627 3.06896 2.66216 2.4268 1.68273 1.35976 0.326081 -1.28961 -1.92587 -1.52241 -3.23581 -3.11378 -2.47659 -3.11498 -1.99951 -1.4627 -2.77335 -1.70492 -0.508097 0.105155 0.641065 0.895368 0.997009 1.1514 1.1547 1.16607 1.17082 1.1657 1.16241 1.13403 1.11 0.96304 0.748147 -0.517046 -1.04118 -0.940003
-9999 -9999 -9999 -9999 -9999 -9999 -9999 -9999 -9999 -4.52475 -2.51121 0.100678 1.69119 1.9751 3.1772 4.24586 4.12522 3.59302 3.43051 2.87965 1.73097 0.462836 -0.922576 -1.59443 -3.14144 -1.61111 -0.372161 0.915551 1.52146 0.564757 0.0728159 0.957992 1.83737 2.19032 3.07693 3.07037 2.7834 1.54183 0.936262 1.19214 0.931732 0.475975 -0.635537 -0.684271 -1.39704 -1.69074 -1.96728 -2.83897 -2.25568 -2.19314 -2.02992 -0.753994 -0.129946 0.284438 0.661008 0.760814 0.924378 1.13562 1.15348 1.15961 1.15659 1.15799 1.13957 1.07644 1.02275 0.730529 0.215702 -0.742335 -2.28863 -1.19895
-9999 -9999 -9999 -9999 -9999 -9999 -9999 -9999 -9999 -4.86645 -2.72799 -0.496153 0.436455 0.594 2.77028 4.10238 4.1036 3.85087 3.55611 2.19596 2.27606 2.00494 0.755216 -1.06516 -3.06397 -2.8727 -1.65528 0.0490016 0.614627 -0.988914 -1.5627 -1.13293 0.194201 1.38193 2.62132 2.93728 2.57557 0.642759 -1.41161 -0.458377 0.560109 0.554791 0.256633 -0.773454 -1.09934 -1.39363 -2.14324 -3.39981 -3.18964 -2.8314 -1.38309 -0.929664 -0.231039 0.349206 0.132989 0.261593 0.815035 1.13215 1.14333 1.14761 1.15616 1.14657 1.12503 1.00264 0.873159 0.657823 -0.68015 -1.5128 -2.73188 -1.31483
-9999 -9999 -9999 -9999 -9999 -9999 -9999 -9999 -9999 -5.52731 -3.97604 -1.84327 -0.984406 0.386077 2.44244 3.45325 3.93727 3.9257 3.72906 3.1199 2.75406 2.0334 0.733174 -1.04463 -3.02046 -4.30528 -3.64694 -1.33729 -0.779838 -2.26979 -3.03339 -2.07338 -0.659705 1.43141 2.6268 2.78956 2.68283 2.28493 0.785319 -1.02676 -1.02013 -0.110444 -0.8702 -1.75302 -1.26512 -1.35297 -2.09319 -2.63047 -2.92221 -2.71015 -1.87723 -1.53912 -0.732954 0.45545 0.626732 0.593848 1.09367 1.11835 1.12916 1.14665 1.14427 1.13754 1.12015 1.02009 0.799007 -0.0924127 -0.869962 -1.95059 -2.08594 -0.831707
-9999 -9999 -9999 -9999 -9999 -9999 -9999 -9999 -9999 -6.66616 -4.84144 -2.84404 -0.973965 0.795185 2.31763 2.43403 3.23654 3.23456 3.65503 3.53416 2.96992 2.36308 1.24294 -1.04149 -2.96158 -5.05536 -4.49934 -2.15181 -1.80752 -2.81502 -4.68017 -2.74696 -0.615838 1.3154 2.36147 1.54437 2.3844 2.3163 1.75483 0.67642 -1.00062 -0.968076 -2.22427 -2.27756 -1.63004 -1.41823 -1.52315 -1.92578 -2.55541 -2.4174 -1.90426 -1.77666 -1.03599 -0.114035 0.786884 0.938599 1.11025 1.11714 1.119 1.13167 1.13175 1.111 1.06275 0.958382 0.210803 -0.677802 -1.22605 -1.97963 -2.07289 -0.640154
