Test_Spring_2018b/01_18/Temp/20180126_006.txt
ncols	170
nrows	115
xllcorner	350000.000000
yllcorner	4445000.000000
cellsize	1000.000000
nodata_value	-9999.000000
[rows 31 to 61 of 115, columns 70 to 139 of 170]
1.89966 2.48483 2.69364 2.26917 2.30109 3.31142 3.53258 3.5109 3.44105 3.33939 2.85959 2.69355 2.31295 1.64861 1.36453 0.189055 -3.59002 -2.53312 -2.12572 -3.22796 -2.62686 -1.64229 -2.51441 -5.08692 -6.19787 -7.98292 -7.4023 -7.91957 -9.35538 -9999 -9999 -9999 -9999 -9999 -9999 -9999 -9999 -9999 -9999 -9999 -9999 -9999 -9999 -9999 -9999 -9999 -9999 -9999 -9999 -9999 -9999 -9999 -9999 -9999 -9999 -9999 -9999 -9999 -9999 -9999 -9999 -9999 -9999 -9999 -9999 -9999 -9999 -9999 -9999 -9999
2.00657 2.26808 2.23198 1.8226 2.42968 2.98833 2.66739 2.44894 3.38409 3.37653 3.05009 2.29354 2.01023 1.71636 1.53235 0.562691 -2.1402 -4.57778 -3.28681 -3.26538 -4.17375 -2.56907 -3.42861 -5.65799 -8.80157 -7.10117 -7.54946 -9.73281 -10.2711 -9999 -9999 -9999 -9999 -9999 -9999 -9999 -9999 -9999 -9999 -9999 -9999 -9999 -9999 -9999 -9999 -9999 -9999 -9999 -9999 -9999 -9999 -9999 -9999 -9999 -9999 -9999 -9999 -9999 -9999 -9999 -9999 -9999 -9999 -9999 -9999 -9999 -9999 -9999 -9999 -9999
1.24636 1.91533 1.69553 1.51373 2.42063 2.39198 2.35365 2.70242 3.28369 3.39157 3.25933 2.92456 2.63322 2.32349 1.55145 0.443694 -1.87087 -4.64396 -5.28037 -3.93736 -3.88135 -3.67229 -4.45645 -5.43875 -6.97086 -5.72683 -5.24654 -6.69073 -8.57159 -9.78328 -9999 -9999 -9999 -9999 -9999 -9999 -9999 -9999 -9999 -9999 -9999 -9999 -9999 -9999 -9999 -9999 -9999 -9999 -9999 -9999 -9999 -9999 -9999 -9999 -9999 -9999 -9999 -9999 -9999 -9999 -9999 -9999 -9999 -9999 -9999 -9999 -9999 -9999 -9999 -9999
0.226535 1.38279 1.05543 0.156027 0.698705 1.10412 1.90929 2.11812 2.22588 3.31165 3.2457 3.18659 2.71083 2.32819 1.69996 0.633423 -0.880979 -2.70229 -5.86602 -3.93059 -2.41664 -2.46399 -2.55512 -3.24552 -4.71792 -3.49727 -3.44505 -5.28034 -7.36432 -8.62056 -9.14379 -9999 -9999 -9999 -9999 -9999 -9999 -9999 -9999 -9999 -9999 -9999 -9999 -9999 -9999 -9999 -9999 -9999 -9999 -9999 -9999 -9999 -9999 -9999 -9999 -9999 -9999 -9999 -9999 -9999 -9999 -9999 -9999 -9999 -9999 -9999 -9999 -9999 -9999 -9999
-9999 0.642979 0.327518 -0.768639 -0.222401 0.510116 1.56938 2.13581 2.54946 2.86888 3.19438 3.14654 2.65977 1.23904 1.0278 0.956809 -0.0372488 -2.11239 -4.18462 -4.72839 -2.41427 -1.75781 -1.90113 -1.38955 -2.63792 -2.05703 -2.30318 -2.95229 -4.96116 -6.80684 -7.58436 -9.11542 -9999 -9999 -9999 -9999 -9999 -9999 -9999 -9999 -9999 -9999 -9999 -9999 -9999 -9999 -9999 -9999 -9999 -9999 -9999 -9999 -9999 -9999 -9999 -9999 -9999 -9999 -9999 -9999 -9999 -9999 -9999 -9999 -9999 -9999 -9999 -9999 -9999 -9999
-9999 -9999 -9999 -9999 -1.46512 -0.443451 0.390907 1.43232 2.31638 2.75173 3.17393 3.13092 2.16681 1.69015 1.63948 0.984585 -0.161667 -0.884874 -2.19344 -3.55604 -3.04843 -1.07588 -1.96504 -0.568689 -0.694034 -0.442111 -1.38591 -3.13161 -5.49088 -6.85773 -7.55405 -8.79617 -9999 -9999 -9999 -9999 -9999 -9999 -9999 -9999 -9999 -9999 -9999 -9999 -9999 -9999 -9999 -9999 -9999 -9999 -9999 -9999 -9999 -9999 -9999 -9999 -9999 -9999 -9999 -9999 -9999 -9999 -9999 -9999 -9999 -9999 -9999 -9999 -9999 -9999
-9999 -9999 -9999 -9999 -9999 -0.632142 0.00341691 1.36498 2.09755 2.37785 3.06382 3.05709 2.6863 2.40355 1.99704 1.46878 0.604427 -0.348097 -1.57973 -1.70269 -0.444764 -0.437796 -0.710485 -0.50958 0.13507 -0.0423919 -1.48261 -3.97393 -5.30308 -7.95743 -9.11642 -9.00518 -9.83004 -9999 -9999 -9999 -9999 -9999 -9999 -9999 -9999 -9999 -9999 -9999 -9999 -6.83388 -9999 -9999 -9999 -9999 -9999 -9999 -9999 -9999 -9999 -9999 -9999 -9999 -9999 -9999 -9999 -9999 -9999 -9999 -9999 -9999 -11.9637 -9999 -9999 -9999
-9999 -9999 -9999 -9999 -0.771976 0.0985123 0.757918 1.60972 1.71009 2.22191 3.01209 3.01557 2.74996 2.45021 1.78784 1.61546 1.11843 0.0847195 -0.135241 0.269052 0.450423 0.658095 0.783509 0.668419 0.398578 0.0523617 -0.85437 -2.02078 -2.80496 -5.25032 -6.4766 -7.67309 -9.48154 -10.8989 -9999 -9999 -9999 -9999 -9999 -9999 -9999 -7.74127 -7.81855 -7.79649 -7.41094 -6.32951 -6.97893 -9999 -9999 -9999 -9999 -9999 -9999 -9999 -9999 -9999 -9999 -9999 -9999 -9999 -9999 -9999 -9999 -9999 -9999 -9999 -10.9847 -12.4178 -9999 -9999
-9999 -9999 -9999 -9999 -0.523972 0.370077 0.81433 1.64252 2.11396 2.44975 2.7193 2.97552 2.92212 2.5912 2.09222 2.08407 1.39969 1.02537 0.755113 1.30518 1.40621 1.17244 0.882554 0.626402 -0.0848627 -0.171259 -0.372287 -1.11314 -2.32747 -3.5791 -5.3475 -7.79854 -10.2035 -12.1459 -9999 -9999 -9999 -9999 -9999 -9999 -7.53356 -6.63867 -6.10639 -7.27001 -6.2935 -5.40119 -5.55332 -6.41344 -9999 -9999 -9999 -9999 -9999 -9999 -9999 -9999 -9999 -9999 -9999 -9999 -9999 -9999 -4.20733 -5.67614 -8.62794 -10.1481 -11.066 -12.3704 -9999 -9999
-9999 -9999 -9999 -9999 -0.708909 0.349189 1.06502 1.69988 1.79802 2.45517 2.75398 2.8881 2.86231 2.78844 2.68729 2.0882 1.82341 0.92364 1.76104 1.7178 1.49281 0.633099 0.256686 -1.21042 -1.85831 -1.97573 -0.74932 -1.65912 -3.55683 -5.92912 -8.75894 -8.93534 -9.88463 -11.6216 -9999 -9999 -9999 -9999 -9999 -9999 -7.25898 -6.30133 -5.50316 -5.39514 -6.55099 -4.95833 -5.00747 -5.91044 -6.12098 -5.39411 -5.02973 -5.296 -4.4222 -4.17709 -4.58524 -4.16453 -9999 -9999 -9999 -9999 -3.98033 -3.9368 -3.9076 -4.52842 -7.75185 -9.958 -11.9406 -12.1345 -9999 -9999
-9999 -9999 -9999 -9999 0.0191446 0.670668 0.999301 1.05075 1.62088 2.19631 2.56081 2.80868 2.74765 2.7161 2.68212 2.46871 1.98904 2.05998 2.00956 1.72534 0.0948994 -1.80504 -0.989032 -2.11362 -4.50821 -2.54251 -1.47098 -2.50041 -4.79839 -7.46342 -8.31755 -8.27296 -9.59012 -11.2877 -9999 -9999 -9999 -9.8784 -8.504 -8.39602 -7.99943 -6.71911 -5.74723 -5.01144 -4.51572 -4.52648 -5.05972 -5.94234 -6.90113 -6.56836 -4.86232 -4.45232 -4.08526 -3.83055 -4.21022 -4.03634 -3.59217 -3.36999 -3.33703 -3.46022 -3.50051 -3.47881 -3.54919 -4.13004 -7.00949 -8.66688 -9.72956 -11.8549 -9999 -9999
-9999 -9999 -9999 -9999 -0.396449 0.170629 0.629762 1.39288 1.47156 1.95201 2.2405 2.67465 2.71344 2.20325 2.60366 2.53713 2.44621 2.26867 2.01541 0.635662 -1.26004 -3.15885 -4.03898 -3.66392 -5.11288 -4.35802 -3.27184 -3.65995 -5.0686 -7.44241 -7.77846 -8.31665 -10.5158 -12.6456 -9999 -9999 -12.5586 -9.91003 -8.04935 -7.09603 -6.80958 -6.79314 -5.56605 -5.47921 -4.15516 -4.46467 -6.22913 -6.03702 -6.7204 -6.28166 -5.66312 -5.49794 -4.58746 -3.72304 -3.57078 -3.57988 -3.30209 -3.25675 -3.25654 -3.2798 -3.49344 -3.419 -3.42111 -3.78938 -5.88446 -6.91388 -8.04423 -11.8367 -9999 -9999
-9999 -9999 -9999 -9999 -0.109765 0.525154 1.22043 1.33221 1.84604 1.79145 1.64684 2.35954 2.62525 2.26153 1.995 2.44863 2.40161 2.32482 2.20833 0.91035 -0.588199 -2.84905 -4.25564 -5.10866 -5.71921 -6.51532 -5.95712 -6.12719 -6.3553 -6.09182 -6.73562 -8.02412 -9.31957 -11.7333 -13.0494 -9999 -12.4163 -11.2289 -9.01413 -7.13399 -5.94517 -6.39046 -4.99393 -4.74328 -3.93132 -4.41556 -5.48691 -5.95428 -6.00079 -6.14682 -5.20382 -4.5633 -4.10643 -3.81544 -3.44747 -3.36495 -3.28303 -3.25776 -3.25144 -3.24536 -3.26648 -3.29036 -3.34879 -3.49742 -4.46944 -5.49545 -7.69774 -11.715 -9999 -9999
-9999 -9999 -9999 -1.9812 -0.188255 0.878101 1.2913 1.58921 1.85096 2.0391 2.24037 2.42267 2.54342 2.48587 1.53915 1.6007 1.75302 2.26727 2.21445 2.08445 1.25933 -1.48973 -2.43834 -3.82333 -5.61715 -6.35341 -5.97785 -4.50756 -4.57106 -5.54172 -6.62444 -8.10972 -9.0588 -10.5464 -13.3923 -13.1488 -11.8821 -10.944 -9.44404 -7.14337 -5.53454 -4.82372 -4.56242 -3.99618 -3.7079 -4.36937 -4.99262 -5.25945 -5.74889 -5.82172 -5.82256 -5.25438 -4.80091 -3.80663 -3.48265 -3.3389 -3.27452 -3.24724 -3.23225 -3.21837 -3.22451 -3.26035 -3.27603 -3.30033 -3.38549 -4.74847 -8.13721 -10.6963 -9999 -9999
-9999 -9999 -9999 -9999 -0.52206 -0.0515841 0.0726754 0.288373 0.727986 1.23355 1.95359 2.04083 2.42894 2.41846 1.60625 0.662086 1.45524 1.76044 2.07798 2.07354 1.95621 -0.350242 -1.56079 -2.51286 -4.23241 -3.60017 -3.00921 -2.96148 -3.31342 -5.39544 -7.46982 -9.85106 -12.0908 -12.2032 -13.4098 -12.7809 -11.9491 -9.79297 -8.28064 -7.67668 -7.24677 -4.90683 -4.30292 -4.10275 -3.50877 -4.33771 -4.5463 -5.16832 -4.98857 -5.04615 -5.04613 -6.76079 -5.0377 -4.94362 -3.83421 -3.33689 -3.23435 -3.21796 -3.20048 -3.21151 -3.22182 -3.24396 -3.24963 -3.28247 -3.31877 -4.21069 -8.50149 -10.6676 -9999 -9999
-9999 -9999 -9999 -9999 -9999 -9999 -0.37218 -0.0128342 0.217204 0.6134 1.83113 2.15371 2.36407 2.37303 2.00253 1.07113 0.812483 0.964329 0.0509251 0.787703 1.80433 1.76963 1.63862 -0.38862 -1.41407 -0.409917 -0.711418 -2.22861 -3.42164 -4.59938 -7.02746 -8.79392 -11.3597 -13.2895 -13.3695 -11.2553 -9.50017 -7.31856 -6.36526 -6.93326 -6.35116 -5.19392 -3.87784 -3.24595 -3.40596 -4.27929 -4.40095 -5.35728 -4.4245 -4.3472 -4.78527 -5.16455 -5.00765 -4.46131 -4.25849 -3.39352 -3.19318 -3.16642 -3.17537 -3.18824 -3.20902 -3.23131 -3.25963 -3.28601 -3.31508 -3.3709 -7.78125 -11.2197 -9999 -9999
-9999 -9999 -9999 -9999 -9999 -9999 -1.21798 -0.997964 -0.424272 1.04568 1.81717 2.12339 2.10577 2.24001 1.97516 1.15188 0.305909 -0.4944 -1.52035 -0.956524 0.56035 1.45239 1.54844 -0.228993 0.703587 0.360324 -0.317303 -2.30223 -3.7637 -4.53666 -6.86704 -8.85186 -10.5593 -12.9185 -11.9186 -10.8192 -9.4069 -7.0236 -5.42267 -4.77466 -5.34729 -4.6137 -3.0977 -3.09959 -3.94403 -3.89652 -4.40598 -5.7112 -4.35898 -3.98005 -4.28968 -4.21247 -4.31987 -4.12027 -3.75293 -3.40352 -3.17612 -3.15696 -3.16752 -3.19199 -3.20967 -3.22658 -3.26115 -3.27729 -3.30665 -3.34555 -6.19807 -11.2871 -9999 -9999
-9999 -9999 -9999 -9999 -9999 -9999 -9999 -1.98508 -0.677623 1.27371 1.75966 1.71078 2.10663 2.13183 1.73165 1.38055 0.356438 -1.03794 -3.7003 -3.04011 -1.64483 0.374929 1.43477 1.28708 0.703318 -0.324833 -2.81469 -4.99247 -5.25281 -5.60562 -7.30517 -8.83049 -10.7283 -9.63416 -8.43784 -7.13105 -6.45162 -6.64576 -5.27608 -4.16252 -4.65773 -3.75488 -2.6976 -3.1933 -3.48892 -3.73661 -4.32543 -4.36445 -4.30563 -3.53826 -4.07262 -3.74756 -3.73191 -3.75622 -3.58119 -3.38027 -3.17058 -3.14738 -3.16175 -3.1746 -3.21769 -3.22646 -3.25697 -3.28707 -3.31567 -3.35159 -3.62431 -6.37469 -8.02208 -9999
-9999 -9999 -9999 -9999 -9999 -9999 -9999 -3.19155 -2.53923 -0.228509 0.486515 1.50281 2.03778 2.05317 1.38583 1.00729 -0.510851 -1.01486 -3.47925 -4.60008 -3.67111 -4.04033 -1.25318 1.21501 0.686392 -4.30183 -6.10596 -7.39102 -7.05544 -7.04806 -7.51862 -10.1249 -10.849 -8.50704 -7.03656 -5.90142 -5.0452 -4.87828 -4.92442 -3.17399 -2.95328 -2.39329 -2.53076 -2.48837 -3.38963 -3.94897 -3.46727 -4.02727 -4.12506 -3.33236 -4.11718 -3.41119 -3.48717 -3.70543 -3.72369 -3.26612 -3.18247 -3.14551 -3.15737 -3.19209 -3.23347 -3.26387 -3.26659 -3.29125 -3.33431 -3.34963 -3.39104 -3.73583 -5.16433 -5.67285
-9999 -9999 -9999 -9999 -9999 -9999 -9999 -9999 -4.69664 -1.48571 -0.0173333 0.748518 1.82674 1.94803 1.59111 0.944349 -0.602102 -1.96433 -4.16867 -6.68297 -8.01413 -4.06095 -0.618987 1.17676 0.949634 -3.20284 -4.8395 -4.91198 -3.94255 -4.75357 -5.36843 -7.34569 -7.94273 -8.77408 -8.2711 -6.68287 -5.39211 -4.14968 -3.25175 -3.19394 -2.61785 -2.28692 -2.27174 -2.1761 -2.29027 -2.38338 -3.24529 -2.65445 -3.16226 -2.89685 -3.07153 -3.22953 -3.35571 -3.85414 -3.51324 -3.21381 -3.14509 -3.1339 -3.16726 -3.18802 -3.21889 -3.26662 -3.29459 -3.31422 -3.33436 -3.36684 -3.38314 -3.4185 -3.59223 -4.45717
-9999 -9999 -9999 -9999 -9999 -9999 -9999 -9999 -6.3036 -3.10919 -1.56853 0.40847 1.42516 1.8313 1.76366 1.2372 0.0588868 -1.70727 -3.1809 -5.98553 -8.89577 -4.74622 -1.04044 0.954209 1.05774 -2.42053 -1.45083 -2.23034 -1.91176 -3.34086 -3.93344 -4.38985 -5.42037 -6.54915 -7.78244 -8.4425 -5.52922 -4.04115 -2.84777 -2.29412 -1.9885 -1.84389 -1.93915 -2.16529 -3.47422 -2.49167 -2.54583 -2.64921 -2.76615 -2.82409 -2.92957 -3.05338 -3.11698 -3.14849 -3.48306 -3.12123 -3.14171 -3.14967 -3.16265 -3.18867 -3.22479 -3.25958 -3.29874 -3.31291 -3.34022 -3.3697 -3.39465 -3.41935 -3.4453 -3.50684
-9999 -9999 -9999 -9999 -9999 -9999 -9999 -9999 -10.7976 -6.1504 -2.40725 -0.462242 1.1216 1.5469 1.6972 0.996295 0.467778 -0.802036 -2.00504 -3.85219 -6.61076 -8.31252 -5.20475 -0.684976 0.991921 0.873819 0.770189 -0.132676 -0.945834 -1.04701 -0.984537 -1.91941 -3.29906 -5.11073 -5.6808 -6.32414 -4.15716 -3.87547 -4.04989 -1.66978 -1.68055 -1.83267 -2.76456 -3.79538 -3.61173 -4.24746 -3.7626 -4.52561 -3.83399 -3.23619 -3.01522 -3.03774 -3.11002 -3.12677 -3.17073 -3.11711 -3.12954 -3.15291 -3.17548 -3.19588 -3.22225 -3.26844 -3.30316 -3.31218 -3.34307 -3.37475 -3.40054 -3.42264 -3.4434 -3.49298
-9999 -9999 -9999 -9999 -9999 -9999 -9999 -9999 -10.595 -6.68219 -3.37036 -1.38241 0.521098 0.953857 1.58701 1.43416 0.881868 -0.223245 -1.60011 -3.1223 -5.49039 -7.25221 -5.17901 -2.17685 -0.0299106 0.753684 0.75739 0.705724 0.501621 0.422704 0.18471 0.0289479 -0.966519 -2.6765 -3.64893 -5.06997 -2.65331 -2.39438 -2.78905 -1.59243 -1.669 -3.51754 -4.94172 -5.13106 -4.27177 -5.0995 -5.24548 -5.75206 -5.18237 -3.6455 -4.10234 -4.01784 -3.31044 -3.20256 -3.13855 -3.12881 -3.1452 -3.16154 -3.18787 -3.20187 -3.21709 -3.26232 -3.29338 -3.31822 -3.36326 -3.37749 -3.41274 -3.447 -3.46966 -3.50337
-9999 -9999 -9999 -9999 -9999 -9999 -9999 -9999 -10.5217 -7.88692 -4.90796 -1.97947 0.0537864 0.866822 1.45466 1.43514 0.796009 0.239978 -0.627911 -1.96828 -2.89085 -4.48233 -6.66098 -3.03223 -1.91749 -0.910197 -0.490046 0.547009 0.52164 0.0462488 -0.480422 0.0280523 -0.124618 -1.48196 -1.93473 -2.69474 -1.35582 -1.36588 -1.41765 -1.50504 -3.06881 -5.23631 -6.9712 -5.74654 -6.0175 -5.44611 -7.20918 -5.77107 -4.61119 -4.23831 -5.0264 -5.61985 -3.79368 -3.50125 -3.33147 -3.22716 -3.16344 -3.1946 -3.19024 -3.21634 -3.23811 -3.2612 -3.29453 -3.32194 -3.35564 -3.38938 -3.41193 -3.44417 -3.48079 -3.52685
-9999 -9999 -9999 -9999 -9999 -9999 -9999 -9999 -9999 -9.44612 -5.66075 -2.29015 -0.418563 0.753725 1.31827 1.29518 0.962225 0.580728 0.0378389 -0.932401 -2.14712 -4.05864 -5.47912 -4.59138 -3.49851 -3.36252 -2.63826 -0.532258 0.186301 -0.835822 -3.34365 -1.85317 -0.197819 -0.231841 -0.382045 -0.550505 -0.760849 -0.956595 -1.37048 -2.45655 -5.75439 -6.41869 -7.72068 -7.58757 -8.26053 -6.81281 -7.35402 -5.8794 -5.24398 -5.00789 -6.38474 -6.08436 -4.48075 -3.8516 -3.96664 -3.58552 -3.21881 -3.21936 -3.22257 -3.24719 -3.255 -3.26857 -3.29181 -3.33035 -3.36018 -3.38645 -3.42243 -3.44023 -3.57813 -3.67262
-9999 -9999 -9999 -9999 -9999 -9999 -9999 -9999 -9999 -10.1948 -6.42568 -2.45515 -1.1874 0.0771999 1.16638 1.17552 0.674057 0.19639 -0.295096 -0.852461 -2.32306 -3.74855 -5.10887 -5.57063 -5.30562 -5.30706 -4.1349 -1.3919 -0.863075 -1.09277 -3.70679 -4.60438 -2.3918 -0.534422 -0.396394 -0.575514 -2.78143 -2.32613 -3.52309 -5.14239 -5.5981 -6.31466 -7.81326 -7.11113 -8.21098 -7.75556 -7.8648 -7.03171 -6.62919 -5.63549 -6.83721 -6.82177 -5.24778 -4.4591 -4.44875 -3.62203 -3.33491 -3.26906 -3.26274 -3.26296 -3.27452 -3.27717 -3.30112 -3.32987 -3.36258 -3.41873 -3.52978 -3.8264 -5.4347 -5.44763
-9999 -9999 -9999 -9999 -9999 -9999 -9999 -9999 -9999 -9.7623 -7.15002 -3.62842 -1.02305 -0.86969 0.390388 1.03475 0.490877 -0.120012 -0.744582 -1.02414 -2.62342 -4.37829 -5.79726 -7.47412 -7.207 -6.01594 -4.03484 -2.26528 -1.95218 -2.32296 -3.71372 -3.05281 -1.54665 -0.751195 -0.523349 -0.720006 -1.20907 -1.49715 -2.38159 -2.77248 -3.99662 -5.90317 -6.66185 -6.20198 -8.22379 -8.09432 -7.3612 -8.13277 -6.83956 -6.22469 -7.77539 -6.5381 -5.14891 -4.44356 -3.82864 -3.54358 -3.43722 -3.26877 -3.27723 -3.27604 -3.28249 -3.30041 -3.31618 -3.36139 -3.40159 -3.58604 -3.8503 -5.34597 -5.9699 -5.86378
-9999 -9999 -9999 -9999 -9999 -9999 -9999 -9999 -9999 -9.31994 -6.96951 -3.91782 -2.06356 -1.74109 -0.342464 0.89958 0.747339 0.112497 -0.0891576 -0.746182 -2.10414 -3.60225 -5.23798 -6.03739 -7.86279 -6.08099 -4.64339 -3.14649 -2.44883 -3.58606 -4.17547 -3.15053 -2.13229 -1.73104 -0.70415 -0.724177 -1.07286 -2.54054 -3.26272 -2.97517 -3.29294 -3.83986 -5.15564 -5.22582 -6.07461 -6.43236 -6.77021 -7.81546 -7.14587 -7.08672 -6.90725 -5.42873 -4.71076 -4.23837 -3.81011 -3.70606 -3.52705 -3.29194 -3.28333 -3.28831 -3.30388 -3.3142 -3.34771 -3.43363 -3.50855 -3.86317 -4.47886 -5.61425 -7.43618 -6.17097
-9999 -9999 -9999 -9999 -9999 -9999 -9999 -9999 -9999 -9.72636 -7.22952 -4.62334 -3.5403 -3.36595 -0.825372 0.725468 0.716084 0.408854 0.0522011 -1.55347 -1.471 -1.80038 -3.27702 -5.42271 -7.77768 -7.56549 -6.15486 -4.16776 -3.51728 -5.41292 -6.09826 -5.60714 -4.06405 -2.6843 -1.24392 -0.885941 -1.32232 -3.60035 -6.02092 -4.91599 -3.73469 -3.75363 -4.116 -5.33653 -5.73176 -6.09014 -6.98242 -8.47465 -8.24664 -7.84071 -6.15801 -5.64003 -4.8345 -4.16756 -4.43407 -4.29617 -3.66008 -3.30083 -3.30002 -3.30716 -3.30917 -3.33236 -3.36951 -3.52485 -3.68852 -3.95289 -5.53331 -6.52148 -7.95627 -6.31038
-9999 -9999 -9999 -9999 -9999 -9999 -9999 -9999 -9999 -10.5067 -8.69819 -6.20813 -5.21151 -3.61532 -1.2153 -0.0410504 0.515521 0.490984 0.249359 -0.475975 -0.916246 -1.77257 -3.30841 -5.40419 -7.73221 -9.25031 -8.49068 -5.79819 -5.16153 -6.91995 -7.82779 -6.71513 -5.0706 -2.63191 -1.24315 -1.0648 -1.20233 -1.68118 -3.45151 -5.58818 -5.59303 -4.53942 -5.44291 -6.49081 -5.93209 -6.04843 -6.92966 -7.5731 -7.9391 -7.70214 -6.74284 -6.35991 -5.42821 -4.04829 -3.86048 -3.91181 -3.33851 -3.32201 -3.32161 -3.31323 -3.32803 -3.34782 -3.38003 -3.50913 -3.78006 -4.83679 -5.76007 -7.03868 -7.20929 -5.74759
-9999 -9999 -9999 -9999 -9999 -9999 -9999 -9999 -9999 -11.8473 -9.71813 -7.3867 -5.20467 -3.14111 -1.36692 -1.24108 -0.311144 -0.324422 0.157331 0.00436725 -0.668483 -1.39142 -2.71617 -5.40586 -7.66856 -10.135 -9.49528 -6.76019 -6.37079 -7.56458 -9.76369 -7.51024 -5.02474 -2.77348 -1.55977 -2.53006 -1.55782 -1.65011 -2.32077 -3.59747 -5.57597 -5.5506 -7.03603 -7.11155 -6.36574 -6.13081 -6.26729 -6.75287 -7.51034 -7.36474 -6.78016 -6.64394 -5.78894 -4.72128 -3.67812 -3.51301 -3.32436 -3.32866 -3.3387 -3.33593 -3.34777 -3.38394 -3.45225 -3.58627 -4.47423 -5.52749 -6.18176 -7.07674 -7.1977 -5.52328
