Test_Spring_2018b/01_18/Temp/20180128_018.txt
ncols	170
nrows	115
xllcorner	350000.000000
yllcorner	4445000.000000
cellsize	1000.000000
nodata_value	-9999.000000
[rows 32 to 63 of 115, columns 72 to 143 of 170]
7.65188 7.3265 7.81952 8.27317 8.01278 7.84077 8.59148 8.5887 8.32915 7.72332 7.49895 7.26642 7.12281 6.34686 4.17534 2.21806 3.26463 3.28909 2.56506 3.86564 3.18159 1.39437 -1.12912 0.249184 -0.103271 -1.8661 -2.28957 -9999 -9999 -9999 -9999 -9999 -9999 -9999 -9999 -9999 -9999 -9999 -9999 -9999 -9999 -9999 -9999 -9999 -9999 -9999 -9999 -9999 -9999 -9999 -9999 -9999 -9999 -9999 -9999 -9999 -9999 -9999 -9999 -9999 -9999 -9999 -9999 -9999 -9999 -9999 -9999 -9999 -9999 -9999 -9999 -9999
7.23346 7.09121 7.82562 7.80622 7.7751 8.05815 8.52458 8.61511 8.51238 8.24674 8.01634 7.77145 7.15454 6.26759 4.40897 2.18141 1.67531 2.76395 2.81624 2.99209 2.36813 1.58474 0.35859 1.36866 1.76356 0.606663 -0.910454 -1.87822 -9999 -9999 -9999 -9999 -9999 -9999 -9999 -9999 -9999 -9999 -9999 -9999 -9999 -9999 -9999 -9999 -9999 -9999 -9999 -9999 -9999 -9999 -9999 -9999 -9999 -9999 -9999 -9999 -9999 -9999 -9999 -9999 -9999 -9999 -9999 -9999 -9999 -9999 -9999 -9999 -9999 -9999 -9999 -9999
6.73191 6.01141 6.45228 6.78242 7.43012 7.59597 7.68646 8.56492 8.5159 8.47266 8.0941 7.79085 7.29007 6.43654 5.22254 3.76159 1.21959 2.78511 4.01134 3.98013 3.91381 3.36492 2.18625 3.17688 3.22642 1.75377 0.072337 -0.931486 -1.34489 -9999 -9999 -9999 -9999 -9999 -9999 -9999 -9999 -9999 -9999 -9999 -9999 -9999 -9999 -9999 -9999 -9999 -9999 -9999 -9999 -9999 -9999 -9999 -9999 -9999 -9999 -9999 -9999 -9999 -9999 -9999 -9999 -9999 -9999 -9999 -9999 -9999 -9999 -9999 -9999 -9999 -9999 -9999
6.15989 5.2806 5.72409 6.31754 7.17323 7.62504 7.96089 8.22221 8.48875 8.45488 8.06778 6.92868 6.76406 6.71263 5.91786 4.25244 2.58947 2.15775 4.02811 4.56334 4.45444 4.87316 3.87436 4.34912 4.1578 3.64166 2.02935 0.539664 -0.078851 -1.3043 -9999 -9999 -9999 -9999 -9999 -9999 -9999 -9999 -9999 -9999 -9999 -9999 -9999 -9999 -9999 -9999 -9999 -9999 -9999 -9999 -9999 -9999 -9999 -9999 -9999 -9999 -9999 -9999 -9999 -9999 -9999 -9999 -9999 -9999 -9999 -9999 -9999 -9999 -9999 -9999 -9999 -9999
-9999 -9999 4.73682 5.56138 6.23347 7.07145 7.78663 8.14142 8.48601 8.45628 7.68498 7.30661 7.27159 6.75004 5.83278 5.25632 4.20835 3.11684 3.53173 5.1266 4.41645 5.54729 5.45253 5.66177 4.90802 3.50916 1.61293 0.508832 -0.0445425 -1.03744 -9999 -9999 -9999 -9999 -9999 -9999 -9999 -9999 -9999 -9999 -9999 -9999 -9999 -9999 -9999 -9999 -9999 -9999 -9999 -9999 -9999 -9999 -9999 -9999 -9999 -9999 -9999 -9999 -9999 -9999 -9999 -9999 -9999 -9999 -9999 -9999 -9999 -9999 -9999 -9999 -9999 -9999
-9999 -9999 -9999 5.42222 5.93446 7.03455 7.62342 7.85333 8.41052 8.41022 8.11708 7.89517 7.57379 7.15445 6.46439 5.70323 4.71714 4.62393 5.64287 5.65409 5.44002 5.60744 6.13238 5.99525 4.84018 2.84119 1.77687 -0.36698 -1.29326 -1.1962 -1.85303 -9999 -9999 -9999 -9999 -9999 -9999 -9999 -9999 -9999 -9999 -9999 -9999 0.652161 -9999 -9999 -9999 -9999 -9999 -9999 -9999 -9999 -9999 -9999 -9999 -9999 -9999 -9999 -9999 -9999 -9999 -9999 -9999 -9999 -3.32645 -9999 -9999 -9999 -9999 -9999 -9999 -9999
-9999 -9999 5.32209 6.0211 6.55485 7.24406 7.32385 7.74019 8.38139 8.38948 8.1813 7.94598 7.41877 7.2863 6.89227 6.06577 5.89451 6.22582 6.37733 6.54984 6.65599 6.5684 6.35623 6.08267 5.35843 4.42453 3.7988 1.8325 0.842598 -0.113847 -1.56303 -2.69706 -9999 -9999 -9999 -9999 -9999 -9999 -9999 -0.0958165 -0.151676 -0.127647 0.189081 1.0663 0.549337 -9999 -9999 -9999 -9999 -9999 -9999 -9999 -9999 -9999 -9999 -9999 -9999 -9999 -9999 -9999 -9999 -9999 -9999 -9999 -2.53167 -3.67793 -9999 -9999 -9999 -9999 -9999 -9999
-9999 -9999 5.53065 6.25245 6.61241 7.28223 7.66538 7.93548 8.15735 8.36916 8.33214 8.07197 7.67665 7.67672 7.13196 6.83669 6.62489 7.07348 7.16003 6.97663 6.74784 6.54616 5.97795 5.9132 5.75681 5.16527 4.19269 3.19042 1.76127 -0.205819 -2.13553 -3.69247 -9999 -9999 -9999 -9999 -9999 -9999 0.0738552 0.80107 1.23599 0.304725 1.09721 1.82182 1.70518 1.02598 -9999 -9999 -9999 -9999 -9999 -9999 -9999 -9999 -9999 -9999 -9999 -9999 -9999 -9999 2.90233 1.72686 -0.643049 -1.85971 -2.59114 -3.63366 -9999 -9999 -9999 -9999 -9999 -9999
-9999 -9999 5.39443 6.24769 6.82584 7.3395 7.42166 7.95557 8.19627 8.30986 8.29528 8.24244 8.16786 7.6922 7.48562 6.76723 7.44766 7.41826 7.24199 6.5541 6.25524 5.07772 4.56008 4.47039 5.4627 4.73466 3.21127 1.30603 -0.975272 -1.11278 -1.86999 -3.26142 -9999 -9999 -9999 -9999 -9999 -9999 0.30382 1.08142 1.73031 1.8231 0.897729 2.18621 2.15945 1.43776 1.27388 1.86519 2.16467 1.95251 2.6624 2.86665 2.54487 2.89085 -9999 -9999 -9999 -9999 3.07596 3.11851 3.14958 2.65715 0.0684466 -1.70074 -3.2897 -3.43609 -9999 -9999 -9999 -9999 -9999 -9999
-9999 -9999 5.99306 6.5181 6.78374 6.82697 7.28897 7.75703 8.05082 8.26261 8.21948 8.20059 8.18005 8.01507 7.63551 7.69917 7.66468 7.44141 6.13334 4.6078 5.26964 4.36074 2.43822 4.02338 4.89049 4.06569 2.21952 0.0781833 -0.611427 -0.57094 -1.62447 -2.97999 -9999 -9999 -9999 -1.81461 -0.700368 -0.606493 -0.280434 0.757178 1.5461 2.14019 2.54488 2.54778 2.12402 1.41851 0.651734 0.92541 2.30539 2.64162 2.93964 3.15154 2.85264 3.00346 3.36822 3.5543 3.58809 3.49623 3.47127 3.49636 3.4474 2.98738 0.672024 -0.655111 -1.50306 -3.20573 -9999 -9999 -9999 -9999 -9999 -9999
-9999 -9999 5.67022 6.1268 6.49719 7.11873 7.18459 7.57504 7.81269 8.16358 8.2009 7.79662 8.12615 8.07969 8.01346 7.87716 7.6794 6.57376 5.05201 3.52728 2.82273 3.13161 1.96848 2.57813 3.45697 3.13988 2.01406 0.107059 -0.158118 -0.591466 -2.35806 -4.06615 -9999 -9999 -3.97316 -1.83233 -0.326352 0.448444 0.685768 0.705272 1.69966 1.77536 2.84745 2.60924 1.19358 1.35376 0.803382 1.16222 1.67033 1.80913 2.54561 3.24765 3.37685 3.37625 3.60689 3.65046 3.65783 3.64645 3.48187 3.54948 3.55559 3.26688 1.58739 0.766416 -0.134264 -3.18122 -9999 -9999 -9999 -9999 -9999 -9999
-9999 -9999 5.91648 6.42761 6.98807 7.0794 7.4955 7.45374 7.34231 7.92127 8.13797 7.85174 7.64422 8.01692 7.98626 7.93129 7.84387 6.8042 5.60238 3.78602 2.65731 1.97663 1.48867 0.851771 1.30537 1.17246 0.992973 1.20969 0.688637 -0.348821 -1.3854 -3.32421 -4.37666 -9999 -3.85132 -2.88739 -1.09612 0.425258 1.38942 1.03699 2.16781 2.37535 3.03972 2.65519 1.79766 1.43 1.398 1.28572 2.0506 2.56727 2.93836 3.1789 3.48119 3.55425 3.62701 3.65432 3.66657 3.67881 3.66932 3.65779 3.61861 3.50694 2.73219 1.91532 0.14997 -3.07782 -9999 -9999 -9999 -9999 -9999 -9999
-9999 4.42338 5.86289 6.72095 7.05367 7.29444 7.5071 7.6615 7.82841 7.97903 8.08192 8.03975 7.28443 7.34148 7.47156 7.89286 7.85691 7.75818 7.09892 4.88935 4.13159 3.0221 1.58138 0.989939 1.29619 2.48431 2.43711 1.65942 0.791732 -0.404432 -1.16889 -2.35998 -4.6463 -4.44239 -3.41434 -2.65111 -1.43556 0.424604 1.72713 2.30594 2.52232 2.98793 3.22591 2.70147 2.20506 1.99562 1.60671 1.55322 1.5576 2.02029 2.38837 3.19095 3.45807 3.57993 3.63843 3.66727 3.68643 3.70494 3.70755 3.68646 3.68182 3.67042 3.61109 2.52186 -0.202581 -2.25598 -9999 -9999 -9999 -9999 -9999 -9999
-9999 -9999 5.60285 5.98045 6.07999 6.25414 6.60969 7.01945 7.60392 7.67856 7.99651 7.99372 7.34506 6.5921 7.23851 7.4916 7.75415 7.75674 7.66776 5.81745 4.84737 4.08504 2.70416 3.21499 3.69459 3.73663 3.45684 1.78365 0.116861 -1.801 -3.59958 -3.68417 -4.65309 -4.13984 -3.46209 -1.7177 -0.492129 0.00142837 0.354413 2.2455 2.74066 2.9099 3.39464 2.73292 2.57048 2.07489 2.22488 2.18351 2.18838 0.812007 2.20262 2.28353 3.18244 3.58637 3.67525 3.69522 3.71633 3.71476 3.71404 3.70406 3.70758 3.69007 3.66712 2.9569 -0.49095 -2.22774 -9999 -9999 -9999 -9999 -9999 -9999
-9999 -9999 -9999 -9999 5.72901 6.01857 6.20502 6.5264 7.51147 7.77541 7.94996 7.96315 7.67135 6.92751 6.72678 6.85647 6.12769 6.72789 7.55369 7.5315 7.43118 5.80298 4.97919 5.7917 5.55235 4.33371 3.37621 2.43115 0.479148 -0.943591 -3.00511 -4.55387 -4.61224 -2.9028 -1.48376 0.281177 1.0565 0.60613 1.08178 2.02278 3.08991 3.60565 3.48318 2.7858 2.69339 1.9285 2.68497 2.75211 2.40392 2.10295 2.23187 2.6768 2.84521 3.54723 3.71429 3.74111 3.74087 3.73781 3.72869 3.71866 3.70335 3.69016 3.67494 3.63828 0.0942239 -2.66732 -9999 -9999 -9999 -9999 -9999 -9999
-9999 -9999 -9999 -9999 5.05458 5.23175 5.69482 6.88088 7.50627 7.75678 7.74746 7.86134 7.65449 6.99835 6.32412 5.68694 4.86792 5.32907 6.55743 7.28198 7.3648 5.93803 6.69157 6.41882 5.8765 4.28103 3.10715 2.48792 0.614365 -0.984387 -2.35477 -4.24968 -3.43844 -2.54668 -1.40236 0.524099 1.82111 2.35043 1.897 2.4953 3.72363 3.72902 3.0554 3.09985 2.69511 1.64921 2.7435 3.05351 2.80864 2.87519 2.79109 2.9565 3.25719 3.54372 3.73239 3.75381 3.75167 3.73925 3.73265 3.72672 3.70687 3.70201 3.68663 3.66369 1.37451 -2.71646 -9999 -9999 -9999 -9999 -9999 -9999
-9999 -9999 -9999 -9999 -9999 4.44305 5.4971 7.07079 7.46603 7.43029 7.75376 7.77958 7.46351 7.18757 6.36989 5.25416 3.11703 3.65596 4.7866 6.41976 7.27917 7.16538 6.69771 5.87342 3.87143 2.12062 1.91417 1.63323 0.267609 -0.961174 -2.48516 -1.59873 -0.629515 0.429168 0.983007 0.83362 1.94423 2.84872 2.45743 3.19219 4.05117 3.65896 3.42756 3.23436 2.76577 2.73982 2.7923 3.41516 2.9892 3.25527 3.27017 3.25505 3.40066 3.56742 3.74168 3.76625 3.76119 3.758 3.73089 3.73167 3.71514 3.69911 3.6844 3.6639 3.45275 1.24555 -0.0727696 -9999 -9999 -9999 -9999 -9999
-9999 -9999 -9999 -9999 -9999 3.47747 4.0039 5.86706 6.44678 7.26886 7.70418 7.72185 7.19037 6.89231 5.67663 5.27796 3.30051 2.40453 3.15974 2.86882 5.11982 7.11334 6.69024 2.67635 1.22685 0.195177 0.468745 0.477886 0.102096 -1.99759 -2.57637 -0.685039 0.504797 1.42503 2.12112 2.26285 2.23287 3.65068 3.83546 4.29415 4.19088 4.23223 3.51313 3.06903 3.46281 3.0173 2.94369 3.58698 2.95926 3.53212 3.47314 3.30171 3.29152 3.66491 3.73754 3.77312 3.76992 3.74914 3.72356 3.70664 3.71252 3.7009 3.67457 3.67067 3.64585 3.37629 2.23424 1.83334 2.27184 -9999 -9999 -9999
-9999 -9999 -9999 -9999 -9999 -9999 2.27245 4.86083 6.04745 6.6677 7.54044 7.6432 7.36293 6.84794 5.60894 4.51886 2.75082 0.733255 -0.333135 2.85776 5.63641 7.08853 6.9084 3.56791 2.25348 2.19867 2.98287 2.33283 1.84079 0.247615 -0.228963 -0.893875 -0.483531 0.803059 1.8489 2.85597 3.58634 3.64071 4.11308 4.38523 4.405 4.48934 4.40435 4.33591 3.64752 4.12911 3.72532 3.94394 3.80775 3.68472 3.58528 3.18815 3.46724 3.7132 3.77377 3.78812 3.76781 3.75825 3.7411 3.71085 3.69537 3.68778 3.6799 3.66215 3.6575 3.63711 3.50568 2.8176 1.89813 0.73776 -9999 -9999
-9999 -9999 -9999 -9999 -9999 -9999 0.98443 3.55972 4.80479 6.4006 7.2259 7.55819 7.50875 7.09048 6.14784 4.73224 3.55266 1.30117 -1.03539 2.31385 5.30288 6.91542 7.00415 4.20449 4.98966 4.36552 4.62561 3.47781 3.00378 2.63547 1.80965 0.905049 -0.0804728 -0.606359 1.74565 2.95049 3.91875 4.3724 4.62679 4.7518 4.67996 4.50385 3.45658 4.25469 4.21699 4.13951 4.05069 4.00898 3.92863 3.83325 3.78426 3.76328 3.49833 3.79527 3.78239 3.78193 3.778 3.76415 3.74271 3.72281 3.69974 3.6947 3.68074 3.66534 3.65364 3.64169 3.62918 3.58807 3.40325 1.84541 0.913191 0.654501
-9999 -9999 -9999 -9999 -9999 -9999 -2.62902 1.11683 4.14006 5.70955 6.98989 7.3367 7.46272 6.9038 6.48439 5.46842 4.50666 3.02628 0.811801 -0.551568 1.958 5.60514 6.95776 6.86469 6.78552 6.06222 5.4109 5.33288 5.38661 4.63277 3.53079 2.07518 1.62155 1.10801 2.85886 3.09189 2.95828 4.88297 4.88234 4.76817 4.02599 3.19881 3.35419 2.84667 3.24319 2.63452 3.19711 3.68374 3.8665 3.85287 3.79699 3.78942 3.75836 3.80383 3.79928 3.78641 3.77472 3.76533 3.75166 3.72245 3.70281 3.7041 3.68458 3.66739 3.6544 3.64436 3.63586 3.60422 3.57566 3.33376 2.9719 2.28825
-9999 -9999 -9999 -9999 -9999 -9999 -2.45446 0.701796 3.3719 4.97735 6.51429 6.86717 7.38209 7.26454 6.82583 5.94235 4.84038 3.62158 1.7215 0.309668 1.98662 4.41054 6.14592 6.77911 6.78236 6.7449 6.58437 6.53216 6.34335 6.21628 5.41791 4.04603 3.26691 2.127 4.07896 4.29359 3.98244 4.95367 4.89983 3.41898 2.28005 2.13568 2.82919 2.16954 2.05804 1.65331 2.11784 3.36105 3.00046 3.07296 3.64496 3.73626 3.78894 3.80194 3.79424 3.78704 3.77229 3.76798 3.76317 3.73457 3.71769 3.70602 3.67817 3.67099 3.65078 3.63076 3.61987 3.60078 3.5741 3.50291 3.42426 3.50431
-9999 -9999 -9999 -9999 -9999 -9999 -2.37786 -0.261101 2.14131 4.5047 6.14639 6.80571 7.28418 7.27399 6.76523 6.32388 5.6317 4.55919 3.82329 2.54852 0.800586 3.7301 4.63315 5.44632 5.79889 6.63844 6.62164 6.2419 5.81108 6.22418 6.10671 5.01734 4.65697 4.04959 5.13347 5.13137 5.09629 5.03308 3.78108 2.04307 0.65361 1.64796 1.43737 1.89741 0.483283 1.65109 2.59111 2.89673 2.26376 1.79044 3.26381 3.49959 3.64136 3.73064 3.78755 3.76843 3.77835 3.76421 3.75397 3.74302 3.72407 3.71007 3.69107 3.67204 3.65715 3.63845 3.61681 3.58954 3.58434 3.5488 3.53153 3.52016
-9999 -9999 -9999 -9999 -9999 -9999 -9999 -1.49829 1.55422 4.27243 5.78357 6.73188 7.19119 7.17776 6.91534 6.6144 6.18396 5.40966 4.43864 2.90638 1.76949 2.4915 3.37767 3.48835 4.07665 5.77738 6.36004 5.5402 3.5182 4.72391 6.06092 6.03736 5.92056 5.78953 5.62261 5.4709 5.14402 4.27618 1.62718 1.10255 0.0617067 0.17678 -0.357636 0.80739 0.377234 1.57134 2.08904 2.28467 1.18072 1.42527 2.716 3.22763 3.13993 3.45209 3.75128 3.75683 3.76062 3.74756 3.7484 3.74489 3.73383 3.71227 3.69621 3.68298 3.65643 3.649 3.54553 3.47701 3.34339 3.50011 3.51227 3.5062
-9999 -9999 -9999 -9999 -9999 -9999 -9999 -2.09279 0.946765 4.14879 5.17403 6.19708 7.07925 7.09194 6.69383 6.31535 5.92614 5.48416 4.30675 3.16569 2.07698 1.71177 1.93157 1.9306 2.87972 5.09366 5.52369 5.34241 3.23666 2.51755 4.30369 5.80391 5.91951 5.78006 4.00852 4.38108 3.42329 2.12578 1.7659 1.19618 -0.00334663 0.569755 -0.30878 0.0651448 -0.0263474 0.651052 0.981265 1.78731 0.824671 0.840065 2.10643 2.74676 2.76024 3.43148 3.66833 3.72728 3.73862 3.74506 3.74269 3.74779 3.73592 3.7203 3.70154 3.66385 3.58187 3.34441 2.0553 2.05214 2.39887 2.72718 3.33317 3.48205
-9999 -9999 -9999 -9999 -9999 -9999 -9999 -1.73626 0.37216 3.21315 5.31633 5.44472 6.46485 6.98939 6.5572 6.07137 5.57484 5.35642 4.0751 2.66846 1.53223 0.188051 0.409385 1.37454 2.96937 4.39931 4.65574 4.36104 3.24078 3.77731 4.99472 5.63984 5.82801 5.67458 5.28603 5.05979 4.35363 4.04541 3.06633 1.53779 0.933958 1.31163 -0.309794 -0.198615 0.398487 -0.227591 0.820158 1.32122 0.0776973 1.07039 2.19461 2.768 3.26863 3.50371 3.59506 3.73666 3.73605 3.74349 3.74504 3.73755 3.73195 3.70271 3.6775 3.53606 3.33023 2.13242 1.62944 1.72179 2.26827 2.74652 3.23455 3.43647
-9999 -9999 -9999 -9999 -9999 -9999 -9999 -1.37162 0.526527 2.98961 4.4883 4.75334 5.88541 6.89161 6.77498 6.26986 6.11388 5.59125 4.50408 3.30399 1.99292 1.35527 -0.109067 1.33181 2.48868 3.69903 4.26533 3.34918 2.87884 3.70882 4.53347 4.86129 5.69328 5.68228 5.40687 4.23049 3.65494 3.89303 3.6438 3.21017 2.15731 2.10775 1.43094 1.14948 0.883811 0.036574 0.582084 0.635665 0.778358 1.97258 2.55632 2.94224 3.29268 3.38208 3.53202 3.72733 3.74041 3.74275 3.73674 3.7351 3.71487 3.65244 3.59886 3.31991 2.83056 1.92249 0.45364 1.47921 2.55212 2.85146 3.16337 3.32048
-9999 -9999 -9999 -9999 -9999 -9999 -9999 -1.69053 0.326201 2.43103 3.30906 3.45523 5.5075 6.76269 6.76128 6.52009 6.23919 4.95229 5.02516 4.76622 3.58304 1.86075 -0.0303516 0.146095 1.2814 2.88628 3.41465 1.88771 1.34026 1.74044 2.98806 4.10426 5.26949 5.5631 5.21714 3.38803 1.44438 2.34072 3.29877 3.29018 3.00503 2.02863 1.71692 1.43477 0.722394 -0.475811 -0.295637 0.0373842 1.38839 1.81122 2.46565 3.00844 2.7994 2.91618 3.43436 3.72969 3.73642 3.73688 3.74158 3.72928 3.70578 3.58703 3.46153 3.25481 1.98791 1.19793 0.0466893 1.37177 2.10094 2.47275 3.166 3.32641
-9999 -9999 -9999 -9999 -9999 -9999 -9999 -2.31051 -0.847547 1.16436 1.97332 3.26526 5.2047 6.15683 6.61147 6.59805 6.40978 5.83185 5.48346 4.79983 3.56871 1.88638 0.0167623 -1.20069 -0.583663 1.58314 2.10042 0.684055 -0.0425179 0.858455 2.18795 4.15728 5.28109 5.43014 5.32497 4.94509 3.52515 1.8103 1.81276 2.66788 1.94663 1.10906 1.56554 1.47816 0.774574 0.26237 -0.0387509 0.149633 0.926254 1.24042 1.99661 3.11386 3.27091 3.23538 3.70305 3.7223 3.72865 3.74148 3.73567 3.72583 3.70594 3.60793 3.39557 2.55013 1.81203 0.787591 0.655504 1.82995 2.32262 2.80005 3.13606 3.24073
-9999 -9999 -9999 -9999 -9999 -9999 -9999 -3.38156 -1.65969 0.225065 1.98943 3.65833 5.09409 5.20206 5.95763 5.95337 6.34775 6.23074 5.69482 5.11839 4.05702 1.89603 0.0787814 -1.90272 -1.38247 0.818551 1.13208 0.17516 -1.59146 0.228501 2.23552 4.05403 5.03697 4.26092 5.04972 4.98124 4.44703 3.42479 1.83734 1.86405 0.673845 0.619295 1.22628 1.42169 1.31786 0.932751 0.325644 0.43024 0.905316 1.02087 1.71541 2.58126 3.42742 3.56636 3.72428 3.7268 3.72469 3.73288 3.72924 3.70592 3.6566 3.55421 2.84437 2.00121 1.47925 0.763243 0.67057 2.02253 2.54429 2.84209 3.13072 3.23988
-9999 -9999 -9999 -9999 -9999 -9999 -9999 -9999 -1.83081 0.116671 1.55691 1.94271 3.21874 3.90623 4.43738 4.55249 6.07407 6.15482 5.81373 5.28372 4.37779 2.73708 1.59335 -0.307735 -1.67465 -1.09748 -0.818052 -0.318548 -0.468672 0.34156 2.26993 4.27886 4.49525 3.21396 3.39981 3.6637 4.25945 3.9519 1.79005 0.690102 -0.223334 0.420261 1.09767 1.25969 1.29025 1.1568 1.00571 0.760679 1.6676 2.33778 2.49064 3.07417 3.50384 3.61956 3.70548 3.71207 3.71856 3.7136 3.68293 3.65892 3.54419 3.29425 2.50072 0.60122 0.682762 0.471037 -0.124869 1.18115 2.01547 2.7584 3.14911 3.24356
-9999 -9999 -9999 -9999 -9999 -9999 -9999 -9999 -2.4742 -0.220281 0.254063 0.216214 -0.533379 -0.192577 2.57293 3.12703 4.58599 5.96723 5.86206 5.34172 4.49359 3.51502 2.00182 -0.136286 -1.83551 -2.53218 -0.700593 1.09911 1.46698 2.03694 3.21741 3.43927 2.12993 0.901705 1.58586 1.99644 3.57103 3.8554 3.545 2.24104 0.750801 -0.0285208 0.884746 1.00447 1.05693 1.06546 1.03083 1.00813 2.03814 2.60268 2.99316 3.20404 3.57241 3.66363 3.68983 3.71391 3.70227 3.67784 3.61351 3.5408 3.24034 2.87763 1.58163 0.499759 -0.177752 -1.036 0.87379 1.41663 2.19668 2.69865 3.08655 3.16425
