Test_Spring_2018b/01_18/Temp/20180130_001.txt
ncols	170
nrows	115
xllcorner	350000.000000
yllcorner	4445000.000000
cellsize	1000.000000
nodata_value	-9999.000000
[rows 31 to 61 of 115, columns 70 to 139 of 170]
5.47437 5.96256 6.14173 5.80075 5.83503 6.68277 6.87828 6.86915 6.83846 6.76359 6.37773 6.24945 5.94461 5.4064 5.18051 4.22202 1.12398 2.00008 2.34263 1.44486 1.94716 2.76496 2.05739 -0.0471077 -0.950165 -2.40686 -1.92164 -2.32951 -3.49937 -9999 -9999 -9999 -9999 -9999 -9999 -9999 -9999 -9999 -9999 -9999 -9999 -9999 -9999 -9999 -9999 -9999 -9999 -9999 -9999 -9999 -9999 -9999 -9999 -9999 -9999 -9999 -9999 -9999 -9999 -9999 -9999 -9999 -9999 -9999 -9999 -9999 -9999 -9999 -9999 -9999
5.56626 5.78839 5.7662 5.43748 5.94427 6.4114 6.17076 6.01334 6.79548 6.79787 6.53801 5.9245 5.69968 5.46602 5.3225 4.53331 2.31981 0.324418 1.39319 1.41892 0.680866 2.00829 1.31105 -0.511503 -3.08498 -1.67753 -2.03557 -3.81468 -4.25465 -9999 -9999 -9999 -9999 -9999 -9999 -9999 -9999 -9999 -9999 -9999 -9999 -9999 -9999 -9999 -9999 -9999 -9999 -9999 -9999 -9999 -9999 -9999 -9999 -9999 -9999 -9999 -9999 -9999 -9999 -9999 -9999 -9999 -9999 -9999 -9999 -9999 -9999 -9999 -9999 -9999
4.94532 5.50224 5.32903 5.18725 5.94032 5.92474 5.91079 6.22543 6.71673 6.81396 6.7137 6.44683 6.21547 5.96886 5.34224 4.43967 2.5454 0.274407 -0.240577 0.871271 0.925768 1.10636 0.471095 -0.32664 -1.57586 -0.543423 -0.138375 -1.31768 -2.85337 -3.8308 -9999 -9999 -9999 -9999 -9999 -9999 -9999 -9999 -9999 -9999 -9999 -9999 -9999 -9999 -9999 -9999 -9999 -9999 -9999 -9999 -9999 -9999 -9999 -9999 -9999 -9999 -9999 -9999 -9999 -9999 -9999 -9999 -9999 -9999 -9999 -9999 -9999 -9999 -9999 -9999
4.1108 5.06813 4.8065 4.07499 4.52873 4.86982 5.56229 5.75384 5.8511 6.75195 6.70621 6.66591 6.28307 5.97661 5.46822 4.5996 3.36295 1.87416 -0.717644 0.881094 2.13373 2.10367 2.03797 1.48017 0.280107 1.29342 1.34682 -0.160675 -1.84685 -2.8702 -3.29141 -9999 -9999 -9999 -9999 -9999 -9999 -9999 -9999 -9999 -9999 -9999 -9999 -9999 -9999 -9999 -9999 -9999 -9999 -9999 -9999 -9999 -9999 -9999 -9999 -9999 -9999 -9999 -9999 -9999 -9999 -9999 -9999 -9999 -9999 -9999 -9999 -9999 -9999 -9999
-9999 4.46346 4.21161 3.31844 3.77513 4.38508 5.27852 5.76504 6.12054 6.39169 6.66769 6.63671 6.24487 5.08538 4.9197 4.86921 4.06017 2.36281 0.667974 0.229407 2.13964 2.688 2.5795 3.00957 1.99376 2.48153 2.28998 1.75986 0.124675 -1.37424 -2.00409 -3.2535 -9999 -9999 -9999 -9999 -9999 -9999 -9999 -9999 -9999 -9999 -9999 -9999 -9999 -9999 -9999 -9999 -9999 -9999 -9999 -9999 -9999 -9999 -9999 -9999 -9999 -9999 -9999 -9999 -9999 -9999 -9999 -9999 -9999 -9999 -9999 -9999 -9999 -9999
-9999 -9999 -9999 -9999 2.75716 3.61905 4.31755 5.19014 5.9324 6.29893 6.65448 6.62753 5.84347 5.4598 5.42605 4.8957 3.96156 3.37513 2.30782 1.19636 1.62208 3.25202 2.53073 3.68804 3.59532 3.81305 3.04855 1.62648 -0.305442 -1.41019 -1.97284 -2.98431 -9999 -9999 -9999 -9999 -9999 -9999 -9999 -9999 -9999 -9999 -9999 -9999 -9999 -9999 -9999 -9999 -9999 -9999 -9999 -9999 -9999 -9999 -9999 -9999 -9999 -9999 -9999 -9999 -9999 -9999 -9999 -9999 -9999 -9999 -9999 -9999 -9999 -9999
-9999 -9999 -9999 -9999 -9999 3.4672 4.0024 5.13055 5.75583 5.9951 6.56753 6.57046 6.27399 6.04965 5.72343 5.29707 4.59448 3.81951 2.81534 2.72252 3.76483 3.77958 3.56502 3.74017 4.28051 4.14576 2.96664 0.939085 -0.142031 -2.30771 -3.24991 -3.14858 -3.81696 -9999 -9999 -9999 -9999 -9999 -9999 -9999 -9999 -9999 -9999 -9999 -9999 -1.31224 -9999 -9999 -9999 -9999 -9999 -9999 -9999 -9999 -9999 -9999 -9999 -9999 -9999 -9999 -9999 -9999 -9999 -9999 -9999 -9999 -5.56921 -9999 -9999 -9999
-9999 -9999 -9999 -9999 3.33293 4.07416 4.62557 5.33512 5.43402 5.8703 6.52849 6.53989 6.32986 6.0915 5.55492 5.42086 5.01997 4.17811 4.00517 4.34553 4.50314 4.68288 4.79562 4.71135 4.50056 4.22762 3.49577 2.54892 1.91637 -0.0853089 -1.07333 -2.04584 -3.5217 -4.6768 -9999 -9999 -9999 -9999 -9999 -9999 -9999 -2.04276 -2.10687 -2.0904 -1.77615 -0.89083 -1.42851 -9999 -9999 -9999 -9999 -9999 -9999 -9999 -9999 -9999 -9999 -9999 -9999 -9999 -9999 -9999 -9999 -9999 -9999 -9999 -4.7656 -5.94241 -9999 -9999
-9999 -9999 -9999 -9999 3.55551 4.29996 4.67493 5.36544 5.76272 6.06082 6.29131 6.51048 6.47482 6.21075 5.80829 5.80899 5.25391 4.95369 4.73921 5.19923 5.29075 5.10779 4.87941 4.67953 4.10642 4.04755 3.89589 3.29954 2.31439 1.29871 -0.137848 -2.14034 -4.10544 -5.69111 -9999 -9999 -9999 -9999 -9999 -9999 -1.86041 -1.12505 -0.689043 -1.6479 -0.849118 -0.120427 -0.250717 -0.97195 -9999 -9999 -9999 -9999 -9999 -9999 -9999 -9999 -9999 -9999 -9999 -9999 -9999 -9999 0.795574 -0.409192 -2.83279 -4.08025 -4.83323 -5.90421 -9999 -9999
-9999 -9999 -9999 -9999 3.40558 4.28526 4.88383 5.41589 5.50678 6.06279 6.32322 6.44211 6.4291 6.37614 6.3004 5.81521 5.60463 4.87232 5.56782 5.54009 5.36361 4.6663 4.367 3.17232 2.65177 2.56917 3.58982 2.85554 1.30981 -0.625716 -2.9284 -3.06551 -3.83331 -5.24913 -9999 -9999 -9999 -9999 -9999 -9999 -1.62149 -0.835221 -0.181591 -0.0965216 -1.05129 0.251587 0.196959 -0.553388 -0.734919 -0.146061 0.145236 -0.0808745 0.625361 0.821008 0.481009 0.823373 -9999 -9999 -9999 -9999 0.975091 1.0133 1.03999 0.532515 -2.11392 -3.9248 -5.5525 -5.71962 -9999 -9999
-9999 -9999 -9999 -9999 4.00572 4.55175 4.83261 4.8857 5.36489 5.85386 6.16788 6.38263 6.34034 6.32175 6.30075 6.13203 5.74441 5.80938 5.77494 5.54892 4.21733 2.66515 3.34582 2.43189 0.483234 2.10606 3.00031 2.16873 0.295175 -1.87974 -2.55783 -2.5119 -3.58081 -4.95916 -9999 -9999 -9999 -3.76519 -2.63104 -2.53956 -2.21284 -1.16175 -0.365828 0.230065 0.631186 0.620007 0.161077 -0.57418 -1.37223 -1.10881 0.283518 0.611474 0.900837 1.10342 0.786079 0.922846 1.28584 1.46775 1.4954 1.39578 1.36511 1.38591 1.3313 0.857148 -1.50474 -2.86435 -3.73593 -5.49299 -9999 -9999
-9999 -9999 -9999 -9999 3.66966 4.14661 4.53493 5.17398 5.24944 5.65465 5.9065 6.27579 6.3154 5.90326 6.23891 6.1905 6.12193 5.98232 5.78086 4.65432 3.10465 1.55344 0.840488 1.16554 -0.0119844 0.616782 1.5236 1.22021 0.0854618 -1.84942 -2.10979 -2.52884 -4.32677 -6.06373 -9999 -9999 -5.96051 -3.77701 -2.2431 -1.45707 -1.22127 -1.20948 -0.204746 -0.138755 0.942456 0.684809 -0.786007 -0.63898 -1.2199 -0.871066 -0.3792 -0.253128 0.485865 1.18616 1.30579 1.29446 1.52051 1.55712 1.55808 1.54098 1.36836 1.43308 1.43515 1.13622 -0.582125 -1.42537 -2.35924 -5.47805 -9999 -9999
-9999 -9999 -9999 -9999 3.91096 4.44417 5.02691 5.12996 5.56304 5.5266 5.42243 6.01686 6.24605 5.954 5.74123 6.11986 6.08693 6.02968 5.94026 4.88066 3.65723 1.80855 0.663177 -0.0212773 -0.509189 -1.14682 -0.672925 -0.796838 -0.967961 -0.734818 -1.24515 -2.27994 -3.32924 -5.30295 -6.37135 -9999 -5.82998 -4.84682 -3.02174 -1.47418 -0.497241 -0.865532 0.277554 0.47706 1.14086 0.733247 -0.169051 -0.572613 -0.623243 -0.755495 0.00764476 0.514141 0.879123 1.10979 1.40402 1.46756 1.53249 1.55267 1.55893 1.56638 1.55252 1.53706 1.49346 1.37559 0.580596 -0.265331 -2.07345 -5.37681 -9999 -9999
-9999 -9999 -9999 2.35448 3.84823 4.73648 5.08789 5.3443 5.57057 5.73576 5.91523 6.07241 6.17948 6.14112 5.36902 5.42504 5.55548 5.98351 5.94606 5.84601 5.17587 2.92603 2.16061 1.04149 -0.417581 -1.01174 -0.687039 0.538017 0.503202 -0.276731 -1.14864 -2.34481 -3.10589 -4.31323 -6.64178 -6.42935 -5.37817 -4.59944 -3.36161 -1.46857 -0.146815 0.43436 0.643728 1.10572 1.33345 0.771277 0.2366 0.00348529 -0.412666 -0.486251 -0.500163 -0.045642 0.315183 1.11434 1.37341 1.48574 1.53614 1.55808 1.57176 1.58607 1.58509 1.56042 1.55255 1.53739 1.46709 0.349802 -2.44046 -4.54581 -9999 -9999
-9999 -9999 -9999 -9999 3.57587 3.97488 4.08926 4.27846 4.65116 5.0774 5.68304 5.76312 6.08949 6.08689 5.42651 4.65568 5.31233 5.5682 5.83478 5.83769 5.74908 3.86923 2.887 2.11882 0.721433 1.25286 1.75536 1.81225 1.54132 -0.150941 -1.83677 -3.76852 -5.59187 -5.66805 -6.64305 -6.1161 -5.42183 -3.64178 -2.39366 -1.89498 -1.5423 0.377143 0.870614 1.02122 1.49828 0.80442 0.609515 0.0831456 0.215547 0.153176 0.138711 -1.28392 0.119106 0.18542 1.08821 1.4854 1.56652 1.57965 1.59568 1.58996 1.58607 1.5732 1.57409 1.54922 1.51838 0.78725 -2.73805 -4.52057 -9999 -9999
-9999 -9999 -9999 -9999 -9999 -9999 3.7266 4.03409 4.23476 4.57126 5.58574 5.85914 6.03928 6.05295 5.75398 4.99385 4.78585 4.9154 4.17019 4.78358 5.62896 5.61147 5.51669 3.86541 3.03513 3.87676 3.64649 2.41805 1.45664 0.508229 -1.46751 -2.89354 -4.98418 -6.55322 -6.60369 -4.85296 -3.40006 -1.59884 -0.809991 -1.27442 -0.79686 0.149328 1.22366 1.73319 1.5898 0.858536 0.734308 -0.0678726 0.682279 0.729703 0.354231 0.028036 0.143117 0.58039 0.737638 1.44155 1.60202 1.62063 1.6152 1.60833 1.59625 1.58369 1.56227 1.54442 1.52342 1.47935 -2.14431 -4.97248 -9999 -9999
-9999 -9999 -9999 -9999 -9999 -9999 3.03459 3.22772 3.71088 4.92978 5.57743 5.8373 5.82995 5.94639 5.73405 5.06222 4.37157 3.71849 2.88132 3.35201 4.60775 5.35197 5.44402 3.99832 4.77755 4.5123 3.97334 2.36095 1.17938 0.56403 -1.33097 -2.93616 -4.32104 -6.24261 -5.40535 -4.48838 -3.31659 -1.34968 -0.0285666 0.505716 0.0343839 0.632751 1.87105 1.85932 1.15299 1.17787 0.734465 -0.355105 0.739044 1.03367 0.763104 0.811446 0.70876 0.860648 1.15275 1.43277 1.61538 1.62974 1.62191 1.60574 1.59647 1.58683 1.56305 1.55369 1.53245 1.50222 -0.84139 -5.02602 -9999 -9999
-9999 -9999 -9999 -9999 -9999 -9999 -9999 2.41975 3.50586 5.12029 5.53319 5.50115 5.83345 5.86017 5.53651 5.25263 4.41546 3.27424 1.09213 1.64205 2.79793 4.46898 5.35317 5.24688 4.78019 3.95227 1.92421 0.153466 -0.0409499 -0.310935 -1.68747 -2.91502 -4.45632 -3.54007 -2.54139 -1.45393 -0.884402 -1.03548 0.0955699 1.0129 0.604768 1.3422 2.20346 1.78584 1.53038 1.31251 0.803747 0.754475 0.785523 1.39913 0.943669 1.19547 1.19371 1.16144 1.2954 1.45334 1.62137 1.63907 1.62865 1.62188 1.59138 1.58918 1.56873 1.54784 1.52713 1.49923 1.27549 -0.987408 -2.34312 -9999
-9999 -9999 -9999 -9999 -9999 -9999 -9999 1.43159 1.97918 3.88878 4.48988 5.33304 5.7796 5.79821 5.255 4.94947 3.70615 3.29655 1.27713 0.363748 1.13651 0.844418 3.14807 5.19141 4.76987 0.687582 -0.777103 -1.81443 -1.51936 -1.49361 -1.86049 -3.9766 -4.5537 -2.61233 -1.38865 -0.442495 0.272127 0.417482 0.385065 1.82584 2.00597 2.4618 2.34146 2.36625 1.61335 1.13964 1.51078 1.03366 0.936262 1.57092 0.909853 1.47489 1.39802 1.20654 1.18178 1.55072 1.61523 1.64424 1.63521 1.61064 1.58176 1.56097 1.56318 1.54658 1.51382 1.50268 1.4689 1.18276 0.00687571 -0.413698
-9999 -9999 -9999 -9999 -9999 -9999 -9999 -9999 0.209411 2.85854 4.07871 4.71595 5.60889 5.71455 5.42989 4.90216 3.63539 2.52076 0.715275 -1.34346 -2.42739 0.832518 3.67417 5.16473 4.99048 1.59464 0.267173 0.225848 1.04127 0.393892 -0.0922091 -1.69185 -2.16517 -2.83215 -2.40409 -1.08414 -0.0153778 1.01386 1.75714 1.80698 2.27966 2.54714 2.55268 2.62178 2.51629 2.42637 1.69388 2.1632 1.72955 1.93155 1.77251 1.62814 1.51057 1.08929 1.36004 1.59926 1.65162 1.65695 1.63159 1.61823 1.59766 1.56374 1.54256 1.52979 1.51561 1.49018 1.47691 1.44499 1.3003 0.586955
-9999 -9999 -9999 -9999 -9999 -9999 -9999 -9999 -1.10795 1.52731 2.80692 4.43934 5.28418 5.62746 5.5761 5.14758 4.18371 2.73749 1.53275 -0.764366 -3.14668 0.27397 3.33377 4.98745 5.08847 2.24186 3.0556 2.43256 2.71236 1.55621 1.08751 0.737017 -0.0933976 -1.00564 -2.00197 -2.53676 -0.132438 1.0983 2.08419 2.54153 2.79217 2.9077 2.82548 2.62778 1.54137 2.33637 2.2684 2.16832 2.05694 1.99423 1.89302 1.77764 1.71236 1.67545 1.39165 1.67978 1.65655 1.64983 1.64092 1.62281 1.59743 1.57361 1.54613 1.53299 1.51242 1.48925 1.46878 1.4456 1.42247 1.36953
-9999 -9999 -9999 -9999 -9999 -9999 -9999 -9999 -4.7977 -0.968869 2.12442 3.73003 5.04384 5.39836 5.5265 4.95508 4.52563 3.48769 2.50567 0.995587 -1.26203 -2.64966 -0.0834408 3.64483 5.04005 4.95369 4.88463 4.15936 3.50818 3.44226 3.51078 2.76634 1.65282 0.177847 -0.284112 -0.80126 0.989134 1.22805 1.08971 3.048 3.03893 2.91113 2.14014 1.28799 1.42952 0.89168 1.26759 0.626783 1.18115 1.65857 1.82681 1.79578 1.72446 1.69664 1.65266 1.68596 1.67335 1.65377 1.6366 1.62259 1.60459 1.57073 1.54626 1.54244 1.51167 1.48643 1.46506 1.44401 1.42534 1.38252
-9999 -9999 -9999 -9999 -9999 -9999 -9999 -9999 -4.62382 -1.3932 1.33642 2.98487 4.55508 4.9161 5.44147 5.32091 4.87241 3.97025 2.84568 1.60283 -0.333869 -1.77099 -0.0552646 2.42557 4.2047 4.85826 4.87809 4.85135 4.69964 4.65589 4.47637 4.37168 3.56759 2.16752 1.38047 0.223337 2.21818 2.4379 2.11832 3.1041 3.04126 1.51996 0.345223 0.183269 0.883578 0.193424 0.0511922 -0.38087 0.0747389 1.32525 0.934406 0.992228 1.56256 1.64204 1.67984 1.68352 1.66764 1.65362 1.63294 1.62361 1.6141 1.58031 1.55813 1.54067 1.50595 1.48509 1.45588 1.42461 1.40493 1.37546
-9999 -9999 -9999 -9999 -9999 -9999 -9999 -9999 -4.55933 -2.3793 0.0766328 2.49907 4.17616 4.85006 5.33864 5.32814 4.80875 4.35822 3.65222 2.55894 1.81013 0.512809 -1.26585 1.72895 2.65984 3.49597 3.86005 4.72781 4.72268 4.34765 3.93836 4.36996 4.24831 3.14498 2.78393 2.1691 3.27756 3.27572 3.23767 3.16833 1.88365 0.100821 -1.32844 -0.327406 -0.557009 -0.093792 -1.56395 -0.39499 0.545853 0.840022 0.179531 -0.318504 1.17241 1.39452 1.52821 1.60985 1.65982 1.63339 1.63749 1.61763 1.60205 1.58571 1.56095 1.54074 1.51482 1.48814 1.45721 1.42765 1.39615 1.35156
-9999 -9999 -9999 -9999 -9999 -9999 -9999 -9999 -9999 -3.65545 -0.52652 2.25035 3.79483 4.76427 5.23411 5.22111 4.95378 4.6471 4.20856 3.41974 2.43106 0.870857 -0.284747 0.457485 1.37068 1.4896 2.09898 3.84414 4.44924 3.6238 1.5868 2.81414 4.1865 4.16972 4.05642 3.92689 3.76011 3.6052 3.26934 2.37932 -0.330066 -0.875898 -1.94883 -1.84411 -2.4033 -1.21905 -1.68526 -0.483906 0.0274723 0.210706 -0.931172 -0.69389 0.602035 1.11184 1.01165 1.32077 1.62114 1.61964 1.61711 1.59791 1.59313 1.58391 1.56678 1.53429 1.51077 1.48955 1.44482 1.42694 1.31214 1.23285
-9999 -9999 -9999 -9999 -9999 -9999 -9999 -9999 -9999 -4.25458 -1.1496 2.12041 3.16893 4.21457 5.11595 5.12986 4.72446 4.33908 3.943 3.49356 2.29454 1.13351 0.0269411 -0.340348 -0.109626 -0.103136 0.873448 3.14112 3.5893 3.41402 1.27804 0.552063 2.38128 3.91781 4.04047 3.90141 2.09554 2.47519 1.49557 0.167328 -0.206336 -0.795955 -2.02979 -1.45662 -2.3656 -1.9977 -2.106 -1.43047 -1.10911 -0.30196 -1.29864 -1.2942 -0.0231453 0.618381 0.621626 1.2971 1.53046 1.58318 1.58797 1.58818 1.57957 1.57854 1.56001 1.53731 1.51099 1.46492 1.37322 1.11189 -0.213022 -0.224972
-9999 -9999 -9999 -9999 -9999 -9999 -9999 -9999 -9999 -3.8934 -1.73906 1.16213 3.31007 3.44284 4.48499 5.02126 4.58133 4.08675 3.58147 3.36038 2.05551 0.623575 -0.531567 -1.89789 -1.66606 -0.674417 0.960131 2.42703 2.69706 2.40495 1.27275 1.82656 3.07435 3.73736 3.93305 3.77889 3.38333 3.1517 2.42871 2.10991 1.10497 -0.462162 -1.08739 -0.71256 -2.37831 -2.27727 -1.68108 -2.33456 -1.28008 -0.78308 -2.06545 -1.07172 0.0627668 0.636341 1.13675 1.36724 1.45201 1.5888 1.58108 1.58194 1.57699 1.56284 1.55049 1.51379 1.48093 1.32916 1.11139 -0.118708 -0.652547 -0.566418
-9999 -9999 -9999 -9999 -9999 -9999 -9999 -9999 -9999 -3.5239 -1.58476 0.930342 2.46122 2.73318 3.88946 4.91716 4.79932 4.28524 4.12761 3.59634 2.48968 1.26851 -0.0650941 -0.710814 -2.19909 -0.722604 0.464623 1.70675 2.29207 1.36835 0.894372 1.74655 2.59263 2.93098 3.78264 3.77307 3.49241 2.29111 1.70126 1.93997 1.68 1.23047 0.147883 0.0877126 -0.613387 -0.911937 -1.19495 -2.07265 -1.52968 -1.48842 -1.36455 -0.156509 0.426961 0.809519 1.1568 1.23865 1.38305 1.57441 1.58039 1.57577 1.56285 1.55447 1.52708 1.45652 1.3948 1.10294 0.596221 -0.337875 -1.85743 -0.818619
-9999 -9999 -9999 -9999 -9999 -9999 -9999 -9999 -9999 -3.8518 -1.79238 0.356667 1.2539 1.4043 3.4992 4.78087 4.78059 4.53587 4.25093 2.94006 3.01699 2.75604 1.55287 -0.199562 -2.12346 -1.93734 -0.775579 0.871648 1.41763 -0.130469 -0.683899 -0.271009 1.00578 2.14769 3.33865 3.63927 3.28619 1.4187 -0.566973 0.343394 1.3154 1.29995 1.00117 -0.00390054 -0.331774 -0.630258 -1.36825 -2.61284 -2.43191 -2.10498 -0.745814 -0.326957 0.328885 0.871619 0.648136 0.757843 1.27778 1.57099 1.57027 1.56354 1.56138 1.54203 1.51128 1.38333 1.2484 1.03049 -0.269161 -1.08237 -2.26541 -0.933252
-9999 -9999 -9999 -9999 -9999 -9999 -9999 -9999 -9999 -4.48699 -2.99323 -0.939586 -0.113307 1.20563 3.18516 4.15748 4.6224 4.61005 4.41966 3.83217 3.47941 2.78524 1.53318 -0.178527 -2.08063 -3.31678 -2.68087 -0.46376 0.0590177 -1.36586 -2.10257 -1.17934 0.180409 2.19214 3.34034 3.49305 3.3853 2.99613 1.54467 -0.208853 -0.211561 0.654481 -0.0887959 -0.95176 -0.495396 -0.594631 -1.32314 -1.85682 -2.17658 -2.00625 -1.22387 -0.915681 -0.155919 0.972892 1.12283 1.07703 1.54529 1.55666 1.55539 1.56115 1.54819 1.53133 1.50434 1.39771 1.17439 0.305154 -0.454639 -1.50664 -1.64832 -0.47114
-9999 -9999 -9999 -9999 -9999 -9999 -9999 -9999 -9999 -5.58257 -3.82541 -1.90213 -0.101683 1.60138 3.06669 3.17753 3.94931 3.94622 4.35025 4.23305 3.68905 3.10434 2.02555 -0.174437 -2.02311 -4.03879 -3.50171 -1.25309 -0.920327 -1.89196 -3.69003 -1.82957 0.221058 2.07856 3.08272 2.29135 3.09543 3.0238 2.47593 1.42905 -0.195582 -0.174506 -1.39598 -1.45981 -0.849598 -0.660043 -0.776406 -1.1802 -1.82093 -1.72667 -1.25212 -1.14656 -0.449761 0.422458 1.27528 1.40729 1.55935 1.55349 1.54347 1.54442 1.53368 1.50316 1.44631 1.33543 0.604884 -0.261664 -0.800554 -1.53746 -1.63848 -0.266441
