Test_Spring_2018b/01_18/Temp/20180106_018.txt
ncols	170
nrows	115
xllcorner	350000.000000
yllcorner	4445000.000000
cellsize	1000.000000
nodata_value	-9999.000000
[rows 32 to 63 of 115, columns 72 to 143 of 170]
10.5349 10.1918 10.6945 11.1564 10.855 10.657 11.4177 11.408 11.1332 10.5008 10.2629 10.0168 9.86267 9.05495 6.80468 4.77558 5.85073 5.86903 5.1132 6.44936 5.73375 3.87741 1.25962 2.67413 2.29949 0.45131 -0.00535699 -9999 -9999 -9999 -9999 -9999 -9999 -9999 -9999 -9999 -9999 -9999 -9999 -9999 -9999 -9999 -9999 -9999 -9999 -9999 -9999 -9999 -9999 -9999 -9999 -9999 -9999 -9999 -9999 -9999 -9999 -9999 -9999 -9999 -9999 -9999 -9999 -9999 -9999 -9999 -9999 -9999 -9999 -9999 -9999 -9999
10.0891 9.93564 10.6881 10.6612 10.6076 10.869 11.3356 11.4222 11.3093 11.0283 10.7839 10.5248 9.88119 8.95854 7.03154 4.72305 4.19354 5.31195 5.35884 5.53301 4.88007 4.06189 2.78567 3.82032 4.21886 3.00327 1.41115 0.384908 -9999 -9999 -9999 -9999 -9999 -9999 -9999 -9999 -9999 -9999 -9999 -9999 -9999 -9999 -9999 -9999 -9999 -9999 -9999 -9999 -9999 -9999 -9999 -9999 -9999 -9999 -9999 -9999 -9999 -9999 -9999 -9999 -9999 -9999 -9999 -9999 -9999 -9999 -9999 -9999 -9999 -9999 -9999 -9999
9.5575 8.80659 9.25579 9.59035 10.2264 10.3701 10.4564 11.3573 11.2997 11.2483 10.8506 10.5308 10.0071 9.11879 7.85797 6.34187 3.70829 5.31986 6.58044 6.54107 6.46501 5.88978 4.66325 5.67843 5.72065 4.17154 2.40141 1.35503 0.91912 -9999 -9999 -9999 -9999 -9999 -9999 -9999 -9999 -9999 -9999 -9999 -9999 -9999 -9999 -9999 -9999 -9999 -9999 -9999 -9999 -9999 -9999 -9999 -9999 -9999 -9999 -9999 -9999 -9999 -9999 -9999 -9999 -9999 -9999 -9999 -9999 -9999 -9999 -9999 -9999 -9999 -9999 -9999
8.95318 8.03833 8.49036 9.0971 9.96084 10.4004 10.7273 10.9901 11.2585 11.2165 10.8097 9.62579 9.44929 9.38993 8.56241 6.83507 5.11022 4.65784 6.58457 7.13109 7.01153 7.43691 6.39681 6.87933 6.6731 6.12188 4.42295 2.8671 2.21953 0.94495 -9999 -9999 -9999 -9999 -9999 -9999 -9999 -9999 -9999 -9999 -9999 -9999 -9999 -9999 -9999 -9999 -9999 -9999 -9999 -9999 -9999 -9999 -9999 -9999 -9999 -9999 -9999 -9999 -9999 -9999 -9999 -9999 -9999 -9999 -9999 -9999 -9999 -9999 -9999 -9999 -9999 -9999
-9999 -9999 7.45729 8.28994 8.96944 9.81628 10.5346 10.8938 11.2426 11.2046 10.4004 10.0026 9.95989 9.41458 8.46051 7.85881 6.76985 5.63587 6.05871 7.70089 6.96038 8.12226 8.01699 8.22551 7.43835 5.95982 3.98405 2.82677 2.24675 1.21271 -9999 -9999 -9999 -9999 -9999 -9999 -9999 -9999 -9999 -9999 -9999 -9999 -9999 -9999 -9999 -9999 -9999 -9999 -9999 -9999 -9999 -9999 -9999 -9999 -9999 -9999 -9999 -9999 -9999 -9999 -9999 -9999 -9999 -9999 -9999 -9999 -9999 -9999 -9999 -9999 -9999 -9999
-9999 -9999 -9999 8.13399 8.64813 9.77714 10.3537 10.5836 11.1517 11.1439 10.8336 10.5973 10.2585 9.81878 9.09961 8.30722 7.28251 7.1807 8.22829 8.23415 8.00683 8.1734 8.70902 8.55988 7.34981 5.26041 4.1521 1.91314 0.947802 1.04038 0.354107 -9999 -9999 -9999 -9999 -9999 -9999 -9999 -9999 -9999 -9999 -9999 -9999 2.87353 -9999 -9999 -9999 -9999 -9999 -9999 -9999 -9999 -9999 -9999 -9999 -9999 -9999 -9999 -9999 -9999 -9999 -9999 -9999 -9999 -1.36417 -9999 -9999 -9999 -9999 -9999 -9999 -9999
-9999 -9999 8.03767 8.7338 9.27748 9.98142 10.0454 10.4544 11.109 11.1095 10.8868 10.6364 10.0847 9.94154 9.52846 8.66878 8.48658 8.82395 8.97545 9.14848 9.25258 9.15598 8.93009 8.64021 7.86139 6.88807 6.23303 4.18589 3.14695 2.15068 0.645479 -0.533585 -9999 -9999 -9999 -9999 -9999 -9999 -9999 2.11291 2.05069 2.07095 2.39357 3.29532 2.75591 -9999 -9999 -9999 -9999 -9999 -9999 -9999 -9999 -9999 -9999 -9999 -9999 -9999 -9999 -9999 -9999 -9999 -9999 -9999 -0.547756 -1.73737 -9999 -9999 -9999 -9999 -9999 -9999
-9999 -9999 8.22359 8.96188 9.32557 10.009 10.3958 10.6444 10.8652 11.0759 11.0297 10.7534 10.338 10.3319 9.76316 9.4528 9.22909 9.68813 9.77297 9.57862 9.33698 9.12284 8.52925 8.45535 8.26468 7.64511 6.63144 5.58696 4.08808 2.04715 0.0452404 -1.57094 -9999 -9999 -9999 -9999 -9999 -9999 2.2855 3.03292 3.47819 2.5113 3.32579 4.0699 3.94426 3.21811 -9999 -9999 -9999 -9999 -9999 -9999 -9999 -9999 -9999 -9999 -9999 -9999 -9999 -9999 5.0816 3.86252 1.4087 0.146593 -0.614215 -1.69676 -9999 -9999 -9999 -9999 -9999 -9999
-9999 -9999 8.07265 8.94651 9.53529 10.0568 10.1319 10.6613 10.8935 11.0023 10.979 10.9168 10.8328 10.335 10.1161 9.36872 10.0676 10.0331 9.84679 9.13149 8.81785 7.59547 7.05439 6.93493 7.95262 7.19177 5.60856 3.63053 1.25644 1.10124 0.311048 -1.13414 -9999 -9999 -9999 -9999 -9999 -9999 2.51584 3.31564 3.98233 4.07407 3.11322 4.44019 4.38989 3.63848 3.46352 4.06906 4.37303 4.14205 4.86712 5.07376 4.73697 5.0906 -9999 -9999 -9999 -9999 5.26392 5.30419 5.33239 4.81928 2.1393 0.306065 -1.34117 -1.50096 -9999 -9999 -9999 -9999 -9999 -9999
-9999 -9999 8.68187 9.21614 9.48143 9.51613 9.98312 10.4442 10.7317 10.9369 10.8843 10.8575 10.8297 10.6533 10.256 10.3174 10.2778 10.0433 8.68757 7.10684 7.78638 6.84531 4.84043 6.46542 7.35351 6.49237 4.57522 2.3528 1.62365 1.65275 0.556112 -0.852571 -9999 -9999 -9999 0.330285 1.47786 1.57116 1.90462 2.97352 3.78528 4.39527 4.80927 4.79588 4.34825 3.61336 2.81504 3.09205 4.51254 4.8544 5.14804 5.36254 5.04941 5.20068 5.5741 5.763 5.7946 5.69633 5.66711 5.68946 5.63504 5.15549 2.75842 1.38199 0.500495 -1.26275 -9999 -9999 -9999 -9999 -9999 -9999
-9999 -9999 8.33843 8.80181 9.17514 9.80024 9.85755 10.2502 10.4747 10.8235 10.8538 10.4285 10.7626 10.7089 10.6357 10.4908 10.2828 9.13681 7.56069 5.98118 5.2488 5.55302 4.34456 4.96195 5.86207 5.52781 4.35257 2.37224 2.08886 1.62573 -0.211342 -1.98382 -9999 -9999 -1.90469 0.303689 1.85643 2.65383 2.89591 2.91288 3.93729 4.01191 5.11594 4.85515 3.38267 3.54246 2.96629 3.33106 3.84848 3.98624 4.73697 5.45523 5.58471 5.58035 5.81527 5.85703 5.86149 5.84656 5.67319 5.73961 5.74217 5.43971 3.69944 2.84612 1.90765 -1.24269 -9999 -9999 -9999 -9999 -9999 -9999
-9999 -9999 8.578 9.09717 9.66648 9.75026 10.1692 10.1138 9.97761 10.5663 10.7781 10.4747 10.2538 10.6335 10.5973 10.5368 10.4434 9.36596 8.12092 6.24033 5.06983 4.35262 3.84186 3.16853 3.62889 3.48258 3.28781 3.50237 2.9554 1.86785 0.788205 -1.22554 -2.31973 -9999 -1.78717 -0.794979 1.05292 2.62228 3.61594 3.24883 4.41454 4.62565 5.29994 4.89756 4.00199 3.61396 3.57478 3.45262 4.23709 4.76357 5.13681 5.38076 5.68678 5.75864 5.8305 5.85562 5.86529 5.87495 5.86204 5.84679 5.80263 5.68317 4.87797 4.02686 2.19679 -1.14094 -9999 -9999 -9999 -9999 -9999 -9999
-9999 7.04215 8.515 9.3923 9.72574 9.96343 10.1716 10.3193 10.4713 10.6155 10.7128 10.659 9.87198 9.92568 10.0559 10.488 10.4482 10.3436 9.65971 7.37302 6.57917 5.4245 3.92864 3.30496 3.6127 4.83137 4.77293 3.95933 3.05275 1.80159 1.00336 -0.23541 -2.60678 -2.40159 -1.34372 -0.558754 0.694377 2.6142 3.9579 4.55359 4.77446 5.24589 5.48732 4.93815 4.41592 4.19326 3.78496 3.72331 3.72154 4.19362 4.564 5.38704 5.65885 5.77944 5.83669 5.86355 5.88055 5.89687 5.89661 5.8716 5.86322 5.84743 5.78021 4.64923 1.83476 -0.289064 -9999 -9999 -9999 -9999 -9999 -9999
-9999 -9999 8.23897 8.61929 8.71128 8.87965 9.23502 9.64622 10.2299 10.2968 10.6161 10.6039 9.92562 9.14236 9.80653 10.0651 10.3341 10.3346 10.2403 8.31878 7.31105 6.51712 5.08291 5.59844 6.08503 6.11884 5.81965 4.08016 2.34733 0.350244 -1.51717 -1.61232 -2.62063 -2.09682 -1.40089 0.398361 1.66207 2.16971 2.53228 4.48455 4.98918 5.15856 5.65473 4.9655 4.78845 4.26984 4.41832 4.36898 4.3675 2.93861 4.36591 4.44453 5.36907 5.78154 5.86911 5.88694 5.90611 5.90183 5.89828 5.88487 5.88501 5.86199 5.83811 5.09993 1.53177 -0.265054 -9999 -9999 -9999 -9999 -9999 -9999
-9999 -9999 -9999 -9999 8.3408 8.6281 8.80837 9.12792 10.1257 10.3882 10.5592 10.5647 10.2563 9.4812 9.27005 9.40132 8.6459 9.2637 10.1119 10.0847 9.97579 8.28677 7.42431 8.25542 7.99867 6.72924 5.72935 4.74216 2.71431 1.22897 -0.910339 -2.51885 -2.58601 -0.824978 0.636551 2.45717 3.25572 2.78795 3.27753 4.24459 5.34376 5.87249 5.74106 5.01489 4.91022 4.11311 4.88825 4.95089 4.58434 4.26678 4.39011 4.8449 5.01439 5.73592 5.90502 5.92882 5.92605 5.92036 5.90825 5.89488 5.87715 5.86037 5.84107 5.79913 2.13156 -0.724551 -9999 -9999 -9999 -9999 -9999 -9999
-9999 -9999 -9999 -9999 7.63633 7.80728 8.27329 9.48642 10.1126 10.3612 10.3423 10.452 10.2315 9.5481 8.84723 8.18603 7.33677 7.81046 9.07651 9.82102 9.90132 8.42034 9.18809 8.89734 8.32729 6.66822 5.44455 4.794 2.84711 1.17989 -0.245121 -2.2114 -1.37975 -0.463788 0.71429 2.7017 4.03956 4.58434 4.1124 4.72757 5.99338 5.99466 5.29356 5.33407 4.90658 3.81894 4.94313 5.25667 4.9968 5.059 4.96219 5.12803 5.43423 5.72633 5.91779 5.93686 5.93171 5.91642 5.90699 5.89859 5.87534 5.86728 5.84792 5.82024 3.44973 -0.780474 -9999 -9999 -9999 -9999 -9999 -9999
-9999 -9999 -9999 -9999 -9999 6.98497 8.06182 9.67566 10.0641 10.0171 10.3423 10.3611 10.028 9.73766 8.88878 7.73288 5.52145 6.07548 7.24042 8.92391 9.80672 9.68265 9.18813 8.32726 6.24851 4.42886 4.20507 3.90418 2.48231 1.19755 -0.386138 0.52231 1.51731 2.60586 3.1737 3.01575 4.16093 5.09324 4.68604 5.44227 6.32635 5.91668 5.67263 5.4675 4.97403 4.94052 4.98791 5.62477 5.1777 5.44607 5.4516 5.43084 5.57675 5.74507 5.92165 5.94397 5.93602 5.93023 5.89978 5.8981 5.87837 5.85884 5.84027 5.81523 5.59258 3.3094 1.94174 -9999 -9999 -9999 -9999 -9999
-9999 -9999 -9999 -9999 -9999 5.98023 6.51198 8.42528 9.00455 9.84442 10.2855 10.2962 9.74056 9.42719 8.16666 7.752 5.70575 4.77607 5.55284 5.24754 7.56849 9.62236 9.17382 5.01635 3.50868 2.43241 2.70489 2.70399 2.30535 0.120592 -0.486007 1.46122 2.68436 3.62989 4.34481 4.4872 4.45366 5.91657 6.10456 6.57543 6.46497 6.5034 5.75529 5.29086 5.68869 5.22159 5.1387 5.79671 5.14115 5.72665 5.65581 5.47352 5.45841 5.84028 5.91181 5.94551 5.93969 5.91559 5.88684 5.86664 5.87011 5.8552 5.82473 5.81696 5.78701 5.50662 4.32127 3.90124 4.34804 -9999 -9999 -9999
-9999 -9999 -9999 -9999 -9999 -9999 4.71636 7.37965 8.5863 9.21797 10.1115 10.2104 9.91118 9.37515 8.09144 6.96202 5.132 3.04388 1.93625 5.22942 8.09563 9.58987 9.39237 5.93103 4.56316 4.49676 5.2973 4.61541 4.09695 2.43584 1.93514 1.24057 1.65824 2.98005 4.05691 5.09483 5.84706 5.90066 6.38618 6.66362 6.68028 6.76315 6.67044 6.59434 5.87367 6.36488 5.94084 6.16006 6.01262 5.87899 5.7663 5.35078 5.63468 5.88485 5.94389 5.95653 5.93244 5.91988 5.89979 5.86635 5.84687 5.83619 5.82486 5.80289 5.79395 5.77131 5.63067 4.91401 3.95748 2.75126 -9999 -9999
-9999 -9999 -9999 -9999 -9999 -9999 3.3794 6.02972 7.29683 8.93724 9.77651 10.1125 10.0569 9.62075 8.64317 7.17709 5.95498 3.6248 1.20626 4.66195 7.74374 9.40379 9.48811 6.58196 7.38444 6.72997 6.98921 5.79329 5.29388 4.89888 4.03757 3.09554 2.06646 1.51761 3.94505 5.18725 6.18518 6.65131 6.91138 7.03748 6.95943 6.77198 5.68474 6.50432 6.45619 6.36973 6.27139 6.22171 6.13217 6.02727 5.96666 5.93999 5.66162 5.96369 5.94956 5.94548 5.93827 5.9212 5.8966 5.87379 5.84776 5.83923 5.82043 5.80101 5.78495 5.77135 5.75383 5.70612 5.50918 3.89247 2.92175 2.6444
-9999 -9999 -9999 -9999 -9999 -9999 -0.360838 3.49994 6.59651 8.2112 9.5255 9.87859 10.0042 9.42261 8.98562 7.93229 6.93501 5.4015 3.10884 1.69528 4.28141 8.04468 9.43288 9.32424 9.23375 8.47723 7.79496 7.70522 7.75179 6.95849 5.80507 4.29492 3.81942 3.28455 5.09055 5.32817 5.18708 7.17341 7.16974 7.04848 6.2778 5.41836 5.57438 5.04291 5.44356 4.80827 5.38342 5.88002 6.06262 6.04241 5.97459 5.96063 5.92421 5.97143 5.9627 5.94579 5.93051 5.91798 5.90131 5.86877 5.84621 5.8452 5.82103 5.80021 5.7809 5.76962 5.75652 5.7189 5.68385 5.42765 5.04689 4.33076
-9999 -9999 -9999 -9999 -9999 -9999 -0.194899 3.04556 5.79735 7.44623 9.02868 9.38808 9.91563 9.79001 9.33284 8.41616 7.27364 6.01018 4.0422 2.57834 4.30631 6.80237 8.58911 9.23102 9.2236 9.17641 9.00192 8.93055 8.72742 8.5822 7.75087 6.32505 5.51511 4.3328 6.34653 6.56498 6.24019 7.24087 7.182 5.64806 4.4672 4.31391 5.02552 4.33876 4.21417 3.78814 4.26216 5.54096 5.16104 5.23003 5.81087 5.90052 5.95624 5.96533 5.9534 5.94236 5.92389 5.91654 5.90894 5.87694 5.85714 5.84269 5.81136 5.79927 5.77504 5.75406 5.73608 5.7118 5.67909 5.59983 5.51229 5.58583
-9999 -9999 -9999 -9999 -9999 -9999 -0.126862 2.04455 4.52002 6.95204 8.64287 9.31902 9.8088 9.79398 9.26417 8.80417 8.0849 6.97234 6.20737 4.88502 3.07312 6.09506 7.01795 7.84602 8.19349 9.05289 9.02727 8.62671 8.1649 8.58543 8.45505 7.32397 6.94686 6.31491 7.43132 7.4256 7.38596 7.31729 6.01989 4.21999 2.7801 3.80369 3.58157 4.05131 2.58033 3.78075 4.74622 5.05597 4.39432 3.89938 5.4117 5.65754 5.79955 5.88761 5.94253 5.9192 5.92622 5.90865 5.89538 5.88154 5.85953 5.84263 5.82046 5.79803 5.77742 5.75818 5.73222 5.70052 5.69034 5.6453 5.6217 5.6014
-9999 -9999 -9999 -9999 -9999 -9999 -9999 0.753304 3.89664 6.69977 8.25597 9.23103 9.70114 9.68297 9.40763 9.09246 8.6433 7.83846 6.82993 5.24089 4.06001 4.79997 5.70407 5.80599 6.40633 8.15636 8.75087 7.89599 5.79071 7.02673 8.40298 8.37349 8.24808 8.10835 7.93167 7.77119 7.42979 6.52932 3.78787 3.24193 2.1622 2.2769 1.72002 2.91819 2.46385 3.69228 4.2215 4.4178 3.27098 3.51204 4.84908 5.37315 5.27804 5.59648 5.90113 5.90336 5.90405 5.88759 5.88572 5.87952 5.86562 5.84156 5.82248 5.80619 5.77347 5.76638 5.65615 5.58158 5.4392 5.59638 5.60368 5.6102
-9999 -9999 -9999 -9999 -9999 -9999 -9999 0.12731 3.26206 6.56531 7.61927 8.67146 9.57844 9.58703 9.17118 8.77564 8.36889 7.90738 6.68547 5.50077 4.36982 3.98629 4.20705 4.18821 5.162 7.443 7.8803 7.68592 5.48973 4.74072 6.5814 8.12695 8.24179 8.09334 6.25832 6.63953 5.64586 4.30112 3.92542 3.33272 2.0889 2.67696 1.76442 2.14612 2.0405 2.73508 3.07073 3.89815 2.89759 2.90174 4.21456 4.87187 4.88151 5.57123 5.81226 5.86969 5.87818 5.88187 5.87668 5.87938 5.86467 5.84614 5.82434 5.78288 5.69546 5.44454 4.11319 4.10662 4.46127 4.79645 5.41589 5.58767
-9999 -9999 -9999 -9999 -9999 -9999 -9999 0.488593 2.66109 5.59121 7.75924 7.88662 8.93602 9.47344 9.02215 8.51546 7.99763 7.76709 6.43776 4.97863 3.79872 2.40359 2.62624 3.61745 5.24733 6.71853 6.9769 6.66578 5.48789 6.03694 7.29003 7.95193 8.14184 7.97896 7.57327 7.3355 6.6018 6.27941 5.26362 3.67983 3.05162 3.43766 1.75732 1.86751 2.47973 1.82094 2.89838 3.41077 2.12008 3.14362 4.30109 4.88941 5.40273 5.64181 5.73257 5.87552 5.87173 5.8765 5.87538 5.86511 5.85692 5.82437 5.79602 5.64749 5.4323 4.19166 3.67061 3.76326 4.32494 4.81574 5.33816 5.54339
-9999 -9999 -9999 -9999 -9999 -9999 -9999 0.857955 2.81319 5.35271 6.8959 7.16441 8.32934 9.3644 9.23909 8.71232 8.54637 8.00135 6.87271 5.62716 4.2667 3.60205 2.08277 3.56602 4.7431 5.98781 6.56692 5.59912 5.10755 5.96018 6.80753 7.14164 7.99705 7.9814 7.69264 6.47278 5.87399 6.11616 5.85461 5.40239 4.31003 4.25449 3.55047 3.25488 2.97546 2.08797 2.64646 2.6965 2.84753 4.07117 4.6702 5.06492 5.42317 5.51182 5.66327 5.86183 5.87229 5.87185 5.86299 5.85883 5.8356 5.76888 5.71136 5.42091 4.91297 3.97216 2.4532 3.51089 4.61726 4.94718 5.26669 5.42658
-9999 -9999 -9999 -9999 -9999 -9999 -9999 0.52056 2.59835 4.76756 5.66917 5.8147 7.93056 9.22282 9.21647 8.96237 8.66726 7.33233 7.4027 7.13001 5.90192 4.11647 2.15641 2.33313 3.4951 5.14074 5.68106 4.08193 3.51097 3.91963 5.20434 6.35342 7.55335 7.85258 7.4909 5.59639 3.58355 4.50599 5.49218 5.4792 5.18027 4.16677 3.8401 3.54383 2.80275 1.5544 1.73342 2.07237 3.46661 3.89935 4.57157 5.12857 4.9087 5.02577 5.55793 5.85997 5.86395 5.86168 5.86399 5.84893 5.82246 5.6977 5.56605 5.35053 4.03928 3.22093 2.03279 3.39844 4.15017 4.55643 5.27166 5.43594
-9999 -9999 -9999 -9999 -9999 -9999 -9999 -0.128272 1.37712 3.4502 4.28031 5.60991 7.60902 8.58793 9.05283 9.0341 8.83469 8.23257 7.86765 7.15618 5.87874 4.13485 2.19728 0.933651 1.56597 3.78672 4.31013 2.83115 2.07533 3.00181 4.37134 6.40232 7.55955 7.70942 7.59664 7.19999 5.72841 3.95202 3.95051 4.83019 4.0805 3.21045 3.67774 3.58279 2.85082 2.31655 1.99303 2.19184 2.98367 3.30419 4.08169 5.23251 5.3911 5.35085 5.8309 5.84771 5.85141 5.86204 5.85361 5.84124 5.81869 5.71558 5.49442 4.61907 3.85476 2.79453 2.6566 3.87075 4.40302 4.89615 5.24305 5.35067
-9999 -9999 -9999 -9999 -9999 -9999 -9999 -1.24352 0.529341 2.47086 4.28828 6.00734 7.48574 7.59205 8.36792 8.35863 8.76146 8.63581 8.07721 7.47672 6.37496 4.13661 2.25344 0.200428 0.733028 2.99709 3.29215 2.29842 0.467905 2.34442 4.41438 6.28961 7.30135 6.49517 7.30641 7.23163 6.67551 5.61496 3.97018 3.99363 2.75922 2.69845 3.32128 3.51858 3.40648 3.00356 2.36597 2.47633 2.9566 3.07188 3.7857 4.67674 5.54762 5.68775 5.84773 5.84734 5.8424 5.84836 5.84233 5.81622 5.76347 5.65609 4.92109 4.04848 3.50799 2.76707 2.67047 4.07039 4.63238 4.941 5.23983 5.35303
-9999 -9999 -9999 -9999 -9999 -9999 -9999 -9999 0.343826 2.34998 3.8322 4.22495 5.53813 6.24331 6.78719 6.90129 8.46922 8.5481 8.19104 7.63875 6.69789 4.99754 3.81077 1.84116 0.423559 1.00375 1.2696 1.7814 1.62184 2.45493 4.44377 6.51596 6.73554 5.40726 5.59538 5.86419 6.47597 6.1541 3.91565 2.77463 1.82625 2.48702 3.1826 3.34534 3.3721 3.22922 3.07174 2.80581 3.73889 4.42738 4.58133 5.18058 5.621 5.73716 5.82276 5.82663 5.83067 5.82317 5.78938 5.76275 5.64266 5.3831 4.56197 2.59801 2.68179 2.46265 1.84659 3.2207 4.08642 4.85579 5.26103 5.35997
-9999 -9999 -9999 -9999 -9999 -9999 -9999 -9999 -0.33006 1.99255 2.47624 2.43093 1.65038 1.99717 4.85036 5.41824 6.92156 8.34474 8.23174 7.68969 6.80885 5.79315 4.2248 2.01049 0.249687 -0.49104 1.39291 3.23992 3.61593 4.20086 5.41686 5.64215 4.28494 3.0116 3.71484 4.13533 5.75885 6.0488 5.72393 4.37205 2.8275 2.01756 2.95685 3.07582 3.12512 3.1289 3.09705 3.05809 4.11614 4.69536 5.09482 5.30885 5.68587 5.77668 5.80055 5.82254 5.80792 5.78041 5.71199 5.63526 5.3235 4.94773 3.6077 2.4893 1.78912 0.902422 2.87686 3.46313 4.27353 4.7951 5.19838 5.28094
