Test_Spring_2018b/01_18/Temp/20180125_016.txt
ncols	170
nrows	115
xllcorner	350000.000000
yllcorner	4445000.000000
cellsize	1000.000000
nodata_value	-9999.000000
[rows 32 to 63 of 115, columns 72 to 143 of 170]
8.27382 8.0256 8.38986 8.72462 8.50702 8.35731 8.91118 8.90348 8.7038 8.24513 8.07211 7.89305 7.78049 7.19444 5.56349 4.09251 4.86947 4.88078 4.33117 5.29636 4.77533 3.4279 1.52877 2.54975 2.27483 0.930529 0.596884 -9999 -9999 -9999 -9999 -9999 -9999 -9999 -9999 -9999 -9999 -9999 -9999 -9999 -9999 -9999 -9999 -9999 -9999 -9999 -9999 -9999 -9999 -9999 -9999 -9999 -9999 -9999 -9999 -9999 -9999 -9999 -9999 -9999 -9999 -9999 -9999 -9999 -9999 -9999 -9999 -9999 -9999 -9999 -9999 -9999
7.95312 7.84218 8.38732 8.36812 8.32626 8.51287 8.85361 8.91565 8.83316 8.62887 8.45106 8.26244 7.79532 7.12595 5.72904 4.05567 3.67045 4.47846 4.5102 4.63385 4.15823 3.56268 2.63518 3.38108 3.66613 2.78175 1.62405 0.875015 -9999 -9999 -9999 -9999 -9999 -9999 -9999 -9999 -9999 -9999 -9999 -9999 -9999 -9999 -9999 -9999 -9999 -9999 -9999 -9999 -9999 -9999 -9999 -9999 -9999 -9999 -9999 -9999 -9999 -9999 -9999 -9999 -9999 -9999 -9999 -9999 -9999 -9999 -9999 -9999 -9999 -9999 -9999 -9999
7.57034 7.02672 7.35225 7.59477 8.04673 8.15715 8.21894 8.87061 8.82815 8.7901 8.50114 8.26859 7.88819 7.24367 6.32919 5.22963 3.32057 4.48571 5.39641 5.36539 5.30754 4.88792 3.99638 4.72813 4.75506 3.62972 2.33993 1.57868 1.25967 -9999 -9999 -9999 -9999 -9999 -9999 -9999 -9999 -9999 -9999 -9999 -9999 -9999 -9999 -9999 -9999 -9999 -9999 -9999 -9999 -9999 -9999 -9999 -9999 -9999 -9999 -9999 -9999 -9999 -9999 -9999 -9999 -9999 -9999 -9999 -9999 -9999 -9999 -9999 -9999 -9999 -9999 -9999
7.13502 6.47266 6.80022 7.23984 7.8593 8.17764 8.41727 8.60685 8.80039 8.76915 8.47359 7.6152 7.48627 7.44206 6.84136 5.5888 4.33783 4.00818 5.40129 5.79455 5.70513 6.0101 5.25348 5.59934 5.44621 5.04377 3.8073 2.67467 2.2022 1.27582 -9999 -9999 -9999 -9999 -9999 -9999 -9999 -9999 -9999 -9999 -9999 -9999 -9999 -9999 -9999 -9999 -9999 -9999 -9999 -9999 -9999 -9999 -9999 -9999 -9999 -9999 -9999 -9999 -9999 -9999 -9999 -9999 -9999 -9999 -9999 -9999 -9999 -9999 -9999 -9999 -9999 -9999
-9999 -9999 6.05445 6.65175 7.14696 7.75694 8.28007 8.53943 8.7912 8.76286 8.17954 7.89044 7.85842 7.46228 6.76994 6.3326 5.54216 4.71885 5.02275 6.20944 5.67022 6.50846 6.4287 6.57595 6.00187 4.92538 3.49057 2.64624 2.22242 1.46998 -9999 -9999 -9999 -9999 -9999 -9999 -9999 -9999 -9999 -9999 -9999 -9999 -9999 -9999 -9999 -9999 -9999 -9999 -9999 -9999 -9999 -9999 -9999 -9999 -9999 -9999 -9999 -9999 -9999 -9999 -9999 -9999 -9999 -9999 -9999 -9999 -9999 -9999 -9999 -9999 -9999 -9999
-9999 -9999 -9999 6.54133 6.91656 7.73383 8.1515 8.31718 8.72788 8.72139 8.49583 8.32374 8.07735 7.75775 7.23557 6.66016 5.91625 5.84044 6.59675 6.59827 6.43058 6.54782 6.932 6.81996 5.9399 4.42021 3.61313 1.98522 1.28199 1.34513 0.844459 -9999 -9999 -9999 -9999 -9999 -9999 -9999 -9999 -9999 -9999 -9999 -9999 2.66026 -9999 -9999 -9999 -9999 -9999 -9999 -9999 -9999 -9999 -9999 -9999 -9999 -9999 -9999 -9999 -9999 -9999 -9999 -9999 -9999 -0.385908 -9999 -9999 -9999 -9999 -9999 -9999 -9999
-9999 -9999 6.47986 6.98143 7.37478 7.88421 7.92743 8.22627 8.69964 8.69925 8.53716 8.35497 7.95452 7.84975 7.54932 6.92523 6.79151 7.03375 7.14103 7.26351 7.33567 7.26209 7.0945 6.88021 6.31005 5.60042 5.12119 3.63427 2.87479 2.14891 1.05475 0.197153 -9999 -9999 -9999 -9999 -9999 -9999 -9999 2.1033 2.05932 2.07545 2.31088 2.96594 2.57745 -9999 -9999 -9999 -9999 -9999 -9999 -9999 -9999 -9999 -9999 -9999 -9999 -9999 -9999 -9999 -9999 -9999 -9999 -9999 0.208724 -0.652467 -9999 -9999 -9999 -9999 -9999 -9999
-9999 -9999 6.6149 7.14915 7.41215 7.90674 8.1865 8.36661 8.52588 8.67781 8.64373 8.44293 8.14127 8.13586 7.72284 7.49667 7.33292 7.66327 7.7222 7.57849 7.40007 7.2411 6.80688 6.74862 6.60411 6.15019 5.41072 4.64891 3.55633 2.07338 0.619007 -0.555601 -9999 -9999 -9999 -9999 -9999 -9999 2.22558 2.76783 3.09177 2.39341 2.98553 3.52692 3.43859 2.91455 -9999 -9999 -9999 -9999 -9999 -9999 -9999 -9999 -9999 -9999 -9999 -9999 -9999 -9999 4.28843 3.40564 1.62863 0.714732 0.163971 -0.619698 -9999 -9999 -9999 -9999 -9999 -9999
-9999 -9999 6.50825 7.14066 7.56666 7.94398 7.99805 8.38434 8.54935 8.62759 8.61025 8.56465 8.5032 8.14191 7.98232 7.43978 7.94425 7.91715 7.77966 7.25852 7.02774 6.13828 5.74171 5.64871 6.38026 5.82347 4.67094 3.23242 1.50438 1.38758 0.810217 -0.241042 -9999 -9999 -9999 -9999 -9999 -9999 2.38991 2.97044 3.45516 3.52398 2.83088 3.79494 3.76073 3.22014 3.09703 3.53909 3.76258 3.59595 4.12547 4.27782 4.03624 4.29427 -9999 -9999 -9999 -9999 4.42413 4.4534 4.47383 4.10219 2.16127 0.833659 -0.359136 -0.472927 -9999 -9999 -9999 -9999 -9999 -9999
-9999 -9999 6.9522 7.33864 7.53036 7.55516 7.89311 8.22979 8.43521 8.58402 8.54557 8.52574 8.50514 8.37685 8.08824 8.13155 8.10132 7.92949 6.9451 5.79718 6.28561 5.59864 4.14014 5.31155 5.94868 5.31865 3.92363 2.30745 1.77005 1.78612 0.986227 -0.0405287 -9999 -9999 -9999 0.80366 1.63381 1.70132 1.9436 2.71927 3.30935 3.75519 4.05836 4.04836 3.73114 3.20309 2.62907 2.83373 3.86632 4.11747 4.33243 4.4908 4.26658 4.37988 4.6518 4.78968 4.81327 4.7425 4.7215 4.73768 4.69818 4.35077 2.61318 1.61629 0.977985 -0.297818 -9999 -9999 -9999 -9999 -9999 -9999
-9999 -9999 6.7066 7.04167 7.31163 7.76431 7.80562 8.08985 8.25486 8.50515 8.52695 8.21877 8.46045 8.42119 8.36751 8.26155 8.10952 7.27755 6.13348 4.9863 4.45196 4.66675 3.78606 4.22741 4.87294 4.6219 3.76068 2.31943 2.10726 1.76257 0.427438 -0.861663 -9999 -9999 -0.816008 0.781366 1.90495 2.48254 2.65891 2.67311 3.41766 3.47492 4.27816 4.0897 3.03046 3.15071 2.74036 3.00912 3.3909 3.49443 4.03984 4.56385 4.66017 4.65905 4.83073 4.86203 4.86591 4.85539 4.72986 4.7778 4.77942 4.56012 3.29959 2.68154 2.00333 -0.278535 -9999 -9999 -9999 -9999 -9999 -9999
-9999 -9999 6.88344 7.25891 7.67082 7.73121 8.03449 7.99406 7.89775 8.32395 8.47559 8.25596 8.09591 8.37077 8.34413 8.29948 8.23044 7.44819 6.54386 5.17849 4.32662 3.8015 3.4257 2.9285 3.25502 3.14184 2.99332 3.14115 2.73477 1.9373 1.14872 -0.314264 -1.11189 -9999 -0.733715 -0.01725 1.32011 2.45691 3.17786 2.91427 3.7616 3.91823 4.40753 4.12065 3.47969 3.20696 3.18358 3.0999 3.67257 4.06068 4.33319 4.51335 4.73822 4.79242 4.84605 4.86529 4.87286 4.88003 4.87055 4.85918 4.8268 4.73989 4.15644 3.54105 2.21579 -0.20177 -9999 -9999 -9999 -9999 -9999 -9999
-9999 5.77825 6.84061 7.47542 7.7165 7.88839 8.03904 8.14607 8.25836 8.36262 8.43312 8.39313 7.82335 7.8623 7.95638 8.26866 8.23853 8.16092 7.66291 6.0033 5.42355 4.57893 3.48905 3.03051 3.24595 4.12074 4.07035 3.47292 2.80817 1.89178 1.30366 0.400088 -1.32166 -1.17766 -0.414983 0.151294 1.05793 2.44867 3.42337 3.85741 4.02088 4.36377 4.54317 4.15374 3.78356 3.62795 3.33777 3.29841 3.30212 3.64861 3.91961 4.52193 4.72182 4.81168 4.85476 4.87523 4.88802 4.89988 4.89942 4.88082 4.87419 4.86221 4.81401 3.99481 1.95573 0.417251 -9999 -9999 -9999 -9999 -9999 -9999
-9999 -9999 6.64347 6.91833 6.98455 7.10626 7.36359 7.66152 8.0864 8.13493 8.36633 8.35769 7.86598 7.29898 7.77993 7.96666 8.1603 8.1588 8.08781 6.69037 5.95536 5.37427 4.32864 4.69467 5.03915 5.05531 4.83003 3.5615 2.2978 0.840705 -0.519623 -0.595716 -1.33393 -0.958469 -0.458104 0.842656 1.75697 2.12508 2.38944 3.80622 4.1735 4.30296 4.66766 4.17426 4.0545 3.68504 3.79856 3.76855 3.77286 2.74298 3.77987 3.84104 4.51416 4.81712 4.88228 4.89617 4.91044 4.90727 4.90428 4.89394 4.89333 4.87663 4.85838 4.32346 1.73923 0.437579 -9999 -9999 -9999 -9999 -9999 -9999
-9999 -9999 -9999 -9999 6.71895 6.92682 7.05737 7.28899 8.0138 8.20405 8.3282 8.33249 8.10946 7.54805 7.39521 7.48986 6.9417 7.38652 7.99747 7.97344 7.8892 6.65961 6.02779 6.62194 6.4277 5.49962 4.76646 4.04233 2.56454 1.4777 -0.079914 -1.25236 -1.30755 -0.0375083 1.01678 2.33296 2.91039 2.57218 2.92866 3.63215 4.43243 4.82044 4.73096 4.21119 4.14417 3.57341 4.14114 4.19258 3.93281 3.70806 3.80091 4.13472 4.26117 4.78661 4.91115 4.93021 4.92852 4.92421 4.91491 4.90448 4.89094 4.87805 4.86348 4.83274 2.17649 0.107674 -9999 -9999 -9999 -9999 -9999 -9999
-9999 -9999 -9999 -9999 6.21142 6.33504 6.67256 7.55137 8.00705 8.18734 8.17398 8.25381 8.09455 7.59992 7.09232 6.61312 5.99681 6.33767 7.25127 7.78603 7.83867 6.75957 7.30818 7.08963 6.66824 5.45773 4.56225 4.08166 2.66225 1.44348 0.402958 -1.02879 -0.433192 0.224703 1.07386 2.51065 3.47867 3.87406 3.53403 3.98285 4.90398 4.91018 4.40835 4.44406 4.14346 3.36253 4.18329 4.41666 4.23435 4.28481 4.21844 4.34312 4.56867 4.78317 4.92392 4.93898 4.93586 4.92455 4.91711 4.91026 4.89258 4.88595 4.8713 4.85086 3.13395 0.0699866 -9999 -9999 -9999 -9999 -9999 -9999
-9999 -9999 -9999 -9999 -9999 5.74211 6.52203 7.69106 7.97458 7.94074 8.17665 8.19072 7.94987 7.73994 7.12521 6.2877 4.68495 5.08397 5.92433 7.13908 7.77286 7.67641 7.31078 6.67927 5.16517 3.8383 3.66689 3.43947 2.40023 1.45841 0.302934 0.95311 1.66699 2.44986 2.85707 2.74019 3.56866 4.24446 3.95158 4.50259 5.1473 4.85593 4.68517 4.54304 4.19472 4.17731 4.2183 4.6859 4.36808 4.56793 4.57575 4.56533 4.67482 4.79968 4.92965 4.94706 4.94176 4.93736 4.91469 4.91267 4.89752 4.88259 4.86851 4.84998 4.68861 3.03473 2.04461 -9999 -9999 -9999 -9999 -9999
-9999 -9999 -9999 -9999 -9999 5.017 5.40212 6.78801 7.20972 7.81818 8.13798 8.1461 7.74408 7.51697 6.60428 6.30362 4.82054 4.14484 4.70406 4.4785 6.15386 7.63477 7.30253 4.28362 3.18323 2.39484 2.58297 2.57295 2.27491 0.681418 0.233728 1.63635 2.51559 3.19499 3.70878 3.80946 3.78427 4.84438 4.9824 5.32665 5.251 5.28405 4.74814 4.41812 4.71522 4.3837 4.33025 4.8131 4.34423 4.77369 4.72613 4.59867 4.5915 4.87099 4.92487 4.9505 4.94677 4.92913 4.90763 4.89243 4.89412 4.88258 4.85991 4.85392 4.83213 4.62872 3.77062 3.46706 3.79155 -9999 -9999 -9999
-9999 -9999 -9999 -9999 -9999 -9999 4.10414 6.03314 6.90922 7.36682 8.01422 8.08613 7.86853 7.48084 6.55127 5.73285 4.4063 2.89194 2.08595 4.46657 6.53693 7.61271 7.4625 4.94798 3.94909 3.89237 4.46323 3.96036 3.57588 2.36191 1.99124 1.48091 1.77705 2.72801 3.50526 4.25458 4.79847 4.83787 5.19145 5.39509 5.41129 5.47629 5.41479 5.36574 4.85259 5.21484 4.9141 5.07895 4.97788 4.88635 4.80828 4.51178 4.72105 4.9051 4.94989 4.96034 4.94337 4.93414 4.91901 4.8939 4.87972 4.87132 4.86259 4.84637 4.83982 4.82307 4.72157 4.20314 3.51125 2.63873 -9999 -9999
-9999 -9999 -9999 -9999 -9999 -9999 3.13825 5.05778 5.97767 7.16572 7.77351 8.01511 7.97534 7.6598 6.95176 5.88938 5.00299 3.31328 1.55867 4.05715 6.28283 7.47894 7.53306 5.42111 5.99443 5.51223 5.69153 4.81685 4.44666 4.15006 3.51868 2.82955 2.07636 1.676 3.43043 4.3278 5.04964 5.38771 5.57785 5.67211 5.61755 5.48757 4.70543 5.30468 5.27826 5.22177 5.15656 5.12634 5.06691 4.99592 4.95525 4.94016 4.74208 4.96412 4.95547 4.95372 4.94902 4.93664 4.91837 4.90111 4.88137 4.87592 4.86192 4.84761 4.83594 4.82572 4.81336 4.77935 4.63749 3.46759 2.76569 2.56902
-9999 -9999 -9999 -9999 -9999 -9999 0.431807 3.22789 5.47245 6.6418 7.59083 7.84691 7.93821 7.51706 7.2003 6.43667 5.71299 4.6002 2.93678 1.90916 3.77689 6.49655 7.49413 7.4087 7.3358 6.78021 6.27819 6.20522 6.23104 5.64647 4.80116 3.70143 3.35426 2.96246 4.26707 4.43703 4.33397 5.77289 5.7718 5.68661 5.132 4.51128 4.62898 4.25079 4.54898 4.09455 4.51666 4.88166 5.01896 5.00898 4.96269 4.95723 4.93415 4.97053 4.96607 4.95503 4.94457 4.93559 4.92322 4.8991 4.88207 4.88063 4.8648 4.84954 4.83562 4.82706 4.81786 4.7911 4.76638 4.58167 4.30688 3.79245
-9999 -9999 -9999 -9999 -9999 -9999 0.553808 2.90322 4.89588 6.0862 7.23236 7.49276 7.87485 7.78369 7.45209 6.78724 5.95825 5.04098 3.61275 2.54884 3.79575 5.59736 6.88515 7.34369 7.33048 7.28918 7.15551 7.09339 6.93899 6.82422 6.21589 5.1807 4.5892 3.72888 5.18421 5.34042 5.10434 5.82931 5.788 4.67936 3.82727 3.72005 4.23673 3.74408 3.66165 3.35952 3.7079 4.63896 4.36888 4.42328 4.84637 4.91506 4.95812 4.96713 4.96029 4.95351 4.94082 4.93572 4.9301 4.90656 4.89173 4.88074 4.85759 4.85144 4.83392 4.81829 4.80559 4.7884 4.76527 4.70856 4.64668 4.70429
-9999 -9999 -9999 -9999 -9999 -9999 0.604339 2.18058 3.97301 5.72984 6.95425 7.44378 7.79825 7.78707 7.40263 7.06833 6.54575 5.73774 5.18081 4.21952 2.903 5.08661 5.7482 6.34212 6.58472 7.20009 7.17439 6.8772 6.53331 6.83163 6.73492 5.91065 5.63309 5.17175 5.9775 5.97152 5.94196 5.89237 4.95383 3.65224 2.61211 3.35672 3.19964 3.54076 2.48281 3.35675 4.06095 4.29013 3.81609 3.46171 4.55894 4.74014 4.84583 4.91189 4.9534 4.93773 4.94358 4.93121 4.92164 4.91144 4.89521 4.88262 4.86626 4.84981 4.83827 4.82384 4.80524 4.78331 4.77643 4.74433 4.72786 4.71754
-9999 -9999 -9999 -9999 -9999 -9999 -9999 1.24684 3.51795 5.54771 6.67444 7.38026 7.72027 7.70645 7.50608 7.27648 6.94936 6.36408 5.63068 4.47622 3.61673 4.14773 4.79549 4.86391 5.29248 6.55348 6.97753 6.35194 4.81789 5.71101 6.70249 6.67644 6.58155 6.47702 6.34737 6.22945 5.98137 5.32926 3.34468 2.95007 2.17041 2.25638 1.85646 2.7243 2.40253 3.29665 3.68441 3.83097 3.0046 3.18078 4.15279 4.5356 4.46947 4.70234 4.92457 4.92741 4.92874 4.91729 4.91613 4.91164 4.90144 4.88418 4.87023 4.85834 4.83869 4.83297 4.75331 4.69955 4.59678 4.71104 4.71681 4.72067
-9999 -9999 -9999 -9999 -9999 -9999 -9999 0.790453 3.06015 5.4519 6.21467 6.97611 7.63226 7.63759 7.33526 7.04728 6.75078 6.41413 5.52625 4.66478 3.84168 3.55934 3.71415 3.6939 4.39345 6.03954 6.35031 6.20365 4.60816 4.06061 5.38898 6.5041 6.58362 6.4731 5.14183 5.41634 4.69589 3.72194 3.45051 3.0226 2.12375 2.55212 1.89417 2.17388 2.10034 2.60737 2.85449 3.45771 2.73688 2.74102 3.69521 4.17427 4.18383 4.68548 4.86173 4.90461 4.91167 4.91494 4.91153 4.91365 4.90304 4.8896 4.87377 4.84373 4.78046 4.60328 3.63836 3.63374 3.89077 4.13376 4.58734 4.70569
-9999 -9999 -9999 -9999 -9999 -9999 -9999 1.05412 2.62678 4.74814 6.31755 6.40901 7.1681 7.55622 7.22805 6.85945 6.48241 6.31302 5.3474 4.28731 3.42895 2.41427 2.57079 3.28356 4.45747 5.51756 5.69925 5.46855 4.61124 5.00427 5.90756 6.38314 6.5174 6.39673 6.10083 5.92718 5.39503 5.16141 4.42625 3.28033 2.82701 3.10872 1.89431 1.97699 2.42349 1.94921 2.73317 3.10788 2.17662 2.91864 3.76008 4.18897 4.56316 4.73834 4.80572 4.91054 4.90876 4.9129 4.91254 4.90538 4.89959 4.87609 4.85559 4.74804 4.59224 3.69382 3.32038 3.38747 3.79428 4.1498 4.52667 4.67493
-9999 -9999 -9999 -9999 -9999 -9999 -9999 1.32376 2.73895 4.5773 5.69403 5.88753 6.73012 7.47848 7.38625 7.003 6.88074 6.48359 5.66336 4.75805 3.7691 3.28368 2.17893 3.24837 4.0946 4.99106 5.40543 4.70038 4.33992 4.95324 5.56308 5.80161 6.41816 6.40436 6.19332 5.30853 4.87411 5.0493 4.86025 4.53365 3.74394 3.70555 3.1979 2.98637 2.78679 2.14638 2.55421 2.59379 2.70644 3.59305 4.02986 4.31839 4.58015 4.64633 4.75762 4.90273 4.9113 4.91173 4.90584 4.90318 4.88657 4.83837 4.79677 4.58644 4.21859 3.53724 2.4413 3.20714 4.00825 4.24102 4.47646 4.59165
-9999 -9999 -9999 -9999 -9999 -9999 -9999 1.08169 2.58556 4.15561 4.80758 4.91189 6.44304 7.37755 7.37136 7.18551 6.96966 6.00042 6.04859 5.84793 4.95497 3.65801 2.23425 2.35771 3.19565 4.38026 4.76686 3.60509 3.18747 3.47957 4.40646 5.2355 6.1018 6.31624 6.05254 4.67923 3.22074 3.88858 4.60308 4.59445 4.37917 3.64679 3.41221 3.19994 2.66577 1.76721 1.8964 2.14503 3.15501 3.4715 3.96118 4.36712 4.21013 4.29684 4.68385 4.9039 4.90782 4.90695 4.9092 4.89868 4.87975 4.78953 4.69423 4.53813 3.58843 2.99568 2.1345 3.12819 3.67228 3.96452 4.48163 4.59977
-9999 -9999 -9999 -9999 -9999 -9999 -9999 0.614234 1.70351 3.20388 3.80399 4.76575 6.21226 6.91975 7.25479 7.23933 7.09276 6.65423 6.38717 5.86878 4.94017 3.67341 2.26608 1.34657 1.79994 3.40231 3.78052 2.70251 2.15124 2.81859 3.80711 5.27504 6.11058 6.21701 6.13367 5.84522 4.77875 3.49201 3.49114 4.12891 3.58707 2.95846 3.29873 3.23211 2.7044 2.32004 2.0878 2.23499 2.80844 3.04357 3.60943 4.44539 4.56246 4.53523 4.88451 4.898 4.90173 4.91023 4.90471 4.89615 4.88004 4.80547 4.64529 4.01124 3.45755 2.68951 2.58939 3.47281 3.85137 4.21239 4.46252 4.53938
-9999 -9999 -9999 -9999 -9999 -9999 -9999 -0.190825 1.09213 2.49719 3.8123 5.05608 6.12544 6.20094 6.76115 6.7525 7.04205 6.94858 6.54125 6.10326 5.30191 3.6771 2.30923 0.818107 1.19935 2.83588 3.04335 2.31972 0.99025 2.34575 3.84167 5.19691 5.92718 5.34128 5.92721 5.87191 5.46847 4.70016 3.50919 3.52683 2.6339 2.59134 3.0442 3.18919 3.11035 2.82109 2.36468 2.4443 2.79216 2.87865 3.3984 4.04624 4.67919 4.78262 4.90013 4.90119 4.89868 4.9038 4.90001 4.88146 4.84343 4.76569 4.23327 3.60109 3.20935 2.6724 2.60204 3.61482 4.01965 4.24675 4.46183 4.5425
-9999 -9999 -9999 -9999 -9999 -9999 -9999 -9999 0.960607 2.41248 3.48484 3.76808 4.71778 5.22699 5.61918 5.69988 6.83322 6.88786 6.62648 6.22337 5.53853 4.30335 3.43981 2.00908 0.97793 1.39809 1.58132 1.94805 1.82874 2.42859 3.86577 5.36367 5.52026 4.55628 4.69095 4.88451 5.32691 5.0936 3.4727 2.64702 1.96128 2.44131 2.9469 3.06691 3.08869 2.98782 2.8792 2.68317 3.36217 3.86387 3.97824 4.41484 4.73612 4.82226 4.88596 4.89015 4.89416 4.88952 4.86558 4.84659 4.7597 4.57162 3.97668 2.55395 2.61415 2.45489 2.00812 2.99639 3.63137 4.18696 4.47887 4.54899
-9999 -9999 -9999 -9999 -9999 -9999 -9999 -9999 0.47561 2.15672 2.50597 2.472 1.90541 2.1551 4.21978 4.62913 5.71567 6.74387 6.6592 6.26347 5.62203 4.8826 3.74263 2.13457 0.854768 0.31454 1.67614 3.00685 3.27531 3.69535 4.57274 4.73301 3.74759 2.82336 3.33107 3.63449 4.80964 5.01946 4.78449 3.80619 2.68878 2.10381 2.78603 2.87448 2.91275 2.91826 2.89832 2.87262 3.63897 4.0617 4.35404 4.51181 4.78731 4.85521 4.87429 4.89165 4.88216 4.86301 4.81393 4.75856 4.53272 4.26031 3.28939 2.47882 1.97104 1.32808 2.75717 3.17453 3.76414 4.145 4.43525 4.49327
