Test_Spring_2018b/01_18/Temp/20180129_004.txt
ncols	170
nrows	115
xllcorner	350000.000000
yllcorner	4445000.000000
cellsize	1000.000000
nodata_value	-9999.000000
[rows 31 to 61 of 115, columns 70 to 139 of 170]
3.92393 4.44559 4.63547 4.26708 4.30115 5.20016 5.40394 5.39097 5.34264 5.25938 4.84269 4.7026 4.3733 3.79381 3.54954 2.51934 -0.80637 0.131648 0.497074 -0.468427 0.0679278 0.942498 0.180205 -2.08114 -3.05375 -4.62059 -4.09941 -4.54481 -5.80367 -9999 -9999 -9999 -9999 -9999 -9999 -9999 -9999 -9999 -9999 -9999 -9999 -9999 -9999 -9999 -9999 -9999 -9999 -9999 -9999 -9999 -9999 -9999 -9999 -9999 -9999 -9999 -9999 -9999 -9999 -9999 -9999 -9999 -9999 -9999 -9999 -9999 -9999 -9999 -9999 -9999
4.01887 4.25523 4.22925 3.87422 4.41543 4.91399 4.64218 4.46194 5.29376 5.29345 5.01198 4.35127 4.10776 3.85492 3.69892 2.85024 0.473436 -1.66941 -0.524873 -0.499562 -1.29392 0.127508 -0.623557 -2.58222 -5.34679 -3.84048 -4.22851 -6.14027 -6.60359 -9999 -9999 -9999 -9999 -9999 -9999 -9999 -9999 -9999 -9999 -9999 -9999 -9999 -9999 -9999 -9999 -9999 -9999 -9999 -9999 -9999 -9999 -9999 -9999 -9999 -9999 -9999 -9999 -9999 -9999 -9999 -9999 -9999 -9999 -9999 -9999 -9999 -9999 -9999 -9999 -9999
3.34922 3.9449 3.75703 3.6027 4.4083 4.38911 4.36385 4.68671 5.20648 5.30797 5.19772 4.90888 4.6583 4.39149 3.71708 2.74668 0.712316 -1.72626 -2.28093 -1.09031 -1.03428 -0.843181 -1.52763 -2.38662 -3.73023 -2.62608 -2.19522 -3.45887 -5.10162 -6.15995 -9999 -9999 -9999 -9999 -9999 -9999 -9999 -9999 -9999 -9999 -9999 -9999 -9999 -9999 -9999 -9999 -9999 -9999 -9999 -9999 -9999 -9999 -9999 -9999 -9999 -9999 -9999 -9999 -9999 -9999 -9999 -9999 -9999 -9999 -9999 -9999 -9999 -9999 -9999 -9999
2.45063 3.476 3.19337 2.40644 2.89098 3.25452 3.97931 4.1736 4.27502 5.23869 5.18689 5.1411 4.72792 4.39684 3.84922 2.9152 1.58635 -0.0130188 -2.79585 -1.0828 0.258777 0.223966 0.150719 -0.450729 -1.74147 -0.657711 -0.604003 -2.20815 -4.03104 -5.13094 -5.58465 -9999 -9999 -9999 -9999 -9999 -9999 -9999 -9999 -9999 -9999 -9999 -9999 -9999 -9999 -9999 -9999 -9999 -9999 -9999 -9999 -9999 -9999 -9999 -9999 -9999 -9999 -9999 -9999 -9999 -9999 -9999 -9999 -9999 -9999 -9999 -9999 -9999 -9999 -9999
-9999 2.82433 2.55227 1.59195 2.0797 2.73171 3.67874 4.18727 4.56142 4.84944 5.14278 5.10691 4.68402 3.43767 3.2577 3.20141 2.33136 0.50825 -1.31218 -1.78486 0.262334 0.848216 0.729143 1.18767 0.0947001 0.614685 0.405635 -0.154093 -1.91319 -3.52791 -4.20549 -5.54758 -9999 -9999 -9999 -9999 -9999 -9999 -9999 -9999 -9999 -9999 -9999 -9999 -9999 -9999 -9999 -9999 -9999 -9999 -9999 -9999 -9999 -9999 -9999 -9999 -9999 -9999 -9999 -9999 -9999 -9999 -9999 -9999 -9999 -9999 -9999 -9999 -9999 -9999
-9999 -9999 -9999 -9999 0.984878 1.89858 2.6412 3.56809 4.35698 4.74724 5.12583 5.0942 4.25043 3.83641 3.79797 3.22686 2.22261 1.59148 0.444404 -0.750116 -0.295528 1.45087 0.674435 1.91329 1.81073 2.04101 1.21722 -0.306762 -2.37677 -3.56882 -4.17442 -5.26138 -9999 -9999 -9999 -9999 -9999 -9999 -9999 -9999 -9999 -9999 -9999 -9999 -9999 -9999 -9999 -9999 -9999 -9999 -9999 -9999 -9999 -9999 -9999 -9999 -9999 -9999 -9999 -9999 -9999 -9999 -9999 -9999 -9999 -9999 -9999 -9999 -9999 -9999
-9999 -9999 -9999 -9999 -9999 1.73322 2.30059 3.50775 4.16509 4.41867 5.02982 5.03014 4.70943 4.46631 4.11408 3.65457 2.89883 2.0655 0.986293 0.884797 2.00104 2.01463 1.78194 1.96709 2.54374 2.39582 1.13909 -1.04628 -2.20899 -4.53441 -5.54748 -5.4408 -6.15967 -9999 -9999 -9999 -9999 -9999 -9999 -9999 -9999 -9999 -9999 -9999 -9999 -3.43389 -9999 -9999 -9999 -9999 -9999 -9999 -9999 -9999 -9999 -9999 -9999 -9999 -9999 -9999 -9999 -9999 -9999 -9999 -9999 -9999 -7.80944 -9999 -9999 -9999
-9999 -9999 -9999 -9999 1.5978 2.37859 2.96686 3.72469 3.82186 4.28225 4.98526 4.99455 4.7665 4.5083 3.93039 3.78455 3.35261 2.44766 2.26042 2.62384 2.79103 2.98176 3.10031 3.00716 2.7779 2.48161 1.69759 0.678806 -0.0029003 -2.14825 -3.21554 -4.26137 -5.847 -7.08814 -9999 -9999 -9999 -9999 -9999 -9999 -9999 -4.25019 -4.31292 -4.28814 -3.94288 -2.98401 -3.55106 -9999 -9999 -9999 -9999 -9999 -9999 -9999 -9999 -9999 -9999 -9999 -9999 -9999 -9999 -9999 -9999 -9999 -9999 -9999 -6.94252 -8.19872 -9999 -9999
-9999 -9999 -9999 -9999 1.82363 2.61898 3.01769 3.75481 4.17726 4.48422 4.72819 4.96025 4.9192 4.6334 4.19941 4.19824 3.60101 3.27736 3.04574 3.53772 3.63419 3.43589 3.18854 2.97135 2.35331 2.28656 2.12503 1.48202 0.421661 -0.671583 -2.21549 -4.36689 -6.47797 -8.18161 -9999 -9999 -9999 -9999 -9999 -9999 -4.0662 -3.27189 -2.79746 -3.81834 -2.95231 -2.16042 -2.28921 -3.0339 -9999 -9999 -9999 -9999 -9999 -9999 -9999 -9999 -9999 -9999 -9999 -9999 -9999 -9999 -0.990413 -2.27905 -4.87498 -6.20846 -7.01068 -8.15328 -9999 -9999
-9999 -9999 -9999 -9999 1.66142 2.60157 3.23988 3.80666 3.90007 4.48843 4.75988 4.88421 4.86738 4.80806 4.72467 4.20232 3.97487 3.18784 3.93275 3.90165 3.71076 2.96076 2.63739 1.35289 0.791151 0.703003 1.79487 1.00354 -0.658678 -2.73931 -5.21889 -5.36398 -6.19114 -7.71321 -9999 -9999 -9999 -9999 -9999 -9999 -3.81768 -2.96831 -2.25976 -2.15977 -3.17407 -1.76496 -1.79571 -2.58618 -2.76593 -2.11898 -1.79143 -2.01459 -1.23683 -1.01461 -1.36833 -0.991318 -9999 -9999 -9999 -9999 -0.799106 -0.75474 -0.722874 -1.26392 -4.09936 -6.03761 -7.77842 -7.93765 -9999 -9999
-9999 -9999 -9999 -9999 2.30421 2.88608 3.18316 3.2357 3.74534 4.26156 4.59076 4.81362 4.76567 4.74357 4.71928 4.53683 4.11977 4.18843 4.15042 3.90672 2.4766 0.80943 1.53738 0.557367 -1.54288 0.204793 1.16074 0.264612 -1.74982 -4.08786 -4.82496 -4.77475 -5.92571 -7.41267 -9999 -9999 -9999 -6.13809 -4.92008 -4.81926 -4.46449 -3.33095 -2.46958 -1.81605 -1.37453 -1.37609 -1.83761 -2.61026 -3.44978 -3.15032 -1.63988 -1.27193 -0.936118 -0.705439 -1.03409 -0.875722 -0.478084 -0.276254 -0.241333 -0.344143 -0.373867 -0.348896 -0.404978 -0.910942 -3.44192 -4.89631 -5.82599 -7.69189 -9999 -9999
-9999 -9999 -9999 -9999 1.93683 2.44429 2.85651 3.53729 3.61366 4.04403 4.30657 4.69672 4.73665 4.29239 4.6509 4.59775 4.52324 4.37265 4.15569 2.94605 1.2821 -0.383961 -1.15121 -0.810571 -2.07783 -1.39771 -0.428528 -0.754998 -1.98336 -4.06422 -4.34861 -4.8076 -6.73608 -8.60376 -9999 -9999 -8.50127 -6.15919 -4.51254 -3.66662 -3.40924 -3.39036 -2.30434 -2.22371 -1.05219 -1.31781 -2.86541 -2.69064 -3.28666 -2.8938 -2.34304 -2.19093 -1.37748 -0.608309 -0.467938 -0.469885 -0.21898 -0.173129 -0.167165 -0.181964 -0.364642 -0.293275 -0.289257 -0.607861 -2.44862 -3.34946 -4.33564 -7.67485 -9999 -9999
-9999 -9999 -9999 -9999 2.18974 2.75702 3.37745 3.48333 3.94349 3.9042 3.78475 4.41912 4.66016 4.34486 4.11515 4.5204 4.48439 4.42243 4.32593 3.18831 1.87452 -0.110636 -1.34186 -2.08379 -2.61145 -3.29646 -2.7923 -2.9299 -3.11846 -2.87351 -3.42451 -4.5446 -5.67543 -7.79347 -8.94408 -9999 -8.36919 -7.31541 -5.35668 -3.69382 -2.64116 -3.02971 -1.79465 -1.56995 -0.847691 -1.27043 -2.20735 -2.61488 -2.65027 -2.77306 -1.93537 -1.36335 -0.950009 -0.687244 -0.356005 -0.277201 -0.199032 -0.170943 -0.159682 -0.148719 -0.161773 -0.177195 -0.222923 -0.347933 -1.19855 -2.09367 -4.02787 -7.56488 -9999 -9999
-9999 -9999 -9999 0.528932 2.12181 3.06962 3.44149 3.71157 3.9496 4.12248 4.30796 4.47643 4.58851 4.54389 3.71428 3.77363 3.91316 4.37213 4.33161 4.22367 3.50362 1.08809 0.261038 -0.947896 -2.51832 -3.15237 -2.80869 -1.49943 -1.54222 -2.38471 -3.32607 -4.61926 -5.44021 -6.7408 -9.24051 -9.01678 -7.89199 -7.058 -5.72963 -3.69623 -2.27354 -1.6431 -1.40929 -0.904588 -0.646693 -1.22653 -1.76885 -1.99897 -2.42493 -2.48319 -2.47764 -1.97012 -1.56006 -0.676322 -0.384495 -0.251242 -0.188595 -0.158801 -0.13999 -0.122252 -0.1222 -0.148269 -0.156392 -0.171834 -0.238499 -1.43307 -4.4158 -6.66708 -9999 -9999
-9999 -9999 -9999 -9999 1.82892 2.25146 2.36869 2.56641 2.96133 3.41415 4.05697 4.14009 4.48812 4.48527 3.77468 2.94715 3.6515 3.92598 4.21185 4.21452 4.11847 2.09471 1.03706 0.208241 -1.29635 -0.723529 -0.189442 -0.133885 -0.43042 -2.2522 -4.06728 -6.15 -8.11207 -8.19928 -9.24996 -8.6868 -7.94543 -6.03755 -4.69842 -4.16115 -3.77812 -1.71163 -1.17452 -0.995164 -0.468028 -1.19513 -1.37217 -1.91554 -1.75155 -1.79637 -1.79004 -3.29518 -1.76588 -1.67661 -0.692179 -0.246989 -0.150436 -0.130309 -0.109384 -0.1137 -0.117422 -0.131499 -0.130873 -0.152483 -0.179454 -0.959082 -4.73487 -6.63948 -9999 -9999
-9999 -9999 -9999 -9999 -9999 -9999 1.97819 2.30263 2.51286 2.86931 3.95091 4.24153 4.43284 4.44623 4.1248 3.30915 3.08602 3.22516 2.42564 3.0823 3.98631 3.96446 3.85873 2.08217 1.19259 2.09077 1.83839 0.514619 -0.523051 -1.5471 -3.67358 -5.21397 -7.46316 -9.15241 -9.21184 -7.33795 -5.78147 -3.85119 -3.00504 -3.5012 -2.98418 -1.96001 -0.79651 -0.236281 -0.374086 -1.14047 -1.24109 -2.07927 -1.25139 -1.1773 -1.5572 -1.88496 -1.73664 -1.24862 -1.06349 -0.29469 -0.11204 -0.0823706 -0.0848141 -0.0908288 -0.10385 -0.118128 -0.137446 -0.154842 -0.17421 -0.216669 -4.09781 -7.12402 -9999 -9999
-9999 -9999 -9999 -9999 -9999 -9999 1.23424 1.43589 1.94916 3.25236 3.94053 4.21676 4.20708 4.33092 4.10261 3.38179 2.64104 1.94061 1.04194 1.54575 2.89082 3.68607 3.7806 2.22441 3.06125 2.77167 2.1879 0.451998 -0.822077 -1.48898 -3.52904 -5.26176 -6.75392 -8.82157 -7.92874 -6.94957 -5.69586 -3.5874 -2.17032 -1.59452 -2.09535 -1.44524 -0.105587 -0.104253 -0.845585 -0.800166 -1.24284 -2.38866 -1.19099 -0.850976 -1.11763 -1.04289 -1.12768 -0.945377 -0.615216 -0.300976 -0.094501 -0.0718576 -0.0755818 -0.0918678 -0.102205 -0.11175 -0.1367 -0.145106 -0.164755 -0.192301 -2.69994 -7.18127 -9999 -9999
-9999 -9999 -9999 -9999 -9999 -9999 -9999 0.56742 1.72765 3.4553 3.89174 3.85495 4.20985 4.2376 3.89001 3.58552 2.68762 1.46346 -0.878023 -0.289274 0.94858 2.73809 3.68238 3.56308 3.06305 2.16967 -0.0118197 -1.91768 -2.13268 -2.42906 -3.91287 -5.24039 -6.90034 -5.92328 -4.85725 -3.69514 -3.08759 -3.25173 -2.0385 -1.0521 -1.48488 -0.685554 0.24965 -0.184397 -0.441858 -0.65671 -1.16937 -1.19883 -1.14152 -0.459027 -0.923824 -0.630577 -0.606919 -0.622052 -0.46146 -0.278161 -0.0873153 -0.0611352 -0.0683079 -0.0743371 -0.107083 -0.109499 -0.130888 -0.151621 -0.17063 -0.195572 -0.428707 -2.84811 -4.29241 -9999
-9999 -9999 -9999 -9999 -9999 -9999 -9999 -0.494453 0.0881584 2.13268 2.77114 3.67354 4.15118 4.17036 3.58732 3.25903 1.92547 1.48634 -0.680711 -1.66194 -0.835229 -1.15204 1.3151 3.50207 3.0506 -1.33434 -2.91136 -4.03026 -3.71997 -3.6989 -4.09927 -6.37995 -7.00517 -4.92803 -3.62035 -2.60964 -1.84624 -1.69193 -1.72699 -0.17918 0.0195823 0.51671 0.398633 0.439089 -0.352262 -0.841818 -0.410564 -0.899315 -0.980065 -0.275244 -0.960881 -0.331813 -0.388936 -0.575089 -0.584947 -0.175391 -0.0956919 -0.0573787 -0.0623265 -0.087638 -0.118914 -0.1403 -0.137199 -0.153155 -0.184935 -0.191761 -0.221001 -0.519552 -1.77093 -2.21049
-9999 -9999 -9999 -9999 -9999 -9999 -9999 -9999 -1.81219 1.02601 2.32874 3.01039 3.9671 4.07977 3.77134 3.20615 1.8478 0.652133 -1.28553 -3.49583 -4.661 -1.16696 1.87739 3.47132 3.28556 -0.362788 -1.79242 -1.84251 -0.973682 -1.67447 -2.20237 -3.92865 -4.44211 -5.163 -4.70851 -3.2976 -2.15161 -1.04927 -0.251888 -0.196285 0.315431 0.611637 0.628326 0.715921 0.618678 0.540319 -0.212863 0.313095 -0.129125 0.110788 -0.0369315 -0.169653 -0.270985 -0.704199 -0.397426 -0.127325 -0.0607966 -0.0451642 -0.0690844 -0.0820484 -0.104028 -0.140882 -0.159689 -0.171221 -0.182825 -0.204835 -0.212026 -0.23792 -0.383118 -1.13707
-9999 -9999 -9999 -9999 -9999 -9999 -9999 -9999 -3.22728 -0.403685 0.962853 2.7124 3.61483 3.98032 3.92605 3.46714 2.43357 0.881958 -0.411322 -2.8775 -5.43602 -1.76805 1.50935 3.27843 3.38106 0.329736 1.19765 0.523767 0.818325 -0.427867 -0.93658 -1.3223 -2.21831 -3.20177 -4.277 -4.84992 -2.27323 -0.954283 0.103707 0.596673 0.870161 1.00114 0.923076 0.726567 -0.423834 0.446369 0.405605 0.319577 0.22201 0.176837 0.0900928 -0.0125452 -0.0586081 -0.0802061 -0.369008 -0.0426224 -0.0559854 -0.0573143 -0.0632324 -0.0807858 -0.107337 -0.132724 -0.161879 -0.1682 -0.185867 -0.205301 -0.220216 -0.23694 -0.252018 -0.297853
-9999 -9999 -9999 -9999 -9999 -9999 -9999 -9999 -7.1879 -3.08343 0.224742 1.94622 3.35118 3.73195 3.87006 3.25759 2.79717 1.68338 0.628875 -0.993009 -3.41778 -4.91001 -2.1591 1.83605 3.32618 3.23712 3.15822 2.37507 1.67127 1.5953 1.66356 0.855608 -0.346778 -1.93288 -2.42559 -2.98364 -1.06499 -0.809639 -0.957444 1.14608 1.14092 1.01063 0.192573 -0.709001 -0.543065 -1.10036 -0.665573 -1.33308 -0.717726 -0.184757 0.0162783 0.00287365 -0.0507102 -0.0571747 -0.0901416 -0.0385915 -0.0437098 -0.058601 -0.0729309 -0.0854752 -0.103366 -0.138752 -0.163939 -0.166278 -0.186743 -0.208233 -0.223586 -0.238297 -0.249004 -0.284542
-9999 -9999 -9999 -9999 -9999 -9999 -9999 -9999 -7.00828 -3.54971 -0.622891 1.1394 2.82387 3.2114 3.77545 3.64645 3.16531 2.19696 0.989361 -0.345901 -2.42636 -3.97158 -2.13484 0.524265 2.42789 3.13384 3.14925 3.116 2.94859 2.89323 2.6961 2.57487 1.70874 0.211697 -0.635804 -1.87973 0.258966 0.4943 0.152456 1.21279 1.14995 -0.475642 -1.72735 -1.89039 -1.12413 -1.84946 -1.97036 -2.41285 -1.90495 -0.54403 -0.937952 -0.857222 -0.223227 -0.122306 -0.062029 -0.0475306 -0.056157 -0.0648374 -0.0824472 -0.0892969 -0.0972879 -0.131756 -0.153665 -0.169923 -0.20372 -0.208908 -0.233176 -0.258962 -0.271044 -0.292895
-9999 -9999 -9999 -9999 -9999 -9999 -9999 -9999 -6.94364 -4.61047 -1.97715 0.614871 2.41387 3.13687 3.66119 3.64998 3.09252 2.60851 1.84983 0.675007 -0.130942 -1.52604 -3.43815 -0.229377 0.766732 1.6696 2.05253 2.97914 2.96924 2.5626 2.11349 2.57336 2.44985 1.26337 0.873719 0.212389 1.40079 1.39898 1.35961 1.28814 -0.0855858 -1.99201 -3.51726 -2.43324 -2.66778 -2.1541 -3.70038 -2.42405 -1.39568 -1.061 -1.75126 -2.2683 -0.647711 -0.386458 -0.230883 -0.133042 -0.0710481 -0.0927941 -0.0833257 -0.100796 -0.114505 -0.129394 -0.153258 -0.171754 -0.195568 -0.219113 -0.23109 -0.255424 -0.280539 -0.311306
-9999 -9999 -9999 -9999 -9999 -9999 -9999 -9999 -9999 -5.98526 -2.63668 0.341774 1.99845 3.03843 3.54248 3.5284 3.24117 2.91128 2.43935 1.591 0.527561 -1.14967 -2.39336 -1.60134 -0.624134 -0.489353 0.160562 2.02902 2.67439 1.78507 -0.409827 0.915848 2.38581 2.36572 2.24255 2.10257 1.92322 1.75773 1.39924 0.447492 -2.45479 -3.03357 -4.17666 -4.05455 -4.64308 -3.35552 -3.82406 -2.51832 -1.95232 -1.73824 -2.94612 -2.6699 -1.2532 -0.692738 -0.788394 -0.446619 -0.118862 -0.113629 -0.110816 -0.126949 -0.128308 -0.134762 -0.149676 -0.176508 -0.196807 -0.213706 -0.237276 -0.24925 -0.363812 -0.439712
-9999 -9999 -9999 -9999 -9999 -9999 -9999 -9999 -9999 -6.63949 -3.30956 0.197881 1.32225 2.44375 3.41052 3.42505 2.98944 2.57495 2.1485 1.66429 0.375301 -0.87344 -2.0642 -2.46218 -2.21885 -2.20144 -1.15713 1.2724 1.74991 1.55866 -0.729549 -1.51045 0.45036 2.09751 2.22819 2.07865 0.14153 0.550095 -0.498654 -1.92027 -2.31641 -2.94282 -4.25893 -3.63482 -4.59944 -4.19274 -4.27331 -3.53314 -3.17246 -2.29042 -3.34391 -3.31874 -1.92842 -1.22735 -1.2125 -0.477882 -0.219033 -0.1553 -0.14411 -0.138711 -0.14333 -0.140069 -0.155529 -0.175106 -0.198004 -0.241344 -0.332812 -0.585882 -2.00051 -2.00484
-9999 -9999 -9999 -9999 -9999 -9999 -9999 -9999 -9999 -6.2568 -3.94678 -0.835139 1.46863 1.61048 2.72806 3.30279 2.82996 2.29817 1.75452 1.51534 0.112945 -1.42621 -2.66878 -4.13824 -3.8933 -2.83331 -1.06726 0.503544 0.790351 0.474202 -0.735763 -0.143023 1.19458 1.90515 2.11478 1.94962 1.52613 1.2793 0.506203 0.167814 -0.905577 -2.5809 -3.24436 -2.83356 -4.6108 -4.49126 -3.83941 -4.50286 -3.35686 -2.80883 -4.17003 -3.07077 -1.84035 -1.21281 -0.664976 -0.407957 -0.308507 -0.154349 -0.156187 -0.14955 -0.14965 -0.159854 -0.168103 -0.202217 -0.231778 -0.388332 -0.615041 -1.92718 -2.47247 -2.37215
-9999 -9999 -9999 -9999 -9999 -9999 -9999 -9999 -9999 -5.86552 -3.7864 -1.08905 0.552522 0.843544 2.08336 3.18516 3.05774 2.50496 2.33429 1.76239 0.572815 -0.739981 -2.17372 -2.8697 -4.46986 -2.8893 -1.60236 -0.272342 0.353095 -0.633124 -1.14287 -0.229542 0.677551 1.04028 1.95419 1.94462 1.64483 0.35801 -0.271946 -0.0120253 -0.286107 -0.762454 -1.91686 -1.97315 -2.71595 -3.0258 -3.31803 -4.22212 -3.62593 -3.56788 -3.40656 -2.09185 -1.45327 -1.03119 -0.647984 -0.550614 -0.387161 -0.174266 -0.161078 -0.159892 -0.168052 -0.171557 -0.195465 -0.265513 -0.325739 -0.632432 -1.16913 -2.16383 -3.76556 -2.64362
-9999 -9999 -9999 -9999 -9999 -9999 -9999 -9999 -9999 -6.22274 -4.01457 -1.71003 -0.748405 -0.587954 1.65874 3.03287 3.03149 2.76764 2.46041 1.05219 1.13263 0.850275 -0.443242 -2.32628 -4.39348 -4.19698 -2.93885 -1.17182 -0.588295 -2.24337 -2.838 -2.39562 -1.02605 0.199169 1.47746 1.80105 1.42388 -0.577402 -2.7047 -1.72401 -0.67625 -0.68692 -1.00054 -2.07086 -2.4136 -2.72385 -3.50479 -4.80997 -4.59552 -4.23174 -2.73959 -2.27744 -1.56171 -0.968166 -1.19758 -1.07044 -0.504053 -0.18175 -0.17549 -0.176235 -0.172458 -0.18734 -0.214481 -0.345778 -0.484326 -0.711544 -2.09895 -2.96404 -4.22611 -2.76735
-9999 -9999 -9999 -9999 -9999 -9999 -9999 -9999 -9999 -6.90984 -5.30856 -3.10643 -2.22102 -0.806983 1.31581 2.35794 2.8556 2.84105 2.6353 2.0033 1.6229 0.875981 -0.469729 -2.3088 -4.35232 -5.68147 -5.0022 -2.60846 -2.03527 -3.57156 -4.36259 -3.37243 -1.91363 0.245051 1.4777 1.64281 1.52907 1.11407 -0.4399 -2.31714 -2.31505 -1.37996 -2.1705 -3.08848 -2.59001 -2.68675 -3.45785 -4.01928 -4.3235 -4.11162 -3.25453 -2.9115 -2.08461 -0.862512 -0.691445 -0.731214 -0.220261 -0.200216 -0.194362 -0.181466 -0.189002 -0.200915 -0.22375 -0.331947 -0.56514 -1.49106 -2.29923 -3.42057 -3.56493 -2.27213
-9999 -9999 -9999 -9999 -9999 -9999 -9999 -9999 -9999 -8.09098 -6.20709 -4.14488 -2.21438 -0.388313 1.18269 1.30047 2.12732 2.12274 2.5548 2.4275 1.84209 1.21282 0.0532503 -2.30943 -4.29537 -6.46064 -5.88719 -3.46124 -3.09623 -4.13933 -6.06896 -4.07314 -1.873 0.120303 1.19851 0.350831 1.21549 1.1413 0.556886 -0.562088 -2.30003 -2.2714 -3.57493 -3.63548 -2.97196 -2.7589 -2.87332 -3.29553 -3.95239 -3.81336 -3.28683 -3.16136 -2.40215 -1.45545 -0.530334 -0.379352 -0.207602 -0.205967 -0.209383 -0.201484 -0.206457 -0.232851 -0.287551 -0.400146 -1.17742 -2.10037 -2.6715 -3.45479 -3.55558 -2.07666
