Test_Spring_2018b/01_18/Temp/20180121_009.txt
ncols	170
nrows	115
xllcorner	350000.000000
yllcorner	4445000.000000
cellsize	1000.000000
nodata_value	-9999.000000
[rows 32 to 63 of 115, columns 71 to 141 of 170]
8.55285 8.52573 8.14929 8.72199 9.24901 8.91867 8.70181 9.57186 9.56792 9.26641 8.56348 8.3031 8.03325 7.86637 6.96573 4.4459 2.17391 3.38515 3.40995 2.56554 4.06833 3.26812 1.1873 -1.74848 -0.159517 -0.5787 -2.66467 -3.18184 -9999 -9999 -9999 -9999 -9999 -9999 -9999 -9999 -9999 -9999 -9999 -9999 -9999 -9999 -9999 -9999 -9999 -9999 -9999 -9999 -9999 -9999 -9999 -9999 -9999 -9999 -9999 -9999 -9999 -9999 -9999 -9999 -9999 -9999 -9999 -9999 -9999 -9999 -9999 -9999 -9999 -9999 -9999
8.23478 8.03606 7.8723 8.72521 8.7037 8.64389 8.95021 9.49007 9.5942 9.47433 9.16563 8.89789 8.61332 7.89712 6.86745 4.71038 2.12486 1.53535 2.79477 2.85131 3.05024 2.32054 1.405 -0.0249412 1.13808 1.58696 0.21382 -1.57995 -2.73306 -9999 -9999 -9999 -9999 -9999 -9999 -9999 -9999 -9999 -9999 -9999 -9999 -9999 -9999 -9999 -9999 -9999 -9999 -9999 -9999 -9999 -9999 -9999 -9999 -9999 -9999 -9999 -9999 -9999 -9999 -9999 -9999 -9999 -9999 -9999 -9999 -9999 -9999 -9999 -9999 -9999 -9999
7.7495 7.45019 6.61593 7.12852 7.51252 8.22477 8.41019 8.51404 9.5319 9.4741 9.42309 8.9832 8.63065 8.04891 7.05785 5.6484 3.95213 1.00144 2.81436 4.233 4.19239 4.11022 3.46749 2.0935 3.2349 3.28419 1.53162 -0.458324 -1.63148 -2.11939 -9999 -9999 -9999 -9999 -9999 -9999 -9999 -9999 -9999 -9999 -9999 -9999 -9999 -9999 -9999 -9999 -9999 -9999 -9999 -9999 -9999 -9999 -9999 -9999 -9999 -9999 -9999 -9999 -9999 -9999 -9999 -9999 -9999 -9999 -9999 -9999 -9999 -9999 -9999 -9999 -9999
7.07129 6.78289 5.7646 6.28031 6.96972 7.94498 8.44671 8.8288 9.1307 9.43869 9.39831 8.94829 7.62606 7.43409 7.37331 6.45017 4.51689 2.58605 2.08281 4.24905 4.86601 4.73508 5.21533 4.05067 4.59444 4.36507 3.74183 1.82579 0.0782485 -0.646898 -2.07544 -9999 -9999 -9999 -9999 -9999 -9999 -9999 -9999 -9999 -9999 -9999 -9999 -9999 -9999 -9999 -9999 -9999 -9999 -9999 -9999 -9999 -9999 -9999 -9999 -9999 -9999 -9999 -9999 -9999 -9999 -9999 -9999 -9999 -9999 -9999 -9999 -9999 -9999 -9999 -9999
-9999 -9999 -9999 5.13188 6.07238 6.8522 7.80208 8.62362 9.03374 9.43207 9.39629 8.50046 8.06047 8.01876 7.41274 6.34767 5.67769 4.46051 3.19239 3.67095 5.51748 4.68971 5.99647 5.8809 6.11721 5.23596 3.57115 1.34579 0.0457975 -0.60336 -1.76172 -9999 -9999 -9999 -9999 -9999 -9999 -9999 -9999 -9999 -9999 -9999 -9999 -9999 -9999 -9999 -9999 -9999 -9999 -9999 -9999 -9999 -9999 -9999 -9999 -9999 -9999 -9999 -9999 -9999 -9999 -9999 -9999 -9999 -9999 -9999 -9999 -9999 -9999 -9999 -9999
-9999 -9999 -9999 -9999 5.90833 6.50219 7.77726 8.43179 8.69685 9.34156 9.33973 8.99839 8.73982 8.366 7.87865 7.07732 6.19343 5.0484 4.93863 6.11828 6.12844 5.87651 6.06624 6.6698 6.50466 5.1421 2.79842 1.55629 -0.966786 -2.04825 -1.94214 -2.70971 -9999 -9999 -9999 -9999 -9999 -9999 -9999 -9999 -9999 -9999 -9999 -9999 0.15993 -9999 -9999 -9999 -9999 -9999 -9999 -9999 -9999 -9999 -9999 -9999 -9999 -9999 -9999 -9999 -9999 -9999 -9999 -9999 -9999 -4.51911 -9999 -9999 -9999 -9999 -9999
-9999 -9999 -9999 5.80528 6.60086 7.21912 8.01728 8.08921 8.56343 9.30536 9.31312 9.07023 8.79609 8.18363 8.02923 7.57155 6.61224 6.41275 6.79582 6.96982 7.16749 7.28735 7.18158 6.93039 6.60714 5.72799 4.63713 3.90355 1.59883 0.432281 -0.683443 -2.36986 -3.68988 -9999 -9999 -9999 -9999 -9999 -9999 -9999 -0.690221 -0.757056 -0.731628 -0.367137 0.647027 0.0437435 -9999 -9999 -9999 -9999 -9999 -9999 -9999 -9999 -9999 -9999 -9999 -9999 -9999 -9999 -9999 -9999 -9999 -9999 -9999 -3.59038 -4.91877 -9999 -9999 -9999 -9999
-9999 -9999 -9999 6.03083 6.86743 7.28379 8.05909 8.50154 8.78828 9.04363 9.28755 9.24312 8.94022 8.4809 8.48049 7.84834 7.50563 7.2596 7.77919 7.8783 7.66353 7.39521 7.1573 6.49321 6.41208 6.19287 5.49874 4.36249 3.19193 1.50076 -0.787237 -3.03094 -4.8413 -9999 -9999 -9999 -9999 -9999 -9999 -0.48548 0.356586 0.859185 -0.223347 0.692891 1.52986 1.39059 0.57 -9999 -9999 -9999 -9999 -9999 -9999 -9999 -9999 -9999 -9999 -9999 -9999 -9999 -9999 2.71415 1.35213 -1.39541 -2.80544 -3.65275 -4.86094 -9999 -9999 -9999 -9999
-9999 -9999 -9999 5.87198 6.86079 7.52988 8.12362 8.21648 8.82691 9.08746 9.2173 9.1989 9.13657 9.04949 8.49763 8.25816 7.42518 8.21454 8.18023 7.97495 7.17538 6.82601 5.45634 4.85085 4.71208 5.85493 5.00192 3.22623 1.00778 -1.65664 -1.83671 -2.7205 -4.33878 -9999 -9999 -9999 -9999 -9999 -9999 -0.212865 0.68802 1.43904 1.54438 0.468055 1.95882 1.89683 1.05488 0.8599 1.541 1.88395 1.61899 2.43327 2.66893 2.29521 2.6967 -9999 -9999 -9999 -9999 2.91853 2.96962 3.00728 2.43757 -0.563734 -2.61466 -4.45668 -4.62884 -9999 -9999 -9999 -9999
-9999 -9999 -9999 6.56617 7.17397 7.48019 7.52783 8.06075 8.59435 8.91794 9.15725 9.10618 9.08377 9.05999 8.86912 8.42967 8.5044 8.4651 8.20642 6.68877 4.91794 5.68303 4.62768 2.3798 4.19782 5.1948 4.22883 2.07803 -0.414975 -1.23351 -1.20611 -2.43372 -4.0095 -9999 -9999 -9999 -2.66346 -1.37085 -1.26166 -0.883391 0.319723 1.23373 1.91859 2.38492 2.36591 1.86347 1.03956 0.144527 0.456462 2.05195 2.43737 2.75986 3.00414 2.65683 2.83364 3.25756 3.47478 3.51575 3.41121 3.38436 3.41551 3.36066 2.82884 0.142437 -1.39579 -2.37839 -4.3469 -9999 -9999 -9999 -9999
-9999 -9999 -9999 6.19253 6.7208 7.14832 7.85882 7.93212 8.38178 8.64885 9.04233 9.0847 8.61552 8.99814 8.9452 8.8697 8.71303 8.4849 7.20322 5.43807 3.66837 2.84869 3.19264 1.83754 2.52506 3.53535 3.158 1.83979 -0.381659 -0.698234 -1.21745 -3.28233 -5.2676 -9999 -9999 -5.16428 -2.68077 -0.93317 -0.0335695 0.24236 0.265073 1.41773 1.50387 2.74467 2.44899 0.796187 0.976106 0.326337 0.736237 1.31987 1.47594 2.31423 3.12138 3.27051 3.26995 3.53837 3.59043 3.60096 3.59002 3.40148 3.48222 3.49144 3.15849 1.21213 0.261262 -0.784476 -4.31024 -9999 -9999 -9999 -9999
-9999 -9999 -9999 6.47302 7.06401 7.71157 7.81448 8.29375 8.24015 8.10225 8.77139 9.01234 8.68039 8.44049 8.87422 8.84051 8.77873 8.67908 7.47434 6.08059 3.97279 2.66113 1.85843 1.28592 0.524301 1.04084 0.87667 0.65836 0.899803 0.284545 -0.93551 -2.14442 -4.40562 -5.6289 -9999 -5.02061 -3.90159 -1.82244 -0.0562502 1.06333 0.65514 1.96639 2.20565 2.96058 2.50972 1.50388 1.06966 1.02608 0.889435 1.77043 2.35853 2.77318 3.04972 3.39501 3.47982 3.56516 3.59852 3.61491 3.63163 3.62327 3.61249 3.56945 3.44202 2.54519 1.59744 -0.44918 -4.18521 -9999 -9999 -9999 -9999
-9999 -9999 4.75351 6.41265 7.40564 7.78863 8.06446 8.30736 8.48258 8.66771 8.83796 8.95563 8.89998 8.02513 8.09322 8.24648 8.73764 8.69816 8.58517 7.82097 5.2572 4.36883 3.073 1.39471 0.689424 1.03425 2.40147 2.33577 1.42303 0.406484 -0.997308 -1.89305 -3.27978 -5.94017 -5.7045 -4.51157 -3.6248 -2.2128 -0.0530329 1.45958 2.13202 2.38301 2.91185 3.1839 2.56846 1.98151 1.73166 1.27339 1.20419 1.20237 1.73258 2.14403 3.06644 3.3746 3.51266 3.5815 3.61675 3.64138 3.66564 3.6716 3.65002 3.64729 3.6364 3.56828 2.30626 -0.84572 -3.21961 -9999 -9999 -9999 -9999
-9999 -9999 -9999 6.11314 6.5485 6.66067 6.85887 7.26717 7.73828 8.40774 8.49164 8.85856 8.85325 8.09794 7.22699 7.9796 8.27611 8.58325 8.58808 8.4855 6.33132 5.20175 4.31139 2.70196 3.27494 3.82009 3.85725 3.52104 1.56893 -0.375128 -2.61618 -4.70968 -4.81344 -5.94248 -5.35172 -4.56473 -2.53945 -1.1153 -0.540069 -0.128271 2.0667 2.63457 2.82649 3.38444 2.61143 2.41154 1.82923 1.99541 1.93961 1.93766 0.334117 1.93153 2.02141 3.06127 3.52517 3.62709 3.65216 3.67923 3.68044 3.68281 3.6744 3.68141 3.66283 3.64274 2.82159 -1.17531 -3.18218 -9999 -9999 -9999 -9999
-9999 -9999 -9999 -9999 -9999 6.2553 6.58708 6.79902 7.16745 8.30162 8.6051 8.80581 8.8204 8.48241 7.61934 7.38976 7.54349 6.70109 7.39829 8.35355 8.32508 8.20406 6.30902 5.33646 6.26799 5.97867 4.55304 3.43021 2.32209 0.0467305 -1.62018 -4.01895 -5.82113 -5.89267 -3.91175 -2.26765 -0.218181 0.684157 0.164984 0.719486 1.80797 3.04439 3.63969 3.49326 2.67867 2.55982 1.66472 2.53386 2.6034 2.1914 1.83462 1.96854 2.48023 2.67245 3.48493 3.67826 3.70835 3.71079 3.71045 3.70331 3.69508 3.68211 3.67043 3.65607 3.61642 -0.491854 -3.68742 -9999 -9999 -9999 -9999
-9999 -9999 -9999 -9999 -9999 5.47502 5.67631 6.20899 7.58029 8.29739 8.58541 8.573 8.70459 8.46535 7.70612 6.92652 6.19098 5.24328 5.77909 7.20294 8.04045 8.13165 6.46998 7.32685 6.99927 6.3582 4.49515 3.12104 2.39054 0.205884 -1.66523 -3.26253 -5.4663 -4.52923 -3.49668 -2.16924 0.0666737 1.57436 2.1916 1.6668 2.36116 3.78469 3.78812 3.00243 3.04821 2.567 1.34572 2.6064 2.9573 2.66477 2.73389 2.62063 2.80779 3.15316 3.48351 3.70176 3.72742 3.72652 3.71544 3.71138 3.70879 3.68982 3.68808 3.67381 3.65032 0.997767 -3.73977 -9999 -9999 -9999 -9999
-9999 -9999 -9999 -9999 -9999 -9999 4.76369 5.98187 7.80287 8.25316 8.20936 8.58316 8.61282 8.2471 7.92901 6.98347 5.69267 3.21634 3.84231 5.15273 7.04401 8.03583 7.89695 7.33731 6.36994 4.03578 1.99251 1.74046 1.40232 -0.193209 -1.63517 -3.41061 -2.38837 -1.26806 -0.0418867 0.600703 0.429349 1.72069 2.77279 2.32088 3.17366 4.16891 3.71129 3.43861 3.20881 2.65356 2.61527 2.66752 3.38118 2.87846 3.17882 3.18032 3.15789 3.32322 3.51448 3.71589 3.74511 3.74126 3.74071 3.71308 3.71813 3.7032 3.6887 3.67544 3.65502 3.41293 0.860426 -0.666186 -9999 -9999 -9999
-9999 -9999 -9999 -9999 -9999 -9999 3.64619 4.25258 6.40954 7.07395 8.02535 8.52912 8.54955 7.93411 7.58987 6.18252 5.72358 3.43287 2.39332 3.26819 2.92773 5.5336 7.83898 7.33104 2.66433 0.97121 -0.237682 0.0673031 0.0659068 -0.381276 -2.83322 -3.51217 -1.32426 0.052012 1.1176 1.92514 2.09061 2.05917 3.707 3.92248 4.45509 4.33437 4.37978 3.54161 3.02099 3.46612 2.94139 2.84755 3.58503 2.8484 3.50465 3.4204 3.21663 3.20117 3.632 3.71544 3.75734 3.75582 3.7347 3.70916 3.69311 3.70425 3.695 3.66842 3.66744 3.64165 3.33675 2.01472 1.55157 2.06123 -9999
-9999 -9999 -9999 -9999 -9999 -9999 -9999 2.24725 5.2457 6.61416 7.33177 8.34313 8.46242 8.13457 7.54053 6.1069 4.84578 2.79771 0.459229 -0.78199 2.91601 6.134 7.81163 7.58554 3.70035 2.16442 2.08912 2.98694 2.22153 1.64004 -0.224185 -0.784257 -1.56103 -1.08876 0.398219 1.61198 2.78263 3.63285 3.69902 4.2496 4.56332 4.58539 4.68084 4.57841 4.49383 3.68401 4.23496 3.75853 4.00381 3.83761 3.687 3.55579 3.09035 3.41046 3.69349 3.76288 3.78104 3.759 3.75077 3.73488 3.70468 3.68888 3.68437 3.67928 3.66236 3.66012 3.64446 3.49477 2.69865 1.63336 0.287876
-9999 -9999 -9999 -9999 -9999 -9999 -9999 0.75647 3.74012 5.17647 7.0259 7.97713 8.3613 8.3066 7.82452 6.73433 5.09531 3.72943 1.11933 -1.59066 2.29071 5.74739 7.61144 7.70665 4.44008 5.34018 4.60531 4.89603 3.55406 2.99419 2.55098 1.58631 0.531842 -0.620832 -1.23242 1.49695 2.89663 4.02239 4.55132 4.84878 4.99543 4.91066 4.7 3.48175 4.40265 4.34784 4.2509 4.14033 4.08419 3.98327 3.86521 3.7925 3.7636 3.45285 3.79453 3.78134 3.78082 3.77766 3.7643 3.74326 3.72486 3.70335 3.6997 3.6853 3.67117 3.66087 3.6553 3.64366 3.59811 3.38511 1.57881
-9999 -9999 -9999 -9999 -9999 -9999 -9999 -3.43142 0.910345 4.40122 6.22139 7.70309 8.10718 8.25575 7.61021 7.12653 5.95063 4.83703 3.121 0.552369 -1.03039 1.87452 6.09992 7.65345 7.52655 7.42504 6.57612 5.81067 5.71045 5.76361 4.87361 3.57921 1.8875 1.35718 0.761431 2.79319 3.06527 2.91256 5.14727 5.14857 5.01753 4.15717 3.19404 3.3719 2.77236 3.22151 2.50909 3.15475 3.71209 3.91699 3.89436 3.81369 3.80019 3.7609 3.8155 3.80895 3.79403 3.78179 3.77342 3.76113 3.73166 3.71385 3.72057 3.6985 3.68295 3.66731 3.66428 3.65742 3.62304 3.59152 3.31181
-9999 -9999 -9999 -9999 -9999 -9999 -9999 -3.23455 0.417461 3.5136 5.37044 7.1541 7.56502 8.16438 8.03039 7.52392 6.50128 5.22466 3.81172 1.60756 -0.0314518 1.91089 4.71417 6.72126 7.43677 7.42311 7.37073 7.17559 7.09419 6.86746 6.70494 5.77437 4.17658 3.27144 1.94897 4.21365 4.46396 4.10484 5.2332 5.17237 3.45586 2.13514 1.96701 2.76557 1.99717 1.85729 1.37485 1.90749 3.34311 2.91937 2.99695 3.64389 3.74581 3.80902 3.8219 3.81188 3.8036 3.78773 3.78507 3.7828 3.75373 3.73878 3.73014 3.70275 3.69332 3.67381 3.66 3.6453 3.62567 3.59658 3.51523
-9999 -9999 -9999 -9999 -9999 -9999 -9999 -3.1495 -0.696414 2.0894 4.82467 6.72969 7.49581 8.05256 8.04272 7.45458 6.94435 6.14267 4.89914 4.04514 2.56511 0.535188 3.92942 4.96687 5.89145 6.28106 7.24633 7.21842 6.76987 6.24617 6.72008 6.57521 5.30912 4.88965 4.18469 5.44219 5.44071 5.40135 5.32944 3.8785 1.8634 0.251919 1.40454 1.15864 1.68464 0.0340602 1.3861 2.47051 2.81871 2.07121 1.51646 3.20894 3.48481 3.64653 3.74825 3.81338 3.79137 3.80408 3.78986 3.78105 3.77212 3.75443 3.74274 3.72531 3.70767 3.68782 3.67578 3.65423 3.6303 3.62633 3.58016
-9999 -9999 -9999 -9999 -9999 -9999 -9999 -9999 -2.13628 1.39698 4.55017 6.3039 7.40528 7.93976 7.926 7.62328 7.27549 6.77689 5.87869 4.75141 2.97219 1.65055 2.48405 3.50041 3.60978 4.28497 6.25025 6.91876 5.96083 3.59875 4.98599 6.53291 6.50274 6.36538 6.21242 6.01503 5.83968 5.46146 4.45588 1.38422 0.779621 -0.427586 -0.294784 -0.916137 0.42712 -0.082624 1.29776 1.89307 2.11449 0.828441 1.09363 2.59291 3.18294 3.07849 3.43865 3.78084 3.78757 3.79317 3.78008 3.7839 3.78331 3.77442 3.75758 3.74354 3.73268 3.6987 3.70018 3.5839 3.50752 3.35493 3.53839
-9999 -9999 -9999 -9999 -9999 -9999 -9999 -9999 -2.83113 0.694075 4.40826 5.59813 6.78584 7.81037 7.82647 7.36595 6.92788 6.47686 5.96399 4.59736 3.27208 2.00671 1.57971 1.83051 1.80343 2.89819 5.45981 5.95237 5.73611 3.27027 2.43208 4.50044 6.23797 6.3703 6.20755 4.15243 4.58469 3.47424 1.9699 1.55303 0.8925 -0.498969 0.165003 -0.855424 -0.423895 -0.546933 0.234725 0.613261 1.54344 0.422069 0.421784 1.89396 2.63392 2.64741 3.42451 3.69858 3.76715 3.78137 3.79075 3.79068 3.79991 3.78996 3.77598 3.75847 3.71898 3.62788 3.34824 1.86339 1.86303 2.26795 2.65093
-9999 -9999 -9999 -9999 -9999 -9999 -9999 -9999 -2.41609 0.0290295 3.32428 5.76415 5.91382 7.09801 7.70742 7.20702 6.64416 6.06846 5.81484 4.32776 2.69467 1.37457 -0.187393 0.0658467 1.1813 3.00373 4.65701 4.9492 4.60233 3.27939 3.8982 5.30738 6.05341 6.27008 6.09115 5.64001 5.37754 4.55869 4.20149 3.06614 1.29326 0.592552 1.02979 -0.852235 -0.725263 -0.035288 -0.779768 0.431628 1.00873 -0.437737 0.702791 2.00422 2.66715 3.2462 3.51786 3.62349 3.78814 3.78858 3.79908 3.80341 3.79783 3.79487 3.7648 3.73956 3.57951 3.34464 1.95894 1.37777 1.48846 2.12543 2.68281
-9999 -9999 -9999 -9999 -9999 -9999 -9999 -9999 -1.99183 0.20928 3.066 4.8045 5.11237 6.42606 7.5938 7.45914 6.87369 6.69287 6.08637 4.82461 3.43133 1.9088 1.16684 -0.534485 1.13346 2.44783 3.84731 4.4998 3.41265 2.86373 3.82349 4.77756 5.15589 6.11951 6.10583 5.78589 4.42125 3.7537 4.02994 3.74089 3.23778 2.01614 1.95781 1.17147 0.843188 0.532741 -0.468521 0.160856 0.219496 0.387179 1.75646 2.43157 2.8776 3.28294 3.38604 3.55994 3.7871 3.80354 3.80812 3.80359 3.80463 3.78451 3.71574 3.6574 3.33771 2.77393 1.72432 0.0226367 1.21601 2.46396 2.83511
-9999 -9999 -9999 -9999 -9999 -9999 -9999 -9999 -2.36054 -0.0220552 2.41893 3.43728 3.60701 5.98774 7.44402 7.44277 7.16329 6.83752 5.3446 5.42847 5.12708 3.75325 1.75369 -0.442061 -0.240071 1.05942 2.90716 3.51644 1.72091 1.08317 1.54493 2.99001 4.28308 5.63343 5.97318 5.57142 3.44964 1.19516 2.23474 3.34585 3.3356 3.00431 1.87093 1.50811 1.17917 0.350813 -1.04994 -0.85172 -0.468504 1.08768 1.5764 2.33399 2.96243 2.71927 2.85449 3.4558 3.79917 3.80836 3.81081 3.81867 3.80726 3.78322 3.649 3.50712 3.27115 1.80551 0.892981 -0.432743 1.10056 1.95023 2.40251
-9999 -9999 -9999 -9999 -9999 -9999 -9999 -9999 -3.07859 -1.38259 0.950396 1.88839 3.38681 5.63643 6.74099 7.26855 7.25315 7.0348 6.36428 5.95972 5.166 3.73692 1.78414 -0.386195 -1.80039 -1.08707 1.39823 1.98566 0.32818 -0.516783 0.526294 2.06673 4.34964 5.65217 5.82439 5.702 5.26115 3.61406 1.62492 1.62756 2.61903 1.78187 0.809478 1.3377 1.23477 0.416758 -0.179564 -0.54822 -0.326938 0.5582 0.921263 1.79727 3.09238 3.27417 3.23304 3.77603 3.79939 3.80827 3.82515 3.82083 3.81224 3.79234 3.68212 3.43947 2.46267 1.61046 0.426138 0.276785 1.64132 2.23859 2.79355
-9999 -9999 -9999 -9999 -9999 -9999 -9999 -9999 -4.3199 -2.32385 -0.138584 1.90731 3.84272 5.50792 5.6332 6.5097 6.50489 6.96238 6.82658 6.20471 5.53561 4.30376 1.79619 -0.312966 -2.61289 -2.01131 0.524935 0.853172 -0.258701 -2.30953 -0.200138 2.1265 4.23476 5.37414 4.47354 5.38817 5.30857 4.68884 3.50303 1.66155 1.69212 0.310983 0.246787 0.94958 1.17469 1.05241 0.603635 -0.111713 0.00444175 0.540336 0.673301 1.47808 2.48188 3.46323 3.6247 3.80864 3.81277 3.81198 3.82357 3.82183 3.79764 3.74363 3.62834 2.80872 1.83467 1.23329 0.406941 0.303615 1.88155 2.50608 2.85368
-9999 -9999 -9999 -9999 -9999 -9999 -9999 -9999 -9999 -2.52171 -0.263972 1.40572 1.85267 3.33243 4.12975 4.74589 4.87955 6.64454 6.73829 6.34262 5.72764 4.6764 2.77267 1.44509 -0.76115 -2.34803 -1.70458 -1.40572 -0.827925 -1.00344 -0.0648517 2.17088 4.5003 4.75082 3.26443 3.47986 3.7859 4.47685 4.12003 1.61233 0.336105 -0.724036 0.021498 0.805954 0.99232 1.02594 0.869091 0.687153 0.379962 1.43075 2.20716 2.38383 3.06037 3.55882 3.69356 3.79415 3.80316 3.81248 3.80892 3.77593 3.75102 3.62121 3.33489 2.41832 0.219206 0.318042 0.0768828 -0.609756 0.930783 1.89944 2.76785
-9999 -9999 -9999 -9999 -9999 -9999 -9999 -9999 -9999 -3.26746 -0.654607 -0.105507 -0.150154 -1.02002 -0.624896 2.5828 3.22571 4.9182 6.52056 6.39879 5.79531 4.81144 3.67604 1.92028 -0.560543 -2.53253 -3.36394 -1.25404 0.81986 1.24547 1.90567 3.27423 3.53115 2.01228 0.587657 1.38127 1.85762 3.68403 4.01385 3.65365 2.14081 0.411627 -0.493285 0.564675 0.701924 0.76087 0.768654 0.730314 0.681676 1.86659 2.5205 2.97284 3.21724 3.64471 3.75114 3.78258 3.81201 3.80043 3.77442 3.7025 3.62123 3.27614 2.85916 1.35999 0.109447 -0.671832 -1.66251 0.557575 1.21346 2.12561 2.70952
