Test_Spring_2018b/01_18/Temp/20180130_022.txt
ncols	170
nrows	115
xllcorner	350000.000000
yllcorner	4445000.000000
cellsize	1000.000000
nodata_value	-9999.000000
[rows 31 to 61 of 115, columns 71 to 141 of 170]
6.20338 6.39433 6.02845 6.06317 6.94371 7.13736 7.1238 7.05149 6.96832 6.55322 6.41419 6.08705 5.51103 5.26948 4.24506 0.933322 1.87073 2.23754 1.27792 1.81474 2.68828 1.93019 -0.322252 -1.29089 -2.85218 -2.33193 -2.78954 -4.04401 -9999 -9999 -9999 -9999 -9999 -9999 -9999 -9999 -9999 -9999 -9999 -9999 -9999 -9999 -9999 -9999 -9999 -9999 -9999 -9999 -9999 -9999 -9999 -9999 -9999 -9999 -9999 -9999 -9999 -9999 -9999 -9999 -9999 -9999 -9999 -9999 -9999 -9999 -9999 -9999 -9999 -9999 -9999
6.01465 5.99054 5.63808 6.17837 6.67582 6.37961 6.18602 7.00412 7.00386 6.72371 6.066 5.82445 5.57399 5.42038 4.57676 2.21052 0.0775215 1.22058 1.24816 0.458703 1.87709 1.13012 -0.820693 -3.57504 -2.07366 -2.46042 -4.37862 -4.83696 -9999 -9999 -9999 -9999 -9999 -9999 -9999 -9999 -9999 -9999 -9999 -9999 -9999 -9999 -9999 -9999 -9999 -9999 -9999 -9999 -9999 -9999 -9999 -9999 -9999 -9999 -9999 -9999 -9999 -9999 -9999 -9999 -9999 -9999 -9999 -9999 -9999 -9999 -9999 -9999 -9999 -9999 -9999
5.7068 5.52135 5.36894 6.17276 6.15434 6.11327 6.41116 6.91859 7.0199 6.91051 6.62349 6.37496 6.1106 5.44037 4.47542 2.45035 0.0225472 -0.527851 0.660896 0.718769 0.910977 0.230323 -0.624647 -1.96294 -0.862286 -0.432892 -1.69091 -3.33913 -4.4056 -9999 -9999 -9999 -9999 -9999 -9999 -9999 -9999 -9999 -9999 -9999 -9999 -9999 -9999 -9999 -9999 -9999 -9999 -9999 -9999 -9999 -9999 -9999 -9999 -9999 -9999 -9999 -9999 -9999 -9999 -9999 -9999 -9999 -9999 -9999 -9999 -9999 -9999 -9999 -9999 -9999 -9999
5.24134 4.9614 4.17849 4.66232 5.0253 5.71775 5.89083 5.99187 6.95242 6.90133 6.85655 6.44603 6.11766 5.57381 4.64511 3.32312 1.73159 -1.03933 0.669977 2.00889 1.97588 1.90424 1.30585 0.0201861 1.10048 1.15399 -0.441673 -2.28466 -3.37907 -3.82927 -9999 -9999 -9999 -9999 -9999 -9999 -9999 -9999 -9999 -9999 -9999 -9999 -9999 -9999 -9999 -9999 -9999 -9999 -9999 -9999 -9999 -9999 -9999 -9999 -9999 -9999 -9999 -9999 -9999 -9999 -9999 -9999 -9999 -9999 -9999 -9999 -9999 -9999 -9999 -9999 -9999
4.59414 4.32459 3.36874 3.85562 4.50591 5.43394 5.91703 6.27887 6.56604 6.85886 6.82397 6.40379 5.16336 4.98593 4.932 4.06726 2.25281 0.440973 -0.0279082 2.01414 2.59963 2.48223 2.94005 1.85134 2.36967 2.16119 1.60495 -0.15783 -1.78085 -2.45426 -3.78951 -9999 -9999 -9999 -9999 -9999 -9999 -9999 -9999 -9999 -9999 -9999 -9999 -9999 -9999 -9999 -9999 -9999 -9999 -9999 -9999 -9999 -9999 -9999 -9999 -9999 -9999 -9999 -9999 -9999 -9999 -9999 -9999 -9999 -9999 -9999 -9999 -9999 -9999 -9999 -9999
-9999 -9999 -9999 2.76647 3.66164 4.39292 5.30179 6.07677 6.46565 6.84331 6.81261 5.97301 5.56208 5.52578 4.9589 3.96055 3.33406 2.19334 1.00515 1.4601 3.20204 2.42946 3.66476 3.56287 3.79226 2.97091 1.44156 -0.619069 -1.82126 -2.42322 -3.50448 -9999 -9999 -9999 -9999 -9999 -9999 -9999 -9999 -9999 -9999 -9999 -9999 -9999 -9999 -9999 -9999 -9999 -9999 -9999 -9999 -9999 -9999 -9999 -9999 -9999 -9999 -9999 -9999 -9999 -9999 -9999 -9999 -9999 -9999 -9999 -9999 -9999 -9999 -9999 -9999
-9999 -9999 -9999 -9999 3.49843 4.0551 5.25709 5.88714 6.13955 6.74879 6.74984 6.43149 6.19093 5.84205 5.38655 4.63603 3.80823 2.73529 2.63646 3.75082 3.76591 3.53509 3.72015 4.29486 4.14703 2.89524 0.705585 -0.453558 -2.78352 -3.79199 -3.68415 -4.39848 -9999 -9999 -9999 -9999 -9999 -9999 -9999 -9999 -9999 -9999 -9999 -9999 -1.59066 -9999 -9999 -9999 -9999 -9999 -9999 -9999 -9999 -9999 -9999 -9999 -9999 -9999 -9999 -9999 -9999 -9999 -9999 -9999 -9999 -5.71997 -9999 -9999 -9999 -9999 -9999
-9999 -9999 -9999 3.38133 4.13609 4.72067 5.4743 5.55679 6.00477 6.70532 6.71517 6.48914 6.23365 5.66003 5.51736 5.08977 4.19085 4.00703 4.37168 4.54037 4.73198 4.85107 4.75857 4.52984 4.23375 3.44179 2.42551 1.7451 -0.391349 -1.46907 -2.51031 -4.08893 -5.32357 -9999 -9999 -9999 -9999 -9999 -9999 -9999 -2.44792 -2.50076 -2.46572 -2.1107 -1.14369 -1.6969 -9999 -9999 -9999 -9999 -9999 -9999 -9999 -9999 -9999 -9999 -9999 -9999 -9999 -9999 -9999 -9999 -9999 -9999 -9999 -4.85506 -6.09721 -9999 -9999 -9999 -9999
-9999 -9999 -9999 3.58768 4.37798 4.77291 5.50518 5.92417 6.207 6.44978 6.68148 6.64179 6.3589 5.92893 5.93072 5.33875 5.01946 4.79173 5.28474 5.38308 5.18703 4.94137 4.72502 4.10847 4.04063 3.86911 3.22659 2.16807 1.07689 -0.473934 -2.61763 -4.72052 -6.41664 -9999 -9999 -9999 -9999 -9999 -9999 -2.27778 -1.47695 -0.994069 -2.00057 -1.12604 -0.324839 -0.440702 -1.16705 -9999 -9999 -9999 -9999 -9999 -9999 -9999 -9999 -9999 -9999 -9999 -9999 -9999 -9999 1.04097 -0.234345 -2.81231 -4.13198 -4.92198 -6.05091 -9999 -9999 -9999 -9999
-9999 -9999 -9999 3.42926 4.363 4.99585 5.55755 5.64787 6.22299 6.4817 6.60586 6.59029 6.53324 6.45292 5.93569 5.71264 4.932 5.67782 5.64985 5.46203 4.71623 4.39471 3.11447 2.5536 2.45555 3.54141 2.75024 1.09106 -0.985015 -3.47229 -3.61403 -4.43818 -5.95402 -9999 -9999 -9999 -9999 -9999 -9999 -2.03534 -1.17924 -0.462532 -0.351452 -1.3501 0.0668967 0.0518938 -0.721682 -0.886501 -0.227499 0.113037 -0.0997196 0.69379 0.928344 0.588236 0.975615 -9999 -9999 -9999 -9999 1.21608 1.26891 1.30923 0.778668 -2.03817 -3.96066 -5.68607 -5.82692 -9999 -9999 -9999 -9999
-9999 -9999 -9999 4.07316 4.64892 4.94077 4.98909 5.49337 5.99627 6.31316 6.53753 6.491 6.47121 6.45007 6.27197 5.86047 5.93312 5.89931 5.66007 4.23784 2.57849 3.30502 2.32419 0.221463 1.9612 2.91077 2.01423 0.00305723 -2.33055 -3.08182 -3.03004 -4.17773 -5.65807 -9999 -9999 -9999 -4.37524 -3.15507 -3.04691 -2.68443 -1.54469 -0.67515 -0.0131982 0.439701 0.447146 0.00831162 -0.746687 -1.5682 -1.25472 0.265346 0.646469 0.995714 1.23911 0.924284 1.09791 1.50481 1.71587 1.75999 1.66638 1.64528 1.67854 1.63102 1.1353 -1.38183 -2.82228 -3.73942 -5.57864 -9999 -9999 -9999 -9999
-9999 -9999 -9999 3.71521 4.21642 4.6225 5.2903 5.36238 5.78795 6.04 6.42048 6.46147 6.02111 6.38173 6.33289 6.26325 6.11794 5.9063 4.70489 3.04994 1.39186 0.62833 0.961337 -0.303458 0.371939 1.33437 0.998415 -0.231114 -2.30904 -2.59642 -3.06848 -4.98853 -6.85019 -9999 -9999 -6.7421 -4.40328 -2.75597 -1.9051 -1.63929 -1.60985 -0.515777 -0.422647 0.758403 0.503908 -1.01723 -0.827531 -1.40592 -0.998525 -0.427817 -0.261593 0.560397 1.34335 1.49568 1.50525 1.7659 1.82138 1.83642 1.83024 1.6564 1.73557 1.74766 1.43841 -0.387421 -1.27618 -2.24313 -5.55808 -9999 -9999 -9999 -9999
-9999 -9999 -9999 3.96902 4.52931 5.14239 5.24279 5.69661 5.64721 5.51845 6.14965 6.38439 6.07268 5.84741 6.2558 6.22504 6.16862 6.07756 4.94839 3.64274 1.66686 0.440969 -0.304201 -0.832419 -1.52023 -1.02175 -1.16344 -1.35635 -1.11744 -1.67848 -2.80972 -3.93904 -6.04802 -7.19471 -9999 -6.61752 -5.56277 -3.60445 -1.93927 -0.880545 -1.25657 -0.0133006 0.224173 0.954631 0.548475 -0.363469 -0.746369 -0.76525 -0.871531 -0.0211011 0.565074 0.989085 1.26502 1.61007 1.7002 1.78866 1.82629 1.84636 1.86554 1.86041 1.85276 1.81497 1.69841 0.859129 -0.0186583 -1.93639 -5.44842 -9999 -9999 -9999 -9999
-9999 -9999 2.33254 3.90408 4.84273 5.20725 5.47044 5.70206 5.86941 6.04433 6.20488 6.31685 6.27017 5.44735 5.51146 5.65614 6.11939 6.08466 5.98208 5.26847 2.86392 2.0368 0.82857 -0.739249 -1.37474 -1.03692 0.262373 0.213762 -0.632061 -1.57639 -2.8804 -3.70868 -5.00674 -7.49596 -7.27219 -6.14876 -5.31324 -3.98312 -1.94849 -0.520629 0.119342 0.365482 0.879535 1.15161 0.59647 0.0783469 -0.133568 -0.540836 -0.582052 -0.560217 -0.0388312 0.382508 1.27885 1.58285 1.72887 1.80179 1.84095 1.86829 1.89392 1.90152 1.88294 1.88233 1.87473 1.82068 0.639577 -2.32006 -4.55074 -9999 -9999 -9999 -9999
-9999 -9999 -9999 3.61457 4.02907 4.13909 4.32941 4.71667 5.16231 5.79273 5.87314 6.21915 6.21401 5.50697 4.68762 5.39561 5.67549 5.96651 5.97459 5.88317 3.86489 2.811 1.98345 0.480847 1.04747 1.57437 1.62353 1.3212 -0.501459 -2.31749 -4.40879 -6.36889 -6.45943 -7.51249 -6.94901 -6.20801 -4.3025 -2.96166 -2.41782 -2.0257 0.0458327 0.592379 0.790755 1.33273 0.625518 0.47207 -0.0511864 0.130209 0.10306 0.126261 -1.35757 0.17975 0.283399 1.27788 1.73465 1.84224 1.87158 1.90079 1.90415 1.90769 1.90078 1.90865 1.89757 1.88152 1.11437 -2.63804 -4.52316 -9999 -9999 -9999 -9999
-9999 -9999 -9999 -9999 -9999 3.75074 4.0668 4.26944 4.61853 5.686 5.97285 6.16244 6.17653 5.85878 5.04819 4.83224 4.97762 4.18737 4.84685 5.75041 5.73055 5.62528 3.85312 2.96311 3.85354 3.59619 2.27021 1.22863 0.200209 -1.92694 -3.47817 -5.72512 -7.41282 -7.47475 -5.6081 -4.05618 -2.12847 -1.27891 -1.7648 -1.2389 -0.204723 0.969544 1.54407 1.42406 0.678384 0.60163 -0.214766 0.62883 0.72071 0.359465 0.0493323 0.210884 0.712122 0.910182 1.68851 1.88135 1.92112 1.92684 1.92827 1.92231 1.91499 1.90543 1.89668 1.88661 1.85417 -2.0031 -5.00585 -9999 -9999 -9999 -9999
-9999 -9999 -9999 -9999 -9999 3.01009 3.20346 3.70777 5.00001 5.67526 5.94755 5.93667 6.06073 5.83575 5.12172 4.38894 3.69787 2.80857 3.31593 4.66015 5.45467 5.549 3.99639 4.82669 4.53325 3.94537 2.20833 0.930753 0.257784 -1.78375 -3.52692 -5.01993 -7.08518 -6.19853 -5.22382 -3.97323 -1.86848 -0.449961 0.132961 -0.35532 0.305823 1.65601 1.67399 0.952988 1.01677 0.599505 -0.523031 0.689459 1.04668 0.798569 0.889759 0.819256 1.01593 1.35856 1.68388 1.90038 1.93235 1.93707 1.92812 1.92469 1.92309 1.90617 1.90639 1.89609 1.8786 -0.609796 -5.06257 -9999 -9999 -9999 -9999
-9999 -9999 -9999 -9999 -9999 -9999 2.33859 3.48756 5.20271 5.62705 5.58729 5.93964 5.96787 5.62396 5.32479 4.43577 3.22261 0.895641 1.48772 2.72517 4.51061 5.45183 5.33122 4.82928 3.93412 1.754 -0.152486 -0.374755 -0.678629 -2.166 -3.50549 -5.1659 -4.19714 -3.13805 -1.98119 -1.37462 -1.53453 -0.319216 0.672546 0.252468 1.06245 2.00974 1.59404 1.35544 1.16004 0.673174 0.6633 0.739507 1.43812 0.992612 1.30159 1.3392 1.33908 1.51267 1.70743 1.90827 1.94369 1.94473 1.94602 1.92049 1.92552 1.91218 1.90016 1.89057 1.87576 1.65409 -0.74382 -2.17143 -9999 -9999 -9999
-9999 -9999 -9999 -9999 -9999 -9999 1.28123 1.85479 3.88588 4.51159 5.40782 5.88248 5.90211 5.32347 5.00007 3.67671 3.24587 1.09322 0.119514 0.947251 0.633702 3.09263 5.27048 4.81712 0.442653 -1.13487 -2.25691 -1.9555 -1.94282 -2.35031 -4.6396 -5.26875 -3.20361 -1.90364 -0.897602 -0.135708 0.0218734 -0.00684528 1.54453 1.7535 2.26229 2.15989 2.21698 1.44626 0.977017 1.43072 0.963008 0.901487 1.6222 0.956464 1.59994 1.55687 1.38616 1.38974 1.80986 1.89985 1.94732 1.95098 1.93292 1.90881 1.89524 1.90639 1.89922 1.87698 1.88029 1.86186 1.5775 0.342128 -0.0840904 0.405838 -9999
-9999 -9999 -9999 -9999 -9999 -9999 -9999 -0.037441 2.78499 4.07281 4.74924 5.7014 5.81418 5.50673 4.94822 3.60037 2.41529 0.490942 -1.70548 -2.86628 0.617906 3.6522 5.2393 5.05107 1.41104 -0.0191717 -0.0756199 0.782895 0.0767092 -0.457357 -2.19393 -2.71129 -3.43417 -2.98415 -1.58048 -0.435155 0.666949 1.46779 1.53203 2.0533 2.3607 2.39234 2.49611 2.41676 2.35693 1.62997 2.17306 1.75093 2.00796 1.87793 1.76191 1.6744 1.25721 1.57611 1.8571 1.93389 1.96033 1.94419 1.93858 1.9239 1.89457 1.88483 1.88218 1.88013 1.86834 1.87188 1.85922 1.72612 0.986479 -0.00504886 -1.25902
-9999 -9999 -9999 -9999 -9999 -9999 -9999 -1.44565 1.36282 2.71445 4.45539 5.35098 5.71422 5.6632 5.21026 4.18566 2.64543 1.36281 -1.08899 -3.63361 0.0211714 3.28419 5.04614 5.14579 2.10122 2.96124 2.28383 2.57078 1.32184 0.80768 0.407428 -0.490526 -1.47449 -2.55067 -3.11864 -0.549492 0.768612 1.82916 2.32912 2.61272 2.75639 2.6891 2.5114 1.38197 2.26684 2.24933 2.18191 2.10264 2.07501 2.00522 1.9187 1.88575 1.87839 1.6035 1.943 1.94079 1.94797 1.94995 1.93998 1.92098 1.90332 1.88227 1.88576 1.87852 1.86931 1.86511 1.86152 1.85793 1.82376 1.63329 -0.0545768
-9999 -9999 -9999 -9999 -9999 -9999 -9999 -5.39023 -1.30459 1.97884 3.69243 5.08888 5.4698 5.61025 5.00391 4.55001 3.44558 2.40039 0.789502 -1.6222 -3.10564 -0.3682 3.61309 5.09049 4.99863 4.91584 4.13035 3.42328 3.34148 3.40328 2.58273 1.37713 -0.206374 -0.69416 -1.25051 0.663245 0.921627 0.78055 2.88533 2.89089 2.77369 1.9727 1.08395 1.26538 0.729776 1.18552 0.537843 1.16828 1.7161 1.93246 1.9343 1.89322 1.90469 1.88388 1.94832 1.95267 1.9465 1.94032 1.93562 1.92553 1.89818 1.88133 1.88771 1.87843 1.86706 1.86343 1.86175 1.86229 1.83814 1.81776 1.56489
-9999 -9999 -9999 -9999 -9999 -9999 -9999 -5.21149 -1.77615 1.13789 2.88811 4.56694 4.95455 5.51925 5.39432 4.91931 3.95927 2.76095 1.4352 -0.633779 -2.17029 -0.337704 2.305 4.2008 4.90185 4.9079 4.87062 4.69907 4.6364 4.43456 4.29836 3.43201 1.94393 1.09826 -0.140964 1.99253 2.2312 1.89677 2.96176 2.90942 1.30148 0.0676236 -0.080169 0.692119 -0.0146709 -0.113069 -0.534916 -0.0123934 1.35975 0.987474 1.08244 1.72573 1.83925 1.91431 1.93918 1.94013 1.94032 1.93113 1.93239 1.93248 1.90632 1.89298 1.88566 1.86131 1.86847 1.85471 1.84199 1.84189 1.83109 1.81233 1.74523
-9999 -9999 -9999 -9999 -9999 -9999 -9999 -5.13983 -2.82981 -0.207663 2.36902 4.16215 4.88405 5.40896 5.40108 4.84954 4.37164 3.62016 2.45378 1.65451 0.267339 -1.63608 1.56255 2.54527 3.44317 3.82121 4.74072 4.72634 4.31623 3.84762 4.30288 4.18427 3.00052 2.61195 1.95399 3.14095 3.14357 3.11059 3.04747 1.68833 -0.200093 -1.70733 -0.613241 -0.832389 -0.312862 -1.83247 -0.540176 0.500811 0.850046 0.178268 -0.323056 1.30282 1.57984 1.74618 1.85409 1.92551 1.91287 1.93091 1.92189 1.91657 1.91019 1.89512 1.88573 1.87139 1.85769 1.85904 1.84761 1.83335 1.81526 1.81996 1.79324
-9999 -9999 -9999 -9999 -9999 -9999 -9999 -9999 -4.19248 -0.864355 2.10307 3.75419 4.79169 5.296 5.28478 5.00198 4.67709 4.2108 3.36925 2.31294 0.644268 -0.593254 0.196863 1.15932 1.29202 1.93744 3.79648 4.43615 3.54616 1.34253 2.66836 4.13156 4.11066 3.98809 3.85005 3.67227 3.51204 3.16107 2.2205 -0.662339 -1.22607 -2.35292 -2.2179 -2.79032 -1.50086 -1.9467 -0.630014 -0.0506884 0.177545 -1.01182 -0.725878 0.704467 1.27521 1.1912 1.54231 1.87856 1.89299 1.90464 1.89721 1.90447 1.90674 1.90077 1.88383 1.87317 1.86619 1.85668 1.8576 1.75408 1.68906 1.55327 1.73427
-9999 -9999 -9999 -9999 -9999 -9999 -9999 -9999 -4.84877 -1.53135 1.96363 3.08452 4.20331 5.16865 5.18569 4.75467 4.34504 3.92361 3.4445 2.16304 0.921122 -0.263759 -0.659468 -0.417015 -0.412871 0.626307 3.04534 3.51868 3.32539 1.03687 0.257484 2.21086 3.85239 3.98362 3.83673 1.9097 2.32168 1.28283 -0.12612 -0.511736 -1.12556 -2.42558 -1.79117 -2.73931 -2.32038 -2.38924 -1.63704 -1.26314 -0.370002 -1.40615 -1.37101 0.0331135 0.743736 0.769752 1.51235 1.78023 1.85319 1.87347 1.88779 1.89209 1.9043 1.89802 1.88784 1.87459 1.84119 1.76003 1.52244 0.125365 0.131342 0.519164 0.886941
-9999 -9999 -9999 -9999 -9999 -9999 -9999 -9999 -4.46435 -2.16283 0.938099 3.23455 3.37718 4.49275 5.06788 4.59948 4.0726 3.53399 3.29869 1.9039 0.372344 -0.86426 -2.32769 -2.08341 -1.02769 0.718187 2.28221 2.56636 2.24951 1.03657 1.62704 2.96028 3.66931 3.87998 3.71813 3.29994 3.05903 2.29493 1.96528 0.904383 -0.755267 -1.40557 -0.984516 -2.7433 -2.6114 -1.94873 -2.59902 -1.44324 -0.883597 -2.22695 -1.11565 0.122965 0.760115 1.31719 1.58386 1.69299 1.85622 1.86371 1.87947 1.88846 1.8874 1.8884 1.86377 1.84383 1.69751 1.4814 0.183719 -0.3424 -0.232465 0.372963 0.903974
-9999 -9999 -9999 -9999 -9999 -9999 -9999 -9999 -4.07135 -1.99948 0.688926 2.32571 2.6171 3.85449 4.95476 4.83038 4.2823 4.11508 3.5479 2.36493 1.05877 -0.368429 -1.06102 -2.65529 -1.08047 0.187553 1.51224 2.13456 1.14428 0.636571 1.54733 2.45234 2.81547 3.72864 3.72237 3.42785 2.15076 1.52934 1.79579 1.53113 1.06585 -0.0742848 -0.119375 -0.848013 -1.14475 -1.42363 -2.31484 -1.70756 -1.63672 -1.45706 -0.137252 0.511314 0.943578 1.33655 1.44415 1.61716 1.83907 1.86169 1.87218 1.87327 1.87898 1.86442 1.80396 1.75338 1.4573 0.9321 -0.0494551 -1.62823 -0.500504 0.678952 1.01598
-9999 -9999 -9999 -9999 -9999 -9999 -9999 -9999 -4.42424 -2.22338 0.0738899 1.0333 1.19471 3.43554 4.80715 4.80824 4.54791 4.24436 2.84352 2.92597 2.64654 1.35899 -0.516541 -2.57613 -2.38035 -1.12763 0.619206 1.20032 -0.455648 -1.0473 -0.605201 0.761333 1.9846 3.26143 3.58761 3.21631 1.22741 -0.886151 0.0984709 1.15083 1.14924 0.846516 -0.209645 -0.540183 -0.837907 -1.60439 -2.88814 -2.66988 -2.29477 -0.791946 -0.318914 0.406369 1.00942 0.791878 0.929202 1.50385 1.83491 1.85076 1.85943 1.8725 1.86692 1.84912 1.72756 1.59882 1.38178 0.00861311 -0.844008 -2.08991 -0.621072 0.183335 0.611876
-9999 -9999 -9999 -9999 -9999 -9999 -9999 -9999 -5.10583 -3.50945 -1.31396 -0.430292 0.980531 3.09797 4.13873 4.63708 4.62508 4.4225 3.79504 3.41808 2.67554 1.3359 -0.495837 -2.53177 -3.85624 -3.17958 -0.809089 -0.23187 -1.77471 -2.56159 -1.57311 -0.117138 2.03683 3.2686 3.43722 3.32871 2.92076 1.37859 -0.484937 -0.474845 0.465782 -0.312595 -1.21735 -0.710026 -0.795421 -1.55252 -2.10047 -2.39482 -2.16481 -1.30131 -0.947131 -0.111138 1.11828 1.29987 1.27094 1.79044 1.8204 1.83594 1.85828 1.86011 1.85748 1.84391 1.74526 1.52206 0.608542 -0.187602 -1.29581 -1.4304 -0.124592 0.423634 0.965714
-9999 -9999 -9999 -9999 -9999 -9999 -9999 -9999 -6.27974 -4.40147 -2.34517 -0.419816 1.40178 2.96945 3.08912 3.91553 3.9134 4.34637 4.22174 3.64035 3.01494 1.86069 -0.492908 -2.47147 -4.62911 -4.05781 -1.64116 -1.29822 -2.33625 -4.25748 -2.26646 -0.0713695 1.91814 2.99631 2.1559 3.02261 2.95441 2.37849 1.27056 -0.45351 -0.41642 -1.70627 -1.75685 -1.08534 -0.862307 -0.965271 -1.37471 -2.01328 -1.86369 -1.32946 -1.19214 -0.423589 0.531441 1.46457 1.62584 1.80742 1.81913 1.82551 1.84291 1.84728 1.83016 1.78473 1.68154 0.915941 0.00516846 -0.554983 -1.32654 -1.41794 0.0669696 0.662422 1.00856
