Test_Spring_2018b/01_18/Temp/20180113_001.txt
ncols	170
nrows	115
xllcorner	350000.000000
yllcorner	4445000.000000
cellsize	1000.000000
nodata_value	-9999.000000
[rows 32 to 63 of 115, columns 72 to 143 of 170]
8.03078 7.71933 8.19954 8.64173 8.37477 8.1971 8.92476 8.92427 8.67557 8.09202 7.87749 7.655 7.51829 6.76954 4.67031 2.77771 3.7901 3.81294 3.11084 4.36632 3.7011 1.96787 -0.478357 0.849131 0.501864 -1.23078 -1.65851 -9999 -9999 -9999 -9999 -9999 -9999 -9999 -9999 -9999 -9999 -9999 -9999 -9999 -9999 -9999 -9999 -9999 -9999 -9999 -9999 -9999 -9999 -9999 -9999 -9999 -9999 -9999 -9999 -9999 -9999 -9999 -9999 -9999 -9999 -9999 -9999 -9999 -9999 -9999 -9999 -9999 -9999 -9999 -9999 -9999
7.61368 7.47963 8.19356 8.17827 8.13376 8.39572 8.8479 8.9375 8.84023 8.58541 8.36468 8.12985 7.53497 6.67859 4.88189 2.7278 2.23836 3.29093 3.34026 3.50835 2.90198 2.14063 0.950302 1.92256 2.29925 1.15835 -0.331178 -1.28887 -9999 -9999 -9999 -9999 -9999 -9999 -9999 -9999 -9999 -9999 -9999 -9999 -9999 -9999 -9999 -9999 -9999 -9999 -9999 -9999 -9999 -9999 -9999 -9999 -9999 -9999 -9999 -9999 -9999 -9999 -9999 -9999 -9999 -9999 -9999 -9999 -9999 -9999 -9999 -9999 -9999 -9999 -9999 -9999
7.11626 6.42306 6.85319 7.17612 7.77629 7.93588 8.02525 8.87686 8.83132 8.79137 8.42702 8.13545 7.65267 6.82846 5.65526 4.2428 1.78414 3.29833 4.48369 4.45204 4.38574 3.85195 2.70831 3.66255 3.70597 2.25009 0.597188 -0.378955 -0.783616 -9999 -9999 -9999 -9999 -9999 -9999 -9999 -9999 -9999 -9999 -9999 -9999 -9999 -9999 -9999 -9999 -9999 -9999 -9999 -9999 -9999 -9999 -9999 -9999 -9999 -9999 -9999 -9999 -9999 -9999 -9999 -9999 -9999 -9999 -9999 -9999 -9999 -9999 -9999 -9999 -9999 -9999 -9999
6.55086 5.70423 6.13702 6.71472 7.53185 7.95456 8.27913 8.53361 8.79312 8.762 8.38916 7.28883 7.13108 7.08269 6.31505 4.70492 3.09681 2.67932 4.48821 5.00499 4.89806 5.30087 4.33183 4.78765 4.59868 4.08295 2.49049 1.03815 0.435586 -0.753647 -9999 -9999 -9999 -9999 -9999 -9999 -9999 -9999 -9999 -9999 -9999 -9999 -9999 -9999 -9999 -9999 -9999 -9999 -9999 -9999 -9999 -9999 -9999 -9999 -9999 -9999 -9999 -9999 -9999 -9999 -9999 -9999 -9999 -9999 -9999 -9999 -9999 -9999 -9999 -9999 -9999 -9999
-9999 -9999 5.17046 5.95871 6.61056 7.40835 8.09941 8.44416 8.77899 8.75169 8.00701 7.64243 7.60996 7.1068 6.22075 5.6642 4.65127 3.59587 3.99724 5.53951 4.85143 5.94359 5.84952 6.04894 5.31631 3.93315 2.08142 1.00227 0.463047 -0.500907 -9999 -9999 -9999 -9999 -9999 -9999 -9999 -9999 -9999 -9999 -9999 -9999 -9999 -9999 -9999 -9999 -9999 -9999 -9999 -9999 -9999 -9999 -9999 -9999 -9999 -9999 -9999 -9999 -9999 -9999 -9999 -9999 -9999 -9999 -9999 -9999 -9999 -9999 -9999 -9999 -9999 -9999
-9999 -9999 -9999 5.81327 6.31014 7.37654 7.93086 8.15466 8.69498 8.69599 8.41373 8.20042 7.89092 7.48669 6.82056 6.08557 5.1328 5.04346 6.02954 6.04029 5.83249 5.99306 6.49879 6.36342 5.23117 3.28001 2.24643 0.148982 -0.750815 -0.660242 -1.29838 -9999 -9999 -9999 -9999 -9999 -9999 -9999 -9999 -9999 -9999 -9999 -9999 1.12387 -9999 -9999 -9999 -9999 -9999 -9999 -9999 -9999 -9999 -9999 -9999 -9999 -9999 -9999 -9999 -9999 -9999 -9999 -9999 -9999 -2.72364 -9999 -9999 -9999 -9999 -9999 -9999 -9999
-9999 -9999 5.71459 6.38087 6.89962 7.56836 7.63387 8.03494 8.65637 8.66537 8.4652 8.23887 7.7303 7.6037 7.22413 6.42621 6.26199 6.58367 6.73103 6.89816 7.00046 6.91461 6.7075 6.4403 5.71224 4.80489 4.19547 2.27746 1.30919 0.380703 -1.02382 -2.12282 -9999 -9999 -9999 -9999 -9999 -9999 -9999 0.395432 0.342213 0.366051 0.672764 1.52138 1.02109 -9999 -9999 -9999 -9999 -9999 -9999 -9999 -9999 -9999 -9999 -9999 -9999 -9999 -9999 -9999 -9999 -9999 -9999 -9999 -1.95695 -3.06261 -9999 -9999 -9999 -9999 -9999 -9999
-9999 -9999 5.89371 6.5947 6.94519 7.59498 7.96709 8.21413 8.42978 8.63573 8.60107 8.35072 7.96982 7.97159 7.44647 7.16274 6.95967 7.39518 7.48007 7.30324 7.0818 6.88578 6.33435 6.26911 6.09138 5.51495 4.56972 3.59579 2.19161 0.28539 -1.58398 -3.092 -9999 -9999 -9999 -9999 -9999 -9999 0.554553 1.2593 1.68107 0.780969 1.54797 2.24895 2.13581 1.45624 -9999 -9999 -9999 -9999 -9999 -9999 -9999 -9999 -9999 -9999 -9999 -9999 -9999 -9999 3.28457 2.15073 -0.138599 -1.3124 -2.01684 -3.02221 -9999 -9999 -9999 -9999 -9999 -9999
-9999 -9999 5.75266 6.58074 7.14214 7.64065 7.72131 8.23594 8.45814 8.56897 8.556 8.50625 8.43575 7.97756 7.77987 7.08719 7.7476 7.72112 7.55213 6.88758 6.59856 5.45867 4.95614 4.84531 5.80104 5.09215 3.61367 1.76582 -0.451949 -0.598542 -1.3338 -2.68171 -9999 -9999 -9999 -9999 -9999 -9999 0.772691 1.52654 2.15558 2.24627 1.3516 2.59801 2.55108 1.85221 1.69292 2.26422 2.55344 2.33732 3.02046 3.21964 2.91046 3.24767 -9999 -9999 -9999 -9999 3.44313 3.48775 3.52119 3.04812 0.547148 -1.16115 -2.69516 -2.83619 -9999 -9999 -9999 -9999 -9999 -9999
-9999 -9999 6.3231 6.83357 7.0925 7.13571 7.58352 8.03404 8.3087 8.51099 8.47073 8.45422 8.43644 8.27924 7.91468 7.97897 7.94821 7.73455 6.47099 4.99637 5.63681 4.75913 2.88744 4.40794 5.24207 4.43904 2.64775 0.570942 -0.10747 -0.0811878 -1.10327 -2.41631 -9999 -9999 -9999 -1.28703 -0.207088 -0.113945 0.203819 1.20971 1.97469 2.5494 2.94145 2.92888 2.51469 1.83107 1.08812 1.35173 2.68573 3.01041 3.2851 3.49156 3.20445 3.35376 3.70957 3.89285 3.92905 3.84384 3.82338 3.8513 3.80751 3.36596 1.12825 -0.152448 -0.969684 -2.60846 -9999 -9999 -9999 -9999 -9999 -9999
-9999 -9999 6.0027 6.44692 6.8071 7.40437 7.46892 7.84719 8.07488 8.40724 8.4449 8.05575 8.37686 8.33463 8.27354 8.14477 7.95646 6.88957 5.41957 3.94589 3.26462 3.55432 2.42669 3.00424 3.8495 3.5377 2.4405 0.590174 0.328389 -0.100947 -1.82001 -3.47413 -9999 -9999 -3.38334 -1.3104 0.148949 0.901266 1.13367 1.15513 2.11921 2.19402 3.232 2.98867 1.61508 1.76875 1.23163 1.57714 2.06713 2.20063 2.90436 3.58126 3.70824 3.71019 3.93631 3.98183 3.99262 3.98541 3.83005 3.89926 3.90886 3.63313 2.01189 1.22099 0.351173 -2.58659 -9999 -9999 -9999 -9999 -9999 -9999
-9999 -9999 6.22906 6.72571 7.2695 7.35897 7.76221 7.72148 7.61138 8.17213 8.37675 8.10202 7.9039 8.26748 8.24118 8.19148 8.11026 7.1075 5.94721 4.19153 3.09996 2.43329 1.95839 1.32718 1.76065 1.62634 1.44679 1.65055 1.13999 0.126019 -0.880479 -2.76366 -3.78245 -9999 -3.27223 -2.33737 -0.601581 0.873437 1.80944 1.47155 2.56795 2.77054 3.4033 3.03078 2.19689 1.83855 1.80593 1.69566 2.43405 2.92922 3.27968 3.51329 3.80467 3.87785 3.95129 3.98119 3.99682 4.01263 4.00747 4.0003 3.96624 3.86188 3.11592 2.32768 0.62302 -2.4901 -9999 -9999 -9999 -9999 -9999 -9999
-9999 4.78187 6.17049 7.00256 7.32585 7.55967 7.7659 7.91552 8.07475 8.22014 8.32075 8.27743 7.54971 7.60829 7.73786 8.14925 8.11815 8.02586 7.39059 5.25461 4.51629 3.43806 2.04091 1.45675 1.74706 2.88999 2.83776 2.07896 1.23344 0.066085 -0.678928 -1.8339 -4.05042 -3.85254 -2.85625 -2.11517 -0.935847 0.867367 2.13115 2.69452 2.90669 3.35072 3.581 3.07154 2.587 2.38251 2.00422 1.95038 1.95266 2.39854 2.74639 3.51993 3.77975 3.89792 3.95759 3.98906 4.01152 4.03355 4.04027 4.02402 4.02353 4.01631 3.96151 2.91107 0.284212 -1.69294 -9999 -9999 -9999 -9999 -9999 -9999
-9999 -9999 5.9126 6.27972 6.37726 6.54646 6.89076 7.28726 7.85042 7.92326 8.23188 8.23015 7.60274 6.87811 7.50748 7.75647 8.01441 8.02033 7.93682 6.14258 5.2029 4.46283 3.12313 3.60503 4.06246 4.09616 3.81835 2.19274 0.5737 -1.29201 -3.03626 -3.12119 -4.06118 -3.56661 -2.90895 -1.21841 -0.0290232 0.452636 0.798302 2.63147 3.10781 3.27129 3.74009 3.09908 2.93745 2.45583 2.59848 2.55596 2.55829 1.22476 2.56177 2.64005 3.51036 3.90069 3.98831 4.01126 4.03572 4.03848 4.04214 4.03681 4.04438 4.03071 4.01571 3.33287 0.00159261 -1.66947 -9999 -9999 -9999 -9999 -9999 -9999
-9999 -9999 -9999 -9999 6.03139 6.3121 6.49271 6.80366 7.75439 8.01042 8.18044 8.19499 7.91523 7.19767 7.00785 7.13772 6.43688 7.02022 7.819 7.79747 7.69891 6.12093 5.31358 6.09331 5.85481 4.66856 3.73474 2.81305 0.917722 -0.469206 -2.46805 -3.96948 -4.02768 -2.37418 -1.00132 0.709338 1.46349 1.03237 1.49703 2.40741 3.4415 3.94122 3.82263 3.14701 3.05302 2.31065 3.03969 3.10183 2.7623 2.4687 2.58522 3.01538 3.17883 3.85929 4.02307 4.05077 4.05466 4.05608 4.05176 4.04653 4.0373 4.02929 4.01915 3.98806 0.563878 -2.09857 -9999 -9999 -9999 -9999 -9999 -9999
-9999 -9999 -9999 -9999 5.3729 5.54482 5.99299 7.1404 7.74329 7.98646 7.97878 8.09091 7.89353 7.26225 6.61387 6.00205 5.21339 5.66211 6.85163 7.5523 7.6307 6.24734 6.96572 6.69534 6.16349 4.61245 3.46908 2.86235 1.04269 -0.514576 -1.84497 -3.68133 -2.89834 -2.03579 -0.927311 0.938973 2.19796 2.71462 2.27909 2.86075 4.05088 4.05699 3.40526 3.44722 3.05106 2.03671 3.09237 3.38924 3.14944 3.21113 3.12155 3.28112 3.57236 3.85077 4.03536 4.05902 4.06034 4.05278 4.051 4.05039 4.03616 4.03639 4.02629 4.00865 1.79852 -2.14995 -9999 -9999 -9999 -9999 -9999 -9999
-9999 -9999 -9999 -9999 -9999 4.77602 5.79592 7.31838 7.69876 7.6652 7.97964 8.00679 7.70393 7.44057 6.65374 5.57887 3.51531 4.0392 5.1341 6.71359 7.5431 7.42972 6.9667 6.16271 4.21881 2.51746 2.3099 2.03041 0.702098 -0.49724 -1.97619 -1.12202 -0.186184 0.837865 1.37519 1.23374 2.31232 3.19161 2.81689 3.53063 4.36356 3.98513 3.76124 3.57336 3.11545 3.08773 3.13557 3.73501 3.31994 3.57452 3.58068 3.5655 3.70662 3.86906 4.03964 4.06629 4.06506 4.06632 4.04486 4.05061 4.03972 4.02928 4.01999 4.00489 3.80508 1.67892 0.408184 -9999 -9999 -9999 -9999 -9999
-9999 -9999 -9999 -9999 -9999 3.83635 4.34597 6.1486 6.70757 7.50402 7.92686 7.94632 7.43521 7.15007 5.97812 5.59702 3.68818 2.82321 3.55484 3.27303 5.44863 7.37375 6.95383 3.06454 1.65524 0.649744 0.906739 0.908093 0.537516 -1.50413 -2.06856 -0.242174 0.907171 1.79733 2.47227 2.61176 2.58714 3.96323 4.14521 4.59191 4.49407 4.53512 3.83956 3.40909 3.78546 3.35201 3.27796 3.89725 3.28707 3.83846 3.7731 3.6067 3.59706 3.95932 4.03153 4.06877 4.06949 4.05361 4.03383 4.02211 4.03297 4.02689 4.00648 4.00757 3.98813 3.73647 2.63634 2.25266 2.68042 -9999 -9999 -9999
-9999 -9999 -9999 -9999 -9999 -9999 2.66577 5.17014 6.31631 6.91775 7.76392 7.86583 7.59468 7.1012 5.90734 4.85725 3.1508 1.20216 0.169505 3.25577 5.94186 7.34339 7.15854 3.921 2.64274 2.58262 3.33402 2.69816 2.21557 0.664154 0.198899 -0.447232 -0.0517715 1.18978 2.20369 3.18155 3.89228 3.94927 4.41049 4.67496 4.69616 4.77888 4.69685 4.62995 3.95963 4.42321 4.03 4.23871 4.1042 3.98261 3.87806 3.4934 3.76361 4.0026 4.06311 4.08053 4.06418 4.05909 4.04741 4.02364 4.01246 4.01034 4.00784 3.99563 3.99582 3.98538 3.86295 3.20155 2.31576 1.19638 -9999 -9999
-9999 -9999 -9999 -9999 -9999 -9999 1.41467 3.90661 5.1094 6.65475 7.45084 7.77375 7.7303 7.33022 6.42284 5.05764 3.92018 1.74505 -0.513356 2.72603 5.61197 7.16894 7.25077 4.53039 5.28374 4.67348 4.91851 3.80178 3.33721 2.971 2.16834 1.29067 0.330784 -0.177444 2.10043 3.26937 4.20994 4.65292 4.90304 5.02763 4.95967 4.78769 3.77496 4.54652 4.50581 4.4289 4.3407 4.2979 4.21773 4.12318 4.06739 4.04673 3.79077 4.07863 4.07021 4.07214 4.07157 4.06225 4.04631 4.03245 4.01593 4.01503 4.00513 3.99524 3.98869 3.98667 3.97934 3.94388 3.76886 2.2651 1.366 1.11526
-9999 -9999 -9999 -9999 -9999 -9999 -2.08586 1.53865 4.45499 5.97592 7.21446 7.55387 7.67997 7.14361 6.74211 5.7632 4.8362 3.40677 1.26631 -0.0518627 2.37346 5.89958 7.19889 7.09702 7.01495 6.30951 5.67364 5.59251 5.63919 4.90043 3.82247 2.41344 1.97326 1.47806 3.1742 3.40279 3.27718 5.14283 5.14597 5.03895 4.32391 3.52373 3.67513 3.17952 3.55902 2.96865 3.51099 3.97969 4.15443 4.13934 4.07684 4.06881 4.03924 4.08763 4.08481 4.07475 4.06664 4.06153 4.05297 4.02995 4.01659 4.02369 4.00786 3.9967 3.98628 3.98637 3.98299 3.95678 3.93307 3.70245 3.35528 2.69359
-9999 -9999 -9999 -9999 -9999 -9999 -1.92959 1.12155 3.70679 5.25848 6.74864 7.09374 7.59582 7.48614 7.06567 6.21464 5.15174 3.97515 2.1387 0.77364 2.39552 4.73636 6.41247 7.0132 7.00578 6.96459 6.80431 6.73824 6.55153 6.41968 5.6456 4.3154 3.5623 2.46109 4.35157 4.56208 4.26439 5.20738 5.15873 3.72942 2.6304 2.49286 3.16224 2.52457 2.41277 2.01511 2.46302 3.66404 3.31384 3.38228 3.92667 4.01501 4.07081 4.08442 4.07869 4.07416 4.06307 4.06279 4.06265 4.04004 4.02915 4.02353 4.00232 3.99747 3.98315 3.97426 3.965 3.95105 3.9293 3.86403 3.79392 3.87087
-9999 -9999 -9999 -9999 -9999 -9999 -1.86796 0.18475 2.51108 4.79538 6.38672 7.02806 7.49462 7.4885 6.99997 6.57635 5.90961 4.87436 4.16399 2.93156 1.24056 4.07341 4.94177 5.7169 6.04342 6.85092 6.83011 6.45848 6.02727 6.42462 6.30641 5.2524 4.90441 4.31828 5.36884 5.36943 5.33848 5.28049 4.07251 2.39416 1.05262 2.01653 1.81427 2.25655 0.884759 2.01498 2.92301 3.2171 2.59833 2.13923 3.55551 3.78884 3.92673 4.01436 4.07129 4.05531 4.06809 4.05821 4.0527 4.04697 4.03388 4.0258 4.01297 4.00004 3.9869 3.97951 3.96379 3.94596 3.94515 3.90993 3.89642 3.88526
-9999 -9999 -9999 -9999 -9999 -9999 -9999 -1.02528 1.92489 4.55744 6.02267 6.94368 7.39174 7.38243 7.13203 6.84394 6.43002 5.68279 4.74451 3.26254 2.16223 2.85939 3.71023 3.80563 4.37111 6.01256 6.57251 5.776 3.81013 4.97005 6.26229 6.23916 6.12659 6.00096 5.8392 5.69484 5.38134 4.5447 1.98505 1.48211 0.477672 0.590968 0.0754707 1.19931 0.77905 1.93365 2.4336 2.62177 1.55272 1.77879 3.03271 3.52794 3.44383 3.74702 4.03543 4.04343 4.0503 4.04142 4.0465 4.04782 4.04216 4.02949 4.01954 4.01232 3.98761 3.99158 3.89684 3.83548 3.71065 3.86617 3.88136 3.89155
-9999 -9999 -9999 -9999 -9999 -9999 -9999 -1.61199 1.33086 4.43121 5.42612 6.4191 7.27586 7.29148 6.90949 6.54615 6.17196 5.74615 4.6083 3.50496 2.4516 2.0975 2.30874 2.29162 3.20696 5.34571 5.75885 5.58083 3.52933 2.83241 4.55953 6.01068 6.12305 5.98929 4.27727 4.63975 3.71563 2.46306 2.11752 1.56887 0.410743 0.967003 0.118613 0.481313 0.384255 1.03936 1.35835 2.13746 1.20558 1.21011 2.44132 3.06148 3.07562 3.72647 3.95762 4.01722 4.03132 4.04124 4.04315 4.05273 4.04626 4.03641 4.02364 3.99259 3.91858 3.68929 2.45382 2.45582 2.79589 3.11773 3.7046 3.86983
-9999 -9999 -9999 -9999 -9999 -9999 -9999 -1.2735 0.768471 3.51935 5.55673 5.68395 6.67386 7.1843 6.76908 6.3017 5.82356 5.61401 4.37574 3.01571 1.91673 0.616063 0.829328 1.76172 3.28741 4.66853 4.9145 4.6275 3.52928 4.04748 5.22482 5.84907 6.0318 5.88457 5.51031 5.29342 4.61253 4.31671 3.37197 1.89562 1.31358 1.68071 0.113685 0.222303 0.80059 0.185494 1.19894 1.68342 0.480253 1.43643 2.52483 3.08063 3.56636 3.79559 3.88622 4.02593 4.02855 4.03944 4.04508 4.04236 4.0418 4.0186 3.99945 3.86791 3.67404 2.52044 2.04066 2.13522 2.66877 3.13599 3.62779 3.82768
-9999 -9999 -9999 -9999 -9999 -9999 -9999 -0.927263 0.911128 3.29621 4.7486 5.00774 6.10565 7.08175 6.97157 6.48537 6.33659 5.83277 4.78244 3.62243 2.35463 1.73784 0.320982 1.71413 2.81619 3.98559 4.532 3.63062 3.17493 3.97746 4.77523 5.09281 5.89849 5.88911 5.6243 4.48821 3.93353 4.16602 3.92712 3.50977 2.49325 2.44704 1.79378 1.52265 1.26649 0.437229 0.965142 1.01709 1.16051 2.30688 2.87281 3.24761 3.58837 3.67696 3.82448 4.0163 4.03226 4.03824 4.03653 4.0394 4.02458 3.96917 3.92247 3.65784 3.18968 2.31641 0.902249 1.89974 2.9428 3.25528 3.56045 3.71762
-9999 -9999 -9999 -9999 -9999 -9999 -9999 -1.24232 0.710588 2.74891 3.60065 3.74457 5.73238 6.94912 6.95022 6.71921 6.44956 5.20648 5.27843 5.02906 3.88528 2.21965 0.390412 0.560925 1.64913 3.19384 3.70416 2.21203 1.68223 2.06941 3.27665 4.35712 5.48534 5.77071 5.43767 3.67014 1.79197 2.66111 3.58996 3.58365 3.30968 2.36685 2.06676 1.79502 1.10685 -0.0566082 0.112629 0.435164 1.73799 2.14841 2.78302 3.30986 3.10968 3.22499 3.72893 4.01765 4.02756 4.03178 4.04043 4.03296 4.01492 3.90498 3.78866 3.59389 2.37361 1.61466 0.512122 1.79516 2.506 2.88799 3.56463 3.72562
-9999 -9999 -9999 -9999 -9999 -9999 -9999 -1.84868 -0.431644 1.51657 2.30128 3.55331 5.43177 6.35518 6.7973 6.78656 6.60649 6.0493 5.7139 5.05393 3.86406 2.23743 0.429372 -0.748054 -0.151102 1.92772 2.42097 1.04279 0.340125 1.21209 2.49884 4.40482 5.49315 5.6388 5.53875 5.17313 3.80153 2.14471 2.14909 2.97822 2.28234 1.47376 1.91677 1.83348 1.15389 0.659243 0.357691 0.545763 1.28819 1.59373 2.32702 3.40977 3.56395 3.53213 3.98738 4.00918 4.01883 4.03507 4.03359 4.02851 4.01396 3.92408 3.72376 2.91117 2.20251 1.2169 1.0945 2.23782 2.73893 3.20575 3.53735 3.64499
-9999 -9999 -9999 -9999 -9999 -9999 -9999 -2.89139 -1.22413 0.600867 2.30956 3.92603 5.31708 5.42375 6.15689 6.15497 6.53856 6.42733 5.91068 5.35463 4.32924 2.2399 0.482838 -1.43331 -0.929589 1.19013 1.47089 0.545595 -1.1628 0.598441 2.54086 4.30115 5.2534 4.5043 5.26912 5.20478 4.69 3.70315 2.16953 2.19726 1.0477 0.996542 1.58513 1.7754 1.67601 1.30438 0.712577 0.814034 1.26508 1.37865 2.05246 2.89221 3.71315 3.85025 4.00601 4.01174 4.01331 4.02515 4.02583 4.00776 3.96479 3.87072 3.18923 2.37896 1.87952 1.19247 1.10846 2.42771 2.95371 3.24751 3.5338 3.64636
-9999 -9999 -9999 -9999 -9999 -9999 -9999 -9999 -1.39655 0.488879 1.88381 2.2589 3.49528 4.16244 4.67843 4.79199 6.26603 6.34622 6.01821 5.50728 4.6325 3.04673 1.94149 0.103441 -1.21805 -0.675737 -0.420767 0.0630966 -0.0813164 0.703437 2.57001 4.51472 4.72562 3.48794 3.66961 3.92687 4.50521 4.20973 2.12047 1.05833 0.176477 0.800637 1.45733 1.61528 1.64589 1.5177 1.37154 1.12046 1.99949 2.64964 2.79956 3.36631 3.78448 3.89922 3.98543 3.99521 4.00518 4.00438 3.979 3.96034 3.85418 3.61749 2.85517 1.02321 1.10778 0.908797 0.338302 1.62639 2.44119 3.16752 3.55307 3.65197
-9999 -9999 -9999 -9999 -9999 -9999 -9999 -9999 -2.02586 0.155748 0.616105 0.581198 -0.142023 0.189699 2.86705 3.40531 4.81887 6.15723 6.05763 5.55627 4.73764 3.79264 2.33026 0.263174 -1.37953 -2.06764 -0.303756 1.42956 1.78645 2.339 3.4823 3.6985 2.43368 1.24748 1.91132 2.31061 3.83591 4.11308 3.81484 2.55537 1.11553 0.363217 1.24802 1.365 1.41674 1.42585 1.39754 1.36275 2.35479 2.90276 3.28255 3.48885 3.84777 3.93888 3.96738 3.99415 3.98667 3.96712 3.90927 3.8436 3.55791 3.21226 1.96407 0.923257 0.273819 -0.55025 1.30349 1.85383 2.61926 3.11047 3.49385 3.57709
