Test_Spring_2018b/01_18/Temp/20180130_018.txt
ncols	170
nrows	115
xllcorner	350000.000000
yllcorner	4445000.000000
cellsize	1000.000000
nodata_value	-9999.000000
[rows 32 to 63 of 115, columns 72 to 143 of 170]
9.20567 8.90969 9.37332 9.80019 9.54496 9.38019 10.0761 10.0791 9.84391 9.28758 9.08575 8.87665 8.75035 8.03712 6.02822 4.21826 5.19724 5.22707 4.56172 5.77592 5.14714 3.49377 1.1565 2.44171 2.11972 0.477324 0.087907 -9999 -9999 -9999 -9999 -9999 -9999 -9999 -9999 -9999 -9999 -9999 -9999 -9999 -9999 -9999 -9999 -9999 -9999 -9999 -9999 -9999 -9999 -9999 -9999 -9999 -9999 -9999 -9999 -9999 -9999 -9999 -9999 -9999 -9999 -9999 -9999 -9999 -9999 -9999 -9999 -9999 -9999 -9999 -9999 -9999
8.81289 8.68711 9.37501 9.36279 9.3281 9.57802 10.01 10.0996 10.01 9.76948 9.56196 9.34127 8.7754 7.959 6.24054 4.17958 3.71693 4.73489 4.79045 4.96053 4.38775 3.66669 2.53427 3.4779 3.85016 2.77878 1.36595 0.461078 -9999 -9999 -9999 -9999 -9999 -9999 -9999 -9999 -9999 -9999 -9999 -9999 -9999 -9999 -9999 -9999 -9999 -9999 -9999 -9999 -9999 -9999 -9999 -9999 -9999 -9999 -9999 -9999 -9999 -9999 -9999 -9999 -9999 -9999 -9999 -9999 -9999 -9999 -9999 -9999 -9999 -9999 -9999 -9999
8.3432 7.68059 8.09599 8.40836 8.99401 9.13847 9.2278 10.0489 10.0091 9.97497 9.62977 9.35478 8.89664 8.11119 6.99122 5.64204 3.28915 4.74998 5.89566 5.87368 5.81889 5.31579 4.22771 5.15356 5.20542 3.83923 2.26314 1.33786 0.960939 -9999 -9999 -9999 -9999 -9999 -9999 -9999 -9999 -9999 -9999 -9999 -9999 -9999 -9999 -9999 -9999 -9999 -9999 -9999 -9999 -9999 -9999 -9999 -9999 -9999 -9999 -9999 -9999 -9999 -9999 -9999 -9999 -9999 -9999 -9999 -9999 -9999 -9999 -9999 -9999 -9999 -9999 -9999
7.80837 6.99832 7.41613 7.97291 8.76152 9.17066 9.47861 9.72659 9.97963 9.95403 9.60076 8.54958 8.40348 8.36272 7.632 6.09303 4.5564 4.16298 5.90691 6.41105 6.31694 6.71247 5.79162 6.23869 6.06711 5.59158 4.08713 2.7014 2.13415 1.00358 -9999 -9999 -9999 -9999 -9999 -9999 -9999 -9999 -9999 -9999 -9999 -9999 -9999 -9999 -9999 -9999 -9999 -9999 -9999 -9999 -9999 -9999 -9999 -9999 -9999 -9999 -9999 -9999 -9999 -9999 -9999 -9999 -9999 -9999 -9999 -9999 -9999 -9999 -9999 -9999 -9999 -9999
-9999 -9999 6.49589 7.25613 7.87972 8.65316 9.31291 9.64743 9.97273 9.95078 9.24061 8.89563 8.86978 8.39251 7.54811 7.02032 6.05486 5.04901 5.44178 6.93001 6.27786 7.3348 7.25351 7.45421 6.76054 5.45372 3.69808 2.67026 2.1635 1.24885 -9999 -9999 -9999 -9999 -9999 -9999 -9999 -9999 -9999 -9999 -9999 -9999 -9999 -9999 -9999 -9999 -9999 -9999 -9999 -9999 -9999 -9999 -9999 -9999 -9999 -9999 -9999 -9999 -9999 -9999 -9999 -9999 -9999 -9999 -9999 -9999 -9999 -9999 -9999 -9999 -9999 -9999
-9999 -9999 -9999 7.12347 7.59845 8.62428 9.15755 9.37581 9.89822 9.90333 9.63694 9.4371 9.14531 8.76295 8.12957 7.43045 6.52264 6.44393 7.3978 7.41589 7.22458 7.38719 7.88143 7.76063 6.69228 4.83097 3.84902 1.85446 1.00138 1.09865 0.496214 -9999 -9999 -9999 -9999 -9999 -9999 -9999 -9999 -9999 -9999 -9999 -9999 2.95046 -9999 -9999 -9999 -9999 -9999 -9999 -9999 -9999 -9999 -9999 -9999 -9999 -9999 -9999 -9999 -9999 -9999 -9999 -9999 -9999 -0.503315 -9999 -9999 -9999 -9999 -9999 -9999 -9999
-9999 -9999 7.03281 7.67135 8.17104 8.81488 8.88471 9.26665 9.8667 9.87932 9.69158 9.47914 8.99619 8.88024 8.52184 7.76224 7.61124 7.92697 8.07574 8.24385 8.3501 8.27613 8.0861 7.83868 7.15941 6.29853 5.72365 3.90314 2.98163 2.10057 0.762285 -0.283046 -9999 -9999 -9999 -9999 -9999 -9999 -9999 2.20805 2.16735 2.20105 2.50671 3.33291 2.86473 -9999 -9999 -9999 -9999 -9999 -9999 -9999 -9999 -9999 -9999 -9999 -9999 -9999 -9999 -9999 -9999 -9999 -9999 -9999 0.233899 -0.818751 -9999 -9999 -9999 -9999 -9999 -9999
-9999 -9999 7.20939 7.88348 8.22125 8.84651 9.20556 9.44389 9.65417 9.85561 9.82654 9.59089 9.23036 9.23753 8.73935 8.47323 8.28489 8.70985 8.79863 8.63659 8.4321 8.25238 7.73187 7.67834 7.52703 6.98382 6.08664 5.16184 3.8316 2.01193 0.227253 -1.21094 -9999 -9999 -9999 -9999 -9999 -9999 2.35114 3.03744 3.45267 2.59967 3.34734 4.03213 3.9359 3.31301 -9999 -9999 -9999 -9999 -9999 -9999 -9999 -9999 -9999 -9999 -9999 -9999 -9999 -9999 5.23286 4.15277 1.96372 0.845519 0.177951 -0.778364 -9999 -9999 -9999 -9999 -9999 -9999
-9999 -9999 7.08112 7.87669 8.41642 8.89602 8.97492 9.46496 9.6858 9.79565 9.78716 9.74387 9.68112 9.24668 9.0627 8.40402 9.04445 9.02598 8.87111 8.24098 7.9717 6.8861 6.41263 6.3244 7.25183 6.5816 5.17268 3.40912 1.2877 1.16642 0.470096 -0.814682 -9999 -9999 -9999 -9999 -9999 -9999 2.56072 3.29407 3.90826 4.00639 3.15937 4.36801 4.35129 3.69391 3.55448 4.11619 4.40687 4.21976 4.89299 5.09505 4.80851 5.14175 -9999 -9999 -9999 -9999 5.37106 5.42176 5.46181 5.01584 2.6236 0.992369 -0.471402 -0.59351 -9999 -9999 -9999 -9999 -9999 -9999
-9999 -9999 7.63551 8.1257 8.37457 8.41665 8.84747 9.27591 9.54625 9.74262 9.70782 9.69632 9.68409 9.53849 9.19431 9.26215 9.23917 9.04103 7.83557 6.42792 7.05076 6.2178 4.43086 5.90765 6.71858 5.95818 4.24919 2.26598 1.62229 1.66599 0.694188 -0.561485 -9999 -9999 -9999 0.554922 1.5995 1.69721 2.01098 2.98581 3.73008 4.29755 4.68583 4.69514 4.31663 3.67455 2.97559 3.24262 4.53675 4.86163 5.14996 5.35925 5.09403 5.24378 5.59436 5.77881 5.82163 5.74759 5.73551 5.76981 5.73533 5.31921 3.18325 1.96243 1.18667 -0.380984 -9999 -9999 -9999 -9999 -9999 -9999
-9999 -9999 7.3321 7.75836 8.10411 8.67757 8.74028 9.10464 9.32051 9.64616 9.68586 9.31647 9.62934 9.59398 9.541 9.42353 9.24935 8.23233 6.82882 5.4222 4.77658 5.06363 3.99046 4.56162 5.38328 5.09642 4.04981 2.28402 2.04274 1.63835 0.00506556 -1.57387 -9999 -9999 -1.463 0.534201 1.94258 2.67266 2.90423 2.934 3.8693 3.9519 4.95983 4.74591 3.44646 3.60824 3.11513 3.46149 3.9437 4.08546 4.78 5.44575 5.57824 5.58993 5.81605 5.86817 5.88642 5.88703 5.74521 5.81886 5.83536 5.57817 4.02977 3.27864 2.45524 -0.362457 -9999 -9999 -9999 -9999 -9999 -9999
-9999 -9999 7.55319 8.02932 8.55096 8.6369 9.0245 8.98755 8.87916 9.42013 9.62293 9.36312 9.17744 9.53148 9.51183 9.47025 9.3989 8.44352 7.33741 5.66028 4.62102 3.99027 3.54383 2.95172 3.37807 3.25956 3.09763 3.30354 2.82557 1.86031 0.90395 -0.888851 -1.85866 -9999 -1.35408 -0.449609 1.22374 2.64715 3.55377 3.23844 4.30066 4.50595 5.1309 4.78664 4.00555 3.67552 3.65901 3.56806 4.29157 4.78882 5.14446 5.38088 5.67509 5.75527 5.83485 5.8719 5.89463 5.91708 5.91914 5.91917 5.89348 5.80052 5.09202 4.34589 2.71816 -0.267417 -9999 -9999 -9999 -9999 -9999 -9999
-9999 6.171 7.50265 8.3002 8.60969 8.83373 9.03179 9.17612 9.32654 9.46919 9.56901 9.53355 8.83937 8.90055 9.03045 9.43144 9.40826 9.32687 8.72482 6.68285 5.98296 4.95526 3.62344 3.07883 3.36801 4.47566 4.43616 3.71838 2.91716 1.80504 1.10157 0.00216318 -2.11283 -1.91556 -0.952311 -0.23417 0.904711 2.6428 3.86375 4.41327 4.62668 5.06805 5.30169 4.82627 4.38031 4.19916 3.85149 3.81536 3.83301 4.27619 4.6297 5.39202 5.65297 5.77917 5.84557 5.88404 5.91316 5.94134 5.95451 5.94552 5.95174 5.95173 5.90837 4.9081 2.39278 0.497826 -9999 -9999 -9999 -9999 -9999 -9999
-9999 -9999 7.26034 7.61119 7.70357 7.86517 8.19538 8.57633 9.11438 9.18672 9.48615 9.48858 8.8922 8.20153 8.81112 9.05623 9.31053 9.32352 9.25121 7.53635 6.64293 5.94154 4.66503 5.14359 5.59338 5.63656 5.38076 3.83118 2.28767 0.505523 -1.15858 -1.23064 -2.12305 -1.63814 -1.00017 0.629002 1.77725 2.24657 2.58603 4.35413 4.82387 4.99264 5.45526 4.85369 4.7179 4.27123 4.42413 4.39946 4.4178 3.15368 4.45697 4.54607 5.39437 5.78475 5.87977 5.91001 5.9409 5.95037 5.96034 5.96153 5.97518 5.97005 5.96149 5.31351 2.12395 0.523024 -9999 -9999 -9999 -9999 -9999 -9999
-9999 -9999 -9999 -9999 7.37567 7.644 7.81681 8.11537 9.02536 9.27334 9.43959 9.45737 9.19336 8.51036 8.33364 8.46443 7.79852 8.36545 9.13982 9.12734 9.04136 7.53584 6.77566 7.53476 7.31675 6.18915 5.30383 4.43004 2.62149 1.29911 -0.609254 -2.04084 -2.08789 -0.492736 0.833797 2.48206 3.21232 2.8053 3.25873 4.14284 5.14565 5.63682 5.53572 4.9011 4.83039 4.13381 4.84996 4.92622 4.61693 4.35151 4.48365 4.91096 5.0812 5.74645 5.91444 5.95245 5.9635 5.97152 5.9736 5.97462 5.97199 5.97066 5.96768 5.94507 2.66619 0.113846 -9999 -9999 -9999 -9999 -9999 -9999
-9999 -9999 -9999 -9999 6.74745 6.9112 7.34066 8.44191 9.01799 9.25351 9.24908 9.36044 9.17543 8.57461 7.95806 7.37697 6.62669 7.06464 8.21414 8.8949 8.97884 7.66018 8.36436 8.11563 7.61613 6.13847 5.05209 4.4807 2.74485 1.25913 -0.0075569 -1.76054 -1.00015 -0.16417 0.907135 2.70552 3.92019 4.42276 4.0128 4.57999 5.73247 5.74979 5.13696 5.19115 4.83046 3.87303 4.90293 5.20479 4.99157 5.06753 5.00209 5.17005 5.46327 5.74289 5.93104 5.96324 5.97306 5.97236 5.97672 5.98204 5.97429 5.98064 5.97748 5.96759 3.85385 0.0671887 -9999 -9999 -9999 -9999 -9999 -9999
-9999 -9999 -9999 -9999 -9999 6.17684 7.15504 8.61626 8.97875 8.94862 9.25332 9.28306 8.99677 8.74906 7.9995 6.974 5.00008 5.5102 6.56888 8.09316 8.89803 8.79832 8.36852 7.6076 5.75275 4.13081 3.94264 3.68534 2.42113 1.279 -0.130222 0.69929 1.60644 2.59748 3.1206 2.9916 4.03322 4.88397 4.53197 5.22582 6.03532 5.68341 5.48113 5.31461 4.89462 4.88419 4.94681 5.53919 5.15788 5.41917 5.44576 5.4462 5.59554 5.76404 5.93889 5.97407 5.98099 5.98895 5.97438 5.98566 5.98098 5.97692 5.97436 5.96673 5.78241 3.74482 2.53301 -9999 -9999 -9999 -9999 -9999
-9999 -9999 -9999 -9999 -9999 5.27839 5.76695 7.4972 8.03113 8.79771 9.20648 9.22883 8.74265 8.47382 7.35468 6.99507 5.16946 4.34683 5.05679 4.79449 6.8913 8.74811 8.35967 4.63728 3.29543 2.34127 2.5989 2.61108 2.26608 0.315415 -0.216029 1.54668 2.65882 3.52143 4.17671 4.31774 4.30044 5.62772 5.81062 6.24806 6.16404 6.21457 5.55936 5.15979 5.54043 5.14039 5.08587 5.69718 5.12853 5.67467 5.63265 5.48798 5.4927 5.85309 5.93362 5.97906 5.98795 5.97952 5.96623 5.96139 5.97751 5.97755 5.9642 5.97199 5.96067 5.72215 4.67401 4.31424 4.73401 -9999 -9999 -9999
-9999 -9999 -9999 -9999 -9999 -9999 4.15792 6.56196 7.65956 8.23909 9.05427 9.15582 8.89941 8.43097 7.29079 6.28904 4.65766 2.79413 1.81159 4.78195 7.3686 8.7227 8.5599 5.46285 4.24658 4.19962 4.9316 4.33201 3.87936 2.39906 1.96276 1.35228 1.74088 2.9423 3.92275 4.86794 5.5566 5.6179 6.06756 6.33194 6.36202 6.45234 6.38573 6.33482 5.7106 6.17121 5.81001 6.02692 5.91454 5.81448 5.73476 5.38048 5.65375 5.89582 5.96517 5.99172 5.9843 5.98634 5.98095 5.96315 5.96049 5.96432 5.96812 5.96306 5.97048 5.96329 5.85349 5.22706 4.38596 3.32129 -9999 -9999
-9999 -9999 -9999 -9999 -9999 -9999 2.96078 5.35323 6.50527 7.99099 8.75829 9.07099 9.03395 8.65516 7.78992 6.48566 5.40035 3.31937 1.15875 4.27557 7.05605 8.55913 8.64669 6.05139 6.78481 6.20953 6.45524 5.39386 4.95831 4.61533 3.85509 3.02233 2.11256 1.63297 3.82652 4.95534 5.86483 6.29679 6.54397 6.67124 6.61587 6.46489 5.50465 6.25813 6.23798 6.17932 6.11039 6.08542 6.02474 5.95021 5.91706 5.91192 5.67997 5.96987 5.97211 5.98374 5.99159 5.98976 5.9805 5.97243 5.96134 5.96932 5.96784 5.96498 5.96586 5.96651 5.96709 5.94134 5.78231 4.34854 3.49567 3.2699
-9999 -9999 -9999 -9999 -9999 -9999 -0.395465 3.08447 5.88166 7.34404 8.53452 8.86442 8.99016 8.48056 8.10084 7.16731 6.28393 4.9186 2.87109 1.61312 3.94888 7.34132 8.60052 8.51854 8.44977 7.7828 7.18268 7.115 7.16992 6.469 5.44846 4.10503 3.69177 3.2243 4.85972 5.08622 4.97261 6.77031 6.78061 6.68568 6.00787 5.25125 5.40734 4.94943 5.33237 4.78029 5.31597 5.78135 5.96477 5.96594 5.92604 5.93392 5.91894 5.97668 5.98507 5.98522 5.98597 5.98841 5.98651 5.96996 5.96222 5.97396 5.96984 5.96531 5.9655 5.96791 5.97221 5.95521 5.94121 5.7292 5.40582 4.7855
-9999 -9999 -9999 -9999 -9999 -9999 -0.241008 2.68408 5.16769 6.65776 8.09174 8.42723 8.9139 8.81385 8.41591 7.60506 6.59116 5.46841 3.71257 2.40946 3.97357 6.22853 7.84542 8.438 8.44416 8.41439 8.2704 8.22211 8.05248 7.93339 7.1998 5.93321 5.21877 4.1698 5.99196 6.20137 5.92286 6.83522 6.796 5.43202 4.3857 4.26303 4.91845 4.31795 4.2292 3.86741 4.31181 5.47943 5.15878 5.23976 5.78239 5.88113 5.94675 5.97184 5.97731 5.98277 5.98078 5.98808 5.99458 5.9788 5.97382 5.97373 5.9588 5.96748 5.96048 5.95362 5.95623 5.95086 5.93855 5.88498 5.82509 5.91399
-9999 -9999 -9999 -9999 -9999 -9999 -0.172925 1.78855 4.02406 6.21726 7.74856 8.36851 8.82116 8.82054 8.35724 7.95656 7.32283 6.33563 5.66052 4.48455 2.8687 5.59525 6.43711 7.19718 7.52497 8.30955 8.29917 7.95208 7.54844 7.93937 7.8368 6.83394 6.5084 5.95394 6.97012 6.97828 6.95604 6.90787 5.7561 4.15323 2.87418 3.80866 3.62462 4.0634 2.76517 3.86239 4.7482 5.04524 4.47192 4.04588 5.42496 5.66151 5.80642 5.90228 5.96771 5.96216 5.98318 5.98149 5.98315 5.98397 5.9773 5.97527 5.96876 5.96245 5.96518 5.95958 5.95169 5.93923 5.94696 5.92689 5.92333 5.92741
-9999 -9999 -9999 -9999 -9999 -9999 -9999 0.635783 3.46679 5.99689 7.40703 8.29527 8.73001 8.72618 8.49132 8.22066 7.82955 7.11884 6.22503 4.80962 3.76081 4.43749 5.26281 5.3709 5.92263 7.50724 8.05391 7.29864 5.41801 6.54319 7.79276 7.77954 7.6802 7.56803 7.4229 7.29212 6.9989 6.20359 3.75464 3.27821 2.32274 2.44073 1.95593 3.04909 2.66466 3.78589 4.27936 4.47403 3.46223 3.6994 4.91653 5.40506 5.3369 5.63973 5.93042 5.94782 5.96325 5.96272 5.97487 5.98282 5.98371 5.97485 5.9713 5.97061 5.96347 5.96842 5.88467 5.8335 5.72198 5.88006 5.90388 5.91494
-9999 -9999 -9999 -9999 -9999 -9999 -9999 0.0720061 2.89989 5.87932 6.8383 7.79582 8.62297 8.64311 8.28197 7.93904 7.58597 7.18364 6.0981 5.04591 4.04193 3.70932 3.91956 3.92062 4.80777 6.86931 7.27468 7.11269 5.15207 4.4923 6.15906 7.56076 7.67727 7.5573 5.92226 6.27821 5.39915 4.20483 3.88123 3.36295 2.26008 2.80325 1.99884 2.35757 2.28735 2.92865 3.24784 4.00904 3.12821 3.15208 4.34702 4.95488 4.98054 5.61669 5.84925 5.91633 5.93891 5.95668 5.96607 5.98227 5.98268 5.97966 5.97384 5.95065 5.88657 5.68462 4.49971 4.50927 4.84376 5.16117 5.73912 5.89159
-9999 -9999 -9999 -9999 -9999 -9999 -9999 0.399465 2.36302 5.00732 6.96713 7.09385 8.04891 8.54407 8.15104 7.70821 7.2553 7.0604 5.87833 4.57958 3.53159 2.2902 2.50211 3.40445 4.88721 6.22119 6.46574 6.19879 5.15293 5.65918 6.79802 7.40586 7.58979 7.45686 7.10588 6.90583 6.26036 5.98453 5.08598 3.67742 3.12759 3.48927 1.99503 2.10972 2.67582 2.10973 3.09497 3.57281 2.43098 3.36808 4.42517 4.97073 5.44859 5.6797 5.77713 5.92099 5.93258 5.95143 5.96466 5.96941 5.97589 5.96048 5.94894 5.82966 5.6508 4.55112 4.10294 4.20126 4.72128 5.17795 5.64874 5.84848
-9999 -9999 -9999 -9999 -9999 -9999 -9999 0.734059 2.50254 4.79602 6.19454 6.44803 7.50686 8.44904 8.3488 7.88788 7.75103 7.27359 6.27177 5.16485 3.95463 3.36943 2.01644 3.36074 4.43686 5.56727 6.09982 5.24229 4.81349 5.59236 6.36661 6.67989 7.46161 7.4609 7.21495 6.13268 5.60845 5.83984 5.61892 5.22695 4.2602 4.22519 3.60798 3.35806 3.12302 2.35155 2.87034 2.93254 3.08396 4.20202 4.75712 5.12848 5.46679 5.56257 5.71438 5.90814 5.93254 5.9468 5.9532 5.9636 5.95676 5.9108 5.87318 5.62647 5.1846 4.35415 3.00981 3.97472 4.98364 5.27672 5.58191 5.74016
-9999 -9999 -9999 -9999 -9999 -9999 -9999 0.433658 2.31234 4.27321 5.09541 5.23844 7.15152 8.32472 8.33131 8.11531 7.86239 6.6753 6.75056 6.51756 5.42621 3.8341 2.08507 2.25559 3.31684 4.80861 5.30617 3.88143 3.38118 3.76106 4.92807 5.97336 7.06446 7.34655 7.03505 5.3467 3.55219 4.39474 5.29478 5.29746 5.04354 4.148 3.86979 3.61923 2.9694 1.87242 2.05151 2.37305 3.64267 4.04829 4.66891 5.1858 5.00454 5.12568 5.61937 5.90602 5.92459 5.93724 5.95377 5.9545 5.94486 5.84689 5.74276 5.56339 4.39984 3.67929 2.62341 3.87366 4.56359 4.92737 5.58374 5.74524
-9999 -9999 -9999 -9999 -9999 -9999 -9999 -0.14657 1.218 3.0926 3.85061 5.05735 6.86556 7.75725 8.18717 8.18256 8.01559 7.48677 7.17095 6.54373 5.40799 3.85314 2.12423 1.00072 1.58038 3.59435 4.07897 2.75967 2.09317 2.93805 4.18106 6.01843 7.07102 7.21883 7.13084 6.78804 5.47977 3.89789 3.91069 4.71537 4.0566 3.29001 3.72511 3.65544 3.01378 2.54997 2.28588 2.48024 3.20963 3.51426 4.22926 5.27942 5.43797 5.41763 5.8644 5.89473 5.91301 5.93727 5.94419 5.94742 5.94138 5.86294 5.67845 4.90633 4.23406 3.29609 3.18681 4.29776 4.77104 5.23056 5.55548 5.66544
-9999 -9999 -9999 -9999 -9999 -9999 -9999 -1.1458 0.459147 2.21563 3.86064 5.41728 6.75772 6.86553 7.57479 7.57865 7.95266 7.85183 7.36198 6.8344 5.85641 3.85727 2.17713 0.344347 0.834268 2.88583 3.16329 2.28274 0.650562 2.34866 4.22067 5.91791 6.83961 6.12839 6.87038 6.81666 6.33076 5.39198 3.92864 3.96424 2.87015 2.83069 3.40564 3.59861 3.51387 3.16809 2.62051 2.73683 3.18608 3.30624 3.96391 4.78057 5.57886 5.72043 5.87957 5.89436 5.90483 5.92487 5.93397 5.92488 5.89177 5.80952 5.16343 4.39376 3.92249 3.27123 3.19887 4.46782 4.97596 5.26898 5.5502 5.66463
-9999 -9999 -9999 -9999 -9999 -9999 -9999 -9999 0.295266 2.10989 3.45384 3.81905 5.01109 5.65691 6.15776 6.27246 7.6931 7.77597 7.46713 6.98277 6.14924 4.63331 3.57864 1.82061 0.558389 1.0996 1.34806 1.81972 1.68834 2.44881 4.24766 6.12157 6.3314 5.15096 5.33303 5.58786 6.15111 5.87594 3.87936 2.86899 2.03202 2.64093 3.28141 3.44351 3.48367 3.37162 3.25491 3.03467 3.88963 4.5247 4.67937 5.23382 5.64532 5.76526 5.85748 5.87603 5.8945 5.90241 5.88655 5.87699 5.78337 5.56442 4.84095 3.09082 3.18027 2.9976 2.4584 3.6885 4.48725 5.19077 5.56714 5.66827
-9999 -9999 -9999 -9999 -9999 -9999 -9999 -9999 -0.307261 1.79175 2.23875 2.21049 1.52169 1.84558 4.42098 4.94333 6.30591 7.59639 7.50674 7.03151 6.25179 5.35077 3.95315 1.9751 0.404341 -0.250614 1.45965 3.13122 3.48063 4.01782 5.12207 5.33651 4.12956 2.99823 3.64285 4.03383 5.50591 5.78038 5.50296 4.30332 2.93098 2.21894 3.07861 3.20163 3.26228 3.2822 3.27028 3.2609 4.22939 4.76635 5.14159 5.34996 5.70445 5.80155 5.83823 5.87297 5.87461 5.86448 5.81746 5.76286 5.49703 5.17365 3.98398 2.99339 2.37848 1.59597 3.38371 3.90576 4.6468 5.1349 5.50911 5.59511
