Test_Spring_2018b/01_18/Temp/20180113_008.txt
ncols	170
nrows	115
xllcorner	350000.000000
yllcorner	4445000.000000
cellsize	1000.000000
nodata_value	-9999.000000
[rows 32 to 63 of 115, columns 72 to 143 of 170]
8.71285 8.40141 8.87242 9.30582 9.03961 8.8591 9.57523 9.57092 9.3213 8.74075 8.52496 8.30133 8.1625 7.41876 5.34023 3.46592 4.46283 4.48168 3.784 5.02112 4.35982 2.6429 0.221245 1.52944 1.18232 -0.535979 -0.964299 -9999 -9999 -9999 -9999 -9999 -9999 -9999 -9999 -9999 -9999 -9999 -9999 -9999 -9999 -9999 -9999 -9999 -9999 -9999 -9999 -9999 -9999 -9999 -9999 -9999 -9999 -9999 -9999 -9999 -9999 -9999 -9999 -9999 -9999 -9999 -9999 -9999 -9999 -9999 -9999 -9999 -9999 -9999 -9999 -9999
8.3009 8.16484 8.86687 8.84815 8.79997 9.05589 9.49973 9.58445 9.48449 9.22885 9.00692 8.77107 8.17938 7.32924 5.54971 3.41694 2.92948 3.96609 4.01111 4.17349 3.57038 2.81408 1.63374 2.59085 2.9593 1.82652 0.348063 -0.603759 -9999 -9999 -9999 -9999 -9999 -9999 -9999 -9999 -9999 -9999 -9999 -9999 -9999 -9999 -9999 -9999 -9999 -9999 -9999 -9999 -9999 -9999 -9999 -9999 -9999 -9999 -9999 -9999 -9999 -9999 -9999 -9999 -9999 -9999 -9999 -9999 -9999 -9999 -9999 -9999 -9999 -9999 -9999 -9999
7.80965 7.12095 7.5425 7.85808 8.44616 8.60262 8.68709 9.52497 9.47613 9.43283 9.06894 8.777 8.29609 7.47772 6.31444 4.91469 2.48089 3.97377 5.14163 5.1066 5.03731 4.50593 3.37176 4.31108 4.35014 2.9045 1.26475 0.296036 -0.107819 -9999 -9999 -9999 -9999 -9999 -9999 -9999 -9999 -9999 -9999 -9999 -9999 -9999 -9999 -9999 -9999 -9999 -9999 -9999 -9999 -9999 -9999 -9999 -9999 -9999 -9999 -9999 -9999 -9999 -9999 -9999 -9999 -9999 -9999 -9999 -9999 -9999 -9999 -9999 -9999 -9999 -9999 -9999
7.2513 6.41096 6.83514 7.40252 8.20548 8.61975 8.93849 9.18615 9.4388 9.40422 9.03192 7.9406 7.78093 7.72937 6.96693 5.3718 3.77867 3.36233 5.14649 5.65354 5.5441 5.93845 4.97687 5.42357 5.23294 4.71759 3.1374 1.69714 1.09767 -0.0816338 -9999 -9999 -9999 -9999 -9999 -9999 -9999 -9999 -9999 -9999 -9999 -9999 -9999 -9999 -9999 -9999 -9999 -9999 -9999 -9999 -9999 -9999 -9999 -9999 -9999 -9999 -9999 -9999 -9999 -9999 -9999 -9999 -9999 -9999 -9999 -9999 -9999 -9999 -9999 -9999 -9999 -9999
-9999 -9999 5.88036 6.65484 7.29606 8.08039 8.76133 9.09819 9.42527 9.39444 8.6546 8.29046 8.25461 7.75355 6.87408 6.32029 5.31544 4.26862 4.66163 6.18227 5.49845 6.57415 6.47739 6.67067 5.94269 4.56874 2.73362 1.66217 1.12529 0.168621 -9999 -9999 -9999 -9999 -9999 -9999 -9999 -9999 -9999 -9999 -9999 -9999 -9999 -9999 -9999 -9999 -9999 -9999 -9999 -9999 -9999 -9999 -9999 -9999 -9999 -9999 -9999 -9999 -9999 -9999 -9999 -9999 -9999 -9999 -9999 -9999 -9999 -9999 -9999 -9999 -9999 -9999
-9999 -9999 -9999 6.51171 6.99966 8.04989 8.59523 8.81252 9.34267 9.33979 9.05698 8.84234 8.53266 8.12939 7.46728 6.73715 5.79177 5.6998 6.67075 6.67768 6.46857 6.62353 7.11959 6.98197 5.85738 3.92371 2.89816 0.81931 -0.073983 0.0116038 -0.62303 -9999 -9999 -9999 -9999 -9999 -9999 -9999 -9999 -9999 -9999 -9999 -9999 1.72094 -9999 -9999 -9999 -9999 -9999 -9999 -9999 -9999 -9999 -9999 -9999 -9999 -9999 -9999 -9999 -9999 -9999 -9999 -9999 -9999 -2.1775 -9999 -9999 -9999 -9999 -9999 -9999 -9999
-9999 -9999 6.41947 7.07396 7.58287 8.24003 8.30061 8.69467 9.30495 9.30994 9.10824 8.88071 8.37427 8.2454 7.86654 7.07421 6.90825 7.22254 7.36454 7.52606 7.62347 7.53488 7.32639 7.05846 6.33221 5.43142 4.82507 2.92448 1.9626 1.04094 -0.3512 -1.44133 -9999 -9999 -9999 -9999 -9999 -9999 -9999 1.01728 0.960834 0.98049 1.27967 2.11439 1.6158 -9999 -9999 -9999 -9999 -9999 -9999 -9999 -9999 -9999 -9999 -9999 -9999 -9999 -9999 -9999 -9999 -9999 -9999 -9999 -1.41919 -2.51673 -9999 -9999 -9999 -9999 -9999 -9999
-9999 -9999 6.59696 7.28598 7.62855 8.26693 8.63085 8.87226 9.08144 9.28107 9.24293 8.99164 8.61138 8.60939 8.08668 7.80259 7.59825 8.02509 8.10537 7.92695 7.7044 7.50693 6.95812 6.88979 6.70756 6.13381 5.19551 4.22883 2.83529 0.947232 -0.904374 -2.39879 -9999 -9999 -9999 -9999 -9999 -9999 1.17894 1.87172 2.28476 1.39122 2.14533 2.83411 2.71814 2.03819 -9999 -9999 -9999 -9999 -9999 -9999 -9999 -9999 -9999 -9999 -9999 -9999 -9999 -9999 3.77985 2.65494 0.387834 -0.776844 -1.47776 -2.47627 -9999 -9999 -9999 -9999 -9999 -9999
-9999 -9999 6.45835 7.27292 7.8239 8.3127 8.38852 8.89466 9.10994 9.21552 9.19879 9.14576 9.07228 8.61568 8.41662 7.72836 8.3775 8.34774 8.17712 7.51667 7.22735 6.09698 5.59651 5.48067 6.42127 5.71654 4.25113 2.42063 0.22368 0.0740905 -0.656608 -1.99279 -9999 -9999 -9999 -9999 -9999 -9999 1.39519 2.13652 2.75444 2.84019 1.95193 3.17978 3.12551 2.4303 2.26835 2.82848 3.10979 2.89054 3.56017 3.75275 3.44296 3.77212 -9999 -9999 -9999 -9999 3.9455 3.98559 4.01454 3.54273 1.06643 -0.626577 -2.1475 -2.29358 -9999 -9999 -9999 -9999 -9999 -9999
-9999 -9999 7.02302 7.52361 7.77556 7.81429 8.25293 8.69559 8.96272 9.15783 9.11417 9.09405 9.07273 8.91368 8.54973 8.60968 8.5757 8.36096 7.10849 5.64737 6.27669 5.40621 3.55154 5.04913 5.8695 5.07167 3.29703 1.24017 0.564658 0.585975 -0.428235 -1.73104 -9999 -9999 -9999 -0.62975 0.433999 0.522397 0.832768 1.82321 2.57546 3.14056 3.52406 3.50648 3.09042 2.41019 1.67127 1.92719 3.24107 3.55738 3.82229 4.02202 3.73404 3.87651 4.22426 4.40156 4.43351 4.34545 4.32135 4.34498 4.29761 3.85695 1.64171 0.371287 -0.441272 -2.06982 -9999 -9999 -9999 -9999 -9999 -9999
-9999 -9999 6.70584 7.14087 7.49285 8.07954 8.13935 8.50929 8.73143 9.0558 9.08915 8.70072 9.01437 8.96897 8.90499 8.77416 8.5845 7.52647 6.06999 4.60981 3.93279 4.21458 3.09617 3.66187 4.4932 4.18148 3.09133 1.25831 0.99541 0.566225 -1.13722 -2.77596 -9999 -9999 -2.69734 -0.652091 0.786696 1.52665 1.75268 1.77015 2.71919 2.78918 3.81105 3.56542 2.20128 2.34855 1.81386 2.15063 2.62867 2.75603 3.4461 4.11009 4.2315 4.22946 4.44909 4.4903 4.49721 4.48633 4.32897 4.39346 4.39888 4.12211 2.51525 1.72886 0.862874 -2.04791 -9999 -9999 -9999 -9999 -9999 -9999
-9999 -9999 6.92961 7.41635 7.94973 8.03414 8.42875 8.38567 8.27385 8.8241 9.02234 8.747 8.54747 8.90321 8.87364 8.821 8.73722 7.7426 6.59225 4.85337 3.7708 3.10742 2.63413 2.00379 2.428 2.29101 2.10932 2.30652 1.79814 0.791125 -0.207639 -2.07311 -3.08379 -9999 -2.58676 -1.66632 0.0457504 1.50005 2.42153 2.08384 3.16366 3.35994 3.98048 3.60798 2.77729 2.41688 2.37988 2.26617 2.99131 3.47666 3.81758 4.04418 4.32746 4.39587 4.46466 4.49051 4.50231 4.51426 4.50543 4.49448 4.45678 4.34939 3.6076 2.82266 1.13269 -1.95147 -9999 -9999 -9999 -9999 -9999 -9999
-9999 5.505 6.87265 7.69082 8.0062 8.23324 8.4331 8.5771 8.73147 8.87211 8.96765 8.92098 8.19803 8.25234 8.37687 8.77999 8.74578 8.65107 8.01965 5.90491 5.17095 4.10026 2.71524 2.13271 2.41535 3.5407 3.4848 2.73058 1.89072 0.732201 -0.00782017 -1.15322 -3.34793 -3.15596 -2.17479 -1.44582 -0.283714 1.49501 2.74049 3.29359 3.49946 3.93376 4.15714 3.64776 3.16238 2.9554 2.57664 2.51861 2.51613 2.9522 3.29065 4.0513 4.304 4.41645 4.47171 4.49919 4.51783 4.53603 4.53901 4.51914 4.51464 4.50325 4.44373 3.40055 0.797313 -1.16413 -9999 -9999 -9999 -9999 -9999 -9999
-9999 -9999 6.61865 6.9772 7.0694 7.23253 7.56882 7.95683 8.51039 8.57856 8.87988 8.87496 8.25114 7.53136 8.14992 8.39256 8.64405 8.64644 8.56038 6.78233 5.84959 5.11404 3.78575 4.25688 4.70463 4.73359 4.45468 2.8437 1.23927 -0.609461 -2.33732 -2.42504 -3.35764 -2.87254 -2.22602 -0.558579 0.613529 1.08608 1.42414 3.2323 3.69885 3.85529 4.31415 3.67595 3.50971 3.02871 3.16475 3.11784 3.11535 1.79264 3.10879 3.18196 4.03815 4.42028 4.50292 4.52208 4.54278 4.542 4.54203 4.533 4.53649 4.51818 4.49744 3.81727 0.51914 -1.13986 -9999 -9999 -9999 -9999 -9999 -9999
-9999 -9999 -9999 -9999 6.72828 7.00159 7.1761 7.47955 8.41615 8.66541 8.82977 8.84056 8.56054 7.84798 7.6569 7.78182 7.0857 7.65855 8.44416 8.41899 8.31755 6.75378 5.9508 6.71707 6.47693 5.30006 4.37273 3.45747 1.57996 0.204471 -1.77501 -3.26273 -3.32387 -1.6931 -0.339653 1.34771 2.08967 1.66008 2.11575 3.01113 4.02901 4.51853 4.39674 3.72426 3.62485 2.88604 3.60159 3.65805 3.31762 3.02274 3.13261 3.5536 3.71119 4.37997 4.53825 4.56209 4.56252 4.5605 4.55269 4.54378 4.52981 4.51722 4.50216 4.46606 1.07598 -1.56298 -9999 -9999 -9999 -9999 -9999 -9999
-9999 -9999 -9999 -9999 6.07815 6.24392 6.68288 7.81309 8.40589 8.64246 8.63122 8.7385 8.53993 7.91257 7.26835 6.66022 5.87718 6.31706 7.48898 8.17759 8.25103 6.87957 7.58457 7.31289 6.78277 5.24531 4.11085 3.50687 1.70415 0.160339 -1.15843 -2.97716 -2.20684 -1.35779 -0.265603 1.57561 2.81656 3.32365 2.88938 3.46027 4.63234 4.63392 3.98513 4.02184 3.62373 2.61606 3.65437 3.94281 3.70092 3.75719 3.66338 3.81696 4.10089 4.37235 4.55126 4.57122 4.56913 4.55827 4.553 4.54831 4.52993 4.52544 4.51035 4.48746 2.29724 -1.61286 -9999 -9999 -9999 -9999 -9999 -9999
-9999 -9999 -9999 -9999 -9999 5.48471 6.48877 7.9897 8.3626 8.3257 8.63287 8.65618 8.35339 8.08969 7.30862 6.24282 4.19973 4.7139 5.79227 7.34947 8.16525 8.04898 7.58628 6.78717 4.86138 3.17536 2.96582 2.68529 1.36822 0.178199 -1.28737 -0.446794 0.474628 1.48333 2.01103 1.86785 2.9305 3.79602 3.42186 4.12328 4.94226 4.56373 4.33777 4.14725 3.6881 3.65556 3.69774 4.28522 3.8701 4.11704 4.11788 4.09876 4.23436 4.39124 4.55634 4.57929 4.57473 4.57259 4.54779 4.54953 4.53443 4.51935 4.50502 4.48458 4.28127 2.17228 0.90993 -9999 -9999 -9999 -9999 -9999
-9999 -9999 -9999 -9999 -9999 4.55657 5.05631 6.83419 7.38364 8.16714 8.58148 8.59722 8.08863 7.80327 6.64159 6.26153 4.37131 3.5128 4.2321 3.9496 6.09581 7.99434 7.57422 3.72564 2.32824 1.32999 1.57963 1.5767 1.20626 -0.816261 -1.37792 0.423617 1.55609 2.43248 3.0962 3.2306 3.20289 4.55942 4.73547 5.17293 5.07193 5.10798 4.41581 3.98551 4.35093 3.91737 3.8391 4.44621 3.83828 4.3786 4.30878 4.14023 4.12685 4.48125 4.54914 4.58257 4.5798 4.56078 4.53763 4.52205 4.52842 4.51763 4.49229 4.48784 4.4628 4.20652 3.1128 2.72717 3.14356 -9999 -9999 -9999
-9999 -9999 -9999 -9999 -9999 -9999 3.39623 5.86773 6.99761 7.5884 8.42119 8.51845 8.24646 7.75552 6.57224 5.53095 3.84075 1.911 0.886713 3.93314 6.58389 7.9649 7.7771 4.57271 3.30486 3.24102 3.97935 3.34664 2.86553 1.32754 0.863939 0.221701 0.609065 1.83256 2.8311 3.79435 4.49343 4.54616 4.99819 5.2555 5.27214 5.34938 5.26361 5.19267 4.52354 4.97663 4.58295 4.7843 4.64656 4.52176 4.41322 4.02898 4.29222 4.5248 4.58112 4.59442 4.57507 4.56666 4.55147 4.524 4.50849 4.50161 4.49397 4.47639 4.47078 4.45296 4.32566 3.6656 2.7838 1.6712 -9999 -9999
-9999 -9999 -9999 -9999 -9999 -9999 2.1602 4.61945 5.80538 7.32914 8.11199 8.42713 8.38099 7.98234 7.08219 5.72941 4.60158 2.44795 0.211853 3.41001 6.25829 7.79295 7.86953 5.17551 5.91569 5.30815 5.54604 4.43808 3.97482 3.60825 2.8112 1.94012 0.987532 0.481248 2.72945 3.88152 4.80774 5.24194 5.48531 5.60437 5.53298 5.35837 4.35274 5.11055 5.06372 4.98267 4.89052 4.84335 4.75938 4.66137 4.60101 4.57658 4.31978 4.60016 4.58772 4.58644 4.58263 4.56997 4.55052 4.5328 4.5121 4.50656 4.49138 4.47614 4.46395 4.4545 4.44108 4.39983 4.22067 2.7283 1.83369 1.57867
-9999 -9999 -9999 -9999 -9999 -9999 -1.29918 2.27952 5.15844 6.65819 7.87797 8.21018 8.33159 7.7982 7.39801 6.42702 5.50717 4.09058 1.97105 0.66412 3.05772 6.53864 7.81865 7.71272 7.62724 6.92568 6.29295 6.2086 6.25068 5.51589 4.44612 3.04997 2.61049 2.11782 3.791 4.01358 3.88595 5.72626 5.7255 5.61564 4.90462 4.10933 4.25433 3.75965 4.12817 3.53971 4.07085 4.52932 4.69738 4.67797 4.61096 4.5982 4.5653 4.6084 4.60235 4.58914 4.57778 4.56921 4.55698 4.53016 4.51256 4.51486 4.49423 4.47783 4.46161 4.45433 4.44498 4.41304 4.3836 4.14974 3.80082 3.13969
-9999 -9999 -9999 -9999 -9999 -9999 -1.14521 1.8678 4.4194 5.94833 7.41784 7.75565 8.24862 8.13691 7.71794 6.8733 5.81911 4.65241 2.83338 1.48013 3.07901 5.38919 7.04156 7.63002 7.61857 7.57359 7.41098 7.34077 7.15226 7.01729 6.24857 4.92897 4.18129 3.08958 4.95476 5.15942 4.86166 5.78999 5.73802 4.32123 3.23071 3.09035 3.74741 3.11247 2.9953 2.59747 3.03539 4.21776 3.86602 3.92928 4.46207 4.54552 4.59535 4.60536 4.59633 4.58849 4.57407 4.57018 4.56621 4.53977 4.5246 4.51435 4.4884 4.47836 4.45869 4.44251 4.4274 4.40777 4.38045 4.31021 4.23395 4.30289
-9999 -9999 -9999 -9999 -9999 -9999 -1.08454 0.942233 3.23795 5.49082 7.06031 7.69086 8.14868 8.13928 7.65299 7.23076 6.56812 5.54111 4.8351 3.61296 1.93751 4.73328 5.58815 6.34901 6.66663 7.46046 7.4357 7.06431 6.63359 7.02258 6.90046 5.85523 5.5079 4.9252 5.96015 5.95726 5.92308 5.86202 4.66417 3.00125 1.67106 2.61941 2.41501 2.84754 1.48504 2.59632 3.489 3.77498 3.15922 2.70112 4.09562 4.32037 4.45301 4.53611 4.5889 4.56963 4.5787 4.56524 4.55588 4.54609 4.52876 4.51611 4.49852 4.48062 4.46218 4.4476 4.42634 4.40162 4.39504 4.35491 4.33615 4.31801
-9999 -9999 -9999 -9999 -9999 -9999 -9999 -0.254031 2.65669 5.25521 6.70004 7.60701 8.04653 8.03394 7.78298 7.49468 7.08189 6.33954 5.40824 3.93945 2.84782 3.53269 4.37032 4.45933 5.01396 6.63211 7.18141 6.3901 4.44202 5.58278 6.85642 6.83006 6.71536 6.58776 6.42487 6.27864 5.96514 5.13445 2.60063 2.09894 1.10191 1.20951 0.695513 1.8016 1.37949 2.51592 3.00537 3.18677 2.12568 2.34337 3.57633 4.06197 3.97515 4.27123 4.55322 4.55753 4.56066 4.5481 4.54916 4.5463 4.53632 4.51853 4.50378 4.49152 4.46157 4.45819 4.35892 4.29264 4.16369 4.31194 4.32164 4.32224
-9999 -9999 -9999 -9999 -9999 -9999 -9999 -0.835572 2.06955 5.1304 6.11034 7.08839 7.9318 7.9438 7.56275 7.20005 6.82651 6.40187 5.27334 4.17883 3.13366 2.77956 2.98421 2.96297 3.86347 5.97319 6.37743 6.19746 4.16255 3.46998 5.17339 6.60411 6.71166 6.57594 4.88028 5.23494 4.31786 3.07603 2.73055 2.1842 1.03531 1.58079 0.737858 1.09189 0.989081 1.63194 1.94263 2.70819 1.78274 1.78141 2.99172 3.60079 3.611 4.2506 4.4754 4.53063 4.54082 4.54675 4.5446 4.54985 4.53903 4.52466 4.50722 4.47154 4.39327 4.16099 2.93261 2.92915 3.2599 3.57271 4.14524 4.30121
-9999 -9999 -9999 -9999 -9999 -9999 -9999 -0.501113 1.51358 4.22901 6.23927 6.36158 7.33654 7.83758 7.42364 6.95809 6.48182 6.27092 5.04318 3.695 2.60479 1.31519 1.52191 2.43939 3.94304 5.304 5.54305 5.25538 4.16245 4.67084 5.83081 6.44416 6.62117 6.47206 6.09854 5.8805 5.20378 4.90756 3.96985 2.5066 1.92716 2.28577 0.732635 0.835623 1.4028 0.787828 1.78501 2.25944 1.06591 2.00236 3.07406 3.61947 4.09571 4.31851 4.40432 4.53863 4.53739 4.54421 4.5457 4.5388 4.53384 4.50635 4.4827 4.34782 4.15121 3.00594 2.52413 2.61235 3.1345 3.59116 4.06705 4.25988
-9999 -9999 -9999 -9999 -9999 -9999 -9999 -0.159076 1.6544 4.00827 5.4403 5.69296 6.77463 7.73588 7.62342 7.13925 6.98851 6.48678 5.44482 4.29439 3.03737 2.42376 1.01935 2.39229 3.47731 4.62904 5.16506 4.26639 3.8121 4.60148 5.38622 5.6964 6.48905 6.47611 6.2107 5.08409 4.53207 4.75801 4.51794 4.10141 3.09259 3.04273 2.39281 2.12054 1.86305 1.03641 1.55378 1.60077 1.73543 2.86244 3.41772 3.78418 4.11707 4.20077 4.34273 4.52846 4.54033 4.54225 4.53646 4.53507 4.51606 4.45679 4.406 4.13969 3.67212 2.80406 1.39879 2.37961 3.4055 3.70651 4.00063 4.1513
-9999 -9999 -9999 -9999 -9999 -9999 -9999 -0.470701 1.45597 3.46708 4.30543 4.44417 6.40537 7.60444 7.60195 7.36999 7.09979 5.8674 5.93472 5.68439 4.54999 2.89977 1.08782 1.25237 2.32302 3.84648 4.34684 2.86413 2.33655 2.71536 3.90477 4.9689 6.08027 6.3586 6.02569 4.27493 2.41477 3.26994 4.18407 4.17383 3.89898 2.96297 2.6622 2.3894 1.70499 0.54867 0.710967 1.02545 2.30401 2.70549 3.32863 3.84531 3.64349 3.75353 4.2477 4.52913 4.53496 4.53509 4.53953 4.52793 4.50578 4.39267 4.27316 4.076 2.86516 2.11023 1.01384 2.27619 2.97385 3.34077 4.00481 4.1593
-9999 -9999 -9999 -9999 -9999 -9999 -9999 -1.07027 0.326752 2.2488 3.02087 4.25482 6.10792 7.01704 7.45044 7.43618 7.25454 6.70009 6.36481 5.70869 4.52878 2.91715 1.12616 -0.0415353 0.544519 2.595 3.07612 1.70827 1.00981 1.86773 3.13566 5.01565 6.08753 6.2277 6.12501 5.75984 4.40034 2.75889 2.7593 3.57483 2.88302 2.07975 2.5135 2.42703 1.75115 1.25807 0.952923 1.13163 1.85908 2.15689 2.87753 3.94364 4.09199 4.05654 4.50252 4.52008 4.52561 4.53761 4.53202 4.5228 4.50413 4.41092 4.20845 3.40074 2.69568 1.71682 1.5911 2.71362 3.20105 3.65476 3.97782 4.07963
-9999 -9999 -9999 -9999 -9999 -9999 -9999 -2.10114 -0.456788 1.34346 3.02877 4.62291 5.99424 6.0961 6.81713 6.8116 7.18707 7.07342 6.55903 6.00565 4.98834 2.9194 1.17884 -0.718976 -0.225058 1.86524 2.13522 1.21664 -0.475913 1.2609 3.17682 4.91276 5.85007 5.10582 5.85792 5.79048 5.27783 4.29858 2.77887 2.80235 1.66216 1.60758 2.18527 2.36923 2.26686 1.89539 1.30422 1.39646 1.83588 1.94393 2.60576 3.43163 4.23896 4.37041 4.52033 4.52196 4.51947 4.52709 4.52365 4.50161 4.4549 4.3576 3.67963 2.87429 2.3761 1.69242 1.60471 2.90222 3.41321 3.69593 3.97424 4.08092
-9999 -9999 -9999 -9999 -9999 -9999 -9999 -9999 -0.627463 1.23252 2.6077 2.97488 4.19333 4.84915 5.35555 5.46416 6.91742 6.99299 6.66507 6.15632 5.28789 3.7167 2.62041 0.799784 -0.510312 0.0187753 0.265358 0.739528 0.59274 1.36435 3.20524 5.1234 5.32791 4.10071 4.27639 4.52679 5.09454 4.79864 2.72977 1.67607 0.800524 1.41346 2.05851 2.21056 2.23673 2.1059 1.95252 1.69682 2.5614 3.19978 3.34376 3.89976 4.30894 4.41826 4.49939 4.50498 4.51078 4.5059 4.47672 4.45412 4.345 4.10679 3.34899 1.53391 1.613 1.41178 0.843307 2.1086 2.90353 3.61675 3.99319 4.08636
-9999 -9999 -9999 -9999 -9999 -9999 -9999 -9999 -1.24968 0.903047 1.35451 1.31644 0.59805 0.922332 3.56498 4.09336 5.48686 6.806 6.70386 6.20458 5.39168 4.45382 3.00455 0.957547 -0.670045 -1.35827 0.380577 2.08991 2.43854 2.98058 4.10654 4.31619 3.06208 1.88571 2.53793 2.92868 4.43239 4.70249 4.40387 3.15516 1.72816 0.980661 1.85121 1.96282 2.00989 2.01477 1.97962 1.93725 2.91225 3.44959 3.82073 4.02043 4.371 4.45691 4.48097 4.50333 4.49187 4.46847 4.40721 4.33819 4.05167 3.70583 2.46786 1.43479 0.788464 -0.0305395 1.79709 2.33322 3.08095 3.56025 3.93452 4.0122
