Test_Spring_2018b/01_18/Temp/20180111_002.txt
ncols	170
nrows	115
xllcorner	350000.000000
yllcorner	4445000.000000
cellsize	1000.000000
nodata_value	-9999.000000
[rows 32 to 63 of 115, columns 72 to 143 of 170]
8.97095 8.61968 9.15389 9.64549 9.33912 9.13563 9.94651 9.94273 9.66134 9.00545 8.76238 8.51046 8.35457 7.51412 5.16309 3.04323 4.17288 4.19565 3.40751 4.80905 4.06209 2.12041 -0.618866 0.863005 0.47146 -1.4702 -1.95274 -9999 -9999 -9999 -9999 -9999 -9999 -9999 -9999 -9999 -9999 -9999 -9999 -9999 -9999 -9999 -9999 -9999 -9999 -9999 -9999 -9999 -9999 -9999 -9999 -9999 -9999 -9999 -9999 -9999 -9999 -9999 -9999 -9999 -9999 -9999 -9999 -9999 -9999 -9999 -9999 -9999 -9999 -9999 -9999 -9999
8.50648 8.35366 9.1493 9.12921 9.07384 9.35985 9.8627 9.95976 9.84783 9.55972 9.30978 9.04413 8.37577 7.41495 5.40233 2.98997 2.43967 3.61422 3.66655 3.85168 3.17048 2.31587 0.981349 2.0658 2.48403 1.2066 -0.466236 -1.54199 -9999 -9999 -9999 -9999 -9999 -9999 -9999 -9999 -9999 -9999 -9999 -9999 -9999 -9999 -9999 -9999 -9999 -9999 -9999 -9999 -9999 -9999 -9999 -9999 -9999 -9999 -9999 -9999 -9999 -9999 -9999 -9999 -9999 -9999 -9999 -9999 -9999 -9999 -9999 -9999 -9999 -9999 -9999 -9999
7.95225 7.17394 7.65213 8.01038 8.67434 8.84786 8.94468 9.89418 9.84017 9.79246 9.38194 9.05287 8.50996 7.58515 6.26998 4.6872 1.93413 3.62501 4.94803 4.90967 4.83251 4.23236 2.94999 4.01422 4.05959 2.42834 0.572434 -0.522417 -0.977978 -9999 -9999 -9999 -9999 -9999 -9999 -9999 -9999 -9999 -9999 -9999 -9999 -9999 -9999 -9999 -9999 -9999 -9999 -9999 -9999 -9999 -9999 -9999 -9999 -9999 -9999 -9999 -9999 -9999 -9999 -9999 -9999 -9999 -9999 -9999 -9999 -9999 -9999 -9999 -9999 -9999 -9999 -9999
7.32202 6.37207 6.85322 7.49643 8.40531 8.87311 9.23087 9.51246 9.79972 9.76196 9.342 8.10832 7.92903 7.87209 7.0106 5.2067 3.40504 2.93514 4.95557 5.53063 5.40793 5.85537 4.76822 5.27484 5.06018 4.47858 2.6946 1.06444 0.387451 -0.945714 -9999 -9999 -9999 -9999 -9999 -9999 -9999 -9999 -9999 -9999 -9999 -9999 -9999 -9999 -9999 -9999 -9999 -9999 -9999 -9999 -9999 -9999 -9999 -9999 -9999 -9999 -9999 -9999 -9999 -9999 -9999 -9999 -9999 -9999 -9999 -9999 -9999 -9999 -9999 -9999 -9999 -9999
-9999 -9999 5.77422 6.6508 7.37751 8.26426 9.03202 9.41461 9.78618 9.75273 8.9169 8.50629 8.46719 7.90159 6.9077 6.28233 5.14642 3.96295 4.4089 6.13099 5.35815 6.57659 6.46808 6.68779 5.8649 4.31151 2.23875 1.02595 0.41973 -0.661515 -9999 -9999 -9999 -9999 -9999 -9999 -9999 -9999 -9999 -9999 -9999 -9999 -9999 -9999 -9999 -9999 -9999 -9999 -9999 -9999 -9999 -9999 -9999 -9999 -9999 -9999 -9999 -9999 -9999 -9999 -9999 -9999 -9999 -9999 -9999 -9999 -9999 -9999 -9999 -9999 -9999 -9999
-9999 -9999 -9999 6.49021 7.04352 8.23317 8.84566 9.09297 9.69443 9.69269 9.37418 9.13284 8.78393 8.32906 7.5812 6.75627 5.68766 5.58479 6.68475 6.69363 6.45795 6.63423 7.19652 7.04164 5.77014 3.58281 2.42313 0.0730515 -0.936611 -0.838373 -1.55516 -9999 -9999 -9999 -9999 -9999 -9999 -9999 -9999 -9999 -9999 -9999 -9999 1.12408 -9999 -9999 -9999 -9999 -9999 -9999 -9999 -9999 -9999 -9999 -9999 -9999 -9999 -9999 -9999 -9999 -9999 -9999 -9999 -9999 -3.22234 -9999 -9999 -9999 -9999 -9999 -9999 -9999
-9999 -9999 6.3872 7.12794 7.7049 8.44971 8.51747 8.96118 9.65339 9.66065 9.43402 9.17819 8.60668 8.46243 8.03518 7.13989 6.95336 7.31024 7.47199 7.65573 7.76683 7.66737 7.43217 7.12968 6.30903 5.29037 4.605 2.45778 1.36904 0.327262 -1.24689 -2.47917 -9999 -9999 -9999 -9999 -9999 -9999 -9999 0.318036 0.256409 0.281014 0.622058 1.56927 1.00761 -9999 -9999 -9999 -9999 -9999 -9999 -9999 -9999 -9999 -9999 -9999 -9999 -9999 -9999 -9999 -9999 -9999 -9999 -9999 -2.36588 -3.60453 -9999 -9999 -9999 -9999 -9999 -9999
-9999 -9999 6.58843 7.36914 7.75783 8.48137 8.89438 9.16367 9.40201 9.62963 9.5882 9.30558 8.87697 8.8764 8.28641 7.96634 7.73638 8.22059 8.31242 8.11136 7.86024 7.63742 7.01693 6.94021 6.73509 6.08642 5.02527 3.93208 2.35736 0.221776 -1.87246 -3.56236 -9999 -9999 -9999 -9999 -9999 -9999 0.498864 1.28502 1.7547 0.745773 1.60165 2.38367 2.25498 1.49148 -9999 -9999 -9999 -9999 -9999 -9999 -9999 -9999 -9999 -9999 -9999 -9999 -9999 -9999 3.50302 2.23303 -0.329453 -1.64413 -2.43385 -3.56027 -9999 -9999 -9999 -9999 -9999 -9999
-9999 -9999 6.43272 7.35549 7.98001 8.53425 8.62121 9.19213 9.43572 9.55699 9.5399 9.48176 9.40045 8.88547 8.66182 7.88438 8.62033 8.58776 8.3956 7.64891 7.32211 6.04337 5.47744 5.34725 6.41224 5.61522 3.95739 1.88647 -0.600385 -0.765966 -1.59173 -3.10262 -9999 -9999 -9999 -9999 -9999 -9999 0.743479 1.58457 2.2861 2.38546 1.38259 2.77467 2.71893 1.93487 1.75429 2.39086 2.71179 2.46563 3.22936 3.44956 3.10109 3.47567 -9999 -9999 -9999 -9999 3.68282 3.73089 3.76658 3.23578 0.436642 -1.47584 -3.19342 -3.35238 -9999 -9999 -9999 -9999 -9999 -9999
-9999 -9999 7.07282 7.64021 7.92628 7.97115 8.46873 8.96801 9.27046 9.4934 9.44592 9.4251 9.40291 9.22475 8.81457 8.88394 8.84682 8.6049 7.18835 5.53549 6.24829 5.26316 3.16492 4.86009 5.78886 4.88632 2.87839 0.551182 -0.213833 -0.186358 -1.33308 -2.80617 -9999 -9999 -9999 -1.55389 -0.348266 -0.246366 0.106863 1.22987 2.08341 2.72515 3.16158 3.14514 2.67882 1.91174 1.07819 1.37046 2.85995 3.22034 3.52515 3.75333 3.42939 3.59225 3.98767 4.19021 4.22836 4.13084 4.10594 4.1353 4.08457 3.58901 1.08586 -0.348219 -1.26396 -3.09884 -9999 -9999 -9999 -9999 -9999 -9999
-9999 -9999 6.71676 7.21001 7.60929 8.27223 8.34109 8.76106 9.01155 9.37918 9.41894 8.98141 9.33841 9.28897 9.21835 9.07187 8.85856 7.66225 6.01475 4.36287 3.59714 3.91686 2.65136 3.29176 4.23285 3.8797 2.6463 0.572337 0.275464 -0.210472 -2.13527 -3.98877 -9999 -9999 -3.89572 -1.57946 0.0505799 0.889852 1.14763 1.1695 2.24577 2.32731 3.48621 3.21152 1.67208 1.8415 1.23922 1.623 2.16641 2.3129 3.09567 3.85189 3.99114 3.99057 4.24083 4.2892 4.29887 4.28859 4.11279 4.18835 4.19739 3.88736 2.07231 1.18603 0.211669 -3.07652 -9999 -9999 -9999 -9999 -9999 -9999
-9999 -9999 6.97067 7.52243 8.12701 8.22354 8.67119 8.62185 8.49459 9.11925 9.34453 9.03508 8.8114 9.21602 9.18443 9.12648 9.03302 7.90845 6.60739 4.64001 3.41521 2.66512 2.1296 1.41604 1.8963 1.74149 1.53617 1.75977 1.18426 0.044365 -1.08499 -3.19345 -4.33611 -9999 -3.7709 -2.72766 -0.788361 0.859351 1.9042 1.52414 2.74846 2.97295 3.67834 3.25937 2.32362 1.91853 1.87935 1.75325 2.57637 3.12817 3.51577 3.77427 4.0989 4.17793 4.25732 4.28816 4.30321 4.31867 4.31088 4.30102 4.26126 4.14296 3.30702 2.42393 0.515541 -2.96871 -9999 -9999 -9999 -9999 -9999 -9999
-9999 5.35908 6.90687 7.83371 8.19155 8.44946 8.67669 8.8408 9.0149 9.17439 9.28459 9.23309 8.41712 8.48069 8.62355 9.08145 9.04412 8.93802 8.22421 5.8314 5.00146 3.78959 2.22215 1.56279 1.88271 3.1564 3.09332 2.24004 1.28997 -0.0214198 -0.858691 -2.15389 -4.6353 -4.41683 -3.30503 -2.47852 -1.16164 0.853232 2.26478 2.89289 3.12815 3.62254 3.87793 3.30424 2.75918 2.52774 2.10181 2.03874 2.0384 2.53422 2.91901 3.78203 4.06985 4.20039 4.26433 4.29688 4.31955 4.34196 4.34746 4.32747 4.32528 4.31567 4.25296 3.07648 0.13522 -2.0784 -9999 -9999 -9999 -9999 -9999 -9999
-9999 -9999 6.61999 7.02667 7.13191 7.31746 7.69907 8.1393 8.76527 8.84413 9.18695 9.18253 8.47819 7.66578 8.3678 8.64412 8.93015 8.93394 8.83732 6.8256 5.77023 4.93786 3.43453 3.96752 4.47418 4.50694 4.19138 2.36836 0.552903 -1.53967 -3.4944 -3.59273 -4.64745 -4.09638 -3.36335 -1.47476 -0.146582 0.390065 0.774666 2.82319 3.35384 3.53355 4.0555 3.33592 3.15203 2.61052 2.76724 2.71678 2.71643 1.22177 2.71305 2.79784 3.76862 4.20284 4.2989 4.32191 4.3468 4.34765 4.34974 4.34196 4.3488 4.33202 4.31293 3.54743 -0.180658 -2.05188 -9999 -9999 -9999 -9999 -9999 -9999
-9999 -9999 -9999 -9999 6.74636 7.05659 7.25506 7.59956 8.6591 8.94287 9.13069 9.14479 8.82982 8.02487 7.81064 7.95377 7.16738 7.81668 8.70669 8.67867 8.56409 6.79434 5.88533 6.75239 6.48047 5.14848 4.09899 3.06326 0.938648 -0.618373 -2.85793 -4.54077 -4.60891 -2.76209 -1.22876 0.68236 1.52373 1.03939 1.55713 2.57291 3.72734 4.28393 4.14878 3.39044 3.28218 2.44894 3.26153 3.32807 2.94527 2.61383 2.73992 3.21832 3.39844 4.15695 4.3376 4.36657 4.36846 4.36781 4.36097 4.35331 4.34099 4.33031 4.31727 4.28078 0.448723 -2.53147 -9999 -9999 -9999 -9999 -9999 -9999
-9999 -9999 -9999 -9999 6.01105 6.19956 6.69729 7.97741 8.64789 8.91727 8.90632 9.02961 8.8068 8.0987 7.37139 6.68492 5.8002 6.29913 7.62622 8.40602 8.48934 6.93723 7.73481 7.42716 6.82702 5.0869 3.80293 3.11944 1.07941 -0.668148 -2.16002 -4.21751 -3.34471 -2.38262 -1.14519 0.940139 2.34623 2.922 2.43266 3.08107 4.41002 4.41443 3.68287 3.72716 3.28086 2.14334 3.32123 3.65031 3.37903 3.445 3.34058 3.51633 3.83943 4.14825 4.35222 4.37628 4.37556 4.36488 4.36087 4.35821 4.34049 4.33898 4.32593 4.30441 1.83032 -2.58842 -9999 -9999 -9999 -9999 -9999 -9999
-9999 -9999 -9999 -9999 -9999 5.34077 6.47802 8.17767 8.59924 8.55908 8.90845 8.93666 8.59587 8.29932 7.4172 6.21273 3.90196 4.48499 5.70623 7.46906 8.39254 8.26099 7.73707 6.83251 4.65285 2.74458 2.50737 2.18991 0.699482 -0.647705 -2.30575 -1.35366 -0.309883 0.832865 1.43143 1.27091 2.47522 3.45665 3.03532 3.83146 4.76081 4.33504 4.08201 3.86915 3.35374 3.31981 3.37034 4.03785 3.57052 3.85227 3.85497 3.83529 3.99051 4.16966 4.35801 4.38545 4.38181 4.38104 4.35497 4.35945 4.34541 4.3319 4.31968 4.30092 4.07547 1.6951 0.271499 -9999 -9999 -9999 -9999 -9999
-9999 -9999 -9999 -9999 -9999 4.2908 4.85727 6.87033 7.49165 8.37991 8.85051 8.87009 8.29633 7.97517 6.66234 6.23393 4.0963 3.12559 3.94049 3.62131 6.05053 8.19924 7.72356 3.36788 1.78626 0.656396 0.938874 0.935588 0.516507 -1.77286 -2.40793 -0.368309 0.914303 1.90729 2.65977 2.81342 2.78373 4.3208 4.52223 5.01962 4.9078 4.95119 4.17052 3.68625 4.10403 3.61623 3.53041 4.22012 3.53456 4.14834 4.07107 3.88228 3.86892 4.27164 4.35001 4.38934 4.38785 4.36794 4.34367 4.32869 4.3389 4.33019 4.30544 4.3047 4.28093 3.9973 2.76449 2.33299 2.80905 -9999 -9999 -9999
-9999 -9999 -9999 -9999 -9999 -9999 2.97895 5.77698 7.0551 7.72521 8.6693 8.78107 8.47507 7.92122 6.58382 5.40704 3.49576 1.31321 0.154105 3.60244 6.60274 8.16585 7.95317 4.32663 2.8917 2.81942 3.65501 2.93904 2.39474 0.653741 0.129659 -0.596418 -0.157076 1.22889 2.36028 3.45187 4.24469 4.3062 4.81978 5.11351 5.13478 5.22475 5.13031 5.0527 4.29963 4.81523 4.3724 4.60287 4.44942 4.31045 4.18936 3.75648 4.05622 4.32112 4.38644 4.40342 4.38299 4.37514 4.35989 4.33109 4.31704 4.31267 4.30786 4.29215 4.29025 4.27638 4.13719 3.39501 2.40177 1.14716 -9999 -9999
-9999 -9999 -9999 -9999 -9999 -9999 1.58058 4.36474 5.70615 7.43207 8.32007 8.67795 8.62738 8.17791 7.16087 5.63153 4.35667 1.92073 -0.608705 3.01079 6.23395 7.97104 8.05785 5.00885 5.84658 5.15907 5.42839 4.17464 3.65061 3.23537 2.33394 1.3489 0.272075 -0.299741 2.24587 3.55114 4.601 5.09422 5.37161 5.50846 5.42947 5.2354 4.09986 4.96011 4.91129 4.82232 4.72068 4.66985 4.57723 4.46857 4.40199 4.37635 4.08759 4.40719 4.395 4.395 4.39223 4.37963 4.35961 4.34185 4.32105 4.3179 4.3057 4.2925 4.28298 4.27848 4.268 4.22598 4.02781 2.34328 1.33507 1.05174
-9999 -9999 -9999 -9999 -9999 -9999 -2.33399 1.71708 4.97513 6.67371 8.05509 8.43258 8.57156 7.96952 7.51824 6.42091 5.3814 3.77956 1.38206 -0.0959901 2.61239 6.55239 8.00009 7.88026 7.78369 6.98988 6.27401 6.17881 6.22678 5.39484 4.18539 2.60602 2.10968 1.55317 3.44801 3.70136 3.55853 5.64305 5.64413 5.52186 4.71933 3.82096 3.98731 3.43166 3.85289 3.18957 3.79328 4.31464 4.50721 4.48749 4.41338 4.40191 4.36643 4.41748 4.41217 4.39876 4.38755 4.37966 4.36785 4.3398 4.3225 4.32801 4.30815 4.29318 4.28093 4.27876 4.27267 4.241 4.21209 3.95171 3.56095 2.81797
-9999 -9999 -9999 -9999 -9999 -9999 -2.15811 1.25032 4.13919 5.87018 7.53462 7.91837 8.47778 8.35289 7.88029 6.9259 5.73429 4.41525 2.3578 0.827355 2.63778 5.25123 7.12175 7.78792 7.77394 7.72335 7.53963 7.46152 7.2485 7.09533 6.22597 4.73346 3.88821 2.65378 4.76594 4.99899 4.66361 5.71599 5.65906 4.05765 2.82558 2.6689 3.41408 2.69774 2.56928 2.12356 2.62168 3.96225 3.56777 3.64151 4.24613 4.34251 4.40156 4.41458 4.406 4.39879 4.38422 4.3817 4.3793 4.35169 4.33712 4.32837 4.30214 4.29457 4.27601 4.26365 4.25308 4.23512 4.20842 4.13305 4.04998 4.13337
-9999 -9999 -9999 -9999 -9999 -9999 -2.08682 0.203356 2.80262 5.35277 7.13031 7.8453 8.36485 8.35568 7.80681 7.33041 6.58188 5.4209 4.62308 3.24104 1.34581 4.51068 5.47671 6.3381 6.69932 7.5981 7.57041 7.15042 6.66113 7.10196 6.9646 5.78253 5.39043 4.7321 5.90468 5.90285 5.86575 5.79838 4.44458 2.56456 1.06118 2.13656 1.90739 2.39835 0.860526 2.12183 3.13453 3.46057 2.76805 2.25176 3.83158 4.08895 4.24092 4.33674 4.39824 4.37821 4.39032 4.37705 4.3686 4.35985 4.3428 4.33129 4.31443 4.29743 4.28059 4.26996 4.24989 4.22472 4.22146 4.18247 4.16516 4.14995
-9999 -9999 -9999 -9999 -9999 -9999 -9999 -1.14801 2.14623 5.08814 6.72444 7.7521 8.25078 8.23787 7.95522 7.63031 7.1645 6.32568 5.27293 3.6118 2.37739 3.15338 4.0997 4.20077 4.82902 6.66083 7.28296 6.38787 4.18269 5.47438 6.91653 6.88754 6.75869 6.6154 6.43153 6.26749 5.91426 4.97584 2.11003 1.54498 0.418651 0.542529 -0.0370189 1.21616 0.742726 2.03124 2.58753 2.79514 1.59653 1.84449 3.24338 3.79511 3.69888 4.03594 4.35848 4.36524 4.37072 4.35854 4.36193 4.36104 4.35229 4.33346 4.31966 4.3089 4.27891 4.28105 4.17256 4.10148 3.95952 4.13125 4.14611 4.1536
-9999 -9999 -9999 -9999 -9999 -9999 -9999 -1.80655 1.48228 4.94741 6.05755 7.16561 8.12136 8.13621 7.70627 7.2971 6.87567 6.39634 5.12036 3.88279 2.70096 2.30113 2.53355 2.50729 3.52707 5.91532 6.37341 6.17032 3.86696 3.08391 5.01254 6.63267 6.75542 6.60298 4.68523 5.08804 4.05171 2.64796 2.25876 1.64232 0.34406 0.963426 0.0115228 0.41429 0.301356 1.0312 1.38511 2.25378 1.20864 1.20866 2.58205 3.27348 3.2871 4.01299 4.26943 4.33395 4.34754 4.35637 4.35617 4.36445 4.3547 4.3411 4.32421 4.28685 4.20145 3.94268 2.55863 2.55846 2.93654 3.29432 3.9477 4.12938
-9999 -9999 -9999 -9999 -9999 -9999 -9999 -1.42742 0.85366 3.92783 6.20398 6.34354 7.44812 8.01637 7.54916 7.02354 6.48578 6.24832 4.86001 3.33535 2.10254 0.644003 0.878799 1.91791 3.61724 5.1582 5.42944 5.10458 3.86736 4.44359 5.75728 6.45244 6.65387 6.48632 6.06492 5.81959 5.05527 4.72167 3.66218 2.008 1.35414 1.76194 0.00620555 0.124786 0.768721 0.0762754 1.20704 1.74617 0.3976 1.46045 2.67552 3.29492 3.83601 4.09022 4.18941 4.34349 4.34419 4.35408 4.35804 4.35259 4.34947 4.32099 4.29701 4.1473 3.92787 2.63495 2.09657 2.19997 2.79449 3.31489 3.86063 4.08221
-9999 -9999 -9999 -9999 -9999 -9999 -9999 -1.03969 1.01364 3.67859 5.3003 5.58733 6.81263 7.90168 7.77561 7.22886 7.05947 6.49283 5.31475 4.01386 2.59228 1.89879 0.310253 1.86487 3.09031 4.39456 5.00199 3.98458 3.47135 4.36566 5.25478 5.6069 6.50513 6.49174 6.1927 4.91913 4.29593 4.55326 4.28327 3.81365 2.67378 2.61925 1.88564 1.57947 1.29003 0.357967 0.945657 1.00099 1.15707 2.43412 3.06473 3.48161 3.86048 3.95731 4.12009 4.33241 4.34799 4.35237 4.3481 4.3489 4.32987 4.26541 4.21066 3.91213 3.38596 2.40665 0.823154 1.93659 3.10105 3.44718 3.78521 3.95897
-9999 -9999 -9999 -9999 -9999 -9999 -9999 -1.3917 0.789686 3.06668 4.01647 4.17453 6.39518 7.75333 7.75167 7.49032 7.18569 5.79211 5.86941 5.58718 4.30437 2.43773 0.387994 0.575072 1.78716 3.50915 4.0763 2.39797 1.80187 2.2316 3.57876 4.78422 6.0432 6.35948 5.98409 4.00414 1.90047 2.8699 3.90613 3.89629 3.58702 2.52955 2.19103 1.8842 1.11154 -0.192937 -0.00790707 0.350115 1.8002 2.25676 2.96416 3.55106 3.32479 3.45145 4.01285 4.3335 4.34229 4.34467 4.352 4.34125 4.31866 4.19324 4.06067 3.84034 2.47291 1.62153 0.386507 1.81952 2.61239 3.03498 3.78972 3.9677
-9999 -9999 -9999 -9999 -9999 -9999 -9999 -2.06958 -0.48766 1.68849 2.56322 3.96073 6.05899 7.08896 7.58056 7.56556 7.36112 6.73476 6.35641 5.61492 4.2806 2.45764 0.431654 -0.888986 -0.224886 2.09305 2.63826 1.09021 0.300772 1.27278 2.70886 4.83769 6.05202 6.21197 6.09715 5.68533 4.14827 2.29218 2.2943 3.21897 2.43778 1.53049 2.02321 1.9272 1.16416 0.608005 0.266173 0.472138 1.29692 1.63614 2.45387 3.66256 3.8326 3.79462 4.3015 4.32353 4.33199 4.34781 4.3438 4.33574 4.31709 4.21416 3.98768 3.07633 2.28124 1.17637 1.03709 2.31452 2.87165 3.39021 3.75896 3.87724
-9999 -9999 -9999 -9999 -9999 -9999 -9999 -3.23556 -1.3738 0.66445 2.57267 4.37777 5.93076 6.04709 6.86418 6.85902 7.28507 7.15755 6.57648 5.95126 4.80096 2.46045 0.491552 -1.65537 -1.09552 1.27058 1.57268 0.534142 -1.3803 0.586425 2.7559 4.72174 5.7838 4.94285 5.79543 5.72058 5.14192 4.03525 2.31698 2.34524 1.05658 0.996566 1.65215 1.86216 1.74815 1.32959 0.664724 0.772104 1.27089 1.39533 2.14649 3.08329 3.9991 4.15 4.32182 4.32584 4.32522 4.3361 4.33451 4.31195 4.26154 4.15397 3.38932 2.48062 1.91962 1.14876 1.05246 2.52668 3.1117 3.43665 3.7547 3.87845
-9999 -9999 -9999 -9999 -9999 -9999 -9999 -9999 -1.56637 0.539419 2.0966 2.51306 3.89299 4.63623 5.21039 5.33439 6.98019 7.06681 6.69677 6.12204 5.14024 3.36305 2.12329 0.0637462 -1.41805 -0.819241 -0.543224 -0.00552001 -0.170543 0.703855 2.78844 4.96052 5.19328 3.80577 4.00601 4.29088 4.93495 4.60164 2.26186 1.07102 0.081844 0.777262 1.50905 1.68293 1.71434 1.5681 1.40019 1.11158 2.09218 2.81679 2.98186 3.61323 4.07843 4.20427 4.29822 4.30672 4.31547 4.31221 4.28148 4.25827 4.13722 3.87017 3.01516 0.963684 1.05599 0.831127 0.190687 1.62825 2.53663 3.34689 3.77595 3.88438
-9999 -9999 -9999 -9999 -9999 -9999 -9999 -9999 -2.27001 0.167012 0.67873 0.636519 -0.175572 0.192423 3.18423 3.78329 5.36145 6.85546 6.74093 6.17694 5.25797 4.19755 2.55831 0.242565 -1.59855 -2.37782 -0.409349 1.52303 1.9187 2.53329 3.80877 4.04731 2.6293 1.29933 2.03889 2.48261 4.18593 4.4932 4.15685 2.7453 1.13202 0.287772 1.27475 1.40284 1.45789 1.46522 1.42903 1.38452 2.4894 3.09964 3.52178 3.74988 4.14873 4.24806 4.2774 4.30486 4.29406 4.26982 4.20277 4.12703 3.8052 3.41633 2.0179 0.851436 0.122759 -0.801272 1.27003 1.88244 2.73582 3.28278 3.70939 3.80026
