Test_Spring_2018b/01_18/Temp/20180104_014.txt
ncols	170
nrows	115
xllcorner	350000.000000
yllcorner	4445000.000000
cellsize	1000.000000
nodata_value	-9999.000000
[rows 32 to 63 of 115, columns 72 to 143 of 170]
10.3463 9.96818 10.5566 11.0984 10.7621 10.5328 11.4173 11.4183 11.1164 10.406 10.1465 9.87748 9.71348 8.80227 6.24208 3.93424 5.17365 5.20462 4.35022 5.88601 5.07621 2.96204 -0.0229758 1.59994 1.17768 -0.953189 -1.48234 -9999 -9999 -9999 -9999 -9999 -9999 -9999 -9999 -9999 -9999 -9999 -9999 -9999 -9999 -9999 -9999 -9999 -9999 -9999 -9999 -9999 -9999 -9999 -9999 -9999 -9999 -9999 -9999 -9999 -9999 -9999 -9999 -9999 -9999 -9999 -9999 -9999 -9999 -9999 -9999 -9999 -9999 -9999 -9999 -9999
9.83168 9.67037 10.5443 10.5276 10.4686 10.7702 11.3183 11.4293 11.3123 11.0033 10.7361 10.4519 9.72833 8.68556 6.49465 3.86739 3.27282 4.5611 4.62419 4.83211 4.09413 3.16668 1.71518 2.90423 3.3659 1.9653 0.131251 -1.04823 -9999 -9999 -9999 -9999 -9999 -9999 -9999 -9999 -9999 -9999 -9999 -9999 -9999 -9999 -9999 -9999 -9999 -9999 -9999 -9999 -9999 -9999 -9999 -9999 -9999 -9999 -9999 -9999 -9999 -9999 -9999 -9999 -9999 -9999 -9999 -9999 -9999 -9999 -9999 -9999 -9999 -9999 -9999 -9999
9.21927 8.37524 8.90268 9.29902 10.0138 10.198 10.3086 11.3501 11.2962 11.2494 10.8068 10.4532 9.86638 8.86279 7.43316 5.71142 2.71215 4.56408 6.01433 5.97831 5.89975 5.25009 3.8555 5.02241 5.07692 3.28342 1.24561 0.0552307 -0.437147 -9999 -9999 -9999 -9999 -9999 -9999 -9999 -9999 -9999 -9999 -9999 -9999 -9999 -9999 -9999 -9999 -9999 -9999 -9999 -9999 -9999 -9999 -9999 -9999 -9999 -9999 -9999 -9999 -9999 -9999 -9999 -9999 -9999 -9999 -9999 -9999 -9999 -9999 -9999 -9999 -9999 -9999 -9999
8.5241 7.49274 8.02341 8.7308 9.71551 10.223 10.6135 10.9257 11.2442 11.2081 10.755 9.41374 9.22371 9.1674 8.23295 6.2698 4.30912 3.80224 6.01387 6.64751 6.51927 7.0132 5.83167 6.38975 6.16022 5.52225 3.56006 1.77803 1.04358 -0.407069 -9999 -9999 -9999 -9999 -9999 -9999 -9999 -9999 -9999 -9999 -9999 -9999 -9999 -9999 -9999 -9999 -9999 -9999 -9999 -9999 -9999 -9999 -9999 -9999 -9999 -9999 -9999 -9999 -9999 -9999 -9999 -9999 -9999 -9999 -9999 -9999 -9999 -9999 -9999 -9999 -9999 -9999
-9999 -9999 6.83853 7.78868 8.58087 9.55129 10.389 10.8113 11.2216 11.19 10.2827 9.83976 9.80264 9.19097 8.11193 7.43532 6.20146 4.91566 5.40857 7.29441 6.45647 7.79204 7.67876 7.92348 7.02973 5.3212 3.05374 1.72664 1.06902 -0.107037 -9999 -9999 -9999 -9999 -9999 -9999 -9999 -9999 -9999 -9999 -9999 -9999 -9999 -9999 -9999 -9999 -9999 -9999 -9999 -9999 -9999 -9999 -9999 -9999 -9999 -9999 -9999 -9999 -9999 -9999 -9999 -9999 -9999 -9999 -9999 -9999 -9999 -9999 -9999 -9999 -9999 -9999
-9999 -9999 -9999 7.60661 8.20942 9.51214 10.1783 10.4526 11.1136 11.1164 10.7736 10.5153 10.1399 9.64901 8.83856 7.94414 6.78381 6.67775 7.8847 7.9004 7.64887 7.84674 8.46562 8.30121 6.91048 4.51701 3.25471 0.677206 -0.421307 -0.310264 -1.08875 -9999 -9999 -9999 -9999 -9999 -9999 -9999 -9999 -9999 -9999 -9999 -9999 1.91461 -9999 -9999 -9999 -9999 -9999 -9999 -9999 -9999 -9999 -9999 -9999 -9999 -9999 -9999 -9999 -9999 -9999 -9999 -9999 -9999 -2.72015 -9999 -9999 -9999 -9999 -9999 -9999 -9999
-9999 -9999 7.49431 8.29112 8.92482 9.74159 9.81792 10.3013 11.0611 11.0734 10.8307 10.5564 9.93789 9.7861 9.32566 8.35453 8.15725 8.55322 8.7361 8.94279 9.06986 8.96668 8.71485 8.38906 7.48126 6.37265 5.62758 3.27893 2.08613 0.952134 -0.7628 -2.10419 -9999 -9999 -9999 -9999 -9999 -9999 -9999 0.997034 0.937233 0.971545 1.35117 2.39231 1.78601 -9999 -9999 -9999 -9999 -9999 -9999 -9999 -9999 -9999 -9999 -9999 -9999 -9999 -9999 -9999 -9999 -9999 -9999 -9999 -1.78755 -3.13336 -9999 -9999 -9999 -9999 -9999 -9999
-9999 -9999 7.69244 8.54847 8.97627 9.76941 10.2235 10.515 10.779 11.0316 10.9908 10.6872 10.2246 10.2296 9.59162 9.24857 9.00406 9.53923 9.64596 9.4327 9.16441 8.92652 8.25393 8.17432 7.93883 7.23357 6.07763 4.88648 3.15568 0.827028 -1.4562 -3.29764 -9999 -9999 -9999 -9999 -9999 -9999 1.17623 2.0423 2.56304 1.46967 2.41188 3.27321 3.14007 2.30088 -9999 -9999 -9999 -9999 -9999 -9999 -9999 -9999 -9999 -9999 -9999 -9999 -9999 -9999 4.59036 3.21082 0.42016 -1.00849 -1.8642 -3.08759 -9999 -9999 -9999 -9999 -9999 -9999
-9999 -9999 7.51722 8.52794 9.21275 9.82062 9.9183 10.5394 10.8083 10.9445 10.9301 10.8713 10.7878 10.2313 9.99339 9.15124 9.96141 9.93267 9.72959 8.92085 8.57001 7.17938 6.56618 6.41392 7.5793 6.71146 4.90346 2.64421 -0.0764288 -0.261033 -1.16012 -2.80666 -9999 -9999 -9999 -9999 -9999 -9999 1.4326 2.35916 3.13357 3.25064 2.16431 3.69215 3.62725 2.77864 2.58853 3.29024 3.64722 3.37922 4.21524 4.46276 4.08961 4.50592 -9999 -9999 -9999 -9999 4.76976 4.82954 4.8756 4.30305 1.25404 -0.82725 -2.69595 -2.87227 -9999 -9999 -9999 -9999 -9999 -9999
-9999 -9999 8.21111 8.83344 9.1483 9.1996 9.74502 10.2875 10.6205 10.8635 10.8161 10.7983 10.7796 10.5912 10.1499 10.2325 10.199 9.94194 8.40239 6.60447 7.3885 6.32119 4.02753 5.87604 6.89214 5.90843 3.71748 1.17764 0.33592 0.362115 -0.887969 -2.49914 -9999 -9999 -9999 -1.11274 0.210357 0.329297 0.723177 1.95777 2.8984 3.61276 4.0982 4.08082 3.57714 2.74735 1.84467 2.17072 3.80352 4.20362 4.53371 4.79015 4.444 4.62782 5.06734 5.29634 5.34586 5.2472 5.22763 5.26709 5.21888 4.6848 1.96026 0.401158 -0.592301 -2.59493 -9999 -9999 -9999 -9999 -9999 -9999
-9999 -9999 7.81364 8.35471 8.7929 9.51669 9.59392 10.0546 10.3264 10.7316 10.7793 10.3066 10.7019 10.6541 10.5838 10.431 10.2055 8.90682 7.11538 5.31868 4.48867 4.83651 3.45882 4.15616 5.18533 4.80262 3.4481 1.1843 0.860444 0.32397 -1.77913 -3.80004 -9999 -9999 -3.68574 -1.15096 0.635669 1.55989 1.84997 1.88296 3.0672 3.16553 4.43978 4.14143 2.46689 2.6596 2.01486 2.44096 3.03852 3.20534 4.06207 4.89176 5.05162 5.05898 5.34027 5.4012 5.41983 5.41659 5.23244 5.32244 5.33951 5.00797 3.03315 2.07198 1.00753 -2.57403 -9999 -9999 -9999 -9999 -9999 -9999
-9999 -9999 8.0812 8.68556 9.34742 9.45465 9.94533 9.89596 9.7552 10.4405 10.691 10.3582 10.1197 10.5678 10.5403 10.4845 10.3901 9.17006 7.757 5.61602 4.28488 3.46548 2.88432 2.09551 2.62076 2.45222 2.22815 2.47209 1.84377 0.592999 -0.638946 -2.94128 -4.18565 -9999 -3.55935 -2.41414 -0.289683 1.51739 2.66707 2.26172 3.608 3.86282 4.63609 4.18754 3.17243 2.73586 2.70069 2.57048 3.47642 4.09029 4.516 4.80589 5.16539 5.25985 5.35483 5.39683 5.42155 5.44656 5.44596 5.4428 5.40664 5.28439 4.37838 3.41487 1.33715 -2.45887 -9999 -9999 -9999 -9999 -9999 -9999
-9999 6.32253 8.00737 9.02068 9.4127 9.69567 9.94532 10.1264 10.3151 10.4941 10.6185 10.5677 9.68283 9.75887 9.92212 10.4297 10.3969 10.2889 9.51715 6.91183 6.00747 4.68197 2.97311 2.25091 2.60049 3.9907 3.92122 2.98891 1.95092 0.51309 -0.400951 -1.81348 -4.52131 -4.27882 -3.05989 -2.15115 -0.705943 1.50224 3.05256 3.74815 4.01511 4.55989 4.84798 4.22871 3.64033 3.3956 2.93834 2.87705 2.88415 3.43289 3.8564 4.80992 5.13207 5.28071 5.35902 5.40308 5.43629 5.46904 5.48307 5.46892 5.47381 5.4702 5.40387 4.12512 0.922119 -1.48696 -9999 -9999 -9999 -9999 -9999 -9999
-9999 -9999 7.69 8.13501 8.25085 8.45444 8.87231 9.35458 10.0366 10.1262 10.505 10.5061 9.7436 8.86359 9.63752 9.94719 10.2676 10.2798 10.182 7.98557 6.83746 5.93165 4.2923 4.87138 5.42423 5.45918 5.11348 3.12196 1.13872 -1.15213 -3.28575 -3.39195 -4.54171 -3.93723 -3.13173 -1.06343 0.394317 0.989031 1.41856 3.66503 4.25116 4.45569 5.03457 4.25787 4.06396 3.48082 3.65968 3.61224 3.61943 1.99538 3.62717 3.72825 4.79667 5.28123 5.39324 5.42706 5.46284 5.47218 5.48258 5.48183 5.4966 5.48217 5.46858 4.63876 0.574609 -1.46095 -9999 -9999 -9999 -9999 -9999 -9999
-9999 -9999 -9999 -9999 7.82491 8.16433 8.38205 8.75965 9.91502 10.2284 10.438 10.459 10.1216 9.25048 9.0244 9.18889 8.33882 9.05426 10.0308 10.0052 9.88379 7.95434 6.96027 7.90681 7.60924 6.15387 5.00652 3.87402 1.5529 -0.153455 -2.59823 -4.43429 -4.50649 -2.48684 -0.808527 1.2845 2.21097 1.6913 2.26635 3.38292 4.65262 5.26959 5.13119 4.3122 4.20098 3.2994 4.1943 4.27467 3.86445 3.51033 3.65213 4.18308 4.38855 5.22552 5.43172 5.47232 5.48311 5.49092 5.49164 5.49105 5.48385 5.47869 5.47053 5.43645 1.25872 -1.98764 -9999 -9999 -9999 -9999 -9999 -9999
-9999 -9999 -9999 -9999 7.01712 7.22352 7.76784 9.16678 9.89752 10.1953 10.1881 10.3284 10.0918 9.32629 8.54045 7.79944 6.84135 7.39309 8.84779 9.70381 9.79823 8.10607 8.97477 8.63859 7.98237 6.08116 4.67755 3.92933 1.70035 -0.214015 -1.84262 -4.08766 -3.13263 -2.07872 -0.722739 1.56023 3.10329 3.74088 3.21553 3.9328 5.393 5.40714 4.61763 4.6748 4.19459 2.96086 4.25458 4.6216 4.33322 4.41303 4.30344 4.50416 4.86587 5.21209 5.44388 5.47919 5.48728 5.48419 5.48803 5.49249 5.48012 5.48496 5.47678 5.45902 2.76369 -2.05316 -9999 -9999 -9999 -9999 -9999 -9999
-9999 -9999 -9999 -9999 -9999 6.28087 7.52337 9.38038 9.83952 9.79956 10.1858 10.2225 9.85729 9.54115 8.58633 7.27985 4.76521 5.40867 6.74768 8.67665 9.68803 9.5464 8.9723 7.98431 5.60365 3.51875 3.25778 2.90911 1.28014 -0.197071 -2.00694 -0.966413 0.17544 1.42672 2.08541 1.91691 3.23968 4.31988 3.86911 4.74757 5.77143 5.31584 5.04861 4.82497 4.26931 4.24029 4.30334 5.03986 4.53753 4.85301 4.86049 4.848 5.02658 5.23137 5.4462 5.48527 5.4902 5.49797 5.47765 5.49011 5.48179 5.47357 5.46632 5.45161 5.21105 2.61939 1.07099 -9999 -9999 -9999 -9999 -9999
-9999 -9999 -9999 -9999 -9999 5.12955 5.74914 7.94849 8.62581 9.59957 10.1184 10.1458 9.52631 9.18247 7.75761 7.29841 4.97257 3.91991 4.81518 4.47115 7.12613 9.47363 8.95209 4.19665 2.46887 1.23381 1.5403 1.53481 1.07561 -1.42994 -2.12278 0.105245 1.50809 2.59611 3.42297 3.5971 3.57289 5.2597 5.4884 6.04055 5.92763 5.98403 5.14062 4.62058 5.08355 4.55902 4.47323 5.23402 4.49354 5.17157 5.0918 4.89479 4.88944 5.33837 5.4332 5.48529 5.49241 5.47936 5.46098 5.45226 5.47047 5.46755 5.44672 5.45178 5.43148 5.12884 3.7888 3.32348 3.84889 -9999 -9999 -9999
-9999 -9999 -9999 -9999 -9999 -9999 3.69382 6.75039 8.14483 8.88067 9.91654 10.0447 9.71374 9.11795 7.66672 6.39037 4.31144 1.93534 0.676004 4.44466 7.72296 9.43116 9.19671 5.23738 3.66995 3.58968 4.50032 3.71722 3.12176 1.21509 0.643844 -0.146905 0.33573 1.85106 3.09209 4.29109 5.1647 5.24057 5.81034 6.13915 6.17128 6.27829 6.18382 6.10754 5.29223 5.86302 5.38751 5.64699 5.48744 5.34382 5.21614 4.75275 5.08925 5.38776 5.46837 5.49542 5.48227 5.48236 5.47386 5.45003 5.44195 5.44386 5.44494 5.4338 5.43754 5.42959 5.28355 4.47922 3.40079 2.03702 -9999 -9999
-9999 -9999 -9999 -9999 -9999 -9999 2.16244 5.20424 6.66788 8.55654 9.52788 9.92144 9.87462 9.39255 8.29077 6.62928 5.24483 2.59191 -0.164242 3.7912 7.31365 9.21185 9.30753 5.97586 6.88975 6.1383 6.43126 5.06164 4.48889 4.02978 3.04712 1.97414 0.798732 0.179127 2.96457 4.39681 5.5509 6.09784 6.40951 6.56795 6.48985 6.28551 5.05431 6.00168 5.95503 5.8658 5.76273 5.71517 5.62208 5.51161 5.44328 5.42448 5.11855 5.47396 5.47148 5.48098 5.48706 5.48195 5.46823 5.45651 5.44104 5.44626 5.43786 5.42967 5.4253 5.42786 5.42253 5.38273 5.17242 3.33951 2.24488 1.94075
-9999 -9999 -9999 -9999 -9999 -9999 -2.11587 2.30938 5.86026 7.71993 9.22815 9.6479 9.80774 9.1588 8.6743 7.48409 6.35628 4.61368 2.00143 0.391801 3.35139 7.65411 9.23756 9.10382 8.99826 8.13132 7.34939 7.24514 7.29749 6.38377 5.06006 3.33955 2.80101 2.19924 4.27431 4.55816 4.4101 6.69396 6.70371 6.57895 5.71162 4.73828 4.92835 4.32823 4.79457 4.07831 4.74524 5.32233 5.54063 5.5273 5.45049 5.44221 5.41361 5.48079 5.48467 5.47945 5.47625 5.47627 5.47155 5.44867 5.43713 5.45017 5.43777 5.42823 5.41863 5.42407 5.42378 5.39552 5.37023 5.09222 4.67185 3.86615
-9999 -9999 -9999 -9999 -9999 -9999 -1.93461 1.78437 4.94279 6.83018 8.65403 9.08038 9.69888 9.57046 9.06231 8.02779 6.73366 5.29956 3.05845 1.39164 3.37094 6.22586 8.26885 8.99299 8.98125 8.92625 8.7259 8.63466 8.40298 8.23042 7.28447 5.65722 4.7396 3.3979 5.71024 5.97185 5.61342 6.77031 6.71645 4.97667 3.64013 3.47751 4.29763 3.52382 3.39 2.90933 3.461 4.93241 4.50319 4.5924 5.25643 5.37155 5.44794 5.47188 5.4721 5.47355 5.46664 5.47251 5.47811 5.4558 5.44739 5.44504 5.42339 5.42508 5.41163 5.40648 5.39855 5.38554 5.36293 5.28715 5.20405 5.30054
-9999 -9999 -9999 -9999 -9999 -9999 -1.86499 0.635951 3.47846 6.25907 8.20622 8.99393 9.56859 9.56613 8.97435 8.46129 7.65057 6.38885 5.52275 4.01801 1.95222 5.40952 6.46525 7.40299 7.79155 8.77281 8.74291 8.28518 7.74971 8.2337 8.08474 6.79888 6.37613 5.66345 6.95009 6.95521 6.92224 6.85652 5.38667 3.34247 1.70948 2.8916 2.64958 3.19159 1.51912 2.89658 4.01004 4.37412 3.62474 3.0698 4.79793 5.09118 5.26674 5.38096 5.45757 5.44494 5.46712 5.46126 5.46032 5.45873 5.44777 5.44262 5.43144 5.41997 5.41219 5.40928 5.39442 5.3756 5.37877 5.33948 5.32722 5.31637
-9999 -9999 -9999 -9999 -9999 -9999 -9999 -0.848436 2.74235 5.95998 7.75291 8.88182 9.43351 9.4267 9.12522 8.77718 8.27473 7.36434 6.21963 4.40995 3.06532 3.91466 4.94835 5.05623 5.74281 7.74329 8.42343 7.4477 5.03323 6.44359 8.02217 7.99552 7.86055 7.7104 7.52135 7.3493 6.97108 5.95428 2.83362 2.21926 0.997308 1.14014 0.515099 1.88805 1.37746 2.79185 3.4071 3.64193 2.34188 2.61449 4.15419 4.76599 4.67046 5.04787 5.40796 5.42452 5.43943 5.43479 5.44685 5.45396 5.45226 5.44077 5.43326 5.42893 5.40775 5.41916 5.30803 5.23763 5.08971 5.28412 5.30718 5.32668
-9999 -9999 -9999 -9999 -9999 -9999 -9999 -1.58543 2.01027 5.79898 7.01731 8.23371 9.28399 9.30712 8.84451 8.40419 7.94998 7.43196 6.04358 4.69644 3.40949 2.97564 3.23149 3.19965 4.31426 6.92281 7.42448 7.20472 4.67965 3.82864 5.93851 7.71224 7.85197 7.69181 5.60496 6.05169 4.92761 3.40257 2.98516 2.31973 0.910002 1.59369 0.562148 1.00951 0.889422 1.69402 2.08841 3.04492 1.91242 1.91395 3.42618 4.19044 4.21476 5.01658 5.3058 5.38535 5.4091 5.42745 5.4357 5.453 5.45044 5.44352 5.43287 5.39979 5.31419 5.04384 3.54249 3.54981 3.96995 4.36782 5.08761 5.29884
-9999 -9999 -9999 -9999 -9999 -9999 -9999 -1.17923 1.31639 4.67821 7.16924 7.3281 8.54055 9.16749 8.66389 8.09621 7.51485 7.26081 5.74987 4.08949 2.74717 1.15793 1.4168 2.55339 4.40522 6.08934 6.38756 6.03534 4.67388 5.30698 6.74572 7.5098 7.73542 7.55872 7.10528 6.84435 6.01709 5.66018 4.51095 2.7126 2.00629 2.45904 0.550007 0.687176 1.39796 0.645121 1.88765 2.48449 1.02078 2.18617 3.52198 4.20756 4.80765 5.09452 5.21206 5.38937 5.39909 5.41866 5.43157 5.43404 5.43891 5.41598 5.39786 5.24242 5.01083 3.60731 3.03445 3.15515 3.81191 4.38767 4.99642 5.24602
-9999 -9999 -9999 -9999 -9999 -9999 -9999 -0.763922 1.48309 4.3981 6.17455 6.49418 7.83815 9.03336 8.90192 8.311 8.13166 7.51823 6.23686 4.82094 3.27278 2.51903 0.787821 2.48758 3.82229 5.24847 5.91409 4.79137 4.23486 5.21539 6.19075 6.58038 7.56666 7.55818 7.23823 5.85472 5.18142 5.46952 5.18211 4.67687 3.44003 3.3881 2.59495 2.26851 1.96047 0.945875 1.59566 1.66444 1.84708 3.24266 3.94045 4.40495 4.82793 4.94297 5.12991 5.37082 5.39684 5.41048 5.41453 5.42401 5.41172 5.34974 5.29831 4.98071 4.41458 3.35376 1.64073 2.86436 4.14365 4.53537 4.91236 5.11019
-9999 -9999 -9999 -9999 -9999 -9999 -9999 -1.15637 1.23045 3.72189 4.76469 4.94334 7.37368 8.86245 8.86664 8.58714 8.2601 6.74394 6.83308 6.52933 5.13288 3.09872 0.864354 1.07155 2.39474 4.27437 4.89632 3.05199 2.40519 2.87866 4.35408 5.67525 7.05529 7.40662 7.00323 4.84852 2.55899 3.62442 4.76293 4.75964 4.4296 3.28291 2.92117 2.59413 1.7587 0.34147 0.547776 0.947087 2.53471 3.04249 3.82413 4.47423 4.23661 4.38421 5.00632 5.36553 5.38419 5.39575 5.41261 5.40965 5.39369 5.26542 5.12932 4.8974 3.41323 2.49242 1.1552 2.73334 3.60734 4.08302 4.91556 5.11844
-9999 -9999 -9999 -9999 -9999 -9999 -9999 -1.90466 -0.172254 2.20903 3.16978 4.70133 6.99791 8.12827 8.67081 8.66014 8.44244 7.76384 7.35566 6.55069 5.0982 3.11193 0.903714 -0.534762 0.193226 2.7207 3.31442 1.61668 0.758893 1.82435 3.39681 5.72592 7.05712 7.23769 7.11866 6.67572 5.0047 2.98564 2.99531 4.01226 3.16715 2.18455 2.73039 2.63367 1.80889 1.21005 0.839805 1.07755 1.97857 2.35831 3.26044 4.58935 4.78437 4.75225 5.31487 5.34814 5.36651 5.39286 5.39748 5.39765 5.38621 5.28275 5.04441 4.05845 3.19941 2.00223 1.85914 3.27049 3.89357 4.46866 4.88027 5.01839
-9999 -9999 -9999 -9999 -9999 -9999 -9999 -3.18583 -1.14795 1.08275 3.17162 5.14801 6.84922 6.98209 7.87988 7.87992 8.35048 8.2165 7.5871 6.90918 5.65772 3.10662 0.960879 -1.37948 -0.76518 1.81856 2.13168 1.00167 -1.08426 1.067 3.43995 5.591 6.75584 5.84365 6.78058 6.70543 6.08063 4.87971 3.0114 3.0499 1.65099 1.59351 2.31735 2.5549 2.43884 1.99039 1.27205 1.39811 1.94332 2.08869 2.9182 3.95034 4.95951 5.13361 5.33049 5.34415 5.35269 5.37374 5.38117 5.36568 5.3198 5.21153 4.386 3.40324 2.80009 1.96789 1.8721 3.49329 4.15297 4.51721 4.87388 5.0184
-9999 -9999 -9999 -9999 -9999 -9999 -9999 -9999 -1.36646 0.937912 2.6435 3.10389 4.61611 5.43329 6.06585 6.20689 8.00904 8.10889 7.70995 7.08726 6.01984 4.08379 2.73409 0.48916 -1.12531 -0.474992 -0.186239 0.404355 0.228024 1.18666 3.46675 5.84274 6.10207 4.59307 4.81775 5.13524 5.84523 5.48862 2.94196 1.64982 0.578069 1.3455 2.1528 2.35117 2.3941 2.24315 2.07195 1.75281 2.83299 3.63365 3.82344 4.52219 5.03949 5.18626 5.29817 5.31676 5.33561 5.34133 5.31708 5.30107 5.1783 4.89619 3.97231 1.74236 1.85275 1.61697 0.927571 2.51317 3.52255 4.41701 4.89531 5.02353
-9999 -9999 -9999 -9999 -9999 -9999 -9999 -9999 -2.14277 0.523134 1.08738 1.04701 0.166271 0.573802 3.84561 4.50529 6.23367 7.86998 7.75007 7.13918 6.14044 4.98689 3.20109 0.676431 -1.3304 -2.19432 -0.0430484 2.06463 2.50011 3.17484 4.57138 4.83633 3.29336 1.84697 2.66027 3.1511 5.01746 5.36023 5.0008 3.46797 1.71519 0.802155 1.88836 2.03705 2.10609 2.12305 2.09718 2.04872 3.25972 3.93566 4.40616 4.66474 5.10964 5.22749 5.2689 5.30823 5.3058 5.28871 5.22494 5.15176 4.81002 4.39518 2.87836 1.61488 0.829406 -0.169232 2.10208 2.7874 3.73125 4.34479 4.82085 4.93035
