Test_Spring_2018b/01_18/Temp/20180119_022.txt
ncols	170
nrows	115
xllcorner	350000.000000
yllcorner	4445000.000000
cellsize	1000.000000
nodata_value	-9999.000000
[rows 32 to 63 of 115, columns 71 to 141 of 170]
8.97619 8.94108 8.5211 9.14657 9.7216 9.35017 9.10626 10.0534 10.0443 9.70745 8.92846 8.63708 8.33542 8.14737 7.15125 4.37174 1.86552 3.19663 3.2211 2.28838 3.94157 3.05812 0.764243 -2.47119 -0.722123 -1.18501 -3.47799 -4.04354 -9999 -9999 -9999 -9999 -9999 -9999 -9999 -9999 -9999 -9999 -9999 -9999 -9999 -9999 -9999 -9999 -9999 -9999 -9999 -9999 -9999 -9999 -9999 -9999 -9999 -9999 -9999 -9999 -9999 -9999 -9999 -9999 -9999 -9999 -9999 -9999 -9999 -9999 -9999 -9999 -9999 -9999 -9999
8.61739 8.39313 8.20734 9.14141 9.11217 9.04445 9.37081 9.9545 10.0645 9.92789 9.5833 9.28394 8.96619 8.17313 7.03495 4.65506 1.80342 1.15077 2.5351 2.59461 2.81121 2.0051 0.994488 -0.582589 0.696829 1.18971 -0.316926 -2.29074 -3.5595 -9999 -9999 -9999 -9999 -9999 -9999 -9999 -9999 -9999 -9999 -9999 -9999 -9999 -9999 -9999 -9999 -9999 -9999 -9999 -9999 -9999 -9999 -9999 -9999 -9999 -9999 -9999 -9999 -9999 -9999 -9999 -9999 -9999 -9999 -9999 -9999 -9999 -9999 -9999 -9999 -9999 -9999
8.0743 7.73915 6.81466 7.37378 7.7912 8.57324 8.76073 8.87045 9.98708 9.91888 9.85824 9.36934 8.97679 8.33192 7.2363 5.67997 3.80785 0.554099 2.54797 4.10771 4.06019 3.96707 3.25663 1.74083 2.99604 3.04832 1.12769 -1.06479 -2.35838 -2.89719 -9999 -9999 -9999 -9999 -9999 -9999 -9999 -9999 -9999 -9999 -9999 -9999 -9999 -9999 -9999 -9999 -9999 -9999 -9999 -9999 -9999 -9999 -9999 -9999 -9999 -9999 -9999 -9999 -9999 -9999 -9999 -9999 -9999 -9999 -9999 -9999 -9999 -9999 -9999 -9999 -9999
7.31859 6.99535 5.86806 6.43055 7.18436 8.25256 8.79795 9.20818 9.53614 9.87092 9.82206 9.32206 7.8614 7.64592 7.57509 6.55443 4.42118 2.29075 1.73306 4.11615 4.79274 4.64564 5.17194 3.8864 4.48293 4.2279 3.54429 1.44052 -0.4874 -1.28792 -2.86335 -9999 -9999 -9999 -9999 -9999 -9999 -9999 -9999 -9999 -9999 -9999 -9999 -9999 -9999 -9999 -9999 -9999 -9999 -9999 -9999 -9999 -9999 -9999 -9999 -9999 -9999 -9999 -9999 -9999 -9999 -9999 -9999 -9999 -9999 -9999 -9999 -9999 -9999 -9999 -9999
-9999 -9999 -9999 5.15647 6.18612 7.03405 8.07863 8.973 9.42016 9.85446 9.81069 8.81965 8.33086 8.28093 7.60947 6.43244 5.69073 4.34635 2.94596 3.46977 5.50061 4.58565 6.02216 5.89198 6.14953 5.17609 3.34665 0.89968 -0.535611 -1.25276 -2.53092 -9999 -9999 -9999 -9999 -9999 -9999 -9999 -9999 -9999 -9999 -9999 -9999 -9999 -9999 -9999 -9999 -9999 -9999 -9999 -9999 -9999 -9999 -9999 -9999 -9999 -9999 -9999 -9999 -9999 -9999 -9999 -9999 -9999 -9999 -9999 -9999 -9999 -9999 -9999 -9999
-9999 -9999 -9999 -9999 5.99606 6.63944 8.03857 8.75234 9.03968 9.74536 9.739 9.35877 9.06984 8.65406 8.11333 7.22679 6.24938 4.98439 4.85987 6.15582 6.1636 5.88276 6.08855 6.75031 6.56538 5.06647 2.48384 1.11291 -1.66356 -2.85724 -2.74283 -3.59093 -9999 -9999 -9999 -9999 -9999 -9999 -9999 -9999 -9999 -9999 -9999 -9999 -0.453389 -9999 -9999 -9999 -9999 -9999 -9999 -9999 -9999 -9999 -9999 -9999 -9999 -9999 -9999 -9999 -9999 -9999 -9999 -9999 -9999 -5.62903 -9999 -9999 -9999 -9999 -9999
-9999 -9999 -9999 5.87976 6.74457 7.41994 8.29361 8.37067 8.88308 9.69583 9.70001 9.42822 9.12215 8.44349 8.2695 7.76149 6.70095 6.47744 6.89573 7.08376 7.29792 7.42646 7.30655 7.02653 6.66721 5.70216 4.49763 3.68667 1.15127 -0.137627 -1.36947 -3.23007 -4.68713 -9999 -9999 -9999 -9999 -9999 -9999 -9999 -1.402 -1.47666 -1.44933 -1.04819 0.0688765 -0.595585 -9999 -9999 -9999 -9999 -9999 -9999 -9999 -9999 -9999 -9999 -9999 -9999 -9999 -9999 -9999 -9999 -9999 -9999 -9999 -4.61896 -6.08547 -9999 -9999 -9999 -9999
-9999 -9999 -9999 6.11326 7.02889 7.48172 8.33008 8.81197 9.12091 9.3976 9.66188 9.6087 9.27093 8.76096 8.75658 8.05636 7.675 7.40016 7.96874 8.07416 7.83389 7.53467 7.26903 6.534 6.44121 6.2027 5.43502 4.18027 2.88767 1.02651 -1.49698 -3.97181 -5.96936 -9999 -9999 -9999 -9999 -9999 -9999 -1.19042 -0.264167 0.288593 -0.904353 0.104857 1.02706 0.87411 -0.0214333 -9999 -9999 -9999 -9999 -9999 -9999 -9999 -9999 -9999 -9999 -9999 -9999 -9999 -9999 2.32572 0.822255 -2.20749 -3.7639 -4.70045 -6.03457 -9999 -9999 -9999 -9999
-9999 -9999 -9999 5.92894 7.01206 7.74311 8.39133 8.488 9.15027 9.43568 9.57425 9.54971 9.47693 9.37699 8.76515 8.49747 7.57601 8.44169 8.40003 8.17007 7.2855 6.89688 5.3844 4.71378 4.56309 5.81882 4.87596 2.91664 0.469516 -2.4704 -2.66621 -3.64333 -5.42964 -9999 -9999 -9999 -9999 -9999 -9999 -0.905582 0.0855369 0.91211 1.02792 -0.157498 1.48528 1.42513 0.498786 0.285104 1.03634 1.41486 1.12668 2.02671 2.28559 1.87274 2.31339 -9999 -9999 -9999 -9999 2.54483 2.598 2.63631 2.00552 -1.30383 -3.56628 -5.59862 -5.79006 -9999 -9999 -9999 -9999
-9999 -9999 -9999 6.68409 7.34732 7.67846 7.72495 8.30623 8.88404 9.23849 9.49894 9.43831 9.40941 9.37912 9.16487 8.67685 8.75528 8.70813 8.41933 6.74371 4.78923 5.62828 4.46055 1.9818 3.98503 5.07996 4.01253 1.63985 -1.10991 -2.01663 -1.98469 -3.34088 -5.08049 -9999 -9999 -9999 -3.61306 -2.1922 -2.07442 -1.65962 -0.335585 0.670586 1.42513 1.93939 1.92366 1.37405 0.468127 -0.516173 -0.171079 1.58767 2.01307 2.37453 2.64315 2.25954 2.45249 2.91744 3.15429 3.19668 3.07853 3.04578 3.07682 3.01306 2.42386 -0.53818 -2.23594 -3.32164 -5.49821 -9999 -9999 -9999 -9999
-9999 -9999 -9999 6.2647 6.84029 7.30496 8.08046 8.15536 8.64511 8.93043 9.3615 9.40372 8.88263 9.29998 9.23765 9.15054 8.97406 8.71889 7.30318 5.35492 3.40166 2.49494 2.87112 1.37466 2.13212 3.24165 2.82113 1.36593 -1.08487 -1.43748 -2.01462 -4.28876 -6.48004 -9999 -9999 -6.37913 -3.64712 -1.72526 -0.736912 -0.434879 -0.411059 0.858173 0.95322 2.32077 1.99978 0.183168 0.383333 -0.328962 0.124598 0.769825 0.942825 1.86955 2.76079 2.92413 2.92202 3.2157 3.2706 3.27937 3.26421 3.05322 3.13872 3.14539 2.77512 0.627589 -0.423311 -1.57765 -5.47043 -9999 -9999 -9999 -9999
-9999 -9999 -9999 6.56433 7.20897 7.91599 8.02315 8.54507 8.47822 8.31762 9.05006 9.31285 8.94286 8.67444 9.14819 9.10711 9.03517 8.92154 7.5906 6.05147 3.72577 2.27709 1.39 0.755618 -0.0830837 0.482506 0.298105 0.0538885 0.315919 -0.367132 -1.71645 -3.05244 -5.54405 -6.89635 -9999 -6.23542 -5.00678 -2.71991 -0.777067 0.454273 0.00350084 1.44761 1.71158 2.54698 2.05227 0.948815 0.47432 0.428624 0.280239 1.25257 1.90374 2.36402 2.66881 3.05035 3.14239 3.23443 3.26869 3.28385 3.29903 3.28635 3.27088 3.21981 3.07578 2.08424 1.03751 -1.22045 -5.34462 -9999 -9999 -9999 -9999
-9999 -9999 4.66731 6.48753 7.57488 7.99031 8.28779 8.54916 8.73619 8.93151 9.11241 9.23761 9.17336 8.20545 8.2764 8.44129 8.97846 8.93114 8.80287 7.95725 5.12931 4.14766 2.71694 0.864505 0.0871792 0.463586 1.96605 1.88984 0.880315 -0.243811 -1.79572 -2.78806 -4.32028 -7.25289 -6.99831 -5.68896 -4.71641 -3.16464 -0.788376 0.875893 1.61557 1.89187 2.47703 2.77845 2.10454 1.46278 1.19044 0.688461 0.614863 0.615181 1.20117 1.65806 2.67655 3.0157 3.16791 3.24181 3.27813 3.30228 3.32564 3.32859 3.30104 3.29421 3.27839 3.20023 1.80641 -1.66948 -4.29281 -9999 -9999 -9999 -9999
-9999 -9999 -9999 6.14712 6.62009 6.73706 6.94888 7.3923 7.90512 8.63401 8.72132 9.12071 9.1094 8.27408 7.3106 8.1357 8.45847 8.79301 8.79458 8.67783 6.30189 5.05402 4.06963 2.29307 2.9237 3.52076 3.55803 3.18374 1.02915 -1.11685 -3.5912 -5.90219 -6.02149 -7.27088 -6.62329 -5.76138 -3.53489 -1.96992 -1.33923 -0.887621 1.52927 2.156 2.37009 2.98692 2.13817 1.92318 1.28506 1.47139 1.413 1.4136 -0.350485 1.41307 1.51298 2.65861 3.17017 3.28145 3.30654 3.3333 3.33115 3.33 3.3168 3.32052 3.29653 3.27045 2.36212 -2.04443 -4.26332 -9999 -9999 -9999 -9999
-9999 -9999 -9999 -9999 -9999 6.27969 6.63856 6.86554 7.2651 8.50591 8.835 9.05117 9.06264 8.68598 7.73115 7.47431 7.63981 6.70809 7.47249 8.52144 8.48659 8.34977 6.2587 5.18634 6.20921 5.88704 4.31289 3.07202 1.84705 -0.664033 -2.50604 -5.15347 -7.14387 -7.22793 -5.05098 -3.24426 -0.991303 -0.00126546 -0.576224 0.0325483 1.23205 2.59471 3.25212 3.09329 2.19902 2.07359 1.09126 2.0523 2.13232 1.68157 1.2912 1.44283 2.00764 2.21974 3.11427 3.32594 3.35772 3.3573 3.35335 3.3416 3.32846 3.31023 3.29332 3.27351 3.22596 -1.30337 -4.83159 -9999 -9999 -9999 -9999
-9999 -9999 -9999 -9999 -9999 5.40925 5.62429 6.20451 7.70871 8.49006 8.802 8.78332 8.92359 8.65564 7.81513 6.95238 6.1383 5.0907 5.67738 7.24239 8.16152 8.25852 6.42458 7.36742 7.0033 6.29364 4.23762 2.71989 1.91083 -0.50043 -2.56747 -4.33212 -6.76502 -5.73814 -4.60599 -3.14875 -0.690196 0.966593 1.64357 1.06387 1.82832 3.39716 3.4027 2.53979 2.59344 2.06901 0.727585 2.12015 2.51033 2.1914 2.27041 2.1499 2.35739 2.73835 3.1019 3.34109 3.36728 3.36362 3.34779 3.33935 3.33242 3.30733 3.30125 3.28145 3.2516 0.32576 -4.90099 -9999 -9999 -9999 -9999
-9999 -9999 -9999 -9999 -9999 -9999 4.608 5.94331 7.94282 8.43021 8.37654 8.78321 8.81111 8.40376 8.04914 7.00356 5.57785 2.84634 3.53237 4.97246 7.05243 8.14157 7.9851 7.36756 6.29868 3.72395 1.46939 1.18766 0.810766 -0.951576 -2.54591 -4.50685 -3.38613 -2.15743 -0.812028 -0.109216 -0.302581 1.11594 2.27193 1.7724 2.71133 3.80838 3.30603 3.00825 2.75834 2.15239 2.11415 2.17559 2.96544 2.41506 2.74888 2.75484 2.73155 2.91425 3.12466 3.34536 3.37551 3.36843 3.36426 3.32985 3.33124 3.31054 3.29035 3.27158 3.24504 2.97444 0.154645 -1.53139 -9999 -9999 -9999
-9999 -9999 -9999 -9999 -9999 -9999 3.36605 4.02744 6.39703 7.12022 8.16278 8.71255 8.73019 8.04768 7.66426 6.10995 5.60052 3.07348 1.92484 2.88516 2.50674 5.37388 7.90995 7.3494 2.20543 0.33685 -0.998607 -0.666736 -0.672698 -1.17006 -3.87696 -4.63003 -2.2252 -0.714515 0.454038 1.3386 1.51653 1.47786 3.28998 3.52582 4.112 3.97964 4.03129 3.11046 2.54007 3.03598 2.46177 2.36218 3.17818 2.37004 3.09585 3.00733 2.78427 2.76784 3.24216 3.33293 3.37708 3.37262 3.34582 3.31359 3.29199 3.30001 3.28556 3.25211 3.24695 3.21458 2.87062 1.40992 0.895538 1.45296 -9999
-9999 -9999 -9999 -9999 -9999 -9999 -9999 1.8076 5.10418 6.60287 7.38786 8.49672 8.6232 8.25785 7.599 6.01558 4.62247 2.36268 -0.216859 -1.58757 2.48264 6.02407 7.86861 7.61863 3.33555 1.64009 1.55335 2.53828 1.69072 1.04545 -1.01399 -1.63603 -2.49693 -1.98195 -0.348516 0.983916 2.26873 3.20135 3.27119 3.87565 4.2213 4.24607 4.35265 4.24203 4.15169 3.26495 3.8754 3.35411 3.62767 3.44767 3.28448 3.14412 2.63271 2.98585 3.29733 3.37262 3.39077 3.36367 3.35113 3.32962 3.29195 3.27118 3.26198 3.2522 3.22949 3.22306 3.19762 3.02835 2.14718 0.969695 -0.516247
-9999 -9999 -9999 -9999 -9999 -9999 -9999 0.154681 3.43506 5.00845 7.04021 8.08352 8.50178 8.43668 7.90111 6.69596 4.88652 3.37818 0.499381 -2.48937 1.78156 5.58713 7.637 7.73827 4.13939 5.12736 4.31406 4.63024 3.14761 2.52623 2.0322 0.964579 -0.202066 -1.47586 -2.15381 0.847648 2.38492 3.62117 4.20084 4.52644 4.68686 4.59271 4.36412 3.02402 4.04091 3.98553 3.88187 3.7632 3.70436 3.59596 3.4683 3.39221 3.36147 3.01955 3.39587 3.3801 3.37749 3.37126 3.35316 3.32608 3.30154 3.27332 3.26593 3.24685 3.22725 3.21196 3.1975 3.18033 3.12599 2.88737 0.893797
-9999 -9999 -9999 -9999 -9999 -9999 -9999 -4.46918 0.307377 4.14511 6.14447 7.77148 8.21146 8.37026 7.6546 7.11751 5.81817 4.58766 2.69368 -0.139405 -1.88647 1.30831 5.95905 7.66866 7.52845 7.41305 6.47411 5.62687 5.51218 5.56619 4.58008 3.15132 1.28253 0.69473 0.0332415 2.26648 2.56183 2.38989 4.84865 4.84799 4.70239 3.75422 2.69298 2.88997 2.23502 2.73437 1.95223 2.66612 3.28261 3.51067 3.48775 3.40264 3.38893 3.34588 3.40557 3.39704 3.37859 3.36241 3.34993 3.33264 3.29606 3.27209 3.275 3.24801 3.22665 3.20708 3.19524 3.1834 3.14138 3.10268 2.79075
-9999 -9999 -9999 -9999 -9999 -9999 -9999 -4.26104 -0.247819 3.157 5.19706 7.15652 7.60407 8.25944 8.10727 7.54503 6.41445 5.00428 3.44411 1.01243 -0.796666 1.33931 4.42163 6.62866 7.41655 7.40011 7.33861 7.11963 7.02857 6.77414 6.58928 5.55925 3.79627 2.79409 1.33237 3.82245 4.09404 3.69488 4.93497 4.86583 2.9736 1.51808 1.3329 2.21263 1.36746 1.21757 0.691972 1.28084 2.86432 2.3991 2.48635 3.20272 3.31564 3.38553 3.39897 3.38654 3.37539 3.3553 3.34922 3.34313 3.30717 3.28654 3.27274 3.23826 3.22587 3.20033 3.17616 3.15788 3.13216 3.09615 3.0027
-9999 -9999 -9999 -9999 -9999 -9999 -9999 -4.1741 -1.48517 1.57793 4.58573 6.67896 7.51783 8.12629 8.11085 7.45861 6.89241 6.00536 4.63171 3.68724 2.0532 -0.18662 3.54859 4.68527 5.70361 6.13217 7.1916 7.15676 6.65835 6.07826 6.59568 6.43387 5.03434 4.56748 3.78628 5.16715 5.16159 5.1148 5.03276 3.43228 1.21098 -0.565056 0.70434 0.433707 1.0134 -0.801033 0.688689 1.88515 2.27064 1.45243 0.84265 2.71045 3.01517 3.19296 3.3041 3.37437 3.34808 3.35953 3.34082 3.32769 3.31411 3.29066 3.27371 3.25039 3.22687 3.20361 3.18124 3.15319 3.12034 3.112 3.06003
-9999 -9999 -9999 -9999 -9999 -9999 -9999 -9999 -3.078 0.808377 4.27629 6.20275 7.41079 7.99458 7.9747 7.63677 7.24944 6.6962 5.70294 4.45747 2.49389 1.03437 1.94882 3.06216 3.18275 3.92279 6.08378 6.81614 5.7567 3.14912 4.67588 6.37548 6.33776 6.18205 6.00928 5.78956 5.59265 5.17272 4.06222 0.676345 0.00696634 -1.32399 -1.1783 -1.86286 -0.383315 -0.941125 0.580675 1.23781 1.4831 0.0677156 0.36359 2.01684 2.66691 2.55151 2.94739 3.32471 3.33006 3.33371 3.31636 3.31728 3.31307 3.29952 3.27533 3.25582 3.23982 3.20133 3.19348 3.06113 2.97287 2.80083 2.99914
-9999 -9999 -9999 -9999 -9999 -9999 -9999 -9999 -3.85365 0.0241268 4.11017 5.41563 6.71888 7.84257 7.85561 7.34384 6.85701 6.3561 5.78721 4.27794 2.81428 1.4166 0.942411 1.21478 1.1825 2.38468 5.20259 5.74115 5.49878 2.78021 1.85269 4.12688 6.03662 6.17822 5.99488 3.7272 4.19984 2.97344 1.31356 0.852063 0.122637 -1.41149 -0.68095 -1.80546 -1.33017 -1.46284 -0.60107 -0.183252 0.842261 -0.39222 -0.389192 1.23394 2.04883 2.06305 2.91802 3.2184 3.29196 3.30522 3.31274 3.30951 3.31625 3.30166 3.28249 3.25936 3.21201 3.10786 2.79925 1.15357 1.14913 1.59123 2.00929
-9999 -9999 -9999 -9999 -9999 -9999 -9999 -9999 -3.40653 -0.718383 2.90632 5.58888 5.74876 7.04839 7.71503 7.15933 6.53499 5.89667 5.61325 3.97119 2.16833 0.710239 -1.0143 -0.739346 0.485306 2.49054 4.30784 4.6257 4.23951 2.78024 3.45783 5.00605 5.8238 6.05849 5.85753 5.35691 5.06438 4.15928 3.76308 2.51008 0.555202 -0.21819 0.262332 -1.81161 -1.67217 -0.912272 -1.72941 -0.394604 0.241496 -1.35156 -0.0907717 1.3426 2.07232 2.7093 3.00728 3.12199 3.30133 3.29942 3.30825 3.30998 3.30056 3.29384 3.25713 3.22569 3.04571 2.78333 1.25329 0.606372 0.724296 1.42205 2.0322
-9999 -9999 -9999 -9999 -9999 -9999 -9999 -9999 -2.94921 -0.529718 2.61205 4.52211 4.85636 6.29872 7.58044 7.42763 6.77837 6.57497 5.90275 4.50877 2.96997 1.28878 0.467409 -1.41081 0.422386 1.86783 3.40553 4.1203 2.9209 2.31232 3.36562 4.41264 4.82549 5.88316 5.86439 5.50844 4.00189 3.26351 3.5651 3.2443 2.68805 1.34064 1.27503 0.407778 0.0453988 -0.297099 -1.39742 -0.704163 -0.639589 -0.453151 1.05763 1.80074 2.29125 2.73664 2.84877 3.03857 3.2867 3.3024 3.30476 3.29683 3.29483 3.26935 3.19017 3.12241 2.76673 2.14217 0.982468 -0.898622 0.412011 1.78282 2.18315
-9999 -9999 -9999 -9999 -9999 -9999 -9999 -9999 -3.36539 -0.794436 1.88949 3.00637 3.18854 5.80637 7.40598 7.40014 7.0879 6.72477 5.07602 5.16426 4.82814 3.31064 1.10385 -1.3191 -1.10082 0.330596 2.35954 3.02671 1.0472 0.340834 0.845643 2.43365 3.85427 5.33807 5.70874 5.26276 2.92225 0.435792 1.57824 2.79976 2.78632 2.41953 1.16948 0.768528 0.405138 -0.508179 -2.04905 -1.83089 -1.40911 0.309441 0.847144 1.68084 2.37204 2.10285 2.25021 2.91072 3.28681 3.29451 3.29455 3.30034 3.28472 3.25504 3.10389 2.94423 2.68089 1.06298 0.0543649 -1.41554 0.272747 1.20484 1.69847
-9999 -9999 -9999 -9999 -9999 -9999 -9999 -9999 -4.16638 -2.30306 0.262011 1.29047 2.93636 5.40983 6.62204 7.19872 7.17738 6.93253 6.18964 5.73976 4.86121 3.28276 1.12741 -1.26763 -2.82977 -2.04834 0.687003 1.33341 -0.497179 -1.43178 -0.286552 1.40658 3.91765 5.34886 5.53508 5.3969 4.9081 3.09074 0.896825 0.89723 1.98715 1.06298 -0.00990334 0.570481 0.455832 -0.446333 -1.10415 -1.50788 -1.26265 -0.285577 0.113464 1.07738 2.50276 2.70153 2.65449 3.25066 3.27417 3.28152 3.29745 3.28987 3.27742 3.25239 3.12777 2.85721 1.77789 0.835797 -0.472144 -0.639981 0.856433 1.50561 2.11702
-9999 -9999 -9999 -9999 -9999 -9999 -9999 -9999 -5.54377 -3.34983 -0.947405 1.30157 3.42891 5.25867 5.39216 6.35324 6.34355 6.84316 6.68925 5.99992 5.25855 3.89728 1.1307 -1.19702 -3.73492 -3.07664 -0.282865 0.0746834 -1.15393 -3.41686 -1.09699 1.46224 3.78098 5.03252 4.03699 5.0412 4.95036 4.2647 2.95567 0.924599 0.955943 -0.56757 -0.64015 0.132383 0.378917 0.242958 -0.252521 -1.03878 -0.909075 -0.31694 -0.171551 0.713729 1.81807 2.89747 3.0735 3.27406 3.27634 3.273 3.28311 3.27839 3.2488 3.18624 3.05611 2.15004 1.07382 0.4081 -0.505452 -0.622538 1.10594 1.78825 2.17118
-9999 -9999 -9999 -9999 -9999 -9999 -9999 -9999 -9999 -3.57775 -1.09541 0.739226 1.227 2.85254 3.72638 4.40068 4.54352 6.4834 6.58231 6.14209 5.46027 4.29787 2.19637 0.729526 -1.70525 -3.45776 -2.74628 -2.42399 -1.79134 -1.98849 -0.958337 1.50077 4.06315 4.33556 2.69476 2.92876 3.26272 4.02086 3.62498 0.859957 -0.548293 -1.7183 -0.899005 -0.0366268 0.167108 0.20275 0.0287164 -0.167947 -0.504121 0.652298 1.50636 1.69962 2.44334 2.99071 3.1372 3.24588 3.25349 3.26125 3.25466 3.21551 3.18513 3.03912 2.72061 1.70779 -0.71788 -0.612219 -0.881096 -1.6407 0.0479835 1.11238 2.06468
-9999 -9999 -9999 -9999 -9999 -9999 -9999 -9999 -9999 -4.40926 -1.53568 -0.935379 -0.98907 -1.95175 -1.5209 2.0082 2.71202 4.57203 6.33273 6.19417 5.52496 4.4367 3.18148 1.24288 -1.49444 -3.67124 -4.58915 -2.26512 0.0133214 0.478312 1.20179 2.70562 2.98498 1.30829 -0.26449 0.606395 1.12794 3.13683 3.49729 3.09784 1.42888 -0.47818 -1.47704 -0.313444 -0.163885 -0.100412 -0.0931641 -0.134141 -0.184057 1.12086 1.83991 2.33677 2.6044 3.07351 3.18877 3.22123 3.25128 3.23597 3.20461 3.12256 3.03009 2.64693 2.1845 0.52992 -0.850803 -1.71462 -2.80912 -0.366735 0.347409 1.34657 1.98864
