Test_Spring_2018b/01_18/Temp/20180121_018.txt
ncols	170
nrows	115
xllcorner	350000.000000
yllcorner	4445000.000000
cellsize	1000.000000
nodata_value	-9999.000000
[rows 32 to 63 of 115, columns 71 to 141 of 170]
8.87603 8.8503 8.48058 9.04553 9.56552 9.24068 9.02415 9.87953 9.87688 9.58127 8.89042 8.63541 8.3711 8.20817 7.32262 4.8425 2.60634 3.80019 3.82556 2.99487 4.47546 3.68808 1.63953 -1.25098 0.314232 -0.0980816 -2.14771 -2.65797 -9999 -9999 -9999 -9999 -9999 -9999 -9999 -9999 -9999 -9999 -9999 -9999 -9999 -9999 -9999 -9999 -9999 -9999 -9999 -9999 -9999 -9999 -9999 -9999 -9999 -9999 -9999 -9999 -9999 -9999 -9999 -9999 -9999 -9999 -9999 -9999 -9999 -9999 -9999 -9999 -9999 -9999 -9999
8.5549 8.36031 8.20014 9.04112 9.02101 8.96285 9.26131 9.79136 9.89506 9.77822 9.47546 9.21306 8.93412 8.23012 7.21742 5.09446 2.54953 1.97011 3.21136 3.26797 3.46473 2.74694 1.84608 0.438597 1.5845 2.02714 0.678399 -1.08766 -2.22556 -9999 -9999 -9999 -9999 -9999 -9999 -9999 -9999 -9999 -9999 -9999 -9999 -9999 -9999 -9999 -9999 -9999 -9999 -9999 -9999 -9999 -9999 -9999 -9999 -9999 -9999 -9999 -9999 -9999 -9999 -9999 -9999 -9999 -9999 -9999 -9999 -9999 -9999 -9999 -9999 -9999 -9999
8.06907 7.77555 6.95521 7.46115 7.84043 8.53911 8.71924 8.82257 9.82599 9.77017 9.72104 9.28899 8.94297 8.37127 7.39649 6.00971 4.34046 1.4359 3.22227 4.62033 4.58133 4.50135 3.86928 2.51705 3.64179 3.69101 1.96753 0.00620178 -1.14815 -1.62766 -9999 -9999 -9999 -9999 -9999 -9999 -9999 -9999 -9999 -9999 -9999 -9999 -9999 -9999 -9999 -9999 -9999 -9999 -9999 -9999 -9999 -9999 -9999 -9999 -9999 -9999 -9999 -9999 -9999 -9999 -9999 -9999 -9999 -9999 -9999 -9999 -9999 -9999 -9999 -9999 -9999
7.39326 7.11061 6.10915 6.61825 7.29834 8.25611 8.74859 9.12492 9.42321 9.7275 9.68872 9.24656 7.94552 7.75753 7.69877 6.79083 4.88819 2.98797 2.49357 4.62795 5.23662 5.10877 5.5827 4.43673 4.97305 4.74795 4.13387 2.24754 0.52808 -0.185114 -1.59095 -9999 -9999 -9999 -9999 -9999 -9999 -9999 -9999 -9999 -9999 -9999 -9999 -9999 -9999 -9999 -9999 -9999 -9999 -9999 -9999 -9999 -9999 -9999 -9999 -9999 -9999 -9999 -9999 -9999 -9999 -9999 -9999 -9999 -9999 -9999 -9999 -9999 -9999 -9999 -9999
-9999 -9999 -9999 5.47976 6.40375 7.16961 8.10649 8.91535 9.32012 9.71324 9.67887 8.79757 8.36518 8.32506 7.7293 6.68156 6.02295 4.82555 3.57803 4.05058 5.87021 5.05628 6.34426 6.2315 6.46515 5.59816 3.95475 1.76763 0.488684 -0.149767 -1.28966 -9999 -9999 -9999 -9999 -9999 -9999 -9999 -9999 -9999 -9999 -9999 -9999 -9999 -9999 -9999 -9999 -9999 -9999 -9999 -9999 -9999 -9999 -9999 -9999 -9999 -9999 -9999 -9999 -9999 -9999 -9999 -9999 -9999 -9999 -9999 -9999 -9999 -9999 -9999 -9999
-9999 -9999 -9999 -9999 6.23496 6.81769 8.07422 8.71904 8.98087 9.6165 9.61542 9.28001 9.02616 8.65888 8.17991 7.39185 6.52261 5.39632 5.28958 6.45264 6.46404 6.21731 6.40543 7.00094 6.83934 5.49771 3.18671 1.96423 -0.515859 -1.58014 -1.47499 -2.23019 -9999 -9999 -9999 -9999 -9999 -9999 -9999 -9999 -9999 -9999 -9999 -9999 0.619794 -9999 -9999 -9999 -9999 -9999 -9999 -9999 -9999 -9999 -9999 -9999 -9999 -9999 -9999 -9999 -9999 -9999 -9999 -9999 -9999 -3.93987 -9999 -9999 -9999 -9999 -9999
-9999 -9999 -9999 6.12811 6.90679 7.51663 8.30347 8.37582 8.84214 9.57338 9.5816 9.343 9.07368 8.47131 8.32014 7.87046 6.92698 6.73187 7.11056 7.28343 7.47962 7.59915 7.49641 7.25032 6.93308 6.06387 4.99046 4.26872 2.0033 0.855105 -0.243121 -1.90335 -3.20271 -9999 -9999 -9999 -9999 -9999 -9999 -9999 -0.236661 -0.29975 -0.271814 0.0901244 1.09188 0.500836 -9999 -9999 -9999 -9999 -9999 -9999 -9999 -9999 -9999 -9999 -9999 -9999 -9999 -9999 -9999 -9999 -9999 -9999 -9999 -3.03252 -4.33855 -9999 -9999 -9999 -9999
-9999 -9999 -9999 6.33742 7.16248 7.57349 8.33775 8.77404 9.05642 9.30836 9.54898 9.50567 9.2079 8.75622 8.75663 8.13514 7.79887 7.55801 8.07124 8.1705 7.9607 7.69811 7.46537 6.81277 6.73403 6.51498 5.83221 4.71385 3.56153 1.89994 -0.352893 -2.56213 -4.34459 -9999 -9999 -9999 -9999 -9999 -9999 -0.0460741 0.785809 1.28367 0.220757 1.12626 1.95374 1.81984 1.01144 -9999 -9999 -9999 -9999 -9999 -9999 -9999 -9999 -9999 -9999 -9999 -9999 -9999 -9999 3.15945 1.82055 -0.882716 -2.26888 -3.10096 -4.28852 -9999 -9999 -9999 -9999
-9999 -9999 -9999 6.17443 7.14939 7.80924 8.39463 8.48656 9.08642 9.34444 9.47257 9.45475 9.39375 9.30853 8.76584 8.53102 7.712 8.49082 8.45871 8.25837 7.47284 7.13058 5.78346 5.18867 5.04936 6.17575 5.33646 3.58832 1.40395 -1.22022 -1.3938 -2.26411 -3.85766 -9999 -9999 -9999 -9999 -9999 -9999 0.213877 1.10385 1.84655 1.95364 0.897217 2.36878 2.30793 1.48222 1.29345 1.96718 2.30768 2.04986 2.8568 3.09086 2.72465 3.12169 -9999 -9999 -9999 -9999 3.349 3.4015 3.44091 2.88232 -0.070729 -2.0879 -3.89941 -4.06773 -9999 -9999 -9999 -9999
-9999 -9999 -9999 6.85174 7.4515 7.75397 7.80152 8.32668 8.85072 9.17067 9.40195 9.35214 9.33065 9.30795 9.12091 8.68927 8.76419 8.727 8.47391 6.98113 5.23902 5.99411 4.96083 2.74533 4.53678 5.51949 4.56889 2.45124 -0.0036563 -0.810355 -0.780096 -1.98924 -3.5453 -9999 -9999 -9999 -2.2171 -0.942633 -0.833121 -0.458218 0.729313 1.63244 2.31439 2.77737 2.75922 2.26838 1.46063 0.582646 0.892969 2.46699 2.8491 3.17204 3.41453 3.07423 3.24613 3.66533 3.88095 3.92304 3.82193 3.79743 3.83017 3.77833 3.25687 0.617932 -0.894246 -1.85935 -3.79925 -9999 -9999 -9999 -9999
-9999 -9999 -9999 6.47375 6.99513 7.41704 8.11597 8.18854 8.6316 8.89324 9.28233 9.32448 8.863 9.24049 9.18927 9.11607 8.96317 8.74009 7.47967 5.74324 4.00232 3.19685 3.53402 2.20079 2.87903 3.87474 3.50836 2.20537 0.017845 -0.29397 -0.806143 -2.83639 -4.79146 -9999 -9999 -4.68863 -2.2419 -0.51941 0.368491 0.642688 0.667937 1.80623 1.89452 3.12002 2.82948 1.20599 1.38676 0.755586 1.16252 1.73572 1.89212 2.72032 3.51981 3.66861 3.66985 3.93588 3.98881 4.00089 3.9919 3.80815 3.88968 3.90093 3.57531 1.66095 0.726905 -0.301799 -3.77379 -9999 -9999 -9999 -9999
-9999 -9999 -9999 6.73974 7.32256 7.96095 8.0629 8.5354 8.4861 8.34895 9.00825 9.24704 8.92068 8.68515 9.11322 9.08121 9.02181 8.92531 7.74073 6.37008 4.29626 3.00634 2.21469 1.65206 0.898875 1.40802 1.24671 1.03198 1.26992 0.667653 -0.534813 -1.72547 -3.94956 -5.15427 -9999 -4.55448 -3.4515 -1.40254 0.338759 1.4438 1.04483 2.33943 2.57866 3.32315 2.88294 1.89674 1.46917 1.42966 1.29844 2.16924 2.7558 3.16687 3.44154 3.78565 3.87096 3.95668 3.99117 4.00898 4.02719 4.02081 4.01219 3.97193 3.84868 2.96782 2.03576 0.0225993 -3.6563 -9999 -9999 -9999 -9999
-9999 -9999 5.04124 6.67483 7.65343 8.03122 8.3034 8.54309 8.71613 8.89749 9.06808 9.18446 9.13111 8.27035 8.3384 8.49057 8.97573 8.93853 8.82909 8.07842 5.5556 4.68033 3.40204 1.74987 1.05615 1.39606 2.74267 2.67812 1.77938 0.778403 -0.604728 -1.48405 -2.84975 -5.46748 -5.23532 -4.06008 -3.18586 -1.79389 0.334991 1.82713 2.49237 2.74298 3.26528 3.5369 2.93169 2.35781 2.11531 1.66757 1.60289 1.60449 2.12988 2.53818 3.45296 3.75865 3.89807 3.96755 4.0039 4.02979 4.05538 4.06306 4.04375 4.04314 4.03459 3.96887 2.72829 -0.376724 -2.71436 -9999 -9999 -9999 -9999
-9999 -9999 -9999 6.37457 6.80395 6.91498 7.11066 7.51323 7.97766 8.63608 8.7196 9.08196 9.07902 8.33667 7.48007 8.22251 8.51603 8.82021 8.82681 8.72767 6.60452 5.49291 4.61666 3.03214 3.59703 4.13407 4.17079 3.83976 1.91744 0.0030591 -2.20457 -4.26589 -4.36768 -5.47758 -4.89421 -4.11878 -2.12343 -0.719513 -0.150997 0.257128 2.42173 2.98283 3.17341 3.7261 2.96829 2.77562 2.2058 2.37307 2.32172 2.32335 0.747701 2.32405 2.41576 3.44275 3.90434 4.00756 4.03389 4.06218 4.06504 4.06913 4.06272 4.07162 4.05478 4.03488 3.22782 -0.706521 -2.68273 -9999 -9999 -9999 -9999
-9999 -9999 -9999 -9999 -9999 6.5104 6.83761 7.04681 7.41017 8.52635 8.82624 9.02505 9.04074 8.70933 7.86151 7.63681 7.78978 6.96196 7.64958 8.5907 8.56344 8.44482 6.57903 5.62182 6.53931 6.25447 4.8506 3.74489 2.65366 0.413018 -1.22918 -3.59105 -5.36529 -5.43511 -3.48356 -1.86245 0.156696 1.04676 0.537551 1.08619 2.15936 3.37963 3.96882 3.82781 3.02901 2.91615 2.03834 2.89793 2.9701 2.56806 2.22034 2.35569 2.86299 3.05546 3.85849 4.05152 4.08462 4.08867 4.08998 4.08466 4.07836 4.06612 4.05599 4.04322 4.00558 -0.0385939 -3.18542 -9999 -9999 -9999 -9999
-9999 -9999 -9999 -9999 -9999 5.73668 5.93537 6.46046 7.81148 8.51707 8.80188 8.791 8.92206 8.68805 7.94204 7.1761 6.45338 5.52147 6.05028 7.45332 8.27868 8.36886 6.7327 7.57686 7.25429 6.62296 4.78827 3.43507 2.71571 0.564435 -1.27878 -2.85129 -5.02088 -4.09735 -3.07961 -1.77128 0.432114 1.91829 2.52801 2.01311 2.69924 4.10366 4.10989 3.33926 3.38762 2.91788 1.71886 2.96403 3.31335 3.02906 3.10088 2.99298 3.18089 3.52439 3.85282 4.07054 4.09827 4.09978 4.09052 4.08818 4.08677 4.06935 4.06883 4.05598 4.03407 1.42326 -3.24209 -9999 -9999 -9999 -9999
-9999 -9999 -9999 -9999 -9999 -9999 5.03135 6.23154 8.02548 8.46845 8.42665 8.79626 8.8271 8.46868 8.15719 7.2278 5.95832 3.52117 4.13869 5.4299 7.29281 8.26971 8.13294 7.58207 6.62935 4.33067 2.31847 2.07022 1.73729 0.166232 -1.25427 -3.00207 -1.99469 -0.890567 0.317969 0.951994 0.784661 2.0579 3.09575 2.65274 3.49475 4.47729 4.02936 3.76377 3.54062 2.9979 2.96377 3.01892 3.72548 3.23428 3.53392 3.53915 3.52084 3.6872 3.87884 4.08013 4.11148 4.10987 4.11112 4.0854 4.09166 4.07809 4.06486 4.05282 4.03377 3.79651 1.2828 -0.219328 -9999 -9999 -9999
-9999 -9999 -9999 -9999 -9999 -9999 3.92553 4.52332 6.64821 7.30212 8.24051 8.73825 8.76014 8.15592 7.81834 6.4343 5.98406 3.72949 2.70713 3.56932 3.23438 5.80058 8.07068 7.57063 2.97491 1.30746 0.11691 0.417248 0.415997 -0.0241074 -2.43908 -3.10695 -0.951489 0.404851 1.4554 2.25196 2.4161 2.38683 4.01107 4.22562 4.75223 4.63567 4.68292 3.86029 3.3506 3.7929 3.27965 3.19087 3.92087 3.19934 3.84951 3.77036 3.57359 3.56207 3.98976 4.07501 4.11894 4.11948 4.10058 4.07671 4.06249 4.0745 4.06631 4.04102 4.04096 4.01657 3.7161 2.41536 1.96066 2.46418 -9999
-9999 -9999 -9999 -9999 -9999 -9999 -9999 2.54322 5.49686 6.84413 7.55241 8.55014 8.6695 8.34662 7.76417 6.35457 5.11436 3.09868 0.796482 -0.424278 3.21756 6.38645 8.03827 7.81577 3.98963 2.47696 2.40276 3.28696 2.53346 1.96123 0.125129 -0.425492 -1.18934 -0.723042 0.741679 1.93824 3.09292 3.93188 3.99856 4.54212 4.85444 4.87833 4.97469 4.8764 4.79592 4.00229 4.54819 4.08256 4.3278 4.16796 4.02357 3.89818 3.44381 3.76282 4.04506 4.11657 4.13638 4.11726 4.11108 4.09674 4.06773 4.05443 4.05081 4.04657 4.03071 4.02941 4.01368 3.86737 3.08474 2.03733 0.714281
-9999 -9999 -9999 -9999 -9999 -9999 -9999 1.06968 4.00885 5.42295 7.2459 8.18254 8.56134 8.5102 8.03796 6.96652 5.35414 4.01021 1.44049 -1.22808 2.59511 5.99997 7.83534 7.92876 4.71234 5.59861 4.87496 5.16143 3.84028 3.28949 2.85283 1.90395 0.866816 -0.268529 -0.869895 1.81993 3.20018 4.31048 4.83287 5.12714 5.27282 5.19209 4.98877 3.79149 4.70098 4.65074 4.55847 4.45299 4.40131 4.3057 4.19331 4.12546 4.10097 3.79878 4.13808 4.12734 4.13004 4.12954 4.11834 4.09894 4.08159 4.06074 4.05925 4.04705 4.03387 4.02457 4.01872 4.00832 3.96482 3.7567 1.97987
-9999 -9999 -9999 -9999 -9999 -9999 -9999 -3.06003 1.21663 4.65077 6.44542 7.90412 8.30477 8.45372 7.82044 7.34618 6.18981 5.09427 3.40498 0.875642 -0.683238 2.17855 6.33897 7.87024 7.74577 7.64577 6.80991 6.05643 5.95824 6.01128 5.13469 3.85844 2.1944 1.67254 1.08806 3.09093 3.36079 3.21213 5.41429 5.41692 5.28912 4.44312 3.49808 3.67498 3.09022 3.53618 2.83765 3.47673 4.02904 4.23447 4.21597 4.14013 4.12933 4.09473 4.15048 4.1477 4.1362 4.12675 4.1205 4.10978 4.0816 4.06448 4.07122 4.05237 4.0374 4.02505 4.02167 4.01598 3.98347 3.95407 3.68057
-9999 -9999 -9999 -9999 -9999 -9999 -9999 -2.8757 0.71962 3.77053 5.59777 7.35678 7.76405 8.35678 8.22714 7.73035 6.72483 5.46874 4.07794 1.90756 0.293369 2.20569 4.96767 6.94364 7.64879 7.63772 7.58637 7.39463 7.31125 7.08905 6.92904 6.01443 4.44082 3.55166 2.25154 4.48377 4.7322 4.3803 5.49299 5.43445 3.74538 2.44605 2.28181 3.07228 2.31751 2.18322 1.71492 2.24255 3.65961 3.24354 3.32382 3.96449 4.06898 4.13285 4.14944 4.14314 4.13811 4.12507 4.12447 4.12369 4.09601 4.08183 4.0736 4.04679 4.04124 4.02252 4.0083 3.99789 3.97993 3.95292 3.87473
-9999 -9999 -9999 -9999 -9999 -9999 -9999 -2.80194 -0.383766 2.36152 5.05329 6.93167 7.68857 8.23919 8.23167 7.65434 7.15336 6.36496 5.14101 4.30029 2.84278 0.843556 4.18568 5.20905 6.12038 6.49973 7.45046 7.42349 6.98266 6.46954 6.93782 6.79442 5.54971 5.1388 4.44674 5.68713 5.68761 5.65059 5.58133 4.15392 2.17085 0.585229 1.72163 1.48101 2.00369 0.381796 1.71276 2.78356 3.12975 2.40172 1.85913 3.5291 3.80198 3.96516 4.06906 4.13664 4.118 4.13308 4.12111 4.11396 4.10623 4.08952 4.07847 4.06165 4.04464 4.02964 4.01726 3.99697 3.97048 3.96823 3.9286
-9999 -9999 -9999 -9999 -9999 -9999 -9999 -9999 -1.81257 1.66445 4.77189 6.50134 7.58841 8.11713 8.10573 7.80945 7.46838 6.97835 6.09438 4.98444 3.2322 1.93036 2.75072 3.75327 3.86222 4.52717 6.46281 7.12177 6.17942 3.85257 5.21761 6.74299 6.71549 6.58252 6.43416 6.24431 6.07354 5.70283 4.71417 1.6908 1.09423 -0.093388 0.0386208 -0.571868 0.755708 0.257461 1.61925 2.20829 2.42947 1.16648 1.43024 2.90782 3.49289 3.39404 3.75254 4.09616 4.10571 4.11374 4.10291 4.10827 4.10889 4.10102 4.08174 4.06821 4.05783 4.0292 4.03022 3.91664 3.8427 3.6941 3.87681
-9999 -9999 -9999 -9999 -9999 -9999 -9999 -9999 -2.50891 0.964434 4.62409 5.79804 6.96989 7.98097 7.99879 7.54699 7.11696 6.6738 6.16938 4.82389 3.51888 2.27269 1.85201 2.09883 2.07599 3.1543 5.67735 6.16315 5.95122 3.51904 2.69537 4.73415 6.44729 6.57979 6.42169 4.39999 4.82761 3.73586 2.25604 1.84695 1.19782 -0.171139 0.484056 -0.519327 -0.0926773 -0.206578 0.565551 0.941008 1.85999 0.758967 0.760874 2.21138 2.94381 2.96079 3.72961 4.00281 4.0733 4.08986 4.10119 4.10277 4.1131 4.10422 4.09114 4.07448 4.03617 3.94717 3.67731 2.2151 2.2161 2.61651 2.99563
-9999 -9999 -9999 -9999 -9999 -9999 -9999 -9999 -2.10818 0.301376 3.54827 5.95294 6.10235 7.27043 7.87234 7.38115 6.82817 6.26226 6.01322 4.54929 2.94136 1.64151 0.103431 0.352896 1.45151 3.25067 4.87936 5.16795 4.82747 3.52044 4.13149 5.52104 6.2577 6.47314 6.29899 5.85674 5.60017 4.79557 4.44544 3.3289 1.58449 0.895888 1.32793 -0.523809 -0.397 0.284463 -0.440704 0.754818 1.32596 -0.0953782 1.02653 2.31153 2.96782 3.54147 3.81229 3.9194 4.08435 4.08726 4.0997 4.10569 4.10159 4.09981 4.07113 4.04713 3.89036 3.66002 2.29656 1.72932 1.83972 2.46866 3.01947
-9999 -9999 -9999 -9999 -9999 -9999 -9999 -9999 -1.69864 0.470449 3.2853 4.99905 5.30402 6.59943 7.751 7.61986 7.0446 6.86758 6.27114 5.02923 3.65766 2.1587 1.42835 -0.24671 1.39618 2.69537 4.07427 4.71774 3.64232 3.1032 4.04994 4.99123 5.36567 6.31654 6.30502 5.99189 4.6499 3.99429 4.26798 3.98493 3.49103 2.28956 2.23371 1.46106 1.13965 0.835981 -0.141783 0.480519 0.540989 0.706248 2.05573 2.72371 3.16614 3.56846 3.67305 3.84719 4.07354 4.09211 4.09872 4.09606 4.09863 4.08014 4.01359 3.95724 3.64353 3.08952 2.05723 0.386983 1.56363 2.79423 3.15613
-9999 -9999 -9999 -9999 -9999 -9999 -9999 -9999 -2.07022 0.233986 2.63924 3.64361 3.81234 6.15831 7.59387 7.59402 7.32002 7.00029 5.53105 5.61441 5.31826 3.96595 1.99741 -0.164325 0.0351572 1.31824 3.14041 3.7414 1.96821 1.34159 1.79786 3.22256 4.49767 5.82924 6.16565 5.77185 3.68423 1.46588 2.49131 3.58715 3.5787 3.25413 2.13976 1.7843 1.46232 0.648692 -0.72563 -0.524574 -0.144581 1.38568 1.86983 2.6188 3.24061 3.00407 3.14005 3.73488 4.07553 4.08689 4.09139 4.101 4.09143 4.06926 3.93849 3.80011 3.56908 2.12718 1.23004 -0.0741512 1.44189 2.28029 2.72115
-9999 -9999 -9999 -9999 -9999 -9999 -9999 -9999 -2.78598 -1.11463 1.18407 2.1091 3.58604 5.80273 6.8918 7.41259 7.39864 7.18472 6.52544 6.12796 5.34719 3.94068 2.01842 -0.118094 -1.50998 -0.806758 1.64619 2.22287 0.588334 -0.242395 0.78623 2.30472 4.55444 5.8388 6.01012 5.89134 5.45896 3.83873 1.88168 1.88602 2.86413 2.04154 1.08585 1.60795 1.50864 0.705262 0.120313 -0.233923 -0.015954 0.855708 1.21595 2.08133 3.35941 3.54111 3.50322 4.04043 4.06581 4.07678 4.09547 4.09314 4.08647 4.06855 3.96162 3.72423 2.76388 1.92625 0.761638 0.616294 1.96614 2.55059 3.09766
-9999 -9999 -9999 -9999 -9999 -9999 -9999 -9999 -4.01712 -2.05048 0.102546 2.11838 4.02545 5.66646 5.79104 6.65538 6.65184 7.1035 6.97089 6.35957 5.70169 4.4896 2.02121 -0.0548629 -2.31881 -1.72551 0.776373 1.09554 0.0018509 -2.01642 0.0621668 2.35475 4.43234 5.55589 4.67063 5.57297 5.49628 4.88774 3.72179 1.91022 1.94221 0.584075 0.522866 1.21702 1.44086 1.32268 0.883056 0.184355 0.302007 0.829445 0.962943 1.75799 2.74901 3.71786 3.87927 4.06273 4.06904 4.07041 4.08388 4.08414 4.06221 4.01086 3.89912 3.09377 2.13633 1.5459 0.733957 0.634054 2.18995 2.80561 3.14824
-9999 -9999 -9999 -9999 -9999 -9999 -9999 -9999 -9999 -2.25432 -0.0301399 1.61502 2.05613 3.51436 4.30062 4.9085 5.0413 6.78058 6.87412 6.4857 5.88131 4.84727 2.9737 1.66747 -0.504084 -2.06576 -1.42986 -1.13753 -0.567339 -0.738965 0.186555 2.38948 4.68471 4.9328 3.47055 3.68425 3.98726 4.66941 4.31985 1.85231 0.597549 -0.444339 0.29199 1.06671 1.25252 1.28796 1.13586 0.960832 0.660334 1.69757 2.46456 2.64092 3.30946 3.80259 3.93747 4.03869 4.04967 4.06092 4.05945 4.02898 4.00643 3.88059 3.6006 2.69997 0.536352 0.635643 0.400123 -0.274085 1.24011 2.19836 3.05508
-9999 -9999 -9999 -9999 -9999 -9999 -9999 -9999 -9999 -2.99771 -0.424039 0.117397 0.074212 -0.781523 -0.391451 2.76841 3.40269 5.07064 6.6499 6.53136 5.93849 4.97099 3.85424 2.12651 -0.315293 -2.25611 -3.08027 -0.997278 1.04665 1.46688 2.11813 3.46694 3.72111 2.22663 0.825058 1.60801 2.07867 3.87896 4.20562 3.85292 2.36528 0.664718 -0.224061 0.820163 0.957751 1.01824 1.02834 0.991504 0.946414 2.11808 2.76433 3.21199 3.45481 3.87783 3.98466 4.01761 4.04857 4.03915 4.01554 3.94677 3.86881 3.53111 3.12263 1.64847 0.419159 -0.348063 -1.32152 0.866785 1.51003 2.40904 2.98908
