Test_Spring_2018b/01_18/Temp/20180120_013.txt
ncols	170
nrows	115
xllcorner	350000.000000
yllcorner	4445000.000000
cellsize	1000.000000
nodata_value	-9999.000000
[rows 32 to 63 of 115, columns 72 to 143 of 170]
11.5312 11.2093 11.7255 12.2014 11.9173 11.7341 12.5125 12.5195 12.2637 11.6534 11.4341 11.2065 11.0698 10.2852 8.0705 6.07473 7.15539 7.18818 6.45327 7.79141 7.09551 5.26855 2.68648 4.10068 3.74126 1.91038 1.46674 -9999 -9999 -9999 -9999 -9999 -9999 -9999 -9999 -9999 -9999 -9999 -9999 -9999 -9999 -9999 -9999 -9999 -9999 -9999 -9999 -9999 -9999 -9999 -9999 -9999 -9999 -9999 -9999 -9999 -9999 -9999 -9999 -9999 -9999 -9999 -9999 -9999 -9999 -9999 -9999 -9999 -9999 -9999 -9999 -9999
11.1054 10.9713 11.735 11.7265 11.6832 11.9602 12.4469 12.5493 12.454 12.1919 11.966 11.7254 11.1035 10.2049 8.31061 6.03791 5.52812 6.65134 6.71216 6.89873 6.26512 5.46736 4.21526 5.25326 5.66053 4.4602 2.88814 1.87905 -9999 -9999 -9999 -9999 -9999 -9999 -9999 -9999 -9999 -9999 -9999 -9999 -9999 -9999 -9999 -9999 -9999 -9999 -9999 -9999 -9999 -9999 -9999 -9999 -9999 -9999 -9999 -9999 -9999 -9999 -9999 -9999 -9999 -9999 -9999 -9999 -9999 -9999 -9999 -9999 -9999 -9999 -9999 -9999
10.5946 9.86833 10.3315 10.6811 11.3178 11.4894 11.5915 12.5009 12.4603 12.4258 12.0479 11.7472 11.2441 10.3795 9.14552 7.6582 5.06302 6.67508 7.93893 7.91395 7.85226 7.29546 6.09278 7.1117 7.16603 5.63269 3.88341 2.85846 2.43875 -9999 -9999 -9999 -9999 -9999 -9999 -9999 -9999 -9999 -9999 -9999 -9999 -9999 -9999 -9999 -9999 -9999 -9999 -9999 -9999 -9999 -9999 -9999 -9999 -9999 -9999 -9999 -9999 -9999 -9999 -9999 -9999 -9999 -9999 -9999 -9999 -9999 -9999 -9999 -9999 -9999 -9999 -9999
10.012 9.12315 9.58911 10.2084 11.078 11.5304 11.8761 12.1531 12.4356 12.4105 12.0235 10.8664 10.7075 10.6646 9.86004 8.1634 6.46895 6.03538 7.95954 8.51535 8.41061 8.84565 7.82786 8.31894 8.12716 7.58986 5.90833 4.37493 3.74564 2.49513 -9999 -9999 -9999 -9999 -9999 -9999 -9999 -9999 -9999 -9999 -9999 -9999 -9999 -9999 -9999 -9999 -9999 -9999 -9999 -9999 -9999 -9999 -9999 -9999 -9999 -9999 -9999 -9999 -9999 -9999 -9999 -9999 -9999 -9999 -9999 -9999 -9999 -9999 -9999 -9999 -9999 -9999
-9999 -9999 8.58157 9.42056 10.1192 10.9678 11.7015 12.0741 12.4363 12.4151 11.6345 11.2564 11.2303 10.7057 9.77586 9.19498 8.13085 7.02176 7.45537 9.09717 8.377 9.54204 9.45083 9.67036 8.90281 7.44365 5.49087 4.35264 3.7904 2.77844 -9999 -9999 -9999 -9999 -9999 -9999 -9999 -9999 -9999 -9999 -9999 -9999 -9999 -9999 -9999 -9999 -9999 -9999 -9999 -9999 -9999 -9999 -9999 -9999 -9999 -9999 -9999 -9999 -9999 -9999 -9999 -9999 -9999 -9999 -9999 -9999 -9999 -9999 -9999 -9999 -9999 -9999
-9999 -9999 -9999 9.28246 9.8168 10.9531 11.5387 11.7831 12.3629 12.3716 12.0806 11.8628 11.5433 11.1236 10.4266 9.6568 8.65642 8.57043 9.62328 9.64322 9.43167 9.61016 10.1541 10.0191 8.8287 6.76771 5.68156 3.46465 2.52052 2.62525 1.95837 -9999 -9999 -9999 -9999 -9999 -9999 -9999 -9999 -9999 -9999 -9999 -9999 4.64869 -9999 -9999 -9999 -9999 -9999 -9999 -9999 -9999 -9999 -9999 -9999 -9999 -9999 -9999 -9999 -9999 -9999 -9999 -9999 -9999 0.792588 -9999 -9999 -9999 -9999 -9999 -9999 -9999
-9999 -9999 9.18997 9.9006 10.4568 11.1718 11.245 11.6718 12.3374 12.3545 12.1504 11.9188 11.3885 11.2628 10.8694 10.033 9.86777 10.2171 10.3818 10.5674 10.6842 10.6018 10.3908 10.1161 9.35079 8.39822 7.76116 5.73811 4.71754 3.74303 2.26449 1.10961 -9999 -9999 -9999 -9999 -9999 -9999 -9999 3.85221 3.80585 3.8412 4.17622 5.08521 4.56579 -9999 -9999 -9999 -9999 -9999 -9999 -9999 -9999 -9999 -9999 -9999 -9999 -9999 -9999 -9999 -9999 -9999 -9999 -9999 1.62064 0.460011 -9999 -9999 -9999 -9999 -9999 -9999
-9999 -9999 9.39395 10.1429 10.5207 11.2154 11.6161 11.877 12.1127 12.3384 12.3095 12.0524 11.6573 11.6676 11.1201 10.8284 10.6221 11.092 11.1906 11.012 10.7861 10.5869 10.0113 9.95041 9.768 9.16578 8.17299 7.14984 5.66742 3.65741 1.68652 0.0984124 -9999 -9999 -9999 -9999 -9999 -9999 4.02592 4.78217 5.23888 4.29586 5.1184 5.87114 5.76181 5.0542 -9999 -9999 -9999 -9999 -9999 -9999 -9999 -9999 -9999 -9999 -9999 -9999 -9999 -9999 7.14728 5.95652 3.54213 2.30915 1.57331 0.518883 -9999 -9999 -9999 -9999 -9999 -9999
-9999 -9999 9.26072 10.144 10.7449 11.2791 11.3709 11.9178 12.1579 12.2827 12.2768 12.2321 12.1657 11.689 11.4884 10.7636 11.4718 11.4527 11.2825 10.5874 10.2899 9.09125 8.56738 8.45595 9.47621 8.73359 7.17597 5.2272 2.8832 2.73653 1.96656 0.547934 -9999 -9999 -9999 -9999 -9999 -9999 4.27184 5.08014 5.75642 5.86273 4.92567 6.25611 6.21833 5.48909 5.33131 5.94726 6.26449 6.04599 6.78087 7.00264 6.68594 7.05363 -9999 -9999 -9999 -9999 7.31159 7.36876 7.41405 6.92297 4.28441 2.48536 0.870994 0.733683 -9999 -9999 -9999 -9999 -9999 -9999
-9999 -9999 9.88096 10.4277 10.7079 10.7597 11.24 11.719 12.0147 12.2345 12.1997 12.1904 12.18 12.0222 11.645 11.722 11.6984 11.4811 10.1519 8.59895 9.28574 8.36609 6.38992 8.00852 8.8999 8.05745 6.16842 3.97705 3.26323 3.29951 2.22569 0.842563 -9999 -9999 -9999 2.0752 3.22841 3.33674 3.68308 4.75828 5.5785 6.19874 6.62442 6.62127 6.19512 5.48217 4.70645 4.99671 6.42051 6.77541 7.07728 7.30685 7.01361 7.18251 7.56975 7.77413 7.82261 7.74236 7.73059 7.76998 7.73342 7.27565 4.91579 3.56954 2.71421 0.994359 -9999 -9999 -9999 -9999 -9999 -9999
-9999 -9999 9.55603 10.0324 10.4197 11.0567 11.131 11.5379 11.7818 12.1395 12.1872 11.7833 12.1319 12.0959 12.0402 11.9129 11.7226 10.6018 9.05401 7.50216 6.78928 7.10253 5.91646 6.53642 7.43949 7.11841 5.96226 4.01065 3.74139 3.29196 1.4802 -0.262765 -9999 -9999 -0.139415 2.06521 3.6202 4.4266 4.68258 4.71533 5.74645 5.836 6.94569 6.69816 5.25596 5.42974 4.87401 5.25115 5.7817 5.93421 6.69019 7.41828 7.56357 7.57629 7.82622 7.88471 7.90623 7.90855 7.75385 7.83689 7.85678 7.57454 5.86749 5.03986 4.13022 1.03281 -9999 -9999 -9999 -9999 -9999 -9999
-9999 -9999 9.80903 10.3406 10.9221 11.0226 11.4556 11.4194 11.3057 11.9067 12.1299 11.8472 11.6459 12.0399 12.0211 11.9777 11.9009 10.8481 9.62838 7.77794 6.63057 5.93126 5.43635 4.77421 5.24103 5.10655 4.92419 5.14781 4.61584 3.54734 2.48994 0.50447 -0.565571 -9999 -0.0070376 0.992349 2.84009 4.41185 5.41296 5.0652 6.23652 6.46146 7.14168 6.75792 5.8873 5.51963 5.49635 5.39091 6.1842 6.72173 7.10378 7.36229 7.68192 7.77012 7.85837 7.90031 7.92694 7.95357 7.95785 7.95992 7.9335 7.83267 7.05246 6.22881 4.43374 1.15048 -9999 -9999 -9999 -9999 -9999 -9999
-9999 8.28922 9.76298 10.6495 10.9972 11.2503 11.4744 11.6388 11.8106 11.9722 12.0863 12.0478 11.2858 11.3568 11.5032 11.9482 11.9246 11.8361 11.1725 8.91937 8.14483 7.00953 5.5377 4.92706 5.24214 6.46011 6.41245 5.6166 4.72902 3.49834 2.7183 1.50379 -0.834561 -0.616031 0.44821 1.24237 2.50082 4.42014 5.7684 6.37511 6.61009 7.0904 7.3449 6.81691 6.31625 6.11101 5.72181 5.67626 5.69017 6.17384 6.55335 7.38546 7.67161 7.80757 7.88125 7.92483 7.95865 7.99181 8.00861 8.00099 8.01003 8.01199 7.9646 6.86217 4.0933 2.01298 -9999 -9999 -9999 -9999 -9999 -9999
-9999 -9999 9.50571 9.89957 10.008 10.1924 10.5625 10.9882 11.5879 11.6722 12.0067 12.0132 11.3569 10.5986 11.2744 11.5475 11.8301 11.8458 11.7665 9.87341 8.88643 8.11056 6.69947 7.21765 7.70958 7.75277 7.46611 5.7522 4.04536 2.07517 0.236468 0.155167 -0.831228 -0.298421 0.407187 2.20681 3.47591 3.99573 4.37173 6.32319 6.83767 7.0218 7.52905 6.86121 6.70254 6.20395 6.36655 6.33313 6.34722 4.94663 6.37383 6.46823 7.40119 7.82654 7.92986 7.9644 8.00029 8.01299 8.02648 8.03035 8.04787 8.04359 8.03939 7.32669 3.80947 2.05324 -9999 -9999 -9999 -9999 -9999 -9999
-9999 -9999 -9999 -9999 9.65696 9.95932 10.1559 10.4909 11.501 11.7793 11.9671 11.9907 11.7031 10.9521 10.7605 10.9076 10.175 10.8017 11.6561 11.6417 11.5454 9.88215 9.03497 9.86819 9.62306 8.37423 7.39276 6.42422 4.42472 2.9616 0.853248 -0.72815 -0.780961 0.979105 2.44228 4.26319 5.07138 4.62459 5.12661 6.10094 7.20646 7.74629 7.63155 6.92713 6.84014 6.06551 6.8492 6.92671 6.57887 6.27967 6.41449 6.88163 7.0661 7.7978 7.98202 8.02213 8.0362 8.04743 8.05242 8.05634 8.05727 8.05885 8.05838 8.03593 4.42038 1.61425 -9999 -9999 -9999 -9999 -9999 -9999
-9999 -9999 -9999 -9999 8.9748 9.16187 9.64175 10.8625 11.5043 11.769 11.7686 11.8956 11.6953 11.0358 10.3586 9.72027 8.89446 9.37878 10.6473 11.3977 11.4888 10.0315 10.8 10.5211 9.96526 8.33007 7.12663 6.49158 4.57216 2.9287 1.52822 -0.407871 0.43013 1.35258 2.53567 4.52146 5.86427 6.42121 5.96994 6.59612 7.8669 7.88403 7.20474 7.26028 6.85332 5.79073 6.92037 7.24653 7.00437 7.08148 6.99812 7.17876 7.49861 7.80457 8.01085 8.04633 8.05787 8.05957 8.06721 8.07653 8.07137 8.08171 8.08132 8.07316 5.74335 1.57533 -9999 -9999 -9999 -9999 -9999 -9999
-9999 -9999 -9999 -9999 -9999 8.36279 9.44813 11.0661 11.4723 11.4439 11.7847 11.8217 11.5098 11.24 10.4162 9.28747 7.1116 7.67553 8.84379 10.5248 11.4113 11.299 10.8163 9.97232 7.92108 6.1267 5.91426 5.62576 4.22667 2.96228 1.40449 2.31767 3.31755 4.41105 4.9893 4.8489 6.00067 6.9416 6.55475 7.32081 8.21332 7.82323 7.59702 7.40917 6.93682 6.91909 6.98147 7.62808 7.20035 7.48176 7.4998 7.49541 7.65629 7.83945 8.03089 8.06953 8.07829 8.08935 8.07627 8.09212 8.09052 8.08959 8.0901 8.08467 7.88383 5.64565 4.31132 -9999 -9999 -9999 -9999 -9999
-9999 -9999 -9999 -9999 -9999 7.38274 7.92779 9.84252 10.4379 11.2886 11.7442 11.7731 11.2406 10.9476 9.71595 9.32196 7.30995 6.40296 7.18648 6.89641 9.20837 11.2548 10.8178 6.70648 5.2214 4.16395 4.44352 4.45246 4.06766 1.91128 1.32199 3.26479 4.49081 5.44255 6.16654 6.32368 6.30718 7.77417 7.97691 8.46016 8.36698 8.42109 7.69537 7.2506 7.66175 7.21432 7.14762 7.81522 7.18084 7.77655 7.71885 7.55428 7.55549 7.95025 8.03751 8.08737 8.09838 8.09123 8.0799 8.07738 8.09884 8.10257 8.09135 8.1031 8.09332 7.84027 6.68662 6.29167 6.75595 -9999 -9999 -9999
-9999 -9999 -9999 -9999 -9999 -9999 6.16366 8.82167 10.0389 10.6832 11.5871 11.7034 11.424 10.9109 9.65617 8.55366 6.75591 4.70144 3.6163 6.89298 9.74553 11.2375 11.0495 7.62842 6.28218 6.22595 7.02916 6.36338 5.86004 4.2228 3.73861 3.06308 3.49079 4.81452 5.89774 6.9427 7.70493 7.77501 8.27335 8.56375 8.59659 8.6948 8.61876 8.55895 7.86163 8.3641 7.95935 8.19208 8.06138 7.94434 7.84507 7.44931 7.74684 8.01103 8.08587 8.1155 8.10802 8.11232 8.10961 8.09414 8.09271 8.10067 8.10846 8.10616 8.11718 8.11964 8.00137 7.31229 6.38551 5.21119 -9999 -9999
-9999 -9999 -9999 -9999 -9999 -9999 4.85393 7.49898 8.77614 10.4201 11.2702 11.6197 11.5828 11.1685 10.2171 8.78078 7.58551 5.2911 2.90824 6.34724 9.4108 11.0674 11.1616 8.28859 9.0939 8.45518 8.72226 7.54735 7.06321 6.68108 5.83966 4.919 3.91118 3.38252 5.80406 7.0514 8.05704 8.53589 8.81066 8.95267 8.89122 8.71978 7.65807 8.48611 8.45551 8.38552 8.30367 8.26997 8.19672 8.10822 8.06046 8.05011 7.79036 8.10682 8.10966 8.12176 8.13104 8.13094 8.12379 8.11889 8.11128 8.12146 8.12139 8.12157 8.12546 8.13691 8.14049 8.11425 7.94012 6.35872 5.41743 5.16389
-9999 -9999 -9999 -9999 -9999 -9999 1.16202 5.00669 8.09706 9.71546 11.0337 11.402 11.5446 10.9859 10.57 9.5427 8.57019 7.0654 4.80738 3.41989 5.99647 9.73853 11.1212 11.0213 10.9421 10.2027 9.53702 9.45893 9.51633 8.73964 7.60631 6.12309 5.66657 5.15135 6.95688 7.20842 7.08499 9.07044 9.08365 8.98037 8.23337 7.39678 7.56781 7.054 7.46837 6.8545 7.44027 7.94812 8.14471 8.14024 8.08523 8.08904 8.06885 8.13282 8.14017 8.13963 8.141 8.14545 8.1462 8.13169 8.12752 8.14516 8.14029 8.1392 8.13883 8.1526 8.16032 8.14383 8.12988 7.89668 7.53986 6.8512
-9999 -9999 -9999 -9999 -9999 -9999 1.34123 4.57473 7.31989 8.96893 10.5554 10.9296 11.4704 11.3634 10.9273 10.0353 8.91877 7.68165 5.74553 4.30837 6.03414 8.521 10.3038 10.9481 10.9471 10.9113 10.7494 10.687 10.4974 10.3632 9.55229 8.15332 7.3649 6.20798 8.21935 8.45178 8.14615 9.15451 9.11286 7.60926 6.45559 6.32031 7.04025 6.37578 6.26993 5.86005 6.3457 7.62894 7.27049 7.35434 7.94185 8.04666 8.1194 8.1444 8.14871 8.1541 8.1524 8.16205 8.17185 8.15788 8.15642 8.16067 8.14859 8.15607 8.15179 8.15631 8.15733 8.15376 8.14184 8.0837 8.02159 8.11527
-9999 -9999 -9999 -9999 -9999 -9999 1.42237 3.5975 6.06864 8.4933 10.1869 10.8748 11.3778 11.3804 10.8722 10.4327 9.73558 8.64806 7.90442 6.60771 4.8252 7.83326 8.76059 9.58981 9.94329 10.8063 10.7921 10.4066 9.95404 10.3836 10.2681 9.16097 8.80164 8.19023 9.31219 9.32234 9.2992 9.24753 7.97816 6.21081 4.80028 5.83138 5.62768 6.10738 4.66719 5.87611 6.84903 7.17184 6.52765 6.05273 7.56341 7.82495 7.98178 8.0852 8.1559 8.14924 8.17291 8.17252 8.17673 8.18075 8.17706 8.1788 8.17566 8.17258 8.17189 8.1781 8.17272 8.16653 8.17685 8.14973 8.14617 8.14671
-9999 -9999 -9999 -9999 -9999 -9999 -9999 2.33141 5.46039 8.25629 9.81631 10.8003 11.2836 11.2827 11.0265 10.7304 10.3009 9.51831 8.53326 6.97226 5.8153 6.56168 7.47041 7.57996 8.18677 9.93304 10.5341 9.69874 7.62154 8.85964 10.237 10.2216 10.1116 9.9879 9.82569 9.68237 9.36004 8.48381 5.78303 5.26082 4.2073 4.33761 3.80221 5.00379 4.57137 5.80519 6.34583 6.55634 5.43547 5.68558 7.02873 7.56417 7.48591 7.81762 8.13299 8.15179 8.1693 8.17008 8.18563 8.19722 8.2015 8.1992 8.19926 8.20235 8.19 8.20851 8.11949 8.06576 7.94471 8.1204 8.14728 8.17561
-9999 -9999 -9999 -9999 -9999 -9999 -9999 1.72129 4.84557 8.13691 9.19888 10.259 11.1751 11.2005 10.8048 10.4289 10.0415 9.59923 8.40281 7.2428 6.1356 5.7688 6.0006 5.99081 6.96826 9.24131 9.68703 9.50681 7.33993 6.61079 8.44881 9.99472 10.123 9.99073 8.1872 8.58065 7.6117 6.29502 5.93899 5.36801 4.15171 4.75109 3.86311 4.25782 4.16851 4.87327 5.22216 6.05836 5.08264 5.09798 6.41746 7.08519 7.11099 7.81092 8.06625 8.13979 8.16507 8.18588 8.19821 8.2187 8.22227 8.22238 8.21952 8.19742 8.12995 7.90144 6.60771 6.62104 6.99231 7.34413 7.9789 8.16964
-9999 -9999 -9999 -9999 -9999 -9999 -9999 2.09368 4.26402 7.18533 9.35127 9.49455 10.5515 11.1009 10.67 10.1838 9.68621 9.47296 8.17021 6.7384 5.58294 4.21382 4.44787 5.44344 7.06765 8.53851 8.80733 8.51181 7.35451 7.91226 9.16815 9.83844 10.0413 9.89478 9.50798 9.28791 8.57656 8.2731 7.28254 5.72913 5.12291 5.52199 3.87295 3.99854 4.62164 3.98405 5.06828 5.59238 4.32928 5.35721 6.52091 7.12048 7.64572 7.8992 8.00579 8.16425 8.17748 8.19943 8.21582 8.2234 8.23333 8.21939 8.20984 8.08137 7.887 6.67636 6.1866 6.29794 6.8741 7.37991 7.91988 8.1422
-9999 -9999 -9999 -9999 -9999 -9999 -9999 2.47406 4.4289 6.96288 8.50931 8.79225 9.96356 11.006 10.898 10.3919 10.2431 9.71817 8.61446 7.39452 6.06036 5.41555 3.92341 5.40702 6.58271 7.82948 8.41656 7.46735 6.99372 7.85265 8.70664 9.05221 9.91479 9.91432 9.64344 8.44998 7.87232 8.12836 7.88531 7.45339 6.38707 6.34843 5.66705 5.39047 5.12987 4.26555 4.83554 4.90154 5.06937 6.29404 6.90444 7.31234 7.68409 7.78868 7.95559 8.16933 8.19678 8.21363 8.22234 8.23595 8.23088 8.18291 8.14426 7.87491 7.39013 6.4764 4.99751 6.06506 7.18082 7.52857 7.86572 8.04296
-9999 -9999 -9999 -9999 -9999 -9999 -9999 2.15397 4.23014 6.39692 7.30727 7.46816 9.58183 10.879 10.8889 10.653 10.3761 9.06837 9.15318 8.89766 7.6949 5.93946 4.01071 4.19966 5.3615 7.00508 7.55403 5.97931 5.42727 5.84638 7.13405 8.28755 9.49171 9.80341 9.46031 7.59818 5.61897 6.54925 7.54287 7.54627 7.26633 6.2782 5.97086 5.69364 4.97554 3.75628 3.94752 4.30003 5.69543 6.14124 6.82438 7.39331 7.19225 7.32519 7.86961 8.18604 8.20718 8.22226 8.24205 8.24481 8.23642 8.13079 8.01849 7.8232 6.542 5.74941 4.59669 5.97086 6.73487 7.15973 7.88738 8.06883
-9999 -9999 -9999 -9999 -9999 -9999 -9999 1.52526 3.03398 5.10535 5.9447 7.27905 9.27688 10.2634 10.7403 10.7376 10.5556 9.97425 9.62773 8.93745 7.68597 5.97191 4.06568 2.82726 3.46788 5.67819 6.21028 4.7552 4.02014 4.95268 6.32456 8.35228 9.51421 9.67795 9.58159 9.2041 7.76138 6.01671 6.03136 6.91953 6.19285 5.34693 5.82656 5.74895 5.03996 4.52692 4.22174 4.43728 5.23408 5.56884 6.35651 7.5142 7.68843 7.66561 8.15853 8.19237 8.21331 8.24122 8.25037 8.25574 8.25114 8.16685 7.96568 7.11621 6.3769 5.34437 5.22603 6.45624 7.0043 7.51337 7.87578 8.00093
-9999 -9999 -9999 -9999 -9999 -9999 -9999 0.434355 2.20808 4.14895 5.96677 7.68703 9.16867 9.29024 10.0753 10.082 10.4969 10.3879 9.84945 9.26929 8.19207 5.98809 4.13596 2.11531 2.65727 4.91189 5.21353 4.24267 2.44256 4.31685 6.38308 8.25651 9.27432 8.49052 9.31005 9.25162 8.71629 7.68116 6.06712 6.10668 4.89961 4.85587 5.48974 5.70189 5.6074 5.22468 4.61105 4.73629 5.22455 5.35607 6.0808 6.98118 7.86157 8.01769 8.19351 8.2104 8.22285 8.24616 8.25768 8.24938 8.21477 8.12612 7.4155 6.56859 6.05094 5.33471 5.25716 6.66938 7.24867 7.57473 7.88935 8.01991
-9999 -9999 -9999 -9999 -9999 -9999 -9999 -9999 2.03872 4.04357 5.52909 5.9347 7.25252 7.96762 8.52272 8.65169 10.2215 10.3152 9.97661 9.44431 8.52667 6.85606 5.69428 3.75641 2.36553 2.95095 3.22416 3.74561 3.60175 4.44192 6.4278 8.4965 8.7292 7.42797 7.62994 7.91208 8.53437 8.23144 6.02904 4.9145 3.99102 4.66253 5.36861 5.54664 5.58991 5.46508 5.3289 5.07494 6.0172 6.71702 6.88702 7.49836 7.95226 8.08477 8.18698 8.20821 8.22961 8.2396 8.22358 8.21472 8.11328 7.87368 7.07756 5.1488 5.24974 5.05052 4.45794 5.8402 6.72625 7.50715 7.92711 8.04342
-9999 -9999 -9999 -9999 -9999 -9999 -9999 -9999 1.38547 3.70393 4.1997 4.17109 3.41367 3.77353 6.6175 7.19626 8.70204 10.1282 10.0316 9.50953 8.65146 7.6595 6.11958 3.93923 2.20823 1.48473 3.36327 5.20652 5.59351 6.18772 7.40761 7.64577 6.31564 5.06889 5.78145 6.21398 7.83911 8.14266 7.837 6.51357 4.99929 4.21324 5.16102 5.2958 5.36157 5.38227 5.36934 5.34491 6.40835 7.00005 7.41357 7.64326 8.03448 8.142 8.18314 8.2224 8.22536 8.21553 8.16517 8.10659 7.81509 7.46021 6.14965 5.05883 4.38262 3.52159 5.49647 6.0977 6.92638 7.46383 7.88173 7.9817
