Test_Spring_2018b/01_18/Temp/20180118_006.txt
ncols	170
nrows	115
xllcorner	350000.000000
yllcorner	4445000.000000
cellsize	1000.000000
nodata_value	-9999.000000
[rows 31 to 61 of 115, columns 70 to 139 of 170]
5.44953 6.15513 6.41453 5.92386 5.97226 7.14508 7.40421 7.38628 7.26609 7.15392 6.59511 6.40828 5.96844 5.19373 4.86952 3.49132 -0.966584 0.29637 0.790769 -0.501177 0.221144 1.39619 0.373756 -2.66135 -3.96859 -6.07436 -5.40167 -6.0365 -7.73081 -9999 -9999 -9999 -9999 -9999 -9999 -9999 -9999 -9999 -9999 -9999 -9999 -9999 -9999 -9999 -9999 -9999 -9999 -9999 -9999 -9999 -9999 -9999 -9999 -9999 -9999 -9999 -9999 -9999 -9999 -9999 -9999 -9999 -9999 -9999 -9999 -9999 -9999 -9999 -9999 -9999
5.57213 5.89501 5.86497 5.39252 6.12178 6.79312 6.37869 6.09746 7.19638 7.19593 6.81886 5.93367 5.60899 5.27249 5.06649 3.93149 0.74635 -2.12493 -0.585665 -0.548671 -1.61225 0.296223 -0.711356 -3.34041 -7.05196 -5.03414 -5.55894 -8.18462 -8.82709 -9999 -9999 -9999 -9999 -9999 -9999 -9999 -9999 -9999 -9999 -9999 -9999 -9999 -9999 -9999 -9999 -9999 -9999 -9999 -9999 -9999 -9999 -9999 -9999 -9999 -9999 -9999 -9999 -9999 -9999 -9999 -9999 -9999 -9999 -9999 -9999 -9999 -9999 -9999 -9999 -9999
4.67 5.47499 5.22776 5.02471 6.10887 6.08576 6.01727 6.39478 7.07552 7.21188 7.06473 6.67862 6.3445 5.98921 5.08751 3.78901 1.06305 -2.20536 -2.94634 -1.34617 -1.26911 -1.01174 -1.93021 -3.08399 -4.88912 -3.41099 -2.83707 -4.55966 -6.81971 -8.27682 -9999 -9999 -9999 -9999 -9999 -9999 -9999 -9999 -9999 -9999 -9999 -9999 -9999 -9999 -9999 -9999 -9999 -9999 -9999 -9999 -9999 -9999 -9999 -9999 -9999 -9999 -9999 -9999 -9999 -9999 -9999 -9999 -9999 -9999 -9999 -9999 -9999 -9999 -9999 -9999
3.46184 4.84324 4.46875 3.41678 4.0701 4.5605 5.45903 5.68648 5.82233 7.11557 7.04691 6.98696 6.43472 5.99322 5.26163 4.01186 2.23243 0.0898715 -3.64097 -1.34008 0.461574 0.415494 0.316756 -0.491834 -2.2264 -0.776004 -0.708519 -2.90607 -5.42515 -6.90421 -7.51555 -9999 -9999 -9999 -9999 -9999 -9999 -9999 -9999 -9999 -9999 -9999 -9999 -9999 -9999 -9999 -9999 -9999 -9999 -9999 -9999 -9999 -9999 -9999 -9999 -9999 -9999 -9999 -9999 -9999 -9999 -9999 -9999 -9999 -9999 -9999 -9999 -9999 -9999 -9999
-9999 3.96724 3.60664 2.32173 2.97904 3.85618 5.08406 5.72025 6.20354 6.59011 6.98448 6.93784 6.37262 4.70314 4.46494 4.39297 3.22918 0.786425 -1.65318 -2.28513 0.463047 1.24945 1.0888 1.70192 0.232107 0.925384 0.639572 -0.137918 -2.55299 -4.76181 -5.67428 -7.47734 -9999 -9999 -9999 -9999 -9999 -9999 -9999 -9999 -9999 -9999 -9999 -9999 -9999 -9999 -9999 -9999 -9999 -9999 -9999 -9999 -9999 -9999 -9999 -9999 -9999 -9999 -9999 -9999 -9999 -9999 -9999 -9999 -9999 -9999 -9999 -9999 -9999 -9999
-9999 -9999 -9999 -9999 1.50788 2.69243 3.67616 4.88701 5.92644 6.44989 6.95847 6.91749 5.78762 5.23508 5.187 4.42451 3.08091 2.23768 0.701641 -0.898864 -0.287728 2.05545 1.01229 2.67173 2.52999 2.83357 1.72184 -0.380081 -3.18227 -4.82553 -5.64259 -7.10441 -9999 -9999 -9999 -9999 -9999 -9999 -9999 -9999 -9999 -9999 -9999 -9999 -9999 -9999 -9999 -9999 -9999 -9999 -9999 -9999 -9999 -9999 -9999 -9999 -9999 -9999 -9999 -9999 -9999 -9999 -9999 -9999 -9999 -9999 -9999 -9999 -9999 -9999
-9999 -9999 -9999 -9999 -9999 2.4679 3.21631 4.83428 5.66633 6.00593 6.82628 6.8281 6.40015 6.07716 5.60842 4.99611 3.98637 2.87224 1.42753 1.29369 2.7925 2.81037 2.4962 2.74102 3.50954 3.3044 1.58999 -1.37913 -2.9482 -6.13038 -7.49571 -7.35738 -8.32522 -9999 -9999 -9999 -9999 -9999 -9999 -9999 -9999 -9999 -9999 -9999 -9999 -4.57278 -9999 -9999 -9999 -9999 -9999 -9999 -9999 -9999 -9999 -9999 -9999 -9999 -9999 -9999 -9999 -9999 -9999 -9999 -9999 -9999 -10.2344 -9999 -9999 -9999
-9999 -9999 -9999 -9999 2.32677 3.32136 4.1076 5.12152 5.22037 5.81967 6.76292 6.77667 6.4732 6.13035 5.35933 5.16851 4.59388 3.38424 3.13678 3.627 3.85242 4.10765 4.26412 4.13458 3.8205 3.41472 2.30658 0.928682 0.0028011 -2.90155 -4.37846 -5.78826 -7.92063 -9.5888 -9999 -9999 -9999 -9999 -9999 -9999 -9999 -5.73147 -5.8031 -5.75686 -5.28045 -3.98078 -4.72871 -9999 -9999 -9999 -9999 -9999 -9999 -9999 -9999 -9999 -9999 -9999 -9999 -9999 -9999 -9999 -9999 -9999 -9999 -9999 -9.07569 -10.7488 -9999 -9999
-9999 -9999 -9999 -9999 2.58009 3.6428 4.1732 5.15794 5.72115 6.08718 6.41408 6.72664 6.67429 6.29488 5.71767 5.7218 4.92626 4.49739 4.19106 4.85419 4.9848 4.71779 4.38263 4.08557 3.24836 3.14872 2.87585 1.99962 0.563058 -0.917381 -3.04909 -5.94437 -8.78354 -11.0737 -9999 -9999 -9999 -9999 -9999 -9999 -5.51413 -4.43544 -3.78515 -5.14072 -3.96444 -2.88779 -3.04681 -4.06182 -9999 -9999 -9999 -9999 -9999 -9999 -9999 -9999 -9999 -9999 -9999 -9999 -9999 -9999 -1.14479 -2.86072 -6.33096 -8.10756 -9.17154 -10.6924 -9999 -9999
-9999 -9999 -9999 -9999 2.36331 3.61855 4.46871 5.22331 5.3436 6.11429 6.45227 6.62017 6.6006 6.52569 6.41975 5.72562 5.42734 4.37777 5.38257 5.34443 5.0897 4.08221 3.64435 1.91405 1.15072 0.979326 2.42904 1.35089 -0.896189 -3.70445 -7.08188 -7.29781 -8.4163 -10.4645 -9999 -9999 -9999 -9999 -9999 -9999 -5.19946 -4.04561 -3.07979 -2.9301 -4.27546 -2.36951 -2.42337 -3.46978 -3.69721 -2.81582 -2.36332 -2.67752 -1.62285 -1.30977 -1.76952 -1.24887 -9999 -9999 -9999 -9999 -0.919068 -0.845867 -0.789744 -1.50264 -5.29433 -7.88251 -10.206 -10.4137 -9999 -9999
-9999 -9999 -9999 -9999 3.22691 3.99948 4.3899 4.45274 5.12996 5.80325 6.22048 6.52339 6.4626 6.43844 6.41286 6.17604 5.62474 5.72469 5.68037 5.3582 3.44172 1.20431 2.17743 0.847601 -2.00078 0.310349 1.57474 0.352807 -2.37015 -5.52707 -6.56848 -6.52366 -8.07882 -10.0832 -9999 -9999 -9999 -8.36748 -6.72379 -6.57646 -6.0863 -4.5497 -3.37734 -2.48397 -1.87458 -1.88148 -2.48885 -3.51074 -4.62295 -4.20747 -2.1676 -1.66101 -1.22497 -0.900257 -1.32608 -1.09275 -0.544614 -0.259271 -0.19797 -0.321593 -0.34732 -0.29987 -0.361424 -1.02689 -4.4162 -6.35531 -7.59068 -10.0714 -9999 -9999
-9999 -9999 -9999 -9999 2.73684 3.40857 3.95247 4.85141 4.9466 5.51847 5.8552 6.36096 6.41841 5.82853 6.31759 6.25552 6.1652 5.97234 5.68906 4.0717 1.84192 -0.394042 -1.42768 -0.992955 -2.70642 -1.8276 -0.546831 -1.02178 -2.70283 -5.51654 -5.91864 -6.58175 -9.18731 -11.7019 -9999 -9999 -11.5676 -8.41847 -6.19896 -5.05081 -4.68993 -4.64737 -3.17197 -3.04521 -1.45496 -1.8122 -3.87556 -3.62561 -4.41213 -3.871 -3.11245 -2.89546 -1.81261 -0.768816 -0.565576 -0.55338 -0.201994 -0.125811 -0.10324 -0.108655 -0.339495 -0.229697 -0.210538 -0.624572 -3.08131 -4.27726 -5.59239 -10.0462 -9999 -9999
-9999 -9999 -9999 -9999 3.07284 3.8236 4.64584 4.7784 5.38759 5.32286 5.14693 5.99772 6.31008 5.89398 5.5949 6.1492 6.11199 6.03947 5.91907 4.39929 2.63987 -0.0242058 -1.6809 -2.6978 -3.42075 -4.38801 -3.73352 -3.94165 -4.21898 -3.91471 -4.69512 -6.24657 -7.77921 -10.6353 -12.1854 -9999 -11.4133 -9.99248 -7.35346 -5.10804 -3.67867 -4.18116 -2.50414 -2.18248 -1.2096 -1.75857 -3.00142 -3.52652 -3.55864 -3.70897 -2.57142 -1.79228 -1.24493 -0.877366 -0.420657 -0.300012 -0.180298 -0.12785 -0.0980669 -0.0688091 -0.0719498 -0.0785005 -0.126006 -0.280235 -1.40843 -2.60027 -5.18347 -9.90362 -9999 -9999
-9999 -9999 -9999 0.884087 2.98156 4.24105 4.72802 5.07929 5.38896 5.61317 5.84668 6.06608 6.21917 6.15572 5.05279 5.14429 5.34403 5.97186 5.92784 5.79059 4.82839 1.58697 0.463217 -1.18338 -3.30804 -4.19511 -3.7587 -2.0285 -2.11337 -3.27137 -4.56126 -6.34568 -7.48273 -9.24077 -12.6042 -12.3066 -10.795 -9.66872 -7.87475 -5.13103 -3.20378 -2.33752 -2.00233 -1.31631 -0.950386 -1.70413 -2.41611 -2.70788 -3.26361 -3.3271 -3.30597 -2.61213 -2.06738 -0.868417 -0.462023 -0.270381 -0.171429 -0.116625 -0.0766345 -0.0381954 -0.0236507 -0.0443863 -0.0413467 -0.0484938 -0.12746 -1.71795 -5.70122 -8.69694 -9999 -9999
-9999 -9999 -9999 -9999 2.58749 3.14065 3.28446 3.53722 4.05616 4.65489 5.50181 5.61174 6.08063 6.0788 5.12921 4.03189 4.99072 5.37228 5.76734 5.77941 5.65502 2.92498 1.49664 0.370143 -1.66787 -0.937217 -0.247776 -0.202341 -0.630415 -3.10518 -5.5702 -8.41539 -11.0693 -11.2033 -12.6353 -11.8835 -10.8865 -8.31908 -6.50997 -5.77268 -5.23916 -2.44474 -1.71041 -1.44481 -0.715965 -1.67087 -1.89176 -2.60325 -2.36703 -2.41227 -2.39002 -4.39671 -2.34923 -2.21468 -0.879284 -0.268475 -0.125458 -0.0835897 -0.0407123 -0.0317917 -0.0222242 -0.0267704 -0.0118938 -0.0290379 -0.047949 -1.08058 -6.13378 -8.66496 -9999 -9999
-9999 -9999 -9999 -9999 -9999 -9999 2.7559 3.17765 3.44783 3.91647 5.35194 5.73999 5.99854 6.02206 5.59969 4.5135 4.22887 4.42981 3.36943 4.25633 5.46899 5.43568 5.28403 2.88496 1.65777 2.83682 2.46915 0.661851 -0.762769 -2.16938 -5.05443 -7.17303 -10.2139 -12.4989 -12.5916 -10.0841 -7.99962 -5.40185 -4.25365 -4.90218 -4.18794 -2.7946 -1.21081 -0.436224 -0.598693 -1.60555 -1.72313 -2.82973 -1.70243 -1.58794 -2.08387 -2.51086 -2.31555 -1.64602 -1.38316 -0.337299 -0.0779269 -0.0246029 -0.0130587 -0.00637159 -0.00920775 -0.0139316 -0.0247183 -0.0337216 -0.045698 -0.0890889 -5.28354 -9.32003 -9999 -9999
-9999 -9999 -9999 -9999 -9999 -9999 1.75263 2.00906 2.68532 4.4238 5.33129 5.69986 5.68869 5.8605 5.56334 4.60819 3.62759 2.70262 1.50821 2.19148 3.99808 5.06104 5.17778 3.07385 4.16259 3.74696 2.93352 0.572017 -1.17111 -2.09986 -4.87032 -7.24767 -9.27388 -12.0675 -10.8831 -9.57654 -7.89474 -5.06007 -3.14548 -2.35486 -3.00769 -2.11319 -0.292419 -0.267122 -1.23881 -1.15593 -1.73196 -3.25104 -1.62736 -1.15596 -1.4999 -1.38689 -1.50391 -1.24462 -0.787246 -0.351382 -0.0601259 -0.0154258 -0.00614308 -0.0132161 -0.0123964 -0.0102468 -0.0290095 -0.0257642 -0.0379194 -0.0611143 -3.41252 -9.40162 -9999 -9999
-9999 -9999 -9999 -9999 -9999 -9999 -9999 0.838188 2.38247 4.69041 5.26015 5.20868 5.68665 5.72953 5.27233 4.87583 3.68507 2.05706 -1.07274 -0.275408 1.3874 3.78443 5.0413 4.86524 4.16012 2.93414 -0.0233081 -2.61316 -2.93562 -3.36761 -5.39209 -7.22596 -9.47761 -8.18623 -6.7697 -5.21778 -4.40302 -4.61673 -2.97592 -1.63509 -2.1954 -1.1005 0.177804 -0.380861 -0.703108 -0.969265 -1.63902 -1.6601 -1.5664 -0.635428 -1.24522 -0.839061 -0.810435 -0.816125 -0.58635 -0.326267 -0.0560684 -0.00669165 -0.00186486 0.00472533 -0.0243844 -0.0127318 -0.0265635 -0.0396659 -0.0507517 -0.0702412 -0.36965 -3.59213 -5.51631 -9999
-9999 -9999 -9999 -9999 -9999 -9999 -9999 -0.592084 0.177633 2.9111 3.75201 4.96079 5.60344 5.63469 4.86134 4.43067 2.65549 2.08087 -0.814179 -2.12553 -1.01439 -1.44339 1.85701 4.77574 4.13607 -1.77413 -3.9199 -5.45322 -5.07023 -5.07562 -5.64576 -8.7582 -9.62104 -6.85322 -5.11217 -3.76318 -2.73925 -2.52631 -2.56034 -0.465582 -0.180384 0.508801 0.373636 0.451425 -0.587345 -1.22222 -0.625634 -1.26303 -1.3546 -0.393683 -1.29979 -0.443048 -0.523012 -0.758231 -0.757233 -0.193653 -0.0726631 -0.00707454 0.000842679 -0.0185166 -0.0454744 -0.0594622 -0.0402932 -0.0468057 -0.0748192 -0.0697829 -0.0954047 -0.471989 -2.13718 -2.71424
-9999 -9999 -9999 -9999 -9999 -9999 -9999 -9999 -2.37667 1.42246 3.15486 4.06771 5.35315 5.50961 5.09652 4.35179 2.54357 0.953057 -1.63493 -4.59187 -6.15929 -1.4749 2.60048 4.72429 4.44177 -0.478782 -2.42538 -2.5231 -1.38912 -2.36147 -3.10115 -5.46893 -6.1806 -7.16603 -6.56898 -4.68752 -3.14719 -1.66106 -0.578565 -0.486533 0.221311 0.634972 0.679993 0.82043 0.71245 0.628859 -0.364231 0.359628 -0.217094 0.119965 -0.064404 -0.229767 -0.369552 -0.936319 -0.51054 -0.134135 -0.0308801 0.00483557 -0.0130765 -0.0158815 -0.0303481 -0.0643912 -0.0754707 -0.0758879 -0.0766429 -0.091771 -0.0875917 -0.0979016 -0.278726 -1.27745
-9999 -9999 -9999 -9999 -9999 -9999 -9999 -9999 -4.27946 -0.498867 1.31943 3.6655 4.87246 5.35985 5.29782 4.69458 3.32095 1.25169 -0.472707 -3.77374 -7.20256 -2.28698 2.09339 4.45332 4.57259 0.441078 1.57929 0.646819 1.01259 -0.6892 -1.40079 -1.96869 -3.19186 -4.52808 -5.99054 -6.76131 -3.30275 -1.52621 -0.0946178 0.583388 0.97052 1.16899 1.07611 0.833885 -0.687977 0.500482 0.462547 0.364905 0.250385 0.204816 0.102242 -0.0227005 -0.0890851 -0.103602 -0.476968 -0.0267088 -0.0277335 -0.0156524 -0.00941955 -0.0183836 -0.0389753 -0.0576091 -0.0810329 -0.0746567 -0.0850062 -0.0964952 -0.102471 -0.0998927 -0.105964 -0.154373
-9999 -9999 -9999 -9999 -9999 -9999 -9999 -9999 -9.59745 -4.09697 0.319092 2.62865 4.50289 5.02124 5.21626 4.40569 3.79968 2.31651 0.911298 -1.25782 -4.50769 -6.51046 -2.83279 2.51635 4.48737 4.3321 4.20247 3.12609 2.15514 2.02638 2.09183 0.958822 -0.685309 -2.82695 -3.49415 -4.2465 -1.67062 -1.3214 -1.50836 1.32955 1.34148 1.18789 0.112865 -1.09075 -0.847038 -1.57625 -0.977041 -1.85534 -1.0136 -0.283596 -5.97962e-05 -0.0051902 -0.0826056 -0.0795527 -0.109219 -0.0216533 -0.0147667 -0.0208489 -0.0258776 -0.0281069 -0.0370745 -0.0691266 -0.0872267 -0.0745808 -0.0876193 -0.101267 -0.110423 -0.104463 -0.104502 -0.138856
-9999 -9999 -9999 -9999 -9999 -9999 -9999 -9999 -9.36742 -4.74494 -0.820284 1.52631 3.79075 4.3174 5.08281 4.91958 4.28432 2.99487 1.38298 -0.402509 -3.19092 -5.26483 -2.80501 0.742726 3.28255 4.19454 4.18311 4.11588 3.86772 3.75858 3.47056 3.25922 2.08143 0.0634168 -1.08085 -2.7526 0.118837 0.440983 -0.00704778 1.43002 1.36308 -0.798491 -2.45708 -2.65447 -1.6262 -2.57994 -2.72727 -3.30638 -2.60914 -0.768389 -1.28592 -1.16451 -0.320961 -0.170718 -0.0698708 -0.0365285 -0.0342551 -0.0319227 -0.041293 -0.0358502 -0.0315311 -0.0623722 -0.0761047 -0.0821643 -0.111862 -0.104964 -0.122778 -0.130339 -0.136051 -0.151784
-9999 -9999 -9999 -9999 -9999 -9999 -9999 -9999 -9.27742 -6.17111 -2.63934 0.818133 3.23594 4.21198 4.92303 4.91655 4.17747 3.53649 2.52574 0.954611 -0.124225 -1.9967 -4.56635 -0.268681 1.04218 2.22 2.7076 3.92872 3.89243 3.32384 2.66365 3.2644 3.08684 1.48562 0.957139 0.068009 1.66477 1.66855 1.62566 1.54298 -0.284312 -2.82437 -4.85175 -3.37762 -3.67275 -2.98864 -5.04963 -3.32342 -1.92802 -1.46429 -2.37931 -3.05987 -0.893742 -0.521754 -0.298773 -0.153461 -0.0562893 -0.0713641 -0.0443115 -0.0530693 -0.0564156 -0.0610159 -0.0774261 -0.0865488 -0.102897 -0.11916 -0.121966 -0.126904 -0.14572 -0.170612
-9999 -9999 -9999 -9999 -9999 -9999 -9999 -9999 -9999 -8.01286 -3.54739 0.45028 2.67633 4.07662 4.75917 4.74737 4.36934 3.93367 3.30632 2.17214 0.74701 -1.50451 -3.17748 -2.12231 -0.838866 -0.691986 0.162454 2.65043 3.49661 2.28372 -0.713462 1.0503 3.01139 2.9762 2.80604 2.61688 2.37946 2.16348 1.69177 0.426915 -3.45271 -4.21451 -5.73081 -5.54892 -6.32048 -4.60279 -5.21895 -3.45099 -2.67629 -2.37452 -3.98138 -3.62312 -1.69936 -0.932736 -1.04679 -0.57411 -0.121772 -0.100489 -0.0822492 -0.0891457 -0.0759075 -0.069223 -0.0736915 -0.092413 -0.103976 -0.111228 -0.129448 -0.11665 -0.255313 -0.34295
-9999 -9999 -9999 -9999 -9999 -9999 -9999 -9999 -9999 -8.92311 -4.45509 0.252643 1.76437 3.27356 4.57617 4.60175 4.02351 3.47321 2.90589 2.25954 0.531374 -1.14519 -2.74662 -3.28713 -2.9699 -2.99777 -1.61152 1.63212 2.25609 1.98287 -1.13943 -2.19846 0.423414 2.62703 2.79883 2.5977 0.00122041 0.555116 -0.843484 -2.73985 -3.25818 -4.08387 -5.83384 -4.97991 -6.25746 -5.69525 -5.82205 -4.81339 -4.31444 -3.11656 -4.51623 -4.49568 -2.60662 -1.65112 -1.61666 -0.616629 -0.255019 -0.155128 -0.12555 -0.103482 -0.0945668 -0.0748179 -0.0799981 -0.0906301 -0.105784 -0.148584 -0.256326 -0.582896 -2.45097 -2.44233
-9999 -9999 -9999 -9999 -9999 -9999 -9999 -9999 -9999 -8.41531 -5.31507 -1.13807 1.95611 2.15054 3.6549 4.43133 3.80224 3.09364 2.36827 2.0501 0.169474 -1.89669 -3.56716 -5.54442 -5.2237 -3.81156 -1.49626 0.597705 0.968427 0.530285 -1.14418 -0.357901 1.42973 2.37832 2.65727 2.436 1.87079 1.54524 0.516024 0.072255 -1.35586 -3.59017 -4.46577 -3.89935 -6.26843 -6.09256 -5.20275 -6.11507 -4.56264 -3.81297 -5.62544 -4.15551 -2.48916 -1.63208 -0.882221 -0.522736 -0.374733 -0.153287 -0.141019 -0.117187 -0.102178 -0.100528 -0.0961167 -0.126364 -0.150566 -0.345351 -0.634573 -2.38059 -3.0832 -2.93394
-9999 -9999 -9999 -9999 -9999 -9999 -9999 -9999 -9999 -7.896 -5.10489 -1.48339 0.722385 1.11679 2.78477 4.26783 4.10153 3.36409 3.13855 2.37351 0.778212 -0.984161 -2.91074 -3.84943 -6.00327 -3.8912 -2.21886 -0.445897 0.381377 -0.995123 -1.68761 -0.469304 0.742358 1.22562 2.45061 2.43882 2.03993 0.318966 -0.518552 -0.160192 -0.516716 -1.14333 -2.67874 -2.74012 -3.72225 -4.12337 -4.50097 -5.73887 -4.92427 -4.83201 -4.59437 -2.84246 -1.97 -1.38833 -0.859057 -0.713477 -0.479315 -0.178815 -0.1462 -0.129567 -0.125333 -0.114722 -0.1314 -0.209968 -0.275428 -0.671745 -1.37692 -2.69695 -4.81662 -3.29641
-9999 -9999 -9999 -9999 -9999 -9999 -9999 -9999 -9999 -8.38084 -5.41594 -2.32107 -1.02742 -0.808222 2.21053 4.05865 4.06103 3.7108 3.3016 1.41411 1.5227 1.14298 -0.595149 -3.12601 -5.90566 -5.64955 -3.99164 -1.65515 -0.882389 -3.15536 -3.96013 -3.37223 -1.53872 0.102914 1.8177 2.25352 1.75114 -0.928421 -3.77524 -2.45028 -1.03388 -1.03646 -1.4446 -2.86738 -3.31351 -3.71583 -4.74967 -6.49522 -6.22572 -5.72319 -3.72772 -3.09145 -2.11524 -1.3032 -1.59559 -1.40974 -0.634644 -0.187088 -0.163575 -0.149411 -0.129112 -0.133789 -0.154881 -0.315739 -0.486397 -0.776168 -2.62282 -3.76891 -5.43268 -3.4602
-9999 -9999 -9999 -9999 -9999 -9999 -9999 -9999 -9999 -9.30802 -7.15679 -4.19888 -3.00721 -1.10588 1.74661 3.14914 3.82088 3.80489 3.5316 2.6854 2.17555 1.17252 -0.635456 -3.10695 -5.85428 -7.64448 -6.741 -3.58502 -2.83307 -4.93768 -6.00482 -4.68086 -2.72663 0.168314 1.82253 2.04621 1.89757 1.34644 -0.731252 -3.24122 -3.22832 -1.96247 -3.01112 -4.23008 -3.54806 -3.66437 -4.68535 -5.42499 -5.86125 -5.55535 -4.4185 -3.94183 -2.81616 -1.16044 -0.915138 -0.952897 -0.25186 -0.209591 -0.186417 -0.153824 -0.148656 -0.149371 -0.164764 -0.294738 -0.592503 -1.81985 -2.88935 -4.37924 -4.55847 -2.79316
-9999 -9999 -9999 -9999 -9999 -9999 -9999 -9999 -9999 -10.8977 -8.36669 -5.59602 -3.00172 -0.547283 1.56501 1.72736 2.84079 2.83809 3.42048 3.25133 2.46633 1.62112 0.0629392 -3.11098 -5.7808 -8.69249 -7.93052 -4.7052 -4.29472 -5.70028 -8.29445 -5.62049 -2.67096 0.00265097 1.45011 0.315234 1.47958 1.38582 0.608988 -0.883738 -3.20578 -3.15649 -4.89379 -4.96266 -4.05949 -3.76038 -3.90044 -4.45335 -5.33032 -5.15557 -4.46145 -4.2764 -3.24122 -1.95465 -0.697226 -0.478679 -0.232434 -0.214587 -0.203645 -0.177628 -0.168976 -0.18915 -0.247382 -0.383378 -1.41129 -2.63476 -3.38628 -4.42257 -4.54324 -2.52918
