Test_Spring_2018b/01_18/Temp/20180117_010.txt
ncols	170
nrows	115
xllcorner	350000.000000
yllcorner	4445000.000000
cellsize	1000.000000
nodata_value	-9999.000000
[rows 32 to 63 of 115, columns 72 to 143 of 170]
12.7636 12.4466 12.933 13.3806 13.0886 12.8995 13.6293 13.6279 13.3748 12.782 12.5643 12.339 12.2011 11.4421 9.31235 7.3926 8.42235 8.44756 7.73683 9.01354 8.34021 6.58251 4.10086 5.45041 5.09958 3.33385 2.90117 -9999 -9999 -9999 -9999 -9999 -9999 -9999 -9999 -9999 -9999 -9999 -9999 -9999 -9999 -9999 -9999 -9999 -9999 -9999 -9999 -9999 -9999 -9999 -9999 -9999 -9999 -9999 -9999 -9999 -9999 -9999 -9999 -9999 -9999 -9999 -9999 -9999 -9999 -9999 -9999 -9999 -9999 -9999 -9999 -9999
12.3374 12.2007 12.9245 12.9077 12.8535 13.0985 13.5488 13.6389 13.5396 13.2807 13.0568 12.8189 12.2158 11.3475 9.52484 7.33958 6.84455 7.91517 7.96732 8.14006 7.5265 6.75556 5.54901 6.53798 6.92223 5.76522 4.2465 3.26664 -9999 -9999 -9999 -9999 -9999 -9999 -9999 -9999 -9999 -9999 -9999 -9999 -9999 -9999 -9999 -9999 -9999 -9999 -9999 -9999 -9999 -9999 -9999 -9999 -9999 -9999 -9999 -9999 -9999 -9999 -9999 -9999 -9999 -9999 -9999 -9999 -9999 -9999 -9999 -9999 -9999 -9999 -9999 -9999
11.8299 11.1255 11.5612 11.8879 12.4806 12.6213 12.711 13.5748 13.528 13.4872 13.1174 12.8219 12.3326 11.4969 10.3073 8.87498 6.38068 7.91999 9.12554 9.09553 9.03034 8.49048 7.3314 8.30213 8.34808 6.87053 5.17638 4.1882 3.78028 -9999 -9999 -9999 -9999 -9999 -9999 -9999 -9999 -9999 -9999 -9999 -9999 -9999 -9999 -9999 -9999 -9999 -9999 -9999 -9999 -9999 -9999 -9999 -9999 -9999 -9999 -9999 -9999 -9999 -9999 -9999 -9999 -9999 -9999 -9999 -9999 -9999 -9999 -9999 -9999 -9999 -9999 -9999
11.2537 10.3934 10.8318 11.417 12.2365 12.6509 12.9662 13.2236 13.4864 13.4545 13.076 11.9593 11.7999 11.7519 10.974 9.34106 7.71034 7.28856 9.12723 9.65412 9.54775 9.95886 8.97712 9.44188 9.25194 8.72928 7.10515 5.6246 5.01575 3.81136 -9999 -9999 -9999 -9999 -9999 -9999 -9999 -9999 -9999 -9999 -9999 -9999 -9999 -9999 -9999 -9999 -9999 -9999 -9999 -9999 -9999 -9999 -9999 -9999 -9999 -9999 -9999 -9999 -9999 -9999 -9999 -9999 -9999 -9999 -9999 -9999 -9999 -9999 -9999 -9999 -9999 -9999
-9999 -9999 9.84822 10.6386 11.2921 12.094 12.781 13.1299 13.469 13.4408 12.6846 12.3148 12.2826 11.7729 10.8748 10.3115 9.28517 8.21587 8.62566 10.1938 9.49755 10.6086 10.5153 10.7198 9.9779 8.565 6.6876 5.58578 5.04118 4.06544 -9999 -9999 -9999 -9999 -9999 -9999 -9999 -9999 -9999 -9999 -9999 -9999 -9999 -9999 -9999 -9999 -9999 -9999 -9999 -9999 -9999 -9999 -9999 -9999 -9999 -9999 -9999 -9999 -9999 -9999 -9999 -9999 -9999 -9999 -9999 -9999 -9999 -9999 -9999 -9999 -9999 -9999
-9999 -9999 -9999 10.4886 10.9847 12.065 12.6071 12.8329 13.3803 13.3806 13.0938 12.8774 12.5639 12.1546 11.4799 10.7356 9.77041 9.68207 10.6857 10.6991 10.4906 10.656 11.1717 11.0363 9.88792 7.89964 6.85239 4.71703 3.80624 3.90102 3.25607 -9999 -9999 -9999 -9999 -9999 -9999 -9999 -9999 -9999 -9999 -9999 -9999 5.77104 -9999 -9999 -9999 -9999 -9999 -9999 -9999 -9999 -9999 -9999 -9999 -9999 -9999 -9999 -9999 -9999 -9999 -9999 -9999 -9999 1.97306 -9999 -9999 -9999 -9999 -9999 -9999 -9999
-9999 -9999 10.3965 11.0569 11.5808 12.2569 12.3154 12.7081 13.3376 13.3457 13.142 12.9122 12.3965 12.2691 11.8854 11.0773 10.9129 11.2421 11.3944 11.5668 11.6733 11.5887 11.3808 11.1116 10.3646 9.4455 8.82876 6.884 5.89506 4.95507 3.5319 2.41907 -9999 -9999 -9999 -9999 -9999 -9999 -9999 5.00772 4.95878 4.98824 5.30504 6.17212 5.66977 -9999 -9999 -9999 -9999 -9999 -9999 -9999 -9999 -9999 -9999 -9999 -9999 -9999 -9999 -9999 -9999 -9999 -9999 -9999 2.74984 1.63221 -9999 -9999 -9999 -9999 -9999 -9999
-9999 -9999 10.5636 11.2722 11.6248 12.281 12.6554 12.8867 13.1037 13.3115 13.2755 13.0212 12.635 12.638 12.1066 11.8207 11.6171 12.0621 12.1513 11.9748 11.7528 11.5565 10.9991 10.9351 10.7474 10.1641 9.20627 8.21922 6.78827 4.85544 2.96014 1.43187 -9999 -9999 -9999 -9999 -9999 -9999 5.16094 5.88145 6.3149 5.40651 6.19081 6.9082 6.79911 6.11376 -9999 -9999 -9999 -9999 -9999 -9999 -9999 -9999 -9999 -9999 -9999 -9999 -9999 -9999 8.05046 6.90411 4.58466 3.3978 2.68748 1.67168 -9999 -9999 -9999 -9999 -9999 -9999
-9999 -9999 10.4194 11.2565 11.8225 12.3244 12.4022 12.9091 13.1285 13.2393 13.225 13.1742 13.1031 12.6391 12.4403 11.7394 12.4128 12.3891 12.2208 11.5494 11.2591 10.1047 9.59713 9.47819 10.4505 9.73259 8.23316 6.35862 4.10051 3.95509 3.21099 1.84508 -9999 -9999 -9999 -9999 -9999 -9999 5.37878 6.14929 6.79335 6.89108 5.98857 7.25993 7.21707 6.51371 6.35814 6.94427 7.24391 7.02962 7.73034 7.93823 7.6298 7.97745 -9999 -9999 -9999 -9999 8.20051 8.25055 8.28924 7.81371 5.27936 3.54983 1.99729 1.86006 -9999 -9999 -9999 -9999 -9999 -9999
-9999 -9999 10.9977 11.5117 11.7699 11.8088 12.2586 12.7001 12.9727 13.1727 13.1308 13.1139 13.0965 12.9383 12.5704 12.6384 12.6104 12.3969 11.1177 9.62404 10.2776 9.39174 7.48662 9.03222 9.88097 9.06729 7.25006 5.14281 4.44757 4.47737 3.44184 2.10881 -9999 -9999 -9999 3.26849 4.36907 4.46816 4.79565 5.82207 6.60416 7.19567 7.59976 7.59074 7.17785 6.49019 5.74227 6.01621 7.37677 7.71245 7.99776 8.21311 7.92715 8.08353 8.44992 8.64099 8.6826 8.60083 8.58475 8.61773 8.57792 8.1343 5.86786 4.57244 3.7476 2.09168 -9999 -9999 -9999 -9999 -9999 -9999
-9999 -9999 10.6709 11.1173 11.4779 12.0733 12.1336 12.5127 12.73 13.063 13.0999 12.7045 13.0311 12.9898 12.9301 12.8024 12.6148 11.5354 10.0469 8.55454 7.86645 8.1574 7.01504 7.60338 8.46336 8.15004 7.03372 5.15629 4.89164 4.45054 2.70859 1.03161 -9999 -9999 1.1328 3.24113 4.72692 5.49529 5.73621 5.76331 6.7477 6.82951 7.88939 7.6463 6.25942 6.42191 5.88618 6.24348 6.74694 6.88863 7.60853 8.30258 8.43709 8.44444 8.67918 8.73037 8.74614 8.74352 8.5904 8.66524 8.67955 8.40421 6.76288 5.96462 5.08708 2.11127 -9999 -9999 -9999 -9999 -9999 -9999
-9999 -9999 10.8945 11.3934 11.9398 12.0249 12.4286 12.3808 12.2551 12.8215 13.0261 12.7467 12.5461 12.9169 12.8928 12.8457 12.7671 11.7532 10.5795 8.80112 7.6967 7.01761 6.53793 5.89572 6.33738 6.20235 6.02121 6.22915 5.71279 4.67828 3.65838 1.74976 0.717947 -9999 1.2421 2.19494 3.9614 5.46355 6.41889 6.08128 7.20018 7.4119 8.05857 7.68672 6.84793 6.49082 6.46433 6.35899 7.11519 7.62717 7.9886 8.2318 8.53408 8.6138 8.69353 8.72885 8.7495 8.77018 8.76948 8.76668 8.7366 8.63517 7.88241 7.08743 5.36158 2.20766 -9999 -9999 -9999 -9999 -9999 -9999
-9999 9.43524 10.8345 11.6732 11.9951 12.226 12.429 12.5749 12.7231 12.8657 12.9658 12.9202 12.182 12.2433 12.3776 12.7989 12.7715 12.6824 12.042 9.87782 9.12787 8.03339 6.61702 6.02564 6.3218 7.4833 7.43121 6.66167 5.80407 4.61434 3.86027 2.68979 0.44275 0.646417 1.66113 2.41721 3.6187 5.45411 6.7423 7.31982 7.54113 7.99649 8.23657 7.72608 7.242 7.04119 6.66395 6.61609 6.62515 7.08448 7.44362 8.23771 8.50735 8.63334 8.69911 8.736 8.76354 8.79048 8.80177 8.78968 8.79358 8.7907 8.74006 7.67829 5.01803 3.01739 -9999 -9999 -9999 -9999 -9999 -9999
-9999 -9999 10.5719 10.938 11.0301 11.1948 11.5373 11.9333 12.4916 12.5619 12.8727 12.8687 12.2319 11.4981 12.1401 12.3967 12.6631 12.6739 12.594 10.7722 9.82124 9.07241 7.71428 8.20513 8.67079 8.70597 8.42467 6.7749 5.13177 3.23316 1.46412 1.38002 0.428296 0.933778 1.60464 3.32464 4.53637 5.03008 5.38622 7.25299 7.74141 7.91375 8.39611 7.75192 7.5958 7.11379 7.26561 7.22943 7.23872 5.89166 7.25527 7.34136 8.23128 8.63496 8.72947 8.75771 8.78724 8.79456 8.80267 8.80158 8.81359 8.80442 8.795 8.1067 4.72963 3.03972 -9999 -9999 -9999 -9999 -9999 -9999
-9999 -9999 -9999 -9999 10.677 10.9545 11.1304 11.4391 12.3909 12.6469 12.8169 12.8305 12.5467 11.8193 11.6298 11.7657 11.0589 11.6555 12.4693 12.451 12.354 10.7544 9.93665 10.7298 10.4888 9.28525 8.33779 7.40253 5.47876 4.06635 2.03877 0.516495 0.459854 2.14144 3.53883 5.27925 6.0491 5.61613 6.09311 7.02251 8.07825 8.59178 8.47785 7.79862 7.71126 6.96464 7.71193 7.78214 7.4445 7.15339 7.27806 7.72154 7.89394 8.59088 8.76287 8.79692 8.80553 8.81145 8.8114 8.81034 8.80602 8.80255 8.79706 8.77045 5.29909 2.60263 -9999 -9999 -9999 -9999 -9999 -9999
-9999 -9999 -9999 -9999 10.0066 10.1733 10.6207 11.7784 12.377 12.6199 12.6095 12.7221 12.522 11.8828 11.2275 10.6106 9.81415 10.2741 11.4858 12.2007 12.2833 10.8813 11.6125 11.3394 10.8005 9.22649 8.06619 7.45062 5.6036 4.01835 2.6694 0.807088 1.60448 2.48305 3.61176 5.51035 6.79275 7.32206 6.88485 7.48088 8.69505 8.70746 8.05228 8.10163 7.70751 6.68485 7.76382 8.07244 7.83614 7.90585 7.8214 7.99027 8.29251 8.58134 8.77451 8.80387 8.81026 8.80703 8.80951 8.81345 8.80352 8.80839 8.80294 8.78998 6.5512 2.54908 -9999 -9999 -9999 -9999 -9999 -9999
-9999 -9999 -9999 -9999 -9999 9.39085 10.4187 11.9572 12.3299 12.292 12.6086 12.6351 12.3279 12.0623 11.2666 10.1795 8.08883 8.62505 9.74066 11.3478 12.1929 12.0802 11.6118 10.797 8.82439 7.09778 6.88755 6.60421 5.25604 4.03425 2.53452 3.40385 4.35647 5.39905 5.94792 5.80811 6.90738 7.80475 7.42938 8.1595 9.01098 8.63295 8.41212 8.22809 7.77129 7.75031 7.80611 8.42195 8.00775 8.27335 8.28616 8.27768 8.42756 8.59871 8.7777 8.81011 8.81378 8.81956 8.80213 8.81237 8.80583 8.79987 8.79523 8.78484 8.58707 6.43507 5.15039 -9999 -9999 -9999 -9999 -9999
-9999 -9999 -9999 -9999 -9999 8.4351 8.94508 10.7683 11.3225 12.1274 12.5542 12.573 12.0545 11.7665 10.5796 10.1969 8.26342 7.38917 8.13585 7.85317 10.0648 12.0216 11.597 7.64975 6.21994 5.19983 5.4613 5.46316 5.08744 3.01051 2.43935 4.29584 5.46531 6.37205 7.06068 7.20604 7.18531 8.58698 8.77689 9.23583 9.14228 9.19006 8.49028 8.05989 8.45006 8.0171 7.94912 8.58507 7.97278 8.53971 8.47991 8.3179 8.31474 8.68879 8.76794 8.81113 8.81691 8.80527 8.78945 8.78217 8.7977 8.79617 8.78025 8.78631 8.77166 8.52279 7.41131 7.0272 7.46683 -9999 -9999 -9999
-9999 -9999 -9999 -9999 -9999 -9999 7.2381 9.7742 10.9247 11.5319 12.3888 12.4915 12.2141 11.7158 10.5072 9.44512 7.71695 5.74291 4.6973 7.83394 10.5638 11.9889 11.803 8.51739 7.22068 7.16046 7.924 7.27908 6.7898 5.21056 4.74025 4.08662 4.49083 5.75373 6.78695 7.7837 8.50955 8.57198 9.04509 9.31931 9.34652 9.4365 9.35949 9.29811 8.62552 9.10318 8.71106 8.93009 8.80065 8.68427 8.58461 8.20098 8.48193 8.73082 8.79809 8.82165 8.80986 8.80921 8.80166 8.78173 8.77564 8.77815 8.78042 8.77298 8.77826 8.77432 8.65546 7.98937 7.09542 5.96419 -9999 -9999
-9999 -9999 -9999 -9999 -9999 -9999 5.96703 8.4911 9.69916 11.2651 12.068 12.3942 12.3518 11.9482 11.0302 9.64801 8.49726 6.29301 4.00402 7.29469 10.2268 11.8097 11.8945 9.13408 9.90007 9.28147 9.53109 8.39815 7.9274 7.55138 6.7387 5.85016 4.87733 4.36505 6.68141 7.8722 8.8314 9.28569 9.54443 9.676 9.61247 9.44454 8.42249 9.2122 9.17873 9.1075 9.0249 8.98846 8.91407 8.82504 8.77473 8.76059 8.50728 8.806 8.80403 8.81118 8.81547 8.81059 8.7988 8.789 8.77648 8.7814 8.77651 8.77143 8.76987 8.77452 8.7725 8.74189 8.56954 7.04806 6.14032 5.89211
-9999 -9999 -9999 -9999 -9999 -9999 2.41234 6.08696 9.02987 10.572 11.8259 12.1711 12.3007 11.7586 11.3541 10.3638 9.42643 7.97896 5.80943 4.47443 6.93727 10.5193 11.8396 11.7378 11.6557 10.9406 10.2961 10.2148 10.2634 9.50904 8.41513 6.9876 6.54431 6.04509 7.77092 8.00704 7.88379 9.78244 9.79039 9.68674 8.96604 8.15935 8.31888 7.82316 8.2162 7.6235 8.18089 8.66358 8.84785 8.83935 8.78203 8.78088 8.75734 8.81394 8.81666 8.81168 8.80838 8.80787 8.80366 8.78466 8.77546 8.78707 8.77769 8.77128 8.7663 8.77316 8.77513 8.7539 8.73514 8.50623 8.15885 7.49354
-9999 -9999 -9999 -9999 -9999 -9999 2.56539 5.64807 8.27017 9.84021 11.3529 11.704 12.2153 12.1062 11.6822 10.8215 9.74582 8.55474 6.69358 5.31074 6.96008 9.33593 11.0393 11.6509 11.6443 11.6038 11.4424 11.3745 11.1864 11.0479 10.2649 8.91791 8.1567 7.04232 8.96551 9.18332 8.88539 9.84727 9.8026 8.3564 7.24577 7.11152 7.79705 7.15559 7.04977 6.65387 7.11521 8.34122 7.99245 8.06867 8.62733 8.72366 8.78861 8.80832 8.80809 8.80877 8.80252 8.807 8.81147 8.79302 8.78644 8.78524 8.76832 8.77094 8.76146 8.75932 8.75583 8.74703 8.73025 8.66921 8.60312 8.68794
-9999 -9999 -9999 -9999 -9999 -9999 2.62813 4.6962 7.05596 9.36957 10.9852 11.6371 12.1123 12.1082 11.6149 11.1878 10.5141 9.46618 8.74803 7.49963 5.78539 8.66373 9.54361 10.3324 10.6634 11.4846 11.4648 11.0889 10.6453 11.0514 10.9349 9.86803 9.51823 8.92688 9.9974 10.0021 9.975 9.92061 8.69887 6.99979 5.64285 6.62676 6.42692 6.8821 5.49699 6.65049 7.57891 7.88413 7.26383 6.80429 8.24789 8.49377 8.63988 8.73472 8.79811 8.78722 8.80528 8.80013 8.79926 8.79809 8.78941 8.78585 8.77754 8.76926 8.76419 8.76368 8.75309 8.74023 8.74479 8.71478 8.70622 8.70174
-9999 -9999 -9999 -9999 -9999 -9999 -9999 3.4669 6.45484 9.12679 10.6144 11.5502 12.0066 11.9991 11.7473 11.4575 11.0401 10.2843 9.33442 7.83237 6.71758 7.42741 8.28868 8.3875 8.96316 10.6312 11.2013 10.3943 8.39191 9.57291 10.888 10.8679 10.7572 10.6335 10.4738 10.3314 10.0174 9.17247 6.57841 6.0721 5.05732 5.17755 4.6596 5.80668 5.38771 6.56614 7.08007 7.27758 6.19873 6.43361 7.71647 8.22564 8.14641 8.46016 8.7592 8.77269 8.78483 8.7808 8.79082 8.79693 8.79593 8.78741 8.78214 8.77974 8.76353 8.77477 8.684 8.62712 8.50578 8.66899 8.68964 8.71023
-9999 -9999 -9999 -9999 -9999 -9999 -9999 2.86361 5.85021 8.99738 10.0076 11.0166 11.8878 11.9055 11.5199 11.1535 10.7762 10.3465 9.19382 8.07603 7.00882 6.65134 6.86764 6.8476 7.77864 9.95176 10.373 10.1942 8.10521 7.40071 9.15744 10.6342 10.752 10.6201 8.88595 9.25816 8.32427 7.05706 6.71087 6.15864 4.9878 5.55769 4.7017 5.07548 4.9851 5.65628 5.98633 6.78363 5.84387 5.85355 7.11361 7.74952 7.76998 8.43667 8.67704 8.74302 8.76262 8.77781 8.78475 8.79939 8.79771 8.79262 8.78463 8.75816 8.68818 8.46487 7.21805 7.22551 7.57619 7.90829 8.51176 8.68786
-9999 -9999 -9999 -9999 -9999 -9999 -9999 3.20496 5.27728 8.06988 10.1387 10.2687 11.275 11.795 11.3755 10.9033 10.4202 10.2099 8.95513 7.57664 6.46305 5.14457 5.36297 6.31137 7.85753 9.26165 9.51336 9.22408 8.10283 8.63211 9.83078 10.4681 10.6574 10.5118 10.1359 9.91992 9.23299 8.93715 7.98262 6.48852 5.90254 6.28038 4.69474 4.8105 5.40328 4.78727 5.82227 6.32031 5.10498 6.08459 7.19592 7.76641 8.26561 8.50422 8.60193 8.7493 8.75732 8.7736 8.78445 8.78675 8.79122 8.77272 8.75839 8.63002 8.43845 7.2726 6.79768 6.89916 7.4463 7.92605 8.43681 8.64486
-9999 -9999 -9999 -9999 -9999 -9999 -9999 3.55382 5.41973 7.84115 9.31612 9.58009 10.6961 11.6887 11.5788 11.0873 10.9385 10.4293 9.36519 8.18971 6.90471 6.28056 4.84402 6.26029 7.37615 8.56548 9.12237 8.20006 7.74051 8.55855 9.37193 9.69796 10.5197 10.5141 10.2494 9.10018 8.54141 8.78195 8.54405 8.12512 7.09803 7.05622 6.39826 6.12844 5.87399 5.04057 5.58254 5.64134 5.79712 6.96591 7.54673 7.93339 8.28537 8.38118 8.53668 8.73699 8.75863 8.77003 8.77353 8.78164 8.77177 8.72072 8.67855 8.41518 7.94527 7.06412 5.64102 6.65926 7.72375 8.0502 8.36816 8.53297
-9999 -9999 -9999 -9999 -9999 -9999 -9999 3.23096 5.21334 7.28284 8.14807 8.29508 10.3145 11.5514 11.5543 11.3218 11.0502 9.79036 9.86565 9.61468 8.45559 6.76663 4.91148 5.08654 6.19397 7.75862 8.27899 6.75694 6.22223 6.61863 7.84778 8.94836 10.0976 10.3913 10.0573 8.267 6.36455 7.25148 8.19917 8.19759 7.9244 6.97232 6.67295 6.40251 5.70943 4.53612 4.71451 5.04798 6.37961 6.80258 7.45309 7.99407 7.79684 7.91978 8.43714 8.73588 8.75145 8.76114 8.77528 8.77301 8.76001 8.65373 8.54101 8.34871 7.11532 6.35036 5.23906 6.55229 7.27957 7.67976 8.37219 8.54101
-9999 -9999 -9999 -9999 -9999 -9999 -9999 2.61207 4.05052 6.02862 6.82583 8.09785 10.0062 10.9452 11.3959 11.3869 11.2062 10.6427 10.3044 9.63657 8.43073 6.78141 4.94783 3.75446 4.36249 6.46993 6.97332 5.56678 4.85662 5.74523 7.0551 8.99379 10.1025 10.2543 10.1569 9.78991 8.40178 6.72423 6.73339 7.58004 6.87856 6.06282 6.51794 6.43887 5.75452 5.25807 4.96069 5.16218 5.92051 6.23698 6.98765 8.09303 8.25554 8.22911 8.69706 8.72485 8.74021 8.7622 8.76615 8.76642 8.75709 8.6713 8.47343 7.65402 6.94019 5.94525 5.82675 7.00094 7.51937 8.00205 8.34431 8.45914
-9999 -9999 -9999 -9999 -9999 -9999 -9999 1.5499 3.24246 5.09547 6.83075 8.47275 9.88621 9.996 10.7421 10.742 11.1336 11.0228 10.5006 9.93829 8.8995 6.78047 4.99874 3.05544 3.56888 5.72404 5.99506 5.05877 3.32753 5.11898 7.09449 8.88524 9.85577 9.09915 9.87972 9.81865 9.30043 8.30311 6.75085 6.78394 5.62194 5.57527 6.17827 6.377 6.28179 5.91028 5.31767 5.43209 5.89457 6.01616 6.70645 7.56512 8.40458 8.54965 8.71358 8.72509 8.7323 8.74988 8.75611 8.74329 8.70522 8.6153 7.92906 7.11214 6.61087 5.9192 5.83982 7.18763 7.73693 8.04413 8.34056 8.46055
-9999 -9999 -9999 -9999 -9999 -9999 -9999 -9999 3.06362 4.97795 6.39463 6.77625 8.03264 8.71143 9.23702 9.35425 10.8529 10.9366 10.6059 10.0895 9.20371 7.59603 6.47614 4.61218 3.2726 3.82643 4.07118 4.56555 4.42212 5.22212 7.12056 9.09848 9.31628 8.06357 8.25205 8.51748 9.10906 8.81371 6.6974 5.62408 4.73398 5.37305 6.04531 6.21135 6.24823 6.12397 5.98859 5.73883 6.63768 7.30409 7.46253 8.04406 8.47462 8.59702 8.69035 8.706 8.72178 8.72658 8.70643 8.69309 8.59096 8.35637 7.5882 5.73415 5.82595 5.62996 5.05686 6.3752 7.21915 7.9626 8.36001 8.46633
-9999 -9999 -9999 -9999 -9999 -9999 -9999 -9999 2.42066 4.63559 5.10334 5.06863 4.33546 4.67367 7.39361 7.94207 9.3794 10.7405 10.6418 10.1353 9.30664 8.3496 6.8672 4.77078 3.10511 2.39842 4.19369 5.9494 6.31484 6.87899 8.04302 8.26593 6.9854 5.78488 6.46283 6.87242 8.42543 8.71152 8.41364 7.14008 5.68362 4.92537 5.82938 5.954 6.01249 6.02777 6.01029 5.98152 6.9959 7.55864 7.95053 8.16615 8.53659 8.63501 8.66977 8.70268 8.70077 8.68658 8.6335 8.57252 8.28821 7.9431 6.68177 5.63109 4.97786 4.14743 6.03576 6.60535 7.39357 7.90435 8.29978 8.39042
