Test_Spring_2018b/01_18/Temp/20180124_023.txt
ncols	170
nrows	115
xllcorner	350000.000000
yllcorner	4445000.000000
cellsize	1000.000000
nodata_value	-9999.000000
[rows 31 to 61 of 115, columns 70 to 139 of 170]
2.98346 3.72893 4.00054 3.4753 3.52343 4.77233 5.05185 5.03015 4.92291 4.8009 4.20384 4.00181 3.53045 2.70273 2.35346 0.883511 -3.86022 -2.52342 -2.00373 -3.38288 -2.62107 -1.37803 -2.47066 -5.70247 -7.09762 -9.34144 -8.63227 -9.30308 -11.1101 -9999 -9999 -9999 -9999 -9999 -9999 -9999 -9999 -9999 -9999 -9999 -9999 -9999 -9999 -9999 -9999 -9999 -9999 -9999 -9999 -9999 -9999 -9999 -9999 -9999 -9999 -9999 -9999 -9999 -9999 -9999 -9999 -9999 -9999 -9999 -9999 -9999 -9999 -9999 -9999 -9999
3.11678 3.45544 3.41933 2.91334 3.685 4.39538 3.96433 3.67787 4.85155 4.84808 4.44402 3.49955 3.15051 2.78854 2.56494 1.35359 -2.03715 -5.09449 -3.46394 -3.43024 -4.56637 -2.54341 -3.61987 -6.4197 -10.37 -8.23036 -8.79324 -11.5795 -12.2697 -9999 -9999 -9999 -9999 -9999 -9999 -9999 -9999 -9999 -9999 -9999 -9999 -9999 -9999 -9999 -9999 -9999 -9999 -9999 -9999 -9999 -9999 -9999 -9999 -9999 -9999 -9999 -9999 -9999 -9999 -9999 -9999 -9999 -9999 -9999 -9999 -9999 -9999 -9999 -9999 -9999
2.16052 3.01162 2.74464 2.52496 3.67377 3.6459 3.57537 3.99684 4.7258 4.86763 4.70787 4.2938 3.93468 3.55274 2.58971 1.20464 -1.69791 -5.17718 -5.97013 -4.27465 -4.19807 -3.92976 -4.91113 -6.14247 -8.06598 -6.49952 -5.89404 -7.73031 -10.1287 -11.6735 -9999 -9999 -9999 -9999 -9999 -9999 -9999 -9999 -9999 -9999 -9999 -9999 -9999 -9999 -9999 -9999 -9999 -9999 -9999 -9999 -9999 -9999 -9999 -9999 -9999 -9999 -9999 -9999 -9999 -9999 -9999 -9999 -9999 -9999 -9999 -9999 -9999 -9999 -9999 -9999
0.878591 2.3424 1.9402 0.818219 1.50909 2.02704 2.9999 3.255 3.39647 4.76796 4.6916 4.62419 4.03322 3.55964 2.77745 1.44425 -0.45213 -2.73459 -6.70532 -4.26482 -2.35488 -2.40879 -2.5185 -3.38252 -5.23055 -3.69305 -3.62529 -5.96719 -8.62889 -10.2063 -10.8615 -9999 -9999 -9999 -9999 -9999 -9999 -9999 -9999 -9999 -9999 -9999 -9999 -9999 -9999 -9999 -9999 -9999 -9999 -9999 -9999 -9999 -9999 -9999 -9999 -9999 -9999 -9999 -9999 -9999 -9999 -9999 -9999 -9999 -9999 -9999 -9999 -9999 -9999 -9999
-9999 1.41324 1.0259 -0.343583 0.351653 1.28077 2.59986 3.28486 3.80436 4.2122 4.62805 4.57484 3.97009 2.1913 1.93355 1.85227 0.610321 -1.99114 -4.58927 -5.26595 -2.34971 -1.51847 -1.69363 -1.04606 -2.61219 -1.87887 -2.18599 -3.01712 -5.58007 -7.92058 -8.89512 -10.8165 -9999 -9999 -9999 -9999 -9999 -9999 -9999 -9999 -9999 -9999 -9999 -9999 -9999 -9999 -9999 -9999 -9999 -9999 -9999 -9999 -9999 -9999 -9999 -9999 -9999 -9999 -9999 -9999 -9999 -9999 -9999 -9999 -9999 -9999 -9999 -9999 -9999 -9999
-9999 -9999 -9999 -9999 -1.2099 0.0626179 1.11303 2.40172 3.51253 4.06602 4.60339 4.55626 3.35138 2.75981 2.70415 1.8889 0.455833 -0.445455 -2.0831 -3.78914 -3.14421 -0.657979 -1.77082 -0.0106653 -0.164643 0.155089 -1.0292 -3.2581 -6.24141 -7.97961 -8.85185 -10.4096 -9999 -9999 -9999 -9999 -9999 -9999 -9999 -9999 -9999 -9999 -9999 -9999 -9999 -9999 -9999 -9999 -9999 -9999 -9999 -9999 -9999 -9999 -9999 -9999 -9999 -9999 -9999 -9999 -9999 -9999 -9999 -9999 -9999 -9999 -9999 -9999 -9999 -9999
-9999 -9999 -9999 -9999 -9999 -0.173665 0.626574 2.34458 3.23879 3.5971 4.46603 4.46451 4.00576 3.65819 3.15537 2.49969 1.42143 0.232159 -1.30841 -1.45545 0.133143 0.147998 -0.189644 0.0673405 0.881466 0.661147 -1.16446 -4.3132 -5.98279 -9.3577 -10.8117 -10.6677 -11.6998 -9999 -9999 -9999 -9999 -9999 -9999 -9999 -9999 -9999 -9999 -9999 -9999 -7.82636 -9999 -9999 -9999 -9999 -9999 -9999 -9999 -9999 -9999 -9999 -9999 -9999 -9999 -9999 -9999 -9999 -9999 -9999 -9999 -9999 -14.0824 -9999 -9999 -9999
-9999 -9999 -9999 -9999 -0.335391 0.741761 1.57623 2.65264 2.75945 3.40224 4.40203 4.41332 4.08695 3.71825 2.89405 2.68627 2.07035 0.779452 0.51138 1.02764 1.26283 1.53017 1.6931 1.55263 1.21664 0.783808 -0.387869 -1.85345 -2.83832 -5.92872 -7.48826 -8.98864 -11.2575 -13.0335 -9999 -9999 -9999 -9999 -9999 -9999 -9999 -8.99311 -9.0817 -9.04581 -8.55329 -7.18617 -7.99575 -9999 -9999 -9999 -9999 -9999 -9999 -9999 -9999 -9999 -9999 -9999 -9999 -9999 -9999 -9999 -9999 -9999 -9999 -9999 -12.8478 -14.635 -9999 -9999
-9999 -9999 -9999 -9999 -0.0437445 1.08512 1.64825 2.6942 3.29183 3.68986 4.03479 4.36386 4.30445 3.89685 3.27853 3.27777 2.42685 1.96563 1.63482 2.33478 2.46922 2.18161 1.82229 1.50423 0.612833 0.506197 0.222728 -0.708529 -2.23501 -3.80793 -6.065 -9.14307 -12.162 -14.598 -9999 -9999 -9999 -9999 -9999 -9999 -8.73463 -7.60027 -6.92238 -8.3775 -7.14219 -6.01328 -6.19807 -7.29315 -9999 -9999 -9999 -9999 -9999 -9999 -9999 -9999 -9999 -9999 -9999 -9999 -9999 -9999 -4.38022 -6.21296 -9.91026 -11.8073 -12.9469 -14.5721 -9999 -9999
-9999 -9999 -9999 -9999 -0.273218 1.06098 1.96466 2.76663 2.89406 3.71982 4.07915 4.25464 4.23012 4.14608 4.0285 3.2853 2.96262 1.84136 2.90391 2.85832 2.58312 1.50856 1.04036 -0.800641 -1.61284 -1.78857 -0.246964 -1.39164 -3.77833 -6.76124 -10.3372 -10.57 -11.7586 -13.9363 -9999 -9999 -9999 -9999 -9999 -9999 -8.38368 -7.17015 -6.15784 -6.01408 -7.46026 -5.45114 -5.52558 -6.65535 -6.91443 -5.99461 -5.53017 -5.87667 -4.77301 -4.45492 -4.95744 -4.41704 -9999 -9999 -9999 -9999 -4.12047 -4.05181 -4.001 -4.76737 -8.80612 -11.5656 -14.0438 -14.2724 -9999 -9999
-9999 -9999 -9999 -9999 0.645566 1.46749 1.88326 1.95067 2.67069 3.39311 3.83678 4.15872 4.09007 4.05958 4.02693 3.76931 3.17719 3.27732 3.22437 2.87662 0.834988 -1.54686 -0.515166 -1.93135 -4.95219 -2.49582 -1.15008 -2.44631 -5.33744 -8.68949 -9.78119 -9.73533 -11.3868 -13.5101 -9999 -9999 -9999 -11.7001 -9.96082 -9.81397 -9.30454 -7.68451 -6.45306 -5.52602 -4.89575 -4.91683 -5.58549 -6.69055 -7.89138 -7.468 -5.31744 -4.7959 -4.34728 -4.01754 -4.48457 -4.24983 -3.67955 -3.38772 -3.33323 -3.47458 -3.51127 -3.46971 -3.54367 -4.25931 -7.87063 -9.93995 -11.2613 -13.9057 -9999 -9999
-9999 -9999 -9999 -9999 0.127182 0.842356 1.42166 2.38241 2.48402 3.09155 3.45438 3.99029 4.04727 3.41528 3.92934 3.85706 3.75449 3.54294 3.23564 1.51095 -0.86381 -3.24406 -4.34512 -3.87866 -5.69918 -4.76453 -3.40068 -3.90145 -5.67352 -8.65989 -9.083 -9.77357 -12.5453 -15.217 -9999 -9999 -15.0796 -11.7379 -9.38654 -8.1761 -7.80457 -7.77328 -6.22065 -6.1028 -4.43039 -4.82439 -7.04139 -6.79531 -7.66058 -7.1049 -6.31859 -6.1055 -4.96888 -3.87638 -3.67512 -3.67583 -3.31494 -3.24554 -3.23219 -3.24776 -3.50224 -3.39411 -3.38195 -3.83 -6.44918 -7.72828 -9.13364 -13.8756 -9999 -9999
-9999 -9999 -9999 -9999 0.490647 1.29054 2.16625 2.30848 2.95669 2.88815 2.70598 3.60756 3.93639 3.48889 3.16487 3.7473 3.70069 3.61659 3.48199 1.86072 -0.0142435 -2.8495 -4.61258 -5.68935 -6.45628 -7.47271 -6.77324 -6.98996 -7.27972 -6.95101 -7.77272 -9.40667 -11.0324 -14.0701 -15.7169 -9999 -14.9001 -13.3951 -10.5978 -8.22125 -6.71446 -7.26322 -5.49715 -5.17316 -4.15389 -4.75733 -6.10338 -6.68517 -6.73973 -6.91958 -5.72998 -4.93 -4.36361 -3.98979 -3.52031 -3.40615 -3.29174 -3.24767 -3.2266 -3.20514 -3.21733 -3.23254 -3.29087 -3.4624 -4.6691 -5.94313 -8.69655 -13.7214 -9999 -9999
-9999 -9999 -9999 -1.84749 0.395007 1.73642 2.25649 2.63182 2.96223 3.20088 3.45346 3.68477 3.84343 3.77114 2.59234 2.68241 2.88716 3.54698 3.49315 3.34107 2.31332 -1.13559 -2.3285 -4.06948 -6.32464 -7.26463 -6.79587 -4.95112 -5.03508 -6.25936 -7.62377 -9.50515 -10.7062 -12.5718 -16.1488 -15.8326 -14.2284 -13.0363 -11.1371 -8.23111 -6.19554 -5.29004 -4.951 -4.23691 -3.86789 -4.69356 -5.47607 -5.80798 -6.42025 -6.50892 -6.50705 -5.78943 -5.22731 -3.97925 -3.56336 -3.37436 -3.28225 -3.23573 -3.20374 -3.17234 -3.16545 -3.19539 -3.19962 -3.21443 -3.3053 -5.00306 -9.24465 -12.4364 -9999 -9999
-9999 -9999 -9999 -9999 -0.022045 0.569265 0.7252 0.996384 1.5497 2.18681 3.09133 3.20553 3.69983 3.69302 2.67723 1.50325 2.51441 2.91203 3.3245 3.33085 3.19347 0.296016 -1.22178 -2.4169 -4.57918 -3.79868 -3.05999 -3.00497 -3.45265 -6.07542 -8.6878 -11.696 -14.5116 -14.6499 -16.1673 -15.3707 -14.313 -11.5888 -9.67347 -8.90029 -8.34648 -5.39199 -4.62641 -4.36637 -3.61272 -4.64968 -4.91114 -5.6902 -5.46172 -5.53198 -5.52989 -7.68361 -5.52526 -5.40154 -3.99998 -3.3718 -3.23306 -3.20034 -3.16521 -3.16499 -3.16313 -3.17554 -3.16683 -3.19181 -3.21881 -4.32339 -9.70174 -12.3995 -9999 -9999
-9999 -9999 -9999 -9999 -9999 -9999 0.166721 0.617945 0.907194 1.4063 2.93633 3.34617 3.61681 3.6362 3.18042 2.01845 1.70754 1.91282 0.777997 1.71612 3.00242 2.96567 2.80525 0.25803 -1.04263 0.216122 -0.168032 -2.08149 -3.58758 -5.07416 -8.13214 -10.3676 -13.5938 -16.0178 -16.1135 -13.4475 -11.234 -8.47744 -7.26461 -7.96455 -7.21884 -5.75374 -4.08866 -3.28557 -3.47991 -4.57277 -4.72511 -5.92494 -4.75009 -4.65137 -5.20083 -5.67623 -5.48743 -4.79572 -4.53472 -3.43972 -3.17884 -3.13676 -3.13486 -3.13687 -3.14796 -3.1603 -3.17855 -3.19469 -3.21398 -3.26684 -8.79514 -13.0928 -9999 -9999
-9999 -9999 -9999 -9999 -9999 -9999 -0.896054 -0.620335 0.100723 1.94969 2.91847 3.30758 3.29146 3.46834 3.14546 2.12227 1.07155 0.0798839 -1.19673 -0.475976 1.44089 2.56957 2.69471 0.461564 1.62302 1.18725 0.329803 -2.17222 -4.01632 -4.99448 -7.93019 -10.4405 -12.5878 -15.5522 -14.2902 -12.9006 -11.1148 -8.10645 -6.07901 -5.24962 -5.95668 -5.02212 -3.10534 -3.09893 -4.1537 -4.08864 -4.72868 -6.36738 -4.66544 -4.18785 -4.57629 -4.47823 -4.62199 -4.36681 -3.89946 -3.45316 -3.1586 -3.12409 -3.12567 -3.1422 -3.14926 -3.1541 -3.18066 -3.18359 -3.20289 -3.23412 -6.80329 -13.1763 -9999 -9999
-9999 -9999 -9999 -9999 -9999 -9999 -9999 -1.86096 -0.217278 2.23695 2.84668 2.78926 3.29299 3.33275 2.8397 2.41024 1.13604 -0.602853 -3.93686 -3.09482 -1.3307 1.21611 2.55329 2.36951 1.62446 0.327568 -2.80858 -5.55313 -5.88705 -6.33707 -8.4798 -10.4124 -12.7994 -11.4219 -9.91319 -8.26287 -7.3987 -7.63056 -5.89416 -4.47956 -5.0886 -3.94096 -2.60072 -3.21495 -3.57941 -3.88534 -4.62507 -4.67165 -4.59608 -3.6302 -4.30144 -3.89202 -3.88124 -3.90796 -3.68275 -3.42349 -3.15145 -3.11206 -3.11798 -3.12015 -3.15898 -3.15366 -3.17491 -3.19514 -3.21324 -3.24048 -3.56558 -6.99786 -9.05083 -9999
-9999 -9999 -9999 -9999 -9999 -9999 -9999 -3.37721 -2.55703 0.349323 1.24723 2.52926 3.20798 3.23539 2.40633 1.94184 0.0461576 -0.573138 -3.65757 -5.05657 -3.87872 -4.33565 -0.82631 2.27943 1.60385 -4.67203 -6.94556 -8.56729 -8.1516 -8.14847 -8.74569 -12.0376 -12.9487 -10.0022 -8.149 -6.71469 -5.6284 -5.40686 -5.45071 -3.23464 -2.94487 -2.22821 -2.39005 -2.32743 -3.45313 -4.15063 -3.5441 -4.24551 -4.36668 -3.36881 -4.3549 -3.4665 -3.57106 -3.84175 -3.85975 -3.27794 -3.16456 -3.10799 -3.11068 -3.1405 -3.1768 -3.19937 -3.1856 -3.19889 -3.23504 -3.23625 -3.27039 -3.67776 -5.45549 -6.07706
-9999 -9999 -9999 -9999 -9999 -9999 -9999 -9999 -5.26829 -1.22954 0.615896 1.58326 2.94519 3.10575 2.66401 1.86338 -0.0675244 -1.76631 -4.52407 -7.67232 -9.34091 -4.36271 -0.0297068 2.23094 1.93463 -3.28971 -5.35196 -5.44827 -4.23492 -5.26023 -6.03835 -8.53916 -9.29032 -10.3339 -9.69721 -7.69568 -6.06254 -4.48799 -3.3451 -3.25763 -2.51815 -2.09413 -2.06391 -1.93409 -2.06979 -2.18067 -3.26329 -2.51721 -3.15352 -2.8183 -3.03685 -3.23451 -3.40224 -4.02512 -3.59146 -3.2085 -3.11393 -3.08913 -3.11938 -3.13174 -3.15495 -3.19776 -3.21837 -3.22537 -3.23272 -3.25552 -3.2581 -3.27627 -3.47631 -4.54613
-9999 -9999 -9999 -9999 -9999 -9999 -9999 -9999 -7.28705 -3.26842 -1.33168 1.15893 2.43985 2.95735 2.88322 2.23345 0.764966 -1.44222 -3.28169 -6.79539 -10.4431 -5.21815 -0.56118 1.95011 2.08141 -2.30596 -1.09001 -2.07436 -1.6784 -3.47997 -4.22922 -4.81749 -6.11326 -7.53056 -9.08089 -9.90354 -6.23041 -4.34743 -2.83352 -2.12306 -1.72411 -1.52787 -1.64072 -1.91999 -3.55766 -2.31558 -2.38219 -2.50844 -2.65268 -2.72344 -2.8544 -3.00851 -3.09753 -3.13299 -3.54842 -3.0864 -3.10288 -3.10322 -3.10792 -3.12704 -3.15705 -3.18384 -3.21494 -3.21919 -3.23693 -3.2561 -3.26968 -3.27431 -3.28872 -3.34851
-9999 -9999 -9999 -9999 -9999 -9999 -9999 -9999 -12.9358 -7.08953 -2.38815 0.0631681 2.05873 2.60275 2.80235 1.93279 1.28081 -0.302873 -1.80262 -4.11289 -7.57023 -9.70019 -5.78843 -0.0998963 1.99821 1.83629 1.70378 0.565513 -0.460391 -0.59108 -0.51559 -1.70517 -3.44523 -5.72008 -6.43245 -7.23372 -4.49932 -4.13374 -4.34027 -1.33383 -1.33328 -1.51064 -2.66916 -3.96271 -3.72229 -4.52194 -3.91043 -4.86543 -3.99227 -3.23777 -2.95749 -2.9835 -3.08332 -3.09833 -3.1484 -3.07268 -3.08028 -3.0999 -3.11669 -3.12891 -3.14694 -3.18844 -3.21439 -3.20726 -3.23474 -3.25646 -3.27368 -3.27493 -3.28308 -3.32802
-9999 -9999 -9999 -9999 -9999 -9999 -9999 -9999 -12.6839 -7.76463 -3.59553 -1.09423 1.30711 1.86041 2.66685 2.48597 1.80354 0.426342 -1.29261 -3.1948 -6.16153 -8.3672 -5.75231 -1.9764 0.726982 1.69885 1.68898 1.62229 1.36352 1.25638 0.955093 0.744992 -0.504954 -2.6532 -3.87021 -5.64947 -2.60144 -2.26496 -2.74905 -1.23138 -1.31423 -3.62525 -5.40325 -5.62952 -4.55062 -5.58319 -5.76458 -6.40485 -5.68423 -3.7481 -4.31537 -4.20664 -3.3269 -3.18653 -3.09838 -3.07916 -3.09144 -3.10207 -3.1236 -3.12795 -3.13227 -3.173 -3.19487 -3.20821 -3.24658 -3.25547 -3.28212 -3.29796 -3.31241 -3.33767
-9999 -9999 -9999 -9999 -9999 -9999 -9999 -9999 -12.5864 -9.2763 -5.52508 -1.8415 0.723149 1.75456 2.50378 2.49015 1.698 1.01064 -0.0689069 -1.74297 -2.89247 -4.88416 -7.6155 -3.04613 -1.64605 -0.392827 0.132234 1.43499 1.40125 0.801444 0.11068 0.751196 0.559035 -1.14331 -1.70669 -2.65482 -0.962197 -0.964413 -1.01793 -1.11544 -3.06897 -5.78167 -7.95086 -6.39952 -6.72987 -6.01658 -8.23115 -6.41077 -4.94776 -4.47521 -5.4714 -6.21414 -3.9274 -3.55241 -3.33246 -3.1938 -3.10496 -3.13404 -3.11697 -3.13671 -3.1496 -3.16296 -3.18827 -3.20547 -3.23023 -3.25499 -3.27651 -3.28982 -3.31824 -3.3529
-9999 -9999 -9999 -9999 -9999 -9999 -9999 -9999 -9999 -11.2312 -6.47258 -2.22739 0.13389 1.61679 2.33636 2.31775 1.91003 1.44152 0.770018 -0.439213 -1.95655 -4.35101 -6.12924 -5.00651 -3.63486 -3.47831 -2.56671 0.081457 0.984523 -0.301325 -3.47088 -1.60004 0.484148 0.44536 0.261885 0.0569414 -0.20572 -0.4418 -0.951182 -2.30507 -6.43967 -7.25637 -8.88144 -8.70267 -9.53843 -7.72487 -8.4036 -6.54311 -5.73879 -5.43733 -7.16453 -6.7981 -4.77546 -3.97853 -4.11665 -3.62995 -3.16465 -3.15501 -3.14743 -3.16546 -3.16114 -3.16303 -3.17621 -3.20347 -3.22365 -3.23929 -3.27919 -3.27391 -3.42988 -3.5318
-9999 -9999 -9999 -9999 -9999 -9999 -9999 -9999 -9999 -12.1772 -7.43116 -2.43115 -0.828884 0.770158 2.14929 2.17096 1.55097 0.961091 0.353772 -0.33671 -2.17608 -3.95956 -5.6621 -6.23594 -5.89717 -5.92168 -4.44579 -0.995453 -0.329663 -0.617793 -3.92578 -5.05169 -2.26601 0.0740812 0.253438 0.0352552 -2.73018 -2.14826 -3.6429 -5.66786 -6.22931 -7.11863 -8.99152 -8.09776 -9.47059 -8.88881 -9.04194 -7.98758 -7.4754 -6.22049 -7.72652 -7.71776 -5.7317 -4.73334 -4.71304 -3.66541 -3.29527 -3.20221 -3.1828 -3.17039 -3.17109 -3.15957 -3.17403 -3.19395 -3.21852 -3.27246 -3.39554 -3.76493 -5.75925 -5.75895
-9999 -9999 -9999 -9999 -9999 -9999 -9999 -9999 -9999 -11.6308 -8.33869 -3.90272 -0.618227 -0.416319 1.17768 1.9979 1.32432 0.566595 -0.208415 -0.549898 -2.55131 -4.74905 -6.52529 -8.62675 -8.28488 -6.78227 -4.31659 -2.08917 -1.69348 -2.15782 -3.92766 -3.09298 -1.19477 -0.189315 0.103395 -0.136637 -0.743319 -1.09635 -2.19842 -2.6793 -4.20755 -6.59377 -7.53684 -6.94813 -9.48053 -9.30869 -8.37871 -9.36703 -7.73428 -6.95497 -8.89897 -7.35286 -5.59899 -4.70464 -3.92345 -3.5563 -3.413 -3.19068 -3.18977 -3.17572 -3.1703 -3.17846 -3.18323 -3.22452 -3.25921 -3.47517 -3.79156 -5.65653 -6.42684 -6.27719
-9999 -9999 -9999 -9999 -9999 -9999 -9999 -9999 -9999 -11.0719 -8.10846 -4.26288 -1.92249 -1.50775 0.26051 1.83219 1.65089 0.862815 0.619326 -0.197022 -1.89516 -3.77014 -5.81888 -6.81685 -9.10573 -6.85977 -5.07779 -3.19231 -2.31208 -3.76421 -4.50132 -3.20808 -1.92266 -1.41232 -0.114485 -0.132196 -0.56233 -2.39871 -3.29707 -2.9253 -3.31438 -3.9915 -5.63555 -5.71372 -6.77144 -7.21234 -7.62892 -8.96252 -8.11339 -8.0322 -7.80114 -5.95021 -5.03962 -4.4375 -3.89037 -3.7503 -3.51525 -3.20886 -3.18641 -3.18021 -3.18655 -3.18557 -3.21318 -3.30627 -3.38526 -3.81585 -4.57473 -5.98722 -8.26496 -6.6582
-9999 -9999 -9999 -9999 -9999 -9999 -9999 -9999 -9999 -11.5802 -8.43209 -5.14621 -3.77519 -3.54646 -0.342164 1.61783 1.61609 1.23984 0.801291 -1.20804 -1.09513 -1.5006 -3.34927 -6.03989 -8.99437 -8.7216 -6.96307 -4.47116 -3.64944 -6.05507 -6.91204 -6.28933 -4.34334 -2.6021 -0.783947 -0.326111 -0.866423 -3.72182 -6.75593 -5.35671 -3.86124 -3.87492 -4.32056 -5.84553 -6.33319 -6.77501 -7.88871 -9.76563 -9.4911 -8.97336 -6.86762 -6.20809 -5.1868 -4.33946 -4.66538 -4.48229 -3.67214 -3.20941 -3.19671 -3.19331 -3.18282 -3.1984 -3.23106 -3.412 -3.60317 -3.92085 -5.89333 -7.12121 -8.90028 -6.82808
-9999 -9999 -9999 -9999 -9999 -9999 -9999 -9999 -9999 -12.5586 -10.2754 -7.13505 -5.87231 -3.85545 -0.827679 0.658901 1.36883 1.348 1.05401 0.151512 -0.392954 -1.46106 -3.38415 -6.01192 -8.93233 -10.8349 -9.874 -6.51564 -5.72071 -7.9436 -9.07975 -7.67493 -5.60085 -2.52763 -0.774017 -0.541782 -0.706196 -1.2993 -3.51593 -6.19292 -6.18922 -4.85462 -5.981 -7.28922 -6.57762 -6.71525 -7.81508 -8.61634 -9.09773 -8.79441 -7.59562 -7.10546 -5.92504 -4.1807 -3.93491 -3.98935 -3.25784 -3.22589 -3.21361 -3.19076 -3.19655 -3.20816 -3.23503 -3.38344 -3.71001 -5.02452 -6.17122 -7.76474 -7.96516 -6.11496
-9999 -9999 -9999 -9999 -9999 -9999 -9999 -9999 -9999 -14.2412 -11.5544 -8.61299 -5.85929 -3.25441 -1.01328 -0.844772 0.334741 0.328113 0.943691 0.760838 -0.0761399 -0.976585 -2.63429 -6.00882 -8.84701 -11.9418 -11.1315 -7.70827 -7.25209 -8.74764 -11.507 -8.66728 -5.53531 -2.69736 -1.16351 -2.37531 -1.14413 -1.25111 -2.08505 -3.68085 -6.15904 -6.11761 -7.97602 -8.06185 -7.11523 -6.81134 -6.97482 -7.57756 -8.5315 -8.36352 -7.63516 -7.45487 -6.37053 -5.01846 -3.69678 -3.47872 -3.23058 -3.2246 -3.22538 -3.20961 -3.21184 -3.24431 -3.31692 -3.47193 -4.5748 -5.88541 -6.69432 -7.80588 -7.94421 -5.81453
