Test_Spring_2018b/01_18/Temp/20180101_021.txt
ncols	170
nrows	115
xllcorner	350000.000000
yllcorner	4445000.000000
cellsize	1000.000000
nodata_value	-9999.000000
[rows 32 to 63 of 115, columns 71 to 141 of 170]
9.49125 9.45489 9.05958 9.63929 10.172 9.82231 9.59113 10.4713 10.4593 10.1416 9.41159 9.13634 8.85152 8.67266 7.74017 5.14444 2.80358 4.04153 4.06086 3.1875 4.72583 3.89842 1.75563 -1.26528 0.362543 -0.072557 -2.21281 -2.74413 -9999 -9999 -9999 -9999 -9999 -9999 -9999 -9999 -9999 -9999 -9999 -9999 -9999 -9999 -9999 -9999 -9999 -9999 -9999 -9999 -9999 -9999 -9999 -9999 -9999 -9999 -9999 -9999 -9999 -9999 -9999 -9999 -9999 -9999 -9999 -9999 -9999 -9999 -9999 -9999 -9999 -9999 -9999
9.1582 8.94544 8.76855 9.63606 9.60517 9.53892 9.83941 10.3806 10.4796 10.3486 10.0237 9.74093 9.44105 8.6979 7.6329 5.40985 2.74684 2.13469 3.42229 3.47433 3.6729 2.91768 1.97174 0.497522 1.68737 2.14369 0.736429 -1.10783 -2.29471 -9999 -9999 -9999 -9999 -9999 -9999 -9999 -9999 -9999 -9999 -9999 -9999 -9999 -9999 -9999 -9999 -9999 -9999 -9999 -9999 -9999 -9999 -9999 -9999 -9999 -9999 -9999 -9999 -9999 -9999 -9999 -9999 -9999 -9999 -9999 -9999 -9999 -9999 -9999 -9999 -9999 -9999
8.6533 8.33711 7.47129 7.9891 8.37476 9.10094 9.27229 9.37099 10.4088 10.3415 10.2814 9.82184 9.45216 8.84718 7.82184 6.36685 4.61736 1.57935 3.43545 4.8867 4.83899 4.74877 4.08283 2.66581 3.83314 3.87858 2.08481 0.0367391 -1.17297 -1.67875 -9999 -9999 -9999 -9999 -9999 -9999 -9999 -9999 -9999 -9999 -9999 -9999 -9999 -9999 -9999 -9999 -9999 -9999 -9999 -9999 -9999 -9999 -9999 -9999 -9999 -9999 -9999 -9999 -9999 -9999 -9999 -9999 -9999 -9999 -9999 -9999 -9999 -9999 -9999 -9999 -9999
7.95011 7.64505 6.59007 7.11101 7.81038 8.80291 9.30875 9.68741 9.9896 10.2982 10.2489 9.77898 8.4131 8.20854 8.13892 7.18349 5.19046 3.20011 2.67657 4.89574 5.5234 5.38289 5.87044 4.66822 5.2213 4.98018 4.33898 2.3745 0.573518 -0.176329 -1.64891 -9999 -9999 -9999 -9999 -9999 -9999 -9999 -9999 -9999 -9999 -9999 -9999 -9999 -9999 -9999 -9999 -9999 -9999 -9999 -9999 -9999 -9999 -9999 -9999 -9999 -9999 -9999 -9999 -9999 -9999 -9999 -9999 -9999 -9999 -9999 -9999 -9999 -9999 -9999 -9999
-9999 -9999 -9999 5.9244 6.88099 7.66833 8.63942 9.46952 9.88283 10.2841 10.2396 9.31162 8.85209 8.80188 8.17206 7.07078 6.37554 5.11828 3.80885 4.29404 6.18477 5.32819 6.66469 6.54006 6.77705 5.86598 4.15571 1.87166 0.530121 -0.14196 -1.33729 -9999 -9999 -9999 -9999 -9999 -9999 -9999 -9999 -9999 -9999 -9999 -9999 -9999 -9999 -9999 -9999 -9999 -9999 -9999 -9999 -9999 -9999 -9999 -9999 -9999 -9999 -9999 -9999 -9999 -9999 -9999 -9999 -9999 -9999 -9999 -9999 -9999 -9999 -9999 -9999
-9999 -9999 -9999 -9999 6.70539 7.30189 8.60297 9.26518 9.52937 10.1837 10.174 9.81562 9.54242 9.15096 8.64302 7.81263 6.89757 5.71437 5.59489 6.80025 6.80426 6.53915 6.72791 7.34194 7.16632 5.76497 3.35261 2.07084 -0.520244 -1.63673 -1.53329 -2.32756 -9999 -9999 -9999 -9999 -9999 -9999 -9999 -9999 -9999 -9999 -9999 -9999 0.554676 -9999 -9999 -9999 -9999 -9999 -9999 -9999 -9999 -9999 -9999 -9999 -9999 -9999 -9999 -9999 -9999 -9999 -9999 -9999 -9999 -4.34202 -9999 -9999 -9999 -9999 -9999
-9999 -9999 -9999 6.60231 7.40535 8.03142 8.8424 8.91107 9.38474 10.1389 10.1389 9.8816 9.59233 8.95565 8.7897 8.31231 7.31972 7.10786 7.49464 7.66676 7.86333 7.98009 7.86517 7.60094 7.26275 6.35884 5.23235 4.47288 2.10638 0.901323 -0.250777 -1.98933 -3.35157 -9999 -9999 -9999 -9999 -9999 -9999 -9999 -0.314922 -0.387923 -0.365813 0.00492058 1.04333 0.420207 -9999 -9999 -9999 -9999 -9999 -9999 -9999 -9999 -9999 -9999 -9999 -9999 -9999 -9999 -9999 -9999 -9999 -9999 -9999 -3.39893 -4.76968 -9999 -9999 -9999 -9999
-9999 -9999 -9999 6.82205 7.67222 8.0907 8.87802 9.32352 9.60798 9.86209 10.1046 10.0511 9.73222 9.25279 9.24498 8.58831 8.22913 7.96942 8.49641 8.59154 8.36434 8.08223 7.83149 7.14299 7.05346 6.82727 6.10826 4.93497 3.72631 1.98875 -0.367971 -2.67936 -4.54568 -9999 -9999 -9999 -9999 -9999 -9999 -0.112572 0.747902 1.26005 0.144093 1.08193 1.93859 1.7925 0.953593 -9999 -9999 -9999 -9999 -9999 -9999 -9999 -9999 -9999 -9999 -9999 -9999 -9999 -9999 3.09099 1.68575 -1.14289 -2.59741 -3.47382 -4.72101 -9999 -9999 -9999 -9999
-9999 -9999 -9999 6.65194 7.65829 8.3362 8.9368 9.02296 9.63612 9.899 10.0242 9.99732 9.92548 9.8284 9.254 9.0007 8.1378 8.94178 8.89968 8.68208 7.85406 7.48867 6.07516 5.44682 5.30269 6.4709 5.58859 3.75825 1.47291 -1.272 -1.45663 -2.37121 -4.04052 -9999 -9999 -9999 -9999 -9999 -9999 0.154796 1.07576 1.84327 1.9479 0.838947 2.36763 2.30787 1.44044 1.23761 1.93463 2.28397 2.01215 2.84887 3.08645 2.69754 3.10465 -9999 -9999 -9999 -9999 3.30251 3.34888 3.38151 2.79022 -0.299102 -2.41202 -4.3103 -4.49201 -9999 -9999 -9999 -9999
-9999 -9999 -9999 7.35807 7.97277 8.27767 8.31702 8.85507 9.38938 9.71652 9.95449 9.89392 9.86301 9.83087 9.62727 9.16846 9.23808 9.19073 8.91814 7.35228 5.52644 6.30602 5.21493 2.89976 4.76519 5.78352 4.78511 2.56932 0.00179256 -0.846865 -0.819153 -2.08725 -3.71348 -9999 -9999 -9999 -2.35859 -1.0369 -0.930499 -0.547078 0.684339 1.61931 2.32012 2.79634 2.77786 2.262 1.41359 0.492017 0.810208 2.44674 2.8397 3.17459 3.42116 3.05943 3.23439 3.66421 3.88137 3.91727 3.80357 3.76966 3.79537 3.73279 3.18027 0.416022 -1.17014 -2.18547 -4.21864 -9999 -9999 -9999 -9999
-9999 -9999 -9999 6.96907 7.50201 7.93142 8.64934 8.71509 9.1677 9.42921 9.82777 9.86305 9.37303 9.75833 9.69636 9.61143 9.44331 9.20196 7.87841 6.05832 4.23369 3.38517 3.7326 2.33417 3.03784 4.06981 3.67581 2.31533 0.0266563 -0.305255 -0.846577 -2.96979 -5.01676 -9999 -9999 -4.93288 -2.38839 -0.59947 0.318842 0.597084 0.615867 1.79616 1.88138 3.15335 2.85014 1.1526 1.33572 0.668392 1.0877 1.68438 1.84192 2.70279 3.53105 3.67944 3.67354 3.94357 3.99097 3.99549 3.97783 3.77767 3.85419 3.85733 3.50904 1.50332 0.5204 -0.559334 -4.19266 -9999 -9999 -9999 -9999
-9999 -9999 -9999 7.24957 7.84685 8.50221 8.59805 9.08065 9.01377 8.85933 9.53826 9.77977 9.43062 9.17628 9.61424 9.57222 9.50159 9.39225 8.14779 6.70931 4.53738 3.18348 2.35287 1.7585 0.973366 1.49807 1.32328 1.09267 1.33416 0.69508 -0.566364 -1.8155 -4.14175 -5.40632 -9999 -4.79679 -3.65439 -1.52506 0.283422 1.42835 1.0045 2.34787 2.59061 3.36595 2.90104 1.86859 1.42129 1.37498 1.23286 2.13592 2.73982 3.16558 3.44586 3.79857 3.88042 3.96234 3.99046 4.00089 4.0115 3.99631 3.97867 3.92798 3.79074 2.86317 1.88384 -0.224721 -4.07376 -9999 -9999 -9999 -9999
-9999 -9999 5.48618 7.17999 8.1901 8.57348 8.84677 9.08631 9.25647 9.43395 9.59811 9.7107 9.6471 8.74036 8.80263 8.95268 9.45012 9.40263 9.27983 8.48818 5.84789 4.92916 3.59196 1.8616 1.13399 1.48232 2.88081 2.80696 1.86262 0.811342 -0.638943 -1.56671 -2.9989 -5.73669 -5.50267 -4.285 -3.38144 -1.93771 0.274984 1.82366 2.51003 2.76426 3.30627 3.58387 2.95079 2.34881 2.09112 1.61922 1.54682 1.54332 2.08599 2.50854 3.45478 3.76709 3.90571 3.97066 4.00067 4.01946 4.03768 4.03705 4.00816 3.99875 3.98111 3.90511 2.60247 -0.643229 -3.0926 -9999 -9999 -9999 -9999
-9999 -9999 -9999 6.8646 7.30169 7.40666 7.60002 8.0093 8.48325 9.15831 9.23545 9.60369 9.58879 8.806 7.9035 8.66927 8.96675 9.2754 9.27371 9.16185 6.94274 5.77613 4.85532 3.19576 3.78132 4.33547 4.36754 4.01574 2.00354 -0.00070686 -2.31123 -4.46947 -4.58376 -5.75167 -5.15072 -4.35032 -2.27732 -0.821278 -0.236581 0.181108 2.43169 3.01253 3.20798 3.77954 2.98423 2.78022 2.18135 2.35137 2.29311 2.28985 0.640749 2.28189 2.37111 3.43562 3.90896 4.00924 4.02874 4.04995 4.04437 4.03991 4.0244 4.02485 3.99935 3.97141 3.12135 -0.991196 -3.06333 -9999 -9999 -9999 -9999
-9999 -9999 -9999 -9999 -9999 6.98215 7.31261 7.52 7.88829 9.04077 9.34337 9.54072 9.54724 9.19189 8.29752 8.05423 8.20503 7.33272 8.04247 9.01756 8.98213 8.85173 6.89881 5.89612 6.84744 6.54433 5.07358 3.91362 2.76846 0.423778 -1.29695 -3.76891 -5.6282 -5.70966 -3.68254 -2.00053 0.0971579 1.01699 0.477251 1.0415 2.15625 3.42341 4.0328 3.88089 3.04309 2.92255 2.00263 2.89513 2.96594 2.54171 2.17378 2.31155 2.83436 3.02823 3.85859 4.05215 4.07824 4.0741 4.06683 4.05247 4.03702 4.01647 3.99759 3.97611 3.92882 -0.29825 -3.5915 -9999 -9999 -9999 -9999
-9999 -9999 -9999 -9999 -9999 6.17243 6.36874 6.90555 8.30404 9.02801 9.31462 9.29294 9.41957 9.16562 8.37783 7.56947 6.80668 5.82625 6.37019 7.8267 8.68099 8.76864 7.05552 7.93227 7.59005 6.92557 5.00544 3.58731 2.83006 0.57852 -1.35204 -3.00065 -5.27258 -4.31791 -3.26517 -1.90936 0.380252 1.92191 2.5497 2.0054 2.71465 4.17404 4.17542 3.36684 3.41305 2.92035 1.66549 2.96042 3.32047 3.01918 3.089 2.97296 3.16254 3.51392 3.84909 4.06833 4.08899 4.08197 4.06362 4.05234 4.04243 4.0158 4.00698 3.98546 3.95465 1.22302 -3.65434 -9999 -9999 -9999 -9999
-9999 -9999 -9999 -9999 -9999 -9999 5.42303 6.66406 8.5245 8.97432 8.91996 9.29499 9.31685 8.9329 8.59828 7.61941 6.2862 3.73531 4.37189 5.71188 7.64878 8.6617 8.51302 7.9345 6.93498 4.53108 2.42578 2.16038 1.80621 0.159893 -1.32978 -3.16142 -2.1191 -0.976179 0.275469 0.927694 0.743992 2.06346 3.13799 2.66846 3.5404 4.55977 4.08744 3.80587 3.56893 3.00018 2.96068 3.01415 3.74695 3.22979 3.53727 3.53919 3.51357 3.68007 3.87245 4.07448 4.09886 4.0886 4.08116 4.0456 4.04352 4.02094 3.99891 3.9783 3.95054 3.69522 1.06263 -0.51264 -9999 -9999 -9999
-9999 -9999 -9999 -9999 -9999 -9999 4.2669 4.87943 7.08504 7.7548 8.72286 9.23138 9.24371 8.60317 8.2417 6.78836 6.30971 3.9495 2.87501 3.76751 3.4116 6.0827 8.44513 7.91972 3.11962 1.37427 0.126131 0.432992 0.424763 -0.0417886 -2.56907 -3.2742 -1.03426 0.371671 1.4584 2.28015 2.44267 2.40315 4.08954 4.30594 4.84888 4.72163 4.76595 3.90328 3.36741 3.82629 3.28692 3.19019 3.94737 3.18984 3.86293 3.77676 3.56486 3.54569 3.98425 4.06514 4.10261 4.09474 4.06622 4.03265 4.00918 4.01333 3.99662 3.96226 3.95436 3.92117 3.59759 2.23244 1.74991 2.26704 -9999
-9999 -9999 -9999 -9999 -9999 -9999 -9999 2.81136 5.88155 7.2746 8.00248 9.03249 9.14637 8.80145 8.18322 6.70281 5.40001 3.28904 0.879977 -0.401481 3.39149 6.69141 8.40884 8.17303 4.17576 2.59184 2.50826 3.42414 2.631 2.02649 0.103031 -0.479893 -1.28566 -0.808351 0.711846 1.95115 3.14614 4.01247 4.07397 4.6339 4.95289 4.97217 5.0677 4.96064 4.87248 4.04184 4.60732 4.1173 4.3686 4.19692 4.04091 3.90645 3.42567 3.75123 4.03796 4.10445 4.1174 4.08862 4.07341 4.04983 4.01117 3.9887 3.97683 3.96448 3.94015 3.93109 3.90451 3.74374 2.9191 1.81817 0.42962
-9999 -9999 -9999 -9999 -9999 -9999 -9999 1.27205 4.32718 5.78993 7.68066 8.64915 9.03527 8.97072 8.46749 7.33989 5.64881 4.23865 1.55046 -1.24017 2.73964 6.28626 8.19513 8.28674 4.92763 5.8463 5.08505 5.37721 3.99174 3.40948 2.94594 1.94744 0.856511 -0.334642 -0.970333 1.82582 3.25625 4.40577 4.94275 5.24262 5.38831 5.29693 5.08036 3.82664 4.77111 4.71585 4.61532 4.50082 4.44213 4.33723 4.21441 4.13993 4.10749 3.78486 4.13185 4.11308 4.10716 4.09786 4.07748 4.04869 4.02226 3.9924 3.98213 3.96161 3.94012 3.92272 3.90634 3.88736 3.8338 3.60843 1.74642
-9999 -9999 -9999 -9999 -9999 -9999 -9999 -3.03804 1.41254 4.98651 6.84715 8.36052 8.76698 8.91129 8.24012 7.73559 6.52025 5.36919 3.59945 0.953959 -0.678591 2.2975 6.63187 8.22406 8.09056 7.98012 7.10164 6.3087 6.19897 6.24655 5.32404 3.98832 2.24261 1.69088 1.07099 3.15066 3.42283 3.25903 5.54853 5.54414 5.40445 4.51616 3.52298 3.70267 3.08878 3.55091 2.81762 3.4796 4.05077 4.25969 4.23459 4.15174 4.13477 4.091 4.14235 4.13092 4.11025 4.09168 4.07653 4.05688 4.0192 3.99329 3.99246 3.96396 3.94062 3.9201 3.90612 3.89204 3.84991 3.81094 3.51723
-9999 -9999 -9999 -9999 -9999 -9999 -9999 -2.84231 0.895893 4.0673 5.96586 7.78941 8.20297 8.81042 8.66481 8.13684 7.07888 5.76026 4.30181 2.03066 0.340202 2.32912 5.20027 7.25559 7.9876 7.97014 7.90993 7.70287 7.61449 7.37444 7.1992 6.23577 4.58791 3.65035 2.28409 4.60327 4.85327 4.47756 5.63051 5.56228 3.79367 2.43226 2.25554 3.07273 2.28048 2.1371 1.64416 2.18956 3.66259 3.22435 3.30204 3.96677 4.06846 4.12906 4.13812 4.12307 4.10921 4.08698 4.07781 4.06859 4.0315 4.00869 3.99225 3.95655 3.94175 3.91454 3.88897 3.87 3.843 3.80647 3.71646
-9999 -9999 -9999 -9999 -9999 -9999 -9999 -2.75975 -0.255822 2.59694 5.39805 7.3464 8.12496 8.68869 8.67062 8.05871 7.52712 6.69636 5.41184 4.52767 3.00043 0.908299 4.38872 5.44527 6.39216 6.78807 7.77324 7.73791 7.27029 6.72712 7.20688 7.05221 5.74408 5.30571 4.57408 5.85876 5.85026 5.80318 5.72309 4.22672 2.15125 0.490959 1.67088 1.41449 1.952 0.256294 1.64105 2.75306 3.10881 2.34335 1.771 3.50961 3.78899 3.95129 4.05146 4.11353 4.08555 4.09274 4.07178 4.05599 4.03975 4.01431 3.99492 3.96962 3.94417 3.9193 3.89539 3.86603 3.83096 3.82023 3.77029
-9999 -9999 -9999 -9999 -9999 -9999 -9999 -9999 -1.73995 1.88054 5.11097 6.90385 8.02676 8.56754 8.54536 8.22661 7.86184 7.34238 6.41258 5.24761 3.41298 2.04849 2.89812 3.9327 4.04234 4.72952 6.74199 7.42211 6.43119 3.99625 5.41632 6.99858 6.96051 6.81232 6.64814 6.44054 6.25358 5.85849 4.81924 1.65779 1.02919 -0.215993 -0.0840692 -0.726498 0.650318 0.126669 1.54208 2.15112 2.37613 1.05242 1.32498 2.86188 3.46466 3.35358 3.71938 4.06891 4.07042 4.07032 4.05062 4.04793 4.04043 4.02421 3.99693 3.97509 3.95658 3.91736 3.90704 3.78033 3.69487 3.53139 3.71342
-9999 -9999 -9999 -9999 -9999 -9999 -9999 -9999 -2.46132 1.15132 4.95825 6.17197 7.38368 8.42798 8.43651 7.95563 7.49805 7.02738 6.49336 5.08235 3.71394 2.40711 1.96161 2.21243 2.17882 3.29697 5.92205 6.42137 6.19241 3.65279 2.78485 4.9029 6.68103 6.81005 6.63596 4.51783 4.95531 3.80809 2.25648 1.8224 1.13835 -0.296266 0.381169 -0.671507 -0.232157 -0.35822 0.441651 0.827525 1.78021 0.625211 0.624638 2.13333 2.88979 2.89957 3.69348 3.97017 4.03532 4.04419 4.04768 4.0411 4.04377 4.02653 4.00501 3.97981 3.93206 3.83139 3.54031 2.00267 1.99532 2.40454 2.79143
-9999 -9999 -9999 -9999 -9999 -9999 -9999 -9999 -2.04219 0.460965 3.83763 6.33568 6.48105 7.68944 8.30753 7.78567 7.19984 6.60101 6.33321 4.79835 3.11356 1.75037 0.138734 0.391945 1.53092 3.39758 5.08941 5.38285 5.0197 3.65439 4.28336 5.72428 6.4839 6.69969 6.5091 6.03896 5.7628 4.91522 4.54217 3.36994 1.54304 0.817966 1.26228 -0.675803 -0.549633 0.155208 -0.60902 0.632079 1.22159 -0.267822 0.903002 2.23619 2.91317 3.50371 3.77812 3.8816 4.04536 4.04006 4.04475 4.04279 4.0304 4.02051 3.98264 3.94969 3.77825 3.53002 2.09958 1.49359 1.60031 2.24788 2.81384
-9999 -9999 -9999 -9999 -9999 -9999 -9999 -9999 -1.61361 0.638988 3.56525 5.34283 5.65081 6.9923 8.18403 8.0379 7.42882 7.2356 6.60519 5.30169 3.86316 2.29189 1.52256 -0.232363 1.47413 2.81864 4.24968 4.91325 3.79017 3.21956 4.19886 5.17229 5.55423 6.53749 6.51678 6.18152 4.7731 4.08102 4.35875 4.05595 3.53349 2.2731 2.20812 1.39548 1.05369 0.730433 -0.297802 0.344985 0.401475 0.570114 1.97551 2.6649 3.11875 3.53055 3.63158 3.80505 4.03294 4.04403 4.04267 4.03168 4.02621 3.99883 3.92136 3.85455 3.51925 2.93322 1.84816 0.0911379 1.31016 2.58538 2.95447
-9999 -9999 -9999 -9999 -9999 -9999 -9999 -9999 -1.99973 0.394104 2.89335 3.93117 4.09729 6.53505 8.02323 8.01416 7.71938 7.37719 5.83603 5.91489 5.59802 4.17941 2.11799 -0.144988 0.0553672 1.38747 3.2759 3.89505 2.04431 1.38245 1.85016 3.32808 4.64984 6.03048 6.37293 5.95367 3.76745 1.44505 2.507 3.64264 3.62645 3.28066 2.11107 1.73335 1.39064 0.53505 -0.904958 -0.704273 -0.314657 1.28288 1.78061 2.55444 3.19542 2.94073 3.07456 3.68698 4.03416 4.03776 4.03421 4.03601 4.01783 3.98654 3.84196 3.68946 3.44028 1.92782 0.983649 -0.389991 1.18128 2.04727 2.50265
-9999 -9999 -9999 -9999 -9999 -9999 -9999 -9999 -2.74479 -1.01095 1.37741 2.33273 3.86394 6.16704 7.29389 7.82809 7.8046 7.57271 6.87639 6.45338 5.63063 4.15518 2.14173 -0.0952144 -1.55533 -0.829735 1.71775 2.31646 0.605584 -0.269163 0.795776 2.37168 4.7104 6.04195 6.21233 6.08012 5.62084 3.92245 1.87282 1.86961 2.88247 2.01688 1.01255 1.55008 1.43938 0.5942 -0.0230898 -0.40151 -0.178137 0.729338 1.09771 1.99294 3.31858 3.50028 3.45275 4.00511 4.02342 4.02665 4.0379 4.02722 4.012 3.98505 3.86522 3.6093 2.59912 1.71694 0.493595 0.333575 1.72655 2.32761 2.89371
-9999 -9999 -9999 -9999 -9999 -9999 -9999 -9999 -4.02749 -1.98535 0.251281 2.34485 4.32504 6.02776 6.14854 7.04122 7.0286 7.49101 7.34399 6.69767 6.00287 4.72998 2.1465 -0.0276593 -2.39779 -1.78705 0.81569 1.14366 -0.00530921 -2.11893 0.0415006 2.42513 4.58442 5.74838 4.81661 5.7498 5.66165 5.01872 3.79435 1.89654 1.92215 0.497606 0.42621 1.14296 1.36912 1.23853 0.772634 0.0365379 0.153055 0.701445 0.833209 1.65505 2.68122 3.68415 3.8446 4.02796 4.02642 4.01966 4.02545 4.01742 3.98621 3.92427 3.79931 2.95071 1.94342 1.319 0.463455 0.350736 1.96014 2.59202 2.94489
-9999 -9999 -9999 -9999 -9999 -9999 -9999 -9999 -9999 -2.19612 0.114972 1.82206 2.27309 3.78531 4.59654 5.22173 5.35135 7.15701 7.24578 6.83181 6.19258 5.10518 3.14199 1.77075 -0.503189 -2.14082 -1.48104 -1.18503 -0.598136 -0.785157 0.172419 2.46264 4.84915 5.09991 3.56631 3.78116 4.08919 4.79277 4.42004 1.83773 0.520733 -0.574105 0.186295 0.986842 1.17309 1.20253 1.03641 0.848772 0.532105 1.60672 2.39936 2.57574 3.26552 3.7722 3.90504 4.00265 4.00603 4.00958 3.99978 3.95964 3.92769 3.78792 3.4873 2.53914 0.273328 0.368318 0.114005 -0.597978 0.972563 1.96156 2.84621
-9999 -9999 -9999 -9999 -9999 -9999 -9999 -9999 -9999 -2.96991 -0.293993 0.261848 0.207834 -0.69385 -0.295814 2.99184 3.64464 5.37581 7.01445 6.88184 6.25439 5.23618 4.0623 2.25111 -0.304956 -2.33826 -3.19906 -1.03431 1.08661 1.51713 2.18868 3.58797 3.84525 2.27819 0.808019 1.61683 2.0998 3.96987 4.30251 3.9264 2.36627 0.584032 -0.351228 0.730236 0.865943 0.921328 0.924244 0.88075 0.831251 2.04504 2.7117 3.17116 3.41685 3.85047 3.95412 3.98058 4.00484 3.98685 3.95393 3.87376 3.78391 3.42298 2.98815 1.44149 0.15024 -0.658933 -1.68326 0.591011 1.25268 2.181 2.77595
