Test_Spring_2018b/01_18/Temp/20180101_005.txt
ncols	170
nrows	115
xllcorner	350000.000000
yllcorner	4445000.000000
cellsize	1000.000000
nodata_value	-9999.000000
[rows 31 to 61 of 115, columns 70 to 139 of 170]
4.33126 4.93166 5.15035 4.72665 4.76604 5.80173 6.0346 6.01982 5.96876 5.87293 5.39332 5.23192 4.85273 4.18562 3.90427 2.71859 -1.10843 -0.0291006 0.391475 -0.719303 -0.101769 0.905072 0.0284935 -2.57295 -3.6914 -5.49359 -4.9022 -5.41609 -6.86452 -9999 -9999 -9999 -9999 -9999 -9999 -9999 -9999 -9999 -9999 -9999 -9999 -9999 -9999 -9999 -9999 -9999 -9999 -9999 -9999 -9999 -9999 -9999 -9999 -9999 -9999 -9999 -9999 -9999 -9999 -9999 -9999 -9999 -9999 -9999 -9999 -9999 -9999 -9999 -9999 -9999
4.44444 4.7164 4.68654 4.27806 4.90089 5.47462 5.16111 4.95677 5.91565 5.91529 5.59133 4.83092 4.55055 4.25942 4.07972 3.10299 0.367922 -2.09787 -0.780793 -0.751509 -1.66531 -0.0293293 -0.893133 -3.14644 -6.32704 -4.59314 -5.03902 -7.24956 -7.79627 -9999 -9999 -9999 -9999 -9999 -9999 -9999 -9999 -9999 -9999 -9999 -9999 -9999 -9999 -9999 -9999 -9999 -9999 -9999 -9999 -9999 -9999 -9999 -9999 -9999 -9999 -9999 -9999 -9999 -9999 -9999 -9999 -9999 -9999 -9999 -9999 -9999 -9999 -9999 -9999 -9999
3.67781 4.3631 4.14681 3.96915 4.89608 4.87393 4.84561 5.2185 5.81842 5.93521 5.80833 5.47591 5.18748 4.88036 4.10421 2.98749 0.646488 -2.15959 -2.79781 -1.42768 -1.36305 -1.14291 -1.93019 -2.91826 -4.46392 -3.19292 -2.69663 -4.1601 -6.06608 -7.2831 -9999 -9999 -9999 -9999 -9999 -9999 -9999 -9999 -9999 -9999 -9999 -9999 -9999 -9999 -9999 -9999 -9999 -9999 -9999 -9999 -9999 -9999 -9999 -9999 -9999 -9999 -9999 -9999 -9999 -9999 -9999 -9999 -9999 -9999 -9999 -9999 -9999 -9999 -9999 -9999
2.6477 3.82731 3.50184 2.59611 3.1535 3.57169 4.40878 4.63305 4.7498 5.85873 5.79916 5.74647 5.27103 4.89003 4.25985 3.18504 1.6559 -0.184509 -3.3867 -1.41548 0.128334 0.088396 0.00428712 -0.68756 -2.17251 -0.925095 -0.862903 -2.73161 -4.83022 -6.09685 -6.61996 -9999 -9999 -9999 -9999 -9999 -9999 -9999 -9999 -9999 -9999 -9999 -9999 -9999 -9999 -9999 -9999 -9999 -9999 -9999 -9999 -9999 -9999 -9999 -9999 -9999 -9999 -9999 -9999 -9999 -9999 -9999 -9999 -9999 -9999 -9999 -9999 -9999 -9999 -9999
-9999 3.08114 2.76771 1.66235 2.22333 2.97338 4.06557 4.65299 5.08254 5.41404 5.75167 5.71047 5.22393 3.78981 3.58275 3.51799 2.5168 0.418923 -1.67588 -2.21983 0.135826 0.810001 0.673035 1.20077 -0.0567318 0.541852 0.301603 -0.35709 -2.38891 -4.24977 -5.03048 -6.57589 -9999 -9999 -9999 -9999 -9999 -9999 -9999 -9999 -9999 -9999 -9999 -9999 -9999 -9999 -9999 -9999 -9999 -9999 -9999 -9999 -9999 -9999 -9999 -9999 -9999 -9999 -9999 -9999 -9999 -9999 -9999 -9999 -9999 -9999 -9999 -9999 -9999 -9999
-9999 -9999 -9999 -9999 0.966814 2.02029 2.87686 3.94347 4.8504 5.29959 5.73538 5.69914 4.72837 4.25208 4.20794 3.55081 2.39523 1.66893 0.348898 -1.02575 -0.502788 1.50666 0.613159 2.03869 1.92074 2.18586 1.23818 -0.527843 -2.91969 -4.29407 -4.9919 -6.24363 -9999 -9999 -9999 -9999 -9999 -9999 -9999 -9999 -9999 -9999 -9999 -9999 -9999 -9999 -9999 -9999 -9999 -9999 -9999 -9999 -9999 -9999 -9999 -9999 -9999 -9999 -9999 -9999 -9999 -9999 -9999 -9999 -9999 -9999 -9999 -9999 -9999 -9999
-9999 -9999 -9999 -9999 -9999 1.83299 2.48788 3.87691 4.63259 4.92455 5.62801 5.62863 5.25982 4.98026 4.57511 4.04643 3.17681 2.21783 0.975836 0.85884 2.14306 2.15847 1.89053 2.10345 2.76697 2.59681 1.13657 -1.37632 -2.71495 -5.40216 -6.56873 -6.44678 -7.27482 -9999 -9999 -9999 -9999 -9999 -9999 -9999 -9999 -9999 -9999 -9999 -9999 -4.19371 -9999 -9999 -9999 -9999 -9999 -9999 -9999 -9999 -9999 -9999 -9999 -9999 -9999 -9999 -9999 -9999 -9999 -9999 -9999 -9999 -9.46243 -9999 -9999 -9999
-9999 -9999 -9999 -9999 1.6783 2.5806 3.25735 4.12934 4.24109 4.7705 5.57974 5.59075 5.32866 5.03184 4.36705 4.19936 3.70233 2.6609 2.44523 2.86312 3.05517 3.27429 3.4104 3.30298 3.03904 2.6981 1.78437 0.611238 -0.173878 -2.65187 -3.882 -5.08599 -6.91111 -8.3399 -9999 -9999 -9999 -9999 -9999 -9999 -9999 -5.09728 -5.17624 -5.15552 -4.767 -3.67331 -4.33626 -9999 -9999 -9999 -9999 -9999 -9999 -9999 -9999 -9999 -9999 -9999 -9999 -9999 -9999 -9999 -9999 -9999 -9999 -9999 -8.46737 -9.92243 -9999 -9999
-9999 -9999 -9999 -9999 1.94497 2.85982 3.31843 4.16661 4.65286 5.00567 5.28677 5.55422 5.5074 5.1789 4.67979 4.6786 3.99138 3.61882 3.35202 3.91775 4.0283 3.79966 3.5146 3.26434 2.55294 2.47606 2.27873 1.53799 0.31721 -0.941211 -2.7277 -5.20354 -7.6329 -9.59345 -9999 -9999 -9999 -9999 -9999 -9999 -4.87335 -3.96537 -3.4267 -4.60985 -3.62289 -2.7223 -2.88203 -3.77563 -9999 -9999 -9999 -9999 -9999 -9999 -9999 -9999 -9999 -9999 -9999 -9999 -9999 -9999 -1.59026 -3.07939 -6.07354 -7.61589 -8.54789 -9.87257 -9999 -9999
-9999 -9999 -9999 -9999 1.76072 2.84217 3.57649 4.2287 4.33637 5.01344 5.32593 5.4695 5.45065 5.38284 5.28722 4.68634 4.42462 3.51881 4.37563 4.33936 4.11915 3.25554 2.88289 1.40438 0.75768 0.645924 1.90126 0.989849 -0.923409 -3.31786 -6.17173 -6.34686 -7.29834 -9.04944 -9999 -9999 -9999 -9999 -9999 -9999 -4.58003 -3.60899 -2.80141 -2.6955 -3.87312 -2.26336 -2.33352 -3.25833 -3.48078 -2.75204 -2.3906 -2.67115 -1.80101 -1.55749 -1.97541 -1.55114 -9999 -9999 -9999 -9999 -1.36191 -1.31585 -1.28448 -1.91298 -5.1825 -7.42072 -9.43295 -9.64091 -9999 -9999
-9999 -9999 -9999 -9999 2.50256 3.17172 3.5134 3.57391 4.1606 4.75482 5.1338 5.39686 5.34187 5.31657 5.28866 5.07867 4.59861 4.67736 4.63331 4.35252 2.70652 0.78776 1.62512 0.491161 -1.92303 0.0750069 1.17389 0.141915 -2.17653 -4.86701 -5.71542 -5.66474 -6.98829 -8.69169 -9999 -9999 -9999 -7.22614 -5.8267 -5.71397 -5.31037 -4.01208 -3.02848 -2.29348 -1.79686 -1.81222 -2.37771 -3.28359 -4.26686 -3.93958 -2.21851 -1.81146 -1.45835 -1.20589 -1.59546 -1.42167 -0.972191 -0.746671 -0.712064 -0.835088 -0.873524 -0.848934 -0.917929 -1.50529 -4.42692 -6.10832 -7.18741 -9.36121 -9999 -9999
-9999 -9999 -9999 -9999 2.08299 2.66654 3.14071 3.9299 4.01797 4.51342 4.8159 5.26441 5.31052 4.79942 5.21194 5.15069 5.06475 4.89117 4.64116 3.24884 1.33375 -0.583736 -1.46689 -1.0724 -2.53056 -1.75989 -0.645641 -1.02914 -2.4351 -4.82952 -5.15652 -5.68421 -7.9094 -10.0575 -9999 -9999 -9.93787 -7.24352 -5.35048 -4.38015 -4.08857 -4.07309 -2.83138 -2.74831 -1.41166 -1.73043 -3.54485 -3.36122 -4.0782 -3.64513 -3.03144 -2.87351 -1.96113 -1.09752 -0.947595 -0.959648 -0.678994 -0.632679 -0.630897 -0.651996 -0.865696 -0.786976 -0.786142 -1.15738 -3.28136 -4.32526 -5.47991 -9.33619 -9999 -9999
-9999 -9999 -9999 -9999 2.38171 3.03449 3.74849 3.87044 4.40009 4.35434 4.21728 4.94739 5.22427 4.8615 4.59711 5.06325 5.02155 4.94992 4.83848 3.52902 2.01686 -0.267772 -1.68477 -2.53624 -3.14326 -3.93632 -3.35671 -3.51547 -3.73275 -3.45105 -4.09062 -5.37868 -6.67895 -9.1206 -10.4431 -9999 -9.77963 -8.5672 -6.31463 -4.404 -3.19722 -3.65069 -2.23785 -1.98959 -1.17026 -1.67117 -2.78334 -3.27525 -3.33517 -3.49591 -2.55128 -1.92484 -1.47373 -1.18632 -0.823539 -0.742886 -0.660928 -0.63472 -0.62629 -0.617033 -0.634753 -0.655101 -0.710792 -0.8587 -1.84297 -2.88915 -5.12475 -9.20909 -9999 -9999
-9999 -9999 -9999 0.471408 2.30503 3.39575 3.82378 4.13471 4.40875 4.60779 4.82149 5.01487 5.14381 5.09193 4.13715 4.20519 4.36542 4.89316 4.84612 4.72151 3.8926 1.1128 0.162809 -1.2232 -3.02926 -3.76877 -3.37372 -1.8675 -1.91696 -2.88647 -3.96955 -5.457 -6.4053 -7.90045 -10.7795 -10.5202 -9.2247 -8.26468 -6.73706 -4.39976 -2.76707 -2.04809 -1.78767 -1.21695 -0.933404 -1.62127 -2.27903 -2.56389 -3.07475 -3.16276 -3.1772 -2.61344 -2.16718 -1.17877 -0.856392 -0.717688 -0.653485 -0.624956 -0.607269 -0.589495 -0.591332 -0.623134 -0.634838 -0.656102 -0.744753 -2.12742 -5.57298 -8.17803 -9999 -9999
-9999 -9999 -9999 -9999 1.96938 2.45576 2.59083 2.81851 3.27308 3.7942 4.53409 4.62958 5.02982 5.02596 4.20769 3.25511 4.06519 4.3806 4.70914 4.71184 4.60102 2.27639 1.06045 0.107954 -1.62212 -0.972266 -0.358016 -0.294339 -0.635701 -2.73199 -4.82037 -7.21619 -9.47326 -9.57275 -10.7831 -10.136 -9.28117 -7.085 -5.54462 -4.92863 -4.49214 -2.12073 -1.51069 -1.31986 -0.727695 -1.58092 -1.81881 -2.4654 -2.29875 -2.37266 -2.38756 -4.14107 -2.40782 -2.32318 -1.20615 -0.714068 -0.613505 -0.595751 -0.575096 -0.582028 -0.587475 -0.604748 -0.605732 -0.638226 -0.677638 -1.58323 -5.93869 -8.14528 -9999 -9999
-9999 -9999 -9999 -9999 -9999 -9999 2.14293 2.51644 2.75846 3.16864 4.41333 4.74748 4.96721 4.98213 4.6117 3.67238 3.41515 3.57479 2.65438 3.41077 4.45228 4.42824 4.30792 2.26512 1.2344 2.26771 1.97708 0.453659 -0.740465 -1.91877 -4.36544 -6.13714 -8.72454 -10.6674 -10.7347 -8.57726 -6.78721 -4.56493 -3.59152 -4.16446 -3.57363 -2.4032 -1.07414 -0.441899 -0.615393 -1.51449 -1.6648 -2.65163 -1.7221 -1.66026 -2.12067 -2.52043 -2.37701 -1.8343 -1.63763 -0.766446 -0.566632 -0.543243 -0.549034 -0.557379 -0.572934 -0.589854 -0.617166 -0.641381 -0.669922 -0.72733 -5.20427 -8.70183 -9999 -9999
-9999 -9999 -9999 -9999 -9999 -9999 1.28831 1.52054 2.11123 3.61075 4.40263 4.72007 4.70838 4.85022 4.58681 3.75667 2.90363 2.09717 1.06315 1.64335 3.19205 4.10845 4.21881 2.42981 3.38609 3.05278 2.38093 0.383338 -1.08279 -1.85013 -4.19738 -6.1904 -7.90673 -10.285 -9.25653 -8.12863 -6.68498 -4.25864 -2.62809 -1.96777 -2.54836 -1.80736 -0.27567 -0.286725 -1.15498 -1.12033 -1.66446 -3.0059 -1.65153 -1.28438 -1.61518 -1.55248 -1.67779 -1.48739 -1.12424 -0.776381 -0.549259 -0.53036 -0.539584 -0.559395 -0.571481 -0.584249 -0.615234 -0.628932 -0.657727 -0.698016 -3.59463 -8.76682 -9999 -9999
-9999 -9999 -9999 -9999 -9999 -9999 -9999 0.522644 1.85775 3.84562 4.34775 4.30486 4.71253 4.74366 4.34285 3.99169 2.9578 1.54869 -1.14565 -0.467618 0.957854 3.01853 4.10688 3.97151 3.38965 2.36169 -0.148559 -2.34168 -2.58915 -2.93018 -4.63744 -6.1643 -8.07384 -6.94876 -5.72109 -4.38278 -3.68272 -3.87104 -2.47521 -1.34214 -1.84448 -0.931708 0.13463 -0.377397 -0.688885 -0.953794 -1.57851 -1.63555 -1.59357 -0.832579 -1.39163 -1.07776 -1.07848 -1.11549 -0.947633 -0.75058 -0.541511 -0.518545 -0.530808 -0.539111 -0.577259 -0.581019 -0.60782 -0.635643 -0.663676 -0.700979 -0.980386 -3.78 -5.45767 -9999
-9999 -9999 -9999 -9999 -9999 -9999 -9999 -0.697733 -0.0273198 2.3251 3.05962 4.09733 4.64611 4.66726 3.99541 3.6174 2.08198 1.57609 -0.917425 -2.04598 -1.09348 -1.4564 1.38444 3.903 3.37696 -1.66862 -3.48324 -4.77081 -4.41386 -4.3897 -4.85038 -7.4742 -8.19333 -5.80263 -4.29716 -3.1333 -2.25412 -2.07643 -2.117 -0.337546 -0.113947 0.451186 0.305683 0.339873 -0.585717 -1.16646 -0.704903 -1.29016 -1.40679 -0.619858 -1.43281 -0.73232 -0.825882 -1.05958 -1.0878 -0.630376 -0.54923 -0.512374 -0.52279 -0.553161 -0.589149 -0.616018 -0.614735 -0.637126 -0.679877 -0.696313 -0.741036 -1.10011 -2.55564 -3.07881
-9999 -9999 -9999 -9999 -9999 -9999 -9999 -9999 -2.21244 1.0532 2.55206 3.33567 4.43562 4.56425 4.21063 3.55863 1.99442 0.618026 -1.61149 -4.15405 -5.49384 -1.47156 2.03355 3.86979 3.64918 -0.548732 -2.19374 -2.25144 -1.25185 -2.05845 -2.66607 -4.65216 -5.24298 -6.0723 -5.54895 -3.92431 -2.60686 -1.33804 -0.420994 -0.35878 0.226602 0.558096 0.567926 0.656734 0.530327 0.423299 -0.477803 0.10527 -0.426597 -0.173944 -0.367264 -0.542739 -0.686757 -1.20434 -0.867924 -0.570813 -0.504808 -0.496535 -0.527617 -0.544163 -0.569872 -0.612307 -0.640608 -0.658081 -0.677684 -0.711541 -0.730722 -0.775808 -0.958069 -1.84252
-9999 -9999 -9999 -9999 -9999 -9999 -9999 -9999 -3.83903 -0.590219 0.982075 2.99445 4.03356 4.45548 4.39115 3.8615 2.67109 0.885157 -0.602832 -3.43979 -6.38244 -2.15994 1.61273 3.6505 3.77064 0.250324 1.24909 0.473553 0.812241 -0.622098 -1.20786 -1.65158 -2.68295 -3.8148 -5.051 -5.71344 -2.74812 -1.23051 -0.0139545 0.551261 0.862375 1.00762 0.907268 0.666173 -0.671435 0.313831 0.23286 0.112777 -0.021438 -0.0957785 -0.217913 -0.357803 -0.437553 -0.480826 -0.829249 -0.471031 -0.497847 -0.505708 -0.516535 -0.538941 -0.570557 -0.60045 -0.635085 -0.652597 -0.681766 -0.712579 -0.740387 -0.774552 -0.806483 -0.875388
-9999 -9999 -9999 -9999 -9999 -9999 -9999 -9999 -8.39453 -3.67183 0.137409 2.1171 3.73644 4.17273 4.3299 3.62369 3.09289 1.81084 0.597647 -1.26779 -4.05655 -5.77181 -2.60425 1.99523 3.71064 3.59832 3.50757 2.60623 1.796 1.70808 1.78603 0.856227 -0.526099 -2.35214 -2.9246 -3.56683 -1.35929 -1.06607 -1.23748 1.18065 1.17095 1.01554 0.0667549 -0.984683 -0.806359 -1.46769 -1.00105 -1.78895 -1.10151 -0.509276 -0.298984 -0.334975 -0.422517 -0.453331 -0.506117 -0.462391 -0.47734 -0.501147 -0.522204 -0.539555 -0.562006 -0.604225 -0.635054 -0.6406 -0.680167 -0.712821 -0.744559 -0.775948 -0.802099 -0.858242
-9999 -9999 -9999 -9999 -9999 -9999 -9999 -9999 -8.18244 -4.20244 -0.835438 1.19639 3.13311 3.57739 4.22489 4.07517 3.52067 2.40607 1.01675 -0.518895 -2.91151 -4.68785 -2.57235 0.489717 2.68228 3.48366 3.50005 3.46154 3.26842 3.2068 2.97896 2.83904 1.84108 0.110713 -0.865186 -2.29724 0.162911 0.43252 0.0373451 1.25472 1.17841 -0.697663 -2.14526 -2.34206 -1.47756 -2.32615 -2.49947 -3.03135 -2.46611 -0.919714 -1.39805 -1.32465 -0.620475 -0.520697 -0.470683 -0.46534 -0.484399 -0.501406 -0.526823 -0.538391 -0.55033 -0.592396 -0.620291 -0.642551 -0.686356 -0.713977 -0.751664 -0.79554 -0.826277 -0.865655
-9999 -9999 -9999 -9999 -9999 -9999 -9999 -9999 -8.10249 -5.42025 -2.39086 0.596551 2.66531 3.49586 4.09788 4.08391 3.44175 2.88457 2.01186 0.660803 -0.265341 -1.86906 -4.06751 -0.373311 0.775158 1.80219 2.24605 3.31201 3.29997 2.83106 2.31235 2.84005 2.68828 1.32178 0.872208 0.109973 1.47605 1.47222 1.42461 1.33923 -0.245731 -2.445 -4.2072 -2.96863 -3.24912 -2.67799 -4.49124 -3.04342 -1.87915 -1.51351 -2.32896 -2.94204 -1.10166 -0.823468 -0.657417 -0.555924 -0.493764 -0.526133 -0.520966 -0.545524 -0.564927 -0.585376 -0.616373 -0.641916 -0.674731 -0.70872 -0.749044 -0.790794 -0.832042 -0.887751
-9999 -9999 -9999 -9999 -9999 -9999 -9999 -9999 -9999 -6.99582 -3.13672 0.289525 2.19461 3.39002 3.96883 3.95167 3.62057 3.24085 2.6982 1.7229 0.500551 -1.42775 -2.85698 -1.94367 -0.816504 -0.674897 0.0728964 2.22252 2.96438 1.93997 -0.585749 0.928021 2.61778 2.59292 2.4494 2.28648 2.07723 1.88454 1.46925 0.370577 -2.97351 -3.64476 -4.96729 -4.83551 -5.52313 -4.06246 -4.63677 -3.15102 -2.51727 -2.28888 -3.6967 -3.40424 -1.79983 -1.16933 -1.29222 -0.910051 -0.540826 -0.542439 -0.545461 -0.569198 -0.575223 -0.58683 -0.608338 -0.646871 -0.676488 -0.703494 -0.760574 -0.788153 -0.932039 -1.03239
-9999 -9999 -9999 -9999 -9999 -9999 -9999 -9999 -9999 -7.73779 -3.90649 0.128805 1.42174 2.7113 3.82289 3.83892 3.33729 2.86034 2.37005 1.8137 0.33167 -1.10378 -2.47234 -2.92862 -2.64702 -2.64039 -1.43889 1.35624 1.90486 1.68364 -0.960421 -1.86089 0.393402 2.28668 2.43489 2.26052 0.02899 0.49631 -0.713764 -2.35355 -2.81419 -3.54087 -5.06241 -4.35271 -5.47261 -5.01599 -5.15349 -4.31725 -3.9184 -2.92 -4.14879 -4.14401 -2.57019 -1.77715 -1.77239 -0.937952 -0.649534 -0.58427 -0.578283 -0.578039 -0.588732 -0.590138 -0.613246 -0.64161 -0.67462 -0.732215 -0.846406 -1.17108 -2.81298 -2.82993
-9999 -9999 -9999 -9999 -9999 -9999 -9999 -9999 -9999 -7.29287 -4.63485 -1.05464 1.59579 1.75846 3.04391 3.70485 3.16059 2.54879 1.92366 1.64921 0.036532 -1.7333 -3.16172 -4.85119 -4.56798 -3.34707 -1.33045 0.476452 0.805572 0.440583 -0.963682 -0.283688 1.25327 2.06858 2.30733 2.11463 1.62444 1.33721 0.443951 0.0503006 -1.18989 -3.12365 -3.89416 -3.42972 -5.48429 -5.35753 -4.61943 -5.43088 -4.12719 -3.51193 -5.09361 -3.86417 -2.46233 -1.75323 -1.13471 -0.849625 -0.744634 -0.575551 -0.58498 -0.583886 -0.590042 -0.607625 -0.623072 -0.668687 -0.709719 -0.897737 -1.16746 -2.68722 -3.35327 -3.24889
-9999 -9999 -9999 -9999 -9999 -9999 -9999 -9999 -9999 -6.83776 -4.44508 -1.34122 0.547621 0.882305 2.30876 3.57647 3.42988 2.79404 2.59813 1.94075 0.572823 -0.936732 -2.58536 -3.38504 -5.22521 -3.40547 -1.94058 -0.410837 0.3079 -0.838997 -1.42756 -0.378782 0.662659 1.07754 2.12648 2.11257 1.76443 0.280177 -0.448681 -0.154143 -0.474795 -1.02904 -2.36449 -2.43742 -3.30141 -3.6683 -4.01597 -5.10486 -4.43289 -4.38045 -4.22288 -2.73208 -2.01057 -1.53732 -1.10784 -1.00625 -0.827592 -0.591089 -0.583563 -0.589202 -0.605175 -0.615616 -0.649611 -0.737015 -0.813639 -1.17455 -1.80091 -2.95511 -4.83809 -3.55734
-9999 -9999 -9999 -9999 -9999 -9999 -9999 -9999 -9999 -7.24367 -4.70212 -2.04986 -0.94304 -0.758224 1.82718 3.40854 3.40718 3.10393 2.75088 1.1311 1.22443 0.900405 -0.587097 -2.75295 -5.13075 -4.90382 -3.4737 -1.43977 -0.769283 -2.68657 -3.37286 -2.86604 -1.29249 0.114775 1.5829 1.95219 1.51482 -0.791783 -3.24387 -2.12019 -0.920014 -0.93857 -1.30662 -2.54636 -2.94987 -3.31697 -4.2266 -5.76453 -5.54414 -5.13916 -3.45848 -2.94003 -2.12919 -1.4582 -1.73333 -1.59729 -0.954953 -0.592667 -0.593358 -0.601571 -0.604227 -0.628204 -0.666344 -0.824585 -0.991586 -1.26117 -2.86639 -3.87124 -5.33795 -3.69564
-9999 -9999 -9999 -9999 -9999 -9999 -9999 -9999 -9999 -8.02894 -6.18533 -3.6505 -2.63098 -1.00328 1.43988 2.63949 3.21257 3.19629 2.96003 2.23337 1.79628 0.937488 -0.610291 -2.72577 -5.07652 -6.60532 -5.8231 -3.0863 -2.44154 -4.20896 -5.12123 -3.98407 -2.3078 0.173611 1.58919 1.77609 1.64175 1.16033 -0.632205 -2.79732 -2.80061 -1.73107 -2.64807 -3.71261 -3.14816 -3.2695 -4.16763 -4.82519 -5.22617 -5.01129 -4.04591 -3.66412 -2.72498 -1.33039 -1.14445 -1.20033 -0.621727 -0.607309 -0.608627 -0.601387 -0.617363 -0.638252 -0.671758 -0.803697 -1.07981 -2.15349 -3.09218 -4.39175 -4.56761 -3.12162
-9999 -9999 -9999 -9999 -9999 -9999 -9999 -9999 -9999 -9.38251 -7.21327 -4.83901 -2.61648 -0.514272 1.29429 1.43053 2.38259 2.37786 2.87555 2.72954 2.05641 1.3328 -0.00101457 -2.71923 -5.00393 -7.49499 -6.83464 -4.06259 -3.65358 -4.85575 -7.07813 -4.78365 -2.25421 0.0370232 1.27499 0.296533 1.28805 1.19873 0.521754 -0.771001 -2.77674 -2.75049 -4.25801 -4.33614 -3.58194 -3.34692 -3.48946 -3.98679 -4.78004 -4.66336 -4.07786 -3.94621 -3.08476 -2.00688 -0.953102 -0.789372 -0.601036 -0.607815 -0.619882 -0.618531 -0.631746 -0.669516 -0.739911 -0.877115 -1.77947 -2.84983 -3.51579 -4.4263 -4.55187 -2.86464
