Test_Spring_2018b/01_18/Temp/20180104_017.txt
ncols	170
nrows	115
xllcorner	350000.000000
yllcorner	4445000.000000
cellsize	1000.000000
nodata_value	-9999.000000
[rows 31 to 61 of 115, columns 71 to 141 of 170]
8.29547 8.5367 8.08406 8.13028 9.22735 9.47216 9.45728 9.3667 9.26436 8.74842 8.57638 8.17003 7.45371 7.15423 5.87966 1.75579 2.92568 3.38496 2.19195 2.86331 3.95421 3.01243 0.208945 -0.995326 -2.93807 -2.30439 -2.88215 -4.44376 -9999 -9999 -9999 -9999 -9999 -9999 -9999 -9999 -9999 -9999 -9999 -9999 -9999 -9999 -9999 -9999 -9999 -9999 -9999 -9999 -9999 -9999 -9999 -9999 -9999 -9999 -9999 -9999 -9999 -9999 -9999 -9999 -9999 -9999 -9999 -9999 -9999 -9999 -9999 -9999 -9999 -9999 -9999
8.06446 8.03762 7.60157 8.27753 8.89995 8.53199 8.28764 9.3115 9.31264 8.96505 8.1471 7.84762 7.53711 7.34735 6.29811 3.35213 0.696851 2.12294 2.15947 1.17816 2.94735 2.0189 -0.409382 -3.83883 -1.96668 -2.44691 -4.86181 -5.45416 -9999 -9999 -9999 -9999 -9999 -9999 -9999 -9999 -9999 -9999 -9999 -9999 -9999 -9999 -9999 -9999 -9999 -9999 -9999 -9999 -9999 -9999 -9999 -9999 -9999 -9999 -9999 -9999 -9999 -9999 -9999 -9999 -9999 -9999 -9999 -9999 -9999 -9999 -9999 -9999 -9999 -9999 -9999
7.68545 7.45742 7.27043 8.2746 8.25431 8.20235 8.57176 9.209 9.33684 9.20219 8.84628 8.53835 8.21076 7.37756 6.17727 3.65632 0.633676 -0.0501252 1.43265 1.50653 1.74768 0.90131 -0.162358 -1.82829 -0.455955 0.0800055 -1.50406 -3.58939 -4.92106 -9999 -9999 -9999 -9999 -9999 -9999 -9999 -9999 -9999 -9999 -9999 -9999 -9999 -9999 -9999 -9999 -9999 -9999 -9999 -9999 -9999 -9999 -9999 -9999 -9999 -9999 -9999 -9999 -9999 -9999 -9999 -9999 -9999 -9999 -9999 -9999 -9999 -9999 -9999 -9999 -9999 -9999
7.1104 6.76444 5.7918 6.39719 6.85197 7.70783 7.9311 8.0587 9.25712 9.19531 9.14142 8.63194 8.22482 7.54925 6.39423 4.74918 2.76828 -0.682025 1.44895 3.11833 3.07842 2.9902 2.24558 0.64459 1.99093 2.058 0.0306206 -2.27881 -3.64352 -4.20559 -9999 -9999 -9999 -9999 -9999 -9999 -9999 -9999 -9999 -9999 -9999 -9999 -9999 -9999 -9999 -9999 -9999 -9999 -9999 -9999 -9999 -9999 -9999 -9999 -9999 -9999 -9999 -9999 -9999 -9999 -9999 -9999 -9999 -9999 -9999 -9999 -9999 -9999 -9999 -9999 -9999
6.30918 5.97591 4.7876 5.3966 6.20921 7.36124 7.96547 8.42049 8.78017 9.147 9.10568 8.58442 7.04131 6.82244 6.75733 5.68197 3.42327 1.16761 0.584731 3.12967 3.85976 3.71396 4.28453 2.92825 3.57382 3.31383 2.59565 0.380784 -1.65345 -2.49415 -4.15918 -9999 -9999 -9999 -9999 -9999 -9999 -9999 -9999 -9999 -9999 -9999 -9999 -9999 -9999 -9999 -9999 -9999 -9999 -9999 -9999 -9999 -9999 -9999 -9999 -9999 -9999 -9999 -9999 -9999 -9999 -9999 -9999 -9999 -9999 -9999 -9999 -9999 -9999 -9999 -9999
-9999 -9999 -9999 4.04416 5.15501 6.07257 7.20281 8.17291 8.65945 9.1322 9.09635 8.05286 7.54342 7.5006 6.79665 5.55491 4.77613 3.35638 1.87711 2.44445 4.61474 3.65212 5.1906 5.06296 5.34784 4.32359 2.39175 -0.193916 -1.70446 -2.45671 -3.8058 -9999 -9999 -9999 -9999 -9999 -9999 -9999 -9999 -9999 -9999 -9999 -9999 -9999 -9999 -9999 -9999 -9999 -9999 -9999 -9999 -9999 -9999 -9999 -9999 -9999 -9999 -9999 -9999 -9999 -9999 -9999 -9999 -9999 -9999 -9999 -9999 -9999 -9999 -9999 -9999
-9999 -9999 -9999 -9999 4.95553 5.65551 7.15494 7.94072 8.2574 9.01888 9.02288 8.62908 8.33221 7.90027 7.33528 6.40242 5.37285 4.03741 3.91498 5.3034 5.32188 5.03355 5.26294 5.97745 5.7916 4.20626 1.47507 0.0276135 -2.90371 -4.16295 -4.03113 -4.92319 -9999 -9999 -9999 -9999 -9999 -9999 -9999 -9999 -9999 -9999 -9999 -9999 -1.47111 -9999 -9999 -9999 -9999 -9999 -9999 -9999 -9999 -9999 -9999 -9999 -9999 -9999 -9999 -9999 -9999 -9999 -9999 -9999 -9999 -6.81085 -9999 -9999 -9999 -9999 -9999
-9999 -9999 -9999 4.81861 5.75838 6.48822 7.42904 7.52988 8.09346 8.96894 8.98423 8.70582 8.39071 7.67915 7.50415 6.97376 5.85565 5.62776 6.08248 6.2924 6.53024 6.67718 6.56006 6.27282 5.9014 4.88847 3.61797 2.76603 0.0856778 -1.27002 -2.57015 -4.53923 -6.07933 -9999 -9999 -9999 -9999 -9999 -9999 -9999 -2.51413 -2.58511 -2.54777 -2.11303 -0.917073 -1.61612 -9999 -9999 -9999 -9999 -9999 -9999 -9999 -9999 -9999 -9999 -9999 -9999 -9999 -9999 -9999 -9999 -9999 -9999 -9999 -5.74123 -7.29207 -9999 -9999 -9999 -9999
-9999 -9999 -9999 5.07761 6.0631 6.55651 7.47068 7.99509 8.34903 8.65451 8.94655 8.90068 8.55187 8.01966 8.02497 7.29004 6.89413 6.61148 7.22588 7.34777 7.10214 6.79401 6.5218 5.75055 5.66254 5.42205 4.61616 3.29223 1.92796 -0.0312238 -2.7052 -5.32764 -7.44271 -9999 -9999 -9999 -9999 -9999 -9999 -2.29807 -1.30448 -0.708256 -1.96887 -0.887544 0.100997 -0.0542519 -1.00013 -9999 -9999 -9999 -9999 -9999 -9999 -9999 -9999 -9999 -9999 -9999 -9999 -9999 -9999 1.60258 0.0129819 -3.19978 -4.84556 -5.83222 -7.24199 -9999 -9999 -9999 -9999
-9999 -9999 -9999 4.88357 6.04746 6.83706 7.53867 7.6537 8.37677 8.69782 8.85628 8.84093 8.77394 8.67778 8.0369 7.76187 6.79135 7.72152 7.68672 7.45174 6.52071 6.11738 4.51897 3.81618 3.6689 5.01505 4.02289 1.94965 -0.642476 -3.75462 -3.94792 -4.97751 -6.86798 -9999 -9999 -9999 -9999 -9999 -9999 -1.99508 -0.932588 -0.0452401 0.0859793 -1.16698 0.587747 0.530645 -0.448065 -0.66919 0.135588 0.543637 0.243445 1.21 1.49036 1.0564 1.53045 -9999 -9999 -9999 -9999 1.81177 1.87729 1.9275 1.26643 -2.24332 -4.63964 -6.7914 -6.99015 -9999 -9999 -9999 -9999
-9999 -9999 -9999 5.68862 6.4062 6.77079 6.83277 7.46355 8.09687 8.49094 8.77979 8.72599 8.70558 8.68335 8.46517 7.95558 8.0483 8.00741 7.70954 5.93681 3.86768 4.7699 3.53799 0.915838 3.05539 4.23057 3.10601 0.593222 -2.32068 -3.2705 -3.22199 -4.65477 -6.49917 -9999 -9999 -9999 -4.90245 -3.38272 -3.24904 -2.79962 -1.38332 -0.305266 0.508648 1.06324 1.05633 0.475813 -0.481469 -1.52255 -1.15013 0.725448 1.18266 1.57654 1.86672 1.46336 1.66965 2.16991 2.42815 2.48023 2.36228 2.33588 2.37794 2.31969 1.70293 -1.43321 -3.22854 -4.37313 -6.68372 -9999 -9999 -9999 -9999
-9999 -9999 -9999 5.241 5.86543 6.37221 7.21546 7.30784 7.84131 8.1624 8.63654 8.69218 8.14828 8.60208 8.54535 8.46199 8.28342 8.02108 6.52448 4.46161 2.39365 1.43902 1.85219 0.271113 1.08584 2.27654 1.84039 0.299947 -2.29592 -2.66028 -3.26035 -5.66516 -7.98613 -9999 -9999 -7.85142 -4.93706 -2.88453 -1.82502 -1.49563 -1.46234 -0.104671 0.0039237 1.46563 1.13308 -0.794855 -0.576034 -1.32417 -0.836802 -0.151249 0.0373494 1.02772 1.98403 2.16237 2.16509 2.48291 2.54742 2.56366 2.55526 2.33939 2.43959 2.45652 2.07292 -0.200732 -1.30808 -2.52985 -6.6609 -9999 -9999 -9999 -9999
-9999 -9999 -9999 5.56356 6.26168 7.02643 7.1534 7.72158 7.66722 7.51399 8.30462 8.59851 8.21529 7.93964 8.45295 8.41839 8.35081 8.23882 6.83219 5.20429 2.74008 1.20895 0.278121 -0.386049 -1.2716 -0.659611 -0.845109 -1.0941 -0.804602 -1.51981 -2.94117 -4.35184 -6.98879 -8.41761 -9999 -7.69655 -6.3811 -3.94038 -1.86578 -0.548122 -1.01973 0.523743 0.811787 1.70893 1.18942 0.0198642 -0.484237 -0.527729 -0.680677 0.358143 1.05787 1.55164 1.87991 2.29356 2.39609 2.49921 2.54161 2.56456 2.58847 2.58364 2.57664 2.53241 2.38974 1.34585 0.23951 -2.15175 -6.52859 -9999 -9999 -9999 -9999
-9999 -9999 3.53243 5.4836 6.65281 7.10773 7.43744 7.72885 7.94117 8.16652 8.37433 8.51874 8.46332 7.44365 7.52843 7.71277 8.29284 8.25119 8.12351 7.23306 4.23456 3.20211 1.6885 -0.271523 -1.08905 -0.678203 0.93049 0.860318 -0.202396 -1.38696 -3.02389 -4.06829 -5.6877 -8.79465 -8.5146 -7.11301 -6.06991 -4.41104 -1.87552 -0.0975172 0.696842 0.998087 1.62883 1.95624 1.24131 0.562446 0.277813 -0.251327 -0.32508 -0.32039 0.307097 0.797178 1.88641 2.25132 2.42057 2.50419 2.54867 2.58115 2.61378 2.62569 2.60603 2.60907 2.60299 2.52776 1.05592 -2.63452 -5.41524 -9999 -9999 -9999 -9999
-9999 -9999 -9999 5.12326 5.63926 5.777 6.01589 6.50123 7.06035 7.85321 7.95853 8.39523 8.39636 7.51932 6.5038 7.39019 7.74208 8.10641 8.11666 8.00129 5.48357 4.1658 3.12862 1.24928 1.9293 2.57486 2.62531 2.23823 -0.0421771 -2.31338 -4.93134 -7.37854 -7.49494 -8.81315 -8.11334 -7.18754 -4.81074 -3.13782 -2.45889 -1.97074 0.607301 1.28201 1.51355 2.17549 1.27827 1.05306 0.379054 0.581659 0.523775 0.528501 -1.34372 0.535806 0.646194 1.86912 2.41898 2.54439 2.57686 2.61211 2.61767 2.62531 2.62103 2.63547 2.61866 2.5991 1.64304 -3.03383 -5.38431 -9999 -9999 -9999 -9999
-9999 -9999 -9999 -9999 -9999 5.29266 5.68816 5.94353 6.38244 7.71978 8.0824 8.32438 8.34796 7.958 6.9535 6.68906 6.87357 5.89102 6.71205 7.83689 7.8088 7.67263 5.45837 4.32705 5.4252 5.09313 3.42978 2.12113 0.829565 -1.82977 -3.77512 -6.57995 -8.68619 -8.76517 -6.43979 -4.50791 -2.1029 -1.04145 -1.64485 -0.989644 0.292549 1.74833 2.45356 2.2902 1.34426 1.21407 0.173669 1.19996 1.28906 0.813533 0.402206 0.567174 1.17195 1.40198 2.35835 2.58909 2.63036 2.63673 2.64043 2.63686 2.63273 2.62147 2.61344 2.60241 2.56178 -2.24573 -5.98877 -9999 -9999 -9999 -9999
-9999 -9999 -9999 -9999 -9999 4.36891 4.61157 5.24277 6.85667 7.70537 8.04985 8.04211 8.20272 7.9284 7.04435 6.13609 5.27868 4.17284 4.80523 6.47834 7.46482 7.57726 5.6364 6.64837 6.27134 5.52714 3.35131 1.74825 0.899111 -1.65393 -3.83856 -5.70435 -8.28105 -7.17831 -5.964 -4.40441 -1.78025 -0.00965884 0.718154 0.109111 0.928976 2.60381 2.61546 1.70301 1.76496 1.21021 -0.212348 1.2727 1.69152 1.35611 1.44394 1.31942 1.54421 1.95391 2.34563 2.60575 2.64008 2.64373 2.63483 2.63482 2.63625 2.6192 2.62258 2.61144 2.58951 -0.512709 -6.06231 -9999 -9999 -9999 -9999
-9999 -9999 -9999 -9999 -9999 -9999 3.53263 4.96696 7.10768 7.64374 7.59939 8.04405 8.08516 7.66258 7.2953 6.19238 4.68454 1.78774 2.52577 4.06598 6.28704 7.45463 7.29781 6.65017 5.52351 2.79565 0.408639 0.120138 -0.269339 -2.13217 -3.814 -5.88847 -4.68555 -3.36807 -1.92684 -1.16956 -1.366 0.151255 1.38866 0.86467 1.86996 3.04283 2.5141 2.20246 1.94134 1.29975 1.26308 1.3323 2.17616 1.59457 1.95347 1.96353 1.94301 2.14201 2.37103 2.61163 2.6503 2.65013 2.6538 2.62589 2.63653 2.624 2.6122 2.60196 2.58336 2.30498 -0.68476 -2.46917 -9999 -9999 -9999
-9999 -9999 -9999 -9999 -9999 -9999 2.21349 2.93097 5.46522 6.25207 7.37358 7.97039 8.00056 7.28533 6.88717 5.24346 4.71017 2.03052 0.817943 1.84788 1.45424 4.51281 7.21964 6.63252 1.17166 -0.805243 -2.21481 -1.85076 -1.84578 -2.36325 -5.22836 -6.01816 -3.44948 -1.83204 -0.578868 0.371756 0.570088 0.537561 2.47261 2.73095 3.36095 3.22612 3.28645 2.31202 1.70992 2.24017 1.63342 1.53138 2.4031 1.54749 2.32345 2.23319 2.00043 1.98787 2.49781 2.60043 2.65413 2.65646 2.63621 2.61039 2.59678 2.61461 2.6087 2.58258 2.58647 2.56124 2.20457 0.659708 0.121006 0.721953 -9999
-9999 -9999 -9999 -9999 -9999 -9999 -9999 0.571407 4.0914 5.70303 6.55047 7.74183 7.8877 7.50985 6.81895 5.14405 3.67097 1.27566 -1.46002 -2.90731 1.43047 5.20617 7.17745 6.92053 2.37518 0.582298 0.500711 1.5592 0.668975 -0.00591716 -2.18245 -2.83295 -3.73763 -3.17922 -1.43113 -0.00525642 1.3706 2.37107 2.45306 3.10276 3.47781 3.51001 3.62869 3.51592 3.42436 2.48408 3.13737 2.58692 2.88188 2.69454 2.52522 2.38009 1.84094 2.22174 2.55874 2.64511 2.66986 2.64906 2.64396 2.62946 2.5978 2.586 2.5854 2.58418 2.56912 2.57122 2.55316 2.38167 1.4528 0.208561 -1.36395
-9999 -9999 -9999 -9999 -9999 -9999 -9999 -1.18546 2.31705 4.00811 6.18141 7.30438 7.75917 7.70043 7.14067 5.86816 3.9524 2.35643 -0.697378 -3.86825 0.684528 4.74327 6.93288 7.05035 3.23163 4.29262 3.43812 3.78519 2.21934 1.56968 1.058 -0.0665418 -1.29652 -2.63986 -3.3527 -0.150495 1.49379 2.81714 3.44133 3.79444 3.97107 3.87654 3.64079 2.22041 3.30652 3.25055 3.14449 3.02246 2.96413 2.8532 2.72198 2.64549 2.61791 2.25978 2.66382 2.65275 2.65776 2.65916 2.6481 2.62757 2.60973 2.58793 2.58892 2.57999 2.56795 2.56037 2.55383 2.54398 2.49443 2.24873 0.136391
-9999 -9999 -9999 -9999 -9999 -9999 -9999 -6.10233 -1.00883 3.09249 5.23095 6.97146 7.45045 7.62981 6.87853 6.31662 4.9435 3.6432 1.63698 -1.36814 -3.21818 0.191296 5.14656 6.97791 6.83755 6.72487 5.73656 4.84604 4.73486 4.80329 3.76814 2.26057 0.283483 -0.334284 -1.02753 1.35748 1.68077 1.50635 4.12904 4.13518 3.9864 2.98336 1.8598 2.07367 1.38545 1.91966 1.09221 1.85593 2.51615 2.76338 2.7439 2.65813 2.64535 2.60596 2.67405 2.67251 2.66071 2.65152 2.64637 2.63614 2.60535 2.5879 2.59896 2.57908 2.56424 2.55603 2.55214 2.54783 2.51133 2.47826 2.15452
-9999 -9999 -9999 -9999 -9999 -9999 -9999 -5.87839 -1.59144 2.04204 4.22194 6.31736 6.80428 7.51173 7.35977 6.77119 5.57768 4.08647 2.43548 -0.142531 -2.05838 0.221774 3.51286 5.86936 6.71573 6.71224 6.65694 6.43439 6.34938 6.08948 5.90646 4.82137 2.95282 1.8973 0.352709 3.01068 3.30856 2.89238 4.21892 4.15226 2.14592 0.603452 0.411563 1.35206 0.457487 0.301026 -0.248363 0.382684 2.07167 1.57722 1.67546 2.4426 2.56892 2.6468 2.66838 2.66275 2.65873 2.64533 2.64691 2.64847 2.61822 2.60418 2.59731 2.56835 2.56403 2.54454 2.52715 2.52114 2.50191 2.4717 2.38038
-9999 -9999 -9999 -9999 -9999 -9999 -9999 -5.78571 -2.90683 0.362976 3.57176 5.80928 6.71228 7.36978 7.36326 6.67902 6.0859 5.15122 3.69879 2.70271 0.973221 -1.40045 2.58091 3.8037 4.89504 5.36134 6.49799 6.4711 5.95143 5.35252 5.91302 5.74654 4.26826 3.78177 2.96069 4.43872 4.44165 4.40015 4.32049 2.6252 0.269008 -1.61417 -0.258759 -0.541608 0.0796179 -1.8468 -0.262857 1.01425 1.42918 0.570852 -0.0719444 1.92001 2.24672 2.44285 2.5684 2.65077 2.63062 2.65072 2.63879 2.63276 2.62619 2.60903 2.5987 2.58151 2.56407 2.54822 2.53278 2.51072 2.47621 2.47543 2.43507
-9999 -9999 -9999 -9999 -9999 -9999 -9999 -9999 -4.60042 -0.457092 3.24277 5.30283 6.59843 7.22967 7.21846 6.8686 6.46585 5.88637 4.83871 3.52269 1.4429 -0.100715 0.880701 2.07945 2.2158 3.01229 5.32031 6.1091 4.99241 2.23263 3.86148 5.67927 5.6493 5.49367 5.31963 5.09819 4.89744 4.45896 3.28545 -0.30866 -1.01745 -2.42733 -2.26712 -2.99024 -1.41231 -2.00193 -0.378642 0.32524 0.591402 -0.908298 -0.588649 1.17187 1.87032 1.75502 2.18381 2.59841 2.61188 2.62363 2.61306 2.62188 2.62518 2.61847 2.59444 2.58083 2.57093 2.5383 2.53845 2.40528 2.31923 2.14434 2.36361
-9999 -9999 -9999 -9999 -9999 -9999 -9999 -9999 -5.42687 -1.29101 3.06608 4.46553 5.86228 7.0677 7.09151 6.55681 6.04833 5.52463 4.92845 3.33201 1.78404 0.306288 -0.18918 0.109528 0.0892362 1.37706 4.3835 4.96589 4.71788 1.83435 0.857538 3.28603 5.32689 5.48706 5.30143 2.8986 3.40984 2.11353 0.355625 -0.128282 -0.897668 -2.52337 -1.7408 -2.93147 -2.42079 -2.55838 -1.63668 -1.18696 -0.0906598 -1.3977 -1.38945 0.338811 1.21258 1.23512 2.15209 2.4794 2.56555 2.58755 2.60338 2.60764 2.62235 2.61423 2.60112 2.58374 2.54057 2.43704 2.11725 0.37601 0.379122 0.857401 1.31034
-9999 -9999 -9999 -9999 -9999 -9999 -9999 -9999 -4.95088 -2.08046 1.78581 4.64978 4.83039 6.2229 6.94186 6.36047 5.70582 5.03607 4.74362 3.00604 1.09739 -0.444563 -2.26985 -1.96843 -0.656802 1.49017 3.43214 3.77952 3.37823 1.83336 2.5633 4.21926 5.09829 5.35709 5.15236 4.62864 4.32587 3.37117 2.95726 1.63162 -0.440938 -1.25729 -0.740326 -2.94043 -2.78659 -1.9729 -2.83817 -1.41284 -0.730419 -2.41859 -1.07764 0.45361 1.2368 1.92163 2.24614 2.37586 2.5744 2.58017 2.59731 2.60681 2.60432 2.6046 2.5729 2.54673 2.36259 2.09087 0.47099 -0.20674 -0.0734679 0.676689 1.33389
-9999 -9999 -9999 -9999 -9999 -9999 -9999 -9999 -4.46399 -1.87943 1.4731 3.51537 3.88138 5.42564 6.79878 6.64592 5.96482 5.7577 5.0518 3.57815 1.95039 0.171176 -0.69355 -2.68224 -0.723512 0.828289 2.47265 3.24188 1.97305 1.33459 2.46372 3.58623 4.03422 5.16794 5.15665 4.78652 3.19237 2.41488 2.7431 2.409 1.82414 0.397511 0.333907 -0.582482 -0.96203 -1.32048 -2.48672 -1.74343 -1.66862 -1.469 0.142583 0.939746 1.46851 1.94951 2.07626 2.28575 2.55736 2.58177 2.59196 2.59115 2.59656 2.57693 2.50012 2.43542 2.0645 1.40765 0.181734 -1.80847 -0.406665 1.05931 1.48901
-9999 -9999 -9999 -9999 -9999 -9999 -9999 -9999 -4.90601 -2.16044 0.705083 1.90369 2.10791 4.90235 6.61358 6.61705 6.29442 5.91746 4.17299 4.27581 3.92718 2.32205 -0.0162233 -2.58438 -2.34337 -0.812823 1.36026 2.07857 -0.0205747 -0.763398 -0.217998 1.47949 2.99894 4.58552 4.98812 4.52198 2.04066 -0.596124 0.626396 1.93273 1.92533 1.54187 0.218794 -0.201372 -0.581703 -1.54698 -3.17993 -2.94336 -2.48844 -0.661251 -0.082755 0.81077 1.55296 1.2739 1.43803 2.14804 2.55564 2.57147 2.57915 2.59291 2.58385 2.5598 2.40652 2.24418 1.97157 0.258325 -0.806842 -2.36041 -0.556134 0.443208 0.96696
-9999 -9999 -9999 -9999 -9999 -9999 -9999 -9999 -5.75718 -3.76423 -1.02514 0.0794152 1.84038 4.48129 5.78049 6.40351 6.39028 6.13913 5.3581 4.88858 3.96302 2.29299 0.00933449 -2.52926 -4.18201 -3.34219 -0.418556 0.27193 -1.66398 -2.6499 -1.42374 0.385175 3.06403 4.59435 4.80047 4.66146 4.1494 2.22415 -0.101788 -0.0941223 1.07211 0.096029 -1.03839 -0.414592 -0.530118 -1.48329 -2.17661 -2.60159 -2.33935 -1.29586 -0.864787 0.167235 1.69023 1.9088 1.86608 2.50756 2.54008 2.55546 2.58 2.57954 2.57389 2.55485 2.42988 2.14968 1.00933 0.0149431 -1.36851 -1.53933 0.0630441 0.757248 1.41017
-9999 -9999 -9999 -9999 -9999 -9999 -9999 -9999 -7.22123 -4.87659 -2.31045 0.0922386 2.36528 4.32157 4.47349 5.50535 5.5045 6.04511 5.89048 5.16622 4.38649 2.94735 0.0134811 -2.45369 -5.14442 -4.43581 -1.45661 -1.06433 -2.36335 -4.76239 -2.28728 0.442434 2.91638 4.25529 3.20427 4.28005 4.19108 3.4694 2.0846 -0.0682916 -0.0278003 -1.64115 -1.71147 -0.883094 -0.614262 -0.752324 -1.27282 -2.10233 -1.9651 -1.33112 -1.16982 -0.221459 0.960021 2.1151 2.30953 2.53017 2.54002 2.54397 2.56229 2.56488 2.54105 2.48218 2.35144 1.39545 0.258486 -0.44186 -1.40579 -1.5226 0.326163 1.05602 1.46569
