Test_Spring_2018b/01_18/Temp/20180122_021.txt
ncols	170
nrows	115
xllcorner	350000.000000
yllcorner	4445000.000000
cellsize	1000.000000
nodata_value	-9999.000000
[rows 31 to 61 of 115, columns 70 to 139 of 170]
4.02186 4.79586 5.08588 4.56197 4.62378 5.92113 6.22187 6.21277 6.12357 6.01183 5.41472 5.22104 4.75218 3.91929 3.57518 2.08641 -2.74639 -1.36759 -0.823154 -2.21804 -1.42551 -0.140968 -1.24191 -4.52766 -5.93683 -8.21257 -7.46666 -8.13192 -9.96075 -9999 -9999 -9999 -9999 -9999 -9999 -9999 -9999 -9999 -9999 -9999 -9999 -9999 -9999 -9999 -9999 -9999 -9999 -9999 -9999 -9999 -9999 -9999 -9999 -9999 -9999 -9999 -9999 -9999 -9999 -9999 -9999 -9999 -9999 -9999 -9999 -9999 -9999 -9999 -9999 -9999
4.16564 4.52402 4.49964 3.99532 4.79617 5.53446 5.11831 4.84343 6.05825 6.06766 5.66778 4.7158 4.37203 4.01505 3.79947 2.57498 -0.875642 -3.98548 -2.30631 -2.25805 -3.40445 -1.32344 -2.40818 -5.25302 -9.27275 -7.07122 -7.6301 -10.4519 -11.1364 -9999 -9999 -9999 -9999 -9999 -9999 -9999 -9999 -9999 -9999 -9999 -9999 -9999 -9999 -9999 -9999 -9999 -9999 -9999 -9999 -9999 -9999 -9999 -9999 -9999 -9999 -9999 -9999 -9999 -9999 -9999 -9999 -9999 -9999 -9999 -9999 -9999 -9999 -9999 -9999 -9999
3.19638 4.07818 3.81792 3.60601 4.7921 4.77621 4.7259 5.17669 5.9373 6.09519 5.94494 5.53488 5.18091 4.80364 3.83281 2.43094 -0.520935 -4.06179 -4.85831 -3.11262 -3.02039 -2.73201 -3.71989 -4.96282 -6.91252 -5.29691 -4.66275 -6.51784 -8.94418 -10.5002 -9999 -9999 -9999 -9999 -9999 -9999 -9999 -9999 -9999 -9999 -9999 -9999 -9999 -9999 -9999 -9999 -9999 -9999 -9999 -9999 -9999 -9999 -9999 -9999 -9999 -9999 -9999 -9999 -9999 -9999 -9999 -9999 -9999 -9999 -9999 -9999 -9999 -9999 -9999 -9999
1.89443 3.40207 3.00362 1.86998 2.58825 3.12992 4.14976 4.42919 4.58679 6.00084 5.93586 5.87999 5.28928 4.81847 4.03243 2.68358 0.75952 -1.55881 -5.60155 -3.09494 -1.13007 -1.17105 -1.26876 -2.13674 -4.00966 -2.42397 -2.33946 -4.70712 -7.4008 -8.99676 -9.65087 -9999 -9999 -9999 -9999 -9999 -9999 -9999 -9999 -9999 -9999 -9999 -9999 -9999 -9999 -9999 -9999 -9999 -9999 -9999 -9999 -9999 -9999 -9999 -9999 -9999 -9999 -9999 -9999 -9999 -9999 -9999 -9999 -9999 -9999 -9999 -9999 -9999 -9999 -9999
-9999 2.46039 2.07708 0.690579 1.41329 2.375 3.74037 4.4639 5.01076 5.44049 5.87837 5.83706 5.23233 3.42828 3.17799 3.108 1.85242 -0.791826 -3.43254 -4.1103 -1.11765 -0.254627 -0.419412 0.256472 -1.32872 -0.564779 -0.863494 -1.69239 -4.2855 -6.6572 -7.63777 -9.58576 -9999 -9999 -9999 -9999 -9999 -9999 -9999 -9999 -9999 -9999 -9999 -9999 -9999 -9999 -9999 -9999 -9999 -9999 -9999 -9999 -9999 -9999 -9999 -9999 -9999 -9999 -9999 -9999 -9999 -9999 -9999 -9999 -9999 -9999 -9999 -9999 -9999 -9999
-9999 -9999 -9999 -9999 -0.174505 1.14295 2.23135 3.56876 4.71982 5.29839 5.86047 5.82543 4.6077 4.01643 3.97258 3.15281 1.70194 0.794355 -0.865325 -2.59474 -1.92242 0.631025 -0.491804 1.32042 1.17756 1.51881 0.323862 -1.92763 -4.95611 -6.71276 -7.58904 -9.16583 -9999 -9999 -9999 -9999 -9999 -9999 -9999 -9999 -9999 -9999 -9999 -9999 -9999 -9999 -9999 -9999 -9999 -9999 -9999 -9999 -9999 -9999 -9999 -9999 -9999 -9999 -9999 -9999 -9999 -9999 -9999 -9999 -9999 -9999 -9999 -9999 -9999 -9999
-9999 -9999 -9999 -9999 -9999 0.9088 1.74169 3.50974 4.4472 4.82647 5.7273 5.73891 5.28339 4.94138 4.44073 3.78389 2.69539 1.49351 -0.0671377 -0.204156 1.43198 1.46071 1.1296 1.40616 2.25209 2.04154 0.196215 -3.00018 -4.69079 -8.11569 -9.58639 -9.4249 -10.4651 -9999 -9999 -9999 -9999 -9999 -9999 -9999 -9999 -9999 -9999 -9999 -9999 -6.33547 -9999 -9999 -9999 -9999 -9999 -9999 -9999 -9999 -9999 -9999 -9999 -9999 -9999 -9999 -9999 -9999 -9999 -9999 -9999 -9999 -12.4767 -9999 -9999 -9999
-9999 -9999 -9999 -9999 0.733283 1.85337 2.71891 3.83169 3.96132 4.63436 5.66894 5.69368 5.3734 5.00979 4.18081 3.98143 3.36511 2.05929 1.79837 2.33877 2.59222 2.87874 3.05884 2.92928 2.60025 2.17254 0.999966 -0.482268 -1.47344 -4.61189 -6.18664 -7.70504 -10.0087 -11.8092 -9999 -9999 -9999 -9999 -9999 -9999 -9999 -7.57699 -7.65425 -7.60423 -7.08764 -5.67752 -6.49083 -9999 -9999 -9999 -9999 -9999 -9999 -9999 -9999 -9999 -9999 -9999 -9999 -9999 -9999 -9999 -9999 -9999 -9999 -9999 -11.2095 -13.0262 -9999 -9999
-9999 -9999 -9999 -9999 1.04474 2.21098 2.79947 3.88129 4.50524 4.93499 5.30069 5.65008 5.60252 5.19915 4.5804 4.5924 3.73589 3.27746 2.95229 3.68019 3.83057 3.55006 3.19657 2.88552 1.98909 1.89457 1.62889 0.692522 -0.851871 -2.4438 -4.72782 -7.85792 -10.9279 -13.4027 -9999 -9999 -9999 -9999 -9999 -9999 -7.32239 -6.15052 -5.44478 -6.91776 -5.64226 -4.4753 -4.65016 -5.75108 -9999 -9999 -9999 -9999 -9999 -9999 -9999 -9999 -9999 -9999 -9999 -9999 -9999 -9999 -2.5908 -4.45314 -8.2205 -10.1492 -11.3044 -12.956 -9999 -9999
-9999 -9999 -9999 -9999 0.816911 2.19302 3.12954 3.96229 4.1061 4.96601 5.35277 5.54531 5.53338 5.4605 5.35318 4.60665 4.2896 3.15676 4.25476 4.22091 3.95269 2.86818 2.40338 0.536574 -0.278969 -0.43551 1.15422 -4.18863e-05 -2.42306 -5.45523 -9.08989 -9.31044 -10.5108 -12.7218 -9999 -9999 -9999 -9999 -9999 -9999 -6.96005 -5.70736 -4.65998 -4.49961 -5.96317 -3.89687 -3.95512 -5.09526 -5.34596 -4.39242 -3.90415 -4.24013 -3.10197 -2.76403 -3.26456 -2.69996 -9999 -9999 -9999 -9999 -2.3388 -2.25815 -2.19614 -2.96931 -7.08564 -9.89555 -12.4184 -12.6455 -9999 -9999
-9999 -9999 -9999 -9999 1.76187 2.61481 3.05309 3.13566 3.885 4.63947 5.11183 5.45462 5.39752 5.37919 5.35848 5.10779 4.51531 4.62994 4.58825 4.24554 2.17272 -0.247346 0.8199 -0.613094 -3.68111 -1.15305 0.236762 -1.07216 -4.0103 -7.41942 -8.51648 -8.45262 -10.1258 -12.282 -9999 -9999 -9999 -10.3823 -8.59311 -8.43058 -7.89751 -6.22972 -4.95862 -3.99708 -3.33939 -3.34157 -4.01221 -5.12678 -6.33916 -5.89241 -3.68139 -3.13456 -2.66093 -2.31078 -2.77476 -2.52233 -1.92726 -1.61696 -1.54948 -1.68247 -1.70899 -1.65604 -1.72155 -2.443 -6.12284 -8.22801 -9.56949 -12.2742 -9999 -9999
-9999 -9999 -9999 -9999 1.23921 1.98319 2.58859 3.58477 3.70246 4.33698 4.72375 5.28907 5.36028 4.72744 5.26509 5.2036 5.11103 4.9071 4.60541 2.85599 0.442752 -1.97577 -3.08721 -2.59405 -4.43943 -3.46616 -2.05782 -2.55333 -4.3481 -7.38364 -7.801 -8.48914 -11.3044 -14.0203 -9999 -9999 -13.842 -10.4161 -8.0019 -6.75307 -6.361 -6.31622 -4.71705 -4.5832 -2.86101 -3.24498 -5.49687 -5.23108 -6.09851 -5.51626 -4.69827 -4.46628 -3.28767 -2.16008 -1.94114 -1.92878 -1.54737 -1.46409 -1.43849 -1.4429 -1.69188 -1.57098 -1.54863 -1.99691 -4.66351 -5.96163 -7.39042 -12.2357 -9999 -9999
-9999 -9999 -9999 -9999 1.61792 2.4486 3.3569 3.51608 4.19221 4.13611 3.96619 4.90073 5.25337 4.80891 4.49034 5.0975 5.06193 4.98801 4.86257 3.21864 1.31585 -1.56755 -3.35527 -4.43889 -5.20792 -6.22722 -5.49747 -5.70354 -5.98424 -5.63328 -6.45667 -8.10854 -9.75526 -12.8432 -14.5125 -9999 -13.6535 -12.104 -9.23444 -6.79461 -5.243 -5.79085 -3.9737 -3.62926 -2.57058 -3.17246 -4.53428 -5.11325 -5.15427 -5.32323 -4.09329 -3.25943 -2.6632 -2.26746 -1.77598 -1.646 -1.51613 -1.45851 -1.42488 -1.39139 -1.39284 -1.39798 -1.44777 -1.61377 -2.83774 -4.13193 -6.93698 -12.0712 -9999 -9999
-9999 -9999 -9999 -0.780709 1.52616 2.91015 3.45533 3.85279 4.20444 4.46234 4.73639 4.98642 5.16185 5.10339 3.91152 4.01557 4.23661 4.92246 4.87937 4.73612 3.69867 0.188361 -1.015 -2.77867 -5.06781 -6.00972 -5.51544 -3.6155 -3.68577 -4.92102 -6.29965 -8.20441 -9.41617 -11.3084 -14.9482 -14.6129 -12.962 -11.7324 -9.78043 -6.79992 -4.7083 -3.77071 -3.41136 -2.6657 -2.27442 -3.10238 -3.88821 -4.21237 -4.82281 -4.89832 -4.88134 -4.13323 -3.54127 -2.25017 -1.81149 -1.60624 -1.49889 -1.43859 -1.39367 -1.34993 -1.33189 -1.35214 -1.34678 -1.35287 -1.43785 -3.16439 -7.49155 -10.7529 -9999 -9999
-9999 -9999 -9999 -9999 1.10601 1.7239 1.89724 2.18845 2.76792 3.43299 4.37299 4.50329 5.02159 5.0278 4.00414 2.81682 3.86148 4.27934 4.71247 4.73094 4.60293 1.65774 0.120985 -1.08564 -3.2798 -2.46418 -1.69399 -1.62209 -2.06373 -4.7274 -7.38068 -10.4365 -13.2985 -13.4261 -14.9624 -14.1354 -13.043 -10.2484 -8.2802 -7.47855 -6.9007 -3.87015 -3.07331 -2.7931 -2.00875 -3.05315 -3.30643 -4.08715 -3.8385 -3.89492 -3.8774 -6.06212 -3.8394 -3.69836 -2.25228 -1.59544 -1.4413 -1.39492 -1.34666 -1.33472 -1.3218 -1.32419 -1.30573 -1.32271 -1.34346 -2.4645 -7.95173 -10.7085 -9999 -9999
-9999 -9999 -9999 -9999 -9999 -9999 1.33281 1.80803 2.11785 2.64202 4.22097 4.65329 4.9431 4.9759 4.52291 3.34878 3.04282 3.2641 2.11654 3.08696 4.4141 4.38976 4.23964 1.65187 0.340775 1.64214 1.26547 -0.67333 -2.19601 -3.6989 -6.80726 -9.07374 -12.3551 -14.8176 -14.9021 -12.1661 -9.8923 -7.06477 -5.81424 -6.51752 -5.74378 -4.23334 -2.51896 -1.68456 -1.86855 -2.96994 -3.11155 -4.32192 -3.10635 -2.98994 -3.5356 -4.00561 -3.79468 -3.07319 -2.79197 -1.65922 -1.37899 -1.32285 -1.30844 -1.29871 -1.29903 -1.30138 -1.31136 -1.31948 -1.33153 -1.37846 -7.01912 -11.4102 -9999 -9999
-9999 -9999 -9999 -9999 -9999 -9999 0.253161 0.549158 1.30012 3.20323 4.20881 4.61994 4.61679 4.81042 4.49314 3.46008 2.39869 1.39721 0.104948 0.853383 2.82416 3.99032 4.13193 1.86504 3.06901 2.63948 1.77939 -0.760548 -2.62844 -3.6119 -6.59527 -9.14245 -11.3217 -14.3361 -13.0338 -11.6017 -9.76527 -6.68032 -4.59773 -3.73879 -4.44859 -3.48109 -1.50963 -1.48906 -2.55198 -2.47049 -3.11017 -4.76877 -3.01464 -2.51107 -2.89208 -2.77612 -2.9048 -2.62905 -2.13688 -1.66662 -1.35188 -1.30337 -1.29242 -1.2975 -1.29369 -1.28877 -1.3068 -1.30153 -1.31373 -1.33873 -4.97828 -11.4894 -9999 -9999
-9999 -9999 -9999 -9999 -9999 -9999 -9999 -0.712208 0.981215 3.50258 4.14135 4.09629 4.62413 4.67764 4.18647 3.75989 2.47005 0.705335 -2.68864 -1.81631 -0.00157263 2.61325 3.99297 3.81954 3.07597 1.76679 -1.42102 -4.20871 -4.53393 -4.97787 -7.15119 -9.10828 -11.5323 -10.1114 -8.55704 -6.85857 -5.96364 -6.1887 -4.40338 -2.94658 -3.55648 -2.37136 -0.988888 -1.60236 -1.96013 -2.25764 -2.99914 -3.03133 -2.93854 -1.93612 -2.60594 -2.17185 -2.1426 -2.15473 -1.90983 -1.63055 -1.33875 -1.2852 -1.27866 -1.26906 -1.29778 -1.28235 -1.29499 -1.30744 -1.31846 -1.33944 -1.6652 -5.17239 -7.26467 -9999
-9999 -9999 -9999 -9999 -9999 -9999 -9999 -2.25523 -1.40308 1.58006 2.51317 3.8363 4.54282 4.58365 3.74922 3.28695 1.36234 0.74126 -2.39792 -3.81446 -2.59858 -3.05214 0.546459 3.73329 3.06069 -3.33469 -5.64141 -7.2822 -6.84174 -6.82286 -7.41747 -10.7631 -11.6795 -8.6559 -6.74956 -5.27171 -4.14985 -3.91149 -3.94476 -1.66934 -1.36089 -0.616048 -0.768028 -0.690156 -1.82562 -2.52321 -1.88955 -2.59073 -2.69895 -1.6639 -2.65539 -1.73202 -1.8206 -2.08196 -2.0855 -1.47673 -1.347 -1.27592 -1.2662 -1.2848 -1.31094 -1.32398 -1.30083 -1.30616 -1.33557 -1.32993 -1.35839 -1.77559 -3.58663 -4.21653
-9999 -9999 -9999 -9999 -9999 -9999 -9999 -9999 -4.16699 -0.027214 1.87378 2.87538 4.27972 4.45651 4.0187 3.21261 1.2518 -0.471927 -3.27733 -6.48144 -8.17216 -3.07366 1.36628 3.68976 3.40458 -1.91677 -4.00781 -4.09052 -2.83539 -3.86721 -4.64673 -7.18428 -7.93734 -8.98962 -8.326 -6.26773 -4.58728 -2.96722 -1.78813 -1.68704 -0.919654 -0.473044 -0.428888 -0.282456 -0.406734 -0.505204 -1.59721 -0.819888 -1.45447 -1.09645 -1.304 -1.4902 -1.64336 -2.26458 -1.80683 -1.40127 -1.29083 -1.25275 -1.27093 -1.27172 -1.28448 -1.31818 -1.33002 -1.32882 -1.32869 -1.34494 -1.34102 -1.36061 -1.55981 -2.6474
-9999 -9999 -9999 -9999 -9999 -9999 -9999 -9999 -6.22358 -2.1045 -0.110278 2.44723 3.77021 4.31184 4.24814 3.59621 2.10785 -0.135123 -2.00237 -5.57971 -9.29362 -3.94337 0.829677 3.40909 3.55771 -0.905868 0.351629 -0.638436 -0.218498 -2.04347 -2.79368 -3.37758 -4.68705 -6.12113 -7.68993 -8.51739 -4.75328 -2.81802 -1.2598 -0.522209 -0.10261 0.110268 0.00867079 -0.261941 -1.92064 -0.637197 -0.691572 -0.805538 -0.937654 -0.994552 -1.11284 -1.25476 -1.32761 -1.34895 -1.75872 -1.27287 -1.2767 -1.26368 -1.25585 -1.26358 -1.28328 -1.30055 -1.32304 -1.31769 -1.32903 -1.34134 -1.34838 -1.35412 -1.36337 -1.4189
-9999 -9999 -9999 -9999 -9999 -9999 -9999 -9999 -11.9883 -6.00243 -1.18192 1.33506 3.38711 3.95511 4.17107 3.2947 2.64051 1.03457 -0.485542 -2.83345 -6.35284 -8.51599 -4.50657 1.31787 3.47886 3.33159 3.21136 2.06381 1.03104 0.912664 1.00473 -0.193463 -1.95421 -4.26472 -4.97872 -5.78486 -2.97954 -2.59416 -2.79325 0.289843 0.302575 0.133861 -1.03676 -2.3436 -2.08412 -2.88514 -2.24708 -3.20785 -2.30092 -1.51505 -1.21352 -1.22485 -1.30888 -1.31029 -1.34688 -1.25661 -1.25057 -1.25741 -1.26204 -1.26276 -1.27021 -1.30243 -1.3195 -1.30348 -1.32187 -1.33635 -1.34828 -1.35053 -1.35297 -1.39295
-9999 -9999 -9999 -9999 -9999 -9999 -9999 -9999 -11.7231 -6.68173 -2.40984 0.15932 2.62485 3.20235 4.03827 3.86548 3.18029 1.78539 0.0414586 -1.88949 -4.90765 -7.1481 -4.46394 -0.592746 2.1826 3.1935 3.2021 3.14891 2.8995 2.80817 2.515 2.31728 1.0541 -1.12586 -2.35628 -4.16134 -1.0355 -0.679685 -1.16214 0.400286 0.327924 -2.0203 -3.8237 -4.04163 -2.92421 -3.96483 -4.13706 -4.77504 -4.02419 -2.03156 -2.59768 -2.47144 -1.55469 -1.3967 -1.29392 -1.26029 -1.25927 -1.25712 -1.26671 -1.25945 -1.25287 -1.2842 -1.29693 -1.30157 -1.33232 -1.33166 -1.35131 -1.36877 -1.37843 -1.39787
-9999 -9999 -9999 -9999 -9999 -9999 -9999 -9999 -11.6162 -8.22032 -4.37541 -0.59842 2.03392 3.09984 3.87737 3.87551 3.07834 2.38823 1.29757 -0.400252 -1.56203 -3.58386 -6.36099 -1.68004 -0.23535 1.06294 1.61685 2.96241 2.94274 2.34477 1.66021 2.3284 2.14729 0.421462 -0.141202 -1.09715 0.64426 0.654242 0.61177 0.52441 -1.45877 -4.21725 -6.42025 -4.82235 -5.14629 -4.40171 -6.65116 -4.77954 -3.27042 -2.77286 -3.77418 -4.51809 -2.16425 -1.76866 -1.52996 -1.37461 -1.27056 -1.28743 -1.25774 -1.26624 -1.26839 -1.27165 -1.28771 -1.29604 -1.31258 -1.32953 -1.34163 -1.35653 -1.37888 -1.40967
-9999 -9999 -9999 -9999 -9999 -9999 -9999 -9999 -9999 -10.2098 -5.33424 -0.985095 1.43942 2.96651 3.71372 3.70681 3.30241 2.83597 2.16227 0.93944 -0.597915 -3.03103 -4.83441 -3.67415 -2.25818 -2.07994 -1.13433 1.5853 2.5223 1.22325 -1.99703 -0.069774 2.07286 2.04659 1.87225 1.67573 1.42217 1.19339 0.685387 -0.685261 -4.89634 -5.72008 -7.36732 -7.17165 -8.01201 -6.14341 -6.82419 -4.90952 -4.07352 -3.75105 -5.50078 -5.10821 -3.02961 -2.20147 -2.32872 -1.81801 -1.32901 -1.30653 -1.28664 -1.29346 -1.27799 -1.26941 -1.2729 -1.29195 -1.30363 -1.31107 -1.34156 -1.33799 -1.49039 -1.5876
-9999 -9999 -9999 -9999 -9999 -9999 -9999 -9999 -9999 -11.1685 -6.3076 -1.18741 0.461784 2.10756 3.5286 3.56292 2.94178 2.35144 1.74338 1.0505 -0.81582 -2.62483 -4.35097 -4.9239 -4.56437 -4.56983 -3.04804 0.490736 1.18508 0.904945 -2.45433 -3.59076 -0.731653 1.67207 1.86835 1.65834 -1.15389 -0.546879 -2.06118 -4.11722 -4.6782 -5.57399 -7.47432 -6.54825 -7.93728 -7.32936 -7.47092 -6.37993 -5.84261 -4.54646 -6.07058 -6.04359 -4.0028 -2.9692 -2.93494 -1.85151 -1.4605 -1.35293 -1.32104 -1.29679 -1.28643 -1.2641 -1.26878 -1.27949 -1.29534 -1.34155 -1.45867 -1.82561 -3.86547 -3.85782
-9999 -9999 -9999 -9999 -9999 -9999 -9999 -9999 -9999 -10.6043 -7.22874 -2.68474 0.682883 0.9015 2.54209 3.39221 2.7164 1.95467 1.17535 0.839011 -1.19284 -3.42506 -5.22656 -7.3601 -6.99755 -5.44914 -2.91032 -0.621024 -0.202843 -0.663227 -2.45114 -1.58496 0.36748 1.40778 1.71983 1.48751 0.880527 0.532551 -0.580635 -1.05927 -2.60776 -5.03257 -5.98302 -5.36856 -7.94213 -7.75306 -6.78931 -7.78401 -6.10223 -5.29215 -7.26394 -5.66871 -3.8635 -2.93645 -2.12519 -1.73714 -1.57806 -1.33861 -1.32572 -1.29983 -1.28318 -1.28084 -1.27544 -1.30775 -1.33366 -1.54505 -1.85929 -3.75562 -4.54293 -4.38231
-9999 -9999 -9999 -9999 -9999 -9999 -9999 -9999 -9999 -10.0274 -6.98758 -3.0467 -0.643487 -0.207429 1.61121 3.22902 3.05612 2.26343 2.02711 1.2057 -0.516369 -2.41894 -4.49887 -5.50527 -7.83023 -5.52263 -3.68223 -1.74244 -0.82953 -2.29258 -3.03204 -1.69757 -0.371214 0.163251 1.50201 1.4968 1.0702 -0.792994 -1.69801 -1.30557 -1.6903 -2.36918 -4.03566 -4.10242 -5.1696 -5.60652 -6.0184 -7.3658 -6.48468 -6.38796 -6.1397 -4.23178 -3.28824 -2.65995 -2.08803 -1.93214 -1.67951 -1.35431 -1.31951 -1.30166 -1.29699 -1.28521 -1.30299 -1.38801 -1.45893 -1.88927 -2.65521 -4.08901 -6.41595 -4.76653
-9999 -9999 -9999 -9999 -9999 -9999 -9999 -9999 -9999 -10.5406 -7.31216 -3.94304 -2.53004 -2.28398 1.00161 3.01612 3.02669 2.6547 2.21914 0.179067 0.307002 -0.094495 -1.97013 -4.70571 -7.7107 -7.4189 -5.60438 -3.04339 -2.19043 -4.62746 -5.48951 -4.84012 -2.83909 -1.04731 0.822913 1.30347 0.764317 -2.13978 -5.22645 -3.7844 -2.24398 -2.24509 -2.68734 -4.23201 -4.7169 -5.1548 -6.27888 -8.18415 -7.88723 -7.34473 -5.17796 -4.491 -3.43457 -2.55598 -2.87608 -2.67641 -1.83645 -1.35166 -1.32687 -1.31189 -1.29 -1.29505 -1.31786 -1.49243 -1.67773 -1.99251 -3.99789 -5.24283 -7.06157 -4.93498
-9999 -9999 -9999 -9999 -9999 -9999 -9999 -9999 -9999 -11.534 -9.18909 -5.96863 -4.66626 -2.59359 0.511701 2.04262 2.78018 2.77128 2.48338 1.57394 1.03032 -0.0481239 -1.99985 -4.67131 -7.6416 -9.57209 -8.57739 -5.12646 -4.29762 -6.55139 -7.69874 -6.25054 -4.11876 -0.966427 0.837824 1.08789 0.93272 0.3396 -1.91198 -4.6338 -4.61721 -3.241 -4.37861 -5.70185 -4.96168 -5.08887 -6.19882 -7.00367 -7.48059 -7.15872 -5.91715 -5.40332 -4.18449 -2.38974 -2.12596 -2.16906 -1.40954 -1.36487 -1.34056 -1.30571 -1.30041 -1.30134 -1.31813 -1.45933 -1.78277 -3.11564 -4.27727 -5.8955 -6.09077 -4.20129
-9999 -9999 -9999 -9999 -9999 -9999 -9999 -9999 -9999 -13.2467 -10.4895 -7.47232 -4.64692 -1.97357 0.328152 0.512648 1.72989 1.73549 2.37672 2.20238 1.35991 0.452686 -1.22801 -4.66237 -7.54877 -10.6972 -9.85645 -6.34149 -5.85298 -7.36753 -10.1731 -7.25925 -4.0469 -1.13498 0.444714 -0.780363 0.49006 0.393517 -0.445627 -2.06298 -4.58165 -4.5264 -6.41177 -6.4863 -5.50605 -5.18222 -5.3357 -5.9378 -6.9004 -6.7138 -5.95294 -5.75574 -4.63514 -3.2412 -1.87847 -1.64329 -1.37761 -1.35952 -1.34857 -1.32096 -1.31199 -1.33417 -1.39759 -1.54543 -2.66175 -3.99049 -4.8069 -5.93264 -6.06433 -3.89033
