Test_Spring_2018b/01_18/Temp/20180113_011.txt
ncols	170
nrows	115
xllcorner	350000.000000
yllcorner	4445000.000000
cellsize	1000.000000
nodata_value	-9999.000000
[rows 32 to 63 of 115, columns 72 to 143 of 170]
10.3714 10.0346 10.533 10.9911 10.6927 10.4869 11.2409 11.2317 10.9608 10.3368 10.1025 9.85992 9.70807 8.91046 6.68781 4.68316 5.7439 5.76029 5.0115 6.32821 5.61788 3.78032 1.19016 2.58202 2.20647 0.35553 -0.113311 -9999 -9999 -9999 -9999 -9999 -9999 -9999 -9999 -9999 -9999 -9999 -9999 -9999 -9999 -9999 -9999 -9999 -9999 -9999 -9999 -9999 -9999 -9999 -9999 -9999 -9999 -9999 -9999 -9999 -9999 -9999 -9999 -9999 -9999 -9999 -9999 -9999 -9999 -9999 -9999 -9999 -9999 -9999 -9999 -9999
9.92478 9.77534 10.5205 10.4961 10.4337 10.6906 11.1538 11.2397 11.1285 10.8514 10.6104 10.3547 9.7192 8.8079 6.90439 4.62376 4.09971 5.20274 5.24698 5.41636 4.7683 3.95651 2.69183 3.70904 4.09764 2.87666 1.2819 0.251607 -9999 -9999 -9999 -9999 -9999 -9999 -9999 -9999 -9999 -9999 -9999 -9999 -9999 -9999 -9999 -9999 -9999 -9999 -9999 -9999 -9999 -9999 -9999 -9999 -9999 -9999 -9999 -9999 -9999 -9999 -9999 -9999 -9999 -9999 -9999 -9999 -9999 -9999 -9999 -9999 -9999 -9999 -9999 -9999
9.39364 8.65427 9.10009 9.43261 10.0419 10.1943 10.2798 11.1697 11.113 11.0625 10.6698 10.3541 9.8368 8.95936 7.71374 6.2157 3.61366 5.2039 6.44704 6.40578 6.3278 5.75629 4.54106 5.53941 5.57647 4.01548 2.24525 1.20639 0.770698 -9999 -9999 -9999 -9999 -9999 -9999 -9999 -9999 -9999 -9999 -9999 -9999 -9999 -9999 -9999 -9999 -9999 -9999 -9999 -9999 -9999 -9999 -9999 -9999 -9999 -9999 -9999 -9999 -9999 -9999 -9999 -9999 -9999 -9999 -9999 -9999 -9999 -9999 -9999 -9999 -9999 -9999 -9999
8.79102 7.88982 8.33848 8.93984 9.78385 10.2107 10.5417 10.8014 11.0665 11.0252 10.6234 9.45412 9.27972 9.22089 8.40322 6.69661 4.99217 4.54411 6.44536 6.98299 6.86228 7.27927 6.24842 6.72093 6.51283 5.95093 4.24472 2.69641 2.05185 0.788352 -9999 -9999 -9999 -9999 -9999 -9999 -9999 -9999 -9999 -9999 -9999 -9999 -9999 -9999 -9999 -9999 -9999 -9999 -9999 -9999 -9999 -9999 -9999 -9999 -9999 -9999 -9999 -9999 -9999 -9999 -9999 -9999 -9999 -9999 -9999 -9999 -9999 -9999 -9999 -9999 -9999 -9999
-9999 -9999 7.31283 8.12697 8.80116 9.62879 10.3463 10.701 11.0454 11.0079 10.2136 9.82061 9.77832 9.23955 8.29694 7.70217 6.6259 5.50483 5.92095 7.54089 6.80708 7.95165 7.84421 8.04621 7.26443 5.77722 3.80802 2.65325 2.07543 1.04956 -9999 -9999 -9999 -9999 -9999 -9999 -9999 -9999 -9999 -9999 -9999 -9999 -9999 -9999 -9999 -9999 -9999 -9999 -9999 -9999 -9999 -9999 -9999 -9999 -9999 -9999 -9999 -9999 -9999 -9999 -9999 -9999 -9999 -9999 -9999 -9999 -9999 -9999 -9999 -9999 -9999 -9999
-9999 -9999 -9999 7.96811 8.47863 9.59466 10.1627 10.3896 10.9506 10.9427 10.6362 10.4027 10.068 9.63365 8.92315 8.14018 7.12753 7.02606 8.05938 8.06337 7.83654 7.99817 8.52373 8.37248 7.16073 5.0828 3.98292 1.74762 0.789156 0.875912 0.193894 -9999 -9999 -9999 -9999 -9999 -9999 -9999 -9999 -9999 -9999 -9999 -9999 2.65216 -9999 -9999 -9999 -9999 -9999 -9999 -9999 -9999 -9999 -9999 -9999 -9999 -9999 -9999 -9999 -9999 -9999 -9999 -9999 -9999 -1.60566 -9999 -9999 -9999 -9999 -9999 -9999 -9999
-9999 -9999 7.8764 8.55745 9.09542 9.79151 9.84662 10.2574 10.9037 10.904 10.684 10.4366 9.89177 9.75036 9.34233 8.49308 8.31273 8.6452 8.79368 8.96289 9.06345 8.96518 8.73858 8.44818 7.65366 6.68691 6.03438 3.99561 2.95767 1.96887 0.477959 -0.690282 -9999 -9999 -9999 -9999 -9999 -9999 -9999 1.90824 1.84509 1.86307 2.17931 3.06712 2.5312 -9999 -9999 -9999 -9999 -9999 -9999 -9999 -9999 -9999 -9999 -9999 -9999 -9999 -9999 -9999 -9999 -9999 -9999 -9999 -0.799812 -1.97539 -9999 -9999 -9999 -9999 -9999 -9999
-9999 -9999 8.04824 8.77846 9.13853 9.81423 10.1968 10.4407 10.6585 10.8664 10.8208 10.548 10.1378 10.1319 9.57037 9.26389 9.04276 9.4956 9.5784 9.38488 9.144 8.92957 8.33965 8.26233 8.04921 7.43139 6.42419 5.38659 3.88363 1.86284 -0.118803 -1.71882 -9999 -9999 -9999 -9999 -9999 -9999 2.07787 2.81489 3.25319 2.29636 3.09845 3.83053 3.70314 2.96092 -9999 -9999 -9999 -9999 -9999 -9999 -9999 -9999 -9999 -9999 -9999 -9999 -9999 -9999 4.76048 3.55649 1.13283 -0.114049 -0.866032 -1.93596 -9999 -9999 -9999 -9999 -9999 -9999
-9999 -9999 7.89551 8.75945 9.34166 9.85726 9.93184 10.4614 10.6825 10.7897 10.7668 10.7055 10.6228 10.1316 9.91574 9.17795 9.86826 9.83386 9.64904 8.94109 8.62908 7.41873 6.88044 6.73957 7.73857 6.98064 5.41035 3.45016 1.09302 0.924683 0.139569 -1.29165 -9999 -9999 -9999 -9999 -9999 -9999 2.30306 3.09215 3.74939 3.83828 2.88702 4.19471 4.1217 3.37533 3.1981 3.79169 4.08756 3.84424 4.55164 4.75351 4.41926 4.76743 -9999 -9999 -9999 -9999 4.93896 4.97919 5.00738 4.50076 1.85379 0.0428376 -1.58468 -1.74982 -9999 -9999 -9999 -9999 -9999 -9999
-9999 -9999 8.49395 9.02231 9.28484 9.31949 9.78099 10.2425 10.5189 10.7181 10.6665 10.6406 10.6139 10.4406 10.049 10.1103 10.0715 9.83979 8.50008 6.93739 7.60622 6.67603 4.68529 6.27437 7.14474 6.28708 4.38629 2.18405 1.45105 1.46531 0.377281 -1.02122 -9999 -9999 -9999 0.140715 1.27388 1.36592 1.69505 2.75025 3.55101 4.15407 4.56072 4.53265 4.08029 3.34977 2.55637 2.82496 4.22304 4.5561 4.82702 5.03647 4.72549 4.87286 5.24132 5.42802 5.4597 5.36332 5.33524 5.35802 5.30484 4.83153 2.46455 1.10477 0.233468 -1.5165 -9999 -9999 -9999 -9999 -9999 -9999
-9999 -9999 8.14751 8.6056 8.97473 9.59231 9.64919 10.0373 10.264 10.6029 10.6334 10.2142 10.5452 10.4934 10.4222 10.2801 10.0753 8.94353 7.38623 5.82473 5.09894 5.39074 4.19233 4.78688 5.66877 5.33181 4.15698 2.19357 1.90658 1.43741 -0.388527 -2.14276 -9999 -9999 -2.06973 0.11116 1.64492 2.43281 2.67212 2.68873 3.69977 3.77205 4.86024 4.58938 3.12519 3.27806 2.70443 3.05912 3.56193 3.69324 4.42154 5.12423 5.25052 5.24534 5.47711 5.51866 5.52376 5.50997 5.33977 5.40632 5.40961 5.11135 3.39268 2.54962 1.6172 -1.49702 -9999 -9999 -9999 -9999 -9999 -9999
-9999 -9999 8.37779 8.89057 9.45298 9.53599 9.95024 9.8993 9.76931 10.3508 10.556 10.2575 10.0407 10.4173 10.383 10.3246 10.2332 9.16931 7.93908 6.08017 4.92149 4.20486 3.69504 3.00839 3.45521 3.30262 3.10216 3.30621 2.75783 1.67171 0.599914 -1.39812 -2.48134 -9999 -1.95731 -0.977154 0.848578 2.39936 3.38138 3.01901 4.16985 4.37706 5.03228 4.63108 3.73651 3.34438 3.30013 3.17392 3.94335 4.45791 4.81351 5.05155 5.34862 5.41872 5.48957 5.51486 5.52535 5.53611 5.52466 5.51082 5.46819 5.35081 4.55575 3.71089 1.90237 -1.39707 -9999 -9999 -9999 -9999 -9999 -9999
-9999 6.86449 8.3132 9.1794 9.50865 9.74354 9.94951 10.0961 10.2507 10.3961 10.4926 10.4375 9.66188 9.71681 9.84732 10.2757 10.2375 10.1346 9.45862 7.19855 6.40832 5.25747 3.77362 3.1422 3.43755 4.63235 4.56584 3.75377 2.85038 1.60285 0.807516 -0.420397 -2.76888 -2.56745 -1.52282 -0.746925 0.491839 2.3892 3.71734 4.30621 4.52411 4.982 5.21734 4.66719 4.14135 3.91554 3.50619 3.43923 3.43161 3.89237 4.2457 5.05455 5.32081 5.43649 5.493 5.52019 5.53816 5.55576 5.55709 5.53386 5.52678 5.51196 5.44281 4.32513 1.54056 -0.560216 -9999 -9999 -9999 -9999 -9999 -9999
-9999 -9999 8.03823 8.41335 8.50394 8.67027 9.02162 9.42845 10.0092 10.0761 10.3927 10.3835 9.71333 8.94198 9.60013 9.8574 10.1244 10.1254 10.0318 8.12631 7.12644 6.33641 4.91288 5.4063 5.87761 5.90153 5.59664 3.86955 2.14963 0.165194 -1.68513 -1.78374 -2.78375 -2.26997 -1.58251 0.19551 1.44513 1.94814 2.30764 4.2366 4.73047 4.89285 5.37915 4.69375 4.50861 3.99005 4.13013 4.07485 4.06706 2.64991 4.04717 4.12148 5.03221 5.43749 5.52236 5.5408 5.56112 5.55862 5.55695 5.54541 5.54695 5.52308 5.49673 4.76643 1.24062 -0.537378 -9999 -9999 -9999 -9999 -9999 -9999
-9999 -9999 -9999 -9999 8.13527 8.41899 8.5974 8.9138 9.90356 10.1638 10.3342 10.3414 10.0389 9.27542 9.06933 9.20109 8.4565 9.06583 9.90082 9.87051 9.75804 8.08358 7.2176 8.02909 7.76572 6.50199 5.50458 4.52008 2.50841 1.02928 -1.08973 -2.68308 -2.75261 -1.01505 0.426898 2.22632 3.01683 2.5568 3.042 3.99417 5.07819 5.59761 5.46387 4.74174 4.62793 3.83394 4.59257 4.64751 4.2788 3.95891 4.06837 4.51402 4.67892 5.39008 5.55664 5.57977 5.5786 5.57489 5.56496 5.55366 5.53527 5.51869 5.49892 5.45616 1.83205 -0.992295 -9999 -9999 -9999 -9999 -9999 -9999
-9999 -9999 -9999 -9999 7.43667 7.60546 8.06612 9.26516 9.88794 10.1347 10.1177 10.228 10.0127 9.34027 8.65051 7.99972 7.16187 7.62934 8.87774 9.60941 9.6835 8.21421 8.95813 8.66127 8.08811 6.43926 5.22056 4.56829 2.63639 0.977608 -0.435983 -2.38267 -1.56443 -0.661387 0.50197 2.4656 3.78895 4.32889 3.86311 4.47035 5.71894 5.71733 5.02085 5.05576 4.623 3.54184 4.64496 4.94749 4.68392 4.73889 4.63097 4.79115 5.09099 5.37801 5.56668 5.58605 5.5821 5.56906 5.5619 5.55458 5.53237 5.52441 5.50456 5.47583 3.13266 -1.04888 -9999 -9999 -9999 -9999 -9999 -9999
-9999 -9999 -9999 -9999 -9999 6.79037 7.8544 9.44932 9.83742 9.79233 10.1154 10.1362 9.80975 9.52571 8.6899 7.55047 5.36746 5.91419 7.06264 8.72154 9.58808 9.45876 8.9559 8.09583 6.03251 4.22498 3.99376 3.68682 2.27346 0.992479 -0.577752 0.314859 1.29452 2.36812 2.92888 2.77399 3.90697 4.82948 4.42812 5.17467 6.04621 5.6387 5.39356 5.1858 4.68783 4.64771 4.68728 5.30906 4.86054 5.1191 5.11229 5.08815 5.22969 5.39445 5.56844 5.59106 5.58459 5.58086 5.55274 5.55252 5.53379 5.51452 5.49545 5.4693 5.24742 2.9888 1.63535 -9999 -9999 -9999 -9999 -9999
-9999 -9999 -9999 -9999 -9999 5.79499 6.32074 8.21154 8.78825 9.61925 10.0569 10.0698 9.52369 9.21611 7.97393 7.5667 5.54682 4.62791 5.39289 5.08752 7.3744 9.3961 8.93861 4.82279 3.32364 2.25046 2.50958 2.49913 2.09659 -0.0731323 -0.678151 1.24057 2.44568 3.3781 4.08414 4.22526 4.19422 5.64095 5.82686 6.29151 6.18077 6.21581 5.47286 5.00905 5.39141 4.92316 4.83416 5.47695 4.82265 5.39452 5.31231 5.1287 5.11127 5.48698 5.55723 5.59106 5.5863 5.5646 5.53827 5.51945 5.52362 5.50891 5.47807 5.469 5.43747 5.15692 3.98356 3.56603 4.00471 -9999 -9999 -9999
-9999 -9999 -9999 -9999 -9999 -9999 4.54418 7.17579 8.37234 8.99782 9.88243 9.98251 9.68639 9.16067 7.8959 6.78258 4.97612 2.91338 1.81667 5.06532 7.8908 9.35996 9.15045 5.72249 4.36178 4.28641 5.06746 4.38486 3.86438 2.21206 1.71193 1.02173 1.43146 2.73324 3.79669 4.82352 5.56834 5.62298 6.10365 6.37554 6.39031 6.46928 6.37373 6.29359 5.5714 6.04986 5.62422 5.83392 5.68174 5.54364 5.42011 5.00632 5.28431 5.53 5.58792 5.59944 5.57743 5.567 5.5491 5.51774 5.49822 5.48765 5.47575 5.45271 5.442 5.4161 5.27466 4.56428 3.61709 2.42351 -9999 -9999
-9999 -9999 -9999 -9999 -9999 -9999 3.22037 5.83927 7.09575 8.71758 9.54596 9.87717 9.82594 9.39864 8.43598 6.98994 5.78371 3.48178 1.09118 4.50209 7.53807 9.17128 9.24722 6.36113 7.14452 6.48892 6.73596 5.54626 5.04515 4.64356 3.78765 2.85332 1.83032 1.28607 3.68448 4.91279 5.89999 6.36176 6.61951 6.74418 6.66488 6.4743 5.39667 6.2014 6.14361 6.05194 5.94839 5.89294 5.79836 5.68903 5.61692 5.58741 5.31024 5.60545 5.58986 5.587 5.58147 5.5664 5.54385 5.52282 5.49819 5.4894 5.46855 5.4481 5.43048 5.41363 5.39397 5.34446 5.14767 3.54886 2.58836 2.30827
-9999 -9999 -9999 -9999 -9999 -9999 -0.477263 3.3372 6.3967 7.9937 9.28909 9.64126 9.7688 9.19747 8.7684 7.72975 6.74538 5.23017 2.96391 1.5646 4.11584 7.82702 9.18761 9.0648 8.96697 8.2113 7.52917 7.43268 7.47145 6.67676 5.52619 4.03201 3.55787 3.02957 4.81395 5.04976 4.91166 6.87449 6.87145 6.75159 5.9895 5.13668 5.28763 4.75438 5.14005 4.50684 5.06896 5.55356 5.72828 5.70307 5.62383 5.60426 5.56662 5.60969 5.60148 5.58576 5.57205 5.56122 5.54627 5.51543 5.49406 5.49351 5.46816 5.44674 5.42359 5.4092 5.39413 5.35483 5.31815 5.06327 4.68565 3.97206
-9999 -9999 -9999 -9999 -9999 -9999 -0.322282 2.88402 5.60355 7.22747 8.79329 9.15136 9.67544 9.55412 9.10478 8.20081 7.07281 5.82424 3.8787 2.42991 4.13242 6.59403 8.35258 8.97098 8.95264 8.89834 8.7185 8.63293 8.42604 8.27174 7.44701 6.032 5.23099 4.06305 6.05229 6.2688 5.94889 6.93789 6.88002 5.36471 4.19739 4.04415 4.74136 4.05933 3.92632 3.49619 3.95901 5.21673 4.83351 4.8969 5.45795 5.54416 5.59375 5.60236 5.59087 5.58076 5.56365 5.55768 5.55143 5.52091 5.50209 5.48815 5.45708 5.44264 5.41748 5.39366 5.3713 5.34543 5.31133 5.23144 5.14349 5.20937
-9999 -9999 -9999 -9999 -9999 -9999 -0.264312 1.89119 4.33777 6.73411 8.40665 9.07717 9.56356 9.55127 9.02984 8.57664 7.86649 6.76692 6.00963 4.70083 2.90757 5.88759 6.79502 7.59766 7.9261 8.76734 8.73479 8.33245 7.86249 8.27346 8.13587 7.01674 6.64312 6.01854 7.12125 7.11601 7.07735 7.00986 5.72847 3.95028 2.52703 3.53615 3.31427 3.77132 2.30879 3.48749 4.43584 4.7366 4.07479 3.58175 5.06263 5.29838 5.43758 5.52415 5.57856 5.55613 5.56396 5.54764 5.53554 5.52272 5.50156 5.48509 5.46302 5.44031 5.41662 5.39468 5.36742 5.33481 5.32295 5.2743 5.24976 5.22277
-9999 -9999 -9999 -9999 -9999 -9999 -9999 0.60638 3.70381 6.47458 8.01408 8.97971 9.44649 9.43068 9.16032 8.84989 8.40624 7.61034 6.61228 5.03991 3.86978 4.59598 5.48465 5.5699 6.15609 7.87781 8.45854 7.60824 5.5166 6.72633 8.08256 8.05128 7.92604 7.78731 7.61264 7.45421 7.11718 6.22785 3.52 2.97966 1.91192 2.02325 1.4707 2.64647 2.18779 3.3966 3.91471 4.10407 2.96708 3.19035 4.50192 5.01769 4.92256 5.23646 5.53591 5.53854 5.5399 5.52443 5.52336 5.51789 5.50458 5.48198 5.46293 5.44626 5.41023 5.40023 5.28984 5.2146 5.07244 5.22628 5.2323 5.22437
-9999 -9999 -9999 -9999 -9999 -9999 -9999 -0.0265591 3.07111 6.33549 7.37858 8.41996 9.31778 9.328 8.91854 8.5285 8.12664 7.66988 6.46126 5.28859 4.16823 3.7854 3.99886 3.96623 4.92206 7.16898 7.59519 7.3979 5.20898 4.46564 6.28075 7.80509 7.91706 7.76953 5.95667 6.33289 5.35128 4.02282 3.65119 3.06486 1.83502 2.41395 1.51034 1.8845 1.7655 2.44761 2.77513 3.5884 2.59645 2.58576 3.87312 4.52069 4.52912 5.20972 5.44758 5.50446 5.51325 5.51741 5.51281 5.51592 5.50165 5.48337 5.46157 5.42007 5.33289 5.08071 3.76284 3.755 4.10396 4.43382 5.03699 5.199
-9999 -9999 -9999 -9999 -9999 -9999 -9999 0.324257 2.47135 5.36695 7.50998 7.6376 8.6757 9.20787 8.76313 8.26314 7.75151 7.52293 6.20842 4.76503 3.59676 2.21537 2.4313 3.40595 5.00114 6.44897 6.69912 6.38713 5.20351 5.74247 6.97741 7.62906 7.81511 7.65317 7.25176 7.0164 6.29129 5.97233 4.96835 3.4031 2.78128 3.16079 1.49906 1.60538 2.2072 1.54105 2.60174 3.10441 1.82643 2.81489 3.9562 4.53582 5.04179 5.27732 5.36672 5.50794 5.50443 5.50947 5.50871 5.49884 5.49087 5.45865 5.43035 5.28311 5.06981 3.84353 3.32251 3.41285 3.96648 4.45023 4.94929 5.15187
-9999 -9999 -9999 -9999 -9999 -9999 -9999 0.682874 2.61521 5.12479 6.65041 6.91708 8.06897 9.09234 8.96934 8.44937 8.28524 7.74615 6.63005 5.3979 4.05171 3.39225 1.88831 3.3495 4.49787 5.72261 6.29009 5.31289 4.82383 5.66286 6.49721 6.82514 7.66841 7.65175 7.36565 6.16014 5.56809 5.80655 5.54738 5.09969 4.0195 3.96301 3.26574 2.97158 2.69313 1.80098 2.34961 2.39612 2.53409 3.72809 4.31809 4.70668 5.05959 5.14657 5.29584 5.4919 5.50232 5.50207 5.49352 5.48955 5.46663 5.40058 5.34344 5.05606 4.55367 3.6236 2.11681 3.16042 4.25215 4.56861 4.87507 5.03286
-9999 -9999 -9999 -9999 -9999 -9999 -9999 0.34337 2.39661 4.54023 5.43196 5.5769 7.66771 8.94488 8.93918 8.68843 8.39673 7.07758 7.14587 6.87484 5.65973 3.89373 1.95491 2.12618 3.26084 4.88118 5.4108 3.80982 3.24263 3.64335 4.90974 6.04259 7.22606 7.52029 7.16203 5.29007 3.3013 4.21154 5.18464 5.17077 4.87428 3.87181 3.54745 3.25287 2.51879 1.27694 1.44438 1.77665 3.1296 3.5553 4.21781 4.7668 4.54881 4.66387 5.18913 5.4873 5.49124 5.48907 5.49144 5.4766 5.4504 5.32698 5.1966 4.98323 3.68749 2.87842 1.7024 3.04603 3.78759 4.17016 4.87616 5.03823
-9999 -9999 -9999 -9999 -9999 -9999 -9999 -0.303735 1.18406 3.23258 4.05349 5.36766 7.34296 8.31049 8.7701 8.75174 8.55459 7.95929 7.59785 6.8937 5.63016 3.90553 1.98928 0.738374 1.35978 3.53895 4.04274 2.56969 1.82011 2.73237 4.08256 6.08642 7.22765 7.37429 7.26176 6.86905 5.41478 3.65949 3.6571 4.52491 3.78334 2.92271 3.3827 3.2872 2.56238 2.03268 1.69719 1.88231 2.64918 2.96427 3.73091 4.8665 5.02235 4.98206 5.45584 5.47225 5.47584 5.48634 5.47802 5.46578 5.44339 5.34132 5.12253 4.25747 3.50192 2.45398 2.31684 3.50904 4.02482 4.50176 4.84392 4.94992
-9999 -9999 -9999 -9999 -9999 -9999 -9999 -1.41142 0.340442 2.2589 4.05476 5.75343 7.2143 7.31989 8.08656 8.07752 8.4752 8.35059 7.79802 7.20369 6.1139 3.90119 2.03894 0.00866783 0.531838 2.75562 3.02333 2.03862 0.227709 2.0783 4.12028 5.97027 6.96776 6.17008 6.97009 6.89521 6.34507 5.29678 3.67148 3.69374 2.47357 2.41239 3.0262 3.21957 3.10719 2.70746 2.06935 2.15958 2.61896 2.73151 3.43537 4.31447 5.17386 5.31173 5.46939 5.46879 5.46381 5.46965 5.46367 5.43781 5.38557 5.27926 4.55295 3.69059 3.15609 2.42349 2.32714 3.70737 4.24746 4.54206 4.83663 4.94801
-9999 -9999 -9999 -9999 -9999 -9999 -9999 -9999 0.151077 2.13327 3.59797 3.9866 5.2842 5.9812 6.51871 6.63155 8.17999 8.25749 7.90412 7.35756 6.42687 4.74572 3.57145 1.62371 0.220908 0.772921 1.02074 1.52301 1.3624 2.18243 4.14424 6.18868 6.40372 5.09034 5.27488 5.53933 6.14268 5.82401 3.61247 2.48478 1.54727 2.1989 2.88475 3.0442 3.06916 2.92645 2.75375 2.46786 3.38809 4.06686 4.21786 4.80882 5.2431 5.35731 5.44151 5.44512 5.449 5.44153 5.40812 5.38175 5.26298 5.00637 4.19498 2.25473 2.33674 2.11943 1.50997 2.8565 3.69485 4.45386 4.85336 4.95047
-9999 -9999 -9999 -9999 -9999 -9999 -9999 -9999 -0.520388 1.77429 2.25272 2.20864 1.43833 1.78134 4.59963 5.16069 6.6454 8.05071 7.93851 7.40221 6.53094 5.52609 3.97506 1.78569 0.043959 -0.709152 1.14071 2.9585 3.32675 3.90159 5.09999 5.32026 3.97791 2.71872 3.412 3.82628 5.42892 5.71461 5.39316 4.05739 2.53126 1.73056 2.65731 2.7737 2.82109 2.82336 2.78032 2.72252 3.75721 4.32811 4.72162 4.93214 5.30382 5.39301 5.41625 5.43777 5.42324 5.39604 5.32844 5.25261 4.94456 4.57318 3.24929 2.14411 1.4518 0.575076 2.52398 3.09221 3.88189 4.38988 4.78721 4.86792
