Test_Spring_2018b/01_18/Temp/20180125_011.txt
ncols	170
nrows	115
xllcorner	350000.000000
yllcorner	4445000.000000
cellsize	1000.000000
nodata_value	-9999.000000
[rows 32 to 63 of 115, columns 72 to 143 of 170]
8.39957 8.15581 8.5034 8.82241 8.5987 8.4489 8.97725 8.96546 8.7684 8.32136 8.15032 7.97357 7.86115 7.29158 5.71304 4.28902 5.03579 5.04315 4.50879 5.43714 4.93019 3.62507 1.78706 2.76881 2.49902 1.18149 0.847984 -9999 -9999 -9999 -9999 -9999 -9999 -9999 -9999 -9999 -9999 -9999 -9999 -9999 -9999 -9999 -9999 -9999 -9999 -9999 -9999 -9999 -9999 -9999 -9999 -9999 -9999 -9999 -9999 -9999 -9999 -9999 -9999 -9999 -9999 -9999 -9999 -9999 -9999 -9999 -9999 -9999 -9999 -9999 -9999 -9999
8.08908 7.97793 8.50021 8.47743 8.42631 8.59846 8.92103 8.9766 8.89273 8.69134 8.51566 8.32968 7.87486 7.22484 5.87232 4.25287 3.87739 4.65419 4.68132 4.79716 4.33422 3.75539 2.85591 3.5723 3.84358 2.97471 1.84123 1.10785 -9999 -9999 -9999 -9999 -9999 -9999 -9999 -9999 -9999 -9999 -9999 -9999 -9999 -9999 -9999 -9999 -9999 -9999 -9999 -9999 -9999 -9999 -9999 -9999 -9999 -9999 -9999 -9999 -9999 -9999 -9999 -9999 -9999 -9999 -9999 -9999 -9999 -9999 -9999 -9999 -9999 -9999 -9999 -9999
7.71877 7.18978 7.49999 7.72993 8.155 8.25224 8.30749 8.93245 8.88721 8.84635 8.56332 8.3349 7.96382 7.33781 6.45119 5.38591 3.53896 4.66071 5.53677 5.50339 5.44407 5.03533 4.17081 4.87381 4.89613 3.78835 2.52866 1.78935 1.47715 -9999 -9999 -9999 -9999 -9999 -9999 -9999 -9999 -9999 -9999 -9999 -9999 -9999 -9999 -9999 -9999 -9999 -9999 -9999 -9999 -9999 -9999 -9999 -9999 -9999 -9999 -9999 -9999 -9999 -9999 -9999 -9999 -9999 -9999 -9999 -9999 -9999 -9999 -9999 -9999 -9999 -9999 -9999
7.29786 6.65417 6.96629 7.38652 7.97916 8.27456 8.49835 8.67703 8.85965 8.82532 8.53589 7.70309 7.57486 7.52856 6.94499 5.73202 4.52067 4.19905 5.54109 5.91759 5.82797 6.11916 5.38517 5.71578 5.5645 5.16468 3.95225 2.84987 2.38982 1.49147 -9999 -9999 -9999 -9999 -9999 -9999 -9999 -9999 -9999 -9999 -9999 -9999 -9999 -9999 -9999 -9999 -9999 -9999 -9999 -9999 -9999 -9999 -9999 -9999 -9999 -9999 -9999 -9999 -9999 -9999 -9999 -9999 -9999 -9999 -9999 -9999 -9999 -9999 -9999 -9999 -9999 -9999
-9999 -9999 6.24558 6.81677 7.28904 7.86777 8.36519 8.61117 8.84994 8.81835 8.25098 7.9679 7.93325 7.54712 6.8751 6.44946 5.68292 4.88472 5.17509 6.31796 5.79416 6.60054 6.52041 6.65947 6.10196 5.04715 3.64826 2.82468 2.41196 1.68196 -9999 -9999 -9999 -9999 -9999 -9999 -9999 -9999 -9999 -9999 -9999 -9999 -9999 -9999 -9999 -9999 -9999 -9999 -9999 -9999 -9999 -9999 -9999 -9999 -9999 -9999 -9999 -9999 -9999 -9999 -9999 -9999 -9999 -9999 -9999 -9999 -9999 -9999 -9999 -9999 -9999 -9999
-9999 -9999 -9999 6.70957 7.06588 7.8504 8.24036 8.39574 8.78787 8.77727 8.55532 8.3852 8.14351 7.83133 7.32369 6.76479 6.04331 5.9671 6.6945 6.69308 6.52826 6.63859 7.0067 6.89562 6.03539 4.56057 3.77807 2.18871 1.50653 1.5645 1.07808 -9999 -9999 -9999 -9999 -9999 -9999 -9999 -9999 -9999 -9999 -9999 -9999 2.76841 -9999 -9999 -9999 -9999 -9999 -9999 -9999 -9999 -9999 -9999 -9999 -9999 -9999 -9999 -9999 -9999 -9999 -9999 -9999 -9999 -0.324188 -9999 -9999 -9999 -9999 -9999 -9999 -9999
-9999 -9999 6.65557 7.13273 7.50771 7.99474 8.02637 8.30708 8.75957 8.75475 8.594 8.41406 8.02359 7.91888 7.62545 7.01963 6.88753 7.1186 7.21943 7.335 7.40201 7.32829 7.16379 6.95421 6.38974 5.7015 5.23584 3.78774 3.04745 2.3439 1.28479 0.454127 -9999 -9999 -9999 -9999 -9999 -9999 -9999 2.26363 2.21474 2.2233 2.4431 3.0677 2.68423 -9999 -9999 -9999 -9999 -9999 -9999 -9999 -9999 -9999 -9999 -9999 -9999 -9999 -9999 -9999 -9999 -9999 -9999 -9999 0.252034 -0.584499 -9999 -9999 -9999 -9999 -9999 -9999
-9999 -9999 6.7834 7.29432 7.54317 8.0156 8.28059 8.44167 8.59066 8.73279 8.69554 8.49756 8.20246 8.19372 7.79162 7.57017 7.4092 7.72552 7.77986 7.63857 7.46381 7.30785 6.8861 6.82744 6.67466 6.23356 5.51683 4.77865 3.70841 2.2742 0.867708 -0.268592 -9999 -9999 -9999 -9999 -9999 -9999 2.39363 2.9113 3.2174 2.5356 3.09936 3.61363 3.51942 2.99371 -9999 -9999 -9999 -9999 -9999 -9999 -9999 -9999 -9999 -9999 -9999 -9999 -9999 -9999 4.2121 3.35519 1.6346 0.747349 0.210616 -0.551156 -9999 -9999 -9999 -9999 -9999 -9999
-9999 -9999 6.68038 7.28582 7.69179 8.05068 8.0974 8.46224 8.61213 8.68291 8.66169 8.61351 8.55034 8.19794 8.04063 7.51379 7.99825 7.96957 7.83441 7.32886 7.10375 6.2426 5.85745 5.75558 6.45936 5.91913 4.80376 3.41237 1.7384 1.61518 1.05609 0.0394284 -9999 -9999 -9999 -9999 -9999 -9999 2.55872 3.11318 3.57423 3.63282 2.95493 3.87673 3.82446 3.29213 3.16296 3.57976 3.78585 3.61099 4.10753 4.24718 4.00717 4.25034 -9999 -9999 -9999 -9999 4.35284 4.37705 4.39264 4.02945 2.15063 0.863858 -0.292931 -0.411954 -9999 -9999 -9999 -9999 -9999 -9999
-9999 -9999 7.10916 7.47677 7.65618 7.67431 7.99483 8.31151 8.50062 8.63811 8.59652 8.57325 8.54961 8.4223 8.14052 8.17954 8.14779 7.97948 7.02665 5.91598 6.38556 5.7211 4.30783 5.43061 6.04338 5.43262 4.08331 2.52063 1.99698 2.0032 1.22974 0.239038 -9999 -9999 -9999 1.04747 1.84592 1.907 2.13586 2.87879 3.44153 3.86165 4.14524 4.12312 3.79994 3.27885 2.7134 2.90013 3.88681 4.11944 4.30782 4.45296 4.22954 4.33354 4.59086 4.71934 4.73791 4.66567 4.64164 4.65353 4.61155 4.27204 2.58848 1.62109 0.999719 -0.242489 -9999 -9999 -9999 -9999 -9999 -9999
-9999 -9999 6.87043 7.18823 7.44301 7.87321 7.9071 8.17568 8.32695 8.56051 8.57697 8.27517 8.50477 8.46346 8.4086 8.30358 8.15434 7.34873 6.24187 5.13211 4.61421 4.81733 3.96498 4.38344 5.00447 4.76065 3.92882 2.53529 2.32886 1.99245 0.69538 -0.550051 -9999 -9999 -0.508814 1.03169 2.11379 2.66756 2.83276 2.8402 3.55179 3.59865 4.36498 4.17093 3.13112 3.23565 2.82296 3.07073 3.42736 3.51709 4.0304 4.52357 4.60961 4.60247 4.76302 4.78873 4.78847 4.77468 4.64999 4.69284 4.6908 4.47519 3.25378 2.65246 1.98983 -0.220377 -9999 -9999 -9999 -9999 -9999 -9999
-9999 -9999 7.03909 7.3956 7.78721 7.83933 8.12607 8.08171 7.98046 8.38661 8.52582 8.30945 8.15107 8.41311 8.38442 8.33871 8.26975 7.5123 6.63712 5.31685 4.49251 3.98159 3.61694 3.13107 3.44428 3.33304 3.18789 3.32914 2.93626 2.16312 1.40106 -0.0178253 -0.788187 -9999 -0.42425 0.265968 1.55477 2.64872 3.3398 3.07882 3.88937 4.03175 4.49309 4.20496 3.56846 3.29061 3.25585 3.16308 3.70453 4.06333 4.31276 4.478 4.68403 4.73022 4.77682 4.79101 4.79455 4.79812 4.78582 4.77169 4.7371 4.64955 4.08214 3.48114 2.19634 -0.144979 -9999 -9999 -9999 -9999 -9999 -9999
-9999 5.97898 6.9979 7.60454 7.83087 7.99037 8.12941 8.22648 8.32677 8.42222 8.48513 8.44036 7.88628 7.92053 8.00848 8.30753 8.27627 8.19941 7.71677 6.11252 5.54942 4.73323 3.6793 3.22986 3.43594 4.27892 4.2287 3.65049 3.00754 2.12011 1.5527 0.679966 -0.987049 -0.847904 -0.111864 0.433679 1.3068 2.64613 3.58226 3.99484 4.14473 4.46589 4.62844 4.23795 3.86274 3.69945 3.40623 3.35547 3.34673 3.66962 3.91722 4.48476 4.66988 4.74755 4.78399 4.7995 4.80831 4.81669 4.8134 4.79261 4.78317 4.76823 4.71613 3.92048 1.94573 0.453376 -9999 -9999 -9999 -9999 -9999 -9999
-9999 -9999 6.80762 7.06639 7.12359 7.23438 7.47619 7.75736 8.15941 8.20064 8.4189 8.40592 7.92608 7.37518 7.83676 8.01466 8.19959 8.19634 8.12619 6.77474 6.06352 5.50099 4.48994 4.83711 5.16791 5.18187 4.96293 3.73682 2.51569 1.10651 -0.207045 -0.280328 -0.992559 -0.632757 -0.149668 1.10545 1.98622 2.33815 2.58835 3.94987 4.29608 4.40897 4.74975 4.26093 4.12704 3.75654 3.85245 3.81001 3.80117 2.79429 3.78106 3.83 4.47113 4.75334 4.80925 4.81853 4.82897 4.8231 4.81766 4.80513 4.80179 4.78136 4.75927 4.23816 1.73759 0.47389 -9999 -9999 -9999 -9999 -9999 -9999
-9999 -9999 -9999 -9999 6.86666 7.06045 7.17966 7.39663 8.08824 8.26622 8.38084 8.38024 8.16071 7.61465 7.46423 7.55327 7.02193 7.45003 8.03796 8.01331 7.93062 6.74197 6.12653 6.69837 6.50904 5.61128 4.902 4.20176 2.77404 1.72269 0.218829 -0.912963 -0.965883 0.260681 1.27743 2.54767 3.1033 2.77326 3.11247 3.7838 4.5477 4.91193 4.81377 4.29905 4.21573 3.65029 4.18427 4.21992 3.95552 3.72561 3.80039 4.11222 4.22512 4.72473 4.83861 4.85032 4.8455 4.83873 4.82744 4.81508 4.79854 4.78277 4.76482 4.73066 2.16057 0.156022 -9999 -9999 -9999 -9999 -9999 -9999
-9999 -9999 -9999 -9999 6.37609 6.48841 6.80739 7.64927 8.08097 8.24929 8.23109 8.30343 8.14548 7.66428 7.1711 6.70601 6.10884 6.43627 7.31699 7.83202 7.88157 6.83833 7.36299 7.1501 6.74149 5.57106 4.70512 4.24015 2.86889 1.69032 0.685906 -0.696173 -0.120528 0.51502 1.33477 2.72104 3.65396 4.03218 3.69849 4.12469 5.00522 5.00062 4.50408 4.52555 4.21646 3.44774 4.22572 4.43671 4.24675 4.28225 4.20303 4.31261 4.52097 4.72013 4.84957 4.85906 4.85189 4.83849 4.82916 4.82003 4.80026 4.79068 4.77277 4.74865 3.0857 0.120171 -9999 -9999 -9999 -9999 -9999 -9999
-9999 -9999 -9999 -9999 -9999 5.91534 6.66154 7.7837 8.04917 8.01075 8.23331 8.24219 8.00547 7.79923 7.20268 6.39155 4.84181 5.22542 6.03543 7.20714 7.81794 7.72365 7.36552 6.75388 5.29011 4.00735 3.84066 3.6202 2.61609 1.70499 0.589584 1.21798 1.90784 2.66408 3.05705 2.9432 3.74127 4.39042 4.10229 4.62722 5.24085 4.94893 4.77211 4.62185 4.26664 4.23516 4.26005 4.69712 4.37617 4.55578 4.54808 4.52705 4.6232 4.73568 4.85462 4.86634 4.85747 4.85058 4.82651 4.82229 4.80506 4.78756 4.77029 4.74809 4.58735 2.98354 2.02144 -9999 -9999 -9999 -9999 -9999
-9999 -9999 -9999 -9999 -9999 5.21468 5.57975 6.91144 7.31044 7.89237 8.19605 8.19926 7.80698 7.58433 6.69986 6.40717 4.97308 4.31863 4.85713 4.63795 6.25457 7.68352 7.35756 4.44048 3.37623 2.61347 2.79398 2.78343 2.49503 0.954539 0.522524 1.87743 2.72686 3.38306 3.87885 3.9748 3.94855 4.96901 5.09665 5.42204 5.34018 5.36174 4.8325 4.50101 4.76923 4.43462 4.36848 4.82041 4.35371 4.75512 4.69397 4.55992 4.54339 4.80515 4.85054 4.87013 4.86257 4.8429 4.8202 4.80268 4.80174 4.78755 4.76204 4.75202 4.72614 4.52308 3.68853 3.38921 3.69622 -9999 -9999 -9999
-9999 -9999 -9999 -9999 -9999 -9999 4.32612 6.18248 7.02038 7.45681 8.07698 8.14192 7.92753 7.54983 6.64933 5.85663 4.57365 3.10969 2.3292 4.6267 6.62472 7.66241 7.51205 5.08204 4.1158 4.05957 4.60963 4.12305 3.75108 2.57687 2.21904 1.72644 2.01257 2.93076 3.68 4.40262 4.92579 4.96051 5.29724 5.48574 5.49284 5.54557 5.47485 5.4151 4.90119 5.23698 4.93245 5.07767 4.96648 4.86508 4.77463 4.4775 4.67007 4.83968 4.87627 4.88054 4.86041 4.84873 4.83202 4.80606 4.78779 4.77661 4.76458 4.74473 4.73365 4.7109 4.6071 4.1004 3.42601 2.57714 -9999 -9999
-9999 -9999 -9999 -9999 -9999 -9999 3.39327 5.24075 6.12109 7.26312 7.84384 8.07371 8.03158 7.72361 7.03705 6.00873 5.15076 3.51737 1.8216 4.23322 6.37971 7.53353 7.58465 5.53892 6.09089 5.62373 5.79558 4.94985 4.59152 4.30289 3.69304 3.02749 2.29991 1.91131 3.60504 4.47037 5.16521 5.48828 5.66719 5.75217 5.6925 5.55373 4.78761 5.35449 5.31105 5.24311 5.16662 5.12405 5.05359 4.97249 4.91846 4.89336 4.69275 4.89827 4.88294 4.87621 4.86776 4.8528 4.83282 4.81419 4.79325 4.78285 4.76385 4.74588 4.72994 4.71355 4.69598 4.65723 4.51415 3.37826 2.69433 2.49276
-9999 -9999 -9999 -9999 -9999 -9999 0.779617 3.47388 5.63162 6.75604 7.66897 7.91225 7.9968 7.5869 7.27821 6.53837 5.83745 4.76109 3.15327 2.15964 3.96225 6.58764 7.54734 7.45826 7.38613 6.84804 6.36184 6.29016 6.31406 5.74698 4.92995 3.86766 3.52945 3.15072 4.4097 4.57228 4.47032 5.85637 5.85064 5.76247 5.21978 4.61241 4.71651 4.33471 4.60527 4.15381 4.54866 4.88845 5.00863 4.98705 4.92799 4.91148 4.88017 4.9066 4.89598 4.88017 4.86595 4.85402 4.83943 4.81385 4.79523 4.79152 4.76915 4.75073 4.72966 4.71493 4.70058 4.66901 4.63926 4.45494 4.18367 3.67507
-9999 -9999 -9999 -9999 -9999 -9999 0.895306 3.15581 5.07513 6.22105 7.32364 7.57124 7.93672 7.84556 7.52255 6.87807 6.0754 5.18776 3.80694 2.77813 3.981 5.71983 6.96244 7.39824 7.38088 7.33934 7.20874 7.14683 6.99658 6.88279 6.2947 5.29102 4.71928 3.88768 5.29182 5.4408 5.21016 5.90665 5.86212 4.78581 3.95614 3.84471 4.33493 3.84918 3.75252 3.44315 3.76763 4.65483 4.38206 4.42302 4.81735 4.87388 4.90519 4.90652 4.89364 4.88183 4.86525 4.85677 4.84836 4.82299 4.80615 4.79291 4.76766 4.75273 4.73162 4.71015 4.68902 4.66691 4.63891 4.57842 4.51414 4.55736
-9999 -9999 -9999 -9999 -9999 -9999 0.943908 2.4579 4.18412 5.87745 7.05582 7.52485 7.86377 7.84992 7.47591 7.15062 6.64379 5.86157 5.32203 4.39221 3.11949 5.2269 5.86488 6.43099 6.663 7.25566 7.22932 6.94087 6.6017 6.88882 6.79043 5.99361 5.7246 5.27786 6.05433 6.04637 6.01495 5.96336 5.05244 3.78996 2.77901 3.49062 3.3306 3.65069 2.61245 3.44653 4.11492 4.32447 3.84989 3.49682 4.54263 4.70605 4.79998 4.85658 4.89043 4.86995 4.87107 4.85529 4.84273 4.82988 4.81132 4.79623 4.77726 4.75786 4.73608 4.71574 4.69276 4.6683 4.65598 4.61542 4.59386 4.57132
-9999 -9999 -9999 -9999 -9999 -9999 -9999 1.55576 3.74571 5.70166 6.78586 7.46389 7.78895 7.77261 7.57639 7.3522 7.03406 6.46686 5.75681 4.64033 3.80884 4.32026 4.94485 5.00282 5.41495 6.63098 7.03885 6.43315 4.94763 5.8039 6.76006 6.73355 6.64042 6.53774 6.40815 6.29181 6.04917 5.41566 3.49463 3.11039 2.35127 2.42721 2.03311 2.86229 2.53478 3.38771 3.75136 3.88197 3.07312 3.22906 4.15441 4.51506 4.44298 4.6605 4.86606 4.8634 4.85998 4.84482 4.84006 4.83237 4.8193 4.80172 4.78494 4.76986 4.73926 4.7271 4.64521 4.58808 4.4834 4.58817 4.58815 4.57793
-9999 -9999 -9999 -9999 -9999 -9999 -9999 1.11593 3.30356 5.6093 6.34222 7.0741 7.70456 7.70678 7.41213 7.13157 6.84298 6.51583 5.65654 4.82291 4.02648 3.75238 3.90054 3.87285 4.5466 6.13444 6.43283 6.28951 4.73906 4.20877 5.48999 6.56518 6.64017 6.5314 5.24345 5.50576 4.80675 3.86234 3.59569 3.17722 2.30322 2.71016 2.06734 2.32934 2.24163 2.72149 2.9501 3.52248 2.81633 2.8068 3.71507 4.16914 4.17052 4.64782 4.81165 4.8474 4.84923 4.84798 4.84073 4.83912 4.82538 4.80891 4.79002 4.75719 4.69196 4.508 3.56911 3.55959 3.80259 4.03193 4.45596 4.56469
-9999 -9999 -9999 -9999 -9999 -9999 -9999 1.37002 2.88478 4.92961 6.44165 6.52668 7.25664 7.62858 7.30903 6.95063 6.58426 6.4186 5.4842 4.45872 3.62818 2.64681 2.79655 3.48352 4.60824 5.63015 5.80383 5.57928 4.74102 5.11884 5.98935 6.44671 6.5743 6.45547 6.16713 5.99646 5.47915 5.2496 4.53515 3.42342 2.97988 3.2455 2.06572 2.13792 2.56094 2.08555 2.83326 3.18566 2.27697 2.97613 3.78007 4.18614 4.53996 4.70222 4.76102 4.85658 4.84977 4.84915 4.84458 4.83371 4.82431 4.79783 4.77417 4.66628 4.51157 3.63946 3.26269 3.32257 3.7104 4.04863 4.39738 4.5362
-9999 -9999 -9999 -9999 -9999 -9999 -9999 1.62968 2.99257 4.76428 5.83932 6.02301 6.8337 7.55359 7.46193 7.08941 6.96908 6.58347 5.78945 4.91342 3.95675 3.48644 2.41817 3.44954 4.25765 5.12153 5.51988 4.82809 4.47819 5.06859 5.65555 5.88381 6.47694 6.46113 6.25455 5.397 4.97396 5.13915 4.9521 4.63167 3.86346 3.82022 3.32328 3.11178 2.91136 2.27583 2.66089 2.69025 2.78517 3.62911 4.04275 4.31365 4.55919 4.61639 4.7177 4.85217 4.85527 4.85092 4.84079 4.83401 4.81391 4.76332 4.71907 4.51176 4.15216 3.48962 2.41449 3.14927 3.91803 4.1361 4.34993 4.45696
-9999 -9999 -9999 -9999 -9999 -9999 -9999 1.39498 2.84368 4.35645 4.9828 5.08046 6.55617 7.45588 7.44736 7.26549 7.05482 6.11677 6.16135 5.96579 5.10181 3.84782 2.47148 2.58935 3.38928 4.53155 4.90309 3.76986 3.36469 3.64482 4.53783 5.33622 6.17039 6.37485 6.1173 4.7879 3.37587 4.01676 4.70228 4.68898 4.47563 3.76243 3.52944 3.31754 2.7944 1.91124 2.02625 2.25796 3.21578 3.51329 3.97836 4.36295 4.20435 4.28155 4.6492 4.85607 4.85462 4.84891 4.84647 4.83192 4.80936 4.71799 4.62169 4.4666 3.54503 2.968 2.12861 3.07389 3.59457 3.86074 4.35594 4.46594
-9999 -9999 -9999 -9999 -9999 -9999 -9999 0.942443 1.99091 3.4365 4.01288 4.93864 6.33269 7.01323 7.33427 7.31699 7.17326 6.74773 6.48794 5.98559 5.08722 3.86242 2.50198 1.61271 2.04926 3.58705 3.94437 2.89792 2.36368 3.00614 3.95863 5.37392 6.17833 6.27841 6.19496 5.91313 4.87963 3.63302 3.62773 4.23871 3.71011 3.09724 3.41957 3.34855 2.83189 2.45337 2.21182 2.34006 2.88222 3.10146 3.64037 4.44045 4.54671 4.51402 4.84532 4.85275 4.8511 4.85435 4.8443 4.83148 4.81149 4.73508 4.576 3.95924 3.41999 2.67363 2.57217 3.40752 3.76628 4.10101 4.33847 4.40869
-9999 -9999 -9999 -9999 -9999 -9999 -9999 0.163715 1.39932 2.75296 4.01986 5.21803 6.24791 6.3182 6.85672 6.84607 7.12354 7.03129 6.6361 6.21144 5.43603 3.86554 2.54328 1.10209 1.46906 3.03988 3.22873 2.52815 1.24246 2.54949 3.99198 5.29845 6.0012 5.43272 5.99556 5.93887 5.54563 4.79966 3.64512 3.65728 2.78969 2.74284 3.17398 3.30743 3.22439 2.93788 2.48177 2.54297 2.86757 2.94346 3.43802 4.05661 4.66118 4.75478 4.86234 4.85779 4.85011 4.85006 4.84161 4.81906 4.7778 4.69821 4.17955 3.5645 3.18158 2.65833 2.58557 3.55555 3.92953 4.1351 4.33876 4.41271
-9999 -9999 -9999 -9999 -9999 -9999 -9999 -9999 1.27092 2.66982 3.70235 3.97297 4.88733 5.37648 5.75279 5.82847 6.92083 6.97167 6.71749 6.32661 5.66381 4.46968 3.63455 2.25178 1.25495 1.6455 1.81689 2.16935 2.05239 2.62979 4.01565 5.45996 5.60879 4.67524 4.80236 4.98601 5.4096 5.18028 3.61057 2.80836 2.14084 2.59864 3.08071 3.19007 3.20423 3.09969 2.97347 2.77109 3.41903 3.89597 3.99915 4.41383 4.71752 4.7945 4.85015 4.84867 4.84731 4.83783 4.8099 4.78688 4.69836 4.51217 3.93306 2.55452 2.60795 2.44937 2.01308 2.95941 3.54585 4.07826 4.35612 4.41989
-9999 -9999 -9999 -9999 -9999 -9999 -9999 -9999 0.801023 2.4213 2.75554 2.71985 2.16997 2.40853 4.39996 4.79305 5.84028 6.83135 6.74793 6.36427 5.74351 5.02825 3.92631 2.37246 1.13566 0.603141 1.909 3.19217 3.44983 3.85374 4.69917 4.85191 3.89805 3.00301 3.49045 3.78026 4.91149 5.11011 4.87875 3.92912 2.84469 2.27397 2.92654 3.00533 3.03533 3.03344 2.9998 2.95739 3.68726 4.08793 4.36297 4.50842 4.76792 4.82733 4.83994 4.85123 4.83687 4.81342 4.76123 4.70308 4.48037 4.21271 3.27048 2.48305 1.98793 1.36219 2.73732 3.13217 3.68557 4.03861 4.31482 4.36689
