Test_Spring_2018b/01_18/Temp/20180129_007.txt
ncols	170
nrows	115
xllcorner	350000.000000
yllcorner	4445000.000000
cellsize	1000.000000
nodata_value	-9999.000000
[rows 31 to 61 of 115, columns 69 to 137 of 170]
-9999 4.05682 4.58894 4.78488 4.41509 4.45311 5.36289 5.57494 5.56465 5.51835 5.43633 5.0163 4.87649 4.54483 3.95953 3.71386 2.67165 -0.696885 0.255252 0.626997 -0.35016 0.19444 1.08155 0.309639 -1.98166 -2.96726 -4.55532 -4.03382 -4.49032 -5.76705 -9999 -9999 -9999 -9999 -9999 -9999 -9999 -9999 -9999 -9999 -9999 -9999 -9999 -9999 -9999 -9999 -9999 -9999 -9999 -9999 -9999 -9999 -9999 -9999 -9999 -9999 -9999 -9999 -9999 -9999 -9999 -9999 -9999 -9999 -9999 -9999 -9999 -9999 -9999
-9999 4.15771 4.40061 4.37768 4.0213 4.57314 5.08175 4.80716 4.62451 5.47277 5.4748 5.1918 4.52441 4.27971 4.02546 3.86925 3.01098 0.604019 -1.56599 -0.404778 -0.377949 -1.18196 0.259233 -0.501381 -2.48601 -5.28758 -3.76136 -4.15503 -6.10384 -6.58026 -9999 -9999 -9999 -9999 -9999 -9999 -9999 -9999 -9999 -9999 -9999 -9999 -9999 -9999 -9999 -9999 -9999 -9999 -9999 -9999 -9999 -9999 -9999 -9999 -9999 -9999 -9999 -9999 -9999 -9999 -9999 -9999 -9999 -9999 -9999 -9999 -9999 -9999 -9999
2.92296 3.48392 4.09083 3.90371 3.75061 4.57027 4.55411 4.52646 4.85635 5.38849 5.49368 5.38423 5.09373 4.84192 4.57356 3.89204 2.91044 0.850489 -1.61925 -2.18004 -0.972395 -0.914753 -0.72046 -1.41368 -2.28402 -3.6457 -2.52708 -2.09093 -3.37871 -5.05504 -6.12927 -9999 -9999 -9999 -9999 -9999 -9999 -9999 -9999 -9999 -9999 -9999 -9999 -9999 -9999 -9999 -9999 -9999 -9999 -9999 -9999 -9999 -9999 -9999 -9999 -9999 -9999 -9999 -9999 -9999 -9999 -9999 -9999 -9999 -9999 -9999 -9999 -9999 -9999
2.57128 2.57823 3.62046 3.33718 2.54287 3.03708 3.40871 4.13819 4.34373 4.4489 5.42783 5.37768 5.33355 4.91706 4.58365 4.03068 3.08599 1.74102 0.121704 -2.69713 -0.960157 0.400122 0.365337 0.291348 -0.318155 -1.6264 -0.528567 -0.474723 -2.11406 -3.96738 -5.08314 -5.54395 -9999 -9999 -9999 -9999 -9999 -9999 -9999 -9999 -9999 -9999 -9999 -9999 -9999 -9999 -9999 -9999 -9999 -9999 -9999 -9999 -9999 -9999 -9999 -9999 -9999 -9999 -9999 -9999 -9999 -9999 -9999 -9999 -9999 -9999 -9999 -9999 -9999
-9999 -9999 2.96494 2.69223 1.72208 2.21944 2.88331 3.84272 4.3587 4.74358 5.03789 5.33758 5.30362 4.8774 3.6166 3.43631 3.38118 2.50118 0.655127 -1.18848 -1.66658 0.408624 1.00267 0.882052 1.34651 0.238476 0.764799 0.552194 -0.0232133 -1.8131 -3.45531 -4.14304 -5.50398 -9999 -9999 -9999 -9999 -9999 -9999 -9999 -9999 -9999 -9999 -9999 -9999 -9999 -9999 -9999 -9999 -9999 -9999 -9999 -9999 -9999 -9999 -9999 -9999 -9999 -9999 -9999 -9999 -9999 -9999 -9999 -9999 -9999 -9999 -9999 -9999
-9999 -9999 -9999 -9999 -9999 1.11446 2.04002 2.79896 3.73553 4.54093 4.93893 5.32514 5.29563 4.44306 4.02589 3.98916 3.41243 2.39652 1.7584 0.597125 -0.612575 -0.151444 1.61845 0.83144 2.08641 1.98178 2.21425 1.37844 -0.174065 -2.27947 -3.49343 -4.10835 -5.21083 -9999 -9999 -9999 -9999 -9999 -9999 -9999 -9999 -9999 -9999 -9999 -9999 -9999 -9999 -9999 -9999 -9999 -9999 -9999 -9999 -9999 -9999 -9999 -9999 -9999 -9999 -9999 -9999 -9999 -9999 -9999 -9999 -9999 -9999 -9999 -9999
-9999 -9999 -9999 -9999 -9999 -9999 1.87668 2.45796 3.68416 4.35099 4.61061 5.23266 5.23572 4.91342 4.66963 4.31511 3.85162 3.08764 2.24467 1.15213 1.04998 2.18144 2.19511 1.95885 2.14571 2.72905 2.57793 1.29569 -0.920023 -2.10012 -4.4687 -5.49671 -5.3897 -6.11897 -9999 -9999 -9999 -9999 -9999 -9999 -9999 -9999 -9999 -9999 -9999 -9999 -3.35823 -9999 -9999 -9999 -9999 -9999 -9999 -9999 -9999 -9999 -9999 -9999 -9999 -9999 -9999 -9999 -9999 -9999 -9999 -9999 -9999 -7.82612 -9999
-9999 -9999 -9999 -9999 -9999 1.74437 2.53834 3.13721 3.9081 4.00414 4.47701 5.19234 5.20472 4.97657 4.71776 4.13477 3.98935 3.55362 2.63814 2.44948 2.81836 2.98789 3.18081 3.30017 3.20465 2.97091 2.66903 1.86625 0.831534 0.138515 -2.04328 -3.13066 -4.19174 -5.79947 -7.05773 -9999 -9999 -9999 -9999 -9999 -9999 -9999 -4.18032 -4.24414 -4.21954 -3.87045 -2.8998 -3.47573 -9999 -9999 -9999 -9999 -9999 -9999 -9999 -9999 -9999 -9999 -9999 -9999 -9999 -9999 -9999 -9999 -9999 -9999 -9999 -6.94646 -8.22013
-9999 -9999 -9999 -9999 -9999 1.97746 2.7859 3.19265 3.9426 4.37391 4.68625 4.93663 5.17504 5.13669 4.85021 4.41334 4.41476 3.8117 3.48537 3.25174 3.7508 3.84846 3.64687 3.39507 3.17343 2.54526 2.47552 2.30317 1.64879 0.571614 -0.538644 -2.11454 -4.29617 -6.43649 -8.16346 -9999 -9999 -9999 -9999 -9999 -9999 -3.99076 -3.1858 -2.70531 -3.74047 -2.86383 -2.06265 -2.19477 -2.96242 -9999 -9999 -9999 -9999 -9999 -9999 -9999 -9999 -9999 -9999 -9999 -9999 -9999 -9999 -0.913191 -2.21872 -4.8493 -6.20083 -7.0143 -8.173
-9999 -9999 -9999 -9999 -9999 1.81692 2.77203 3.42157 3.99896 4.09695 4.7005 4.97346 5.103 5.08953 5.0329 4.95164 4.42517 4.19704 3.40124 4.15722 4.12609 3.93235 3.17137 2.84215 1.53847 0.966847 0.869187 1.97231 1.16708 -0.520512 -2.63182 -5.15067 -5.30439 -6.14372 -7.68673 -9999 -9999 -9999 -9999 -9999 -9999 -3.73583 -2.87502 -2.15729 -2.0567 -3.08573 -1.65933 -1.70263 -2.5064 -2.69139 -2.03862 -1.70943 -1.94647 -1.16428 -0.940171 -1.29928 -0.917445 -9999 -9999 -9999 -9999 -0.719473 -0.673661 -0.640684 -1.18854 -4.06181 -6.02624 -7.79098 -7.95699
-9999 -9999 -9999 -9999 -9999 2.47195 3.0639 3.36765 3.42398 3.94391 4.47447 4.80662 5.03951 4.99461 4.97583 4.9546 4.77274 4.35262 4.42408 4.38677 4.14028 2.69077 1.00034 1.73648 0.737459 -1.39196 0.368529 1.3333 0.421279 -1.62378 -3.99643 -4.74971 -4.70534 -5.87295 -7.37846 -9999 -9999 -9999 -6.08484 -4.84953 -4.74645 -4.38625 -3.23718 -2.36435 -1.70534 -1.25924 -1.26548 -1.74229 -2.52849 -3.3826 -3.0825 -1.55508 -1.1852 -0.85879 -0.626325 -0.960139 -0.798195 -0.395057 -0.18995 -0.15367 -0.256755 -0.285688 -0.259233 -0.315078 -0.827092 -3.39396 -4.86811 -5.81097 -7.70108
-9999 -9999 -9999 -9999 -9999 2.10821 2.62481 3.04522 3.73666 3.81758 4.25751 4.53078 4.92547 4.96995 4.52369 4.89069 4.84013 4.76737 4.6168 4.39819 3.17277 1.48614 -0.203422 -0.982844 -0.638172 -1.9255 -1.24664 -0.268708 -0.609127 -1.85713 -3.96943 -4.26072 -4.73128 -6.69077 -8.58412 -9999 -9999 -8.47887 -6.10427 -4.43434 -3.57594 -3.31422 -3.29458 -2.19403 -2.11288 -0.926844 -1.20003 -2.77711 -2.60337 -3.21555 -2.82135 -2.26607 -2.11521 -1.30042 -0.525796 -0.384456 -0.386765 -0.132297 -0.085151 -0.0780462 -0.0917284 -0.275427 -0.201726 -0.196465 -0.518463 -2.38341 -3.29635 -4.29893 -7.67941
-9999 -9999 -9999 -9999 -9999 2.37053 2.94791 3.57944 3.68982 4.15949 4.11919 4.0054 4.65223 4.89687 4.58161 4.35284 4.76708 4.73355 4.67295 4.57646 3.424 2.09207 0.078919 -1.171 -1.92392 -2.46218 -3.16705 -2.66067 -2.80465 -3.00012 -2.75601 -3.32317 -4.46384 -5.61169 -7.76188 -8.92789 -9999 -8.34356 -7.27425 -5.28777 -3.60123 -2.53335 -2.92642 -1.67473 -1.44759 -0.71866 -1.14926 -2.10756 -2.52444 -2.56419 -2.69263 -1.84774 -1.27641 -0.867113 -0.602859 -0.270902 -0.191435 -0.11198 -0.082716 -0.0700568 -0.0573996 -0.0689492 -0.0829463 -0.127875 -0.253522 -1.11498 -2.02422 -3.98517 -7.56655
-9999 -9999 -9999 -9999 0.691029 2.30445 3.26746 3.64714 3.92397 4.1686 4.34747 4.54218 4.71359 4.83137 4.78761 3.95118 4.01515 4.15972 4.62716 4.58748 4.47846 3.74811 1.29864 0.45966 -0.769337 -2.36457 -3.01753 -2.6743 -1.35259 -1.40088 -2.25927 -3.21741 -4.53385 -5.37274 -6.69193 -9.22734 -8.99986 -7.8587 -7.01186 -5.66391 -3.60159 -2.15847 -1.51873 -1.28157 -0.771882 -0.51212 -1.10278 -1.66092 -1.89815 -2.33416 -2.39771 -2.39661 -1.88666 -1.4807 -0.591931 -0.297738 -0.165077 -0.101313 -0.0702008 -0.0497039 -0.0299452 -0.027953 -0.0524823 -0.0590758 -0.0735092 -0.141989 -1.3528 -4.37537 -6.65414
-9999 -9999 -9999 -9999 -9999 2.01019 2.44094 2.5626 2.76613 3.16981 3.63243 4.29051 4.37836 4.73475 4.73403 4.01635 3.18177 3.89888 4.1795 4.47066 4.47374 4.37568 2.32372 1.24931 0.405973 -1.12287 -0.552988 -0.0172593 0.033511 -0.272379 -2.12362 -3.96762 -6.08441 -8.07572 -8.16617 -9.23458 -8.66449 -7.91172 -5.97641 -4.61729 -4.07086 -3.68107 -1.58587 -1.042 -0.86165 -0.329144 -1.06849 -1.25651 -1.81154 -1.65012 -1.70049 -1.69905 -3.22917 -1.6891 -1.60177 -0.606532 -0.159377 -0.0624665 -0.0410415 -0.0182309 -0.0206027 -0.0221953 -0.0343307 -0.031841 -0.0534083 -0.0796855 -0.869786 -4.69688 -6.62467
-9999 -9999 -9999 -9999 -9999 -9999 -9999 2.16931 2.50129 2.71783 3.08281 4.18544 4.48357 4.68113 4.69841 4.37629 3.55195 3.32929 3.47285 2.66416 3.32973 4.24576 4.22192 4.11207 2.30814 1.3972 2.30179 2.0402 0.692832 -0.364473 -1.40768 -3.5676 -5.13503 -7.41757 -9.13169 -9.19317 -7.29441 -5.71773 -3.75954 -2.8998 -3.40041 -2.87464 -1.83633 -0.657137 -0.0901982 -0.231568 -1.01083 -1.12144 -1.9755 -1.14162 -1.07184 -1.46217 -1.79953 -1.65903 -1.16789 -0.982888 -0.205473 -0.0210551 0.00799992 0.0072663 0.00334713 -0.00747141 -0.019611 -0.0375262 -0.053741 -0.0726109 -0.115636 -4.04951 -7.11415
-9999 -9999 -9999 -9999 -9999 -9999 -9999 1.41773 1.62528 2.14889 3.47326 4.17709 4.46056 4.45439 4.58354 4.35576 3.62866 2.88082 2.17364 1.2646 1.7757 3.1382 3.9424 4.03547 2.45481 3.29341 2.99419 2.3966 0.631383 -0.665714 -1.34723 -3.41982 -5.18232 -6.69791 -8.79567 -7.89226 -6.90026 -5.62902 -3.49102 -2.05259 -1.46682 -1.97266 -1.31278 0.0450203 0.0456381 -0.707327 -0.663969 -1.12121 -2.28719 -1.07877 -0.739726 -1.01554 -0.945271 -1.0411 -0.859971 -0.528164 -0.211518 -0.00302593 0.0202373 0.0174414 0.00322504 -0.00474297 -0.0121078 -0.0353372 -0.0423266 -0.061392 -0.089251 -2.63124 -7.1706
-9999 -9999 -9999 -9999 -9999 -9999 -9999 -9999 0.747386 1.92657 3.68099 4.12962 4.09574 4.4589 4.49056 4.1418 3.83654 2.92962 1.69161 -0.679555 -0.0823196 1.17159 2.98344 3.93772 3.81326 3.29715 2.38609 0.169382 -1.7681 -1.99201 -2.29813 -3.80713 -5.15911 -6.84485 -5.85729 -4.77846 -3.60115 -2.98476 -3.14948 -1.91773 -0.915855 -1.35259 -0.541419 0.406589 -0.0339332 -0.296501 -0.516868 -1.04502 -1.07973 -1.02697 -0.340947 -0.817655 -0.526061 -0.512046 -0.53111 -0.371241 -0.187372 0.00522195 0.0320388 0.026078 0.0221349 -0.00853325 -0.0085397 -0.0280882 -0.0474938 -0.0658394 -0.0909978 -0.327998 -2.77786
-9999 -9999 -9999 -9999 -9999 -9999 -9999 -9999 -0.326573 0.267177 2.34258 2.99585 3.91356 4.40091 4.42371 3.83618 3.5065 2.15824 1.71571 -0.478341 -1.47272 -0.635345 -0.957859 1.53982 3.75268 3.28588 -1.16329 -2.76726 -3.90712 -3.59861 -3.58295 -3.99397 -6.31186 -6.94908 -4.84676 -3.52313 -2.49933 -1.7251 -1.56733 -1.60058 -0.0295221 0.173137 0.678085 0.558768 0.599171 -0.204342 -0.702989 -0.274551 -0.774599 -0.861656 -0.152925 -0.853365 -0.221411 -0.289277 -0.481654 -0.494539 -0.0814208 -0.00150706 0.0375533 0.0337349 0.0102285 -0.0187563 -0.0384372 -0.0331606 -0.0476978 -0.0789377 -0.0856739 -0.115976 -0.416498
-9999 -9999 -9999 -9999 -9999 -9999 -9999 -9999 -9999 -1.65661 1.22294 2.5493 3.2431 4.21571 4.33302 4.02392 3.45402 2.08018 0.870901 -1.09075 -3.32927 -4.5123 -0.97278 2.11008 3.72225 3.52483 -0.177547 -1.63185 -1.68828 -0.813495 -1.52914 -2.06922 -3.82521 -4.3491 -5.08226 -4.62328 -3.19436 -2.03269 -0.91407 -0.103915 -0.0451772 0.475759 0.775168 0.792443 0.880689 0.780691 0.698903 -0.0728906 0.455573 0.00243621 0.240262 0.0851501 -0.0546826 -0.167327 -0.609975 -0.301934 -0.0301234 0.0364146 0.0521962 0.0291962 0.0180793 -0.00161233 -0.0360869 -0.0546109 -0.0646829 -0.0754562 -0.0975181 -0.105379 -0.129387
-9999 -9999 -9999 -9999 -9999 -9999 -9999 -9999 -9999 -3.08864 -0.224061 1.16694 2.9427 3.86186 4.23393 4.18161 3.7192 2.67432 1.10418 -0.204547 -2.7024 -5.29448 -1.57953 1.73714 3.52715 3.62767 0.5252 1.39964 0.711476 1.0047 -0.263295 -0.783631 -1.18095 -2.09238 -3.09155 -4.18329 -4.765 -2.15326 -0.815343 0.25867 0.760389 1.0397 1.17431 1.09345 0.89228 -0.274828 0.604841 0.555054 0.463664 0.360129 0.309397 0.216415 0.107391 0.0508155 0.0254811 -0.269896 0.058195 0.0441197 0.0429955 0.0380965 0.0221482 -0.00237836 -0.0254359 -0.0523019 -0.0590298 -0.0771738 -0.09657 -0.112142 -0.126566
-9999 -9999 -9999 -9999 -9999 -9999 -9999 -9999 -9999 -7.10017 -2.93776 0.423645 2.17035 3.59517 3.98345 4.12586 3.50762 3.04334 1.91673 0.849853 -0.79246 -3.24898 -4.76116 -1.97709 2.06962 3.57272 3.47235 3.38783 2.58943 1.87142 1.78974 1.85449 1.02952 -0.192727 -1.80251 -2.30443 -2.87039 -0.925687 -0.665847 -0.814047 1.31948 1.31615 1.18576 0.357926 -0.559635 -0.392359 -0.961447 -0.529276 -1.20954 -0.590199 -0.0546256 0.144451 0.12627 0.0621658 0.0513472 0.0154782 0.0662632 0.0603583 0.0454038 0.0318209 0.0207321 0.00472944 -0.0287246 -0.0518178 -0.0519832 -0.0748968 -0.096059 -0.113911 -0.125943
-9999 -9999 -9999 -9999 -9999 -9999 -9999 -9999 -9999 -6.91274 -3.40113 -0.433084 1.35327 3.06245 3.45737 4.03118 3.90264 3.41716 2.43776 1.21561 -0.136309 -2.2439 -3.8097 -1.94894 0.740676 2.66748 3.37269 3.38018 3.34227 3.16834 3.10814 2.90416 2.77512 1.89434 0.373286 -0.486855 -1.74795 0.419553 0.658851 0.313711 1.38978 1.32767 -0.318291 -1.58577 -1.7506 -0.980093 -1.71667 -1.84786 -2.30207 -1.79117 -0.416097 -0.819916 -0.742436 -0.110007 -0.0106531 0.0481998 0.0614465 0.0520069 0.0432721 0.026205 0.0206567 0.0144101 -0.0184091 -0.0384622 -0.052975 -0.0856516 -0.0949261 -0.119549 -0.142261
-9999 -9999 -9999 -9999 -9999 -9999 -9999 -9999 -9999 -6.84188 -4.47344 -1.80294 0.823835 2.64889 3.38355 3.91689 3.90751 3.34448 2.85572 2.08837 0.898949 0.0829065 -1.33068 -3.2688 -0.0181094 0.985069 1.88992 2.27564 3.21061 3.19634 2.78 2.31495 2.77765 2.64738 1.4431 1.04698 0.376201 1.58053 1.57928 1.54036 1.46915 0.078299 -1.85253 -3.39742 -2.29863 -2.53666 -2.0239 -3.59959 -2.30879 -1.2704 -0.935283 -1.64074 -2.16853 -0.536192 -0.274264 -0.11851 -0.0206631 0.0415065 0.0194752 0.0297007 0.0131658 0.000848007 -0.0124295 -0.0347561 -0.0517905 -0.0745393 -0.0974907 -0.11527 -0.13615
-9999 -9999 -9999 -9999 -9999 -9999 -9999 -9999 -9999 -9999 -5.86048 -2.46781 0.55217 2.23266 3.28821 3.80067 3.78806 3.49861 3.16583 2.68894 1.83032 0.753368 -0.946041 -2.20663 -1.40485 -0.421211 -0.295235 0.360188 2.25016 2.90049 1.99557 -0.2348 1.10207 2.5891 2.56669 2.44041 2.29771 2.11407 1.94672 1.58413 0.62056 -2.3196 -2.90382 -4.06162 -3.93772 -4.53453 -3.23847 -3.72256 -2.40222 -1.83191 -1.61849 -2.84618 -2.57727 -1.14516 -0.579521 -0.678305 -0.333259 -0.00215059 0.00312338 0.00647818 -0.00890472 -0.0089647 -0.0139783 -0.0275159 -0.0532307 -0.0726471 -0.0890327 -0.119547 -0.127488
-9999 -9999 -9999 -9999 -9999 -9999 -9999 -9999 -9999 -9999 -6.52286 -3.14673 0.409219 1.55018 2.68821 3.66944 3.68568 3.2457 2.82704 2.39609 1.90636 0.600778 -0.664411 -1.8713 -2.2753 -2.02992 -2.02859 -0.973015 1.48603 1.96677 1.76978 -0.558609 -1.35265 0.632099 2.29943 2.43051 2.27811 0.314697 0.728787 -0.333605 -1.77364 -2.17441 -2.80862 -4.14199 -3.50953 -4.48752 -4.07636 -4.17583 -3.42825 -3.06557 -2.17479 -3.24552 -3.23075 -1.82519 -1.11673 -1.10327 -0.359955 -0.0982829 -0.0338373 -0.0221665 -0.0159569 -0.0195879 -0.0150457 -0.0294223 -0.0480618 -0.0702883 -0.113567 -0.206042 -0.470293
-9999 -9999 -9999 -9999 -9999 -9999 -9999 -9999 -9999 -9999 -6.13169 -3.78921 -0.63443 1.70162 1.84681 2.98075 3.56455 3.08672 2.54904 1.9992 1.75768 0.3371 -1.22241 -2.48176 -3.97146 -3.72426 -2.65155 -0.879525 0.709745 0.997691 0.674575 -0.561141 0.0371808 1.39065 2.10906 2.32025 2.15205 1.72244 1.47222 0.688961 0.346396 -0.740952 -2.43836 -3.11055 -2.69439 -4.49593 -4.37574 -3.71656 -4.40831 -3.24943 -2.6967 -4.07883 -2.97659 -1.73165 -1.09739 -0.543575 -0.284081 -0.183851 -0.0277675 -0.0293762 -0.0220587 -0.0213086 -0.0306368 -0.0379354 -0.0715119 -0.100647 -0.258744 -0.488274 -1.81815
-9999 -9999 -9999 -9999 -9999 -9999 -9999 -9999 -9999 -9999 -5.73154 -3.6231 -0.888223 0.776713 1.07299 2.33072 3.44855 3.32063 2.76156 2.58958 2.01079 0.805802 -0.524352 -1.97741 -2.68321 -4.30566 -2.7052 -1.41904 -0.0734212 0.558069 -0.451038 -0.969866 -0.0463728 0.871068 1.23717 2.16217 2.15167 1.84739 0.54315 -0.0952204 0.168327 -0.109235 -0.59183 -1.76171 -1.81903 -2.57235 -2.88728 -3.18471 -4.12094 -3.5189 -3.46234 -3.30324 -1.98057 -1.33509 -0.908755 -0.521537 -0.423661 -0.258475 -0.0428438 -0.0292719 -0.0275862 -0.0351596 -0.0378838 -0.0612411 -0.131404 -0.191751 -0.502073 -1.04575 -2.05385
-9999 -9999 -9999 -9999 -9999 -9999 -9999 -9999 -9999 -9999 -6.08962 -3.85045 -1.51368 -0.537836 -0.373924 1.9041 3.29783 3.29755 3.03119 2.72071 1.29431 1.37626 1.09029 -0.220684 -2.12939 -4.22505 -4.02703 -2.76338 -0.981597 -0.392279 -2.07922 -2.6838 -2.23731 -0.850995 0.389311 1.68368 2.01084 1.62813 -0.400197 -2.55607 -1.56227 -0.500472 -0.511335 -0.829334 -1.91437 -2.26234 -2.57767 -3.37029 -4.70352 -4.49807 -4.13141 -2.63142 -2.1646 -1.44067 -0.840337 -1.07373 -0.945528 -0.371916 -0.0453694 -0.0388359 -0.0391789 -0.0347694 -0.049165 -0.0759498 -0.208323 -0.348151 -0.578001 -1.98377 -2.86047
-9999 -9999 -9999 -9999 -9999 -9999 -9999 -9999 -9999 -9999 -6.78174 -5.15763 -2.92466 -2.02607 -0.59181 1.56063 2.61787 3.12325 3.10945 2.90172 2.26184 1.8767 1.11988 -0.244033 -2.10819 -4.17983 -5.5278 -4.8407 -2.43391 -1.86058 -3.42147 -4.22487 -3.22308 -1.74616 0.440246 1.68846 1.8551 1.73936 1.3185 -0.256452 -2.15893 -2.15695 -1.20953 -2.01098 -2.94174 -2.43732 -2.53631 -3.31892 -3.88929 -4.21887 -4.00859 -3.14942 -2.8031 -1.96629 -0.728792 -0.556168 -0.596961 -0.0794176 -0.0591171 -0.0529847 -0.0395409 -0.0466717 -0.0581603 -0.080696 -0.189772 -0.425601 -1.36356 -2.18235 -3.31868
-9999 -9999 -9999 -9999 -9999 -9999 -9999 -9999 -9999 -9999 -7.97431 -6.06382 -3.97264 -2.01497 -0.163161 1.4301 1.55061 2.38956 2.3858 2.82435 2.69584 2.10285 1.46516 0.289802 -2.10504 -4.11835 -6.31362 -5.73372 -3.28716 -2.93421 -3.99305 -5.95015 -3.92909 -1.70077 0.318177 1.40999 0.550362 1.42616 1.35066 0.758202 -0.375942 -2.13737 -2.10866 -3.43007 -3.49204 -2.82044 -2.60555 -2.72271 -3.15196 -3.82876 -3.70278 -3.17825 -3.05224 -2.28387 -1.32529 -0.388373 -0.23573 -0.0618231 -0.060107 -0.063337 -0.0549613 -0.0595341 -0.0857638 -0.140671 -0.254287 -1.04155 -1.97655 -2.55514 -3.34886
