Test_Spring_2018b/01_18/Temp/20180105_000.txt
ncols	170
nrows	115
xllcorner	350000.000000
yllcorner	4445000.000000
cellsize	1000.000000
nodata_value	-9999.000000
[rows 31 to 61 of 115, columns 70 to 139 of 170]
4.83242 5.57386 5.83951 5.30514 5.34612 6.59021 6.85837 6.82895 6.70576 6.57567 5.96883 5.7586 5.27819 4.44026 4.08275 2.60055 -2.16752 -0.832057 -0.316595 -1.70697 -0.948249 0.29358 -0.808998 -4.05879 -5.46504 -7.72316 -7.01155 -7.69482 -9.51398 -9999 -9999 -9999 -9999 -9999 -9999 -9999 -9999 -9999 -9999 -9999 -9999 -9999 -9999 -9999 -9999 -9999 -9999 -9999 -9999 -9999 -9999 -9999 -9999 -9999 -9999 -9999 -9999 -9999 -9999 -9999 -9999 -9999 -9999 -9999 -9999 -9999 -9999 -9999 -9999 -9999
4.96146 5.29449 5.25121 4.73613 5.50336 6.20895 5.76173 5.46199 6.62909 6.61811 6.20512 5.24979 4.89227 4.52191 4.29061 3.068 -0.342036 -3.41728 -1.7869 -1.75929 -2.90582 -0.881369 -1.96796 -4.78441 -8.75567 -6.61415 -7.18533 -9.9868 -10.6835 -9999 -9999 -9999 -9999 -9999 -9999 -9999 -9999 -9999 -9999 -9999 -9999 -9999 -9999 -9999 -9999 -9999 -9999 -9999 -9999 -9999 -9999 -9999 -9999 -9999 -9999 -9999 -9999 -9999 -9999 -9999 -9999 -9999 -9999 -9999 -9999 -9999 -9999 -9999 -9999 -9999
3.99698 4.84429 4.56921 4.34146 5.48724 5.45181 5.37128 5.77697 6.49787 6.63282 6.46513 6.0423 5.67474 5.28441 4.31093 2.91397 -0.00605846 -3.50488 -4.30722 -2.61172 -2.54118 -2.27818 -3.26956 -4.51188 -6.449 -4.88309 -4.2818 -6.12541 -8.54172 -10.1002 -9999 -9999 -9999 -9999 -9999 -9999 -9999 -9999 -9999 -9999 -9999 -9999 -9999 -9999 -9999 -9999 -9999 -9999 -9999 -9999 -9999 -9999 -9999 -9999 -9999 -9999 -9999 -9999 -9999 -9999 -9999 -9999 -9999 -9999 -9999 -9999 -9999 -9999 -9999 -9999
2.7057 4.16794 3.75705 2.62356 3.30962 3.82203 4.78368 5.02401 5.15856 6.52783 6.44392 6.36911 5.7689 5.28665 4.49474 3.14985 1.23975 -1.05782 -5.04996 -2.60678 -0.696156 -0.756786 -0.873462 -1.74733 -3.60897 -2.07241 -2.01116 -4.36131 -7.04585 -8.63509 -9.29866 -9999 -9999 -9999 -9999 -9999 -9999 -9999 -9999 -9999 -9999 -9999 -9999 -9999 -9999 -9999 -9999 -9999 -9999 -9999 -9999 -9999 -9999 -9999 -9999 -9999 -9999 -9999 -9999 -9999 -9999 -9999 -9999 -9999 -9999 -9999 -9999 -9999 -9999 -9999
-9999 3.23076 2.83469 1.45267 2.14303 3.06809 4.37891 5.05423 5.56299 5.96499 6.37517 6.31465 5.70066 3.90835 3.64289 3.55466 2.30144 -0.316363 -2.93082 -3.61664 -0.696087 0.131566 -0.0510277 0.592108 -0.986838 -0.257775 -0.573129 -1.41269 -3.98822 -6.34864 -7.33305 -9.26777 -9999 -9999 -9999 -9999 -9999 -9999 -9999 -9999 -9999 -9999 -9999 -9999 -9999 -9999 -9999 -9999 -9999 -9999 -9999 -9999 -9999 -9999 -9999 -9999 -9999 -9999 -9999 -9999 -9999 -9999 -9999 -9999 -9999 -9999 -9999 -9999 -9999 -9999
-9999 -9999 -9999 -9999 0.570789 1.83487 2.87891 4.1627 5.26502 5.81319 6.34534 6.29096 5.07463 4.47405 4.41148 3.58656 2.14153 1.23027 -0.420148 -2.13929 -1.49871 0.989969 -0.134048 1.6256 1.46383 1.77743 0.581286 -1.66379 -4.6596 -6.41589 -7.29799 -8.86811 -9999 -9999 -9999 -9999 -9999 -9999 -9999 -9999 -9999 -9999 -9999 -9999 -9999 -9999 -9999 -9999 -9999 -9999 -9999 -9999 -9999 -9999 -9999 -9999 -9999 -9999 -9999 -9999 -9999 -9999 -9999 -9999 -9999 -9999 -9999 -9999 -9999 -9999
-9999 -9999 -9999 -9999 -9999 1.59261 2.3856 4.10205 4.98512 5.33732 6.20227 6.19367 5.72633 5.37072 4.85938 4.19467 3.10582 1.9055 0.352497 0.198141 1.78581 1.79367 1.44755 1.69813 2.5078 2.279 0.440362 -2.72988 -4.41341 -7.80728 -9.27374 -9.13608 -10.1788 -9999 -9999 -9999 -9999 -9999 -9999 -9999 -9999 -9999 -9999 -9999 -9999 -6.34857 -9999 -9999 -9999 -9999 -9999 -9999 -9999 -9999 -9999 -9999 -9999 -9999 -9999 -9999 -9999 -9999 -9999 -9999 -9999 -9999 -12.6809 -9999 -9999 -9999
-9999 -9999 -9999 -9999 1.43876 2.50438 3.3337 4.40597 4.5034 5.13641 6.13266 6.13695 5.8025 5.42575 4.59191 4.37687 3.75216 2.44987 2.17414 2.68554 2.91461 3.17576 3.33189 3.18326 2.83819 2.39573 1.21116 -0.267985 -1.26464 -4.36896 -5.94655 -7.45993 -9.74447 -11.5341 -9999 -9999 -9999 -9999 -9999 -9999 -9999 -7.52002 -7.61196 -7.57854 -7.08646 -5.71622 -6.53069 -9999 -9999 -9999 -9999 -9999 -9999 -9999 -9999 -9999 -9999 -9999 -9999 -9999 -9999 -9999 -9999 -9999 -9999 -9999 -11.4516 -13.2489 -9999 -9999
-9999 -9999 -9999 -9999 1.71951 2.84402 3.40075 4.44224 5.03393 5.41963 5.75852 6.08176 6.01533 5.59961 4.97252 4.96538 4.10488 3.63547 3.2968 3.99257 4.12044 3.82442 3.45614 3.129 2.22611 2.11071 1.81736 0.874103 -0.66667 -2.25407 -4.52684 -7.62434 -10.6623 -13.1149 -9999 -9999 -9999 -9999 -9999 -9999 -7.26882 -6.13349 -5.45584 -6.91873 -5.68073 -4.54926 -4.73624 -5.83283 -9999 -9999 -9999 -9999 -9999 -9999 -9999 -9999 -9999 -9999 -9999 -9999 -9999 -9999 -2.9483 -4.79152 -8.50617 -10.4137 -11.5609 -13.1955 -9999 -9999
-9999 -9999 -9999 -9999 1.48435 2.81468 3.71297 4.50931 4.62883 5.44546 5.79731 5.96639 5.93503 5.84418 5.71983 4.9676 4.63746 3.50563 4.56562 4.51306 4.22971 3.14367 2.6659 0.809846 -0.0138702 -0.199331 1.33922 0.18127 -2.22346 -5.22666 -8.82988 -9.06615 -10.2675 -12.4613 -9999 -9999 -9999 -9999 -9999 -9999 -6.92855 -5.71356 -4.69994 -4.55761 -6.01079 -3.99538 -4.06751 -5.20233 -5.46329 -4.54114 -4.07639 -4.42655 -3.31493 -2.99829 -3.50581 -2.96689 -9999 -9999 -9999 -9999 -2.68957 -2.62462 -2.57741 -3.35026 -7.4076 -10.1807 -12.6714 -12.9016 -9999 -9999
-9999 -9999 -9999 -9999 2.40167 3.21748 3.62573 3.68449 4.3986 5.11156 5.54808 5.86456 5.78898 5.75198 5.71304 5.44837 4.84794 4.94225 4.8827 4.52694 2.4706 0.0723752 1.10011 -0.33068 -3.37298 -0.91546 0.426043 -0.884545 -3.79613 -7.17041 -8.28049 -8.23807 -9.90449 -12.0454 -9999 -9999 -9999 -10.2568 -8.51631 -8.37343 -7.86583 -6.24271 -5.00898 -4.07897 -3.44746 -3.46914 -4.1377 -5.24722 -6.45302 -6.02876 -3.87121 -3.34924 -2.89601 -2.56762 -3.03953 -2.80819 -2.23974 -1.95104 -1.9007 -2.04697 -2.0881 -2.05053 -2.12872 -2.85079 -6.47806 -8.55838 -9.88781 -12.5466 -9999 -9999
-9999 -9999 -9999 -9999 1.87437 2.58284 3.15507 4.11165 4.20493 4.8064 5.15949 5.68929 5.73987 5.09922 5.60918 5.53072 5.42185 5.20348 4.88874 3.15095 0.760233 -1.63645 -2.74963 -2.29076 -4.12718 -3.19746 -1.83804 -2.35232 -4.14322 -7.15079 -7.58542 -8.29237 -11.0788 -13.7693 -9999 -9999 -13.6547 -10.3068 -7.95198 -6.7415 -6.37218 -6.34354 -4.78709 -4.6702 -2.99243 -3.38845 -5.61101 -5.36406 -6.23025 -5.67276 -4.88426 -4.67174 -3.53313 -2.43446 -2.2356 -2.23998 -1.88183 -1.81655 -1.80769 -1.82788 -2.08779 -1.98354 -1.97538 -2.42891 -5.06147 -6.34871 -7.76092 -12.5268 -9999 -9999
-9999 -9999 -9999 -9999 2.23329 3.02661 3.8962 4.02985 4.67174 4.59562 4.40179 5.29959 5.62223 5.16687 4.83576 5.41465 5.36214 5.27186 5.13063 3.49673 1.60772 -1.24573 -3.02352 -4.11373 -4.8929 -5.92436 -5.23221 -5.45992 -5.76112 -5.4416 -6.27897 -7.93314 -9.57446 -12.6286 -14.2904 -9999 -13.4862 -11.9821 -9.17973 -6.79876 -5.28978 -5.84311 -4.0721 -3.74791 -2.72551 -3.33117 -4.67908 -5.26194 -5.3166 -5.4973 -4.30381 -3.49928 -2.93278 -2.55969 -2.08775 -1.97687 -1.86624 -1.82653 -1.8101 -1.79331 -1.8102 -1.82991 -1.89262 -2.06866 -3.28346 -4.56435 -7.33109 -12.3806 -9999 -9999
-9999 -9999 -9999 -0.105348 2.13173 3.46829 3.98063 4.34802 4.67072 4.90178 5.1447 5.37042 5.52303 5.44377 4.25481 4.33966 4.53965 5.19627 5.13626 4.97719 3.93862 0.469185 -0.736875 -2.4955 -4.76892 -5.72177 -5.2616 -3.42056 -3.51565 -4.75545 -6.13592 -8.03864 -9.2564 -11.1384 -14.7347 -14.4259 -12.8233 -11.6334 -9.73264 -6.8202 -4.78031 -3.8737 -3.53478 -2.81902 -2.44859 -3.27575 -4.05784 -4.39023 -5.00425 -5.09303 -5.09135 -4.37172 -3.80915 -2.55589 -2.1411 -1.95225 -1.86407 -1.82205 -1.79483 -1.76824 -1.76616 -1.80081 -1.80935 -1.82818 -1.92212 -3.62942 -7.8922 -11.1016 -9999 -9999
-9999 -9999 -9999 -9999 1.70729 2.29067 2.43728 2.69992 3.24618 3.87707 4.77446 4.88205 5.37174 5.3592 4.33357 3.14979 4.15938 4.55298 4.96117 4.96123 4.81643 1.89884 0.366605 -0.842432 -3.02289 -2.24916 -1.5184 -1.47419 -1.93478 -4.57877 -7.21235 -10.2464 -13.083 -13.2319 -14.7658 -13.9726 -12.9188 -10.1912 -8.2744 -7.50274 -6.95006 -3.98659 -3.21967 -2.95789 -2.20096 -3.24098 -3.49971 -4.28052 -4.05024 -4.12016 -4.11791 -6.28012 -4.11501 -3.9923 -2.58767 -1.95867 -1.82182 -1.79375 -1.76352 -1.7684 -1.77153 -1.78874 -1.78443 -1.813 -1.84506 -2.95737 -8.35926 -11.0727 -9999 -9999
-9999 -9999 -9999 -9999 -9999 -9999 1.8702 2.31341 2.59449 3.08674 4.61207 5.01639 5.2816 5.29514 4.83211 3.66042 3.34311 3.54378 2.39898 3.33385 4.61768 4.57275 4.4029 1.83654 0.521299 1.77423 1.37766 -0.554298 -2.07759 -3.58146 -6.66267 -8.9213 -12.1704 -14.6139 -14.7196 -12.0524 -9.83811 -7.0781 -5.86641 -6.57337 -5.82801 -4.35906 -2.68851 -1.88233 -2.0767 -3.17254 -3.32148 -4.52433 -3.34382 -3.24384 -3.79495 -4.27226 -4.08385 -3.39081 -3.13087 -2.03457 -1.77623 -1.73697 -1.7402 -1.74744 -1.76371 -1.78099 -1.80418 -1.82473 -1.84809 -1.90481 -7.45726 -11.7765 -9999 -9999
-9999 -9999 -9999 -9999 -9999 -9999 0.796757 1.06372 1.77816 3.62529 4.58729 4.9708 4.94818 5.11982 4.79025 3.75796 2.69812 1.69742 0.410184 1.12721 3.04406 4.16892 4.28565 2.03446 3.19044 2.74235 1.87053 -0.652379 -2.51517 -3.50892 -6.46761 -9.00219 -11.1686 -14.1546 -12.8977 -11.5119 -9.72728 -6.71443 -4.68508 -3.85685 -4.56964 -3.63335 -1.71006 -1.70344 -2.76133 -2.69475 -3.33308 -4.97627 -3.26651 -2.78606 -3.17535 -3.07688 -3.22209 -2.96707 -2.49988 -2.05461 -1.76242 -1.73194 -1.73797 -1.75986 -1.77218 -1.78218 -1.81365 -1.82106 -1.84455 -1.87968 -5.46572 -11.868 -9999 -9999
-9999 -9999 -9999 -9999 -9999 -9999 -9999 -0.188417 1.45211 3.90678 4.50839 4.44368 4.94286 4.97686 4.47646 4.04014 2.75598 1.00525 -2.34703 -1.50825 0.255286 2.80362 4.13693 3.94278 3.18506 1.87257 -1.28655 -4.05297 -4.39996 -4.86366 -7.02645 -8.98124 -11.3882 -10.0161 -8.51159 -6.86406 -6.00461 -6.2442 -4.50694 -3.09141 -3.70577 -2.5556 -1.21103 -1.8274 -2.19239 -2.4982 -3.23659 -3.28165 -3.20433 -2.2337 -2.90679 -2.49571 -2.48572 -2.51356 -2.28933 -2.03172 -1.76207 -1.72665 -1.73731 -1.74468 -1.78896 -1.78878 -1.81502 -1.83992 -1.86232 -1.89355 -2.22346 -5.67407 -7.73827 -9999
-9999 -9999 -9999 -9999 -9999 -9999 -9999 -1.71731 -0.903289 2.00525 2.8961 4.17588 4.85067 4.87223 4.03451 3.56265 1.65477 1.02782 -2.07397 -3.48469 -2.30962 -2.77629 0.737374 3.84514 3.15724 -3.15288 -5.44608 -7.08538 -6.67986 -6.68862 -7.30001 -10.6191 -11.5446 -8.59756 -6.74712 -5.31634 -4.2339 -4.0183 -4.06799 -1.84808 -1.56017 -0.842706 -1.00598 -0.943112 -2.07236 -2.77138 -2.15857 -2.86105 -2.98131 -1.97866 -2.96784 -2.07601 -2.18181 -2.45452 -2.47436 -1.89293 -1.78247 -1.72975 -1.73717 -1.77223 -1.81417 -1.84162 -1.83278 -1.8508 -1.89143 -1.89667 -1.93464 -2.34909 -4.13709 -4.76439
-9999 -9999 -9999 -9999 -9999 -9999 -9999 -9999 -3.63161 0.413679 2.25559 3.21952 4.58005 4.73519 4.28525 3.47646 1.53312 -0.17748 -2.95147 -6.11801 -7.80014 -2.81123 1.52927 3.78888 3.48183 -1.77263 -3.85357 -3.96153 -2.75514 -3.79598 -4.58871 -7.11363 -7.87836 -8.93609 -8.3066 -6.3066 -4.67465 -3.101 -1.95949 -1.87621 -1.13736 -0.713342 -0.684069 -0.554013 -0.689843 -0.800336 -1.88325 -1.1331 -1.77068 -1.43338 -1.65231 -1.85074 -2.02009 -2.64635 -2.21284 -1.83098 -1.73935 -1.71863 -1.75352 -1.77099 -1.79971 -1.84835 -1.87267 -1.88443 -1.89625 -1.92327 -1.92971 -1.95366 -2.15816 -3.23549
-9999 -9999 -9999 -9999 -9999 -9999 -9999 -9999 -5.66487 -1.63962 0.293877 2.78679 4.0658 4.57771 4.49783 3.84029 2.36093 0.139857 -1.71251 -5.24596 -8.91452 -3.67765 0.987748 3.4991 3.6209 -0.792587 0.417263 -0.581774 -0.195538 -2.0152 -2.77861 -3.3836 -4.69466 -6.12722 -7.6931 -8.52654 -4.84734 -2.96401 -1.45007 -0.741509 -0.344604 -0.150212 -0.26676 -0.54492 -2.18875 -0.941608 -1.00503 -1.13088 -1.27491 -1.34543 -1.4767 -1.63165 -1.72221 -1.75896 -2.17779 -1.7162 -1.73677 -1.74095 -1.75009 -1.77423 -1.80967 -1.84212 -1.87898 -1.88735 -1.90764 -1.93112 -1.94872 -1.95929 -1.9776 -2.04123
-9999 -9999 -9999 -9999 -9999 -9999 -9999 -9999 -11.3418 -5.48186 -0.773571 1.6799 3.67423 4.21437 4.40907 3.53071 2.87071 1.2753 -0.236222 -2.5618 -6.03933 -8.18515 -4.267 1.43368 3.52954 3.35774 3.2144 2.06123 1.02065 0.878557 0.94343 -0.264871 -2.02195 -4.31494 -5.03784 -5.85045 -3.1133 -2.75295 -2.96589 0.0471921 0.0440432 -0.136821 -1.30177 -2.60358 -2.36328 -3.16181 -2.54496 -3.50314 -2.62639 -1.86893 -1.58778 -1.61444 -1.71613 -1.73207 -1.78426 -1.71194 -1.72272 -1.74619 -1.76738 -1.78446 -1.80774 -1.85481 -1.88637 -1.88471 -1.91553 -1.9422 -1.96018 -1.96759 -1.97974 -2.02862
-9999 -9999 -9999 -9999 -9999 -9999 -9999 -9999 -11.0959 -6.16972 -1.9924 0.508477 2.91244 3.46175 4.26538 4.07807 3.38729 1.99894 0.26724 -1.64882 -4.63392 -6.85566 -4.23931 -0.45806 2.24588 3.21241 3.1924 3.11524 2.8451 2.72726 2.41423 2.18908 0.924733 -1.23944 -2.4697 -4.26368 -1.2115 -0.88023 -1.37174 0.146889 0.0598358 -2.26298 -4.05008 -4.27904 -3.19974 -4.23715 -4.41654 -5.05467 -4.33151 -2.38843 -2.9583 -2.84988 -1.96859 -1.82914 -1.74406 -1.72737 -1.74286 -1.75726 -1.78311 -1.79216 -1.80152 -1.84766 -1.87498 -1.89374 -1.93751 -1.94882 -1.9802 -2.00275 -2.01711 -2.04638
-9999 -9999 -9999 -9999 -9999 -9999 -9999 -9999 -11.0026 -7.69418 -3.93619 -0.248961 2.31886 3.34794 4.09395 4.07432 3.2732 2.5771 1.48706 -0.200088 -1.36115 -3.36804 -6.11786 -1.54005 -0.143977 1.10538 1.62345 2.92089 2.87666 2.26422 1.557 2.19031 1.98962 0.272095 -0.30171 -1.26113 0.430777 0.422206 0.362897 0.260202 -1.70475 -4.43103 -6.61115 -5.05624 -5.38965 -4.6776 -6.89815 -5.07234 -3.60427 -3.1304 -4.12634 -4.87296 -2.57976 -2.20653 -1.98797 -1.8515 -1.76554 -1.79843 -1.78547 -1.80984 -1.82766 -1.84617 -1.87678 -1.89929 -1.9293 -1.95915 -1.9824 -2.00258 -2.03557 -2.07803
-9999 -9999 -9999 -9999 -9999 -9999 -9999 -9999 -9999 -9.66131 -4.89613 -0.641928 1.72156 3.20359 3.91957 3.89469 3.4792 3.00257 2.32198 1.10134 -0.428937 -2.84005 -4.63308 -3.5147 -2.147 -1.99817 -1.09272 1.55561 2.45217 1.15158 -2.04448 -0.174336 1.90884 1.86147 1.66933 1.45618 1.18682 0.943629 0.426765 -0.937117 -5.09151 -5.9161 -7.5504 -7.37359 -8.21469 -6.39898 -7.07793 -5.21148 -4.40505 -4.10339 -5.83808 -5.47274 -3.44507 -2.64683 -2.78756 -2.30158 -1.83465 -1.82868 -1.82517 -1.84773 -1.84813 -1.85497 -1.87328 -1.90871 -1.93421 -1.95502 -1.99655 -1.99826 -2.15942 -2.26604
-9999 -9999 -9999 -9999 -9999 -9999 -9999 -9999 -9999 -10.6226 -5.86586 -0.853946 0.747673 2.34622 3.72415 3.73955 3.11085 2.51227 1.89598 1.19597 -0.657576 -2.45536 -4.17231 -4.75669 -4.42541 -4.45809 -2.98589 0.468005 1.12681 0.828117 -2.50512 -3.64399 -0.856305 1.48449 1.65685 1.43065 -1.35185 -0.773871 -2.27969 -4.31724 -4.88523 -5.78179 -7.66514 -6.771 -8.15159 -7.5699 -7.7246 -6.66775 -6.15503 -4.89677 -6.40988 -6.40405 -4.41353 -3.41341 -3.39539 -2.34656 -1.97818 -1.88833 -1.87281 -1.86468 -1.87002 -1.86334 -1.8829 -1.90801 -1.93777 -1.99693 -2.12533 -2.49705 -4.50599 -4.51016
-9999 -9999 -9999 -9999 -9999 -9999 -9999 -9999 -9999 -10.0819 -6.78443 -2.3386 0.951581 1.14772 2.74124 3.5581 2.87551 2.10834 1.32365 0.973896 -1.0423 -3.25586 -5.04668 -7.16426 -6.82965 -5.33023 -2.86319 -0.636476 -0.248425 -0.723618 -2.51262 -1.68319 0.214043 1.21549 1.50189 1.25397 0.63848 0.278077 -0.833685 -1.32143 -2.85999 -5.25929 -6.20957 -5.62195 -8.16681 -7.99698 -7.06593 -8.05891 -6.4218 -5.64132 -7.59442 -6.04727 -4.28884 -3.39342 -2.61189 -2.24629 -2.10572 -1.88619 -1.88924 -1.87942 -1.87852 -1.89147 -1.90116 -1.94758 -1.9874 -2.20911 -2.53152 -4.40817 -5.18468 -5.03909
-9999 -9999 -9999 -9999 -9999 -9999 -9999 -9999 -9999 -9.52873 -6.56102 -2.7077 -0.365133 0.0446343 1.81304 3.38412 3.19558 2.39789 2.14666 1.32023 -0.391553 -2.2811 -4.34534 -5.35516 -7.661 -5.41522 -3.63421 -1.75044 -0.875742 -2.34609 -3.09425 -1.80424 -0.521826 -0.0170989 1.27842 1.25383 0.815671 -1.03359 -1.94087 -1.57283 -1.96806 -2.65201 -4.30614 -4.38817 -5.4531 -5.89864 -6.31954 -7.65955 -6.80934 -6.72994 -6.50134 -4.64746 -3.73578 -3.13395 -2.58758 -2.45007 -2.21753 -1.91369 -1.89514 -1.89317 -1.90401 -1.9077 -1.94021 -2.03855 -2.12275 -2.55984 -3.3264 -4.74891 -7.03839 -5.43037
-9999 -9999 -9999 -9999 -9999 -9999 -9999 -9999 -9999 -10.0468 -6.89355 -3.60193 -2.2323 -2.00922 1.20061 3.16144 3.15311 2.76874 2.3217 0.297782 0.403874 -0.0106088 -1.87396 -4.58269 -7.55649 -7.29114 -5.53298 -3.04081 -2.22461 -4.65181 -5.52005 -4.90286 -2.95719 -1.21675 0.6012 1.05407 0.505412 -2.36665 -5.4177 -4.0184 -2.52211 -2.54027 -2.99167 -4.52613 -5.01911 -5.46583 -6.58674 -8.46973 -8.19934 -7.68202 -5.57391 -4.91433 -3.89177 -3.04402 -3.37418 -3.19364 -2.38396 -1.92327 -1.91454 -1.91537 -1.90929 -1.92955 -1.96707 -2.15352 -2.35028 -2.67403 -4.65875 -5.89602 -7.68872 -5.60981
-9999 -9999 -9999 -9999 -9999 -9999 -9999 -9999 -9999 -11.0367 -8.75144 -5.60578 -4.34475 -2.32676 0.705914 2.19156 2.89757 2.86995 2.568 1.65508 1.10133 0.0217497 -1.91626 -4.56182 -7.50134 -9.41941 -8.46337 -5.09973 -4.30938 -6.55386 -7.70217 -6.29979 -4.2254 -1.14786 0.60542 0.83193 0.66064 0.0593942 -2.17111 -4.86337 -4.86453 -3.52945 -4.66428 -5.98134 -5.27073 -5.41231 -6.5195 -7.32685 -7.81171 -7.51089 -6.31235 -5.82297 -4.64089 -2.89296 -2.64941 -2.70744 -1.9768 -1.94857 -1.94032 -1.92164 -1.9319 -1.94815 -1.97984 -2.13361 -2.46626 -3.7906 -4.94649 -6.55085 -6.75683 -4.90296
-9999 -9999 -9999 -9999 -9999 -9999 -9999 -9999 -9999 -12.7334 -10.0428 -7.09672 -4.33902 -1.73072 0.512423 0.675098 1.85248 1.83913 2.45018 2.25961 1.41226 0.500987 -1.17062 -4.56572 -7.42266 -10.5374 -9.73242 -6.30299 -5.8584 -7.36752 -10.145 -7.30232 -4.166 -1.32455 0.208195 -1.01471 0.214866 0.101583 -0.741065 -2.34809 -4.84051 -4.80352 -6.67321 -6.76339 -5.81699 -5.51552 -5.68297 -6.2912 -7.24792 -7.08585 -6.35967 -6.18149 -5.09599 -3.74194 -2.41859 -2.20321 -1.95785 -1.95577 -1.96067 -1.94914 -1.95584 -1.99304 -2.07064 -2.23105 -3.34295 -4.6634 -5.48029 -6.60097 -6.74477 -4.61419
