Test_Spring_2018b/01_18/Temp/20180104_002.txt
ncols	170
nrows	115
xllcorner	350000.000000
yllcorner	4445000.000000
cellsize	1000.000000
nodata_value	-9999.000000
[rows 31 to 61 of 115, columns 71 to 141 of 170]
6.85103 7.03994 6.67996 6.71467 7.57558 7.76573 7.75222 7.6781 7.59567 7.18621 7.04891 6.72631 6.15851 5.92037 4.91072 1.64686 2.57044 2.93155 1.98526 2.51346 3.37321 2.62467 0.403137 -0.553537 -2.09456 -1.60314 -2.06363 -3.30376 -9999 -9999 -9999 -9999 -9999 -9999 -9999 -9999 -9999 -9999 -9999 -9999 -9999 -9999 -9999 -9999 -9999 -9999 -9999 -9999 -9999 -9999 -9999 -9999 -9999 -9999 -9999 -9999 -9999 -9999 -9999 -9999 -9999 -9999 -9999 -9999 -9999 -9999 -9999 -9999 -9999 -9999 -9999
6.66542 6.64244 6.29574 6.82874 7.31944 7.01963 6.82344 7.63196 7.63128 7.35484 6.70638 6.46812 6.22112 6.06959 5.23806 2.90592 0.803558 1.9296 1.95617 1.17732 2.57404 1.83653 -0.0876546 -2.804 -1.32658 -1.71014 -3.62876 -4.10031 -9999 -9999 -9999 -9999 -9999 -9999 -9999 -9999 -9999 -9999 -9999 -9999 -9999 -9999 -9999 -9999 -9999 -9999 -9999 -9999 -9999 -9999 -9999 -9999 -9999 -9999 -9999 -9999 -9999 -9999 -9999 -9999 -9999 -9999 -9999 -9999 -9999 -9999 -9999 -9999 -9999 -9999 -9999
6.36266 6.1807 6.03117 6.82391 6.80625 6.7586 7.04592 7.54831 7.64776 7.53962 7.25649 7.01135 6.75065 6.08997 5.13884 3.14289 0.749966 0.207087 1.37796 1.43415 1.62249 0.950378 0.106212 -1.21452 -0.131897 0.289009 -0.972752 -2.62358 -3.68541 -9999 -9999 -9999 -9999 -9999 -9999 -9999 -9999 -9999 -9999 -9999 -9999 -9999 -9999 -9999 -9999 -9999 -9999 -9999 -9999 -9999 -9999 -9999 -9999 -9999 -9999 -9999 -9999 -9999 -9999 -9999 -9999 -9999 -9999 -9999 -9999 -9999 -9999 -9999 -9999 -9999 -9999
5.90484 5.62972 4.85882 5.33619 5.69439 6.36442 6.53662 6.63577 7.58202 7.53134 7.48697 7.0822 6.75843 6.22231 5.30691 4.00385 2.43507 -0.296139 1.38775 2.7064 2.6728 2.60088 2.00961 0.740777 1.80339 1.85393 0.24339 -1.5905 -2.67265 -3.1198 -9999 -9999 -9999 -9999 -9999 -9999 -9999 -9999 -9999 -9999 -9999 -9999 -9999 -9999 -9999 -9999 -9999 -9999 -9999 -9999 -9999 -9999 -9999 -9999 -9999 -9999 -9999 -9999 -9999 -9999 -9999 -9999 -9999 -9999 -9999 -9999 -9999 -9999 -9999 -9999 -9999
5.26814 5.00321 4.06181 4.54213 5.18343 6.09228 6.5641 6.91945 7.20208 7.49035 7.45574 7.04149 5.81891 5.64394 5.59066 4.73826 2.94982 1.16381 0.701102 2.71271 3.28862 3.1716 3.6212 2.54646 3.05525 2.84759 2.27847 0.514364 -1.09623 -1.76331 -3.08245 -9999 -9999 -9999 -9999 -9999 -9999 -9999 -9999 -9999 -9999 -9999 -9999 -9999 -9999 -9999 -9999 -9999 -9999 -9999 -9999 -9999 -9999 -9999 -9999 -9999 -9999 -9999 -9999 -9999 -9999 -9999 -9999 -9999 -9999 -9999 -9999 -9999 -9999 -9999 -9999
-9999 -9999 -9999 3.46982 4.34647 5.07037 5.95872 6.72119 7.10406 7.47596 7.4455 6.61795 6.21291 6.17709 5.61838 4.63437 4.01672 2.89214 1.72058 2.1681 3.88368 3.12094 4.3367 4.23439 4.45835 3.64662 2.11303 0.0614289 -1.13444 -1.73108 -2.79986 -9999 -9999 -9999 -9999 -9999 -9999 -9999 -9999 -9999 -9999 -9999 -9999 -9999 -9999 -9999 -9999 -9999 -9999 -9999 -9999 -9999 -9999 -9999 -9999 -9999 -9999 -9999 -9999 -9999 -9999 -9999 -9999 -9999 -9999 -9999 -9999 -9999 -9999 -9999 -9999
-9999 -9999 -9999 -9999 4.18665 4.7382 5.92246 6.5353 6.78365 7.38378 7.38465 7.07086 6.83381 6.49004 6.04119 5.30152 4.48556 3.42785 3.32989 4.42726 4.44101 4.2121 4.39275 4.95712 4.80919 3.55523 1.3889 0.243049 -2.08094 -3.07821 -2.97506 -3.68188 -9999 -9999 -9999 -9999 -9999 -9999 -9999 -9999 -9999 -9999 -9999 -9999 -0.969791 -9999 -9999 -9999 -9999 -9999 -9999 -9999 -9999 -9999 -9999 -9999 -9999 -9999 -9999 -9999 -9999 -9999 -9999 -9999 -9999 -5.22513 -9999 -9999 -9999 -9999 -9999
-9999 -9999 -9999 4.07814 4.8193 5.39493 6.13719 6.21153 6.65182 7.34193 7.35153 7.1288 6.87714 6.31203 6.1716 5.75032 4.8644 4.68299 5.04184 5.20726 5.39493 5.51078 5.41776 5.19017 4.89591 4.09053 3.08516 2.41084 0.285518 -0.787059 -1.81628 -3.37471 -4.59383 -9999 -9999 -9999 -9999 -9999 -9999 -9999 -1.78308 -1.84091 -1.81307 -1.47087 -0.526433 -1.08099 -9999 -9999 -9999 -9999 -9999 -9999 -9999 -9999 -9999 -9999 -9999 -9999 -9999 -9999 -9999 -9999 -9999 -9999 -9999 -4.37205 -5.60072 -9999 -9999 -9999 -9999
-9999 -9999 -9999 4.2805 5.05868 5.44724 6.1683 6.58071 6.8521 7.0911 7.31938 7.28039 7.00187 6.57847 6.58059 5.99748 5.68293 5.45837 5.94378 6.03989 5.84547 5.60175 5.38651 4.77649 4.70692 4.51335 3.87596 2.82869 1.74941 0.195601 -1.92003 -3.99496 -5.66857 -9999 -9999 -9999 -9999 -9999 -9999 -1.60563 -0.821231 -0.351262 -1.35022 -0.49654 0.283811 0.159468 -0.593194 -9999 -9999 -9999 -9999 -9999 -9999 -9999 -9999 -9999 -9999 -9999 -9999 -9999 -9999 1.45287 0.19327 -2.35048 -3.65466 -4.43736 -5.5546 -9999 -9999 -9999 -9999
-9999 -9999 -9999 4.12563 5.04496 5.66779 6.22057 6.30894 6.87478 7.12352 7.24589 7.23079 7.175 7.09637 6.5872 6.36786 5.59882 6.33383 6.30591 6.12002 5.38377 5.06516 3.80126 3.24587 3.1267 4.19222 3.4079 1.76828 -0.28193 -2.74284 -2.89999 -3.71452 -5.21015 -9999 -9999 -9999 -9999 -9999 -9999 -1.36114 -0.522255 0.177974 0.280006 -0.712922 0.67352 0.623873 -0.151486 -0.327266 0.308804 0.631322 0.395405 1.15592 1.37787 1.03481 1.41002 -9999 -9999 -9999 -9999 1.62951 1.67958 1.7172 1.19191 -1.58701 -3.48516 -5.18976 -5.34699 -9999 -9999 -9999 -9999
-9999 -9999 -9999 4.76148 5.32778 5.61433 5.66099 6.15716 6.65173 6.95835 7.17999 7.13452 7.11562 7.09553 6.92079 6.51597 6.58809 6.55498 6.31904 4.91676 3.2803 3.99459 3.0245 0.946727 2.64187 3.57257 2.68393 0.696987 -1.60739 -2.35744 -2.32258 -3.45572 -4.91421 -9999 -9999 -9999 -3.65258 -2.45132 -2.34678 -1.99269 -0.873908 -0.0228287 0.618848 1.05577 1.04494 0.585201 -0.173203 -0.997562 -0.703407 0.780183 1.14205 1.45166 1.68166 1.36311 1.52798 1.9239 2.12808 2.1688 2.07458 2.05231 2.08379 2.03554 1.54521 -0.939654 -2.36262 -3.27072 -5.09582 -9999 -9999 -9999 -9999
-9999 -9999 -9999 4.40694 4.89958 5.29859 5.95837 6.02854 6.44731 6.69493 7.06552 7.10643 6.67323 7.02958 6.98247 6.91479 6.77233 6.56414 5.38008 3.7485 2.11325 1.35895 1.68279 0.433107 1.08043 2.02362 1.68418 0.467494 -1.58503 -1.87244 -2.34582 -4.25111 -6.08682 -9999 -9999 -5.98049 -3.67564 -2.05286 -1.21592 -0.956813 -0.932138 0.14007 0.224135 1.37864 1.11082 -0.415011 -0.243023 -0.836166 -0.45097 0.0930015 0.24247 1.02795 1.78149 1.92321 1.92595 2.17777 2.22887 2.24135 2.23384 2.06167 2.13903 2.1501 1.84402 0.0426101 -0.8362 -1.80331 -5.07122 -9999 -9999 -9999 -9999
-9999 -9999 -9999 4.658 5.2087 5.81159 5.90946 6.3559 6.30887 6.18117 6.80315 7.0314 6.72517 6.50435 6.90808 6.87897 6.82432 6.73515 5.62239 4.3351 2.38661 1.17654 0.437913 -0.0861806 -0.782586 -0.29689 -0.442089 -0.637567 -0.407136 -0.96772 -2.09056 -3.20587 -5.29424 -6.42418 -9999 -5.8539 -4.81383 -2.88395 -1.24402 -0.203166 -0.57797 0.641154 0.867107 1.57242 1.15958 0.233524 -0.164876 -0.199941 -0.321229 0.5006 1.05426 1.44705 1.7074 2.0324 2.11432 2.19649 2.23026 2.24815 2.26623 2.26098 2.25345 2.216 2.10033 1.27154 0.395254 -1.49924 -4.96194 -9999 -9999 -9999 -9999
-9999 -9999 3.05203 4.59509 5.51841 5.87614 6.13426 6.3616 6.52597 6.69778 6.85778 6.96847 6.92081 6.11131 6.17599 6.32 6.7777 6.74422 6.6433 5.93951 3.56854 2.75023 1.55524 0.00633424 -0.637137 -0.310265 0.96417 0.910466 0.0715198 -0.863923 -2.15686 -2.97864 -4.25918 -6.71878 -6.49703 -5.38842 -4.56375 -3.25236 -1.24784 0.157121 0.783716 1.02008 1.51515 1.772 1.20574 0.667832 0.441673 0.0224808 -0.0360742 -0.0321988 0.464683 0.854544 1.71695 2.00644 2.13882 2.20573 2.24127 2.26679 2.2918 2.29976 2.28213 2.28195 2.27419 2.21313 1.04575 -1.87502 -4.07527 -9999 -9999 -9999 -9999
-9999 -9999 -9999 4.3107 4.71726 4.82399 5.01017 5.39079 5.82935 6.45007 6.52961 6.87133 6.86819 6.17113 5.36535 6.06471 6.3419 6.6296 6.63785 6.54728 4.55538 3.51421 2.6953 1.2104 1.75178 2.26458 2.3066 2.00247 0.200525 -1.59425 -3.66301 -5.59741 -5.68828 -6.72838 -6.17607 -5.44378 -3.56406 -2.24157 -1.70577 -1.32122 0.716334 1.24677 1.42838 1.95001 1.23849 1.05939 0.525229 0.684947 0.639017 0.643012 -0.837434 0.65164 0.739801 1.70808 2.14392 2.24223 2.26836 2.29612 2.29973 2.3043 2.2988 2.30754 2.29238 2.27477 1.51561 -2.18686 -4.04695 -9999 -9999 -9999 -9999
-9999 -9999 -9999 -9999 -9999 4.44168 4.75167 4.95029 5.29367 6.34512 6.62816 6.81579 6.83089 6.51923 5.72171 5.51068 5.65547 4.8777 5.52763 6.41708 6.39579 6.2894 4.53942 3.64772 4.51866 4.25826 2.94477 1.91183 0.892342 -1.20925 -2.74574 -4.96286 -6.62768 -6.68919 -4.84914 -3.32078 -1.41875 -0.579984 -1.05862 -0.541953 0.470033 1.61949 2.17522 2.04398 1.29392 1.18995 0.365994 1.17735 1.24775 0.871898 0.547185 0.67996 1.15927 1.34214 2.09948 2.28257 2.31475 2.3197 2.32184 2.31753 2.31212 2.30161 2.29261 2.28107 2.24607 -1.55975 -4.52156 -9999 -9999 -9999 -9999
-9999 -9999 -9999 -9999 -9999 3.71204 3.90108 4.39697 5.66982 6.33477 6.60349 6.59363 6.71716 6.49703 5.79509 5.07462 4.39517 3.51971 4.01988 5.34386 6.12513 6.21541 4.68173 5.48554 5.1896 4.60329 2.88452 1.61883 0.949479 -1.06787 -2.7935 -4.26765 -6.30453 -5.43114 -4.46996 -3.23614 -1.16069 0.239038 0.813511 0.329826 0.976369 2.29913 2.30621 1.58241 1.6297 1.18989 0.0636636 1.23797 1.56924 1.30426 1.37443 1.2782 1.4569 1.78189 2.09254 2.29884 2.32614 2.32855 2.32074 2.31924 2.31871 2.30294 2.30302 2.29143 2.27128 -0.185488 -4.57645 -9999 -9999 -9999 -9999
-9999 -9999 -9999 -9999 -9999 -9999 3.0489 4.18013 5.86978 6.28749 6.24873 6.59686 6.62598 6.28867 5.99561 5.12125 3.92724 1.63502 2.21871 3.43749 5.19534 6.12024 5.99782 5.48874 4.5998 2.44431 0.558521 0.332801 0.027156 -1.44411 -2.77192 -4.41107 -3.45795 -2.41463 -1.27392 -0.674772 -0.830611 0.368705 1.34621 0.929965 1.72323 2.64896 2.22863 1.9802 1.77199 1.26353 1.23368 1.28801 1.95553 1.49581 1.78039 1.79058 1.77517 1.93341 2.11528 2.30607 2.33675 2.33626 2.3383 2.31487 2.32147 2.30935 2.29751 2.28675 2.26934 2.04651 -0.319391 -1.73284 -9999 -9999 -9999
-9999 -9999 -9999 -9999 -9999 -9999 2.00692 2.57115 4.57223 5.18842 6.0721 6.54079 6.56144 5.99277 5.67558 4.37318 3.95016 1.82979 0.870204 1.68523 1.37457 3.79526 5.93806 5.4768 1.15915 -0.402335 -1.51493 -1.22446 -1.21806 -1.62505 -3.88891 -4.51178 -2.47823 -1.19762 -0.205658 0.546444 0.702846 0.67623 2.20563 2.40837 2.90485 2.7962 2.84198 2.06934 1.5915 2.01012 1.52935 1.44822 2.13778 1.46126 2.0757 2.00647 1.82305 1.81381 2.21779 2.29932 2.34182 2.34342 2.32646 2.30481 2.29211 2.30411 2.29707 2.27389 2.27442 2.252 1.96914 0.745269 0.317587 0.791696 -9999
-9999 -9999 -9999 -9999 -9999 -9999 -9999 0.706418 3.48745 4.75619 5.42329 6.36254 6.47494 6.17261 5.62411 4.29759 3.13117 1.23571 -0.92851 -2.0737 1.35838 4.34621 5.90701 5.70686 2.11329 0.697265 0.635086 1.47482 0.77298 0.241395 -1.4778 -1.99052 -2.70466 -2.26184 -0.87906 0.249452 1.33753 2.12814 2.19173 2.7041 2.99917 3.0228 3.11488 3.02402 2.95017 2.2056 2.72166 2.28583 2.51911 2.37117 2.23774 2.12501 1.69907 2.00086 2.26788 2.33643 2.35658 2.33943 2.33445 2.32179 2.29534 2.28336 2.28068 2.27738 2.2631 2.26247 2.24764 2.1103 1.37403 0.388487 -0.856542
-9999 -9999 -9999 -9999 -9999 -9999 -9999 -0.681385 2.086 3.41766 5.13386 6.01664 6.37498 6.32643 5.88181 4.8737 3.35713 2.09398 -0.321969 -2.83008 0.771492 3.98265 5.71597 5.81041 2.79295 3.63436 2.9606 3.23741 2.00098 1.48923 1.08694 0.199137 -0.772413 -1.83529 -2.39785 0.135568 1.43603 2.48213 2.97474 3.25263 3.39076 3.3165 3.1265 2.00139 2.85929 2.81437 2.72979 2.63288 2.58664 2.49906 2.39565 2.33715 2.31572 2.03279 2.35389 2.34536 2.34878 2.34916 2.33946 2.32207 2.30663 2.28792 2.2873 2.27613 2.26444 2.25634 2.25083 2.24147 2.20087 2.00527 0.333183
-9999 -9999 -9999 -9999 -9999 -9999 -9999 -4.56888 -0.542707 2.69176 4.38114 5.7569 6.1337 6.27368 5.6777 5.23182 4.14457 3.11529 1.52799 -0.84913 -2.31211 0.385027 4.30617 5.75538 5.64764 5.56039 4.78059 4.07821 3.99234 4.04849 3.23195 2.03871 0.476492 -0.0100893 -0.557756 1.32919 1.58471 1.44606 3.51977 3.52334 3.40423 2.60932 1.72219 1.89051 1.34187 1.76393 1.10873 1.7125 2.23464 2.4303 2.41514 2.34922 2.34132 2.31005 2.36448 2.36281 2.35287 2.34483 2.33981 2.3306 2.305 2.28983 2.29714 2.28017 2.26697 2.25531 2.25213 2.24726 2.21705 2.18968 1.93251
-9999 -9999 -9999 -9999 -9999 -9999 -9999 -4.39405 -1.00915 1.86293 3.58658 5.24213 5.62539 6.18328 6.06155 5.59467 4.64956 3.46925 2.16288 0.123529 -1.39167 0.412775 3.01623 4.8817 5.55462 5.5523 5.51036 5.3362 5.26725 5.06385 4.92153 4.0651 2.58973 1.75584 0.534654 2.63754 2.873 2.54322 3.59173 3.5379 1.94954 0.728107 0.575143 1.32193 0.613637 0.489654 0.0506385 0.549452 1.88536 1.49673 1.57443 2.1831 2.28283 2.34528 2.36192 2.35694 2.35309 2.3417 2.34201 2.34218 2.31707 2.3047 2.29794 2.27369 2.2692 2.25245 2.23909 2.2289 2.21243 2.18736 2.11405
-9999 -9999 -9999 -9999 -9999 -9999 -9999 -4.3233 -2.04781 0.536701 3.07459 4.84271 5.55528 6.0738 6.06724 5.52478 5.05465 4.3146 3.16525 2.37721 1.00929 -0.867916 2.28242 3.24971 4.11632 4.4825 5.38357 5.36433 4.95532 4.48206 4.92742 4.79905 3.63096 3.24712 2.59822 3.76769 3.76991 3.73663 3.6729 2.3309 0.46599 -1.02476 0.0464755 -0.178142 0.317057 -1.20704 0.0485014 1.05858 1.38665 0.702841 0.194225 1.77182 2.03133 2.18604 2.28485 2.34941 2.33277 2.34785 2.33749 2.33169 2.32539 2.31065 2.30126 2.28643 2.27138 2.25794 2.24628 2.22781 2.20454 2.20279 2.16464
-9999 -9999 -9999 -9999 -9999 -9999 -9999 -9999 -3.39073 -0.112966 2.81215 4.44022 5.46369 5.96175 5.95173 5.67394 5.35446 4.89534 4.06604 3.02467 1.37935 0.158447 0.935303 1.88292 1.99427 2.62587 4.45338 5.0792 4.19771 2.01669 3.30901 4.74847 4.72594 4.60369 4.46656 4.2899 4.13105 3.78386 2.85497 0.0110674 -0.548515 -1.66453 -1.53846 -2.11107 -0.858007 -1.32458 -0.0407148 0.515868 0.726198 -0.4604 -0.205269 1.18834 1.7402 1.64826 1.98664 2.31007 2.31999 2.32846 2.31919 2.32519 2.32676 2.32036 2.30422 2.29257 2.28384 2.25771 2.25856 2.15233 2.08329 1.94385 2.11611
-9999 -9999 -9999 -9999 -9999 -9999 -9999 -9999 -4.04081 -0.770933 2.67411 3.77961 4.88313 5.83543 5.85314 5.42916 5.02607 4.6111 4.13897 2.87576 1.65112 0.482283 0.090763 0.327756 0.313596 1.33374 3.71361 4.17599 3.98151 1.70474 0.933581 2.85603 4.4716 4.59915 4.45285 2.55234 2.95679 1.93112 0.540132 0.156842 -0.452343 -1.73894 -1.1204 -2.06277 -1.65916 -1.76234 -1.03351 -0.678019 0.188966 -0.845269 -0.836399 0.531827 1.22238 1.23948 1.96408 2.22216 2.28943 2.30594 2.31756 2.32003 2.33078 2.32348 2.31225 2.29763 2.2626 2.1798 1.92657 0.550019 0.551536 0.928852 1.28603
-9999 -9999 -9999 -9999 -9999 -9999 -9999 -9999 -3.66277 -1.39395 1.66281 3.92683 4.06829 5.16859 5.73621 5.27532 4.75662 4.22613 3.99428 2.61944 1.10949 -0.110145 -1.55367 -1.31458 -0.27612 1.42449 2.96218 3.23853 2.92267 1.70497 2.28386 3.59512 4.29155 4.4971 4.33572 3.92175 3.68236 2.92704 2.59938 1.55036 -0.0895699 -0.735779 -0.32723 -2.06801 -1.94661 -1.30314 -1.98153 -0.854302 -0.314758 -1.65053 -0.585559 0.625184 1.24409 1.78513 2.04107 2.14289 2.2991 2.3028 2.31549 2.32213 2.3193 2.31867 2.29274 2.27119 2.12467 1.90883 0.626486 0.0920752 0.196593 0.789035 1.30787
-9999 -9999 -9999 -9999 -9999 -9999 -9999 -9999 -3.27631 -1.23368 1.41661 3.03056 3.31864 4.53896 5.62407 5.50217 4.96255 4.79807 4.23919 3.07316 1.78544 0.378136 -0.305512 -1.87806 -0.327724 0.901982 2.20419 2.81418 1.81495 1.31142 2.20604 3.09526 3.4507 4.34837 4.34004 4.04763 2.78675 2.17172 2.43125 2.16675 1.70381 0.574956 0.52435 -0.200837 -0.501302 -0.785027 -1.70106 -1.11338 -1.05452 -0.89502 0.382312 1.01235 1.43001 1.80983 1.90937 2.07431 2.28837 2.30685 2.31408 2.31259 2.31603 2.29967 2.23807 2.18606 1.89179 1.37132 0.400653 -1.17188 -0.0638312 1.09492 1.43763
-9999 -9999 -9999 -9999 -9999 -9999 -9999 -9999 -3.62492 -1.45503 0.809907 1.75638 1.91639 4.12563 5.47815 5.4799 5.22386 4.92505 3.54463 3.62575 3.34997 2.08044 0.231174 -1.79973 -1.60819 -0.393738 1.32512 1.89482 0.238908 -0.347187 0.0856605 1.42972 2.63276 3.8887 4.20782 3.83952 1.87691 -0.208846 0.758241 1.79154 1.78553 1.48199 0.435154 0.102597 -0.19842 -0.962129 -2.25353 -2.06012 -1.70057 -0.250436 0.20669 0.912977 1.4995 1.2781 1.40723 1.96817 2.28984 2.30157 2.30683 2.3169 2.30892 2.28908 2.16701 2.03777 1.82129 0.465159 -0.378316 -1.60634 -0.178852 0.610819 1.02944
-9999 -9999 -9999 -9999 -9999 -9999 -9999 -9999 -4.29743 -2.72307 -0.558305 0.313627 1.70502 3.7927 4.81922 5.31104 5.29977 5.1005 4.48229 4.11073 3.37866 2.05789 0.251933 -1.75548 -3.06195 -2.39648 -0.081254 0.469795 -1.06008 -1.83844 -0.867034 0.565214 2.68546 3.89693 4.06068 3.95123 3.5465 2.0237 0.183808 0.189863 1.11236 0.340112 -0.557404 -0.0640449 -0.155522 -0.909607 -1.4581 -1.78723 -1.57806 -0.7498 -0.409274 0.406605 1.61083 1.78312 1.74867 2.25543 2.28043 2.29184 2.31048 2.30932 2.30406 2.28819 2.18853 1.96607 1.06316 0.275722 -0.819506 -0.955476 0.314225 0.866471 1.38365
-9999 -9999 -9999 -9999 -9999 -9999 -9999 -9999 -5.45502 -3.60267 -1.57491 0.323743 2.12006 3.66603 3.78489 4.60008 4.59859 5.0257 4.90309 4.33013 3.71355 2.57558 0.255422 -1.69534 -3.82276 -3.26095 -0.90003 -0.586429 -1.61226 -3.5084 -1.54889 0.611839 2.57005 3.63018 2.79951 3.6511 3.58113 3.0105 1.91518 0.212163 0.244194 -1.03211 -1.08779 -0.43254 -0.21991 -0.329138 -0.740875 -1.39663 -1.27935 -0.775027 -0.647863 0.101872 1.03598 1.94916 2.10236 2.27624 2.28335 2.28575 2.2995 2.30078 2.28115 2.23379 2.12957 1.37253 0.472317 -0.0824976 -0.845822 -0.939025 0.524482 1.10626 1.43115
