Test_Spring_2018b/01_18/Temp/20180128_006.txt
ncols	170
nrows	115
xllcorner	350000.000000
yllcorner	4445000.000000
cellsize	1000.000000
nodata_value	-9999.000000
[rows 31 to 61 of 115, columns 70 to 139 of 170]
3.20729 3.79598 4.01023 3.59427 3.6328 4.65002 4.8807 4.86619 4.8176 4.72339 4.25254 4.09381 3.72128 3.06611 2.78931 1.62505 -2.13102 -1.07309 -0.661636 -1.75285 -1.14833 -0.161883 -1.02352 -3.57764 -4.67666 -6.44661 -5.86126 -6.36468 -7.78715 -9999 -9999 -9999 -9999 -9999 -9999 -9999 -9999 -9999 -9999 -9999 -9999 -9999 -9999 -9999 -9999 -9999 -9999 -9999 -9999 -9999 -9999 -9999 -9999 -9999 -9999 -9999 -9999 -9999 -9999 -9999 -9999 -9999 -9999 -9999 -9999 -9999 -9999 -9999 -9999 -9999
3.31741 3.58381 3.55416 3.1531 3.76405 4.3269 4.02255 3.82214 4.76426 4.76366 4.44546 3.69892 3.42329 3.13699 2.9599 2.00065 -0.684007 -3.10456 -1.81344 -1.78601 -2.68401 -1.08022 -1.9293 -4.1418 -7.26421 -5.5645 -6.00362 -8.16498 -8.69544 -9999 -9999 -9999 -9999 -9999 -9999 -9999 -9999 -9999 -9999 -9999 -9999 -9999 -9999 -9999 -9999 -9999 -9999 -9999 -9999 -9999 -9999 -9999 -9999 -9999 -9999 -9999 -9999 -9999 -9999 -9999 -9999 -9999 -9999 -9999 -9999 -9999 -9999 -9999 -9999 -9999
2.56415 3.2361 3.02351 2.84891 3.75823 3.73637 3.7095 4.07783 4.66767 4.78198 4.65711 4.33047 4.04691 3.74489 2.98255 1.88592 -0.412082 -3.16653 -3.79395 -2.45086 -2.38882 -2.17425 -2.94823 -3.91927 -5.43746 -4.19195 -3.70662 -5.13709 -6.99885 -8.19141 -9999 -9999 -9999 -9999 -9999 -9999 -9999 -9999 -9999 -9999 -9999 -9999 -9999 -9999 -9999 -9999 -9999 -9999 -9999 -9999 -9999 -9999 -9999 -9999 -9999 -9999 -9999 -9999 -9999 -9999 -9999 -9999 -9999 -9999 -9999 -9999 -9999 -9999 -9999 -9999
1.55226 2.70924 2.38953 1.50055 2.04726 2.45746 3.2801 3.50369 3.618 4.70578 4.64695 4.59478 4.1277 3.75318 3.13406 2.07854 0.577136 -1.2298 -4.37301 -2.44014 -0.926713 -0.967343 -1.05137 -1.73177 -3.1904 -1.96805 -1.90868 -3.72974 -5.78481 -7.02873 -7.54309 -9999 -9999 -9999 -9999 -9999 -9999 -9999 -9999 -9999 -9999 -9999 -9999 -9999 -9999 -9999 -9999 -9999 -9999 -9999 -9999 -9999 -9999 -9999 -9999 -9999 -9999 -9999 -9999 -9999 -9999 -9999 -9999 -9999 -9999 -9999 -9999 -9999 -9999 -9999
-9999 1.97587 1.66799 0.583147 1.13341 1.86926 2.94131 3.51965 3.94339 4.26838 4.5993 4.55842 4.08045 2.67262 2.46866 2.40421 1.42082 -0.63875 -2.69541 -3.23045 -0.920457 -0.26042 -0.396338 0.1199 -1.11559 -0.529909 -0.767321 -1.40728 -3.39344 -5.21782 -5.98498 -7.50243 -9999 -9999 -9999 -9999 -9999 -9999 -9999 -9999 -9999 -9999 -9999 -9999 -9999 -9999 -9999 -9999 -9999 -9999 -9999 -9999 -9999 -9999 -9999 -9999 -9999 -9999 -9999 -9999 -9999 -9999 -9999 -9999 -9999 -9999 -9999 -9999 -9999 -9999
-9999 -9999 -9999 -9999 -0.100679 0.933444 1.775 2.82236 3.71458 4.15509 4.58237 4.54639 3.59333 3.12535 3.08126 2.43558 1.30069 0.586901 -0.709563 -2.05972 -1.54801 0.422167 -0.456113 0.940997 0.823605 1.08204 0.150444 -1.57394 -3.91581 -5.26291 -5.94883 -7.17821 -9999 -9999 -9999 -9999 -9999 -9999 -9999 -9999 -9999 -9999 -9999 -9999 -9999 -9999 -9999 -9999 -9999 -9999 -9999 -9999 -9999 -9999 -9999 -9999 -9999 -9999 -9999 -9999 -9999 -9999 -9999 -9999 -9999 -9999 -9999 -9999 -9999 -9999
-9999 -9999 -9999 -9999 -9999 0.748519 1.39223 2.75521 3.49987 3.78619 4.47618 4.47643 4.11407 3.83916 3.44086 2.92123 2.06693 1.12481 -0.0951124 -0.211292 1.04731 1.06087 0.796338 1.00358 1.65289 1.48418 0.0571954 -2.4078 -3.72266 -6.35197 -7.49793 -7.37958 -8.19332 -9999 -9999 -9999 -9999 -9999 -9999 -9999 -9999 -9999 -9999 -9999 -9999 -5.16266 -9999 -9999 -9999 -9999 -9999 -9999 -9999 -9999 -9999 -9999 -9999 -9999 -9999 -9999 -9999 -9999 -9999 -9999 -9999 -9999 -10.2352 -9999 -9999 -9999
-9999 -9999 -9999 -9999 0.594957 1.48192 2.14613 3.00192 3.11241 3.63421 4.42809 4.43862 4.18104 3.88924 3.23623 3.07081 2.58209 1.55906 1.34613 1.75473 1.94163 2.15501 2.28685 2.17969 1.91891 1.58253 0.693536 -0.458973 -1.23079 -3.6577 -4.86378 -6.0466 -7.83887 -9.24219 -9999 -9999 -9999 -9999 -9999 -9999 -9999 -6.06208 -6.1377 -6.11498 -5.73086 -4.65433 -5.30103 -9999 -9999 -9999 -9999 -9999 -9999 -9999 -9999 -9999 -9999 -9999 -9999 -9999 -9999 -9999 -9999 -9999 -9999 -9999 -9.25974 -10.6832 -9999 -9999
-9999 -9999 -9999 -9999 0.856717 1.75465 2.20498 3.03757 3.515 3.86421 4.14001 4.40226 4.356 4.03318 3.54278 3.54075 2.86541 2.49864 2.2355 2.7891 2.89596 2.6699 2.38841 2.14099 1.44107 1.36371 1.17727 0.448961 -0.75041 -1.98675 -3.73338 -6.16436 -8.54974 -10.4751 -9999 -9999 -9999 -9999 -9999 -9999 -5.84767 -4.95534 -4.42474 -5.58297 -4.61129 -3.7238 -3.87624 -4.73385 -9999 -9999 -9999 -9999 -9999 -9999 -9999 -9999 -9999 -9999 -9999 -9999 -9999 -9999 -2.52542 -3.98423 -6.91929 -8.42929 -9.33984 -10.6351 -9999 -9999
-9999 -9999 -9999 -9999 0.674522 1.73609 2.45711 3.09759 3.20375 3.87077 4.17789 4.31873 4.30001 4.23307 4.13862 3.5482 3.29036 2.40034 3.23965 3.20249 2.98471 2.13552 1.76797 0.315292 -0.321256 -0.424683 0.805545 -0.0903006 -1.96922 -4.32037 -7.12051 -7.28875 -8.22431 -9.94443 -9999 -9999 -9999 -9999 -9999 -9999 -5.56434 -4.61001 -3.81533 -3.70841 -4.86021 -3.27638 -3.32721 -4.22847 -4.44038 -3.71899 -3.35815 -3.6233 -2.75602 -2.51266 -2.91901 -2.49969 -9999 -9999 -9999 -9999 -2.30579 -2.25923 -2.22675 -2.84125 -6.04655 -8.23927 -10.2096 -10.4004 -9999 -9999
-9999 -9999 -9999 -9999 1.40098 2.05818 2.39414 2.45424 3.03061 3.61645 3.98893 4.24148 4.18773 4.1629 4.13524 3.92861 3.45666 3.53268 3.48788 3.21051 1.59336 -0.291587 0.527673 -0.581401 -2.95097 -0.986147 0.0905079 -0.923722 -3.20033 -5.84205 -6.67471 -6.6221 -7.92304 -9.60445 -9999 -9999 -9999 -8.17205 -6.79953 -6.68904 -6.29253 -5.01748 -4.05046 -3.31811 -2.82667 -2.83556 -3.37369 -4.25559 -5.21324 -4.88499 -3.18936 -2.78344 -2.41971 -2.16729 -2.54569 -2.37624 -1.93282 -1.7098 -1.67464 -1.79449 -1.83149 -1.80655 -1.87315 -2.44787 -5.30695 -6.95325 -8.00771 -10.1267 -9999 -9999
-9999 -9999 -9999 -9999 0.990515 1.56387 2.02993 2.79659 2.88392 3.37101 3.67037 4.11147 4.15716 3.65585 4.06051 3.99993 3.91473 3.74314 3.49616 2.12801 0.246633 -1.63729 -2.50644 -2.12102 -3.5544 -2.79454 -1.70302 -2.07418 -3.46473 -5.816 -6.13863 -6.65709 -8.83774 -10.9475 -9999 -9999 -10.8353 -8.19283 -6.33619 -5.38436 -5.09786 -5.0815 -3.86113 -3.77674 -2.46146 -2.76893 -4.53305 -4.34572 -5.02973 -4.59685 -3.99049 -3.82857 -2.92338 -2.06461 -1.91337 -1.92198 -1.64428 -1.5973 -1.59465 -1.61488 -1.82427 -1.74664 -1.74509 -2.10803 -4.19 -5.21128 -6.33419 -10.1113 -9999 -9999
-9999 -9999 -9999 -9999 1.27704 1.9181 2.61938 2.73987 3.26048 3.21453 3.0828 3.80017 4.07278 3.71725 3.45789 3.91491 3.87317 3.80158 3.69047 2.40346 0.917231 -1.32718 -2.7204 -3.55788 -4.15631 -4.93901 -4.37269 -4.53061 -4.74568 -4.47091 -5.09451 -6.35922 -7.63693 -10.0309 -11.3306 -9999 -10.6834 -9.49527 -7.28606 -5.41177 -4.22737 -4.67117 -3.28281 -3.03616 -2.22786 -2.71408 -3.78905 -4.26552 -4.31642 -4.46595 -3.53081 -2.89706 -2.44403 -2.15608 -1.79069 -1.70826 -1.62559 -1.59855 -1.58971 -1.58057 -1.59812 -1.61815 -1.67246 -1.81657 -2.78044 -3.79906 -5.98809 -9.98868 -9999 -9999
-9999 -9999 -9999 -0.599761 1.20039 2.27128 2.69214 2.99824 3.26826 3.46475 3.67708 3.86639 3.99395 3.94379 3.0072 3.07373 3.23018 3.74667 3.69866 3.57406 2.75801 0.0274902 -0.907013 -2.27621 -4.05227 -4.77585 -4.39081 -2.91518 -2.96567 -3.91862 -4.98275 -6.44281 -7.37036 -8.83931 -11.6635 -11.4113 -10.1421 -9.20182 -7.70414 -5.41138 -3.80919 -3.10263 -2.84499 -2.28176 -1.99907 -2.66887 -3.29855 -3.56997 -4.06262 -4.14004 -4.14515 -3.58306 -3.13386 -2.14721 -1.82569 -1.68252 -1.61734 -1.58824 -1.57064 -1.55355 -1.55597 -1.5877 -1.59926 -1.61944 -1.701 -3.05422 -6.43047 -8.97959 -9999 -9999
-9999 -9999 -9999 -9999 0.869654 1.34768 1.48121 1.70577 2.15311 2.66584 3.39461 3.48946 3.88312 3.87932 3.07688 2.14209 2.93623 3.24437 3.56477 3.56493 3.45328 1.16591 -0.0315344 -0.970547 -2.67239 -2.03324 -1.43332 -1.37324 -1.71021 -3.76877 -5.81929 -8.17063 -10.3864 -10.4852 -11.6715 -11.0369 -10.2003 -8.04729 -6.53727 -5.93364 -5.5053 -3.17745 -2.57687 -2.38627 -1.80076 -2.6323 -2.84994 -3.47573 -3.30298 -3.36588 -3.37073 -5.08163 -3.36905 -3.27777 -2.17466 -1.68055 -1.57735 -1.559 -1.53879 -1.54632 -1.5527 -1.5706 -1.57203 -1.60103 -1.63744 -2.52268 -6.79162 -8.94952 -9999 -9999
-9999 -9999 -9999 -9999 -9999 -9999 1.04052 1.4083 1.64722 2.05125 3.27546 3.60465 3.82138 3.83683 3.47375 2.55174 2.29869 2.45396 1.54882 2.28696 3.30524 3.27725 3.15449 1.14532 0.13381 1.14434 0.856219 -0.641083 -1.81483 -2.97266 -5.37467 -7.11358 -9.6534 -11.5607 -11.6278 -9.51215 -7.75556 -5.57704 -4.62348 -5.18657 -4.60694 -3.45761 -2.15148 -1.52784 -1.69351 -2.56987 -2.70156 -3.66078 -2.739 -2.66816 -3.10957 -3.49155 -3.33842 -2.79716 -2.59667 -1.73587 -1.53553 -1.50721 -1.51318 -1.52239 -1.53904 -1.55695 -1.58297 -1.60602 -1.63209 -1.68512 -6.07318 -9.49763 -9999 -9999
-9999 -9999 -9999 -9999 -9999 -9999 0.200701 0.429898 1.01101 2.48401 3.26399 3.57692 3.56671 3.70683 3.44887 2.63427 1.79652 1.00385 -0.0131682 0.552826 2.06833 2.96285 3.06614 1.30572 2.24351 1.91292 1.25061 -0.71204 -2.1527 -2.90726 -5.21164 -7.16762 -8.8526 -11.1871 -10.1788 -9.07323 -7.658 -5.27839 -3.68012 -3.0332 -3.60313 -2.87527 -1.37042 -1.37805 -2.22544 -2.18555 -2.70367 -4.0106 -2.67166 -2.30091 -2.61474 -2.54254 -2.65273 -2.45677 -2.09258 -1.745 -1.5177 -1.49661 -1.50426 -1.52491 -1.53838 -1.55179 -1.58268 -1.59559 -1.62205 -1.65836 -4.4958 -9.56332 -9999 -9999
-9999 -9999 -9999 -9999 -9999 -9999 -9999 -0.550593 0.760943 2.71313 3.20883 3.16825 3.56959 3.60115 3.20844 2.86386 1.84874 0.464703 -2.18139 -1.51949 -0.125046 1.89206 2.95478 2.81672 2.24509 1.23277 -1.23348 -3.38802 -3.63293 -3.96914 -5.64546 -7.14394 -9.01833 -7.91508 -6.71126 -5.39907 -4.71336 -4.89954 -3.53144 -2.42075 -2.91396 -2.01768 -0.969577 -1.4689 -1.77009 -2.02421 -2.62146 -2.6681 -2.61681 -1.85949 -2.39712 -2.07827 -2.06603 -2.09297 -1.9202 -1.72041 -1.51068 -1.48553 -1.49684 -1.50593 -1.54489 -1.54986 -1.57677 -1.60367 -1.6295 -1.66298 -1.93247 -4.67203 -6.31063 -9999
-9999 -9999 -9999 -9999 -9999 -9999 -9999 -1.74955 -1.0903 1.21952 1.9432 2.96289 3.50268 3.52445 2.86581 2.49412 0.987365 0.489661 -1.95934 -3.07024 -2.13995 -2.50097 0.281209 2.74711 2.2303 -2.72419 -4.50793 -5.77395 -5.42577 -5.40358 -5.85666 -8.43136 -9.13755 -6.79229 -5.3157 -4.17451 -3.3129 -3.13984 -3.1811 -1.4365 -1.21683 -0.661773 -0.802891 -0.766449 -1.67041 -2.23464 -1.76611 -2.33122 -2.43571 -1.65305 -2.43989 -1.74173 -1.82059 -2.04049 -2.06004 -1.60468 -1.52037 -1.48148 -1.49064 -1.5214 -1.55868 -1.58536 -1.58474 -1.60637 -1.64674 -1.65986 -1.69921 -2.0442 -3.46498 -3.96974
-9999 -9999 -9999 -9999 -9999 -9999 -9999 -9999 -3.2362 -0.0304766 1.44307 2.21333 3.29384 3.42102 3.07288 2.43362 0.898449 -0.453423 -2.6434 -5.14149 -6.46075 -2.51897 0.915017 2.71144 2.49456 -1.62819 -3.24548 -3.30471 -2.32593 -3.11882 -3.71597 -5.66482 -6.24494 -7.059 -6.54589 -4.95254 -3.66056 -2.41673 -1.51824 -1.45853 -0.885249 -0.557452 -0.546321 -0.456513 -0.576588 -0.676311 -1.54492 -0.964037 -1.47632 -1.21823 -1.3974 -1.55902 -1.68759 -2.18618 -1.84803 -1.54999 -1.48048 -1.46856 -1.4984 -1.51537 -1.54234 -1.58624 -1.61124 -1.62804 -1.64575 -1.67609 -1.69056 -1.72765 -1.89937 -2.75893
-9999 -9999 -9999 -9999 -9999 -9999 -9999 -9999 -4.83431 -1.64533 -0.0998941 1.87585 2.89712 3.30827 3.24615 2.72683 1.55834 -0.195407 -1.65779 -4.44471 -7.33611 -3.19863 0.498181 2.49247 2.60537 -0.847446 0.129412 -0.634103 -0.30373 -1.71249 -2.28811 -2.72351 -3.73576 -4.8465 -6.06001 -6.71008 -3.80116 -2.31302 -1.12048 -0.567082 -0.262819 -0.12084 -0.216328 -0.448084 -1.75691 -0.785256 -0.849232 -0.958803 -1.08143 -1.14471 -1.25453 -1.38171 -1.4476 -1.48111 -1.81515 -1.4552 -1.47685 -1.48209 -1.49179 -1.51418 -1.54658 -1.57781 -1.61371 -1.62614 -1.65089 -1.67837 -1.70153 -1.72815 -1.75276 -1.81255
-9999 -9999 -9999 -9999 -9999 -9999 -9999 -9999 -9.30651 -4.67163 -0.930813 1.01258 2.59718 3.0264 3.18138 2.48861 1.96721 0.70781 -0.484926 -2.31852 -5.05881 -6.74632 -3.64469 0.863183 2.54217 2.43382 2.34175 1.45489 0.658015 0.570432 0.646107 -0.266198 -1.62339 -3.41501 -3.97621 -4.60659 -2.44102 -2.15406 -2.32319 0.0484864 0.0381101 -0.114828 -1.04555 -2.07209 -1.89426 -2.53502 -2.06171 -2.82716 -2.1442 -1.55409 -1.33837 -1.36422 -1.43829 -1.45711 -1.50166 -1.45207 -1.46259 -1.4833 -1.50273 -1.51976 -1.54271 -1.58556 -1.61726 -1.62373 -1.65388 -1.68379 -1.70728 -1.73144 -1.75084 -1.79866
-9999 -9999 -9999 -9999 -9999 -9999 -9999 -9999 -9.10038 -5.19291 -1.88859 0.099249 2.00049 2.43719 3.07296 2.92597 2.38114 1.28596 -0.0795931 -1.5895 -3.94094 -5.68819 -3.61704 -0.61941 1.5272 2.31615 2.33019 2.29004 2.09875 2.03584 1.81162 1.67444 0.695287 -1.00164 -1.95914 -3.36436 -0.950748 -0.686746 -1.07522 0.118472 0.0429292 -1.79819 -3.21829 -3.41027 -2.55473 -3.38358 -3.53778 -4.04894 -3.48658 -1.96095 -2.41911 -2.33814 -1.63575 -1.52993 -1.47245 -1.46178 -1.47633 -1.4902 -1.51361 -1.52453 -1.53665 -1.5788 -1.6071 -1.62951 -1.67231 -1.68685 -1.72053 -1.75717 -1.77729 -1.80927
-9999 -9999 -9999 -9999 -9999 -9999 -9999 -9999 -9.02586 -6.391 -3.41828 -0.494042 1.53631 2.3516 2.94237 2.92829 2.29725 1.7489 0.890242 -0.438464 -1.35083 -2.92848 -5.08995 -1.4696 -0.34986 0.661265 1.09247 2.13604 2.12249 1.66126 1.15313 1.67067 1.52291 0.182203 -0.258798 -1.00668 0.333564 0.329459 0.282224 0.197881 -1.35775 -3.51583 -5.24453 -4.02811 -4.30126 -3.73165 -5.49477 -4.0664 -2.91637 -2.54934 -3.33807 -3.9314 -2.11483 -1.83211 -1.66297 -1.55816 -1.49306 -1.52187 -1.51498 -1.53822 -1.55713 -1.5775 -1.60828 -1.63342 -1.66506 -1.69694 -1.72051 -1.75522 -1.79044 -1.83689
-9999 -9999 -9999 -9999 -9999 -9999 -9999 -9999 -9999 -7.94147 -4.16345 -0.801535 1.06785 2.24079 2.80847 2.79099 2.46495 2.0906 1.55572 0.595725 -0.60723 -2.50328 -3.90989 -3.01807 -1.91988 -1.77645 -1.04545 1.06154 1.78778 0.781485 -1.69739 -0.21062 1.44743 1.42326 1.28269 1.12301 0.918422 0.729162 0.321358 -0.757012 -4.03849 -4.69761 -5.99472 -5.86419 -6.53678 -5.09355 -5.64001 -4.17599 -3.54721 -3.31561 -4.68913 -4.39155 -2.80592 -2.18034 -2.29474 -1.91448 -1.54732 -1.54585 -1.54672 -1.56875 -1.57403 -1.58516 -1.60608 -1.6435 -1.67152 -1.69618 -1.73392 -1.75453 -1.89064 -1.98322
-9999 -9999 -9999 -9999 -9999 -9999 -9999 -9999 -9999 -8.68242 -4.92375 -0.964793 0.303395 1.56822 2.65822 2.67295 2.17932 1.7094 1.22587 0.677002 -0.7806 -2.19284 -3.53966 -3.99141 -3.71907 -3.71138 -2.53504 0.205425 0.742094 0.523871 -2.06936 -2.9532 -0.741297 1.11655 1.26219 1.0913 -1.09818 -0.639644 -1.82706 -3.43613 -3.8881 -4.60085 -6.09307 -5.39538 -6.49214 -6.04115 -6.15121 -5.32502 -4.92733 -3.94087 -5.13944 -5.12501 -3.56934 -2.78478 -2.77431 -1.95052 -1.66334 -1.596 -1.58766 -1.58569 -1.59501 -1.59555 -1.61745 -1.64431 -1.67527 -1.72969 -1.83882 -2.13658 -3.74051 -3.75184
-9999 -9999 -9999 -9999 -9999 -9999 -9999 -9999 -9999 -8.25053 -5.64367 -2.13181 0.467802 0.626384 1.88652 2.53365 1.9979 1.3955 0.779604 0.507381 -1.07827 -2.8184 -4.22371 -5.88522 -5.61107 -4.41666 -2.43546 -0.66456 -0.34326 -0.702608 -2.07927 -1.41245 0.0954804 0.895505 1.12991 0.941 0.460158 0.178421 -0.697982 -1.08413 -2.30077 -4.19768 -4.95279 -4.49562 -6.50944 -6.38218 -5.65429 -6.42317 -5.13817 -4.52823 -6.07367 -4.85317 -3.47133 -2.76961 -2.15729 -1.87276 -1.76566 -1.59639 -1.60298 -1.59985 -1.60429 -1.62022 -1.6341 -1.67743 -1.71589 -1.89803 -2.15966 -3.64708 -4.27542 -4.1682
-9999 -9999 -9999 -9999 -9999 -9999 -9999 -9999 -9999 -7.80883 -5.46291 -2.41905 -0.567287 -0.240457 1.15756 2.39966 2.25382 1.62764 1.43282 0.784904 -0.560481 -2.04504 -3.66621 -4.45442 -6.26352 -4.48137 -3.04152 -1.54251 -0.838938 -1.96349 -2.54181 -1.51328 -0.491718 -0.0847513 0.944487 0.930921 0.589446 -0.866757 -1.58172 -1.29243 -1.60659 -2.14968 -3.45889 -3.5288 -4.37433 -4.73144 -5.06902 -6.10948 -5.44472 -5.38747 -5.22081 -3.74996 -3.03612 -2.56622 -2.13972 -2.03547 -1.8562 -1.62076 -1.61056 -1.61377 -1.62748 -1.63597 -1.66762 -1.75153 -1.82456 -2.1761 -2.78754 -3.9163 -5.73758 -4.47651
-9999 -9999 -9999 -9999 -9999 -9999 -9999 -9999 -9999 -8.21213 -5.72076 -3.12062 -2.03677 -1.85753 0.677167 2.22663 2.22299 1.92296 1.57388 -0.0183379 0.0701764 -0.250976 -1.71384 -3.84234 -6.1788 -5.95939 -4.54846 -2.56001 -1.90383 -3.78423 -4.45858 -3.962 -2.41853 -1.03803 0.402327 0.764634 0.335546 -1.92754 -4.33325 -3.23024 -2.05193 -2.06914 -2.42888 -3.64346 -4.03698 -4.39421 -5.2832 -6.77255 -6.54227 -6.13944 -4.47629 -3.96186 -3.16074 -2.49715 -2.7623 -2.62447 -1.99035 -1.6315 -1.62926 -1.63478 -1.63513 -1.65654 -1.69187 -1.84492 -2.0063 -2.26797 -3.83974 -4.82194 -6.25276 -4.61819
-9999 -9999 -9999 -9999 -9999 -9999 -9999 -9999 -9999 -8.98781 -7.1819 -4.69762 -3.70002 -2.10557 0.289081 1.46357 2.02327 2.00463 1.77006 1.05419 0.622347 -0.22337 -1.7452 -3.82409 -6.13385 -7.63706 -6.87262 -4.18398 -3.54934 -5.28643 -6.18269 -5.06785 -3.42384 -0.989645 0.398935 0.582094 0.450235 -0.0220027 -1.78049 -3.90432 -3.90664 -2.85594 -3.75402 -4.7964 -4.23992 -4.35582 -5.23343 -5.87453 -6.23801 -6.01437 -5.06047 -4.68037 -3.75363 -2.38032 -2.19331 -2.24399 -1.67252 -1.65504 -1.65336 -1.64356 -1.65674 -1.67484 -1.70529 -1.8322 -2.10035 -3.15075 -4.06834 -5.33966 -5.50799 -4.06119
-9999 -9999 -9999 -9999 -9999 -9999 -9999 -9999 -9999 -10.3212 -8.1965 -5.87041 -3.69303 -1.63355 0.137939 0.268652 1.19993 1.19245 1.67794 1.53184 0.868481 0.155553 -1.15616 -3.82629 -6.0711 -8.5184 -7.87353 -5.14443 -4.74889 -5.92995 -8.11192 -5.86179 -3.38096 -1.13368 0.0803385 -0.880188 0.0924793 0.00491641 -0.658955 -1.92668 -3.89359 -3.86628 -5.34346 -5.41762 -4.67462 -4.44058 -4.57657 -5.06032 -5.81729 -5.68054 -5.09982 -4.9653 -4.11497 -3.05261 -2.01427 -1.84964 -1.66124 -1.66462 -1.67346 -1.66935 -1.67966 -1.71408 -1.78046 -1.91224 -2.79456 -3.84146 -4.49125 -5.38069 -5.49964 -3.83504
