Test_Spring_2018b/01_18/Temp/20180109_015.txt
ncols	170
nrows	115
xllcorner	350000.000000
yllcorner	4445000.000000
cellsize	1000.000000
nodata_value	-9999.000000
[rows 32 to 63 of 115, columns 72 to 143 of 170]
12.289 11.9603 12.4512 12.9027 12.6071 12.4119 13.1582 13.1514 12.8876 12.2771 12.0489 11.8124 11.6647 10.8833 8.7035 6.73753 7.7792 7.79612 7.06223 8.35496 7.65877 5.85655 3.31589 4.68232 4.31458 2.50746 2.05134 -9999 -9999 -9999 -9999 -9999 -9999 -9999 -9999 -9999 -9999 -9999 -9999 -9999 -9999 -9999 -9999 -9999 -9999 -9999 -9999 -9999 -9999 -9999 -9999 -9999 -9999 -9999 -9999 -9999 -9999 -9999 -9999 -9999 -9999 -9999 -9999 -9999 -9999 -9999 -9999 -9999 -9999 -9999 -9999 -9999
11.8528 11.7078 12.4407 12.4187 12.3605 12.6131 13.0742 13.1606 13.0536 12.7835 12.5487 12.2994 11.6772 10.7843 8.91773 6.68101 6.16773 7.25086 7.29507 7.46204 6.82694 6.03118 4.79105 5.78988 6.17194 4.97984 3.42222 2.41714 -9999 -9999 -9999 -9999 -9999 -9999 -9999 -9999 -9999 -9999 -9999 -9999 -9999 -9999 -9999 -9999 -9999 -9999 -9999 -9999 -9999 -9999 -9999 -9999 -9999 -9999 -9999 -9999 -9999 -9999 -9999 -9999 -9999 -9999 -9999 -9999 -9999 -9999 -9999 -9999 -9999 -9999 -9999 -9999
11.3333 10.6095 11.0487 11.3768 11.9813 12.1319 12.218 13.0934 13.0399 12.9922 12.6087 12.3006 11.7945 10.9348 9.7138 8.24497 5.6928 7.25396 8.4745 8.43477 8.35899 7.79897 6.60733 7.58766 7.6248 6.10191 4.37453 3.35597 2.92922 -9999 -9999 -9999 -9999 -9999 -9999 -9999 -9999 -9999 -9999 -9999 -9999 -9999 -9999 -9999 -9999 -9999 -9999 -9999 -9999 -9999 -9999 -9999 -9999 -9999 -9999 -9999 -9999 -9999 -9999 -9999 -9999 -9999 -9999 -9999 -9999 -9999 -9999 -9999 -9999 -9999 -9999 -9999
10.7435 9.86085 10.3028 10.8948 11.729 12.1547 12.4766 12.7337 12.996 12.9574 12.5651 11.4195 11.2499 11.1936 10.3925 8.71899 7.04753 6.60872 8.47494 9.00316 8.8854 9.29524 8.2845 8.74887 8.54548 7.99832 6.33442 4.8199 4.1883 2.9494 -9999 -9999 -9999 -9999 -9999 -9999 -9999 -9999 -9999 -9999 -9999 -9999 -9999 -9999 -9999 -9999 -9999 -9999 -9999 -9999 -9999 -9999 -9999 -9999 -9999 -9999 -9999 -9999 -9999 -9999 -9999 -9999 -9999 -9999 -9999 -9999 -9999 -9999 -9999 -9999 -9999 -9999
-9999 -9999 9.29774 10.1024 10.7706 11.5851 12.2863 12.6368 12.9771 12.9425 12.1651 11.7813 11.7414 11.2142 10.2905 9.70798 8.65283 7.55361 7.96258 9.55267 8.83329 9.95695 9.85222 10.0512 9.28491 7.83462 5.90758 4.77941 4.21338 3.20773 -9999 -9999 -9999 -9999 -9999 -9999 -9999 -9999 -9999 -9999 -9999 -9999 -9999 -9999 -9999 -9999 -9999 -9999 -9999 -9999 -9999 -9999 -9999 -9999 -9999 -9999 -9999 -9999 -9999 -9999 -9999 -9999 -9999 -9999 -9999 -9999 -9999 -9999 -9999 -9999 -9999 -9999
-9999 -9999 -9999 9.94766 10.4553 11.5527 12.1077 12.3329 12.886 12.8806 12.582 12.3548 12.0281 11.6034 10.9075 10.1402 9.14746 9.04858 10.063 10.0675 9.84545 10.0046 10.5209 10.3732 9.18812 7.15503 6.07686 3.89256 2.95315 3.0393 2.37113 -9999 -9999 -9999 -9999 -9999 -9999 -9999 -9999 -9999 -9999 -9999 -9999 4.79477 -9999 -9999 -9999 -9999 -9999 -9999 -9999 -9999 -9999 -9999 -9999 -9999 -9999 -9999 -9999 -9999 -9999 -9999 -9999 -9999 0.657372 -9999 -9999 -9999 -9999 -9999 -9999 -9999
-9999 -9999 9.85257 10.531 11.0614 11.747 11.8037 12.205 12.8419 12.8448 12.6312 12.3906 11.8578 11.7205 11.3214 10.4891 10.3129 10.6397 10.7858 10.9523 11.0514 10.9554 10.7336 10.4494 9.67818 8.73064 8.09151 6.096 5.0826 4.11353 2.65178 1.50659 -9999 -9999 -9999 -9999 -9999 -9999 -9999 4.0624 4.00115 4.0196 4.33082 5.20299 4.67836 -9999 -9999 -9999 -9999 -9999 -9999 -9999 -9999 -9999 -9999 -9999 -9999 -9999 -9999 -9999 -9999 -9999 -9999 -9999 1.44693 0.295131 -9999 -9999 -9999 -9999 -9999 -9999
-9999 -9999 10.0291 10.7483 11.1045 11.7704 12.1487 12.3866 12.6034 12.8102 12.7679 12.5025 12.1019 12.0977 11.5479 11.2481 11.0318 11.4765 11.5581 11.3685 11.1324 10.9224 10.3441 10.2689 10.0677 9.46266 8.47566 7.45896 5.99274 4.01121 2.06806 0.499307 -9999 -9999 -9999 -9999 -9999 -9999 4.22985 4.95351 5.38412 4.44596 5.23374 5.95299 5.8291 5.10801 -9999 -9999 -9999 -9999 -9999 -9999 -9999 -9999 -9999 -9999 -9999 -9999 -9999 -9999 6.89575 5.71564 3.33895 2.11705 1.38087 0.33282 -9999 -9999 -9999 -9999 -9999 -9999
-9999 -9999 9.8791 10.7299 11.3044 11.8136 11.89 12.4089 12.629 12.7373 12.7175 12.6597 12.5806 12.1002 11.8896 11.1665 11.8443 11.8109 11.6297 10.9351 10.6291 9.44178 8.91404 8.78305 9.76428 9.02182 7.48246 5.56067 3.25308 3.09229 2.32327 0.920216 -9999 -9999 -9999 -9999 -9999 -9999 4.45228 5.2269 5.87219 5.95993 5.02723 6.31115 6.24599 5.515 5.34255 5.92646 6.21826 5.98265 6.68138 6.88057 6.55357 6.89603 -9999 -9999 -9999 -9999 7.06776 7.1081 7.13681 6.64093 4.04516 2.26985 0.674687 0.518902 -9999 -9999 -9999 -9999 -9999 -9999
-9999 -9999 10.466 10.9879 11.2491 11.2868 11.7432 12.1958 12.4706 12.6718 12.624 12.6008 12.5765 12.4079 12.0247 12.0856 12.0479 11.8207 10.5063 8.97302 9.62936 8.71472 6.7657 8.32771 9.18279 8.34259 6.47908 4.31996 3.60605 3.6242 2.55807 1.18989 -9999 -9999 -9999 2.33298 3.44524 3.5359 3.85916 4.89486 5.68098 6.27069 6.67025 6.64605 6.20566 5.49022 4.71318 4.97823 6.35152 6.67978 6.95149 7.15804 6.85377 6.99999 7.36204 7.54568 7.57722 7.48317 7.45624 7.47939 7.4282 6.965 4.64326 3.31069 2.45761 0.746113 -9999 -9999 -9999 -9999 -9999 -9999
-9999 -9999 10.1286 10.5819 10.948 11.5585 11.6181 12.0025 12.2256 12.561 12.5938 12.1849 12.5116 12.4622 12.3934 12.2544 12.0538 10.9433 9.41517 7.88291 7.17073 7.46056 6.28521 6.87117 7.73763 7.40642 6.2591 4.33438 4.05459 3.59909 1.81083 0.0907252 -9999 -9999 0.164769 2.3051 3.81034 4.58366 4.8187 4.83525 5.82761 5.899 6.96736 6.70477 5.27132 5.42267 4.85871 5.20826 5.70469 5.83492 6.5522 7.24508 7.36965 7.36506 7.59286 7.63393 7.63924 7.62609 7.45962 7.52564 7.52983 7.23838 5.55351 4.728 3.81834 0.764568 -9999 -9999 -9999 -9999 -9999 -9999
-9999 -9999 10.3572 10.8647 11.4207 11.5062 11.9165 11.8684 11.742 12.3161 12.52 12.2297 12.0189 12.3898 12.3571 12.3002 12.2106 11.1666 9.95919 8.13496 6.99791 6.2978 5.7981 5.13018 5.57001 5.42185 5.22683 5.42878 4.89121 3.83032 2.78013 0.822465 -0.239424 -9999 0.276056 1.23816 3.02979 4.55155 5.51524 5.15986 6.28934 6.49309 7.13858 6.74587 5.87124 5.48941 5.44744 5.32504 6.08133 6.58551 6.93702 7.17152 7.46567 7.53483 7.60458 7.62956 7.64002 7.65083 7.64001 7.62708 7.58617 7.47222 6.69361 5.86914 4.09688 0.861603 -9999 -9999 -9999 -9999 -9999 -9999
-9999 8.86483 10.2933 11.148 11.4756 11.7105 11.9167 12.0643 12.2174 12.3624 12.4603 12.4083 11.6492 11.7045 11.8334 12.254 12.2164 12.1152 11.4515 9.23348 8.46021 7.33399 5.879 5.26207 5.55338 6.72738 6.66392 5.86898 4.98446 3.76487 2.98501 1.78151 -0.520671 -0.322341 0.703122 1.46472 2.68034 4.54208 5.84531 6.42322 6.63727 7.0885 7.32022 6.78287 6.26999 6.04995 5.64983 5.58558 5.57948 6.03278 6.38176 7.17464 7.43658 7.55194 7.6075 7.6342 7.65186 7.66926 7.67089 7.64868 7.64262 7.62929 7.56504 6.47053 3.7406 1.68156 -9999 -9999 -9999 -9999 -9999 -9999
-9999 -9999 10.0231 10.3963 10.4901 10.658 11.0071 11.4103 11.9818 12.051 12.3645 12.3573 11.7014 10.9459 11.5924 11.845 12.1067 12.1073 12.0149 10.148 9.16745 8.39303 6.99731 7.48408 7.94815 7.97341 7.67615 5.98351 4.29788 2.35516 0.540957 0.445319 -0.535367 -0.029853 0.645085 2.38987 3.61606 4.10962 4.46238 6.35515 6.84103 7.00202 7.48025 6.80897 6.63038 6.12318 6.26221 6.20948 6.20322 4.81394 6.18711 6.2606 7.15455 7.55156 7.63592 7.65391 7.67376 7.67134 7.66993 7.65913 7.6615 7.64067 7.61677 6.9024 3.44535 1.70319 -9999 -9999 -9999 -9999 -9999 -9999
-9999 -9999 -9999 -9999 10.1288 10.4121 10.5916 10.9062 11.8792 12.1381 12.3082 12.3176 12.0225 11.2742 11.0726 11.202 10.4711 11.069 11.8891 11.8596 11.7498 10.1077 9.26022 10.058 9.80131 8.56324 7.58656 6.62259 4.65075 3.20373 1.12586 -0.436445 -0.503831 1.20165 2.617 4.38271 5.15837 4.70697 5.18303 6.11849 7.18284 7.69343 7.56336 6.85613 6.74754 5.97016 6.71615 6.77161 6.41122 6.09855 6.20805 6.64583 6.80791 7.50575 7.66909 7.69175 7.69042 7.68673 7.67715 7.66653 7.65016 7.63544 7.61799 7.5783 4.02489 1.2562 -9999 -9999 -9999 -9999 -9999 -9999
-9999 -9999 -9999 -9999 9.44383 9.61444 10.071 11.2516 11.8647 12.1103 12.0965 12.2071 11.9974 11.3386 10.6622 10.0237 9.20165 9.66028 10.8853 11.6036 11.6769 10.2361 10.9684 10.6787 10.1182 8.50228 7.30853 6.67057 4.777 3.15362 1.76783 -0.141241 0.662359 1.54894 2.69072 4.61758 5.91601 6.44583 5.98921 6.58556 7.81144 7.81089 7.12873 7.16438 6.74286 5.68376 6.76781 7.06619 6.80897 6.86408 6.76021 6.91783 7.21224 7.49384 7.6788 7.69758 7.69352 7.68061 7.67372 7.66734 7.64665 7.64041 7.62291 7.59702 5.3005 1.20022 -9999 -9999 -9999 -9999 -9999 -9999
-9999 -9999 -9999 -9999 -9999 8.81531 9.86388 11.4329 11.8156 11.7748 12.0946 12.1172 11.7984 11.5206 10.701 9.58299 7.44098 7.97742 9.10444 10.7326 11.5835 11.4576 10.9666 10.1244 8.1018 6.33025 6.10541 5.80627 4.42144 3.16868 1.62912 2.50583 3.46773 4.52156 5.07201 4.92012 6.03177 6.93701 6.54352 7.27661 8.13261 7.73386 7.49462 7.29222 6.80674 6.76912 6.80962 7.42125 6.98253 7.23735 7.23264 7.20935 7.34837 7.50997 7.68047 7.70239 7.6958 7.69203 7.66463 7.66505 7.64778 7.63043 7.61368 7.59033 7.37518 5.16166 3.83641 -9999 -9999 -9999 -9999 -9999
-9999 -9999 -9999 -9999 -9999 7.83931 8.3596 10.2188 10.7864 11.6051 12.0372 12.0519 11.5175 11.2169 9.99849 9.59891 7.6171 6.71538 7.46623 7.16714 9.41181 11.3966 10.9502 6.91352 5.44447 4.39347 4.64971 4.64143 4.24833 2.12351 1.5309 3.41431 4.59732 5.51256 6.20549 6.34418 6.31366 7.73326 7.91609 8.37263 8.26488 8.30041 7.57278 7.11918 7.49748 7.03978 6.95411 7.58632 6.94563 7.50783 7.4291 7.2493 7.23229 7.60083 7.66953 7.70244 7.69766 7.67621 7.65055 7.63275 7.63793 7.62502 7.59669 7.59004 7.56161 7.2889 6.1403 5.73332 6.16645 -9999 -9999 -9999
-9999 -9999 -9999 -9999 -9999 -9999 6.61699 9.20283 10.3783 10.9952 11.8657 11.9658 11.6784 11.1628 9.92196 8.82965 7.05733 5.03375 3.95754 7.14573 9.91898 11.3617 11.1587 7.79696 6.46375 6.39174 7.16005 6.49217 5.98326 4.36609 3.87628 3.19975 3.60225 4.88041 5.92407 6.93142 7.66218 7.71592 8.18789 8.45553 8.47098 8.54964 8.45725 8.3801 7.67464 8.14581 7.72977 7.93697 7.78891 7.65442 7.53514 7.12944 7.40227 7.64323 7.69983 7.71138 7.68938 7.67902 7.66166 7.63147 7.61349 7.6046 7.59477 7.57434 7.56623 7.54326 7.40706 6.71265 5.78587 4.61728 -9999 -9999
-9999 -9999 -9999 -9999 -9999 -9999 5.31868 7.89177 9.12575 10.72 11.5371 11.865 11.8154 11.3965 10.4521 9.03341 7.85014 5.59198 3.24709 6.59433 9.57353 11.1773 11.2533 8.42438 9.19489 8.55351 8.79777 7.63223 7.1422 6.75227 5.91327 4.99711 3.99476 3.46134 5.81443 7.01949 7.98811 8.44138 8.69468 8.81764 8.74032 8.55533 7.49933 8.29038 8.2368 8.14849 8.04841 7.99537 7.90373 7.79741 7.72861 7.69992 7.42803 7.71886 7.70311 7.69983 7.69407 7.67921 7.65732 7.63727 7.61405 7.60594 7.58833 7.57031 7.55529 7.54104 7.52417 7.47804 7.28739 5.72106 4.78094 4.50966
-9999 -9999 -9999 -9999 -9999 -9999 1.6913 5.43717 8.44279 10.0121 11.2872 11.6338 11.7596 11.1994 10.7787 9.75986 8.79441 7.30829 5.08549 3.71359 6.21751 9.8604 11.1957 11.0781 10.9839 10.2443 9.57674 9.48373 9.5233 8.74774 7.62125 6.15542 5.69125 5.17274 6.92338 7.15467 7.01921 8.94535 8.94281 8.82587 8.079 7.24281 7.39208 6.8715 7.25301 6.63324 7.18621 7.66296 7.83547 7.81162 7.73585 7.71912 7.68188 7.72384 7.71531 7.6995 7.6858 7.67516 7.66076 7.63108 7.61103 7.61171 7.58728 7.56794 7.54903 7.53699 7.52443 7.48813 7.4544 7.20652 6.83815 6.14144
-9999 -9999 -9999 -9999 -9999 -9999 1.84759 4.9938 7.66482 9.2634 10.8012 11.1535 11.6685 11.5499 11.1094 10.2229 9.11664 7.89226 5.98423 4.56384 6.23568 8.65178 10.379 10.9888 10.9709 10.9193 10.7445 10.6642 10.4625 10.3155 9.50666 8.1198 7.33383 6.18775 8.13947 8.35187 8.03808 9.00875 8.95246 7.46634 6.32186 6.17252 6.85724 6.18925 6.06184 5.64254 6.09796 7.33317 6.96111 7.02393 7.57637 7.66088 7.70942 7.71753 7.70589 7.69567 7.67872 7.6729 7.66707 7.6377 7.62011 7.60756 7.57846 7.56462 7.54169 7.52012 7.50218 7.47884 7.44743 7.37105 7.2865 7.35462
-9999 -9999 -9999 -9999 -9999 -9999 1.90681 4.02039 6.42336 8.7801 10.4226 11.0815 11.5595 11.548 11.0369 10.5928 9.89665 8.81857 8.0765 6.79349 5.03533 7.9608 8.85205 9.64261 9.96899 10.7962 10.7659 10.3726 9.91428 10.3181 10.1851 9.08718 8.72061 8.10773 9.18966 9.18454 9.14676 9.08087 7.82409 6.08004 4.68442 5.67554 5.4589 5.90796 4.47598 5.63688 6.56863 6.8648 6.21743 5.73425 7.18934 7.42074 7.55715 7.64183 7.69494 7.67272 7.68032 7.66441 7.65285 7.64084 7.62088 7.60576 7.58536 7.56451 7.54145 7.5215 7.49651 7.46576 7.45608 7.4123 7.39004 7.36691
-9999 -9999 -9999 -9999 -9999 -9999 -9999 2.76205 5.80763 8.52796 10.0398 10.9883 11.4471 11.4322 11.1676 10.8636 10.4291 9.64914 8.67099 7.12953 5.98291 6.69707 7.57004 7.65672 8.23369 9.92472 10.4961 9.66311 7.61642 8.80566 10.1366 10.106 9.98305 9.84683 9.67344 9.51809 9.1876 8.31537 5.65897 5.13163 4.08494 4.19527 3.65428 4.80872 4.36173 5.54902 6.05849 6.24522 5.13038 5.35214 6.63937 7.14548 7.05206 7.35992 7.65434 7.6568 7.65812 7.64308 7.64235 7.63751 7.62519 7.60325 7.58566 7.57058 7.53503 7.52663 7.41993 7.34778 7.21001 7.36267 7.37028 7.36522
-9999 -9999 -9999 -9999 -9999 -9999 -9999 2.14707 5.18842 8.393 9.41776 10.4406 11.3224 11.3332 10.9321 10.5502 10.1568 9.70962 8.52489 7.37558 6.27774 5.90365 6.1147 6.08492 7.02446 9.23071 9.65036 9.45807 7.31806 6.5892 8.37047 9.8663 9.97621 9.83148 8.05276 8.42203 7.45914 6.15609 5.79203 5.21748 4.01165 4.58065 3.69506 4.06322 3.94901 4.61936 4.94168 5.74048 4.76785 4.76014 6.02356 6.659 6.66724 7.33495 7.56826 7.62403 7.63271 7.63696 7.63278 7.63631 7.62297 7.60586 7.58544 7.54583 7.46151 7.21372 5.92184 5.9156 6.25947 6.58461 7.17975 7.33937
-9999 -9999 -9999 -9999 -9999 -9999 -9999 2.49331 4.60184 7.4445 9.54851 9.6748 10.6943 11.2173 10.7818 10.292 9.79093 9.56768 8.27905 6.86408 5.71917 4.36522 4.57861 5.53645 7.10383 8.52592 8.77276 8.46788 7.31457 7.84394 9.05603 9.69568 9.87839 9.71963 9.32591 9.09517 8.384 8.07147 7.08692 5.55178 4.94243 5.31564 3.68605 3.79124 4.38258 3.73148 4.77304 5.26696 4.01361 4.98637 6.10636 6.67514 7.17159 7.40265 7.49033 7.62889 7.62553 7.63066 7.63023 7.62098 7.61374 7.58284 7.5559 7.41238 7.20412 6.00202 5.48999 5.57986 6.12432 6.60022 7.09243 7.29222
-9999 -9999 -9999 -9999 -9999 -9999 -9999 2.84746 4.74516 7.209 8.70721 8.96997 10.1012 11.1062 10.9864 10.4771 10.317 9.78912 8.69514 7.4874 6.16785 5.52218 4.04796 5.48309 6.61197 7.81511 8.37325 7.42321 6.94412 7.76798 8.58709 8.90922 9.73689 9.72078 9.44029 8.25772 7.67713 7.91152 7.65774 7.21905 6.15984 6.10511 5.42169 5.13378 4.86125 3.98829 4.52728 4.57351 4.70948 5.88382 6.46285 6.84418 7.19046 7.27579 7.42226 7.61465 7.62497 7.62491 7.61679 7.61327 7.59128 7.52707 7.4717 7.19049 6.69841 5.78674 4.30716 5.33216 6.40439 6.71551 7.01895 7.17459
-9999 -9999 -9999 -9999 -9999 -9999 -9999 2.51684 4.53307 6.6378 7.51402 7.65738 9.70988 10.964 10.9593 10.7142 10.429 9.13568 9.20379 8.93903 7.74802 6.01655 4.11555 4.28497 5.40051 6.99156 7.51253 5.95064 5.39492 5.78878 7.03191 8.14391 9.3055 9.59453 9.24332 7.40689 5.45589 6.3494 7.30465 7.29154 7.00116 6.01811 5.70042 5.41195 4.69221 3.47591 3.64084 3.96734 5.29797 5.71582 6.36595 6.90466 6.69078 6.80368 7.31907 7.61167 7.61563 7.61365 7.61621 7.60196 7.57664 7.45603 7.32865 7.11991 5.84922 5.05608 3.90253 5.21992 5.94836 6.32603 7.01941 7.17906
-9999 -9999 -9999 -9999 -9999 -9999 -9999 1.88458 3.34593 5.35731 6.16404 7.45464 9.39384 10.3442 10.7961 10.779 10.5866 10.0035 9.64987 8.96008 7.72149 6.03054 4.15162 2.92555 3.53659 5.67681 6.17456 4.73619 4.00157 4.89743 6.22289 8.18962 9.30988 9.45419 9.34417 8.95921 7.53267 5.81077 5.80881 6.6607 5.93349 5.08947 5.54122 5.44792 4.73711 4.21773 3.89076 4.07272 4.82826 5.13751 5.88978 7.00402 7.15695 7.11742 7.5823 7.59844 7.60204 7.61246 7.60448 7.5927 7.57103 7.47124 7.25697 6.40864 5.66781 4.64012 4.50612 5.67422 6.18058 6.65102 6.98722 7.09167
-9999 -9999 -9999 -9999 -9999 -9999 -9999 0.800521 2.52091 4.40465 6.168 7.83587 9.27035 9.37497 10.1282 10.1203 10.5114 10.3901 9.84894 9.26684 8.19866 6.02875 4.20276 2.21195 2.72658 4.91044 5.18272 4.21755 2.44165 4.2583 6.26264 8.07852 9.05785 8.27571 9.06114 8.98809 8.44866 7.42043 5.82602 5.84815 4.65122 4.59145 5.19396 5.38393 5.2739 4.88189 4.25753 4.3465 4.80031 4.91076 5.60139 6.46395 7.30716 7.44244 7.59714 7.59657 7.59174 7.59755 7.59179 7.56658 7.51551 7.41144 6.69906 5.85323 5.32912 4.61067 4.51651 5.87067 6.39888 6.69021 6.97953 7.0891
-9999 -9999 -9999 -9999 -9999 -9999 -9999 -9999 2.33792 4.28418 5.72261 6.10511 7.3794 8.06432 8.59269 8.70434 10.2246 10.3015 9.95574 9.42044 8.5083 6.85988 5.70888 3.79902 2.42392 2.96923 3.22023 3.71414 3.5576 4.3632 6.28901 8.29582 8.50755 7.21952 7.40113 7.66106 8.25342 7.94104 5.77133 4.66503 3.7453 4.38477 5.0578 5.21431 5.23887 5.09891 4.93074 4.65384 5.55669 6.22265 6.37076 6.95057 7.37665 7.4887 7.5713 7.57486 7.57869 7.57139 7.53866 7.51285 7.39641 7.14474 6.34875 4.44516 4.52581 4.31278 3.71499 5.03594 5.85845 6.60334 6.99546 7.09087
-9999 -9999 -9999 -9999 -9999 -9999 -9999 -9999 1.68192 3.9348 4.40552 4.36348 3.60878 3.94637 6.7126 7.264 8.72165 10.1014 9.99215 9.46684 8.61293 7.62803 6.10732 3.96039 2.25275 1.52336 3.33948 5.12515 5.48766 6.05282 7.22974 7.44684 6.13061 4.89587 5.57672 5.9837 7.55656 7.83712 7.52185 6.21124 4.7138 3.92809 4.83731 4.9514 4.99779 4.99994 4.95739 4.9048 5.92057 6.48061 6.86662 7.07312 7.43776 7.52524 7.54802 7.56912 7.55485 7.52815 7.46181 7.38739 7.08513 6.72072 5.42174 4.33737 3.65811 2.79791 4.7102 5.2673 6.04352 6.54026 6.9301 7.00927
