Test_Spring_2018b/01_18/Temp/20180115_002.txt
ncols	170
nrows	115
xllcorner	350000.000000
yllcorner	4445000.000000
cellsize	1000.000000
nodata_value	-9999.000000
[rows 31 to 61 of 115, columns 71 to 141 of 170]
7.59519 7.77871 7.40694 7.43443 8.29293 8.47807 8.45622 8.37214 8.28018 7.85729 7.70964 7.37445 6.79112 6.54123 5.51076 2.19972 3.12486 3.48086 2.51407 3.03879 3.89873 3.13139 0.873617 -0.104806 -1.67465 -1.19211 -1.67307 -2.93912 -9999 -9999 -9999 -9999 -9999 -9999 -9999 -9999 -9999 -9999 -9999 -9999 -9999 -9999 -9999 -9999 -9999 -9999 -9999 -9999 -9999 -9999 -9999 -9999 -9999 -9999 -9999 -9999 -9999 -9999 -9999 -9999 -9999 -9999 -9999 -9999 -9999 -9999 -9999 -9999 -9999 -9999 -9999
7.40863 7.37769 7.01925 7.55077 8.03946 7.72413 7.51518 8.3262 8.31695 8.02866 7.36394 7.11411 6.85537 6.69313 5.84286 3.47439 1.33827 2.46806 2.4854 1.68774 3.09083 2.33457 0.377563 -2.38108 -0.897267 -1.29634 -3.25607 -3.74695 -9999 -9999 -9999 -9999 -9999 -9999 -9999 -9999 -9999 -9999 -9999 -9999 -9999 -9999 -9999 -9999 -9999 -9999 -9999 -9999 -9999 -9999 -9999 -9999 -9999 -9999 -9999 -9999 -9999 -9999 -9999 -9999 -9999 -9999 -9999 -9999 -9999 -9999 -9999 -9999 -9999 -9999 -9999
7.10364 6.91175 6.75269 7.54689 7.52124 7.45987 7.74105 8.24249 8.33458 8.21661 7.92154 7.66483 7.3923 6.71502 5.74379 3.71545 1.28534 0.726695 1.90161 1.94864 2.12915 1.43894 0.574459 -0.772364 0.311999 0.726761 -0.564728 -2.25264 -3.33865 -9999 -9999 -9999 -9999 -9999 -9999 -9999 -9999 -9999 -9999 -9999 -9999 -9999 -9999 -9999 -9999 -9999 -9999 -9999 -9999 -9999 -9999 -9999 -9999 -9999 -9999 -9999 -9999 -9999 -9999 -9999 -9999 -9999 -9999 -9999 -9999 -9999 -9999 -9999 -9999 -9999 -9999
6.64182 6.35559 5.56782 6.0429 6.39745 7.05966 7.22853 7.32039 8.26921 8.20945 8.15602 7.73792 7.40168 6.8505 5.91548 4.58812 2.99177 0.219226 1.91305 3.23716 3.19302 3.10987 2.50109 1.20666 2.27067 2.31067 0.663224 -1.2074 -2.31353 -2.77715 -9999 -9999 -9999 -9999 -9999 -9999 -9999 -9999 -9999 -9999 -9999 -9999 -9999 -9999 -9999 -9999 -9999 -9999 -9999 -9999 -9999 -9999 -9999 -9999 -9999 -9999 -9999 -9999 -9999 -9999 -9999 -9999 -9999 -9999 -9999 -9999 -9999 -9999 -9999 -9999 -9999
5.99906 5.72302 4.76267 5.24067 5.88157 6.7902 7.256 7.60856 7.88611 8.16936 8.12593 7.69837 6.45298 6.26727 6.20452 5.33312 3.51455 1.69819 1.22031 3.24533 3.81765 3.68871 4.13277 3.03451 3.53807 3.31672 2.72607 0.926424 -0.718245 -1.40439 -2.75001 -9999 -9999 -9999 -9999 -9999 -9999 -9999 -9999 -9999 -9999 -9999 -9999 -9999 -9999 -9999 -9999 -9999 -9999 -9999 -9999 -9999 -9999 -9999 -9999 -9999 -9999 -9999 -9999 -9999 -9999 -9999 -9999 -9999 -9999 -9999 -9999 -9999 -9999 -9999 -9999
-9999 -9999 -9999 4.15691 5.03291 5.75946 6.64456 7.40924 7.7883 8.15629 8.11722 7.27172 6.85357 6.80879 6.23482 5.23036 4.59626 3.44901 2.25393 2.69648 4.42159 3.63918 4.8581 4.74338 4.95856 4.12589 2.55966 0.468641 -0.756492 -1.37148 -2.46388 -9999 -9999 -9999 -9999 -9999 -9999 -9999 -9999 -9999 -9999 -9999 -9999 -9999 -9999 -9999 -9999 -9999 -9999 -9999 -9999 -9999 -9999 -9999 -9999 -9999 -9999 -9999 -9999 -9999 -9999 -9999 -9999 -9999 -9999 -9999 -9999 -9999 -9999 -9999 -9999
-9999 -9999 -9999 -9999 4.87205 5.42425 6.61432 7.22243 7.46554 8.0646 8.05743 7.73189 7.48389 7.12775 6.66509 5.90792 5.07324 3.99362 3.88456 4.98439 4.98761 4.74502 4.91648 5.47591 5.31458 4.03046 1.82759 0.656386 -1.71377 -2.7342 -2.64111 -3.36715 -9999 -9999 -9999 -9999 -9999 -9999 -9999 -9999 -9999 -9999 -9999 -9999 -0.752502 -9999 -9999 -9999 -9999 -9999 -9999 -9999 -9999 -9999 -9999 -9999 -9999 -9999 -9999 -9999 -9999 -9999 -9999 -9999 -9999 -5.26538 -9999 -9999 -9999 -9999 -9999
-9999 -9999 -9999 4.77418 5.51514 6.08937 6.83233 6.89429 7.33354 8.02384 8.02574 7.79258 7.53005 6.95022 6.79976 6.36482 5.45943 5.26631 5.6193 5.77614 5.95507 6.06097 5.95525 5.71313 5.40341 4.57353 3.54403 2.84954 0.683794 -0.416446 -1.46908 -3.05675 -4.30081 -9999 -9999 -9999 -9999 -9999 -9999 -9999 -1.53628 -1.60453 -1.58619 -1.2499 -0.304423 -0.875475 -9999 -9999 -9999 -9999 -9999 -9999 -9999 -9999 -9999 -9999 -9999 -9999 -9999 -9999 -9999 -9999 -9999 -9999 -9999 -4.40367 -5.65588 -9999 -9999 -9999 -9999
-9999 -9999 -9999 4.97895 5.75788 6.14287 6.86446 7.27402 7.53747 7.77163 7.99504 7.94805 7.65863 7.22244 7.21641 6.61792 6.29065 6.05387 6.5348 6.62133 6.41346 6.15527 5.92553 5.29613 5.21329 5.00196 4.34431 3.27214 2.16784 0.5773 -1.5746 -3.6849 -5.38883 -9999 -9999 -9999 -9999 -9999 -9999 -1.3474 -0.563516 -0.0978278 -1.11831 -0.264658 0.514704 0.378737 -0.397271 -9999 -9999 -9999 -9999 -9999 -9999 -9999 -9999 -9999 -9999 -9999 -9999 -9999 -9999 1.52433 0.24102 -2.34148 -3.67002 -4.47106 -5.61061 -9999 -9999 -9999 -9999
-9999 -9999 -9999 4.82271 5.7444 6.3664 6.91784 6.99971 7.56699 7.80589 7.92245 7.89996 7.83619 7.7491 7.22607 6.99578 6.20882 6.94281 6.90433 6.70538 5.94909 5.61478 4.32374 3.74915 3.61305 4.67765 3.87089 2.19904 0.112088 -2.39302 -2.56686 -3.40221 -4.92615 -9999 -9999 -9999 -9999 -9999 -9999 -1.1006 -0.261539 0.437109 0.530431 -0.48413 0.908282 0.843739 0.0488122 -0.139544 0.493461 0.809342 0.554475 1.31259 1.5277 1.17138 1.54185 -9999 -9999 -9999 -9999 1.71958 1.76136 1.79049 1.25006 -1.57037 -3.49984 -5.23359 -5.40185 -9999 -9999 -9999 -9999
-9999 -9999 -9999 5.4662 6.03071 6.31255 6.35204 6.8466 7.34198 7.64009 7.86013 7.80704 7.78073 7.75301 7.56848 7.15068 7.2148 7.17182 6.92294 5.49346 3.82644 4.53702 3.53984 1.42627 3.12355 4.05122 3.13841 1.11471 -1.22981 -2.00431 -1.98391 -3.14176 -4.62637 -9999 -9999 -9999 -3.38981 -2.18387 -2.08738 -1.73844 -0.615999 0.235475 0.872597 1.30451 1.2816 0.80394 0.0259641 -0.818751 -0.531869 0.958412 1.31403 1.61034 1.83352 1.50195 1.66056 2.0521 2.24978 2.28217 2.1781 2.14683 2.1699 2.11224 1.60728 -0.916748 -2.36553 -3.29353 -5.15064 -9999 -9999 -9999 -9999
-9999 -9999 -9999 5.11013 5.60015 5.99577 6.65608 6.71976 7.13635 7.38193 7.74552 7.78014 7.33502 7.68843 7.63327 7.55675 7.40391 7.18385 5.97574 4.31412 2.64807 1.87263 2.18913 0.911474 1.54868 2.48876 2.12674 0.882915 -1.20707 -1.51094 -2.00482 -3.94633 -5.81453 -9999 -9999 -5.73721 -3.41484 -1.7823 -0.944692 -0.691691 -0.675972 0.39931 0.474699 1.63277 1.35039 -0.205713 -0.0424771 -0.656672 -0.277915 0.262193 0.4028 1.18241 1.93383 2.06782 2.06142 2.30717 2.35002 2.3539 2.3376 2.15474 2.22429 2.2267 1.90817 0.076751 -0.82143 -1.80884 -5.12566 -9999 -9999 -9999 -9999
-9999 -9999 -9999 5.36641 5.91533 6.51734 6.60872 7.05301 6.99641 6.86241 7.48486 7.70546 7.38909 7.15888 7.56009 7.52279 7.45893 7.35931 6.22329 4.90984 2.92668 1.68984 0.931007 0.387016 -0.335375 0.141623 -0.0196234 -0.231609 -0.0124797 -0.597538 -1.74864 -2.88908 -5.01486 -6.16857 -9999 -5.61124 -4.56827 -2.62487 -0.974721 0.0693252 -0.31893 0.905108 1.12412 1.82677 1.39883 0.449459 0.0356364 -0.0107765 -0.144478 0.675933 1.2221 1.60457 1.85814 2.17643 2.25011 2.32424 2.34958 2.35899 2.36865 2.35473 2.33847 2.29185 2.166 1.31858 0.423179 -1.50269 -5.01655 -9999 -9999 -9999 -9999
-9999 -9999 3.75213 5.30219 6.22811 6.58213 6.83572 7.05845 7.21775 7.38655 7.54023 7.64561 7.58811 6.76263 6.82105 6.95909 7.41368 7.37046 7.25805 6.5348 4.12405 3.28477 2.06192 0.480958 -0.187998 0.12787 1.40235 1.33332 0.470148 -0.490292 -1.81381 -2.66165 -3.96874 -6.46899 -6.25468 -5.14263 -4.31744 -2.99957 -0.980389 0.432208 1.05721 1.28717 1.7778 2.02769 1.4444 0.887826 0.648066 0.21287 0.142429 0.135125 0.626627 1.0062 1.86579 2.14901 2.27293 2.33163 2.3588 2.37597 2.39272 2.39224 2.36584 2.357 2.34037 2.26986 1.07976 -1.88458 -4.12119 -9999 -9999 -9999 -9999
-9999 -9999 -9999 5.01372 5.41687 5.51703 5.69789 6.07577 6.51255 7.13552 7.20916 7.5481 7.53746 6.8239 6.00191 6.70192 6.97401 7.25578 7.25381 7.15087 5.1242 4.05791 3.21575 1.69926 2.22872 2.7323 2.75959 2.43681 0.598994 -1.2312 -3.33985 -5.30998 -5.41432 -6.48033 -5.93244 -5.20104 -3.30837 -1.97911 -1.4456 -1.06512 0.987468 1.5146 1.68866 2.20648 1.47638 1.2828 0.731336 0.881648 0.823798 0.816412 -0.692688 0.79894 0.877669 1.84707 2.2766 2.36655 2.38422 2.40371 2.39888 2.39504 2.38098 2.38124 2.35733 2.33045 1.55333 -2.20161 -4.09407 -9999 -9999 -9999 -9999
-9999 -9999 -9999 -9999 -9999 5.12942 5.43558 5.62937 5.9699 7.02861 7.30817 7.49127 7.49976 7.17752 6.36258 6.1417 6.27992 5.48385 6.13087 7.01998 6.98627 6.86556 5.08134 4.16167 5.02747 4.74856 3.40421 2.34381 1.29725 -0.84367 -2.41408 -4.6705 -6.36737 -6.44138 -4.59076 -3.05565 -1.14031 -0.30031 -0.79291 -0.278607 0.736237 1.89008 2.44288 2.30028 1.53121 1.41365 0.568924 1.37836 1.43805 1.04622 0.706144 0.825656 1.29994 1.47465 2.23088 2.40653 2.42916 2.42561 2.41934 2.40659 2.39269 2.37353 2.35575 2.3352 2.29072 -1.56878 -4.57579 -9999 -9999 -9999 -9999
-9999 -9999 -9999 -9999 -9999 4.39027 4.57409 5.06863 6.34948 7.01713 7.28217 7.26545 7.38363 7.15397 6.43659 5.69988 5.0043 4.10953 4.6054 5.93365 6.71187 6.79011 5.22467 6.02026 5.70546 5.09668 3.34216 2.04609 1.35354 -0.702389 -2.46432 -3.96931 -6.04276 -5.17111 -4.20971 -2.97159 -0.881408 0.526179 1.09906 0.601308 1.24681 2.57609 2.57394 1.83194 1.86955 1.41226 0.261698 1.43824 1.76175 1.48197 1.54125 1.42906 1.59912 1.91749 2.22173 2.4208 2.4392 2.43263 2.41632 2.40645 2.39754 2.37311 2.36456 2.34401 2.31457 -0.180126 -4.63293 -9999 -9999 -9999 -9999
-9999 -9999 -9999 -9999 -9999 -9999 3.71085 4.84812 6.55057 6.96804 6.92192 7.26727 7.28985 6.94157 6.63778 5.74551 4.52931 2.20126 2.78167 4.00357 5.76982 6.69251 6.55485 6.02231 5.10761 2.91136 0.987846 0.74382 0.419131 -1.08444 -2.44401 -4.11604 -3.16476 -2.12131 -0.978375 -0.382378 -0.549306 0.655446 1.63606 1.20665 2.00067 2.92836 2.4939 2.23287 2.01206 1.48535 1.44396 1.48744 2.15108 1.67423 1.95035 1.94578 1.91938 2.06898 2.24287 2.4262 2.44798 2.43863 2.43222 2.40018 2.39851 2.37781 2.35723 2.33755 2.31091 2.07623 -0.327891 -1.76764 -9999 -9999 -9999
-9999 -9999 -9999 -9999 -9999 -9999 2.65549 3.21908 5.2365 5.85467 6.74161 7.20876 7.22262 6.64016 6.31172 4.98653 4.55028 2.39633 1.41503 2.22857 1.90234 4.33842 6.49257 6.00852 1.6253 0.0301301 -1.11104 -0.832755 -0.841696 -1.26855 -3.57508 -4.21902 -2.17476 -0.891314 0.101059 0.85172 1.00055 0.965052 2.50421 2.70056 3.19435 3.07565 3.11278 2.32149 1.82797 2.23917 1.74165 1.64814 2.3341 1.63792 2.24774 2.16278 1.96637 1.9465 2.34504 2.41779 2.45148 2.44423 2.41856 2.38845 2.367 2.37071 2.355 2.32278 2.31432 2.2824 1.98563 0.737693 0.295094 0.764711 -9999
-9999 -9999 -9999 -9999 -9999 -9999 -9999 1.33122 4.13754 5.41579 6.08343 7.02643 7.13291 6.82009 6.25746 4.90747 3.71907 1.79262 -0.40632 -1.57719 1.88315 4.89322 6.45885 6.23913 2.58875 1.14101 1.06277 1.89696 1.17172 0.618987 -1.13644 -1.66888 -2.40433 -1.96846 -0.580979 0.550391 1.6418 2.43294 2.48909 2.99953 3.28812 3.30324 3.38724 3.28573 3.20097 2.43544 2.94646 2.49419 2.71862 2.55726 2.41055 2.28153 1.83978 2.13455 2.39452 2.4541 2.46515 2.43887 2.42528 2.4042 2.36937 2.34794 2.33664 2.32454 2.30112 2.29127 2.26566 2.11697 1.36222 0.355203 -0.914374
-9999 -9999 -9999 -9999 -9999 -9999 -9999 -0.0742017 2.71816 4.05998 5.78874 6.67598 7.03011 6.97322 6.51551 5.48749 3.94475 2.65793 0.204322 -2.34315 1.28876 4.52245 6.26296 6.34484 3.27431 4.11072 3.41415 3.67919 2.41344 1.88105 1.45807 0.546323 -0.449445 -1.53711 -2.11763 0.435069 1.74121 2.79067 3.28068 3.55375 3.6855 3.5997 3.39741 2.24962 3.10755 3.04984 2.95332 2.84404 2.78582 2.68564 2.56942 2.4952 2.46273 2.16598 2.4809 2.46224 2.45632 2.44772 2.42929 2.40335 2.37956 2.35254 2.34211 2.32152 2.30073 2.28337 2.26717 2.248 2.1971 1.98929 0.287741
-9999 -9999 -9999 -9999 -9999 -9999 -9999 -4.00845 0.0572022 3.32637 5.02747 6.41045 6.78372 6.91735 6.30631 5.84692 4.73838 3.68808 2.07277 -0.342115 -1.83282 0.883132 4.83779 6.2868 6.16018 6.05757 5.25416 4.52903 4.42766 4.47015 3.62834 2.40758 0.814344 0.309604 -0.255561 1.64305 1.89191 1.74263 3.83196 3.8273 3.69861 2.88615 1.9765 2.13745 1.57103 1.98573 1.31207 1.91179 2.42872 2.61525 2.58846 2.50668 2.48853 2.4463 2.49078 2.47929 2.45982 2.44265 2.42886 2.4111 2.37692 2.35337 2.35253 2.32462 2.30243 2.28064 2.26679 2.25222 2.2119 2.17437 1.9043
-9999 -9999 -9999 -9999 -9999 -9999 -9999 -3.8302 -0.411041 2.48641 4.22095 5.8877 6.2673 6.82351 6.69205 6.21124 5.24635 4.04319 2.71207 0.638939 -0.904471 0.909892 3.5302 5.40489 6.06819 6.04781 5.99136 5.80106 5.7177 5.4978 5.33813 4.45847 2.95246 2.09706 0.850523 2.96751 3.19595 2.85311 3.90506 3.84208 2.22677 0.982593 0.819127 1.561 0.834696 0.696897 0.240451 0.734146 2.07451 1.67139 1.73853 2.33886 2.42899 2.4811 2.48782 2.473 2.45966 2.43903 2.43054 2.42215 2.38834 2.36749 2.3523 2.3193 2.30309 2.27711 2.25289 2.23205 2.20571 2.17059 2.08662
-9999 -9999 -9999 -9999 -9999 -9999 -9999 -3.75718 -1.46298 1.14343 3.70138 5.48183 6.19439 6.71057 6.69544 6.13799 5.65351 4.89565 3.72336 2.91618 1.52188 -0.388164 2.78744 3.75178 4.6112 4.96974 5.86748 5.83397 5.40609 4.90776 5.34492 5.20086 4.00691 3.60692 2.93938 4.11202 4.10435 4.06128 3.98778 2.62136 0.726011 -0.790854 0.283964 0.0475335 0.533601 -1.02073 0.240754 1.25169 1.57241 0.867751 0.341948 1.92245 2.17354 2.31974 2.40965 2.46519 2.43889 2.44498 2.4256 2.41105 2.39612 2.37274 2.35475 2.33117 2.30723 2.28115 2.25859 2.23041 2.19749 2.18593 2.13658
-9999 -9999 -9999 -9999 -9999 -9999 -9999 -9999 -2.81962 0.486265 3.43697 5.07545 6.10223 6.59742 6.57852 6.28863 5.9564 5.48269 4.63419 3.5708 1.89601 0.650123 1.4248 2.36923 2.46434 3.09024 4.9257 5.54529 4.63992 2.41805 3.71014 5.15361 5.11849 4.98302 4.83305 4.64168 4.47096 4.11013 3.16116 0.275058 -0.298026 -1.43592 -1.31738 -1.90593 -0.653877 -1.13866 0.149653 0.701943 0.903731 -0.307839 -0.0659543 1.33195 1.87971 1.77635 2.10858 2.42533 2.42589 2.42522 2.40685 2.40411 2.39702 2.38192 2.35751 2.33705 2.31943 2.27992 2.26984 2.15289 2.07344 1.92269 2.08721
-9999 -9999 -9999 -9999 -9999 -9999 -9999 -9999 -3.47981 -0.180333 3.29628 4.406 5.51366 6.46827 6.47731 6.03941 5.62249 5.19335 4.70613 3.41831 2.16916 0.97605 0.568897 0.797147 0.762669 1.78206 4.17676 4.63147 4.4216 2.10087 1.30796 3.24038 4.86272 4.98013 4.82097 2.88761 3.28657 2.23914 0.822455 0.425452 -0.199967 -1.5107 -0.894191 -1.85699 -1.45839 -1.58229 -0.855398 -0.506424 0.359838 -0.697404 -0.704606 0.667566 1.35577 1.36283 2.08585 2.33714 2.39563 2.40301 2.40565 2.39922 2.40128 2.38514 2.36503 2.34144 2.2971 2.20429 1.93441 0.530528 0.522525 0.894626 1.24631
-9999 -9999 -9999 -9999 -9999 -9999 -9999 -9999 -3.09801 -0.811334 2.2724 4.55408 4.68839 5.79264 6.35791 5.88257 5.34861 4.80254 4.55836 3.1576 1.61983 0.375421 -1.09586 -0.865287 0.17362 1.87313 3.41624 3.68316 3.35091 2.10171 2.67495 3.98935 4.68208 4.87857 4.70424 4.27478 4.02231 3.24824 2.90709 1.83637 0.167929 -0.495192 -0.0913408 -1.86205 -1.74907 -1.10819 -1.815 -0.685186 -0.150048 -1.51218 -0.452609 0.761859 1.3777 1.9149 2.16386 2.25708 2.40555 2.39992 2.40356 2.40123 2.38942 2.3799 2.34478 2.31405 2.15681 1.92934 0.622782 0.0659593 0.162204 0.752001 1.26729
-9999 -9999 -9999 -9999 -9999 -9999 -9999 -9999 -2.70749 -0.649668 2.02283 3.64682 3.9294 5.15502 6.24375 6.11128 5.55609 5.38023 4.80517 3.61564 2.30272 0.868507 0.166072 -1.43596 0.121011 1.34407 2.64928 3.25408 2.2259 1.70423 2.59719 3.48489 3.83287 4.72971 4.71031 4.40385 3.11793 2.48568 2.7384 2.46113 1.9832 0.831579 0.770717 0.0272806 -0.286654 -0.583854 -1.53163 -0.947586 -0.898632 -0.750085 0.526329 1.15342 1.56576 1.93995 2.03073 2.18785 2.39482 2.4041 2.40214 2.39149 2.38591 2.36034 2.28901 2.22734 1.92053 1.3848 0.393501 -1.21395 -0.102434 1.06032 1.39674
-9999 -9999 -9999 -9999 -9999 -9999 -9999 -9999 -3.06037 -0.873812 1.40882 2.35754 2.51055 4.73658 6.0958 6.08839 5.82003 5.50822 4.10201 4.17415 3.88497 2.59017 0.708592 -1.35702 -1.17454 0.0364969 1.76001 2.32433 0.631882 0.0269527 0.453 1.80109 3.00674 4.26617 4.57814 4.19493 2.19907 0.0788533 1.04725 2.08275 2.06688 1.75001 0.681115 0.334726 0.0201072 -0.762756 -2.08334 -1.90557 -1.55236 -0.103698 0.348483 1.05279 1.63603 1.40204 1.52281 2.08056 2.39639 2.39881 2.39481 2.39576 2.37852 2.34932 2.21669 2.07679 1.84858 0.46735 -0.395323 -1.64947 -0.219919 0.569476 0.980286
-9999 -9999 -9999 -9999 -9999 -9999 -9999 -9999 -3.74071 -2.15662 0.024691 0.898019 2.29678 4.39984 5.42925 5.9176 5.89683 5.6857 5.05054 4.66468 3.91387 2.56724 0.729505 -1.31229 -2.64518 -1.98333 0.337455 0.879228 -0.681802 -1.48103 -0.509935 0.927557 3.06128 4.27586 4.43073 4.30943 3.88961 2.33886 0.467441 0.463581 1.38689 0.595668 -0.322331 0.166674 0.0639112 -0.709311 -1.27467 -1.62962 -1.4311 -0.609074 -0.274813 0.540413 1.74861 1.91295 1.86825 2.37121 2.38691 2.38897 2.39844 2.38797 2.37339 2.34811 2.23805 2.00374 1.081 0.275016 -0.842411 -0.989459 0.277831 0.826103 1.33751
-9999 -9999 -9999 -9999 -9999 -9999 -9999 -9999 -4.9116 -3.04623 -1.00348 0.908595 2.71705 4.27212 4.3833 5.1988 5.18791 5.61042 5.4766 4.88695 4.25293 3.09119 0.733248 -1.25121 -3.4146 -2.85756 -0.486963 -0.190383 -1.23993 -3.16982 -1.19895 0.975671 2.94561 4.0072 3.15615 4.00715 3.92601 3.33849 2.22025 0.487282 0.509602 -0.791697 -0.858202 -0.20556 -0.00080128 -0.121756 -0.54884 -1.22689 -1.12918 -0.634746 -0.516331 0.231998 1.16695 2.08084 2.22601 2.39222 2.38981 2.38274 2.38723 2.37916 2.34998 2.29275 2.17799 1.40277 0.482668 -0.0880615 -0.869786 -0.973626 0.49483 1.06756 1.38448
