Test_Spring_2018b/01_18/Temp/20180125_005.txt
ncols	170
nrows	115
xllcorner	350000.000000
yllcorner	4445000.000000
cellsize	1000.000000
nodata_value	-9999.000000
[rows 31 to 61 of 115, columns 70 to 139 of 170]
1.58346 2.31136 2.57426 2.05511 2.09884 3.32556 3.5961 3.57172 3.46684 3.34382 2.75443 2.55268 2.08648 1.27041 0.92387 -0.522721 -5.18272 -3.87439 -3.36805 -4.72546 -3.98134 -2.76476 -3.84063 -7.01609 -8.38863 -10.594 -9.89977 -10.5582 -12.3347 -9999 -9999 -9999 -9999 -9999 -9999 -9999 -9999 -9999 -9999 -9999 -9999 -9999 -9999 -9999 -9999 -9999 -9999 -9999 -9999 -9999 -9999 -9999 -9999 -9999 -9999 -9999 -9999 -9999 -9999 -9999 -9999 -9999 -9999 -9999 -9999 -9999 -9999 -9999 -9999 -9999
1.71619 2.04475 2.00557 1.50527 2.25913 2.95292 2.53022 2.24734 3.39833 3.39164 2.99167 2.06117 1.71504 1.35613 1.13297 -0.0597675 -3.39172 -6.39644 -4.79973 -4.77038 -5.88921 -3.90716 -4.96724 -7.71881 -11.5995 -9.50251 -10.0581 -12.7919 -13.4692 -9999 -9999 -9999 -9999 -9999 -9999 -9999 -9999 -9999 -9999 -9999 -9999 -9999 -9999 -9999 -9999 -9999 -9999 -9999 -9999 -9999 -9999 -9999 -9999 -9999 -9999 -9999 -9999 -9999 -9999 -9999 -9999 -9999 -9999 -9999 -9999 -9999 -9999 -9999 -9999 -9999
0.779299 1.61083 1.34502 1.12572 2.24976 2.21889 2.15062 2.56199 3.27644 3.41236 3.25218 2.8423 2.48628 2.10777 1.15884 -0.204409 -3.05717 -6.47604 -7.25813 -5.59769 -5.52623 -5.26652 -6.23336 -7.44548 -9.33691 -7.80268 -7.21162 -9.0161 -11.367 -12.8833 -9999 -9999 -9999 -9999 -9999 -9999 -9999 -9999 -9999 -9999 -9999 -9999 -9999 -9999 -9999 -9999 -9999 -9999 -9999 -9999 -9999 -9999 -9999 -9999 -9999 -9999 -9999 -9999 -9999 -9999 -9999 -9999 -9999 -9999 -9999 -9999 -9999 -9999 -9999 -9999
-0.477416 0.955522 0.556985 -0.547947 0.12661 0.631496 1.5887 1.83753 1.97316 3.31607 3.23776 3.16817 2.58459 2.11615 1.34472 0.0323827 -1.83279 -4.07694 -7.97822 -5.58655 -3.71561 -3.77225 -3.8836 -4.73527 -6.55274 -5.04707 -4.98398 -7.28143 -9.891 -11.4428 -12.0895 -9999 -9999 -9999 -9999 -9999 -9999 -9999 -9999 -9999 -9999 -9999 -9999 -9999 -9999 -9999 -9999 -9999 -9999 -9999 -9999 -9999 -9999 -9999 -9999 -9999 -9999 -9999 -9999 -9999 -9999 -9999 -9999 -9999 -9999 -9999 -9999 -9999 -9999 -9999
-9999 0.0449272 -0.338994 -1.68683 -1.00796 -0.09944 1.19363 1.86868 2.37505 2.77212 3.17698 3.12134 2.52425 0.774697 0.518036 0.434519 -0.788318 -3.34562 -5.89967 -6.56771 -3.70911 -2.89701 -3.07269 -2.44077 -3.98165 -3.26544 -3.57045 -4.38595 -6.90127 -9.1989 -10.1591 -12.0488 -9999 -9999 -9999 -9999 -9999 -9999 -9999 -9999 -9999 -9999 -9999 -9999 -9999 -9999 -9999 -9999 -9999 -9999 -9999 -9999 -9999 -9999 -9999 -9999 -9999 -9999 -9999 -9999 -9999 -9999 -9999 -9999 -9999 -9999 -9999 -9999 -9999 -9999
-9999 -9999 -9999 -9999 -2.53925 -1.2919 -0.2623 1.00327 2.09012 2.63022 3.15441 3.10478 1.91867 1.33444 1.27613 0.47217 -0.938289 -1.82683 -3.43817 -5.11666 -4.48753 -2.05106 -3.14721 -1.42332 -1.57821 -1.26807 -2.43418 -4.61885 -7.5499 -9.25649 -10.1165 -11.6494 -9999 -9999 -9999 -9999 -9999 -9999 -9999 -9999 -9999 -9999 -9999 -9999 -9999 -9999 -9999 -9999 -9999 -9999 -9999 -9999 -9999 -9999 -9999 -9999 -9999 -9999 -9999 -9999 -9999 -9999 -9999 -9999 -9999 -9999 -9999 -9999 -9999 -9999
-9999 -9999 -9999 -9999 -9999 -1.52235 -0.738284 0.944843 1.82295 2.17155 3.02126 3.01646 2.56275 2.21804 1.72082 1.07345 0.0112173 -1.16005 -2.67618 -2.82451 -1.26921 -1.2586 -1.59395 -1.34559 -0.550326 -0.770374 -2.56234 -5.65386 -7.29631 -10.6088 -12.0399 -11.9026 -12.9197 -9999 -9999 -9999 -9999 -9999 -9999 -9999 -9999 -9999 -9999 -9999 -9999 -9.16771 -9999 -9999 -9999 -9999 -9999 -9999 -9999 -9999 -9999 -9999 -9999 -9999 -9999 -9999 -9999 -9999 -9999 -9999 -9999 -9999 -15.3866 -9999 -9999 -9999
-9999 -9999 -9999 -9999 -1.6782 -0.620727 0.195312 1.24884 1.35422 1.98193 2.96017 2.96803 2.64429 2.27886 1.46619 1.25843 0.649958 -0.62113 -0.888317 -0.385665 -0.158908 0.0994379 0.255337 0.113484 -0.22023 -0.648958 -1.79661 -3.23884 -4.20926 -7.24565 -8.77748 -10.2543 -12.4855 -14.233 -9999 -9999 -9999 -9999 -9999 -9999 -9999 -10.2998 -10.3902 -10.3582 -9.87789 -8.53892 -9.33638 -9999 -9999 -9999 -9999 -9999 -9999 -9999 -9999 -9999 -9999 -9999 -9999 -9999 -9999 -9999 -9999 -9999 -9999 -9999 -14.1713 -15.9307 -9999 -9999
-9999 -9999 -9999 -9999 -1.38761 -0.282464 0.267433 1.29124 1.87498 2.26593 2.60151 2.92135 2.85971 2.45612 1.84553 1.84094 1.00174 0.544949 0.216089 0.898957 1.02672 0.740261 0.383447 0.0671962 -0.811761 -0.920381 -1.19653 -2.11434 -3.61643 -5.1642 -7.38014 -10.4057 -13.3732 -15.7688 -9999 -9999 -9999 -9999 -9999 -9999 -10.0431 -8.93318 -8.27108 -9.7024 -8.49273 -7.38731 -7.57118 -8.64465 -9999 -9999 -9999 -9999 -9999 -9999 -9999 -9999 -9999 -9999 -9999 -9999 -9999 -9999 -5.83544 -7.63957 -11.274 -13.1413 -14.2652 -15.8658 -9999 -9999
-9999 -9999 -9999 -9999 -1.61188 -0.304975 0.579411 1.36395 1.48636 2.29389 2.64691 2.81611 2.78877 2.7028 2.58369 1.85033 1.52956 0.424819 1.46351 1.41448 1.14006 0.0810607 -0.382722 -2.1939 -2.9952 -3.16619 -1.65677 -2.78409 -5.13058 -8.06238 -11.5737 -11.806 -12.9772 -15.1192 -9999 -9999 -9999 -9999 -9999 -9999 -9.69927 -8.51155 -7.52105 -7.3828 -8.8049 -6.83521 -6.90695 -8.01779 -8.27394 -7.37291 -6.9189 -7.25868 -6.17908 -5.86933 -6.36529 -5.83783 -9999 -9999 -9999 -9999 -5.5665 -5.50404 -5.45932 -6.21691 -10.1866 -12.9007 -15.3386 -15.5683 -9999 -9999
-9999 -9999 -9999 -9999 -0.709144 0.0951786 0.500899 0.564663 1.26896 1.97529 2.41093 2.72358 2.65298 2.61957 2.58383 2.32704 1.74172 1.83574 1.77939 1.43362 -0.574802 -2.91713 -1.90884 -3.30246 -6.26982 -3.85956 -2.54239 -3.8185 -6.66014 -9.95432 -11.0275 -10.9864 -12.612 -14.7014 -9999 -9999 -9999 -12.9436 -11.2407 -11.1006 -10.6044 -9.01766 -7.81204 -6.90401 -6.28772 -6.30894 -6.96534 -8.05152 -9.23163 -8.81746 -6.70801 -6.19763 -5.75832 -5.4368 -5.89761 -5.66939 -5.1128 -4.82989 -4.78033 -4.92339 -4.96409 -4.9283 -5.00617 -5.71407 -9.26486 -11.3017 -12.6043 -15.2097 -9999 -9999
-9999 -9999 -9999 -9999 -1.21669 -0.516989 0.0493831 0.990044 1.08746 1.68136 2.03483 2.56032 2.61311 1.98935 2.49023 2.41533 2.31047 2.09846 1.79234 0.0949114 -2.24061 -4.58149 -5.66671 -5.21169 -7.00283 -6.08654 -4.75167 -5.24591 -6.98967 -9.92498 -10.3445 -11.0246 -13.7494 -16.3766 -9999 -9999 -16.2564 -12.9811 -10.6775 -9.4935 -9.13259 -9.10526 -7.58426 -7.47121 -5.83192 -6.21936 -8.39541 -8.15515 -9.00385 -8.45939 -7.68738 -7.47952 -6.36338 -5.2943 -5.099 -5.10229 -4.75105 -4.68636 -4.67713 -4.69674 -4.95128 -4.85028 -4.84376 -5.28919 -7.86581 -9.1271 -10.5121 -15.1762 -9999 -9999
-9999 -9999 -9999 -9999 -0.858785 -0.0757624 0.781686 0.919162 1.55322 1.48374 1.30249 2.18487 2.50644 2.06381 1.74208 2.30978 2.25978 2.17278 2.03606 0.440018 -1.40505 -4.19265 -5.92778 -6.9878 -7.74485 -8.74409 -8.06139 -8.278 -8.56636 -8.24775 -9.05749 -10.6639 -12.2644 -15.2506 -16.872 -9999 -16.0803 -14.6079 -11.8667 -9.53824 -8.06303 -8.605 -6.87441 -6.55887 -5.55954 -6.15336 -7.47424 -8.04459 -8.09898 -8.27631 -7.10949 -6.32324 -5.76656 -5.40124 -4.94365 -4.83397 -4.7245 -4.68456 -4.66773 -4.65102 -4.66782 -4.688 -4.75084 -4.92502 -6.1154 -7.37163 -10.0802 -15.022 -9999 -9999
-9999 -9999 -9999 -3.15205 -0.951735 0.363034 0.87163 1.23813 1.56045 1.79257 2.03819 2.263 2.41598 2.34304 1.1823 1.26668 1.46335 2.10646 2.04891 1.89485 0.881247 -2.5088 -3.68333 -5.39672 -7.61461 -8.53882 -8.08259 -6.27577 -6.36213 -7.56787 -8.91129 -10.7607 -11.9436 -13.7798 -17.2956 -16.9905 -15.421 -14.2558 -12.3963 -9.54818 -7.55397 -6.66849 -6.33853 -5.63932 -5.27882 -6.08879 -6.85632 -7.18268 -7.78413 -7.87158 -7.8702 -7.16636 -6.61366 -5.38798 -4.98156 -4.7993 -4.71158 -4.66916 -4.64159 -4.61515 -4.61331 -4.64808 -4.65797 -4.6785 -4.77352 -6.44609 -10.6154 -13.7577 -9999 -9999
-9999 -9999 -9999 -9999 -1.36009 -0.781389 -0.63002 -0.365571 0.175714 0.799124 1.68482 1.79458 2.27711 2.26759 1.26771 0.111353 1.0995 1.48516 1.88523 1.88657 1.74681 -1.10139 -2.59581 -3.77338 -5.90015 -5.13575 -4.41457 -4.36447 -4.80783 -7.38628 -9.95465 -12.9103 -15.6787 -15.8195 -17.3136 -16.5367 -15.5037 -12.8348 -10.9596 -10.205 -9.66526 -6.76859 -6.01954 -5.76504 -5.02661 -6.04534 -6.30118 -7.06613 -6.84201 -6.91106 -6.90912 -9.02333 -6.9036 -6.78307 -5.4087 -4.7928 -4.66 -4.63107 -4.6004 -4.60462 -4.60779 -4.62546 -4.62279 -4.65319 -4.68595 -5.77638 -11.0616 -13.7191 -9999 -9999
-9999 -9999 -9999 -9999 -9999 -9999 -1.17679 -0.735489 -0.453268 0.0347946 1.53459 1.93464 2.1977 2.21376 1.76299 0.618947 0.30938 0.506203 -0.612548 0.303269 1.56126 1.5204 1.35825 -1.14654 -2.4255 -1.19391 -1.57487 -3.45692 -4.93917 -6.40238 -9.40815 -11.6054 -14.7769 -17.1613 -17.2603 -14.6487 -12.481 -9.78044 -8.5948 -9.2862 -8.55813 -7.1225 -5.49047 -4.70392 -4.89584 -5.96924 -6.11779 -7.2955 -6.14221 -6.04514 -6.58432 -7.0509 -6.8642 -6.18595 -5.93093 -4.85786 -4.60414 -4.56578 -4.56773 -4.57416 -4.59012 -4.6078 -4.63157 -4.6536 -4.67886 -4.73706 -10.1696 -14.3974 -9999 -9999
-9999 -9999 -9999 -9999 -9999 -9999 -2.21853 -1.94942 -1.24329 0.569798 1.51876 1.8985 1.88014 2.05081 1.73051 0.722348 -0.313201 -1.29128 -2.54918 -1.84663 0.0299592 1.13296 1.25106 -0.945491 0.192145 -0.239533 -1.08507 -3.54483 -5.35887 -6.32304 -9.20878 -11.6758 -13.7884 -16.7031 -15.4697 -14.1109 -12.3633 -9.41546 -7.43028 -6.62049 -7.31815 -6.40381 -4.52469 -4.52005 -5.55644 -5.49316 -6.12029 -7.72862 -6.0578 -5.58868 -5.96963 -5.87317 -6.01277 -5.76287 -5.3052 -4.86877 -4.58196 -4.55111 -4.5564 -4.57712 -4.58915 -4.59948 -4.63153 -4.64064 -4.66594 -4.70296 -8.21253 -14.4773 -9999 -9999
-9999 -9999 -9999 -9999 -9999 -9999 -9999 -3.1657 -1.55397 0.853221 1.44975 1.39121 1.88311 1.91919 1.43185 1.00647 -0.248512 -1.95999 -5.23735 -4.41578 -2.68915 -0.194197 1.11354 0.928515 0.19478 -1.08216 -4.16437 -6.8622 -7.19392 -7.63969 -9.74707 -11.6471 -13.9949 -12.6478 -11.1721 -9.55749 -8.71448 -8.94715 -7.24762 -5.86346 -6.46495 -5.34147 -4.02825 -4.63279 -4.99158 -5.29242 -6.01736 -6.06289 -5.98838 -5.03991 -5.69837 -5.29624 -5.28411 -5.31086 -5.09083 -4.83796 -4.57324 -4.5376 -4.54719 -4.55381 -4.59702 -4.5974 -4.62423 -4.65032 -4.67443 -4.7075 -5.03285 -8.41117 -10.4325 -9999
-9999 -9999 -9999 -9999 -9999 -9999 -9999 -4.65257 -3.8492 -0.998302 -0.118968 1.13718 1.80079 1.82472 1.00757 0.547784 -1.31712 -1.92968 -4.96214 -6.34007 -5.18888 -5.64226 -2.20245 0.841327 0.175813 -5.98829 -8.22383 -9.81956 -9.4155 -9.41648 -10.0069 -13.241 -14.1402 -11.253 -9.43908 -8.03642 -6.97534 -6.7628 -6.81069 -4.63989 -4.35905 -3.65862 -3.8198 -3.76003 -4.86606 -5.5513 -4.95486 -5.64318 -5.76183 -4.78202 -5.74958 -4.87734 -4.97846 -5.24473 -5.26346 -4.69403 -4.58506 -4.53258 -4.53898 -4.57274 -4.61346 -4.64112 -4.63352 -4.65272 -4.69448 -4.70194 -4.74161 -5.15082 -6.90197 -7.51794
-9999 -9999 -9999 -9999 -9999 -9999 -9999 -9999 -6.5092 -2.54692 -0.737648 0.20954 1.54368 1.69825 1.26161 0.471759 -1.42785 -3.09995 -5.81173 -8.90698 -10.5491 -5.66763 -1.41934 0.794936 0.501755 -4.63023 -6.65841 -6.75689 -5.5699 -6.58034 -7.34826 -9.80585 -10.5479 -11.5771 -10.9572 -8.99754 -7.39923 -5.85886 -4.74184 -4.66033 -3.9383 -3.5248 -3.49753 -3.37188 -3.5063 -3.61587 -4.67753 -3.94523 -4.56966 -4.24043 -4.45476 -4.6487 -4.81193 -5.42401 -4.99952 -4.62537 -4.53494 -4.5136 -4.54709 -4.56368 -4.59149 -4.63902 -4.66489 -4.67779 -4.69114 -4.71967 -4.72827 -4.75543 -4.95793 -6.01382
-9999 -9999 -9999 -9999 -9999 -9999 -9999 -9999 -8.48955 -4.54718 -2.64847 -0.206273 1.04905 1.55375 1.47735 0.835584 -0.61011 -2.78118 -4.59154 -8.04543 -11.6309 -6.50724 -1.93987 0.520444 0.644788 -3.66339 -2.47386 -3.44403 -3.05936 -4.83174 -5.57131 -6.15153 -7.42806 -8.82402 -10.3504 -11.162 -7.56183 -5.71859 -4.2373 -3.54422 -3.15642 -2.96702 -3.07987 -3.35564 -4.96448 -3.74624 -3.81081 -3.93498 -4.07665 -4.14615 -4.27474 -4.42617 -4.51231 -4.54801 -4.95711 -4.50529 -4.524 -4.5275 -4.5359 -4.55908 -4.59347 -4.62514 -4.66137 -4.67016 -4.69446 -4.71926 -4.7385 -4.75238 -4.77256 -4.837
-9999 -9999 -9999 -9999 -9999 -9999 -9999 -9999 -14.0329 -8.29689 -3.68367 -1.28029 0.675508 1.20612 1.39838 0.540872 -0.103356 -1.66236 -3.1392 -5.41176 -8.81033 -10.906 -7.07108 -1.49239 0.564224 0.403678 0.269591 -0.851678 -1.86266 -1.99498 -1.92501 -3.0953 -4.80738 -7.04503 -7.74772 -8.53928 -5.86034 -5.50635 -5.71364 -2.76687 -2.77008 -2.94742 -4.08731 -5.35828 -5.12384 -5.90969 -5.30887 -6.24678 -5.39013 -4.64987 -4.37512 -4.40111 -4.49806 -4.51377 -4.56442 -4.49209 -4.50219 -4.52466 -4.54493 -4.56127 -4.58379 -4.62974 -4.66073 -4.65944 -4.6904 -4.71733 -4.74141 -4.752 -4.7659 -4.81568
-9999 -9999 -9999 -9999 -9999 -9999 -9999 -9999 -13.7835 -8.95767 -4.86813 -2.41568 -0.0618191 0.477826 1.26568 1.08414 0.410047 -0.946227 -2.63815 -4.51007 -7.42697 -9.59689 -7.03515 -3.33331 -0.684526 0.267976 0.256246 0.186767 -0.0712555 -0.179943 -0.479789 -0.688487 -1.91993 -4.03128 -5.23072 -6.98204 -3.99508 -3.66949 -4.14908 -2.66353 -2.74857 -5.02024 -6.76825 -6.9927 -5.93432 -6.94916 -7.12666 -7.75608 -7.04947 -5.14972 -5.70758 -5.60147 -4.73696 -4.60047 -4.51551 -4.49891 -4.51371 -4.52742 -4.55233 -4.56087 -4.56981 -4.61483 -4.64162 -4.6602 -4.70343 -4.71551 -4.74709 -4.7721 -4.79363 -4.82401
-9999 -9999 -9999 -9999 -9999 -9999 -9999 -9999 -13.687 -10.4406 -6.76144 -3.14863 -0.634607 0.374237 1.10587 1.08848 0.306717 -0.372397 -1.43663 -3.08454 -4.21764 -6.17742 -8.86319 -4.38289 -3.01283 -1.78396 -1.27234 0.00232448 -0.0348093 -0.627544 -1.30543 -0.681115 -0.871824 -2.54741 -3.1051 -4.04045 -2.38371 -2.3904 -2.44724 -2.54697 -4.46815 -7.13411 -9.26618 -7.74595 -8.0723 -7.37224 -9.54567 -7.76078 -6.32549 -5.86233 -6.84159 -7.57161 -5.32629 -4.95943 -4.74558 -4.61192 -4.52759 -4.55946 -4.54648 -4.57005 -4.58728 -4.60528 -4.63524 -4.6574 -4.68707 -4.71674 -4.74062 -4.76324 -4.79672 -4.83474
-9999 -9999 -9999 -9999 -9999 -9999 -9999 -9999 -9999 -12.3589 -7.69058 -3.5269 -1.21258 0.239372 0.941864 0.919594 0.515192 0.0509416 -0.6127 -1.80426 -3.2983 -5.65332 -7.40348 -6.30614 -4.96385 -4.81107 -3.92041 -1.32517 -0.442788 -1.70892 -4.82184 -2.98679 -0.9454 -0.987878 -1.17241 -1.37802 -1.63892 -1.875 -2.37917 -3.71202 -7.774 -8.58024 -10.1783 -10.0055 -10.8281 -9.04797 -9.71392 -7.88897 -7.10056 -6.80569 -8.50208 -8.14137 -6.15695 -5.37662 -5.51442 -5.03931 -4.58673 -4.58064 -4.57696 -4.59879 -4.59901 -4.60558 -4.62346 -4.65398 -4.67888 -4.69934 -4.74059 -4.74527 -4.90384 -5.0093
-9999 -9999 -9999 -9999 -9999 -9999 -9999 -9999 -9999 -13.286 -8.63074 -3.72634 -2.15715 -0.591302 0.758527 0.775757 0.163012 -0.42033 -1.02091 -1.70322 -3.51328 -5.2685 -6.94428 -7.51214 -7.18418 -7.20833 -5.76379 -2.38119 -1.73172 -2.01855 -5.26398 -6.37332 -3.6433 -1.35068 -1.17896 -1.39743 -4.11612 -3.54911 -5.02023 -7.01168 -7.56638 -8.44264 -10.284 -9.40946 -10.7594 -10.1904 -10.3385 -9.30513 -8.8038 -7.57339 -9.05302 -9.04363 -7.09527 -6.11745 -6.09994 -5.07438 -4.71416 -4.62623 -4.61094 -4.60281 -4.60782 -4.60106 -4.61997 -4.64437 -4.67341 -4.73132 -4.8571 -5.22135 -7.18924 -7.1943
-9999 -9999 -9999 -9999 -9999 -9999 -9999 -9999 -9999 -12.7487 -9.52074 -5.17013 -1.94988 -1.75549 -0.194822 0.606198 -0.0591541 -0.807222 -1.57236 -1.91204 -3.88108 -6.04284 -7.79089 -9.85813 -9.52707 -8.05664 -5.636 -3.45376 -3.06941 -3.52922 -5.26451 -4.44939 -2.59039 -1.60769 -1.3246 -1.56441 -2.16405 -2.51463 -3.60031 -4.0761 -5.57973 -7.92526 -8.85399 -8.27895 -10.7671 -10.6007 -9.68995 -10.6576 -9.05659 -8.2933 -10.2031 -8.68403 -6.96461 -6.08908 -5.32488 -4.96737 -4.82987 -4.6151 -4.61795 -4.60815 -4.60706 -4.6195 -4.62876 -4.67399 -4.71283 -4.92963 -5.24504 -7.08044 -7.84347 -7.70187
-9999 -9999 -9999 -9999 -9999 -9999 -9999 -9999 -9999 -12.1991 -9.29391 -5.52295 -3.22951 -2.8263 -1.09466 0.443916 0.261744 -0.516098 -0.759485 -1.56522 -3.23653 -5.08143 -7.09688 -8.08093 -10.332 -8.13193 -6.38225 -4.53563 -3.6757 -5.09876 -5.82636 -4.56109 -3.30351 -2.80672 -1.53696 -1.55845 -1.98471 -3.79119 -4.67682 -4.31563 -4.70106 -5.36902 -6.98583 -7.06543 -8.10625 -8.54142 -8.95249 -10.259 -9.42742 -9.3496 -9.1235 -7.30652 -6.41501 -5.82649 -5.29217 -5.15764 -4.93015 -4.63288 -4.61457 -4.61244 -4.62281 -4.62618 -4.65775 -4.75372 -4.83591 -5.26327 -6.0129 -7.40409 -9.64655 -8.07467
-9999 -9999 -9999 -9999 -9999 -9999 -9999 -9999 -9999 -12.6969 -9.61066 -6.38921 -5.04737 -4.82684 -1.68573 0.233947 0.228011 -0.145614 -0.580437 -2.55712 -2.45073 -2.85318 -4.6722 -7.31763 -10.222 -9.95866 -8.23268 -5.79003 -4.98752 -7.34624 -8.19146 -7.58431 -5.6783 -3.97326 -2.19272 -1.74736 -2.28169 -5.0883 -8.07023 -6.70049 -5.23611 -5.25285 -5.69338 -7.19312 -7.67448 -8.11064 -9.2061 -11.0487 -10.7785 -10.2723 -8.20388 -7.5588 -6.55877 -5.72968 -6.05241 -5.87572 -5.08379 -4.6331 -4.62435 -4.62492 -4.61872 -4.63827 -4.67471 -4.8568 -5.04902 -5.36547 -7.30622 -8.51614 -10.2723 -8.24017
-9999 -9999 -9999 -9999 -9999 -9999 -9999 -9999 -9999 -13.6562 -11.419 -8.34053 -7.10508 -5.1295 -2.16173 -0.706781 -0.0142108 -0.038975 -0.331898 -1.22214 -1.76097 -2.81379 -4.70581 -7.2895 -10.1604 -12.0322 -11.0934 -7.79597 -7.01571 -9.1989 -10.3181 -8.94326 -6.91149 -3.89901 -2.18177 -1.95781 -2.12311 -2.70913 -4.8886 -7.51983 -7.51967 -6.21299 -7.3217 -8.60871 -7.91297 -8.05061 -9.13253 -9.92126 -10.3911 -10.0941 -8.91738 -8.43865 -7.28253 -5.57307 -5.3347 -5.39122 -4.6765 -4.64865 -4.64031 -4.62176 -4.6315 -4.6471 -4.6778 -4.82789 -5.15294 -6.44777 -7.57793 -9.14669 -9.34806 -7.53885
-9999 -9999 -9999 -9999 -9999 -9999 -9999 -9999 -9999 -15.3066 -12.6734 -9.79032 -7.09153 -4.53886 -2.34329 -2.18215 -1.02869 -1.03953 -0.439668 -0.623521 -1.44944 -2.33765 -3.96915 -7.28578 -10.0759 -13.118 -12.3269 -8.96662 -8.51521 -9.98718 -12.6996 -9.91633 -6.84617 -4.06459 -2.56304 -3.75643 -2.55186 -2.66069 -3.48296 -5.05291 -7.48882 -7.45143 -9.27866 -9.36582 -8.43941 -8.1437 -8.30657 -8.90049 -9.83716 -9.66993 -8.95505 -8.78052 -7.71876 -6.39437 -5.09999 -4.88907 -4.64883 -4.64647 -4.65093 -4.63933 -4.64554 -4.68158 -4.75713 -4.91367 -6.00067 -7.29163 -8.09018 -9.18585 -9.32626 -7.24603
