Test_Spring_2018b/01_18/Temp/20180110_009.txt
ncols	170
nrows	115
xllcorner	350000.000000
yllcorner	4445000.000000
cellsize	1000.000000
nodata_value	-9999.000000
[rows 32 to 63 of 115, columns 72 to 143 of 170]
10.6136 10.2898 10.7689 11.2093 10.9213 10.726 11.4535 11.4447 11.1843 10.5844 10.359 10.1255 9.97918 9.2121 7.07525 5.14791 6.16688 6.18204 5.46175 6.72673 6.04341 4.27663 1.78649 3.12371 2.76216 0.983986 0.533288 -9999 -9999 -9999 -9999 -9999 -9999 -9999 -9999 -9999 -9999 -9999 -9999 -9999 -9999 -9999 -9999 -9999 -9999 -9999 -9999 -9999 -9999 -9999 -9999 -9999 -9999 -9999 -9999 -9999 -9999 -9999 -9999 -9999 -9999 -9999 -9999 -9999 -9999 -9999 -9999 -9999 -9999 -9999 -9999 -9999
10.1852 10.0415 10.7577 10.7341 10.675 10.9222 11.3702 11.4527 11.3459 11.0793 10.8475 10.6015 9.9903 9.11396 7.28388 5.09129 4.58701 5.6466 5.6885 5.85069 5.22718 4.44629 3.23012 4.20721 4.58012 3.40658 1.8745 0.886413 -9999 -9999 -9999 -9999 -9999 -9999 -9999 -9999 -9999 -9999 -9999 -9999 -9999 -9999 -9999 -9999 -9999 -9999 -9999 -9999 -9999 -9999 -9999 -9999 -9999 -9999 -9999 -9999 -9999 -9999 -9999 -9999 -9999 -9999 -9999 -9999 -9999 -9999 -9999 -9999 -9999 -9999 -9999 -9999
9.67556 8.96469 9.39306 9.71259 10.3008 10.4483 10.5305 11.3859 11.3314 11.2827 10.9051 10.6014 10.1039 9.26009 8.06237 6.62197 4.12039 5.64825 6.84246 6.80215 6.72652 6.17655 5.00786 5.96679 6.00178 4.50185 2.80367 1.80435 1.38478 -9999 -9999 -9999 -9999 -9999 -9999 -9999 -9999 -9999 -9999 -9999 -9999 -9999 -9999 -9999 -9999 -9999 -9999 -9999 -9999 -9999 -9999 -9999 -9999 -9999 -9999 -9999 -9999 -9999 -9999 -9999 -9999 -9999 -9999 -9999 -9999 -9999 -9999 -9999 -9999 -9999 -9999 -9999
9.09706 8.23058 8.66163 9.23952 10.0528 10.4661 10.7827 11.0324 11.2872 11.2474 10.8611 9.737 9.56906 9.51213 8.72573 7.08486 5.446 5.01469 6.84141 7.35745 7.2407 7.64079 6.64928 7.10276 6.90209 6.36188 4.72454 3.23675 2.61645 1.40124 -9999 -9999 -9999 -9999 -9999 -9999 -9999 -9999 -9999 -9999 -9999 -9999 -9999 -9999 -9999 -9999 -9999 -9999 -9999 -9999 -9999 -9999 -9999 -9999 -9999 -9999 -9999 -9999 -9999 -9999 -9999 -9999 -9999 -9999 -9999 -9999 -9999 -9999 -9999 -9999 -9999 -9999
-9999 -9999 7.67633 8.46069 9.11146 9.90715 10.5953 10.9363 11.2675 11.2314 10.4678 10.0899 10.049 9.5308 8.62434 8.0521 7.01699 5.93875 6.33796 7.89422 7.18813 8.28747 8.18346 8.37691 7.62483 6.19814 4.30494 3.1955 2.63938 1.65261 -9999 -9999 -9999 -9999 -9999 -9999 -9999 -9999 -9999 -9999 -9999 -9999 -9999 -9999 -9999 -9999 -9999 -9999 -9999 -9999 -9999 -9999 -9999 -9999 -9999 -9999 -9999 -9999 -9999 -9999 -9999 -9999 -9999 -9999 -9999 -9999 -9999 -9999 -9999 -9999 -9999 -9999
-9999 -9999 -9999 8.30834 8.80176 9.87449 10.4192 10.6375 11.1769 11.1694 10.8747 10.6502 10.3283 9.91041 9.22703 8.47389 7.49989 7.4016 8.39397 8.39696 8.17809 8.33261 8.83697 8.69084 7.52584 5.53086 4.47301 2.32526 1.40331 1.48601 0.82978 -9999 -9999 -9999 -9999 -9999 -9999 -9999 -9999 -9999 -9999 -9999 -9999 3.17924 -9999 -9999 -9999 -9999 -9999 -9999 -9999 -9999 -9999 -9999 -9999 -9999 -9999 -9999 -9999 -9999 -9999 -9999 -9999 -9999 -0.927556 -9999 -9999 -9999 -9999 -9999 -9999 -9999
-9999 -9999 8.21869 8.87765 9.39479 10.064 10.1171 10.5109 11.1324 11.1328 10.9214 10.6836 10.1597 10.0235 9.63079 8.81392 8.63984 8.95856 9.10038 9.2621 9.35782 9.26246 9.04381 8.7639 8.00271 7.07278 6.44494 4.48484 3.48783 2.5368 1.10315 -0.0203692 -9999 -9999 -9999 -9999 -9999 -9999 -9999 2.4696 2.4076 2.42354 2.72613 3.57809 3.06161 -9999 -9999 -9999 -9999 -9999 -9999 -9999 -9999 -9999 -9999 -9999 -9999 -9999 -9999 -9999 -9999 -9999 -9999 -9999 -0.154036 -1.2841 -9999 -9999 -9999 -9999 -9999 -9999
-9999 -9999 8.38815 9.09006 9.4363 10.086 10.454 10.6875 10.8973 11.0973 11.0536 10.7914 10.397 10.391 9.85086 9.55564 9.34231 9.77665 9.85525 9.66822 9.43567 9.22858 8.66066 8.58552 8.38292 7.78839 6.81969 5.82185 4.37799 2.43512 0.529873 -1.00858 -9999 -9999 -9999 -9999 -9999 -9999 2.63434 3.34142 3.76131 2.8402 3.60967 4.31183 4.18793 3.47558 -9999 -9999 -9999 -9999 -9999 -9999 -9999 -9999 -9999 -9999 -9999 -9999 -9999 -9999 5.19045 4.03275 1.70286 0.504157 -0.218773 -1.24722 -9999 -9999 -9999 -9999 -9999 -9999
-9999 -9999 8.24108 9.07164 9.6315 10.1274 10.1995 10.708 10.9208 11.0242 11.0024 10.9436 10.8641 10.3917 10.1837 9.47387 10.1365 10.1024 9.92372 9.24213 8.94112 7.77671 7.25835 7.12487 8.0843 7.35514 5.84526 3.96071 1.69595 1.53358 0.778477 -0.597664 -9999 -9999 -9999 -9999 -9999 -9999 2.85122 3.60828 4.23851 4.32241 3.40652 4.66183 4.59238 3.87352 3.70172 4.27083 4.55382 4.3186 4.99833 5.19108 4.86857 5.20202 -9999 -9999 -9999 -9999 5.36191 5.39988 5.42641 4.93902 2.39454 0.653728 -0.910655 -1.06819 -9999 -9999 -9999 -9999 -9999 -9999
-9999 -9999 8.81587 9.32399 9.57674 9.61054 10.0547 10.4979 10.7641 10.957 10.9077 10.8829 10.8571 10.6902 10.3132 10.3714 10.3332 10.1094 8.82061 7.31742 7.95911 7.06305 5.15109 6.6776 7.5134 6.68841 4.86091 2.74378 2.04016 2.05333 1.00717 -0.336229 -9999 -9999 -9999 0.777703 1.86584 1.95315 2.26822 3.28104 4.04923 4.62607 5.01525 4.98775 4.55224 3.84852 3.08439 3.34105 4.68336 5.00206 5.26208 5.46203 5.1618 5.30299 5.65587 5.83413 5.86349 5.76989 5.74206 5.76327 5.71162 5.25631 2.98023 1.67313 0.835686 -0.843493 -9999 -9999 -9999 -9999 -9999 -9999
-9999 -9999 8.48646 8.92723 9.2825 9.87404 9.92932 10.3029 10.5208 10.8468 10.8765 10.4737 10.7917 10.7416 10.6726 10.5352 10.3374 9.24838 7.75031 6.24817 5.54931 5.83076 4.67791 5.24847 6.09536 5.77005 4.64199 2.75444 2.47826 2.02812 0.27246 -1.41411 -9999 -9999 -1.34578 0.749546 2.22272 2.97884 3.20753 3.22205 4.19228 4.26012 5.30438 5.04344 3.63524 3.78057 3.22615 3.56547 4.04821 4.1729 4.87145 5.5462 5.66611 5.6597 5.88112 5.91978 5.92353 5.90926 5.74482 5.80811 5.81077 5.52376 3.87168 3.06134 2.16613 -0.825369 -9999 -9999 -9999 -9999 -9999 -9999
-9999 -9999 8.70837 9.20188 9.74307 9.82341 10.2221 10.1704 10.0456 10.6051 10.8024 10.5158 10.3073 10.6689 10.6354 10.5784 10.4894 9.46565 8.28185 6.49376 5.37875 4.69061 4.1996 3.5401 3.96891 3.8217 3.62856 3.82428 3.29634 2.25323 1.22269 -0.698378 -1.74 -9999 -1.2376 -0.296366 1.45744 2.9468 3.88933 3.53954 4.64408 4.84156 5.47055 5.08319 4.22236 3.8446 3.80044 3.67749 4.41537 4.90703 5.24726 5.47448 5.75916 5.82501 5.89165 5.91461 5.92348 5.93277 5.92089 5.90691 5.86547 5.75238 4.98811 4.17683 2.43887 -0.730585 -9999 -9999 -9999 -9999 -9999 -9999
-9999 7.25145 8.64558 9.47896 9.79618 10.0226 10.2212 10.3625 10.5111 10.6488 10.7421 10.689 9.94353 9.996 10.1208 10.5316 10.4937 10.3936 9.74238 7.56864 6.80921 5.70305 4.27599 3.66828 3.95153 5.09941 5.03506 4.25419 3.38559 2.18723 1.42206 0.241465 -2.01645 -1.82339 -0.820005 -0.0750883 1.11454 2.93701 4.2122 4.77666 4.98445 5.4236 5.64807 5.11818 4.6117 4.39301 3.99787 3.93178 3.92272 4.36381 4.70169 5.4763 5.7306 5.84073 5.89351 5.91821 5.9342 5.95002 5.95041 5.92743 5.92019 5.90573 5.83976 4.76576 2.09073 0.0734319 -9999 -9999 -9999 -9999 -9999 -9999
-9999 -9999 8.3806 8.74212 8.83009 8.99074 9.3291 9.72064 10.2789 10.3434 10.6477 10.6374 9.99309 9.25135 9.88327 10.1296 10.385 10.3846 10.2931 8.46187 7.49979 6.73953 5.37048 5.84394 6.29635 6.31886 6.02543 4.36511 2.71173 0.805077 -0.973773 -1.06899 -2.03081 -1.53767 -0.877566 0.830558 2.03062 2.51288 2.85703 4.70953 5.18311 5.33793 5.80371 5.14322 4.96415 4.46403 4.59693 4.54201 4.53269 3.16872 4.50988 4.57938 5.45286 5.83997 5.92032 5.93654 5.95473 5.9512 5.9487 5.93696 5.93803 5.91525 5.89081 5.18938 1.80115 0.0941802 -9999 -9999 -9999 -9999 -9999 -9999
-9999 -9999 -9999 -9999 8.47534 8.74889 8.92107 9.2257 10.1771 10.4274 10.5911 10.5978 10.3066 9.57165 9.37287 9.49851 8.78158 9.36606 10.1679 10.1377 10.0286 8.41823 7.58501 8.36431 8.11061 6.89552 5.93649 4.98994 3.05617 1.63517 -0.401933 -1.93383 -2.00118 -0.3317 1.05341 2.78211 3.54089 3.09751 3.56247 4.47663 5.51709 6.01478 5.8846 5.1888 5.07823 4.31336 5.04075 5.09172 4.73544 4.42603 4.52931 4.95564 5.11216 5.79379 5.95209 5.97263 5.97012 5.9654 5.95495 5.94345 5.92593 5.91013 5.89152 5.85103 2.36842 -0.344181 -9999 -9999 -9999 -9999 -9999 -9999
-9999 -9999 -9999 -9999 7.80351 7.96662 8.41009 9.56306 10.1617 10.399 10.3826 10.4883 10.2808 9.63377 8.96979 8.34326 7.53686 7.98501 9.18379 9.88597 9.95621 8.54312 9.25731 8.97135 8.41993 6.83468 5.66297 5.03577 3.17867 1.58497 0.225874 -1.64567 -0.859737 0.00760986 1.12504 3.0115 4.28242 4.80021 4.35134 4.93364 6.13229 6.12922 5.45816 5.49002 5.07288 4.03197 5.09046 5.37936 5.12409 5.17492 5.06919 5.22106 5.50721 5.7811 5.96058 5.97752 5.97226 5.95854 5.95076 5.94332 5.92183 5.91437 5.89576 5.86882 3.61749 -0.399564 -9999 -9999 -9999 -9999 -9999 -9999
-9999 -9999 -9999 -9999 -9999 7.18287 8.20623 9.73965 10.1127 10.0694 10.3798 10.3994 10.085 9.81119 9.0069 7.91066 5.81129 6.33565 7.43838 9.03182 9.86378 9.73867 9.25454 8.42726 6.44357 4.70583 4.48325 4.18796 2.82925 1.59864 0.0889543 0.946405 1.88745 2.91869 3.45689 3.30712 4.39506 5.28059 4.89359 5.60983 6.44611 6.05293 5.81572 5.61436 5.13455 5.09426 5.13049 5.72624 5.29317 5.53965 5.53106 5.50573 5.63966 5.796 5.96133 5.98136 5.97367 5.96889 5.941 5.94031 5.9222 5.90389 5.88606 5.86164 5.64925 3.48047 2.18069 -9999 -9999 -9999 -9999 -9999
-9999 -9999 -9999 -9999 -9999 6.22586 6.73178 8.54949 9.1037 9.9024 10.3228 10.3348 9.80917 9.51283 8.31797 7.92547 5.98306 5.09846 5.83266 5.53817 7.73535 9.67777 9.23728 5.28072 3.83931 2.80741 3.05611 3.04577 2.65858 0.573731 -0.00828393 1.83537 2.99306 3.88856 4.56636 4.70116 4.67026 6.05969 6.23713 6.68244 6.57463 6.60686 5.89122 5.44379 5.81015 5.35839 5.27106 5.887 5.25614 5.80376 5.72269 5.54407 5.52518 5.88425 5.94986 5.98066 5.97468 5.9526 5.92645 5.90787 5.91176 5.89784 5.8687 5.86069 5.83124 5.56371 4.437 4.0367 4.45927 -9999 -9999 -9999
-9999 -9999 -9999 -9999 -9999 -9999 5.02388 7.55353 8.70338 9.30444 10.1543 10.25 9.96558 9.45911 8.24231 7.17116 5.4339 3.45046 2.39453 5.5161 8.23102 9.64239 9.44028 6.14489 4.83655 4.76369 5.51404 4.85761 4.35702 2.76945 2.28819 1.62418 2.01731 3.2681 4.28938 5.27528 5.99011 6.04151 6.50238 6.76232 6.77519 6.84969 6.75635 6.67775 5.98251 6.44073 6.02986 6.22956 6.08135 5.94658 5.82583 5.42597 5.69104 5.92516 5.97893 5.98861 5.96588 5.95464 5.93659 5.906 5.88702 5.87706 5.86608 5.84461 5.83511 5.8123 5.67738 4.99553 4.08598 2.93947 -9999 -9999
-9999 -9999 -9999 -9999 -9999 -9999 3.75124 6.26852 7.47585 9.03444 9.83153 10.1496 10.0992 9.68731 8.76091 7.36999 6.20968 3.99636 1.69796 4.9744 7.89135 9.46045 9.53286 6.75816 7.51065 6.88008 7.11712 5.97325 5.49121 5.10579 4.28249 3.38376 2.40031 1.87646 4.18068 5.36023 6.308 6.75074 6.99736 7.11604 7.03847 6.85373 5.81651 6.58846 6.53188 6.44216 6.34091 6.2858 6.19299 6.08592 6.01466 5.98419 5.71571 5.99775 5.98127 5.9767 5.96984 5.95416 5.93165 5.91096 5.88716 5.87827 5.85902 5.83996 5.82374 5.80956 5.79158 5.74484 5.55644 4.02034 3.0976 2.82896
-9999 -9999 -9999 -9999 -9999 -9999 0.197056 3.86333 6.80555 8.33989 9.58503 9.92246 10.0439 9.49362 9.08011 8.08079 7.13375 5.67662 3.49774 2.15226 4.60195 8.16846 9.47505 9.35631 9.26179 8.53501 7.87893 7.78575 7.82257 7.05931 5.95368 4.51664 4.06031 3.55149 5.26551 5.49109 5.35726 7.24277 7.23874 7.1224 6.38874 5.56759 5.71133 5.197 5.56674 4.95655 5.49518 5.9592 6.12528 6.09913 6.02109 6.00083 5.96252 6.00257 5.9927 5.97584 5.96117 5.94959 5.93438 5.90424 5.88352 5.88308 5.85821 5.83806 5.81696 5.80506 5.79135 5.7543 5.71967 5.47519 5.11259 4.42723
-9999 -9999 -9999 -9999 -9999 -9999 0.3484 3.4296 6.043 7.60426 9.10831 9.4514 9.954 9.83627 9.40331 8.53346 7.44838 6.24755 4.37694 2.98388 4.61983 6.98293 8.67273 9.26644 9.24752 9.19484 9.0215 8.93998 8.74055 8.59282 7.79925 6.43873 5.66781 4.54417 6.45509 6.6621 6.35353 7.30303 7.24631 5.78873 4.66559 4.51709 5.18568 4.52875 4.40004 3.9847 4.42794 5.63511 5.26594 5.32492 5.86234 5.94312 5.98963 5.9959 5.98298 5.97158 5.95371 5.94682 5.93998 5.9101 5.89177 5.87836 5.8487 5.83422 5.81048 5.78948 5.76911 5.74482 5.71253 5.63613 5.5526 5.61639
-9999 -9999 -9999 -9999 -9999 -9999 0.405462 2.47541 4.82635 7.1301 8.7367 9.3801 9.84649 9.83357 9.33134 8.89477 8.21133 7.15372 6.42518 5.16666 3.44256 6.30641 7.17532 7.94605 8.26262 9.07074 9.03896 8.65168 8.19977 8.59394 8.46137 7.38471 7.02457 6.42318 7.48198 7.47586 7.4376 7.37165 6.13893 4.42869 3.05958 4.02833 3.81381 4.25147 2.84493 3.97755 4.8875 5.17488 4.53652 4.06078 5.48245 5.70809 5.83993 5.92125 5.97177 5.94861 5.95477 5.93797 5.92549 5.91259 5.89193 5.87599 5.85486 5.83324 5.80972 5.79042 5.76472 5.73456 5.72361 5.67745 5.654 5.62845
-9999 -9999 -9999 -9999 -9999 -9999 -9999 1.24202 4.21982 6.88203 8.36067 9.28765 9.73515 9.71882 9.4579 9.15857 8.7313 7.96559 7.00568 5.49386 4.36874 5.06632 5.91687 5.99802 6.561 8.21537 8.77302 7.95514 5.94575 7.10824 8.41081 8.37969 8.25821 8.12375 7.95387 7.80051 7.47548 6.61961 4.01583 3.49629 2.46894 2.57484 2.04256 3.17113 2.72951 3.88995 4.38642 4.56679 3.47224 3.68539 4.94523 5.43906 5.34574 5.64563 5.9315 5.93251 5.93251 5.91655 5.91466 5.90878 5.89558 5.87398 5.85567 5.83978 5.80422 5.79639 5.69069 5.61874 5.4824 5.63046 5.63633 5.63055
-9999 -9999 -9999 -9999 -9999 -9999 -9999 0.635745 3.61223 6.74883 7.75031 8.7501 9.61191 9.62062 9.22602 8.85016 8.46305 8.02328 6.86094 5.73323 4.65587 4.28743 4.49213 4.45639 5.37462 7.53376 7.94286 7.7526 5.65048 4.9351 6.67874 8.14285 8.24939 8.10649 6.36292 6.72343 5.77885 4.50091 4.14264 3.57802 2.39485 2.95017 2.08047 2.43885 2.32345 2.97768 3.291 4.07112 3.11605 3.10448 4.34122 4.96186 4.9682 5.62066 5.8477 5.90093 5.9081 5.91103 5.90575 5.90808 5.89391 5.87606 5.85498 5.81506 5.73132 5.48788 4.22292 4.2156 4.55116 4.86829 5.4485 5.60566
-9999 -9999 -9999 -9999 -9999 -9999 -9999 0.973727 3.03646 5.81854 7.87722 7.99873 8.99537 9.50576 9.07724 8.5957 8.10305 7.88256 6.61838 5.23041 4.10692 2.77862 2.98563 3.92187 5.45043 6.84148 7.08134 6.78082 5.64507 6.1622 7.34822 7.97356 8.15132 7.9946 7.60769 7.38038 6.68234 6.37469 5.40862 3.90308 3.3043 3.66793 2.06956 2.17048 2.7476 2.10628 3.12434 3.60597 2.37605 3.32618 4.42149 4.97693 5.46161 5.68641 5.77084 5.9052 5.90061 5.90439 5.90279 5.8926 5.88441 5.85305 5.82559 5.6839 5.47878 4.30006 3.79967 3.88657 4.41871 4.88363 5.36545 5.55993
-9999 -9999 -9999 -9999 -9999 -9999 -9999 1.31935 3.17557 5.58655 7.05176 7.30689 8.41288 9.39539 9.2761 8.77533 8.61665 8.09766 7.02414 5.83913 4.54457 3.91009 2.46395 3.86778 4.96658 6.14319 6.68803 5.75095 5.28007 6.08564 6.88665 7.20087 8.01037 7.99331 7.71725 6.55749 5.98734 6.21547 5.96528 5.53387 4.49451 4.43905 3.76766 3.48366 3.21469 2.35617 2.88208 2.92532 3.05754 4.20427 4.76978 5.14171 5.47937 5.56148 5.70356 5.89069 5.89953 5.89825 5.88913 5.88456 5.86192 5.79795 5.74265 5.46612 4.983 4.08884 2.6408 3.64381 4.69305 4.99883 5.29381 5.4452
-9999 -9999 -9999 -9999 -9999 -9999 -9999 0.994073 2.96639 5.02554 5.88141 6.01951 8.02793 9.25435 9.24779 9.00575 8.72442 7.45561 7.52043 7.25915 6.09051 4.39241 2.52821 2.69217 3.78123 5.33437 5.84282 4.30626 3.76029 4.14461 5.36091 6.44883 7.58536 7.86714 7.52176 5.72143 3.80883 4.68263 5.61685 5.6024 5.31627 4.35155 4.03856 3.75416 3.04725 1.85279 2.01217 2.3301 3.63089 4.03858 4.67386 5.20005 4.98907 5.09826 5.60178 5.88713 5.88977 5.88665 5.88801 5.87295 5.84708 5.72787 5.60207 5.39655 4.15077 3.37279 2.24352 3.53377 4.24632 4.6163 5.29462 5.45007
-9999 -9999 -9999 -9999 -9999 -9999 -9999 0.373207 1.80191 3.76956 4.5573 5.81916 7.71652 8.64529 9.08593 9.06722 8.87672 8.3036 7.95532 7.27769 6.06244 4.40405 2.56151 1.35848 1.95506 4.04428 4.52867 3.11436 2.39312 3.26913 4.56604 6.49117 7.58714 7.72711 7.61794 7.23944 5.84059 4.15238 4.14897 4.98193 4.26799 3.43957 3.88045 3.78737 3.08936 2.57885 2.25537 2.43296 3.16947 3.47089 4.20633 5.2964 5.44483 5.40477 5.85887 5.87345 5.87578 5.88483 5.87591 5.8633 5.84103 5.74226 5.53137 4.69938 3.97269 2.96501 2.83277 3.97871 4.47603 4.93489 5.26344 5.36496
-9999 -9999 -9999 -9999 -9999 -9999 -9999 -0.690333 0.992049 2.83458 4.55933 6.19069 7.59355 7.69381 8.42954 8.41974 8.80093 8.68018 8.14813 7.57601 6.52771 4.40015 2.60948 0.657325 1.15947 3.29514 3.5512 2.60404 0.862719 2.64068 4.60255 6.37984 7.3377 6.57007 7.33803 7.26505 6.73522 5.72655 4.16324 4.18347 3.00948 2.94943 3.53811 3.72265 3.61328 3.22769 2.61341 2.69971 3.14076 3.24755 3.9227 4.76631 5.591 5.72224 5.87256 5.87081 5.86493 5.86951 5.86281 5.83707 5.78605 5.68313 4.98435 4.15486 3.64054 2.93586 2.84275 4.17021 4.68992 4.9735 5.25626 5.36291
-9999 -9999 -9999 -9999 -9999 -9999 -9999 -9999 0.810989 2.71466 4.12101 4.49314 5.739 6.40766 6.92308 7.03039 8.51761 8.59107 8.25045 7.7242 6.82879 5.21211 4.08267 2.20983 0.860799 1.39007 1.62651 2.1086 1.95355 2.74103 4.6259 6.59016 6.79602 5.53276 5.7092 5.96239 6.54126 6.23387 4.10706 3.02196 2.11962 2.74465 3.40254 3.55444 3.57705 3.43848 3.27236 2.99724 3.88034 4.53139 4.67519 5.24189 5.65804 5.76659 5.84633 5.84867 5.85132 5.84311 5.81002 5.78375 5.66873 5.42128 4.64065 2.77505 2.85322 2.64373 2.05736 3.3529 4.15944 4.8886 5.27217 5.36508
-9999 -9999 -9999 -9999 -9999 -9999 -9999 -9999 0.16646 2.37035 2.82863 2.78477 2.04297 2.37132 5.07891 5.61698 7.04291 8.39258 8.28373 7.76731 6.92899 5.96232 4.47074 2.36567 0.690876 -0.0306323 1.7453 3.48854 3.84187 4.39374 5.54493 5.75593 4.46494 3.25384 3.91929 4.31652 5.85589 6.12937 5.81923 4.53409 3.06594 2.29499 3.18437 3.29483 3.33896 3.33972 3.29783 3.24215 4.23541 4.7828 5.15971 5.36079 5.71681 5.80135 5.82254 5.84211 5.82707 5.79989 5.73393 5.66008 5.36308 5.00525 3.73196 2.66893 2.00279 1.15944 3.03202 3.57941 4.33977 4.82696 5.20843 5.28556
