Test_Spring_2018b/01_18/Temp/20180107_018.txt
ncols	170
nrows	115
xllcorner	350000.000000
yllcorner	4445000.000000
cellsize	1000.000000
nodata_value	-9999.000000
[rows 32 to 63 of 115, columns 72 to 143 of 170]
10.4436 10.0991 10.6099 11.0797 10.7899 10.5977 11.3731 11.3665 11.0917 10.4553 10.2177 9.9716 9.81839 9.00414 6.73104 4.68155 5.77121 5.79219 5.03044 6.38434 5.6636 3.78952 1.14566 2.57967 2.20462 0.34959 -0.107876 -9999 -9999 -9999 -9999 -9999 -9999 -9999 -9999 -9999 -9999 -9999 -9999 -9999 -9999 -9999 -9999 -9999 -9999 -9999 -9999 -9999 -9999 -9999 -9999 -9999 -9999 -9999 -9999 -9999 -9999 -9999 -9999 -9999 -9999 -9999 -9999 -9999 -9999 -9999 -9999 -9999 -9999 -9999 -9999 -9999
9.98992 9.83711 10.6005 10.576 10.5331 10.8094 11.287 11.3777 11.2666 10.9854 10.7411 10.4817 9.83345 8.90293 6.95672 4.62474 4.09176 5.22531 5.27541 5.45436 4.79709 3.97293 2.68578 3.73568 4.14249 2.92005 1.32175 0.292557 -9999 -9999 -9999 -9999 -9999 -9999 -9999 -9999 -9999 -9999 -9999 -9999 -9999 -9999 -9999 -9999 -9999 -9999 -9999 -9999 -9999 -9999 -9999 -9999 -9999 -9999 -9999 -9999 -9999 -9999 -9999 -9999 -9999 -9999 -9999 -9999 -9999 -9999 -9999 -9999 -9999 -9999 -9999 -9999
9.44927 8.69235 9.14916 9.49015 10.1497 10.3044 10.3949 11.3089 11.2536 11.2045 10.8049 10.4842 9.95701 9.0612 7.78864 6.25794 3.59728 5.22959 6.50712 6.47023 6.39645 5.81807 4.58127 5.61156 5.65808 4.09966 2.32529 1.27058 0.83307 -9999 -9999 -9999 -9999 -9999 -9999 -9999 -9999 -9999 -9999 -9999 -9999 -9999 -9999 -9999 -9999 -9999 -9999 -9999 -9999 -9999 -9999 -9999 -9999 -9999 -9999 -9999 -9999 -9999 -9999 -9999 -9999 -9999 -9999 -9999 -9999 -9999 -9999 -9999 -9999 -9999 -9999 -9999
8.83496 7.91235 8.37209 8.98836 9.87068 10.328 10.6656 10.9344 11.2086 11.1689 10.7601 9.56533 9.38924 9.33157 8.49711 6.75277 5.01106 4.55626 6.5075 7.06321 6.94556 7.37917 6.33103 6.82279 6.61819 6.06636 4.35909 2.79674 2.14522 0.85943 -9999 -9999 -9999 -9999 -9999 -9999 -9999 -9999 -9999 -9999 -9999 -9999 -9999 -9999 -9999 -9999 -9999 -9999 -9999 -9999 -9999 -9999 -9999 -9999 -9999 -9999 -9999 -9999 -9999 -9999 -9999 -9999 -9999 -9999 -9999 -9999 -9999 -9999 -9999 -9999 -9999 -9999
-9999 -9999 7.32434 8.17518 8.86687 9.73427 10.4677 10.8339 11.1893 11.1536 10.3428 9.94278 9.90185 9.35264 8.39012 7.78402 6.68533 5.5413 5.9718 7.6356 6.89015 8.06871 7.96609 8.18095 7.38905 5.90371 3.91244 2.7532 2.17007 1.12759 -9999 -9999 -9999 -9999 -9999 -9999 -9999 -9999 -9999 -9999 -9999 -9999 -9999 -9999 -9999 -9999 -9999 -9999 -9999 -9999 -9999 -9999 -9999 -9999 -9999 -9999 -9999 -9999 -9999 -9999 -9999 -9999 -9999 -9999 -9999 -9999 -9999 -9999 -9999 -9999 -9999 -9999
-9999 -9999 -9999 8.01466 8.5391 9.68401 10.2816 10.517 11.0943 11.0888 10.7774 10.5406 10.2001 9.75754 9.03243 8.2334 7.19964 7.09939 8.16173 8.17091 7.94458 8.11684 8.66252 8.51594 7.2985 5.19358 4.0771 1.82671 0.854094 0.951011 0.260019 -9999 -9999 -9999 -9999 -9999 -9999 -9999 -9999 -9999 -9999 -9999 -9999 2.82577 -9999 -9999 -9999 -9999 -9999 -9999 -9999 -9999 -9999 -9999 -9999 -9999 -9999 -9999 -9999 -9999 -9999 -9999 -9999 -9999 -1.44724 -9999 -9999 -9999 -9999 -9999 -9999 -9999
-9999 -9999 7.90519 8.61946 9.17276 9.888 9.96333 10.3834 11.0481 11.051 10.8279 10.5767 10.0208 9.87787 9.46212 8.59492 8.41307 8.75692 8.91315 9.0915 9.20048 9.10683 8.8827 8.59408 7.81641 6.83683 6.17904 4.11579 3.07582 2.07182 0.552819 -0.636729 -9999 -9999 -9999 -9999 -9999 -9999 -9999 2.0519 1.9898 2.011 2.33789 3.25033 2.70534 -9999 -9999 -9999 -9999 -9999 -9999 -9999 -9999 -9999 -9999 -9999 -9999 -9999 -9999 -9999 -9999 -9999 -9999 -9999 -0.62387 -1.82628 -9999 -9999 -9999 -9999 -9999 -9999
-9999 -9999 8.09679 8.84721 9.21874 9.91345 10.3079 10.5727 10.7986 11.014 10.9693 10.6918 10.2734 10.2688 9.6955 9.38365 9.15971 9.62656 9.71542 9.52237 9.28192 9.06965 8.47399 8.40411 8.22131 7.59986 6.57978 5.52836 4.02568 1.9655 -0.0556211 -1.68709 -9999 -9999 -9999 -9999 -9999 -9999 2.22402 2.9807 3.43172 2.45463 3.27887 4.03187 3.90528 3.17276 -9999 -9999 -9999 -9999 -9999 -9999 -9999 -9999 -9999 -9999 -9999 -9999 -9999 -9999 5.06384 3.83171 1.35101 0.075428 -0.693245 -1.78732 -9999 -9999 -9999 -9999 -9999 -9999
-9999 -9999 7.94104 8.82887 9.4283 9.9595 10.039 10.5804 10.8246 10.9368 10.9151 10.8538 10.7703 10.2684 10.0485 9.29455 10.0034 9.97111 9.78582 9.06608 8.75302 7.52144 6.97921 6.86828 7.90294 7.13907 5.54349 3.54843 1.15879 1.00769 0.212116 -1.24628 -9999 -9999 -9999 -9999 -9999 -9999 2.45582 3.26536 3.94021 4.03357 3.06244 4.4048 4.35569 3.59611 3.41937 4.03183 4.33926 4.11029 4.84429 5.05279 4.7118 5.06904 -9999 -9999 -9999 -9999 5.24458 5.28583 5.31501 4.79688 2.08757 0.23452 -1.43047 -1.59367 -9999 -9999 -9999 -9999 -9999 -9999
-9999 -9999 8.55409 9.09886 9.37149 9.41069 9.88672 10.3589 10.6585 10.8647 10.8134 10.7878 10.761 10.584 10.1835 10.2472 10.209 9.97418 8.60605 7.01091 7.702 6.75921 4.73909 6.39033 7.29443 6.42964 4.49686 2.25513 1.52904 1.56447 0.45925 -0.967783 -9999 -9999 -9999 0.237346 1.39897 1.49411 1.83183 2.91307 3.73413 4.35722 4.77631 4.76476 4.31206 3.56913 2.76198 3.04218 4.47865 4.82429 5.12623 5.34259 5.02542 5.17348 5.55105 5.74214 5.77426 5.67514 5.64596 5.669 5.61448 5.1301 2.71147 1.32045 0.429901 -1.35359 -9999 -9999 -9999 -9999 -9999 -9999
-9999 -9999 8.20531 8.67859 9.06064 9.69298 9.75486 10.1554 10.3877 10.7479 10.7804 10.3517 10.6906 10.6374 10.5644 10.4192 10.2106 9.0539 7.46282 5.86895 5.13236 5.44589 4.22922 4.86163 5.77804 5.45225 4.26453 2.26794 1.98713 1.52894 -0.322955 -2.1116 -9999 -9999 -2.0237 0.211037 1.78228 2.58928 2.8344 2.85164 3.88749 3.96278 5.07906 4.81633 3.3272 3.4888 2.91347 3.28236 3.80003 3.9394 4.70196 5.42931 5.56004 5.55552 5.79305 5.83535 5.84003 5.82523 5.65028 5.7179 5.72103 5.41573 3.65649 2.79418 1.84363 -1.34044 -9999 -9999 -9999 -9999 -9999 -9999
-9999 -9999 8.44271 8.97244 9.55273 9.64176 10.0694 10.0163 9.88378 10.4817 10.7019 10.3964 10.1738 10.5587 10.5229 10.4628 10.3697 9.28226 8.02591 6.12758 4.94803 4.2286 3.71776 3.04123 3.51289 3.37132 3.1809 3.40445 2.86316 1.7737 0.686819 -1.34435 -2.44739 -9999 -1.9039 -0.899033 0.970589 2.55806 3.56297 3.19153 4.36998 4.58302 5.26543 4.85819 3.95229 3.55493 3.51514 3.39168 4.18528 4.72403 5.10465 5.35113 5.66152 5.73408 5.80675 5.83226 5.84224 5.85232 5.83965 5.82469 5.78057 5.66032 4.84665 3.98475 2.13458 -1.23906 -9999 -9999 -9999 -9999 -9999 -9999
-9999 6.87784 8.37668 9.26888 9.61092 9.85586 10.0706 10.2237 10.3824 10.5304 10.6309 10.581 9.78584 9.84072 9.97302 10.4108 10.3718 10.2679 9.57889 7.26986 6.47191 5.30659 3.79921 3.17667 3.49435 4.73355 4.68148 3.86583 2.9561 1.70155 0.904837 -0.343232 -2.73679 -2.52632 -1.45431 -0.659005 0.609069 2.55076 3.9094 4.5113 4.73397 5.21074 5.45423 4.89404 4.36521 4.13947 3.72631 3.664 3.66255 4.14054 4.51847 5.356 5.63081 5.75359 5.81153 5.83884 5.85627 5.8731 5.87325 5.84841 5.84045 5.82501 5.75614 4.61284 1.76164 -0.385007 -9999 -9999 -9999 -9999 -9999 -9999
-9999 -9999 8.09549 8.48537 8.58349 8.75854 9.12232 9.5421 10.1373 10.2076 10.5326 10.5216 9.83847 9.04681 9.71884 9.98093 10.254 10.2562 10.1633 8.22236 7.20711 6.40888 4.96395 5.4936 5.99244 6.03381 5.73872 3.98726 2.24252 0.233972 -1.64802 -1.73846 -2.7504 -2.2171 -1.51101 0.309996 1.58869 2.10214 2.46838 4.44182 4.95172 5.1191 5.61927 4.92085 4.74082 4.21562 4.36539 4.3155 4.31438 2.87014 4.31686 4.39714 5.33299 5.75375 5.84304 5.86128 5.88095 5.87698 5.87379 5.86067 5.86128 5.83748 5.80992 5.06287 1.45408 -0.362083 -9999 -9999 -9999 -9999 -9999 -9999
-9999 -9999 -9999 -9999 8.20744 8.50293 8.68978 9.01701 10.0311 10.2992 10.4743 10.4813 10.1705 9.38803 9.17476 9.30796 8.54495 9.17073 10.0306 10.0059 9.89956 8.19616 7.33145 8.17831 7.92567 6.64942 5.64608 4.65577 2.61314 1.12237 -1.03413 -2.65454 -2.71713 -0.932013 0.550166 2.3928 3.20103 2.72797 3.22243 4.1983 5.30802 5.84073 5.70589 4.96982 4.86274 4.05575 4.83913 4.90247 4.53222 4.21192 4.34004 4.80091 4.97343 5.70424 5.87637 5.90261 5.90015 5.89477 5.88292 5.86981 5.85002 5.83241 5.81213 5.76893 2.05943 -0.828128 -9999 -9999 -9999 -9999 -9999 -9999
-9999 -9999 -9999 -9999 7.49381 7.67172 8.14761 9.37855 10.0168 10.2711 10.2541 10.3665 10.1446 9.4542 8.74601 8.07776 7.21961 7.69985 8.98204 9.73764 9.82244 8.32933 9.1131 8.82553 8.25614 6.58602 5.3566 4.70697 2.74652 1.07206 -0.36177 -2.34364 -1.49703 -0.566242 0.628385 2.6404 3.99396 4.54448 4.06624 4.68663 5.96459 5.96361 5.25241 5.29138 4.85767 3.75673 4.89302 5.21007 4.94777 5.01162 4.91718 5.08605 5.39701 5.69378 5.88869 5.9091 5.90504 5.88999 5.88084 5.87172 5.84766 5.83869 5.81815 5.78917 3.39112 -0.886143 -9999 -9999 -9999 -9999 -9999 -9999
-9999 -9999 -9999 -9999 -9999 6.83905 7.93266 9.56885 9.96676 9.92203 10.2531 10.2738 9.93797 9.64511 8.78714 7.61866 5.38301 5.94439 7.12422 8.8292 9.72539 9.60429 9.11149 8.2473 6.15221 4.31971 4.10146 3.80553 2.37614 1.08859 -0.505492 0.4199 1.43191 2.53739 3.11506 2.95742 4.11623 5.05873 4.64576 5.40863 6.30036 5.88361 5.63438 5.42477 4.9242 4.88916 4.9365 5.58052 5.12898 5.40143 5.41059 5.39094 5.54 5.71176 5.89178 5.91561 5.9085 5.90319 5.87254 5.87054 5.84991 5.82919 5.80928 5.78279 5.55658 3.2481 1.86478 -9999 -9999 -9999 -9999 -9999
-9999 -9999 -9999 -9999 -9999 5.82193 6.36424 8.30321 8.89408 9.74625 10.1946 10.2071 9.6464 9.33003 8.05602 7.63718 5.56839 4.62973 5.41691 5.11061 7.46094 9.54206 9.09561 4.89756 3.37981 2.2989 2.58239 2.58976 2.19508 -0.00257016 -0.608516 1.36742 2.61023 3.57119 4.29767 4.44367 4.4106 5.88941 6.07875 6.55297 6.43887 6.47515 5.7161 5.24417 5.64489 5.17136 5.08694 5.75238 5.09007 5.68331 5.61536 5.4325 5.41888 5.80675 5.88067 5.91609 5.91084 5.88719 5.85803 5.83762 5.84035 5.82418 5.79209 5.78293 5.75145 5.46823 4.26918 3.84445 4.29671 -9999 -9999 -9999
-9999 -9999 -9999 -9999 -9999 -9999 4.5472 7.24448 8.46978 9.11141 10.0174 10.1191 9.81724 9.27629 7.97893 6.83739 4.98735 2.87647 1.7591 5.09161 7.99314 9.50812 9.31536 5.82098 4.44431 4.38436 5.20158 4.52007 4.00402 2.33581 1.83686 1.14125 1.56951 2.9113 4.00291 5.0549 5.8165 5.87022 6.35951 6.63966 6.65413 6.73535 6.63907 6.55983 5.82956 6.32512 5.89576 6.11752 5.9691 5.83519 5.72506 5.30646 5.59531 5.8501 5.91148 5.92428 5.90141 5.88942 5.86901 5.83431 5.81513 5.80315 5.79032 5.76672 5.75639 5.73382 5.59118 4.86645 3.8996 2.68069 -9999 -9999
-9999 -9999 -9999 -9999 -9999 -9999 3.19391 5.8779 7.1643 8.82599 9.67722 10.0177 9.96301 9.52321 8.53557 7.05373 5.81856 3.46297 1.01835 4.51434 7.63645 9.31886 9.40865 6.47763 7.29534 6.64031 6.90978 5.70808 5.21094 4.82287 3.95901 3.01297 1.97849 1.42652 3.88505 5.14364 6.15378 6.6248 6.88627 7.01137 6.93255 6.74108 5.63919 6.4658 6.41579 6.32727 6.22734 6.17724 6.08742 5.98261 5.92525 5.89994 5.62028 5.92653 5.91213 5.9101 5.90427 5.88771 5.86273 5.83879 5.81096 5.80309 5.78346 5.76239 5.74483 5.73147 5.71331 5.66503 5.4663 3.83229 2.85195 2.57253
-9999 -9999 -9999 -9999 -9999 -9999 -0.589737 3.3181 6.45457 8.09023 9.41991 9.77909 9.9079 9.32109 8.88026 7.81596 6.80829 5.25844 2.94117 1.51329 4.13051 7.93898 9.35125 9.24897 9.16324 8.40457 7.72145 7.6379 7.6924 6.90124 5.74189 4.22114 3.74341 3.20738 5.03739 5.28009 5.1385 7.14697 7.14198 7.01722 6.23519 5.36739 5.52267 4.9844 5.38848 4.74509 5.32632 5.82871 6.01414 5.99499 5.93043 5.91603 5.8814 5.92804 5.92162 5.90651 5.89246 5.88046 5.86351 5.82979 5.80555 5.80269 5.77994 5.75717 5.73784 5.72697 5.71327 5.6752 5.64016 5.38194 4.99817 4.2749
-9999 -9999 -9999 -9999 -9999 -9999 -0.423542 2.85881 5.64461 7.31256 8.91526 9.28082 9.81608 9.69052 9.22942 8.30346 7.14905 5.8724 3.88353 2.4048 4.15427 6.68096 8.49128 9.1478 9.15047 9.10861 8.93846 8.87225 8.67397 8.53814 7.70399 6.26507 5.45147 4.26045 6.30037 6.52364 6.19637 7.20831 7.14779 5.59482 4.39841 4.24088 4.96312 4.26663 4.13978 3.70989 4.18897 5.48243 5.09603 5.16732 5.75907 5.85172 5.90581 5.91745 5.90763 5.89832 5.88094 5.87415 5.86639 5.83331 5.812 5.7957 5.76213 5.75265 5.72662 5.70605 5.68948 5.66489 5.63221 5.55288 5.46393 5.53913
-9999 -9999 -9999 -9999 -9999 -9999 -0.359549 1.84483 4.351 6.81048 8.52265 9.20846 9.70555 9.69209 9.15763 8.69361 7.96734 6.8434 6.07113 4.73551 2.90525 5.96371 6.90005 7.74473 8.09908 8.97374 8.95402 8.55559 8.10415 8.53568 8.40643 7.26822 6.89189 6.25709 7.3894 7.38593 7.34709 7.27786 5.96519 4.14368 2.68575 3.7188 3.49215 3.97111 2.48319 3.6928 4.66888 4.98251 4.31677 3.81775 5.35141 5.59668 5.7425 5.83377 5.89135 5.86945 5.87774 5.86057 5.84711 5.8325 5.80912 5.79055 5.76647 5.74211 5.72503 5.70653 5.67972 5.64531 5.63539 5.59335 5.57076 5.55077
-9999 -9999 -9999 -9999 -9999 -9999 -9999 0.534035 3.71286 6.5501 8.12619 9.11438 9.5917 9.575 9.29801 8.98058 8.52753 7.71481 6.69621 5.09083 3.89857 4.6492 5.56611 5.67673 6.28834 8.06314 8.66992 7.81141 5.69299 6.94553 8.34301 8.31861 8.19668 8.05958 7.88682 7.72676 7.38283 6.47266 3.70002 3.14422 2.05074 2.16489 1.59991 2.81619 2.35689 3.59852 4.13362 4.33262 3.17394 3.42195 4.76975 5.30172 5.20769 5.53187 5.84359 5.84735 5.84913 5.83303 5.83116 5.82439 5.80939 5.78192 5.76103 5.74293 5.7142 5.7084 5.59637 5.52083 5.37718 5.53695 5.54559 5.54433
-9999 -9999 -9999 -9999 -9999 -9999 -9999 -0.103755 3.06865 6.41132 7.47929 8.5453 9.46429 9.47461 9.05554 8.65686 8.24679 7.78134 6.54703 5.35057 4.20876 3.82317 4.04915 4.03722 5.02608 7.33733 7.78456 7.59335 5.37898 4.62675 6.49323 8.06099 8.1815 8.03517 6.18257 6.57031 5.56687 4.20759 3.82752 3.22743 1.96851 2.56186 1.63776 2.02261 1.92322 2.62525 2.96478 3.80209 2.79132 2.7996 4.12238 4.78884 4.80049 5.49985 5.7453 5.8048 5.81441 5.81867 5.81345 5.81572 5.79999 5.7801 5.75673 5.71346 5.62384 5.37523 4.03134 4.02459 4.38353 4.72319 5.3487 5.51546
-9999 -9999 -9999 -9999 -9999 -9999 -9999 0.259336 2.4583 5.42334 7.61763 7.74823 8.81109 9.35608 8.90113 8.39008 7.8677 7.63587 6.29297 4.81901 3.62765 2.21899 2.44669 3.45202 5.10796 6.59985 6.86562 6.55576 5.37042 5.9302 7.20185 7.87544 8.07136 7.91003 7.50257 7.26425 6.52372 6.19846 5.17141 3.5695 2.93359 3.32316 1.62312 1.73387 2.35256 1.69506 2.78489 3.30371 1.99956 3.03191 4.20372 4.80019 5.32091 5.5643 5.65756 5.80334 5.80041 5.80572 5.80467 5.79397 5.78502 5.75121 5.72149 5.57023 5.35165 4.09628 3.57859 3.67218 4.24043 4.73736 5.25532 5.46408
-9999 -9999 -9999 -9999 -9999 -9999 -9999 0.630504 2.60939 5.1791 6.74124 7.0143 8.1938 9.24189 9.11651 8.5851 8.41856 7.86873 6.7288 5.47081 4.09683 3.42677 1.89278 3.39543 4.59323 5.85567 6.44529 5.47197 4.97884 5.84502 6.70579 7.04734 7.91576 7.90292 7.61343 6.38184 5.77776 6.02355 5.7595 5.30226 4.19742 4.14092 3.42863 3.12948 2.84687 1.95889 2.52411 2.57547 2.72314 3.96349 4.57042 4.97091 5.33458 5.4256 5.58 5.78185 5.79319 5.79322 5.78438 5.77999 5.75604 5.6879 5.62895 5.33443 4.82003 3.86804 2.34183 3.41133 4.53033 4.85572 5.17631 5.33893
-9999 -9999 -9999 -9999 -9999 -9999 -9999 0.28687 2.3893 4.58418 5.4972 5.64563 7.78652 9.09453 9.08932 8.83358 8.53639 7.18775 7.26032 6.98611 5.74594 3.94239 1.96252 2.14373 3.32652 4.99348 5.54344 3.9311 3.35716 3.77383 5.07632 6.24149 7.45784 7.76304 7.39954 5.48558 3.45155 4.38539 5.38335 5.37063 5.06854 4.04374 3.71349 3.41405 2.66495 1.4062 1.59439 1.93801 3.34453 3.78301 4.46383 5.02823 4.80705 4.92658 5.46577 5.77209 5.7768 5.77493 5.77744 5.76215 5.7351 5.60849 5.47482 5.25631 3.92978 3.10178 1.90436 3.29154 4.05184 4.45055 5.17424 5.34099
-9999 -9999 -9999 -9999 -9999 -9999 -9999 -0.37181 1.15138 3.24867 4.08904 5.43455 7.45713 8.44807 8.91925 8.90142 8.70095 8.09332 7.72569 7.00775 5.71765 3.95604 1.99878 0.723253 1.36519 3.61836 4.14887 2.65944 1.8981 2.83792 4.22567 6.28217 7.45489 7.60871 7.49665 7.09724 5.61053 3.81531 3.81467 4.70495 3.94741 3.06808 3.54112 3.44564 2.70607 2.16654 1.8502 2.04631 2.84926 3.17421 3.96136 5.12608 5.28743 5.24767 5.73397 5.7517 5.75603 5.76718 5.75889 5.74643 5.7235 5.619 5.39504 4.50949 3.73622 2.66377 2.52406 3.76271 4.29231 4.78695 5.13793 5.24706
-9999 -9999 -9999 -9999 -9999 -9999 -9999 -1.50226 0.290977 2.25483 4.09324 5.83226 7.32799 7.43629 8.22177 8.21336 8.62182 8.49598 7.93247 7.32674 6.21427 3.95259 2.05024 -0.0237032 0.517162 2.81472 3.11614 2.11381 0.265257 2.16533 4.26093 6.15947 7.18466 6.37132 7.19342 7.11936 6.55836 5.48711 3.82493 3.84963 2.60226 2.54168 3.17238 3.3728 3.26038 2.85393 2.21421 2.32725 2.81483 2.9322 3.65485 4.55673 5.43818 5.58064 5.74311 5.74331 5.73881 5.74522 5.7394 5.71315 5.65985 5.55122 4.80783 3.92524 3.37848 2.62903 2.53116 3.95196 4.51738 4.82496 5.12708 5.24156
-9999 -9999 -9999 -9999 -9999 -9999 -9999 -9999 0.100142 2.12893 3.62799 4.02543 5.35377 6.06743 6.61812 6.73435 8.32092 8.40187 8.04216 7.48518 6.53541 4.81776 3.61957 1.62984 0.198392 0.791792 1.06424 1.58404 1.42484 2.26934 4.28246 6.37975 6.60348 5.26184 5.45356 5.72679 6.34679 6.02259 3.76023 2.60762 1.64982 2.31924 3.02387 3.18969 3.21799 3.07476 2.91627 2.65444 3.59881 4.2958 4.45221 5.05887 5.50487 5.62292 5.71001 5.7144 5.71891 5.71169 5.67783 5.65116 5.5299 5.26756 4.43726 2.45123 2.53589 2.31418 1.69104 3.0728 3.95368 4.73136 5.14082 5.24057
-9999 -9999 -9999 -9999 -9999 -9999 -9999 -9999 -0.584701 1.76366 2.25254 2.20663 1.41738 1.76835 4.6541 5.22908 6.75024 8.19058 8.07767 7.53107 6.64202 5.61672 4.03264 1.79537 0.016725 -0.72917 1.18372 3.05208 3.43411 4.02727 5.25845 5.48767 4.11649 2.83008 3.54245 3.9689 5.61196 5.90651 5.57941 4.21381 2.65343 1.83597 2.7874 2.90929 2.96069 2.96602 2.93077 2.89723 3.97325 4.55974 4.96434 5.18133 5.56306 5.65531 5.67983 5.70242 5.68798 5.66052 5.59169 5.51445 5.19951 4.81981 3.46496 2.33415 1.62618 0.729472 2.72597 3.31117 4.13125 4.66256 5.06977 5.15263
