Test_Spring_2018b/01_18/Temp/20180103_009.txt
ncols	170
nrows	115
xllcorner	350000.000000
yllcorner	4445000.000000
cellsize	1000.000000
nodata_value	-9999.000000
[rows 32 to 63 of 115, columns 72 to 143 of 170]
9.03778 8.74018 9.21303 9.64881 9.39096 9.22363 9.93791 9.9428 9.70611 9.14354 8.94015 8.72905 8.6015 7.87834 5.84088 4.0046 4.9957 5.02379 4.34639 5.57426 4.93283 3.25197 0.877193 2.17521 1.84325 0.160836 -0.250025 -9999 -9999 -9999 -9999 -9999 -9999 -9999 -9999 -9999 -9999 -9999 -9999 -9999 -9999 -9999 -9999 -9999 -9999 -9999 -9999 -9999 -9999 -9999 -9999 -9999 -9999 -9999 -9999 -9999 -9999 -9999 -9999 -9999 -9999 -9999 -9999 -9999 -9999 -9999 -9999 -9999 -9999 -9999 -9999 -9999
8.63407 8.50907 9.20933 9.19985 9.16122 9.41887 9.86515 9.95776 9.86851 9.62595 9.4166 9.19357 8.62015 7.79227 6.04927 3.95848 3.48789 4.5181 4.57194 4.7414 4.15713 3.42206 2.26947 3.22164 3.59417 2.4894 1.04308 0.117111 -9999 -9999 -9999 -9999 -9999 -9999 -9999 -9999 -9999 -9999 -9999 -9999 -9999 -9999 -9999 -9999 -9999 -9999 -9999 -9999 -9999 -9999 -9999 -9999 -9999 -9999 -9999 -9999 -9999 -9999 -9999 -9999 -9999 -9999 -9999 -9999 -9999 -9999 -9999 -9999 -9999 -9999 -9999 -9999
8.15222 7.48295 7.90696 8.22662 8.81516 8.97414 9.06654 9.90083 9.86198 9.8286 9.47953 9.20133 8.73707 7.94053 6.80437 5.43538 3.04818 4.52762 5.68704 5.662 5.60326 5.08953 3.98227 4.9168 4.96487 3.55259 1.94815 1.00395 0.61595 -9999 -9999 -9999 -9999 -9999 -9999 -9999 -9999 -9999 -9999 -9999 -9999 -9999 -9999 -9999 -9999 -9999 -9999 -9999 -9999 -9999 -9999 -9999 -9999 -9999 -9999 -9999 -9999 -9999 -9999 -9999 -9999 -9999 -9999 -9999 -9999 -9999 -9999 -9999 -9999 -9999 -9999 -9999
7.60421 6.78556 7.21209 7.77967 8.57995 8.99694 9.31566 9.56881 9.82689 9.80217 9.4449 8.37962 8.23175 8.19032 7.44889 5.8875 4.32808 3.92744 5.69364 6.20228 6.10388 6.5016 5.56417 6.01349 5.83528 5.33813 3.79397 2.38443 1.80376 0.652118 -9999 -9999 -9999 -9999 -9999 -9999 -9999 -9999 -9999 -9999 -9999 -9999 -9999 -9999 -9999 -9999 -9999 -9999 -9999 -9999 -9999 -9999 -9999 -9999 -9999 -9999 -9999 -9999 -9999 -9999 -9999 -9999 -9999 -9999 -9999 -9999 -9999 -9999 -9999 -9999 -9999 -9999
-9999 -9999 6.2735 7.04551 7.68645 8.46725 9.14273 9.48375 9.81518 9.79422 9.07511 8.72596 8.70007 8.21607 7.35942 6.82343 5.84325 4.82171 5.21795 6.72457 6.06046 7.12899 7.04302 7.2427 6.53526 5.19418 3.39713 2.35077 1.83169 0.899256 -9999 -9999 -9999 -9999 -9999 -9999 -9999 -9999 -9999 -9999 -9999 -9999 -9999 -9999 -9999 -9999 -9999 -9999 -9999 -9999 -9999 -9999 -9999 -9999 -9999 -9999 -9999 -9999 -9999 -9999 -9999 -9999 -9999 -9999 -9999 -9999 -9999 -9999 -9999 -9999 -9999 -9999
-9999 -9999 -9999 6.9059 7.39595 8.43906 8.98061 9.20393 9.73539 9.74201 9.47302 9.27115 8.97568 8.58801 7.94542 7.23577 6.31411 6.23275 7.19801 7.21397 7.01721 7.17895 7.67662 7.55036 6.45289 4.55987 3.55941 1.52154 0.651464 0.74532 0.129985 -9999 -9999 -9999 -9999 -9999 -9999 -9999 -9999 -9999 -9999 -9999 -9999 2.56089 -9999 -9999 -9999 -9999 -9999 -9999 -9999 -9999 -9999 -9999 -9999 -9999 -9999 -9999 -9999 -9999 -9999 -9999 -9999 -9999 -1.07211 -9999 -9999 -9999 -9999 -9999 -9999 -9999
-9999 -9999 6.80713 7.46146 7.97145 8.6275 8.69558 9.08925 9.69967 9.71412 9.52507 9.31059 8.82143 8.70401 8.34034 7.56945 7.41524 7.73387 7.88277 8.05086 8.1558 8.07761 7.8814 7.62671 6.92302 6.04529 5.45756 3.59585 2.65752 1.75953 0.398279 -0.665582 -9999 -9999 -9999 -9999 -9999 -9999 -9999 1.83094 1.78465 1.8133 2.11721 2.94849 2.46689 -9999 -9999 -9999 -9999 -9999 -9999 -9999 -9999 -9999 -9999 -9999 -9999 -9999 -9999 -9999 -9999 -9999 -9999 -9999 -0.325946 -1.39671 -9999 -9999 -9999 -9999 -9999 -9999
-9999 -9999 6.98408 7.6713 8.01747 8.65503 9.02244 9.26536 9.48088 9.68707 9.65915 9.42136 9.05651 9.06408 8.55879 8.28835 8.09632 8.5257 8.61374 8.44699 8.23676 8.05124 7.51979 7.46156 7.29336 6.73759 5.82295 4.88044 3.51744 1.66782 -0.145868 -1.60783 -9999 -9999 -9999 -9999 -9999 -9999 1.98128 2.6727 3.08865 2.21801 2.96983 3.65734 3.55245 2.89549 -9999 -9999 -9999 -9999 -9999 -9999 -9999 -9999 -9999 -9999 -9999 -9999 -9999 -9999 4.7536 3.65564 1.43302 0.296046 -0.384193 -1.3574 -9999 -9999 -9999 -9999 -9999 -9999
-9999 -9999 6.8485 7.65932 8.21069 8.70096 8.78469 9.28906 9.5101 9.62376 9.61701 9.57451 9.51183 9.07179 8.88521 8.21679 8.86514 8.84485 8.68575 8.04424 7.76815 6.66389 6.17994 6.07679 7.01205 6.32727 4.89353 3.1004 0.945976 0.808517 0.0985949 -1.20753 -9999 -9999 -9999 -9999 -9999 -9999 2.19462 2.9338 3.55144 3.64504 2.77955 3.99782 3.95663 3.28142 3.13132 3.69228 3.9787 3.77206 4.44183 4.6409 4.34527 4.67882 -9999 -9999 -9999 -9999 4.89679 4.94584 4.984 4.52915 2.10056 0.443362 -1.04429 -1.17685 -9999 -9999 -9999 -9999 -9999 -9999
-9999 -9999 7.40525 7.90688 8.16378 8.21086 8.65188 9.09398 9.36613 9.56939 9.53611 9.526 9.51466 9.36759 9.01865 9.08697 9.06266 8.86021 7.63581 6.20588 6.83437 5.98459 4.16866 5.65241 6.46922 5.6927 3.95444 1.93839 1.28218 1.31296 0.323874 -0.948193 -9999 -9999 -9999 0.174128 1.23094 1.32727 1.64212 2.62661 3.37653 3.94098 4.32773 4.32142 3.92188 3.26139 2.54313 2.80452 4.10769 4.42857 4.69953 4.90562 4.63143 4.78203 5.13377 5.31768 5.3585 5.2812 5.26696 5.29981 5.26284 4.8387 2.6663 1.42527 0.635191 -0.95444 -9999 -9999 -9999 -9999 -9999 -9999
-9999 -9999 7.09685 7.53399 7.8894 8.47399 8.54198 8.91545 9.14118 9.46973 9.51232 9.13959 9.45814 9.42303 9.36948 9.24994 9.0723 8.03943 6.61407 5.18501 4.52707 4.81473 3.72225 4.28828 5.11586 4.81646 3.7536 1.95794 1.70845 1.29498 -0.372769 -1.97691 -9999 -9999 -1.87101 0.152329 1.57842 2.31631 2.54809 2.57446 3.51812 3.59619 4.61158 4.38055 3.04733 3.2017 2.68326 3.02424 3.50559 3.64035 4.32911 4.99291 5.12172 5.12896 5.35447 5.40432 5.42043 5.41909 5.2736 5.34667 5.36169 5.09896 3.52661 2.76228 1.92062 -0.932855 -9999 -9999 -9999 -9999 -9999 -9999
-9999 -9999 7.3186 7.80675 8.34085 8.43285 8.83034 8.79407 8.69115 9.24271 9.4472 9.18587 8.99913 9.35904 9.33939 9.29684 9.22345 8.25298 7.12904 5.42548 4.36814 3.72488 3.26761 2.65696 3.08371 2.95791 2.78816 2.99156 2.49902 1.51661 0.542649 -1.28469 -2.27038 -9999 -1.76203 -0.846297 0.848884 2.29017 3.20674 2.88336 3.95578 4.15818 4.77977 4.42221 3.61424 3.26978 3.24272 3.14009 3.86343 4.34959 4.69452 4.92692 5.21563 5.29218 5.36909 5.40375 5.42461 5.44572 5.44645 5.44523 5.4178 5.32188 4.60141 3.83934 2.18551 -0.838713 -9999 -9999 -9999 -9999 -9999 -9999
-9999 5.90724 7.26273 8.07727 8.3967 8.62914 8.83483 8.98555 9.14472 9.29037 9.39423 9.35767 8.65554 8.71865 8.85075 9.257 9.23241 9.14807 8.53509 6.46137 5.74832 4.70363 3.34871 2.78405 3.07138 4.18858 4.14267 3.40918 2.59141 1.45972 0.739451 -0.378893 -2.53049 -2.33198 -1.35639 -0.629214 0.524409 2.28514 3.52074 4.07451 4.28634 4.72421 4.95343 4.46207 3.99413 3.79974 3.43616 3.38834 3.39516 3.83377 4.17615 4.93347 5.19149 5.31177 5.3753 5.4115 5.43905 5.46625 5.4786 5.46858 5.47387 5.47251 5.42449 4.40751 1.85654 -0.0621221 -9999 -9999 -9999 -9999 -9999 -9999
-9999 -9999 7.01274 7.37474 7.47441 7.6439 7.9839 8.37483 8.92715 9.00356 9.30959 9.31291 8.7081 8.00898 8.62755 8.87577 9.13251 9.14378 9.06781 7.32687 6.41733 5.70195 4.40291 4.87577 5.32567 5.36324 5.09772 3.52054 1.94987 0.138503 -1.55362 -1.63067 -2.54018 -2.05303 -1.40699 0.244291 1.40775 1.88229 2.22434 4.01397 4.48327 4.64725 5.10851 4.4895 4.33581 3.87161 4.01495 3.97807 3.98486 2.69156 3.99664 4.07772 4.9298 5.31459 5.40531 5.43326 5.46278 5.47127 5.48069 5.48134 5.4945 5.48674 5.47792 4.81878 1.58185 -0.0389621 -9999 -9999 -9999 -9999 -9999 -9999
-9999 -9999 -9999 -9999 7.13864 7.41661 7.59725 7.90486 8.83438 9.08903 9.26013 9.28003 9.0136 8.32078 8.1421 8.2744 7.59803 8.17121 8.95414 8.93836 8.84744 7.31654 6.53477 7.29829 7.07083 5.92102 5.01697 4.12484 2.28522 0.939838 -1.0001 -2.45579 -2.50671 -0.891606 0.450248 2.12113 2.86102 2.44722 2.90509 3.79667 4.80842 5.29992 5.18946 4.53673 4.44886 3.73081 4.44479 4.5097 4.18369 3.90246 4.01966 4.44318 4.60728 5.27474 5.43952 5.47192 5.48145 5.48868 5.49036 5.49114 5.488 5.48594 5.48167 5.45686 2.12949 -0.456246 -9999 -9999 -9999 -9999 -9999 -9999
-9999 -9999 -9999 -9999 6.49857 6.67063 7.11163 8.23328 8.82425 9.06632 9.06441 9.17926 8.99296 8.38445 7.75927 7.16973 6.40792 6.85021 8.01329 8.70042 8.78174 7.44027 8.14343 7.88491 7.37192 5.86704 4.75901 4.17338 2.40737 0.896195 -0.393201 -2.17488 -1.40712 -0.561821 0.522904 2.34516 3.5764 4.08501 3.66685 4.23845 5.40207 5.41314 4.78379 4.82943 4.44744 3.46466 4.49648 4.7898 4.56081 4.62531 4.54192 4.70206 4.99052 5.26667 5.45171 5.4803 5.48728 5.48579 5.48996 5.49528 5.48728 5.49325 5.48903 5.4773 3.33152 -0.505881 -9999 -9999 -9999 -9999 -9999 -9999
-9999 -9999 -9999 -9999 -9999 5.92314 6.92055 8.40719 8.78157 8.75426 9.06581 9.09788 8.80889 8.55843 7.79854 6.75831 4.75569 5.27117 6.34218 7.88465 8.69702 8.59159 8.14496 7.36711 5.47983 3.82866 3.6314 3.36424 2.07641 0.913579 -0.520422 0.316453 1.23295 2.23542 2.76425 2.6325 3.68814 4.54974 4.19071 4.89087 5.70685 5.34366 5.1307 4.95263 4.51055 4.48799 4.53892 5.12671 4.72713 4.97935 4.98913 4.97918 5.12153 5.28482 5.45622 5.48772 5.49226 5.49935 5.48437 5.49588 5.49114 5.48673 5.4833 5.47404 5.28481 3.22099 1.98917 -9999 -9999 -9999 -9999 -9999
-9999 -9999 -9999 -9999 -9999 5.00935 5.51013 7.26943 7.81756 8.59802 9.01501 9.03955 8.54782 8.27608 7.14141 6.77638 4.92444 4.088 4.80549 4.53646 6.65897 8.53757 8.1329 4.35229 2.98535 2.01143 2.26632 2.27249 1.91678 -0.0658557 -0.609826 1.17325 2.29752 3.16965 3.83239 3.97406 3.95599 5.30113 5.48384 5.9241 5.8342 5.87928 5.20728 4.79311 5.16301 4.74558 4.67791 5.28502 4.69556 5.23667 5.17685 5.01973 5.01535 5.37311 5.44878 5.49059 5.49702 5.48742 5.4741 5.46855 5.48496 5.4848 5.47054 5.47704 5.46336 5.22393 4.15816 3.78948 4.21036 -9999 -9999 -9999
-9999 -9999 -9999 -9999 -9999 -9999 3.87564 6.31791 7.43749 8.02811 8.85706 8.96179 8.70366 8.2291 7.07297 6.05681 4.40184 2.51111 1.5109 4.51992 7.13931 8.50837 8.33252 5.18628 3.94692 3.89314 4.62924 4.01526 3.55054 2.04499 1.59753 0.974176 1.36469 2.57901 3.57143 4.529 5.22658 5.28788 5.7425 6.00515 6.03111 6.11677 6.04191 5.98162 5.33282 5.78848 5.41023 5.61778 5.49131 5.37747 5.27952 4.91 5.17801 5.41581 5.48008 5.50261 5.4924 5.49327 5.4878 5.4706 5.4654 5.46907 5.47224 5.46579 5.47123 5.4666 5.35243 4.71349 3.85599 2.77098 -9999 -9999
-9999 -9999 -9999 -9999 -9999 -9999 2.65882 5.08901 6.26365 7.7729 8.55361 8.873 8.83627 8.45256 7.5752 6.25231 5.15109 3.0399 0.847588 4.00496 6.81848 8.33888 8.42349 5.77976 6.51774 5.92859 6.17191 5.08994 4.64278 4.29072 3.51487 2.66614 1.73792 1.24864 3.47135 4.61484 5.53608 5.97301 6.22215 6.34901 6.28786 6.1255 5.14486 5.90066 5.86464 5.79434 5.71299 5.67583 5.60231 5.51485 5.46437 5.44916 5.20509 5.49033 5.48768 5.49509 5.50023 5.49694 5.48729 5.47969 5.46946 5.47401 5.46998 5.4658 5.46469 5.46831 5.46619 5.43652 5.27086 3.81184 2.94118 2.70063
-9999 -9999 -9999 -9999 -9999 -9999 -0.747212 2.78527 5.62849 7.11381 8.32405 8.65975 8.78799 8.27159 7.88653 6.93955 6.04311 4.65765 2.58011 1.30278 3.66733 7.10437 8.37333 8.2781 8.20308 7.52137 6.90739 6.83337 6.88382 6.16915 5.12607 3.76005 3.33668 2.86035 4.51684 4.74508 4.62859 6.4501 6.45884 6.36026 5.66979 4.89562 5.04803 4.57041 4.94339 4.37343 4.90585 5.36658 5.54124 5.53119 5.47419 5.47114 5.44746 5.49999 5.50263 5.49836 5.49612 5.4969 5.49438 5.47781 5.47062 5.48327 5.47299 5.46756 5.46276 5.46849 5.47028 5.44969 5.43138 5.21156 4.8782 4.23779
-9999 -9999 -9999 -9999 -9999 -9999 -0.592981 2.38019 4.90127 6.41601 7.87155 8.21277 8.70688 8.6057 8.20212 7.37955 6.35079 5.21137 3.42968 2.1067 3.69068 5.97253 7.60898 8.19755 8.19458 8.15942 8.00838 7.95019 7.77343 7.64929 6.90111 5.61124 4.88377 3.81759 5.66317 5.87376 5.58975 6.51322 6.47151 5.08596 4.02177 3.89322 4.54898 3.93334 3.8281 3.44567 3.88628 5.05984 4.72361 4.79491 5.32853 5.4195 5.47916 5.49766 5.49746 5.49857 5.49339 5.49882 5.50446 5.48824 5.4834 5.48363 5.46861 5.46872 5.46009 5.45714 5.45335 5.44478 5.42848 5.36972 5.30555 5.38411
-9999 -9999 -9999 -9999 -9999 -9999 -0.529955 1.46947 3.73859 5.96625 7.52026 8.14976 8.60927 8.60883 8.13895 7.73229 7.08905 6.08713 5.40138 4.20746 2.56715 5.32962 6.17796 6.93627 7.26047 8.05132 8.03598 7.6792 7.26289 7.65476 7.5442 6.52375 6.19054 5.62563 6.65371 6.65993 6.63547 6.58467 5.41459 3.78665 2.4864 3.42986 3.23821 3.67266 2.34113 3.44596 4.33439 4.62527 4.0278 3.58575 4.96797 5.20035 5.33971 5.43028 5.49107 5.48102 5.49905 5.4951 5.49545 5.49562 5.4886 5.48641 5.47952 5.47244 5.46422 5.46282 5.45269 5.43985 5.44397 5.41479 5.40645 5.39935
-9999 -9999 -9999 -9999 -9999 -9999 -9999 0.294882 3.17019 5.73735 7.16849 8.07006 8.51144 8.50778 8.26956 7.99474 7.59751 6.87591 5.96835 4.53159 3.46623 4.15018 4.98128 5.07793 5.63333 7.23589 7.78585 7.01561 5.1063 6.23938 7.5023 7.48511 7.38096 7.26417 7.11197 6.97707 6.67757 5.86889 3.38325 2.89953 1.92736 2.04295 1.54645 2.64409 2.23856 3.3671 3.85844 4.04634 3.01065 3.23427 4.45989 4.94697 4.8703 5.17068 5.45699 5.47026 5.48251 5.47951 5.49013 5.4971 5.49728 5.49029 5.48616 5.4846 5.46498 5.47471 5.38772 5.33312 5.21667 5.373 5.3927 5.40814
-9999 -9999 -9999 -9999 -9999 -9999 -9999 -0.275985 2.59316 5.61563 6.58905 7.56066 8.3998 8.42036 8.05404 7.70593 7.3473 6.93846 5.8366 4.76829 3.74858 3.40935 3.62026 3.60482 4.50079 6.5874 6.99454 6.82632 4.83259 4.15949 5.84568 7.26335 7.37811 7.25337 5.59264 5.95096 5.05711 3.84358 3.51279 2.98428 1.86252 2.40922 1.58874 1.94689 1.85454 2.49702 2.81234 3.57546 2.67336 2.68139 3.885 4.49372 4.51271 5.15147 5.38183 5.44532 5.46459 5.47984 5.48733 5.50229 5.50163 5.49764 5.49077 5.46603 5.39941 5.18052 3.98404 3.99122 4.32735 4.64568 5.22074 5.38851
-9999 -9999 -9999 -9999 -9999 -9999 -9999 0.0545794 2.04695 4.72932 6.71734 6.84635 7.81506 8.31719 7.91848 7.46905 7.0092 6.81077 5.61112 4.29293 3.22877 1.96827 2.18113 3.09383 4.57959 5.92889 6.17337 5.89914 4.8331 5.34266 6.49378 7.10665 7.28987 7.15201 6.79323 6.58764 5.93046 5.64806 4.73407 3.30263 2.74154 3.10417 1.58429 1.69517 2.2631 1.66631 2.65759 3.13405 1.96799 2.90251 3.96694 4.51306 4.99107 5.21951 5.31312 5.45456 5.46265 5.47882 5.48991 5.49289 5.49796 5.48097 5.46789 5.34537 5.16212 4.04475 3.58273 3.68008 4.20464 4.66459 5.14915 5.34902
-9999 -9999 -9999 -9999 -9999 -9999 -9999 0.392714 2.18697 4.51334 5.93201 6.18941 7.26321 8.21852 8.11666 7.64887 7.50952 7.02462 6.00783 4.88427 3.65577 3.06082 1.68713 3.04826 4.12152 5.26479 5.80172 4.92712 4.4888 5.2751 6.0568 6.3712 7.16071 7.15699 6.9047 5.80446 5.27009 5.50184 5.27477 4.874 3.89003 3.85037 3.21983 2.96114 2.71697 1.91165 2.43046 2.48601 2.63074 3.75027 4.30625 4.67625 5.0132 5.10477 5.25377 5.44594 5.467 5.47838 5.4823 5.4907 5.48189 5.43355 5.39367 5.14164 4.69148 3.84699 2.47559 3.45183 4.47237 4.7836 5.085 5.24343
-9999 -9999 -9999 -9999 -9999 -9999 -9999 0.0872648 1.99298 3.98186 4.81595 4.96119 6.90108 8.09058 8.09698 7.87752 7.62048 6.41605 6.49148 6.25416 5.14631 3.53053 1.75548 1.92665 2.98917 4.49482 4.99664 3.54702 3.03659 3.41864 4.59888 5.65577 6.75917 7.04231 6.7236 5.00877 3.18627 4.03761 4.94705 4.94631 4.68502 3.77272 3.48592 3.22665 2.56205 1.43312 1.60116 1.92012 3.19197 3.5966 4.21947 4.73748 4.54799 4.66559 5.16148 5.44796 5.46314 5.4728 5.48681 5.48514 5.47319 5.37179 5.26416 5.08015 3.89803 3.16486 2.09788 3.35099 4.04831 4.42632 5.09045 5.25273
-9999 -9999 -9999 -9999 -9999 -9999 -9999 -0.501677 0.882478 2.78365 3.55249 4.7762 6.60965 7.51364 7.94925 7.94412 7.77424 7.2373 6.91623 6.27925 5.12651 3.54865 1.79418 0.653438 1.23959 3.26317 3.74696 2.40961 1.73094 2.58483 3.84244 5.70276 6.76733 6.91447 6.8225 6.47208 5.14258 3.53549 3.54516 4.3575 3.68558 2.90393 3.34036 3.26452 2.60828 2.13201 1.8401 2.02833 2.75471 3.0573 3.77623 4.83534 4.99074 4.96516 5.41368 5.44039 5.45531 5.47668 5.48083 5.48149 5.47295 5.39108 5.20172 4.41645 3.73231 2.7786 2.66499 3.78279 4.27784 4.73684 5.06527 5.17576
-9999 -9999 -9999 -9999 -9999 -9999 -9999 -1.5153 0.112365 1.89359 3.56169 5.14009 6.49914 6.60821 7.32703 7.33047 7.70914 7.60621 7.10869 6.57281 5.58011 3.55188 1.84701 -0.0127313 0.482664 2.54898 2.82168 1.9263 0.268778 1.98816 3.8839 5.60242 6.53454 5.81084 6.5606 6.50339 6.00778 5.05274 3.56552 3.59789 2.48441 2.43992 3.01804 3.20845 3.11691 2.76037 2.18776 2.28989 2.73272 2.8485 3.50957 4.33218 5.13654 5.27538 5.43243 5.44351 5.45057 5.46767 5.47393 5.46196 5.42577 5.33985 4.68222 3.89924 3.41877 2.7557 2.67952 3.9697 4.48797 4.77872 5.06316 5.17854
-9999 -9999 -9999 -9999 -9999 -9999 -9999 -9999 -0.0542992 1.78572 3.14843 3.51862 4.72713 5.38169 5.88915 6.00496 7.44489 7.52823 7.21429 6.72228 5.87613 4.33797 3.26745 1.48368 0.202636 0.732123 0.981212 1.45729 1.32192 2.0909 3.91282 5.81081 6.0214 4.82218 5.00438 5.26016 5.82844 5.54627 3.51826 2.48989 1.63696 2.24973 2.89412 3.05307 3.08805 2.96845 2.82956 2.58723 3.44799 4.08601 4.23721 4.79413 5.20649 5.32359 5.41296 5.42799 5.44325 5.44805 5.42897 5.41643 5.31877 5.09407 4.3578 2.5805 2.66847 2.48047 1.93089 3.19188 3.98927 4.70208 5.08324 5.18542
-9999 -9999 -9999 -9999 -9999 -9999 -9999 -9999 -0.665673 1.46257 1.91567 1.88682 1.18811 1.51619 4.12721 4.65635 6.0374 7.34525 7.25358 6.77086 5.97932 5.06475 3.6466 1.63988 0.0461725 -0.621168 1.09886 2.78781 3.14031 3.68327 4.80124 5.01693 3.79126 2.64214 3.29361 3.68762 5.17754 5.4527 5.16783 3.9474 2.5514 1.8245 2.69089 2.80997 2.8655 2.87951 2.85693 2.82544 3.79427 4.33283 4.70775 4.91387 5.26857 5.36267 5.39589 5.42746 5.42575 5.41233 5.36166 5.30341 5.03104 4.70033 3.49122 2.48395 1.85759 1.06128 2.87118 3.41422 4.16468 4.64774 5.02686 5.1139
