Test_Spring_2018b/01_18/Temp/20180119_012.txt
ncols	170
nrows	115
xllcorner	350000.000000
yllcorner	4445000.000000
cellsize	1000.000000
nodata_value	-9999.000000
[rows 32 to 63 of 115, columns 72 to 143 of 170]
11.2135 10.9326 11.3814 11.7949 11.535 11.3683 12.0376 12.043 11.8197 11.288 11.0969 10.8989 10.7804 10.0977 8.16979 6.43261 7.37472 7.40427 6.76523 7.93151 7.32631 5.73598 3.48794 4.72009 4.40755 2.80491 2.41716 -9999 -9999 -9999 -9999 -9999 -9999 -9999 -9999 -9999 -9999 -9999 -9999 -9999 -9999 -9999 -9999 -9999 -9999 -9999 -9999 -9999 -9999 -9999 -9999 -9999 -9999 -9999 -9999 -9999 -9999 -9999 -9999 -9999 -9999 -9999 -9999 -9999 -9999 -9999 -9999 -9999 -9999 -9999 -9999 -9999
10.8307 10.7134 11.3778 11.3695 11.3249 11.5533 11.9686 12.0572 11.9736 11.7451 11.5484 11.339 10.7979 10.0159 8.36692 6.38854 5.94553 6.9247 6.97864 7.14207 6.59115 5.8972 4.80747 5.71208 6.06731 5.01972 3.64329 2.75794 -9999 -9999 -9999 -9999 -9999 -9999 -9999 -9999 -9999 -9999 -9999 -9999 -9999 -9999 -9999 -9999 -9999 -9999 -9999 -9999 -9999 -9999 -9999 -9999 -9999 -9999 -9999 -9999 -9999 -9999 -9999 -9999 -9999 -9999 -9999 -9999 -9999 -9999 -9999 -9999 -9999 -9999 -9999 -9999
10.374 9.74104 10.1438 10.4474 10.9888 11.1237 11.2118 12.0031 11.9673 11.9369 11.6077 11.3459 10.9082 10.1558 9.08186 7.78744 5.52828 6.93321 8.03488 8.01412 7.96133 7.47728 6.43066 7.31871 7.36663 6.02699 4.49071 3.59919 3.23483 -9999 -9999 -9999 -9999 -9999 -9999 -9999 -9999 -9999 -9999 -9999 -9999 -9999 -9999 -9999 -9999 -9999 -9999 -9999 -9999 -9999 -9999 -9999 -9999 -9999 -9999 -9999 -9999 -9999 -9999 -9999 -9999 -9999 -9999 -9999 -9999 -9999 -9999 -9999 -9999 -9999 -9999 -9999
9.85494 9.08037 9.48545 10.0239 10.7733 11.1542 11.4478 11.6883 11.9336 11.9113 11.5742 10.5665 10.4285 10.3917 9.69174 8.21504 6.74036 6.36382 8.04061 8.52571 8.4355 8.81529 7.92975 8.35815 8.19177 7.72198 6.24914 4.90812 4.36123 3.27342 -9999 -9999 -9999 -9999 -9999 -9999 -9999 -9999 -9999 -9999 -9999 -9999 -9999 -9999 -9999 -9999 -9999 -9999 -9999 -9999 -9999 -9999 -9999 -9999 -9999 -9999 -9999 -9999 -9999 -9999 -9999 -9999 -9999 -9999 -9999 -9999 -9999 -9999 -9999 -9999 -9999 -9999
-9999 -9999 8.59631 9.31925 9.91953 10.6525 11.2838 11.6073 11.922 11.9031 11.2229 10.8937 10.8712 10.4149 9.60584 9.10088 8.1752 7.21046 7.58925 9.02021 8.39411 9.40972 9.33117 9.52311 8.8553 7.57579 5.87396 4.87695 4.3884 3.50829 -9999 -9999 -9999 -9999 -9999 -9999 -9999 -9999 -9999 -9999 -9999 -9999 -9999 -9999 -9999 -9999 -9999 -9999 -9999 -9999 -9999 -9999 -9999 -9999 -9999 -9999 -9999 -9999 -9999 -9999 -9999 -9999 -9999 -9999 -9999 -9999 -9999 -9999 -9999 -9999 -9999 -9999
-9999 -9999 -9999 9.18727 9.64451 10.6325 11.1301 11.3418 11.8457 11.8527 11.5988 11.409 11.131 10.766 10.1598 9.49039 8.62033 8.54669 9.46489 9.48352 9.30048 9.45699 9.93163 9.8148 8.77648 6.97543 6.03012 4.09185 3.27063 3.36293 2.78337 -9999 -9999 -9999 -9999 -9999 -9999 -9999 -9999 -9999 -9999 -9999 -9999 5.15461 -9999 -9999 -9999 -9999 -9999 -9999 -9999 -9999 -9999 -9999 -9999 -9999 -9999 -9999 -9999 -9999 -9999 -9999 -9999 -9999 1.85051 -9999 -9999 -9999 -9999 -9999 -9999 -9999
-9999 -9999 9.10308 9.70781 10.1902 10.8109 10.8687 11.2327 11.811 11.8251 11.6468 11.4449 10.9832 10.8743 10.5325 9.80519 9.66257 9.96821 10.1131 10.2761 10.3792 10.3085 10.1258 9.88732 9.21275 8.38372 7.82938 6.06644 5.17208 4.32438 3.03785 2.03334 -9999 -9999 -9999 -9999 -9999 -9999 -9999 4.43847 4.40079 4.43432 4.72883 5.5232 5.07357 -9999 -9999 -9999 -9999 -9999 -9999 -9999 -9999 -9999 -9999 -9999 -9999 -9999 -9999 -9999 -9999 -9999 -9999 -9999 2.56091 1.55318 -9999 -9999 -9999 -9999 -9999 -9999
-9999 -9999 9.25761 9.90774 10.2344 10.837 11.1836 11.399 11.6028 11.7981 11.7722 11.548 11.2041 11.2136 10.7378 10.4849 10.3067 10.7176 10.8051 10.6511 10.4558 10.2836 9.78331 9.73108 9.56457 9.04051 8.17621 7.28542 5.98739 4.23774 2.5223 1.14039 -9999 -9999 -9999 -9999 -9999 -9999 4.57491 5.23626 5.63683 4.81844 5.53765 6.19606 6.10368 5.48713 -9999 -9999 -9999 -9999 -9999 -9999 -9999 -9999 -9999 -9999 -9999 -9999 -9999 -9999 7.35116 6.31712 4.21747 3.14671 2.50893 1.59371 -9999 -9999 -9999 -9999 -9999 -9999
-9999 -9999 9.13105 9.89773 10.4182 10.8805 10.9576 11.4253 11.6294 11.7367 11.7305 11.6912 11.6335 11.219 11.0453 10.4155 11.0339 11.0191 10.8727 10.2692 10.0117 8.96916 8.514 8.41006 9.299 8.65251 7.2961 5.59898 3.55166 3.42365 2.75391 1.51947 -9999 -9999 -9999 -9999 -9999 -9999 4.77678 5.4836 6.07552 6.17112 5.35807 6.51973 6.48684 5.8547 5.72019 6.25948 6.53856 6.34913 6.99216 7.18821 6.9153 7.2384 -9999 -9999 -9999 -9999 7.47753 7.53025 7.57265 7.14796 4.85309 3.28936 1.8865 1.76945 -9999 -9999 -9999 -9999 -9999 -9999
-9999 -9999 9.66086 10.1339 10.3746 10.4163 10.8312 11.2394 11.4919 11.6802 11.649 11.6406 11.6317 11.4951 11.1678 11.2365 11.2179 11.0307 9.87516 8.52475 9.12464 8.32583 6.6006 8.00919 8.78574 8.05211 6.40686 4.49821 3.87055 3.9018 2.96728 1.76323 -9999 -9999 -9999 2.84338 3.85008 3.94707 4.25155 5.19094 5.90836 6.45187 6.82575 6.82324 6.4554 5.83752 5.16492 5.4206 6.66341 6.9753 7.2394 7.44226 7.18979 7.33993 7.68005 7.86092 7.90602 7.83903 7.83169 7.86894 7.84006 7.44439 5.39211 4.22273 3.48092 1.98621 -9999 -9999 -9999 -9999 -9999 -9999
-9999 -9999 9.36601 9.7775 10.1112 10.6603 10.7214 11.0722 11.2767 11.5845 11.625 11.2727 11.5765 11.546 11.4989 11.3899 11.2263 10.2526 8.90696 7.55768 6.9388 7.20877 6.17681 6.71584 7.50252 7.22281 6.21438 4.51442 4.27959 3.88312 2.30533 0.78824 -9999 -9999 0.900011 2.82211 4.17879 4.88382 5.10974 5.14141 6.04266 6.12394 7.09365 6.87878 5.62614 5.78057 5.29976 5.63116 6.09622 6.23186 6.89152 7.52861 7.65804 7.672 7.89253 7.94634 7.96796 7.97287 7.84106 7.91631 7.9366 7.69381 6.2102 5.49251 4.70298 2.00906 -9999 -9999 -9999 -9999 -9999 -9999
-9999 -9999 9.57311 10.0322 10.5346 10.6181 10.9913 10.9562 10.8491 11.3703 11.5619 11.3151 11.1401 11.4841 11.4693 11.4335 11.3691 10.4548 9.3952 7.78611 6.78899 6.17777 5.7477 5.1688 5.57542 5.45812 5.29893 5.49321 5.02897 4.09341 3.17283 1.44407 0.513204 -9999 1.00276 1.87527 3.48696 4.85863 5.7336 5.43404 6.45753 6.65689 7.25053 6.91958 6.1648 5.84791 5.8307 5.74185 6.43563 6.90674 7.24084 7.46892 7.75025 7.82994 7.90966 7.94905 7.9751 8.00117 8.00781 8.01255 7.99252 7.90771 7.2313 6.5167 4.95652 2.10075 -9999 -9999 -9999 -9999 -9999 -9999
-9999 8.24734 9.52281 10.2905 10.5888 10.8047 10.9955 11.1346 11.2764 11.4142 11.5119 11.4768 10.8134 10.8763 11.0055 11.3954 11.3775 11.3033 10.7281 8.76857 8.09326 7.1047 5.82368 5.29098 5.56529 6.62562 6.58351 5.8897 5.11597 4.03941 3.35955 2.30231 0.266627 0.45826 1.38684 2.08064 3.17919 4.85365 6.03105 6.56287 6.77106 7.19122 7.41624 6.95994 6.52742 6.35189 6.01605 5.9794 5.99444 6.41852 6.75056 7.47825 7.73037 7.8517 7.91872 7.95952 7.99183 8.02358 8.04111 8.03741 8.04826 8.05299 8.01447 7.05747 4.64946 2.8413 -9999 -9999 -9999 -9999 -9999 -9999
-9999 -9999 9.28843 9.62666 9.71613 9.8718 10.1893 10.5556 11.0698 11.1406 11.4301 11.4345 10.8627 10.2034 10.7939 11.0342 11.2832 11.2999 11.2339 9.58512 8.72726 8.05278 6.8246 7.27492 7.70309 7.74015 7.48971 5.99616 4.50873 2.78817 1.18683 1.11631 0.257487 0.722713 1.33895 2.90842 4.01631 4.47204 4.80283 6.50588 6.95637 7.12036 7.56559 6.98739 6.85278 6.42182 6.56658 6.54052 6.55574 5.33886 6.58339 6.66857 7.48398 7.85734 7.9502 7.98312 8.01722 8.03114 8.04578 8.05208 8.07032 8.0694 8.06894 7.45138 4.39147 2.86557 -9999 -9999 -9999 -9999 -9999 -9999
-9999 -9999 -9999 -9999 9.39923 9.65728 9.82342 10.1104 10.9821 11.2217 11.3833 11.4029 11.1525 10.4992 10.3343 10.4651 9.83007 10.3789 11.1246 11.1143 11.0322 9.58484 8.84666 9.57235 9.3585 8.27022 7.41454 6.56996 4.82748 3.54855 1.71226 0.335234 0.289849 1.82375 3.09945 4.68748 5.39401 5.008 5.44862 6.30014 7.26644 7.74014 7.64375 7.03376 6.96162 6.2903 6.97598 7.04656 6.7466 6.4889 6.60799 7.01777 7.18135 7.82145 7.98475 8.02254 8.03763 8.05027 8.0575 8.06384 8.06757 8.07198 8.07464 8.05823 4.9127 2.47246 -9999 -9999 -9999 -9999 -9999 -9999
-9999 -9999 -9999 -9999 8.79392 8.95139 9.36407 10.4223 10.9732 11.2009 11.1986 11.3083 11.1339 10.5607 9.97285 9.41967 8.70331 9.12795 10.2352 10.891 10.972 9.7041 10.373 10.1301 9.64553 8.22068 7.1716 6.61736 4.94453 3.50856 2.28869 0.602725 1.3331 2.13752 3.16947 4.901 6.07315 6.56132 6.17148 6.72028 7.83055 7.84906 7.26106 7.31294 6.96216 6.0401 7.02708 7.31422 7.1063 7.17633 7.10545 7.26574 7.54721 7.81654 7.99904 8.03277 8.04567 8.04999 8.05952 8.07056 8.06903 8.08106 8.08381 8.07985 6.05407 2.42778 -9999 -9999 -9999 -9999 -9999 -9999
-9999 -9999 -9999 -9999 -9999 8.24421 9.18418 10.5884 10.9341 10.9067 11.2015 11.2329 10.9613 10.7275 10.0121 9.03183 7.13983 7.6338 8.6538 10.12 10.8937 10.797 10.3762 9.64115 7.8543 6.2908 6.10474 5.85228 4.6326 3.52677 2.16991 2.96533 3.8367 4.79009 5.2953 5.17522 6.18098 7.00348 6.66988 7.34051 8.12135 7.78524 7.59182 7.43175 7.02404 7.01193 7.06947 7.63568 7.26615 7.51411 7.53156 7.5307 7.67373 7.83613 8.00569 8.04218 8.05264 8.06512 8.05661 8.07333 8.07491 8.07713 8.08067 8.0791 7.9074 5.96179 4.80308 -9999 -9999 -9999 -9999 -9999
-9999 -9999 -9999 -9999 -9999 7.37954 7.84915 9.51196 10.0226 10.7608 11.1558 11.1802 10.7166 10.4624 9.39166 9.05128 7.302 6.51473 7.19961 6.94912 8.9642 10.7475 10.3665 6.78597 5.49221 4.57053 4.813 4.81965 4.48336 2.60074 2.0874 3.77955 4.84791 5.67788 6.31005 6.44899 6.43735 7.71802 7.89778 8.32209 8.24448 8.29519 7.66674 7.28289 7.64459 7.25826 7.20337 7.78786 7.23838 7.76006 7.71152 7.57118 7.57516 7.92183 8.00067 8.04693 8.05935 8.05597 8.04898 8.04972 8.07139 8.07768 8.071 8.0844 8.0791 7.8623 6.86094 6.52034 6.92802 -9999 -9999 -9999
-9999 -9999 -9999 -9999 -9999 -9999 6.30203 8.61247 9.66476 10.2234 11.0091 11.1097 10.865 10.4198 9.32933 8.37179 6.80898 5.02259 4.07948 6.93512 9.42094 10.7213 10.5571 7.5778 6.40503 6.3554 7.05402 6.47321 6.03384 4.60335 4.18165 3.59366 3.96686 5.12018 6.06552 6.97788 7.6444 7.70848 8.14578 8.40184 8.43393 8.52299 8.46027 8.41165 7.80797 8.24886 7.89955 8.10532 7.99447 7.89542 7.81065 7.46897 7.73102 7.96398 8.03202 8.06064 8.05697 8.06359 8.0641 8.05355 8.05533 8.06531 8.07519 8.07635 8.08916 8.09489 7.99521 7.39844 6.59466 5.57529 -9999 -9999
-9999 -9999 -9999 -9999 -9999 -9999 5.15079 7.45036 8.55502 9.98459 10.7211 11.0246 10.9935 10.6342 9.80774 8.55934 7.52103 5.52551 3.45277 6.44928 9.11826 10.562 10.6447 8.14161 8.8427 8.28595 8.51785 7.49385 7.07141 6.73397 6.00133 5.20001 4.32201 3.86324 5.97404 7.06264 7.94111 8.36111 8.60363 8.73073 8.68016 8.53428 7.6131 8.33763 8.31453 8.25683 8.18871 8.16242 8.1016 8.02742 7.98745 7.98142 7.75814 8.03642 8.04192 8.05533 8.06628 8.06906 8.06574 8.0644 8.06075 8.07269 8.07577 8.07909 8.08568 8.09923 8.10565 8.08611 7.93778 6.56387 5.74741 5.53015
-9999 -9999 -9999 -9999 -9999 -9999 1.92503 5.26981 7.95035 9.35829 10.5043 10.8252 10.9504 10.4653 10.1051 9.21269 8.36817 7.0601 5.0959 3.88956 6.13422 9.39422 10.5983 10.5104 10.4412 9.797 9.21682 9.14826 9.19769 8.51663 7.52816 6.23732 5.84106 5.39396 6.96832 7.18968 7.08482 8.81682 8.83147 8.74483 8.0977 7.3718 7.52412 7.07989 7.44425 6.91285 7.42612 7.87144 8.0456 8.0446 7.99825 8.00417 7.9896 8.04844 8.05774 8.06016 8.06424 8.071 8.07457 8.06487 8.06422 8.08263 8.08155 8.08375 8.08666 8.10222 8.11222 8.10115 8.09229 7.89247 7.58498 6.98878
-9999 -9999 -9999 -9999 -9999 -9999 2.06715 4.8747 7.26354 8.69657 10.0779 10.4041 10.8759 10.7842 10.4062 9.63146 8.6613 7.58613 5.90208 4.65234 6.15684 8.32262 9.87593 10.4361 10.4346 10.4033 10.2621 10.2055 10.0401 9.91848 9.21297 7.99571 7.31044 6.30455 8.05821 8.26291 7.99932 8.88032 8.84709 7.54082 6.5394 6.42492 7.05429 6.47888 6.39016 6.0362 6.46223 7.5828 7.27311 7.34906 7.86217 7.95649 8.02307 8.04779 8.05446 8.06206 8.06347 8.07478 8.08624 8.07703 8.07875 8.08549 8.07805 8.08781 8.08726 8.09478 8.09893 8.09907 8.09195 8.04456 7.994 8.07912
-9999 -9999 -9999 -9999 -9999 -9999 2.12744 4.01318 6.16375 8.27223 9.74705 10.3465 10.7855 10.7891 10.3481 9.96721 9.36214 8.41705 7.77133 6.64377 5.09288 7.71373 8.52072 9.24197 9.5482 10.2997 10.2872 9.95123 9.55139 9.92612 9.82646 8.86347 8.552 8.02127 9.00037 9.0115 8.99388 8.95164 7.84911 6.31303 5.0878 5.98898 5.81481 6.23468 4.98383 6.03926 6.88964 7.17378 6.61553 6.20485 7.52183 7.75293 7.89249 7.98551 8.05002 8.04713 8.07066 8.07324 8.07985 8.08632 8.08611 8.09066 8.091 8.09143 8.09414 8.10312 8.10167 8.09982 8.11206 8.0916 8.09169 8.09569
-9999 -9999 -9999 -9999 -9999 -9999 -9999 2.89973 5.62063 8.05495 9.41349 10.2708 10.6926 10.693 10.4714 10.2153 9.84302 9.16326 8.30707 6.94914 5.94284 6.5939 7.3843 7.47875 8.00746 9.5284 10.0519 9.32452 7.50962 8.58853 9.78917 9.77705 9.68279 9.57685 9.43796 9.31543 9.03721 8.2768 5.92759 5.47537 4.56091 4.67749 4.21432 5.26259 4.88936 5.96694 6.44081 6.62713 5.65393 5.87279 7.04593 7.51525 7.45009 7.74193 8.01938 8.03869 8.05687 8.06048 8.07697 8.09005 8.09678 8.09799 8.10113 8.10694 8.09954 8.11925 8.04494 8.00137 7.89917 8.05536 8.08195 8.11021
-9999 -9999 -9999 -9999 -9999 -9999 -9999 2.35427 5.07437 7.9404 8.86534 9.78909 10.5877 10.611 10.2679 9.94205 9.60624 9.22275 8.18237 7.17357 6.21059 5.8922 6.09494 6.08357 6.93526 8.91518 9.30367 9.14704 7.25378 6.61985 8.22181 9.56955 9.68291 9.56957 8.00097 8.34588 7.50449 6.36044 6.05314 5.55874 4.50243 5.02741 4.25709 4.60385 4.528 5.14479 5.45163 6.18284 5.33604 5.35035 6.50291 7.08744 7.1129 7.72543 7.95074 8.01773 8.0427 8.06377 8.07748 8.09832 8.10445 8.10759 8.10818 8.09203 8.0364 7.84079 6.7177 6.7325 7.05901 7.36857 7.925 8.09424
-9999 -9999 -9999 -9999 -9999 -9999 -9999 2.6672 4.55683 7.10083 8.98733 9.11268 10.0341 10.5136 10.1396 9.71771 9.28589 9.1017 7.96863 6.72307 5.71805 4.5268 4.73157 5.59937 7.01077 8.29228 8.52692 8.27011 7.25602 7.743 8.83813 9.42343 9.6018 9.47614 9.14137 8.95198 8.33491 8.0732 7.21323 5.86318 5.33809 5.68855 4.25536 4.36769 4.91328 4.35982 5.30703 5.76642 4.66934 5.56583 6.58233 7.10751 7.56793 7.79167 7.88746 8.02843 8.04291 8.06499 8.08224 8.09185 8.10351 8.09441 8.08916 7.98037 7.8142 6.763 6.34032 6.44044 6.94536 7.389 7.8629 8.05959
-9999 -9999 -9999 -9999 -9999 -9999 -9999 2.98689 4.6891 6.89597 8.24309 8.49014 9.51111 10.42 10.3273 9.8879 9.75973 9.30407 8.3443 7.28322 6.12257 5.56215 4.26368 5.55663 6.57738 7.6639 8.1759 7.34247 6.93128 7.6807 8.42594 8.72855 9.48157 9.48313 9.24935 8.21225 7.71159 7.93711 7.72807 7.35465 6.4288 6.39799 5.80746 5.56949 5.34543 4.59439 5.09374 5.15416 5.30355 6.37106 6.9057 7.26396 7.59071 7.68479 7.83313 8.02225 8.04913 8.06678 8.07736 8.09221 8.09081 8.05207 8.02146 7.78996 7.37086 6.57821 5.29412 6.22696 7.20178 7.50781 7.80501 7.96242
-9999 -9999 -9999 -9999 -9999 -9999 -9999 2.69635 4.50445 6.3917 7.185 7.32584 9.16752 10.2983 10.3082 10.1041 9.86437 8.72689 8.80216 8.58098 7.53479 6.00718 4.32856 4.4941 5.50529 6.93499 7.41395 6.03581 5.55646 5.92297 7.046 8.05231 9.10288 9.37635 9.0797 7.46028 5.73902 6.55169 7.41962 7.42526 7.18422 6.32646 6.06163 5.82306 5.20054 4.14174 4.30976 4.61969 5.83603 6.22735 6.82534 7.32385 7.15176 7.27054 7.74766 8.02622 8.04761 8.06373 8.08396 8.08936 8.08507 7.99611 7.90135 7.73433 6.62162 5.93445 4.93408 6.13426 6.80273 7.17641 7.81316 7.97422
-9999 -9999 -9999 -9999 -9999 -9999 -9999 2.13688 3.45099 5.25529 5.98686 7.14971 8.89057 9.75084 10.1674 10.1664 10.0093 9.50444 9.20406 8.60428 7.51569 6.02418 4.36523 3.28779 3.8467 5.76842 6.23192 4.95894 4.32031 5.13405 6.3305 8.09822 9.11207 9.25673 9.17498 8.84852 7.59448 6.07757 6.09291 6.86906 6.23891 5.50497 5.92547 5.86071 5.2461 4.80215 4.53793 4.72889 5.42363 5.71823 6.40726 7.41851 7.57327 7.55642 7.98869 8.02116 8.04239 8.06968 8.08064 8.08832 8.08733 8.01694 7.84477 7.10802 6.46722 5.57107 5.47108 6.54632 7.02677 7.4737 7.79236 7.90437
-9999 -9999 -9999 -9999 -9999 -9999 -9999 1.17476 2.71981 4.41058 5.99438 7.49338 8.78473 8.89177 9.57674 9.58392 9.94671 9.85317 9.38572 8.88187 7.94509 6.02697 4.4152 2.6566 3.12968 5.09274 5.3457 4.50173 2.93564 4.56959 6.3708 8.00421 8.89258 8.21207 8.92799 8.8794 8.4156 7.51661 6.11354 6.15063 5.10211 5.06676 5.62157 5.80914 5.72968 5.39921 4.86782 4.97864 5.40471 5.52232 6.15654 6.94372 7.71347 7.85246 8.00859 8.0263 8.04014 8.06343 8.07646 8.07223 8.04509 7.9709 7.35505 6.62051 6.17274 5.55203 5.48754 6.72091 7.22892 7.51646 7.79348 7.9102
-9999 -9999 -9999 -9999 -9999 -9999 -9999 -9999 2.56027 4.30685 5.60132 5.95548 7.10422 7.7282 8.21294 8.32667 9.69522 9.77832 9.48495 9.02285 8.2251 6.77154 5.76104 4.07459 2.86445 3.37287 3.60224 4.05794 3.93429 4.66769 6.39895 8.20245 8.40711 7.276 7.45411 7.70215 8.2465 7.98518 6.06973 5.10173 4.30018 4.88773 5.50543 5.66328 5.70379 5.59793 5.48255 5.2607 6.08439 6.69694 6.84807 7.38353 7.78188 7.90031 7.99234 8.01384 8.03548 8.04718 8.03622 8.03149 7.94614 7.74048 7.05016 5.37345 5.46438 5.2939 4.78088 5.98782 6.76383 7.44693 7.81567 7.91997
-9999 -9999 -9999 -9999 -9999 -9999 -9999 -9999 1.97921 3.99898 4.43154 4.4076 3.74909 4.06376 6.5419 7.04741 8.36029 9.60387 9.5213 9.06816 8.32235 7.45987 6.12012 4.22254 2.71624 2.0792 3.71565 5.31926 5.65793 6.17715 7.24134 7.45066 6.2943 5.21064 5.83343 6.21246 7.63018 7.89705 7.63345 6.48355 5.1675 4.4857 5.3139 5.4341 5.49422 5.51511 5.50695 5.48675 6.41442 6.93282 7.29603 7.49915 7.84291 7.93959 7.97845 8.01566 8.02124 8.01568 7.97481 7.92678 7.6759 7.36982 6.23147 5.28449 4.6986 3.95177 5.67468 6.20143 6.92702 7.39852 7.76547 7.85554
