Test_Spring_2018b/01_18/Temp/20180126_022.txt
ncols	170
nrows	115
xllcorner	350000.000000
yllcorner	4445000.000000
cellsize	1000.000000
nodata_value	-9999.000000
[rows 31 to 61 of 115, columns 70 to 139 of 170]
3.92819 4.48157 4.68226 4.28938 4.32453 5.28253 5.49795 5.48331 5.43294 5.34343 4.89925 4.7491 4.39764 3.78004 3.51884 2.42184 -1.11621 -0.120218 0.266908 -0.761215 -0.192196 0.736564 -0.0752175 -2.48099 -3.51624 -5.1833 -4.63078 -5.10416 -6.44369 -9999 -9999 -9999 -9999 -9999 -9999 -9999 -9999 -9999 -9999 -9999 -9999 -9999 -9999 -9999 -9999 -9999 -9999 -9999 -9999 -9999 -9999 -9999 -9999 -9999 -9999 -9999 -9999 -9999 -9999 -9999 -9999 -9999 -9999 -9999 -9999 -9999 -9999 -9999 -9999 -9999
4.03056 4.28045 4.25147 3.87267 4.447 4.97601 4.6886 4.4974 5.38155 5.38021 5.07978 4.37599 4.11576 3.84554 3.67822 2.77427 0.245299 -2.0349 -0.819275 -0.793803 -1.63992 -0.129707 -0.92965 -3.01368 -5.95463 -4.35388 -4.7675 -6.80122 -7.29893 -9999 -9999 -9999 -9999 -9999 -9999 -9999 -9999 -9999 -9999 -9999 -9999 -9999 -9999 -9999 -9999 -9999 -9999 -9999 -9999 -9999 -9999 -9999 -9999 -9999 -9999 -9999 -9999 -9999 -9999 -9999 -9999 -9999 -9999 -9999 -9999 -9999 -9999 -9999 -9999 -9999
3.31972 3.95162 3.7504 3.58493 4.44031 4.41867 4.3936 4.73705 5.28938 5.39624 5.27787 4.96952 4.70178 4.41671 3.69813 2.66476 0.499928 -2.09476 -2.68609 -1.42148 -1.36337 -1.16157 -1.89077 -2.80553 -4.23558 -3.06263 -2.6056 -3.9515 -5.70248 -6.82649 -9999 -9999 -9999 -9999 -9999 -9999 -9999 -9999 -9999 -9999 -9999 -9999 -9999 -9999 -9999 -9999 -9999 -9999 -9999 -9999 -9999 -9999 -9999 -9999 -9999 -9999 -9999 -9999 -9999 -9999 -9999 -9999 -9999 -9999 -9999 -9999 -9999 -9999 -9999 -9999
2.36528 3.45405 3.15199 2.31374 2.82764 3.21295 3.98661 4.19269 4.2995 5.32319 5.26698 5.21708 4.77645 4.42304 3.83931 2.84461 1.43002 -0.272275 -3.23308 -1.41298 0.0121178 -0.0264101 -0.105774 -0.746782 -2.12073 -0.969609 -0.913796 -2.62561 -4.56169 -5.73312 -6.21744 -9999 -9999 -9999 -9999 -9999 -9999 -9999 -9999 -9999 -9999 -9999 -9999 -9999 -9999 -9999 -9999 -9999 -9999 -9999 -9999 -9999 -9999 -9999 -9999 -9999 -9999 -9999 -9999 -9999 -9999 -9999 -9999 -9999 -9999 -9999 -9999 -9999 -9999 -9999
-9999 2.76198 2.4711 1.44842 1.96571 2.65773 3.66502 4.20785 4.60469 4.90991 5.22073 5.1814 4.73045 3.40377 3.21099 3.14968 2.22295 0.282694 -1.65475 -2.15901 0.0163488 0.637767 0.509563 0.995616 -0.168156 0.383327 0.159591 -0.441047 -2.31144 -4.02925 -4.75175 -6.18093 -9999 -9999 -9999 -9999 -9999 -9999 -9999 -9999 -9999 -9999 -9999 -9999 -9999 -9999 -9999 -9999 -9999 -9999 -9999 -9999 -9999 -9999 -9999 -9999 -9999 -9999 -9999 -9999 -9999 -9999 -9999 -9999 -9999 -9999 -9999 -9999 -9999 -9999
-9999 -9999 -9999 -9999 0.802166 1.77387 2.56292 3.54996 4.38791 4.80187 5.20338 5.1686 4.27011 3.82854 3.78628 3.17749 2.10804 1.43528 0.213823 -1.05812 -0.576426 1.27897 0.451627 1.76735 1.65667 1.89996 1.0224 -0.600887 -2.80498 -4.07343 -4.71949 -5.87747 -9999 -9999 -9999 -9999 -9999 -9999 -9999 -9999 -9999 -9999 -9999 -9999 -9999 -9999 -9999 -9999 -9999 -9999 -9999 -9999 -9999 -9999 -9999 -9999 -9999 -9999 -9999 -9999 -9999 -9999 -9999 -9999 -9999 -9999 -9999 -9999 -9999 -9999
-9999 -9999 -9999 -9999 -9999 1.59858 2.20133 3.48393 4.18443 4.4531 5.10196 5.10121 4.75898 4.49917 4.12323 3.63311 2.82789 1.94007 0.790713 0.681 1.86619 1.87883 1.62958 1.82469 2.43616 2.27716 0.935326 -1.38774 -2.62617 -5.10083 -6.18027 -6.069 -6.83566 -9999 -9999 -9999 -9999 -9999 -9999 -9999 -9999 -9999 -9999 -9999 -9999 -3.97697 -9999 -9999 -9999 -9999 -9999 -9999 -9999 -9999 -9999 -9999 -9999 -9999 -9999 -9999 -9999 -9999 -9999 -9999 -9999 -9999 -8.74059 -9999 -9999 -9999
-9999 -9999 -9999 -9999 1.45501 2.28589 2.91037 3.71522 3.81978 4.30865 5.05526 5.0641 4.82046 4.54465 3.92874 3.77217 3.31124 2.3472 2.14628 2.53086 2.70674 2.90763 3.03177 2.93083 2.68518 2.3683 1.53177 0.446306 -0.280703 -2.56503 -3.70105 -4.8154 -6.50381 -7.82592 -9999 -9999 -9999 -9999 -9999 -9999 -9999 -4.83029 -4.9006 -4.8781 -4.51505 -3.49975 -4.10734 -9999 -9999 -9999 -9999 -9999 -9999 -9999 -9999 -9999 -9999 -9999 -9999 -9999 -9999 -9999 -9999 -9999 -9999 -9999 -7.82115 -9.16223 -9999 -9999
-9999 -9999 -9999 -9999 1.6972 2.54187 2.96487 3.7478 4.19616 4.52401 4.78256 5.02837 4.98365 4.67853 4.21569 4.21295 3.57621 3.23026 2.98207 3.50327 3.60382 3.39091 3.12583 2.89287 2.23368 2.16079 1.98603 1.30008 0.170353 -0.994326 -2.63806 -4.92809 -7.17525 -8.98918 -9999 -9999 -9999 -9999 -9999 -9999 -4.63162 -3.79037 -3.28954 -4.3791 -3.46243 -2.6249 -2.76669 -3.57093 -9999 -9999 -9999 -9999 -9999 -9999 -9999 -9999 -9999 -9999 -9999 -9999 -9999 -9999 -1.47608 -2.85043 -5.61521 -7.03783 -7.89586 -9.11623 -9999 -9999
-9999 -9999 -9999 -9999 1.52485 2.5236 3.20148 3.8034 3.90199 4.5272 4.81692 4.94825 4.92936 4.86513 4.77512 4.21816 3.97461 3.13584 3.926 3.89084 3.68571 2.886 2.53996 1.17191 0.572485 0.47587 1.63468 0.790941 -0.978849 -3.19355 -5.83138 -5.98878 -6.8706 -8.49141 -9999 -9999 -9999 -9999 -9999 -9999 -4.36737 -3.46762 -2.71791 -2.61568 -3.69873 -2.20507 -2.24938 -3.09591 -3.29319 -2.61149 -2.26946 -2.51515 -1.69677 -1.4661 -1.84758 -1.45165 -9999 -9999 -9999 -9999 -1.26754 -1.22395 -1.19375 -1.77298 -4.79236 -6.85806 -8.71424 -8.89436 -9999 -9999
-9999 -9999 -9999 -9999 2.20841 2.82627 3.14143 3.19664 3.73799 4.28665 4.63769 4.87559 4.82352 4.79878 4.77153 4.57592 4.13065 4.20173 4.15927 3.89798 2.37502 0.599946 1.37186 0.326033 -1.90707 -0.0541057 0.960097 0.00486316 -2.13951 -4.62795 -5.41288 -5.36248 -6.5886 -8.17292 -9999 -9999 -9999 -6.82663 -5.53405 -5.42973 -5.05566 -3.85376 -2.94163 -2.2502 -1.78532 -1.79173 -2.29444 -3.1224 -4.02168 -3.70991 -2.11039 -1.72573 -1.37942 -1.13999 -1.49495 -1.33305 -0.914678 -0.704151 -0.670792 -0.783652 -0.818659 -0.795493 -0.858636 -1.40042 -4.09489 -5.64603 -6.63972 -8.62783 -9999 -9999
-9999 -9999 -9999 -9999 1.82342 2.36235 2.8 3.51988 3.60055 4.05763 4.33658 4.75184 4.79328 4.31964 4.69946 4.64132 4.56027 4.39814 4.1653 2.87675 1.10503 -0.668945 -1.48711 -1.12498 -2.47467 -1.75671 -0.728457 -1.07968 -2.38926 -4.60421 -4.90871 -5.39801 -7.45145 -9.43956 -9999 -9999 -9.33686 -6.84864 -5.10017 -4.20347 -3.93296 -3.91644 -2.76553 -2.68417 -1.44319 -1.73065 -3.38793 -3.20863 -3.84936 -3.43868 -2.86277 -2.70776 -1.85126 -1.04098 -0.897094 -0.904081 -0.641713 -0.596952 -0.594225 -0.613295 -0.810733 -0.738015 -0.737062 -1.07947 -3.04096 -4.00344 -5.06143 -8.6121 -9999 -9999
-9999 -9999 -9999 -9999 2.09406 2.69682 3.35604 3.46799 3.95658 3.90941 3.78228 4.45619 4.71247 4.37599 4.13029 4.55958 4.51942 4.45149 4.34666 3.13461 1.73517 -0.378204 -1.68983 -2.47922 -3.04245 -3.77706 -3.24342 -3.39214 -3.59498 -3.33674 -3.92631 -5.1186 -6.3231 -8.57788 -9.80332 -9999 -9.19597 -8.0776 -5.99716 -4.23169 -3.11547 -3.53226 -2.22298 -1.98858 -1.22526 -1.6804 -2.68833 -3.13163 -3.17638 -3.31412 -2.43044 -1.82989 -1.39909 -1.12588 -0.780481 -0.701619 -0.622882 -0.596883 -0.588341 -0.579797 -0.596625 -0.615973 -0.667729 -0.804138 -1.71264 -2.67251 -4.73484 -8.49638 -9999 -9999
-9999 -9999 -9999 0.327463 2.02158 3.02916 3.4242 3.71089 3.96334 4.14635 4.34309 4.51766 4.63603 4.58805 3.70442 3.76585 3.91232 4.39826 4.35291 4.23575 3.46762 0.896529 0.0161068 -1.27254 -2.9448 -3.62408 -3.26113 -1.87131 -1.91915 -2.81729 -3.82046 -5.19696 -6.07312 -7.45798 -10.1184 -9.88223 -8.68803 -7.80326 -6.39305 -4.23348 -2.72377 -2.05702 -1.81256 -1.28025 -1.0113 -1.63682 -2.2251 -2.47719 -2.93767 -3.00717 -3.00874 -2.47634 -2.04907 -1.11664 -0.812075 -0.676234 -0.613925 -0.585973 -0.569211 -0.55324 -0.555898 -0.58635 -0.597937 -0.617705 -0.695147 -1.9704 -5.14572 -7.54042 -9999 -9999
-9999 -9999 -9999 -9999 1.7099 2.15908 2.28347 2.49329 2.91264 3.39336 4.0764 4.1635 4.5321 4.52557 3.76889 2.88718 3.63423 3.92395 4.22563 4.22604 4.12142 1.96737 0.840276 -0.0434335 -1.64572 -1.04153 -0.476145 -0.41953 -0.737217 -2.67672 -4.60899 -6.82506 -8.91353 -9.00819 -10.128 -9.53105 -8.74443 -6.71757 -5.29583 -4.72718 -4.32303 -2.12924 -1.56205 -1.37843 -0.823792 -1.60345 -1.80341 -2.38896 -2.22245 -2.278 -2.27906 -3.8872 -2.26989 -2.18151 -1.1406 -0.673085 -0.575192 -0.557374 -0.53818 -0.545451 -0.551913 -0.569422 -0.571551 -0.599586 -0.631241 -1.46494 -5.48548 -7.51193 -9999 -9999
-9999 -9999 -9999 -9999 -9999 -9999 1.86831 2.21295 2.43592 2.81415 3.96375 4.27144 4.47329 4.48575 4.142 3.27214 3.03288 3.17863 2.32607 3.02171 3.981 3.95534 3.84051 1.94895 0.998439 1.95087 1.67989 0.269715 -0.836105 -1.92731 -4.19069 -5.83004 -8.22378 -10.022 -10.087 -8.09604 -6.44303 -4.39224 -3.49466 -4.02491 -3.47827 -2.39381 -1.16135 -0.571106 -0.723784 -1.54546 -1.66427 -2.56362 -1.69141 -1.62078 -2.0328 -2.38913 -2.24046 -1.72815 -1.53725 -0.724934 -0.535155 -0.507755 -0.51325 -0.522158 -0.538343 -0.555922 -0.579618 -0.601423 -0.625958 -0.675784 -4.80845 -8.02792 -9999 -9999
-9999 -9999 -9999 -9999 -9999 -9999 1.07736 1.29145 1.83665 3.22162 3.95277 4.24507 4.2331 4.36292 4.11811 3.34945 2.55944 1.81239 0.854433 1.38779 2.81571 3.65894 3.75705 2.09982 2.98522 2.67457 2.05117 0.202717 -1.15451 -1.86592 -4.03739 -5.88126 -7.46994 -9.67048 -8.72277 -7.68323 -6.3518 -4.11167 -2.60691 -1.99741 -2.53336 -1.84619 -0.426514 -0.430731 -1.22536 -1.18395 -1.66659 -2.89328 -1.62803 -1.27479 -1.56653 -1.49495 -1.59423 -1.40705 -1.06192 -0.732944 -0.517761 -0.497297 -0.504315 -0.524032 -0.537261 -0.549921 -0.579211 -0.591425 -0.616255 -0.650249 -3.32239 -8.08943 -9999 -9999
-9999 -9999 -9999 -9999 -9999 -9999 -9999 0.368148 1.60128 3.43753 3.90092 3.86024 4.23586 4.2634 3.89167 3.56567 2.6086 1.30458 -1.18769 -0.564008 0.749903 2.65044 3.65218 3.52295 2.98673 2.03399 -0.288429 -2.31763 -2.54866 -2.86607 -4.44603 -5.85903 -7.62612 -6.5889 -5.45699 -4.22289 -3.57856 -3.755 -2.46703 -1.42082 -1.88447 -1.03867 -0.0491593 -0.516445 -0.796623 -1.03208 -1.5892 -1.62885 -1.57632 -0.858936 -1.36141 -1.05749 -1.04143 -1.06417 -0.899313 -0.709519 -0.510892 -0.486604 -0.497125 -0.505941 -0.543021 -0.547994 -0.57349 -0.598814 -0.622972 -0.654209 -0.907671 -3.48213 -5.02435 -9999
-9999 -9999 -9999 -9999 -9999 -9999 -9999 -0.760728 -0.141923 2.03118 2.70931 3.66725 4.17327 4.19161 3.56942 3.21796 1.79774 1.3285 -0.978133 -2.0242 -1.14747 -1.48677 1.13439 3.45764 2.97302 -1.69263 -3.37226 -4.56463 -4.23708 -4.21694 -4.64479 -7.07139 -7.73818 -5.53115 -4.14229 -3.0692 -2.25916 -2.09713 -2.13656 -0.493306 -0.285546 0.238857 0.108281 0.145555 -0.702378 -1.22996 -0.78334 -1.31135 -1.40558 -0.664386 -1.40162 -0.740496 -0.810261 -1.01477 -1.03108 -0.600607 -0.52012 -0.482903 -0.491134 -0.520451 -0.555933 -0.581268 -0.580765 -0.601044 -0.638801 -0.650771 -0.687388 -1.00644 -2.34346 -2.81805
-9999 -9999 -9999 -9999 -9999 -9999 -9999 -9999 -2.16243 0.85454 2.23896 2.96204 3.9774 4.09506 3.7651 3.16168 1.71487 0.44112 -1.62157 -3.97411 -5.2163 -1.50312 1.73186 3.4245 3.22236 -0.659989 -2.1829 -2.23871 -1.31723 -2.06474 -2.62825 -4.46533 -5.01331 -5.78176 -5.30024 -3.80144 -2.58536 -1.41496 -0.569251 -0.512864 0.0279304 0.338223 0.350964 0.438397 0.328638 0.238411 -0.574467 -0.0232834 -0.501725 -0.254729 -0.419755 -0.568525 -0.685179 -1.15226 -0.83174 -0.549482 -0.482961 -0.470147 -0.498422 -0.514701 -0.540406 -0.58197 -0.605358 -0.620991 -0.637316 -0.665413 -0.678517 -0.707392 -0.867959 -1.67668
-9999 -9999 -9999 -9999 -9999 -9999 -9999 -9999 -3.6668 -0.66549 0.786705 2.64526 3.60412 3.9897 3.92955 3.43911 2.33766 0.685392 -0.692069 -3.3167 -6.0395 -2.14331 1.34003 3.21893 3.32574 0.0758989 0.996194 0.277032 0.587806 -0.739729 -1.2829 -1.69445 -2.64932 -3.69707 -4.842 -5.45458 -2.71624 -1.31562 -0.192888 0.328504 0.615911 0.751129 0.662561 0.44771 -0.781845 0.136794 0.0815656 -0.0177747 -0.129444 -0.185331 -0.285242 -0.401757 -0.459479 -0.488652 -0.801323 -0.460758 -0.478086 -0.482894 -0.492129 -0.513426 -0.54415 -0.573677 -0.607438 -0.618158 -0.641416 -0.666733 -0.687942 -0.706705 -0.728691 -0.784128
-9999 -9999 -9999 -9999 -9999 -9999 -9999 -9999 -7.87789 -3.51466 0.00424014 1.83256 3.3233 3.72575 3.87013 3.21638 2.72439 1.53769 0.414131 -1.31271 -3.89329 -5.48219 -2.56211 1.68388 3.26695 3.16704 3.0805 2.24512 1.49421 1.41104 1.48136 0.620754 -0.659456 -2.34824 -2.87648 -3.47167 -1.43326 -1.16383 -1.32347 0.910478 0.901522 0.758894 -0.115722 -1.08103 -0.910678 -1.50996 -1.0594 -1.77674 -1.12996 -0.57071 -0.364263 -0.385572 -0.451115 -0.466607 -0.506703 -0.455256 -0.464661 -0.483963 -0.502269 -0.518404 -0.540103 -0.580445 -0.610145 -0.6159 -0.642663 -0.670052 -0.692234 -0.708393 -0.725464 -0.769597
-9999 -9999 -9999 -9999 -9999 -9999 -9999 -9999 -7.68365 -4.00661 -0.896383 0.97416 2.76299 3.17259 3.76988 3.63022 3.11618 2.08412 0.79772 -0.624359 -2.83883 -4.48413 -2.53309 0.288487 2.31036 3.05555 3.0704 3.03244 2.85188 2.79128 2.57926 2.44884 1.52547 -0.0717375 -0.974918 -2.29967 -0.0274597 0.220502 -0.14563 0.97889 0.908528 -0.824195 -2.15988 -2.33844 -1.53106 -2.30873 -2.44931 -2.92663 -2.39373 -0.953669 -1.38258 -1.3034 -0.637608 -0.5358 -0.475299 -0.46434 -0.477485 -0.490259 -0.512183 -0.522432 -0.533791 -0.573342 -0.59971 -0.620371 -0.660096 -0.671571 -0.702412 -0.729692 -0.748704 -0.777879
-9999 -9999 -9999 -9999 -9999 -9999 -9999 -9999 -7.6126 -5.13351 -2.33547 0.417124 2.32768 3.09397 3.64898 3.63455 3.03931 2.52225 1.71319 0.461663 -0.397568 -1.88329 -3.91884 -0.508894 0.543505 1.49793 1.90319 2.88584 2.87267 2.43769 1.95988 2.44639 2.30891 1.045 0.628491 -0.0769431 1.18451 1.18011 1.13547 1.05632 -0.408083 -2.43943 -4.06593 -2.91822 -3.17311 -2.63503 -4.29122 -2.94378 -1.85743 -1.5086 -2.24807 -2.80423 -1.08919 -0.815155 -0.654555 -0.554905 -0.492958 -0.519693 -0.512944 -0.534644 -0.552256 -0.571151 -0.599733 -0.622857 -0.651978 -0.681231 -0.700721 -0.725871 -0.757676 -0.798929
-9999 -9999 -9999 -9999 -9999 -9999 -9999 -9999 -9999 -6.59269 -3.03593 0.128818 1.88789 2.99114 3.52449 3.50692 3.19896 2.84573 2.34155 1.43715 0.304071 -1.48171 -2.80649 -1.96655 -0.93493 -0.797636 -0.109279 1.87489 2.55847 1.61014 -0.725464 0.677295 2.23802 2.21433 2.08105 1.92986 1.73776 1.55911 1.17496 0.159626 -2.93029 -3.55113 -4.77132 -4.64654 -5.27787 -3.91734 -4.42769 -3.04596 -2.45086 -2.22989 -3.5208 -3.23601 -1.73335 -1.14247 -1.24888 -0.889737 -0.543561 -0.541661 -0.542088 -0.562497 -0.567119 -0.577177 -0.596343 -0.630336 -0.655884 -0.678171 -0.710435 -0.721669 -0.848377 -0.934358
-9999 -9999 -9999 -9999 -9999 -9999 -9999 -9999 -9999 -7.2886 -3.75004 -0.0228516 1.17011 2.36 3.38536 3.39817 2.93237 2.48911 2.0332 1.51592 0.142878 -1.18737 -2.45599 -2.88162 -2.62535 -2.61874 -1.51101 1.06974 1.57475 1.36866 -1.07106 -1.90419 0.178303 1.92732 2.06376 1.90217 -0.160426 0.271195 -0.847134 -2.36228 -2.78728 -3.45756 -4.86164 -4.20288 -5.23391 -4.80701 -4.9078 -4.12709 -3.74993 -2.81829 -3.94469 -3.92673 -2.45172 -1.71116 -1.69995 -0.923014 -0.651702 -0.587618 -0.579213 -0.576845 -0.585087 -0.584985 -0.604898 -0.629365 -0.657592 -0.707833 -0.809562 -1.08629 -2.58805 -2.59743
-9999 -9999 -9999 -9999 -9999 -9999 -9999 -9999 -9999 -6.87984 -4.42599 -1.11978 1.32728 1.47536 2.66104 3.2695 2.76405 2.19596 1.61532 1.3585 -0.135273 -1.77448 -3.09833 -4.66351 -4.40566 -3.28116 -1.41591 0.251612 0.55375 0.214738 -1.07886 -0.451439 0.968142 1.72099 1.94117 1.76275 1.30953 1.04404 0.218695 -0.144637 -1.28987 -3.07551 -3.78548 -3.35341 -5.24837 -5.12659 -4.43895 -5.16027 -3.94767 -3.37088 -4.82421 -3.66193 -2.35859 -1.69606 -1.11799 -0.848886 -0.747075 -0.586867 -0.592374 -0.588757 -0.592255 -0.606509 -0.618755 -0.658628 -0.693826 -0.864272 -1.10955 -2.50933 -3.08903 -2.98665
-9999 -9999 -9999 -9999 -9999 -9999 -9999 -9999 -9999 -6.46174 -4.25355 -1.38801 0.354806 0.661441 1.97704 3.14592 3.00769 2.41718 2.23306 1.62229 0.354692 -1.04395 -2.57124 -3.31405 -5.01842 -3.34048 -1.98532 -0.573943 0.0881956 -0.967749 -1.51294 -0.544782 0.41681 0.799568 1.76846 1.7553 1.43344 0.0618644 -0.611383 -0.338553 -0.633828 -1.14446 -2.37641 -2.44091 -3.2357 -3.57031 -3.88637 -4.86373 -4.23549 -4.17946 -4.01179 -2.62185 -1.9477 -1.50352 -1.10042 -1.00104 -0.831149 -0.608491 -0.598045 -0.600253 -0.61234 -0.619465 -0.64832 -0.726314 -0.793976 -1.12387 -1.69851 -2.76038 -4.46311 -3.27387
-9999 -9999 -9999 -9999 -9999 -9999 -9999 -9999 -9999 -6.83939 -4.49412 -2.0464 -1.02673 -0.859024 1.52722 2.9856 2.98132 2.69796 2.36849 0.868244 0.951028 0.647996 -0.730343 -2.73563 -4.93681 -4.73083 -3.4004 -1.53087 -0.913413 -2.68105 -3.31667 -2.84948 -1.39628 -0.0965332 1.25966 1.60059 1.19629 -0.935185 -3.20081 -2.16158 -1.05123 -1.06664 -1.40444 -2.54714 -2.91636 -3.25123 -4.0868 -5.48632 -5.26827 -4.88691 -3.30675 -2.82026 -2.06393 -1.43731 -1.68559 -1.5545 -0.956114 -0.617101 -0.61402 -0.618275 -0.617646 -0.636822 -0.669032 -0.812033 -0.962804 -1.20795 -2.68694 -3.61063 -4.94909 -3.40396
-9999 -9999 -9999 -9999 -9999 -9999 -9999 -9999 -9999 -7.5677 -5.86794 -3.52924 -2.59073 -1.09005 1.16435 2.26961 2.7959 2.77755 2.55586 1.88091 1.47349 0.676276 -0.757734 -2.71643 -4.8926 -6.30918 -5.59004 -3.05895 -2.45811 -4.09436 -4.93899 -3.88947 -2.34154 -0.0493395 1.25814 1.4304 1.30609 0.861335 -0.794697 -2.79463 -2.79627 -1.80593 -2.65084 -3.63146 -3.10603 -3.21372 -4.03868 -4.64081 -4.98073 -4.75897 -3.85568 -3.49573 -2.62108 -1.32598 -1.14835 -1.19471 -0.655239 -0.637625 -0.634948 -0.62466 -0.636004 -0.651937 -0.679449 -0.797726 -1.04894 -2.03682 -2.89955 -4.09537 -4.25235 -2.87586
-9999 -9999 -9999 -9999 -9999 -9999 -9999 -9999 -9999 -8.82128 -6.82116 -4.63138 -2.58163 -0.64288 1.02466 1.14689 2.02315 2.01528 2.47173 2.33333 1.70775 1.03548 -0.200771 -2.71646 -4.83159 -7.13747 -6.53106 -3.95937 -3.58607 -4.69897 -6.75456 -4.6358 -2.29971 -0.183523 0.95957 0.0546951 0.970692 0.888257 0.263183 -0.930456 -2.78245 -2.75602 -4.14639 -4.21516 -3.51414 -3.29231 -3.41887 -3.87285 -4.58285 -4.4433 -3.89144 -3.76278 -2.96005 -1.95777 -0.978242 -0.821735 -0.64295 -0.644882 -0.652022 -0.646985 -0.655517 -0.686733 -0.747977 -0.870737 -1.70029 -2.68474 -3.29508 -4.13104 -4.24127 -2.66387
