Test_Spring_2018b/01_18/Temp/20180122_023.txt
ncols	170
nrows	115
xllcorner	350000.000000
yllcorner	4445000.000000
cellsize	1000.000000
nodata_value	-9999.000000
[rows 31 to 61 of 115, columns 70 to 139 of 170]
3.02564 3.79212 4.07833 3.55682 3.61667 4.89932 5.19676 5.18629 5.09399 4.98182 4.38802 4.19462 3.72814 2.90033 2.55749 1.07852 -3.71927 -2.35292 -1.81487 -3.20168 -2.41799 -1.14631 -2.24222 -5.50655 -6.90875 -9.17108 -8.43613 -9.09926 -10.9184 -9999 -9999 -9999 -9999 -9999 -9999 -9999 -9999 -9999 -9999 -9999 -9999 -9999 -9999 -9999 -9999 -9999 -9999 -9999 -9999 -9999 -9999 -9999 -9999 -9999 -9999 -9999 -9999 -9999 -9999 -9999 -9999 -9999 -9999 -9999 -9999 -9999 -9999 -9999 -9999 -9999
3.16185 3.51598 3.49026 2.98828 3.78161 4.51289 4.0955 3.81953 5.02286 5.03079 4.6326 3.6865 3.34398 2.9883 2.77285 1.55604 -1.87013 -4.9583 -3.29407 -3.24857 -4.38886 -2.3265 -3.40602 -6.23243 -10.225 -8.04364 -8.60184 -11.4059 -12.0869 -9999 -9999 -9999 -9999 -9999 -9999 -9999 -9999 -9999 -9999 -9999 -9999 -9999 -9999 -9999 -9999 -9999 -9999 -9999 -9999 -9999 -9999 -9999 -9999 -9999 -9999 -9999 -9999 -9999 -9999 -9999 -9999 -9999 -9999 -9999 -9999 -9999 -9999 -9999 -9999 -9999
2.19342 3.06707 2.80735 2.59564 3.77132 3.75419 3.69964 4.14414 4.89651 5.0517 4.9011 4.49266 4.13987 3.7639 2.79883 1.4059 -1.52536 -5.04124 -5.8338 -4.10363 -4.01452 -3.7309 -4.714 -5.95035 -7.88823 -6.28801 -5.66186 -7.50721 -9.91528 -11.4653 -9999 -9999 -9999 -9999 -9999 -9999 -9999 -9999 -9999 -9999 -9999 -9999 -9999 -9999 -9999 -9999 -9999 -9999 -9999 -9999 -9999 -9999 -9999 -9999 -9999 -9999 -9999 -9999 -9999 -9999 -9999 -9999 -9999 -9999 -9999 -9999 -9999 -9999 -9999 -9999
0.894763 2.3896 1.99284 0.866472 1.57794 2.11415 3.1205 3.39512 3.54996 4.95168 4.88559 4.82852 4.24065 3.77174 2.98995 1.64957 -0.261703 -2.56432 -6.57835 -4.09289 -2.14517 -2.18817 -2.28759 -3.15154 -5.01289 -3.44203 -3.36102 -5.71258 -8.39038 -9.97695 -10.6288 -9999 -9999 -9999 -9999 -9999 -9999 -9999 -9999 -9999 -9999 -9999 -9999 -9999 -9999 -9999 -9999 -9999 -9999 -9999 -9999 -9999 -9999 -9999 -9999 -9999 -9999 -9999 -9999 -9999 -9999 -9999 -9999 -9999 -9999 -9999 -9999 -9999 -9999 -9999
-9999 1.44855 1.06692 -0.310301 0.405638 1.35872 2.71094 3.42358 3.96446 4.38927 4.82212 4.77939 4.17749 2.38536 2.13517 2.06388 0.815994 -1.81003 -4.43259 -5.10716 -2.13927 -1.28492 -1.45064 -0.782172 -2.3577 -1.60203 -1.90103 -2.72405 -5.30355 -7.65888 -8.63442 -10.57 -9999 -9999 -9999 -9999 -9999 -9999 -9999 -9999 -9999 -9999 -9999 -9999 -9999 -9999 -9999 -9999 -9999 -9999 -9999 -9999 -9999 -9999 -9999 -9999 -9999 -9999 -9999 -9999 -9999 -9999 -9999 -9999 -9999 -9999 -9999 -9999 -9999 -9999
-9999 -9999 -9999 -9999 -1.17633 0.128646 1.20612 2.52931 3.6696 4.24205 4.79806 4.76145 3.5511 2.96244 2.91703 2.10162 0.659926 -0.242589 -1.89147 -3.60956 -2.94418 -0.412032 -1.52827 0.268159 0.12428 0.460744 -0.727405 -2.96464 -5.97304 -7.71778 -8.5896 -10.1565 -9999 -9999 -9999 -9999 -9999 -9999 -9999 -9999 -9999 -9999 -9999 -9999 -9999 -9999 -9999 -9999 -9999 -9999 -9999 -9999 -9999 -9999 -9999 -9999 -9999 -9999 -9999 -9999 -9999 -9999 -9999 -9999 -9999 -9999 -9999 -9999 -9999 -9999
-9999 -9999 -9999 -9999 -9999 -0.109683 0.714146 2.46725 3.39308 3.76766 4.65976 4.66933 4.2153 3.87391 3.3751 2.72135 1.63927 0.444751 -1.10576 -1.24341 0.378622 0.405472 0.0751731 0.347858 1.1855 0.974611 -0.856565 -4.0333 -5.71295 -9.11384 -10.5754 -10.4171 -11.4513 -9999 -9999 -9999 -9999 -9999 -9999 -9999 -9999 -9999 -9999 -9999 -9999 -7.36937 -9999 -9999 -9999 -9999 -9999 -9999 -9999 -9999 -9999 -9999 -9999 -9999 -9999 -9999 -9999 -9999 -9999 -9999 -9999 -9999 -13.4723 -9999 -9999 -9999
-9999 -9999 -9999 -9999 -0.287598 0.820499 1.67808 2.78086 2.90568 3.57114 4.59587 4.61838 4.29845 3.93553 3.11082 2.91101 2.29753 0.999902 0.739336 1.27409 1.52413 1.807 1.98425 1.85413 1.526 1.09982 -0.0661418 -1.53875 -2.52409 -5.64111 -7.20512 -8.71382 -11.0018 -12.7903 -9999 -9999 -9999 -9999 -9999 -9999 -9999 -8.60135 -8.67888 -8.62993 -8.11781 -6.71878 -7.52613 -9999 -9999 -9999 -9999 -9999 -9999 -9999 -9999 -9999 -9999 -9999 -9999 -9999 -9999 -9999 -9999 -9999 -9999 -9999 -12.2154 -14.0193 -9999 -9999
-9999 -9999 -9999 -9999 0.0135229 1.16973 1.75237 2.82439 3.44182 3.86381 4.22466 4.56923 4.51985 4.11737 3.50123 3.51115 2.65931 2.20267 1.87843 2.5994 2.74731 2.46767 2.11559 1.80559 0.914575 0.819279 0.553657 -0.377044 -1.91124 -3.49267 -5.76108 -8.86911 -11.9174 -14.3752 -9999 -9999 -9999 -9999 -9999 -9999 -8.35077 -7.18873 -6.48913 -7.95151 -6.68612 -5.52826 -5.70184 -6.79405 -9999 -9999 -9999 -9999 -9999 -9999 -9999 -9999 -9999 -9999 -9999 -9999 -9999 -9999 -3.65767 -5.50726 -9.24739 -11.1628 -12.3104 -13.9505 -9999 -9999
-9999 -9999 -9999 -9999 -0.218069 1.14646 2.0745 2.89931 3.04018 3.89082 4.27079 4.4596 4.44547 4.37088 4.2622 3.51932 3.20283 2.07695 3.16516 3.13027 2.86294 1.78559 1.32325 -0.530476 -1.34101 -1.49811 0.0783477 -1.06843 -3.47442 -6.48502 -10.0931 -10.3142 -11.5071 -13.7029 -9999 -9999 -9999 -9999 -9999 -9999 -7.9945 -6.75218 -5.71346 -5.55479 -7.00751 -4.95699 -5.01461 -6.14545 -6.39344 -5.4462 -4.96059 -5.29149 -4.16209 -3.82592 -4.32201 -3.76129 -9999 -9999 -9999 -9999 -3.40523 -3.3265 -3.26644 -4.03529 -8.1219 -10.9119 -13.4169 -13.6403 -9999 -9999
-9999 -9999 -9999 -9999 0.714442 1.55983 1.99343 2.07373 2.81546 3.56129 4.02636 4.36339 4.3044 4.28393 4.26119 4.01039 3.42058 3.53274 3.48997 3.14867 1.09055 -1.3121 -0.253912 -1.67623 -4.72446 -2.21451 -0.836289 -2.13641 -5.05348 -8.43806 -9.52777 -9.4665 -11.1286 -13.2694 -9999 -9999 -9999 -11.3903 -9.61605 -9.4559 -8.92788 -7.27356 -6.01272 -5.05935 -4.4068 -4.4115 -5.07389 -6.17914 -7.38125 -6.93666 -4.74113 -4.19709 -3.72542 -3.37689 -3.83648 -3.58355 -2.99289 -2.68516 -2.61874 -2.75158 -2.77907 -2.72791 -2.79447 -3.51205 -7.16733 -9.25811 -10.5908 -13.2737 -9999 -9999
-9999 -9999 -9999 -9999 0.189377 0.92663 1.52608 2.5134 2.62825 3.25575 3.63647 4.19402 4.26228 3.63188 4.16321 4.10011 4.00642 3.80246 3.50174 1.76451 -0.631316 -3.03228 -4.13607 -3.64968 -5.48198 -4.51504 -3.11833 -3.61024 -5.39183 -8.40559 -8.82122 -9.50526 -12.3012 -14.9981 -9999 -9999 -14.826 -11.4277 -9.03309 -7.7949 -7.40678 -7.36308 -5.77657 -5.64401 -3.93492 -4.31797 -6.54974 -6.28498 -7.14473 -6.5654 -5.74926 -5.51758 -4.34512 -3.22616 -3.00805 -2.99524 -2.61651 -2.53403 -2.50918 -2.51449 -2.76284 -2.64437 -2.62389 -3.07053 -5.71859 -7.00846 -8.42515 -13.2353 -9999 -9999
-9999 -9999 -9999 -9999 0.559708 1.38297 2.28299 2.43931 3.10838 3.05158 2.87974 3.80464 4.15128 3.70777 3.38931 3.98975 3.95261 3.8777 3.75194 2.11949 0.230328 -2.63186 -4.40664 -5.48468 -6.24871 -7.25845 -6.53502 -6.74045 -7.02008 -6.67299 -7.49071 -9.1312 -10.7671 -13.8336 -15.492 -9999 -14.6427 -13.1066 -10.2601 -7.84001 -6.30114 -6.84551 -5.0426 -4.70093 -3.65212 -4.24902 -5.59743 -6.16794 -6.20717 -6.37327 -5.15105 -4.32155 -3.72685 -3.33283 -2.84518 -2.71551 -2.58635 -2.52931 -2.49651 -2.46427 -2.46709 -2.47384 -2.52508 -2.69173 -3.90826 -5.19203 -7.9771 -13.074 -9999 -9999
-9999 -9999 -9999 -1.82426 0.464214 1.83659 2.37625 2.76902 3.11604 3.36978 3.63861 3.88497 4.05641 3.99533 2.81017 2.91131 3.12882 3.80791 3.76392 3.6208 2.59048 -0.893755 -2.0901 -3.84042 -6.11285 -7.0465 -6.55666 -4.67198 -4.74271 -5.96971 -7.33916 -9.2306 -10.4342 -12.3138 -15.928 -15.5969 -13.9603 -12.7416 -10.8059 -7.84921 -5.77442 -4.84461 -4.48833 -3.74996 -3.3615 -4.17992 -4.9566 -5.27675 -5.88082 -5.95392 -5.93519 -5.19091 -4.6004 -3.31718 -2.88076 -2.67724 -2.57037 -2.51067 -2.4667 -2.42437 -2.40794 -2.42981 -2.42645 -2.43453 -2.51902 -4.23401 -8.52853 -11.7667 -9999 -9999
-9999 -9999 -9999 -9999 0.0430315 0.655137 0.825782 1.11309 1.68618 2.34396 3.27366 3.40049 3.91231 3.9163 2.89771 1.71727 2.75214 3.16529 3.59392 3.61133 3.4836 0.55956 -0.966106 -2.16414 -4.34222 -3.5317 -2.76795 -2.69735 -3.13655 -5.78107 -8.41546 -11.4493 -14.291 -14.4194 -15.9455 -15.1268 -14.0444 -11.2728 -9.32093 -8.52657 -7.95405 -4.94715 -4.15777 -3.87793 -3.09888 -4.13432 -4.38238 -5.15538 -4.90666 -4.9606 -4.94112 -7.10717 -4.89818 -4.75666 -3.32037 -2.66734 -2.51472 -2.46884 -2.42161 -2.41091 -2.39965 -2.4039 -2.38765 -2.40533 -2.42699 -3.54094 -8.98763 -11.725 -9999 -9999
-9999 -9999 -9999 -9999 -9999 -9999 0.26159 0.731506 1.03698 1.55492 3.11873 3.54528 3.83036 3.86041 3.40851 2.24116 1.93567 2.15375 1.01372 1.97604 3.29184 3.26703 3.11749 0.548857 -0.751331 0.539758 0.165421 -1.75933 -3.2713 -4.76383 -7.84981 -10.1002 -13.3583 -15.8038 -15.8895 -13.1762 -10.9214 -8.117 -6.87747 -7.57663 -6.8097 -5.31109 -3.60979 -2.78135 -2.96313 -4.05496 -4.19209 -5.39128 -4.18281 -4.06505 -4.6043 -5.06854 -4.85596 -4.13832 -3.858 -2.73305 -2.45466 -2.39929 -2.38571 -2.37727 -2.37921 -2.3835 -2.39446 -2.40424 -2.41779 -2.46577 -8.06469 -12.4239 -9999 -9999
-9999 -9999 -9999 -9999 -9999 -9999 -0.813744 -0.521695 0.221579 2.10798 3.10282 3.50838 3.50276 3.69246 3.37527 2.34796 1.2928 0.297412 -0.986299 -0.244565 1.71042 2.86707 3.00703 0.756853 1.95261 1.52599 0.671955 -1.84933 -3.70386 -4.68087 -7.64279 -10.1718 -12.3361 -15.3294 -14.0388 -12.6194 -10.7988 -7.73901 -5.67377 -4.82245 -5.52782 -4.56809 -2.61159 -2.59069 -3.64461 -3.56242 -4.19374 -5.83762 -4.09456 -3.59247 -3.96823 -3.85088 -3.97528 -3.69998 -3.21031 -2.74284 -2.43023 -2.38237 -2.37233 -2.37863 -2.37652 -2.37315 -2.3928 -2.38927 -2.40293 -2.42909 -6.04205 -12.5051 -9999 -9999
-9999 -9999 -9999 -9999 -9999 -9999 -9999 -1.77723 -0.0986408 2.40137 3.03222 2.98513 3.50654 3.55726 3.06756 2.64215 1.36031 -0.392508 -3.76194 -2.89727 -1.09716 1.4971 2.86575 2.69311 1.95612 0.656535 -2.50751 -5.27465 -5.5982 -6.03978 -8.19778 -10.1412 -12.5484 -11.14 -9.59935 -7.91567 -7.02938 -7.25445 -5.48422 -4.03971 -4.6458 -3.47005 -2.098 -2.70625 -3.06029 -3.35414 -4.08645 -4.11622 -4.02182 -3.02463 -3.68699 -3.25391 -3.22162 -3.23204 -2.98781 -2.70992 -2.42013 -2.36732 -2.36167 -2.35343 -2.3835 -2.36988 -2.38413 -2.39813 -2.41055 -2.43264 -2.75693 -6.23884 -8.31577 -9999
-9999 -9999 -9999 -9999 -9999 -9999 -9999 -3.31217 -2.46842 0.489908 1.41292 2.72373 3.42255 3.46079 2.63052 2.16986 0.257939 -0.359905 -3.47648 -4.88332 -3.67756 -4.12838 -0.557768 2.60425 1.93769 -4.40944 -6.6991 -8.32805 -7.89175 -7.874 -8.46527 -11.7866 -12.6977 -9.69876 -7.80874 -6.34399 -5.23247 -4.99759 -5.03212 -2.7752 -2.46985 -1.731 -1.88169 -1.8038 -2.9296 -3.62044 -2.98804 -3.68171 -3.78681 -2.75729 -3.73892 -2.82037 -2.90507 -3.16292 -3.16533 -2.56055 -2.43166 -2.3615 -2.35255 -2.37236 -2.39982 -2.41442 -2.39308 -2.39992 -2.43051 -2.42609 -2.45528 -2.87064 -4.66844 -5.29381
-9999 -9999 -9999 -9999 -9999 -9999 -9999 -9999 -5.21484 -1.10859 0.775024 1.76685 3.15831 3.33159 2.89464 2.0929 0.145348 -1.56675 -4.35211 -7.53293 -9.21173 -4.15275 0.252746 2.55793 2.27584 -3.00547 -5.08113 -5.16386 -3.91907 -4.94403 -5.71878 -8.23814 -8.98703 -10.033 -9.3762 -7.33602 -5.66933 -4.06326 -2.8946 -2.79543 -2.03464 -1.59164 -1.54766 -1.40172 -1.52402 -1.62033 -2.70049 -1.92698 -2.55453 -2.197 -2.4008 -2.58351 -2.7324 -3.34752 -2.89227 -2.48926 -2.3796 -2.34158 -2.36071 -2.36281 -2.37693 -2.41187 -2.42526 -2.42551 -2.42667 -2.44389 -2.44086 -2.46162 -2.65982 -3.73942
-9999 -9999 -9999 -9999 -9999 -9999 -9999 -9999 -7.25924 -3.17345 -1.19726 1.33877 2.64821 3.18443 3.11942 2.47073 0.992095 -1.23528 -3.08962 -6.64087 -10.3275 -5.01833 -0.282757 2.27635 2.42314 -2.00534 -0.757967 -1.74118 -1.32525 -3.13732 -3.88296 -4.46346 -5.76447 -7.18927 -8.74896 -9.57043 -5.83665 -3.9177 -2.37271 -1.64181 -1.2261 -1.01513 -1.11538 -1.38359 -3.02869 -1.75367 -1.80414 -1.91528 -2.04435 -2.09876 -2.21414 -2.35311 -2.42243 -2.4424 -2.84823 -2.36443 -2.36814 -2.356 -2.34928 -2.3582 -2.37912 -2.39765 -2.42131 -2.41668 -2.42996 -2.44317 -2.45096 -2.45799 -2.46768 -2.5231
-9999 -9999 -9999 -9999 -9999 -9999 -9999 -9999 -12.9835 -7.04507 -2.26617 0.230045 2.26548 2.82743 3.04005 2.1687 1.51794 -0.0772164 -1.58706 -3.91825 -7.41189 -9.55947 -5.58073 0.19879 2.34185 2.19687 2.07695 0.93741 -0.0883348 -0.206777 -0.116518 -1.30657 -3.05726 -5.35144 -6.05949 -6.86115 -4.07876 -3.69781 -3.89666 -0.83801 -0.826027 -0.99372 -2.15529 -3.45098 -3.1924 -3.98669 -3.3501 -4.30179 -3.39991 -2.61816 -2.31714 -2.32674 -2.40728 -2.40568 -2.4416 -2.35132 -2.34579 -2.35335 -2.35894 -2.36084 -2.36949 -2.40273 -2.42089 -2.4061 -2.42453 -2.43956 -2.45361 -2.45721 -2.46016 -2.50021
-9999 -9999 -9999 -9999 -9999 -9999 -9999 -9999 -12.7262 -7.726 -3.48812 -0.939232 1.50592 2.07739 2.90534 2.7323 2.05082 0.665131 -1.06682 -2.98424 -5.9805 -8.20485 -5.54195 -1.70021 1.05334 2.05791 2.06471 2.01118 1.76283 1.66859 1.37677 1.17983 -0.0748411 -2.2369 -3.45944 -5.2523 -2.1517 -1.79996 -2.27992 -0.730288 -0.802697 -3.13331 -4.92288 -5.13866 -4.02794 -5.0594 -5.22681 -5.85942 -5.11267 -3.13356 -3.69149 -3.56487 -2.65237 -2.49496 -2.39167 -2.35848 -2.35794 -2.35654 -2.36701 -2.36089 -2.35551 -2.38775 -2.40149 -2.4071 -2.43849 -2.43754 -2.45752 -2.47618 -2.4882 -2.50794
-9999 -9999 -9999 -9999 -9999 -9999 -9999 -9999 -12.6269 -9.25637 -5.44216 -1.69444 0.91634 1.97261 2.74268 2.73935 1.9468 1.26057 0.176934 -1.50915 -2.66317 -4.67062 -7.42754 -2.78302 -1.34922 -0.0594043 0.486681 1.82134 1.80109 1.20687 0.525719 1.18786 1.01018 -0.703818 -1.26356 -2.21362 -0.486793 -0.478123 -0.521333 -0.608856 -2.57751 -5.31524 -7.50141 -5.91524 -6.23601 -5.49484 -7.72383 -5.86261 -4.36328 -3.86793 -4.86204 -5.59916 -3.26057 -2.8662 -2.62924 -2.4753 -2.37251 -2.38997 -2.36137 -2.3708 -2.37398 -2.37826 -2.3952 -2.40439 -2.42162 -2.43912 -2.45045 -2.46667 -2.48932 -2.51748
-9999 -9999 -9999 -9999 -9999 -9999 -9999 -9999 -9999 -11.2376 -6.39914 -2.08437 0.320394 1.83455 2.57475 2.56657 2.16392 1.6997 1.02984 -0.184951 -1.71183 -4.1276 -5.91836 -4.76794 -3.36278 -3.18429 -2.24655 0.451697 1.38083 0.0908563 -3.10543 -1.19012 0.935084 0.907768 0.733457 0.537132 0.283196 0.0550509 -0.450039 -1.81101 -5.99057 -6.80702 -8.44155 -8.24688 -9.08009 -7.22308 -7.8953 -5.99376 -5.16268 -4.84132 -6.57656 -6.18383 -4.11886 -3.29679 -3.42313 -2.91664 -2.43369 -2.41206 -2.39313 -2.40079 -2.3864 -2.37883 -2.38321 -2.40089 -2.4131 -2.42099 -2.45008 -2.44814 -2.59985 -2.69679
-9999 -9999 -9999 -9999 -9999 -9999 -9999 -9999 -9999 -12.1912 -7.36856 -2.28859 -0.653228 0.978736 2.38768 2.42044 1.80272 1.21559 0.610893 -0.0779421 -1.93125 -3.72765 -5.44174 -6.01133 -5.65551 -5.65819 -4.14869 -0.637536 0.0507808 -0.228019 -3.55814 -4.68686 -1.85052 0.533824 0.727467 0.517907 -2.27405 -1.67264 -3.17626 -5.2173 -5.7744 -6.6635 -8.54926 -7.62983 -9.00767 -8.40355 -8.53898 -7.45508 -6.92065 -5.63322 -7.14476 -7.11489 -5.0874 -4.0615 -4.02758 -2.95271 -2.56518 -2.45908 -2.42821 -2.40496 -2.39552 -2.37416 -2.37957 -2.39088 -2.40722 -2.45362 -2.57034 -2.93309 -4.95941 -4.95241
-9999 -9999 -9999 -9999 -9999 -9999 -9999 -9999 -9999 -11.6349 -8.2862 -3.77802 -0.437277 -0.221594 1.40525 2.24764 1.5757 0.818516 0.0439042 -0.291076 -2.30863 -4.525 -6.31385 -8.43217 -8.07334 -6.53761 -4.01501 -1.74384 -1.32958 -1.78724 -3.55757 -2.69881 -0.762133 0.269278 0.577946 0.346395 -0.256933 -0.603128 -1.70858 -2.18414 -3.7212 -6.12772 -7.07086 -6.46076 -9.01426 -8.82594 -7.86869 -8.85052 -7.18052 -6.37567 -8.33163 -6.74357 -4.95175 -4.03162 -3.22662 -2.84181 -2.6844 -2.44737 -2.43528 -2.41034 -2.39459 -2.39303 -2.38841 -2.42115 -2.4475 -2.65787 -2.97027 -4.85271 -5.63416 -5.47547
-9999 -9999 -9999 -9999 -9999 -9999 -9999 -9999 -9999 -11.0659 -8.05044 -4.14077 -1.75708 -1.32559 0.477982 2.08225 1.90943 1.12156 0.885843 0.069513 -1.64058 -3.52977 -5.59491 -6.59465 -8.90286 -6.6137 -4.78405 -2.85973 -1.95449 -3.40211 -4.13663 -2.81306 -1.4976 -0.96806 0.359647 0.353603 -0.0705954 -1.92037 -2.81915 -2.43019 -2.81232 -3.48618 -5.13994 -5.20595 -6.26461 -6.69764 -7.1057 -8.4375 -7.56223 -7.46546 -7.21632 -5.3199 -4.38325 -3.75964 -3.19216 -3.03772 -2.78743 -2.46525 -2.43134 -2.41433 -2.41042 -2.39946 -2.41783 -2.5029 -2.57394 -3.00166 -3.7624 -5.1859 -7.49529 -5.85921
-9999 -9999 -9999 -9999 -9999 -9999 -9999 -9999 -9999 -11.5788 -8.37615 -5.03388 -3.63286 -3.3899 -0.130509 1.86746 1.87675 1.50641 1.073 -0.952684 -0.826806 -1.22629 -3.08866 -5.80439 -8.78744 -8.49872 -6.696 -4.15379 -3.30802 -5.72191 -6.57801 -5.93423 -3.94912 -2.17172 -0.316474 0.159667 -0.376107 -3.25878 -6.32255 -4.89191 -3.3635 -3.36475 -3.80362 -5.33636 -5.81722 -6.25131 -7.36626 -9.25424 -8.95623 -8.41716 -6.26149 -5.57934 -4.53068 -3.65867 -3.97641 -3.77849 -2.94529 -2.46468 -2.44066 -2.42645 -2.40542 -2.41116 -2.43452 -2.6085 -2.79311 -3.1062 -5.09704 -6.3332 -8.14043 -6.02872
-9999 -9999 -9999 -9999 -9999 -9999 -9999 -9999 -9999 -12.5683 -10.2425 -7.04771 -5.75645 -3.70076 -0.620282 0.897807 1.62859 1.6186 1.33177 0.428153 -0.112384 -1.18363 -3.12147 -5.77352 -8.72209 -10.6387 -9.65237 -6.22406 -5.39749 -7.6339 -8.77307 -7.33646 -5.2215 -2.09378 -0.30391 -0.0564034 -0.211025 -0.800215 -3.03517 -5.73671 -5.72052 -4.35492 -5.48388 -6.79691 -6.06208 -6.18789 -7.28887 -8.087 -8.55473 -8.23248 -6.99709 -6.48678 -5.27695 -3.49573 -3.23399 -3.27694 -2.52351 -2.47963 -2.45605 -2.42209 -2.41752 -2.41917 -2.43659 -2.57748 -2.89925 -4.22277 -5.37635 -6.98307 -7.17765 -5.30285
-9999 -9999 -9999 -9999 -9999 -9999 -9999 -9999 -9999 -14.2717 -11.5367 -8.54364 -5.74092 -3.08911 -0.806076 -0.62416 0.582677 0.587107 1.22237 1.04831 0.211239 -0.690041 -2.35886 -5.76796 -8.63322 -11.7585 -10.9248 -7.43437 -6.94311 -8.44657 -11.2313 -8.34006 -5.15267 -2.26344 -0.696327 -1.91267 -0.652455 -0.748779 -1.582 -3.18742 -5.68721 -5.63252 -7.50357 -7.5774 -6.60434 -6.28258 -6.43439 -7.03132 -7.98393 -7.79295 -7.03457 -6.83845 -5.72607 -4.34256 -2.99017 -2.7569 -2.4935 -2.47594 -2.46558 -2.4388 -2.43058 -2.45334 -2.51709 -2.66464 -3.77334 -5.09284 -5.90393 -7.02199 -7.15357 -4.99882
