Test_Spring_2018b/01_18/Temp/20180103_012.txt
ncols	170
nrows	115
xllcorner	350000.000000
yllcorner	4445000.000000
cellsize	1000.000000
nodata_value	-9999.000000
[rows 32 to 63 of 115, columns 72 to 143 of 170]
10.8836 10.6318 11.0314 11.3995 11.172 11.0234 11.6212 11.6251 11.4249 10.9495 10.7781 10.6004 10.4937 9.88342 8.16191 6.61059 7.45022 7.47547 6.90408 7.94376 7.40259 5.98234 3.97518 5.07376 4.7939 3.3645 3.01704 -9999 -9999 -9999 -9999 -9999 -9999 -9999 -9999 -9999 -9999 -9999 -9999 -9999 -9999 -9999 -9999 -9999 -9999 -9999 -9999 -9999 -9999 -9999 -9999 -9999 -9999 -9999 -9999 -9999 -9999 -9999 -9999 -9999 -9999 -9999 -9999 -9999 -9999 -9999 -9999 -9999 -9999 -9999 -9999 -9999
10.5395 10.434 11.026 11.0178 10.9787 11.1866 11.5577 11.6358 11.5603 11.3554 11.1789 10.991 10.5071 9.80824 8.33567 6.56912 6.17272 7.04547 7.09257 7.23739 6.74476 6.12452 5.15113 5.95751 6.27366 5.33753 4.11007 3.31906 -9999 -9999 -9999 -9999 -9999 -9999 -9999 -9999 -9999 -9999 -9999 -9999 -9999 -9999 -9999 -9999 -9999 -9999 -9999 -9999 -9999 -9999 -9999 -9999 -9999 -9999 -9999 -9999 -9999 -9999 -9999 -9999 -9999 -9999 -9999 -9999 -9999 -9999 -9999 -9999 -9999 -9999 -9999 -9999
10.1297 9.56397 9.92254 10.1927 10.6781 10.8026 10.8803 11.5855 11.5526 11.5245 11.2297 10.9951 10.6034 9.93093 8.97149 7.81532 5.79825 7.05099 8.03315 8.01369 7.96568 7.53286 6.59805 7.38974 7.43174 6.23494 4.86517 4.06867 3.74258 -9999 -9999 -9999 -9999 -9999 -9999 -9999 -9999 -9999 -9999 -9999 -9999 -9999 -9999 -9999 -9999 -9999 -9999 -9999 -9999 -9999 -9999 -9999 -9999 -9999 -9999 -9999 -9999 -9999 -9999 -9999 -9999 -9999 -9999 -9999 -9999 -9999 -9999 -9999 -9999 -9999 -9999 -9999
9.66411 8.97215 9.3329 9.81267 10.4823 10.824 11.0889 11.3025 11.5205 11.4996 11.1977 10.2974 10.1732 10.1392 9.51354 8.19472 6.87774 6.54077 8.03623 8.46829 8.38698 8.72515 7.93419 8.31582 8.16668 7.74663 6.43109 5.23569 4.74678 3.77511 -9999 -9999 -9999 -9999 -9999 -9999 -9999 -9999 -9999 -9999 -9999 -9999 -9999 -9999 -9999 -9999 -9999 -9999 -9999 -9999 -9999 -9999 -9999 -9999 -9999 -9999 -9999 -9999 -9999 -9999 -9999 -9999 -9999 -9999 -9999 -9999 -9999 -9999 -9999 -9999 -9999 -9999
-9999 -9999 8.53734 9.18351 9.71934 10.3744 10.9406 11.2283 11.5081 11.4902 10.8821 10.5872 10.566 10.1578 9.43468 8.98304 8.15601 7.29417 7.63138 8.9076 8.34818 9.25386 9.18317 9.3539 8.75743 7.61475 6.09517 5.20685 4.77011 3.98387 -9999 -9999 -9999 -9999 -9999 -9999 -9999 -9999 -9999 -9999 -9999 -9999 -9999 -9999 -9999 -9999 -9999 -9999 -9999 -9999 -9999 -9999 -9999 -9999 -9999 -9999 -9999 -9999 -9999 -9999 -9999 -9999 -9999 -9999 -9999 -9999 -9999 -9999 -9999 -9999 -9999 -9999
-9999 -9999 -9999 9.06384 9.47199 10.353 10.8014 10.9894 11.4381 11.4432 11.2155 11.045 10.7957 10.4689 9.92681 9.32841 8.55104 8.48447 9.3031 9.31906 9.15512 9.29427 9.71737 9.6127 8.68566 7.07777 6.23377 4.50527 3.77176 3.85341 3.33541 -9999 -9999 -9999 -9999 -9999 -9999 -9999 -9999 -9999 -9999 -9999 -9999 5.43319 -9999 -9999 -9999 -9999 -9999 -9999 -9999 -9999 -9999 -9999 -9999 -9999 -9999 -9999 -9999 -9999 -9999 -9999 -9999 -9999 2.42983 -9999 -9999 -9999 -9999 -9999 -9999 -9999
-9999 -9999 8.98563 9.52713 9.95715 10.5105 10.563 10.8901 11.4052 11.4166 11.2563 11.0749 10.6617 10.5633 10.2572 9.60713 9.47893 9.75085 9.87945 10.0244 10.1159 10.0524 9.889 9.67594 9.07341 8.33336 7.83841 6.26454 5.46785 4.71075 3.56196 2.66474 -9999 -9999 -9999 -9999 -9999 -9999 -9999 4.80091 4.76559 4.79374 5.05472 5.76172 5.35854 -9999 -9999 -9999 -9999 -9999 -9999 -9999 -9999 -9999 -9999 -9999 -9999 -9999 -9999 -9999 -9999 -9999 -9999 -9999 3.06364 2.16093 -9999 -9999 -9999 -9999 -9999 -9999
-9999 -9999 9.12391 9.70374 9.99483 10.5321 10.8408 11.0368 11.2175 11.3907 11.3664 11.165 10.8568 10.8641 10.4382 10.2115 10.0515 10.4174 10.4949 10.357 10.1823 10.0284 9.58177 9.53504 9.3861 8.91836 8.14697 7.35189 6.19476 4.6329 3.10147 1.86756 -9999 -9999 -9999 -9999 -9999 -9999 4.92417 5.5127 5.86843 5.13628 5.77622 6.36184 6.27741 5.72173 -9999 -9999 -9999 -9999 -9999 -9999 -9999 -9999 -9999 -9999 -9999 -9999 -9999 -9999 7.35072 6.42517 4.54847 3.58974 3.01719 2.19689 -9999 -9999 -9999 -9999 -9999 -9999
-9999 -9999 9.00917 9.69311 10.1572 10.5694 10.6377 11.0572 11.2396 11.3341 11.3273 11.2909 11.238 10.8668 10.7105 10.1474 10.6984 10.6843 10.5531 10.0141 9.78412 8.85363 8.44743 8.35448 9.14788 8.57106 7.36069 5.84622 4.02098 3.90598 3.30785 2.20565 -9999 -9999 -9999 -9999 -9999 -9999 5.10431 5.73338 6.25982 6.34325 5.61574 6.65038 6.61586 6.04943 5.9271 6.40608 6.65291 6.4826 7.05157 7.22444 6.9789 7.26531 -9999 -9999 -9999 -9999 7.46877 7.51346 7.54873 7.16693 5.11595 3.7172 2.46176 2.35195 -9999 -9999 -9999 -9999 -9999 -9999
-9999 -9999 9.48029 9.90228 10.1169 10.1537 10.5235 10.8897 11.1153 11.2825 11.2533 11.2442 11.2349 11.1115 10.8181 10.8783 10.8607 10.6929 9.66112 8.45568 8.99086 8.27779 6.73789 7.99538 8.68867 8.03428 6.56634 4.86329 4.30503 4.33235 3.49805 2.42372 -9999 -9999 -9999 3.38387 4.28093 4.36603 4.63616 5.47276 6.11118 6.5937 6.92532 6.92078 6.58762 6.03382 5.43121 5.65704 6.76384 7.03997 7.2719 7.45089 7.22366 7.35636 7.65808 7.81769 7.8561 7.79439 7.78578 7.81675 7.78848 7.43264 5.59733 4.55037 3.8847 2.5409 -9999 -9999 -9999 -9999 -9999 -9999
-9999 -9999 9.21475 9.58183 9.87942 10.3709 10.4249 10.7374 10.9212 11.1956 11.2302 10.9143 11.1838 11.1551 11.1116 11.0131 10.8661 9.99643 8.79512 7.59077 7.03843 7.27899 6.35838 6.83999 7.54244 7.2933 6.39493 4.87821 4.66885 4.31659 2.90788 1.55359 -9999 -9999 1.65092 3.36504 4.5744 5.2021 5.40208 5.42859 6.23099 6.30157 7.16489 6.9709 5.84831 5.98367 5.55118 5.8445 6.25771 6.37655 6.9638 7.52824 7.64186 7.65254 7.84763 7.89397 7.91154 7.9141 7.79449 7.85944 7.87507 7.65564 6.32859 5.68473 4.97538 2.56303 -9999 -9999 -9999 -9999 -9999 -9999
-9999 -9999 9.39901 9.80867 10.2569 10.3312 10.6638 10.6328 10.5384 11.0021 11.1725 10.9506 10.7927 11.098 11.0834 11.0502 10.9916 10.175 9.22893 7.7928 6.90303 6.35738 5.97403 5.45937 5.82282 5.71871 5.57717 5.75097 5.33727 4.50399 3.68232 2.13884 1.30759 -9999 1.74278 2.52025 3.95719 5.17976 5.95891 5.68978 6.60121 6.77709 7.30465 7.0071 6.32883 6.04382 6.02599 5.94428 6.56104 6.97827 7.27494 7.47638 7.72388 7.7933 7.86285 7.89642 7.91807 7.93963 7.94366 7.94574 7.92542 7.84695 7.24018 6.59816 5.2019 2.6451 -9999 -9999 -9999 -9999 -9999 -9999
-9999 8.21321 9.35287 10.038 10.3042 10.4966 10.6665 10.7901 10.9177 11.0402 11.1259 11.0935 10.4997 10.5541 10.6678 11.0144 10.9973 10.9304 10.4167 8.66784 8.06493 7.18419 6.04169 5.56726 5.81281 6.75979 6.72291 6.10435 5.41435 4.45522 3.84881 2.90506 1.08761 1.25793 2.08567 2.70368 3.68268 5.17543 6.22443 6.69716 6.88097 7.25378 7.45237 7.04301 6.65247 6.49326 6.19101 6.15581 6.16682 6.54294 6.83765 7.48411 7.70717 7.8125 7.87081 7.90577 7.93311 7.95984 7.97368 7.9683 7.97557 7.97699 7.93885 7.08111 4.92702 3.30525 -9999 -9999 -9999 -9999 -9999 -9999
-9999 -9999 9.14258 9.44452 9.52439 9.6632 9.94626 10.2726 10.7324 10.7944 11.0513 11.054 10.5423 9.9522 10.4775 10.6905 10.9116 10.9258 10.8664 9.39541 8.63022 8.02893 6.93371 7.33667 7.71969 7.75366 7.531 6.19891 4.87215 3.33836 1.9094 1.8463 1.07972 1.49397 2.04301 3.44246 4.42979 4.83492 5.12838 6.64626 7.04624 7.19044 7.58552 7.06723 6.94257 6.55534 6.6819 6.65609 6.66721 5.57891 6.68785 6.76166 7.48729 7.81817 7.89871 7.92674 7.95578 7.9667 7.97805 7.98165 7.99554 7.99158 7.98696 7.43192 4.69694 3.32701 -9999 -9999 -9999 -9999 -9999 -9999
-9999 -9999 -9999 -9999 9.24068 9.4709 9.61892 9.87457 10.6533 10.8658 11.0086 11.0245 10.7994 10.215 10.0662 10.1814 9.61358 10.1028 10.7679 10.7588 10.6859 9.395 8.73737 9.38596 9.19616 8.22601 7.46335 6.71051 5.15625 4.01661 2.37806 1.1491 1.10824 2.47646 3.614 5.03002 5.65917 5.31311 5.70455 6.46252 7.32276 7.74329 7.65499 7.10829 7.03939 6.4376 7.04683 7.10721 6.83702 6.60465 6.7092 7.07268 7.21661 7.78599 7.93003 7.96171 7.97387 7.98372 7.98852 7.99222 7.99258 7.99344 7.99226 7.97359 5.1621 2.9762 -9999 -9999 -9999 -9999 -9999 -9999
-9999 -9999 -9999 -9999 8.69968 8.84017 9.20823 10.1522 10.6446 10.8465 10.843 10.9393 10.782 10.2688 9.74266 9.24753 8.60713 8.98536 9.9732 10.5585 10.6312 9.50052 10.0986 9.88289 9.4516 8.18117 7.246 6.75232 5.26028 3.98053 2.89211 1.38749 2.03894 2.7562 3.67623 5.22031 6.26496 6.69902 6.34934 6.83713 7.82583 7.84015 7.31311 7.35703 7.03949 6.21391 7.09198 7.34559 7.15751 7.21758 7.15257 7.29338 7.54252 7.78103 7.94222 7.9708 7.98075 7.98323 7.99014 7.99779 7.99386 8.00152 8.00038 7.99277 6.18046 2.93613 -9999 -9999 -9999 -9999 -9999 -9999
-9999 -9999 -9999 -9999 -9999 8.20834 9.04697 10.2996 10.609 10.5833 10.845 10.8714 10.6274 10.4171 9.77703 8.90078 7.21124 7.65133 8.56127 9.8698 10.5607 10.4752 10.1009 9.44598 7.85253 6.45838 6.29338 6.06903 4.98139 3.99627 2.78561 3.49538 4.27265 5.12285 5.57283 5.46454 6.36071 7.09311 6.79363 7.39014 8.08487 7.78271 7.6078 7.46257 7.09425 7.08069 7.12933 7.63197 7.29966 7.51851 7.5323 7.52929 7.65488 7.79795 7.9476 7.97865 7.98655 7.99627 7.98702 7.99988 7.99873 7.99764 7.99721 7.99172 7.83398 6.08947 5.04984 -9999 -9999 -9999 -9999 -9999
-9999 -9999 -9999 -9999 -9999 7.43601 7.85488 9.33837 9.79489 10.4525 10.8036 10.8238 10.4086 10.1802 9.22296 8.91775 7.3555 6.6524 7.26327 7.03982 8.8385 10.4306 10.0918 6.89759 5.74412 4.92269 5.14008 5.14693 4.84759 3.16925 2.71132 4.22131 5.17436 5.91441 6.47768 6.60054 6.58879 7.73007 7.88872 8.26544 8.19412 8.23719 7.67408 7.32919 7.64748 7.3 7.24833 7.76729 7.2744 7.73751 7.69243 7.56493 7.56641 7.87391 7.94258 7.98232 7.99186 7.98745 7.97963 7.97806 7.99485 7.99741 7.98789 7.9958 7.98658 7.78486 6.8857 6.57609 6.93424 -9999 -9999 -9999
-9999 -9999 -9999 -9999 -9999 -9999 6.47355 8.53497 9.47497 9.97238 10.6722 10.7605 10.5408 10.1418 9.16713 8.31122 6.91541 5.32038 4.47891 7.02732 9.24602 10.4071 10.2617 7.60391 6.55833 6.51502 7.1394 6.62191 6.23052 4.95562 4.57942 4.05458 4.38725 5.41584 6.25856 7.07161 7.66506 7.72069 8.1092 8.3358 8.36242 8.43976 8.38157 8.33587 7.79266 8.18343 7.86907 8.0501 7.94866 7.85787 7.78047 7.4733 7.70506 7.91105 7.97004 7.99362 7.98897 7.99342 7.99226 7.98096 7.97945 7.98533 7.99065 7.98771 7.99474 7.99163 7.89725 7.35916 6.63632 5.72118 -9999 -9999
-9999 -9999 -9999 -9999 -9999 -9999 5.44552 7.49723 8.48407 9.75872 10.4142 10.6845 10.6552 10.3331 9.59402 8.47862 7.55092 5.76928 3.91903 6.59344 8.97608 10.265 10.3395 8.10687 8.73338 8.2374 8.44515 7.53205 7.15565 6.85614 6.20239 5.4871 4.70315 4.2931 6.17586 7.14619 7.92879 8.30207 8.51681 8.6284 8.5816 8.44905 7.62483 8.26916 8.24404 8.18996 8.12658 8.10058 8.04383 7.97524 7.93788 7.93023 7.72888 7.97502 7.97762 7.98811 7.99643 7.99737 7.99271 7.98958 7.98406 7.99154 7.98994 7.98904 7.99066 7.99456 7.99505 7.97226 7.83453 6.60316 5.86943 5.66902
-9999 -9999 -9999 -9999 -9999 -9999 2.56621 5.55064 7.94314 9.19867 10.2214 10.5064 10.6166 10.1823 9.85948 9.06183 8.30713 7.13899 5.3856 4.3088 6.31278 9.22235 10.2982 10.2206 10.1597 9.58546 9.06837 9.00775 9.05231 8.44612 7.56387 6.41171 6.05767 5.65797 7.062 7.25841 7.16351 8.70764 8.71908 8.63999 8.06062 7.41122 7.54513 7.14609 7.46672 6.98999 7.44552 7.84045 7.99345 7.99021 7.94721 7.94982 7.93474 7.98438 7.99104 7.99162 7.99369 7.99809 7.9995 7.98884 7.98597 7.99975 7.99495 7.99334 7.99045 7.99618 8.0001 7.9851 7.97205 7.78866 7.50932 6.97083
-9999 -9999 -9999 -9999 -9999 -9999 2.69135 5.19863 7.32969 8.60905 9.8406 10.1305 10.5502 10.4669 10.1284 9.4358 8.56903 7.60877 6.10538 4.9898 6.33233 8.26637 9.65297 10.1536 10.1536 10.1262 10.0007 9.9502 9.80298 9.69609 9.06639 7.9799 7.36782 6.46942 8.03342 8.21497 7.97845 8.76319 8.73195 7.56454 6.66907 6.56502 7.12512 6.60959 6.52577 6.20707 6.58484 7.58243 7.30321 7.36869 7.82505 7.907 7.963 7.98321 7.98741 7.99251 7.99209 8.00044 8.0088 7.99851 7.99772 8.0011 7.99148 7.99572 7.9914 7.98984 7.9874 7.98267 7.97142 7.9243 7.87325 7.94277
-9999 -9999 -9999 -9999 -9999 -9999 2.743 4.42928 6.34772 8.23009 9.54514 10.0789 10.4694 10.4714 10.0767 9.73572 9.19482 8.35067 7.77388 6.7673 5.38316 7.72202 8.44383 9.08804 9.36105 10.0321 10.0215 9.72209 9.36769 9.70206 9.61308 8.75328 8.4747 8.00029 8.87307 8.88187 8.86487 8.82576 7.84032 6.4679 5.37277 6.17516 6.01784 6.39105 5.2701 6.20923 6.9657 7.21688 6.71605 6.3473 7.52112 7.72347 7.84598 7.92707 7.98279 7.97843 7.99763 7.99808 8.00202 8.00565 8.0031 8.00453 8.0019 7.99904 7.99647 7.9962 7.99036 7.98309 7.98915 7.96508 7.96063 7.95783
-9999 -9999 -9999 -9999 -9999 -9999 -9999 3.43373 5.86324 8.03482 9.24626 10.0104 10.3857 10.385 10.1862 9.95657 9.62352 9.01617 8.25153 7.03932 6.1411 6.72205 7.42917 7.51394 7.98605 9.34365 9.81113 9.16224 7.54455 8.50754 9.57868 9.56738 9.48263 9.38728 9.26251 9.15204 8.9025 8.22253 6.12462 5.71933 4.90159 5.00385 4.58868 5.52278 5.18482 6.14417 6.56473 6.7287 5.85793 6.05197 7.09448 7.51111 7.45085 7.70927 7.95485 7.97019 7.98451 7.98579 7.99846 8.00792 8.01154 8.00989 8.00975 8.0117 7.99988 8.00889 7.93815 7.89472 7.79892 7.93376 7.95304 7.96839
-9999 -9999 -9999 -9999 -9999 -9999 -9999 2.94874 5.37549 7.93237 8.75693 9.58036 10.2921 10.3119 10.0047 9.71302 9.41253 9.0696 8.1406 7.23994 6.38031 6.09607 6.27699 6.26902 7.02921 8.79623 9.14305 9.00336 7.31603 6.75005 8.17921 9.38137 9.48183 9.37984 7.97905 8.28573 7.53364 6.51134 6.23566 5.79291 4.84864 5.31543 4.62623 4.93384 4.8618 5.41002 5.68162 6.3319 5.57399 5.58561 6.60955 7.12898 7.14956 7.6941 7.89315 7.95093 7.9712 7.98795 7.99803 8.01434 8.01735 8.01748 8.0151 7.99754 7.94449 7.76433 6.75302 6.76193 7.04896 7.3209 7.81083 7.95409
-9999 -9999 -9999 -9999 -9999 -9999 -9999 3.22774 4.91341 7.18295 8.86567 8.97668 9.79803 10.2251 9.89046 9.51308 9.12696 8.96191 7.95021 6.83824 5.94105 4.87779 5.06043 5.83485 7.09661 8.24023 8.44961 8.22038 7.31759 7.75179 8.72858 9.25027 9.4087 9.29568 8.99593 8.8258 8.2739 8.03903 7.27018 6.0639 5.59374 5.90484 4.62416 4.72263 5.20768 4.70913 5.55226 5.96004 4.97884 5.77529 6.68014 7.14659 7.5553 7.75285 7.83624 7.95996 7.9708 7.98836 8.00154 8.00777 8.01569 8.00489 7.99734 7.89717 7.74558 6.804 6.41563 6.5009 6.94737 7.33916 7.75136 7.92308
-9999 -9999 -9999 -9999 -9999 -9999 -9999 3.51279 5.03125 6.99998 8.20142 8.42111 9.33141 10.1417 10.0581 9.66521 9.5501 9.14283 8.28576 7.33841 6.30229 5.80192 4.643 5.79671 6.70989 7.67938 8.13616 7.39476 7.02745 7.69576 8.36024 8.62961 9.30081 9.30129 9.09165 8.16504 7.71703 7.91697 7.72904 7.39433 6.56657 6.53747 6.00882 5.79473 5.59301 4.91816 5.36168 5.41348 5.54216 6.49361 6.96847 7.28596 7.57537 7.65718 7.78742 7.95405 7.97589 7.98944 7.9966 8.00746 8.0037 7.96645 7.93629 7.72667 7.34946 6.63872 5.4815 6.31006 7.17605 7.44076 7.6995 7.83627
-9999 -9999 -9999 -9999 -9999 -9999 -9999 3.2533 4.8663 6.54987 7.25713 7.3821 9.02486 10.0332 10.0412 9.85836 9.64376 8.62804 8.69464 8.49678 7.56277 6.19922 4.70099 4.84854 5.7509 7.02887 7.45606 6.22854 5.80032 6.12687 7.12843 8.02574 8.96244 9.20555 8.9398 7.49352 5.95627 6.6802 7.45335 7.45695 7.24032 6.47329 6.23532 6.02073 5.46346 4.51351 4.66189 4.9364 6.01823 6.36517 6.89658 7.33923 7.18348 7.2873 7.71091 7.95732 7.97421 7.98635 8.00208 8.00447 7.99811 7.91603 7.82864 7.6766 6.68047 6.06395 5.16241 6.22708 6.81982 7.1421 7.70659 7.84669
-9999 -9999 -9999 -9999 -9999 -9999 -9999 2.75383 3.92605 5.53565 6.1879 7.22496 8.7778 9.54479 9.91581 9.91422 9.77337 9.32218 9.05355 8.5178 7.54591 6.21454 4.73381 3.77207 4.27064 5.98783 6.40175 5.26745 4.69704 5.42264 6.4897 8.06646 8.97037 9.09852 9.02455 8.73209 7.61179 6.25682 6.26915 6.96034 6.3965 5.73997 6.11361 6.05414 5.50396 5.10603 4.86543 5.03105 5.65005 5.91071 6.52338 7.4236 7.55953 7.54231 7.92589 7.95266 7.96937 7.99145 7.99888 8.00328 7.99983 7.93432 7.77784 7.1174 6.54244 5.73947 5.64688 6.59461 7.01475 7.40716 7.68785 7.78424
-9999 -9999 -9999 -9999 -9999 -9999 -9999 1.89505 3.27342 4.78177 6.1946 7.53171 8.68347 8.77832 9.3889 9.39463 9.71772 9.63361 9.21588 8.76572 7.92927 6.21715 4.77848 3.20884 3.63077 5.38238 5.61303 4.8594 3.46131 4.91885 6.52557 7.98246 8.77439 8.16617 8.80403 8.75955 8.34445 7.54091 6.28746 6.31912 5.38192 5.34881 5.8423 6.00802 5.93541 5.63877 5.15929 5.2538 5.63308 5.73581 6.29959 6.99987 7.68462 7.80648 7.94363 7.95723 7.96734 7.98582 7.99507 7.98882 7.96202 7.8931 7.34067 6.6822 6.2795 5.72235 5.66148 6.75309 7.19487 7.44513 7.6887 7.78931
-9999 -9999 -9999 -9999 -9999 -9999 -9999 -9999 3.13094 4.68917 5.84387 6.15938 7.18392 7.74012 8.17205 8.27288 9.4935 9.56702 9.30462 8.89168 8.17928 6.8817 5.97957 4.47429 3.39411 3.84825 4.0572 4.46338 4.35251 5.00641 6.55072 8.1594 8.34121 7.33089 7.48881 7.70905 8.19361 7.95912 6.24841 5.38312 4.66631 5.18905 5.73865 5.87783 5.91228 5.81607 5.70516 5.50676 6.2396 6.78403 6.91671 7.3924 7.74572 7.84926 7.92923 7.94622 7.96329 7.97142 7.95926 7.95255 7.87377 7.6875 7.06859 5.56931 5.64732 5.49195 5.03079 6.09885 6.77705 7.38293 7.70836 7.79789
-9999 -9999 -9999 -9999 -9999 -9999 -9999 -9999 2.61232 4.41441 4.80002 4.77817 4.18998 4.47018 6.68102 7.13147 8.3024 9.41151 9.3372 8.93224 8.26617 7.49604 6.30007 4.60637 3.26189 2.6959 4.15571 5.58905 5.89077 6.35355 7.3026 7.48868 6.45594 5.48799 6.04276 6.37989 7.64385 7.88069 7.64406 6.61642 5.44044 4.83039 5.56781 5.67337 5.72529 5.74218 5.73002 5.70803 6.53414 6.99458 7.31655 7.49567 7.80032 7.88449 7.91704 7.94807 7.95083 7.94357 7.90471 7.85935 7.63283 7.35692 6.33815 5.49003 4.964 4.29423 5.82835 6.28926 6.92585 7.33963 7.66343 7.74025
