Test_Spring_2018b/01_18/Temp/20180107_010.txt
ncols	170
nrows	115
xllcorner	350000.000000
yllcorner	4445000.000000
cellsize	1000.000000
nodata_value	-9999.000000
[rows 32 to 63 of 115, columns 72 to 143 of 170]
13.1357 12.8919 13.2571 13.5928 13.3656 13.2164 13.7673 13.7622 13.5662 13.1128 12.9436 12.7685 12.6595 12.0797 10.4607 9.00076 9.77614 9.78996 9.24578 10.2077 9.69146 8.3531 6.46584 7.4822 7.20963 5.85436 5.51352 -9999 -9999 -9999 -9999 -9999 -9999 -9999 -9999 -9999 -9999 -9999 -9999 -9999 -9999 -9999 -9999 -9999 -9999 -9999 -9999 -9999 -9999 -9999 -9999 -9999 -9999 -9999 -9999 -9999 -9999 -9999 -9999 -9999 -9999 -9999 -9999 -9999 -9999 -9999 -9999 -9999 -9999 -9999 -9999 -9999
12.8125 12.7053 13.2503 13.2342 13.1859 13.3669 13.7059 13.7702 13.6908 13.4904 13.3164 13.1317 12.6702 12.0075 10.6213 8.96006 8.57976 9.38593 9.41996 9.5452 9.07427 8.48386 7.56311 8.30624 8.59092 7.69864 6.53301 5.78167 -9999 -9999 -9999 -9999 -9999 -9999 -9999 -9999 -9999 -9999 -9999 -9999 -9999 -9999 -9999 -9999 -9999 -9999 -9999 -9999 -9999 -9999 -9999 -9999 -9999 -9999 -9999 -9999 -9999 -9999 -9999 -9999 -9999 -9999 -9999 -9999 -9999 -9999 -9999 -9999 -9999 -9999 -9999 -9999
12.4277 11.8902 12.2169 12.4609 12.901 13.0067 13.0707 13.7213 13.6818 13.6467 13.3622 13.1338 12.7585 12.1206 11.2141 10.1236 8.228 9.3894 10.2976 10.2692 10.2139 9.79864 8.91389 9.64324 9.67154 8.53074 7.23645 6.48021 6.16386 -9999 -9999 -9999 -9999 -9999 -9999 -9999 -9999 -9999 -9999 -9999 -9999 -9999 -9999 -9999 -9999 -9999 -9999 -9999 -9999 -9999 -9999 -9999 -9999 -9999 -9999 -9999 -9999 -9999 -9999 -9999 -9999 -9999 -9999 -9999 -9999 -9999 -9999 -9999 -9999 -9999 -9999 -9999
11.9907 11.3351 11.6638 12.1038 12.7191 13.0276 13.2639 13.455 13.6502 13.6219 13.3308 12.4801 12.3549 12.314 11.7196 10.477 9.23596 8.91098 10.2991 10.6927 10.6061 10.9116 10.1613 10.5071 10.3566 9.94721 8.70036 7.56904 7.10043 6.18057 -9999 -9999 -9999 -9999 -9999 -9999 -9999 -9999 -9999 -9999 -9999 -9999 -9999 -9999 -9999 -9999 -9999 -9999 -9999 -9999 -9999 -9999 -9999 -9999 -9999 -9999 -9999 -9999 -9999 -9999 -9999 -9999 -9999 -9999 -9999 -9999 -9999 -9999 -9999 -9999 -9999 -9999
-9999 -9999 10.918 11.5113 12.0049 12.6054 13.1235 13.384 13.637 13.6116 13.0344 12.7499 12.7211 12.3303 11.6449 11.2131 10.4301 9.6143 9.91935 11.1021 10.5684 11.4044 11.3273 11.4758 10.9069 9.82205 8.38406 7.5398 7.11989 6.37336 -9999 -9999 -9999 -9999 -9999 -9999 -9999 -9999 -9999 -9999 -9999 -9999 -9999 -9999 -9999 -9999 -9999 -9999 -9999 -9999 -9999 -9999 -9999 -9999 -9999 -9999 -9999 -9999 -9999 -9999 -9999 -9999 -9999 -9999 -9999 -9999 -9999 -9999 -9999 -9999 -9999 -9999
-9999 -9999 -9999 11.3974 11.7716 12.5868 12.9918 13.1591 13.5701 13.5664 13.345 13.1769 12.935 12.6203 12.1043 11.5353 10.7987 10.7264 11.4814 11.4858 11.3217 11.4407 11.8251 11.7159 10.8323 9.31774 8.51682 6.88156 6.18407 6.24892 5.7533 -9999 -9999 -9999 -9999 -9999 -9999 -9999 -9999 -9999 -9999 -9999 -9999 7.57097 -9999 -9999 -9999 -9999 -9999 -9999 -9999 -9999 -9999 -9999 -9999 -9999 -9999 -9999 -9999 -9999 -9999 -9999 -9999 -9999 4.51275 -9999 -9999 -9999 -9999 -9999 -9999 -9999
-9999 -9999 11.333 11.8296 12.2231 12.732 12.7694 13.0647 13.538 13.5404 13.3821 13.204 12.809 12.7081 12.4127 11.7954 11.6657 11.9098 12.0196 12.1443 12.2189 12.1483 11.984 11.7732 11.1934 10.4894 10.0146 8.52596 7.7674 7.04795 5.96252 5.11254 -9999 -9999 -9999 -9999 -9999 -9999 -9999 7.02373 6.97947 6.99431 7.22662 7.87571 7.48661 -9999 -9999 -9999 -9999 -9999 -9999 -9999 -9999 -9999 -9999 -9999 -9999 -9999 -9999 -9999 -9999 -9999 -9999 -9999 5.10232 4.2478 -9999 -9999 -9999 -9999 -9999 -9999
-9999 -9999 11.459 11.9925 12.2562 12.7501 13.0304 13.2003 13.3612 13.515 13.4841 13.2875 12.9908 12.9888 12.5816 12.3602 12.2008 12.5327 12.5945 12.4547 12.2801 12.1247 11.6953 11.6398 11.4838 11.0341 10.3005 9.54499 8.44447 6.97248 5.52925 4.36447 -9999 -9999 -9999 -9999 -9999 -9999 7.14793 7.68721 8.00855 7.31248 7.89898 8.43441 8.34312 7.80394 -9999 -9999 -9999 -9999 -9999 -9999 -9999 -9999 -9999 -9999 -9999 -9999 -9999 -9999 9.14866 8.27316 6.50828 5.60157 5.05582 4.27831 -9999 -9999 -9999 -9999 -9999 -9999
-9999 -9999 11.3492 11.9802 12.4057 12.7828 12.8385 13.221 13.3805 13.461 13.4467 13.4046 13.3468 12.9911 12.836 12.3002 12.8055 12.7821 12.6487 12.1336 11.907 11.0252 10.6334 10.5301 11.2591 10.7071 9.56275 8.13431 6.41399 6.29002 5.71934 4.67771 -9999 -9999 -9999 -9999 -9999 -9999 7.31435 7.89158 8.37253 8.43893 7.74678 8.70185 8.65046 8.1078 7.98027 8.41496 8.63267 8.45479 8.97171 9.12152 8.88048 9.13714 -9999 -9999 -9999 -9999 9.27571 9.30754 9.33054 8.96351 7.03574 5.71764 4.5334 4.41708 -9999 -9999 -9999 -9999 -9999 -9999
-9999 -9999 11.7871 12.1732 12.3656 12.3919 12.7296 13.0626 13.2629 13.4116 13.3765 13.3602 13.3433 13.2195 12.9364 12.9834 12.9571 12.7899 11.8144 10.676 11.1647 10.4858 9.0349 10.1927 10.8277 10.2028 8.81731 7.21224 6.67633 6.68568 5.89414 4.8779 -9999 -9999 -9999 5.7344 6.563 6.63229 6.87434 7.64571 8.23141 8.67111 8.96908 8.95001 8.62186 8.09067 7.51372 7.71134 8.73274 8.97768 9.17399 9.32935 9.10532 9.21711 9.48854 9.62742 9.65322 9.58559 9.56769 9.58683 9.55052 9.20785 7.48265 6.4935 5.86067 4.58864 -9999 -9999 -9999 -9999 -9999 -9999
-9999 -9999 11.5384 11.8733 12.1433 12.5925 12.6351 12.9195 13.0825 13.3291 13.354 13.051 13.2951 13.26 13.2107 13.1094 12.9621 12.1386 11.0044 9.86683 9.33844 9.55228 8.67884 9.11138 9.75477 9.5075 8.65253 7.22153 7.01322 6.67037 5.33838 4.06121 -9999 -9999 4.12151 5.71428 6.83508 7.41186 7.58845 7.60248 8.34151 8.39584 9.19089 8.99497 7.92887 8.04185 7.62294 7.88325 8.25344 8.35119 8.88255 9.39626 9.491 9.48994 9.66171 9.69476 9.7012 9.69379 9.57226 9.62331 9.62818 9.41313 8.16232 7.55008 6.87403 4.6058 -9999 -9999 -9999 -9999 -9999 -9999
-9999 -9999 11.7077 12.0825 12.4934 12.5549 12.8579 12.8195 12.7227 13.149 13.2988 13.084 12.9288 13.2062 13.184 13.1438 13.0792 12.3052 11.4095 10.0551 9.21092 8.68928 8.31784 7.81673 8.14282 8.03187 7.88611 8.03548 7.63463 6.84193 6.06197 4.60513 3.81751 -9999 4.20458 4.92184 6.25563 7.38878 8.10702 7.84472 8.6857 8.83842 9.31789 9.02672 8.37588 8.09271 8.06202 7.97163 8.53443 8.90962 9.1693 9.34532 9.56353 9.61737 9.67179 9.693 9.70337 9.71388 9.70811 9.70053 9.67191 9.58877 9.01147 8.39902 7.08292 4.67963 -9999 -9999 -9999 -9999 -9999 -9999
-9999 10.6059 11.6616 12.294 12.5348 12.7069 12.858 12.9659 13.0767 13.1827 13.2557 13.2165 12.6539 12.6969 12.7949 13.1098 13.0841 13.0109 12.5194 10.8723 10.2972 9.4588 8.37711 7.91559 8.13107 9.00248 8.95425 8.3625 7.70435 6.79393 6.21383 5.32026 3.60857 3.75793 4.52226 5.09064 5.99648 7.38243 8.35313 8.78453 8.94523 9.28094 9.45403 9.05527 8.67335 8.51019 8.21321 8.16594 8.16202 8.49972 8.75773 9.3482 9.54487 9.6311 9.67507 9.69766 9.71348 9.72898 9.73254 9.71813 9.71544 9.7071 9.66003 8.84766 6.82105 5.29196 -9999 -9999 -9999 -9999 -9999 -9999
-9999 -9999 11.4619 11.7362 11.8029 11.9249 12.1819 12.4795 12.9012 12.9518 13.1848 13.1793 12.6925 12.1331 12.6159 12.8061 13.003 13.0056 12.9388 11.5508 10.8224 10.2468 9.20906 9.5677 9.91137 9.92883 9.70663 8.44748 7.19376 5.74595 4.39789 4.3275 3.59923 3.97542 4.47935 5.77854 6.69236 7.06161 7.32603 8.7347 9.09685 9.21755 9.57384 9.07558 8.94207 8.56539 8.66901 8.63019 8.62605 7.59427 8.61353 8.66976 9.33605 9.633 9.69705 9.71324 9.73077 9.73162 9.733 9.72713 9.73075 9.71645 9.70068 9.17103 6.60294 5.30929 -9999 -9999 -9999 -9999 -9999 -9999
-9999 -9999 -9999 -9999 11.5347 11.7423 11.873 12.1046 12.8246 13.0162 13.1425 13.15 12.9319 12.377 12.2297 12.3284 11.7878 12.234 12.8446 12.8237 12.7425 11.5219 10.8895 11.4812 11.289 10.3674 9.64013 8.92237 7.45578 6.3764 4.8323 3.67184 3.62286 4.89192 5.94504 7.25988 7.83897 7.50601 7.86215 8.55899 9.35154 9.7322 9.63639 9.11138 9.02987 8.45233 9.00697 9.04847 8.78107 8.54933 8.62948 8.95641 9.07873 9.59951 9.72328 9.74204 9.74388 9.74385 9.73922 9.73355 9.7234 9.71415 9.70264 9.67444 7.03475 4.97816 -9999 -9999 -9999 -9999 -9999 -9999
-9999 -9999 -9999 -9999 11.0259 11.1496 11.4861 12.3612 12.8137 12.9953 12.9849 13.0676 12.913 12.4253 11.9248 11.453 10.8444 11.1873 12.0992 12.634 12.6888 11.6179 12.1595 11.9429 11.5249 10.3224 9.43361 8.95803 7.54952 6.33909 5.30929 3.89108 4.4894 5.14987 6.00043 7.43465 8.40231 8.79864 8.4615 8.90663 9.81927 9.82006 9.31396 9.34105 9.02697 8.24004 9.04586 9.26787 9.07708 9.11861 9.04021 9.15887 9.3795 9.5909 9.73071 9.74719 9.74667 9.73982 9.73723 9.7348 9.72145 9.71857 9.70709 9.6892 7.98367 4.93745 -9999 -9999 -9999 -9999 -9999 -9999
-9999 -9999 -9999 -9999 -9999 10.5558 11.3323 12.496 12.7773 12.7461 12.9836 13.001 12.7652 12.5607 11.9538 11.1256 9.5361 9.93682 10.7759 11.9869 12.6197 12.5259 12.1584 11.5312 10.0265 8.70828 8.53959 8.3158 7.28536 6.35038 5.20628 5.85844 6.5744 7.35918 7.77027 7.65976 8.48854 9.16387 8.87373 9.42051 10.0583 9.76316 9.58627 9.43647 9.07487 9.0471 9.07738 9.53217 9.20648 9.39642 9.3917 9.37587 9.48098 9.60314 9.73217 9.75096 9.74869 9.74857 9.73078 9.73343 9.72269 9.71163 9.70079 9.68486 9.52627 7.88232 6.89864 -9999 -9999 -9999 -9999 -9999
-9999 -9999 -9999 -9999 -9999 9.83058 10.2146 11.594 12.0127 12.6203 12.9413 12.9528 12.5569 12.3351 11.4319 11.1376 9.66726 8.99882 9.55835 9.33701 11.0056 12.4805 12.1461 9.14488 8.05164 7.26899 7.4579 7.45033 7.15698 5.57389 5.13359 6.53394 7.41423 8.096 8.61298 8.71833 8.69827 9.75601 9.89387 10.2351 10.1567 10.1844 9.64454 9.3081 9.5885 9.24859 9.18514 9.65527 9.17951 9.59789 9.53813 9.40596 9.39506 9.67098 9.7243 9.75122 9.75028 9.73699 9.72061 9.70956 9.71556 9.70788 9.68853 9.68513 9.66539 9.46391 8.61158 8.31044 8.63369 -9999 -9999 -9999
-9999 -9999 -9999 -9999 -9999 -9999 8.91977 10.8395 11.71 12.1677 12.8146 12.8896 12.6761 12.2951 11.3753 10.566 9.25126 7.74958 6.95032 9.3207 11.3822 12.4543 12.3008 9.80126 8.8091 8.75417 9.32376 8.82612 8.44681 7.24099 6.87716 6.37502 6.67526 7.62644 8.40409 9.15513 9.7008 9.74337 10.0967 10.2966 10.3098 10.3695 10.3019 10.2453 9.72032 10.0708 9.76194 9.91629 9.8067 9.70736 9.61742 9.31736 9.52183 9.7029 9.74718 9.75822 9.74441 9.73933 9.72909 9.7093 9.69746 9.69286 9.68736 9.67381 9.6693 9.65351 9.55368 9.03898 8.35161 7.48458 -9999 -9999
-9999 -9999 -9999 -9999 -9999 -9999 7.95525 9.8657 10.7798 11.964 12.5704 12.8137 12.7784 12.469 11.7695 10.7175 9.8404 8.16426 6.42333 8.91134 11.1248 12.3167 12.3727 10.2672 10.8387 10.3608 10.5411 9.67381 9.30871 9.01494 8.39169 7.71151 6.96721 6.57229 8.32315 9.22105 9.94341 10.2828 10.4736 10.5674 10.5114 10.3736 9.58984 10.1786 10.1382 10.073 9.99905 9.9601 9.89255 9.81422 9.76175 9.74188 9.54152 9.7593 9.7502 9.75009 9.74829 9.73982 9.72618 9.71391 9.69925 9.69542 9.68277 9.67113 9.6616 9.65239 9.64135 9.60854 9.46832 8.30572 7.60858 7.40734
-9999 -9999 -9999 -9999 -9999 -9999 5.2598 8.04213 10.2718 11.4377 12.3839 12.6425 12.7374 12.323 12.0124 11.2574 10.542 9.43951 7.78922 6.77093 8.63125 11.3389 12.3294 12.239 12.1681 11.6174 11.1203 11.0503 11.079 10.4986 9.66104 8.57251 8.22852 7.84486 9.14792 9.32203 9.22374 10.6577 10.6582 10.5736 10.0207 9.40018 9.51269 9.124 9.407 8.947 9.35855 9.71348 9.84236 9.82543 9.76773 9.75631 9.73039 9.76413 9.7599 9.75043 9.74267 9.73728 9.72917 9.70972 9.6974 9.70042 9.68425 9.67211 9.65738 9.64991 9.64219 9.61678 9.59326 9.41061 9.13842 8.62097
-9999 -9999 -9999 -9999 -9999 -9999 5.37524 7.71014 9.69445 10.8799 12.0233 12.2861 12.6702 12.5838 12.2584 11.6015 10.7813 9.87315 8.45668 7.40228 8.64567 10.4399 11.7235 12.1737 12.1581 12.119 11.9884 11.9275 11.7771 11.6635 11.063 10.0328 9.45 8.5999 10.0523 10.2123 9.98139 10.7051 10.6656 9.56336 8.71488 8.60581 9.11507 8.62002 8.52492 8.21082 8.55004 9.4688 9.19276 9.24033 9.64934 9.7137 9.75229 9.76022 9.75365 9.7483 9.73807 9.73622 9.73443 9.71518 9.70466 9.69786 9.67867 9.67015 9.65526 9.64094 9.62634 9.61067 9.58897 9.53385 9.47481 9.52555
-9999 -9999 -9999 -9999 -9999 -9999 5.42131 6.98722 8.77253 10.5212 11.7424 12.2331 12.5896 12.5827 12.2046 11.8763 11.3607 10.5612 10.0111 9.05876 7.75299 9.92774 10.588 11.1726 11.4146 12.0286 12.0054 11.7125 11.3656 11.6661 11.5673 10.7524 10.4813 10.0275 10.8334 10.8317 10.8058 10.759 9.82721 8.5332 7.49801 8.23649 8.07721 8.41089 7.34627 8.21008 8.90344 9.12438 8.64066 8.28258 9.36238 9.53683 9.63998 9.70483 9.74638 9.73207 9.74005 9.73066 9.72457 9.71818 9.70589 9.69716 9.68444 9.6713 9.65574 9.64266 9.62606 9.6079 9.60238 9.56793 9.55295 9.53591
-9999 -9999 -9999 -9999 -9999 -9999 -9999 6.05398 8.31347 10.3352 11.4593 12.1649 12.507 12.4974 12.3022 12.078 11.7567 11.1785 10.4529 9.30838 8.45706 8.98838 9.6347 9.69604 10.1245 11.3808 11.805 11.1856 9.6592 10.5426 11.5325 11.5107 11.4207 11.321 11.1935 11.08 10.8365 10.1904 8.2183 7.82877 7.05286 7.13672 6.73637 7.59405 7.26137 8.14489 8.52457 8.66435 7.83681 7.99946 8.95833 9.33597 9.26816 9.49872 9.71715 9.72117 9.72445 9.71568 9.7176 9.71651 9.70987 9.69847 9.688 9.67931 9.65466 9.65013 9.57289 9.52119 9.42059 9.53571 9.54294 9.53982
-9999 -9999 -9999 -9999 -9999 -9999 -9999 5.59328 7.85341 10.2352 10.9972 11.7582 12.4146 12.4239 12.1272 11.8448 11.5539 11.223 10.3437 9.49063 8.67557 8.39816 8.55541 8.52723 9.22535 10.8648 11.1765 11.0335 9.43667 8.89564 10.2203 11.3331 11.4162 11.3101 9.98994 10.2662 9.55261 8.58622 8.31769 7.8927 6.99847 7.4232 6.76676 7.04199 6.95462 7.45409 7.69484 8.28967 7.56799 7.56015 8.50152 8.97541 8.98326 9.48134 9.6567 9.70025 9.70893 9.71444 9.71379 9.71895 9.71161 9.70147 9.68885 9.66191 9.60165 9.41912 8.46052 8.45789 8.71535 8.95878 9.40131 9.5222
-9999 -9999 -9999 -9999 -9999 -9999 -9999 5.85042 7.41743 9.53032 11.0945 11.1892 11.9478 12.3377 12.0153 11.6527 11.2816 11.117 10.1605 9.10989 8.25985 7.25427 7.41335 8.12553 9.28388 10.3408 10.5243 10.2978 9.43418 9.82839 10.7302 11.2067 11.3439 11.2274 10.9365 10.7669 10.2402 10.0099 9.28018 8.14124 7.69029 7.9695 6.76016 6.84 7.28105 6.79436 7.56979 7.9382 7.00805 7.72986 8.56392 8.98838 9.35917 9.53282 9.60002 9.70514 9.70489 9.71104 9.71315 9.70877 9.70592 9.68551 9.66801 9.56383 9.41146 8.52039 8.14068 8.20956 8.6162 8.9718 9.33841 9.48883
-9999 -9999 -9999 -9999 -9999 -9999 -9999 6.1133 7.52375 9.35519 10.4692 10.6652 11.5069 12.2549 12.1671 11.7899 11.6721 11.281 10.4691 9.57254 8.59272 8.11358 7.01853 8.08555 8.91786 9.81224 10.2273 9.51418 9.15886 9.77203 10.3819 10.6225 11.239 11.2286 11.0218 10.1447 9.71506 9.89117 9.70449 9.3804 8.5951 8.55629 8.05016 7.83792 7.63703 6.98536 7.38744 7.42327 7.52646 8.39754 8.82969 9.11497 9.37426 9.4397 9.55065 9.69582 9.70576 9.70806 9.70444 9.70431 9.69046 9.64526 9.60661 9.4001 9.0368 8.36161 7.26281 8.02676 8.82573 9.05924 9.28541 9.40315
-9999 -9999 -9999 -9999 -9999 -9999 -9999 5.86714 7.36579 8.9304 9.58218 9.68949 11.2158 12.1489 12.1466 11.9656 11.7548 10.7948 10.8465 10.6508 9.76652 8.48047 7.0683 7.19475 8.02092 9.19985 9.5874 8.41956 8.0074 8.3011 9.2261 10.0538 10.9185 11.1348 10.8755 9.51243 8.06429 8.73023 9.44209 9.43427 9.22037 8.49165 8.25739 8.04479 7.51162 6.60723 6.72893 6.97319 7.96093 8.27338 8.7585 9.16085 9.00394 9.08995 9.47515 9.69485 9.70009 9.70099 9.70531 9.69718 9.68085 9.59371 9.50154 9.34887 8.40694 7.81987 6.96403 7.9447 8.48826 8.7699 9.28743 9.40828
-9999 -9999 -9999 -9999 -9999 -9999 -9999 5.39671 6.48305 7.97832 8.57848 9.53841 10.9805 11.6878 12.0248 12.0132 11.8714 11.4392 11.1775 10.6658 9.74623 8.49034 7.09465 6.18406 6.63871 8.22234 8.59102 7.51672 6.97168 7.63852 8.62476 10.0877 10.9217 11.0305 10.9504 10.666 9.60767 8.32985 8.33031 8.96536 8.42684 7.80148 8.13911 8.07163 7.54519 7.16097 6.91495 7.05253 7.6124 7.84426 8.4054 9.2356 9.3514 9.32421 9.67194 9.68623 9.69125 9.70138 9.69788 9.69159 9.67796 9.60629 9.44954 8.82154 8.27341 7.51206 7.41485 8.28376 8.66246 9.01305 9.26524 9.34518
-9999 -9999 -9999 -9999 -9999 -9999 -9999 4.59043 5.86932 7.26976 8.58088 9.82119 10.8882 10.9669 11.5278 11.523 11.8149 11.7259 11.3248 10.8932 10.1003 8.48848 7.13217 5.65328 6.03634 7.65657 7.84738 7.13097 5.81209 7.16328 8.65408 10.0049 10.7342 10.1545 10.7398 10.6873 10.2882 9.52596 8.34293 8.36134 7.47376 7.43131 7.88104 8.02415 7.94428 7.65483 7.19045 7.2564 7.59219 7.67642 8.19185 8.8351 9.464 9.56681 9.68409 9.68603 9.68482 9.69156 9.68973 9.67346 9.63799 9.56314 9.0362 8.41006 8.02302 7.49153 7.42399 8.4318 8.82618 9.04384 9.2613 9.34515
-9999 -9999 -9999 -9999 -9999 -9999 -9999 -9999 5.73266 7.17956 8.2492 8.53422 9.48215 9.99218 10.3859 10.4701 11.6011 11.6594 11.4035 11.0068 10.3299 9.10565 8.25102 6.83232 5.81097 6.21161 6.38851 6.75648 6.64112 7.2409 8.67333 10.1661 10.3249 9.36915 9.50579 9.70072 10.1428 9.91256 8.30202 7.48182 6.80031 7.27758 7.7798 7.89812 7.91836 7.81632 7.6915 7.48166 8.15488 8.65205 8.76439 9.1976 9.51658 9.60221 9.66598 9.67104 9.67631 9.67335 9.6515 9.6348 9.55076 9.36622 8.77714 7.3649 7.42733 7.2715 6.82972 7.81379 8.42484 8.98097 9.27492 9.34837
-9999 -9999 -9999 -9999 -9999 -9999 -9999 -9999 5.24438 6.91913 7.26956 7.23906 6.67906 6.93096 8.98791 9.39888 10.4834 11.51 11.43 11.0407 10.4071 9.67602 8.54664 6.95175 5.68326 5.13383 6.48151 7.80476 8.07512 8.49618 9.37202 9.53464 8.55784 7.64172 8.14939 8.45363 9.62444 9.8349 9.60261 8.63064 7.51984 6.93801 7.61583 7.70271 7.73926 7.74291 7.71364 7.67143 8.42586 8.84441 9.13364 9.28949 9.56289 9.63034 9.64972 9.66788 9.65976 9.6424 9.59561 9.5428 9.32067 9.05235 8.08946 7.28607 6.78377 6.14701 7.57075 7.98713 8.56449 8.93577 9.22814 9.28962
