Test_Spring_2018b/01_18/Temp/20180112_006.txt
ncols	170
nrows	115
xllcorner	350000.000000
yllcorner	4445000.000000
cellsize	1000.000000
nodata_value	-9999.000000
[rows 32 to 63 of 115, columns 72 to 143 of 170]
7.75323 7.46092 7.90852 8.32065 8.07733 7.91155 8.59251 8.5911 8.35769 7.81131 7.60974 7.40067 7.27171 6.57074 4.60766 2.83765 3.78243 3.80248 3.14509 4.31716 3.69437 2.0736 -0.213383 1.02639 0.701151 -0.912748 -1.31201 -9999 -9999 -9999 -9999 -9999 -9999 -9999 -9999 -9999 -9999 -9999 -9999 -9999 -9999 -9999 -9999 -9999 -9999 -9999 -9999 -9999 -9999 -9999 -9999 -9999 -9999 -9999 -9999 -9999 -9999 -9999 -9999 -9999 -9999 -9999 -9999 -9999 -9999 -9999 -9999 -9999 -9999 -9999 -9999 -9999
7.36271 7.23622 7.90225 7.88685 7.84857 8.09661 8.52 8.60272 8.51078 8.27155 8.06413 7.84348 7.2863 6.48471 4.80433 2.78997 2.33127 3.31364 3.35851 3.51442 2.94665 2.23414 1.12082 2.02858 2.37985 1.31554 -0.0725382 -0.966187 -9999 -9999 -9999 -9999 -9999 -9999 -9999 -9999 -9999 -9999 -9999 -9999 -9999 -9999 -9999 -9999 -9999 -9999 -9999 -9999 -9999 -9999 -9999 -9999 -9999 -9999 -9999 -9999 -9999 -9999 -9999 -9999 -9999 -9999 -9999 -9999 -9999 -9999 -9999 -9999 -9999 -9999 -9999 -9999
6.89709 6.24809 6.64893 6.94964 7.51525 7.66797 7.75049 8.5453 8.50165 8.46316 8.12147 7.84774 7.39527 6.6237 5.52599 4.20468 1.90569 3.31948 4.42603 4.3953 4.33227 3.83243 2.76275 3.65366 3.69344 2.33617 0.796045 -0.117031 -0.49609 -9999 -9999 -9999 -9999 -9999 -9999 -9999 -9999 -9999 -9999 -9999 -9999 -9999 -9999 -9999 -9999 -9999 -9999 -9999 -9999 -9999 -9999 -9999 -9999 -9999 -9999 -9999 -9999 -9999 -9999 -9999 -9999 -9999 -9999 -9999 -9999 -9999 -9999 -9999 -9999 -9999 -9999 -9999
6.3679 5.57558 5.97895 6.51778 7.28221 7.68175 7.98701 8.22377 8.46515 8.43488 8.08519 7.05559 6.90682 6.86024 6.14148 4.63542 3.13129 2.73988 4.42914 4.91097 4.80999 5.18546 4.27897 4.7041 4.5267 4.04569 2.56079 1.20612 0.642045 -0.470373 -9999 -9999 -9999 -9999 -9999 -9999 -9999 -9999 -9999 -9999 -9999 -9999 -9999 -9999 -9999 -9999 -9999 -9999 -9999 -9999 -9999 -9999 -9999 -9999 -9999 -9999 -9999 -9999 -9999 -9999 -9999 -9999 -9999 -9999 -9999 -9999 -9999 -9999 -9999 -9999 -9999 -9999
-9999 -9999 5.075 5.8125 6.42186 7.17062 7.81832 8.13943 8.45118 8.42443 7.72719 7.38511 7.35336 6.88171 6.05226 5.53076 4.58282 3.59527 3.96917 5.40938 4.76534 5.78506 5.69629 5.88183 5.19638 3.90622 2.17747 1.17146 0.666525 -0.235435 -9999 -9999 -9999 -9999 -9999 -9999 -9999 -9999 -9999 -9999 -9999 -9999 -9999 -9999 -9999 -9999 -9999 -9999 -9999 -9999 -9999 -9999 -9999 -9999 -9999 -9999 -9999 -9999 -9999 -9999 -9999 -9999 -9999 -9999 -9999 -9999 -9999 -9999 -9999 -9999 -9999 -9999
-9999 -9999 -9999 5.67606 6.14055 7.13623 7.66012 7.8682 8.37196 8.37162 8.10647 7.90568 7.61496 7.23571 6.61171 5.92342 5.03167 4.94691 5.86726 5.87624 5.68108 5.83025 6.30205 6.17478 5.11777 3.2949 2.32824 0.372973 -0.468962 -0.385492 -0.98314 -9999 -9999 -9999 -9999 -9999 -9999 -9999 -9999 -9999 -9999 -9999 -9999 1.26232 -9999 -9999 -9999 -9999 -9999 -9999 -9999 -9999 -9999 -9999 -9999 -9999 -9999 -9999 -9999 -9999 -9999 -9999 -9999 -9999 -2.37228 -9999 -9999 -9999 -9999 -9999 -9999 -9999
-9999 -9999 5.58225 6.2069 6.69094 7.31509 7.37933 7.75569 8.33524 8.34233 8.15383 7.9408 7.46397 7.34408 6.98781 6.24064 6.08578 6.38512 6.52167 6.67682 6.7715 6.69045 6.49615 6.24574 5.56767 4.7191 4.14888 2.35806 1.45518 0.58627 -0.727653 -1.75618 -9999 -9999 -9999 -9999 -9999 -9999 -9999 0.584897 0.533955 0.555111 0.840691 1.63275 1.16423 -9999 -9999 -9999 -9999 -9999 -9999 -9999 -9999 -9999 -9999 -9999 -9999 -9999 -9999 -9999 -9999 -9999 -9999 -9999 -1.65579 -2.69203 -9999 -9999 -9999 -9999 -9999 -9999
-9999 -9999 5.75169 6.4062 6.73312 7.33967 7.68661 7.92261 8.12295 8.31406 8.28017 8.04461 7.68699 7.68697 7.1946 6.92788 6.73667 7.14236 7.22053 7.05428 6.84647 6.66253 6.14653 6.08495 5.92115 5.38192 4.49796 3.58704 2.27896 0.496307 -1.25209 -2.66294 -9999 -9999 -9999 -9999 -9999 -9999 0.733443 1.39078 1.78381 0.941619 1.65748 2.3117 2.20514 1.56921 -9999 -9999 -9999 -9999 -9999 -9999 -9999 -9999 -9999 -9999 -9999 -9999 -9999 -9999 3.2537 2.19151 0.0493676 -1.05039 -1.71163 -2.65422 -9999 -9999 -9999 -9999 -9999 -9999
-9999 -9999 5.61927 6.3927 6.91686 7.38215 7.45683 7.93907 8.14903 8.25121 8.23753 8.18935 8.12171 7.69173 7.50526 6.85629 7.47195 7.44587 7.28679 6.66477 6.39387 5.32793 4.85773 4.75629 5.64909 4.98619 3.60396 1.87641 -0.194386 -0.330485 -1.01907 -2.28037 -9999 -9999 -9999 -9999 -9999 -9999 0.935936 1.6392 2.22599 2.30982 1.47293 2.63701 2.5925 1.93865 1.789 2.32205 2.59138 2.39077 3.02761 3.21222 2.92162 3.23496 -9999 -9999 -9999 -9999 3.40717 3.44649 3.47525 3.03054 0.690579 -0.908735 -2.3453 -2.48141 -9999 -9999 -9999 -9999 -9999 -9999
-9999 -9999 6.15184 6.62861 6.87024 6.91018 7.32809 7.75038 8.00908 8.19415 8.15504 8.13799 8.11964 7.97094 7.62846 7.68681 7.65643 7.45527 6.27311 4.89388 5.49142 4.67335 2.92428 4.34679 5.12609 4.37533 2.70089 0.759464 0.127132 0.152434 -0.804239 -2.03544 -9999 -9999 -9999 -0.987346 0.0201138 0.10549 0.400925 1.3396 2.05329 2.59204 2.95774 2.94594 2.55783 1.9184 1.22348 1.46915 2.71503 3.01754 3.27512 3.46663 3.19674 3.33249 3.66328 3.83271 3.86453 3.78274 3.76132 3.78495 3.74143 3.32604 1.23414 0.0343755 -0.732423 -2.27028 -9999 -9999 -9999 -9999 -9999 -9999
-9999 -9999 5.84879 6.26365 6.59999 7.15878 7.21861 7.57148 7.78503 8.09714 8.13084 7.7655 8.06379 8.02245 7.96348 7.84132 7.66363 6.66503 5.2899 3.91153 3.27389 3.54409 2.48972 3.03094 3.82062 3.53263 2.50447 0.774751 0.529404 0.129194 -1.47691 -3.02433 -9999 -9999 -2.94507 -1.00977 0.352168 1.0535 1.26911 1.28778 2.18755 2.25646 3.22565 2.99785 1.71333 1.8564 1.35741 1.67979 2.13473 2.25875 2.91735 3.54869 3.66602 3.66638 3.87607 3.91683 3.92495 3.91608 3.76859 3.83077 3.83708 3.57657 2.05849 1.31622 0.49908 -2.25156 -9999 -9999 -9999 -9999 -9999 -9999
-9999 -9999 6.0582 6.522 7.02991 7.11328 7.48985 7.45438 7.35225 7.87522 8.06725 7.8088 7.6218 7.95964 7.9331 7.88474 7.80703 6.86828 5.78253 4.14058 3.11949 2.4959 2.05157 1.4614 1.86617 1.74038 1.57231 1.7624 1.28798 0.341349 -0.600501 -2.3605 -3.31438 -9999 -2.84152 -1.96988 -0.34967 1.02696 1.90005 1.58286 2.60627 2.79462 3.38533 3.03665 2.25666 1.91955 1.88857 1.7851 2.47474 2.94008 3.26861 3.48592 3.75696 3.824 3.89111 3.91736 3.93006 3.94273 3.93559 3.92635 3.89179 3.79133 3.0911 2.35039 0.753845 -2.16074 -9999 -9999 -9999 -9999 -9999 -9999
-9999 4.70434 6.00327 6.78062 7.08259 7.301 7.49362 7.63328 7.78304 7.92062 8.01343 7.97295 7.29099 7.34374 7.46278 7.84523 7.81427 7.72629 7.13111 5.13372 4.44282 3.43321 2.1268 1.58215 1.85322 2.92115 2.87218 2.16288 1.37245 0.28261 -0.411903 -1.49269 -3.56477 -3.38182 -2.45283 -1.76235 -0.662264 1.021 2.20033 2.72534 2.92238 3.33642 3.55091 3.07287 2.61932 2.42775 2.07387 2.02329 2.0252 2.4417 2.76798 3.49286 3.73466 3.84379 3.89815 3.92594 3.94509 3.96359 3.96754 3.94977 3.94649 3.93671 3.88167 2.8965 0.437393 -1.41561 -9999 -9999 -9999 -9999 -9999 -9999
-9999 -9999 5.76215 6.10507 6.19617 6.35431 6.6761 7.04663 7.57395 7.64156 7.92927 7.92799 7.34088 6.66165 7.24771 7.47832 7.71738 7.72111 7.64148 5.96272 5.08331 4.39069 3.13796 3.58955 4.01685 4.04826 3.78861 2.26938 0.75621 -0.986221 -2.61693 -2.69721 -3.57538 -3.11442 -2.50193 -0.924215 0.185209 0.633362 0.954614 2.66622 3.1101 3.26099 3.69814 3.09837 2.94666 2.49618 2.62924 2.58939 2.59153 1.34531 2.59613 2.669 3.4819 3.84752 3.92803 3.94795 3.96902 3.96953 3.9706 3.96298 3.96715 3.95086 3.93291 3.29106 0.174032 -1.39302 -9999 -9999 -9999 -9999 -9999 -9999
-9999 -9999 -9999 -9999 5.87302 6.13546 6.3044 6.59511 7.48471 7.72365 7.88196 7.89468 7.63205 6.96071 6.78118 6.90041 6.2434 6.78641 7.53107 7.50935 7.41591 5.94018 5.18641 5.91477 5.69175 4.58315 3.71051 2.84923 1.078 -0.216934 -2.08544 -3.48937 -3.54483 -2.00095 -0.71886 0.877615 1.58024 1.17531 1.60769 2.45645 3.4213 3.88702 3.77517 3.14304 3.05459 2.36047 3.04162 3.09968 2.78249 2.50829 2.61864 3.02056 3.17307 3.80851 3.9608 3.98604 3.98793 3.98721 3.9808 3.97322 3.96118 3.95025 3.93709 3.90418 0.700191 -1.79342 -9999 -9999 -9999 -9999 -9999 -9999
-9999 -9999 -9999 -9999 5.25771 5.41855 5.83761 6.91011 7.47472 7.70176 7.69412 7.79814 7.61255 7.02111 6.4135 5.83956 5.10036 5.51762 6.62735 7.28046 7.3523 6.05837 6.73035 6.47733 5.98017 4.53069 3.46228 2.89542 1.195 -0.259048 -1.50275 -3.21956 -2.4888 -1.68402 -0.649712 1.09266 2.26704 2.74771 2.33867 2.88039 3.99097 3.9953 3.38516 3.42358 3.05273 2.10446 3.09089 3.36839 3.1445 3.20246 3.12031 3.26952 3.54161 3.80147 3.97334 3.9944 3.99426 3.98516 3.9811 3.97761 3.9611 3.95778 3.94455 3.92409 1.85456 -1.84094 -9999 -9999 -9999 -9999 -9999 -9999
-9999 -9999 -9999 -9999 -9999 4.70013 5.65352 7.07659 7.43331 7.40183 7.69531 7.71999 7.4359 7.18835 6.45123 5.44462 3.51399 4.00146 5.02268 6.49699 7.27066 7.16347 6.73133 5.97958 4.16278 2.57282 2.37897 2.11797 0.876801 -0.242693 -1.62513 -0.827454 0.04624 1.00204 1.50264 1.36859 2.37444 3.19401 2.84173 3.50681 4.28349 3.92837 3.71797 3.54152 3.11293 3.08667 3.13126 3.69156 3.30393 3.54224 3.54963 3.53563 3.66755 3.81914 3.978 4.00193 3.99933 3.99854 3.97603 3.97853 3.96509 3.95173 3.93919 3.92103 3.73014 1.7376 0.545697 -9999 -9999 -9999 -9999 -9999
-9999 -9999 -9999 -9999 -9999 3.82192 4.29843 5.98334 6.50699 7.25123 7.64607 7.66363 7.18499 6.91702 5.8201 5.46186 3.67559 2.86556 3.54725 3.28203 5.31358 7.11134 6.71941 3.08429 1.76702 0.827308 1.06758 1.06903 0.722915 -1.18369 -1.71141 -0.00508976 1.06822 1.89897 2.52824 2.65673 2.63166 3.91532 4.08359 4.49905 4.40582 4.44263 3.79135 3.3881 3.73912 3.33362 3.26427 3.84309 3.27313 3.78884 3.72943 3.57416 3.56524 3.90364 3.97062 4.0045 4.00367 3.9869 3.96588 3.95219 3.95905 3.94974 3.92678 3.92373 3.90139 3.66062 2.62817 2.26535 2.66097 -9999 -9999 -9999
-9999 -9999 -9999 -9999 -9999 -9999 2.72799 5.06865 6.14106 6.70307 7.49356 7.58822 7.33353 6.87114 5.75381 4.77043 3.17334 1.3497 0.383925 3.26622 5.77475 7.08311 6.91084 3.88469 2.68979 2.63349 3.33573 2.74165 2.29083 0.842382 0.407377 -0.196886 0.171961 1.33114 2.27706 3.18923 3.8514 3.90236 4.33091 4.57708 4.59504 4.67072 4.5927 4.52913 3.90189 4.33462 3.96693 4.16198 4.03649 3.92323 3.8272 3.46795 3.72056 3.94376 3.99982 4.01491 3.99831 3.99162 3.97818 3.95289 3.93974 3.93414 3.92795 3.9125 3.90853 3.89323 3.77454 3.15225 2.3204 1.27041 -9999 -9999
-9999 -9999 -9999 -9999 -9999 -9999 1.55836 3.88733 5.01263 6.45671 7.20025 7.50096 7.45958 7.08453 6.23497 4.95718 3.8919 1.85665 -0.256508 2.76988 5.46661 6.92014 6.99541 4.45415 5.15773 4.5872 4.81613 3.77258 3.33854 2.9977 2.24738 1.42676 0.528947 0.0526009 2.1801 3.2709 4.14794 4.55968 4.791 4.90494 4.84067 4.67915 3.73129 4.45118 4.41225 4.33977 4.25701 4.21693 4.14212 4.05403 4.0035 3.98437 3.7452 4.01361 4.00507 4.00607 4.0042 3.99357 3.97618 3.96019 3.94126 3.9381 3.925 3.91179 3.90162 3.89425 3.88324 3.84602 3.67852 2.26944 1.42558 1.18802
-9999 -9999 -9999 -9999 -9999 -9999 -1.71361 1.67366 4.39987 5.82118 6.97767 7.29439 7.41146 6.90907 6.53232 5.61561 4.7471 3.40884 1.40599 0.17161 2.43808 5.73146 6.94676 6.85259 6.77533 6.11573 5.52132 5.44545 5.48908 4.80007 3.79215 2.47504 2.06243 1.59881 3.18271 3.39478 3.27552 5.01687 5.01747 4.91504 4.24444 3.49676 3.63653 3.17359 3.52727 2.97483 3.48121 3.919 4.08228 4.06831 4.01141 4.00308 3.97559 4.02033 4.01726 4.00699 3.99804 3.99136 3.9809 3.95643 3.94056 3.94347 3.92685 3.91254 3.89891 3.89362 3.88645 3.85804 3.83208 3.61291 3.28498 2.66348
-9999 -9999 -9999 -9999 -9999 -9999 -1.56913 1.28358 3.69952 5.14866 6.54096 6.86295 7.33135 7.22772 6.8333 6.03617 5.04076 3.9389 2.22028 0.942194 2.45561 4.64398 6.20873 6.77119 6.76634 6.72738 6.57729 6.51462 6.34015 6.21842 5.49481 4.25054 3.54617 2.5162 4.28174 4.47698 4.19699 5.07619 5.02849 3.69044 2.66108 2.53038 3.15694 2.55954 2.45398 2.08327 2.50127 3.62329 3.29426 3.35836 3.8687 3.95137 4.00312 4.01558 4.00967 4.00449 3.99271 3.99055 3.98802 3.96404 3.95062 3.9418 3.91822 3.91242 3.89522 3.88154 3.86932 3.85254 3.82858 3.76408 3.69367 3.76265
-9999 -9999 -9999 -9999 -9999 -9999 -1.51475 0.406875 2.58073 4.71434 6.20109 6.79984 7.235 7.22815 6.77016 6.37253 5.74746 4.7778 4.11167 2.95766 1.3752 4.02059 4.83364 5.55921 5.86224 6.61631 6.59657 6.24917 5.85062 6.22174 6.11013 5.12467 4.79883 4.25019 5.23082 5.22993 5.19929 5.14314 4.01213 2.44147 1.18557 2.0843 1.89339 2.3085 1.02542 2.07854 2.92646 3.20093 2.62444 2.19535 3.5203 3.73796 3.86658 3.94806 4.00056 3.98459 3.99508 3.98396 3.97648 3.96839 3.95307 3.94216 3.92662 3.9109 3.89789 3.88578 3.86737 3.84538 3.84108 3.80546 3.78967 3.7764
-9999 -9999 -9999 -9999 -9999 -9999 -9999 -0.727531 2.02854 4.48846 5.85737 6.71753 7.13547 7.12571 6.89033 6.61946 6.23073 5.53034 4.65129 3.26413 2.23372 2.88326 3.68031 3.77098 4.29851 5.83182 6.35467 5.61004 3.7743 4.85739 6.06477 6.04279 5.93705 5.81889 5.6685 5.53218 5.23756 4.45385 2.05978 1.58581 0.644948 0.748726 0.265051 1.31742 0.923655 2.00159 2.46802 2.64335 1.64398 1.85654 3.02813 3.49075 3.41186 3.69474 3.96465 3.97098 3.9759 3.96573 3.96822 3.96684 3.95864 3.94247 3.92973 3.91945 3.8961 3.89468 3.80256 3.74173 3.62172 3.76386 3.775 3.78077
-9999 -9999 -9999 -9999 -9999 -9999 -9999 -1.27828 1.47147 4.36838 5.29762 6.22491 7.02471 7.0382 6.67987 6.33873 5.98724 5.58736 4.52196 3.4888 2.50241 2.16964 2.36539 2.35501 3.20943 5.20738 5.5929 5.42611 3.50953 2.85784 4.47145 5.82708 5.93145 5.8056 4.2046 4.54204 3.67687 2.50453 2.17969 1.66494 0.580607 1.09849 0.303822 0.641164 0.553601 1.16469 1.46189 2.18931 1.31795 1.32321 2.47347 3.05262 3.06534 3.67293 3.88807 3.94261 3.9543 3.96173 3.96132 3.96775 3.9589 3.94668 3.93157 3.8993 3.82687 3.6128 2.4533 2.4519 2.76655 3.06428 3.60999 3.76047
-9999 -9999 -9999 -9999 -9999 -9999 -9999 -0.963875 0.943808 3.51396 5.41727 5.53535 6.45949 6.93537 6.54599 6.10767 5.65913 5.46147 4.30237 3.02947 2.00058 0.783339 0.981065 1.85104 3.28323 4.57307 4.80225 4.53347 3.50761 3.99132 5.09099 5.67371 5.8437 5.70519 5.35432 5.15032 4.5125 4.23438 3.34969 1.96812 1.4223 1.76357 0.29743 0.397398 0.936494 0.365326 1.31143 1.76338 0.638326 1.53286 2.54939 3.06818 3.52142 3.73482 3.8185 3.94781 3.94873 3.95709 3.96024 3.95533 3.95219 3.92772 3.90691 3.78099 3.59681 2.51576 2.06639 2.1517 2.64735 3.08111 3.53691 3.721
-9999 -9999 -9999 -9999 -9999 -9999 -9999 -0.642381 1.0749 3.30305 4.65951 4.90075 5.92573 6.83673 6.73241 6.27654 6.13588 5.66333 4.67999 3.59416 2.40765 1.82962 0.504022 1.80463 2.84126 3.93318 4.44302 3.60102 3.17443 3.9237 4.6685 4.96449 5.71654 5.70675 5.45812 4.3951 3.87527 4.09095 3.86599 3.47422 2.52251 2.47763 1.86553 1.61068 1.37 0.598977 1.09126 1.13889 1.27256 2.34427 2.87236 3.22182 3.5394 3.6212 3.75792 3.93584 3.9492 3.95299 3.94937 3.94981 3.93353 3.87918 3.83287 3.58283 3.14259 2.32377 1.00163 1.93097 2.90296 3.19113 3.47372 3.618
-9999 -9999 -9999 -9999 -9999 -9999 -9999 -0.939005 0.88515 2.78909 3.5841 3.71754 5.57406 6.70989 6.70955 6.49219 6.23864 5.07532 5.14092 4.90623 3.83574 2.27765 0.566761 0.724821 1.74455 3.1914 3.66744 2.27326 1.77729 2.13827 3.2656 4.2744 5.32775 5.59334 5.28089 3.62775 1.87111 2.68181 3.54825 3.54073 3.28308 2.4004 2.11847 1.86313 1.21876 0.131345 0.292721 0.593125 1.81141 2.19403 2.78615 3.27753 3.08944 3.19607 3.66576 3.93416 3.94183 3.94401 3.95015 3.94106 3.92195 3.81685 3.70571 3.52121 2.37834 1.6666 0.632554 1.8325 2.49421 2.84752 3.47731 3.62527
-9999 -9999 -9999 -9999 -9999 -9999 -9999 -1.50795 -0.184713 1.63489 2.36712 3.536 5.29023 6.15187 6.56366 6.55216 6.38239 5.86014 5.54516 4.92688 3.81344 2.2919 0.600896 -0.500674 0.0560548 2.00616 2.46626 1.17841 0.520796 1.3347 2.53621 4.31634 5.3323 5.46723 5.37246 5.02943 3.74621 2.19638 2.19896 2.97229 2.32047 1.56336 1.97598 1.89684 1.26054 0.797176 0.519758 0.695259 1.38897 1.67345 2.35767 3.36843 3.51135 3.48036 3.90444 3.92334 3.93075 3.94419 3.94093 3.9342 3.91852 3.83237 3.64295 2.88132 2.21681 1.29349 1.17689 2.2454 2.71017 3.14399 3.45148 3.5497
-9999 -9999 -9999 -9999 -9999 -9999 -9999 -2.48473 -0.927768 0.776552 2.37214 3.88149 5.18012 5.27843 5.96215 5.95891 6.31593 6.21052 5.72627 5.20522 4.24561 2.29176 0.648504 -1.14336 -0.673722 1.31054 1.57726 0.711526 -0.886063 0.758798 2.57293 4.2168 5.10547 4.40414 5.11755 5.05604 4.57355 3.64988 2.21522 2.23972 1.16403 1.11488 1.66365 1.84024 1.74622 1.39784 0.84504 0.944019 1.36522 1.47022 2.09875 2.88229 3.6482 3.77496 3.91908 3.9229 3.92273 3.93208 3.93092 3.91217 3.87009 3.78021 3.14134 2.3821 1.91335 1.26927 1.18876 2.41851 2.91028 3.18252 3.44781 3.55076
-9999 -9999 -9999 -9999 -9999 -9999 -9999 -9999 -1.09137 0.66931 1.97155 2.32068 3.47467 4.0967 4.57745 4.68212 6.05823 6.13178 5.82391 5.34514 4.5264 3.04327 2.00926 0.29046 -0.945569 -0.434729 -0.192792 0.258333 0.122266 0.854476 2.59762 4.41372 4.60948 3.45145 3.61983 3.85883 4.39788 4.12034 2.16649 1.17256 0.347155 0.92922 1.54174 1.68823 1.71577 1.59494 1.46008 1.22904 2.04937 2.65577 2.79462 3.32294 3.71234 3.81811 3.89715 3.90469 3.91236 3.90992 3.88448 3.86527 3.76429 3.5413 2.8271 1.11329 1.19053 1.00279 0.467866 1.66897 2.43059 3.10728 3.4655 3.55581
-9999 -9999 -9999 -9999 -9999 -9999 -9999 -9999 -1.68191 0.355441 0.784171 0.750023 0.0726074 0.381072 2.88163 3.38318 4.70279 5.9522 5.85787 5.38816 4.62202 3.73783 2.37017 0.437431 -1.09871 -1.74158 -0.0896333 1.53305 1.86542 2.38054 3.44766 3.64831 2.46486 1.35484 1.97374 2.34542 3.76941 4.02706 3.74703 2.56876 1.22201 0.517837 1.34365 1.45197 1.49934 1.50689 1.4811 1.44925 2.37927 2.89012 3.24373 3.43512 3.76905 3.85264 3.87767 3.90104 3.89238 3.87243 3.8167 3.75367 3.48505 3.16042 1.99235 1.01809 0.409607 -0.362072 1.36874 1.88066 2.59306 3.05352 3.40987 3.4857
