Test_Spring_2018b/01_18/Temp/20180108_003.txt
ncols	170
nrows	115
xllcorner	350000.000000
yllcorner	4445000.000000
cellsize	1000.000000
nodata_value	-9999.000000
[rows 32 to 63 of 115, columns 71 to 141 of 170]
8.38935 8.35598 8.01262 8.51254 8.97208 8.68301 8.48788 9.25534 9.24433 8.96887 8.33669 8.09739 7.84948 7.69286 6.88436 4.63759 2.6109 3.67807 3.69153 2.93314 4.25976 3.54114 1.6854 -0.929372 0.475102 0.0962435 -1.73709 -2.19854 -9999 -9999 -9999 -9999 -9999 -9999 -9999 -9999 -9999 -9999 -9999 -9999 -9999 -9999 -9999 -9999 -9999 -9999 -9999 -9999 -9999 -9999 -9999 -9999 -9999 -9999 -9999 -9999 -9999 -9999 -9999 -9999 -9999 -9999 -9999 -9999 -9999 -9999 -9999 -9999 -9999 -9999 -9999
8.09564 7.90983 7.75533 8.50406 8.47631 8.42751 8.69698 9.17089 9.25571 9.14144 8.85926 8.61328 8.35219 7.70758 6.78442 4.85984 2.55468 2.02245 3.13255 3.17441 3.34296 2.68697 1.86619 0.588804 1.61478 2.00671 0.796126 -0.788861 -1.81069 -9999 -9999 -9999 -9999 -9999 -9999 -9999 -9999 -9999 -9999 -9999 -9999 -9999 -9999 -9999 -9999 -9999 -9999 -9999 -9999 -9999 -9999 -9999 -9999 -9999 -9999 -9999 -9999 -9999 -9999 -9999 -9999 -9999 -9999 -9999 -9999 -9999 -9999 -9999 -9999 -9999 -9999
7.65298 7.37787 6.62786 7.07432 7.40673 8.04873 8.20748 8.29208 9.18837 9.12911 9.07568 8.67667 8.35508 7.82978 6.94083 5.68023 4.16487 1.53542 3.13714 4.38885 4.34466 4.2638 3.6853 2.45757 3.46425 3.50109 1.95786 0.202592 -0.846138 -1.28639 -9999 -9999 -9999 -9999 -9999 -9999 -9999 -9999 -9999 -9999 -9999 -9999 -9999 -9999 -9999 -9999 -9999 -9999 -9999 -9999 -9999 -9999 -9999 -9999 -9999 -9999 -9999 -9999 -9999 -9999 -9999 -9999 -9999 -9999 -9999 -9999 -9999 -9999 -9999 -9999 -9999
7.03857 6.77325 5.85987 6.3092 6.91295 7.77703 8.22786 8.55968 8.82 9.08555 9.04146 8.63332 7.45032 7.27109 7.2083 6.37953 4.65359 2.92992 2.4744 4.39013 4.93 4.80585 5.22481 4.18298 4.6588 4.44808 3.8936 2.20684 0.658537 0.00732433 -1.26889 -9999 -9999 -9999 -9999 -9999 -9999 -9999 -9999 -9999 -9999 -9999 -9999 -9999 -9999 -9999 -9999 -9999 -9999 -9999 -9999 -9999 -9999 -9999 -9999 -9999 -9999 -9999 -9999 -9999 -9999 -9999 -9999 -9999 -9999 -9999 -9999 -9999 -9999 -9999 -9999
-9999 -9999 -9999 5.27728 6.11048 6.7957 7.6434 8.36546 8.7219 9.06762 9.02753 8.2233 7.82376 7.77783 7.2306 6.27563 5.67164 4.58176 3.44682 3.86353 5.49552 4.75247 5.90559 5.79561 5.99838 5.20866 3.73562 1.76688 0.615829 0.0319326 -1.00454 -9999 -9999 -9999 -9999 -9999 -9999 -9999 -9999 -9999 -9999 -9999 -9999 -9999 -9999 -9999 -9999 -9999 -9999 -9999 -9999 -9999 -9999 -9999 -9999 -9999 -9999 -9999 -9999 -9999 -9999 -9999 -9999 -9999 -9999 -9999 -9999 -9999 -9999 -9999 -9999
-9999 -9999 -9999 -9999 5.95308 6.47322 7.59786 8.18312 8.41077 8.9753 8.96529 8.65343 8.41486 8.07377 7.63175 6.91085 6.11671 5.0908 4.98463 6.02402 6.02497 5.79343 5.95447 6.48333 6.32963 5.11872 3.03625 1.92614 -0.297333 -1.26531 -1.17887 -1.8688 -9999 -9999 -9999 -9999 -9999 -9999 -9999 -9999 -9999 -9999 -9999 -9999 0.571594 -9999 -9999 -9999 -9999 -9999 -9999 -9999 -9999 -9999 -9999 -9999 -9999 -9999 -9999 -9999 -9999 -9999 -9999 -9999 -9999 -3.73061 -9999 -9999 -9999 -9999 -9999
-9999 -9999 -9999 5.85131 6.55677 7.09841 7.79972 7.86704 8.28048 8.93139 8.92982 8.70528 8.4527 7.89944 7.75291 7.33703 6.47571 6.28947 6.62096 6.76708 6.93458 7.03335 6.93204 6.70186 6.40788 5.632 4.65657 3.99833 1.95822 0.924249 -0.0746828 -1.58096 -2.76219 -9999 -9999 -9999 -9999 -9999 -9999 -9999 -0.169691 -0.236822 -0.221654 0.094964 0.98884 0.446211 -9999 -9999 -9999 -9999 -9999 -9999 -9999 -9999 -9999 -9999 -9999 -9999 -9999 -9999 -9999 -9999 -9999 -9999 -9999 -2.9229 -4.11066 -9999 -9999 -9999 -9999
-9999 -9999 -9999 6.04561 6.78164 7.14434 7.82567 8.21111 8.46861 8.68737 8.89549 8.8471 8.56878 8.15129 8.14128 7.57018 7.25628 7.02852 7.48114 7.56069 7.36189 7.11595 6.89743 6.3007 6.22201 6.03203 5.40926 4.39361 3.34718 1.85994 -0.180319 -2.18178 -3.79881 -9999 -9999 -9999 -9999 -9999 -9999 0.00444083 0.744215 1.18295 0.214184 1.02109 1.75784 1.62762 0.901351 -9999 -9999 -9999 -9999 -9999 -9999 -9999 -9999 -9999 -9999 -9999 -9999 -9999 -9999 2.69116 1.47324 -0.974976 -2.23498 -2.99508 -4.07574 -9999 -9999 -9999 -9999
-9999 -9999 -9999 5.8922 6.76389 7.3515 7.87196 7.94721 8.48129 8.71499 8.82176 8.79634 8.73149 8.64435 8.14425 7.92162 7.172 7.86366 7.82414 7.63327 6.91507 6.59724 5.37366 4.82921 4.70991 5.7192 4.95567 3.37237 1.39546 -0.969929 -1.12551 -1.91926 -3.36596 -9999 -9999 -9999 -9999 -9999 -9999 0.230964 1.02297 1.68243 1.76891 0.806263 2.12401 2.07117 1.31737 1.13796 1.73628 2.03375 1.79925 2.52469 2.72429 2.38208 2.72801 -9999 -9999 -9999 -9999 2.87278 2.90907 2.93401 2.42001 -0.253305 -2.08221 -3.72544 -3.88452 -9999 -9999 -9999 -9999
-9999 -9999 -9999 6.49648 7.03029 7.29608 7.33193 7.7984 8.26452 8.55342 8.75455 8.70008 8.67059 8.6395 8.4598 8.05926 8.11555 8.07084 7.83168 6.47481 4.89361 5.5654 4.62478 2.62532 4.24026 5.12041 4.25696 2.34087 0.120412 -0.605665 -0.578004 -1.6773 -3.09072 -9999 -9999 -9999 -1.93598 -0.797955 -0.710636 -0.383782 0.676295 1.48019 2.08623 2.49404 2.47467 2.0269 1.28956 0.488753 0.75952 2.16976 2.50453 2.80029 3.00733 2.68826 2.82798 3.19359 3.37555 3.40113 3.29781 3.26397 3.28221 3.22465 2.74397 0.357412 -1.01576 -1.89528 -3.65228 -9999 -9999 -9999 -9999
-9999 -9999 -9999 6.15474 6.61828 6.99209 7.61307 7.67153 8.06379 8.29298 8.6419 8.67033 8.24385 8.5735 8.51602 8.43843 8.28888 8.07617 6.92817 5.35134 3.7711 3.03532 3.33621 2.12629 2.73684 3.6289 3.29409 2.11445 0.135355 -0.152316 -0.614445 -2.44745 -4.22034 -9999 -9999 -4.15997 -1.96477 -0.422946 0.366149 0.601905 0.613439 1.62929 1.69852 2.79388 2.52766 1.05808 1.2124 0.636927 0.995088 1.50027 1.63156 2.37442 3.09085 3.21291 3.20151 3.42872 3.46368 3.46192 3.44147 3.26382 3.32598 3.3253 3.02131 1.28483 0.432939 -0.503083 -3.64317 -9999 -9999 -9999 -9999
-9999 -9999 -9999 6.39068 6.91015 7.47961 7.56494 7.98409 7.92826 7.79804 8.38446 8.59571 8.29096 8.06746 8.44196 8.40118 8.3356 8.23672 7.15683 5.90972 4.02911 2.85637 2.13852 1.62395 0.945432 1.39895 1.24791 1.04869 1.25758 0.710328 -0.374465 -1.45646 -3.46635 -4.56323 -9999 -4.04481 -3.06191 -1.22593 0.332592 1.31746 0.946132 2.10281 2.30809 2.97402 2.5678 1.67311 1.27722 1.2328 1.10551 1.88176 2.40379 2.77011 3.00655 3.3105 3.37473 3.43908 3.45715 3.46032 3.46417 3.44634 3.42706 3.37987 3.25845 2.45424 1.60488 -0.219674 -3.54602 -9999 -9999 -9999 -9999
-9999 -9999 4.85199 6.32548 7.2025 7.53742 7.77674 7.98629 8.13514 8.29188 8.43444 8.53041 8.47579 7.68812 7.73761 7.86261 8.28785 8.24214 8.13171 7.44359 5.1579 4.36261 3.20395 1.70703 1.08019 1.38154 2.59108 2.5278 1.71195 0.803508 -0.444486 -1.24317 -2.48376 -4.851 -4.65274 -3.6045 -2.82819 -1.58509 0.322718 1.65645 2.24478 2.45964 2.92349 3.15893 2.60293 2.07984 1.85258 1.44018 1.37317 1.36567 1.83028 2.1938 3.01016 3.27409 3.39152 3.44102 3.46054 3.47078 3.48107 3.47574 3.44669 3.43519 3.41721 3.34857 2.22061 -0.592995 -2.70982 -9999 -9999 -9999 -9999
-9999 -9999 -9999 6.04822 6.43038 6.52513 6.69583 7.05259 7.46451 8.05166 8.11833 8.43558 8.42115 7.74266 6.95789 7.61499 7.86708 8.12899 8.12299 8.02235 6.1008 5.08982 4.29213 2.8565 3.36506 3.84463 3.87313 3.56995 1.8313 0.099418 -1.8922 -3.75882 -3.85897 -4.86805 -4.35037 -3.66292 -1.87563 -0.622012 -0.121858 0.233892 2.17436 2.67137 2.8326 3.32134 2.62855 2.44931 1.92699 2.06952 2.01475 2.00751 0.577295 1.99423 2.06615 2.98109 3.38686 3.46976 3.48008 3.49229 3.4819 3.47316 3.45561 3.45259 3.42719 3.39697 2.65932 -0.898575 -2.68927 -9999 -9999 -9999 -9999
-9999 -9999 -9999 -9999 -9999 6.15487 6.44448 6.62704 6.94794 7.94802 8.20984 8.37952 8.38308 8.07273 7.29634 7.08088 7.20596 6.44664 7.05528 7.89445 7.86046 7.7452 6.05513 5.18965 6.01224 5.75083 4.48031 3.47873 2.49003 0.46421 -1.01737 -3.15487 -4.76334 -4.83554 -3.0856 -1.63326 0.175325 0.965269 0.493151 0.975436 1.93241 3.02197 3.54298 3.40599 2.67625 2.56897 1.76898 2.5361 2.59292 2.22178 1.89931 2.01647 2.46337 2.62573 3.33823 3.50007 3.5189 3.50912 3.4972 3.47982 3.46222 3.43887 3.41878 3.3969 3.35316 -0.303839 -3.15033 -9999 -9999 -9999 -9999
-9999 -9999 -9999 -9999 -9999 5.45184 5.62566 6.09323 7.30499 7.93473 8.1829 8.16335 8.27086 8.04822 7.36308 6.65954 5.99465 5.14172 5.60706 6.86198 7.59701 7.67012 6.18725 6.94656 6.65084 6.07708 4.41818 3.19358 2.54049 0.595479 -1.06739 -2.49278 -4.45773 -3.6339 -2.72619 -1.5574 0.418116 1.74561 2.28255 1.80594 2.41294 3.66847 3.66357 2.95862 2.99293 2.56372 1.47407 2.58905 2.89594 2.63116 2.68725 2.585 2.74398 3.04268 3.32722 3.5114 3.5238 3.51266 3.49112 3.47633 3.46253 3.43506 3.42346 3.40135 3.37164 1.00737 -3.2088 -9999 -9999 -9999 -9999
-9999 -9999 -9999 -9999 -9999 -9999 4.80529 5.88172 7.49291 7.88569 7.83916 8.16269 8.17971 7.84476 7.55146 6.70037 5.54238 3.33165 3.87697 5.03102 6.70187 7.57477 7.4443 6.94534 6.08127 4.00365 2.18468 1.95674 1.65223 0.230603 -1.05098 -2.63443 -1.73385 -0.74709 0.33274 0.893345 0.73025 1.8658 2.789 2.37692 3.12443 3.99933 3.58468 3.33515 3.12448 2.62938 2.59037 2.63199 3.26114 2.80978 3.07144 3.07128 3.04438 3.18345 3.34473 3.51419 3.52992 3.51561 3.50372 3.46767 3.46087 3.43672 3.41347 3.39189 3.36456 3.14096 0.865367 -0.498283 -9999 -9999 -9999
-9999 -9999 -9999 -9999 -9999 -9999 3.80301 4.33591 6.24541 6.8283 7.6657 8.10468 8.11354 7.55685 7.24034 5.97926 5.56014 3.51403 2.58055 3.34765 3.03613 5.34246 7.38281 6.92965 2.77961 1.2712 0.193172 0.459898 0.454433 0.0527676 -2.12582 -2.73525 -0.799165 0.415082 1.35244 2.05969 2.1958 2.15652 3.60834 3.78993 4.2529 4.13637 4.16824 3.41615 2.94689 3.34015 2.86888 2.7806 3.43082 2.77169 3.34952 3.27334 3.08557 3.06431 3.43863 3.50355 3.53075 3.51828 3.48833 3.45366 3.42884 3.42762 3.40872 3.37497 3.36454 3.3327 3.05319 1.87102 1.45221 1.89787 -9999
-9999 -9999 -9999 -9999 -9999 -9999 -9999 2.54486 5.20158 6.40966 7.03932 7.92914 8.02584 7.72494 7.18664 5.90218 4.7707 2.94021 0.85196 -0.258953 3.01639 5.86623 7.34877 7.14588 3.68969 2.3206 2.24917 3.04222 2.35797 1.83688 0.180369 -0.323455 -1.02055 -0.609115 0.702978 1.77059 2.79983 3.54378 3.59086 4.068 4.33958 4.34967 4.42572 4.32681 4.2445 3.52292 4.00677 3.57841 3.79125 3.63864 3.49975 3.38196 2.96189 3.23886 3.48211 3.53477 3.53965 3.50997 3.49158 3.46555 3.42618 3.40384 3.38889 3.3739 3.34896 3.33767 3.31479 3.17362 2.45884 1.50547 0.303647
-9999 -9999 -9999 -9999 -9999 -9999 -9999 1.21079 3.8541 5.12223 6.75705 7.59424 7.92586 7.86728 7.42856 6.44932 4.98237 3.75796 1.42858 -0.989188 2.44777 5.51346 7.16134 7.23889 4.33668 5.13091 4.47328 4.72678 3.53013 3.02799 2.63364 1.77038 0.826653 -0.204656 -0.757804 1.65688 2.88973 3.87859 4.33688 4.58932 4.70786 4.62413 4.43287 3.34257 4.15297 4.10182 4.00981 3.90606 3.85088 3.75601 3.64584 3.58007 3.54775 3.26448 3.55919 3.53644 3.52704 3.51428 3.49147 3.46098 3.43219 3.40024 3.38732 3.36828 3.3455 3.32671 3.31251 3.29364 3.24525 3.04865 1.43734
-9999 -9999 -9999 -9999 -9999 -9999 -9999 -2.51889 1.33037 4.42406 6.03269 7.33978 7.68934 7.81139 7.22764 6.78728 5.73187 4.73172 3.19661 0.904508 -0.511495 2.05873 5.80288 7.18166 7.06802 6.97219 6.21284 5.52782 5.43372 5.47574 4.68452 3.52876 2.01899 1.53847 1.00071 2.79591 3.02741 2.88095 4.85453 4.84414 4.71618 3.94067 3.07859 3.22686 2.69427 3.09059 2.45148 3.019 3.50833 3.68476 3.65906 3.58621 3.56586 3.52407 3.5611 3.54734 3.52523 3.50451 3.48629 3.46374 3.42527 3.39675 3.3899 3.36223 3.33674 3.32042 3.30822 3.29329 3.25449 3.2188 2.96315
-9999 -9999 -9999 -9999 -9999 -9999 -9999 -2.35306 0.882661 3.62496 5.26578 6.84116 7.19678 7.71929 7.59003 7.1296 6.21051 5.06575 3.80001 1.83175 0.365825 2.08139 4.56191 6.33634 6.97092 6.9598 6.90748 6.72856 6.65051 6.44375 6.29896 5.46576 4.03743 3.22559 2.04239 4.04458 4.25692 3.92735 4.91851 4.85317 3.3172 2.13296 1.97285 2.67729 1.98566 1.85853 1.43254 1.89924 3.16823 2.7827 2.84608 3.41994 3.50398 3.54809 3.55223 3.53531 3.5191 3.49525 3.48224 3.46878 3.43088 3.40511 3.38481 3.34798 3.33319 3.30467 3.28225 3.26948 3.24347 3.20959 3.12978
-9999 -9999 -9999 -9999 -9999 -9999 -9999 -2.29081 -0.117124 2.34922 4.77005 6.45309 7.12415 7.60884 7.58994 7.05711 6.5933 5.87058 4.75545 3.98652 2.66186 0.849211 3.85485 4.76744 5.58781 5.92574 6.77706 6.7466 6.34277 5.88502 6.29946 6.16181 5.02981 4.64925 4.0145 5.12219 5.11103 5.06568 4.991 3.69121 1.89027 0.447963 1.46107 1.2325 1.6964 0.227583 1.41619 2.37258 2.67564 2.01606 1.51735 3.01967 3.25204 3.38865 3.47146 3.52115 3.49269 3.49427 3.47111 3.45203 3.43225 3.40429 3.38152 3.35373 3.32607 3.30356 3.28274 3.25369 3.21489 3.20321 3.16588
-9999 -9999 -9999 -9999 -9999 -9999 -9999 -9999 -1.40975 1.72047 4.51255 6.06127 7.03021 7.49528 7.47308 7.19396 6.87461 6.42121 5.6129 4.60127 3.01085 1.82724 2.5583 3.45181 3.54873 4.14149 5.88055 6.46817 5.61138 3.51356 4.73747 6.10464 6.07063 5.94093 5.79679 5.61689 5.45141 5.10527 4.20153 1.46246 0.910071 -0.173214 -0.066038 -0.628265 0.561936 0.107017 1.32528 1.84683 2.03681 0.888251 1.12317 2.4423 2.95986 2.86034 3.17303 3.47601 3.47297 3.46822 3.44617 3.43847 3.42633 3.40647 3.37213 3.34709 3.32515 3.29022 3.28166 3.16821 3.091 2.94693 3.10211
-9999 -9999 -9999 -9999 -9999 -9999 -9999 -9999 -2.03709 1.08532 4.37534 5.42298 6.46842 7.36867 7.37298 6.95374 6.5543 6.14328 5.67736 4.45324 3.26608 2.13244 1.74385 1.95773 1.933 2.89807 5.16639 5.59725 5.39872 3.2067 2.4552 4.28509 5.82082 5.93041 5.7774 3.94307 4.31751 3.32121 1.97465 1.5937 0.996208 -0.250469 0.328713 -0.587835 -0.214262 -0.318029 0.368147 0.69677 1.51581 0.512998 0.511588 1.80572 2.45589 2.46058 3.14315 3.3784 3.43048 3.43356 3.4316 3.42055 3.41717 3.39634 3.37171 3.34394 3.29686 3.20437 2.95245 1.62476 1.61483 1.96556 2.29746
-9999 -9999 -9999 -9999 -9999 -9999 -9999 -9999 -1.67884 0.483809 3.40137 5.55899 5.68224 6.72416 7.25538 6.80073 6.29049 5.76881 5.53323 4.20221 2.7417 1.55945 0.16271 0.378617 1.36074 2.97979 4.44094 4.6934 4.37841 3.20116 3.74333 4.98734 5.64209 5.82631 5.65876 5.24901 5.0064 4.2692 3.94173 2.92285 1.33761 0.704719 1.08271 -0.598981 -0.495883 0.107744 -0.546363 0.521656 1.02665 -0.265392 0.739185 1.88753 2.46872 2.97523 3.2084 3.29367 3.43083 3.42156 3.42061 3.41361 3.39731 3.383 3.34441 3.31011 3.15623 2.93623 1.69452 1.17748 1.26594 1.82242 2.30873
-9999 -9999 -9999 -9999 -9999 -9999 -9999 -9999 -1.3124 0.633091 3.16078 4.69512 4.95865 6.11543 7.14246 7.0126 6.4823 6.31139 5.76244 4.63159 3.38411 2.02206 1.35358 -0.16668 1.30598 2.47366 3.70906 4.28117 3.31345 2.81813 3.66274 4.50215 4.82997 5.67737 5.65641 5.36308 4.1415 3.53876 3.77405 3.50705 3.04985 1.95446 1.89247 1.18408 0.882857 0.597837 -0.283817 0.266935 0.311047 0.44633 1.65918 2.25069 2.63869 2.9904 3.0734 3.21895 3.41137 3.41615 3.40993 3.39515 3.38494 3.35564 3.28298 3.21957 2.92414 2.41217 1.46905 -0.0427512 1.00713 2.10594 2.4164
-9999 -9999 -9999 -9999 -9999 -9999 -9999 -9999 -1.6503 0.416773 2.57482 3.4692 3.60976 5.71407 6.99724 6.9858 6.72721 6.42755 5.0913 5.15568 4.87803 3.64805 1.86253 -0.096983 0.0734496 1.22809 2.86105 3.39445 1.79722 1.22265 1.62459 2.89977 4.03975 5.23038 5.52313 5.15701 3.26289 1.25066 2.16404 3.14083 3.12156 2.81716 1.80046 1.46835 1.16657 0.421481 -0.822823 -0.647052 -0.314997 1.05767 1.48312 2.1474 2.69692 2.47213 2.58322 3.10802 3.40339 3.40158 3.39341 3.3897 3.36858 3.33602 3.20548 3.06813 2.84728 1.53442 0.71308 -0.471882 0.887226 1.63195 2.01545
-9999 -9999 -9999 -9999 -9999 -9999 -9999 -9999 -2.29853 -0.802563 1.25916 2.08182 3.40222 5.38985 6.36044 6.81855 6.79446 6.59017 5.98437 5.61494 4.90003 3.62097 1.87698 -0.06003 -1.32522 -0.700545 1.50761 2.02106 0.546426 -0.212508 0.705434 2.065 4.08386 5.23176 5.37551 5.25738 4.8562 3.38345 1.60678 1.59912 2.46972 1.71616 0.842577 1.30198 1.20098 0.465045 -0.0737749 -0.392427 -0.210033 0.571489 0.884917 1.65392 2.79511 2.94732 2.90135 3.37399 3.38484 3.38257 3.38714 3.37264 3.35414 3.32544 3.21644 2.98979 2.11112 1.34323 0.280514 0.137275 1.34971 1.86031 2.34374
-9999 -9999 -9999 -9999 -9999 -9999 -9999 -9999 -3.41161 -1.64958 0.280511 2.08684 3.79506 5.26334 5.36391 6.13179 6.117 6.51295 6.38208 5.81964 5.21543 4.11158 1.87482 -0.00788126 -2.05985 -1.53454 0.719097 1.00747 0.0112844 -1.81896 0.0458069 2.10339 3.96686 4.9696 4.16026 4.96305 4.88263 4.32237 3.25923 1.6137 1.63093 0.394335 0.327531 0.942083 1.13248 1.01448 0.606608 -0.0280802 0.0689319 0.539582 0.648266 1.35359 2.23561 3.09755 3.23113 3.38451 3.378 3.36695 3.36672 3.35452 3.32225 3.2634 3.15007 2.41114 1.53507 0.990073 0.245333 0.142893 1.53793 2.07955 2.37792
-9999 -9999 -9999 -9999 -9999 -9999 -9999 -9999 -9999 -1.83643 0.157593 1.62938 2.0152 3.31847 4.01571 4.55217 4.66025 6.21746 6.29045 5.92895 5.37284 4.42945 2.72905 1.54057 -0.428218 -1.84678 -1.27418 -1.01263 -0.508216 -0.673013 0.151603 2.12819 4.18784 4.40084 3.07097 3.25257 3.51456 4.11839 3.79157 1.55434 0.410964 -0.540421 0.112089 0.799262 0.955303 0.975759 0.827112 0.661974 0.390705 1.31436 1.99422 2.14129 2.73222 3.16485 3.27429 3.35329 3.35084 3.34856 3.33478 3.29479 3.26194 3.13589 2.87081 2.04593 0.0819 0.158925 -0.0660275 -0.686651 0.662701 1.52243 2.2824
-9999 -9999 -9999 -9999 -9999 -9999 -9999 -9999 -9999 -2.51007 -0.201088 0.274965 0.223776 -0.560226 -0.220472 2.61762 3.17789 4.67064 6.08357 5.96537 5.41955 4.53607 3.51818 1.94943 -0.263201 -2.02382 -2.7657 -0.891199 0.941463 1.31042 1.88757 3.09369 3.31228 1.95347 0.678244 1.37319 1.78632 3.3986 3.68162 3.35184 1.99837 0.45284 -0.360481 0.569714 0.682193 0.725166 0.722705 0.675597 0.635406 1.68543 2.2562 2.64777 2.85449 3.22368 3.30761 3.32485 3.34025 3.3192 3.28535 3.21075 3.12788 2.81073 2.42974 1.08755 -0.0338207 -0.73843 -1.6291 0.33197 0.895717 1.69895 2.21142
