Test_Spring_2018b/01_18/Temp/20180112_002.txt
ncols	170
nrows	115
xllcorner	350000.000000
yllcorner	4445000.000000
cellsize	1000.000000
nodata_value	-9999.000000
[rows 32 to 63 of 115, columns 72 to 143 of 170]
8.21679 7.92483 8.3705 8.78083 8.53937 8.37439 9.05098 9.0493 8.81635 8.27141 8.07023 7.86157 7.7328 7.03378 5.07659 3.31189 4.25357 4.27341 3.61794 4.78629 4.16539 2.54964 0.269801 1.50581 1.1817 -0.424861 -0.821286 -9999 -9999 -9999 -9999 -9999 -9999 -9999 -9999 -9999 -9999 -9999 -9999 -9999 -9999 -9999 -9999 -9999 -9999 -9999 -9999 -9999 -9999 -9999 -9999 -9999 -9999 -9999 -9999 -9999 -9999 -9999 -9999 -9999 -9999 -9999 -9999 -9999 -9999 -9999 -9999 -9999 -9999 -9999 -9999 -9999
7.82684 7.70023 8.36367 8.34782 8.31007 8.55842 8.97822 9.0604 8.96845 8.72969 8.52265 8.30243 7.74675 6.94743 5.27207 3.26378 2.80636 3.78556 3.83021 3.9856 3.4196 2.70935 1.59958 2.50466 2.85501 1.7953 0.414338 -0.476107 -9999 -9999 -9999 -9999 -9999 -9999 -9999 -9999 -9999 -9999 -9999 -9999 -9999 -9999 -9999 -9999 -9999 -9999 -9999 -9999 -9999 -9999 -9999 -9999 -9999 -9999 -9999 -9999 -9999 -9999 -9999 -9999 -9999 -9999 -9999 -9999 -9999 -9999 -9999 -9999 -9999 -9999 -9999 -9999
7.362 6.71453 7.11365 7.41293 7.97808 8.12864 8.21059 9.00263 8.95881 8.92014 8.57921 8.30606 7.85474 7.08534 5.99082 4.67345 2.38147 3.79079 4.89386 4.86325 4.80048 4.3023 3.23609 4.12443 4.16432 2.81412 1.28034 0.370417 -0.00717104 -9999 -9999 -9999 -9999 -9999 -9999 -9999 -9999 -9999 -9999 -9999 -9999 -9999 -9999 -9999 -9999 -9999 -9999 -9999 -9999 -9999 -9999 -9999 -9999 -9999 -9999 -9999 -9999 -9999 -9999 -9999 -9999 -9999 -9999 -9999 -9999 -9999 -9999 -9999 -9999 -9999 -9999 -9999
6.83376 6.04346 6.44513 6.98182 7.7444 8.14129 8.44585 8.68154 8.92185 8.89133 8.54241 7.5157 7.3671 7.32041 6.60368 5.10213 3.60256 3.21231 4.89634 5.37675 5.27621 5.6507 4.74725 5.17133 4.99478 4.51725 3.03838 1.68947 1.12749 0.0188277 -9999 -9999 -9999 -9999 -9999 -9999 -9999 -9999 -9999 -9999 -9999 -9999 -9999 -9999 -9999 -9999 -9999 -9999 -9999 -9999 -9999 -9999 -9999 -9999 -9999 -9999 -9999 -9999 -9999 -9999 -9999 -9999 -9999 -9999 -9999 -9999 -9999 -9999 -9999 -9999 -9999 -9999
-9999 -9999 5.54336 6.27912 6.88408 7.63126 8.27715 8.5969 8.90732 8.88028 8.18485 7.84348 7.8115 7.34104 6.51394 5.9939 5.04881 4.0643 4.43711 5.87298 5.23114 6.24795 6.15977 6.3451 5.66216 4.37807 2.6562 1.65492 1.15197 0.253167 -9999 -9999 -9999 -9999 -9999 -9999 -9999 -9999 -9999 -9999 -9999 -9999 -9999 -9999 -9999 -9999 -9999 -9999 -9999 -9999 -9999 -9999 -9999 -9999 -9999 -9999 -9999 -9999 -9999 -9999 -9999 -9999 -9999 -9999 -9999 -9999 -9999 -9999 -9999 -9999 -9999 -9999
-9999 -9999 -9999 6.14257 6.60319 7.59546 8.1189 8.32595 8.82775 8.82699 8.56225 8.36168 8.0715 7.69311 7.0708 6.38448 5.49542 5.41094 6.32855 6.3377 6.14342 6.29249 6.76324 6.63682 5.58526 3.76854 2.80549 0.858939 0.0201058 0.103742 -0.491694 -9999 -9999 -9999 -9999 -9999 -9999 -9999 -9999 -9999 -9999 -9999 -9999 1.7484 -9999 -9999 -9999 -9999 -9999 -9999 -9999 -9999 -9999 -9999 -9999 -9999 -9999 -9999 -9999 -9999 -9999 -9999 -9999 -9999 -1.87826 -9999 -9999 -9999 -9999 -9999 -9999 -9999
-9999 -9999 6.04787 6.66921 7.15146 7.77334 7.83806 8.21324 8.79055 8.79714 8.60875 8.39592 7.92015 7.80027 7.44483 6.6998 6.54535 6.84381 6.9801 7.13505 7.2298 7.14946 6.95629 6.70723 6.03341 5.18822 4.62049 2.83683 1.93841 1.0727 -0.236733 -1.26174 -9999 -9999 -9999 -9999 -9999 -9999 -9999 1.0728 1.0221 1.04333 1.3282 2.11804 1.65128 -9999 -9999 -9999 -9999 -9999 -9999 -9999 -9999 -9999 -9999 -9999 -9999 -9999 -9999 -9999 -9999 -9999 -9999 -9999 -1.16309 -2.1972 -9999 -9999 -9999 -9999 -9999 -9999
-9999 -9999 6.21525 6.86751 7.19314 7.79746 8.14293 8.37912 8.57833 8.76831 8.73398 8.49863 8.14163 8.1412 7.65004 7.38396 7.19327 7.59778 7.67593 7.51054 7.30384 7.12104 6.60729 6.54661 6.38558 5.8489 4.96853 4.06125 2.75982 0.983279 -0.759212 -2.16532 -9999 -9999 -9999 -9999 -9999 -9999 1.22114 1.87647 2.26836 1.42892 2.14276 2.79523 2.68935 2.05624 -9999 -9999 -9999 -9999 -9999 -9999 -9999 -9999 -9999 -9999 -9999 -9999 -9999 -9999 3.73618 2.6764 0.539919 -0.557493 -1.21781 -2.15864 -9999 -9999 -9999 -9999 -9999 -9999
-9999 -9999 6.08291 6.85373 7.37599 7.83949 7.91352 8.39402 8.60379 8.70505 8.69078 8.64215 8.57415 8.14503 7.95877 7.3116 7.92529 7.89939 7.74107 7.12141 6.85192 5.78998 5.32202 5.22309 6.11415 5.45434 4.0774 2.35615 0.293629 0.159374 -0.526537 -1.78351 -9999 -9999 -9999 -9999 -9999 -9999 1.4233 2.12439 2.70942 2.79314 1.95907 3.11985 3.07631 2.42494 2.27627 2.80821 3.07727 2.87964 3.51396 3.69832 3.40888 3.72142 -9999 -9999 -9999 -9999 3.89199 3.9305 3.95834 3.51406 1.1803 -0.415212 -1.84854 -1.98509 -9999 -9999 -9999 -9999 -9999 -9999
-9999 -9999 6.61354 7.08864 7.32926 7.36872 7.78488 8.20555 8.46378 8.64701 8.60736 8.5897 8.5708 8.42205 8.08023 8.13813 8.10776 7.90732 6.7291 5.3546 5.95087 5.13682 3.39372 4.81451 5.59258 4.84535 3.17726 1.24294 0.614503 0.641173 -0.311926 -1.53943 -9999 -9999 -9999 -0.494009 0.510249 0.595256 0.889669 1.82536 2.53683 3.07472 3.43953 3.42864 3.04205 2.40514 1.71298 1.95854 3.20124 3.5035 3.76164 3.953 3.68431 3.82012 4.14999 4.31886 4.3504 4.26851 4.24663 4.26949 4.22524 3.81015 1.72336 0.52606 -0.239691 -1.77418 -9999 -9999 -9999 -9999 -9999 -9999
-9999 -9999 6.30943 6.72279 7.05781 7.61571 7.6749 8.02614 8.23854 8.54984 8.58269 8.21775 8.51443 8.47263 8.41339 8.29131 8.11407 7.11868 5.74813 4.37455 3.73957 4.00935 2.95926 3.50146 4.28996 4.00527 2.98123 1.25805 1.01454 0.617308 -0.982573 -2.52469 -9999 -9999 -2.44507 -0.515834 0.841755 1.54074 1.75553 1.77402 2.67094 2.73969 3.70605 3.47968 2.1995 2.34268 1.84696 2.16911 2.62391 2.74829 3.40704 4.03612 4.15352 4.15419 4.36342 4.40409 4.41204 4.40287 4.25529 4.31655 4.32192 4.06115 2.54657 1.8053 0.989724 -1.75428 -9999 -9999 -9999 -9999 -9999 -9999
-9999 -9999 6.51761 6.97971 7.48576 7.56853 7.94354 7.90922 7.80685 8.32748 8.51884 8.26038 8.0732 8.40933 8.38235 8.33381 8.25623 7.32051 6.23847 4.6022 3.58505 2.96394 2.52211 1.93642 2.34129 2.21726 2.05107 2.24188 1.77124 0.829351 -0.108761 -1.86231 -2.81286 -9999 -2.34124 -1.4724 0.142599 1.51473 2.38488 2.06849 3.08864 3.27643 3.8658 3.51858 2.74141 2.40657 2.37642 2.27407 2.96244 3.4283 3.75803 3.97528 4.24528 4.31254 4.37971 4.40597 4.41853 4.43083 4.42316 4.41318 4.37776 4.27646 3.57711 2.83769 1.2446 -1.66294 -9999 -9999 -9999 -9999 -9999 -9999
-9999 5.16723 6.46279 7.23746 7.5382 7.7556 7.94722 8.086 8.23482 8.37253 8.46424 8.42359 7.74292 7.79477 7.91287 8.29376 8.26277 8.17519 7.58222 5.59166 4.90339 3.89802 2.59684 2.05658 2.32831 3.39444 3.34713 2.64147 1.85486 0.770292 0.0798876 -0.996873 -3.06183 -2.87926 -1.95314 -1.26494 -0.168515 1.50923 2.68461 3.20774 3.40404 3.81703 4.03106 3.55546 3.1038 2.91352 2.56155 2.51204 2.51493 2.93116 3.25869 3.98309 4.22472 4.33342 4.38795 4.41581 4.43483 4.45296 4.45633 4.43781 4.43352 4.42255 4.36666 3.38305 0.929884 -0.919411 -9999 -9999 -9999 -9999 -9999 -9999
-9999 -9999 6.2224 6.56399 6.65451 6.81182 7.13221 7.50115 8.02635 8.09318 8.37939 8.37808 7.7923 7.1144 7.69803 7.92751 8.16568 8.16951 8.09052 6.41746 5.54163 4.85225 3.60466 4.05761 4.4852 4.51816 4.26093 2.74799 1.24101 -0.494043 -2.11859 -2.19774 -3.07197 -2.61208 -2.0015 -0.428859 0.676826 1.12323 1.44313 3.14912 3.59159 3.74246 4.17852 3.58108 3.43037 2.98204 3.11559 3.07686 3.08008 1.83887 3.08811 3.16168 3.97287 4.33861 4.41884 4.4389 4.45986 4.46006 4.46056 4.45213 4.45522 4.43797 4.41853 3.77712 0.668107 -0.896196 -9999 -9999 -9999 -9999 -9999 -9999
-9999 -9999 -9999 -9999 6.33236 6.59365 6.76168 7.05105 7.9374 8.17505 8.33227 8.34432 8.08186 7.41233 7.23271 7.35113 6.69599 7.23748 7.98007 7.95906 7.86679 6.39677 5.64783 6.37556 6.15493 5.05151 4.18331 3.32638 1.56223 0.273349 -1.58818 -2.9868 -3.04141 -1.50192 -0.223421 1.36789 2.06799 1.66391 2.09454 2.94062 3.90237 4.36673 4.25551 3.62583 3.53821 2.84705 3.52704 3.586 3.27096 2.99884 3.1112 3.51287 3.66579 4.29999 4.45233 4.47782 4.47969 4.47867 4.47171 4.4633 4.45028 4.43809 4.4235 4.38907 1.1933 -1.29475 -9999 -9999 -9999 -9999 -9999 -9999
-9999 -9999 -9999 -9999 5.71899 5.87899 6.29638 7.36514 7.92753 8.15332 8.14512 8.2482 8.06257 7.47237 6.86617 6.29357 5.55645 5.9725 7.07913 7.73085 7.80337 6.5146 7.18698 6.93642 6.44255 4.99936 3.93606 3.37269 1.67921 0.231755 -1.00686 -2.71734 -1.98814 -1.18542 -0.154192 1.5827 2.75307 3.23185 2.82372 3.36349 4.47051 4.4749 3.86693 3.90573 3.53662 2.59213 3.57648 3.85425 3.63228 3.69135 3.61183 3.76162 4.03381 4.29364 4.46553 4.48683 4.48672 4.47735 4.47273 4.46843 4.45087 4.44624 4.43155 4.40951 2.34465 -1.3416 -9999 -9999 -9999 -9999 -9999 -9999
-9999 -9999 -9999 -9999 -9999 5.16285 6.11292 7.53118 7.88636 7.85448 8.1465 8.17052 7.88672 7.63936 6.90401 5.90009 3.97525 4.46127 5.47966 6.95001 7.72216 7.61643 7.18811 6.44037 4.63096 3.04775 2.8563 2.59787 1.36223 0.248316 -1.12856 -0.332345 0.539377 1.49265 1.99185 1.85809 2.86047 3.67708 3.32551 3.98825 4.76239 4.40844 4.19896 4.02356 3.5969 3.57157 3.61702 4.17673 3.79154 4.03042 4.04018 4.0273 4.15976 4.31167 4.47061 4.49478 4.49221 4.49113 4.46813 4.46978 4.45528 4.44065 4.42664 4.40689 4.21483 2.22626 1.03618 -9999 -9999 -9999 -9999 -9999
-9999 -9999 -9999 -9999 -9999 4.28742 4.76211 6.44143 6.96305 7.70452 8.09764 8.11461 7.63691 7.36925 6.27519 5.91766 4.13664 3.32936 4.00924 3.74544 5.77153 7.56478 7.17654 3.55432 2.24286 1.30783 1.54912 1.55231 1.20893 -0.689649 -1.21447 0.487584 1.55831 2.38695 3.01443 3.14246 3.11712 4.39633 4.56381 4.97772 4.88465 4.92141 4.27241 3.8709 4.22142 3.81802 3.74988 4.32804 3.76108 4.27647 4.21964 4.0659 4.05796 4.39607 4.46341 4.49748 4.49669 4.47968 4.45815 4.4437 4.44945 4.43888 4.41452 4.40985 4.38585 4.14364 3.11254 2.749 3.14159 -9999 -9999 -9999
-9999 -9999 -9999 -9999 -9999 -9999 3.19661 5.52968 6.59839 7.15825 7.94585 8.03974 7.78525 7.32384 6.20954 5.22883 3.63642 1.8183 0.856365 3.73026 6.23179 7.5371 7.36779 4.35257 3.16302 3.10858 3.81034 3.21978 2.77197 1.33009 0.897676 0.296301 0.664754 1.82087 2.76416 3.67336 4.33317 4.38355 4.81031 5.05582 5.07361 5.14911 5.0716 5.0087 4.38397 4.81616 4.45057 4.64611 4.5222 4.41053 4.31716 3.96003 4.21276 4.436 4.49241 4.50779 4.49122 4.48426 4.4703 4.44426 4.43018 4.42335 4.41575 4.39878 4.39316 4.37576 4.25564 3.63349 2.80247 1.75403 -9999 -9999
-9999 -9999 -9999 -9999 -9999 -9999 2.03065 4.35209 5.47358 6.91284 7.65328 7.95289 7.91125 7.53696 6.68965 5.41549 4.35327 2.32421 0.217651 3.23567 5.92524 7.37518 7.45133 4.92066 5.62357 5.05639 5.28621 4.24748 3.8163 3.47854 2.73174 1.91464 1.02046 0.546334 2.66736 3.75469 4.62875 5.03885 5.26906 5.38228 5.31864 5.15786 4.2132 4.93131 4.89303 4.82154 4.73994 4.701 4.62754 4.54088 4.49285 4.47471 4.23711 4.50563 4.49744 4.49864 4.49674 4.48585 4.46796 4.45123 4.43134 4.42762 4.41274 4.39809 4.38636 4.37694 4.36425 4.32545 4.15678 2.75042 1.90759 1.66939
-9999 -9999 -9999 -9999 -9999 -9999 -1.23116 2.14533 4.86215 6.27886 7.43176 7.7472 7.86359 7.36242 6.98651 6.07235 5.20632 3.87211 1.87552 0.645188 2.90615 6.19006 7.40331 7.31207 7.23643 6.58033 5.98923 5.91505 5.95996 5.27503 4.27145 2.95937 2.54923 2.08744 3.66659 3.87798 3.75889 5.49455 5.49483 5.39242 4.72368 3.97925 4.11882 3.65799 4.01107 3.46105 3.96669 4.40406 4.56786 4.55499 4.50056 4.49349 4.46678 4.5118 4.50912 4.49904 4.49007 4.48312 4.47216 4.44701 4.43024 4.43201 4.41505 4.39948 4.3837 4.37644 4.36768 4.33774 4.31027 4.09021 3.76178 3.14093
-9999 -9999 -9999 -9999 -9999 -9999 -1.08796 1.75567 4.16397 5.60877 6.99654 7.3173 7.78398 7.68039 7.28693 6.49204 5.49954 4.40102 2.68778 1.41386 2.92295 5.10652 6.66726 7.23062 7.22774 7.1902 7.04189 6.98064 6.80806 6.68863 5.96833 4.72954 4.02795 3.00158 4.76184 4.9565 4.67726 5.55352 5.50573 4.17161 3.14531 3.01499 3.64101 3.04587 2.94109 2.57243 2.9899 4.10929 3.7825 3.84738 4.35845 4.4416 4.49368 4.50657 4.50098 4.49594 4.48413 4.48167 4.47865 4.45404 4.43978 4.42995 4.40527 4.39929 4.38081 4.36528 4.35082 4.33258 4.30719 4.24143 4.16967 4.23723
-9999 -9999 -9999 -9999 -9999 -9999 -1.0348 0.88156 3.04856 5.17581 6.65778 7.25449 7.6881 7.68105 7.22427 6.82769 6.20443 5.23773 4.57373 3.42348 1.84627 4.48395 5.29686 6.02278 6.32561 7.07861 7.06023 6.71524 6.3204 6.69147 6.58215 5.6005 5.27624 4.72971 5.70752 5.70671 5.67613 5.62003 4.49237 2.92645 1.67438 2.57034 2.38019 2.79585 1.51716 2.56779 3.41384 3.68832 3.11462 2.68773 4.01085 4.22838 4.35711 4.43872 4.49131 4.47546 4.48582 4.47444 4.4665 4.45779 4.44171 4.42988 4.41332 4.39648 4.38349 4.36961 4.34988 4.32656 4.32081 4.28311 4.266 4.25168
-9999 -9999 -9999 -9999 -9999 -9999 -9999 -0.250468 2.49754 4.94977 6.31438 7.17178 7.58832 7.57846 7.34369 7.07353 6.68592 5.98766 5.1114 3.72871 2.7018 3.34977 4.1469 4.23999 4.76691 6.29656 6.81894 6.07779 4.24963 5.3317 6.5362 6.51504 6.41022 6.29286 6.14334 6.00758 5.7139 4.93258 2.54587 2.07324 1.13531 1.23886 0.756903 1.80809 1.41597 2.49117 2.95684 3.13239 2.13694 2.35135 3.51991 3.98163 3.90344 4.18578 4.45491 4.46126 4.46605 4.45562 4.45766 4.45568 4.44677 4.42991 4.41624 4.40493 4.38189 4.37868 4.28554 4.22357 4.10258 4.24293 4.25272 4.25759
-9999 -9999 -9999 -9999 -9999 -9999 -9999 -0.799217 1.94199 4.82989 5.75621 6.68058 7.47783 7.4912 7.1339 6.79374 6.4433 6.04466 4.98265 3.95286 2.96982 2.63849 2.83418 2.82864 3.68132 5.67403 6.05935 5.89411 3.98671 3.33794 4.94734 6.29945 6.40405 6.27902 4.6833 5.01988 4.15749 2.98884 2.66502 2.1519 1.07101 1.58743 0.79549 1.13216 1.04715 1.6569 1.95382 2.67967 1.81173 1.81945 2.96669 3.54449 3.55755 4.16352 4.37815 4.43253 4.44406 4.45119 4.45036 4.45622 4.44672 4.43375 4.41781 4.38467 4.31142 4.0984 2.94073 2.9381 3.25053 3.54609 4.08926 4.23814
-9999 -9999 -9999 -9999 -9999 -9999 -9999 -0.48609 1.41568 3.97787 5.87527 5.99298 6.91422 7.38858 7.00036 6.56337 6.11622 5.9192 4.76381 3.49503 2.46962 1.25653 1.45414 2.32201 3.75491 5.04159 5.27093 5.00388 3.98446 4.46747 5.56445 6.14599 6.31598 6.17831 5.82886 5.62571 4.99003 4.71288 3.83103 2.45385 1.90987 2.25028 0.788989 0.889038 1.42695 0.860025 1.80378 2.25495 1.13403 2.02827 3.04211 3.55968 4.01183 4.22478 4.30831 4.4372 4.43799 4.44605 4.44882 4.44341 4.43967 4.41456 4.39302 4.26662 4.08207 3.00339 2.5553 2.63921 3.13218 3.56343 4.01717 4.19956
-9999 -9999 -9999 -9999 -9999 -9999 -9999 -0.165967 1.54602 3.7673 5.11957 5.36008 6.38188 7.29005 7.18605 6.7316 6.59141 6.12038 5.14022 4.05795 2.87538 2.29951 0.978476 2.27558 3.31427 4.40353 4.91255 4.07647 3.65197 4.39963 5.14276 5.4384 6.18861 6.17926 5.93173 4.87226 4.35424 4.56942 4.34532 3.95493 3.00637 2.96189 2.35203 2.09839 1.85896 1.09292 1.58423 1.63228 1.76634 2.837 3.36386 3.71257 4.02944 4.11116 4.24754 4.42488 4.43806 4.44159 4.43762 4.4376 4.42081 4.36599 4.31909 4.06904 3.62931 2.81214 1.49418 2.41958 3.38748 3.67373 3.95485 4.09763
-9999 -9999 -9999 -9999 -9999 -9999 -9999 -0.462104 1.35646 3.25456 4.04715 4.18022 6.031 7.16333 7.16302 6.94638 6.69367 5.53405 5.59958 5.36583 4.29892 2.74601 1.04085 1.19891 2.21833 3.66385 4.13907 2.75256 2.25881 2.6193 3.74371 4.7499 5.80043 6.06558 5.75443 4.1067 2.35574 3.16414 4.0281 4.02084 3.76424 2.88462 2.60394 2.34985 1.708 0.624523 0.788086 1.08811 2.30525 2.68709 3.27776 3.76792 3.58065 3.68711 4.1554 4.42293 4.43045 4.43238 4.43818 4.42869 4.40913 4.30377 4.19231 4.00767 2.86756 2.15721 1.12501 2.32185 2.98051 3.33227 3.95909 4.1056
-9999 -9999 -9999 -9999 -9999 -9999 -9999 -1.02976 0.289469 2.10352 2.83355 3.99887 5.74771 6.60672 7.01728 7.00588 6.83672 6.3162 6.00236 5.38621 4.2765 2.76001 1.07465 -0.0230446 0.532467 2.48203 2.94331 1.6608 1.00583 1.81778 3.01608 4.79116 5.80438 5.93925 5.8451 5.50341 4.22444 2.67967 2.6825 3.45371 2.80423 2.04984 2.46161 2.3832 1.74943 1.28811 1.01434 1.19016 1.88404 2.16805 2.85051 3.85844 4.00114 3.97039 4.39322 4.41202 4.41928 4.43246 4.42891 4.42181 4.40571 4.31928 4.12984 3.36991 2.70674 1.78552 1.66848 2.73393 3.19631 3.6284 3.93398 4.03097
-9999 -9999 -9999 -9999 -9999 -9999 -9999 -2.00403 -0.451761 1.24739 2.83812 4.34287 5.63755 5.73562 6.41728 6.41413 6.77015 6.6652 6.18262 5.66341 4.70705 2.7596 1.12183 -0.664031 -0.195373 1.78566 2.05749 1.19502 -0.39705 1.24322 3.05219 4.69138 5.57768 4.87886 5.59036 5.52932 5.0486 4.12808 2.69817 2.72292 1.65094 1.60236 2.14991 2.3265 2.23336 1.88671 1.33628 1.43812 1.86032 1.96542 2.59237 3.3738 4.13757 4.26408 4.40782 4.4116 4.41133 4.42044 4.419 4.39994 4.35755 4.26744 3.62998 2.87247 2.40449 1.7617 1.68069 2.90534 3.39633 3.66739 3.93095 4.03269
-9999 -9999 -9999 -9999 -9999 -9999 -9999 -9999 -0.615351 1.14001 2.43834 2.78648 3.93697 4.55714 5.03648 5.14092 6.51287 6.58634 6.27962 5.80257 4.98665 3.50847 2.47805 0.765022 -0.466707 0.0476341 0.292612 0.742883 0.607752 1.33816 3.07632 4.88716 5.08265 3.92853 4.09666 4.33519 4.87285 4.59647 2.64901 1.65854 0.836115 1.41685 2.02802 2.17465 2.20276 2.08301 1.9498 1.72406 2.54235 3.14732 3.28615 3.81317 4.20162 4.30724 4.38611 4.39363 4.40118 4.39856 4.37293 4.35343 4.25234 4.02956 3.31702 1.60793 1.68428 1.49644 0.962458 2.1591 2.91925 3.59295 3.94918 4.03837
-9999 -9999 -9999 -9999 -9999 -9999 -9999 -9999 -1.20455 0.826656 1.2542 1.22027 0.545041 0.852627 3.3455 3.84559 5.16123 6.40692 6.31308 5.84508 5.08162 4.20053 2.83752 0.911216 -0.619692 -1.25729 0.392418 2.01328 2.3451 2.85905 3.92325 4.12361 2.94412 1.83782 2.45506 2.82583 4.24568 4.50284 4.22402 3.04982 1.70773 1.00628 1.83014 1.9388 1.98675 1.99505 1.97071 1.9412 2.87126 3.38105 3.73403 3.92521 4.25841 4.34194 4.36701 4.39032 4.38161 4.36156 4.30574 4.24257 3.97437 3.65026 2.48527 1.51345 0.906212 0.136257 1.861 2.37062 3.08008 3.53991 3.89431 3.96909
