Test_Spring_2018b/01_18/Temp/20180116_016.txt
ncols	170
nrows	115
xllcorner	350000.000000
yllcorner	4445000.000000
cellsize	1000.000000
nodata_value	-9999.000000
[rows 32 to 63 of 115, columns 72 to 143 of 170]
10.7497 10.3981 10.9347 11.4286 11.1159 10.9092 11.7199 11.7172 11.4361 10.7796 10.5374 10.2865 10.1322 9.29117 6.93474 4.81031 5.94611 5.97143 5.18322 6.59188 5.84501 3.89954 1.15388 2.64322 2.25305 0.302217 -0.179145 -9999 -9999 -9999 -9999 -9999 -9999 -9999 -9999 -9999 -9999 -9999 -9999 -9999 -9999 -9999 -9999 -9999 -9999 -9999 -9999 -9999 -9999 -9999 -9999 -9999 -9999 -9999 -9999 -9999 -9999 -9999 -9999 -9999 -9999 -9999 -9999 -9999 -9999 -9999 -9999 -9999 -9999 -9999 -9999 -9999
10.2793 10.1269 10.9259 10.9065 10.85 11.13 11.6315 11.73 11.6189 11.3313 11.0821 10.8173 10.1487 9.18688 7.16991 4.75202 4.20239 5.38334 5.43845 5.62686 4.94612 4.09145 2.75531 3.8461 4.2685 2.98595 1.30887 0.226945 -9999 -9999 -9999 -9999 -9999 -9999 -9999 -9999 -9999 -9999 -9999 -9999 -9999 -9999 -9999 -9999 -9999 -9999 -9999 -9999 -9999 -9999 -9999 -9999 -9999 -9999 -9999 -9999 -9999 -9999 -9999 -9999 -9999 -9999 -9999 -9999 -9999 -9999 -9999 -9999 -9999 -9999 -9999 -9999
9.71889 8.93903 9.41964 9.77979 10.442 10.6081 10.7061 11.6597 11.6067 11.5601 11.1497 10.8212 10.2783 9.35254 8.03528 6.44968 3.69011 5.38917 6.71927 6.6836 6.60907 6.00987 4.72624 5.79691 5.84539 4.20846 2.34174 1.24652 0.79267 -9999 -9999 -9999 -9999 -9999 -9999 -9999 -9999 -9999 -9999 -9999 -9999 -9999 -9999 -9999 -9999 -9999 -9999 -9999 -9999 -9999 -9999 -9999 -9999 -9999 -9999 -9999 -9999 -9999 -9999 -9999 -9999 -9999 -9999 -9999 -9999 -9999 -9999 -9999 -9999 -9999 -9999 -9999
9.08238 8.13036 8.61394 9.25997 10.169 10.6344 10.9888 11.2722 11.5614 11.5246 11.1046 9.86838 9.69023 9.63505 8.77291 6.96549 5.1605 4.69181 6.72177 7.30171 7.18169 7.63372 6.54616 7.05758 6.84534 6.26517 4.46976 2.83526 2.15934 0.825049 -9999 -9999 -9999 -9999 -9999 -9999 -9999 -9999 -9999 -9999 -9999 -9999 -9999 -9999 -9999 -9999 -9999 -9999 -9999 -9999 -9999 -9999 -9999 -9999 -9999 -9999 -9999 -9999 -9999 -9999 -9999 -9999 -9999 -9999 -9999 -9999 -9999 -9999 -9999 -9999 -9999 -9999
-9999 -9999 7.52735 8.40426 9.12998 10.0195 10.7849 11.1694 11.543 11.5103 10.6729 10.2623 10.2246 9.65902 8.66401 8.039 6.90203 5.71757 6.16806 7.899 7.12694 8.35274 8.24724 8.47103 7.64873 6.08825 4.00919 2.79341 2.18855 1.10706 -9999 -9999 -9999 -9999 -9999 -9999 -9999 -9999 -9999 -9999 -9999 -9999 -9999 -9999 -9999 -9999 -9999 -9999 -9999 -9999 -9999 -9999 -9999 -9999 -9999 -9999 -9999 -9999 -9999 -9999 -9999 -9999 -9999 -9999 -9999 -9999 -9999 -9999 -9999 -9999 -9999 -9999
-9999 -9999 -9999 8.23926 8.7909 9.98458 10.5936 10.8421 11.446 11.445 11.1263 10.8853 10.5366 10.082 9.33382 8.50864 7.43929 7.33913 8.44598 8.45835 8.22546 8.40594 8.97369 8.82188 7.55022 5.35367 4.19377 1.83424 0.824702 0.926613 0.210762 -9999 -9999 -9999 -9999 -9999 -9999 -9999 -9999 -9999 -9999 -9999 -9999 2.94126 -9999 -9999 -9999 -9999 -9999 -9999 -9999 -9999 -9999 -9999 -9999 -9999 -9999 -9999 -9999 -9999 -9999 -9999 -9999 -9999 -1.3721 -9999 -9999 -9999 -9999 -9999 -9999 -9999
-9999 -9999 8.13467 8.87172 9.45061 10.1977 10.2654 10.7052 11.3999 11.4076 11.1808 10.925 10.3529 10.2098 9.78321 8.88748 8.70322 9.0645 9.2303 9.41839 9.5337 9.43783 9.20575 8.90609 8.08157 7.06341 6.37949 4.2262 3.13497 2.09318 0.517188 -0.715875 -9999 -9999 -9999 -9999 -9999 -9999 -9999 2.11688 2.05854 2.08674 2.43244 3.38631 2.82638 -9999 -9999 -9999 -9999 -9999 -9999 -9999 -9999 -9999 -9999 -9999 -9999 -9999 -9999 -9999 -9999 -9999 -9999 -9999 -0.51113 -1.75295 -9999 -9999 -9999 -9999 -9999 -9999
-9999 -9999 8.327 9.11032 9.50004 10.2255 10.6392 10.9038 11.1428 11.3711 11.3299 11.0469 10.618 10.6189 10.029 9.71047 9.48278 9.97202 10.0679 9.87026 9.6225 9.40318 8.78485 8.71197 8.50559 7.85879 6.79797 5.70483 4.12375 1.98461 -0.11314 -1.80532 -9999 -9999 -9999 -9999 -9999 -9999 2.2924 3.08471 3.55956 2.55102 3.41343 4.20177 4.07646 3.30991 -9999 -9999 -9999 -9999 -9999 -9999 -9999 -9999 -9999 -9999 -9999 -9999 -9999 -9999 5.37447 4.10174 1.53199 0.213907 -0.577656 -1.70713 -9999 -9999 -9999 -9999 -9999 -9999
-9999 -9999 8.1679 9.09349 9.71949 10.2747 10.3609 10.9272 11.1717 11.293 11.2758 11.2178 11.137 10.6218 10.3994 9.62203 10.3636 10.3346 10.1459 9.40108 9.07773 7.79938 7.23611 7.10555 8.17839 7.38291 5.72358 3.64958 1.15583 0.991065 0.165961 -1.34662 -9999 -9999 -9999 -9999 -9999 -9999 2.53543 3.38295 4.09055 4.19408 3.19183 4.59244 4.53649 3.75382 3.57667 4.21943 4.54559 4.30427 5.07005 5.29512 4.94964 5.32949 -9999 -9999 -9999 -9999 5.55362 5.60393 5.64139 5.11011 2.30272 0.384632 -1.33812 -1.49943 -9999 -9999 -9999 -9999 -9999 -9999
-9999 -9999 8.80751 9.37626 9.66234 9.70609 10.2038 10.6978 11.0011 11.2206 11.1729 11.1524 11.131 10.9537 10.5442 10.6166 10.5826 10.3437 8.92672 7.27292 7.99271 7.01222 4.90685 6.61345 7.54983 6.64866 4.63821 2.30716 1.54097 1.57018 0.423076 -1.05343 -9999 -9999 -9999 0.216171 1.42914 1.53485 1.8928 3.02315 3.88325 4.5329 4.97484 4.96032 4.4951 3.72966 2.89763 3.1952 4.69401 5.06009 5.36752 5.60093 5.28039 5.44806 5.84893 6.05601 6.0978 6.00305 5.98065 6.01219 5.9629 5.46688 2.95616 1.51776 0.599181 -1.24681 -9999 -9999 -9999 -9999 -9999 -9999
-9999 -9999 8.44245 8.93655 9.33602 10 10.0674 10.487 10.7321 11.1012 11.1407 10.7019 11.0607 11.0125 10.9437 10.7996 10.589 9.3928 7.74438 6.09188 5.32858 5.64982 4.38498 5.03348 5.98231 5.63597 4.4004 2.32351 2.02928 1.54327 -0.385813 -2.24198 -9999 -9999 -2.13872 0.188457 1.82723 2.67274 2.93496 2.9606 4.04421 4.12995 5.29669 5.02329 3.48169 3.65591 3.05843 3.44804 3.99791 4.1496 4.94094 5.70069 5.84515 5.84923 6.10475 6.15741 6.17081 6.16371 5.98996 6.06782 6.07837 5.7683 3.94785 3.05889 2.07993 -1.2224 -9999 -9999 -9999 -9999 -9999 -9999
-9999 -9999 8.69084 9.24319 9.84828 9.94348 10.3909 10.3434 10.2093 10.8348 11.0612 10.7507 10.5268 10.934 10.9044 10.8492 10.759 9.63499 8.33439 6.36563 5.14206 4.39074 3.85846 3.14705 3.63354 3.4827 3.28099 3.5094 2.93878 1.79679 0.667241 -1.44593 -2.589 -9999 -2.01537 -0.9654 0.983636 2.64023 3.6921 3.31451 4.5467 4.77592 5.48604 5.06991 4.13418 3.73236 3.69761 3.57584 4.40658 4.96742 5.36252 5.6268 5.95436 6.03859 6.12297 6.15828 6.17728 6.19609 6.19095 6.18307 6.14455 6.02666 5.1883 4.30126 2.38613 -1.11317 -9999 -9999 -9999 -9999 -9999 -9999
-9999 7.07464 8.62499 9.55329 9.91046 10.1672 10.3931 10.5558 10.7246 10.886 10.9957 10.9447 10.1265 10.1915 10.337 10.7993 10.7656 10.6636 9.95238 7.55703 6.72659 5.51474 3.94707 3.29167 3.61743 4.8999 4.841 3.98911 3.03989 1.72628 0.892341 -0.403744 -2.89087 -2.66839 -1.54968 -0.717161 0.607389 2.63232 4.05207 4.68597 4.92587 5.42455 5.68484 5.11375 4.57018 4.34248 3.91988 3.86155 3.86635 4.36912 4.76168 5.63479 5.92864 6.06228 6.13142 6.16866 6.19547 6.22137 6.2296 6.21151 6.21057 6.20156 6.13811 4.9573 2.00705 -0.217327 -9999 -9999 -9999 -9999 -9999 -9999
-9999 -9999 8.33538 8.74148 8.84489 9.02875 9.40927 9.8487 10.4708 10.5489 10.8924 10.8893 10.1837 9.36984 10.0763 10.3566 10.6474 10.6558 10.5639 8.54813 7.49427 6.66419 5.16094 5.70187 6.2151 6.25267 5.94056 4.11585 2.2985 0.201321 -1.75582 -1.85068 -2.90398 -2.34842 -1.60973 0.288328 1.62419 2.16602 2.55544 4.61438 5.14966 5.33401 5.86177 5.14416 4.96308 4.42441 4.5865 4.54099 4.54598 3.05198 4.55485 4.64556 5.62512 6.06735 6.16712 6.19498 6.22415 6.2285 6.23334 6.22748 6.23552 6.21884 6.2002 5.43178 1.69078 -0.190239 -9999 -9999 -9999 -9999 -9999 -9999
-9999 -9999 -9999 -9999 8.45574 8.76445 8.96105 9.30426 10.3614 10.6451 10.833 10.8473 10.5322 9.72685 9.51407 9.66077 8.87574 9.53162 10.4282 10.4049 10.295 8.52448 7.61865 8.49367 8.22583 6.89425 5.84589 4.81112 2.6837 1.12399 -1.11882 -2.80328 -2.86793 -1.01151 0.530471 2.45112 3.29855 2.81602 3.33897 4.36127 5.52316 6.08545 5.95396 5.1975 5.0924 4.26111 5.08134 5.15335 4.77481 4.44802 4.58139 5.06719 5.25368 6.02027 6.2068 6.24042 6.24661 6.24953 6.24543 6.23967 6.22854 6.2183 6.20511 6.16795 2.32249 -0.671233 -9999 -9999 -9999 -9999 -9999 -9999
-9999 -9999 -9999 -9999 7.71572 7.90221 8.39896 9.68082 10.3477 10.617 10.6056 10.7295 10.5069 9.79821 9.07108 8.38549 7.50151 8.00628 9.34228 10.1295 10.218 8.66585 9.47219 9.16866 8.57153 6.83052 5.54696 4.86566 2.82318 1.07244 -0.420127 -2.48037 -1.60092 -0.632059 0.612893 2.70846 4.12245 4.70349 4.2158 4.86981 6.20675 6.21502 5.48517 5.53398 5.08978 3.95328 5.14008 5.47558 5.20904 5.28108 5.1833 5.36559 5.69564 6.01119 6.2212 6.25024 6.25374 6.24663 6.24539 6.2447 6.22807 6.22701 6.21377 6.19158 3.70848 -0.728562 -9999 -9999 -9999 -9999 -9999 -9999
-9999 -9999 -9999 -9999 -9999 7.03833 8.17674 9.87959 10.2969 10.2557 10.606 10.6346 10.2938 9.99809 9.11559 7.91035 5.59573 6.18482 7.41455 9.18789 10.1193 9.99224 9.47268 8.57023 6.38838 4.47866 4.24532 3.93129 2.44028 1.09131 -0.567869 0.391434 1.44252 2.5927 3.19675 3.03909 4.25066 5.2386 4.81922 5.62141 6.55742 6.13407 5.88429 5.6751 5.1616 5.13233 5.1881 5.86319 5.4 5.68859 5.69832 5.68459 5.84627 6.03176 6.22613 6.25858 6.25923 6.26206 6.23871 6.24519 6.23229 6.21922 6.20685 6.18747 5.96041 3.56844 2.13877 -9999 -9999 -9999 -9999 -9999
-9999 -9999 -9999 -9999 -9999 5.98273 6.54868 8.56616 9.18399 10.0745 10.5466 10.5668 9.99241 9.67199 8.35723 7.93064 5.7895 4.82002 5.64196 5.32633 7.76825 9.9288 9.45754 5.09255 3.51063 2.38183 2.66987 2.67107 2.25496 -0.039241 -0.672005 1.37849 2.66929 3.66931 4.42784 4.58536 4.55893 6.10429 6.3098 6.81225 6.70364 6.75098 5.9718 5.4903 5.91301 5.42837 5.34735 6.0447 5.36256 5.98425 5.91374 5.73031 5.72283 6.1326 6.21659 6.26095 6.26374 6.24735 6.22585 6.21278 6.22429 6.21614 6.19132 6.19015 6.16556 5.87729 4.63914 4.20503 4.68164 -9999 -9999 -9999
-9999 -9999 -9999 -9999 -9999 -9999 4.66232 7.46767 8.74458 9.41654 10.3639 10.4769 10.1697 9.61655 8.27768 7.10024 5.18613 3.00004 1.84238 5.30643 8.3211 9.89396 9.68645 6.05284 4.61798 4.55015 5.39308 4.67926 4.13755 2.39348 1.87214 1.14796 1.59281 2.98664 4.12567 5.22444 6.02326 6.08827 6.60678 6.9052 6.93012 7.02416 6.93345 6.8599 6.10787 6.62988 6.19064 6.42719 6.27883 6.14523 6.03068 5.60228 5.90882 6.18021 6.25102 6.27293 6.25664 6.25232 6.2399 6.21321 6.20025 6.1966 6.19198 6.176 6.17356 6.15609 6.01535 5.26972 4.27237 3.013 -9999 -9999
-9999 -9999 -9999 -9999 -9999 -9999 3.25754 6.04935 7.3899 9.12147 10.01 10.3702 10.3217 9.87334 8.85588 7.32469 6.04901 3.60859 1.07448 4.71091 7.95002 9.69722 9.78878 6.73573 7.58084 6.89567 7.17041 5.91702 5.39565 4.98161 4.08172 3.09778 2.0206 1.45127 4.00913 5.32235 6.37912 6.8773 7.15891 7.29955 7.22521 7.03355 5.8983 6.76565 6.7201 6.6355 6.5385 6.49273 6.40529 6.30195 6.24198 6.222 5.93795 6.26378 6.25711 6.26179 6.26314 6.25404 6.23684 6.22129 6.20212 6.20135 6.18764 6.17444 6.16465 6.15677 6.14545 6.10254 5.90308 4.21259 3.20085 2.91616
-9999 -9999 -9999 -9999 -9999 -9999 -0.67176 3.39154 6.65084 8.35584 9.74229 10.123 10.2648 9.6634 9.21356 8.11576 7.0761 5.47241 3.07054 1.59123 4.31406 8.27096 9.72932 9.61495 9.52256 8.73063 8.01686 7.92577 7.97826 7.14601 5.93535 4.35551 3.86232 3.30818 5.2132 5.47112 5.33137 7.42615 7.43061 7.31134 6.5097 5.61412 5.78522 5.23077 5.65671 4.99582 5.60637 6.13455 6.33309 6.31882 6.25112 6.24451 6.21455 6.27176 6.27138 6.26248 6.25527 6.25086 6.24194 6.21616 6.20064 6.20755 6.19027 6.17603 6.16081 6.15548 6.14891 6.1167 6.08735 5.82591 5.43386 4.68817
-9999 -9999 -9999 -9999 -9999 -9999 -0.502008 2.91147 5.81045 7.54711 9.21872 9.60582 10.1695 10.0469 9.57566 8.62122 7.42891 6.10884 4.04804 2.51605 4.33596 6.96401 8.84459 9.51873 9.51095 9.46455 9.28461 9.20807 8.99889 8.84756 7.98016 6.4879 5.64433 4.41008 6.53318 6.77082 6.43797 7.49732 7.44367 5.84048 4.60796 4.45451 5.20867 4.49438 4.3688 3.92461 4.42913 5.77907 5.38724 5.46671 6.07996 6.18216 6.24773 6.26585 6.26202 6.25918 6.24853 6.24948 6.25004 6.22481 6.2122 6.20503 6.17996 6.17533 6.15746 6.1421 6.128 6.1099 6.08309 6.00756 5.92545 6.00887
-9999 -9999 -9999 -9999 -9999 -9999 -0.435361 1.85873 4.46747 7.02609 8.81134 9.5309 10.0547 10.0482 9.50045 9.02553 8.2777 7.11614 6.31901 4.93581 3.03785 6.21667 7.1923 8.0623 8.42578 9.33177 9.3084 8.89154 8.40451 8.8516 8.71921 7.53785 7.14889 6.49266 7.67315 7.6752 7.64171 7.57773 6.22305 4.34044 2.83579 3.91849 3.69257 4.19238 2.6527 3.92118 4.94204 5.27418 4.58265 4.06994 5.66138 5.92614 6.08365 6.18465 6.25095 6.23512 6.25116 6.2413 6.23585 6.22967 6.21476 6.20505 6.18966 6.17388 6.16029 6.14682 6.12708 6.10388 6.10071 6.05816 6.04114 6.0259
-9999 -9999 -9999 -9999 -9999 -9999 -9999 0.497202 3.80209 6.75544 8.39926 9.43274 9.93576 9.92567 9.64506 9.32212 8.85784 8.01935 6.96627 5.30286 4.06764 4.84955 5.80545 5.91282 6.54715 8.38914 9.01761 8.12401 5.9129 7.21473 8.66638 8.64198 8.51727 8.37789 8.19901 8.03837 7.6878 6.75002 3.87848 3.31383 2.18748 2.31555 1.73808 3.00294 2.53104 3.8283 4.39114 4.60432 3.40681 3.66199 5.07213 5.63058 5.53883 5.8816 6.20779 6.21872 6.22804 6.21928 6.22577 6.22759 6.2212 6.20626 6.19429 6.18513 6.15913 6.15837 6.0502 5.97946 5.8375 6.01025 6.02564 6.0333
-9999 -9999 -9999 -9999 -9999 -9999 -9999 -0.168285 3.13293 6.61137 7.72742 8.84164 9.80324 9.82101 9.39263 8.98514 8.56538 8.08757 6.81052 5.57207 4.38962 3.99186 4.22855 4.21146 5.23854 7.63872 8.10252 7.90308 5.59442 4.81352 6.75316 8.38321 8.51087 8.3623 6.44248 6.85067 5.81485 4.41031 4.02358 3.40885 2.11012 2.7354 1.78443 2.19276 2.08616 2.82287 3.18257 4.05886 3.01517 3.02142 4.40605 5.10451 5.12282 5.85557 6.11712 6.18588 6.20326 6.21559 6.21856 6.22975 6.22257 6.21129 6.19647 6.1609 6.07696 5.82173 4.42994 4.4307 4.81088 5.17064 5.82681 6.0097
-9999 -9999 -9999 -9999 -9999 -9999 -9999 0.208428 2.49881 5.58516 7.87114 8.01374 9.1247 9.6977 9.23193 8.70761 8.17116 7.93603 6.54632 5.01987 3.78631 2.32639 2.56548 3.61166 5.32639 6.87642 7.15269 6.831 5.59188 6.17461 7.49721 8.19919 8.40573 8.24198 7.82342 7.58139 6.81854 6.48776 5.42865 3.7729 3.12079 3.53393 1.77657 1.89983 2.55035 1.86257 3.00161 3.54718 2.19895 3.27348 4.49725 5.12332 5.6707 5.93013 6.03383 6.19239 6.19684 6.21026 6.21747 6.21501 6.21466 6.18865 6.16695 6.01894 5.80084 4.50558 3.96546 4.07048 4.66816 5.19144 5.73964 5.96317
-9999 -9999 -9999 -9999 -9999 -9999 -9999 0.593422 2.65549 5.33142 6.96091 7.25152 8.48362 9.57914 9.45564 8.91016 8.74332 8.17796 6.99922 5.69734 4.27444 3.58213 1.99194 3.55534 4.79488 6.1074 6.72089 5.70187 5.19148 6.09326 6.98981 7.34755 8.25313 8.24401 7.94822 6.6746 6.05341 6.31557 6.04866 5.58148 4.44188 4.39127 3.65948 3.35666 3.07078 2.14282 2.73697 2.79709 2.96066 4.24787 4.88517 5.30797 5.69252 5.79397 5.96141 6.17837 6.19775 6.20569 6.20474 6.20867 6.19252 6.1306 6.07828 5.78122 5.25565 4.27535 2.68711 3.80581 4.97564 5.32386 5.66454 5.84039
-9999 -9999 -9999 -9999 -9999 -9999 -9999 0.235927 2.42664 4.71346 5.6689 5.83017 8.06091 9.42644 9.42779 9.16867 8.8662 7.47125 7.55207 7.27226 5.98867 4.11943 2.06659 2.258 3.48095 5.21599 5.78903 4.10692 3.51333 3.94893 5.30495 6.51876 7.78622 8.10782 7.73541 5.75314 3.64666 4.62334 5.66702 5.66123 5.35508 4.29836 3.96305 3.65964 2.88901 1.5837 1.77781 2.14158 3.6048 4.06748 4.78176 5.37507 5.15244 5.28377 5.8511 6.17675 6.18934 6.19532 6.20609 6.19857 6.17899 6.05611 5.92593 5.70759 4.33827 3.48661 2.2455 3.68806 4.48541 4.91067 5.66969 5.8501
-9999 -9999 -9999 -9999 -9999 -9999 -9999 -0.448764 1.14066 3.3264 4.2066 5.61141 7.7194 8.7557 9.25196 9.24004 9.03814 8.413 8.03677 7.29629 5.96112 4.13579 2.10685 0.785661 1.45579 3.79197 4.34476 2.79162 2.004 2.9836 4.42876 6.56891 7.79152 7.95624 7.84525 7.43624 5.89829 4.04025 4.04653 4.97841 4.1989 3.29297 3.79173 3.69993 2.93902 2.38576 2.05026 2.26416 3.09748 3.44241 4.26736 5.48447 5.65941 5.62553 6.13817 6.16423 6.17651 6.19605 6.19553 6.19082 6.17536 6.07522 5.85102 4.93962 4.14478 3.03907 2.90206 4.18449 4.74482 5.26747 5.63955 5.76036
-9999 -9999 -9999 -9999 -9999 -9999 -9999 -1.62336 0.246931 2.2944 4.21151 6.02529 7.58624 7.70593 8.52877 8.52678 8.9575 8.83294 8.25343 7.6297 6.47927 4.13481 2.16325 0.0131427 0.578742 2.95998 3.26794 2.23039 0.314047 2.29157 4.47247 6.44902 7.5188 6.67931 7.53886 7.46793 6.89155 5.78545 4.06578 4.09842 2.80989 2.75413 3.4164 3.63173 3.52206 3.10694 2.44354 2.56277 3.06898 3.19845 3.95661 4.90094 5.8241 5.97973 6.15621 6.16422 6.16744 6.18208 6.18409 6.16494 6.11776 6.01313 5.24919 4.34066 3.7809 3.01056 2.91694 4.3942 4.98578 5.31456 5.63608 5.76267
-9999 -9999 -9999 -9999 -9999 -9999 -9999 -9999 0.048891 2.16417 3.72912 4.14971 5.53704 6.28571 6.86487 6.99251 8.64706 8.73744 8.36977 7.79684 6.81559 5.03643 3.79651 1.73418 0.251512 0.861943 1.14171 1.68557 1.52435 2.40592 4.50159 6.685 6.9227 5.5348 5.73984 6.02981 6.68018 6.35002 4.00688 2.81652 1.82857 2.53084 3.26969 3.4489 3.48526 3.34344 3.1818 2.90206 3.89061 4.62226 4.79247 5.43039 5.90148 6.03198 6.13038 6.14291 6.15559 6.15609 6.12895 6.10926 5.99134 5.72685 4.87244 2.81758 2.91349 2.69117 2.05189 3.49632 4.40944 5.22506 5.65826 5.76978
-9999 -9999 -9999 -9999 -9999 -9999 -9999 -9999 -0.661982 1.78563 2.3017 2.2621 1.45022 1.82242 4.82718 5.43149 7.01826 8.52075 8.40957 7.84756 6.92951 5.86962 4.22905 1.9098 0.0667435 -0.713527 1.26961 3.21571 3.61701 4.23787 5.52174 5.76519 4.34665 3.01641 3.7625 4.21181 5.92492 6.23746 5.90439 4.49269 2.87871 2.0364 3.03143 3.16483 3.22505 3.23745 3.20943 3.16938 4.28684 4.90384 5.33201 5.5654 5.96998 6.07392 6.10752 6.13912 6.13223 6.11175 6.04824 5.97594 5.65668 5.27012 3.87065 2.70389 1.97633 1.05278 3.13438 3.75114 4.60647 5.16137 5.5924 5.68662
