Test_Spring_2018b/01_18/Temp/20180127_018.txt
ncols	170
nrows	115
xllcorner	350000.000000
yllcorner	4445000.000000
cellsize	1000.000000
nodata_value	-9999.000000
[rows 32 to 63 of 115, columns 71 to 141 of 170]
7.50347 7.48153 7.14654 7.66298 8.1385 7.86934 7.69578 8.48333 8.48368 8.21681 7.58958 7.35905 7.11992 6.97318 6.16852 3.91197 1.87823 2.96928 2.99699 2.24599 3.60109 2.89155 1.0343 -1.58894 -0.153268 -0.518162 -2.3515 -2.78983 -9999 -9999 -9999 -9999 -9999 -9999 -9999 -9999 -9999 -9999 -9999 -9999 -9999 -9999 -9999 -9999 -9999 -9999 -9999 -9999 -9999 -9999 -9999 -9999 -9999 -9999 -9999 -9999 -9999 -9999 -9999 -9999 -9999 -9999 -9999 -9999 -9999 -9999 -9999 -9999 -9999 -9999 -9999
7.2277 7.05145 6.90684 7.67427 7.65756 7.62763 7.9265 8.41835 8.51577 8.41205 8.13874 7.90199 7.65005 7.01098 6.09089 4.15988 1.84496 1.32077 2.45549 2.51204 2.69704 2.04993 1.2369 -0.0367918 1.01577 1.42832 0.225721 -1.35079 -2.35303 -9999 -9999 -9999 -9999 -9999 -9999 -9999 -9999 -9999 -9999 -9999 -9999 -9999 -9999 -9999 -9999 -9999 -9999 -9999 -9999 -9999 -9999 -9999 -9999 -9999 -9999 -9999 -9999 -9999 -9999 -9999 -9999 -9999 -9999 -9999 -9999 -9999 -9999 -9999 -9999 -9999 -9999
6.80162 6.53484 5.78855 6.25051 6.59735 7.27498 7.45375 7.55119 8.46829 8.42049 8.3786 7.98778 7.67519 7.15699 6.27171 5.01131 3.4939 0.851756 2.48253 3.76023 3.72975 3.66267 3.0935 1.86913 2.90141 2.95466 1.42377 -0.320857 -1.36364 -1.79219 -9999 -9999 -9999 -9999 -9999 -9999 -9999 -9999 -9999 -9999 -9999 -9999 -9999 -9999 -9999 -9999 -9999 -9999 -9999 -9999 -9999 -9999 -9999 -9999 -9999 -9999 -9999 -9999 -9999 -9999 -9999 -9999 -9999 -9999 -9999 -9999 -9999 -9999 -9999 -9999 -9999
6.20208 5.94481 5.03324 5.49785 6.11856 7.01363 7.48897 7.84144 8.11659 8.39713 8.36507 7.96545 6.78342 6.61501 6.5642 5.73995 4.00982 2.28209 1.8351 3.78281 4.34149 4.23 4.66733 3.62998 4.12552 3.92815 3.39304 1.7195 0.17128 -0.470603 -1.74382 -9999 -9999 -9999 -9999 -9999 -9999 -9999 -9999 -9999 -9999 -9999 -9999 -9999 -9999 -9999 -9999 -9999 -9999 -9999 -9999 -9999 -9999 -9999 -9999 -9999 -9999 -9999 -9999 -9999 -9999 -9999 -9999 -9999 -9999 -9999 -9999 -9999 -9999 -9999 -9999
-9999 -9999 -9999 4.47559 5.33803 6.04424 6.91768 7.66494 8.03741 8.39925 8.37161 7.57242 7.18188 7.14837 6.60856 5.65692 5.05962 3.97164 2.83819 3.27169 4.93259 4.1955 5.37352 5.27651 5.49575 4.71321 3.26301 1.29063 0.143649 -0.430443 -1.46169 -9999 -9999 -9999 -9999 -9999 -9999 -9999 -9999 -9999 -9999 -9999 -9999 -9999 -9999 -9999 -9999 -9999 -9999 -9999 -9999 -9999 -9999 -9999 -9999 -9999 -9999 -9999 -9999 -9999 -9999 -9999 -9999 -9999 -9999 -9999 -9999 -9999 -9999 -9999 -9999
-9999 -9999 -9999 -9999 5.1978 5.73766 6.88557 7.49991 7.74259 8.32572 8.32883 8.02722 7.79957 7.46827 7.03486 6.31961 5.53017 4.50651 4.4115 5.47327 5.48658 5.26541 5.44103 5.98855 5.84734 4.64711 2.57247 1.46673 -0.763091 -1.7251 -1.62243 -2.30394 -9999 -9999 -9999 -9999 -9999 -9999 -9999 -9999 -9999 -9999 -9999 -9999 0.325461 -9999 -9999 -9999 -9999 -9999 -9999 -9999 -9999 -9999 -9999 -9999 -9999 -9999 -9999 -9999 -9999 -9999 -9999 -9999 -9999 -3.77561 -9999 -9999 -9999 -9999 -9999
-9999 -9999 -9999 5.09358 5.82868 6.3874 7.10797 7.19278 7.62974 8.30043 8.31245 8.09939 7.85793 7.31263 7.17775 6.77049 5.91307 5.73701 6.08352 6.24278 6.42372 6.53549 6.44566 6.2262 5.94293 5.19405 4.22383 3.5743 1.52899 0.501067 -0.492182 -1.99791 -3.1757 -9999 -9999 -9999 -9999 -9999 -9999 -9999 -0.454701 -0.51124 -0.484714 -0.153714 0.760361 0.224113 -9999 -9999 -9999 -9999 -9999 -9999 -9999 -9999 -9999 -9999 -9999 -9999 -9999 -9999 -9999 -9999 -9999 -9999 -9999 -2.94536 -4.13597 -9999 -9999 -9999 -9999
-9999 -9999 -9999 5.31918 6.07344 6.45146 7.15199 7.55442 7.83768 8.07234 8.2965 8.26168 7.99456 7.5866 7.58968 7.02568 6.72087 6.50258 6.97099 7.06251 6.87301 6.63617 6.42745 5.83742 5.7712 5.61268 4.99852 3.98811 2.94697 1.46086 -0.583725 -2.58929 -4.20696 -9999 -9999 -9999 -9999 -9999 -9999 -0.275331 0.482749 0.93667 -0.0306964 0.795105 1.55031 1.43038 0.726068 -9999 -9999 -9999 -9999 -9999 -9999 -9999 -9999 -9999 -9999 -9999 -9999 -9999 -9999 2.70387 1.48284 -0.980782 -2.24471 -3.00384 -4.08657 -9999 -9999 -9999 -9999
-9999 -9999 -9999 5.18127 6.07237 6.67751 7.21574 7.30523 7.8653 8.11776 8.23995 8.2287 8.17744 8.1033 7.6116 7.39944 6.65446 7.36427 7.3353 7.15326 6.43875 6.12879 4.9047 4.36708 4.27754 5.31079 4.55452 2.97104 0.990503 -1.38063 -1.52327 -2.30903 -3.75446 -9999 -9999 -9999 -9999 -9999 -9999 -0.031734 0.778701 1.45513 1.55297 0.59158 1.93323 1.90744 1.158 0.988939 1.60558 1.91875 1.69812 2.43717 2.65171 2.31911 2.68121 -9999 -9999 -9999 -9999 2.88428 2.93044 2.96458 2.45407 -0.237207 -2.07596 -3.72722 -3.87631 -9999 -9999 -9999 -9999
-9999 -9999 -9999 5.80759 6.35736 6.63753 6.68656 7.1714 7.66324 7.97126 8.1961 8.15529 8.13948 8.12167 7.95324 7.56116 7.62972 7.59574 7.36499 6.00539 4.41932 5.10859 4.16358 2.16748 3.81658 4.71946 3.86241 1.94306 -0.283135 -0.998438 -0.955817 -2.0498 -3.45862 -9999 -9999 -9999 -2.23735 -1.07624 -0.976792 -0.635992 0.444857 1.26686 1.88681 2.30896 2.31404 1.87413 1.14142 0.345056 0.631181 2.06831 2.41975 2.72888 2.95138 2.64259 2.80116 3.18287 3.37867 3.41599 3.3225 3.29851 3.32648 3.27733 2.80048 0.39402 -0.984921 -1.86536 -3.62927 -9999 -9999 -9999 -9999
-9999 -9999 -9999 5.48348 5.96229 6.35151 6.99442 7.06729 7.47791 7.73025 8.0979 8.14101 7.72448 8.07101 8.02599 7.95992 7.82044 7.61654 6.46773 4.88566 3.30022 2.56783 2.89245 1.68301 2.31719 3.23217 2.90295 1.73173 -0.250702 -0.524898 -0.973437 -2.81021 -4.58483 -9999 -9999 -4.48101 -2.25172 -0.683057 0.124754 0.373217 0.394878 1.43053 1.51037 2.62667 2.38069 0.908835 1.0766 0.506024 0.880646 1.40987 1.55591 2.3226 3.05392 3.19055 3.19221 3.43445 3.48203 3.4919 3.48216 3.31292 3.38511 3.3932 3.09452 1.34898 0.49652 -0.437649 -3.60177 -9999 -9999 -9999 -9999
-9999 -9999 -9999 5.74312 6.27881 6.86588 6.96493 7.40185 7.35574 7.24517 7.85206 8.08038 7.78686 7.57485 7.96599 7.93697 7.88209 7.79289 6.71257 5.46316 3.57413 2.40027 1.69496 1.18773 0.523789 0.996235 0.858782 0.673146 0.899957 0.359227 -0.717741 -1.79398 -3.80951 -4.90189 -9999 -4.35047 -3.34544 -1.47993 0.104556 1.10913 0.743813 1.92131 2.1382 2.83101 2.43189 1.54051 1.1582 1.12605 1.01057 1.80774 2.34744 2.73409 2.9864 3.30216 3.38049 3.45854 3.48926 3.50423 3.51908 3.51119 3.50104 3.462 3.34744 2.54303 1.69583 -0.139032 -3.49152 -9999 -9999 -9999 -9999
-9999 -9999 4.18861 5.69038 6.58716 6.93747 7.19213 7.41752 7.58226 7.76072 7.91633 8.02794 7.98717 7.20544 7.26828 7.40652 7.8471 7.81137 7.70978 7.02463 4.72637 3.94028 2.78524 1.28661 0.670986 0.990016 2.2267 2.1786 1.37088 0.469853 -0.772238 -1.56563 -2.80236 -5.179 -4.9643 -3.89232 -3.096 -1.82937 0.107575 1.46412 2.06753 2.29368 2.77961 3.02803 2.4824 1.96656 1.7496 1.34607 1.29166 1.29766 1.7806 2.16428 3.00173 3.2818 3.41019 3.47344 3.5058 3.52801 3.54941 3.55411 3.534 3.53085 3.52057 3.46121 2.32968 -0.497842 -2.62854 -9999 -9999 -9999 -9999
-9999 -9999 -9999 5.42282 5.81996 5.92783 6.1133 6.48743 6.91788 7.53074 7.61222 7.94663 7.94451 7.27292 6.4932 7.1686 7.43416 7.70891 7.71264 7.62061 5.6967 4.68761 3.89455 2.45803 2.98895 3.48818 3.53252 3.24238 1.50304 -0.229308 -2.22218 -4.09111 -4.17678 -5.18238 -4.64632 -3.93869 -2.12161 -0.844512 -0.329217 0.0395289 2.00806 2.52466 2.70097 3.20591 2.51818 2.34966 1.83492 1.99194 1.95007 1.95652 0.526274 1.97374 2.06004 2.99745 3.42026 3.51463 3.5378 3.56206 3.56259 3.56384 3.55528 3.56062 3.54455 3.52567 2.78922 -0.795183 -2.59659 -9999 -9999 -9999 -9999
-9999 -9999 -9999 -9999 -9999 5.56595 5.87155 6.0698 6.40832 7.4379 7.71628 7.90146 7.91856 7.61812 6.84601 6.64015 6.77734 6.02078 6.64584 7.5061 7.48324 7.37886 5.68494 4.82727 5.6725 5.42373 4.15653 3.16132 2.1794 0.150334 -1.32748 -3.46994 -5.07874 -5.13698 -3.35611 -1.87762 -0.0391242 0.769624 0.302978 0.799337 1.77945 2.89051 3.42776 3.30097 2.57606 2.48032 1.68536 2.47323 2.5442 2.18332 1.87178 2.00676 2.47176 2.64924 3.38193 3.55813 3.58829 3.59037 3.58936 3.58188 3.57327 3.56091 3.54962 3.53624 3.50059 -0.183809 -3.0513 -9999 -9999 -9999 -9999
-9999 -9999 -9999 -9999 -9999 4.86757 5.05628 5.54228 6.78028 7.43563 7.69995 7.69377 7.81553 7.6034 6.9236 6.22449 5.5639 4.71354 5.19431 6.47273 7.22665 7.31275 5.82832 6.61149 6.32768 5.76369 4.10443 2.8841 2.24111 0.293628 -1.36731 -2.79079 -4.75969 -3.91326 -2.98301 -1.79007 0.216352 1.56783 2.1203 1.65019 2.2738 3.55253 3.55885 2.85867 2.90545 2.48475 1.39742 2.53668 2.86026 2.60685 2.67762 2.591 2.76522 3.08032 3.3808 3.57948 3.60416 3.6042 3.59347 3.58862 3.5851 3.56687 3.56432 3.55087 3.52956 1.15069 -3.09979 -9999 -9999 -9999 -9999
-9999 -9999 -9999 -9999 -9999 -9999 4.23903 5.33976 6.98091 7.39673 7.36314 7.70304 7.73308 7.40724 7.1229 6.27473 5.11621 2.89459 3.45629 4.63305 6.33221 7.2262 7.10767 6.62042 5.76286 3.6804 1.85954 1.64559 1.35452 -0.0645825 -1.34066 -2.92395 -1.99947 -0.988719 0.115169 0.693837 0.54082 1.69837 2.64119 2.23567 3.00125 3.89575 3.48845 3.2483 3.04785 2.56072 2.53442 2.58989 3.23893 2.7971 3.07542 3.09181 3.07821 3.23199 3.40786 3.59155 3.6195 3.61654 3.61541 3.58942 3.59257 3.57785 3.56373 3.55105 3.53238 3.31535 1.02458 -0.343991 -9999 -9999 -9999
-9999 -9999 -9999 -9999 -9999 -9999 3.23781 3.78953 5.73166 6.33926 7.19788 7.65398 7.67542 7.12537 6.81777 5.55576 5.14318 3.08802 2.15637 2.94264 2.64027 4.98198 7.05573 6.61492 2.43931 0.931639 -0.141086 0.144346 0.155045 -0.234353 -2.41643 -3.01647 -1.04664 0.193587 1.15341 1.88003 2.02983 2.00082 3.47769 3.67138 4.14977 4.04329 4.08703 3.33957 2.87814 3.28815 2.82542 2.74973 3.42002 2.76832 3.36579 3.3053 3.12909 3.12076 3.51157 3.58953 3.62892 3.62818 3.60862 3.58425 3.56899 3.57761 3.56813 3.54343 3.5421 3.51898 3.24401 2.05886 1.64449 2.10304 -9999
-9999 -9999 -9999 -9999 -9999 -9999 -9999 1.99146 4.68784 5.92664 6.57511 7.48607 7.59586 7.30745 6.77409 5.48744 4.35557 2.51826 0.42118 -0.689429 2.6304 5.52116 7.03182 6.84387 3.3689 2.00183 1.94539 2.76207 2.08704 1.57671 -0.0784667 -0.57222 -1.26167 -0.832404 0.508771 1.59886 2.64883 3.41079 3.46926 3.96232 4.2464 4.26794 4.35648 4.26872 4.19816 3.48245 3.98421 3.56509 3.79364 3.65328 3.52683 3.42423 3.01321 3.30579 3.56401 3.6294 3.64784 3.62861 3.62073 3.60513 3.5761 3.56242 3.55719 3.55173 3.53605 3.53398 3.51832 3.38457 2.67149 1.7174 0.512352
-9999 -9999 -9999 -9999 -9999 -9999 -9999 0.654765 3.3373 4.63675 6.29986 7.16323 7.5104 7.46134 7.02852 6.0501 4.57956 3.3544 1.01398 -1.41511 2.0671 5.17566 6.85337 6.94588 4.03305 4.85029 4.20167 4.47319 3.28038 2.78878 2.40781 1.5507 0.611837 -0.410568 -0.955817 1.49331 2.74896 3.75833 4.23216 4.49845 4.62992 4.55625 4.37332 3.28461 4.11558 4.07687 3.99712 3.90571 3.86349 3.78127 3.68359 3.63342 3.61368 3.34029 3.6521 3.64287 3.64418 3.64201 3.62968 3.60964 3.59139 3.57002 3.56788 3.5555 3.54231 3.53296 3.52623 3.51622 3.47624 3.28646 1.66799
-9999 -9999 -9999 -9999 -9999 -9999 -9999 -3.10092 0.799086 3.95116 5.58627 6.91927 7.28236 7.41572 6.83648 6.4023 5.34743 4.34884 2.81059 0.508503 -0.908358 1.69886 5.49356 6.89924 6.8022 6.72042 5.96875 5.2922 5.21232 5.26974 4.48772 3.34412 1.83184 1.36136 0.829408 2.65308 2.89769 2.76075 4.76484 4.76585 4.64852 3.8777 3.01804 3.18063 2.65261 3.06572 2.43346 3.0198 3.52726 3.71879 3.70618 3.64877 3.64398 3.6137 3.6663 3.6633 3.65174 3.64155 3.6339 3.62195 3.59403 3.57624 3.58037 3.56348 3.54866 3.53689 3.53231 3.52652 3.49644 3.46929 3.21987
-9999 -9999 -9999 -9999 -9999 -9999 -9999 -2.91232 0.375233 3.1553 4.8261 6.42717 6.79643 7.33422 7.21402 6.75967 5.84256 4.69806 3.4319 1.45687 -0.0103926 1.73543 4.25219 6.05822 6.71687 6.71894 6.68086 6.51495 6.46315 6.26817 6.13809 5.30931 3.88315 3.07478 1.89113 3.92391 4.14931 3.82762 4.83981 4.78545 3.24641 2.0629 1.91388 2.63604 1.95081 1.83554 1.4146 1.899 3.1936 2.82139 2.8983 3.49385 3.59074 3.65192 3.66718 3.66098 3.6554 3.64208 3.63975 3.63706 3.60981 3.5949 3.58556 3.55952 3.55575 3.53782 3.52325 3.51341 3.49645 3.47133 3.39964
-9999 -9999 -9999 -9999 -9999 -9999 -9999 -2.82665 -0.622761 1.87861 4.33744 6.0473 6.73518 7.2349 7.22626 6.69893 6.24167 5.5234 4.40938 3.64541 2.32073 0.503677 3.55241 4.48592 5.33195 5.70117 6.57552 6.55913 6.1653 5.71699 6.14828 6.02667 4.89534 4.52249 3.89275 5.02239 5.02224 4.98769 4.92372 3.62293 1.81639 0.372307 1.40797 1.19006 1.66926 0.19901 1.41676 2.39586 2.71509 2.05699 1.56614 3.09933 3.3519 3.50117 3.59588 3.65698 3.63908 3.6515 3.63901 3.63072 3.62185 3.60483 3.59309 3.57628 3.55951 3.54798 3.53496 3.51572 3.49203 3.48944 3.4528
-9999 -9999 -9999 -9999 -9999 -9999 -9999 -9999 -1.90346 1.27155 4.10104 5.67477 6.66299 7.14252 7.13028 6.85905 6.54773 6.10168 5.29786 4.28931 2.69681 1.51549 2.26785 3.18285 3.29811 3.91113 5.68145 6.28875 5.43716 3.3358 4.59008 5.98258 5.95983 5.84017 5.70578 5.53262 5.37677 5.0386 4.13757 1.38348 0.840726 -0.240575 -0.119477 -0.674105 0.538572 0.0919869 1.33545 1.87531 2.08018 0.933196 1.18769 2.5386 3.07263 2.98322 3.30983 3.6222 3.63006 3.63619 3.62489 3.6282 3.62712 3.61834 3.59975 3.58612 3.57554 3.55227 3.55132 3.4471 3.37904 3.243 3.40868
-9999 -9999 -9999 -9999 -9999 -9999 -9999 -9999 -2.52026 0.643372 3.97595 5.04402 6.10982 7.0291 7.04389 6.63135 6.23925 5.83597 5.37776 4.15442 2.96881 1.83756 1.45887 1.68865 1.67904 2.66752 4.97182 5.42041 5.23316 3.0431 2.2965 4.15621 5.71858 5.84064 5.69741 3.85637 4.24581 3.25124 1.90321 1.5305 0.939407 -0.306946 0.290677 -0.621876 -0.231543 -0.326373 0.379653 0.724547 1.56451 0.564596 0.580658 1.90697 2.575 2.59097 3.29125 3.53972 3.6032 3.61725 3.62634 3.62641 3.63439 3.6249 3.61165 3.59525 3.55928 3.47728 3.23491 1.90097 1.90103 2.26487 2.60928
-9999 -9999 -9999 -9999 -9999 -9999 -9999 -9999 -2.14514 0.0495674 3.00633 5.19555 5.33045 6.39307 6.94018 6.49204 5.98813 5.47307 5.24731 3.91578 2.45381 1.27307 -0.124078 0.107281 1.11236 2.76228 4.25106 4.51911 4.21391 3.04897 3.60858 4.87661 5.54939 5.74688 5.58906 5.18666 4.95312 4.22028 3.90136 2.8845 1.29598 0.66935 1.06372 -0.621598 -0.504527 0.118034 -0.5329 0.558519 1.08128 -0.210777 0.829592 2.0011 2.59961 3.12248 3.36915 3.46636 3.61594 3.61768 3.62791 3.63214 3.62713 3.62423 3.59688 3.57387 3.43004 3.21931 1.97665 1.46225 1.56183 2.13367 2.63432
-9999 -9999 -9999 -9999 -9999 -9999 -9999 -9999 -1.76139 0.214261 2.77761 4.33777 4.61461 5.79349 6.84147 6.72145 6.19732 6.0364 5.49405 4.36439 3.11721 1.75452 1.09232 -0.429941 1.07001 2.26369 3.52409 4.11454 3.16186 2.67393 3.5388 4.39821 4.74086 5.60805 5.59834 5.31359 4.09157 3.49457 3.74396 3.48634 3.03686 1.94315 1.89313 1.19054 0.899214 0.624317 -0.256675 0.312341 0.36965 0.527273 1.77031 2.37966 2.78325 3.14999 3.24522 3.4035 3.60907 3.62517 3.6302 3.62668 3.62785 3.60983 3.54807 3.49564 3.20889 2.70335 1.76227 0.243479 1.31408 2.4338 2.76188
-9999 -9999 -9999 -9999 -9999 -9999 -9999 -9999 -2.08859 0.010078 2.20045 3.11466 3.26763 5.40356 6.71038 6.71005 6.46032 6.16932 4.83179 4.9088 4.6406 3.41088 1.62029 -0.34597 -0.161425 1.01925 2.68009 3.2311 1.64293 1.07476 1.49249 2.79187 3.95461 5.16841 5.47552 5.11732 3.21623 1.19599 2.13013 3.12846 3.12116 2.82612 1.81197 1.48926 1.19728 0.457739 -0.78738 -0.599331 -0.251267 1.1625 1.60451 2.28748 2.85436 2.63917 2.76299 3.30445 3.61417 3.62377 3.62697 3.63471 3.62491 3.60361 3.4834 3.35629 3.14485 1.83061 1.0126 -0.177508 1.20704 1.96946 2.37545
-9999 -9999 -9999 -9999 -9999 -9999 -9999 -9999 -2.72893 -1.2067 0.886681 1.72877 3.0734 5.09174 6.0831 6.55701 6.54408 6.34929 5.74917 5.38786 4.67778 3.39812 1.64903 -0.29492 -1.56047 -0.917672 1.32592 1.86368 0.392142 -0.36239 0.576262 1.96077 4.01095 5.18161 5.33828 5.23053 4.83702 3.36156 1.57931 1.58355 2.47479 1.72614 0.856443 1.33293 1.24365 0.513305 -0.0179364 -0.330748 -0.124987 0.683607 1.01265 1.80155 2.96611 3.13183 3.09729 3.5863 3.60891 3.61822 3.6344 3.63133 3.62422 3.60683 3.50836 3.29108 2.41537 1.65148 0.589806 0.456514 1.68849 2.21911 2.7222
-9999 -9999 -9999 -9999 -9999 -9999 -9999 -9999 -3.83849 -2.04733 -0.0865782 1.74909 3.4856 4.97974 5.09272 5.87952 5.87597 6.28718 6.16645 5.60996 5.01133 3.9082 1.66111 -0.228421 -2.28885 -1.74678 0.542486 0.858322 -0.135927 -1.97246 -0.077846 2.01142 3.90464 4.92869 4.12293 4.94513 4.87553 4.32147 3.25974 1.61004 1.63953 0.403066 0.348008 0.981127 1.18608 1.07972 0.680744 0.0507696 0.168623 0.663566 0.786048 1.51087 2.41396 3.29661 3.44362 3.61048 3.61577 3.61637 3.62783 3.62715 3.60617 3.55833 3.45548 2.72089 1.84781 1.30903 0.568532 0.476592 1.89111 2.45535 2.7722
-9999 -9999 -9999 -9999 -9999 -9999 -9999 -9999 -9999 -2.22121 -0.195597 1.30256 1.70399 3.03173 3.74738 4.30055 4.42105 6.00477 6.08968 5.7358 5.1854 4.24391 2.53802 1.34909 -0.627749 -2.04894 -1.4511 -1.16902 -0.648225 -0.803192 0.0409382 2.04832 4.13956 4.36611 3.03471 3.22961 3.50575 4.12717 3.80893 1.56171 0.419188 -0.529298 0.141977 0.848423 1.0187 1.0522 0.915068 0.767425 0.51243 1.45818 2.15767 2.31903 2.92845 3.37787 3.50076 3.59275 3.60233 3.61195 3.60983 3.58116 3.55961 3.4439 3.18778 2.36638 0.394683 0.484053 0.268524 -0.346512 1.03136 1.91285 2.69138
-9999 -9999 -9999 -9999 -9999 -9999 -9999 -9999 -9999 -2.88659 -0.542599 -0.0496106 -0.089182 -0.868923 -0.51411 2.36329 2.94036 4.45886 5.89661 5.7881 5.24772 4.36632 3.34921 1.77588 -0.447597 -2.21456 -2.93975 -1.03495 0.827837 1.21166 1.80575 3.03501 3.2671 1.90638 0.630116 1.34336 1.77209 3.41178 3.70932 3.38818 2.03348 0.485015 -0.323889 0.627981 0.754324 0.810659 0.821275 0.795403 0.77221 1.84517 2.43478 2.84333 3.06509 3.45074 3.54815 3.57802 3.60583 3.59665 3.57435 3.51076 3.43871 3.12999 2.75678 1.41296 0.292161 -0.407725 -1.29539 0.696696 1.28125 2.10307 2.63538
