Test_Spring_2018b/04_18/Temp/20180402_013.txt
ncols	170
nrows	115
xllcorner	350000.000000
yllcorner	4445000.000000
cellsize	1000.000000
nodata_value	-9999.000000
[rows 32 to 63 of 115, columns 72 to 143 of 170]
14.7827 14.6786 14.859 15.0255 14.916 14.8463 15.1064 15.1134 15.0315 14.8296 14.7608 14.6896 14.6496 14.3897 13.644 12.9728 13.3471 13.3652 13.1224 13.5838 13.3538 12.7393 11.8678 12.3542 12.2377 11.6074 11.4576 -9999 -9999 -9999 -9999 -9999 -9999 -9999 -9999 -9999 -9999 -9999 -9999 -9999 -9999 -9999 -9999 -9999 -9999 -9999 -9999 -9999 -9999 -9999 -9999 -9999 -9999 -9999 -9999 -9999 -9999 -9999 -9999 -9999 -9999 -9999 -9999 -9999 -9999 -9999 -9999 -9999 -9999 -9999 -9999 -9999
14.6325 14.5924 14.8571 14.8591 14.8388 14.9179 15.079 15.1186 15.0912 15.0076 14.9366 14.8609 14.6559 14.3572 13.7203 12.9549 12.7887 13.1774 13.2049 13.275 13.0663 12.8015 12.3821 12.7408 12.8849 12.4784 11.9354 11.5858 -9999 -9999 -9999 -9999 -9999 -9999 -9999 -9999 -9999 -9999 -9999 -9999 -9999 -9999 -9999 -9999 -9999 -9999 -9999 -9999 -9999 -9999 -9999 -9999 -9999 -9999 -9999 -9999 -9999 -9999 -9999 -9999 -9999 -9999 -9999 -9999 -9999 -9999 -9999 -9999 -9999 -9999 -9999 -9999
14.4537 14.2125 14.3751 14.4989 14.6982 14.744 14.7832 15.097 15.0883 15.0819 14.9591 14.863 14.6983 14.4111 13.9985 13.5 12.6251 13.1799 13.6163 13.6146 13.6002 13.4174 13.0149 13.3671 13.3913 12.8668 12.2552 11.9134 11.7774 -9999 -9999 -9999 -9999 -9999 -9999 -9999 -9999 -9999 -9999 -9999 -9999 -9999 -9999 -9999 -9999 -9999 -9999 -9999 -9999 -9999 -9999 -9999 -9999 -9999 -9999 -9999 -9999 -9999 -9999 -9999 -9999 -9999 -9999 -9999 -9999 -9999 -9999 -9999 -9999 -9999 -9999 -9999
14.2508 13.9543 14.1179 14.3333 14.6204 14.7618 14.8749 14.9736 15.0746 15.0712 14.9453 14.558 14.5103 14.5023 14.2357 13.6661 13.0973 12.957 13.6179 13.8136 13.7847 13.9389 13.5993 13.7721 13.7127 13.5301 12.9492 12.4234 12.2161 11.7979 -9999 -9999 -9999 -9999 -9999 -9999 -9999 -9999 -9999 -9999 -9999 -9999 -9999 -9999 -9999 -9999 -9999 -9999 -9999 -9999 -9999 -9999 -9999 -9999 -9999 -9999 -9999 -9999 -9999 -9999 -9999 -9999 -9999 -9999 -9999 -9999 -9999 -9999 -9999 -9999 -9999 -9999
-9999 -9999 13.7707 14.048 14.2818 14.5659 14.8105 14.9415 15.0693 15.0672 14.8074 14.6848 14.6821 14.5104 14.2012 14.0108 13.6564 13.2866 13.4411 14.006 13.768 14.1704 14.1456 14.2261 13.9709 13.4629 12.8023 12.4104 12.2257 11.8884 -9999 -9999 -9999 -9999 -9999 -9999 -9999 -9999 -9999 -9999 -9999 -9999 -9999 -9999 -9999 -9999 -9999 -9999 -9999 -9999 -9999 -9999 -9999 -9999 -9999 -9999 -9999 -9999 -9999 -9999 -9999 -9999 -9999 -9999 -9999 -9999 -9999 -9999 -9999 -9999 -9999 -9999
-9999 -9999 -9999 13.9963 14.1743 14.564 14.7501 14.8373 15.0388 15.0466 14.953 14.8848 14.7824 14.6463 14.4164 14.1619 13.8293 13.8074 14.1724 14.1863 14.1212 14.1884 14.3794 14.3393 13.935 13.2282 12.8644 12.1032 11.7885 11.8303 11.6103 -9999 -9999 -9999 -9999 -9999 -9999 -9999 -9999 -9999 -9999 -9999 -9999 12.6407 -9999 -9999 -9999 -9999 -9999 -9999 -9999 -9999 -9999 -9999 -9999 -9999 -9999 -9999 -9999 -9999 -9999 -9999 -9999 -9999 11.5416 -9999 -9999 -9999 -9999 -9999 -9999 -9999
-9999 -9999 13.9685 14.195 14.3872 14.6332 14.6541 14.7941 15.0244 15.0348 14.9706 14.8975 14.7235 14.6874 14.5608 14.2839 14.2352 14.3615 14.4249 14.4952 14.5419 14.5204 14.4548 14.3672 14.0959 13.7773 13.5657 12.8812 12.5292 12.204 11.7078 11.3219 -9999 -9999 -9999 -9999 -9999 -9999 -9999 12.3231 12.3176 12.34 12.4642 12.7834 12.6172 -9999 -9999 -9999 -9999 -9999 -9999 -9999 -9999 -9999 -9999 -9999 -9999 -9999 -9999 -9999 -9999 -9999 -9999 -9999 11.8184 11.4354 -9999 -9999 -9999 -9999 -9999 -9999
-9999 -9999 14.0161 14.2735 14.4044 14.643 14.7817 14.8584 14.9422 15.0232 15.0183 14.9364 14.8084 14.8186 14.6398 14.5482 14.4859 14.6534 14.6947 14.6414 14.5717 14.5106 14.321 14.3058 14.2333 14.0333 13.7003 13.357 12.8461 12.1685 11.5046 10.9712 -9999 -9999 -9999 -9999 -9999 -9999 12.3651 12.6323 12.7981 12.4882 12.7784 13.0448 13.0181 12.7814 -9999 -9999 -9999 -9999 -9999 -9999 -9999 -9999 -9999 -9999 -9999 -9999 -9999 -9999 13.6463 13.2529 12.4438 12.0362 11.7977 11.4509 -9999 -9999 -9999 -9999 -9999 -9999
-9999 -9999 13.9678 14.2702 14.4763 14.6596 14.6927 14.8724 14.9516 14.998 15.0006 14.9909 14.9745 14.8194 14.7587 14.5203 14.7691 14.7708 14.721 14.4925 14.3986 13.9978 13.8258 13.7787 14.1299 13.8817 13.3562 12.6978 11.8948 11.8492 11.5929 11.1167 -9999 -9999 -9999 -9999 -9999 -9999 12.4414 12.7267 12.9673 13.0144 12.707 13.17 13.1616 12.9245 12.8813 13.101 13.2189 13.1497 13.4117 13.4973 13.3999 13.535 -9999 -9999 -9999 -9999 13.675 13.7054 13.7319 13.5763 12.6912 12.0914 11.5544 11.5179 -9999 -9999 -9999 -9999 -9999 -9999
-9999 -9999 14.176 14.3632 14.4596 14.4782 14.6425 14.7987 14.8969 14.9742 14.9671 14.9695 14.9724 14.926 14.8056 14.8401 14.8407 14.7754 14.3322 13.8125 14.0534 13.7472 13.0724 13.6231 13.93 13.6473 13.0086 12.2671 12.0178 12.0339 11.674 11.2091 -9999 -9999 -9999 11.6578 12.059 12.1058 12.2341 12.6104 12.9003 13.1224 13.2783 13.2823 13.1489 12.9175 12.6644 12.7734 13.2674 13.398 13.5079 13.5961 13.5065 13.5749 13.7166 13.7962 13.823 13.8063 13.8131 13.8375 13.8363 13.6922 12.9009 12.4551 12.1762 11.6074 -9999 -9999 -9999 -9999 -9999 -9999
-9999 -9999 14.061 14.224 14.3563 14.5713 14.5973 14.7366 14.8144 14.9357 14.9564 14.8246 14.9496 14.9447 14.9339 14.8994 14.8437 14.4719 13.9547 13.4357 13.2011 13.3069 12.9094 13.1209 13.4316 13.3237 12.9314 12.271 12.1823 12.0243 11.4132 10.8262 -9999 -9999 10.8887 11.6465 12.1844 12.4687 12.5665 12.589 12.951 12.9931 13.3818 13.3038 12.8253 12.8953 12.7169 12.8555 13.0469 13.1087 13.3714 13.6305 13.6898 13.704 13.7989 13.8289 13.8464 13.8577 13.8159 13.8552 13.8733 13.7889 13.2205 12.9511 12.6527 11.6168 -9999 -9999 -9999 -9999 -9999 -9999
-9999 -9999 14.1411 14.3223 14.5201 14.5544 14.7019 14.6902 14.6462 14.8532 14.9305 14.8399 14.7781 14.9195 14.9216 14.916 14.8993 14.551 14.1457 13.5255 13.1434 12.9062 12.7433 12.5163 12.6784 12.6355 12.5761 12.6544 12.4732 12.1047 11.7494 11.0798 10.7219 -9999 10.926 11.2743 11.9118 12.4564 12.8077 12.7013 13.1113 13.1998 13.4383 13.3194 13.0354 12.9225 12.9254 12.9 13.1797 13.3721 13.5079 13.6057 13.7256 13.7653 13.8051 13.8294 13.8486 13.8681 13.8803 13.8921 13.8945 13.8719 13.6186 13.3495 12.7516 11.6525 -9999 -9999 -9999 -9999 -9999 -9999
-9999 13.6297 14.1232 14.4241 14.5418 14.6272 14.703 14.759 14.8124 14.869 14.9115 14.9019 14.6496 14.6816 14.7402 14.9009 14.9027 14.8825 14.6665 13.9098 13.6495 13.2674 12.7721 12.5652 12.6752 13.0914 13.0772 12.8084 12.5084 12.085 11.8205 11.4122 10.6233 10.7041 11.0733 11.3519 11.7893 12.4522 12.9219 13.1401 13.2323 13.4042 13.5026 13.3359 13.1778 13.1193 12.9979 12.9929 13.0078 13.182 13.3172 13.6096 13.7167 13.7736 13.8084 13.8331 13.8547 13.8763 13.8928 13.9013 13.9158 13.9282 13.9231 13.5606 12.6338 11.9434 -9999 -9999 -9999 -9999 -9999 -9999
-9999 -9999 14.0332 14.1662 14.2018 14.2633 14.3882 14.5324 14.731 14.7619 14.8791 14.8856 14.6682 14.4186 14.6573 14.76 14.8663 14.8818 14.8647 14.2254 13.8968 13.6389 13.164 13.3406 13.5103 13.5268 13.4308 12.8495 12.2705 11.5956 10.9737 10.9498 10.6175 10.8053 11.0526 11.6729 12.1141 12.3016 12.4412 13.1166 13.3014 13.377 13.5616 13.3467 13.305 13.1469 13.2131 13.2123 13.2272 12.7611 13.2524 13.2944 13.6211 13.7751 13.8206 13.8421 13.8644 13.879 13.8944 13.9068 13.9242 13.9339 13.9459 13.7161 12.5334 11.9531 -9999 -9999 -9999 -9999 -9999 -9999
-9999 -9999 -9999 -9999 14.0788 14.1799 14.2454 14.3584 14.6964 14.793 14.8602 14.8731 14.7818 14.5339 14.4781 14.5382 14.2998 14.5226 14.8206 14.8237 14.7978 14.2383 13.952 14.2382 14.1571 13.7342 13.4017 13.0733 12.3944 11.8917 11.1778 10.6438 10.6304 11.2343 11.7383 12.3658 12.6505 12.5098 12.6923 13.0347 13.4229 13.6188 13.5923 13.3651 13.3479 13.0961 13.3734 13.4103 13.3023 13.2103 13.2626 13.4312 13.5035 13.7618 13.834 13.8577 13.8724 13.8866 13.899 13.9115 13.9236 13.9361 13.9483 13.9532 12.7372 11.8001 -9999 -9999 -9999 -9999 -9999 -9999
-9999 -9999 -9999 -9999 13.8432 13.9049 14.0664 14.4802 14.693 14.7849 14.7882 14.8363 14.7747 14.5586 14.3376 14.131 13.8605 14.0349 14.4749 14.7379 14.7757 14.2861 14.5488 14.4569 14.27 13.7156 13.3074 13.092 12.4401 11.876 11.4025 10.7479 11.0371 11.3563 11.7655 12.4488 12.9152 13.1157 12.9738 13.1989 13.6433 13.6617 13.4434 13.4746 13.3487 12.9992 13.3941 13.5155 13.4433 13.4793 13.4575 13.5286 13.6469 13.7605 13.8402 13.862 13.876 13.8869 13.9002 13.9146 13.9246 13.9402 13.9524 13.9623 13.1833 11.7834 -9999 -9999 -9999 -9999 -9999 -9999
-9999 -9999 -9999 -9999 -9999 13.6295 13.9967 14.5455 14.6784 14.6708 14.79 14.8076 14.7082 14.6245 14.3539 13.9806 13.2515 13.4529 13.8589 14.4382 14.7462 14.7135 14.5511 14.2671 13.5719 12.9633 12.8918 12.7942 12.3191 11.8838 11.3568 11.6704 12.0145 12.3919 12.5956 12.5565 12.958 13.2888 13.1691 13.4417 13.7576 13.6377 13.5734 13.5218 13.3738 13.3793 13.4115 13.6418 13.5066 13.612 13.6247 13.6329 13.6972 13.769 13.8437 13.8666 13.8796 13.8936 13.8999 13.9165 13.9277 13.9395 13.9521 13.9629 13.9074 13.1633 12.723 -9999 -9999 -9999 -9999 -9999
-9999 -9999 -9999 -9999 -9999 13.2927 13.4766 14.1266 14.3238 14.6151 14.7736 14.7885 14.6142 14.5223 14.1128 13.9892 13.3159 13.017 13.2922 13.2016 13.9939 14.6949 14.5479 13.1537 12.651 12.293 12.3888 12.3924 12.2621 11.5238 11.326 11.9896 12.4108 12.74 12.9932 13.0551 13.0596 13.5692 13.6496 13.8261 13.8069 13.8379 13.6038 13.4649 13.617 13.4765 13.4648 13.7023 13.4968 13.709 13.696 13.6498 13.6599 13.8036 13.8429 13.8696 13.8834 13.8913 13.8982 13.9086 13.9276 13.941 13.9496 13.9662 13.9756 13.9061 13.5272 13.4058 13.576 -9999 -9999 -9999
-9999 -9999 -9999 -9999 -9999 -9999 12.8741 13.777 14.1858 14.4073 14.7183 14.7631 14.672 14.5065 14.0898 13.7252 13.1244 12.4361 12.0752 13.1964 14.1725 14.685 14.6227 13.4632 13.008 12.9905 13.2645 13.0392 12.869 12.3072 12.1454 11.9195 12.0696 12.5239 12.9 13.264 13.5331 13.5679 13.749 13.8591 13.8826 13.9284 13.9149 13.9067 13.6821 13.8642 13.7377 13.8274 13.7931 13.7631 13.7359 13.6112 13.722 13.8214 13.8566 13.8766 13.8841 13.8959 13.9057 13.9116 13.923 13.9378 13.9528 13.9646 13.981 13.9983 13.9712 13.7498 13.4472 13.0601 -9999 -9999
-9999 -9999 -9999 -9999 -9999 -9999 12.4262 13.3253 13.7547 14.3163 14.6054 14.7286 14.7238 14.5917 14.2778 13.7995 13.4032 12.633 11.8323 13.008 14.0545 14.623 14.6596 13.6837 13.96 13.7449 13.8372 13.4393 13.2762 13.1411 12.8583 12.5495 12.2095 12.037 12.8677 13.3004 13.6521 13.8256 13.9306 13.9909 13.9803 13.9348 13.5861 13.8795 13.8812 13.8688 13.8519 13.851 13.8363 13.816 13.8062 13.8126 13.7341 13.8507 13.8625 13.8764 13.8897 13.9 13.9083 13.9178 13.9267 13.9418 13.9549 13.9675 13.9814 14.0018 14.0159 14.0196 13.9728 13.4473 13.1389 13.0648
-9999 -9999 -9999 -9999 -9999 -9999 11.1689 12.4764 13.5167 14.0706 14.5209 14.6527 14.7088 14.5275 14.3953 14.0556 13.7346 13.2324 12.4738 12.0103 12.8913 14.1687 14.6417 14.6084 14.5845 14.3357 14.1117 14.0871 14.1086 13.8396 13.4543 12.9552 12.8064 12.6382 13.2596 13.3539 13.3217 14.007 14.0228 13.9995 13.7578 13.4827 13.5527 13.3905 13.5433 13.3459 13.5559 13.739 13.816 13.8243 13.812 13.8221 13.8253 13.8584 13.8707 13.8805 13.8911 13.9031 13.9141 13.9203 13.9304 13.9481 13.9583 13.9701 13.9837 14.0049 14.0203 14.0272 14.0347 13.9673 13.8576 13.6357
-9999 -9999 -9999 -9999 -9999 -9999 11.2215 12.3146 13.2508 13.8116 14.3565 14.4904 14.6816 14.6536 14.5142 14.2201 13.8498 13.4382 12.7887 12.3082 12.9016 13.7506 14.3615 14.581 14.5827 14.5736 14.5214 14.4987 14.4369 14.3863 14.1152 13.6456 13.3838 12.9977 13.6891 13.7769 13.6827 14.0358 14.0326 13.5332 13.1528 13.1187 13.3715 13.1572 13.133 13.0056 13.1814 13.628 13.515 13.5535 13.7593 13.8052 13.8419 13.8603 13.8717 13.8836 13.8933 13.9071 13.9212 13.9276 13.9385 13.9517 13.9595 13.9739 13.9847 14.0029 14.017 14.0282 14.0363 14.0284 14.0187 14.0629
-9999 -9999 -9999 -9999 -9999 -9999 11.2467 11.98 12.8236 13.6478 14.2293 14.4698 14.6481 14.6571 14.4928 14.3522 14.124 13.763 13.5185 13.0855 12.4867 13.5152 13.8329 14.1155 14.236 14.5323 14.5304 14.4022 14.242 14.3924 14.3586 13.9881 13.8725 13.6719 14.0612 14.0734 14.0751 14.0677 13.6471 13.0576 12.5897 12.9516 12.8938 13.064 12.5862 13.0064 13.3478 13.468 13.2602 13.1089 13.6283 13.7297 13.7931 13.8383 13.8724 13.8804 13.8987 13.9092 13.9215 13.9339 13.9441 13.9563 13.967 13.9779 13.9896 14.0084 14.0191 14.029 14.0447 14.0484 14.0587 14.0715
-9999 -9999 -9999 -9999 -9999 -9999 -9999 11.5468 12.6087 13.564 14.1001 14.4412 14.6128 14.6203 14.5414 14.4491 14.3115 14.0537 13.7268 13.2036 12.8172 13.0769 13.3876 13.4255 13.6358 14.2329 14.4407 14.1603 13.4478 13.8734 14.347 14.3478 14.3171 14.2825 14.2364 14.1964 14.0963 13.8085 12.9012 12.7334 12.3864 12.4418 12.271 12.6855 12.5501 12.9802 13.1746 13.2566 12.886 12.9763 13.446 13.6383 13.622 13.7449 13.863 13.8797 13.8961 13.907 13.9232 13.9382 13.951 13.9611 13.9728 13.9857 13.9934 14.0167 13.9988 13.9928 13.9637 14.0353 14.056 14.0844
-9999 -9999 -9999 -9999 -9999 -9999 -9999 11.3302 12.3968 13.5208 13.8878 14.2548 14.5733 14.5896 14.4631 14.3435 14.2199 14.0775 13.6785 13.2916 12.922 12.8036 12.888 12.8818 13.2185 13.9952 14.1507 14.0936 13.3507 13.1084 13.7389 14.2707 14.3212 14.2838 13.6791 13.8215 13.5016 13.0639 12.9531 12.7695 12.3669 12.5814 12.2905 12.4355 12.4112 12.6614 12.7906 13.0852 12.764 12.7744 13.2363 13.4736 13.4928 13.741 13.8381 13.8736 13.8927 13.9105 13.9256 13.9437 13.9562 13.9677 13.9783 13.9825 13.9714 13.9056 13.4834 13.5 13.6382 13.7695 13.9986 14.0811
-9999 -9999 -9999 -9999 -9999 -9999 -9999 11.453 12.1959 13.1944 13.9368 13.9923 14.3587 14.5529 14.4142 14.2569 14.0957 14.0309 13.5957 13.1163 12.7304 12.2715 12.357 12.7007 13.2491 13.7537 13.8497 13.754 13.3542 13.5497 13.9828 14.2173 14.2934 14.2514 14.1282 14.0621 13.8296 13.7361 13.4094 12.8918 12.6962 12.8424 12.2927 12.346 12.5683 12.3572 12.7362 12.9248 12.5059 12.8635 13.2696 13.4839 13.6728 13.7695 13.8162 13.8806 13.8957 13.9139 13.9304 13.9441 13.9587 13.9654 13.9737 13.9416 13.8872 13.4876 13.3387 13.3885 13.5962 13.7798 13.9837 14.0707
-9999 -9999 -9999 -9999 -9999 -9999 -9999 11.5784 12.2484 13.1156 13.6476 13.7507 14.1559 14.5176 14.4886 14.3243 14.2815 14.1107 13.7431 13.3356 12.8891 12.6764 12.1754 12.6853 13.0813 13.5101 13.7147 13.3849 13.23 13.5282 13.8251 13.9495 14.2501 14.2578 14.1741 13.7772 13.5901 13.6866 13.6138 13.4771 13.125 13.1222 12.9011 12.8175 12.7394 12.4509 12.6551 12.688 12.7582 13.18 13.3981 13.5474 13.6843 13.7304 13.7977 13.881 13.9011 13.9176 13.9315 13.9472 13.9567 13.9518 13.9501 13.8701 13.7169 13.418 12.933 13.3077 13.6987 13.8355 13.9641 14.0359
-9999 -9999 -9999 -9999 -9999 -9999 -9999 11.4655 12.1771 12.9198 13.2359 13.2975 14.0231 14.4713 14.4823 14.4098 14.3233 13.8865 13.9226 13.8429 13.4411 12.8511 12.2019 12.2721 12.6683 13.2273 13.4193 12.8771 12.6959 12.845 13.2895 13.6887 14.1056 14.2195 14.1113 13.4872 12.8238 13.1493 13.4967 13.5077 13.4227 13.0971 13.0029 12.919 12.6853 12.2814 12.3513 12.4816 12.9639 13.1262 13.3692 13.5732 13.5156 13.5715 13.7672 13.8854 13.9034 13.9194 13.9371 13.9491 13.9575 13.9328 13.906 13.8511 13.4272 13.1694 12.7947 13.2742 13.5456 13.7114 13.9704 14.0437
-9999 -9999 -9999 -9999 -9999 -9999 -9999 11.2476 11.7667 12.4772 12.7693 13.2299 13.9161 14.2589 14.4285 14.4352 14.381 14.1909 14.0805 13.8531 13.4347 12.8589 12.2175 11.8028 12.0265 12.7737 12.9587 12.4589 12.2158 12.5396 13.0129 13.7094 14.112 14.1758 14.1515 14.032 13.5508 12.9673 12.9819 13.2935 13.0566 12.7792 12.9523 12.9362 12.7055 12.5414 12.4424 12.5291 12.8053 12.9299 13.2085 13.6127 13.6827 13.6857 13.864 13.8863 13.9043 13.9247 13.9388 13.9517 13.9613 13.9439 13.8868 13.6095 13.3697 13.0303 13.0016 13.4376 13.6428 13.8304 13.9654 14.0196
-9999 -9999 -9999 -9999 -9999 -9999 -9999 10.8726 11.482 12.1484 12.7732 13.3651 13.876 13.9248 14.1993 14.2092 14.3578 14.3283 14.1527 13.9627 13.6036 12.8613 12.2384 11.558 11.7483 12.516 12.6057 12.2824 11.6775 12.3215 13.0309 13.6752 14.0289 13.7708 14.0578 14.0468 13.8739 13.5315 12.9926 13.0158 12.6155 12.6106 12.8361 12.9184 12.8965 12.7767 12.5784 12.6287 12.8002 12.8559 13.1131 13.43 13.74 13.804 13.8746 13.8912 13.9063 13.9252 13.9401 13.9483 13.9477 13.9288 13.6985 13.4221 13.2575 13.0256 13.0107 13.5076 13.7246 13.85 13.9688 14.025
-9999 -9999 -9999 -9999 -9999 -9999 -9999 -9999 11.4204 12.1087 12.6207 12.766 13.2214 13.472 13.6684 13.7199 14.261 14.3004 14.1928 14.0191 13.7143 13.1533 12.765 12.1128 11.6463 11.8448 11.9271 12.1111 12.0691 12.3617 13.044 13.7546 13.8417 13.4077 13.4849 13.5897 13.8103 13.7166 12.9778 12.6088 12.3048 12.543 12.793 12.8637 12.8886 12.8564 12.8227 12.7365 13.0678 13.3166 13.3854 13.6041 13.7693 13.8253 13.871 13.8891 13.9074 13.9217 13.9273 13.9353 13.9119 13.8417 13.5823 12.9382 12.9838 12.9275 12.7376 13.2264 13.5484 13.8258 13.9805 14.0319
-9999 -9999 -9999 -9999 -9999 -9999 -9999 -9999 11.1942 11.9893 12.1652 12.163 11.9133 12.0434 13.0177 13.2222 13.7416 14.2339 14.2085 14.0384 13.7538 13.4235 12.9067 12.1721 11.59 11.3367 11.978 12.605 12.7434 12.9524 13.3744 13.463 13.019 12.6036 12.8544 13.0103 13.5717 13.6842 13.5899 13.1499 12.6452 12.3881 12.7203 12.7762 12.8088 12.8261 12.8346 12.832 13.1988 13.411 13.5626 13.6517 13.7957 13.8433 13.8683 13.8926 13.9046 13.9123 13.9061 13.8973 13.8093 13.6998 13.2656 12.9062 12.6877 12.4065 13.0891 13.3125 13.6133 13.8097 13.9637 14.0097
