Test_Spring_2018b/04_18/Temp/20180430_001.txt
ncols	170
nrows	115
xllcorner	350000.000000
yllcorner	4445000.000000
cellsize	1000.000000
nodata_value	-9999.000000
[rows 32 to 63 of 115, columns 72 to 143 of 170]
16.7545 16.4159 16.9251 17.3935 17.092 16.8903 17.6569 17.6518 17.3811 16.752 16.5184 16.2765 16.1268 15.3217 13.0701 11.04 12.1217 12.1436 11.3889 12.7311 12.016 10.1568 7.53401 8.95344 8.57898 6.72724 6.27104 -9999 -9999 -9999 -9999 -9999 -9999 -9999 -9999 -9999 -9999 -9999 -9999 -9999 -9999 -9999 -9999 -9999 -9999 -9999 -9999 -9999 -9999 -9999 -9999 -9999 -9999 -9999 -9999 -9999 -9999 -9999 -9999 -9999 -9999 -9999 -9999 -9999 -9999 -9999 -9999 -9999 -9999 -9999 -9999 -9999
16.2957 16.1473 16.907 16.8854 16.8302 17.0913 17.5627 17.6542 17.5457 17.2686 17.0283 16.7732 16.1326 15.212 13.2845 10.9743 10.4473 11.5721 11.6223 11.7999 11.1478 10.3298 9.05229 10.0912 10.4923 9.27685 7.68092 6.64756 -9999 -9999 -9999 -9999 -9999 -9999 -9999 -9999 -9999 -9999 -9999 -9999 -9999 -9999 -9999 -9999 -9999 -9999 -9999 -9999 -9999 -9999 -9999 -9999 -9999 -9999 -9999 -9999 -9999 -9999 -9999 -9999 -9999 -9999 -9999 -9999 -9999 -9999 -9999 -9999 -9999 -9999 -9999 -9999
15.7509 15.0036 15.4594 15.8002 16.4294 16.5786 16.6696 17.5773 17.5241 17.4771 17.0828 16.7668 16.2462 15.36 14.1003 12.5844 9.94811 11.5674 12.8346 12.7983 12.7248 12.1506 10.9232 11.9429 11.9869 10.4378 8.65666 7.6099 7.17532 -9999 -9999 -9999 -9999 -9999 -9999 -9999 -9999 -9999 -9999 -9999 -9999 -9999 -9999 -9999 -9999 -9999 -9999 -9999 -9999 -9999 -9999 -9999 -9999 -9999 -9999 -9999 -9999 -9999 -9999 -9999 -9999 -9999 -9999 -9999 -9999 -9999 -9999 -9999 -9999 -9999 -9999 -9999
15.1334 14.2218 14.6805 15.2942 16.1574 16.5961 16.9296 17.1975 17.4709 17.4333 17.0298 15.8473 15.6747 15.6195 14.7941 13.0666 11.3413 10.8916 12.8268 13.378 13.2611 13.6903 12.6499 13.1358 12.9309 12.3806 10.6754 9.11534 8.46862 7.19351 -9999 -9999 -9999 -9999 -9999 -9999 -9999 -9999 -9999 -9999 -9999 -9999 -9999 -9999 -9999 -9999 -9999 -9999 -9999 -9999 -9999 -9999 -9999 -9999 -9999 -9999 -9999 -9999 -9999 -9999 -9999 -9999 -9999 -9999 -9999 -9999 -9999 -9999 -9999 -9999 -9999 -9999
-9999 -9999 13.6334 14.466 15.1511 15.9993 16.7251 17.0895 17.4434 17.4096 16.6077 16.2131 16.1746 15.6322 14.68 14.0809 12.9933 11.8604 12.288 13.9378 13.1986 14.3663 14.2633 14.4745 13.6873 12.201 10.225 9.06426 8.48521 7.45118 -9999 -9999 -9999 -9999 -9999 -9999 -9999 -9999 -9999 -9999 -9999 -9999 -9999 -9999 -9999 -9999 -9999 -9999 -9999 -9999 -9999 -9999 -9999 -9999 -9999 -9999 -9999 -9999 -9999 -9999 -9999 -9999 -9999 -9999 -9999 -9999 -9999 -9999 -9999 -9999 -9999 -9999
-9999 -9999 -9999 14.2987 14.8178 15.9543 16.5326 16.7672 17.341 17.3372 17.0304 16.7977 16.4623 16.0258 15.3091 14.5189 13.4958 13.3978 14.452 14.4614 14.2368 14.4068 14.9464 14.7991 13.5885 11.4894 10.3802 8.13754 7.17202 7.26728 6.58197 -9999 -9999 -9999 -9999 -9999 -9999 -9999 -9999 -9999 -9999 -9999 -9999 9.18517 -9999 -9999 -9999 -9999 -9999 -9999 -9999 -9999 -9999 -9999 -9999 -9999 -9999 -9999 -9999 -9999 -9999 -9999 -9999 -9999 5.1426 -9999 -9999 -9999 -9999 -9999 -9999 -9999
-9999 -9999 14.193 14.888 15.4378 16.148 16.2118 16.6267 17.287 17.2916 17.0724 16.8255 16.2767 16.1375 15.7278 14.8703 14.692 15.0344 15.1903 15.3675 15.4753 15.3815 15.1576 14.8692 14.0849 13.1109 12.4559 10.4082 9.36561 8.36897 6.86238 5.6831 -9999 -9999 -9999 -9999 -9999 -9999 -9999 8.37821 8.32367 8.35226 8.68436 9.59732 9.06569 -9999 -9999 -9999 -9999 -9999 -9999 -9999 -9999 -9999 -9999 -9999 -9999 -9999 -9999 -9999 -9999 -9999 -9999 -9999 5.95133 4.76973 -9999 -9999 -9999 -9999 -9999 -9999
-9999 -9999 14.3612 15.1061 15.4753 16.1649 16.5569 16.8065 17.0318 17.2469 17.2047 16.9319 16.5197 16.5179 15.9523 15.6456 15.4259 15.8905 15.9797 15.7887 15.5499 15.3383 14.7458 14.6738 14.4793 13.8597 12.8449 11.799 10.2978 8.25353 6.24859 4.63074 -9999 -9999 -9999 -9999 -9999 -9999 8.53104 9.28798 9.74257 8.7819 9.60754 10.3629 10.2465 9.5308 -9999 -9999 -9999 -9999 -9999 -9999 -9999 -9999 -9999 -9999 -9999 -9999 -9999 -9999 11.5442 10.3315 7.88148 6.62667 5.87487 4.80094 -9999 -9999 -9999 -9999 -9999 -9999
-9999 -9999 14.1997 15.0805 15.6752 16.2023 16.2816 16.817 17.0496 17.1625 17.1432 17.085 17.0051 16.5105 16.2956 15.5511 16.2564 16.2264 16.044 15.3308 15.0199 13.7975 13.2575 13.1349 14.1568 13.3953 11.8091 9.82687 7.44427 7.2934 6.5028 5.05596 -9999 -9999 -9999 -9999 -9999 -9999 8.74863 9.5584 10.2354 10.3365 9.38277 10.723 10.6846 9.94231 9.77787 10.3958 10.7111 10.4889 11.2339 11.4505 11.1219 11.4849 -9999 -9999 -9999 -9999 11.6989 11.7478 11.7851 11.2802 8.60353 6.77633 5.13616 4.99295 -9999 -9999 -9999 -9999 -9999 -9999
-9999 -9999 14.8007 15.3409 15.6112 15.6501 16.1221 16.5886 16.877 17.0862 17.0375 17.0149 16.9914 16.8194 16.4258 16.4923 16.4575 16.2272 14.8726 13.292 13.9769 13.0363 11.0236 12.6551 13.5468 12.6843 10.7629 8.53517 7.80119 7.8344 6.73607 5.32402 -9999 -9999 -9999 6.52362 7.67967 7.77969 8.12134 9.20112 10.0238 10.6461 11.0713 11.0623 10.6324 9.90718 9.11831 9.40732 10.8424 11.1957 11.5068 11.7314 11.4263 11.5873 11.9695 12.1665 12.2057 12.1148 12.0934 12.1241 12.0783 11.607 9.2137 7.84467 6.9725 5.22974 -9999 -9999 -9999 -9999 -9999 -9999
-9999 -9999 14.4494 14.9185 15.297 15.9241 15.9854 16.3827 16.6118 16.9624 16.9969 16.5749 16.9143 16.8653 16.7969 16.6567 16.4534 15.3094 13.734 12.1547 11.4242 11.7281 10.5187 11.1399 12.0434 11.7077 10.527 8.54174 8.25773 7.79064 5.95288 4.1772 -9999 -9999 4.26459 6.48308 8.04531 8.85133 9.10163 9.12716 10.1635 10.2482 11.3655 11.1094 9.65177 9.82378 9.26059 9.63808 10.1704 10.3192 11.0815 11.817 11.9555 11.9592 12.2023 12.2514 12.2631 12.2554 12.0892 12.1638 12.1751 11.8813 10.1468 9.3023 8.37689 5.23865 -9999 -9999 -9999 -9999 -9999 -9999
-9999 -9999 14.6794 15.2043 15.7792 15.8671 16.2907 16.2361 16.1033 16.6972 16.9113 16.6116 16.3947 16.7804 16.7493 16.694 16.6056 15.5306 14.2872 12.4062 11.2364 10.5167 10.0065 9.33059 9.79288 9.64652 9.45123 9.66609 9.11556 8.02204 6.93999 4.92482 3.82931 -9999 4.36877 5.36785 7.22598 8.80604 9.81006 9.45088 10.6293 10.8514 11.5335 11.1414 10.2623 9.88851 9.86142 9.75086 10.5488 11.0905 11.4747 11.729 12.0494 12.1293 12.2087 12.2408 12.2573 12.2739 12.2683 12.2608 12.2251 12.1148 11.3178 10.4787 8.65636 5.33045 -9999 -9999 -9999 -9999 -9999 -9999
-9999 13.1302 14.6074 15.4912 15.8295 16.0715 16.2836 16.4351 16.5909 16.7366 16.838 16.787 16.0028 16.0617 16.1977 16.6364 16.6019 16.5025 15.8217 13.5336 12.7387 11.581 10.0827 9.45903 9.76794 10.9896 10.9305 10.1141 9.20438 7.9466 7.14421 5.90281 3.52889 3.73655 4.80013 5.59133 6.85316 8.78468 10.1398 10.7462 10.9778 11.4573 11.7105 11.1748 10.6701 10.4597 10.0631 10.0137 10.0238 10.5084 10.89 11.7278 12.0093 12.1417 12.2062 12.2397 12.2632 12.2862 12.2929 12.2754 12.2755 12.269 12.2141 11.092 8.28505 6.17593 -9999 -9999 -9999 -9999 -9999 -9999
-9999 -9999 14.3219 14.7074 14.8035 14.9759 15.3355 15.751 16.3394 16.4097 16.7333 16.7237 16.0476 15.2677 15.9391 16.204 16.4793 16.4853 16.3958 14.4703 13.4628 12.6688 11.232 11.7501 12.2379 12.2714 11.9705 10.2254 8.48691 6.48095 4.60816 4.5127 3.50126 4.02981 4.73033 6.53827 7.8107 8.32653 8.69827 10.6649 11.1784 11.3614 11.8708 11.1922 11.0337 10.5272 10.6892 10.6525 10.6633 9.24243 10.6839 10.773 11.7093 12.1329 12.2301 12.2543 12.2796 12.2816 12.2848 12.2787 12.2872 12.2748 12.2633 11.5354 7.97133 6.19021 -9999 -9999 -9999 -9999 -9999 -9999
-9999 -9999 -9999 -9999 14.4233 14.7148 14.8988 15.2223 16.2258 16.4922 16.6671 16.6765 16.3717 15.5989 15.3929 15.5303 14.7788 15.4031 16.257 16.2332 16.1267 14.4351 13.5719 14.4056 14.1479 12.8745 11.8709 10.8797 8.84501 7.35183 5.20615 3.59321 3.52635 5.29335 6.7615 8.59079 9.39686 8.93488 9.43407 10.4127 11.5253 12.0669 11.9473 11.2321 11.1463 10.361 11.1516 11.2275 10.8726 10.5661 10.7005 11.1669 11.3463 12.0782 12.2553 12.2876 12.2907 12.291 12.2854 12.2792 12.2712 12.2643 12.2562 12.2265 8.56307 5.72011 -9999 -9999 -9999 -9999 -9999 -9999
-9999 -9999 -9999 -9999 13.7084 13.8832 14.3537 15.573 16.2039 16.4564 16.4409 16.5548 16.3382 15.6581 14.9608 14.3038 13.4579 13.9378 15.2113 15.9611 16.0442 14.5611 15.332 15.0408 14.4689 12.8046 11.5765 10.9226 8.96889 7.29323 5.86349 3.89172 4.72581 5.6455 6.82923 8.82578 10.1725 10.7259 10.2608 10.8871 12.1669 12.1799 11.4894 11.543 11.1338 10.0574 11.1981 11.5258 11.278 11.3524 11.2663 11.443 11.7595 12.0608 12.2604 12.2863 12.2878 12.2783 12.2752 12.2746 12.26 12.2619 12.2537 12.2385 9.8755 5.65504 -9999 -9999 -9999 -9999 -9999 -9999
-9999 -9999 -9999 -9999 -9999 13.0504 14.1332 15.7542 16.1468 16.1029 16.4326 16.4554 16.1259 15.8399 14.9944 13.8414 11.63 12.1903 13.3625 15.0536 15.9411 15.8183 15.3237 14.4608 12.3763 10.5511 10.3253 10.0219 8.59453 7.30229 5.71346 6.6237 7.62156 8.71427 9.28622 9.13193 10.2855 11.2271 10.8272 11.595 12.4921 12.0932 11.861 11.6683 11.193 11.1735 11.2348 11.8867 11.4512 11.7324 11.7489 11.7386 11.8944 12.0717 12.2563 12.2854 12.2837 12.2839 12.2598 12.2655 12.2544 12.2448 12.2375 12.2249 12.0153 9.74678 8.39143 -9999 -9999 -9999 -9999 -9999
-9999 -9999 -9999 -9999 -9999 12.0348 12.5711 14.4925 15.0765 15.9218 16.3676 16.3824 15.8299 15.5204 14.2622 13.8524 11.8067 10.8791 11.662 11.3593 13.6885 15.7492 15.3007 11.1329 9.62105 8.54113 8.81298 8.81047 8.4091 6.21471 5.60561 7.55741 8.78413 9.73357 10.453 10.5998 10.5717 12.0452 12.2421 12.7237 12.6237 12.6738 11.9362 11.4835 11.9016 11.4473 11.3779 12.0509 11.4064 12.0055 11.9453 11.7731 11.7675 12.1588 12.2381 12.2788 12.2795 12.2612 12.2386 12.2264 12.2385 12.2335 12.2142 12.2188 12.2023 11.9416 10.7689 10.3637 10.8275 -9999 -9999 -9999
-9999 -9999 -9999 -9999 -9999 -9999 10.7629 13.4362 14.6493 15.286 16.1855 16.2888 15.9915 15.4597 14.1785 13.052 11.223 9.13479 8.02719 11.332 14.2079 15.7076 15.5109 12.0412 10.6696 10.6024 11.4039 10.719 10.1978 8.52862 8.026 7.32961 7.74905 9.07429 10.1581 11.203 11.9627 12.0233 12.5181 12.8059 12.8331 12.9276 12.8468 12.7831 12.0798 12.5859 12.1743 12.4071 12.2719 12.1498 12.0476 11.6415 11.9356 12.1949 12.2618 12.2824 12.2644 12.2579 12.2441 12.2175 12.2084 12.2076 12.2073 12.1976 12.2019 12.1995 12.0738 11.3709 10.4276 9.23372 -9999 -9999
-9999 -9999 -9999 -9999 -9999 -9999 9.41466 12.0751 13.3489 14.997 15.8401 16.1799 16.1294 15.6977 14.7233 13.2591 12.0394 9.70834 7.28821 10.7548 13.8457 15.5117 15.5972 12.6849 13.4895 12.833 13.0922 11.8924 11.3908 10.9913 10.1275 9.18345 8.15005 7.60402 10.0409 11.2907 12.2968 12.7709 13.0396 13.1751 13.1054 12.9305 11.8523 12.6862 12.6569 12.5835 12.498 12.461 12.3835 12.29 12.2398 12.2234 11.9538 12.2663 12.2608 12.2634 12.2625 12.2517 12.2337 12.218 12.1998 12.2019 12.1965 12.1891 12.1859 12.1924 12.1897 12.157 11.9747 10.3689 9.41036 9.15203
-9999 -9999 -9999 -9999 -9999 -9999 5.65719 9.53129 12.6362 14.259 15.5785 15.9374 16.0685 15.4908 15.0582 14.0076 13.013 11.4805 9.18648 7.77313 10.3664 14.1412 15.5325 15.4252 15.3349 14.5766 13.8923 13.802 13.8482 13.0498 11.8893 10.3768 9.90451 9.37092 11.185 11.4278 11.292 13.2901 13.2943 13.1815 12.4186 11.5655 11.7329 11.2148 11.6352 11.0111 11.6003 12.1105 12.3055 12.2966 12.2389 12.2368 12.2095 12.2672 12.2658 12.2558 12.2471 12.2412 12.2314 12.2061 12.1916 12.1995 12.1878 12.1782 12.1752 12.1839 12.1851 12.1619 12.1413 11.8989 11.5313 10.833
-9999 -9999 -9999 -9999 -9999 -9999 5.8124 9.065 11.8276 13.4815 15.0725 15.4376 15.9716 15.8508 15.3978 14.484 13.3436 12.0817 10.113 8.64915 10.3846 12.8861 14.6789 15.3244 15.3162 15.2694 15.0947 15.018 14.8147 14.6665 13.8343 12.4097 11.6 10.4177 12.4403 12.6641 12.3441 13.354 13.3026 11.7734 10.5988 10.4552 11.177 10.4996 10.3935 9.98153 10.4689 11.7628 11.3951 11.4754 12.0677 12.1676 12.2354 12.2527 12.2484 12.2446 12.233 12.2326 12.2322 12.2077 12.1961 12.1905 12.1689 12.1711 12.1586 12.1575 12.1573 12.1468 12.128 12.0624 11.9902 12.0837
-9999 -9999 -9999 -9999 -9999 -9999 5.86985 8.05404 10.5397 12.9782 14.6778 15.3604 15.8563 15.8465 15.3204 14.8642 14.148 13.0372 12.2744 10.9524 9.13904 12.1712 13.0943 13.9269 14.2712 15.1334 15.1082 14.7071 14.2408 14.6637 14.5382 13.4064 13.031 12.4008 13.5241 13.5233 13.4893 13.427 12.1338 10.3376 8.90305 9.93884 9.72627 10.2055 8.74938 9.96565 10.9455 11.2679 10.6183 10.1329 11.6588 11.9186 12.0699 12.1666 12.2295 12.2136 12.228 12.2176 12.2118 12.2058 12.1921 12.1841 12.1715 12.1594 12.1545 12.155 12.1421 12.125 12.1286 12.1006 12.09 12.0893
-9999 -9999 -9999 -9999 -9999 -9999 -9999 6.74883 9.89966 12.7142 14.2789 15.2612 15.7374 15.7241 15.453 15.1418 14.696 13.8934 12.8861 11.2964 10.1155 10.8597 11.7629 11.8679 12.471 14.2266 14.8236 13.9676 11.8543 13.099 14.4808 14.4538 14.3311 14.1946 14.0219 13.866 13.5296 12.6334 9.89225 9.35285 8.2791 8.40341 7.85493 9.06386 8.62732 9.87031 10.4123 10.6205 9.4818 9.73326 11.0887 11.6238 11.5376 11.8655 12.1801 12.1901 12.1984 12.1895 12.1953 12.1972 12.1917 12.176 12.1666 12.1606 12.1442 12.1573 12.0596 11.9978 11.8682 12.0388 12.059 12.087
-9999 -9999 -9999 -9999 -9999 -9999 -9999 6.10888 9.25568 12.5716 13.6326 14.6921 15.606 15.6193 15.2071 14.8152 14.4118 13.9532 12.732 11.5477 10.4168 10.0349 10.2583 10.2371 11.2151 13.5034 13.9433 13.7499 11.55 10.8013 12.6492 14.2016 14.3201 14.1752 12.3401 12.7274 11.7371 10.3954 10.026 9.43956 8.201 8.79948 7.89403 8.28646 8.19671 8.904 9.25148 10.0919 9.0995 9.11308 10.4444 11.1131 11.132 11.8322 12.0822 12.1479 12.1643 12.1759 12.1787 12.1897 12.1836 12.1741 12.1619 12.1304 12.0534 11.8193 10.5054 10.5112 10.8792 11.2276 11.8693 12.0546
-9999 -9999 -9999 -9999 -9999 -9999 -9999 6.4634 8.64544 11.5872 13.765 13.8971 14.9537 15.497 15.0491 14.5455 14.0306 13.8035 12.4746 11.0151 9.83527 8.43928 8.66482 9.66055 11.2922 12.7691 13.03 12.72 11.5415 12.0947 13.3539 14.0208 14.2149 14.0558 13.6539 13.4208 12.6911 12.3744 11.363 9.78285 9.16118 9.55682 7.88125 8.00109 8.6245 7.98075 9.0715 9.59571 8.31213 9.35288 10.5233 11.1227 11.6465 11.895 11.9946 12.1462 12.1505 12.1635 12.1706 12.1687 12.1692 12.1456 12.1267 11.9877 11.7823 10.5493 10.0544 10.159 10.7339 11.2378 11.784 12.0004
-9999 -9999 -9999 -9999 -9999 -9999 -9999 6.82608 8.79025 11.3403 12.8916 13.1651 14.3373 15.3794 15.2581 14.7343 14.572 14.0295 12.9017 11.6564 10.2956 9.63209 8.11145 9.60069 10.7783 12.0285 12.6113 11.6434 11.1534 12.0112 12.8641 13.2027 14.0643 14.053 13.7684 12.5509 11.9565 12.2057 11.9505 11.5046 10.4174 10.37 9.67295 9.38566 9.11484 8.24154 8.81169 8.87208 9.03922 10.2751 10.8856 11.2909 11.6592 11.757 11.9175 12.125 12.1438 12.1517 12.1512 12.1556 12.1411 12.0832 12.0349 11.7535 11.2543 10.3215 8.82637 9.89797 11.0184 11.3632 11.7031 11.8737
-9999 -9999 -9999 -9999 -9999 -9999 -9999 6.48029 8.56726 10.746 11.6539 11.804 13.9295 15.2292 15.2271 14.9765 14.6847 13.3502 13.4244 13.1545 11.9264 10.1393 8.1769 8.35647 9.52532 11.1711 11.7153 10.115 9.54571 9.95873 11.2503 12.4062 13.6134 13.918 13.5605 11.6667 9.65469 10.5859 11.5815 11.5758 11.2839 10.2759 9.95695 9.66875 8.93486 7.70139 7.88899 8.23882 9.65146 10.0954 10.7791 11.347 11.1358 11.2622 11.8045 12.1158 12.1283 12.1345 12.1453 12.1388 12.121 12.0049 11.8822 11.6757 10.3709 9.56058 8.38933 9.77717 10.5416 10.9718 11.6989 11.8736
-9999 -9999 -9999 -9999 -9999 -9999 -9999 5.82235 7.33538 9.41762 10.2538 11.5909 13.5992 14.5847 15.0549 15.0402 14.8442 14.2444 13.8821 13.1723 11.8948 10.1494 8.20962 6.9453 7.58157 9.80553 10.3369 8.85347 8.09906 9.03141 10.4082 12.4484 13.613 13.768 13.6601 13.268 11.7987 10.0242 10.0295 10.9187 10.1748 9.31057 9.78741 9.70089 8.97597 8.44944 8.14182 8.35714 9.15992 9.49124 10.2805 11.4438 11.612 11.5807 12.0708 12.0964 12.1086 12.1278 12.1279 12.1241 12.1103 12.0158 11.8032 10.935 10.1784 9.12526 8.99698 10.2426 10.7899 11.3036 11.6612 11.7787
-9999 -9999 -9999 -9999 -9999 -9999 -9999 4.69687 6.47794 8.4282 10.2541 11.9815 13.4677 13.5784 14.3603 14.3549 14.7627 14.6405 14.084 13.4854 12.384 10.143 8.25779 6.20214 6.73851 9.01262 9.30455 8.31159 6.47987 8.36478 10.4439 12.328 13.3469 12.5435 13.362 13.2927 12.7412 11.6844 10.0422 10.073 8.84307 8.79013 9.42284 9.62926 9.52572 9.13082 8.5098 8.63495 9.1254 9.25097 9.97639 10.8793 11.7617 11.9113 12.0806 12.0889 12.0926 12.1071 12.1096 12.092 12.0479 11.949 11.2212 10.3556 9.82309 9.08987 9.00277 10.426 11.0115 11.3398 11.6489 11.7717
-9999 -9999 -9999 -9999 -9999 -9999 -9999 -9999 6.28449 8.29944 9.78925 10.1869 11.5074 12.2184 12.7676 12.886 14.4617 14.5446 14.1902 13.6398 12.6998 10.9981 9.81104 7.83899 6.42021 7.00945 7.26881 7.78523 7.62873 8.4676 10.4654 12.547 12.7717 11.445 11.6388 11.914 12.5333 12.2171 9.97983 8.84317 7.90003 8.57048 9.27616 9.44796 9.48367 9.34952 9.21565 8.95664 9.90229 10.6026 10.7668 11.3772 11.8281 11.9538 12.0485 12.0612 12.0739 12.0749 12.0496 12.0314 11.9196 11.6682 10.8538 8.89392 8.98713 8.77683 8.16875 9.56051 10.4649 11.2456 11.6612 11.7695
-9999 -9999 -9999 -9999 -9999 -9999 -9999 -9999 5.60143 7.93355 8.42222 8.38066 7.60208 7.95374 10.8181 11.3914 12.9024 14.3329 14.2232 13.6831 12.8032 11.7878 10.2182 8.00075 6.23784 5.49768 7.3912 9.23919 9.61954 10.2096 11.4325 11.6625 10.3064 9.03466 9.74493 10.1721 11.8058 12.103 11.7842 10.4362 8.89549 8.09161 9.04173 9.16976 9.22821 9.24123 9.2255 9.20312 10.2731 10.864 11.2744 11.4987 11.8862 11.9865 12.0194 12.0503 12.0443 12.0252 11.9651 11.8966 11.5926 11.2244 9.88975 8.77741 8.08454 7.20482 9.19366 9.7955 10.6346 11.176 11.5894 11.6811
