Test_Spring_2018b/04_18/Temp/20180430_006.txt
ncols	170
nrows	115
xllcorner	350000.000000
yllcorner	4445000.000000
cellsize	1000.000000
nodata_value	-9999.000000
[rows 32 to 63 of 115, columns 72 to 143 of 170]
17.7106 17.4307 17.8461 18.228 17.9754 17.8068 18.4343 18.4276 18.2031 17.6846 17.4905 17.2896 17.1643 16.5014 14.6521 12.9844 13.8691 13.8844 13.2627 14.3609 13.7715 12.2437 10.0894 11.2506 10.9404 9.40226 9.01498 -9999 -9999 -9999 -9999 -9999 -9999 -9999 -9999 -9999 -9999 -9999 -9999 -9999 -9999 -9999 -9999 -9999 -9999 -9999 -9999 -9999 -9999 -9999 -9999 -9999 -9999 -9999 -9999 -9999 -9999 -9999 -9999 -9999 -9999 -9999 -9999 -9999 -9999 -9999 -9999 -9999 -9999 -9999 -9999 -9999
17.3325 17.2085 17.8294 17.8095 17.7597 17.9698 18.3553 18.4278 18.3363 18.1066 17.907 17.6952 17.1673 16.4098 14.8262 12.9287 12.4939 13.4139 13.4525 13.5953 13.0577 12.3839 11.3331 12.1823 12.5082 11.4942 10.1697 9.31546 -9999 -9999 -9999 -9999 -9999 -9999 -9999 -9999 -9999 -9999 -9999 -9999 -9999 -9999 -9999 -9999 -9999 -9999 -9999 -9999 -9999 -9999 -9999 -9999 -9999 -9999 -9999 -9999 -9999 -9999 -9999 -9999 -9999 -9999 -9999 -9999 -9999 -9999 -9999 -9999 -9999 -9999 -9999 -9999
16.884 16.2688 16.6403 16.9176 17.4283 17.5488 17.6209 18.3629 18.3168 18.2758 17.95 17.6883 17.2588 16.5295 15.4937 14.2478 12.0828 13.4084 14.4452 14.4126 14.3496 13.8758 12.8661 13.6995 13.7326 12.4361 10.9661 10.1034 9.74285 -9999 -9999 -9999 -9999 -9999 -9999 -9999 -9999 -9999 -9999 -9999 -9999 -9999 -9999 -9999 -9999 -9999 -9999 -9999 -9999 -9999 -9999 -9999 -9999 -9999 -9999 -9999 -9999 -9999 -9999 -9999 -9999 -9999 -9999 -9999 -9999 -9999 -9999 -9999 -9999 -9999 -9999 -9999
16.3758 15.6258 15.9997 16.5008 17.2055 17.562 17.8324 18.0497 18.2715 18.2381 17.9047 16.9324 16.7884 16.7407 16.0612 14.6416 13.224 12.8525 14.4371 14.8865 14.7879 15.1371 14.2808 14.6764 14.5054 14.0405 12.6235 11.337 10.8026 9.75267 -9999 -9999 -9999 -9999 -9999 -9999 -9999 -9999 -9999 -9999 -9999 -9999 -9999 -9999 -9999 -9999 -9999 -9999 -9999 -9999 -9999 -9999 -9999 -9999 -9999 -9999 -9999 -9999 -9999 -9999 -9999 -9999 -9999 -9999 -9999 -9999 -9999 -9999 -9999 -9999 -9999 -9999
-9999 -9999 15.1391 15.8188 16.3798 17.0709 17.6629 17.9594 18.2472 18.2171 17.5568 17.2308 17.1968 16.7495 15.966 15.4721 14.5775 13.6456 13.9937 15.3442 14.7351 15.69 15.6026 15.773 15.1243 13.8902 12.2529 11.2942 10.8153 9.96325 -9999 -9999 -9999 -9999 -9999 -9999 -9999 -9999 -9999 -9999 -9999 -9999 -9999 -9999 -9999 -9999 -9999 -9999 -9999 -9999 -9999 -9999 -9999 -9999 -9999 -9999 -9999 -9999 -9999 -9999 -9999 -9999 -9999 -9999 -9999 -9999 -9999 -9999 -9999 -9999 -9999 -9999
-9999 -9999 -9999 15.6797 16.1045 17.0343 17.5033 17.6933 18.1615 18.156 17.9019 17.7087 17.4312 17.0707 16.4805 15.8299 14.9882 14.9052 15.7672 15.7722 15.5852 15.7218 16.1614 16.0377 15.0317 13.305 12.3916 10.5333 9.73748 9.81188 9.24609 -9999 -9999 -9999 -9999 -9999 -9999 -9999 -9999 -9999 -9999 -9999 -9999 11.3095 -9999 -9999 -9999 -9999 -9999 -9999 -9999 -9999 -9999 -9999 -9999 -9999 -9999 -9999 -9999 -9999 -9999 -9999 -9999 -9999 7.78249 -9999 -9999 -9999 -9999 -9999 -9999 -9999
-9999 -9999 15.5948 16.1628 16.6113 17.1913 17.2391 17.5763 18.1155 18.1169 17.9347 17.7299 17.2774 17.1609 16.8224 16.1167 15.9679 16.2462 16.3714 16.5141 16.5996 16.5198 16.3332 16.0936 15.4362 14.6336 14.0927 12.3975 11.5362 10.7152 9.47596 8.50529 -9999 -9999 -9999 -9999 -9999 -9999 -9999 10.68 10.6283 10.6441 10.9082 11.6481 11.2026 -9999 -9999 -9999 -9999 -9999 -9999 -9999 -9999 -9999 -9999 -9999 -9999 -9999 -9999 -9999 -9999 -9999 -9999 -9999 8.44644 7.46847 -9999 -9999 -9999 -9999 -9999 -9999
-9999 -9999 15.7315 16.3399 16.6402 17.2033 17.5223 17.722 17.9044 18.0785 18.0416 17.8155 17.4751 17.4714 17.0051 16.7512 16.5685 16.947 17.0175 16.8581 16.6594 16.4829 15.9939 15.9318 15.7584 15.2465 14.4104 13.549 12.3005 10.6203 8.97254 7.64244 -9999 -9999 -9999 -9999 -9999 -9999 10.8138 11.4284 11.7941 10.9982 11.6667 12.2769 12.1715 11.5559 -9999 -9999 -9999 -9999 -9999 -9999 -9999 -9999 -9999 -9999 -9999 -9999 -9999 -9999 13.0656 12.064 10.0469 9.00956 8.38427 7.49426 -9999 -9999 -9999 -9999 -9999 -9999
-9999 -9999 15.5973 16.3171 16.8023 17.2321 17.2946 17.7308 17.9173 18.0076 17.9895 17.9395 17.8717 17.4639 17.2853 16.6723 17.2484 17.2212 17.0689 16.4812 16.2233 15.2176 14.7717 14.6583 15.4926 14.8641 13.5593 11.9299 9.9705 9.83258 9.18121 7.99173 -9999 -9999 -9999 -9999 -9999 -9999 10.9949 11.6528 12.2007 12.2754 11.484 12.5733 12.5148 11.8939 11.7469 12.2417 12.4886 12.2878 12.8768 13.0455 12.7679 13.0585 -9999 -9999 -9999 -9999 13.2055 13.2398 13.2641 12.8432 10.6401 9.13313 7.77886 7.64165 -9999 -9999 -9999 -9999 -9999 -9999
-9999 -9999 16.0884 16.5288 16.7479 16.7772 17.1619 17.5415 17.774 17.9417 17.8997 17.879 17.8577 17.7144 17.3895 17.4417 17.4107 17.2193 16.1054 14.8061 15.3649 14.5918 12.9374 14.2636 14.9909 14.2796 12.6997 10.8689 10.262 10.2762 9.37273 8.21102 -9999 -9999 -9999 9.18536 10.1301 10.2077 10.4827 11.362 12.0294 12.5317 12.8708 12.8497 12.4733 11.8656 11.2055 11.4296 12.5943 12.8722 13.0989 13.2739 13.0156 13.1399 13.4474 13.6036 13.6308 13.5515 13.529 13.5489 13.5055 13.1123 11.1416 10.0102 9.28558 7.83075 -9999 -9999 -9999 -9999 -9999 -9999
-9999 -9999 15.7968 16.1788 16.4867 16.998 17.0458 17.3693 17.5544 17.8385 17.8647 17.5165 17.793 17.7508 17.6926 17.5753 17.4062 16.4653 15.1703 13.872 13.2697 13.5156 12.5202 13.0184 13.7554 13.4771 12.5027 10.8708 10.6346 10.2473 8.72918 7.27089 -9999 -9999 7.33734 9.1546 10.4328 11.0898 11.2899 11.3044 12.1468 12.2074 13.1139 12.8904 11.6715 11.7992 11.3217 11.6175 12.0376 12.1475 12.7554 13.3405 13.4463 13.4427 13.6364 13.6718 13.6769 13.6663 13.5255 13.5818 13.5855 13.3381 11.908 11.207 10.4312 7.84078 -9999 -9999 -9999 -9999 -9999 -9999
-9999 -9999 15.9818 16.4095 16.8783 16.9478 17.2928 17.247 17.1354 17.6203 17.7928 17.5451 17.3653 17.6797 17.6522 17.6046 17.5297 16.6454 15.6228 14.0769 13.1143 12.5205 12.0986 11.531 11.906 11.7818 11.6179 11.7907 11.3367 10.4358 9.54606 7.88457 6.98486 -9999 7.42479 8.2423 9.76359 11.0557 11.8741 11.573 12.5316 12.7046 13.2518 12.9182 12.1735 11.8482 11.8118 11.7072 12.3483 12.7769 13.0744 13.2731 13.5206 13.5797 13.6394 13.6612 13.6708 13.6807 13.6721 13.6615 13.627 13.5302 12.8692 12.1664 10.6615 7.9168 -9999 -9999 -9999 -9999 -9999 -9999
-9999 14.7129 15.9208 16.6429 16.9175 17.1134 17.2849 17.4069 17.5322 17.6507 17.7319 17.6873 17.0423 17.0888 17.1983 17.5561 17.5254 17.4413 16.8801 15.0003 14.3449 13.39 12.1574 11.635 11.884 12.8818 12.8296 12.1565 11.4073 10.372 9.71243 8.69256 6.73915 6.90885 7.78033 8.42776 9.46031 11.041 12.1474 12.6382 12.82 13.2027 13.399 12.9419 12.5043 12.3167 11.9762 11.9209 11.915 12.2991 12.5946 13.2682 13.4904 13.5871 13.6348 13.6583 13.6741 13.6897 13.6917 13.6734 13.6685 13.6571 13.6003 12.6707 10.3538 8.60706 -9999 -9999 -9999 -9999 -9999 -9999
-9999 -9999 15.6847 15.9979 16.0739 16.2126 16.5051 16.8436 17.3238 17.3797 17.6433 17.6343 17.0775 16.4359 16.9847 17.1999 17.4234 17.4258 17.3495 15.7658 14.9358 14.2807 13.0984 13.5127 13.9083 13.9314 13.6808 12.246 10.8171 9.16831 7.63048 7.5509 6.72057 7.15015 7.72427 9.20607 10.2476 10.6673 10.9672 12.5737 12.986 13.122 13.5273 12.957 12.803 12.3716 12.4886 12.443 12.4369 11.2574 12.4219 12.4842 13.2429 13.5807 13.6518 13.668 13.6858 13.6846 13.6842 13.6756 13.678 13.659 13.6385 13.0315 10.0969 8.61886 -9999 -9999 -9999 -9999 -9999 -9999
-9999 -9999 -9999 -9999 15.7599 15.9963 16.1448 16.4079 17.2286 17.4453 17.5871 17.5932 17.3416 16.7059 16.5351 16.6458 16.027 16.536 17.2333 17.2103 17.1192 15.7278 15.0102 15.6891 15.4731 14.4242 13.5971 12.7807 11.1089 9.88095 8.11946 6.79541 6.73982 8.18854 9.39073 10.8904 11.5496 11.1674 11.572 12.3658 13.2688 13.7017 13.5908 12.9899 12.8952 12.2345 12.8665 12.9126 12.606 12.34 12.4323 12.8036 12.9413 13.5339 13.6732 13.693 13.6929 13.6908 13.6835 13.6752 13.661 13.6484 13.633 13.5985 10.5821 8.23289 -9999 -9999 -9999 -9999 -9999 -9999
-9999 -9999 -9999 -9999 15.1713 15.312 15.6954 16.6933 17.2085 17.4138 17.3995 17.4914 17.3122 16.7526 16.1789 15.638 14.9416 15.3325 16.3739 16.9854 17.0497 15.8292 16.4521 16.2082 15.7343 14.3648 13.3535 12.8138 11.2085 9.83098 8.65686 7.03863 7.72222 8.47612 9.44643 11.0827 12.1856 12.636 12.249 12.7552 13.7952 13.7943 13.2148 13.2442 12.884 11.9841 12.9029 13.1552 12.9361 12.9822 12.8934 13.0271 13.2771 13.5165 13.6742 13.691 13.6885 13.6785 13.6736 13.6686 13.6513 13.6458 13.6305 13.6077 11.6579 8.1786 -9999 -9999 -9999 -9999 -9999 -9999
-9999 -9999 -9999 -9999 -9999 14.6265 15.5122 16.8397 17.1594 17.1217 17.3905 17.4077 17.1359 16.8997 16.2044 15.2566 13.4403 13.8971 14.8553 16.2388 16.963 16.8582 16.443 15.7302 14.0157 12.5141 12.325 12.0727 10.8992 9.83624 8.53169 9.27748 10.0955 10.9914 11.4599 11.3323 12.2767 13.0457 12.7122 13.3344 14.0605 13.7217 13.518 13.3453 12.9308 12.8977 12.931 13.449 13.0759 13.2916 13.2869 13.2671 13.3853 13.5229 13.6683 13.6878 13.6832 13.6811 13.6587 13.6596 13.6452 13.6304 13.6157 13.5951 13.4115 11.5333 10.4076 -9999 -9999 -9999 -9999 -9999
-9999 -9999 -9999 -9999 -9999 13.791 14.2286 15.8024 16.2791 16.9707 17.3349 17.3455 16.8908 16.6351 15.6014 15.2632 13.5828 12.8191 13.458 13.2061 15.1129 16.7991 16.4216 12.998 11.7532 10.863 11.0821 11.0767 10.7447 8.94172 8.44077 10.0409 11.0465 11.8249 12.4144 12.5333 12.5085 13.714 13.8695 14.2569 14.1652 14.1949 13.5767 13.1909 13.5094 13.1199 13.0461 13.5817 13.0372 13.5137 13.4463 13.2937 13.2795 13.5928 13.6518 13.6806 13.6775 13.6603 13.6395 13.6249 13.6296 13.6185 13.5941 13.5877 13.5626 13.3314 12.3556 12.0091 12.3752 -9999 -9999 -9999
-9999 -9999 -9999 -9999 -9999 -9999 12.7429 14.9335 15.9262 16.4467 17.183 17.2662 17.0201 16.5825 15.5299 14.6039 13.1012 11.3855 10.4738 13.181 15.5361 16.7622 16.5912 13.7402 12.6105 12.5511 13.2046 12.6395 12.2092 10.837 10.4233 9.85108 10.1944 11.2807 12.1677 13.0239 13.6451 13.6915 14.0925 14.3194 14.3323 14.3986 14.3195 14.2532 13.652 14.0508 13.6968 13.8717 13.7454 13.6308 13.529 13.1848 13.4166 13.6216 13.6703 13.6806 13.663 13.6553 13.6414 13.6165 13.6013 13.5937 13.5851 13.5671 13.5594 13.5402 13.4236 12.8332 12.0455 11.0525 -9999 -9999
-9999 -9999 -9999 -9999 -9999 -9999 11.6344 13.8144 14.8569 16.207 16.8969 17.173 17.1302 16.7746 15.9736 14.7705 13.7676 11.8528 9.86449 12.705 15.2359 16.5985 16.6647 14.2652 14.9206 14.3779 14.5867 13.5992 13.1849 12.8539 12.1439 11.3684 10.5195 10.0683 12.0666 13.0906 13.9136 14.299 14.5145 14.619 14.5537 14.3953 13.4986 14.1691 14.1212 14.0453 13.9595 13.9137 13.8354 13.7448 13.6859 13.6616 13.4312 13.6773 13.6651 13.6634 13.6595 13.6479 13.6302 13.6138 13.5946 13.5884 13.5721 13.5563 13.5428 13.5312 13.516 13.4759 13.313 11.9826 11.1835 10.9507
-9999 -9999 -9999 -9999 -9999 -9999 8.54959 11.7251 14.2694 15.5987 16.6777 16.9707 17.0769 16.6014 16.2447 15.3809 14.5626 13.3028 11.418 10.2553 12.3795 15.4721 16.6085 16.5096 16.4311 15.8049 15.2399 15.1625 15.1976 14.5392 13.5849 12.343 11.9504 11.5122 12.9993 13.1969 13.083 14.7183 14.7166 14.6176 13.9838 13.2745 13.4009 12.957 13.2783 12.7516 13.2201 13.6241 13.77 13.7495 13.6848 13.6686 13.6377 13.6744 13.6681 13.6556 13.645 13.6369 13.6255 13.6009 13.5844 13.5852 13.5651 13.5486 13.5301 13.5206 13.5093 13.4776 13.448 13.2366 12.9229 12.3292
-9999 -9999 -9999 -9999 -9999 -9999 8.67378 11.339 13.6031 14.9558 16.2593 16.5573 16.9937 16.893 16.5195 15.7678 14.8299 13.792 12.1741 10.9701 12.3901 14.4392 15.9061 16.4241 16.4124 16.37 16.223 16.156 15.9863 15.861 15.1765 14.001 13.3358 12.365 14.0226 14.2042 13.9389 14.7634 14.7162 13.4553 12.4842 12.3574 12.9387 12.3715 12.2611 11.903 12.2889 13.3366 13.0178 13.0711 13.5396 13.6118 13.654 13.6617 13.6526 13.6449 13.6314 13.6273 13.6231 13.5989 13.5844 13.574 13.5495 13.5384 13.5186 13.5014 13.4834 13.463 13.4356 13.3699 13.2979 13.3531
-9999 -9999 -9999 -9999 -9999 -9999 8.7179 10.5066 12.5435 14.5395 15.9319 16.4902 16.8953 16.8854 16.4519 16.0755 15.4856 14.5716 13.943 12.8554 11.3646 13.8483 14.6028 15.2741 15.5517 16.2548 16.2304 15.8981 15.5104 15.8549 15.7432 14.8132 14.5039 13.9854 14.905 14.9019 14.8708 14.8157 13.7498 12.2702 11.086 11.927 11.7431 12.1245 10.9071 11.889 12.6792 12.9302 12.3791 11.9692 13.2037 13.401 13.5174 13.59 13.6359 13.6179 13.6252 13.6125 13.6034 13.5938 13.5774 13.5649 13.5478 13.5301 13.5112 13.4956 13.4741 13.4486 13.4397 13.3994 13.3797 13.3577
-9999 -9999 -9999 -9999 -9999 -9999 -9999 9.43265 12.0123 14.3192 15.6008 16.4048 16.7936 16.7808 16.5564 16.2989 15.9307 15.2696 14.4404 13.1333 12.1613 12.7683 13.5067 13.5806 14.0713 15.5073 15.9934 15.2879 13.5495 14.5599 15.6911 15.6669 15.5643 15.4504 15.3064 15.1758 14.8964 14.157 11.9035 11.4545 10.5664 10.6599 10.2007 11.1806 10.799 11.8062 12.2383 12.3966 11.4505 11.6383 12.7314 13.1613 13.0825 13.3444 13.5939 13.5968 13.5988 13.5868 13.5869 13.5834 13.5734 13.5562 13.5416 13.5289 13.4998 13.4942 13.4035 13.3419 13.2245 13.3535 13.3593 13.3557
-9999 -9999 -9999 -9999 -9999 -9999 -9999 8.9012 11.4803 14.1982 15.0667 15.9338 16.6816 16.6905 16.3503 16.0265 15.6931 15.3142 14.3096 13.3351 12.4043 12.0877 12.2677 12.2389 13.0372 14.9104 15.2676 15.1056 13.2872 12.6703 14.1835 15.4545 15.5493 15.428 13.92 14.2346 13.4185 12.3135 12.0052 11.518 10.495 10.978 10.2265 10.5389 10.4403 11.009 11.2825 11.9603 11.1351 11.1282 12.2013 12.741 12.7485 13.3158 13.5145 13.5626 13.5707 13.575 13.5722 13.5758 13.5651 13.551 13.534 13.5007 13.4292 13.22 12.1255 12.1201 12.4116 12.6872 13.1901 13.3284
-9999 -9999 -9999 -9999 -9999 -9999 -9999 9.18812 10.9758 13.3867 15.1711 15.2775 16.1421 16.5857 16.2161 15.8007 15.3758 15.1869 14.0939 12.8939 11.923 10.7748 10.9566 11.7702 13.0964 14.3041 14.5146 14.2569 13.2756 13.7262 14.7563 15.3005 15.457 15.3237 14.9909 14.7962 14.1937 13.9293 13.0945 11.7923 11.2756 11.5926 10.2099 10.2994 10.8014 10.2472 11.1312 11.5505 10.4872 11.313 12.2639 12.7471 13.169 13.3658 13.4409 13.5593 13.5572 13.5622 13.5626 13.5554 13.5498 13.5241 13.5017 13.3802 13.2037 12.1838 11.7524 11.8287 12.2907 12.6944 13.1135 13.2831
-9999 -9999 -9999 -9999 -9999 -9999 -9999 9.48163 11.0905 13.1801 14.4504 14.6727 15.6321 16.4846 16.3829 15.9508 15.8152 15.3676 14.4398 13.4154 12.2963 11.749 10.4986 11.7171 12.6708 13.6926 14.1671 13.3577 12.9524 13.6528 14.3493 14.6239 15.3276 15.3152 15.0784 14.076 13.5843 13.784 13.5693 13.1977 12.2994 12.2534 11.6738 11.4299 11.199 10.4567 10.9144 10.9539 11.0704 12.0668 12.5587 12.883 13.1775 13.2506 13.3757 13.5397 13.5492 13.55 13.5438 13.5415 13.5235 13.4695 13.423 13.1848 12.7676 11.9942 10.7421 11.6121 12.5221 12.7893 13.0456 13.1779
-9999 -9999 -9999 -9999 -9999 -9999 -9999 9.19392 10.9035 12.6883 13.4309 13.5518 15.293 16.3569 16.3528 16.1449 15.903 14.8058 14.8639 14.6397 13.6295 12.1607 10.5481 10.6924 11.6388 12.9853 13.4282 12.0994 11.629 11.9644 13.0204 13.9653 14.9521 15.1986 14.9016 13.3443 11.6897 12.4488 13.2602 13.2497 13.004 12.1704 11.9013 11.6571 11.0469 10.0134 10.1539 10.4314 11.5611 11.9164 12.4688 12.9266 12.7459 12.8425 13.2806 13.5297 13.5339 13.533 13.5359 13.5246 13.5038 13.4021 13.2945 13.1179 12.0401 11.3674 10.3909 11.5105 12.1289 12.4515 13.0404 13.1763
-9999 -9999 -9999 -9999 -9999 -9999 -9999 8.65012 9.88884 11.5945 12.2781 13.3725 15.0175 15.8236 16.2069 16.1924 16.0292 15.5345 15.2348 14.6498 13.5991 12.1646 10.5707 9.53073 10.0497 11.8611 12.2837 11.0601 10.4377 11.1989 12.3247 13.9947 14.9464 15.0699 14.9776 14.6519 13.4423 11.9821 11.9812 12.7049 12.0886 11.3731 11.7572 11.6788 11.0763 10.6363 10.3576 10.5134 11.1545 11.4177 12.0569 13.0033 13.1339 13.1012 13.4965 13.5111 13.515 13.5247 13.5187 13.5095 13.4918 13.4078 13.2267 12.5074 11.8793 11.0077 10.8945 11.8897 12.323 12.7214 13.0074 13.0967
-9999 -9999 -9999 -9999 -9999 -9999 -9999 7.72279 9.18131 10.7786 12.274 13.6885 14.9052 14.9935 15.6325 15.6257 15.9576 15.8548 15.3958 14.9021 13.996 12.1551 10.6059 8.91695 9.35402 11.2068 11.4293 10.6112 9.10504 10.6475 12.3492 13.891 14.723 14.0603 14.7277 14.6667 14.2099 13.3383 11.9862 12.0059 10.9911 10.9413 11.4535 11.6156 11.5231 11.1914 10.6606 10.7376 11.1228 11.2174 11.8044 12.5373 13.2538 13.3695 13.5017 13.5021 13.4989 13.5047 13.5007 13.4801 13.4376 13.35 12.7463 12.0292 11.5851 10.9761 10.8968 12.0485 12.5021 12.7488 12.9951 13.089
-9999 -9999 -9999 -9999 -9999 -9999 -9999 -9999 9.0184 10.6687 11.8883 12.212 13.2927 13.8734 14.3215 14.4162 15.7062 15.7716 15.4784 15.0244 14.2506 12.8521 11.8757 10.2553 9.08874 9.5505 9.7553 10.1751 10.043 10.7274 12.3623 14.066 14.2465 13.1544 13.3094 13.5308 14.0344 13.7703 11.9302 10.9924 10.213 10.7567 11.3289 11.4627 11.4847 11.367 11.2243 10.9894 11.7566 12.3228 12.4495 12.9425 13.3051 13.4012 13.4723 13.4763 13.4805 13.4752 13.4484 13.4274 13.3294 13.1167 12.442 10.8275 10.8967 10.7167 10.2101 11.335 12.036 12.6691 13.0028 13.0849
-9999 -9999 -9999 -9999 -9999 -9999 -9999 -9999 8.45393 10.3643 10.7626 10.726 10.0849 10.3709 12.7179 13.1857 14.4226 15.5935 15.501 15.0555 14.3311 13.4956 12.2054 10.3838 8.93496 8.31163 9.85273 11.3636 11.6718 12.152 13.1513 13.3362 12.2199 11.1729 11.7514 12.0977 13.4333 13.6724 13.4059 12.2949 11.0254 10.3599 11.1327 11.2307 11.2713 11.2744 11.2403 11.1944 12.0574 12.5338 12.8625 13.0389 13.3494 13.4248 13.4452 13.4641 13.453 13.4313 13.376 13.3138 13.0582 12.7499 11.6485 10.7292 10.1536 9.42455 11.0481 11.525 12.1852 12.6095 12.9415 13.0099
