Test_Spring_2018b/04_18/Temp/20180418_021.txt
ncols	170
nrows	115
xllcorner	350000.000000
yllcorner	4445000.000000
cellsize	1000.000000
nodata_value	-9999.000000
[rows 32 to 63 of 115, columns 72 to 143 of 170]
16.2324 15.9696 16.3808 16.7595 16.5272 16.3725 16.9905 16.9929 16.7842 16.2906 16.1115 15.9258 15.8134 15.18 13.3969 11.7897 12.6561 12.6799 12.0865 13.1599 12.5978 11.1264 9.04787 10.1826 9.89134 8.42176 8.05928 -9999 -9999 -9999 -9999 -9999 -9999 -9999 -9999 -9999 -9999 -9999 -9999 -9999 -9999 -9999 -9999 -9999 -9999 -9999 -9999 -9999 -9999 -9999 -9999 -9999 -9999 -9999 -9999 -9999 -9999 -9999 -9999 -9999 -9999 -9999 -9999 -9999 -9999 -9999 -9999 -9999 -9999 -9999 -9999 -9999
15.8668 15.7553 16.3656 16.355 16.3178 16.5317 16.9151 16.9941 16.9142 16.7004 16.5159 16.3196 15.8169 15.0918 13.5661 11.7363 11.324 12.2247 12.2712 12.4189 11.9071 11.2634 10.2545 11.0869 11.4123 10.4478 9.18028 8.36205 -9999 -9999 -9999 -9999 -9999 -9999 -9999 -9999 -9999 -9999 -9999 -9999 -9999 -9999 -9999 -9999 -9999 -9999 -9999 -9999 -9999 -9999 -9999 -9999 -9999 -9999 -9999 -9999 -9999 -9999 -9999 -9999 -9999 -9999 -9999 -9999 -9999 -9999 -9999 -9999 -9999 -9999 -9999 -9999
15.433 14.8455 15.2143 15.4917 15.9981 16.1258 16.2045 16.9322 16.8963 16.8653 16.5583 16.3134 15.9061 15.2082 14.2134 13.015 10.926 12.2199 13.2339 13.2117 13.16 12.7103 11.7414 12.5587 12.6005 11.3655 9.95323 9.12743 8.78824 -9999 -9999 -9999 -9999 -9999 -9999 -9999 -9999 -9999 -9999 -9999 -9999 -9999 -9999 -9999 -9999 -9999 -9999 -9999 -9999 -9999 -9999 -9999 -9999 -9999 -9999 -9999 -9999 -9999 -9999 -9999 -9999 -9999 -9999 -9999 -9999 -9999 -9999 -9999 -9999 -9999 -9999 -9999
14.9414 14.2234 14.5946 15.0889 15.7811 16.1385 16.4104 16.6296 16.8532 16.8295 16.515 15.5814 15.4506 15.4132 14.7636 13.397 12.0323 11.6815 13.2266 13.6716 13.5856 13.9337 13.1137 13.5068 13.3509 12.9142 11.5581 10.3246 9.81692 8.80965 -9999 -9999 -9999 -9999 -9999 -9999 -9999 -9999 -9999 -9999 -9999 -9999 -9999 -9999 -9999 -9999 -9999 -9999 -9999 -9999 -9999 -9999 -9999 -9999 -9999 -9999 -9999 -9999 -9999 -9999 -9999 -9999 -9999 -9999 -9999 -9999 -9999 -9999 -9999 -9999 -9999 -9999
-9999 -9999 13.7618 14.4299 14.9826 15.6637 16.2472 16.543 16.8305 16.8098 16.1785 15.871 15.8467 15.422 14.6715 14.202 13.3442 12.4505 12.7973 14.1158 13.5353 14.4706 14.3958 14.5708 13.9522 12.7687 11.2007 10.2847 9.83091 9.01538 -9999 -9999 -9999 -9999 -9999 -9999 -9999 -9999 -9999 -9999 -9999 -9999 -9999 -9999 -9999 -9999 -9999 -9999 -9999 -9999 -9999 -9999 -9999 -9999 -9999 -9999 -9999 -9999 -9999 -9999 -9999 -9999 -9999 -9999 -9999 -9999 -9999 -9999 -9999 -9999 -9999 -9999
-9999 -9999 -9999 14.2966 14.7172 15.6269 16.0937 16.2862 16.7483 16.7513 16.5134 16.3345 16.0741 15.7335 15.1702 14.5488 13.7423 13.6714 14.5164 14.5311 14.3599 14.5023 14.9385 14.8287 13.8681 12.2035 11.3286 9.54896 8.78807 8.87032 8.33204 -9999 -9999 -9999 -9999 -9999 -9999 -9999 -9999 -9999 -9999 -9999 -9999 10.47 -9999 -9999 -9999 -9999 -9999 -9999 -9999 -9999 -9999 -9999 -9999 -9999 -9999 -9999 -9999 -9999 -9999 -9999 -9999 -9999 7.32022 -9999 -9999 -9999 -9999 -9999 -9999 -9999
-9999 -9999 14.2062 14.7665 15.2098 15.7805 15.838 16.1739 16.7047 16.7142 16.5458 16.3555 15.9254 15.821 15.5017 14.8267 14.6919 14.9711 15.1023 15.2506 15.3437 15.2766 15.1062 14.8845 14.2601 13.493 12.9793 11.3549 10.533 9.74741 8.55643 7.62556 -9999 -9999 -9999 -9999 -9999 -9999 -9999 9.81429 9.77549 9.80241 10.0702 10.7994 10.38 -9999 -9999 -9999 -9999 -9999 -9999 -9999 -9999 -9999 -9999 -9999 -9999 -9999 -9999 -9999 -9999 -9999 -9999 -9999 7.96396 7.02889 -9999 -9999 -9999 -9999 -9999 -9999
-9999 -9999 14.3413 14.9399 15.2396 15.7938 16.1113 16.3163 16.5012 16.6779 16.65 16.439 16.1173 16.122 15.6788 15.4417 15.274 15.6504 15.7288 15.5845 15.4024 15.2419 14.7787 14.7291 14.5742 14.0889 13.2894 12.4651 11.2754 9.65722 8.07028 6.79094 -9999 -9999 -9999 -9999 -9999 -9999 9.93359 10.5402 10.906 10.1464 10.8064 11.4101 11.3205 10.7436 -9999 -9999 -9999 -9999 -9999 -9999 -9999 -9999 -9999 -9999 -9999 -9999 -9999 -9999 12.3915 11.4327 9.49008 8.49732 7.90414 7.05459 -9999 -9999 -9999 -9999 -9999 -9999
-9999 -9999 14.2131 14.9196 15.3986 15.8235 15.8924 16.3234 16.5148 16.6101 16.6003 16.5597 16.502 16.1149 15.9505 15.3653 15.933 15.9164 15.7789 15.2198 14.9806 14.0168 13.5956 13.4987 14.3185 13.7206 12.467 10.8986 9.012 8.89581 8.27433 7.13114 -9999 -9999 -9999 -9999 -9999 -9999 10.1097 10.7582 11.3007 11.385 10.6303 11.6987 11.6611 11.0727 10.9436 11.4362 11.6884 11.5115 12.1024 12.2771 12.0188 12.3108 -9999 -9999 -9999 -9999 12.5044 12.5487 12.5837 12.1877 10.065 8.61735 7.318 7.20209 -9999 -9999 -9999 -9999 -9999 -9999
-9999 -9999 14.6912 15.127 15.348 15.3848 15.7657 16.1417 16.3773 16.5471 16.5139 16.5015 16.4887 16.358 16.0515 16.111 16.0904 15.9146 14.8454 13.5968 14.1492 13.4115 11.8173 13.118 13.8345 13.1565 11.6366 9.87322 9.2972 9.32784 8.46196 7.34579 -9999 -9999 -9999 8.32659 9.2517 9.33699 9.6139 10.4771 11.1353 11.6343 11.9755 11.9681 11.6223 11.047 10.421 10.6517 11.7935 12.0756 12.3195 12.5003 12.2606 12.3909 12.6988 12.8599 12.8961 12.8291 12.8177 12.8477 12.817 12.4478 10.5512 9.46778 8.7789 7.38887 -9999 -9999 -9999 -9999 -9999 -9999
-9999 -9999 14.4068 14.7859 15.0929 15.6007 15.6551 15.9764 16.1634 16.4485 16.4813 16.1513 16.4269 16.3939 16.3458 16.241 16.0865 15.1845 13.9399 12.6925 12.12 12.3675 11.4143 11.9125 12.6384 12.3813 11.4494 9.87891 9.66065 9.29684 7.84091 6.43682 -9999 -9999 6.52775 8.29791 9.54605 10.1926 10.3969 10.422 11.25 11.3209 12.212 12.0084 10.8459 10.9836 10.5359 10.8364 11.2577 11.377 11.9824 12.567 12.6799 12.6863 12.8836 12.9273 12.9417 12.9412 12.8149 12.8801 12.8949 12.667 11.2936 10.6272 9.89133 7.39777 -9999 -9999 -9999 -9999 -9999 -9999
-9999 -9999 14.5886 15.012 15.4749 15.5507 15.8933 15.8603 15.7595 16.2368 16.4132 16.1803 16.0135 16.326 16.3075 16.2702 16.207 15.36 14.3795 12.8923 11.9708 11.405 11.0078 10.4746 10.8499 10.7413 10.5939 10.7724 10.3444 9.48278 8.63025 7.03389 6.17064 -9999 6.6141 7.41516 8.89865 10.1606 10.9641 10.6833 11.624 11.8039 12.347 12.037 11.3342 11.0345 11.0133 10.9258 11.5605 11.9905 12.295 12.4989 12.7544 12.8213 12.8885 12.9188 12.9373 12.9563 12.9578 12.9581 12.9358 12.854 12.226 11.5599 10.1155 7.47273 -9999 -9999 -9999 -9999 -9999 -9999
-9999 13.3517 14.5324 15.241 15.5158 15.714 15.8884 16.0145 16.1436 16.2686 16.3544 16.3199 15.702 15.7547 15.869 16.2244 16.2041 16.1326 15.5994 13.7887 13.1636 12.2512 11.0686 10.5779 10.8313 11.8103 11.7713 11.1303 10.4151 9.42327 8.79488 7.81581 5.93493 6.10768 6.96056 7.59656 8.60621 10.1476 11.2302 11.7169 11.9049 12.2879 12.4913 12.0637 11.6583 11.491 11.1755 11.1361 11.1441 11.5296 11.832 12.4978 12.7238 12.8312 12.8865 12.9181 12.9423 12.9665 12.9782 12.9708 12.9771 12.9781 12.9369 12.0497 9.81899 8.14335 -9999 -9999 -9999 -9999 -9999 -9999
-9999 -9999 14.3066 14.619 14.7012 14.844 15.1356 15.4716 15.9446 16.0063 16.2694 16.2695 15.7381 15.1239 15.6638 15.881 16.107 16.1193 16.0561 14.5324 13.7397 13.1168 11.9832 12.4003 12.7961 12.8307 12.5996 11.2205 9.84673 8.26038 6.77991 6.71221 5.91714 6.34404 6.90854 8.35293 9.37113 9.78728 10.0882 11.6561 12.0672 12.2129 12.6192 12.0806 11.9502 11.547 11.6751 11.6453 11.6535 10.5239 11.6685 11.7404 12.4866 12.8251 12.9058 12.93 12.9559 12.9637 12.9728 12.9746 12.9879 12.9822 12.9758 12.4014 9.5718 8.15679 -9999 -9999 -9999 -9999 -9999 -9999
-9999 -9999 -9999 -9999 14.4 14.6375 14.7895 15.0524 15.8554 16.073 16.218 16.2314 15.9953 15.388 15.2305 15.3464 14.7561 15.2599 15.9458 15.9349 15.8584 14.5221 13.8419 14.5125 14.3158 13.3117 12.522 11.7423 10.1333 8.95473 7.25754 5.98379 5.93892 7.35159 8.52629 9.98779 10.6354 10.2743 10.6765 11.4573 12.3446 12.7771 12.6832 12.1151 12.0423 11.4171 12.0446 12.1039 11.821 11.577 11.6824 12.054 12.1984 12.783 12.9275 12.9573 12.9656 12.9723 12.9745 12.9765 12.9744 12.9743 12.9725 12.953 10.0443 7.78514 -9999 -9999 -9999 -9999 -9999 -9999
-9999 -9999 -9999 -9999 13.8329 13.9776 14.3573 15.3323 15.8392 16.0459 16.0396 16.1362 15.9703 15.436 14.8884 14.3728 13.7073 14.0961 15.1161 15.7201 15.7942 14.6237 15.2425 15.019 14.5724 13.2577 12.2896 11.7782 10.2336 8.91011 7.78217 6.22334 6.89479 7.63407 8.58292 10.1774 11.2549 11.7007 11.3359 11.8376 12.8577 12.8698 12.3219 12.3647 12.0346 11.1778 12.0834 12.3426 12.1447 12.2032 12.1331 12.2745 12.5278 12.7701 12.9325 12.9579 12.9646 12.9636 12.968 12.9735 12.9677 12.9746 12.9728 12.9646 11.0896 7.73535 -9999 -9999 -9999 -9999 -9999 -9999
-9999 -9999 -9999 -9999 -9999 13.3167 14.1832 15.4777 15.7952 15.7664 16.0346 16.059 15.8034 15.5824 14.9169 14.0071 12.2562 12.709 13.6483 15.0004 15.714 15.6246 15.2375 14.5595 12.9106 11.4679 11.2966 11.0638 9.93771 8.91907 7.66476 8.39693 9.19865 10.0755 10.5382 10.423 11.3469 12.1014 11.7885 12.4026 13.1184 12.803 12.6193 12.4663 12.0836 12.0668 12.1142 12.6311 12.284 12.5068 12.5183 12.511 12.6366 12.7803 12.9308 12.9588 12.9632 12.9699 12.9574 12.9683 12.9654 12.963 12.9618 12.9557 12.7923 10.9897 9.91426 -9999 -9999 -9999 -9999 -9999
-9999 -9999 -9999 -9999 -9999 12.5105 12.9428 14.476 14.9458 15.6239 15.9847 16.0027 15.57 15.3305 14.3368 14.0178 12.3984 11.6688 12.2987 12.0658 13.9253 15.5715 15.2209 11.9158 10.722 9.8717 10.096 10.1024 9.79183 8.05607 7.58057 9.1407 10.1243 10.8874 11.4672 11.5912 11.5758 12.7531 12.9145 13.3011 13.2243 13.2659 12.6805 12.3208 12.6483 12.286 12.2296 12.7634 12.2502 12.7258 12.6765 12.5405 12.5379 12.8518 12.9187 12.9559 12.9618 12.9539 12.9427 12.939 12.9545 12.9558 12.9449 12.9525 12.9425 12.7359 11.8057 11.4853 11.8556 -9999 -9999 -9999
-9999 -9999 -9999 -9999 -9999 -9999 11.5066 13.6377 14.6076 15.1201 15.8416 15.9302 15.6996 15.2838 14.2722 13.3835 11.9364 10.2833 9.41159 12.0463 14.3402 15.5403 15.3897 12.6394 11.5571 11.5117 12.157 11.6209 11.215 9.89667 9.50576 8.96079 9.30268 10.364 11.2328 12.0711 12.6819 12.7361 13.1344 13.3668 13.3913 13.4682 13.405 13.3547 12.791 13.1924 12.8641 13.0483 12.9401 12.8428 12.7602 12.4385 12.6743 12.8834 12.9404 12.9602 12.952 12.9534 12.949 12.9344 12.9321 12.9366 12.9409 12.9369 12.9436 12.9423 12.8445 12.2876 11.5394 10.5921 -9999 -9999
-9999 -9999 -9999 -9999 -9999 -9999 10.4359 12.5569 13.5752 14.8918 15.567 15.844 15.8109 15.4746 14.707 13.5499 12.5871 10.741 8.82406 11.5889 14.0544 15.3866 15.4626 13.1527 13.8001 13.2862 13.5004 12.5549 12.1644 11.8553 11.1772 10.4352 9.6214 9.19419 11.1395 12.1406 12.9471 13.3299 13.5485 13.6601 13.6086 13.4705 12.6147 13.2782 13.2504 13.1915 13.1229 13.0929 13.031 12.9567 12.9157 12.9041 12.692 12.9415 12.9401 12.9476 12.9529 12.9507 12.9427 12.9365 12.928 12.9338 12.9334 12.9313 12.9321 12.9379 12.938 12.914 12.771 11.4965 10.7366 10.5292
-9999 -9999 -9999 -9999 -9999 -9999 7.45001 10.5359 13.0073 14.3043 15.3601 15.6525 15.7638 15.3116 14.9746 14.1464 13.3627 12.1513 10.3346 9.2181 11.2898 14.298 15.4131 15.3326 15.2685 14.6735 14.1376 14.0739 14.1189 13.4924 12.5769 11.3832 11.0139 10.5982 12.0482 12.2486 12.1474 13.7415 13.7498 13.6642 13.061 12.3863 12.5211 12.1087 12.4386 11.9424 12.4106 12.8161 12.9712 12.9647 12.918 12.915 12.8961 12.9431 12.9468 12.9442 12.9431 12.9445 12.9428 12.9288 12.9229 12.9345 12.9281 12.9243 12.9246 12.9321 12.9355 12.9194 12.9052 12.7148 12.4249 11.8677
-9999 -9999 -9999 -9999 -9999 -9999 7.57113 10.1623 12.3654 13.687 14.9589 15.2563 15.6879 15.599 15.2458 14.5264 13.6268 12.6305 11.0725 9.91587 11.3025 13.3022 14.735 15.2524 15.255 15.2256 15.0946 15.0394 14.886 14.7764 14.1233 12.9962 12.361 11.4293 13.0449 13.2299 12.9822 13.7907 13.7549 12.5435 11.6133 11.5018 12.0787 11.5417 11.4531 11.1247 11.5125 12.5414 12.2464 12.3112 12.7816 12.8632 12.9165 12.9344 12.9356 12.9378 12.9342 12.9398 12.9453 12.9316 12.9279 12.9286 12.9161 12.9195 12.913 12.9128 12.9146 12.9089 12.8964 12.8467 12.7895 12.8616
-9999 -9999 -9999 -9999 -9999 -9999 7.61439 9.35917 11.3422 13.2876 14.6459 15.1957 15.5971 15.5964 15.1853 14.8297 14.2673 13.3912 12.7918 11.7479 10.3136 12.7312 13.4771 14.143 14.4215 15.1145 15.1023 14.7915 14.4301 14.7745 14.6792 13.7879 13.4976 13.0045 13.9049 13.9113 13.8907 13.847 12.824 11.4006 10.2639 11.0903 10.9237 11.3076 10.1462 11.1108 11.8902 12.147 11.6312 11.2467 12.4594 12.6639 12.7877 12.8686 12.9232 12.9156 12.9324 12.9298 12.9308 12.9316 12.926 12.9246 12.9192 12.9138 12.9105 12.9116 12.9042 12.8908 12.8962 12.8766 12.8712 12.8682
-9999 -9999 -9999 -9999 -9999 -9999 -9999 8.31879 10.8308 13.0755 14.3268 15.1151 15.501 15.4977 15.2893 15.0491 14.7017 14.0706 13.2768 12.0201 11.0883 11.6871 12.4177 12.5048 12.9917 14.3947 14.877 14.2044 12.5319 13.5252 14.6318 14.6183 14.5287 14.4279 14.2991 14.182 13.9209 13.2142 11.0404 10.6147 9.76492 9.86684 9.43344 10.3974 10.0464 11.0355 11.4674 11.634 10.7302 10.9293 12.0032 12.4315 12.3665 12.6311 12.8864 12.8992 12.911 12.9093 12.9193 12.9261 12.9269 12.9182 12.9151 12.9143 12.9011 12.9121 12.8373 12.791 12.6908 12.8293 12.8484 12.8637
-9999 -9999 -9999 -9999 -9999 -9999 -9999 7.81007 10.3189 12.9621 13.8131 14.6627 15.3966 15.4145 15.0941 14.7897 14.4761 14.1186 13.1548 12.2204 11.3286 11.0322 11.2172 11.2096 11.9943 13.8208 14.178 14.032 12.2858 11.6985 13.1753 14.417 14.5189 14.4111 12.9594 13.274 12.4929 11.4321 11.1435 10.6819 9.70128 10.1804 9.46368 9.77821 9.70398 10.2678 10.5456 11.2153 10.4283 10.4387 11.4931 12.0277 12.0463 12.6069 12.81 12.867 12.885 12.8994 12.9067 12.9205 12.9205 12.9176 12.9121 12.8912 12.8337 12.6467 11.6028 11.6104 11.906 12.1861 12.6924 12.8393
-9999 -9999 -9999 -9999 -9999 -9999 -9999 8.09156 9.83352 12.1794 13.9181 14.0306 14.878 15.3172 14.9685 14.5754 14.1732 13.9998 12.9505 11.7975 10.8669 9.76447 9.95118 10.7502 12.0565 13.2379 13.4527 13.2139 12.2791 12.7264 13.7349 14.2725 14.4342 14.3149 14.0022 13.8235 13.2495 13.0034 12.2046 10.9532 10.4632 10.7814 9.45282 9.55108 10.0494 9.53441 10.4035 10.8223 9.8042 10.6244 11.5576 12.0373 12.4573 12.6589 12.7423 12.8675 12.8757 12.8909 12.9015 12.9049 12.91 12.8958 12.885 12.7786 12.6191 11.6426 11.245 11.3315 11.7918 12.1957 12.6211 12.7974
-9999 -9999 -9999 -9999 -9999 -9999 -9999 8.37933 9.94819 11.9828 13.2235 13.4484 14.3877 15.2235 15.1344 14.7253 14.6036 14.1796 13.2903 12.3076 11.2332 10.7131 9.51181 10.7032 11.6489 12.6499 13.1205 12.3527 11.9706 12.6599 13.3452 13.6216 14.3136 14.3116 14.092 13.1306 12.6641 12.8678 12.6701 12.3205 11.4606 11.427 10.8765 10.6515 10.4394 9.74223 10.1979 10.2484 10.3766 11.3589 11.8472 12.1727 12.4692 12.551 12.6828 12.8523 12.8719 12.8829 12.8873 12.8955 12.8886 12.847 12.8129 12.5932 12.2003 11.4625 10.2696 11.1249 12.019 12.2914 12.5576 12.6976
-9999 -9999 -9999 -9999 -9999 -9999 -9999 8.10378 9.77035 11.5098 12.2392 12.3661 14.0632 15.1038 15.1095 14.9177 14.693 13.6396 13.7058 13.4986 12.5298 11.1166 9.56424 9.71459 10.6476 11.9691 12.409 11.138 10.6927 11.0283 12.0621 12.988 13.9545 14.2035 13.9258 12.4266 10.8333 11.5791 12.3758 12.3762 12.1487 11.3517 11.102 10.8766 10.2966 9.31351 9.46538 9.74626 10.8615 11.2173 11.764 12.2189 12.0547 12.1592 12.5945 12.8464 12.8609 12.8704 12.8837 12.8831 12.8735 12.7856 12.6923 12.5322 11.499 10.8585 9.92835 11.0297 11.6409 11.9728 12.555 12.6982
-9999 -9999 -9999 -9999 -9999 -9999 -9999 7.57998 8.79043 10.4533 11.1257 12.1962 13.8002 14.5911 14.9723 14.968 14.8197 14.3502 14.0697 13.5128 12.5048 11.1249 9.59058 8.59322 9.10671 10.8842 11.309 10.1355 9.543 10.2912 11.3926 13.0213 13.9538 14.0837 14.0044 13.6989 12.5368 11.1319 11.1415 11.8533 11.2667 10.5841 10.9673 10.9023 10.3298 9.91474 9.66729 9.83362 10.4717 10.7382 11.3689 12.2971 12.4346 12.4137 12.8075 12.8322 12.8464 12.8662 12.8709 12.8724 12.8659 12.7951 12.6304 11.9443 11.3467 10.5134 10.4151 11.4003 11.8334 12.2371 12.5255 12.6232
-9999 -9999 -9999 -9999 -9999 -9999 -9999 6.68447 8.10812 9.66619 11.1254 12.5062 13.6952 13.7907 14.4198 14.423 14.7546 14.6649 14.2301 13.7618 12.8939 11.12 9.62914 8.00281 8.43692 10.2485 10.4874 9.70521 8.25623 9.76155 11.4211 12.9257 13.7422 13.1102 13.7672 13.7182 13.2857 12.4513 11.1514 11.1809 10.208 10.1705 10.6777 10.8458 10.7674 10.4571 9.96114 10.0553 10.4452 10.5483 11.1283 11.8495 12.5548 12.6777 12.8164 12.8274 12.8347 12.8508 12.8573 12.8478 12.8171 12.7429 12.1686 11.4845 11.0652 10.4861 10.4205 11.5528 12.01 12.2664 12.5162 12.6181
-9999 -9999 -9999 -9999 -9999 -9999 -9999 -9999 7.95361 9.56322 10.7553 11.0791 12.1365 12.7093 13.1534 13.2551 14.5152 14.5886 14.3144 13.8846 13.1449 11.7999 10.8641 9.30427 8.18428 8.65251 8.86976 9.28733 9.16994 9.84371 11.4386 13.1001 13.2853 12.2372 12.3976 12.6224 13.1206 12.8749 11.102 10.2036 9.45877 9.99633 10.5616 10.7023 10.7347 10.6318 10.5156 10.3089 11.0638 11.6237 11.7576 12.2464 12.6086 12.7125 12.792 12.8063 12.8208 12.8261 12.8105 12.8006 12.7161 12.5205 11.8774 10.3235 10.4015 10.2381 9.7583 10.8619 11.5674 12.1919 12.5262 12.6165
-9999 -9999 -9999 -9999 -9999 -9999 -9999 -9999 7.40999 9.27183 9.66818 9.64295 9.03177 9.31896 11.6035 12.0668 13.2755 14.4202 14.3406 13.919 13.2272 12.4279 11.188 9.4332 8.03971 7.45283 8.96219 10.4437 10.7531 11.2291 12.208 12.3976 11.3262 10.3218 10.8927 11.2384 12.543 12.7849 12.5369 11.4706 10.2508 9.61647 10.3761 10.4821 10.5325 10.5466 10.5293 10.5071 11.3595 11.8324 12.162 12.3439 12.6557 12.7394 12.7697 12.7985 12.7982 12.7875 12.7442 12.6943 12.4571 12.1688 11.112 10.2318 9.68489 8.98927 10.5737 11.0492 11.7098 12.137 12.4694 12.5463
