Test_Spring_2018b/04_18/Temp/20180427_008.txt
ncols	170
nrows	115
xllcorner	350000.000000
yllcorner	4445000.000000
cellsize	1000.000000
nodata_value	-9999.000000
[rows 32 to 63 of 115, columns 72 to 143 of 170]
20.3786 20.2602 20.4547 20.6339 20.5144 20.437 20.7218 20.7258 20.6319 20.4059 20.3262 20.2436 20.1953 19.9051 19.0808 18.3384 18.745 18.7601 18.4883 18.9906 18.7329 18.0525 17.0898 17.6195 17.4867 16.7849 16.6126 -9999 -9999 -9999 -9999 -9999 -9999 -9999 -9999 -9999 -9999 -9999 -9999 -9999 -9999 -9999 -9999 -9999 -9999 -9999 -9999 -9999 -9999 -9999 -9999 -9999 -9999 -9999 -9999 -9999 -9999 -9999 -9999 -9999 -9999 -9999 -9999 -9999 -9999 -9999 -9999 -9999 -9999 -9999 -9999 -9999
20.2134 20.1654 20.4525 20.4509 20.4272 20.5156 20.6916 20.7312 20.6973 20.6013 20.5191 20.4316 20.202 19.8691 19.1644 18.3185 18.131 18.5534 18.5788 18.651 18.4167 18.1209 17.6551 18.0445 18.1982 17.7397 17.1381 16.7508 -9999 -9999 -9999 -9999 -9999 -9999 -9999 -9999 -9999 -9999 -9999 -9999 -9999 -9999 -9999 -9999 -9999 -9999 -9999 -9999 -9999 -9999 -9999 -9999 -9999 -9999 -9999 -9999 -9999 -9999 -9999 -9999 -9999 -9999 -9999 -9999 -9999 -9999 -9999 -9999 -9999 -9999 -9999 -9999
20.0168 19.7477 19.9226 20.0548 20.2753 20.3269 20.3663 20.7074 20.6939 20.6828 20.5437 20.4337 20.2483 19.9281 19.4701 18.9174 17.951 18.5561 19.0309 19.0242 19.0036 18.7979 18.3507 18.7331 18.755 18.1649 17.4926 17.1113 16.9563 -9999 -9999 -9999 -9999 -9999 -9999 -9999 -9999 -9999 -9999 -9999 -9999 -9999 -9999 -9999 -9999 -9999 -9999 -9999 -9999 -9999 -9999 -9999 -9999 -9999 -9999 -9999 -9999 -9999 -9999 -9999 -9999 -9999 -9999 -9999 -9999 -9999 -9999 -9999 -9999 -9999 -9999 -9999
19.7936 19.4637 19.6397 19.8726 20.1877 20.3438 20.467 20.5717 20.6787 20.6711 20.5285 20.0985 20.0417 20.0283 19.7307 19.0999 18.47 18.311 19.0326 19.2429 19.2064 19.3712 18.9931 19.1784 19.1084 18.9006 18.253 17.6725 17.4392 16.974 -9999 -9999 -9999 -9999 -9999 -9999 -9999 -9999 -9999 -9999 -9999 -9999 -9999 -9999 -9999 -9999 -9999 -9999 -9999 -9999 -9999 -9999 -9999 -9999 -9999 -9999 -9999 -9999 -9999 -9999 -9999 -9999 -9999 -9999 -9999 -9999 -9999 -9999 -9999 -9999 -9999 -9999
-9999 -9999 19.2579 19.5621 19.8177 20.1284 20.3961 20.5364 20.673 20.6667 20.377 20.2379 20.2306 20.0373 19.6929 19.4789 19.0846 18.6734 18.8384 19.4545 19.1881 19.6257 19.5937 19.6776 19.3925 18.8297 18.0921 17.659 17.4506 17.0744 -9999 -9999 -9999 -9999 -9999 -9999 -9999 -9999 -9999 -9999 -9999 -9999 -9999 -9999 -9999 -9999 -9999 -9999 -9999 -9999 -9999 -9999 -9999 -9999 -9999 -9999 -9999 -9999 -9999 -9999 -9999 -9999 -9999 -9999 -9999 -9999 -9999 -9999 -9999 -9999 -9999 -9999
-9999 -9999 -9999 19.5052 19.6994 20.1243 20.3298 20.422 20.6396 20.6443 20.5373 20.458 20.3411 20.187 19.9296 19.6452 19.2748 19.2459 19.6423 19.6528 19.5765 19.6457 19.851 19.8024 19.351 18.572 18.1674 17.3222 16.971 17.0117 16.7645 -9999 -9999 -9999 -9999 -9999 -9999 -9999 -9999 -9999 -9999 -9999 -9999 17.8087 -9999 -9999 -9999 -9999 -9999 -9999 -9999 -9999 -9999 -9999 -9999 -9999 -9999 -9999 -9999 -9999 -9999 -9999 -9999 -9999 16.4156 -9999 -9999 -9999 -9999 -9999 -9999 -9999
-9999 -9999 19.4748 19.7252 19.9332 20.2004 20.2217 20.3746 20.6241 20.6316 20.557 20.4724 20.2767 20.2325 20.0886 19.7795 19.7212 19.8552 19.92 19.9925 20.039 20.0108 19.9341 19.8332 19.5308 19.176 18.9388 18.1754 17.7863 17.4237 16.8732 16.4439 -9999 -9999 -9999 -9999 -9999 -9999 -9999 17.4945 17.4807 17.4972 17.6254 17.9677 17.7762 -9999 -9999 -9999 -9999 -9999 -9999 -9999 -9999 -9999 -9999 -9999 -9999 -9999 -9999 -9999 -9999 -9999 -9999 -9999 16.723 16.2937 -9999 -9999 -9999 -9999 -9999 -9999
-9999 -9999 19.5313 19.8112 19.9521 20.2112 20.3606 20.4455 20.5341 20.6193 20.6099 20.5157 20.3705 20.3772 20.1759 20.0705 19.9971 20.1763 20.2167 20.1534 20.072 20.0001 19.7872 19.7661 19.6821 19.4577 19.0873 18.7054 18.1358 17.3862 16.6516 16.0604 -9999 -9999 -9999 -9999 -9999 -9999 17.5508 17.8372 18.0115 17.6628 17.9732 18.2573 18.219 17.9446 -9999 -9999 -9999 -9999 -9999 -9999 -9999 -9999 -9999 -9999 -9999 -9999 -9999 -9999 18.7678 18.3275 17.4301 16.9739 16.7033 16.3136 -9999 -9999 -9999 -9999 -9999 -9999
-9999 -9999 19.4777 19.8073 20.031 20.2296 20.263 20.4599 20.5449 20.5921 20.5911 20.5762 20.5538 20.3787 20.3072 20.0402 20.3087 20.3056 20.2459 19.9898 19.8818 19.4367 19.243 19.1871 19.5687 19.2914 18.7096 17.9816 17.0977 17.0367 16.7505 16.2224 -9999 -9999 -9999 -9999 -9999 -9999 17.6379 17.944 18.2005 18.2439 17.8973 18.3972 18.3741 18.1038 18.0468 18.2787 18.3991 18.3127 18.5857 18.6717 18.5569 18.6982 -9999 -9999 -9999 -9999 18.8174 18.8435 18.8652 18.6863 17.7052 17.0376 16.4388 16.3859 -9999 -9999 -9999 -9999 -9999 -9999
-9999 -9999 19.7059 19.9091 20.0125 20.0304 20.2083 20.3794 20.4853 20.5659 20.5543 20.5528 20.5515 20.4958 20.3586 20.3915 20.387 20.3102 19.8178 19.2416 19.5014 19.1613 18.4173 19.0162 19.3492 19.0342 18.3281 17.5089 17.2337 17.2415 16.8415 16.3259 -9999 -9999 -9999 16.7991 17.2342 17.2792 17.4131 17.8193 18.1299 18.3655 18.5279 18.5226 18.3624 18.098 17.81 17.9201 18.4535 18.5879 18.6929 18.7818 18.6758 18.7448 18.8937 18.9746 18.9975 18.9724 18.9731 18.9928 18.9841 18.818 17.9388 17.4403 17.125 16.4855 -9999 -9999 -9999 -9999 -9999 -9999
-9999 -9999 19.5795 19.7561 19.8992 20.1326 20.1587 20.3091 20.3936 20.5243 20.5433 20.3944 20.5273 20.5173 20.5004 20.4573 20.3909 19.9769 19.4032 18.8276 18.5648 18.6781 18.2366 18.463 18.8002 18.6789 18.2436 17.5138 17.4124 17.2373 16.5565 15.9072 -9999 -9999 15.9623 16.7899 17.3753 17.6814 17.7819 17.7989 18.1886 18.2262 18.6444 18.549 18.0095 18.0763 17.8692 18.0114 18.2125 18.2711 18.55 18.8217 18.8795 18.8881 18.9857 19.0122 19.0252 19.0312 18.9786 19.0148 19.0274 18.9269 18.2941 17.9896 17.65 16.5006 -9999 -9999 -9999 -9999 -9999 -9999
-9999 -9999 19.667 19.8638 20.079 20.1144 20.2741 20.2588 20.2095 20.4338 20.5158 20.4121 20.3397 20.4905 20.4877 20.4763 20.4526 20.0644 19.6135 18.9266 18.5016 18.2374 18.054 17.7986 17.9725 17.9214 17.8521 17.9344 17.7331 17.3267 16.9321 16.188 15.7907 -9999 16.0062 16.3839 17.0789 17.6711 18.0503 17.9255 18.3678 18.4561 18.7089 18.5683 18.2424 18.1076 18.1005 18.0626 18.3603 18.5611 18.7004 18.7996 18.9197 18.9565 18.9938 19.0142 19.0292 19.0444 19.0514 19.0576 19.053 19.0205 18.734 18.4275 17.7612 16.5421 -9999 -9999 -9999 -9999 -9999 -9999
-9999 19.1044 19.6467 19.9755 20.1028 20.1947 20.2758 20.335 20.3927 20.4521 20.4953 20.4811 20.1994 20.2298 20.289 20.4604 20.4569 20.4292 20.1863 19.3491 19.0591 18.6345 18.0857 17.8525 17.9692 18.4228 18.4033 18.1044 17.7712 17.3044 17.0114 16.5586 15.6846 15.7694 16.1708 16.4721 16.9473 17.6697 18.1788 18.4108 18.5036 18.6835 18.7819 18.5878 18.4003 18.3253 18.1813 18.1655 18.1718 18.3537 18.4923 18.8039 18.9138 18.9664 18.9983 19.0194 19.0372 19.055 19.0668 19.0696 19.0785 19.0845 19.0692 18.6618 17.6335 16.8636 -9999 -9999 -9999 -9999 -9999 -9999
-9999 -9999 19.5475 19.6918 19.7292 19.7949 19.9302 20.0865 20.3039 20.3349 20.4603 20.4638 20.2207 19.9415 20.1987 20.3061 20.4173 20.4288 20.4044 19.6971 19.331 19.0429 18.5165 18.7048 18.8872 18.9016 18.7924 18.1501 17.5105 16.7674 16.0804 16.0505 15.6824 15.8828 16.1505 16.8275 17.3069 17.5068 17.653 18.3875 18.5822 18.6551 18.848 18.6014 18.5416 18.3569 18.4188 18.4073 18.4134 17.8912 18.4211 18.4585 18.8096 18.9707 19.0124 19.0301 19.0488 19.0591 19.0699 19.0771 19.0893 19.0913 19.0956 18.8342 17.5249 16.8759 -9999 -9999 -9999 -9999 -9999 -9999
-9999 -9999 -9999 -9999 19.594 19.7034 19.7735 19.8957 20.2664 20.3697 20.4403 20.4506 20.346 20.0689 20.0023 20.0629 19.7951 20.0344 20.3567 20.3548 20.3214 19.7016 19.3813 19.6915 19.5983 19.1297 18.7607 18.3965 17.6472 17.0935 16.3056 15.7153 15.697 16.3569 16.906 17.5911 17.8985 17.7376 17.9311 18.2992 18.7169 18.9227 18.8833 18.623 18.59 18.302 18.5958 18.6255 18.4962 18.3852 18.4323 18.6088 18.6802 18.9566 19.0292 19.0477 19.0583 19.0682 19.0759 19.0833 19.0889 19.0949 19.0999 19.0964 17.7505 16.7092 -9999 -9999 -9999 -9999 -9999 -9999
-9999 -9999 -9999 -9999 19.3351 19.4013 19.577 20.0299 20.2631 20.3613 20.3615 20.4106 20.3386 20.0963 19.8483 19.6156 19.3126 19.4986 19.9768 20.2606 20.297 19.7541 20.0373 19.9319 19.7225 19.1094 18.6572 18.4174 17.6979 17.0768 16.5531 15.8303 16.1447 16.4918 16.9373 17.6835 18.1908 18.4048 18.2417 18.4809 18.9604 18.971 18.7207 18.7443 18.5918 18.1962 18.6191 18.7416 18.6516 18.681 18.6467 18.716 18.8378 18.9551 19.0359 19.0535 19.0627 19.069 19.0779 19.0871 19.091 19.1004 19.1055 19.1074 18.2418 16.6919 -9999 -9999 -9999 -9999 -9999 -9999
-9999 -9999 -9999 -9999 -9999 19.0987 19.5006 20.1019 20.2471 20.2359 20.3637 20.3793 20.2657 20.169 19.8663 19.4504 18.6433 18.8591 19.2998 19.9311 20.2646 20.2239 20.0398 19.7232 18.9551 18.2825 18.2005 18.0901 17.5649 17.0854 16.503 16.8445 17.2194 17.6304 17.85 17.8023 18.2382 18.5955 18.4568 18.7483 19.0865 18.945 18.864 18.7966 18.6198 18.6145 18.6387 18.8808 18.7215 18.8272 18.8307 18.8308 18.8933 18.9646 19.0398 19.0586 19.0669 19.0767 19.0777 19.0896 19.0949 19.1002 19.1058 19.1088 19.0385 18.2094 17.7155 -9999 -9999 -9999 -9999 -9999
-9999 -9999 -9999 -9999 -9999 18.7286 18.929 19.6413 19.8573 20.1746 20.3455 20.3581 20.1622 20.0565 19.6013 19.4599 18.7141 18.38 18.6769 18.5719 19.4378 20.2035 20.0363 18.4994 17.9429 17.5456 17.6475 17.6483 17.5021 16.6895 16.469 17.1952 17.6546 18.0127 18.2869 18.35 18.3495 18.9036 18.9845 19.1704 19.1404 19.1648 18.8973 18.734 18.8872 18.7215 18.6975 18.9476 18.7112 18.9343 18.9095 18.8499 18.8526 19.003 19.0392 19.0622 19.0712 19.0742 19.076 19.0808 19.0947 19.1019 19.1032 19.1127 19.1139 19.0264 18.6 18.4567 18.634 -9999 -9999 -9999
-9999 -9999 -9999 -9999 -9999 -9999 18.2665 19.2569 19.7053 19.9457 20.2842 20.3296 20.2258 20.039 19.5757 19.1695 18.5035 17.7412 17.3392 18.5663 19.6341 20.1927 20.1185 18.8396 18.3351 18.3121 18.6099 18.3589 18.1687 17.5502 17.3691 17.1175 17.2789 17.7745 18.1833 18.5786 18.8689 18.901 19.0932 19.2056 19.2226 19.2635 19.2387 19.2193 18.9584 19.1476 18.9976 19.0854 19.0373 18.9943 18.9541 18.8081 18.9216 19.0233 19.0548 19.0698 19.0721 19.0793 19.0844 19.0849 19.0893 19.0981 19.1066 19.111 19.12 19.128 19.0885 18.8354 18.4932 18.0581 -9999 -9999
-9999 -9999 -9999 -9999 -9999 -9999 17.774 18.76 19.2309 19.8451 20.1603 20.2918 20.2821 20.1321 19.7819 19.2507 18.8095 17.9574 17.0717 18.3589 19.5044 20.1245 20.1602 19.0818 19.3813 19.1411 19.239 18.7982 18.6157 18.466 18.1518 17.8088 17.4318 17.2376 18.1462 18.617 18.998 19.1826 19.2911 19.35 19.331 19.2692 18.8762 19.1885 19.1768 19.1524 19.1232 19.1117 19.0853 19.0532 19.0322 19.0304 18.9359 19.0555 19.0611 19.0701 19.0786 19.0841 19.0873 19.0917 19.0952 19.1043 19.1085 19.1139 19.1204 19.1319 19.138 19.1326 19.0716 18.4846 18.1364 18.0428
-9999 -9999 -9999 -9999 -9999 -9999 16.3917 17.8263 18.9698 19.5753 20.0669 20.2077 20.2649 20.0607 19.9103 19.5316 19.1733 18.6159 17.7766 17.2618 18.2254 19.6248 20.1405 20.098 20.0675 19.7901 19.5401 19.5095 19.5297 19.2328 18.8061 18.2538 18.0856 17.8965 18.575 18.6737 18.6328 19.3799 19.3905 19.3575 19.0837 18.774 18.842 18.6501 18.8046 18.5773 18.7977 18.9888 19.0636 19.0632 19.0395 19.0406 19.036 19.0642 19.0709 19.0751 19.0806 19.0877 19.0938 19.0944 19.0991 19.112 19.1148 19.1201 19.1228 19.1354 19.1431 19.1414 19.1404 19.0571 18.9274 18.6713
-9999 -9999 -9999 -9999 -9999 -9999 16.4503 17.6509 18.6768 19.2903 19.8853 20.0283 20.2341 20.1984 20.0402 19.7118 19.2994 18.8416 18.1224 17.5889 18.2361 19.165 19.8319 20.0671 20.0652 20.0511 19.9898 19.9613 19.8898 19.8328 19.5312 19.0101 18.7183 18.2896 19.0449 19.1363 19.0271 19.4091 19.3989 18.8426 18.4168 18.371 18.6415 18.3969 18.3571 18.2027 18.386 18.8671 18.732 18.765 18.9812 19.0231 19.0544 19.0673 19.0728 19.0793 19.0835 19.0925 19.1018 19.1026 19.1081 19.1158 19.1174 19.1241 19.1279 19.1374 19.1398 19.1431 19.1429 19.1253 19.1074 19.1435
-9999 -9999 -9999 -9999 -9999 -9999 16.4765 17.2827 18.2065 19.1095 19.7446 20.0047 20.1963 20.2014 20.0159 19.8562 19.6002 19.1981 18.924 18.4429 17.7797 18.9053 19.2507 19.5551 19.6829 20.0046 19.9986 19.8539 19.677 19.8384 19.7961 19.3848 19.2534 19.0285 19.4515 19.4597 19.4559 19.4416 18.9726 18.3176 17.7956 18.1854 18.1136 18.2933 17.7551 18.2068 18.5723 18.6948 18.4525 18.2772 18.8383 18.94 19.0018 19.0441 19.0746 19.0765 19.0902 19.0953 19.1025 19.1098 19.1143 19.121 19.1257 19.1303 19.1333 19.1436 19.1468 19.1515 19.1598 19.1503 19.1528 19.1542
-9999 -9999 -9999 -9999 -9999 -9999 -9999 16.8051 17.9696 19.0159 19.6012 19.9719 20.156 20.1596 20.068 19.9615 19.8052 19.5166 19.1521 18.5719 18.1422 18.4228 18.7606 18.7959 19.0226 19.6747 19.899 19.587 18.8027 19.2653 19.7816 19.7782 19.7401 19.6973 19.6416 19.5924 19.4766 19.1542 18.1503 17.9589 17.57 17.6231 17.4272 17.8759 17.7138 18.1774 18.3818 18.4627 18.0462 18.1356 18.6409 18.844 18.818 18.9455 19.0653 19.0768 19.0881 19.0936 19.1049 19.1149 19.1223 19.1292 19.1352 19.1421 19.1406 19.1557 19.1276 19.1124 19.0717 19.1415 19.1555 19.1708
-9999 -9999 -9999 -9999 -9999 -9999 -9999 16.5675 17.7361 18.9676 19.3669 19.766 20.1116 20.1248 19.9809 19.8444 19.7035 19.5419 19.0983 18.668 18.2569 18.1219 18.2101 18.1977 18.5633 19.4126 19.5795 19.5126 18.6935 18.4229 19.1116 19.6916 19.7425 19.6966 19.0268 19.1779 18.8204 18.3332 18.2049 17.9963 17.5465 17.7747 17.4471 17.5983 17.5603 17.8265 17.9596 18.2746 17.9127 17.9145 18.4114 18.6641 18.6773 18.9425 19.0419 19.0738 19.088 19.1009 19.1108 19.1241 19.1311 19.137 19.1417 19.139 19.1193 19.0366 18.5616 18.5715 18.7148 18.8506 19.0892 19.1685
-9999 -9999 -9999 -9999 -9999 -9999 -9999 16.7021 17.5146 18.6081 19.4198 19.4764 19.8746 20.0834 19.9261 19.7483 19.5661 19.4899 19.0065 18.4746 18.0456 17.5364 17.6257 17.9991 18.5962 19.1464 19.2476 19.1381 18.6961 18.9064 19.3779 19.631 19.7099 19.6587 19.5181 19.44 19.1786 19.0697 18.7042 18.1285 17.9065 18.0599 17.4481 17.4988 17.7352 17.4917 17.8997 18.0985 17.6296 18.0106 18.4488 18.6764 18.8763 18.975 19.0191 19.0828 19.0925 19.1057 19.1171 19.1254 19.1347 19.1351 19.1372 19.0947 19.0275 18.5804 18.4031 18.4497 18.6697 18.8632 19.0705 19.1582
-9999 -9999 -9999 -9999 -9999 -9999 -9999 16.8395 17.5718 18.5207 19.1011 19.2098 19.6507 20.0435 20.0068 19.8213 19.7693 19.5766 19.1676 18.7148 18.2192 17.9807 17.4254 17.9814 18.4109 18.8778 19.0983 18.7332 18.5583 18.8814 19.203 19.335 19.6604 19.6638 19.5664 19.1247 18.9132 19.0132 18.9269 18.77 18.3761 18.3659 18.1155 18.0162 17.9227 17.5942 17.8105 17.8384 17.9046 18.3591 18.5909 18.7472 18.89 18.9333 19 19.0845 19.0996 19.1109 19.1194 19.1298 19.1334 19.1209 19.112 19.0168 18.841 18.5048 17.9579 18.3618 18.7835 18.9215 19.05 19.1211
-9999 -9999 -9999 -9999 -9999 -9999 -9999 16.7151 17.4929 18.3048 18.6476 18.7108 19.5036 19.9916 19.9988 19.9142 19.8142 19.3291 19.364 19.2715 18.825 18.1719 17.4537 17.5263 17.9552 18.566 18.7726 18.1739 17.9701 18.1291 18.6129 19.0468 19.4999 19.6199 19.4956 18.8041 18.069 18.4208 18.7963 18.802 18.7018 18.337 18.2264 18.127 17.8627 17.4065 17.4766 17.6118 18.1301 18.3006 18.5598 18.7765 18.7057 18.7597 18.9676 19.0906 19.1033 19.114 19.1266 19.1329 19.1351 19.101 19.0645 18.9968 18.5235 18.2325 17.8098 18.3258 18.6162 18.781 19.0579 19.1308
-9999 -9999 -9999 -9999 -9999 -9999 -9999 16.4753 17.0413 17.8176 18.134 18.6356 19.3851 19.7569 19.9385 19.941 19.8765 19.6627 19.5365 19.2817 18.8171 18.1795 17.4699 17.0096 17.251 18.0666 18.2645 17.7132 17.4412 17.7922 18.3076 19.0682 19.5056 19.5704 19.5383 19.4013 18.8666 18.2192 18.2291 18.5652 18.2982 17.9865 18.1699 18.1451 17.8844 17.6968 17.5768 17.6611 17.9561 18.0854 18.3839 18.8208 18.8903 18.8864 19.0752 19.0927 19.1055 19.121 19.1296 19.1368 19.1404 19.1142 19.0443 18.7322 18.4612 18.0806 18.0414 18.5064 18.7195 18.9127 19.0534 19.1055
-9999 -9999 -9999 -9999 -9999 -9999 -9999 16.0627 16.7278 17.4555 18.1375 18.7832 19.3399 19.3887 19.6854 19.6914 19.8499 19.8125 19.6147 19.4011 19.0017 18.1812 17.492 16.7396 16.9443 17.7815 17.8783 17.5182 16.8485 17.5515 18.3263 19.0293 19.413 19.1239 19.4339 19.4162 19.2204 18.8381 18.2396 18.2588 17.8124 17.8004 18.0415 18.1251 18.094 17.9552 17.7253 17.7708 17.9509 18.0045 18.2798 18.6207 18.9543 19.0174 19.088 19.0992 19.1089 19.1227 19.1322 19.1343 19.1266 19.0986 18.8384 18.5272 18.3389 18.0764 18.0524 18.5876 18.8101 18.9353 19.0582 19.1125
-9999 -9999 -9999 -9999 -9999 -9999 -9999 -9999 16.6595 17.4112 17.9691 18.1238 18.6193 18.8899 19.1007 19.1524 19.7423 19.7807 19.6576 19.462 19.1223 18.5011 18.0698 17.3485 16.8313 17.0424 17.1316 17.329 17.278 17.5947 18.3396 19.1157 19.2061 18.7238 18.8032 18.9127 19.1494 19.0406 18.2224 17.8106 17.4701 17.7254 17.9936 18.0645 18.085 18.0427 17.9908 17.8887 18.2454 18.5115 18.5798 18.813 18.9874 19.0419 19.0851 19.0981 19.1112 19.1201 19.1193 19.1212 19.0884 19.0041 18.7118 17.9964 18.0391 17.9697 17.7533 18.2776 18.6124 18.9096 19.072 19.121
-9999 -9999 -9999 -9999 -9999 -9999 -9999 -9999 16.4104 17.2793 17.4675 17.4601 17.1805 17.3184 18.3843 18.6041 19.1701 19.7064 19.6737 19.482 19.1646 18.797 18.2245 17.4126 16.7684 16.4877 17.1858 17.871 18.0184 18.2432 18.702 18.7944 18.3011 17.8392 18.1094 18.2751 18.8865 19.0043 18.8946 18.4048 17.8438 17.5548 17.9133 17.9682 17.9972 18.0094 18.0082 17.9932 18.3898 18.6158 18.7752 18.8661 19.0173 19.0626 19.0832 19.1031 19.1094 19.111 19.0974 19.0806 18.9768 18.8493 18.3648 17.9624 17.7147 17.3981 18.1406 18.3731 18.6885 18.8929 19.0546 19.0976
