Test_Spring_2018b/04_18/Temp/20180404_004.txt
ncols	170
nrows	115
xllcorner	350000.000000
yllcorner	4445000.000000
cellsize	1000.000000
nodata_value	-9999.000000
[rows 32 to 63 of 115, columns 72 to 143 of 170]
9.99825 9.68642 10.1433 10.5633 10.3041 10.1315 10.8306 10.8224 10.5732 9.99895 9.78299 9.55934 9.41905 8.68466 6.63932 4.79478 5.77081 5.78648 5.09874 6.31195 5.66093 3.97355 1.59446 2.87951 2.53904 0.865892 0.444427 -9999 -9999 -9999 -9999 -9999 -9999 -9999 -9999 -9999 -9999 -9999 -9999 -9999 -9999 -9999 -9999 -9999 -9999 -9999 -9999 -9999 -9999 -9999 -9999 -9999 -9999 -9999 -9999 -9999 -9999 -9999 -9999 -9999 -9999 -9999 -9999 -9999 -9999 -9999 -9999 -9999 -9999 -9999 -9999 -9999
9.58312 9.44359 10.1274 10.1033 10.0631 10.3144 10.7459 10.8251 10.7228 10.4677 10.2456 10.0099 9.4248 8.58591 6.83431 4.73597 4.25406 5.26953 5.31142 5.46905 4.87526 4.13148 2.97169 3.91183 4.27413 3.16711 1.72319 0.794327 -9999 -9999 -9999 -9999 -9999 -9999 -9999 -9999 -9999 -9999 -9999 -9999 -9999 -9999 -9999 -9999 -9999 -9999 -9999 -9999 -9999 -9999 -9999 -9999 -9999 -9999 -9999 -9999 -9999 -9999 -9999 -9999 -9999 -9999 -9999 -9999 -9999 -9999 -9999 -9999 -9999 -9999 -9999 -9999
9.08982 8.40752 8.81585 9.12016 9.71388 9.85791 9.93684 10.7558 10.7037 10.657 10.2954 10.0045 9.52814 8.72042 7.57412 6.19581 3.80214 5.26588 6.4108 6.37465 6.30534 5.78262 4.66827 5.59102 5.62981 4.21511 2.61918 1.66764 1.27066 -9999 -9999 -9999 -9999 -9999 -9999 -9999 -9999 -9999 -9999 -9999 -9999 -9999 -9999 -9999 -9999 -9999 -9999 -9999 -9999 -9999 -9999 -9999 -9999 -9999 -9999 -9999 -9999 -9999 -9999 -9999 -9999 -9999 -9999 -9999 -9999 -9999 -9999 -9999 -9999 -9999 -9999 -9999
8.53034 7.69921 8.11023 8.66194 9.4555 9.86869 10.1728 10.4119 10.6558 10.6176 10.2476 9.17137 9.01038 8.95575 8.2031 6.63286 5.06498 4.65344 6.40385 6.90032 6.79176 7.17856 6.23395 6.67303 6.48641 5.98097 4.43881 3.03363 2.44458 1.28557 -9999 -9999 -9999 -9999 -9999 -9999 -9999 -9999 -9999 -9999 -9999 -9999 -9999 -9999 -9999 -9999 -9999 -9999 -9999 -9999 -9999 -9999 -9999 -9999 -9999 -9999 -9999 -9999 -9999 -9999 -9999 -9999 -9999 -9999 -9999 -9999 -9999 -9999 -9999 -9999 -9999 -9999
-9999 -9999 7.16146 7.92679 8.55027 9.32796 9.9876 10.3143 10.6312 10.5964 9.86522 9.50308 9.4635 8.96718 8.09945 7.55199 6.56194 5.53118 5.91525 7.40753 6.73504 7.7914 7.69659 7.88709 7.173 5.82904 4.03202 2.98933 2.46199 1.52186 -9999 -9999 -9999 -9999 -9999 -9999 -9999 -9999 -9999 -9999 -9999 -9999 -9999 -9999 -9999 -9999 -9999 -9999 -9999 -9999 -9999 -9999 -9999 -9999 -9999 -9999 -9999 -9999 -9999 -9999 -9999 -9999 -9999 -9999 -9999 -9999 -9999 -9999 -9999 -9999 -9999 -9999
-9999 -9999 -9999 7.77544 8.24844 9.27522 9.8132 10.0223 10.5385 10.531 10.2485 10.0329 9.72411 9.32359 8.66917 7.94837 7.01669 6.92389 7.87579 7.88146 7.67559 7.82792 8.31586 8.18181 7.07921 5.18517 4.17926 2.15183 1.2748 1.35875 0.734662 -9999 -9999 -9999 -9999 -9999 -9999 -9999 -9999 -9999 -9999 -9999 -9999 2.97259 -9999 -9999 -9999 -9999 -9999 -9999 -9999 -9999 -9999 -9999 -9999 -9999 -9999 -9999 -9999 -9999 -9999 -9999 -9999 -9999 -1.03726 -9999 -9999 -9999 -9999 -9999 -9999 -9999
-9999 -9999 7.66898 8.31524 8.81061 9.45138 9.51746 9.89518 10.4899 10.4899 10.2867 10.0581 9.55571 9.4244 9.04793 8.26586 8.09969 8.40598 8.5438 8.7016 8.79717 8.71077 8.50721 8.24576 7.53869 6.65604 6.06254 4.20162 3.26657 2.36162 0.993855 -0.0779972 -9999 -9999 -9999 -9999 -9999 -9999 -9999 2.30252 2.24013 2.25209 2.53823 3.35009 2.85201 -9999 -9999 -9999 -9999 -9999 -9999 -9999 -9999 -9999 -9999 -9999 -9999 -9999 -9999 -9999 -9999 -9999 -9999 -9999 -0.304024 -1.39115 -9999 -9999 -9999 -9999 -9999 -9999
-9999 -9999 7.83995 8.51265 8.84482 9.46726 9.8198 10.0583 10.2588 10.4497 10.4068 10.1545 9.77556 9.76849 9.25039 8.9673 8.76332 9.18017 9.25753 9.08172 8.86346 8.67066 8.13346 8.06882 7.89666 7.33606 6.41731 5.47043 4.11567 2.26206 0.443479 -1.02509 -9999 -9999 -9999 -9999 -9999 -9999 2.46119 3.13489 3.53332 2.64791 3.38053 4.04862 3.92594 3.24687 -9999 -9999 -9999 -9999 -9999 -9999 -9999 -9999 -9999 -9999 -9999 -9999 -9999 -9999 4.82404 3.71133 1.4765 0.324229 -0.372889 -1.36275 -9999 -9999 -9999 -9999 -9999 -9999
-9999 -9999 7.69272 8.48905 9.02615 9.50179 9.57137 10.0581 10.2754 10.3735 10.3512 10.2932 10.2151 9.76103 9.56043 8.88005 9.51423 9.48258 9.31366 8.6647 8.38134 7.27281 6.78385 6.67709 7.60478 6.91649 5.48094 3.68648 1.53983 1.39755 0.680593 -0.632059 -9999 -9999 -9999 -9999 -9999 -9999 2.66787 3.38892 3.98818 4.06423 3.18314 4.38024 4.31601 3.62295 3.45349 3.99316 4.25892 4.04036 4.6854 4.86379 4.54909 4.86244 -9999 -9999 -9999 -9999 4.99001 5.0219 5.0429 4.57196 2.13185 0.46077 -1.04174 -1.20109 -9999 -9999 -9999 -9999 -9999 -9999
-9999 -9999 8.23639 8.72465 8.96826 9.00197 9.42798 9.85244 10.1195 10.3043 10.2551 10.2289 10.2016 10.0393 9.6763 9.73047 9.69336 9.47982 8.24817 6.81279 7.4319 6.58122 4.76458 6.24162 7.05224 6.27355 4.53532 2.51957 1.868 1.8941 0.899342 -0.379284 -9999 -9999 -9999 0.692055 1.73177 1.81255 2.11058 3.07594 3.80675 4.35291 4.72048 4.69848 4.27339 3.5945 2.85776 3.09809 4.37759 4.67729 4.93148 5.11653 4.82295 4.94934 5.28161 5.447 5.47014 5.37583 5.34468 5.3606 5.30681 4.86657 2.6861 1.43026 0.623598 -1.00054 -9999 -9999 -9999 -9999 -9999 -9999
-9999 -9999 7.91582 8.33993 8.68195 9.25186 9.30575 9.66366 9.87181 10.1928 10.2188 9.83032 10.1315 10.0803 10.0114 9.87785 9.6876 8.64568 7.21377 5.77963 5.11607 5.39634 4.3019 4.86411 5.68601 5.38986 4.32822 2.53293 2.27928 1.86831 0.198754 -1.41026 -9999 -9999 -1.33836 0.666403 2.07436 2.79488 3.0097 3.0189 3.94249 4.00211 4.99627 4.74922 3.39303 3.52659 2.98886 3.30804 3.76116 3.87512 4.54721 5.18762 5.29632 5.28435 5.49075 5.52252 5.52119 5.5029 5.3411 5.39742 5.39575 5.11671 3.53085 2.7504 1.88568 -0.99098 -9999 -9999 -9999 -9999 -9999 -9999
-9999 -9999 8.12498 8.60008 9.1204 9.19905 9.58169 9.53249 9.41268 9.94703 10.1418 9.86385 9.66037 10.0026 9.96712 9.90993 9.82344 8.84373 7.71264 6.00503 4.9436 4.29586 3.83587 3.22847 3.65129 3.52309 3.35093 3.55068 3.06195 2.08394 1.10581 -0.724109 -1.71695 -9999 -1.23307 -0.333154 1.34309 2.765 3.66255 3.32242 4.37395 4.55705 5.16011 4.78375 3.95129 3.58048 3.53228 3.40877 4.10934 4.57278 4.90115 5.11221 5.37933 5.43647 5.49469 5.51147 5.5151 5.51947 5.50383 5.48632 5.44254 5.33008 4.59408 3.8105 2.14154 -0.905163 -9999 -9999 -9999 -9999 -9999 -9999
-9999 6.71083 8.05901 8.85998 9.16639 9.38525 9.57661 9.71231 9.85404 9.98459 10.0716 10.0233 9.30514 9.3508 9.46617 9.85629 9.81824 9.72239 9.1011 7.02455 6.30605 5.2628 3.90822 3.34425 3.62901 4.74176 4.69419 3.96043 3.14204 2.01562 1.29757 0.174622 -1.98015 -1.79277 -0.831709 -0.119871 1.01603 2.75634 3.97176 4.50617 4.69873 5.1181 5.32703 4.81073 4.31715 4.10143 3.71698 3.64766 3.63308 4.04955 4.37467 5.10833 5.34553 5.44575 5.49071 5.50921 5.51975 5.53048 5.5267 5.50069 5.48975 5.47178 5.40246 4.36941 1.79959 -0.144034 -9999 -9999 -9999 -9999 -9999 -9999
-9999 -9999 7.7999 8.14968 8.23704 8.39323 8.71862 9.09392 9.62779 9.68802 9.97669 9.96355 9.34602 8.6309 9.23112 9.46327 9.70562 9.70504 9.61948 7.87665 6.96399 6.24667 4.94851 5.42031 5.8681 5.90479 5.63909 4.06468 2.49621 0.692381 -0.999986 -1.08275 -1.99407 -1.51822 -0.885737 0.747925 1.89352 2.35059 2.67436 4.44114 4.89152 5.03123 5.47029 4.83134 4.65088 4.16546 4.28617 4.22733 4.21235 2.90092 4.18581 4.24563 5.07531 5.43907 5.51103 5.52148 5.53423 5.52655 5.5201 5.50495 5.50205 5.47491 5.44425 4.76715 1.51782 -0.128654 -9999 -9999 -9999 -9999 -9999 -9999
-9999 -9999 -9999 -9999 7.89316 8.15764 8.32412 8.6163 9.52644 9.7644 9.91834 9.92103 9.63795 8.9312 8.73585 8.85212 8.16348 8.72433 9.49547 9.47257 9.37676 7.84634 7.0663 7.82699 7.59974 6.45268 5.55077 4.66045 2.82445 1.48594 -0.452984 -1.91041 -1.96829 -0.366192 0.962598 2.61583 3.33881 2.90955 3.34858 4.21804 5.20706 5.67634 5.54457 4.87147 4.75635 4.01724 4.70678 4.74913 4.40192 4.09984 4.19943 4.60076 4.74417 5.39064 5.53665 5.5512 5.54423 5.5355 5.52153 5.50666 5.48408 5.46399 5.4408 5.39619 2.05634 -0.552682 -9999 -9999 -9999 -9999 -9999 -9999
-9999 -9999 -9999 -9999 7.2461 7.40498 7.83121 8.93544 9.5079 9.73332 9.71467 9.81202 9.60879 8.98457 8.34453 7.7406 6.96676 7.3962 8.54698 9.22528 9.3014 7.96011 8.66156 8.40307 7.89136 6.39052 5.28557 4.70147 2.93939 1.43583 0.146282 -1.63592 -0.876821 -0.0423628 1.02882 2.83387 4.04693 4.5373 4.10213 4.6528 5.79298 5.78265 5.13289 5.15605 4.7473 3.74379 4.75009 5.02007 4.76949 4.81221 4.7115 4.85012 5.11765 5.3739 5.54026 5.55152 5.54195 5.52467 5.51329 5.50151 5.47628 5.46407 5.44073 5.40893 3.24747 -0.61017 -9999 -9999 -9999 -9999 -9999 -9999
-9999 -9999 -9999 -9999 -9999 6.65112 7.63241 9.10077 9.45724 9.41404 9.70815 9.72302 9.41742 9.1504 8.37574 7.32236 5.3107 5.81308 6.87194 8.40338 9.20866 9.10029 8.65479 7.87827 5.99571 4.34903 4.1527 3.88643 2.60153 1.44559 0.0119903 0.842039 1.74969 2.74106 3.25783 3.11348 4.15149 4.99417 4.6177 5.29646 6.08966 5.70579 5.47117 5.27097 4.80215 4.75632 4.78406 5.34771 4.92693 5.15693 5.14915 5.11822 5.24013 5.38394 5.53684 5.55112 5.53931 5.5306 5.49979 5.49475 5.47266 5.44995 5.42721 5.39767 5.18772 3.09916 1.84683 -9999 -9999 -9999 -9999 -9999
-9999 -9999 -9999 -9999 -9999 5.73165 6.21753 7.95795 8.48783 9.25055 9.65004 9.65759 9.14997 8.86249 7.71369 7.33386 5.47214 4.62675 5.33284 5.05708 7.169 9.03945 8.63554 4.8634 3.49961 2.52825 2.78272 2.78891 2.43366 0.459878 -0.0859622 1.68791 2.8028 3.66418 4.31456 4.44281 4.40986 5.73461 5.89909 6.31858 6.20814 6.23149 5.53894 5.10321 5.44434 5.00466 4.91415 5.49715 4.88707 5.40538 5.32837 5.1508 5.12654 5.46449 5.52202 5.54668 5.53623 5.51108 5.48189 5.45961 5.45847 5.43983 5.40613 5.39217 5.35723 5.08843 4.00173 3.61026 4.00646 -9999 -9999 -9999
-9999 -9999 -9999 -9999 -9999 -9999 4.57936 7.00113 8.10112 8.6747 9.4854 9.57325 9.2998 8.80951 7.63985 6.61072 4.94561 3.04686 2.04181 5.03568 7.64285 9.00454 8.82837 5.68845 4.45135 4.39728 5.13123 4.51831 4.05384 2.55569 2.1058 1.47896 1.86174 3.06514 4.04284 4.98536 5.66635 5.71056 6.14526 6.38951 6.39477 6.45876 6.36203 6.27947 5.60452 6.03598 5.63587 5.82054 5.67253 5.53774 5.42305 5.03385 5.28151 5.49996 5.54622 5.54954 5.52373 5.50889 5.48737 5.45353 5.43028 5.4153 5.39887 5.37193 5.35603 5.32135 5.18402 4.52314 3.64436 2.53894 -9999 -9999
-9999 -9999 -9999 -9999 -9999 -9999 3.35798 5.76778 6.92277 8.41295 9.17436 9.47973 9.42647 9.02722 8.13603 6.80123 5.6887 3.57011 1.37218 4.5133 7.31855 8.83057 8.91177 6.27408 7.0086 6.41969 6.66129 5.58077 5.13309 4.78511 4.00711 3.15501 2.22321 1.72351 3.9301 5.05805 5.96224 6.38133 6.61133 6.71785 6.63964 6.45688 5.45694 6.18876 6.12529 6.03246 5.92888 5.86977 5.77491 5.66674 5.59987 5.56438 5.30145 5.56472 5.54252 5.53392 5.52322 5.50402 5.47811 5.45362 5.42575 5.41072 5.38703 5.36234 5.33999 5.31344 5.28817 5.23536 5.04703 3.56889 2.67814 2.41141
-9999 -9999 -9999 -9999 -9999 -9999 -0.0470657 3.46237 6.27953 7.74644 8.94238 9.26126 9.37304 8.84192 8.44224 7.48279 6.57478 5.18021 3.0967 1.81294 4.16518 7.58755 8.85653 8.76014 8.68271 8.00048 7.38594 7.30992 7.35769 6.64742 5.60361 4.2349 3.8012 3.31706 4.95862 5.17353 5.04266 6.84313 6.83368 6.71577 6.00633 5.21797 5.3484 4.85135 5.19616 4.60537 5.11448 5.55245 5.70554 5.67493 5.60212 5.57467 5.53243 5.56307 5.54911 5.52864 5.51034 5.49492 5.47584 5.44216 5.41712 5.41106 5.37969 5.35367 5.32811 5.30361 5.2826 5.23925 5.19833 4.95673 4.60236 3.93676
-9999 -9999 -9999 -9999 -9999 -9999 0.0966199 3.04597 5.54672 7.04822 8.48489 8.80973 9.28699 9.17057 8.75289 7.91791 6.87815 5.72911 3.94066 2.61111 4.18269 6.45416 8.08111 8.66595 8.66719 8.62884 8.47502 8.41401 8.23452 8.11319 7.36147 6.06341 5.32982 4.25685 6.08675 6.28397 5.98608 6.89101 6.83164 5.43048 4.34885 4.19977 4.83902 4.20342 4.07105 3.66993 4.08795 5.23744 4.87562 4.92674 5.44402 5.51549 5.55104 5.55218 5.53519 5.51983 5.4983 5.48722 5.47599 5.44242 5.41955 5.40101 5.36651 5.34415 5.31442 5.28064 5.25577 5.22486 5.18642 5.10593 5.01415 5.06568
-9999 -9999 -9999 -9999 -9999 -9999 0.147252 2.12998 4.37948 6.59307 8.12834 8.74119 9.18442 9.16897 8.68561 8.26588 7.61093 6.59915 5.90384 4.70278 3.05765 5.80555 6.64842 7.40173 7.71887 8.5041 8.48545 8.12625 7.72074 8.10639 7.98459 6.95928 6.61832 6.04487 7.059 7.05225 7.01335 6.94668 5.76216 4.11975 2.80328 3.72424 3.51242 3.93206 2.57685 3.65163 4.51632 4.78543 4.17262 3.71197 5.07623 5.28213 5.40308 5.47596 5.51959 5.49281 5.49412 5.47337 5.45658 5.43913 5.41394 5.39292 5.36659 5.33947 5.30771 5.27547 5.24316 5.20127 5.18326 5.13545 5.10632 5.07218
-9999 -9999 -9999 -9999 -9999 -9999 -9999 0.945717 3.8074 6.35414 7.76743 8.65231 9.0781 9.06006 8.8083 8.52049 8.11118 7.37909 6.46244 5.01893 3.94697 4.62107 5.44673 5.53971 6.0885 7.68233 8.22643 7.45363 5.55164 6.67084 7.92397 7.8992 7.78655 7.66002 7.50024 7.35259 7.03939 6.21698 3.72056 3.21632 2.22738 2.32279 1.80714 2.88928 2.45781 3.56232 4.03147 4.19832 3.14511 3.35422 4.54912 5.01632 4.92183 5.20399 5.47587 5.47207 5.4673 5.44719 5.44039 5.42953 5.4114 5.38147 5.35756 5.33569 5.29153 5.26986 5.16102 5.08463 4.94685 5.08161 5.08065 5.05966
-9999 -9999 -9999 -9999 -9999 -9999 -9999 0.376513 3.22483 6.2259 7.18283 8.13788 8.96077 8.96724 8.58804 8.2274 7.85682 7.43683 6.32635 5.2502 4.22346 3.87645 4.07912 4.06368 4.95126 7.02694 7.42752 7.25417 5.26165 4.58328 6.25766 7.66336 7.76838 7.63339 5.96498 6.30936 5.40338 4.17728 3.8306 3.28569 2.14816 2.6743 1.8362 2.1735 2.0634 2.68363 2.97768 3.71873 2.79909 2.79354 3.96584 4.55432 4.55509 5.17454 5.38693 5.43301 5.43498 5.43277 5.42252 5.4193 5.4 5.3769 5.35042 5.3057 5.21884 4.97521 3.74983 3.73557 4.04973 4.34649 4.89083 5.02964
-9999 -9999 -9999 -9999 -9999 -9999 -9999 0.699106 2.67287 5.33479 7.30399 7.41875 8.37117 8.8583 8.44706 7.9856 7.51422 7.3042 6.09613 4.77057 3.69921 2.43278 2.63685 3.53972 5.02211 6.36143 6.59884 6.31879 5.25056 5.75099 6.89079 7.49293 7.6656 7.51701 7.14701 6.9287 6.25884 5.96175 5.03365 3.58852 3.01082 3.35395 1.81879 1.91006 2.45708 1.84412 2.81288 3.26831 2.08562 2.99489 4.03736 4.56332 5.02178 5.23169 5.30737 5.43091 5.42143 5.41988 5.41302 5.39774 5.38415 5.34816 5.31568 5.17367 4.97081 3.83593 3.33827 3.41445 3.91698 4.35538 4.79913 4.97945
-9999 -9999 -9999 -9999 -9999 -9999 -9999 1.02909 2.80524 5.11212 6.5135 6.7565 7.81395 8.75335 8.63843 8.15884 8.00729 7.51157 6.48588 5.35433 4.11878 3.51592 2.1369 3.48653 4.55717 5.69024 6.21859 5.34127 4.89582 5.67152 6.44209 6.74584 7.52274 7.50752 7.24343 6.13255 5.58518 5.80112 5.55852 5.14187 4.1428 4.08513 3.43762 3.16073 2.89814 2.07799 2.57576 2.61159 2.72728 3.82999 4.36524 4.7154 5.03298 5.10612 5.23678 5.41063 5.41383 5.40729 5.39313 5.38318 5.35576 5.2886 5.22956 4.95862 4.48982 3.62749 2.22246 3.17576 4.17342 4.45321 4.72401 4.86303
-9999 -9999 -9999 -9999 -9999 -9999 -9999 0.716888 2.6042 4.57445 5.39277 5.524 7.44551 8.61866 8.61189 8.38012 8.11127 6.89783 6.96161 6.71401 5.59863 3.9772 2.19745 2.35963 3.41384 4.91335 5.40607 3.95432 3.43627 3.80811 4.97562 6.01948 7.10903 7.37959 7.04899 5.3249 3.49258 4.32667 5.21796 5.20063 4.9228 3.99503 3.69081 3.41372 2.73209 1.58172 1.73793 2.03667 3.28199 3.66586 4.26776 4.76542 4.55766 4.65653 5.13297 5.40066 5.39776 5.38933 5.38512 5.36509 5.33459 5.21461 5.08818 4.88534 3.68666 2.93568 1.84078 3.06395 3.73949 4.07495 4.71811 4.86098
-9999 -9999 -9999 -9999 -9999 -9999 -9999 0.121663 1.48867 3.37141 4.12465 5.3317 7.1471 8.03552 8.45696 8.43907 8.2572 7.70963 7.37788 6.73153 5.57125 3.98746 2.228 1.08121 1.65742 3.67588 4.14578 2.80971 2.12337 2.96538 4.20963 6.0545 7.10496 7.23956 7.13492 6.77173 5.43116 3.81296 3.80685 4.60078 3.91357 3.1164 3.53387 3.44001 2.76694 2.27323 1.96569 2.12427 2.83481 3.11682 3.81443 4.85167 4.98773 4.94354 5.37249 5.38083 5.37749 5.38061 5.36649 5.34878 5.32175 5.22139 5.01362 4.21123 3.50954 2.53883 2.40603 3.48328 3.94622 4.37315 4.68152 4.7727
-9999 -9999 -9999 -9999 -9999 -9999 -9999 -0.897446 0.712381 2.47541 4.12563 5.68646 7.02863 7.12411 7.82808 7.81875 8.18409 8.06947 7.56171 7.01618 6.01549 3.98234 2.27223 0.408057 0.893514 2.94857 3.22041 2.31787 0.654789 2.35983 4.24032 5.94346 6.86152 6.12723 6.86207 6.79125 6.28246 5.31471 3.81548 3.83148 2.70393 2.64224 3.20119 3.37304 3.26336 2.88914 2.29408 2.3744 2.80177 2.89729 3.537 4.33812 5.1213 5.24088 5.37886 5.37141 5.36009 5.35884 5.3468 5.31652 5.26201 5.15775 4.48306 3.68316 3.18488 2.50429 2.40903 3.66584 4.14428 4.40336 4.66787 4.76391
-9999 -9999 -9999 -9999 -9999 -9999 -9999 -9999 0.537747 2.35931 3.70479 4.06032 5.25225 5.8918 6.3849 6.48764 7.91161 7.9828 7.65817 7.15643 6.30193 4.75764 3.6803 1.89188 0.605246 1.12385 1.37525 1.84063 1.69578 2.45263 4.25931 6.14131 6.33949 5.13071 5.29927 5.54059 6.09298 5.79641 3.75774 2.71565 1.84803 2.44199 3.06707 3.20752 3.22402 3.08607 2.91485 2.66583 3.5041 4.12036 4.25122 4.78706 5.17896 5.27661 5.34686 5.34317 5.3399 5.32634 5.28902 5.25826 5.14254 4.90002 4.14708 2.35554 2.42447 2.21796 1.65062 2.87725 3.62368 4.31539 4.67636 4.75918
-9999 -9999 -9999 -9999 -9999 -9999 -9999 -9999 -0.0807913 2.02812 2.46609 2.42341 1.71271 2.02647 4.61781 5.1328 6.49801 7.79068 7.6878 7.19539 6.39546 5.47332 4.04932 2.03861 0.440182 -0.231454 1.47734 3.15883 3.50067 4.03206 5.13651 5.34035 4.10577 2.94691 3.58353 3.96266 5.43434 5.69366 5.39373 4.15999 2.75058 2.00811 2.85453 2.95508 2.9919 2.98704 2.93582 2.88557 3.83838 4.35513 4.70886 4.89445 5.22855 5.303 5.31702 5.32969 5.3094 5.27763 5.20886 5.1326 4.84277 4.4947 3.2703 2.24707 1.60364 0.790472 2.57686 3.08739 3.79664 4.24978 4.60867 4.6763
