Test_Spring_2018b/04_18/Temp/20180413_010.txt
ncols	170
nrows	115
xllcorner	350000.000000
yllcorner	4445000.000000
cellsize	1000.000000
nodata_value	-9999.000000
[rows 32 to 63 of 115, columns 72 to 143 of 170]
19.4015 19.4288 19.4276 19.4275 19.4303 19.4392 19.4194 19.4348 19.4594 19.4963 19.5205 19.5454 19.5676 19.6118 19.7043 19.7896 19.7717 19.7889 19.8318 19.8049 19.846 19.9247 20.0286 19.998 20.0267 20.0874 20.1152 -9999 -9999 -9999 -9999 -9999 -9999 -9999 -9999 -9999 -9999 -9999 -9999 -9999 -9999 -9999 -9999 -9999 -9999 -9999 -9999 -9999 -9999 -9999 -9999 -9999 -9999 -9999 -9999 -9999 -9999 -9999 -9999 -9999 -9999 -9999 -9999 -9999 -9999 -9999 -9999 -9999 -9999 -9999 -9999 -9999
19.4146 19.4358 19.4264 19.4428 19.4473 19.4307 19.4209 19.4333 19.4526 19.4779 19.5023 19.5276 19.5661 19.6141 19.6958 19.7903 19.8257 19.8062 19.8224 19.8341 19.8731 19.9174 19.9766 19.9587 19.9618 20.013 20.0668 20.1037 -9999 -9999 -9999 -9999 -9999 -9999 -9999 -9999 -9999 -9999 -9999 -9999 -9999 -9999 -9999 -9999 -9999 -9999 -9999 -9999 -9999 -9999 -9999 -9999 -9999 -9999 -9999 -9999 -9999 -9999 -9999 -9999 -9999 -9999 -9999 -9999 -9999 -9999 -9999 -9999 -9999 -9999 -9999 -9999
19.4309 19.472 19.4728 19.4772 19.4464 19.4367 19.4489 19.4342 19.4517 19.4694 19.4989 19.5262 19.5607 19.6076 19.667 19.7352 19.8405 19.8047 19.7804 19.7993 19.8191 19.8553 19.9129 19.8957 19.9107 19.9688 20.0181 20.0702 20.1021 -9999 -9999 -9999 -9999 -9999 -9999 -9999 -9999 -9999 -9999 -9999 -9999 -9999 -9999 -9999 -9999 -9999 -9999 -9999 -9999 -9999 -9999 -9999 -9999 -9999 -9999 -9999 -9999 -9999 -9999 -9999 -9999 -9999 -9999 -9999 -9999 -9999 -9999 -9999 -9999 -9999 -9999 -9999
19.4499 19.4965 19.4972 19.4924 19.4647 19.446 19.4387 19.4452 19.4517 19.469 19.4988 19.5549 19.5778 19.5971 19.6422 19.7174 19.7926 19.8254 19.779 19.7784 19.7997 19.8026 19.854 19.8545 19.8777 19.9073 19.9626 20.0185 20.0574 20.1174 -9999 -9999 -9999 -9999 -9999 -9999 -9999 -9999 -9999 -9999 -9999 -9999 -9999 -9999 -9999 -9999 -9999 -9999 -9999 -9999 -9999 -9999 -9999 -9999 -9999 -9999 -9999 -9999 -9999 -9999 -9999 -9999 -9999 -9999 -9999 -9999 -9999 -9999 -9999 -9999 -9999 -9999
-9999 -9999 19.5306 19.5044 19.4887 19.4646 19.4439 19.447 19.4507 19.4678 19.5107 19.5406 19.559 19.5945 19.6439 19.6818 19.7359 19.7915 19.7953 19.7583 19.8003 19.7787 19.799 19.8085 19.8508 19.8981 19.9762 20.0184 20.0548 20.1066 -9999 -9999 -9999 -9999 -9999 -9999 -9999 -9999 -9999 -9999 -9999 -9999 -9999 -9999 -9999 -9999 -9999 -9999 -9999 -9999 -9999 -9999 -9999 -9999 -9999 -9999 -9999 -9999 -9999 -9999 -9999 -9999 -9999 -9999 -9999 -9999 -9999 -9999 -9999 -9999 -9999 -9999
-9999 -9999 -9999 19.5086 19.4984 19.4748 19.4487 19.4558 19.4521 19.4679 19.4943 19.5188 19.5471 19.5792 19.6209 19.6652 19.7174 19.7388 19.7219 19.7395 19.7644 19.7759 19.7748 19.7961 19.8475 19.9202 19.973 20.0473 20.0962 20.1102 20.1505 -9999 -9999 -9999 -9999 -9999 -9999 -9999 -9999 -9999 -9999 -9999 -9999 20.3282 -9999 -9999 -9999 -9999 -9999 -9999 -9999 -9999 -9999 -9999 -9999 -9999 -9999 -9999 -9999 -9999 -9999 -9999 -9999 -9999 20.9244 -9999 -9999 -9999 -9999 -9999 -9999 -9999
-9999 -9999 19.5098 19.481 19.4765 19.4666 19.4688 19.4586 19.4516 19.4669 19.4903 19.5152 19.5506 19.5729 19.6046 19.6514 19.6758 19.6829 19.696 19.7081 19.7221 19.7423 19.7664 19.7921 19.8171 19.865 19.9022 19.9826 20.021 20.0709 20.138 20.1948 -9999 -9999 -9999 -9999 -9999 -9999 -9999 20.2652 20.2887 20.3097 20.3207 20.3125 20.3522 -9999 -9999 -9999 -9999 -9999 -9999 -9999 -9999 -9999 -9999 -9999 -9999 -9999 -9999 -9999 -9999 -9999 -9999 -9999 20.8972 20.9598 -9999 -9999 -9999 -9999 -9999 -9999
-9999 -9999 19.4847 19.4733 19.4741 19.4641 19.4642 19.4505 19.4576 19.4657 19.483 19.5087 19.5397 19.5576 19.5947 19.6235 19.6496 19.6529 19.6685 19.693 19.7186 19.7427 19.7789 19.7971 19.803 19.8387 19.8873 19.9369 19.9875 20.0717 20.1549 20.2259 -9999 -9999 -9999 -9999 -9999 -9999 20.2348 20.2315 20.2385 20.2926 20.2876 20.2849 20.311 20.3525 -9999 -9999 -9999 -9999 -9999 -9999 -9999 -9999 -9999 -9999 -9999 -9999 -9999 -9999 20.6188 20.6819 20.7862 20.851 20.8993 20.9584 -9999 -9999 -9999 -9999 -9999 -9999
-9999 -9999 19.4904 19.4738 19.4663 19.4611 19.4707 19.4555 19.4544 19.4656 19.482 19.5005 19.5205 19.555 19.5808 19.6245 19.6203 19.6404 19.6652 19.7072 19.7353 19.793 19.8272 19.832 19.8129 19.8527 19.9196 19.9996 20.0813 20.1002 20.1428 20.2077 -9999 -9999 -9999 -9999 -9999 -9999 20.2235 20.2188 20.2188 20.238 20.2924 20.2706 20.29 20.3375 20.3656 20.3678 20.3798 20.4039 20.4033 20.4188 20.4522 20.4627 -9999 -9999 -9999 -9999 20.5676 20.5886 20.61 20.6497 20.7616 20.8454 20.9233 20.9518 -9999 -9999 -9999 -9999 -9999 -9999
-9999 -9999 19.4711 19.465 19.4675 19.4775 19.4734 19.4601 19.4574 19.4635 19.481 19.4986 19.5171 19.5413 19.5734 19.5907 19.6115 19.6387 19.7029 19.774 19.7693 19.8176 19.8908 19.8478 19.8325 19.875 19.9523 20.0397 20.0663 20.0788 20.131 20.1942 -9999 -9999 -9999 20.2291 20.2115 20.2296 20.2403 20.227 20.2225 20.2246 20.2336 20.2508 20.2902 20.3373 20.3864 20.3996 20.3746 20.3853 20.3937 20.4089 20.4416 20.4606 20.4702 20.4859 20.5068 20.5322 20.5553 20.5769 20.6012 20.6398 20.7405 20.8093 20.8618 20.9494 -9999 -9999 -9999 -9999 -9999 -9999
-9999 -9999 19.4801 19.4758 19.4743 19.4629 19.4719 19.4704 19.4669 19.4646 19.4791 19.51 19.5166 19.5369 19.5587 19.5833 19.6102 19.6681 19.74 19.8113 19.8537 19.8529 19.9087 19.8994 19.8834 19.9061 19.956 20.0349 20.0576 20.0772 20.1527 20.2279 -9999 -9999 20.2791 20.2254 20.1945 20.1894 20.2035 20.2256 20.2144 20.2351 20.2215 20.248 20.3215 20.3391 20.3805 20.3909 20.3984 20.4159 20.4086 20.4077 20.4255 20.4476 20.4617 20.4822 20.504 20.5264 20.5543 20.5744 20.5968 20.6296 20.7104 20.762 20.8166 20.9501 -9999 -9999 -9999 -9999 -9999 -9999
-9999 -9999 19.4689 19.4621 19.4535 19.4611 19.4578 19.4719 19.4803 19.4744 19.4788 19.5055 19.5308 19.5371 19.558 19.5802 19.6038 19.6599 19.7211 19.8027 19.8598 19.8939 19.9262 19.9568 19.955 19.9729 19.992 19.9975 20.0257 20.0659 20.1165 20.1986 20.2518 -9999 20.2706 20.2574 20.2168 20.1863 20.1758 20.211 20.1956 20.2121 20.2087 20.2453 20.2998 20.3381 20.3623 20.389 20.3852 20.3896 20.3951 20.4093 20.4218 20.4413 20.4607 20.4816 20.5031 20.5247 20.5472 20.57 20.594 20.6207 20.6705 20.7221 20.8065 20.9462 -9999 -9999 -9999 -9999 -9999 -9999
-9999 19.5195 19.4721 19.4526 19.451 19.4526 19.4557 19.4613 19.4607 19.4695 19.481 19.4967 19.541 19.5584 19.5742 19.5805 19.6027 19.6269 19.6698 19.7652 19.8046 19.8566 19.9212 19.9527 19.9554 19.9273 19.9412 19.9801 20.0222 20.0681 20.1058 20.1622 20.2572 20.2679 20.2515 20.2453 20.2246 20.1827 20.1608 20.1644 20.1808 20.1855 20.201 20.2448 20.2872 20.318 20.3547 20.3795 20.4019 20.4083 20.4143 20.4089 20.4219 20.4402 20.46 20.4807 20.5019 20.5232 20.5452 20.5683 20.5911 20.6145 20.6397 20.7008 20.8208 20.9199 -9999 -9999 -9999 -9999 -9999 -9999
-9999 -9999 19.4821 19.4784 19.4841 19.4874 19.485 19.4813 19.4662 19.4773 19.4815 19.4979 19.537 19.5826 19.581 19.5935 19.6058 19.6269 19.6505 19.7285 19.7791 19.8213 19.8835 19.8769 19.8731 19.8838 19.9052 19.9743 20.0432 20.1137 20.1892 20.2068 20.2541 20.2541 20.2496 20.2097 20.1888 20.1941 20.2052 20.1639 20.1687 20.1884 20.196 20.2429 20.274 20.3148 20.3331 20.3576 20.3801 20.4498 20.4208 20.4403 20.4315 20.4394 20.4584 20.4794 20.5004 20.5223 20.5443 20.567 20.5896 20.6131 20.639 20.6875 20.8304 20.9187 -9999 -9999 -9999 -9999 -9999 -9999
-9999 -9999 -9999 -9999 19.4958 19.4946 19.4975 19.4965 19.4677 19.4721 19.4811 19.4972 19.5254 19.5699 19.5977 19.6147 19.6614 19.6615 19.6515 19.6708 19.6913 19.7632 19.8035 19.7888 19.8094 19.863 19.9072 19.9508 20.029 20.0823 20.1666 20.2342 20.2517 20.2099 20.1789 20.1383 20.133 20.171 20.178 20.169 20.1566 20.1633 20.192 20.2404 20.2693 20.3195 20.3171 20.3379 20.3726 20.4053 20.4198 20.4268 20.4431 20.4407 20.4567 20.4775 20.4991 20.521 20.5433 20.566 20.59 20.6138 20.6382 20.6637 20.81 20.9336 -9999 -9999 -9999 -9999 -9999 -9999
-9999 -9999 -9999 -9999 19.5184 19.5209 19.5141 19.4832 19.4667 19.4715 19.4869 19.4996 19.5249 19.5671 19.611 19.6546 19.7041 19.7089 19.6864 19.68 19.6943 19.7591 19.7451 19.7675 19.7982 19.8646 19.9159 19.948 20.0233 20.0825 20.1428 20.2221 20.2097 20.1958 20.1748 20.1283 20.1052 20.1097 20.1483 20.1518 20.134 20.1584 20.2063 20.2293 20.269 20.329 20.3151 20.3276 20.3588 20.3788 20.4008 20.4173 20.429 20.4408 20.4559 20.4768 20.4984 20.5206 20.5428 20.5657 20.5894 20.6131 20.6376 20.6627 20.766 20.9353 -9999 -9999 -9999 -9999 -9999 -9999
-9999 -9999 -9999 -9999 -9999 19.5474 19.5202 19.476 19.4676 19.4823 19.4863 19.5021 19.5312 19.5604 19.6094 19.6694 19.7644 19.7666 19.7475 19.7098 19.6973 19.7169 19.7449 19.7862 19.8671 19.9387 19.9567 19.9771 20.0348 20.0814 20.1469 20.1306 20.1126 20.093 20.0923 20.1173 20.1005 20.0919 20.1288 20.1276 20.1225 20.1607 20.1934 20.2247 20.2666 20.2916 20.3135 20.3154 20.3528 20.3659 20.3845 20.4072 20.4241 20.4401 20.4556 20.4763 20.498 20.5199 20.5429 20.5654 20.589 20.6132 20.6377 20.6628 20.6948 20.7994 20.8702 -9999 -9999 -9999 -9999 -9999
-9999 -9999 -9999 -9999 -9999 19.58 19.5713 19.5174 19.5027 19.4881 19.4884 19.5046 19.5412 19.5707 19.6332 19.6686 19.7581 19.8093 19.803 19.8314 19.7711 19.7183 19.7448 19.8958 19.9578 20.0049 20.0065 20.0171 20.041 20.1175 20.1507 20.0999 20.0744 20.0596 20.0541 20.069 20.0914 20.0653 20.082 20.0902 20.1182 20.1415 20.1909 20.2307 20.243 20.2825 20.3087 20.3098 20.3541 20.3567 20.3777 20.4058 20.4281 20.4369 20.456 20.4762 20.498 20.5204 20.5434 20.5666 20.5895 20.6135 20.6385 20.663 20.6886 20.7266 20.7914 20.8305 20.8405 -9999 -9999 -9999
-9999 -9999 -9999 -9999 -9999 -9999 19.6308 19.5525 19.517 19.5097 19.4951 19.5085 19.5337 19.572 19.6357 19.6946 19.7767 19.8669 19.9221 19.8308 19.7523 19.7182 19.7364 19.8646 19.9223 19.936 19.9205 19.9541 19.9823 20.0416 20.0715 20.1089 20.1104 20.0819 20.0653 20.0507 20.0469 20.0675 20.0748 20.0884 20.112 20.1337 20.1612 20.188 20.2374 20.2448 20.2823 20.298 20.3254 20.3519 20.3742 20.4101 20.4224 20.4356 20.455 20.4765 20.4987 20.5208 20.5435 20.5671 20.5909 20.6148 20.6391 20.6641 20.689 20.7184 20.7484 20.7973 20.8539 20.9186 -9999 -9999
-9999 -9999 -9999 -9999 -9999 -9999 19.6753 19.598 19.5607 19.5202 19.5038 19.5083 19.5294 19.5641 19.6174 19.6871 19.7487 19.8466 19.9468 19.8499 19.7624 19.7229 19.7347 19.8419 19.8279 19.8617 19.8647 19.916 19.9441 19.9614 20.0038 20.0498 20.0974 20.1341 20.072 20.0506 20.0385 20.0453 20.0598 20.0795 20.1042 20.1347 20.195 20.1919 20.2187 20.2453 20.2719 20.2964 20.3218 20.3474 20.3678 20.3907 20.4217 20.4331 20.4563 20.4777 20.4993 20.5216 20.5445 20.5679 20.5917 20.6155 20.6403 20.6652 20.6902 20.7194 20.745 20.7716 20.8028 20.881 20.9373 20.9718
-9999 -9999 -9999 -9999 -9999 -9999 19.7997 19.6829 19.5794 19.5408 19.5105 19.5168 19.5317 19.5709 19.6059 19.6616 19.7153 19.7864 19.8821 19.9476 19.8781 19.7691 19.7351 19.7496 19.7658 19.8036 19.8385 19.8537 19.8644 19.8952 19.9442 20.01 20.0436 20.079 20.0377 20.0497 20.0754 20.0314 20.0544 20.082 20.1316 20.1815 20.2003 20.2417 20.2534 20.2981 20.3021 20.3084 20.3247 20.3475 20.3679 20.3902 20.4133 20.4352 20.4568 20.4788 20.5008 20.523 20.5458 20.5695 20.5932 20.6167 20.6413 20.6662 20.6915 20.7206 20.7459 20.7719 20.7976 20.8304 20.867 20.9161
-9999 -9999 -9999 -9999 -9999 -9999 19.7885 19.6839 19.6067 19.5633 19.5276 19.5337 19.5351 19.5589 19.5942 19.6449 19.703 19.7648 19.8494 19.9165 19.8766 19.8087 19.7646 19.7542 19.7655 19.7804 19.7992 19.8109 19.8306 19.8397 19.8825 19.9474 19.9912 20.0483 20.0002 20.0128 20.0445 20.0331 20.0576 20.1318 20.1947 20.2236 20.2203 20.2668 20.2959 20.333 20.3403 20.3204 20.3553 20.3751 20.3737 20.3928 20.4153 20.4366 20.4584 20.4803 20.5026 20.5247 20.5472 20.5709 20.5946 20.6185 20.6433 20.6678 20.6929 20.7225 20.7477 20.7731 20.7986 20.8253 20.8536 20.8766
-9999 -9999 -9999 -9999 -9999 -9999 19.7874 19.7172 19.6498 19.58 19.5409 19.5365 19.5389 19.5588 19.5961 19.6313 19.675 19.7314 19.7758 19.8381 19.9159 19.8321 19.8154 19.7991 19.7989 19.7837 19.7978 19.8242 19.8412 19.8422 19.8638 19.9179 19.9477 19.9868 19.9686 19.9887 20.0108 20.0347 20.1002 20.1829 20.254 20.2433 20.2742 20.278 20.3517 20.3348 20.3256 20.338 20.3818 20.4203 20.3877 20.4047 20.4218 20.4405 20.4603 20.4828 20.5043 20.5269 20.5497 20.5728 20.5966 20.6205 20.6448 20.6694 20.6944 20.724 20.7495 20.7767 20.8014 20.8262 20.8507 20.8769
-9999 -9999 -9999 -9999 -9999 -9999 -9999 19.7605 19.6652 19.5883 19.5537 19.5392 19.5421 19.5617 19.5903 19.6202 19.6545 19.7004 19.7525 19.8234 19.8801 19.8721 19.8556 19.8634 19.8579 19.8138 19.808 19.8503 19.923 19.8987 19.869 19.8868 19.9084 19.9313 19.9565 19.9817 20.0138 20.0652 20.1783 20.2187 20.2775 20.2967 20.3384 20.3171 20.3569 20.3391 20.3444 20.3604 20.4209 20.43 20.4115 20.4161 20.4412 20.4524 20.4635 20.4852 20.5071 20.5298 20.5523 20.5752 20.5986 20.6234 20.6477 20.672 20.6976 20.7271 20.7552 20.782 20.8109 20.8296 20.8529 20.8844
-9999 -9999 -9999 -9999 -9999 -9999 -9999 19.7739 19.6856 19.5924 19.5746 19.5576 19.5459 19.5644 19.5974 19.6297 19.6623 19.6966 19.7557 19.8131 19.8682 19.8978 19.9067 19.9163 19.8989 19.8378 19.8379 19.859 19.9363 19.9774 19.9328 19.8986 19.9126 19.9361 20.0164 20.0236 20.0772 20.1432 20.1774 20.2193 20.2832 20.2863 20.3395 20.3497 20.3727 20.3725 20.384 20.379 20.4347 20.4514 20.4341 20.4344 20.4562 20.4551 20.469 20.4891 20.5109 20.533 20.5557 20.5783 20.6018 20.6257 20.6499 20.6749 20.7016 20.7346 20.8083 20.8327 20.8448 20.8574 20.8634 20.8871
-9999 -9999 -9999 -9999 -9999 -9999 -9999 19.7604 19.7045 19.624 19.5694 19.5832 19.5667 19.5675 19.6014 19.6373 19.6734 19.6998 19.7624 19.8289 19.8857 19.9492 19.9584 19.9416 19.8958 19.8622 19.8689 19.8945 19.9382 19.9367 19.9122 19.9078 19.9197 19.9438 19.9767 20.0046 20.0495 20.0813 20.1366 20.2112 20.2543 20.2639 20.3423 20.3612 20.3634 20.4045 20.3913 20.3967 20.4619 20.4489 20.4329 20.4356 20.4407 20.4549 20.4739 20.4913 20.5136 20.5358 20.5584 20.5815 20.6047 20.629 20.6533 20.6817 20.7125 20.7774 20.825 20.8458 20.8509 20.8582 20.8743 20.8906
-9999 -9999 -9999 -9999 -9999 -9999 -9999 19.7463 19.6981 19.6308 19.5972 19.6064 19.586 19.5702 19.5932 19.6296 19.6539 19.6906 19.7465 19.806 19.8689 19.9083 19.9757 19.9429 19.9123 19.8868 19.8833 19.9192 19.9525 19.9414 19.9308 19.9377 19.9277 19.9473 19.9764 20.0369 20.0774 20.0903 20.1203 20.1571 20.2154 20.2394 20.2851 20.3173 20.349 20.3972 20.4012 20.422 20.4431 20.4198 20.4224 20.4317 20.4421 20.4614 20.4786 20.4943 20.5162 20.5387 20.5616 20.5844 20.6081 20.6334 20.6586 20.6916 20.7319 20.7867 20.8675 20.8561 20.8429 20.8624 20.8788 20.8966
-9999 -9999 -9999 -9999 -9999 -9999 -9999 19.7554 19.7035 19.6489 19.6368 19.6502 19.5982 19.5739 19.5929 19.6201 19.6486 19.7116 19.7276 19.7548 19.8134 19.8903 19.9726 19.9836 19.9574 19.9152 19.9135 19.9707 20.0071 20.0111 19.9864 19.9665 19.9453 19.9545 19.9862 20.0693 20.1567 20.1469 20.1354 20.1574 20.1891 20.2448 20.2778 20.3098 20.3567 20.4216 20.4332 20.4443 20.419 20.4274 20.4277 20.4317 20.4615 20.48 20.4846 20.497 20.5192 20.5418 20.5643 20.5876 20.6113 20.6385 20.6659 20.6963 20.7632 20.8138 20.882 20.8618 20.8603 20.8813 20.8809 20.8986
-9999 -9999 -9999 -9999 -9999 -9999 -9999 19.7748 19.7423 19.6911 19.6816 19.6557 19.6077 19.5938 19.5971 19.6165 19.6419 19.6805 19.7111 19.7529 19.8133 19.8889 19.9707 20.0298 20.0257 19.9604 19.9596 20.0132 20.0561 20.0432 20.0159 19.9669 19.9474 19.9618 19.9853 20.0186 20.0881 20.168 20.1892 20.1814 20.228 20.2788 20.2853 20.3105 20.357 20.397 20.4261 20.4459 20.4369 20.4491 20.446 20.4304 20.4477 20.4716 20.4781 20.5001 20.5224 20.5446 20.5675 20.5907 20.6142 20.6406 20.6709 20.7231 20.7717 20.8301 20.8579 20.8481 20.861 20.8723 20.8841 20.9038
-9999 -9999 -9999 -9999 -9999 -9999 -9999 19.8096 19.7684 19.7219 19.6797 19.641 19.6105 19.6257 19.6187 19.6379 19.6432 19.6661 19.7031 19.7414 19.7961 19.8883 19.9684 20.054 20.0534 19.991 19.9808 20.0317 20.1105 20.0663 20.0159 19.9723 19.9578 20.0041 19.997 20.0197 20.0587 20.1148 20.1907 20.2113 20.2739 20.2978 20.299 20.3145 20.3403 20.3759 20.4203 20.4381 20.4397 20.4588 20.458 20.4511 20.4449 20.4629 20.4802 20.5028 20.5256 20.548 20.5708 20.5943 20.6188 20.6452 20.6926 20.7445 20.7856 20.8333 20.8596 20.8416 20.8556 20.8731 20.8865 20.906
-9999 -9999 -9999 -9999 -9999 -9999 -9999 -9999 19.7725 19.7241 19.6932 19.6988 19.6739 19.6693 19.6702 19.6853 19.652 19.6681 19.6986 19.7353 19.7847 19.8592 19.9163 19.9992 20.0636 20.0568 20.0485 20.0494 20.0729 20.0635 20.016 19.966 19.9779 20.0417 20.0554 20.0667 20.0669 20.0985 20.1941 20.2534 20.3066 20.3064 20.3051 20.3218 20.343 20.37 20.4018 20.4235 20.4156 20.4158 20.4337 20.4367 20.4449 20.4638 20.4837 20.5063 20.5288 20.5517 20.5754 20.5989 20.6256 20.657 20.7071 20.7952 20.8154 20.8457 20.8892 20.8742 20.8803 20.8781 20.888 20.9081
-9999 -9999 -9999 -9999 -9999 -9999 -9999 -9999 19.7928 19.734 19.7366 19.7569 19.8018 19.8093 19.7335 19.7337 19.7026 19.6742 19.6966 19.7331 19.7806 19.8323 19.9022 19.9933 20.0692 20.0979 20.0498 20.0014 20.007 20.006 19.9842 19.9957 20.0602 20.1222 20.1188 20.1252 20.0918 20.1031 20.1351 20.2014 20.2744 20.3232 20.3139 20.332 20.3526 20.3748 20.4018 20.4217 20.4049 20.4089 20.4188 20.4347 20.4452 20.4651 20.4872 20.5092 20.5324 20.556 20.5808 20.606 20.6389 20.6741 20.7413 20.8013 20.8474 20.8998 20.8572 20.8683 20.8732 20.8823 20.8923 20.9129
