Test_Spring_2018b/04_18/Temp/20180413_016.txt
ncols	170
nrows	115
xllcorner	350000.000000
yllcorner	4445000.000000
cellsize	1000.000000
nodata_value	-9999.000000
[rows 32 to 63 of 115, columns 72 to 143 of 170]
19.3545 19.4041 19.3679 19.3354 19.3569 19.378 19.305 19.3201 19.3623 19.4411 19.4805 19.5212 19.553 19.6512 19.8954 20.1175 20.026 20.0413 20.1347 20.0166 20.1056 20.3096 20.5903 20.4633 20.5169 20.7065 20.7675 -9999 -9999 -9999 -9999 -9999 -9999 -9999 -9999 -9999 -9999 -9999 -9999 -9999 -9999 -9999 -9999 -9999 -9999 -9999 -9999 -9999 -9999 -9999 -9999 -9999 -9999 -9999 -9999 -9999 -9999 -9999 -9999 -9999 -9999 -9999 -9999 -9999 -9999 -9999 -9999 -9999 -9999 -9999 -9999 -9999
19.3984 19.4289 19.3676 19.3846 19.3917 19.3555 19.3124 19.3179 19.3439 19.3872 19.4273 19.4693 19.5505 19.6603 19.8718 20.122 20.1926 20.0966 20.1089 20.1082 20.1908 20.2899 20.4351 20.3465 20.322 20.4597 20.6232 20.7298 -9999 -9999 -9999 -9999 -9999 -9999 -9999 -9999 -9999 -9999 -9999 -9999 -9999 -9999 -9999 -9999 -9999 -9999 -9999 -9999 -9999 -9999 -9999 -9999 -9999 -9999 -9999 -9999 -9999 -9999 -9999 -9999 -9999 -9999 -9999 -9999 -9999 -9999 -9999 -9999 -9999 -9999 -9999 -9999
19.4512 19.5422 19.5115 19.4921 19.4167 19.3951 19.4004 19.3236 19.344 19.3641 19.4197 19.4678 19.5369 19.6432 19.7873 19.9574 20.2406 20.0948 19.9844 20.0052 20.0296 20.1041 20.2443 20.1577 20.1692 20.3387 20.5077 20.6306 20.6919 -9999 -9999 -9999 -9999 -9999 -9999 -9999 -9999 -9999 -9999 -9999 -9999 -9999 -9999 -9999 -9999 -9999 -9999 -9999 -9999 -9999 -9999 -9999 -9999 -9999 -9999 -9999 -9999 -9999 -9999 -9999 -9999 -9999 -9999 -9999 -9999 -9999 -9999 -9999 -9999 -9999 -9999 -9999
19.5117 19.6192 19.5882 19.5412 19.4535 19.4033 19.3721 19.3597 19.3471 19.3662 19.4226 19.558 19.592 19.6145 19.7149 19.9064 20.0978 20.1606 19.9829 19.9445 19.9733 19.9468 20.068 20.0352 20.0718 20.141 20.3155 20.4764 20.559 20.7052 -9999 -9999 -9999 -9999 -9999 -9999 -9999 -9999 -9999 -9999 -9999 -9999 -9999 -9999 -9999 -9999 -9999 -9999 -9999 -9999 -9999 -9999 -9999 -9999 -9999 -9999 -9999 -9999 -9999 -9999 -9999 -9999 -9999 -9999 -9999 -9999 -9999 -9999 -9999 -9999 -9999 -9999
-9999 -9999 19.692 19.6079 19.5445 19.4618 19.3907 19.3683 19.3474 19.366 19.4625 19.5184 19.5388 19.6104 19.7237 19.8015 19.9287 20.0605 20.0349 19.8859 19.9774 19.8765 19.9032 19.898 19.9931 20.1428 20.3587 20.4789 20.5544 20.6761 -9999 -9999 -9999 -9999 -9999 -9999 -9999 -9999 -9999 -9999 -9999 -9999 -9999 -9999 -9999 -9999 -9999 -9999 -9999 -9999 -9999 -9999 -9999 -9999 -9999 -9999 -9999 -9999 -9999 -9999 -9999 -9999 -9999 -9999 -9999 -9999 -9999 -9999 -9999 -9999 -9999 -9999
-9999 -9999 -9999 19.6231 19.5763 19.475 19.408 19.3984 19.355 19.3704 19.4168 19.4563 19.5067 19.5677 19.6574 19.7546 19.8755 19.9032 19.8146 19.831 19.8707 19.8703 19.8323 19.863 19.9986 20.2125 20.3399 20.5695 20.6836 20.6911 20.7776 -9999 -9999 -9999 -9999 -9999 -9999 -9999 -9999 -9999 -9999 -9999 -9999 20.7892 -9999 -9999 -9999 -9999 -9999 -9999 -9999 -9999 -9999 -9999 -9999 -9999 -9999 -9999 -9999 -9999 -9999 -9999 -9999 -9999 21.7082 -9999 -9999 -9999 -9999 -9999 -9999 -9999
-9999 -9999 19.6329 19.5548 19.5121 19.4532 19.4499 19.4101 19.3576 19.3718 19.4093 19.4501 19.522 19.5532 19.6121 19.7164 19.7524 19.7358 19.738 19.7377 19.744 19.7702 19.8089 19.8537 19.9335 20.0469 20.1281 20.3508 20.4591 20.5762 20.745 20.8814 -9999 -9999 -9999 -9999 -9999 -9999 -9999 20.7725 20.8011 20.8217 20.812 20.7441 20.8219 -9999 -9999 -9999 -9999 -9999 -9999 -9999 -9999 -9999 -9999 -9999 -9999 -9999 -9999 -9999 -9999 -9999 -9999 -9999 21.6244 21.7689 -9999 -9999 -9999 -9999 -9999 -9999
-9999 -9999 19.5948 19.532 19.5067 19.4491 19.4217 19.3893 19.3803 19.3729 19.3923 19.4357 19.4939 19.5114 19.5862 19.6353 19.6758 19.6473 19.6564 19.6934 19.7348 19.7728 19.8486 19.8713 19.8921 19.9694 20.0862 20.2062 20.3615 20.5836 20.8021 20.9822 -9999 -9999 -9999 -9999 -9999 -9999 20.7287 20.6753 20.653 20.7737 20.7148 20.6631 20.6995 20.7968 -9999 -9999 -9999 -9999 -9999 -9999 -9999 -9999 -9999 -9999 -9999 -9999 -9999 -9999 20.9592 21.1058 21.3773 21.5288 21.6299 21.7637 -9999 -9999 -9999 -9999 -9999 -9999
-9999 -9999 19.6112 19.5339 19.4851 19.4431 19.4463 19.3933 19.3752 19.3778 19.3947 19.4164 19.4411 19.5085 19.5483 19.6419 19.5895 19.6113 19.6481 19.738 19.7867 19.9266 19.997 20.0116 19.9232 20.0141 20.1879 20.4015 20.6431 20.6758 20.7714 20.9337 -9999 -9999 -9999 -9999 -9999 -9999 20.7005 20.6421 20.5978 20.612 20.7329 20.6229 20.652 20.7526 20.7948 20.7581 20.7516 20.7953 20.7513 20.754 20.8113 20.7985 -9999 -9999 -9999 -9999 20.8934 20.9121 20.9322 21.0074 21.3019 21.5112 21.702 21.7459 -9999 -9999 -9999 -9999 -9999 -9999
-9999 -9999 19.5511 19.5073 19.4902 19.4964 19.4591 19.4126 19.3891 19.3815 19.4013 19.4196 19.4389 19.4741 19.5323 19.5447 19.5675 19.61 19.7655 19.9433 19.892 20.0021 20.2106 20.0592 19.9833 20.0837 20.2906 20.5282 20.6032 20.6166 20.7425 20.9003 -9999 -9999 -9999 20.8526 20.7569 20.7687 20.7571 20.6719 20.6133 20.5756 20.5581 20.579 20.654 20.7534 20.859 20.8559 20.7368 20.7265 20.7224 20.7244 20.7793 20.7881 20.7727 20.7758 20.7948 20.8268 20.8521 20.8724 20.9009 20.9726 21.2377 21.4009 21.5146 21.7293 -9999 -9999 -9999 -9999 -9999 -9999
-9999 -9999 19.585 19.5478 19.5194 19.4641 19.4677 19.438 19.4174 19.3901 19.4013 19.4598 19.4426 19.4657 19.4915 19.5252 19.5655 19.7006 19.8788 20.0567 20.1483 20.1264 20.2637 20.2141 20.1368 20.1803 20.3093 20.522 20.5633 20.6132 20.8155 21.01 -9999 -9999 21.0534 20.8495 20.7129 20.6537 20.6516 20.6731 20.5935 20.6104 20.5235 20.5704 20.7489 20.7582 20.8425 20.8309 20.8056 20.816 20.7613 20.7162 20.7262 20.7492 20.7477 20.7655 20.7869 20.8104 20.85 20.8658 20.8883 20.9422 21.1418 21.2523 21.374 21.7257 -9999 -9999 -9999 -9999 -9999 -9999
-9999 -9999 19.5592 19.5156 19.4668 19.4671 19.4338 19.4488 19.4645 19.4171 19.4059 19.452 19.491 19.4706 19.4931 19.5187 19.5479 19.6765 19.8217 20.0304 20.1664 20.2487 20.3152 20.393 20.3597 20.3871 20.419 20.4093 20.4726 20.5855 20.7085 20.9287 21.055 -9999 21.0359 20.9547 20.7884 20.6514 20.5737 20.6344 20.541 20.5446 20.4977 20.5638 20.6843 20.752 20.7816 20.8192 20.7649 20.7373 20.7211 20.7203 20.7156 20.7308 20.7456 20.7648 20.7855 20.8063 20.8295 20.8534 20.8806 20.9159 21.0211 21.1332 21.3433 21.7139 -9999 -9999 -9999 -9999 -9999 -9999
-9999 19.7161 19.567 19.4864 19.4605 19.4444 19.4316 19.4254 19.4124 19.4088 19.4123 19.4304 19.5268 19.5395 19.5456 19.5219 19.5462 19.577 19.6659 19.9159 20.0088 20.1388 20.3044 20.3797 20.3613 20.2501 20.2675 20.361 20.4638 20.5932 20.6832 20.8227 21.0793 21.0749 20.9857 20.9255 20.8193 20.6471 20.5343 20.4981 20.5006 20.4751 20.4762 20.5603 20.6433 20.6921 20.7594 20.7913 20.8167 20.7937 20.7782 20.72 20.7159 20.7285 20.7446 20.7634 20.7831 20.803 20.8247 20.8494 20.8729 20.8978 20.9297 21.0687 21.3826 21.6304 -9999 -9999 -9999 -9999 -9999 -9999
-9999 -9999 19.5961 19.565 19.5627 19.5529 19.5244 19.491 19.4342 19.439 19.4198 19.435 19.5189 19.6165 19.5689 19.5632 19.5567 19.5773 19.607 19.815 19.9337 20.0294 20.1886 20.1484 20.1114 20.1195 20.1606 20.347 20.5326 20.7372 20.9383 20.9613 21.0752 21.0397 20.9869 20.8241 20.7169 20.6875 20.6741 20.5012 20.473 20.4834 20.4595 20.5557 20.6041 20.6833 20.6947 20.7257 20.7513 20.9206 20.7986 20.8147 20.7447 20.7265 20.741 20.7606 20.7798 20.8015 20.8235 20.8468 20.8694 20.8957 20.9253 21.0254 21.412 21.6267 -9999 -9999 -9999 -9999 -9999 -9999
-9999 -9999 -9999 -9999 19.5998 19.5774 19.5661 19.5415 19.4428 19.4275 19.4231 19.4373 19.4849 19.5806 19.6218 19.6292 19.7266 19.6845 19.6166 19.6375 19.6653 19.8514 19.9514 19.8802 19.918 20.0574 20.1689 20.2787 20.4935 20.6463 20.8745 21.0499 21.0708 20.9084 20.7775 20.6124 20.5523 20.6216 20.5956 20.5221 20.4364 20.4092 20.4491 20.5493 20.5906 20.6983 20.6467 20.6666 20.7293 20.7864 20.7964 20.7746 20.781 20.7308 20.7359 20.756 20.7773 20.799 20.8216 20.8448 20.871 20.8968 20.9236 20.9535 21.3504 21.6722 -9999 -9999 -9999 -9999 -9999 -9999
-9999 -9999 -9999 -9999 19.6706 19.6596 19.6192 19.504 19.4428 19.4288 19.4436 19.4472 19.486 19.5733 19.6637 19.7514 19.8579 19.8303 19.7217 19.6647 19.6733 19.8384 19.7735 19.8156 19.8848 20.0633 20.1971 20.2726 20.4789 20.6499 20.8057 21.017 20.9469 20.8697 20.7677 20.5855 20.4709 20.4382 20.5091 20.4716 20.3693 20.3955 20.4932 20.5162 20.5903 20.7275 20.6408 20.6356 20.6876 20.7065 20.7388 20.7463 20.7388 20.732 20.7348 20.7544 20.7764 20.7989 20.8212 20.8447 20.8702 20.8951 20.9221 20.9507 21.2166 21.6773 -9999 -9999 -9999 -9999 -9999 -9999
-9999 -9999 -9999 -9999 -9999 19.7421 19.64 19.4844 19.4472 19.4632 19.4432 19.456 19.5063 19.5539 19.6594 19.797 20.0414 20.0057 19.9074 19.7554 19.683 19.7109 19.7736 19.8732 20.0949 20.2895 20.3222 20.3622 20.5154 20.6477 20.8194 20.7403 20.6536 20.5589 20.5185 20.5532 20.458 20.3859 20.4506 20.3989 20.3352 20.4031 20.4546 20.5025 20.5833 20.6141 20.6363 20.5983 20.6694 20.6674 20.6895 20.7158 20.7245 20.7302 20.7344 20.7537 20.7757 20.7974 20.8219 20.8444 20.8696 20.8957 20.9226 20.951 21 21.264 21.4301 -9999 -9999 -9999 -9999 -9999
-9999 -9999 -9999 -9999 -9999 19.8433 19.7965 19.6109 19.5546 19.4811 19.4496 19.4634 19.5361 19.5856 19.7325 19.7953 20.0231 20.1368 20.0776 20.1266 19.9088 19.7166 19.7748 20.2076 20.3717 20.4913 20.474 20.4839 20.5338 20.7572 20.8303 20.6462 20.5366 20.4564 20.4012 20.4055 20.4295 20.3038 20.3081 20.2851 20.3219 20.3444 20.4468 20.5208 20.5114 20.5859 20.6212 20.5811 20.6731 20.6391 20.6688 20.7114 20.7364 20.7205 20.7353 20.7535 20.7756 20.7991 20.8233 20.8479 20.8708 20.8965 20.9246 20.9512 20.9807 21.0423 21.19 21.2602 21.2425 -9999 -9999 -9999
-9999 -9999 -9999 -9999 -9999 -9999 19.9783 19.7174 19.5979 19.5458 19.4688 19.4738 19.5177 19.591 19.7408 19.8755 20.0812 20.3126 20.4424 20.1276 19.8548 19.7192 19.7521 20.1148 20.265 20.2829 20.2126 20.2917 20.3541 20.5247 20.5874 20.6706 20.6426 20.5232 20.4327 20.3467 20.2912 20.3079 20.2823 20.2782 20.3019 20.3196 20.3556 20.3901 20.4936 20.471 20.5406 20.5446 20.5851 20.6237 20.6575 20.7236 20.7183 20.7158 20.7319 20.7534 20.7768 20.7992 20.8227 20.8481 20.8743 20.8995 20.9256 20.9536 20.9808 21.0164 21.0583 21.1584 21.2823 21.431 -9999 -9999
-9999 -9999 -9999 -9999 -9999 -9999 20.1141 19.8552 19.7298 19.5762 19.501 19.481 19.5044 19.5674 19.6859 19.8543 19.9982 20.2538 20.5177 20.1858 19.8893 19.7371 19.7429 20.0486 19.9798 20.0576 20.0425 20.1741 20.2352 20.278 20.3777 20.4863 20.6026 20.6757 20.4479 20.3414 20.261 20.2358 20.2328 20.2444 20.2748 20.321 20.4571 20.4007 20.436 20.4715 20.5078 20.5388 20.5732 20.6087 20.637 20.6637 20.7152 20.7081 20.7335 20.7551 20.777 20.8 20.8241 20.8485 20.874 20.8993 20.9277 20.9552 20.983 21.0177 21.0469 21.079 21.126 21.3159 21.44 21.4975
-9999 -9999 -9999 -9999 -9999 -9999 20.4928 20.1125 19.7969 19.647 19.5257 19.5065 19.5114 19.5888 19.6524 19.7787 19.8994 20.0741 20.325 20.4862 20.2403 19.876 19.7476 19.7709 19.7929 19.8816 19.9623 19.9828 19.9894 20.0727 20.1991 20.3661 20.4315 20.5019 20.3371 20.3321 20.3668 20.1878 20.2112 20.2474 20.3502 20.4587 20.4685 20.5503 20.54 20.6305 20.5984 20.5738 20.5805 20.6072 20.6359 20.6622 20.6891 20.7101 20.7327 20.7559 20.7788 20.8015 20.8251 20.8507 20.8758 20.8995 20.9275 20.9548 20.985 21.0194 21.0479 21.0786 21.1089 21.1611 21.2254 21.3274
-9999 -9999 -9999 -9999 -9999 -9999 20.4714 20.1451 19.8795 19.7224 19.5778 19.558 19.5222 19.5532 19.6185 19.7305 19.8655 20.0125 20.2302 20.3963 20.239 20.0005 19.8349 19.7826 19.7941 19.8116 19.8417 19.8578 19.8904 19.9081 20.0062 20.1675 20.2651 20.4013 20.2157 20.2128 20.266 20.1864 20.2151 20.3937 20.5374 20.5778 20.5267 20.6215 20.6641 20.735 20.7127 20.6087 20.673 20.6905 20.6533 20.668 20.6899 20.7113 20.7344 20.7572 20.7807 20.8032 20.826 20.8517 20.8767 20.9018 20.9291 20.957 20.9849 21.0205 21.0514 21.0805 21.1102 21.1442 21.18 21.2025
-9999 -9999 -9999 -9999 -9999 -9999 20.4673 20.2474 20.0104 19.7739 19.6186 19.5668 19.5347 19.5543 19.6266 19.6921 19.7839 19.9152 20.0111 20.1626 20.363 20.074 19.993 19.9222 19.8985 19.8245 19.8397 19.8925 19.9395 19.9111 19.9415 20.0713 20.1256 20.2066 20.1119 20.1318 20.1561 20.1844 20.3379 20.5429 20.7123 20.6333 20.6804 20.6529 20.8313 20.736 20.6638 20.6577 20.751 20.8252 20.6936 20.6977 20.7063 20.7199 20.7365 20.7608 20.782 20.8057 20.8293 20.8534 20.8787 20.904 20.9303 20.9572 20.9867 21.0222 21.0512 21.0818 21.1093 21.1416 21.1694 21.2016
-9999 -9999 -9999 -9999 -9999 -9999 -9999 20.38 20.0696 19.8011 19.6594 19.5773 19.547 19.5667 19.6129 19.6633 19.7274 19.8272 19.9472 20.1254 20.2617 20.2032 20.1235 20.1261 20.0795 19.9162 19.8694 19.9689 20.1831 20.0753 19.9514 19.9702 19.9994 20.0309 20.0672 20.1028 20.1575 20.2697 20.5688 20.6467 20.7792 20.7916 20.8722 20.7701 20.8457 20.7467 20.7182 20.7232 20.8636 20.86 20.7556 20.7263 20.759 20.7495 20.7418 20.7638 20.7859 20.8098 20.8324 20.8558 20.8804 20.9061 20.9321 20.9583 20.9895 21.0243 21.0617 21.0954 21.1358 21.1457 21.1703 21.2109
-9999 -9999 -9999 -9999 -9999 -9999 -9999 20.4368 20.1345 19.8158 19.7252 19.6354 19.5609 19.5777 19.6378 19.6961 19.7555 19.8204 19.9617 20.0989 20.2302 20.2852 20.2786 20.2896 20.2057 19.9894 19.9592 19.9927 20.2188 20.3099 20.1397 19.9998 20.0052 20.0379 20.2419 20.2228 20.3434 20.5003 20.5601 20.6425 20.7912 20.7552 20.8713 20.8567 20.8908 20.8453 20.836 20.7768 20.9021 20.9221 20.8207 20.7779 20.8001 20.7532 20.7515 20.7682 20.7897 20.8119 20.8351 20.8578 20.8825 20.9081 20.9343 20.9629 20.9965 21.0504 21.2197 21.2462 21.236 21.2276 21.1969 21.2153
-9999 -9999 -9999 -9999 -9999 -9999 -9999 20.4002 20.1956 19.9151 19.7121 19.7159 19.6271 19.5904 19.6539 19.7231 19.7935 19.8348 19.9869 20.1517 20.2879 20.4453 20.4387 20.3539 20.1978 20.0638 20.0522 20.0982 20.2218 20.1823 20.072 20.0219 20.0201 20.0546 20.1143 20.1578 20.2522 20.3057 20.4299 20.612 20.6982 20.6822 20.8754 20.8878 20.8497 20.9395 20.8549 20.8272 20.9816 20.9062 20.8131 20.7772 20.7486 20.7475 20.7611 20.7693 20.7923 20.8145 20.8375 20.8616 20.8858 20.9127 20.9396 20.9789 21.0252 21.1753 21.2666 21.2827 21.2514 21.227 21.2186 21.2222
-9999 -9999 -9999 -9999 -9999 -9999 -9999 20.3625 20.1804 19.9398 19.8002 19.7899 19.6895 19.6024 19.6329 19.704 19.7387 19.8116 19.9432 20.0864 20.2408 20.3245 20.4941 20.3598 20.2495 20.1389 20.0954 20.197 20.2628 20.1931 20.1243 20.1077 20.039 20.0589 20.107 20.2499 20.3305 20.3269 20.3746 20.4422 20.5749 20.6032 20.6973 20.7504 20.802 20.9143 20.8818 20.9007 20.9169 20.8138 20.7772 20.7608 20.748 20.7621 20.7698 20.7725 20.7943 20.8172 20.8411 20.8647 20.8904 20.9208 20.9505 21.004 21.0798 21.1994 21.3918 21.3102 21.2235 21.228 21.2284 21.2366
-9999 -9999 -9999 -9999 -9999 -9999 -9999 20.3961 20.2021 19.9992 19.9248 19.9271 19.7307 19.6176 19.636 19.6795 19.7272 19.8798 19.8902 19.935 20.076 20.273 20.4873 20.4853 20.3817 20.2257 20.1865 20.3523 20.4265 20.402 20.2894 20.1908 20.0876 20.0759 20.1315 20.3426 20.5662 20.4937 20.4152 20.4381 20.4904 20.6152 20.6709 20.7237 20.8217 20.9758 20.9756 20.965 20.8524 20.8327 20.7886 20.7559 20.8015 20.8129 20.7822 20.7747 20.7972 20.8204 20.8433 20.8681 20.8941 20.9304 20.9676 21.0134 21.1702 21.2774 21.4315 21.3236 21.2726 21.2781 21.2305 21.2383
-9999 -9999 -9999 -9999 -9999 -9999 -9999 20.461 20.3253 20.1325 20.0656 19.9485 19.7639 19.6826 19.6534 19.6731 19.711 19.7895 19.8439 19.933 20.079 20.2719 20.484 20.6277 20.5796 20.3637 20.3276 20.4805 20.5737 20.4972 20.3762 20.1888 20.0901 20.0937 20.1243 20.184 20.3529 20.553 20.5743 20.5069 20.6045 20.7146 20.6898 20.7221 20.8189 20.8958 20.9508 20.9625 20.9028 20.8944 20.8397 20.747 20.7545 20.7819 20.7565 20.7779 20.8006 20.8226 20.8467 20.8712 20.8969 20.9309 20.9771 21.0896 21.191 21.3225 21.3609 21.278 21.2627 21.2464 21.2361 21.2497
-9999 -9999 -9999 -9999 -9999 -9999 -9999 20.573 20.4106 20.2315 20.0651 19.9088 19.7771 19.7841 19.7235 19.7423 19.7194 19.7497 19.8236 19.9015 20.0298 20.2726 20.4793 20.7028 20.6649 20.4501 20.4187 20.5359 20.7379 20.5656 20.374 20.2025 20.1187 20.219 20.1563 20.1835 20.2599 20.3877 20.5749 20.5939 20.7404 20.7686 20.7279 20.7305 20.7646 20.8281 20.9202 20.9353 20.9072 20.9196 20.8713 20.8049 20.7405 20.7497 20.7568 20.78 20.8037 20.8262 20.8501 20.876 20.9048 20.9392 21.0373 21.1494 21.2282 21.3273 21.3616 21.2542 21.242 21.2445 21.2391 21.2523
-9999 -9999 -9999 -9999 -9999 -9999 -9999 -9999 20.429 20.2436 20.1114 20.0894 19.9746 19.9212 19.8842 19.8906 19.75 19.7597 19.8132 19.8862 19.9982 20.1867 20.323 20.5381 20.6973 20.653 20.6244 20.5896 20.6228 20.5559 20.3727 20.1813 20.1776 20.3307 20.3311 20.3237 20.282 20.3351 20.5823 20.719 20.8365 20.7917 20.7436 20.7497 20.7696 20.8069 20.8579 20.8999 20.8298 20.7842 20.7926 20.7558 20.7349 20.7466 20.7613 20.7842 20.807 20.831 20.8576 20.8836 20.9192 20.969 21.0757 21.2981 21.3137 21.3602 21.4469 21.3472 21.3083 21.2556 21.2396 21.2544
-9999 -9999 -9999 -9999 -9999 -9999 -9999 -9999 20.4967 20.2797 20.2486 20.2712 20.3681 20.3512 20.081 20.0416 19.9076 19.7815 19.8104 19.8824 19.9883 20.1075 20.2823 20.5221 20.7158 20.7943 20.6194 20.4433 20.4224 20.3806 20.2754 20.2707 20.4263 20.5739 20.5222 20.4995 20.3557 20.347 20.4008 20.5587 20.7365 20.8403 20.7677 20.7781 20.7959 20.8183 20.8528 20.8811 20.7932 20.7588 20.7424 20.7447 20.7303 20.7446 20.7656 20.7867 20.8114 20.8374 20.8675 20.8986 20.9535 21.015 21.1741 21.3111 21.406 21.5199 21.3449 21.325 21.2844 21.2641 21.2485 21.2651
