Test_Spring_2018b/04_18/Temp/20180410_009.txt
ncols	170
nrows	115
xllcorner	350000.000000
yllcorner	4445000.000000
cellsize	1000.000000
nodata_value	-9999.000000
[rows 32 to 63 of 115, columns 72 to 143 of 170]
17.0202 16.9341 17.0959 17.2455 17.1563 17.1005 17.333 17.3435 17.2765 17.1047 17.049 16.9911 16.9603 16.7379 16.0921 15.5112 15.8411 15.8607 15.6527 16.0584 15.8615 15.3295 14.5737 15.0009 14.9027 14.3516 14.2212 -9999 -9999 -9999 -9999 -9999 -9999 -9999 -9999 -9999 -9999 -9999 -9999 -9999 -9999 -9999 -9999 -9999 -9999 -9999 -9999 -9999 -9999 -9999 -9999 -9999 -9999 -9999 -9999 -9999 -9999 -9999 -9999 -9999 -9999 -9999 -9999 -9999 -9999 -9999 -9999 -9999 -9999 -9999 -9999 -9999
16.8867 16.8563 17.0915 17.0979 17.0841 17.1603 17.3065 17.3454 17.3258 17.2572 17.1995 17.1377 16.9632 16.7069 16.1559 15.4929 15.3519 15.6943 15.722 15.7868 15.6084 15.3813 15.0193 15.3353 15.4642 15.1082 14.6352 14.3336 -9999 -9999 -9999 -9999 -9999 -9999 -9999 -9999 -9999 -9999 -9999 -9999 -9999 -9999 -9999 -9999 -9999 -9999 -9999 -9999 -9999 -9999 -9999 -9999 -9999 -9999 -9999 -9999 -9999 -9999 -9999 -9999 -9999 -9999 -9999 -9999 -9999 -9999 -9999 -9999 -9999 -9999 -9999 -9999
16.7283 16.5226 16.6689 16.7813 16.9595 17.0077 17.0462 17.324 17.3206 17.3193 17.2166 17.1369 16.9976 16.7513 16.3958 15.9654 15.2069 15.694 16.078 16.0801 16.0712 15.9155 15.5683 15.8786 15.9032 15.4415 14.9118 14.6169 14.5014 -9999 -9999 -9999 -9999 -9999 -9999 -9999 -9999 -9999 -9999 -9999 -9999 -9999 -9999 -9999 -9999 -9999 -9999 -9999 -9999 -9999 -9999 -9999 -9999 -9999 -9999 -9999 -9999 -9999 -9999 -9999 -9999 -9999 -9999 -9999 -9999 -9999 -9999 -9999 -9999 -9999 -9999 -9999
16.5489 16.2951 16.4421 16.6344 16.8898 17.0182 17.1235 17.2139 17.3062 17.3076 17.2021 16.8688 16.8313 16.8284 16.6 16.1076 15.6159 15.4974 16.0769 16.2511 16.2295 16.3675 16.0751 16.2292 16.1809 16.0219 15.5144 15.0592 14.8816 14.5203 -9999 -9999 -9999 -9999 -9999 -9999 -9999 -9999 -9999 -9999 -9999 -9999 -9999 -9999 -9999 -9999 -9999 -9999 -9999 -9999 -9999 -9999 -9999 -9999 -9999 -9999 -9999 -9999 -9999 -9999 -9999 -9999 -9999 -9999 -9999 -9999 -9999 -9999 -9999 -9999 -9999 -9999
-9999 -9999 16.137 16.3838 16.5935 16.8449 17.0649 17.1834 17.2992 17.3016 17.0795 16.9769 16.9787 16.8331 16.5677 16.4058 16.1007 15.7823 15.9206 16.4164 16.2127 16.5668 16.5488 16.6224 16.4036 15.9616 15.3843 15.0459 14.8881 14.5973 -9999 -9999 -9999 -9999 -9999 -9999 -9999 -9999 -9999 -9999 -9999 -9999 -9999 -9999 -9999 -9999 -9999 -9999 -9999 -9999 -9999 -9999 -9999 -9999 -9999 -9999 -9999 -9999 -9999 -9999 -9999 -9999 -9999 -9999 -9999 -9999 -9999 -9999 -9999 -9999 -9999 -9999
-9999 -9999 -9999 16.3362 16.4972 16.8415 17.0098 17.0902 17.2702 17.2814 17.2041 17.1489 17.0638 16.9493 16.753 16.5352 16.2492 16.2339 16.5556 16.5713 16.5182 16.5803 16.7503 16.7188 16.3668 15.7548 15.4411 14.7763 14.5052 14.5449 14.3564 -9999 -9999 -9999 -9999 -9999 -9999 -9999 -9999 -9999 -9999 -9999 -9999 15.2875 -9999 -9999 -9999 -9999 -9999 -9999 -9999 -9999 -9999 -9999 -9999 -9999 -9999 -9999 -9999 -9999 -9999 -9999 -9999 -9999 14.3607 -9999 -9999 -9999 -9999 -9999 -9999 -9999
-9999 -9999 16.3041 16.5079 16.6801 16.8992 16.9213 17.0502 17.2553 17.2688 17.2172 17.1578 17.0103 16.983 16.8767 16.6394 16.6008 16.7146 16.7735 16.8384 16.8826 16.8674 16.8137 16.7408 16.5054 16.231 16.05 15.4522 15.1488 14.8687 14.4398 14.107 -9999 -9999 -9999 -9999 -9999 -9999 -9999 15.0029 15.0001 15.0213 15.131 15.4105 15.2668 -9999 -9999 -9999 -9999 -9999 -9999 -9999 -9999 -9999 -9999 -9999 -9999 -9999 -9999 -9999 -9999 -9999 -9999 -9999 14.6003 14.2691 -9999 -9999 -9999 -9999 -9999 -9999
-9999 -9999 16.3446 16.5736 16.6925 16.9051 17.0308 17.1038 17.1814 17.2564 17.2565 17.1896 17.0822 17.0953 16.9435 16.8677 16.8172 16.9669 17.0064 16.9636 16.9064 16.8566 16.6949 16.6851 16.6228 16.4518 16.165 15.8693 15.4231 14.8361 14.2612 13.7999 -9999 -9999 -9999 -9999 -9999 -9999 15.0365 15.2716 15.4179 15.1496 15.4038 15.637 15.6147 15.4047 -9999 -9999 -9999 -9999 -9999 -9999 -9999 -9999 -9999 -9999 -9999 -9999 -9999 -9999 16.1811 15.841 15.1386 14.7861 14.5807 14.2809 -9999 -9999 -9999 -9999 -9999 -9999
-9999 -9999 16.2998 16.5681 16.7525 16.9171 16.9508 17.1146 17.1873 17.2322 17.239 17.235 17.225 17.0941 17.0452 16.8414 17.062 17.0671 17.0273 16.8317 16.7534 16.4077 16.2612 16.2213 16.5305 16.3174 15.8629 15.2926 14.5968 14.5561 14.3365 13.9253 -9999 -9999 -9999 -9999 -9999 -9999 15.1025 15.3532 15.5647 15.6072 15.3405 15.7448 15.734 15.5278 15.4905 15.6823 15.7856 15.7235 15.9496 16.0258 15.9428 16.0627 -9999 -9999 -9999 -9999 16.1986 16.228 16.254 16.1212 15.3526 14.8325 14.367 14.335 -9999 -9999 -9999 -9999 -9999 -9999
-9999 -9999 16.4784 16.6464 16.7353 16.7565 16.9046 17.0479 17.1374 17.2089 17.2073 17.2139 17.2208 17.1845 17.0837 17.1177 17.1219 17.0687 16.686 16.2367 16.4499 16.1871 15.6033 16.0835 16.354 16.1109 15.5578 14.9151 14.7017 14.7154 14.4055 14.0044 -9999 -9999 -9999 14.4105 14.7634 14.8072 14.9215 15.2516 15.506 15.7005 15.8374 15.8404 15.7217 15.5201 15.2997 15.3948 15.8254 15.9397 16.031 16.1093 16.0331 16.096 16.222 16.2941 16.3204 16.3089 16.318 16.3423 16.3443 16.2216 15.5336 15.1476 14.907 14.4116 -9999 -9999 -9999 -9999 -9999 -9999
-9999 -9999 16.3753 16.5222 16.6425 16.8348 16.8625 16.9889 17.0635 17.1732 17.1959 17.0856 17.1989 17.199 17.1936 17.1674 17.1227 16.8023 16.3551 15.9063 15.7052 15.8014 15.4583 15.6432 15.917 15.8267 15.488 14.916 14.8424 14.7088 14.1767 13.6693 -9999 -9999 13.7359 14.3999 14.8721 15.1228 15.2107 15.2324 15.5495 15.5875 15.9271 15.8588 15.4395 15.5003 15.3434 15.464 15.6314 15.6856 15.9131 16.1376 16.191 16.2056 16.2909 16.3198 16.3382 16.3512 16.3181 16.3555 16.3744 16.3039 15.8115 15.5794 15.32 14.4198 -9999 -9999 -9999 -9999 -9999 -9999
-9999 -9999 16.4421 16.6048 16.7822 16.8172 16.9508 16.9461 16.9146 17.0998 17.1712 17.0969 17.0475 17.1751 17.181 17.18 17.1692 16.8693 16.5195 15.9824 15.6528 15.4498 15.3111 15.1139 15.2582 15.2241 15.1756 15.2474 15.0935 14.7765 14.4708 13.8886 13.5811 -9999 13.7673 14.0747 14.6338 15.1114 15.4202 15.3296 15.6884 15.7667 15.9746 15.8712 15.6211 15.5223 15.5245 15.5022 15.7458 15.912 16.0288 16.1152 16.2192 16.256 16.2933 16.3173 16.3372 16.3576 16.3716 16.3852 16.3906 16.374 16.1562 15.923 15.4043 14.449 -9999 -9999 -9999 -9999 -9999 -9999
-9999 15.9885 16.4236 16.6908 16.7984 16.8781 16.9493 17.0034 17.0566 17.1113 17.1531 17.1489 16.9336 16.9658 17.021 17.1649 17.1702 17.1561 16.9712 16.315 16.0919 15.7619 15.3335 15.1541 15.253 15.6188 15.6097 15.3791 15.1214 14.7566 14.5304 14.1788 13.4936 13.5685 13.8945 14.1413 14.5261 15.107 15.5189 15.7111 15.793 15.9434 16.0296 15.8839 15.7435 15.6919 15.5855 15.5806 15.5932 15.7448 15.8611 16.1151 16.2098 16.26 16.2929 16.3174 16.3395 16.3619 16.3797 16.3907 16.4067 16.4207 16.4182 16.1048 15.2994 14.7001 -9999 -9999 -9999 -9999 -9999 -9999
-9999 -9999 16.3424 16.4633 16.4995 16.5584 16.6725 16.8035 16.9833 17.0152 17.1222 17.1329 16.9477 16.7345 16.9467 17.04 17.1363 17.1533 17.1417 16.588 16.3048 16.0832 15.6725 15.8272 15.9781 15.9956 15.9153 15.4123 14.9116 14.3278 13.79 13.7734 13.4884 13.655 13.875 14.4197 14.8079 14.9747 15.0989 15.6896 15.8519 15.9181 16.0792 15.8917 15.8525 15.714 15.7708 15.7692 15.7815 15.375 15.8014 15.8385 16.1242 16.2591 16.3004 16.3221 16.3449 16.3612 16.3783 16.3928 16.4115 16.4225 16.4355 16.2379 15.2098 14.7064 -9999 -9999 -9999 -9999 -9999 -9999
-9999 -9999 -9999 -9999 16.3895 16.483 16.5454 16.6493 16.9505 17.0398 17.1033 17.1194 17.0444 16.8327 16.7883 16.8446 16.6404 16.8379 17.101 17.1068 17.0874 16.6028 16.3546 16.6068 16.5391 16.1737 15.8873 15.6047 15.017 14.5832 13.9653 13.5044 13.4971 14.0277 14.4707 15.0218 15.2737 15.1545 15.3163 15.6164 15.9558 16.1272 16.1042 15.9059 15.888 15.6675 15.908 15.9392 15.8441 15.7634 15.8071 15.9543 16.0183 16.2449 16.3099 16.3325 16.3488 16.3648 16.3794 16.394 16.4077 16.4218 16.4353 16.4423 15.3851 14.5708 -9999 -9999 -9999 -9999 -9999 -9999
-9999 -9999 -9999 -9999 16.1815 16.2406 16.3867 16.7527 16.9449 17.0301 17.038 17.0847 17.0357 16.8518 16.6633 16.4872 16.2551 16.4105 16.7972 17.0295 17.0654 16.6418 16.872 16.7947 16.6347 16.1548 15.8024 15.6183 15.0541 14.5669 14.1585 13.5925 13.8489 14.1315 14.4925 15.092 15.5023 15.6804 15.5594 15.7575 16.1459 16.1626 15.9725 15.9992 15.8865 15.5807 15.9236 16.0282 15.9643 15.9948 15.9739 16.0362 16.1401 16.2405 16.312 16.3337 16.3489 16.3621 16.3775 16.3937 16.4059 16.4228 16.4365 16.4477 15.7714 14.5538 -9999 -9999 -9999 -9999 -9999 -9999
-9999 -9999 -9999 -9999 -9999 15.9978 16.3232 16.8069 16.9294 16.9279 17.0368 17.057 16.975 16.9065 16.6748 16.3534 15.7217 15.9007 16.2577 16.7655 17.0369 17.0114 16.8711 16.6264 16.0237 15.4965 15.4376 15.356 14.9459 14.5709 14.1159 14.3935 14.6979 15.0311 15.213 15.1832 15.5369 15.8285 15.727 15.9665 16.243 16.1391 16.0831 16.0378 15.9058 15.9094 15.9362 16.1357 16.0168 16.1078 16.1169 16.1243 16.181 16.245 16.3121 16.3346 16.3491 16.3651 16.3744 16.3926 16.4059 16.4195 16.4336 16.4457 16.3998 15.7537 15.3721 -9999 -9999 -9999 -9999 -9999
-9999 -9999 -9999 -9999 -9999 15.7015 15.8671 16.4389 16.6175 16.8764 17.0195 17.0373 16.89 16.8143 16.4618 16.3579 15.7749 15.5179 15.7609 15.6851 16.3785 16.9923 16.8654 15.6534 15.2184 14.9096 14.9964 15.0031 14.8934 14.2543 14.0862 14.6688 15.0401 15.3315 15.5565 15.6146 15.6224 16.0699 16.1425 16.2982 16.2829 16.3106 16.1067 15.9853 16.1149 15.9914 15.9801 16.1858 16.0058 16.1899 16.1765 16.1365 16.146 16.2726 16.3088 16.3347 16.3498 16.3604 16.3703 16.3829 16.4031 16.4181 16.4287 16.446 16.4567 16.3984 16.0703 15.9665 16.1166 -9999 -9999 -9999
-9999 -9999 -9999 -9999 -9999 -9999 15.3391 16.1312 16.4941 16.6922 16.9681 17.0119 16.9373 16.7974 16.4384 16.1247 15.6049 15.0086 14.6973 15.6775 16.531 16.9807 16.9275 15.9201 15.5265 15.5143 15.7565 15.5637 15.4192 14.934 14.7971 14.6046 14.7397 15.1399 15.4718 15.7932 16.0314 16.0652 16.226 16.3233 16.3452 16.386 16.3745 16.3672 16.1686 16.3264 16.2151 16.2923 16.2616 16.2348 16.2091 16.1008 16.1981 16.2861 16.3187 16.3384 16.3481 16.362 16.3744 16.3836 16.3963 16.4126 16.4288 16.4419 16.4588 16.4762 16.4547 16.2637 16.002 15.6666 -9999 -9999
-9999 -9999 -9999 -9999 -9999 -9999 14.9457 15.7344 16.1153 16.6096 16.8668 16.9787 16.979 16.8683 16.5989 16.186 15.8443 15.1768 14.4825 15.5105 16.425 16.9235 16.9585 16.1091 16.3528 16.1686 16.2525 15.9093 15.7709 15.6574 15.4152 15.1503 14.8583 14.7119 15.44 15.8211 16.1313 16.2859 16.3803 16.4353 16.4281 16.3877 16.0844 16.34 16.3389 16.3274 16.3119 16.3104 16.297 16.2789 16.2685 16.2745 16.207 16.3093 16.3214 16.3363 16.351 16.3635 16.3745 16.3867 16.3984 16.4144 16.4279 16.4417 16.4564 16.4766 16.4911 16.4964 16.4576 16.0016 15.7348 15.6698
-9999 -9999 -9999 -9999 -9999 -9999 13.847 14.9915 15.9051 16.3926 16.7896 16.909 16.9624 16.8087 16.6976 16.4055 16.1295 15.6956 15.038 14.6375 15.4088 16.5252 16.9398 16.9116 16.8938 16.6803 16.4885 16.4707 16.4931 16.2629 15.9311 15.5003 15.3744 15.232 15.7776 15.8637 15.8394 16.4399 16.4566 16.4388 16.2301 15.9921 16.0541 15.9105 16.0411 15.8688 16.0513 16.2104 16.2771 16.2842 16.2718 16.2803 16.2842 16.3142 16.3271 16.3382 16.3505 16.3643 16.3776 16.3868 16.3994 16.4186 16.4296 16.4431 16.4558 16.4767 16.4924 16.5007 16.5092 16.4525 16.3589 16.1651
-9999 -9999 -9999 -9999 -9999 -9999 13.8901 14.8495 15.67 16.1633 16.6428 16.764 16.9351 16.9148 16.7975 16.5452 16.2262 15.8713 15.3089 14.8935 15.414 16.1575 16.6932 16.8852 16.8891 16.8844 16.8423 16.826 16.7759 16.7358 16.5036 16.0977 15.8738 15.5415 16.1479 16.2282 16.1498 16.4607 16.4609 16.0282 15.6989 15.6709 15.8924 15.7065 15.6832 15.5692 15.7223 16.1113 16.0122 16.0458 16.2235 16.2642 16.2967 16.3145 16.3266 16.3395 16.3509 16.3662 16.3821 16.3913 16.4045 16.4196 16.4299 16.4439 16.4562 16.4746 16.4872 16.4992 16.5084 16.5036 16.4982 16.536
-9999 -9999 -9999 -9999 -9999 -9999 13.9084 14.5546 15.2944 16.0171 16.5283 16.7423 16.9021 16.9141 16.7751 16.6565 16.4615 16.1506 15.9411 15.5673 15.049 15.9486 16.2293 16.4762 16.5843 16.8458 16.8476 16.7395 16.6031 16.7379 16.7114 16.3926 16.2958 16.125 16.4681 16.4825 16.4874 16.4842 16.1207 15.6096 15.2041 15.5213 15.4724 15.6218 15.2033 15.5697 15.8672 15.9719 15.7882 15.6567 16.1078 16.1962 16.2529 16.2941 16.326 16.3355 16.3544 16.3666 16.3807 16.3951 16.4075 16.4216 16.4344 16.4471 16.4581 16.4771 16.4888 16.5013 16.5171 16.5201 16.5312 16.5415
-9999 -9999 -9999 -9999 -9999 -9999 -9999 14.1736 15.1034 15.9404 16.412 16.7137 16.8675 16.8782 16.8136 16.7371 16.621 16.4001 16.1189 15.6666 15.3334 15.5632 15.838 15.8715 16.058 16.5816 16.7661 16.5254 15.9086 16.2821 16.6985 16.703 16.6801 16.6537 16.6167 16.5856 16.5017 16.2542 15.4665 15.3234 15.0233 15.0736 14.9264 15.2888 15.1685 15.5439 15.7137 15.7855 15.463 15.54 15.9485 16.1171 16.1043 16.2132 16.3167 16.3338 16.3509 16.3634 16.3808 16.3972 16.4118 16.4254 16.439 16.4534 16.4606 16.4834 16.4704 16.4676 16.4445 16.509 16.5292 16.5511
-9999 -9999 -9999 -9999 -9999 -9999 -9999 13.9813 14.9152 15.8991 16.2233 16.5475 16.8293 16.8477 16.7415 16.6412 16.5374 16.4171 16.0731 15.7396 15.4212 15.3216 15.3987 15.3943 15.691 16.3712 16.5102 16.464 15.8195 15.6121 16.1651 16.6322 16.68 16.6511 16.1278 16.2554 15.98 15.6018 15.5081 15.3508 15.0024 15.1914 14.9398 15.0677 15.0443 15.2632 15.3765 15.634 15.3548 15.3625 15.7643 15.9724 15.9907 16.2088 16.2956 16.3289 16.3483 16.3667 16.383 16.402 16.4162 16.4295 16.442 16.4488 16.442 16.3847 16.0191 16.0361 16.1588 16.2755 16.4739 16.5463
-9999 -9999 -9999 -9999 -9999 -9999 -9999 14.085 14.7367 15.6111 16.2623 16.315 16.6385 16.8118 16.6951 16.5619 16.4253 16.3727 15.9972 15.5832 15.2507 14.8544 14.9325 15.2357 15.7143 16.1574 16.2446 16.1648 15.8192 15.9931 16.3741 16.5821 16.6521 16.6191 16.5153 16.4611 16.2618 16.1835 15.9018 15.4535 15.2856 15.4152 14.9382 14.9864 15.1817 14.9953 15.3266 15.492 15.1281 15.4366 15.7917 15.98 16.1464 16.2326 16.2755 16.334 16.3499 16.3686 16.386 16.4011 16.417 16.426 16.4363 16.4114 16.3669 16.0213 15.891 15.9369 16.1203 16.2827 16.4568 16.5352
-9999 -9999 -9999 -9999 -9999 -9999 -9999 14.1908 14.7789 15.5389 16.0067 16.1007 16.458 16.7773 16.756 16.6169 16.5834 16.4385 16.1219 15.7706 15.3853 15.2037 14.7709 15.2189 15.5647 15.9418 16.1237 15.839 15.7076 15.971 16.2332 16.3453 16.6108 16.621 16.5516 16.2092 16.0494 16.1366 16.0761 15.9598 15.6555 15.6555 15.465 15.3942 15.328 15.0742 15.2535 15.2835 15.3438 15.7105 15.9022 16.034 16.1552 16.1975 16.2584 16.3334 16.3536 16.3708 16.3859 16.4026 16.4139 16.4126 16.4141 16.3473 16.2167 15.9589 15.5355 15.8646 16.2077 16.3268 16.4377 16.5029
-9999 -9999 -9999 -9999 -9999 -9999 -9999 14.089 14.7133 15.3647 15.6443 15.7022 16.3385 16.7331 16.7467 16.6875 16.6161 16.2393 16.2746 16.209 15.8626 15.3523 14.7905 14.8554 15.2011 15.6921 15.863 15.3932 15.2388 15.3723 15.7632 16.1146 16.4814 16.5842 16.4933 15.9529 15.3781 15.6649 15.9705 15.983 15.9115 15.6303 15.5506 15.4797 15.2781 14.9246 14.9864 15.1015 15.5187 15.6619 15.8753 16.0551 16.0069 16.0578 16.2307 16.3363 16.3546 16.3713 16.3896 16.403 16.4132 16.3947 16.3742 16.3292 15.9626 15.7406 15.4161 15.8334 16.0724 16.2128 16.4411 16.5077
-9999 -9999 -9999 -9999 -9999 -9999 -9999 13.8958 14.3522 14.9755 15.2341 15.6396 16.2416 16.5442 16.696 16.7059 16.6625 16.5008 16.4085 16.2142 15.8535 15.3556 14.8006 14.4431 14.6418 15.2935 15.4571 15.0255 14.8172 15.1029 15.5189 16.1293 16.4837 16.5427 16.525 16.4242 16.0082 15.5029 15.5186 15.793 15.5893 15.3502 15.5035 15.4918 15.293 15.1521 15.0635 15.1382 15.3785 15.489 15.7337 16.088 16.1512 16.1562 16.314 16.336 16.3543 16.3748 16.3899 16.404 16.4152 16.4029 16.356 16.1171 15.9108 15.6177 15.5951 15.9738 16.1523 16.3144 16.4347 16.4847
-9999 -9999 -9999 -9999 -9999 -9999 -9999 13.5656 14.1007 14.6854 15.2339 15.7536 16.2028 16.2494 16.4925 16.5051 16.6386 16.6167 16.4676 16.306 15.997 15.3541 14.8153 14.2263 14.396 15.0654 15.1465 14.8684 14.3449 14.9096 15.5313 16.0962 16.408 16.1865 16.44 16.4338 16.2865 15.9913 15.5247 15.5479 15.2019 15.2004 15.3994 15.4736 15.4568 15.3547 15.1805 15.2228 15.3721 15.4227 15.6489 15.9272 16.1997 16.2579 16.3219 16.339 16.3549 16.3741 16.3899 16.3999 16.4021 16.3884 16.1905 15.9522 15.8115 15.6118 15.6013 16.036 16.2214 16.3295 16.4356 16.4873
-9999 -9999 -9999 -9999 -9999 -9999 -9999 -9999 14.0435 14.6473 15.0975 15.228 15.6288 15.8512 16.0262 16.0751 16.5505 16.5888 16.4989 16.3515 16.0899 15.605 15.2706 14.7063 14.3037 14.4762 14.552 14.7159 14.6829 14.9415 15.5395 16.1623 16.2417 15.8671 15.9378 16.0324 16.2279 16.1495 15.5089 15.1903 14.9284 15.1386 15.3591 15.4232 15.4474 15.4217 15.3883 15.3125 15.6032 15.8222 15.8844 16.0774 16.2238 16.2751 16.3175 16.3361 16.3547 16.37 16.3776 16.3873 16.3697 16.3112 16.0878 15.5291 15.5714 15.5247 15.3616 15.7866 16.0621 16.3063 16.4437 16.4911
-9999 -9999 -9999 -9999 -9999 -9999 -9999 -9999 13.843 14.5398 14.697 14.699 14.4854 14.6027 15.4556 15.6377 16.0942 16.5271 16.509 16.3647 16.1207 15.8369 15.3906 14.7545 14.2513 14.0336 14.5929 15.143 15.2673 15.4531 15.8243 15.9052 15.5219 15.1635 15.3854 15.5247 16.0171 16.1184 16.0394 15.6591 15.2222 15.001 15.2932 15.3445 15.3755 15.393 15.3996 15.3945 15.7154 15.9026 16.0371 16.1172 16.2453 16.2894 16.3138 16.3378 16.3511 16.3605 16.358 16.353 16.279 16.1862 15.8104 15.4997 15.3117 15.069 15.666 15.8596 16.1201 16.2902 16.4269 16.4696
