Test_Spring_2018b/04_18/Temp/20180409_011.txt
ncols	170
nrows	115
xllcorner	350000.000000
yllcorner	4445000.000000
cellsize	1000.000000
nodata_value	-9999.000000
[rows 32 to 63 of 115, columns 72 to 143 of 170]
19.7727 19.7552 19.7974 19.8364 19.7889 19.7594 19.8066 19.8111 19.7972 19.7584 19.7483 19.7381 19.7349 19.6855 19.5335 19.3973 19.4822 19.4915 19.4453 19.5476 19.5032 19.377 19.1958 19.3015 19.2792 19.1179 19.0761 -9999 -9999 -9999 -9999 -9999 -9999 -9999 -9999 -9999 -9999 -9999 -9999 -9999 -9999 -9999 -9999 -9999 -9999 -9999 -9999 -9999 -9999 -9999 -9999 -9999 -9999 -9999 -9999 -9999 -9999 -9999 -9999 -9999 -9999 -9999 -9999 -9999 -9999 -9999 -9999 -9999 -9999 -9999 -9999 -9999
19.7337 19.7299 19.7902 19.7945 19.7752 19.7676 19.794 19.8056 19.8033 19.7896 19.779 19.7678 19.7296 19.6718 19.5427 19.3865 19.3569 19.4446 19.4556 19.4752 19.4354 19.3833 19.298 19.3769 19.41 19.3118 19.1709 19.0798 -9999 -9999 -9999 -9999 -9999 -9999 -9999 -9999 -9999 -9999 -9999 -9999 -9999 -9999 -9999 -9999 -9999 -9999 -9999 -9999 -9999 -9999 -9999 -9999 -9999 -9999 -9999 -9999 -9999 -9999 -9999 -9999 -9999 -9999 -9999 -9999 -9999 -9999 -9999 -9999 -9999 -9999 -9999 -9999
19.6891 19.6429 19.6816 19.7117 19.7218 19.7136 19.7248 19.7943 19.796 19.7986 19.777 19.7614 19.7317 19.6763 19.5946 19.4948 19.3153 19.4382 19.5357 19.5402 19.5416 19.507 19.4254 19.503 19.5109 19.3755 19.2122 19.1431 19.1178 -9999 -9999 -9999 -9999 -9999 -9999 -9999 -9999 -9999 -9999 -9999 -9999 -9999 -9999 -9999 -9999 -9999 -9999 -9999 -9999 -9999 -9999 -9999 -9999 -9999 -9999 -9999 -9999 -9999 -9999 -9999 -9999 -9999 -9999 -9999 -9999 -9999 -9999 -9999 -9999 -9999 -9999 -9999
19.6399 19.5819 19.6207 19.6702 19.7149 19.7221 19.7376 19.7616 19.7863 19.7894 19.7671 19.6898 19.6848 19.6885 19.6377 19.523 19.4083 19.3842 19.5293 19.5757 19.5741 19.6108 19.5426 19.5823 19.5726 19.5222 19.3711 19.2449 19.2045 19.1198 -9999 -9999 -9999 -9999 -9999 -9999 -9999 -9999 -9999 -9999 -9999 -9999 -9999 -9999 -9999 -9999 -9999 -9999 -9999 -9999 -9999 -9999 -9999 -9999 -9999 -9999 -9999 -9999 -9999 -9999 -9999 -9999 -9999 -9999 -9999 -9999 -9999 -9999 -9999 -9999 -9999 -9999
-9999 -9999 19.5411 19.5845 19.6279 19.6746 19.7175 19.7481 19.7783 19.7815 19.7307 19.7094 19.714 19.6831 19.6234 19.589 19.5199 19.4474 19.4855 19.6101 19.5644 19.6536 19.6519 19.6721 19.6207 19.4836 19.3343 19.2361 19.2003 19.1325 -9999 -9999 -9999 -9999 -9999 -9999 -9999 -9999 -9999 -9999 -9999 -9999 -9999 -9999 -9999 -9999 -9999 -9999 -9999 -9999 -9999 -9999 -9999 -9999 -9999 -9999 -9999 -9999 -9999 -9999 -9999 -9999 -9999 -9999 -9999 -9999 -9999 -9999 -9999 -9999 -9999 -9999
-9999 -9999 -9999 19.5674 19.5989 19.6832 19.6984 19.7193 19.7648 19.7699 19.7542 19.7443 19.7278 19.7046 19.6619 19.6142 19.5499 19.5512 19.6341 19.6422 19.6332 19.6515 19.6954 19.6898 19.5929 19.4281 19.3529 19.165 19.1013 19.1135 19.0709 -9999 -9999 -9999 -9999 -9999 -9999 -9999 -9999 -9999 -9999 -9999 -9999 19.3762 -9999 -9999 -9999 -9999 -9999 -9999 -9999 -9999 -9999 -9999 -9999 -9999 -9999 -9999 -9999 -9999 -9999 -9999 -9999 -9999 19.2823 -9999 -9999 -9999 -9999 -9999 -9999 -9999
-9999 -9999 19.5714 19.5958 19.6378 19.691 19.6827 19.7034 19.7546 19.76 19.7503 19.7395 19.7079 19.706 19.6854 19.6332 19.6294 19.6623 19.6817 19.7019 19.7166 19.7161 19.7055 19.6896 19.6045 19.5384 19.4948 19.3408 19.2514 19.1855 19.0842 19.0069 -9999 -9999 -9999 -9999 -9999 -9999 -9999 19.2738 19.2804 19.2927 19.3262 19.4006 19.372 -9999 -9999 -9999 -9999 -9999 -9999 -9999 -9999 -9999 -9999 -9999 -9999 -9999 -9999 -9999 -9999 -9999 -9999 -9999 19.3358 19.2648 -9999 -9999 -9999 -9999 -9999 -9999
-9999 -9999 19.5521 19.6074 19.6355 19.6864 19.7162 19.7101 19.7299 19.75 19.7527 19.7399 19.7182 19.7264 19.6951 19.6826 19.6762 19.7183 19.7333 19.7276 19.7177 19.7087 19.6717 19.6707 19.6285 19.5867 19.5167 19.4445 19.3116 19.1707 19.0335 18.9247 -9999 -9999 -9999 -9999 -9999 -9999 19.2679 19.3327 19.3759 19.3181 19.3869 19.4502 19.451 19.3886 -9999 -9999 -9999 -9999 -9999 -9999 -9999 -9999 -9999 -9999 -9999 -9999 -9999 -9999 19.6763 19.6035 19.4426 19.3667 19.3264 19.2631 -9999 -9999 -9999 -9999 -9999 -9999
-9999 -9999 19.538 19.6019 19.645 19.6832 19.6898 19.7179 19.7245 19.7368 19.741 19.7435 19.7456 19.7192 19.7133 19.6702 19.7302 19.7376 19.7337 19.6912 19.6763 19.5954 19.5618 19.5274 19.6018 19.549 19.4373 19.2975 19.1115 19.0956 19.0441 18.9471 -9999 -9999 -9999 -9999 -9999 -9999 19.2772 19.3462 19.4055 19.4236 19.3661 19.471 19.4585 19.414 19.4104 19.4622 19.4924 19.4705 19.5296 19.5549 19.542 19.5788 -9999 -9999 -9999 -9999 19.6558 19.6726 19.6887 19.6663 19.4896 19.3731 19.2698 19.2665 -9999 -9999 -9999 -9999 -9999 -9999
-9999 -9999 19.5786 19.6171 19.6359 19.6383 19.6716 19.6941 19.7053 19.7215 19.7239 19.7294 19.736 19.7332 19.7153 19.7306 19.7387 19.7326 19.646 19.5423 19.5984 19.5378 19.3851 19.4907 19.5549 19.4938 19.3571 19.1988 19.1295 19.1268 19.0529 18.9575 -9999 -9999 -9999 19.0781 19.1715 19.1904 19.2268 19.3156 19.3859 19.4406 19.4813 19.4779 19.4513 19.4078 19.3593 19.3872 19.4965 19.5291 19.5438 19.5694 19.5579 19.5825 19.621 19.647 19.6623 19.6689 19.6807 19.6966 19.7072 19.6876 19.5285 19.4447 19.3961 19.2848 -9999 -9999 -9999 -9999 -9999 -9999
-9999 -9999 19.5439 19.5766 19.6025 19.6462 19.6498 19.6781 19.6859 19.7055 19.7136 19.6909 19.7236 19.73 19.7359 19.7372 19.734 19.6636 19.5617 19.4584 19.4141 19.4303 19.348 19.3825 19.447 19.4198 19.3306 19.1889 19.1687 19.1215 18.9886 18.8678 -9999 -9999 18.8988 19.0673 19.1901 19.2598 19.2903 19.3047 19.3906 19.4083 19.4986 19.4797 19.3805 19.4006 19.3652 19.3989 19.4447 19.4625 19.5129 19.5721 19.5919 19.6028 19.6314 19.6468 19.6603 19.6729 19.6747 19.694 19.7089 19.7022 19.593 19.547 19.4902 19.2849 -9999 -9999 -9999 -9999 -9999 -9999
-9999 -9999 19.5519 19.5874 19.6264 19.6311 19.6602 19.6599 19.6418 19.6869 19.7003 19.6863 19.6799 19.7177 19.7269 19.735 19.7407 19.6758 19.598 19.4736 19.3981 19.3429 19.3097 19.2466 19.279 19.2675 19.2522 19.2661 19.2216 19.1298 19.0556 18.9126 18.8414 -9999 18.898 18.9802 19.1246 19.2498 19.3345 19.3221 19.4187 19.4465 19.4972 19.4788 19.4206 19.4018 19.4071 19.4061 19.4694 19.5115 19.5351 19.5619 19.5926 19.6086 19.6255 19.6397 19.6536 19.6681 19.6816 19.6953 19.7072 19.7139 19.6716 19.6222 19.5063 19.2876 -9999 -9999 -9999 -9999 -9999 -9999
-9999 19.4553 19.5448 19.6046 19.6256 19.6402 19.6532 19.663 19.6663 19.6816 19.6933 19.6919 19.6455 19.6606 19.6824 19.7262 19.7365 19.7416 19.7043 19.5512 19.4949 19.4119 19.3076 19.2535 19.274 19.3586 19.3519 19.2913 19.2246 19.1215 19.0617 18.9774 18.8119 18.835 18.9207 18.9885 19.091 19.2418 19.352 19.4089 19.4386 19.4781 19.5066 19.4776 19.4464 19.4388 19.4174 19.4202 19.427 19.4675 19.4914 19.5558 19.5849 19.6033 19.619 19.6333 19.6478 19.6629 19.6775 19.6908 19.7056 19.7199 19.7276 19.6619 19.4777 19.3452 -9999 -9999 -9999 -9999 -9999 -9999
-9999 -9999 19.5221 19.5454 19.5483 19.5569 19.5796 19.6075 19.6413 19.6492 19.6771 19.6843 19.6426 19.5986 19.659 19.6911 19.724 19.7371 19.7422 19.6066 19.5407 19.4878 19.3872 19.4139 19.4462 19.4454 19.4205 19.293 19.1664 19.0099 18.8779 18.8741 18.8042 18.8482 18.9083 19.0487 19.1524 19.2031 19.244 19.398 19.4434 19.4676 19.5144 19.4756 19.4689 19.44 19.458 19.4612 19.4676 19.3721 19.4713 19.4853 19.5601 19.5975 19.6147 19.6283 19.643 19.6568 19.6713 19.6857 19.7014 19.7134 19.728 19.6908 19.4516 19.3424 -9999 -9999 -9999 -9999 -9999 -9999
-9999 -9999 -9999 -9999 19.5166 19.533 19.5427 19.5635 19.6269 19.6485 19.6659 19.6738 19.6615 19.617 19.6155 19.6391 19.5995 19.6556 19.7243 19.7304 19.7283 19.6113 19.5425 19.5999 19.5785 19.4841 19.4085 19.3338 19.1854 19.0652 18.9133 18.8013 18.8013 18.934 19.046 19.1883 19.2592 19.2408 19.2911 19.3723 19.4642 19.5144 19.5166 19.4751 19.4736 19.4247 19.487 19.4979 19.4779 19.4611 19.4675 19.5079 19.5287 19.5897 19.6124 19.6251 19.6382 19.652 19.6661 19.6807 19.6946 19.7092 19.7235 19.7361 19.49 19.3053 -9999 -9999 -9999 -9999 -9999 -9999
-9999 -9999 -9999 -9999 19.461 19.4687 19.4985 19.5827 19.6197 19.6403 19.6443 19.6598 19.654 19.6172 19.5806 19.548 19.501 19.547 19.6475 19.7085 19.7198 19.6174 19.6647 19.6418 19.5976 19.475 19.383 19.3318 19.1887 19.0555 18.9542 18.8164 18.8803 18.9528 19.0464 19.1997 19.3092 19.3632 19.3439 19.4023 19.5062 19.519 19.4806 19.4938 19.4693 19.3996 19.4866 19.5152 19.5025 19.5125 19.5032 19.5228 19.5531 19.5833 19.6075 19.6207 19.6331 19.6463 19.6607 19.6755 19.6896 19.705 19.7195 19.7332 19.5797 19.2971 -9999 -9999 -9999 -9999 -9999 -9999
-9999 -9999 -9999 -9999 -9999 19.4045 19.4778 19.5907 19.6108 19.6106 19.6392 19.6484 19.6347 19.6261 19.5792 19.5112 19.3675 19.4193 19.5125 19.6404 19.7088 19.703 19.6603 19.5966 19.4449 19.3107 19.2898 19.2634 19.1577 19.0517 18.9391 19.0061 19.0816 19.1664 19.2166 19.2174 19.3131 19.3944 19.3804 19.4489 19.5257 19.5093 19.5035 19.4992 19.47 19.4754 19.4856 19.5372 19.5111 19.5357 19.5336 19.5398 19.5586 19.58 19.603 19.6163 19.6288 19.6426 19.6554 19.6709 19.6854 19.7 19.7147 19.7287 19.7283 19.5845 19.5022 -9999 -9999 -9999 -9999 -9999
-9999 -9999 -9999 -9999 -9999 19.3272 19.3621 19.4968 19.5307 19.594 19.6311 19.6399 19.6105 19.5994 19.523 19.5079 19.376 19.3214 19.3869 19.3731 19.5439 19.6933 19.6539 19.3555 19.2447 19.1638 19.1785 19.1738 19.1412 18.9713 18.9284 19.0696 19.1615 19.2362 19.2968 19.3185 19.3303 19.4497 19.4773 19.5254 19.5313 19.5468 19.5051 19.4824 19.5168 19.4913 19.4923 19.5455 19.5046 19.552 19.5444 19.5392 19.5465 19.5831 19.5987 19.6128 19.6252 19.6377 19.6508 19.6647 19.6808 19.6958 19.7097 19.725 19.7384 19.7372 19.668 19.6526 19.6984 -9999 -9999 -9999
-9999 -9999 -9999 -9999 -9999 -9999 19.2293 19.418 19.497 19.5458 19.6155 19.6307 19.6148 19.5901 19.5127 19.4464 19.3296 19.1932 19.1227 19.3652 19.5749 19.6847 19.6632 19.4149 19.3146 19.3062 19.3592 19.3066 19.2661 19.1337 19.0988 19.0521 19.0869 19.1858 19.273 19.3595 19.427 19.4458 19.4958 19.5275 19.5424 19.561 19.566 19.571 19.5257 19.5687 19.5457 19.5678 19.5634 19.5598 19.5493 19.5275 19.5563 19.5836 19.5984 19.6105 19.6219 19.6352 19.6488 19.6623 19.6757 19.691 19.7062 19.7204 19.7353 19.7526 19.7578 19.7213 19.6671 19.5946 -9999 -9999
-9999 -9999 -9999 -9999 -9999 -9999 19.1292 19.318 19.4015 19.5228 19.5831 19.6128 19.6208 19.6028 19.5468 19.456 19.3819 19.2279 19.066 19.3211 19.5424 19.6643 19.672 19.455 19.5101 19.4607 19.476 19.3877 19.3495 19.3075 19.2476 19.1838 19.1114 19.0805 19.264 19.3647 19.4494 19.4972 19.5307 19.5547 19.56 19.5573 19.4914 19.5603 19.563 19.5651 19.5656 19.569 19.5691 19.5679 19.5611 19.5674 19.5564 19.5857 19.5963 19.608 19.6205 19.6334 19.6466 19.6606 19.675 19.6887 19.7027 19.7171 19.7314 19.7494 19.7633 19.7745 19.7745 19.6728 19.6166 19.6066
-9999 -9999 -9999 -9999 -9999 -9999 18.8579 19.1339 19.3397 19.4607 19.5564 19.5919 19.6125 19.5836 19.5655 19.5035 19.4449 19.3471 19.1939 19.1017 19.2926 19.5653 19.661 19.6437 19.6362 19.5806 19.53 19.5216 19.5234 19.4533 19.3664 19.2636 19.2356 19.2063 19.3454 19.3743 19.3774 19.5329 19.5472 19.5531 19.5123 19.4592 19.4823 19.452 19.4867 19.45 19.4989 19.5417 19.5617 19.5671 19.5598 19.5645 19.5714 19.5858 19.5963 19.6071 19.619 19.6321 19.6456 19.6588 19.6731 19.6892 19.7008 19.7151 19.7281 19.7464 19.7605 19.7724 19.7839 19.7793 19.7652 19.7241
-9999 -9999 -9999 -9999 -9999 -9999 18.8559 19.0781 19.2788 19.3952 19.5166 19.5523 19.6012 19.6043 19.5842 19.5313 19.4618 19.3828 19.2524 19.1564 19.2864 19.469 19.5995 19.6355 19.6298 19.6259 19.6127 19.5994 19.5846 19.5606 19.505 19.4073 19.3568 19.2814 19.4351 19.4623 19.4519 19.5367 19.5465 19.4512 19.3807 19.383 19.4392 19.4012 19.3984 19.3737 19.4158 19.5148 19.4927 19.505 19.5434 19.559 19.5737 19.5848 19.5952 19.6065 19.6182 19.6315 19.6455 19.6584 19.6727 19.6875 19.7012 19.7126 19.7262 19.7441 19.7563 19.7691 19.7809 19.7889 19.7966 19.8116
-9999 -9999 -9999 -9999 -9999 -9999 18.8558 19.0016 19.1835 19.3549 19.4842 19.5423 19.5882 19.5987 19.5728 19.5519 19.512 19.4433 19.3984 19.3125 19.1904 19.4113 19.4803 19.53 19.5494 19.6103 19.608 19.5791 19.5271 19.5602 19.5531 19.4786 19.4593 19.4232 19.5129 19.5238 19.5333 19.5414 19.4623 19.3475 19.2582 19.3439 19.3402 19.377 19.2782 19.3711 19.4483 19.4784 19.4363 19.409 19.5137 19.5417 19.562 19.5791 19.5945 19.605 19.6185 19.6309 19.6443 19.6583 19.6721 19.6864 19.7004 19.7144 19.724 19.7421 19.7552 19.7685 19.7819 19.7906 19.8023 19.8107
-9999 -9999 -9999 -9999 -9999 -9999 -9999 18.9034 19.1226 19.3299 19.4496 19.5288 19.5729 19.5828 19.5745 19.5632 19.542 19.4947 19.4319 19.3267 19.2493 19.3075 19.3748 19.3722 19.4164 19.542 19.5851 19.5252 19.3585 19.4467 19.5499 19.5541 19.5527 19.5516 19.5489 19.5486 19.5362 19.4845 19.3021 19.2758 19.2116 19.2321 19.2042 19.2914 19.2647 19.3616 19.4082 19.4308 19.3574 19.3697 19.4749 19.5222 19.5259 19.5595 19.5918 19.6042 19.6173 19.6297 19.6437 19.658 19.672 19.6864 19.7004 19.7145 19.7226 19.7417 19.7487 19.758 19.762 19.7869 19.8009 19.8156
-9999 -9999 -9999 -9999 -9999 -9999 -9999 18.8405 19.0708 19.314 19.398 19.4827 19.5577 19.5691 19.5503 19.5329 19.5143 19.4912 19.4132 19.3368 19.2632 19.2419 19.2627 19.2502 19.3221 19.4867 19.5199 19.5082 19.3311 19.2826 19.4195 19.5365 19.5525 19.5509 19.43 19.468 19.4087 19.3249 19.3105 19.2807 19.2044 19.2583 19.205 19.2433 19.2311 19.2904 19.3237 19.3918 19.3294 19.325 19.4289 19.4862 19.4976 19.558 19.587 19.6034 19.6169 19.6306 19.6443 19.6589 19.6726 19.6863 19.6998 19.7118 19.7204 19.7121 19.637 19.651 19.6904 19.7282 19.7821 19.8129
-9999 -9999 -9999 -9999 -9999 -9999 -9999 18.8585 19.0207 19.2378 19.4013 19.4201 19.5051 19.5538 19.5323 19.5066 19.4799 19.473 19.3873 19.2915 19.2148 19.1218 19.1434 19.2189 19.3226 19.4306 19.4521 19.4332 19.3286 19.3733 19.469 19.5235 19.5452 19.5426 19.5236 19.5173 19.4762 19.465 19.4046 19.3038 19.2711 19.3104 19.2022 19.2211 19.2754 19.2224 19.3091 19.3552 19.2727 19.3411 19.4343 19.4871 19.5348 19.5634 19.5819 19.6045 19.6172 19.631 19.6447 19.6582 19.6721 19.6845 19.6972 19.7013 19.7006 19.6266 19.6038 19.6248 19.679 19.728 19.7801 19.8088
-9999 -9999 -9999 -9999 -9999 -9999 -9999 18.8765 19.0239 19.2135 19.3327 19.3616 19.4547 19.5388 19.5402 19.5129 19.5111 19.4818 19.4103 19.3299 19.2406 19.2002 19.0982 19.2095 19.2813 19.3741 19.4193 19.3281 19.2988 19.3659 19.4332 19.4647 19.5341 19.5422 19.5315 19.4551 19.4235 19.4522 19.4453 19.4248 19.3588 19.3665 19.3277 19.3178 19.3087 19.2388 19.2888 19.3025 19.3222 19.406 19.4598 19.4992 19.5363 19.5545 19.5775 19.6042 19.618 19.6313 19.6444 19.6582 19.6708 19.6804 19.6908 19.6845 19.6626 19.6098 19.5156 19.6053 19.6983 19.7404 19.7739 19.7995
-9999 -9999 -9999 -9999 -9999 -9999 -9999 18.8439 19.0005 19.1641 19.2378 19.2581 19.4189 19.5213 19.5311 19.5232 19.512 19.4265 19.4406 19.4296 19.3501 19.2302 19.0973 19.1161 19.191 19.3092 19.3525 19.2164 19.1821 19.2181 19.317 19.407 19.5012 19.5319 19.516 19.3915 19.2591 19.336 19.4178 19.4285 19.4188 19.3581 19.3462 19.3363 19.2944 19.2101 19.2216 19.2562 19.3503 19.3925 19.4519 19.5033 19.4995 19.52 19.5704 19.6046 19.618 19.6312 19.645 19.6578 19.67 19.6752 19.68 19.6789 19.5996 19.5553 19.4892 19.5959 19.6636 19.7079 19.7732 19.7993
-9999 -9999 -9999 -9999 -9999 -9999 -9999 18.7888 18.9052 19.0623 19.1312 19.2359 19.3886 19.4686 19.512 19.5209 19.5166 19.4833 19.4665 19.4245 19.3417 19.2251 19.0942 19.0109 19.0622 19.2082 19.2435 19.1235 19.0765 19.1499 19.2553 19.4083 19.4997 19.5199 19.5219 19.5041 19.4101 19.2947 19.306 19.3802 19.3383 19.2878 19.3324 19.3369 19.2957 19.2685 19.2379 19.2613 19.3143 19.3489 19.4162 19.5102 19.5337 19.5432 19.5901 19.6042 19.6176 19.6317 19.6447 19.6575 19.6698 19.6764 19.6746 19.6262 19.5857 19.524 19.528 19.6282 19.6848 19.731 19.7701 19.7923
-9999 -9999 -9999 -9999 -9999 -9999 -9999 18.7005 18.8363 18.9845 19.124 19.2567 19.3724 19.3904 19.456 19.4656 19.5044 19.5052 19.4747 19.4408 19.3707 19.2192 19.0925 18.9532 18.9979 19.1518 19.1456 19.0817 18.9585 19.0998 19.2554 19.3976 19.4788 19.431 19.4989 19.5041 19.4754 19.411 19.3051 19.3183 19.2418 19.2489 19.3047 19.33 19.3332 19.3155 19.2746 19.2795 19.3109 19.3311 19.3942 19.4699 19.5445 19.5671 19.5914 19.6044 19.6173 19.6311 19.6442 19.6559 19.6659 19.672 19.6334 19.585 19.5603 19.5212 19.5279 19.6459 19.6998 19.733 19.7688 19.7913
-9999 -9999 -9999 -9999 -9999 -9999 -9999 -9999 18.8147 18.9678 19.0837 19.1222 19.2263 19.2872 19.3365 19.355 19.4769 19.4924 19.4765 19.4462 19.3878 19.2748 19.1979 19.0649 18.9708 18.9976 18.9973 19.0409 19.0369 19.1041 19.2541 19.4105 19.4354 19.3505 19.3742 19.4039 19.4585 19.4467 19.2986 19.2288 19.1727 19.2313 19.2923 19.3153 19.3284 19.3294 19.3203 19.2864 19.3651 19.4264 19.4498 19.5051 19.5492 19.5703 19.5895 19.6029 19.6166 19.6294 19.6405 19.6522 19.6572 19.6524 19.6075 19.4811 19.5007 19.4986 19.4682 19.5838 19.6564 19.7256 19.769 19.7906
-9999 -9999 -9999 -9999 -9999 -9999 -9999 -9999 18.7584 18.9344 18.9795 18.987 18.9422 18.9778 19.1919 19.2429 19.3605 19.4719 19.4736 19.4442 19.3902 19.3261 19.2221 19.0717 18.9533 18.8787 19.0083 19.1407 19.1749 19.2245 19.3195 19.3444 19.2571 19.1763 19.2367 19.2774 19.4041 19.4361 19.4244 19.3397 19.2412 19.1951 19.2735 19.2934 19.3083 19.3199 19.3256 19.3156 19.3904 19.4441 19.4852 19.5133 19.5531 19.5727 19.5876 19.6025 19.6149 19.6264 19.635 19.643 19.6343 19.621 19.539 19.4727 19.4362 19.3864 19.5405 19.5998 19.6728 19.7199 19.7631 19.7835
