Test_Spring_2018b/04_18/Temp/20180405_010.txt
ncols	170
nrows	115
xllcorner	350000.000000
yllcorner	4445000.000000
cellsize	1000.000000
nodata_value	-9999.000000
[rows 32 to 63 of 115, columns 72 to 143 of 170]
16.8088 16.8612 16.8194 16.7819 16.8108 16.8344 16.7589 16.7732 16.8171 16.9011 16.9415 16.9831 17.0146 17.119 17.3836 17.6238 17.519 17.5316 17.6299 17.4955 17.5888 17.8084 18.1123 17.968 18.0222 18.2235 18.2824 -9999 -9999 -9999 -9999 -9999 -9999 -9999 -9999 -9999 -9999 -9999 -9999 -9999 -9999 -9999 -9999 -9999 -9999 -9999 -9999 -9999 -9999 -9999 -9999 -9999 -9999 -9999 -9999 -9999 -9999 -9999 -9999 -9999 -9999 -9999 -9999 -9999 -9999 -9999 -9999 -9999 -9999 -9999 -9999 -9999
16.8607 16.8921 16.8227 16.8396 16.8481 16.8131 16.7704 16.7741 16.8001 16.8451 16.8862 16.9292 17.0151 17.1322 17.3609 17.6319 17.7053 17.5956 17.6046 17.5993 17.6856 17.7899 17.9448 17.8427 17.811 17.9521 18.1268 18.2425 -9999 -9999 -9999 -9999 -9999 -9999 -9999 -9999 -9999 -9999 -9999 -9999 -9999 -9999 -9999 -9999 -9999 -9999 -9999 -9999 -9999 -9999 -9999 -9999 -9999 -9999 -9999 -9999 -9999 -9999 -9999 -9999 -9999 -9999 -9999 -9999 -9999 -9999 -9999 -9999 -9999 -9999 -9999 -9999
16.9224 17.0202 16.9844 16.9612 16.8814 16.8669 16.8705 16.7838 16.8037 16.8232 16.8813 16.9311 17.0036 17.1169 17.2715 17.4545 17.7616 17.597 17.4712 17.4896 17.5117 17.589 17.7383 17.6383 17.6462 17.8196 18.0072 18.1365 18.1981 -9999 -9999 -9999 -9999 -9999 -9999 -9999 -9999 -9999 -9999 -9999 -9999 -9999 -9999 -9999 -9999 -9999 -9999 -9999 -9999 -9999 -9999 -9999 -9999 -9999 -9999 -9999 -9999 -9999 -9999 -9999 -9999 -9999 -9999 -9999 -9999 -9999 -9999 -9999 -9999 -9999 -9999 -9999
16.9925 17.1084 17.0722 17.0187 16.9232 16.8744 16.843 16.8271 16.8107 16.8291 16.8883 17.034 17.0681 17.0892 17.1958 17.4023 17.6084 17.6731 17.4733 17.4265 17.4534 17.4194 17.5479 17.507 17.5423 17.6102 17.7958 17.9701 18.0551 18.21 -9999 -9999 -9999 -9999 -9999 -9999 -9999 -9999 -9999 -9999 -9999 -9999 -9999 -9999 -9999 -9999 -9999 -9999 -9999 -9999 -9999 -9999 -9999 -9999 -9999 -9999 -9999 -9999 -9999 -9999 -9999 -9999 -9999 -9999 -9999 -9999 -9999 -9999 -9999 -9999 -9999 -9999
-9999 -9999 17.1899 17.0982 17.033 16.942 16.867 16.8403 16.8149 16.8328 16.9362 16.9946 17.0138 17.089 17.2097 17.2912 17.4268 17.5672 17.5344 17.3659 17.4617 17.3458 17.3703 17.3596 17.4591 17.6199 17.8465 17.976 18.0533 18.1812 -9999 -9999 -9999 -9999 -9999 -9999 -9999 -9999 -9999 -9999 -9999 -9999 -9999 -9999 -9999 -9999 -9999 -9999 -9999 -9999 -9999 -9999 -9999 -9999 -9999 -9999 -9999 -9999 -9999 -9999 -9999 -9999 -9999 -9999 -9999 -9999 -9999 -9999 -9999 -9999 -9999 -9999
-9999 -9999 -9999 17.1184 17.0713 16.9584 16.8898 16.8772 16.8274 16.8419 16.8903 16.9309 16.983 17.0466 17.1413 17.2442 17.3727 17.3985 17.2964 17.3096 17.3483 17.3428 17.2959 17.3246 17.4654 17.6995 17.8342 18.0789 18.1985 18.2009 18.2903 -9999 -9999 -9999 -9999 -9999 -9999 -9999 -9999 -9999 -9999 -9999 -9999 18.2202 -9999 -9999 -9999 -9999 -9999 -9999 -9999 -9999 -9999 -9999 -9999 -9999 -9999 -9999 -9999 -9999 -9999 -9999 -9999 -9999 19.0644 -9999 -9999 -9999 -9999 -9999 -9999 -9999
-9999 -9999 17.1315 17.0524 17.0041 16.9381 16.9345 16.894 16.8344 16.8479 16.8866 16.9288 17.0047 17.0355 17.0964 17.2069 17.242 17.2192 17.2167 17.2113 17.2131 17.2366 17.274 17.318 17.4015 17.5207 17.6044 17.8387 17.9549 18.0779 18.2578 18.4021 -9999 -9999 -9999 -9999 -9999 -9999 -9999 18.2346 18.2591 18.2746 18.2566 18.1743 18.252 -9999 -9999 -9999 -9999 -9999 -9999 -9999 -9999 -9999 -9999 -9999 -9999 -9999 -9999 -9999 -9999 -9999 -9999 -9999 18.9765 19.128 -9999 -9999 -9999 -9999 -9999 -9999
-9999 -9999 17.1006 17.0303 17.0016 16.9373 16.9061 16.8753 16.8637 16.8537 16.8728 16.9179 16.9789 16.9947 17.0731 17.1229 17.1628 17.1267 17.1316 17.1671 17.2071 17.2435 17.3214 17.3409 17.3593 17.4385 17.5614 17.6878 17.8509 18.0893 18.324 18.5164 -9999 -9999 -9999 -9999 -9999 -9999 18.1971 18.1318 18.1003 18.2258 18.1535 18.089 18.121 18.2143 -9999 -9999 -9999 -9999 -9999 -9999 -9999 -9999 -9999 -9999 -9999 -9999 -9999 -9999 18.2773 18.4316 18.7232 18.8826 18.9865 19.1262 -9999 -9999 -9999 -9999 -9999 -9999
-9999 -9999 17.1212 17.0354 16.9811 16.9343 16.9372 16.8831 16.8626 16.8639 16.8804 16.9018 16.9262 16.9969 17.0368 17.1354 17.0732 17.092 17.1272 17.2206 17.2685 17.4167 17.4883 17.4998 17.3967 17.4909 17.6762 17.9055 18.1685 18.1941 18.2936 18.4665 -9999 -9999 -9999 -9999 -9999 -9999 18.1704 18.0996 18.0439 18.0522 18.1775 18.0486 18.0674 18.1693 18.2071 18.1581 18.1425 18.1791 18.1183 18.1138 18.1697 18.1489 -9999 -9999 -9999 -9999 18.2219 18.236 18.2517 18.3276 18.6444 18.8673 19.0697 19.1066 -9999 -9999 -9999 -9999 -9999 -9999
-9999 -9999 17.0576 17.0089 16.9899 16.9965 16.9554 16.9087 16.8825 16.8729 16.8929 16.9106 16.929 16.9644 17.0245 17.0337 17.0539 17.0954 17.2608 17.4505 17.3883 17.5037 17.7308 17.5556 17.4661 17.5706 17.7922 18.0477 18.1275 18.1323 18.2652 18.4341 -9999 -9999 -9999 18.3604 18.2497 18.2568 18.2378 18.1376 18.0663 18.0164 17.9894 18.0035 18.0735 18.1738 18.281 18.2686 18.129 18.1091 18.0894 18.0842 18.1374 18.1415 18.1183 18.1155 18.1303 18.1596 18.1814 18.1976 18.2226 18.2949 18.5779 18.7501 18.8676 19.0907 -9999 -9999 -9999 -9999 -9999 -9999
-9999 -9999 17.0975 17.0562 17.0249 16.9656 16.9697 16.937 16.9181 16.8872 16.898 16.9601 16.9386 16.9607 16.9852 17.0177 17.057 17.2 17.3901 17.5797 17.6743 17.6473 17.7922 17.7289 17.6378 17.6798 17.8166 18.0447 18.0846 18.1364 18.3496 18.5581 -9999 -9999 18.5904 18.361 18.2054 18.1346 18.1262 18.1433 18.0488 18.0599 17.9567 17.9995 18.1835 18.1847 18.266 18.244 18.2078 18.2106 18.1397 18.079 18.0829 18.1015 18.0936 18.1071 18.1248 18.1448 18.1825 18.1939 18.2125 18.2653 18.4779 18.5923 18.716 19.093 -9999 -9999 -9999 -9999 -9999 -9999
-9999 -9999 17.0727 17.0248 16.9713 16.972 16.9357 16.9533 16.9744 16.9217 16.9081 16.9568 16.9973 16.9715 16.9923 17.0159 17.0429 17.1786 17.3321 17.5553 17.6984 17.7854 17.8523 17.9294 17.8866 17.9107 17.9399 17.9235 17.9878 18.1086 18.2384 18.4721 18.6059 -9999 18.575 18.4807 18.2925 18.1363 18.0448 18.105 17.9953 17.9917 17.932 17.9961 18.1163 18.1813 18.2046 18.2367 18.1678 18.1263 18.0977 18.0889 18.0738 18.0839 18.0939 18.1091 18.1262 18.1434 18.1633 18.1837 18.2076 18.2401 18.349 18.4629 18.6861 19.0838 -9999 -9999 -9999 -9999 -9999 -9999
-9999 17.2458 17.0835 16.9952 16.9674 16.9504 16.9371 16.9311 16.9206 16.9173 16.9201 16.9382 17.0418 17.0526 17.0553 17.0246 17.046 17.074 17.1654 17.4338 17.5316 17.6683 17.8441 17.918 17.8914 17.7631 17.7763 17.8733 17.9807 18.1197 18.2132 18.3612 18.6359 18.6264 18.5235 18.4524 18.3304 18.1356 18.0056 17.9593 17.955 17.9193 17.9123 17.9956 18.0746 18.1188 18.1833 18.2088 18.2273 18.1928 18.1649 18.0907 18.0786 18.0837 18.0952 18.1102 18.1263 18.1427 18.1611 18.1826 18.2025 18.2236 18.2503 18.3958 18.7327 18.9955 -9999 -9999 -9999 -9999 -9999 -9999
-9999 -9999 17.1178 17.0842 17.0826 17.0729 17.0428 17.0072 16.9487 16.9539 16.9322 16.9482 17.0379 17.1421 17.0859 17.0748 17.0622 17.0788 17.105 17.3287 17.4526 17.5514 17.7199 17.6669 17.6198 17.6224 17.6616 17.8607 18.0591 18.2806 18.4962 18.5162 18.6364 18.591 18.5283 18.3445 18.2216 18.1839 18.1632 17.9667 17.9286 17.9318 17.8973 17.9942 18.0351 18.1124 18.1151 18.1394 18.1579 18.3345 18.1893 18.1987 18.1139 18.0853 18.0937 18.1095 18.1253 18.1439 18.1627 18.1829 18.2019 18.2236 18.2488 18.3514 18.7686 18.995 -9999 -9999 -9999 -9999 -9999 -9999
-9999 -9999 -9999 -9999 17.1262 17.1029 17.092 17.0663 16.9619 16.9453 16.94 16.9543 17.0046 17.1069 17.1482 17.1515 17.2531 17.2006 17.1205 17.1369 17.1609 17.3588 17.4601 17.3752 17.4102 17.557 17.6735 17.7884 18.019 18.1833 18.4287 18.6163 18.6342 18.4507 18.3014 18.1153 18.0442 18.115 18.0805 17.993 17.8916 17.8538 17.8893 17.9906 18.0236 18.132 18.0653 18.0772 18.1362 18.1894 18.1892 18.1567 18.1556 18.0931 18.0919 18.1069 18.125 18.1437 18.1634 18.1836 18.2059 18.2278 18.2504 18.2759 18.7043 19.0484 -9999 -9999 -9999 -9999 -9999 -9999
-9999 -9999 -9999 -9999 17.2068 17.1962 17.1534 17.0283 16.9652 16.9501 16.966 16.9688 17.0094 17.1024 17.1978 17.2894 17.401 17.3647 17.2391 17.1698 17.1727 17.3474 17.2675 17.3069 17.3764 17.5662 17.7072 17.7843 18.0056 18.1899 18.3557 18.5828 18.5006 18.4109 18.2939 18.0887 17.9578 17.9165 17.9885 17.9407 17.8211 17.8421 17.941 17.9573 18.0264 18.1672 18.0618 18.0458 18.093 18.1039 18.1283 18.1278 18.1115 18.0966 18.0928 18.1082 18.1265 18.1462 18.1656 18.1858 18.208 18.2291 18.2519 18.2759 18.5605 19.0572 -9999 -9999 -9999 -9999 -9999 -9999
-9999 -9999 -9999 -9999 -9999 17.2898 17.1791 17.0095 16.9729 16.9906 16.9683 16.9812 17.0344 17.0838 17.1958 17.3422 17.6053 17.5602 17.4458 17.2722 17.1859 17.2099 17.2702 17.3729 17.6099 17.8174 17.8473 17.8855 18.0483 18.1901 18.3734 18.2812 18.1808 18.0719 18.0226 18.056 17.9464 17.8618 17.9269 17.8636 17.7864 17.8532 17.9014 17.9451 18.0215 18.0453 18.0595 18.0077 18.0757 18.0637 18.0767 18.0968 18.0983 18.097 18.0948 18.1099 18.1284 18.1471 18.1689 18.1882 18.2101 18.2325 18.2553 18.2792 18.3253 18.6058 18.7798 -9999 -9999 -9999 -9999 -9999
-9999 -9999 -9999 -9999 -9999 17.4036 17.3536 17.151 17.0932 17.0125 16.9774 16.9913 17.0691 17.1205 17.2783 17.3424 17.5872 17.7064 17.6351 17.6824 17.4365 17.2186 17.2739 17.7429 17.9166 18.0418 18.0167 18.0218 18.0711 18.313 18.3879 18.1803 18.0547 17.9617 17.8962 17.896 17.9174 17.774 17.7726 17.7409 17.7742 17.7911 17.8953 17.9678 17.9452 18.0171 18.0458 17.9916 18.0827 18.0355 18.0569 18.095 18.1142 18.0892 18.0987 18.1124 18.131 18.1516 18.1733 18.1946 18.214 18.2359 18.2601 18.2822 18.3069 18.365 18.5188 18.5873 18.5591 -9999 -9999 -9999
-9999 -9999 -9999 -9999 -9999 -9999 17.5556 17.2699 17.1425 17.0852 16.9999 17.0039 17.051 17.1282 17.2887 17.432 17.6526 17.9011 18.0378 17.6855 17.3791 17.2236 17.2512 17.6432 17.8018 17.8152 17.7318 17.813 17.8761 18.06 18.1235 18.2097 18.1738 18.0376 17.933 17.8336 17.7676 17.7806 17.7468 17.7351 17.7541 17.766 17.7972 17.8264 17.928 17.8934 17.9599 17.9544 17.9891 18.0217 18.0477 18.1116 18.0977 18.0873 18.0982 18.115 18.1352 18.1545 18.1753 18.1982 18.2201 18.2416 18.2637 18.2873 18.3097 18.3392 18.3769 18.4783 18.6059 18.7607 -9999 -9999
-9999 -9999 -9999 -9999 -9999 -9999 17.7068 17.4229 17.2889 17.1197 17.0381 17.0143 17.0372 17.103 17.2292 17.4096 17.5624 17.8376 18.1216 17.7513 17.4188 17.2452 17.2453 17.5725 17.4906 17.5699 17.5473 17.6862 17.7479 17.7915 17.8955 18.0096 18.1323 18.2072 17.9519 17.8298 17.7363 17.7033 17.6943 17.701 17.7278 17.7693 17.9108 17.8403 17.867 17.8964 17.9267 17.951 17.9792 18.0087 18.0287 18.0495 18.098 18.0817 18.1025 18.1202 18.1386 18.1585 18.1798 18.2016 18.2243 18.2451 18.2683 18.2916 18.3147 18.3432 18.3671 18.3941 18.4371 18.6374 18.7654 18.8174
-9999 -9999 -9999 -9999 -9999 -9999 18.1249 17.7071 17.3665 17.2007 17.0662 17.0429 17.0455 17.1271 17.1929 17.327 17.4545 17.641 17.9108 18.0819 17.8066 17.4 17.2524 17.2694 17.2874 17.3787 17.4615 17.4784 17.4802 17.5684 17.7019 17.88 17.946 18.0184 17.8322 17.8216 17.8545 17.6524 17.6723 17.706 17.8124 17.9248 17.928 18.0068 17.9834 18.0737 18.029 17.9926 17.9906 18.0107 18.0312 18.0503 18.072 18.0872 18.1053 18.1246 18.144 18.1635 18.1841 18.2069 18.2292 18.2497 18.2725 18.2958 18.3194 18.3478 18.371 18.3966 18.4216 18.4706 18.533 18.6339
-9999 -9999 -9999 -9999 -9999 -9999 18.1057 17.7511 17.4584 17.2849 17.1241 17.0999 17.0576 17.0882 17.1558 17.2744 17.4177 17.5739 17.8075 17.9842 17.8053 17.5386 17.3506 17.2843 17.2907 17.3041 17.3313 17.3436 17.3739 17.3902 17.4924 17.6634 17.7654 17.91 17.7008 17.6924 17.7455 17.6526 17.6782 17.8685 18.0199 18.0575 17.9939 18.0903 18.1251 18.191 18.1575 18.0341 18.0943 18.1045 18.0527 18.0607 18.076 18.0924 18.1111 18.1299 18.1498 18.1689 18.1885 18.2113 18.2333 18.2551 18.2792 18.3008 18.3246 18.3544 18.3777 18.4017 18.4262 18.4555 18.4873 18.5006
-9999 -9999 -9999 -9999 -9999 -9999 18.1022 17.865 17.6033 17.3424 17.1695 17.11 17.0716 17.0896 17.165 17.2325 17.3285 17.4676 17.5675 17.7284 17.9429 17.6194 17.5262 17.4397 17.4079 17.3208 17.3317 17.3842 17.433 17.3961 17.4229 17.5601 17.6145 17.6982 17.5889 17.6053 17.6266 17.6521 17.815 18.0343 18.214 18.1203 18.1651 18.1271 18.3112 18.1969 18.1088 18.093 18.1836 18.2565 18.101 18.0962 18.0982 18.106 18.1175 18.1378 18.155 18.1754 18.1957 18.2165 18.2386 18.2606 18.2835 18.3067 18.3293 18.359 18.3833 18.4103 18.4323 18.4569 18.4794 18.5034
-9999 -9999 -9999 -9999 -9999 -9999 -9999 18.0119 17.6703 17.3732 17.2151 17.1222 17.0857 17.1038 17.1505 17.2015 17.2671 17.3718 17.4985 17.6889 17.8332 17.7633 17.6719 17.666 17.6089 17.4237 17.3666 17.4705 17.7035 17.578 17.4362 17.4514 17.4781 17.5074 17.5418 17.5755 17.6302 17.7478 18.0707 18.15 18.2893 18.2962 18.3777 18.2576 18.3286 18.2114 18.1715 18.1683 18.314 18.2989 18.174 18.1338 18.1622 18.1445 18.1275 18.1452 18.1633 18.1837 18.2027 18.2227 18.2439 18.2677 18.2903 18.3127 18.3368 18.3655 18.3991 18.4285 18.465 18.4679 18.487 18.5183
-9999 -9999 -9999 -9999 -9999 -9999 -9999 18.0772 17.7429 17.3904 17.2881 17.1865 17.1014 17.1162 17.1783 17.238 17.2986 17.365 17.5153 17.6609 17.7998 17.855 17.8423 17.8476 17.7498 17.5064 17.4676 17.499 17.7438 17.8383 17.6456 17.4864 17.4869 17.5174 17.7361 17.7096 17.8366 18.0033 18.0631 18.1474 18.3045 18.2583 18.3789 18.3557 18.3806 18.3225 18.304 18.2307 18.3601 18.3712 18.2495 18.1947 18.2116 18.153 18.1442 18.1559 18.1733 18.1915 18.211 18.2301 18.2514 18.2735 18.2961 18.3212 18.3515 18.3997 18.5759 18.5975 18.5787 18.5617 18.5161 18.527
-9999 -9999 -9999 -9999 -9999 -9999 -9999 18.0387 17.8115 17.5006 17.2747 17.2758 17.1748 17.1307 17.1965 17.2683 17.3411 17.3818 17.544 17.7201 17.8646 18.0324 18.02 17.9216 17.7431 17.5904 17.5723 17.6174 17.7496 17.7005 17.5737 17.5132 17.5057 17.5382 17.5983 17.6405 17.7385 17.7915 17.9221 18.1162 18.2045 18.1804 18.3859 18.3925 18.3433 18.429 18.328 18.2896 18.4513 18.3552 18.2452 18.1982 18.1594 18.151 18.1592 18.1616 18.1805 18.1987 18.2178 18.2383 18.2588 18.2823 18.3055 18.3423 18.3865 18.5447 18.6307 18.6411 18.5992 18.5649 18.5417 18.5384
-9999 -9999 -9999 -9999 -9999 -9999 -9999 17.9991 17.7964 17.5291 17.3727 17.3581 17.2442 17.1447 17.1742 17.2481 17.2817 17.3572 17.4971 17.6496 17.8143 17.9013 18.0827 17.9301 17.8021 17.6752 17.6221 17.7304 17.7972 17.715 17.6338 17.6101 17.5291 17.5455 17.5928 17.7442 17.8271 17.8173 17.8638 17.932 18.0715 18.0961 18.1929 18.2443 18.2939 18.4043 18.361 18.3739 18.3811 18.2575 18.2096 18.1843 18.163 18.1715 18.1731 18.1696 18.187 18.2059 18.226 18.2457 18.2678 18.295 18.3213 18.3736 18.4502 18.5749 18.7718 18.6748 18.5723 18.5672 18.5561 18.5581
-9999 -9999 -9999 -9999 -9999 -9999 -9999 18.038 17.822 17.596 17.511 17.5101 17.2906 17.1625 17.1787 17.2222 17.2702 17.4334 17.4401 17.4846 17.6348 17.8465 18.0771 18.07 17.9477 17.7729 17.7246 17.9035 17.9797 17.9473 17.818 17.7042 17.5852 17.5668 17.6224 17.8488 18.0888 18.0033 17.9111 17.9302 17.9814 18.1121 18.1667 18.218 18.3187 18.476 18.4674 18.4483 18.3112 18.282 18.2262 18.1831 18.2261 18.2317 18.1912 18.1763 18.1947 18.2138 18.2326 18.2536 18.276 18.3095 18.3439 18.3877 18.5534 18.6643 18.8236 18.6932 18.63 18.6215 18.5622 18.5639
-9999 -9999 -9999 -9999 -9999 -9999 -9999 18.1115 17.9593 17.7442 17.6673 17.535 17.3285 17.2352 17.1991 17.2165 17.2538 17.3356 17.3907 17.484 17.6398 17.8471 18.0754 18.2286 18.1709 17.927 17.8807 18.047 18.144 18.0545 17.9162 17.7047 17.5908 17.5892 17.6173 17.6773 17.8572 18.0714 18.0888 18.0086 18.1097 18.2243 18.1905 18.2193 18.3188 18.3964 18.4436 18.4458 18.3703 18.3537 18.2863 18.1774 18.1786 18.2019 18.1673 18.1843 18.2028 18.2206 18.2406 18.2612 18.2831 18.3141 18.3583 18.4753 18.5801 18.7177 18.753 18.6467 18.6197 18.5903 18.5721 18.5802
-9999 -9999 -9999 -9999 -9999 -9999 -9999 18.2368 18.0552 17.8549 17.6685 17.4931 17.3445 17.3483 17.2776 17.294 17.2645 17.2934 17.3701 17.4511 17.5875 17.8498 18.0723 18.3133 18.267 18.0226 17.987 18.1105 18.3272 18.1325 17.9166 17.7227 17.6252 17.73 17.6555 17.6799 17.7581 17.8928 18.0926 18.1074 18.2622 18.2868 18.2357 18.2319 18.2625 18.3255 18.4146 18.4194 18.3788 18.3852 18.325 18.2451 18.1674 18.1708 18.172 18.191 18.2105 18.2289 18.2487 18.2708 18.296 18.3273 18.4285 18.5451 18.6248 18.7269 18.7575 18.6292 18.6005 18.5919 18.5791 18.5868
-9999 -9999 -9999 -9999 -9999 -9999 -9999 -9999 18.0776 17.8703 17.7214 17.6935 17.5634 17.5007 17.4559 17.4587 17.2998 17.3061 17.3605 17.4362 17.5548 17.7574 17.9026 18.1345 18.3049 18.2468 18.2157 18.1722 18.2035 18.1248 17.9181 17.7025 17.6931 17.856 17.8509 17.8372 17.7858 17.8384 18.1041 18.2482 18.3712 18.3156 18.2563 18.2563 18.2715 18.3056 18.3462 18.3817 18.2974 18.2403 18.2424 18.1951 18.1654 18.1716 18.1812 18.1999 18.2185 18.2384 18.2613 18.2834 18.316 18.3642 18.4748 18.7125 18.7228 18.7669 18.8552 18.7347 18.6727 18.6078 18.5833 18.5928
-9999 -9999 -9999 -9999 -9999 -9999 -9999 -9999 18.1543 17.9122 17.8744 17.8953 17.9979 17.9753 17.6741 17.6266 17.475 17.332 17.3593 17.434 17.5459 17.6725 17.8601 18.1192 18.3277 18.4115 18.2108 18.0142 17.9861 17.935 17.8143 17.8039 17.9698 18.1267 18.0644 18.034 17.8702 17.8549 17.9081 18.0757 18.2649 18.3726 18.2863 18.2911 18.3039 18.3217 18.3488 18.3659 18.261 18.2161 18.1912 18.1868 18.1643 18.1735 18.1901 18.2069 18.2276 18.2498 18.2765 18.3042 18.358 18.419 18.5871 18.7308 18.8282 18.9464 18.7469 18.714 18.6554 18.6209 18.5968 18.6082
