Test_Spring_2018b/04_18/Temp/20180410_016.txt
ncols	170
nrows	115
xllcorner	350000.000000
yllcorner	4445000.000000
cellsize	1000.000000
nodata_value	-9999.000000
[rows 32 to 63 of 115, columns 72 to 143 of 170]
17.4726 17.471 17.5172 17.5609 17.5484 17.5453 17.6005 17.6171 17.6188 17.6004 17.6047 17.6088 17.6184 17.591 17.4815 17.3848 17.4648 17.4845 17.4601 17.5546 17.5322 17.4446 17.3135 17.4117 17.4079 17.3135 17.3041 -9999 -9999 -9999 -9999 -9999 -9999 -9999 -9999 -9999 -9999 -9999 -9999 -9999 -9999 -9999 -9999 -9999 -9999 -9999 -9999 -9999 -9999 -9999 -9999 -9999 -9999 -9999 -9999 -9999 -9999 -9999 -9999 -9999 -9999 -9999 -9999 -9999 -9999 -9999 -9999 -9999 -9999 -9999 -9999 -9999
17.4443 17.4535 17.5141 17.5301 17.5364 17.5545 17.5931 17.6153 17.6262 17.6279 17.6318 17.6352 17.6168 17.5828 17.4917 17.379 17.3676 17.4499 17.4711 17.4995 17.4806 17.4521 17.3974 17.474 17.5142 17.4633 17.3816 17.3327 -9999 -9999 -9999 -9999 -9999 -9999 -9999 -9999 -9999 -9999 -9999 -9999 -9999 -9999 -9999 -9999 -9999 -9999 -9999 -9999 -9999 -9999 -9999 -9999 -9999 -9999 -9999 -9999 -9999 -9999 -9999 -9999 -9999 -9999 -9999 -9999 -9999 -9999 -9999 -9999 -9999 -9999 -9999 -9999
17.4114 17.3866 17.4299 17.4665 17.5033 17.5184 17.5404 17.6089 17.623 17.6377 17.6329 17.6328 17.6212 17.5891 17.536 17.4683 17.3371 17.4475 17.5378 17.5539 17.5679 17.5532 17.5013 17.5767 17.5967 17.5251 17.4258 17.3846 17.3784 -9999 -9999 -9999 -9999 -9999 -9999 -9999 -9999 -9999 -9999 -9999 -9999 -9999 -9999 -9999 -9999 -9999 -9999 -9999 -9999 -9999 -9999 -9999 -9999 -9999 -9999 -9999 -9999 -9999 -9999 -9999 -9999 -9999 -9999 -9999 -9999 -9999 -9999 -9999 -9999 -9999 -9999 -9999
17.3746 17.3404 17.3838 17.4359 17.4924 17.5232 17.5532 17.5853 17.6179 17.633 17.6277 17.5784 17.5866 17.6017 17.5732 17.4935 17.414 17.4069 17.5351 17.5847 17.5961 17.6383 17.597 17.6421 17.6478 17.6321 17.5461 17.4673 17.4488 17.3949 -9999 -9999 -9999 -9999 -9999 -9999 -9999 -9999 -9999 -9999 -9999 -9999 -9999 -9999 -9999 -9999 -9999 -9999 -9999 -9999 -9999 -9999 -9999 -9999 -9999 -9999 -9999 -9999 -9999 -9999 -9999 -9999 -9999 -9999 -9999 -9999 -9999 -9999 -9999 -9999 -9999 -9999
-9999 -9999 17.3227 17.3777 17.4292 17.4875 17.5396 17.577 17.6141 17.6294 17.6014 17.5968 17.6126 17.6001 17.5644 17.5489 17.5056 17.4598 17.5024 17.6143 17.5904 17.6745 17.6863 17.7157 17.6882 17.6113 17.5179 17.4614 17.4466 17.4062 -9999 -9999 -9999 -9999 -9999 -9999 -9999 -9999 -9999 -9999 -9999 -9999 -9999 -9999 -9999 -9999 -9999 -9999 -9999 -9999 -9999 -9999 -9999 -9999 -9999 -9999 -9999 -9999 -9999 -9999 -9999 -9999 -9999 -9999 -9999 -9999 -9999 -9999 -9999 -9999 -9999 -9999
-9999 -9999 -9999 17.3664 17.4084 17.4891 17.5266 17.5565 17.6059 17.6229 17.6229 17.6274 17.6264 17.6199 17.5977 17.5714 17.532 17.5449 17.6232 17.642 17.6473 17.6747 17.7228 17.7317 17.6783 17.5685 17.5225 17.4058 17.3687 17.3921 17.3714 -9999 -9999 -9999 -9999 -9999 -9999 -9999 -9999 -9999 -9999 -9999 -9999 17.7878 -9999 -9999 -9999 -9999 -9999 -9999 -9999 -9999 -9999 -9999 -9999 -9999 -9999 -9999 -9999 -9999 -9999 -9999 -9999 -9999 18.0353 -9999 -9999 -9999 -9999 -9999 -9999 -9999
-9999 -9999 17.3513 17.3948 17.4418 17.498 17.5119 17.5463 17.6004 17.6177 17.6226 17.6263 17.6133 17.6237 17.619 17.5891 17.5977 17.6358 17.6632 17.6915 17.7157 17.728 17.7327 17.7334 17.6967 17.6581 17.6375 17.5396 17.4897 17.4507 17.383 17.3343 -9999 -9999 -9999 -9999 -9999 -9999 -9999 17.6485 17.6674 17.6913 17.7327 17.8072 17.7997 -9999 -9999 -9999 -9999 -9999 -9999 -9999 -9999 -9999 -9999 -9999 -9999 -9999 -9999 -9999 -9999 -9999 -9999 -9999 18.0775 18.0338 -9999 -9999 -9999 -9999 -9999 -9999
-9999 -9999 17.348 17.4059 17.4422 17.4968 17.5346 17.5542 17.5833 17.6124 17.6273 17.6295 17.6243 17.6426 17.6293 17.6308 17.6372 17.6824 17.7061 17.7137 17.7181 17.7237 17.7073 17.72 17.717 17.6982 17.6567 17.6136 17.5389 17.44 17.3437 17.2697 -9999 -9999 -9999 -9999 -9999 -9999 17.63 17.6949 17.743 17.711 17.7807 17.8465 17.8629 17.845 -9999 -9999 -9999 -9999 -9999 -9999 -9999 -9999 -9999 -9999 -9999 -9999 -9999 -9999 18.2991 18.253 18.137 18.0889 18.0696 18.0322 -9999 -9999 -9999 -9999 -9999 -9999
-9999 -9999 17.3382 17.4032 17.4519 17.4967 17.5163 17.557 17.5816 17.6047 17.6208 17.6352 17.6489 17.6395 17.6462 17.6231 17.6823 17.6996 17.7081 17.686 17.6864 17.6346 17.6209 17.6226 17.6968 17.6694 17.595 17.4982 17.3708 17.3812 17.3534 17.2886 -9999 -9999 -9999 -9999 -9999 -9999 17.6367 17.7048 17.7658 17.7944 17.7634 17.8628 17.8835 17.865 17.8792 17.9376 17.9786 17.9861 18.056 18.0908 18.0945 18.1372 -9999 -9999 -9999 -9999 18.259 18.2841 18.3088 18.303 18.1741 18.0938 18.0242 18.0417 -9999 -9999 -9999 -9999 -9999 -9999
-9999 -9999 17.3717 17.4169 17.4466 17.4632 17.5045 17.541 17.569 17.5956 17.6102 17.6268 17.644 17.6532 17.6501 17.6733 17.6908 17.697 17.6391 17.568 17.625 17.5898 17.4866 17.594 17.6603 17.6266 17.5327 17.4213 17.3873 17.4075 17.3617 17.2964 -9999 -9999 -9999 17.4395 17.5256 17.5525 17.5936 17.6772 17.7466 17.8071 17.8547 17.8744 17.8769 17.8596 17.8386 17.8786 17.9834 18.0264 18.0687 18.104 18.1089 18.1392 18.1827 18.2156 18.2395 18.2561 18.2769 18.3008 18.3206 18.3166 18.2051 18.1508 18.125 18.0587 -9999 -9999 -9999 -9999 -9999 -9999
-9999 -9999 17.348 17.3888 17.4243 17.4732 17.491 17.5283 17.5523 17.5856 17.6048 17.5988 17.6367 17.6531 17.6687 17.6805 17.6887 17.6433 17.5731 17.5022 17.4788 17.5088 17.4566 17.5065 17.5732 17.5689 17.5126 17.4147 17.4135 17.3957 17.31 17.2261 -9999 -9999 17.2856 17.4312 17.5404 17.6074 17.6436 17.6676 17.7495 17.7777 17.8648 17.8709 17.815 17.8488 17.8437 17.889 17.9421 17.9736 18.0375 18.1055 18.1355 18.1576 18.1931 18.2174 18.2396 18.2608 18.2732 18.2995 18.3226 18.3287 18.2533 18.2288 18.2011 18.0536 -9999 -9999 -9999 -9999 -9999 -9999
-9999 -9999 17.357 17.4004 17.4467 17.4655 17.5037 17.5168 17.5202 17.57 17.5969 17.5979 17.6044 17.6456 17.6637 17.6806 17.6956 17.6544 17.6032 17.5153 17.467 17.4394 17.4266 17.3986 17.4398 17.4461 17.4495 17.4761 17.4582 17.4048 17.3592 17.2634 17.2183 -9999 17.2856 17.362 17.488 17.5991 17.6783 17.6807 17.771 17.8073 17.8672 17.869 17.8463 17.8493 17.8719 17.8895 17.9584 18.0152 18.0578 18.0951 18.1385 18.1648 18.1908 18.2141 18.2364 18.2588 18.2801 18.3017 18.322 18.3385 18.3164 18.2932 18.2137 18.0554 -9999 -9999 -9999 -9999 -9999 -9999
-9999 17.261 17.3523 17.4155 17.4478 17.4749 17.5007 17.5235 17.5437 17.5688 17.5914 17.6049 17.5793 17.6023 17.6301 17.6754 17.6938 17.7082 17.6892 17.5782 17.5481 17.4956 17.4261 17.4047 17.4367 17.5202 17.5308 17.4983 17.4607 17.398 17.3665 17.3122 17.1961 17.2256 17.3046 17.3691 17.4613 17.5925 17.6918 17.7493 17.7861 17.8351 17.8736 17.8678 17.8662 17.8788 17.8806 17.902 17.9264 17.9774 18.0204 18.0933 18.1317 18.1632 18.1883 18.2115 18.234 18.2566 18.2785 18.2994 18.3217 18.344 18.3647 18.3247 18.1913 18.1018 -9999 -9999 -9999 -9999 -9999 -9999
-9999 -9999 17.3352 17.3696 17.3877 17.4104 17.4442 17.4817 17.5264 17.5465 17.5819 17.5996 17.5793 17.5548 17.6133 17.649 17.6852 17.7059 17.7205 17.6259 17.5857 17.5567 17.4904 17.5334 17.5752 17.5908 17.5872 17.5016 17.4164 17.3111 17.2199 17.2303 17.1885 17.2374 17.2957 17.4179 17.5107 17.5617 17.6053 17.7402 17.7916 17.8263 17.8796 17.8656 17.8839 17.8799 17.9137 17.9359 17.9606 17.9036 18.007 18.0353 18.1113 18.1591 18.1875 18.21 18.2325 18.2537 18.2753 18.2967 18.3194 18.3418 18.3658 18.3485 18.1706 18.0997 -9999 -9999 -9999 -9999 -9999 -9999
-9999 -9999 -9999 -9999 17.3642 17.3934 17.4169 17.449 17.5172 17.5484 17.5754 17.594 17.5957 17.5714 17.5803 17.6089 17.5871 17.6421 17.7088 17.7253 17.7362 17.6561 17.6211 17.6828 17.6819 17.623 17.5791 17.5359 17.4336 17.3573 17.2504 17.1744 17.1871 17.3048 17.4068 17.5302 17.5966 17.5921 17.6431 17.7213 17.8082 17.8632 17.8809 17.865 17.8875 17.8679 17.9375 17.9664 17.9704 17.9768 18.0062 18.0561 18.0892 18.1532 18.1853 18.2097 18.2309 18.2519 18.2729 18.2942 18.3167 18.3394 18.3625 18.385 18.2015 18.0703 -9999 -9999 -9999 -9999 -9999 -9999
-9999 -9999 -9999 -9999 17.3215 17.3439 17.3836 17.4664 17.5135 17.5439 17.5601 17.5847 17.5916 17.573 17.5539 17.5376 17.51 17.5571 17.6483 17.7088 17.7303 17.6619 17.7196 17.7172 17.6983 17.6169 17.5601 17.5359 17.4379 17.3513 17.2848 17.1884 17.2521 17.3217 17.4074 17.5404 17.6375 17.6907 17.6866 17.7454 17.8419 17.8669 17.8523 17.8801 17.8844 17.8483 17.938 17.9812 17.9914 18.0195 18.0366 18.0701 18.1111 18.1507 18.184 18.2071 18.2287 18.2492 18.2702 18.2921 18.3137 18.3368 18.36 18.3832 18.2736 18.0642 -9999 -9999 -9999 -9999 -9999 -9999
-9999 -9999 -9999 -9999 -9999 17.2944 17.3688 17.4745 17.5082 17.5218 17.5577 17.5772 17.5777 17.5815 17.5541 17.5096 17.4047 17.4563 17.5418 17.6556 17.7228 17.7315 17.7173 17.6823 17.5775 17.487 17.487 17.4826 17.4145 17.3496 17.2741 17.3413 17.4143 17.4938 17.5448 17.5556 17.6418 17.717 17.7167 17.7836 17.8583 17.8599 17.8713 17.8851 17.8856 17.9096 17.9379 17.9996 17.9992 18.0391 18.0621 18.0851 18.117 18.1496 18.1821 18.2054 18.2266 18.2477 18.2676 18.2897 18.3114 18.3339 18.357 18.3804 18.3931 18.2944 18.2432 -9999 -9999 -9999 -9999 -9999
-9999 -9999 -9999 -9999 -9999 17.2345 17.2781 17.401 17.4456 17.5098 17.5524 17.5715 17.5594 17.5614 17.5106 17.5083 17.4128 17.3797 17.443 17.4436 17.5926 17.7253 17.7137 17.4912 17.4189 17.3708 17.3992 17.412 17.4023 17.2863 17.2666 17.393 17.4791 17.5505 17.6099 17.6378 17.6569 17.7622 17.7958 17.8463 17.8643 17.8913 17.8739 17.8729 17.924 17.9232 17.9441 18.0069 17.9946 18.0526 18.0712 18.085 18.1078 18.1526 18.1792 18.2032 18.2247 18.2448 18.2646 18.286 18.309 18.3317 18.3541 18.3784 18.4019 18.4172 18.3764 18.379 18.4308 -9999 -9999 -9999
-9999 -9999 -9999 -9999 -9999 -9999 17.1734 17.3393 17.4198 17.4723 17.5408 17.565 17.565 17.5555 17.5037 17.4606 17.3772 17.2784 17.2338 17.4392 17.6192 17.7202 17.723 17.5403 17.4762 17.4858 17.5446 17.5189 17.5027 17.4166 17.4032 17.3795 17.42 17.5119 17.5926 17.6717 17.7356 17.7605 17.8109 17.8503 17.8754 17.9047 17.9244 17.9452 17.9325 17.9861 17.9874 18.0251 18.0416 18.0586 18.0747 18.0753 18.1151 18.1525 18.1785 18.2019 18.2222 18.2429 18.2633 18.2832 18.3062 18.329 18.3524 18.3758 18.4004 18.4304 18.4488 18.4344 18.4062 18.3635 -9999 -9999
-9999 -9999 -9999 -9999 -9999 -9999 17.0949 17.2605 17.3445 17.4547 17.5177 17.5536 17.5708 17.5668 17.5322 17.4697 17.4206 17.3079 17.1894 17.4042 17.5953 17.7058 17.7258 17.5741 17.6339 17.6104 17.6387 17.5843 17.5696 17.5557 17.5222 17.4847 17.4414 17.4289 17.5862 17.677 17.7548 17.8032 17.8405 17.8709 17.8889 17.9042 17.8669 17.9385 17.9639 17.9843 18.0039 18.0261 18.0458 18.0644 18.0832 18.1059 18.1137 18.1543 18.1772 18.1989 18.2203 18.2409 18.2612 18.2818 18.3025 18.3262 18.3508 18.3742 18.3982 18.4287 18.4539 18.4774 18.4922 18.426 18.3961 18.4083
-9999 -9999 -9999 -9999 -9999 -9999 16.8796 17.1145 17.2992 17.4086 17.4981 17.5378 17.5652 17.5526 17.5485 17.5092 17.4726 17.4051 17.2936 17.2313 17.3956 17.6261 17.7189 17.7267 17.7361 17.7073 17.6826 17.6916 17.7085 17.6722 17.6196 17.5506 17.5417 17.5298 17.6519 17.6856 17.6985 17.8332 17.8554 17.8714 17.851 17.8241 17.857 17.8538 17.9046 17.8935 17.9512 18.0042 18.0392 18.0624 18.0806 18.1042 18.1258 18.1533 18.1753 18.1965 18.2175 18.2386 18.2595 18.2796 18.3006 18.3233 18.3473 18.3701 18.3965 18.4272 18.4523 18.4761 18.4999 18.5109 18.5144 18.5017
-9999 -9999 -9999 -9999 -9999 -9999 16.8829 17.0782 17.2516 17.3584 17.4673 17.5072 17.5572 17.5704 17.5648 17.5329 17.4879 17.4354 17.3423 17.2771 17.3928 17.5511 17.6685 17.7193 17.7324 17.7445 17.7492 17.757 17.7603 17.7608 17.73 17.6666 17.6385 17.59 17.724 17.7566 17.759 17.8376 17.8564 17.7917 17.7477 17.7624 17.8246 17.8095 17.8303 17.8335 17.8851 17.9824 17.9854 18.0135 18.0683 18.0975 18.1266 18.1501 18.172 18.1937 18.2148 18.2363 18.2579 18.2782 18.2995 18.3214 18.3428 18.3687 18.3916 18.4219 18.4495 18.4737 18.4974 18.5182 18.5383 18.5709
-9999 -9999 -9999 -9999 -9999 -9999 16.8846 17.0186 17.1766 17.3274 17.4425 17.5003 17.548 17.5672 17.5571 17.551 17.5297 17.4857 17.4609 17.4038 17.3182 17.507 17.575 17.6368 17.6696 17.7333 17.7466 17.7387 17.7198 17.7602 17.7702 17.7235 17.7203 17.7032 17.7864 17.8062 17.8248 17.8424 17.7905 17.7105 17.6513 17.7328 17.7435 17.7917 17.7357 17.828 17.9074 17.9495 17.9389 17.9348 18.0423 18.0832 18.1147 18.1427 18.1686 18.1897 18.2124 18.2336 18.255 18.2765 18.2978 18.3196 18.3415 18.3638 18.3902 18.4208 18.4446 18.4676 18.4926 18.5182 18.5419 18.5693
-9999 -9999 -9999 -9999 -9999 -9999 -9999 16.9423 17.1319 17.3096 17.4169 17.4916 17.5379 17.5566 17.5608 17.5626 17.5564 17.5297 17.4908 17.4184 17.3686 17.4275 17.4942 17.5149 17.5646 17.6795 17.7287 17.6955 17.5831 17.6705 17.7662 17.7825 17.7938 17.8049 17.8152 17.8263 17.8276 17.7977 17.6635 17.6539 17.615 17.6444 17.6359 17.7248 17.7269 17.8209 17.8752 17.9106 17.8695 17.9039 18.0081 18.0619 18.08 18.1214 18.1634 18.1861 18.2086 18.23 18.2522 18.2743 18.2962 18.3163 18.3383 18.3609 18.3871 18.419 18.4379 18.4589 18.4761 18.5103 18.5357 18.5723
-9999 -9999 -9999 -9999 -9999 -9999 -9999 16.896 17.0922 17.2984 17.3771 17.4561 17.5271 17.5472 17.5431 17.5401 17.5362 17.5288 17.4778 17.4284 17.3816 17.3768 17.406 17.419 17.4904 17.6361 17.6769 17.6818 17.5645 17.5392 17.6617 17.7679 17.7931 17.8039 17.7193 17.7612 17.7254 17.6701 17.6703 17.6585 17.6101 17.6662 17.6371 17.6819 17.7009 17.7642 17.8073 17.8783 17.8453 17.8658 17.969 18.0302 18.0543 18.1168 18.1536 18.1797 18.2028 18.2256 18.2479 18.2706 18.2925 18.3144 18.3364 18.3575 18.3764 18.3909 18.3484 18.373 18.4183 18.4623 18.5271 18.5693
-9999 -9999 -9999 -9999 -9999 -9999 -9999 16.9124 17.054 17.2392 17.3813 17.4076 17.4866 17.5366 17.5303 17.5207 17.5104 17.5161 17.4589 17.394 17.3445 17.2824 17.312 17.385 17.4918 17.5919 17.6229 17.6217 17.5624 17.6114 17.7007 17.7569 17.7867 17.7968 17.7935 17.8003 17.7792 17.782 17.7457 17.6774 17.6637 17.7081 17.6351 17.6642 17.7221 17.7099 17.7949 17.8478 17.798 17.881 17.9708 18.028 18.0808 18.1177 18.1459 18.177 18.1996 18.2226 18.2452 18.2674 18.2898 18.311 18.3326 18.3477 18.3592 18.3126 18.3214 18.3515 18.4083 18.461 18.5291 18.5651
-9999 -9999 -9999 -9999 -9999 -9999 -9999 16.9291 17.0585 17.2215 17.3281 17.3624 17.4479 17.5261 17.5382 17.5274 17.537 17.5247 17.479 17.4263 17.3667 17.3463 17.2771 17.3784 17.4596 17.5472 17.5969 17.5488 17.5385 17.605 17.6716 17.7093 17.7771 17.7957 17.7992 17.7501 17.7367 17.7715 17.778 17.774 17.7338 17.7529 17.7353 17.7411 17.7481 17.7225 17.7778 17.8042 17.8411 17.9309 17.9888 18.0349 18.0787 18.1071 18.1389 18.1732 18.1967 18.2195 18.2418 18.2645 18.2861 18.3055 18.3255 18.3325 18.3273 18.2977 18.2502 18.3351 18.4227 18.4753 18.5234 18.5567
-9999 -9999 -9999 -9999 -9999 -9999 -9999 16.9053 17.0419 17.184 17.2541 17.2814 17.4209 17.5136 17.5325 17.5371 17.5393 17.4821 17.5046 17.5073 17.4554 17.3714 17.2773 17.3045 17.3873 17.4957 17.5435 17.4597 17.4451 17.4866 17.5782 17.6625 17.75 17.7866 17.786 17.6985 17.6046 17.6781 17.7556 17.7764 17.7813 17.7457 17.7495 17.7552 17.7357 17.6922 17.7229 17.7656 17.8696 17.9181 17.9801 18.0354 18.0463 18.0763 18.1297 18.17 18.1932 18.216 18.2391 18.2613 18.2828 18.299 18.3148 18.3261 18.2752 18.2526 18.2183 18.3266 18.3939 18.4568 18.5219 18.5556
-9999 -9999 -9999 -9999 -9999 -9999 -9999 16.8637 16.9679 17.1046 17.1707 17.2654 17.3983 17.4731 17.5187 17.5367 17.5443 17.5289 17.5267 17.5045 17.4499 17.3684 17.2757 17.2212 17.2744 17.4152 17.4615 17.3854 17.3605 17.4316 17.5282 17.6628 17.7479 17.7761 17.7897 17.7874 17.7243 17.6442 17.6654 17.737 17.7162 17.6888 17.7376 17.7547 17.7357 17.728 17.7346 17.7746 17.8392 17.8812 17.9491 18.0382 18.0706 18.0916 18.1422 18.1662 18.1895 18.2131 18.2357 18.2581 18.28 18.2974 18.3082 18.282 18.2623 18.2259 18.2421 18.3513 18.416 18.4743 18.5186 18.549
-9999 -9999 -9999 -9999 -9999 -9999 -9999 16.7955 16.9151 17.0444 17.1668 17.2836 17.3869 17.4121 17.4754 17.494 17.5359 17.5475 17.5344 17.5186 17.4741 17.3646 17.2751 17.1758 17.2234 17.3695 17.3904 17.3519 17.2659 17.3911 17.5276 17.6533 17.7302 17.704 17.7702 17.7862 17.7752 17.7359 17.6635 17.6864 17.638 17.6566 17.7144 17.7481 17.7643 17.7641 17.7555 17.7878 17.8346 17.8649 17.9292 18.0034 18.0764 18.1077 18.14 18.1631 18.1859 18.2093 18.2321 18.2538 18.274 18.2913 18.273 18.247 18.24 18.2218 18.2404 18.354 18.4271 18.475 18.5165 18.5474
-9999 -9999 -9999 -9999 -9999 -9999 -9999 -9999 16.8999 17.033 17.1364 17.1778 17.2717 17.3311 17.3812 17.4068 17.5151 17.5385 17.5368 17.5239 17.4886 17.4098 17.36 17.2655 17.2022 17.2516 17.2719 17.319 17.3281 17.3939 17.5258 17.6627 17.6944 17.6385 17.6692 17.7048 17.7603 17.763 17.6569 17.6135 17.5815 17.6412 17.7031 17.7349 17.7591 17.7737 17.7976 17.7991 17.8761 17.939 17.9714 18.029 18.0775 18.1074 18.1355 18.1588 18.1822 18.2049 18.2261 18.2478 18.2643 18.2729 18.2498 18.1618 18.1904 18.202 18.1911 18.3047 18.3997 18.4682 18.5158 18.546
-9999 -9999 -9999 -9999 -9999 -9999 -9999 -9999 16.8571 17.0082 17.0549 17.0714 17.0463 17.0853 17.2669 17.3184 17.4231 17.5231 17.5354 17.5231 17.4913 17.4515 17.38 17.2715 17.1886 17.1531 17.2789 17.3984 17.4379 17.4894 17.5772 17.6089 17.5508 17.4979 17.5579 17.6021 17.7152 17.7528 17.7557 17.7004 17.6345 17.6107 17.6866 17.716 17.7416 17.7647 17.7916 17.8131 17.8944 17.9512 17.9976 18.0333 18.0781 18.1066 18.1311 18.1555 18.1778 18.1993 18.2186 18.2375 18.2431 18.2452 18.1926 18.1528 18.137 18.1107 18.2474 18.3164 18.4008 18.4626 18.5103 18.5396
