Test_Spring_2018b/04_18/Temp/20180428_011.txt
ncols	170
nrows	115
xllcorner	350000.000000
yllcorner	4445000.000000
cellsize	1000.000000
nodata_value	-9999.000000
[rows 32 to 63 of 115, columns 72 to 143 of 170]
25.4457 25.3381 25.518 25.6836 25.5553 25.4758 25.73 25.7344 25.6491 25.4425 25.3709 25.2971 25.2552 24.991 24.2358 23.5561 23.9335 23.9509 23.7043 24.1699 23.9361 23.3133 22.4307 22.9209 22.8013 22.1446 21.985 -9999 -9999 -9999 -9999 -9999 -9999 -9999 -9999 -9999 -9999 -9999 -9999 -9999 -9999 -9999 -9999 -9999 -9999 -9999 -9999 -9999 -9999 -9999 -9999 -9999 -9999 -9999 -9999 -9999 -9999 -9999 -9999 -9999 -9999 -9999 -9999 -9999 -9999 -9999 -9999 -9999 -9999 -9999 -9999 -9999
25.2869 25.2441 25.5092 25.5086 25.4776 25.5413 25.6955 25.7328 25.7027 25.6158 25.542 25.4636 25.2548 24.9514 24.3062 23.5311 23.362 23.754 23.7809 23.8507 23.6384 23.3694 22.9439 23.305 23.4492 23.0264 22.4614 22.0976 -9999 -9999 -9999 -9999 -9999 -9999 -9999 -9999 -9999 -9999 -9999 -9999 -9999 -9999 -9999 -9999 -9999 -9999 -9999 -9999 -9999 -9999 -9999 -9999 -9999 -9999 -9999 -9999 -9999 -9999 -9999 -9999 -9999 -9999 -9999 -9999 -9999 -9999 -9999 -9999 -9999 -9999 -9999 -9999
25.0995 24.8532 25.0151 25.1375 25.3224 25.3526 25.3895 25.7041 25.6927 25.684 25.5578 25.4588 25.2907 24.9989 24.5805 24.0753 23.1896 23.7496 24.1899 24.1871 24.1715 23.9854 23.577 23.9317 23.9546 23.4064 22.7696 22.4224 22.2834 -9999 -9999 -9999 -9999 -9999 -9999 -9999 -9999 -9999 -9999 -9999 -9999 -9999 -9999 -9999 -9999 -9999 -9999 -9999 -9999 -9999 -9999 -9999 -9999 -9999 -9999 -9999 -9999 -9999 -9999 -9999 -9999 -9999 -9999 -9999 -9999 -9999 -9999 -9999 -9999 -9999 -9999 -9999
24.8878 24.5855 24.7483 24.9633 25.2436 25.3718 25.4752 25.5723 25.6718 25.6661 25.5367 25.1433 25.0934 25.0839 24.8131 24.2361 23.66 23.5172 24.1845 24.3814 24.351 24.5058 24.161 24.3344 24.2727 24.0792 23.4735 22.9317 22.7206 22.2963 -9999 -9999 -9999 -9999 -9999 -9999 -9999 -9999 -9999 -9999 -9999 -9999 -9999 -9999 -9999 -9999 -9999 -9999 -9999 -9999 -9999 -9999 -9999 -9999 -9999 -9999 -9999 -9999 -9999 -9999 -9999 -9999 -9999 -9999 -9999 -9999 -9999 -9999 -9999 -9999 -9999 -9999
-9999 -9999 24.3906 24.6611 24.8895 25.167 25.4032 25.5328 25.6593 25.6548 25.3899 25.264 25.2597 25.0847 24.771 24.5774 24.2181 23.8433 23.9986 24.5689 24.3272 24.7329 24.7066 24.7866 24.527 23.9971 23.3187 22.9122 22.7239 22.3815 -9999 -9999 -9999 -9999 -9999 -9999 -9999 -9999 -9999 -9999 -9999 -9999 -9999 -9999 -9999 -9999 -9999 -9999 -9999 -9999 -9999 -9999 -9999 -9999 -9999 -9999 -9999 -9999 -9999 -9999 -9999 -9999 -9999 -9999 -9999 -9999 -9999 -9999 -9999 -9999 -9999 -9999
-9999 -9999 -9999 24.6021 24.774 25.1645 25.3352 25.4202 25.6211 25.6264 25.5296 25.4586 25.3535 25.2146 24.981 24.7228 24.3856 24.3627 24.731 24.7442 24.6775 24.7443 24.9361 24.8942 24.4768 23.7531 23.3834 22.5953 22.2755 22.3165 22.0928 -9999 -9999 -9999 -9999 -9999 -9999 -9999 -9999 -9999 -9999 -9999 -9999 23.1189 -9999 -9999 -9999 -9999 -9999 -9999 -9999 -9999 -9999 -9999 -9999 -9999 -9999 -9999 -9999 -9999 -9999 -9999 -9999 -9999 21.9507 -9999 -9999 -9999 -9999 -9999 -9999 -9999
-9999 -9999 24.5776 24.7922 24.9825 25.2273 25.2386 25.3693 25.599 25.6068 25.5395 25.4636 25.286 25.2483 25.1192 24.8385 24.7886 24.9157 24.9792 25.0496 25.0959 25.0731 25.0055 24.9154 24.626 24.3018 24.0859 23.3837 23.0182 22.688 22.1851 21.794 -9999 -9999 -9999 -9999 -9999 -9999 -9999 22.8003 22.7932 22.8139 22.9374 23.2578 23.087 -9999 -9999 -9999 -9999 -9999 -9999 -9999 -9999 -9999 -9999 -9999 -9999 -9999 -9999 -9999 -9999 -9999 -9999 -9999 22.2257 21.8372 -9999 -9999 -9999 -9999 -9999 -9999
-9999 -9999 24.6092 24.8652 24.9932 25.2299 25.3657 25.4269 25.5082 25.5871 25.5797 25.4949 25.3638 25.3729 25.1912 25.098 25.0345 25.2035 25.2448 25.1903 25.1191 25.0563 24.8633 24.8465 24.7584 24.554 24.2152 23.8659 23.3323 22.6458 21.9734 21.4331 -9999 -9999 -9999 -9999 -9999 -9999 22.8387 23.1078 23.2739 22.9587 23.2499 23.5167 23.4869 23.2343 -9999 -9999 -9999 -9999 -9999 -9999 -9999 -9999 -9999 -9999 -9999 -9999 -9999 -9999 24.0731 23.6746 22.8555 22.4423 22.1998 21.8478 -9999 -9999 -9999 -9999 -9999 -9999
-9999 -9999 24.5547 24.8557 25.0591 25.2395 25.268 25.4381 25.5099 25.5536 25.5536 25.5416 25.5235 25.3656 25.3034 25.062 25.3133 25.3148 25.2641 25.0327 24.9371 24.5309 24.3557 24.2946 24.6475 24.3941 23.8604 23.1922 22.3709 22.3165 22.0562 21.574 -9999 -9999 -9999 -9999 -9999 -9999 22.9108 23.1982 23.4401 23.4858 23.1726 23.638 23.6171 23.3736 23.3262 23.5446 23.6603 23.5814 23.8385 23.923 23.8229 23.9584 -9999 -9999 -9999 -9999 24.098 24.1284 24.1547 23.9968 23.1008 22.4931 21.9488 21.9058 -9999 -9999 -9999 -9999 -9999 -9999
-9999 -9999 24.7595 24.9436 25.0355 25.0487 25.2093 25.3555 25.4466 25.5194 25.5097 25.5102 25.5117 25.4639 25.3417 25.3764 25.377 25.3111 24.8628 24.3371 24.5801 24.2706 23.5819 24.1311 24.4389 24.1505 23.502 22.7496 22.4882 22.4969 22.1318 21.6606 -9999 -9999 -9999 22.1142 22.5199 22.5671 22.6962 23.0758 23.3676 23.5901 23.7453 23.7424 23.5993 23.3612 23.1012 23.2073 23.7029 23.8313 23.9295 24.0165 23.9244 23.9936 24.1362 24.2164 24.2434 24.2265 24.2334 24.258 24.2566 24.1104 23.3079 22.8559 22.5724 21.9909 -9999 -9999 -9999 -9999 -9999 -9999
-9999 -9999 24.6359 24.795 24.923 25.1321 25.1526 25.2881 25.3562 25.4722 25.4904 25.3552 25.4802 25.4746 25.4634 25.4286 25.3725 24.9968 24.474 23.9491 23.7115 23.8135 23.41 23.6167 23.9283 23.8166 23.4154 22.745 22.6529 22.4853 21.8611 21.267 -9999 -9999 21.3306 22.0973 22.6414 22.9289 23.0275 23.0493 23.414 23.4547 23.8453 23.76 23.2681 23.3347 23.1485 23.2841 23.4737 23.5324 23.7902 24.0458 24.1042 24.1175 24.2129 24.243 24.2608 24.2725 24.2305 24.2703 24.2885 24.2028 23.6274 23.354 23.0475 21.9977 -9999 -9999 -9999 -9999 -9999 -9999
-9999 -9999 24.7075 24.8845 25.0783 25.1068 25.2499 25.2327 25.1777 25.383 25.4558 25.3622 25.2984 25.4409 25.443 25.4376 25.4213 25.0697 24.6602 24.0332 23.6465 23.4021 23.2358 22.9974 23.1585 23.1123 23.0493 23.1258 22.9396 22.5594 22.1988 21.517 21.1551 -9999 21.3624 21.7152 22.3604 22.9113 23.2664 23.158 23.5712 23.6587 23.8946 23.7709 23.4755 23.3563 23.3546 23.3245 23.603 23.7915 23.921 24.0173 24.1334 24.1726 24.2124 24.2368 24.2565 24.2767 24.2895 24.3018 24.3043 24.2812 24.0245 23.7487 23.1425 22.0286 -9999 -9999 -9999 -9999 -9999 -9999
-9999 24.1955 24.6837 24.9813 25.0934 25.1731 25.2433 25.2938 25.3375 25.3903 25.43 25.4165 25.1603 25.1922 25.2516 25.4147 25.4174 25.3977 25.1799 24.415 24.1488 23.7594 23.2568 23.0407 23.1489 23.5667 23.5491 23.2743 22.9682 22.5328 22.2634 21.8498 21.049 21.1313 21.5054 21.788 22.2311 22.9019 23.3767 23.5967 23.6886 23.8585 23.9549 23.7816 23.6136 23.5497 23.422 23.412 23.4223 23.594 23.7229 24.0137 24.1199 24.1739 24.2087 24.2337 24.256 24.2786 24.2959 24.3051 24.32 24.3325 24.3248 23.9569 23.0171 22.3164 -9999 -9999 -9999 -9999 -9999 -9999
-9999 -9999 24.5868 24.714 24.7428 24.7979 24.9172 25.0566 25.2471 25.274 25.3891 25.393 25.171 24.9183 25.1601 25.2647 25.3732 25.39 25.3735 24.7243 24.3912 24.129 23.6469 23.8185 23.9869 24.0002 23.8998 23.3088 22.7204 22.0308 21.4006 21.3755 21.0389 21.2273 21.4784 22.1068 22.5538 22.7441 22.8853 23.5678 23.7521 23.8252 24.0085 23.7873 23.7368 23.5718 23.6335 23.6274 23.6374 23.1612 23.6501 23.6893 24.0172 24.17 24.214 24.2359 24.259 24.2747 24.2911 24.3044 24.3225 24.3309 24.3415 24.1078 22.9101 22.3206 -9999 -9999 -9999 -9999 -9999 -9999
-9999 -9999 -9999 -9999 24.6115 24.7062 24.7652 24.8728 25.2042 25.2975 25.362 25.3727 25.2789 25.0274 24.9715 25.0333 24.7933 25.0194 25.3203 25.3231 25.2961 24.7288 24.4335 24.7198 24.6344 24.2033 23.8635 23.528 22.8385 22.3232 21.5999 21.0591 21.0453 21.6562 22.1655 22.8014 23.0904 22.9488 23.1336 23.4783 23.8689 24.0645 24.0342 23.8003 23.7745 23.5145 23.7894 23.8211 23.7064 23.6084 23.6533 23.8203 23.8908 24.1501 24.2221 24.2447 24.2603 24.2756 24.2892 24.3027 24.3144 24.3268 24.3383 24.3419 23.1105 22.1601 -9999 -9999 -9999 -9999 -9999 -9999
-9999 -9999 -9999 -9999 24.3662 24.4209 24.5769 24.9885 25.1933 25.2818 25.2816 25.3279 25.2643 25.0454 24.8223 24.6144 24.3419 24.519 24.9643 25.23 25.2673 24.7707 25.0305 24.9344 24.7419 24.1777 23.7613 23.5401 22.8777 22.3004 21.8202 21.1574 21.4496 21.7727 22.1872 22.879 23.3519 23.5554 23.4118 23.6385 24.0861 24.1021 23.8778 23.9051 23.7694 23.4103 23.8039 23.921 23.8425 23.8735 23.8434 23.9118 24.0287 24.1415 24.221 24.2428 24.2571 24.2692 24.2838 24.2989 24.3093 24.3248 24.3365 24.3451 23.5556 22.1372 -9999 -9999 -9999 -9999 -9999 -9999
-9999 -9999 -9999 -9999 -9999 24.1354 24.4994 25.0475 25.1715 25.1594 25.2766 25.2921 25.1902 25.1053 24.8321 24.4556 23.7194 23.9239 24.3348 24.9202 25.2308 25.1962 25.0261 24.7357 24.0293 23.4103 23.3343 23.2321 22.7485 22.3015 21.7672 22.0835 22.4313 22.8132 23.0199 22.9815 23.3886 23.7238 23.6028 23.8777 24.1953 24.0714 24.0029 23.9465 23.7884 23.7883 23.8152 24.0423 23.8999 24.0012 24.0059 24.0106 24.0728 24.1434 24.2177 24.2406 24.2541 24.2693 24.2768 24.2944 24.306 24.3178 24.3298 24.3395 24.2816 23.5264 23.0787 -9999 -9999 -9999 -9999 -9999
-9999 -9999 -9999 -9999 -9999 23.7878 23.9666 24.6171 24.8064 25.0967 25.2536 25.2664 25.0889 24.9954 24.5817 24.4578 23.7781 23.4764 23.7549 23.6629 24.4632 25.1704 25.016 23.6029 23.0912 22.7256 22.8189 22.8191 22.6842 21.9308 21.7295 22.3997 22.8254 23.1586 23.4154 23.4788 23.4846 24.0008 24.0818 24.2593 24.2383 24.267 24.0268 23.8822 24.0277 23.8801 23.8626 24.0971 23.8838 24.0931 24.0718 24.0215 24.0288 24.1721 24.2107 24.2373 24.2515 24.2605 24.2686 24.2797 24.2993 24.3127 24.3207 24.3364 24.3442 24.2712 23.8856 23.7602 23.9295 -9999 -9999 -9999
-9999 -9999 -9999 -9999 -9999 -9999 23.3506 24.2573 24.6605 24.8804 25.1918 25.2349 25.1399 24.9728 24.5521 24.1844 23.5779 22.8827 22.5171 23.6505 24.6366 25.1533 25.0844 23.9088 23.4451 23.424 23.6977 23.4666 23.2914 22.7165 22.5516 22.3224 22.4739 22.933 23.3139 23.6832 23.9563 23.9923 24.1759 24.2852 24.3073 24.3511 24.3342 24.3219 24.0865 24.2655 24.1321 24.2173 24.1773 24.1419 24.1063 23.9767 24.0859 24.1844 24.2187 24.2379 24.246 24.2588 24.2699 24.277 24.2878 24.3026 24.3172 24.3281 24.3431 24.358 24.3282 24.1018 23.7932 23.3991 -9999 -9999
-9999 -9999 -9999 -9999 -9999 -9999 22.8912 23.7944 24.2186 24.7826 25.0699 25.1916 25.1863 25.0528 24.7359 24.253 23.853 23.0749 22.2656 23.4538 24.5098 25.0832 25.1182 24.1244 24.4006 24.18 24.2701 23.8647 23.6969 23.5533 23.2661 22.9531 22.6081 22.4334 23.2743 23.7129 24.0694 24.2456 24.352 24.4128 24.4005 24.3497 23.9941 24.287 24.2807 24.2632 24.241 24.235 24.215 24.1898 24.1719 24.175 24.0929 24.2076 24.218 24.232 24.2457 24.257 24.2664 24.277 24.287 24.3015 24.3125 24.3242 24.3368 24.3549 24.367 24.3684 24.3186 23.7847 23.4704 23.3896
-9999 -9999 -9999 -9999 -9999 -9999 21.6133 22.93 23.9689 24.5258 24.977 25.109 25.1651 24.9817 24.8483 24.5054 24.1814 23.6741 22.9071 22.4382 23.3276 24.6181 25.0927 25.052 25.025 24.7704 24.5409 24.5132 24.5323 24.2532 23.8608 23.3556 23.2041 23.0345 23.6635 23.7597 23.728 24.4215 24.4376 24.4137 24.1683 23.8877 23.9561 23.785 23.9317 23.7275 23.9351 24.1155 24.1887 24.1928 24.1724 24.1777 24.1785 24.2094 24.221 24.2306 24.2416 24.2543 24.2663 24.2734 24.2844 24.3028 24.3113 24.3227 24.3324 24.3515 24.3651 24.3699 24.3752 24.3047 24.1915 23.9612
-9999 -9999 -9999 -9999 -9999 -9999 21.6569 22.7509 23.6939 24.2556 24.8047 24.9388 25.1315 25.1029 24.9621 24.6651 24.291 23.8751 23.2183 22.732 23.3315 24.1877 24.8037 25.0185 25.0159 25.004 24.9484 24.9212 24.8564 24.7977 24.5227 24.0459 23.7812 23.3911 24.0908 24.1802 24.0855 24.4429 24.4397 23.9342 23.5488 23.5128 23.765 23.5455 23.5133 23.3764 23.5499 23.9972 23.8771 23.9119 24.1121 24.1557 24.1891 24.2063 24.2169 24.2286 24.2385 24.2528 24.2677 24.2748 24.2865 24.3002 24.3082 24.3199 24.3298 24.3461 24.3554 24.3648 24.3709 24.3608 24.3497 24.3882
-9999 -9999 -9999 -9999 -9999 -9999 21.6767 22.4061 23.2558 24.0836 24.6698 24.9117 25.0914 25.1001 24.9339 24.7918 24.5613 24.1963 23.9489 23.5106 22.9044 23.9433 24.2617 24.5402 24.6581 24.955 24.9505 24.8183 24.6466 24.7974 24.7604 24.3855 24.2685 24.0659 24.4599 24.4727 24.4748 24.4675 24.0421 23.4455 22.9715 23.336 23.2758 23.4438 22.953 23.3733 23.7144 23.8317 23.6139 23.4572 23.9746 24.0726 24.1348 24.1791 24.2127 24.2203 24.2388 24.2496 24.2624 24.2755 24.2861 24.2987 24.3096 24.3203 24.3283 24.3452 24.3545 24.3643 24.3781 24.3764 24.3849 24.3915
-9999 -9999 -9999 -9999 -9999 -9999 -9999 21.9617 23.0287 23.9923 24.5326 24.8762 25.0488 25.056 24.976 24.8825 24.7433 24.4825 24.1515 23.6219 23.2303 23.4918 23.8027 23.8334 24.0437 24.6451 24.8528 24.5671 23.8376 24.2643 24.7424 24.7428 24.7116 24.6765 24.6299 24.5897 24.4887 24.1977 23.28 23.11 22.7581 22.8128 22.6382 23.0531 22.9083 23.3398 23.5328 23.612 23.2336 23.3164 23.7855 23.9776 23.9591 24.0819 24.1983 24.2147 24.2311 24.2422 24.2587 24.2742 24.2874 24.2995 24.3113 24.324 24.3276 24.3489 24.3294 24.3217 24.2905 24.3609 24.3799 24.3999
-9999 -9999 -9999 -9999 -9999 -9999 -9999 21.7313 22.8072 23.9416 24.3111 24.6809 25.0021 25.018 24.8897 24.7685 24.6432 24.4989 24.0951 23.7031 23.3286 23.2078 23.2919 23.2758 23.6142 24.3975 24.5527 24.493 23.7298 23.4838 24.1207 24.6579 24.7088 24.6709 24.0594 24.2035 23.88 23.4373 23.3249 23.1387 22.7307 22.9463 22.6506 22.7951 22.7606 23.0106 23.1381 23.4328 23.1047 23.107 23.5683 23.8061 23.8237 24.0733 24.1704 24.2056 24.2245 24.2424 24.2577 24.2761 24.2888 24.3004 24.311 24.3149 24.3029 24.2315 23.8021 23.8175 23.9556 24.0867 24.3114 24.3911
-9999 -9999 -9999 -9999 -9999 -9999 -9999 21.8478 22.5966 23.6043 24.3534 24.4083 24.7779 24.9736 24.8329 24.6735 24.5101 24.4442 24.0036 23.5182 23.1271 22.6621 22.7473 23.0936 23.6376 24.146 24.2413 24.1427 23.7262 23.923 24.3603 24.597 24.6737 24.631 24.5063 24.4394 24.2042 24.1094 23.7788 23.2547 23.0561 23.2028 22.6455 22.6976 22.9203 22.6962 23.0768 23.2646 22.8383 23.1882 23.5967 23.8115 24.0009 24.0973 24.1435 24.2079 24.2228 24.241 24.2575 24.2713 24.286 24.2926 24.3007 24.2678 24.2121 23.807 23.6498 23.6989 23.9075 24.0917 24.2881 24.375
-9999 -9999 -9999 -9999 -9999 -9999 -9999 21.9665 22.6419 23.517 24.0535 24.1565 24.5654 24.9305 24.9005 24.734 24.6902 24.517 24.1447 23.7321 23.2797 23.0638 22.5561 23.0706 23.4604 23.8924 24.0977 23.751 23.5935 23.8942 24.1938 24.3191 24.6227 24.6303 24.5455 24.1441 23.9546 24.052 23.978 23.8391 23.4823 23.4784 23.2535 23.1675 23.0867 22.7843 22.9884 23.0193 23.0838 23.5026 23.7213 23.8706 24.0076 24.0531 24.1202 24.2037 24.2234 24.2398 24.2536 24.2693 24.2787 24.2734 24.2713 24.1898 24.0342 23.731 23.2338 23.6114 24.0055 24.1393 24.2627 24.3343
-9999 -9999 -9999 -9999 -9999 -9999 -9999 21.8442 22.5618 23.3111 23.6294 23.6906 24.4233 24.8759 24.8863 24.8125 24.7246 24.2823 24.3183 24.2371 23.83 23.2326 22.5752 22.6452 23.0382 23.599 23.7918 23.2302 23.0462 23.1962 23.6451 24.0483 24.4695 24.5844 24.4748 23.8436 23.1725 23.5014 23.8522 23.8628 23.776 23.4459 23.3495 23.2634 23.0255 22.6096 22.675 22.8047 23.2803 23.4427 23.6867 23.8916 23.832 23.8875 24.0845 24.2034 24.221 24.2368 24.2543 24.2662 24.2743 24.249 24.2214 24.1652 23.7358 23.4741 23.0925 23.5717 23.845 24.0023 24.2632 24.3365
-9999 -9999 -9999 -9999 -9999 -9999 -9999 21.6154 22.1385 22.8555 23.1495 23.6141 24.3072 24.653 24.8239 24.8302 24.7748 24.5821 24.47 24.2394 23.8157 23.2327 22.5833 22.1631 22.3882 23.1329 23.3149 22.8 22.5534 22.8801 23.3582 24.0621 24.4689 24.5331 24.5083 24.3873 23.9004 23.3101 23.3244 23.639 23.3987 23.1174 23.2915 23.274 23.0394 22.872 22.761 22.8421 23.114 23.2386 23.5188 23.9263 23.9959 23.998 24.1775 24.1994 24.2171 24.2372 24.2511 24.2637 24.273 24.2549 24.1966 23.9155 23.6721 23.3279 23.2977 23.7313 23.934 24.1168 24.2524 24.3064
-9999 -9999 -9999 -9999 -9999 -9999 -9999 21.2276 21.8422 22.5146 23.1451 23.7425 24.2583 24.307 24.5838 24.5933 24.7432 24.7128 24.5348 24.3422 23.9785 23.2273 22.5967 21.9078 22.0993 22.8681 22.9418 22.6142 22.0018 22.6524 23.3693 24.0203 24.3777 24.1164 24.4064 24.395 24.22 23.8735 23.3281 23.3511 22.9457 22.9401 23.1672 23.2494 23.2261 23.1036 22.8958 22.9368 23.1031 23.158 23.4169 23.7362 24.0487 24.1126 24.1833 24.1995 24.2143 24.2329 24.2475 24.2554 24.2542 24.2345 24.001 23.7206 23.5533 23.3176 23.3014 23.801 24.0107 24.1308 24.25 24.3061
-9999 -9999 -9999 -9999 -9999 -9999 -9999 -9999 21.7712 22.4659 22.9824 23.1283 23.5879 23.8406 24.0386 24.0902 24.637 24.6764 24.5672 24.3912 24.0824 23.5146 23.1214 22.4611 21.9886 22.1782 22.2483 22.4336 22.3905 22.6859 23.3752 24.0935 24.1812 23.7421 23.82 23.9257 24.1485 24.0536 23.3062 22.9326 22.6247 22.8649 23.117 23.1875 23.2117 23.178 23.1319 23.0341 23.3678 23.6182 23.6867 23.9069 24.0732 24.1291 24.1746 24.1925 24.2104 24.2245 24.2297 24.2373 24.2131 24.1413 23.8783 23.226 23.2711 23.213 23.0197 23.5084 23.821 24.1004 24.2559 24.3071
-9999 -9999 -9999 -9999 -9999 -9999 -9999 -9999 21.5339 22.3364 22.5131 22.5099 22.2565 22.3874 23.3721 23.5784 24.1034 24.6008 24.5749 24.4025 24.1144 23.7799 23.2568 22.5133 21.9239 21.6545 22.2966 22.9257 23.0651 23.2759 23.7021 23.7914 23.3421 22.9219 23.1753 23.3327 23.9003 24.0138 23.9182 23.473 22.9622 22.7016 23.0368 23.0926 23.1246 23.1411 23.1429 23.1288 23.4945 23.708 23.8604 23.9497 24.0946 24.1421 24.1668 24.191 24.2027 24.21 24.2034 24.1939 24.1043 23.9928 23.5529 23.1884 22.9663 22.6807 23.3695 23.5896 23.886 24.0783 24.233 24.2785
