Test_Spring_2018b/04_18/Temp/20180419_007.txt
ncols	170
nrows	115
xllcorner	350000.000000
yllcorner	4445000.000000
cellsize	1000.000000
nodata_value	-9999.000000
[rows 32 to 63 of 115, columns 72 to 143 of 170]
16.5477 16.2667 16.7024 17.1035 16.8476 16.6772 17.3325 17.3322 17.1074 16.5797 16.3863 16.1859 16.0633 15.3867 13.4873 11.775 12.6928 12.7145 12.0796 13.2169 12.6148 11.0453 8.82989 10.0311 9.71574 8.1268 7.72976 -9999 -9999 -9999 -9999 -9999 -9999 -9999 -9999 -9999 -9999 -9999 -9999 -9999 -9999 -9999 -9999 -9999 -9999 -9999 -9999 -9999 -9999 -9999 -9999 -9999 -9999 -9999 -9999 -9999 -9999 -9999 -9999 -9999 -9999 -9999 -9999 -9999 -9999 -9999 -9999 -9999 -9999 -9999 -9999 -9999
16.1672 16.047 16.6944 16.6814 16.6315 16.8544 17.2603 17.3416 17.254 17.0239 16.8248 16.6132 16.0757 15.3015 13.676 11.7268 11.2848 12.2389 12.2844 12.4372 11.8884 11.199 10.121 11.0007 11.341 10.2961 8.92938 8.05032 -9999 -9999 -9999 -9999 -9999 -9999 -9999 -9999 -9999 -9999 -9999 -9999 -9999 -9999 -9999 -9999 -9999 -9999 -9999 -9999 -9999 -9999 -9999 -9999 -9999 -9999 -9999 -9999 -9999 -9999 -9999 -9999 -9999 -9999 -9999 -9999 -9999 -9999 -9999 -9999 -9999 -9999 -9999 -9999
15.7142 15.0878 15.4783 15.7715 16.2959 16.4318 16.5128 17.2842 17.2433 17.2077 16.8786 16.6156 16.1795 15.4344 14.3734 13.0958 10.8707 12.2428 13.317 13.2889 13.2293 12.746 11.7103 12.5739 12.6126 11.2741 9.75685 8.87222 8.50522 -9999 -9999 -9999 -9999 -9999 -9999 -9999 -9999 -9999 -9999 -9999 -9999 -9999 -9999 -9999 -9999 -9999 -9999 -9999 -9999 -9999 -9999 -9999 -9999 -9999 -9999 -9999 -9999 -9999 -9999 -9999 -9999 -9999 -9999 -9999 -9999 -9999 -9999 -9999 -9999 -9999 -9999 -9999
15.2 14.4346 14.8274 15.3513 16.0811 16.4519 16.7402 16.9708 17.2061 17.1785 16.8416 15.8463 15.7045 15.6619 14.9681 13.5115 12.0566 11.6797 13.3185 13.7872 13.6908 14.0556 13.1781 13.5904 13.4186 12.9411 11.4787 10.1534 9.60718 8.53001 -9999 -9999 -9999 -9999 -9999 -9999 -9999 -9999 -9999 -9999 -9999 -9999 -9999 -9999 -9999 -9999 -9999 -9999 -9999 -9999 -9999 -9999 -9999 -9999 -9999 -9999 -9999 -9999 -9999 -9999 -9999 -9999 -9999 -9999 -9999 -9999 -9999 -9999 -9999 -9999 -9999 -9999
-9999 -9999 13.95 14.6541 15.2416 15.9551 16.5751 16.8873 17.1907 17.1665 16.4929 16.1637 16.1354 15.681 14.8801 14.3775 13.4617 12.5072 12.8717 14.2689 13.6464 14.6354 14.5501 14.7302 14.0661 12.7935 11.1066 10.1189 9.63001 8.75675 -9999 -9999 -9999 -9999 -9999 -9999 -9999 -9999 -9999 -9999 -9999 -9999 -9999 -9999 -9999 -9999 -9999 -9999 -9999 -9999 -9999 -9999 -9999 -9999 -9999 -9999 -9999 -9999 -9999 -9999 -9999 -9999 -9999 -9999 -9999 -9999 -9999 -9999 -9999 -9999 -9999 -9999
-9999 -9999 -9999 14.5202 14.9673 15.9326 16.4202 16.6227 17.1121 17.1133 16.8584 16.6661 16.387 16.0223 15.4206 14.7566 13.8954 13.8158 14.7098 14.7204 14.5327 14.6783 15.136 15.0128 13.9774 12.2002 11.2629 9.34441 8.52883 8.61026 8.03221 -9999 -9999 -9999 -9999 -9999 -9999 -9999 -9999 -9999 -9999 -9999 -9999 10.2392 -9999 -9999 -9999 -9999 -9999 -9999 -9999 -9999 -9999 -9999 -9999 -9999 -9999 -9999 -9999 -9999 -9999 -9999 -9999 -9999 6.75321 -9999 -9999 -9999 -9999 -9999 -9999 -9999
-9999 -9999 14.4387 15.0297 15.4989 16.1037 16.1545 16.5119 17.0745 17.0829 16.9022 16.6982 16.2389 16.1257 15.7836 15.0627 14.9157 15.2084 15.3431 15.4954 15.5886 15.511 15.3231 15.0804 14.4022 13.579 13.0255 11.2789 10.3919 9.55043 8.27831 7.28325 -9999 -9999 -9999 -9999 -9999 -9999 -9999 9.5741 9.52736 9.55016 9.8288 10.5978 10.1452 -9999 -9999 -9999 -9999 -9999 -9999 -9999 -9999 -9999 -9999 -9999 -9999 -9999 -9999 -9999 -9999 -9999 -9999 -9999 7.447 6.44753 -9999 -9999 -9999 -9999 -9999 -9999
-9999 -9999 14.5878 15.2217 15.5381 16.1254 16.4613 16.6717 16.8667 17.0533 17.0224 16.7966 16.453 16.4562 15.9825 15.7275 15.5455 15.9415 16.0198 15.8607 15.6608 15.4833 14.9836 14.9236 14.744 14.2201 13.3621 12.4781 11.1887 9.46164 7.76844 6.40292 -9999 -9999 -9999 -9999 -9999 -9999 9.7148 10.3547 10.7383 9.92457 10.62 11.2553 11.1531 10.523 -9999 -9999 -9999 -9999 -9999 -9999 -9999 -9999 -9999 -9999 -9999 -9999 -9999 -9999 12.1843 11.16 9.08928 8.02841 7.39233 6.48357 -9999 -9999 -9999 -9999 -9999 -9999
-9999 -9999 14.459 15.2076 15.7145 16.1643 16.2359 16.6957 16.8897 16.99 16.9788 16.9347 16.8722 16.4591 16.2821 15.6571 16.2572 16.2352 16.0837 15.4832 15.2221 14.1899 13.7343 13.6168 14.4799 13.8355 12.4941 10.8184 8.79949 8.65865 7.99213 6.77147 -9999 -9999 -9999 -9999 -9999 -9999 9.91059 10.5952 11.1666 11.2501 10.441 11.5702 11.5141 10.8807 10.7358 11.2523 11.5134 11.3087 11.9226 12.1038 11.8251 12.1321 -9999 -9999 -9999 -9999 12.3219 12.365 12.398 11.9721 9.70978 8.16494 6.77765 6.64602 -9999 -9999 -9999 -9999 -9999 -9999
-9999 -9999 14.9747 15.4352 15.6677 15.7048 16.1083 16.5098 16.7517 16.9331 16.8973 16.8836 16.8692 16.7289 16.4012 16.462 16.4366 16.2453 15.1031 13.7692 14.3498 13.5555 11.8533 13.2202 13.9727 13.2424 11.6173 9.73362 9.10832 9.12433 8.19787 7.00752 -9999 -9999 -9999 8.03579 9.01611 9.10305 9.39333 10.3065 11.0012 11.5235 11.8795 11.8614 11.4808 10.8609 10.187 10.4246 11.6313 11.9244 12.1606 12.3482 12.0895 12.2269 12.5513 12.7198 12.7555 12.6813 12.6659 12.6942 12.6574 12.2603 10.2355 9.07783 8.33949 6.85195 -9999 -9999 -9999 -9999 -9999 -9999
-9999 -9999 14.6832 15.0834 15.4073 15.9427 15.999 16.3397 16.5403 16.8365 16.8712 16.5201 16.8128 16.7769 16.7243 16.6105 16.4428 15.4793 14.1503 12.8174 12.2012 12.4581 11.4358 11.9494 12.7116 12.4247 11.4242 9.74537 9.50519 9.1069 7.54454 6.04662 -9999 -9999 6.13269 8.01211 9.33628 10.0204 10.2337 10.2558 11.1309 11.2004 12.1414 11.9154 10.6664 10.8045 10.3159 10.6271 11.0687 11.1885 11.8182 12.4279 12.5442 12.5477 12.7547 12.7986 12.8114 12.8081 12.6708 12.7367 12.7484 12.5016 11.0361 10.3221 9.53223 6.8732 -9999 -9999 -9999 -9999 -9999 -9999
-9999 -9999 14.8841 15.3313 15.8211 15.8996 16.2623 16.2228 16.1175 16.6247 16.8068 16.5595 16.3822 16.714 16.6932 16.6514 16.581 15.6758 14.6275 13.0393 12.0516 11.4431 11.0115 10.4269 10.8158 10.6903 10.5238 10.7045 10.2367 9.30902 8.39607 6.68679 5.76493 -9999 6.23051 7.07973 8.65454 9.99338 10.8441 10.541 11.5362 11.7215 12.2905 11.9532 11.1928 10.8658 10.8347 10.7333 11.4003 11.8458 12.1557 12.3675 12.6294 12.6974 12.7663 12.7962 12.8135 12.8313 12.8302 12.8272 12.7996 12.708 12.0352 11.3203 9.77822 6.96022 -9999 -9999 -9999 -9999 -9999 -9999
-9999 13.5821 14.8304 15.5809 15.8705 16.0792 16.2632 16.3962 16.535 16.665 16.7563 16.7159 16.0592 16.1152 16.2359 16.6119 16.5872 16.5067 15.9339 14.0015 13.3302 12.3494 11.0821 10.5438 10.8025 11.833 11.7812 11.0898 10.3201 9.25375 8.57504 7.5284 5.51927 5.7 6.60448 7.27853 8.34979 9.98613 11.1339 11.6472 11.842 12.242 12.4512 11.9882 11.5443 11.3575 11.0131 10.9624 10.9625 11.3645 11.6723 12.371 12.6069 12.7134 12.7699 12.8014 12.8251 12.8487 12.8586 12.8475 12.8506 12.8471 12.7977 11.8484 9.47203 7.68264 -9999 -9999 -9999 -9999 -9999 -9999
-9999 -9999 14.5962 14.9252 15.01 15.1598 15.4684 15.8247 16.3291 16.3942 16.6737 16.6725 16.1052 15.4523 16.0258 16.2551 16.4924 16.501 16.428 14.8004 13.9491 13.2773 12.0617 12.4885 12.898 12.9236 12.6671 11.1903 9.7198 8.02102 6.43938 6.36119 5.5085 5.95621 6.55427 8.08826 9.16894 9.60896 9.92574 11.589 12.0204 12.1686 12.5934 12.0127 11.8611 11.4231 11.55 11.5092 11.509 10.2995 11.5029 11.5735 12.3619 12.7153 12.7957 12.8195 12.8452 12.8516 12.8589 12.858 12.8685 12.8577 12.8469 12.2306 9.21571 7.70336 -9999 -9999 -9999 -9999 -9999 -9999
-9999 -9999 -9999 -9999 14.6952 14.9457 15.1058 15.3844 16.2397 16.4706 16.6246 16.6389 16.3876 15.74 15.572 15.6937 15.0631 15.5938 16.3179 16.2989 16.209 14.7784 14.0392 14.7408 14.5198 13.4404 12.5895 11.7497 10.0287 8.76336 6.95101 5.59011 5.53716 7.03528 8.27935 9.83176 10.5186 10.1324 10.5571 11.3828 12.3211 12.7748 12.6677 12.0555 11.9651 11.2907 11.9484 12.002 11.692 11.4238 11.5221 11.9111 12.0594 12.6765 12.8267 12.8535 12.8607 12.866 12.8663 12.8656 12.8602 12.856 12.8494 12.8233 9.72428 7.31419 -9999 -9999 -9999 -9999 -9999 -9999
-9999 -9999 -9999 -9999 14.0973 14.2491 14.6514 15.6872 16.2276 16.4469 16.44 16.5427 16.3661 15.7975 15.214 14.6642 13.9537 14.3628 15.4415 16.0764 16.1466 14.8921 15.5344 15.2849 14.798 13.3881 12.3472 11.7924 10.1396 8.72008 7.51287 5.84866 6.55736 7.33934 8.34519 10.038 11.182 11.654 11.263 11.7925 12.8722 12.8789 12.289 12.3264 11.9624 11.0417 11.9949 12.2609 12.041 12.0943 12.006 12.1499 12.4137 12.6668 12.8358 12.8599 12.8643 12.8616 12.8642 12.8675 12.8583 12.8616 12.8551 12.8412 10.8415 7.26693 -9999 -9999 -9999 -9999 -9999 -9999
-9999 -9999 -9999 -9999 -9999 13.5513 14.4712 15.8467 16.1856 16.1544 16.4392 16.465 16.193 15.9576 15.2489 14.2798 12.415 12.8922 13.8852 15.3158 16.0661 15.9614 15.5339 14.8012 13.0357 11.4896 11.296 11.0374 9.82958 8.73413 7.39241 8.16436 9.01149 9.93973 10.4285 10.3036 11.2843 12.0845 11.7488 12.3979 13.1542 12.8127 12.6102 12.4395 12.0196 11.9921 12.0328 12.5727 12.194 12.4219 12.4204 12.406 12.5339 12.6819 12.8382 12.865 12.8673 12.8725 12.8573 12.8666 12.8604 12.8542 12.8484 12.8369 12.6575 10.733 9.58292 -9999 -9999 -9999 -9999 -9999
-9999 -9999 -9999 -9999 -9999 12.6988 13.1568 14.7861 15.2869 16.0073 16.3904 16.4092 15.9487 15.6931 14.6357 14.2948 12.5702 11.7893 12.4534 12.1986 14.1677 15.9088 15.5203 11.9941 10.7128 9.7969 10.0241 10.0199 9.6794 7.82133 7.30778 8.96012 10.0006 10.8077 11.421 11.5502 11.532 12.7822 12.9501 13.3574 13.2709 13.3092 12.6797 12.2893 12.6249 12.2301 12.1604 12.7184 12.1632 12.6599 12.5936 12.4423 12.4337 12.7627 12.8299 12.8663 12.8702 12.8599 12.8464 12.8395 12.853 12.8508 12.8351 12.8382 12.8222 12.595 11.5995 11.2524 11.6397 -9999 -9999 -9999
-9999 -9999 -9999 -9999 -9999 -9999 11.6341 13.8991 14.9316 15.4756 16.2421 16.3357 16.0899 15.6469 14.5699 13.6231 12.0817 10.3203 9.38548 12.1803 14.6117 15.8788 15.7032 12.7673 11.605 11.5454 12.2205 11.6397 11.1981 9.784 9.36045 8.77419 9.13218 10.256 11.1763 12.0653 12.7127 12.7684 13.19 13.4308 13.452 13.528 13.4541 13.3931 12.7809 13.1986 12.8401 13.0266 12.9023 12.7898 12.6881 12.3392 12.5841 12.8015 12.8581 12.876 12.8648 12.8641 12.8578 12.8406 12.8331 12.8345 12.835 12.8262 12.8281 12.8194 12.7093 12.1108 11.3089 10.2952 -9999 -9999
-9999 -9999 -9999 -9999 -9999 -9999 10.5001 12.7541 13.8381 15.2369 15.9556 16.2475 16.2113 15.8526 15.0348 13.8025 12.7759 10.8093 8.76636 11.6994 14.3098 15.7179 15.7893 13.3165 13.9942 13.4369 13.654 12.6382 12.2134 11.8725 11.1437 10.348 9.47659 9.01716 11.0824 12.1442 12.9995 13.4045 13.6346 13.7508 13.6902 13.5339 12.6173 13.3156 13.2736 13.2022 13.1202 13.0792 13.0044 12.9168 12.8592 12.8401 12.6087 12.869 12.8637 12.8682 12.8711 12.8665 12.8562 12.8478 12.837 12.8389 12.8312 12.8246 12.8205 12.8196 12.8139 12.7823 12.6242 11.2626 10.4485 10.2179
-9999 -9999 -9999 -9999 -9999 -9999 7.32928 10.6093 13.2411 14.6185 15.7375 16.0471 16.1642 15.6819 15.3218 14.4389 13.6027 12.3109 10.3747 9.18209 11.3765 14.568 15.7394 15.6377 15.5594 14.9165 14.3365 14.259 14.2976 13.6195 12.6381 11.362 10.9626 10.516 12.0544 12.2645 12.1542 13.847 13.8533 13.7595 13.1147 12.3895 12.5275 12.0758 12.4144 11.8784 12.3677 12.7902 12.9467 12.9313 12.8677 12.858 12.832 12.8774 12.8771 12.8707 12.8666 12.8657 12.8618 12.845 12.8369 12.8471 12.8344 12.8271 12.8172 12.8183 12.8164 12.7935 12.7726 12.5641 12.25 11.6474
-9999 -9999 -9999 -9999 -9999 -9999 7.46567 10.2223 12.5628 13.9635 15.3143 15.629 16.0863 15.99 15.6125 14.845 13.8854 12.8224 11.1613 9.92617 11.3948 13.5113 15.0271 15.5614 15.5487 15.5079 15.3591 15.2917 15.1196 14.991 14.2891 13.0823 12.4014 11.4061 13.1202 13.3137 13.0473 13.9044 13.8635 12.5722 11.5795 11.4569 12.0608 11.4838 11.3774 11.0133 11.4176 12.5036 12.1829 12.2435 12.7292 12.8095 12.861 12.875 12.8719 12.8705 12.8636 12.8668 12.8704 12.8538 12.8478 12.8463 12.8304 12.8267 12.8161 12.8093 12.7995 12.7879 12.769 12.7106 12.6475 12.7135
-9999 -9999 -9999 -9999 -9999 -9999 7.52006 9.37284 11.4792 13.5427 14.9851 15.5678 15.9927 15.99 15.5505 15.1697 14.5686 13.6333 12.9916 11.8766 10.3456 12.9101 13.6922 14.3846 14.6737 15.4014 15.3791 15.0393 14.637 14.9954 14.8847 13.9307 13.6166 13.0876 14.041 14.0442 14.019 13.9695 12.8786 11.3616 10.1492 11.0238 10.8419 11.239 9.99184 11.0127 11.8337 12.0987 11.5347 11.1182 12.3932 12.605 12.731 12.812 12.8657 12.8539 12.8685 12.8629 12.8614 12.8599 12.8517 12.8479 12.8395 12.8307 12.8186 12.8133 12.8007 12.7863 12.7865 12.7525 12.741 12.7274
-9999 -9999 -9999 -9999 -9999 -9999 -9999 8.27531 10.94 13.3246 14.6527 15.4885 15.8965 15.8905 15.6664 15.408 15.0354 14.3606 13.5123 12.1711 11.1749 11.8055 12.571 12.6477 13.157 14.6404 15.1445 14.4207 12.6299 13.6751 14.8448 14.8241 14.7231 14.6109 14.4665 14.3382 14.057 13.3021 10.9871 10.5338 9.62637 9.7306 9.26504 10.2785 9.89257 10.9375 11.3894 11.5589 10.5902 10.7861 11.9213 12.3705 12.2955 12.5717 12.8339 12.8437 12.8528 12.848 12.856 12.8606 12.859 12.8517 12.8459 12.8423 12.8193 12.8242 12.7403 12.6862 12.5744 12.7163 12.731 12.7387
-9999 -9999 -9999 -9999 -9999 -9999 -9999 7.73503 10.4001 13.2082 14.1105 15.0113 15.7891 15.8055 15.4619 15.1351 14.7983 14.4144 13.3853 12.387 11.4334 11.1124 11.3028 11.2737 12.1003 14.0346 14.4064 14.2431 12.3705 11.7388 13.3025 14.6169 14.7196 14.5999 13.0516 13.3819 12.5475 11.4158 11.1053 10.6107 9.56404 10.0693 9.3024 9.63168 9.5331 10.1261 10.4146 11.1197 10.2755 10.271 11.3859 11.9485 11.9626 12.5537 12.7651 12.8215 12.8371 12.8491 12.854 12.866 12.8635 12.8579 12.8494 12.8242 12.7598 12.551 11.4335 11.4371 11.7466 12.0394 12.567 12.7205
-9999 -9999 -9999 -9999 -9999 -9999 -9999 8.03908 9.88859 12.3804 14.2265 14.3433 15.2415 15.7057 15.3318 14.9106 14.4795 14.2913 13.1712 11.9405 10.9457 9.7679 9.96045 10.8038 12.1706 13.4194 13.6404 13.3789 12.3691 12.838 13.9041 14.4699 14.6363 14.5044 14.1673 13.9729 13.3585 13.0929 12.2397 10.905 10.3798 10.7139 9.29631 9.39567 9.92001 9.35142 10.2691 10.7078 9.61845 10.475 11.4615 11.966 12.4074 12.6168 12.7011 12.83 12.8351 12.848 12.8562 12.8569 12.8596 12.8418 12.8275 12.7113 12.5384 11.4963 11.0594 11.147 11.632 12.0568 12.5007 12.6838
-9999 -9999 -9999 -9999 -9999 -9999 -9999 8.34999 10.0153 12.1759 13.4923 13.7285 14.7244 15.61 15.5122 15.0738 14.9407 14.486 13.5361 12.4865 11.339 10.7806 9.49742 10.7583 11.7414 12.799 13.2924 12.4599 12.0468 12.7734 13.496 13.7842 14.5147 14.5076 14.2695 13.2427 12.7425 12.9551 12.7408 12.3649 11.4463 11.4061 10.816 10.5716 10.3406 9.57785 10.0563 10.1037 10.2326 11.2627 11.7765 12.1173 12.4276 12.5098 12.6457 12.8219 12.839 12.8473 12.8488 12.8545 12.8442 12.7972 12.7579 12.5211 12.0999 11.3118 10.0287 10.9342 11.8807 12.1673 12.441 12.5857
-9999 -9999 -9999 -9999 -9999 -9999 -9999 8.062 9.83109 11.6778 12.4503 12.5821 14.3836 15.4871 15.4898 15.2824 15.0398 13.9156 13.9819 13.757 12.7219 11.214 9.55763 9.7117 10.688 12.08 12.5411 11.1735 10.6936 11.0443 12.1378 13.1169 14.1395 14.3992 14.0993 12.5006 10.802 11.5909 12.4339 12.4301 12.1839 11.3318 11.0616 10.8169 10.1948 9.13602 9.2832 9.57593 10.7458 11.1188 11.6949 12.1737 11.9943 12.1009 12.5595 12.8235 12.8352 12.8419 12.8527 12.849 12.8357 12.7392 12.6369 12.4634 11.3613 10.6767 9.67964 10.8399 11.4859 11.8306 12.446 12.5945
-9999 -9999 -9999 -9999 -9999 -9999 -9999 7.51017 8.79413 10.5592 11.2711 12.4062 14.1086 14.9464 15.3484 15.3403 15.1788 14.6757 14.3732 13.7765 12.6998 11.2273 9.59033 8.52411 9.06432 10.9314 11.3712 10.1129 9.47664 10.2664 11.432 13.1586 14.1451 14.2783 14.1893 13.86 12.6199 11.1217 11.1276 11.8803 11.252 10.5216 10.9243 10.8503 10.2362 9.78944 9.50392 9.67345 10.3378 10.616 11.2817 12.264 12.4057 12.3791 12.7938 12.8161 12.8276 12.8452 12.8468 12.8452 12.8351 12.7567 12.5783 11.8455 11.2066 10.3169 10.2087 11.2412 11.6989 12.1194 12.4225 12.523
-9999 -9999 -9999 -9999 -9999 -9999 -9999 6.56321 8.07378 9.72735 11.2758 12.7409 14.0019 14.1002 14.7656 14.7655 15.1144 15.0151 14.5485 14.046 13.1183 11.2269 9.63625 7.90128 8.35722 10.2677 10.4986 9.66068 8.1139 9.70895 11.4683 13.063 13.9263 13.2494 13.9435 13.8869 13.4227 12.531 11.1444 11.1714 10.1324 10.0878 10.6224 10.7962 10.7076 10.3724 9.83129 9.9153 10.3161 10.4207 11.0327 11.7951 12.5406 12.6671 12.8107 12.8186 12.8228 12.8364 12.84 12.8267 12.7908 12.7086 12.0946 11.3638 10.9145 10.2952 10.2219 11.4177 11.894 12.1582 12.4206 12.5257
-9999 -9999 -9999 -9999 -9999 -9999 -9999 -9999 7.91484 9.62313 10.8875 11.2285 12.3495 12.9552 13.4241 13.5286 14.8648 14.9389 14.6431 14.1816 13.3903 11.955 10.9546 9.2904 8.09376 8.5698 8.78365 9.22174 9.09112 9.80203 11.4927 13.2544 13.4465 12.3272 12.4932 12.7279 13.2534 12.9878 11.0981 10.1384 9.34182 9.90881 10.5052 10.6498 10.679 10.5643 10.4248 10.1825 10.9803 11.5709 11.7086 12.224 12.6049 12.7113 12.792 12.8036 12.8155 12.8177 12.7977 12.7839 12.6908 12.4795 11.7923 10.1365 10.216 10.0388 9.52503 10.695 11.4258 12.0867 12.4392 12.5321
-9999 -9999 -9999 -9999 -9999 -9999 -9999 -9999 7.3422 9.31865 9.73676 9.70658 9.0533 9.35531 11.7812 12.2703 13.5518 14.7652 14.6763 14.2235 13.4831 12.6281 11.3043 9.43272 7.94523 7.30541 8.89495 10.4569 10.7802 11.2808 12.3166 12.5132 11.369 10.2963 10.899 11.2623 12.6453 12.8983 12.6303 11.492 10.1903 9.51106 10.314 10.4217 10.4701 10.4798 10.4529 10.4088 11.3012 11.7993 12.1453 12.3344 12.6618 12.7469 12.7754 12.8025 12.7986 12.7839 12.7346 12.6782 12.4226 12.1128 10.9856 10.0463 9.4612 8.71799 10.3994 10.9014 11.5918 12.036 12.3866 12.4656
