Test_Spring_2018b/04_18/Temp/20180403_015.txt
ncols	170
nrows	115
xllcorner	350000.000000
yllcorner	4445000.000000
cellsize	1000.000000
nodata_value	-9999.000000
[rows 32 to 63 of 115, columns 72 to 143 of 170]
16.914 16.9014 16.9502 16.9957 16.9625 16.948 17.0061 17.0168 17.0084 16.9743 16.9695 16.9644 16.9665 16.9211 16.7704 16.6361 16.7291 16.7448 16.7038 16.8157 16.7773 16.6551 16.4769 16.5937 16.5792 16.4391 16.4168 -9999 -9999 -9999 -9999 -9999 -9999 -9999 -9999 -9999 -9999 -9999 -9999 -9999 -9999 -9999 -9999 -9999 -9999 -9999 -9999 -9999 -9999 -9999 -9999 -9999 -9999 -9999 -9999 -9999 -9999 -9999 -9999 -9999 -9999 -9999 -9999 -9999 -9999 -9999 -9999 -9999 -9999 -9999 -9999 -9999
16.879 16.8803 16.9475 16.9573 16.9523 16.9611 16.9979 17.0158 17.0195 17.0112 17.0059 17 16.9663 16.9124 16.7854 16.6305 16.606 16.7021 16.7197 16.7465 16.7126 16.6663 16.5863 16.6752 16.7174 16.6362 16.5178 16.4437 -9999 -9999 -9999 -9999 -9999 -9999 -9999 -9999 -9999 -9999 -9999 -9999 -9999 -9999 -9999 -9999 -9999 -9999 -9999 -9999 -9999 -9999 -9999 -9999 -9999 -9999 -9999 -9999 -9999 -9999 -9999 -9999 -9999 -9999 -9999 -9999 -9999 -9999 -9999 -9999 -9999 -9999 -9999 -9999
16.8381 16.7956 16.8406 16.8769 16.911 16.9137 16.9314 17.009 17.0167 17.0253 17.0089 16.9985 16.9736 16.9223 16.8439 16.7471 16.5685 16.7006 16.807 16.8181 16.8263 16.7978 16.7214 16.8088 16.8248 16.7165 16.5748 16.5121 16.4943 -9999 -9999 -9999 -9999 -9999 -9999 -9999 -9999 -9999 -9999 -9999 -9999 -9999 -9999 -9999 -9999 -9999 -9999 -9999 -9999 -9999 -9999 -9999 -9999 -9999 -9999 -9999 -9999 -9999 -9999 -9999 -9999 -9999 -9999 -9999 -9999 -9999 -9999 -9999 -9999 -9999 -9999 -9999
16.7922 16.7375 16.7826 16.8387 16.9004 16.9251 16.9491 16.9799 17.0115 17.0207 17.0036 16.93 16.9306 16.94 16.8934 16.7811 16.669 16.6501 16.8052 16.8592 16.8641 16.9088 16.8459 16.8943 16.892 16.861 16.734 16.62 16.5866 16.5075 -9999 -9999 -9999 -9999 -9999 -9999 -9999 -9999 -9999 -9999 -9999 -9999 -9999 -9999 -9999 -9999 -9999 -9999 -9999 -9999 -9999 -9999 -9999 -9999 -9999 -9999 -9999 -9999 -9999 -9999 -9999 -9999 -9999 -9999 -9999 -9999 -9999 -9999 -9999 -9999 -9999 -9999
-9999 -9999 16.7052 16.7648 16.8186 16.8804 16.9328 16.9705 17.0078 17.0173 16.9711 16.955 16.9654 16.9393 16.8835 16.8537 16.7883 16.7195 16.7646 16.8987 16.8582 16.9567 16.9621 16.9903 16.9453 16.835 16.6993 16.6142 16.5855 16.5239 -9999 -9999 -9999 -9999 -9999 -9999 -9999 -9999 -9999 -9999 -9999 -9999 -9999 -9999 -9999 -9999 -9999 -9999 -9999 -9999 -9999 -9999 -9999 -9999 -9999 -9999 -9999 -9999 -9999 -9999 -9999 -9999 -9999 -9999 -9999 -9999 -9999 -9999 -9999 -9999 -9999 -9999
-9999 -9999 -9999 16.7513 16.7929 16.8859 16.9173 16.9453 16.9985 17.01 16.9999 16.9957 16.9844 16.9662 16.9277 16.8841 16.8235 16.8304 16.9213 16.9357 16.9327 16.9582 17.0104 17.0121 16.9326 16.7812 16.7125 16.5443 16.4871 16.5077 16.4716 -9999 -9999 -9999 -9999 -9999 -9999 -9999 -9999 -9999 -9999 -9999 -9999 16.8731 -9999 -9999 -9999 -9999 -9999 -9999 -9999 -9999 -9999 -9999 -9999 -9999 -9999 -9999 -9999 -9999 -9999 -9999 -9999 -9999 16.9572 -9999 -9999 -9999 -9999 -9999 -9999 -9999
-9999 -9999 16.7444 16.7874 16.8369 16.8982 16.9031 16.9331 16.9923 17.0043 17.0005 16.9953 16.9685 16.9721 16.9563 16.9079 16.9092 16.9484 16.9739 17.0006 17.0218 17.028 17.0242 17.0154 16.9569 16.8977 16.8617 16.7206 16.6445 16.585 16.4887 16.4167 -9999 -9999 -9999 -9999 -9999 -9999 -9999 16.7413 16.7547 16.7743 16.8162 16.9006 16.8795 -9999 -9999 -9999 -9999 -9999 -9999 -9999 -9999 -9999 -9999 -9999 -9999 -9999 -9999 -9999 -9999 -9999 -9999 -9999 17.0151 16.9481 -9999 -9999 -9999 -9999 -9999 -9999
-9999 -9999 16.7394 16.8027 16.8383 16.8974 16.9351 16.9441 16.9712 16.9983 17.0073 17.0002 16.9836 16.9974 16.9704 16.9625 16.9611 17.0094 17.0302 17.0301 17.026 17.0235 16.9926 16.9993 16.9842 16.9503 16.8875 16.8226 16.7096 16.5732 16.4401 16.3358 -9999 -9999 -9999 -9999 -9999 -9999 16.7313 16.804 16.8548 16.8024 16.8806 16.9537 16.9632 16.9278 -9999 -9999 -9999 -9999 -9999 -9999 -9999 -9999 -9999 -9999 -9999 -9999 -9999 -9999 17.3468 17.2768 17.1167 17.044 17.0082 16.9491 -9999 -9999 -9999 -9999 -9999 -9999
-9999 -9999 16.7278 16.8002 16.8515 16.898 16.9121 16.9502 16.9697 16.989 16.9996 17.0082 17.016 16.994 16.993 16.9535 17.0199 17.0324 17.0335 16.9954 16.9861 16.9097 16.8824 16.8734 16.9591 16.9143 16.8092 16.6752 16.5004 16.4994 16.4546 16.3625 -9999 -9999 -9999 -9999 -9999 -9999 16.7429 16.8197 16.887 16.9124 16.861 16.977 16.9912 16.9555 16.962 17.0256 17.0671 17.0641 17.1385 17.1731 17.1677 17.2128 -9999 -9999 -9999 -9999 17.3199 17.3418 17.3629 17.3445 17.1678 17.0533 16.9528 16.9633 -9999 -9999 -9999 -9999 -9999 -9999
-9999 -9999 16.772 16.8186 16.8454 16.8554 16.8973 16.9301 16.9539 16.9791 16.9877 16.9991 17.0113 17.0133 16.9996 17.0198 17.0326 17.031 16.9468 16.8457 16.9093 16.8529 16.7103 16.8374 16.913 16.8602 16.73 16.5774 16.5228 16.535 16.4673 16.377 -9999 -9999 -9999 16.5246 16.6256 16.6501 16.6926 16.7894 16.8676 16.9314 16.9809 16.9948 16.9848 16.9506 16.9117 16.9515 17.0748 17.1192 17.1569 17.1922 17.1886 17.2213 17.2675 17.3 17.321 17.3325 17.3491 17.3696 17.3846 17.3688 17.2106 17.1296 17.0852 16.9865 -9999 -9999 -9999 -9999 -9999 -9999
-9999 -9999 16.7432 16.7842 16.8184 16.8698 16.8814 16.9181 16.9356 16.9665 16.981 16.9633 17.0021 17.0134 17.0238 17.0294 17.0303 16.9623 16.8624 16.7615 16.7218 16.7508 16.674 16.7274 16.8036 16.7867 16.7077 16.5725 16.5617 16.5285 16.4051 16.2884 -9999 -9999 16.3383 16.5163 16.6471 16.7233 16.7595 16.7796 16.8737 16.8986 16.9989 16.9956 16.9105 16.942 16.9198 16.9662 17.0268 17.0562 17.1264 17.1995 17.2282 17.2468 17.2827 17.3044 17.3233 17.3408 17.3467 17.3704 17.3895 17.3867 17.2789 17.2364 17.1895 16.987 -9999 -9999 -9999 -9999 -9999 -9999
-9999 -9999 16.7563 16.8006 16.8486 16.8612 16.8989 16.9033 16.8943 16.9477 16.9708 16.9621 16.9605 17.0038 17.0174 17.0296 17.0393 16.9768 16.9014 16.7787 16.707 16.662 16.636 16.5915 16.635 16.6337 16.6287 16.6536 16.62 16.541 16.4736 16.338 16.2715 -9999 16.3405 16.4295 16.582 16.715 16.8064 16.7987 16.9036 16.9388 17.0048 16.9951 16.9523 16.9471 16.9643 16.9752 17.0522 17.1106 17.1535 17.1909 17.2333 17.2574 17.2813 17.3017 17.3208 17.34 17.3575 17.3751 17.3909 17.4014 17.3621 17.321 17.2077 16.9914 -9999 -9999 -9999 -9999 -9999 -9999
-9999 16.6455 16.7508 16.8205 16.8503 16.8735 16.895 16.9129 16.9255 16.9461 16.9647 16.971 16.9282 16.948 16.9742 17.0228 17.037 17.046 17.012 16.8598 16.8116 16.7364 16.6378 16.5997 16.6315 16.7295 16.7338 16.6827 16.625 16.5343 16.4837 16.4051 16.2444 16.2738 16.3666 16.4405 16.5496 16.7084 16.8258 16.8889 16.925 16.977 17.0146 16.9974 16.9822 16.9863 16.9767 16.9922 17.0118 17.0659 17.109 17.1891 17.2282 17.2564 17.2792 17.2995 17.319 17.3385 17.3569 17.3737 17.392 17.4102 17.4259 17.3634 17.1828 17.0552 -9999 -9999 -9999 -9999 -9999 -9999
-9999 -9999 16.7294 16.7619 16.7734 16.7908 16.8224 16.859 16.9031 16.918 16.9528 16.9646 16.9279 16.8867 16.9523 16.9887 17.0258 17.043 17.0524 16.9224 16.8616 16.8152 16.7207 16.7657 16.8101 16.8208 16.8069 16.6874 16.5686 16.4232 16.2968 16.3012 16.2379 16.2902 16.3565 16.5047 16.6147 16.6703 16.7161 16.8788 16.9341 16.9687 17.0256 16.9959 17.0061 16.9888 17.0202 17.0367 17.0565 16.9715 17.0922 17.1174 17.2043 17.2536 17.2788 17.2984 17.3179 17.3358 17.3538 17.3714 17.3903 17.4085 17.4299 17.3971 17.1575 17.0538 -9999 -9999 -9999 -9999 -9999 -9999
-9999 -9999 -9999 -9999 16.7434 16.769 16.7874 16.8168 16.8912 16.9202 16.9441 16.9575 16.9494 16.9078 16.9097 16.937 16.8995 16.9613 17.0379 17.0502 17.0551 16.9431 16.8881 16.9581 16.9477 16.8626 16.7969 16.732 16.5911 16.483 16.3364 16.2297 16.2369 16.3793 16.5004 16.6502 16.7262 16.7106 16.7659 16.8566 16.9576 17.0171 17.0284 16.9961 17.0118 16.9744 17.0518 17.0767 17.0698 17.0661 17.0915 17.1443 17.1758 17.2474 17.2783 17.2985 17.3164 17.334 17.3513 17.3689 17.3883 17.4073 17.4267 17.445 17.1984 17.0172 -9999 -9999 -9999 -9999 -9999 -9999
-9999 -9999 -9999 -9999 16.6887 16.7055 16.7446 16.8393 16.8865 16.9143 16.9243 16.9454 16.9438 16.9098 16.8755 16.8451 16.8003 16.8518 16.9601 17.0289 17.0476 16.9507 17.015 17.0027 16.9691 16.8552 16.7729 16.7324 16.5971 16.4756 16.3811 16.2479 16.3208 16.4012 16.5022 16.6637 16.7794 16.8381 16.8229 16.8881 17.0015 17.0226 16.9924 17.0164 17.0086 16.95 17.0531 17.0964 17.0974 17.1216 17.131 17.1625 17.204 17.2441 17.2765 17.2961 17.3138 17.3306 17.3481 17.3668 17.3848 17.4045 17.4241 17.4436 17.2921 17.0104 -9999 -9999 -9999 -9999 -9999 -9999
-9999 -9999 -9999 -9999 -9999 16.642 16.7258 16.8499 16.8797 16.886 16.9212 16.9356 16.9259 16.9207 16.8757 16.809 16.6647 16.7221 16.823 16.9605 17.0381 17.0405 17.0123 16.9582 16.8142 16.6885 16.6793 16.6643 16.5673 16.4738 16.3676 16.4448 16.5296 16.6225 16.6789 16.6836 16.785 16.872 16.8618 16.9374 17.0229 17.0139 17.0173 17.0235 17.0108 17.0295 17.0538 17.1208 17.1081 17.1474 17.1643 17.1821 17.2118 17.2428 17.274 17.2938 17.3112 17.3287 17.3449 17.3638 17.382 17.401 17.4208 17.4406 17.4464 17.3074 17.2306 -9999 -9999 -9999 -9999 -9999
-9999 -9999 -9999 -9999 -9999 16.5652 16.6094 16.7556 16.7995 16.8709 16.9146 16.9285 16.9025 16.8952 16.82 16.8075 16.6755 16.6237 16.6962 16.6881 16.8709 17.0328 17.0081 16.7128 16.6107 16.5396 16.5668 16.5739 16.552 16.3927 16.358 16.5114 16.6129 16.6955 16.7626 16.7892 16.8044 16.9303 16.9633 17.018 17.0307 17.0545 17.021 17.0082 17.0608 17.0477 17.0624 17.131 17.103 17.1654 17.1766 17.1827 17.2005 17.247 17.2706 17.2911 17.3089 17.3251 17.3413 17.359 17.379 17.3985 17.4174 17.4386 17.4586 17.4661 17.4027 17.3952 17.4509 -9999 -9999 -9999
-9999 -9999 -9999 -9999 -9999 -9999 16.4752 16.6768 16.7667 16.8231 16.9002 16.9206 16.9108 16.8883 16.8117 16.7467 16.6303 16.4944 16.4275 16.6828 16.9056 17.0266 17.0204 16.7764 16.6848 16.6879 16.7541 16.7118 16.6815 16.5605 16.5339 16.4941 16.5369 16.646 16.7407 16.8329 16.9055 16.9282 16.9835 17.023 17.0448 17.0718 17.0861 17.1016 17.0723 17.1292 17.1189 17.1553 17.1644 17.1741 17.1822 17.1711 17.2107 17.2476 17.2702 17.2903 17.3062 17.3233 17.3403 17.3568 17.3756 17.3953 17.4157 17.4359 17.4574 17.4838 17.4968 17.4675 17.4203 17.3544 -9999 -9999
-9999 -9999 -9999 -9999 -9999 -9999 16.3748 16.576 16.6706 16.8011 16.8714 16.9077 16.9192 16.9038 16.8494 16.7594 16.6871 16.5332 16.3721 16.6392 16.8755 17.0088 17.0257 16.8204 16.8881 16.8487 16.8758 16.7963 16.768 16.7398 16.6872 16.6296 16.565 16.5401 16.7328 16.84 16.9305 16.9832 17.0218 17.0514 17.0643 17.0711 17.0124 17.0933 17.1131 17.1277 17.141 17.1576 17.1709 17.1827 17.1943 17.2116 17.2101 17.2513 17.2704 17.2877 17.305 17.3218 17.3386 17.356 17.3739 17.3941 17.4142 17.4345 17.4554 17.4826 17.5044 17.5238 17.532 17.4359 17.3865 17.3899
-9999 -9999 -9999 -9999 -9999 -9999 16.0985 16.389 16.6134 16.7429 16.8485 16.8887 16.9133 16.8869 16.8716 16.8115 16.7553 16.6594 16.5072 16.4185 16.6204 16.9083 17.0176 17.0174 17.0203 16.9739 16.9328 16.9349 16.9472 16.89 16.814 16.7155 16.6956 16.6704 16.8177 16.8514 16.8585 17.0223 17.0413 17.0525 17.0166 16.9715 17.0037 16.985 17.0375 17.0116 17.0741 17.1306 17.1637 17.1816 17.1925 17.2115 17.2276 17.2526 17.2698 17.2863 17.3032 17.3205 17.338 17.3548 17.373 17.3933 17.4133 17.4334 17.4541 17.4815 17.5034 17.5233 17.5431 17.5463 17.54 17.5113
-9999 -9999 -9999 -9999 -9999 -9999 16.104 16.3413 16.5532 16.6811 16.8102 16.8508 16.9046 16.9113 16.8942 16.8436 16.7764 16.6999 16.5713 16.4788 16.619 16.8129 16.9553 17.0102 17.0163 17.0225 17.0192 17.0213 17.0158 17.0059 16.9566 16.8669 16.8209 16.7486 16.9113 16.9436 16.9371 17.0285 17.0433 16.9507 16.8844 16.8937 16.9627 16.933 16.9471 16.9354 16.9903 17.1039 17.0968 17.1211 17.1791 17.2048 17.2319 17.2508 17.2679 17.2851 17.3019 17.3198 17.338 17.355 17.3734 17.3928 17.4113 17.4329 17.453 17.48 17.5009 17.5215 17.5412 17.5572 17.5753 17.6045
-9999 -9999 -9999 -9999 -9999 -9999 16.1091 16.2655 16.4577 16.6426 16.7798 16.8435 16.8944 16.9089 16.8861 16.8686 16.832 16.7663 16.7255 16.6432 16.5244 16.7586 16.8361 16.9051 16.9399 17.0126 17.0203 17.0005 16.9636 17.0059 17.0109 16.9411 16.9271 16.8954 16.9925 17.0084 17.0227 17.0357 16.9595 16.8471 16.7615 16.8565 16.8605 16.911 16.8264 16.9357 17.0266 17.0692 17.0389 17.0219 17.1478 17.1902 17.2192 17.244 17.2662 17.2827 17.3016 17.3189 17.3369 17.3553 17.3736 17.3927 17.4118 17.4314 17.4529 17.48 17.5005 17.5238 17.5452 17.5623 17.5817 17.6043
-9999 -9999 -9999 -9999 -9999 -9999 -9999 16.1705 16.4053 16.6229 16.7501 16.8356 16.8847 16.8986 16.8941 16.8867 16.8695 16.826 16.7671 16.6651 16.5924 16.6595 16.7354 16.7511 16.8059 16.9445 16.9983 16.9461 16.7909 16.8957 17.0089 17.0199 17.0246 17.029 17.0309 17.0355 17.0276 16.9796 16.7974 16.7771 16.7176 16.7458 16.725 16.8281 16.8179 16.9281 16.9868 17.021 16.9566 16.989 17.1125 17.1698 17.1815 17.2233 17.2626 17.2812 17.2998 17.3174 17.3364 17.3554 17.3743 17.3946 17.414 17.4341 17.4552 17.4836 17.4978 17.5145 17.5259 17.5588 17.5804 17.6131
-9999 -9999 -9999 -9999 -9999 -9999 -9999 16.1141 16.3556 16.6102 16.7008 16.7919 16.873 16.8887 16.8736 16.86 16.8456 16.827 16.7523 16.6799 16.6109 16.596 16.6247 16.6291 16.7118 16.8898 16.9329 16.9296 16.7705 16.7283 16.876 17.0028 17.0254 17.0294 16.9108 16.955 16.8993 16.8186 16.8094 16.7848 16.7129 16.7754 16.7283 16.776 16.7861 16.8569 16.9013 16.9816 16.9278 16.9427 17.065 17.1323 17.1518 17.221 17.2573 17.2801 17.2995 17.3188 17.3377 17.3575 17.3765 17.3955 17.4146 17.4326 17.4475 17.453 17.3848 17.4062 17.4537 17.4995 17.5704 17.6116
-9999 -9999 -9999 -9999 -9999 -9999 -9999 16.1365 16.3081 16.5357 16.708 16.7315 16.8229 16.8772 16.8593 16.8374 16.8147 16.8128 16.7301 16.6376 16.5651 16.4763 16.5055 16.5904 16.715 16.8344 16.8649 16.8537 16.7695 16.8228 16.9281 16.9905 17.019 17.0223 17.0084 17.0074 16.9707 16.9646 16.9084 16.811 16.7839 16.8313 16.7277 16.7552 16.8195 16.7889 16.8875 16.9446 16.8696 16.9664 17.0706 17.1329 17.1896 17.226 17.2515 17.2808 17.2995 17.319 17.3383 17.3573 17.3767 17.3946 17.4131 17.4231 17.4284 17.3587 17.3526 17.3809 17.4434 17.5004 17.5734 17.6087
-9999 -9999 -9999 -9999 -9999 -9999 -9999 16.1592 16.3153 16.5146 16.6415 16.6754 16.7752 16.8659 16.8717 16.8482 16.8511 16.8261 16.7581 16.6812 16.5955 16.5604 16.4623 16.5836 16.6751 16.7784 16.8329 16.7632 16.7405 16.8166 16.8925 16.9314 17.0089 17.0231 17.0179 16.9451 16.9183 16.9535 16.9523 16.9375 16.8762 16.8911 16.8587 16.8563 16.8551 16.8074 16.8679 16.8911 16.9287 17.0335 17.097 17.1453 17.1908 17.2164 17.2466 17.2802 17.3001 17.3194 17.3383 17.3577 17.376 17.3913 17.4076 17.407 17.3907 17.3427 17.2637 17.3625 17.4646 17.519 17.5687 17.6007
-9999 -9999 -9999 -9999 -9999 -9999 -9999 16.13 16.2954 16.468 16.548 16.5731 16.7426 16.852 16.8665 16.8629 16.8563 16.7734 16.7931 16.7874 16.7116 16.5945 16.4644 16.4903 16.5849 16.7139 16.766 16.6504 16.6223 16.6662 16.7746 16.8734 16.9764 17.0139 17.0034 16.8813 16.751 16.8359 16.926 16.9432 16.9398 16.8844 16.8794 16.8768 16.8418 16.7722 16.8 16.8443 16.9687 17.0203 17.0893 17.1497 17.153 17.181 17.2392 17.2806 17.3002 17.3195 17.3392 17.3579 17.3759 17.3869 17.3977 17.4024 17.3271 17.288 17.2295 17.3545 17.4305 17.4967 17.5697 17.6022
-9999 -9999 -9999 -9999 -9999 -9999 -9999 16.0778 16.2017 16.3675 16.4425 16.5544 16.7154 16.802 16.851 16.8646 16.8649 16.8356 16.8235 16.7858 16.7064 16.5925 16.4642 16.3849 16.4442 16.6122 16.6646 16.557 16.5157 16.5977 16.7126 16.8762 16.9762 17.0029 17.0108 16.9984 16.9077 16.7951 16.8128 16.8953 16.8588 16.8137 16.8668 16.8789 16.8444 16.8245 16.8179 16.8594 16.9327 16.9762 17.0531 17.1571 17.1883 17.205 17.2596 17.2803 17.3 17.3203 17.3394 17.3582 17.3765 17.3891 17.3931 17.3495 17.3141 17.2571 17.2677 17.3894 17.4589 17.5223 17.5684 17.5969
-9999 -9999 -9999 -9999 -9999 -9999 -9999 15.9913 16.1352 16.2916 16.4391 16.5796 16.7027 16.7254 16.7973 16.8116 16.856 16.8617 16.8354 16.8059 16.7394 16.5895 16.4653 16.3284 16.3805 16.5561 16.5746 16.5159 16.3961 16.5479 16.7142 16.8665 16.9561 16.9129 16.9886 16.9998 16.9761 16.9159 16.8133 16.8331 16.7611 16.7752 16.8397 16.8731 16.884 16.8738 16.8489 16.8793 16.9301 16.9588 17.0311 17.1163 17.1999 17.2299 17.2613 17.2809 17.3001 17.3202 17.3394 17.3573 17.3733 17.3855 17.3518 17.3083 17.2892 17.2555 17.2691 17.3998 17.4763 17.5263 17.569 17.598
-9999 -9999 -9999 -9999 -9999 -9999 -9999 -9999 16.117 16.2784 16.4016 16.4452 16.5564 16.6231 16.678 16.7015 16.8313 16.8519 16.8405 16.8146 16.7599 16.6494 16.5763 16.4455 16.355 16.4083 16.4242 16.4758 16.4784 16.5539 16.7143 16.8812 16.9128 16.8316 16.8617 16.8981 16.9599 16.9538 16.8078 16.7424 16.6913 16.7583 16.8281 16.8591 16.8802 16.8891 16.9061 16.898 16.9868 17.0575 17.0891 17.1531 17.2054 17.2339 17.26 17.28 17.3 17.3191 17.3364 17.3542 17.3652 17.3662 17.3262 17.2027 17.2292 17.2337 17.2092 17.3407 17.4434 17.5208 17.5714 17.5995
-9999 -9999 -9999 -9999 -9999 -9999 -9999 -9999 16.0631 16.2479 16.2982 16.31 16.268 16.3087 16.5328 16.5896 16.7148 16.8339 16.8405 16.8153 16.7651 16.7048 16.6037 16.4551 16.3394 16.2865 16.4359 16.58 16.6218 16.6792 16.7831 16.8148 16.731 16.6538 16.7216 16.7692 16.9052 16.9439 16.938 16.8572 16.7626 16.7221 16.8098 16.8377 16.8606 16.8804 16.905 16.92 17.0137 17.0767 17.1265 17.1625 17.2104 17.2371 17.2589 17.2804 17.2991 17.3168 17.3315 17.3456 17.3426 17.3349 17.2569 17.1952 17.1643 17.1199 17.2851 17.359 17.4517 17.517 17.5676 17.5947
