Test_Spring_2018b/04_18/Temp/20180407_000.txt
ncols	170
nrows	115
xllcorner	350000.000000
yllcorner	4445000.000000
cellsize	1000.000000
nodata_value	-9999.000000
[rows 32 to 63 of 115, columns 72 to 143 of 170]
11.9667 11.6814 12.1239 12.5315 12.2827 12.1202 12.7882 12.7891 12.5619 12.0269 11.8314 11.6286 11.5047 10.8182 8.89006 7.15193 8.08488 8.10801 7.46459 8.62112 8.01164 6.42016 4.17313 5.39593 5.07885 3.48868 3.09977 -9999 -9999 -9999 -9999 -9999 -9999 -9999 -9999 -9999 -9999 -9999 -9999 -9999 -9999 -9999 -9999 -9999 -9999 -9999 -9999 -9999 -9999 -9999 -9999 -9999 -9999 -9999 -9999 -9999 -9999 -9999 -9999 -9999 -9999 -9999 -9999 -9999 -9999 -9999 -9999 -9999 -9999 -9999 -9999 -9999
11.5793 11.4572 12.1147 12.1017 12.0604 12.2994 12.7141 12.7978 12.7098 12.4771 12.2758 12.0616 11.5165 10.731 9.081 7.10247 6.65459 7.6246 7.67221 7.82905 7.27384 6.57616 5.48407 6.38043 6.72922 5.6832 4.31842 3.43756 -9999 -9999 -9999 -9999 -9999 -9999 -9999 -9999 -9999 -9999 -9999 -9999 -9999 -9999 -9999 -9999 -9999 -9999 -9999 -9999 -9999 -9999 -9999 -9999 -9999 -9999 -9999 -9999 -9999 -9999 -9999 -9999 -9999 -9999 -9999 -9999 -9999 -9999 -9999 -9999 -9999 -9999 -9999 -9999
11.118 10.4819 10.8785 11.1766 11.7281 11.8706 11.9541 12.7385 12.6981 12.6628 12.3294 12.063 11.6209 10.865 9.78831 8.49172 6.23327 7.62782 8.72011 8.69345 8.63499 8.14672 7.09776 7.97776 8.02031 6.687 5.16714 4.27256 3.90344 -9999 -9999 -9999 -9999 -9999 -9999 -9999 -9999 -9999 -9999 -9999 -9999 -9999 -9999 -9999 -9999 -9999 -9999 -9999 -9999 -9999 -9999 -9999 -9999 -9999 -9999 -9999 -9999 -9999 -9999 -9999 -9999 -9999 -9999 -9999 -9999 -9999 -9999 -9999 -9999 -9999 -9999 -9999
10.5943 9.81716 10.2163 10.7487 11.501 11.8875 12.1839 12.4193 12.6592 12.6321 12.2908 11.2807 11.1374 11.0948 10.391 8.91271 7.43639 7.05493 8.72067 9.19845 9.10281 9.47593 8.58772 9.00966 8.83875 8.3697 6.9061 5.5739 5.02299 3.93262 -9999 -9999 -9999 -9999 -9999 -9999 -9999 -9999 -9999 -9999 -9999 -9999 -9999 -9999 -9999 -9999 -9999 -9999 -9999 -9999 -9999 -9999 -9999 -9999 -9999 -9999 -9999 -9999 -9999 -9999 -9999 -9999 -9999 -9999 -9999 -9999 -9999 -9999 -9999 -9999 -9999 -9999
-9999 -9999 9.32396 10.0498 10.648 11.3819 12.0151 12.3333 12.6425 12.6187 11.9355 11.6018 11.5736 11.1129 10.3002 9.79065 8.86167 7.89379 8.2655 9.68637 9.0566 10.0638 9.98031 10.1667 9.49616 8.22672 6.52814 5.53926 5.04677 4.16371 -9999 -9999 -9999 -9999 -9999 -9999 -9999 -9999 -9999 -9999 -9999 -9999 -9999 -9999 -9999 -9999 -9999 -9999 -9999 -9999 -9999 -9999 -9999 -9999 -9999 -9999 -9999 -9999 -9999 -9999 -9999 -9999 -9999 -9999 -9999 -9999 -9999 -9999 -9999 -9999 -9999 -9999
-9999 -9999 -9999 9.91265 10.3683 11.3499 11.8565 12.0635 12.5614 12.5636 12.3054 12.1107 11.8278 11.4579 10.8474 10.1739 9.30027 9.22078 10.1303 10.1432 9.95521 10.1061 10.5743 10.4532 9.41774 7.62412 6.67736 4.75304 3.92921 4.01592 3.43254 -9999 -9999 -9999 -9999 -9999 -9999 -9999 -9999 -9999 -9999 -9999 -9999 5.70022 -9999 -9999 -9999 -9999 -9999 -9999 -9999 -9999 -9999 -9999 -9999 -9999 -9999 -9999 -9999 -9999 -9999 -9999 -9999 -9999 2.24007 -9999 -9999 -9999 -9999 -9999 -9999 -9999
-9999 -9999 9.81721 10.4289 10.9069 11.5228 11.5834 11.9497 12.5221 12.5315 12.3486 12.1418 11.6757 11.5611 11.2141 10.4827 10.3342 10.6328 10.7713 10.9282 11.0256 10.9501 10.7632 10.5211 9.85459 9.02417 8.46764 6.70846 5.8219 4.9718 3.68389 2.67681 -9999 -9999 -9999 -9999 -9999 -9999 -9999 5.01701 4.97113 4.99618 5.28141 6.06501 5.60844 -9999 -9999 -9999 -9999 -9999 -9999 -9999 -9999 -9999 -9999 -9999 -9999 -9999 -9999 -9999 -9999 -9999 -9999 -9999 2.94488 1.93172 -9999 -9999 -9999 -9999 -9999 -9999
-9999 -9999 9.97653 10.6223 10.9455 11.5438 11.8867 12.1108 12.31 12.5003 12.4694 12.2404 11.8915 11.8948 11.414 11.1554 10.9713 11.3747 11.4559 11.2968 11.0968 10.9203 10.4171 10.361 10.2009 9.67501 8.80998 7.91848 6.63188 4.88296 3.16779 1.78474 -9999 -9999 -9999 -9999 -9999 -9999 5.15951 5.81048 6.20133 5.37684 6.08531 6.73321 6.63266 6.01444 -9999 -9999 -9999 -9999 -9999 -9999 -9999 -9999 -9999 -9999 -9999 -9999 -9999 -9999 7.75152 6.71198 4.61006 3.53397 2.88958 1.96866 -9999 -9999 -9999 -9999 -9999 -9999
-9999 -9999 9.84386 10.6064 11.1235 11.5825 11.6572 12.1274 12.3323 12.4349 12.4238 12.3791 12.3155 11.8958 11.7159 11.0814 11.6913 11.67 11.518 10.9107 10.6488 9.60476 9.14684 9.04846 9.93166 9.28426 7.92917 6.23437 4.19939 4.06907 3.39683 2.16111 -9999 -9999 -9999 -9999 -9999 -9999 5.35922 6.0553 6.6367 6.72321 5.90383 7.05327 7.01637 6.37772 6.23532 6.76478 7.03491 6.84318 7.47553 7.66255 7.38202 7.69569 -9999 -9999 -9999 -9999 7.89133 7.93524 7.96886 7.53681 5.24025 3.67267 2.26552 2.14172 -9999 -9999 -9999 -9999 -9999 -9999
-9999 -9999 10.3656 10.836 11.0749 11.1151 11.5271 11.9382 12.1912 12.3792 12.3428 12.3283 12.313 12.1699 11.8366 11.898 11.8726 11.6794 10.5212 9.1693 9.76237 8.95821 7.23872 8.64375 9.41545 8.68177 7.03934 5.13427 4.51491 4.54369 3.60787 2.40636 -9999 -9999 -9999 3.45734 4.45322 4.54175 4.83683 5.76469 6.47114 7.0009 7.36464 7.35641 6.98189 6.35738 5.67846 5.92516 7.15611 7.45903 7.71858 7.91239 7.65224 7.79549 8.12598 8.29768 8.33402 8.2586 8.24266 8.27119 8.23381 7.83079 5.77407 4.59963 3.85154 2.35241 -9999 -9999 -9999 -9999 -9999 -9999
-9999 -9999 10.0653 10.4747 10.8066 11.3604 11.4199 11.7677 11.9741 12.2801 12.315 11.9577 12.2538 12.2163 12.1619 12.0459 11.8756 10.898 9.55029 8.19951 7.57761 7.84611 6.81405 7.35211 8.13427 7.85109 6.84997 5.15327 4.91698 4.5266 2.95007 1.43278 -9999 -9999 1.5259 3.43483 4.77949 5.47405 5.6906 5.71327 6.60277 6.67477 7.63256 7.41238 6.15553 6.30098 5.80958 6.13174 6.59008 6.71721 7.37094 7.99716 8.1176 8.12289 8.33411 8.37911 8.39201 8.38825 8.2482 8.31462 8.32627 8.07567 6.58806 5.8641 5.06975 2.37397 -9999 -9999 -9999 -9999 -9999 -9999
-9999 -9999 10.2721 10.7298 11.2305 11.3131 11.6841 11.6488 11.5446 12.06 12.2485 11.9962 11.8147 12.1501 12.1277 12.0843 12.0126 11.0942 10.0314 8.42158 7.4227 6.81243 6.38082 5.81038 6.21428 6.09596 5.93582 6.12789 5.66207 4.73427 3.81284 2.08511 1.15177 -9999 1.62704 2.48945 4.08823 5.44722 6.31064 6.00287 7.01403 7.20354 7.78874 7.44991 6.68927 6.36724 6.34173 6.24483 6.92819 7.38666 7.71554 7.93429 8.20582 8.2766 8.3474 8.37797 8.39526 8.41258 8.41055 8.40667 8.37813 8.28506 7.60224 6.88239 5.31866 2.46166 -9999 -9999 -9999 -9999 -9999 -9999
-9999 8.93763 10.2161 10.9821 11.2799 11.4951 11.6847 11.8221 11.9657 12.1008 12.1931 12.1537 11.485 11.5399 11.6607 12.0413 12.0157 11.9345 11.3547 9.39547 8.71978 7.73594 6.45689 5.92724 6.19982 7.25614 7.2133 6.52051 5.74767 4.67882 3.99722 2.93899 0.904405 1.08947 2.00844 2.6926 3.77963 5.44031 6.60506 7.12593 7.32406 7.73554 7.95079 7.48904 7.04971 6.86628 6.52309 6.47821 6.48487 6.89931 7.22552 7.93983 8.18245 8.29446 8.35255 8.38449 8.40797 8.43093 8.43975 8.42745 8.42973 8.42596 8.37991 7.41755 5.00789 3.19546 -9999 -9999 -9999 -9999 -9999 -9999
-9999 -9999 9.97693 10.3153 10.4055 10.5612 10.8776 11.2417 11.7567 11.8235 12.1072 12.1065 11.5302 10.8648 11.4451 11.6764 11.9166 11.9259 11.8535 10.2089 9.35031 8.67558 7.44964 7.90043 8.32692 8.36358 8.11353 6.62389 5.13994 3.42904 1.82923 1.75475 0.893465 1.35129 1.95882 3.51589 4.6121 5.05758 5.3781 7.06649 7.50746 7.66309 8.09816 7.51301 7.37065 6.93256 7.0685 7.03417 7.04098 5.81937 7.05504 7.13081 7.93457 8.29636 8.37998 8.40402 8.42925 8.43441 8.44035 8.43803 8.44769 8.43886 8.42969 7.8057 4.74677 3.21586 -9999 -9999 -9999 -9999 -9999 -9999
-9999 -9999 -9999 -9999 10.0854 10.3435 10.5093 10.7947 11.6659 11.9011 12.0573 12.0707 11.814 11.1555 10.9825 11.1043 10.463 11.0038 11.7424 11.7278 11.6428 10.1979 9.46325 10.1865 9.97328 8.88841 8.03533 7.19305 5.45514 4.18451 2.35062 0.973671 0.923388 2.44667 3.7116 5.28709 5.98304 5.58919 6.01909 6.85991 7.81423 8.27754 8.17261 7.55578 7.47568 6.79796 7.47319 7.53518 7.22774 6.96237 7.07576 7.47506 7.62883 8.2577 8.41124 8.43928 8.44552 8.44938 8.44793 8.44567 8.441 8.43701 8.43136 8.40675 5.26252 2.82013 -9999 -9999 -9999 -9999 -9999 -9999
-9999 -9999 -9999 -9999 9.47797 9.63603 10.0478 11.1022 11.6537 11.8769 11.8697 11.9728 11.7918 11.2124 10.6179 10.0576 9.33564 9.7522 10.8507 11.5002 11.5781 10.3123 10.9806 10.7384 10.2557 8.83548 7.78981 7.23719 5.5689 4.14167 2.92238 1.23745 1.96057 2.75652 3.77838 5.49687 6.65695 7.13469 6.73713 7.27516 8.37302 8.38255 7.78753 7.8306 7.47271 6.54503 7.52066 7.79854 7.58283 7.64415 7.56798 7.71843 7.98963 8.24874 8.42134 8.44577 8.44947 8.44502 8.44587 8.44834 8.43839 8.44205 8.43653 8.42437 6.39655 2.77176 -9999 -9999 -9999 -9999 -9999 -9999
-9999 -9999 -9999 -9999 -9999 8.92735 9.86481 11.2641 11.611 11.5799 11.8688 11.8939 11.6159 11.3747 10.6529 9.66694 7.77272 8.25842 9.26991 10.7276 11.4962 11.3981 10.9802 10.2474 8.46636 6.90802 6.72282 6.4711 5.25459 4.15644 2.80053 3.58942 4.45303 5.39744 5.8941 5.76652 6.7607 7.57181 7.23018 7.88972 8.65921 8.31524 8.11369 7.94551 7.5309 7.51045 7.55945 8.11556 7.73869 7.97735 7.98914 7.97885 8.11194 8.26435 8.42399 8.4511 8.45246 8.45608 8.43894 8.4471 8.44027 8.43419 8.42949 8.41975 8.24045 6.29128 5.12776 -9999 -9999 -9999 -9999 -9999
-9999 -9999 -9999 -9999 -9999 8.06173 8.5301 10.1871 10.6983 11.4305 11.8192 11.8373 11.3679 11.1071 10.0309 9.68279 7.93074 7.1396 7.81705 7.5633 9.56953 11.3458 10.9675 7.39783 6.10826 5.18969 5.4316 5.43806 5.10211 3.22944 2.71435 4.39713 5.45701 6.27829 6.90146 7.03234 7.01214 8.28009 8.45035 8.8644 8.77815 8.81994 8.18476 7.79357 8.14609 7.75259 7.68952 8.26384 7.70753 8.21905 8.16504 8.01562 8.01002 8.34609 8.41522 8.45203 8.45534 8.44313 8.4276 8.41968 8.4329 8.43089 8.41604 8.42125 8.40784 8.18226 7.17561 6.82775 7.22598 -9999 -9999 -9999
-9999 -9999 -9999 -9999 -9999 -9999 6.9839 9.28634 10.3375 10.8906 11.6687 11.7627 11.5142 11.0616 9.96562 9.00247 7.43652 5.64858 4.70429 7.5473 10.0228 11.3175 11.1553 8.18472 7.01552 6.96608 7.66247 7.08293 6.6439 5.22192 4.79797 4.20729 4.57397 5.71829 6.65374 7.55521 8.2112 8.26634 8.69348 8.93994 8.96319 9.04335 8.97232 8.91543 8.30556 8.73681 8.38022 8.57696 8.45794 8.35057 8.26053 7.91033 8.16198 8.38465 8.44298 8.46224 8.44946 8.44721 8.43917 8.42036 8.41317 8.41485 8.41652 8.40953 8.41418 8.41038 8.30267 7.69939 6.88977 5.86528 -9999 -9999
-9999 -9999 -9999 -9999 -9999 -9999 5.83242 8.12367 9.22706 10.6482 11.3788 11.6781 11.6391 11.2725 10.44 9.18719 8.14442 6.14819 4.076 7.06039 9.71975 11.1572 11.2383 8.74476 9.44336 8.88791 9.11855 8.09672 7.67414 7.34186 6.6076 5.80399 4.92438 4.46111 6.55796 7.63519 8.5026 8.91273 9.14585 9.26392 9.20509 9.051 8.12422 8.83825 8.80726 8.74148 8.66524 8.63062 8.56145 8.47883 8.43363 8.41806 8.18585 8.45423 8.44977 8.45377 8.45556 8.44948 8.43759 8.42794 8.4162 8.41885 8.41352 8.40867 8.40709 8.411 8.40903 8.38118 8.22497 6.84693 6.02471 5.8001
-9999 -9999 -9999 -9999 -9999 -9999 2.61279 5.94568 8.62227 10.0215 11.1634 11.4763 11.5934 11.1017 10.7345 9.83689 8.98763 7.677 5.71316 4.50586 6.74248 9.99028 11.1908 11.1047 11.0349 10.3917 9.81219 9.7424 9.78977 9.11487 8.12725 6.83509 6.43537 5.98264 7.5447 7.75741 7.64459 9.36293 9.36904 9.27419 8.62061 7.88883 8.03249 7.58107 7.93642 7.3984 7.9018 8.33736 8.50246 8.49278 8.44145 8.43883 8.41451 8.46292 8.46266 8.45571 8.45065 8.44853 8.4435 8.42547 8.41667 8.427 8.41614 8.41021 8.40453 8.41031 8.41185 8.39238 8.37514 8.16756 7.85268 7.25016
-9999 -9999 -9999 -9999 -9999 -9999 2.75287 5.55573 7.93379 9.3643 10.7355 11.0539 11.5169 11.4177 11.0332 10.2533 9.27904 8.20083 6.5164 5.26583 6.76202 8.92154 10.4682 11.028 11.0264 10.9937 10.8513 10.7948 10.6275 10.5107 9.8026 8.58555 7.89596 6.88611 8.62697 8.82319 8.55226 9.42233 9.38089 8.07027 7.06363 6.94131 7.56099 6.97924 6.88296 6.52139 6.93783 8.0466 7.7306 7.79755 8.30434 8.3887 8.4446 8.45963 8.45678 8.45502 8.44731 8.44972 8.4525 8.43491 8.42839 8.42699 8.41153 8.41092 8.40218 8.39976 8.39491 8.38656 8.37095 8.31524 8.25691 8.33353
-9999 -9999 -9999 -9999 -9999 -9999 2.8074 4.69364 6.83391 8.93866 10.4031 10.9942 11.4248 11.4211 10.9741 10.5873 9.97737 9.02905 8.37991 7.25111 5.70099 8.31065 9.11665 9.83654 10.1413 10.889 10.8748 10.5377 10.1452 10.5145 10.4127 9.44677 9.12976 8.59362 9.56233 9.56565 9.5401 9.48988 8.38253 6.84295 5.6133 6.50368 6.32198 6.733 5.4781 6.52369 7.36325 7.63811 7.07223 6.65402 7.96264 8.1824 8.31196 8.39514 8.45 8.43782 8.45217 8.44584 8.44374 8.44171 8.43316 8.42947 8.42163 8.41388 8.40572 8.40455 8.39455 8.38476 8.38838 8.35875 8.35026 8.34588
-9999 -9999 -9999 -9999 -9999 -9999 -9999 3.57885 6.29669 8.71885 10.0677 10.9163 11.3302 11.3238 11.096 10.8338 10.4564 9.77286 8.91403 7.55563 6.54844 7.19417 7.98431 8.07913 8.60411 10.1183 10.6378 9.9099 8.10699 9.1813 10.373 10.3549 10.2544 10.1418 9.99508 9.86525 9.58001 8.81393 6.4638 6.00595 5.08633 5.19466 4.72499 5.76282 5.38287 6.44909 6.91326 7.0906 6.11174 6.32689 7.48559 7.94394 7.86937 8.15077 8.41733 8.4273 8.43631 8.43099 8.4387 8.44315 8.44142 8.43488 8.42974 8.42726 8.40857 8.41778 8.33506 8.28295 8.17234 8.31935 8.33713 8.35415
-9999 -9999 -9999 -9999 -9999 -9999 -9999 3.04265 5.75043 8.60302 9.51976 10.4348 11.2247 11.2414 10.8928 10.5616 10.2207 9.83267 8.79026 7.77986 6.81567 6.4946 6.69348 6.68788 7.53429 9.50546 9.88982 9.73041 7.85302 7.216 8.80754 10.1451 10.2515 10.1315 8.56037 8.89668 8.0501 6.90169 6.58746 6.08669 5.02571 5.54124 4.76536 5.10314 5.02038 5.62717 5.9248 6.64536 5.79252 5.80413 6.94214 7.51541 7.53128 8.13246 8.34768 8.40517 8.42092 8.43295 8.43782 8.44993 8.44751 8.44217 8.43431 8.40977 8.3458 8.139 7.00836 7.01431 7.33099 7.63076 8.17692 8.33383
-9999 -9999 -9999 -9999 -9999 -9999 -9999 3.35349 5.23325 7.76483 9.64039 9.75966 10.6723 11.1441 10.7651 10.3383 9.90192 9.71273 8.57792 7.33138 6.32508 5.13349 5.33402 6.19584 7.60897 8.88331 9.11378 8.85401 7.85341 8.33364 9.41972 9.99704 10.1683 10.036 9.69498 9.49868 8.87584 8.60719 7.74203 6.38824 5.8569 6.19844 4.76168 4.8657 5.4016 4.84258 5.77862 6.22816 5.1258 6.0154 7.01945 7.53361 7.98319 8.19682 8.28295 8.41422 8.41951 8.4325 8.44082 8.44162 8.44457 8.42686 8.413 8.2959 8.12155 7.06477 6.62872 6.71959 7.21401 7.64731 8.10788 8.29491
-9999 -9999 -9999 -9999 -9999 -9999 -9999 3.67143 5.36433 7.55988 8.89785 9.1387 10.1508 11.0511 10.9527 10.5087 10.3752 9.91541 8.95334 7.89062 6.72895 6.16601 4.86751 6.15279 7.17652 8.256 8.76256 7.94329 7.52824 8.2699 9.007 9.30242 10.0465 10.0411 9.80084 8.75946 8.25274 8.4699 8.25374 7.87364 6.94275 6.90414 6.30744 6.06218 5.8307 5.07472 5.56421 5.61596 5.75463 6.81645 7.34014 7.68794 8.00432 8.08874 8.2273 8.40659 8.42423 8.43276 8.43433 8.44024 8.43001 8.38258 8.34326 8.10362 7.6769 6.8777 5.58237 6.50329 7.46602 7.75883 8.046 8.19369
-9999 -9999 -9999 -9999 -9999 -9999 -9999 3.38131 5.17983 7.05685 7.84284 7.97801 9.80863 10.9303 10.9344 10.7252 10.4806 9.34104 9.41083 9.18533 8.13757 6.6101 4.93229 5.09324 6.09998 7.52877 8.00202 6.63977 6.15655 6.51631 7.62996 8.6269 9.66766 9.93338 9.63045 8.00856 6.28497 7.08753 7.94508 7.94289 7.69467 6.83156 6.5595 6.31357 5.68476 4.62065 4.78106 5.08155 6.29069 6.67159 7.25849 7.74616 7.56526 7.67436 8.14074 8.40921 8.42135 8.42831 8.43941 8.43578 8.42251 8.32483 8.22135 8.0458 6.92736 6.23311 5.22385 6.40747 7.0646 7.42465 8.05001 8.20116
-9999 -9999 -9999 -9999 -9999 -9999 -9999 2.82333 4.12945 5.92394 6.64858 7.80289 9.5332 10.3854 10.7951 10.7885 10.6263 10.1174 9.81263 9.20951 8.11928 6.62755 4.96908 3.89052 4.44349 6.36545 6.82765 5.56562 4.92345 5.72898 6.91579 8.67184 9.67601 9.81334 9.72472 9.39191 8.13414 6.61416 6.62167 7.38758 6.75137 6.01161 6.42272 6.34996 5.72896 5.27803 5.00725 5.18704 5.87808 6.16257 6.84025 7.83916 7.98417 7.95809 8.3798 8.40293 8.41489 8.43293 8.4347 8.43321 8.42308 8.34373 8.16287 7.4191 6.77092 5.86811 5.75899 6.81495 7.28102 7.71716 8.02519 8.12725
-9999 -9999 -9999 -9999 -9999 -9999 -9999 1.86412 3.40066 5.08216 6.65666 8.14633 9.42869 9.5301 10.2075 10.2091 10.5652 10.4664 9.99492 9.48728 8.54818 6.6309 5.01922 3.26134 3.72851 5.68333 5.95627 5.10947 3.54256 5.16581 6.95554 8.57772 9.45684 8.77155 9.47823 9.42248 8.95256 8.0486 6.64192 6.67092 5.61749 5.57407 6.11895 6.29764 6.21005 5.87218 5.33335 5.43464 5.85787 5.96589 6.58897 7.36453 8.12272 8.25205 8.39849 8.40692 8.4115 8.42549 8.42924 8.41574 8.37938 8.29605 7.67265 6.93085 6.47489 5.84645 5.77249 6.98951 7.47892 7.75595 8.02226 8.12881
-9999 -9999 -9999 -9999 -9999 -9999 -9999 -9999 3.242 4.97939 6.26569 6.61419 7.75456 8.37148 8.84937 8.95721 10.316 10.3932 10.0951 9.62886 8.82816 7.37382 6.36139 4.67525 3.46413 3.97305 4.21796 4.66686 4.53803 5.26347 6.98354 8.77537 8.97292 7.83847 8.00901 8.24901 8.78418 8.5159 6.59829 5.62512 4.81776 5.3952 6.00261 6.15152 6.18341 6.06934 5.94289 5.72226 6.53422 7.13569 7.27714 7.8018 8.18975 8.29865 8.38122 8.39344 8.40579 8.40817 8.38791 8.3738 8.27924 8.06465 7.36678 5.68542 5.76628 5.58646 5.06507 6.25446 7.01193 7.68282 8.04036 8.13431
-9999 -9999 -9999 -9999 -9999 -9999 -9999 -9999 2.66328 4.67332 5.1006 5.07237 4.41114 4.71979 7.1851 7.6835 8.98668 10.2207 10.1326 9.67506 8.92592 8.06066 6.71979 4.82301 3.31653 2.69389 4.32113 5.9243 6.25646 6.76847 7.8236 8.0262 6.86696 5.77991 6.39385 6.76445 8.17032 8.42855 8.15768 7.00299 5.6825 4.99422 5.81131 5.92249 5.97377 5.98594 5.96668 5.94417 6.86199 7.36959 7.72252 7.91588 8.24948 8.33675 8.36636 8.39427 8.3906 8.37574 8.32558 8.26818 8.00842 7.69352 6.54875 5.59467 5.00049 4.24577 5.95328 6.46415 7.17502 7.63078 7.98629 8.06583
