Test_Spring_2018b/04_18/Temp/20180404_010.txt
ncols	170
nrows	115
xllcorner	350000.000000
yllcorner	4445000.000000
cellsize	1000.000000
nodata_value	-9999.000000
[rows 32 to 63 of 115, columns 72 to 143 of 170]
17.2886 17.3162 17.3069 17.299 17.3042 17.3126 17.2828 17.2952 17.3195 17.3596 17.3829 17.4071 17.4275 17.4766 17.5883 17.6906 17.6584 17.6719 17.7189 17.675 17.7197 17.8136 17.9402 17.8919 17.9209 17.9959 18.0227 -9999 -9999 -9999 -9999 -9999 -9999 -9999 -9999 -9999 -9999 -9999 -9999 -9999 -9999 -9999 -9999 -9999 -9999 -9999 -9999 -9999 -9999 -9999 -9999 -9999 -9999 -9999 -9999 -9999 -9999 -9999 -9999 -9999 -9999 -9999 -9999 -9999 -9999 -9999 -9999 -9999 -9999 -9999 -9999 -9999
17.3044 17.324 17.304 17.3175 17.3203 17.3003 17.2834 17.2918 17.3091 17.334 17.3577 17.3824 17.424 17.4779 17.5756 17.6899 17.7272 17.693 17.7052 17.7116 17.7537 17.8027 17.8713 17.8395 17.8351 17.8931 17.9585 18.0025 -9999 -9999 -9999 -9999 -9999 -9999 -9999 -9999 -9999 -9999 -9999 -9999 -9999 -9999 -9999 -9999 -9999 -9999 -9999 -9999 -9999 -9999 -9999 -9999 -9999 -9999 -9999 -9999 -9999 -9999 -9999 -9999 -9999 -9999 -9999 -9999 -9999 -9999 -9999 -9999 -9999 -9999 -9999 -9999
17.3243 17.3698 17.3631 17.361 17.3222 17.3104 17.3186 17.2917 17.3066 17.3216 17.3519 17.3791 17.4155 17.468 17.5367 17.6167 17.7451 17.6896 17.6492 17.6649 17.6821 17.7206 17.7871 17.7562 17.7673 17.8339 17.8989 17.9577 17.9903 -9999 -9999 -9999 -9999 -9999 -9999 -9999 -9999 -9999 -9999 -9999 -9999 -9999 -9999 -9999 -9999 -9999 -9999 -9999 -9999 -9999 -9999 -9999 -9999 -9999 -9999 -9999 -9999 -9999 -9999 -9999 -9999 -9999 -9999 -9999 -9999 -9999 -9999 -9999 -9999 -9999 -9999 -9999
17.3476 17.4003 17.3933 17.3794 17.3408 17.316 17.3039 17.3046 17.3053 17.3198 17.3505 17.4151 17.4365 17.453 17.503 17.5922 17.6813 17.7152 17.646 17.6364 17.6555 17.6507 17.7091 17.7013 17.7231 17.7529 17.8206 17.8894 17.931 18.0001 -9999 -9999 -9999 -9999 -9999 -9999 -9999 -9999 -9999 -9999 -9999 -9999 -9999 -9999 -9999 -9999 -9999 -9999 -9999 -9999 -9999 -9999 -9999 -9999 -9999 -9999 -9999 -9999 -9999 -9999 -9999 -9999 -9999 -9999 -9999 -9999 -9999 -9999 -9999 -9999 -9999 -9999
-9999 -9999 17.4354 17.3986 17.3736 17.3387 17.3094 17.3057 17.3028 17.317 17.3648 17.3954 17.4109 17.4485 17.5041 17.5446 17.6062 17.6698 17.6659 17.6089 17.6549 17.6182 17.6361 17.6401 17.687 17.7444 17.8371 17.8883 17.9268 17.9853 -9999 -9999 -9999 -9999 -9999 -9999 -9999 -9999 -9999 -9999 -9999 -9999 -9999 -9999 -9999 -9999 -9999 -9999 -9999 -9999 -9999 -9999 -9999 -9999 -9999 -9999 -9999 -9999 -9999 -9999 -9999 -9999 -9999 -9999 -9999 -9999 -9999 -9999 -9999 -9999 -9999 -9999
-9999 -9999 -9999 17.4027 17.3848 17.3469 17.3144 17.316 17.3034 17.3161 17.3424 17.3659 17.3943 17.4274 17.4729 17.5218 17.5809 17.5999 17.569 17.5831 17.6069 17.6133 17.6034 17.6228 17.6813 17.7721 17.8324 17.925 17.98 17.9893 18.0328 -9999 -9999 -9999 -9999 -9999 -9999 -9999 -9999 -9999 -9999 -9999 -9999 18.1302 -9999 -9999 -9999 -9999 -9999 -9999 -9999 -9999 -9999 -9999 -9999 -9999 -9999 -9999 -9999 -9999 -9999 -9999 -9999 -9999 18.665 -9999 -9999 -9999 -9999 -9999 -9999 -9999
-9999 -9999 17.4053 17.3678 17.3549 17.335 17.3344 17.3185 17.3018 17.3139 17.3363 17.3604 17.398 17.4184 17.4508 17.5028 17.5256 17.5258 17.5339 17.5409 17.5504 17.5683 17.5913 17.6166 17.6447 17.699 17.7393 17.8352 17.8814 17.9377 18.0163 18.0813 -9999 -9999 -9999 -9999 -9999 -9999 -9999 18.0928 18.1125 18.1285 18.1315 18.1092 18.1492 -9999 -9999 -9999 -9999 -9999 -9999 -9999 -9999 -9999 -9999 -9999 -9999 -9999 -9999 -9999 -9999 -9999 -9999 -9999 18.6281 18.6982 -9999 -9999 -9999 -9999 -9999 -9999
-9999 -9999 17.3777 17.356 17.3504 17.3307 17.324 17.307 17.3087 17.3115 17.3261 17.3512 17.383 17.3976 17.437 17.4654 17.4903 17.4856 17.4968 17.5198 17.5445 17.5674 17.6062 17.6219 17.6252 17.6636 17.719 17.7757 17.8372 17.9384 18.0382 18.1218 -9999 -9999 -9999 -9999 -9999 -9999 18.0645 18.0492 18.0471 18.1062 18.0881 18.0728 18.0951 18.1355 -9999 -9999 -9999 -9999 -9999 -9999 -9999 -9999 -9999 -9999 -9999 -9999 -9999 -9999 18.3089 18.38 18.5047 18.5779 18.6294 18.6949 -9999 -9999 -9999 -9999 -9999 -9999
-9999 -9999 17.3832 17.355 17.3389 17.3257 17.3318 17.3098 17.3038 17.3107 17.3241 17.3399 17.3574 17.3935 17.418 17.4657 17.451 17.4679 17.4912 17.537 17.5649 17.6315 17.6678 17.6695 17.6368 17.6808 17.7603 17.8568 17.9599 17.9754 18.0223 18.0983 -9999 -9999 -9999 -9999 -9999 -9999 18.0504 18.0331 18.0217 18.0352 18.0942 18.0539 18.0658 18.1152 18.1395 18.1299 18.1333 18.1534 18.1392 18.1474 18.1792 18.1813 -9999 -9999 -9999 -9999 18.2625 18.2789 18.296 18.3366 18.4712 18.5692 18.6592 18.6829 -9999 -9999 -9999 -9999 -9999 -9999
-9999 -9999 17.356 17.3419 17.3391 17.3461 17.3345 17.3151 17.307 17.3066 17.3214 17.336 17.3514 17.374 17.4067 17.4199 17.4375 17.4635 17.5378 17.6213 17.6063 17.6621 17.7526 17.6886 17.661 17.7087 17.802 17.9084 17.94 17.9474 18.0072 18.0796 -9999 -9999 -9999 18.0885 18.0555 18.0686 18.0716 18.043 18.0256 18.018 18.0177 18.0292 18.0655 18.1143 18.1656 18.1701 18.1251 18.1267 18.125 18.1328 18.1635 18.1757 18.1769 18.1862 18.2026 18.2247 18.2441 18.2614 18.2821 18.3214 18.4424 18.5207 18.5777 18.6778 -9999 -9999 -9999 -9999 -9999 -9999
-9999 -9999 17.3652 17.3537 17.3458 17.3258 17.3316 17.3234 17.3158 17.3075 17.3186 17.3505 17.3504 17.3679 17.3869 17.4094 17.4348 17.5007 17.5848 17.6685 17.7147 17.7077 17.7723 17.7522 17.7238 17.7482 17.8049 17.9005 17.9228 17.9445 18.0342 18.1239 -9999 -9999 18.1643 18.0848 18.0344 18.0173 18.0246 18.0419 18.0156 18.0304 18.0004 18.0236 18.1044 18.1144 18.157 18.1577 18.153 18.1634 18.1422 18.1281 18.1396 18.1569 18.164 18.1797 18.1972 18.2157 18.2414 18.2568 18.2752 18.3069 18.4011 18.4569 18.515 18.6765 -9999 -9999 -9999 -9999 -9999 -9999
-9999 -9999 17.349 17.3343 17.3173 17.3215 17.3115 17.3251 17.3331 17.3183 17.3178 17.3445 17.3686 17.3677 17.3854 17.4047 17.4256 17.4889 17.559 17.6559 17.7212 17.7593 17.7933 17.8248 17.8149 17.8309 17.8488 17.8489 17.881 17.9297 17.9881 18.0864 18.1474 -9999 18.1543 18.1277 18.0647 18.0144 17.9895 18.0237 17.9916 18.0008 17.9848 18.0197 18.0757 18.1105 18.1291 18.1509 18.1334 18.1275 18.1228 18.1291 18.1329 18.1468 18.1609 18.1772 18.1945 18.212 18.2307 18.2497 18.2702 18.2941 18.3479 18.4025 18.5008 18.6702 -9999 -9999 -9999 -9999 -9999 -9999
-9999 17.4153 17.3512 17.3202 17.3127 17.3095 17.308 17.3098 17.3059 17.3118 17.3193 17.3327 17.3815 17.395 17.406 17.4043 17.4233 17.4448 17.4909 17.6056 17.6497 17.7086 17.7846 17.8179 17.8141 17.7703 17.7817 17.8257 17.874 17.9302 17.9742 18.04 18.1552 18.1608 18.1304 18.1129 18.0759 18.0107 17.9709 17.9638 17.9729 17.9673 17.9747 18.0169 18.0569 18.0836 18.1181 18.1373 18.1537 18.1495 18.1453 18.1267 18.1317 18.1436 18.1582 18.1744 18.1913 18.2085 18.2267 18.2462 18.2652 18.2848 18.3056 18.3737 18.5182 18.6349 -9999 -9999 -9999 -9999 -9999 -9999
-9999 -9999 17.3624 17.3522 17.3545 17.3538 17.3454 17.3352 17.3127 17.3205 17.3187 17.3332 17.3759 17.426 17.4141 17.4204 17.4263 17.4436 17.4644 17.5576 17.6144 17.6609 17.7339 17.7176 17.7055 17.7125 17.7338 17.8174 17.9009 17.9893 18.0809 18.0968 18.1521 18.1433 18.1287 18.0674 18.0301 18.0263 18.0293 17.9637 17.9581 17.9696 17.9663 18.0139 18.039 18.0785 18.0888 18.1075 18.1238 18.2018 18.152 18.1652 18.142 18.1411 18.1545 18.171 18.1877 18.2058 18.2242 18.2433 18.262 18.2812 18.3036 18.3553 18.5296 18.6321 -9999 -9999 -9999 -9999 -9999 -9999
-9999 -9999 -9999 -9999 17.3684 17.3621 17.3609 17.3544 17.3139 17.3132 17.3179 17.3311 17.3594 17.4087 17.4351 17.4471 17.4977 17.4876 17.4652 17.4807 17.4985 17.5835 17.6281 17.6013 17.621 17.6841 17.7353 17.7859 17.8818 17.9479 18.0511 18.1323 18.1479 18.0855 18.0369 17.9747 17.9578 17.9964 17.9941 17.9701 17.9412 17.9368 17.9607 18.01 18.032 18.0836 18.0668 18.0805 18.1126 18.1423 18.1491 18.146 18.1554 18.1409 18.1506 18.167 18.1846 18.2028 18.2215 18.2406 18.2609 18.281 18.3016 18.3232 18.502 18.6504 -9999 -9999 -9999 -9999 -9999 -9999
-9999 -9999 -9999 -9999 17.3966 17.3951 17.3813 17.336 17.3117 17.3116 17.3246 17.3335 17.3581 17.4039 17.4515 17.4981 17.5522 17.5484 17.5092 17.4913 17.5008 17.5767 17.5505 17.5721 17.6051 17.6848 17.7454 17.7812 17.8733 17.9473 18.0194 18.116 18.0926 18.0669 18.0311 17.9615 17.9213 17.9162 17.9551 17.9472 17.9112 17.9297 17.9784 17.9945 18.0305 18.0947 18.0628 18.0656 18.093 18.1063 18.1226 18.132 18.1354 18.1395 18.1482 18.1646 18.1824 18.2009 18.2196 18.2388 18.259 18.2789 18.2995 18.3207 18.4434 18.6513 -9999 -9999 -9999 -9999 -9999 -9999
-9999 -9999 -9999 -9999 -9999 17.4283 17.3881 17.3255 17.3116 17.3244 17.3226 17.3355 17.3651 17.3941 17.4482 17.5161 17.6295 17.6222 17.5873 17.5287 17.5034 17.5203 17.5488 17.595 17.6933 17.7799 17.7971 17.8177 17.887 17.9445 18.0235 17.9956 17.9652 17.932 17.9227 17.9461 17.9142 17.8922 17.9286 17.9147 17.8952 17.9315 17.9604 17.9872 18.0261 18.0446 18.0593 18.0482 18.0837 18.088 18.0999 18.1174 18.1277 18.1371 18.1464 18.1627 18.1806 18.1987 18.2183 18.2372 18.2573 18.2778 18.2985 18.3196 18.3494 18.4729 18.5528 -9999 -9999 -9999 -9999 -9999
-9999 -9999 -9999 -9999 -9999 17.4694 17.4531 17.3778 17.3558 17.3304 17.3237 17.3371 17.3764 17.4058 17.4777 17.5136 17.6198 17.6765 17.6583 17.6858 17.5981 17.5207 17.5471 17.7362 17.8099 17.8644 17.8603 17.8681 17.8933 17.9898 18.0266 17.9539 17.9137 17.8867 17.8711 17.8813 17.9005 17.8556 17.8659 17.8643 17.8878 17.9047 17.9554 17.9934 17.9937 18.031 18.0514 18.0393 18.0839 18.0745 18.0898 18.1142 18.1315 18.1317 18.1456 18.1613 18.1792 18.1981 18.2177 18.2374 18.2565 18.2768 18.2981 18.3185 18.3399 18.3768 18.4488 18.4872 18.4877 -9999 -9999 -9999
-9999 -9999 -9999 -9999 -9999 -9999 17.5289 17.4215 17.3725 17.3564 17.3304 17.3401 17.3651 17.4057 17.4791 17.5457 17.6424 17.7494 17.8122 17.6837 17.5724 17.5193 17.5349 17.6941 17.762 17.7731 17.7464 17.784 17.8148 17.8888 17.9213 17.9632 17.958 17.9135 17.8829 17.8548 17.8398 17.8558 17.8536 17.8594 17.8774 17.8922 17.9144 17.9356 17.9843 17.9802 18.0153 18.0224 18.045 18.0668 18.0838 18.1185 18.1228 18.1288 18.1432 18.1603 18.1788 18.1972 18.2164 18.2366 18.2568 18.277 18.2974 18.3184 18.3389 18.3647 18.3914 18.4426 18.5039 18.5754 -9999 -9999
-9999 -9999 -9999 -9999 -9999 -9999 17.5849 17.4787 17.4272 17.3678 17.3405 17.3383 17.3572 17.3932 17.453 17.5339 17.6039 17.7213 17.8415 17.7065 17.5842 17.5241 17.5312 17.6631 17.6373 17.6744 17.6717 17.7321 17.7625 17.7818 17.8303 17.8832 17.9386 17.9775 17.8882 17.8511 17.8254 17.8234 17.8307 17.844 17.8648 17.8908 17.956 17.9383 17.9578 17.9787 17.9998 18.0186 18.0388 18.0595 18.0742 18.092 18.1209 18.1239 18.1432 18.1605 18.1783 18.1969 18.2163 18.2361 18.2564 18.2765 18.2973 18.3181 18.3389 18.3644 18.3856 18.4078 18.4361 18.5254 18.5862 18.6168
-9999 -9999 -9999 -9999 -9999 -9999 17.745 17.587 17.4508 17.3935 17.3466 17.3467 17.3576 17.3996 17.4357 17.4984 17.5583 17.6408 17.7554 17.831 17.7325 17.5816 17.5302 17.5412 17.5547 17.5967 17.6354 17.6485 17.6559 17.6925 17.7503 17.8287 17.8637 17.9018 17.8394 17.8458 17.8692 17.8011 17.8196 17.8434 17.8954 17.9492 17.9605 18.0004 18.0004 18.0452 18.0372 18.0323 18.0409 18.0581 18.073 18.0892 18.1079 18.1252 18.1425 18.1605 18.1787 18.1972 18.2163 18.2365 18.2566 18.2762 18.2972 18.3181 18.3389 18.3644 18.3853 18.407 18.4282 18.4585 18.4938 18.5435
-9999 -9999 -9999 -9999 -9999 -9999 17.7299 17.5912 17.4839 17.4203 17.3662 17.366 17.3592 17.3812 17.4178 17.4742 17.54 17.6106 17.7109 17.7886 17.7272 17.6315 17.5656 17.5441 17.5524 17.5644 17.5817 17.5906 17.6095 17.6179 17.6664 17.7418 17.7911 17.8574 17.786 17.7931 17.8244 17.7987 17.8193 17.9041 17.9736 17.9985 17.9833 18.0308 18.0536 18.0882 18.0847 18.0461 18.0779 18.0914 18.078 18.0912 18.1089 18.1255 18.1432 18.161 18.1795 18.1978 18.2165 18.2366 18.2566 18.2766 18.2977 18.3184 18.3394 18.3657 18.3863 18.4073 18.4283 18.4509 18.4749 18.4905
-9999 -9999 -9999 -9999 -9999 -9999 17.7249 17.6323 17.5374 17.4394 17.3806 17.3666 17.3613 17.3781 17.4175 17.4538 17.501 17.5648 17.6129 17.6844 17.7764 17.6583 17.63 17.6007 17.5927 17.5654 17.5764 17.6039 17.6238 17.6177 17.6365 17.6992 17.73 17.7725 17.74 17.7568 17.7755 17.796 17.87 17.966 18.0464 18.0201 18.0477 18.0422 18.1233 18.0874 18.0626 18.0661 18.1104 18.1486 18.0947 18.1049 18.1158 18.1292 18.1441 18.1626 18.1801 18.1989 18.2179 18.2372 18.2572 18.2773 18.2978 18.3184 18.3397 18.366 18.3873 18.4101 18.4302 18.4506 18.4704 18.4902
-9999 -9999 -9999 -9999 -9999 -9999 -9999 17.6851 17.5544 17.4466 17.3937 17.3666 17.3619 17.3787 17.4067 17.4363 17.4714 17.5216 17.5799 17.6628 17.7274 17.708 17.6803 17.6824 17.6672 17.602 17.5869 17.6347 17.7261 17.685 17.6386 17.6538 17.6738 17.6951 17.7192 17.7425 17.7742 17.8305 17.9669 18.0076 18.0722 18.085 18.1269 18.0892 18.1262 18.0903 18.0845 18.093 18.1595 18.1598 18.1235 18.118 18.1394 18.1429 18.1465 18.1641 18.1819 18.2008 18.2193 18.2383 18.2579 18.2789 18.2993 18.3196 18.3417 18.3678 18.3927 18.4158 18.4416 18.454 18.4726 18.4986
-9999 -9999 -9999 -9999 -9999 -9999 -9999 17.7009 17.5783 17.4492 17.418 17.3875 17.3637 17.379 17.4129 17.4457 17.4788 17.5139 17.5815 17.6469 17.7095 17.7391 17.742 17.7489 17.7181 17.6306 17.6229 17.6428 17.7379 17.7835 17.7174 17.6647 17.6745 17.6963 17.7916 17.7915 17.8513 17.9266 17.9603 18.0035 18.075 18.0672 18.1243 18.1253 18.1435 18.1308 18.1335 18.1148 18.1752 18.1857 18.1509 18.1399 18.157 18.1446 18.1518 18.1671 18.1847 18.2027 18.2215 18.2401 18.2598 18.2798 18.3002 18.3215 18.3449 18.3765 18.4603 18.4804 18.4846 18.4894 18.4825 18.5013
-9999 -9999 -9999 -9999 -9999 -9999 -9999 17.681 17.6004 17.4876 17.4083 17.4178 17.3877 17.3799 17.4151 17.4525 17.4903 17.5153 17.5875 17.6649 17.7298 17.8035 17.8067 17.7763 17.7114 17.6595 17.6602 17.6857 17.7368 17.7265 17.6863 17.6721 17.6788 17.7013 17.7348 17.7614 17.8099 17.8408 17.902 17.988 18.0327 18.0336 18.1239 18.1366 18.1275 18.1694 18.1401 18.1352 18.2083 18.1796 18.1472 18.1394 18.1349 18.1423 18.1561 18.1679 18.1862 18.2043 18.2228 18.242 18.2614 18.282 18.3025 18.3284 18.3572 18.4304 18.4805 18.4962 18.4914 18.4894 18.4952 18.5052
-9999 -9999 -9999 -9999 -9999 -9999 -9999 17.6603 17.5895 17.4937 17.4416 17.445 17.4098 17.3803 17.4012 17.4394 17.4619 17.5005 17.564 17.6323 17.7051 17.7475 17.8265 17.7752 17.7301 17.6886 17.6758 17.7168 17.7517 17.7287 17.7063 17.7065 17.6846 17.7009 17.7293 17.7985 17.841 17.8475 17.8759 17.9128 17.9775 17.9974 18.0454 18.0757 18.1053 18.1569 18.1502 18.1655 18.1808 18.1393 18.1313 18.1321 18.1345 18.1486 18.1601 18.1696 18.1873 18.2058 18.2247 18.2437 18.2636 18.2856 18.3074 18.3393 18.3807 18.4408 18.5344 18.5082 18.4798 18.4929 18.5001 18.5123
-9999 -9999 -9999 -9999 -9999 -9999 -9999 17.67 17.5941 17.5146 17.4903 17.4991 17.4226 17.382 17.3976 17.424 17.452 17.5248 17.5365 17.5627 17.6301 17.7212 17.8196 17.8253 17.7831 17.7225 17.7119 17.7804 17.8191 17.8156 17.7745 17.7396 17.7029 17.7056 17.7373 17.8357 17.9395 17.9164 17.8907 17.9085 17.9389 18.0002 18.0319 18.0622 18.1119 18.183 18.1889 18.1918 18.1472 18.1466 18.1356 18.1297 18.1573 18.1704 18.1655 18.1707 18.1889 18.2075 18.226 18.2455 18.2655 18.29 18.3149 18.3435 18.4196 18.4744 18.5517 18.5143 18.5012 18.5133 18.5018 18.514
-9999 -9999 -9999 -9999 -9999 -9999 -9999 17.6929 17.6421 17.5669 17.5458 17.5033 17.432 17.4049 17.4001 17.4162 17.4401 17.4812 17.5119 17.5573 17.6269 17.7165 17.8142 17.8825 17.8685 17.7783 17.7673 17.8323 17.8792 17.8535 17.8089 17.736 17.7013 17.7105 17.7314 17.765 17.8453 17.9391 17.9563 17.9354 17.9853 18.0404 18.0377 18.0595 18.1088 18.1496 18.1767 18.1905 18.1678 18.1723 18.157 18.1254 18.1369 18.157 18.1546 18.1723 18.1906 18.2087 18.2278 18.2471 18.267 18.2905 18.3192 18.3764 18.4288 18.494 18.5193 18.4951 18.5 18.5004 18.5051 18.5199
-9999 -9999 -9999 -9999 -9999 -9999 -9999 17.7359 17.6738 17.6044 17.5407 17.4814 17.4326 17.4434 17.4252 17.4409 17.4387 17.4593 17.4985 17.5392 17.6014 17.7126 17.8082 17.9109 17.9014 17.8121 17.7957 17.8529 17.9466 17.8798 17.805 17.7389 17.7106 17.7613 17.7422 17.7618 17.8026 17.8654 17.9538 17.9701 18.041 18.0611 18.0518 18.061 18.0836 18.1188 18.1638 18.1776 18.1686 18.1822 18.1699 18.1498 18.1306 18.1431 18.1547 18.1733 18.1921 18.2105 18.2295 18.2494 18.2706 18.2943 18.3453 18.4023 18.4449 18.4964 18.5199 18.4852 18.4916 18.5003 18.5072 18.522
-9999 -9999 -9999 -9999 -9999 -9999 -9999 -9999 17.6767 17.6047 17.5556 17.5538 17.5123 17.4971 17.489 17.4995 17.447 17.4588 17.4894 17.5282 17.5836 17.6716 17.7372 17.8364 17.9116 17.894 17.8806 17.8727 17.894 17.8726 17.8013 17.7267 17.7327 17.8061 17.8141 17.8188 17.809 17.8399 17.9541 18.0209 18.0795 18.0686 18.0562 18.067 18.0838 18.1079 18.1365 18.1559 18.1343 18.1233 18.1354 18.1282 18.1279 18.1416 18.1565 18.1751 18.1936 18.2127 18.2329 18.2529 18.277 18.3073 18.362 18.4662 18.4819 18.5107 18.5569 18.5256 18.519 18.5058 18.5082 18.5238
-9999 -9999 -9999 -9999 -9999 -9999 -9999 -9999 17.7007 17.6152 17.6094 17.6267 17.676 17.6765 17.5685 17.5594 17.5098 17.4636 17.4837 17.5222 17.5751 17.6336 17.7158 17.8257 17.9158 17.9471 17.8762 17.8067 17.8049 17.7941 17.7564 17.7618 17.8361 17.9071 17.8927 17.891 17.8374 17.8419 17.8733 17.9494 18.034 18.0869 18.0641 18.077 18.093 18.111 18.1351 18.1486 18.1176 18.1115 18.1132 18.1229 18.1255 18.1404 18.1582 18.1761 18.1955 18.2155 18.2373 18.2595 18.2919 18.3272 18.4043 18.472 18.5216 18.5795 18.5135 18.5164 18.5089 18.51 18.5127 18.5293
