Test_Spring_2018b/04_18/Temp/20180414_001.txt
ncols	170
nrows	115
xllcorner	350000.000000
yllcorner	4445000.000000
cellsize	1000.000000
nodata_value	-9999.000000
[rows 32 to 63 of 115, columns 72 to 143 of 170]
12.816 12.5355 12.9784 13.3866 13.1472 12.9915 13.6597 13.6645 13.4426 12.9147 12.7241 12.5263 12.407 11.7284 9.81582 8.09221 9.02353 9.05074 8.4157 9.56987 8.96907 7.39255 5.16475 6.38587 6.07674 4.51634 4.14073 -9999 -9999 -9999 -9999 -9999 -9999 -9999 -9999 -9999 -9999 -9999 -9999 -9999 -9999 -9999 -9999 -9999 -9999 -9999 -9999 -9999 -9999 -9999 -9999 -9999 -9999 -9999 -9999 -9999 -9999 -9999 -9999 -9999 -9999 -9999 -9999 -9999 -9999 -9999 -9999 -9999 -9999 -9999 -9999 -9999
12.4319 12.3135 12.9701 12.9602 12.9309 13.17 13.5863 13.6734 13.5898 13.3623 13.166 12.9569 12.4188 11.6418 10.0057 8.04313 7.602 8.57025 8.62192 8.78236 8.23532 7.54692 6.46674 7.36309 7.71538 6.69128 5.34982 4.48585 -9999 -9999 -9999 -9999 -9999 -9999 -9999 -9999 -9999 -9999 -9999 -9999 -9999 -9999 -9999 -9999 -9999 -9999 -9999 -9999 -9999 -9999 -9999 -9999 -9999 -9999 -9999 -9999 -9999 -9999 -9999 -9999 -9999 -9999 -9999 -9999 -9999 -9999 -9999 -9999 -9999 -9999 -9999 -9999
11.9742 11.3449 11.7421 12.0414 12.6026 12.7443 12.8312 13.6147 13.5783 13.547 13.2194 12.9583 12.5226 11.775 10.7086 9.42376 7.18303 8.57315 9.66301 9.64094 9.58746 9.107 8.06946 8.94927 8.99689 7.6916 6.19633 5.31292 4.95165 -9999 -9999 -9999 -9999 -9999 -9999 -9999 -9999 -9999 -9999 -9999 -9999 -9999 -9999 -9999 -9999 -9999 -9999 -9999 -9999 -9999 -9999 -9999 -9999 -9999 -9999 -9999 -9999 -9999 -9999 -9999 -9999 -9999 -9999 -9999 -9999 -9999 -9999 -9999 -9999 -9999 -9999 -9999
11.4543 10.6848 11.0845 11.6166 12.3696 12.7653 13.0598 13.2975 13.5398 13.5165 13.181 12.1807 12.0419 12.0032 11.3074 9.84183 8.37837 8.00322 9.66293 10.1421 10.0515 10.427 9.54908 9.97341 9.80862 9.3533 7.91751 6.60344 6.06114 4.98252 -9999 -9999 -9999 -9999 -9999 -9999 -9999 -9999 -9999 -9999 -9999 -9999 -9999 -9999 -9999 -9999 -9999 -9999 -9999 -9999 -9999 -9999 -9999 -9999 -9999 -9999 -9999 -9999 -9999 -9999 -9999 -9999 -9999 -9999 -9999 -9999 -9999 -9999 -9999 -9999 -9999 -9999
-9999 -9999 10.198 10.9245 11.5222 12.2628 12.892 13.2121 13.5232 13.5032 12.8277 12.4997 12.4752 12.0208 11.2167 10.7139 9.79434 8.83624 9.20972 10.6261 10.0045 11.0101 10.9318 11.1219 10.4603 9.21343 7.53938 6.56613 6.08159 5.20868 -9999 -9999 -9999 -9999 -9999 -9999 -9999 -9999 -9999 -9999 -9999 -9999 -9999 -9999 -9999 -9999 -9999 -9999 -9999 -9999 -9999 -9999 -9999 -9999 -9999 -9999 -9999 -9999 -9999 -9999 -9999 -9999 -9999 -9999 -9999 -9999 -9999 -9999 -9999 -9999 -9999 -9999
-9999 -9999 -9999 10.7885 11.2446 12.2234 12.7345 12.9439 13.4426 13.4484 13.1953 13.0053 12.7275 12.3633 11.76 11.0941 10.2295 10.1543 11.0622 11.079 10.8965 11.0509 11.5209 11.4051 10.3865 8.61255 7.67646 5.78188 4.96774 5.05838 4.48279 -9999 -9999 -9999 -9999 -9999 -9999 -9999 -9999 -9999 -9999 -9999 -9999 6.79863 -9999 -9999 -9999 -9999 -9999 -9999 -9999 -9999 -9999 -9999 -9999 -9999 -9999 -9999 -9999 -9999 -9999 -9999 -9999 -9999 3.46383 -9999 -9999 -9999 -9999 -9999 -9999 -9999
-9999 -9999 10.6886 11.3017 11.7802 12.3956 12.4666 12.8309 13.4035 13.4163 13.2381 13.0359 12.576 12.4654 12.1238 11.4003 11.2563 11.5567 11.6982 11.8581 11.9591 11.8885 11.7073 11.4713 10.8226 10.0022 9.45383 7.71863 6.8459 6.00514 4.72899 3.73175 -9999 -9999 -9999 -9999 -9999 -9999 -9999 6.09073 6.05079 6.08171 6.37154 7.15695 6.70993 -9999 -9999 -9999 -9999 -9999 -9999 -9999 -9999 -9999 -9999 -9999 -9999 -9999 -9999 -9999 -9999 -9999 -9999 -9999 4.16178 3.15699 -9999 -9999 -9999 -9999 -9999 -9999
-9999 -9999 10.8488 11.494 11.8188 12.4169 12.761 12.991 13.1926 13.3852 13.3579 13.1336 12.7901 12.7966 12.3218 12.0681 11.8885 12.293 12.3775 12.2233 12.0286 11.8576 11.3619 11.3107 11.1651 10.6473 9.79226 8.91073 7.64811 5.91375 4.21262 2.84134 -9999 -9999 -9999 -9999 -9999 -9999 6.22162 6.87397 7.26829 6.45514 7.16599 7.81693 7.7242 7.12226 -9999 -9999 -9999 -9999 -9999 -9999 -9999 -9999 -9999 -9999 -9999 -9999 -9999 -9999 8.92675 7.89627 5.80979 4.74274 4.10461 3.19144 -9999 -9999 -9999 -9999 -9999 -9999
-9999 -9999 10.7168 11.4783 11.9958 12.4556 12.5333 13.0005 13.2148 13.3202 13.3125 13.2712 13.2111 12.7969 12.6213 11.9937 12.6031 12.5854 12.438 11.8383 11.5821 10.5488 10.0981 10.013 10.8958 10.2573 8.9152 7.23521 5.21992 5.10195 4.43706 3.21184 -9999 -9999 -9999 -9999 -9999 -9999 6.41468 7.11196 7.69586 7.78846 6.98118 8.13104 8.10697 7.47998 7.3461 7.87975 8.15532 7.97688 8.61461 8.80569 8.53156 8.84753 -9999 -9999 -9999 -9999 9.05849 9.10496 9.14112 8.71437 6.43438 4.8788 3.4825 3.36117 -9999 -9999 -9999 -9999 -9999 -9999
-9999 -9999 11.2351 11.7065 11.9476 11.9913 12.4044 12.8131 13.0746 13.2627 13.2298 13.2186 13.2064 13.0672 12.7388 12.8028 12.7806 12.5918 11.4441 10.1041 10.6974 9.90494 8.2027 9.60916 10.3813 9.65703 8.02938 6.14038 5.53176 5.57105 4.64387 3.44826 -9999 -9999 -9999 4.50368 5.49686 5.58876 5.8866 6.81401 7.52202 8.05976 8.42876 8.43177 8.06904 7.4567 6.79016 7.04332 8.27436 8.58255 8.85497 9.05303 8.79931 8.94293 9.27537 9.4496 9.48895 9.41698 9.40391 9.43488 9.40022 9.00203 6.96361 5.79869 5.05734 3.55982 -9999 -9999 -9999 -9999 -9999 -9999
-9999 -9999 10.9389 11.3498 11.6835 12.2332 12.296 12.6453 12.8513 13.1642 13.2023 12.8502 13.1475 13.113 13.0618 12.9492 12.7829 11.8144 10.4782 9.13927 8.52501 8.79761 7.77629 8.32065 9.10307 8.83016 7.8358 6.15386 5.9231 5.54101 3.98345 2.47798 -9999 -9999 2.57745 4.47736 5.81695 6.51101 6.7307 6.75847 7.64854 7.7268 8.68607 8.47755 7.23821 7.39134 6.91832 7.24708 7.70797 7.84181 8.50268 9.13367 9.25852 9.26836 9.48235 9.53067 9.5467 9.54586 9.40932 9.47781 9.49172 9.24487 7.76843 7.05087 6.26269 3.5769 -9999 -9999 -9999 -9999 -9999 -9999
-9999 -9999 11.1425 11.6013 12.1028 12.1888 12.5611 12.5276 12.4251 12.9413 13.1363 12.8885 12.711 13.0471 13.0275 12.987 12.9186 12.0087 10.9556 9.35916 8.37017 7.76911 7.3446 6.78396 7.19022 7.07742 6.92296 7.11836 6.6627 5.74625 4.83353 3.12406 2.19845 -9999 2.67478 3.53428 5.12616 6.48041 7.34292 7.04226 8.05334 8.2486 8.83965 8.51139 7.76576 7.45326 7.43672 7.34915 8.03689 8.50704 8.84522 9.069 9.34653 9.42164 9.49616 9.53018 9.55054 9.57057 9.57108 9.56952 9.5433 9.45282 8.77606 8.06194 6.50936 3.66359 -9999 -9999 -9999 -9999 -9999 -9999
-9999 9.81033 11.0866 11.8521 12.1521 12.3699 12.5621 12.7022 12.8462 12.9827 13.0782 13.0452 12.3834 12.4406 12.5632 12.944 12.9213 12.8435 12.2703 10.3264 9.65964 8.6838 7.41662 6.89908 7.17487 8.22963 8.19182 7.50785 6.74406 5.68741 5.01582 3.9667 1.9505 2.13609 3.0512 3.73326 4.81628 6.47018 7.63207 8.15496 8.35803 8.77523 8.99731 8.54647 8.1203 7.94723 7.61547 7.58015 7.59587 8.01659 8.35253 9.07519 9.32231 9.44023 9.50224 9.53767 9.56416 9.58971 9.60086 9.59077 9.59497 9.59302 9.54858 8.5936 6.19671 4.38936 -9999 -9999 -9999 -9999 -9999 -9999
-9999 -9999 10.8488 11.1894 11.2832 11.4419 11.7602 12.1258 12.639 12.7091 12.9946 12.9964 12.4285 11.7697 12.3489 12.5812 12.8225 12.8345 12.7656 11.1338 10.2839 9.61704 8.4026 8.85935 9.28817 9.32954 9.08587 7.60999 6.13951 4.44466 2.85808 2.78712 1.93519 2.3945 2.99985 4.54927 5.64121 6.08715 6.40983 8.09304 8.53817 8.70007 9.14058 8.56782 8.43713 8.01137 8.15626 8.13189 8.14829 6.94348 8.18365 8.26689 9.07293 9.44205 9.53064 9.55827 9.5865 9.59427 9.60243 9.60208 9.61341 9.60597 9.59597 8.97654 5.93697 4.40948 -9999 -9999 -9999 -9999 -9999 -9999
-9999 -9999 -9999 -9999 10.9652 11.2259 11.3945 11.6818 12.5494 12.7868 12.9455 12.9622 12.71 12.0588 11.8893 12.0126 11.3777 11.9175 12.6546 12.6431 12.562 11.1296 10.4071 11.1307 10.9238 9.8505 9.00753 8.17514 6.45234 5.19507 3.3759 2.01048 1.96324 3.47966 4.74058 6.30816 7.00211 6.6137 7.04496 7.88606 8.84081 9.30856 9.21247 8.60835 8.53977 7.87613 8.55736 8.62912 8.33359 8.07964 8.20469 8.6099 8.77031 9.40203 9.56037 9.59448 9.60384 9.61027 9.61096 9.61051 9.60622 9.60304 9.59801 9.574 6.44938 4.01599 -9999 -9999 -9999 -9999 -9999 -9999
-9999 -9999 -9999 -9999 10.3618 10.523 10.9361 11.9878 12.5376 12.7632 12.7595 12.8653 12.6884 12.1153 11.527 10.9726 10.2573 10.6738 11.7682 12.4168 12.4975 11.2429 11.9146 11.6787 11.2038 9.79731 8.76296 8.21852 6.56499 5.1521 3.94388 2.27245 2.99396 3.78754 4.80542 6.51591 7.67108 8.14885 7.75772 8.29752 9.39484 9.41152 8.82829 8.88007 8.5355 7.62356 8.60355 8.89013 8.68607 8.75714 8.69403 8.85225 9.1297 9.39421 9.57171 9.60086 9.60869 9.60683 9.60973 9.61334 9.60434 9.60852 9.60336 9.59149 7.57622 3.96761 -9999 -9999 -9999 -9999 -9999 -9999
-9999 -9999 -9999 -9999 -9999 9.81899 10.7546 12.149 12.4955 12.4683 12.759 12.7872 12.5139 12.2769 11.5621 10.5845 8.70415 9.18932 10.1972 11.6489 12.4158 12.3218 11.9139 11.1903 9.42494 7.88106 7.70193 7.45658 6.25214 5.16639 3.82249 4.6099 5.47116 6.41238 6.90834 6.78375 7.77416 8.58324 8.24756 8.90799 9.67879 9.34398 9.15168 8.99339 8.5924 8.58215 8.6412 9.20439 8.84029 9.0878 9.11227 9.11096 9.25137 9.41004 9.57483 9.60677 9.61197 9.61831 9.60317 9.61253 9.60649 9.60082 9.59629 9.58663 9.40841 7.46512 6.308 -9999 -9999 -9999 -9999 -9999
-9999 -9999 -9999 -9999 -9999 8.95901 9.42832 11.0789 11.5885 12.3199 12.7098 12.731 12.2674 12.0108 10.9439 10.6003 8.86116 8.0775 8.75335 8.50389 10.5009 12.2696 11.901 8.3577 7.08077 6.17268 6.41801 6.42925 6.10003 4.24457 3.73648 5.41245 6.46895 7.28794 7.90976 8.04222 8.02446 9.28726 9.46087 9.87718 9.79728 9.84566 9.22214 8.84198 9.20328 8.82207 8.7696 9.35082 8.80833 9.32702 9.28616 9.14665 9.14932 9.49064 9.5656 9.60728 9.6143 9.60502 9.59122 9.58505 9.59886 9.59715 9.58241 9.5875 9.57406 9.34373 8.34249 7.99637 8.3922 -9999 -9999 -9999
-9999 -9999 -9999 -9999 -9999 -9999 7.89183 10.1838 11.23 11.7833 12.5601 12.6568 12.4125 11.9656 10.8789 9.92402 8.36986 6.59495 5.65966 8.48798 10.9513 12.2413 12.0874 9.13945 7.98202 7.93764 8.6346 8.06339 7.63171 6.22427 5.80686 5.22341 5.5911 6.7316 7.66395 8.5623 9.21672 9.27418 9.70178 9.95333 9.98205 10.0683 10.0052 9.95696 9.36146 9.79967 9.4552 9.66088 9.55281 9.45623 9.37947 9.04037 9.2987 9.52733 9.5916 9.61517 9.60669 9.60736 9.60106 9.58299 9.57829 9.58023 9.58189 9.57483 9.57932 9.56931 9.46157 8.86164 8.05707 7.03942 -9999 -9999
-9999 -9999 -9999 -9999 -9999 -9999 6.74765 9.02835 10.1262 11.5423 12.2725 12.572 12.5362 12.1748 11.35 10.1073 9.07313 7.09122 5.03379 8.00112 10.6499 12.0816 12.1657 9.69569 10.3945 9.84708 10.081 9.07014 8.65479 8.33045 7.60473 6.80977 5.9394 5.4821 7.56886 8.64211 9.50681 9.91721 10.152 10.273 10.2205 10.0768 9.16282 9.88041 9.85993 9.80371 9.73748 9.71285 9.65398 9.58168 9.54931 9.54261 9.3199 9.59351 9.59422 9.60369 9.60972 9.60666 9.59665 9.58783 9.5761 9.58144 9.5774 9.57251 9.57088 9.56842 9.56589 9.538 9.38295 8.014 7.19798 6.97856
-9999 -9999 -9999 -9999 -9999 -9999 3.54795 6.8638 9.52602 10.9201 12.0566 12.3708 12.4902 12.0044 11.6421 10.7524 9.91064 8.6102 6.66048 5.46272 7.68658 10.9169 12.1179 12.0408 11.9757 11.3409 10.7695 10.7048 10.7564 10.0916 9.11478 7.83429 7.44077 6.99396 8.54942 8.76364 8.6543 10.365 10.3743 10.2837 9.63833 8.91837 9.06724 8.6311 8.99423 8.46818 8.97756 9.41977 9.59328 9.59305 9.55432 9.55914 9.54314 9.59671 9.60296 9.60148 9.6007 9.60167 9.59862 9.58168 9.57313 9.58303 9.57621 9.56999 9.56659 9.56589 9.56703 9.54761 9.53081 9.32528 9.01356 8.41867
-9999 -9999 -9999 -9999 -9999 -9999 3.6887 6.47468 8.84159 10.2646 11.6306 11.9502 12.4134 12.3176 11.9381 11.1654 10.1995 9.1301 7.45813 6.21739 7.70673 9.85378 11.3936 11.9586 11.9665 11.9383 11.8012 11.7501 11.5883 11.4783 10.7786 9.57333 8.89152 7.89119 9.62457 9.8226 9.55632 10.4242 10.3863 9.08733 8.09103 7.97427 8.59886 8.02724 7.94108 7.5957 8.01813 9.12891 8.82132 8.89715 9.41323 9.50554 9.56668 9.58879 9.59224 9.5958 9.59238 9.59792 9.60283 9.58657 9.5806 9.5792 9.5635 9.56822 9.55942 9.55 9.54823 9.54004 9.52502 9.47052 9.40961 9.49012
-9999 -9999 -9999 -9999 -9999 -9999 3.743 5.6178 7.74822 9.84094 11.2996 11.8901 12.321 12.32 11.8784 11.4964 10.8926 9.9523 9.30933 8.18965 6.6513 9.24748 10.0492 10.7736 11.0803 11.8275 11.8178 11.4873 11.1091 11.4805 11.3841 10.4279 10.1165 9.58714 10.5533 10.5598 10.5376 10.4909 9.39372 7.86729 6.64933 7.539 7.36375 7.78211 6.54416 7.58709 8.42979 8.7117 8.16418 7.75725 9.06982 9.29381 9.43002 9.51951 9.58006 9.57311 9.59158 9.58853 9.58877 9.58826 9.58062 9.57732 9.56961 9.56188 9.56035 9.55216 9.54199 9.52728 9.53138 9.5074 9.50052 9.50055
-9999 -9999 -9999 -9999 -9999 -9999 -9999 4.50943 7.21107 9.62147 10.9651 11.8114 12.2256 12.222 11.9981 11.7401 11.3673 10.6902 9.83884 8.49096 7.49222 8.13645 8.92193 9.02568 9.55118 11.0601 11.5807 10.8615 9.07577 10.1492 11.3379 11.3242 11.2284 11.1203 10.9819 10.8563 10.5761 9.81813 7.4859 7.03085 6.12087 6.23303 5.77129 6.81271 6.44449 7.51145 7.98054 8.16495 7.20049 7.4263 8.58398 9.04739 8.98071 9.26723 9.5418 9.5567 9.56982 9.56784 9.578 9.58422 9.58371 9.57425 9.56934 9.56694 9.55574 9.55755 9.47521 9.42364 9.31438 9.46162 9.4809 9.49157
-9999 -9999 -9999 -9999 -9999 -9999 -9999 3.97349 6.66757 9.50556 10.4195 11.3317 12.1195 12.1387 11.7947 11.468 11.1315 10.7482 9.71437 8.71239 7.75639 7.43971 7.63995 7.64144 8.48629 10.4493 10.8353 10.681 8.82253 8.19364 9.77969 11.1132 11.2231 11.1077 9.54989 9.88778 9.04992 7.91205 7.60336 7.10945 6.05906 6.57596 5.80983 6.15112 6.08274 6.69268 6.99578 7.71956 6.87978 6.90267 8.03919 8.61627 8.63897 9.24289 9.46256 9.52474 9.54463 9.56002 9.56751 9.58151 9.58048 9.57613 9.56899 9.54515 9.48215 9.285 8.15367 8.16005 8.47562 8.77475 9.3218 9.46775
-9999 -9999 -9999 -9999 -9999 -9999 -9999 4.28206 6.15292 8.67164 10.5383 10.6595 11.569 12.0405 11.6663 11.2445 10.813 10.6273 9.50163 8.26497 7.26712 6.08522 6.28707 7.14632 8.55862 9.82887 10.0618 9.80763 8.82056 9.30195 10.3855 10.9633 11.1375 11.0099 10.6748 10.4834 9.86802 9.60468 8.74856 7.40697 6.88308 7.22708 5.80408 5.91292 6.4515 5.91062 6.84782 7.30178 6.21349 7.10635 8.11129 8.62911 9.08239 9.30073 9.39179 9.52709 9.53651 9.5529 9.56399 9.56703 9.5717 9.55547 9.54282 9.42743 9.25513 8.2059 7.77322 7.86422 8.35657 8.78847 9.23798 9.42522
-9999 -9999 -9999 -9999 -9999 -9999 -9999 4.59765 6.28253 8.46703 9.7992 10.041 11.0493 11.9464 11.8509 11.412 11.2815 10.8268 9.87286 8.81889 7.66663 7.10951 5.82144 7.10151 8.12666 9.20311 9.71027 8.90338 8.49474 9.2358 9.97234 10.2699 11.0134 11.0118 10.7768 9.74553 9.24564 9.46526 9.25431 8.88058 7.95967 7.9259 7.33783 7.09944 6.87517 6.1387 6.63175 6.68996 6.83326 7.89822 8.42526 8.77728 9.09776 9.18731 9.33019 9.51303 9.53464 9.54664 9.55118 9.55954 9.55144 9.50604 9.46848 9.23171 8.80896 8.01607 6.72998 7.64616 8.6041 8.88435 9.1727 9.32066
-9999 -9999 -9999 -9999 -9999 -9999 -9999 4.30885 6.09843 7.96607 8.74939 8.88589 10.7075 11.8246 11.8308 11.6251 11.3842 10.2539 10.3255 10.1036 9.06453 7.54877 5.88365 6.04619 7.05726 8.47777 8.95167 7.60509 7.12853 7.48985 8.60048 9.59512 10.6333 10.9012 10.6039 8.99563 7.28636 8.08789 8.9442 8.94618 8.70388 7.85071 7.58533 7.34623 6.72696 5.6792 5.85014 6.15525 7.36507 7.74992 8.33939 8.83004 8.65591 8.76967 9.23812 9.50943 9.52551 9.53596 9.5501 9.54918 9.53834 9.44333 9.34236 9.16963 8.05972 7.37144 6.36263 7.54774 8.20205 8.55045 9.17284 9.32407
-9999 -9999 -9999 -9999 -9999 -9999 -9999 3.75378 5.05366 6.83898 7.56107 8.71026 10.432 11.281 11.6903 11.6859 11.5268 11.0232 10.7225 10.1253 9.04405 7.56379 5.91788 4.8484 5.40057 7.31878 7.78415 6.53454 5.89983 6.70402 7.88718 9.63613 10.6378 10.778 10.6936 10.3665 9.12027 7.6135 7.62505 8.39056 7.76274 7.03227 7.44593 7.37898 6.76741 6.32515 6.07146 6.25553 6.95097 7.23971 7.9191 8.91755 9.06705 9.04617 9.47001 9.49733 9.51315 9.53464 9.5396 9.54098 9.53349 9.45698 9.27941 8.54223 7.90001 7.00468 6.89824 7.94947 8.40146 8.83741 9.14434 9.24665
-9999 -9999 -9999 -9999 -9999 -9999 -9999 2.79986 4.32841 6.00114 7.56762 9.04987 10.3262 10.4288 11.1041 11.1077 11.4637 11.3676 10.9012 10.3989 9.46787 7.56465 5.96522 4.22051 4.68732 6.64123 6.91629 6.07801 4.52403 6.14075 7.92296 9.53866 10.4159 9.73829 10.4442 10.3925 9.9293 9.03484 7.64092 7.67413 6.63176 6.5935 7.14022 7.32325 7.24186 6.91193 6.38671 6.49801 6.92688 7.04003 7.66491 8.44113 9.19981 9.33319 9.48325 9.49583 9.50424 9.52172 9.52871 9.5183 9.48494 9.40471 8.78754 8.05258 7.60164 6.97923 6.9079 8.11218 8.59467 8.87228 9.13769 9.24435
-9999 -9999 -9999 -9999 -9999 -9999 -9999 -9999 4.16972 5.89767 7.17741 7.5252 8.66015 9.27499 9.75177 9.86087 11.2134 11.2922 10.9981 10.537 9.74356 8.30045 7.29659 5.62315 4.42184 4.94127 5.18542 5.63477 5.5099 6.23409 7.94684 9.73094 9.93055 8.80637 8.97933 9.22148 9.75718 9.49455 7.59289 6.63017 5.83251 6.41147 7.02049 7.17404 7.2115 7.10406 6.98884 6.78233 7.59515 8.19861 8.34467 8.87133 9.26186 9.37474 9.46117 9.4774 9.49348 9.4994 9.48259 9.47168 9.38062 9.17012 8.47914 6.81058 6.89338 6.71703 6.20114 7.37317 8.12858 8.79606 9.15211 9.24618
-9999 -9999 -9999 -9999 -9999 -9999 -9999 -9999 3.5934 5.59199 6.01763 5.99072 5.33484 5.64311 8.09503 8.59222 9.88942 11.118 11.0326 10.5802 9.83803 8.98044 7.65014 5.76732 4.27239 3.65977 5.28811 6.8811 7.21421 7.72603 8.77765 8.98197 7.83284 6.75557 7.36905 7.74089 9.14194 9.40261 9.13772 7.99471 6.68723 6.00839 6.82599 6.94224 6.99914 7.0173 7.00474 6.99406 7.91711 8.42724 8.78339 8.98066 9.31704 9.40829 9.44196 9.47368 9.47377 9.46254 9.41603 9.36217 9.10705 8.79699 7.66201 6.71646 6.1285 5.3809 7.08041 7.57814 8.28092 8.74103 9.09503 9.17472
