Test_Spring_2018b/04_18/Temp/20180425_000.txt
ncols	170
nrows	115
xllcorner	350000.000000
yllcorner	4445000.000000
cellsize	1000.000000
nodata_value	-9999.000000
[rows 32 to 63 of 115, columns 72 to 143 of 170]
14.2689 13.974 14.4294 14.8488 14.6071 14.4507 15.1422 15.1435 14.9096 14.3583 14.1566 13.9473 13.8193 13.1114 11.124 9.3327 10.2944 10.3187 9.65665 10.85 10.2239 8.58631 6.27364 7.53728 7.21435 5.58719 5.18407 -9999 -9999 -9999 -9999 -9999 -9999 -9999 -9999 -9999 -9999 -9999 -9999 -9999 -9999 -9999 -9999 -9999 -9999 -9999 -9999 -9999 -9999 -9999 -9999 -9999 -9999 -9999 -9999 -9999 -9999 -9999 -9999 -9999 -9999 -9999 -9999 -9999 -9999 -9999 -9999 -9999 -9999 -9999 -9999 -9999
13.8697 13.7428 14.4195 14.4053 14.3766 14.6345 15.0649 15.1516 15.0612 14.8214 14.6138 14.3929 13.8308 13.021 11.3204 9.28131 8.81992 9.82005 9.86996 10.0329 9.46242 8.74562 7.62279 8.54958 8.91239 7.83836 6.43621 5.54236 -9999 -9999 -9999 -9999 -9999 -9999 -9999 -9999 -9999 -9999 -9999 -9999 -9999 -9999 -9999 -9999 -9999 -9999 -9999 -9999 -9999 -9999 -9999 -9999 -9999 -9999 -9999 -9999 -9999 -9999 -9999 -9999 -9999 -9999 -9999 -9999 -9999 -9999 -9999 -9999 -9999 -9999 -9999 -9999
13.394 12.7372 13.145 13.4513 14.0433 14.1943 14.2809 15.0896 15.0481 15.0119 14.6682 14.3935 13.9377 13.1584 12.0486 10.7122 8.38487 9.82241 10.9488 10.9224 10.8636 10.3624 9.28369 10.1933 10.2402 8.86445 7.31895 6.39881 6.01992 -9999 -9999 -9999 -9999 -9999 -9999 -9999 -9999 -9999 -9999 -9999 -9999 -9999 -9999 -9999 -9999 -9999 -9999 -9999 -9999 -9999 -9999 -9999 -9999 -9999 -9999 -9999 -9999 -9999 -9999 -9999 -9999 -9999 -9999 -9999 -9999 -9999 -9999 -9999 -9999 -9999 -9999 -9999
12.8537 12.0515 12.4618 13.0095 13.7957 14.2091 14.5166 14.7595 15.0071 14.9792 14.6275 13.5863 13.4384 13.3942 12.6686 11.145 9.6235 9.2306 10.9478 11.4411 11.3438 11.73 10.8168 11.2542 11.0809 10.5949 9.09958 7.73621 7.16977 6.04703 -9999 -9999 -9999 -9999 -9999 -9999 -9999 -9999 -9999 -9999 -9999 -9999 -9999 -9999 -9999 -9999 -9999 -9999 -9999 -9999 -9999 -9999 -9999 -9999 -9999 -9999 -9999 -9999 -9999 -9999 -9999 -9999 -9999 -9999 -9999 -9999 -9999 -9999 -9999 -9999 -9999 -9999
-9999 -9999 11.5412 12.2994 12.9176 13.6866 14.3414 14.6698 14.9887 14.9643 14.2602 13.9161 13.8868 13.4115 12.5737 12.0482 11.0907 10.0933 10.4767 11.9417 11.2938 12.3334 12.2494 12.4439 11.7556 10.4553 8.70671 7.69716 7.1909 6.28176 -9999 -9999 -9999 -9999 -9999 -9999 -9999 -9999 -9999 -9999 -9999 -9999 -9999 -9999 -9999 -9999 -9999 -9999 -9999 -9999 -9999 -9999 -9999 -9999 -9999 -9999 -9999 -9999 -9999 -9999 -9999 -9999 -9999 -9999 -9999 -9999 -9999 -9999 -9999 -9999 -9999 -9999
-9999 -9999 -9999 12.1568 12.6282 13.64 14.1765 14.3903 14.9039 14.9063 14.6402 14.4393 14.1473 13.7656 13.1359 12.4413 11.5406 11.4585 12.396 12.4099 12.2172 12.3742 12.8587 12.7363 11.667 9.83108 8.85766 6.88391 6.0363 6.1267 5.52605 -9999 -9999 -9999 -9999 -9999 -9999 -9999 -9999 -9999 -9999 -9999 -9999 7.81014 -9999 -9999 -9999 -9999 -9999 -9999 -9999 -9999 -9999 -9999 -9999 -9999 -9999 -9999 -9999 -9999 -9999 -9999 -9999 -9999 4.04019 -9999 -9999 -9999 -9999 -9999 -9999 -9999
-9999 -9999 12.0469 12.689 13.182 13.8171 13.8914 14.2716 14.862 14.8718 14.6833 14.4699 13.989 13.8702 13.5118 12.7573 12.6037 12.911 13.0537 13.2159 13.3172 13.2409 13.0503 12.8034 12.1241 11.2708 10.6998 8.88873 7.98444 7.10966 5.78321 4.74559 -9999 -9999 -9999 -9999 -9999 -9999 -9999 7.13286 7.07901 7.09751 7.38346 8.18237 7.70265 -9999 -9999 -9999 -9999 -9999 -9999 -9999 -9999 -9999 -9999 -9999 -9999 -9999 -9999 -9999 -9999 -9999 -9999 -9999 4.75906 3.70551 -9999 -9999 -9999 -9999 -9999 -9999
-9999 -9999 12.2206 12.8864 13.2202 13.8375 14.1916 14.436 14.6418 14.8381 14.8063 14.5699 14.2097 14.2122 13.7156 13.448 13.2574 13.6725 13.756 13.5923 13.3871 13.2067 12.6903 12.6352 12.4776 11.9385 11.0499 10.1341 8.81723 7.01657 5.25018 3.82545 -9999 -9999 -9999 -9999 -9999 -9999 7.28505 7.94977 8.34556 7.48805 8.20958 8.86797 8.75444 8.09785 -9999 -9999 -9999 -9999 -9999 -9999 -9999 -9999 -9999 -9999 -9999 -9999 -9999 -9999 9.73704 8.65864 6.48497 5.36787 4.69497 3.73634 -9999 -9999 -9999 -9999 -9999 -9999
-9999 -9999 12.0813 12.8679 13.4018 13.8759 13.954 14.4413 14.6632 14.7692 14.7577 14.711 14.6446 14.2109 14.0242 13.3689 13.9962 13.9734 13.8163 13.1906 12.9216 11.8472 11.3776 11.2835 12.1967 11.5328 10.1398 8.39661 6.31016 6.17679 5.48571 4.21326 -9999 -9999 -9999 -9999 -9999 -9999 7.49144 8.20228 8.79395 8.87468 8.02099 9.19548 9.13889 8.46818 8.30851 8.84104 9.10633 8.89682 9.53011 9.71096 9.41077 9.72382 -9999 -9999 -9999 -9999 9.88653 9.92542 9.95364 9.50165 7.12765 5.50417 4.04518 3.89565 -9999 -9999 -9999 -9999 -9999 -9999
-9999 -9999 12.6161 13.1021 13.3496 13.3926 13.8187 14.2454 14.516 14.7108 14.6729 14.6573 14.6403 14.4912 14.146 14.2075 14.1796 13.9792 12.7849 11.3916 12.0035 11.1768 9.41519 10.8624 11.6611 10.9089 9.22041 7.26124 6.63407 6.66532 5.7032 4.46756 -9999 -9999 -9999 5.54725 6.57011 6.65677 6.95517 7.90459 8.62478 9.16073 9.52554 9.51188 9.10077 8.44363 7.73002 7.97014 9.22464 9.52302 9.77278 9.96003 9.68043 9.81473 10.1463 10.3152 10.3454 10.2612 10.2387 10.2623 10.2178 9.79605 7.67153 6.45335 5.67351 4.0985 -9999 -9999 -9999 -9999 -9999 -9999
-9999 -9999 12.3114 12.7348 13.0784 13.6455 13.7085 14.0684 14.2839 14.6068 14.6424 14.2732 14.5769 14.5363 14.4782 14.3564 14.179 13.17 11.78 10.3878 9.74757 10.0322 8.97156 9.52587 10.3356 10.0499 9.02575 7.28169 7.04248 6.65029 5.02675 3.46502 -9999 -9999 3.56121 5.52631 6.90866 7.61975 7.83695 7.8531 8.76138 8.82608 9.80261 9.56936 8.24948 8.38526 7.86085 8.17765 8.62947 8.74634 9.40645 10.0356 10.1483 10.1436 10.3523 10.3907 10.3972 10.3872 10.2373 10.3004 10.3069 10.0427 8.50283 7.74901 6.91194 4.11535 -9999 -9999 -9999 -9999 -9999 -9999
-9999 -9999 12.5233 12.9968 13.5146 13.6016 13.9853 13.9446 13.8401 14.3721 14.5718 14.3106 14.1218 14.4653 14.4396 14.3924 14.3162 13.3678 12.2713 10.6121 9.58336 8.96166 8.52022 7.93617 8.35659 8.23927 8.07912 8.28206 7.80956 6.86392 5.91776 4.13825 3.17803 -9999 3.66779 4.55461 6.1989 7.59462 8.47819 8.15337 9.18647 9.37159 9.96801 9.60648 8.79764 8.44417 8.40246 8.28713 8.97607 9.42927 9.75376 9.96574 10.2311 10.2937 10.3577 10.3816 10.3929 10.4051 10.398 10.3892 10.3547 10.2532 9.54301 8.78553 7.1644 4.20169 -9999 -9999 -9999 -9999 -9999 -9999
-9999 11.1361 12.4622 13.2539 13.5631 13.787 13.9841 14.127 14.2774 14.4128 14.5081 14.4704 13.7794 13.8334 13.955 14.3443 14.3153 14.2295 13.6305 11.611 10.9195 9.91124 8.59703 8.05245 8.33807 9.4319 9.39329 8.68503 7.89424 6.8034 6.10791 5.02049 2.92452 3.11628 4.06306 4.76641 5.88338 7.58992 8.78378 9.31254 9.50723 9.92435 10.1343 9.63866 9.16083 8.95561 8.5855 8.5228 8.51345 8.9248 9.24577 9.96353 10.2012 10.3044 10.3553 10.3809 10.3989 10.4175 10.4221 10.4051 10.4028 10.3937 10.3338 9.33359 6.83448 4.94828 -9999 -9999 -9999 -9999 -9999 -9999
-9999 -9999 12.2124 12.5639 12.6594 12.8222 13.1503 13.5271 14.0602 14.1291 14.4207 14.4164 13.8231 13.1345 13.7293 13.9644 14.209 14.2162 14.1401 12.4495 11.5667 10.8746 9.61544 10.0819 10.5266 10.5701 10.3186 8.78973 7.26675 5.51464 3.87081 3.79808 2.91524 3.38742 4.01356 5.6167 6.7432 7.19734 7.52096 9.25257 9.69997 9.84442 10.2794 9.66188 9.48963 9.02103 9.14378 9.09109 9.08109 7.80568 9.06317 9.12652 9.94162 10.3002 10.3766 10.3943 10.4145 10.4152 10.4173 10.411 10.4168 10.3985 10.3777 9.72523 6.56201 4.96577 -9999 -9999 -9999 -9999 -9999 -9999
-9999 -9999 -9999 -9999 12.3271 12.5956 12.7686 13.0643 13.9646 14.2069 14.3669 14.3791 14.1121 13.4309 13.2491 13.3711 12.707 13.2627 14.0242 14.0099 13.9245 12.4387 11.6837 12.4339 12.2197 11.1079 10.2353 9.3741 7.58993 6.29187 4.40727 2.99274 2.94431 4.51619 5.82047 7.44275 8.15682 7.74594 8.18213 9.03932 10.012 10.477 10.3549 9.70402 9.59555 8.87925 9.55705 9.60294 9.26845 8.97795 9.07834 9.47476 9.61979 10.2563 10.4049 10.4247 10.4258 10.4254 10.4203 10.4144 10.4013 10.3905 10.3766 10.3416 7.09015 4.55441 -9999 -9999 -9999 -9999 -9999 -9999
-9999 -9999 -9999 -9999 11.6987 11.8643 12.2908 13.379 13.9496 14.1795 14.171 14.2755 14.0863 13.486 12.8699 12.2889 11.5421 11.9695 13.1009 13.7711 13.8536 12.5526 13.2436 12.9991 12.5073 11.0502 9.9794 9.417 7.70489 6.24563 4.99472 3.26308 4.01194 4.8345 5.88823 7.65813 8.85056 9.33743 8.9209 9.46619 10.5865 10.5835 9.9559 9.98463 9.5896 8.6152 9.6021 9.87005 9.62972 9.67556 9.58028 9.72008 9.98604 10.2415 10.4098 10.4274 10.4252 10.4166 10.414 10.4113 10.3957 10.3927 10.3788 10.3565 8.25528 4.50087 -9999 -9999 -9999 -9999 -9999 -9999
-9999 -9999 -9999 -9999 -9999 11.1317 12.0998 13.5434 13.9031 13.8707 14.1672 14.1911 13.9019 13.6501 12.9026 11.883 9.92788 10.4265 11.4683 12.9714 13.7656 13.6681 13.2398 12.4897 10.6601 9.06058 8.87663 8.62438 7.37793 6.25786 4.86623 5.68408 6.57781 7.55342 8.06597 7.93337 8.95486 9.78565 9.42637 10.0968 10.8785 10.511 10.2887 10.0996 9.64594 9.6063 9.63809 10.1926 9.78611 10.0146 10.01 9.98412 10.1078 10.2534 10.4084 10.4289 10.4247 10.4243 10.4028 10.4068 10.3943 10.3812 10.368 10.348 10.1516 8.12394 6.90992 -9999 -9999 -9999 -9999 -9999
-9999 -9999 -9999 -9999 -9999 10.2374 10.7219 12.4309 12.9597 13.7137 14.113 14.1295 13.643 13.3715 12.2588 11.8965 10.0879 9.2709 9.96848 9.70777 11.7775 13.6115 13.2239 9.55005 8.22677 7.28643 7.54247 7.55611 7.21695 5.29858 4.77331 6.51223 7.60812 8.45675 9.0996 9.23322 9.20934 10.5109 10.6792 11.0966 10.9965 11.0266 10.3575 9.93852 10.2755 9.85155 9.768 10.3415 9.75022 10.2601 10.1879 10.0188 9.99976 10.3347 10.3966 10.4272 10.4243 10.4078 10.3881 10.3749 10.3829 10.3739 10.35 10.3453 10.3198 10.0683 9.01602 8.64184 9.03603 -9999 -9999 -9999
-9999 -9999 -9999 -9999 -9999 -9999 9.12611 11.4999 12.5851 13.1543 13.9548 14.0495 13.7932 13.3227 12.1893 11.1932 9.57658 7.7321 6.75881 9.68947 12.2427 13.5802 13.4149 10.3583 9.15872 9.11372 9.83774 9.24709 8.80128 7.3471 6.91539 6.31105 6.69226 7.87522 8.83761 9.76544 10.4383 10.49 10.9229 11.1681 11.181 11.2508 11.1634 11.0893 10.4346 10.8611 10.4755 10.6603 10.5201 10.3927 10.2837 9.90816 10.1545 10.3728 10.4237 10.4334 10.4154 10.409 10.3967 10.373 10.3582 10.3527 10.3458 10.3285 10.3216 10.2987 10.173 9.5359 8.68568 7.61386 -9999 -9999
-9999 -9999 -9999 -9999 -9999 -9999 7.93714 10.2991 11.4379 12.9016 13.6561 13.9637 13.9197 13.5381 12.6765 11.3821 10.3048 8.2458 6.10954 9.18312 11.929 13.4134 13.5012 10.9329 11.6578 11.0908 11.3343 10.2873 9.85781 9.52623 8.7742 7.94991 7.04908 6.56956 8.73074 9.83949 10.7302 11.1476 11.3807 11.4933 11.4238 11.2515 10.2826 11.0036 10.9458 10.8607 10.7647 10.7118 10.6237 10.5224 10.4602 10.43 10.1781 10.4399 10.4244 10.4224 10.4191 10.4083 10.3917 10.377 10.3595 10.3523 10.3374 10.3222 10.3091 10.2942 10.2779 10.2343 10.058 8.62243 7.75981 7.50452
-9999 -9999 -9999 -9999 -9999 -9999 4.61698 8.05201 10.8167 12.257 13.4345 13.7538 13.8709 13.3606 12.9787 12.0506 11.173 9.82069 7.79613 6.55224 8.85544 12.2046 13.4506 13.3626 13.295 12.637 12.0449 11.9783 12.0324 11.3473 10.3378 9.00888 8.59393 8.12857 9.73823 9.95577 9.83613 11.6018 11.6011 11.4946 10.8106 10.0469 10.1818 9.70118 10.042 9.4711 9.97334 10.4058 10.5599 10.5346 10.4668 10.4445 10.4081 10.4437 10.4358 10.4222 10.4115 10.4043 10.3942 10.3704 10.3555 10.3592 10.3351 10.3188 10.3009 10.2881 10.2759 10.2416 10.2092 9.98056 9.64155 8.99701
-9999 -9999 -9999 -9999 -9999 -9999 4.76483 7.65547 10.105 11.5814 12.9917 13.3168 13.7907 13.6851 13.2857 12.4791 11.4729 10.3603 8.62369 7.3351 8.8781 11.102 12.6988 13.2756 13.2834 13.2538 13.1115 13.0625 12.8946 12.7842 12.0574 10.799 10.09 9.04993 10.8434 11.0436 10.7609 11.6524 11.6029 10.2438 9.19646 9.05914 9.68787 9.07471 8.94981 8.56157 8.97515 10.1023 9.75457 9.80911 10.3174 10.3919 10.432 10.4385 10.4278 10.4193 10.4054 10.4023 10.3998 10.3759 10.3628 10.3542 10.33 10.3134 10.2933 10.2716 10.2534 10.2312 10.2013 10.13 10.0486 10.104
-9999 -9999 -9999 -9999 -9999 -9999 4.82134 6.76533 8.96956 11.1412 12.6478 13.2541 13.6947 13.6878 13.2243 12.823 12.1924 11.2137 10.544 9.38084 7.7842 10.4752 11.3044 12.0454 12.3666 13.141 13.1305 12.7873 12.3983 12.7817 12.6716 11.6779 11.3521 10.7996 11.7969 11.798 11.7679 11.711 10.5632 8.96857 7.69197 8.59896 8.40004 8.81352 7.49506 8.55131 9.40099 9.66897 9.0731 8.62846 9.96375 10.1701 10.2934 10.3701 10.4187 10.3991 10.4075 10.3949 10.3868 10.3784 10.3628 10.3515 10.335 10.3176 10.2908 10.2707 10.2475 10.2165 10.2065 10.1643 10.1428 10.1147
-9999 -9999 -9999 -9999 -9999 -9999 -9999 5.61734 8.42187 10.9158 12.3032 13.1748 13.5984 13.5888 13.3513 13.0789 12.688 11.9824 11.0968 9.6971 8.66004 9.32712 10.1395 10.2356 10.7795 12.3431 12.8819 12.1351 10.2875 11.3889 12.6188 12.6016 12.4986 12.3823 12.2325 12.096 11.7982 11.0036 8.57524 8.09256 7.1356 7.23683 6.74139 7.80114 7.38398 8.46838 8.93225 9.10071 8.07806 8.28624 9.45753 9.91868 9.83176 10.1127 10.3825 10.3854 10.3879 10.3759 10.3773 10.3752 10.3663 10.3475 10.3333 10.3209 10.2813 10.2715 10.1736 10.107 9.98009 10.1189 10.1249 10.1139
-9999 -9999 -9999 -9999 -9999 -9999 -9999 5.06967 7.85821 10.7956 11.7377 12.678 13.4892 13.5037 13.1419 12.7983 12.4453 12.0442 10.9693 9.92806 8.935 8.60532 8.81201 8.79939 9.67392 11.7078 12.1066 11.945 10.0114 9.35638 10.9977 12.3767 12.4863 12.3618 10.7408 11.0845 10.208 9.01933 8.68909 8.16542 7.06331 7.58484 6.77461 7.11129 7.00345 7.61535 7.90855 8.63772 7.74576 7.7449 8.8943 9.47414 9.48049 10.0909 10.3044 10.356 10.3649 10.3703 10.3682 10.3734 10.3631 10.3493 10.3322 10.2972 10.2209 9.98571 8.80091 8.79489 9.1091 9.40606 9.94282 10.0899
-9999 -9999 -9999 -9999 -9999 -9999 -9999 5.38974 7.32475 9.93124 11.8615 11.9817 12.9194 13.4031 13.0101 12.5682 12.1168 11.9205 10.7503 9.46547 8.42872 7.20154 7.40948 8.29931 9.7478 11.063 11.3026 11.0369 10.0057 10.5014 11.6211 12.216 12.3917 12.254 11.9003 11.6949 11.0488 10.7668 9.86897 8.46654 7.9107 8.2535 6.76286 6.85939 7.40045 6.80093 7.75287 8.20352 7.05512 7.94718 8.97041 9.48954 9.94292 10.1539 10.2341 10.3614 10.3592 10.3651 10.3662 10.3594 10.3545 10.3278 10.3045 10.1742 9.98441 8.88469 8.40416 8.48632 8.98437 9.4196 9.86306 10.0463
-9999 -9999 -9999 -9999 -9999 -9999 -9999 5.71731 7.45951 9.71956 11.0957 11.3412 12.3816 13.3068 13.203 12.7434 12.6041 12.129 11.1367 10.041 8.84392 8.26425 6.92695 8.25275 9.29905 10.413 10.9365 10.0922 9.66493 10.4294 11.1889 11.4927 12.2583 12.2509 12.0006 10.924 10.3975 10.6161 10.3873 9.98853 9.02131 8.97283 8.34847 8.08565 7.83654 7.03452 7.52693 7.56827 7.68658 8.76847 9.29695 9.64481 9.96095 10.0387 10.1728 10.3493 10.3595 10.3605 10.3543 10.3525 10.3338 10.2764 10.2269 9.97048 9.52083 8.6869 7.32026 8.25841 9.23968 9.52451 9.79514 9.93824
-9999 -9999 -9999 -9999 -9999 -9999 -9999 5.41835 7.26911 9.2007 10.0079 10.1444 12.0283 13.1817 13.1835 12.9658 12.712 11.5363 11.6072 11.3742 10.2942 8.72025 6.99171 7.15844 8.19108 9.66003 10.1488 8.74407 8.24605 8.61649 9.76351 10.7898 11.8607 12.1323 11.8173 10.1422 8.36152 9.18342 10.0612 10.0521 9.7887 8.89087 8.60149 8.33844 7.68035 6.56032 6.71498 7.01313 8.23369 8.6147 9.2085 9.7006 9.50427 9.60734 10.0791 10.3473 10.3516 10.3507 10.3542 10.3423 10.3203 10.2111 10.0955 9.90532 8.74302 8.01754 6.95878 8.15453 8.82133 9.15955 9.79482 9.94176
-9999 -9999 -9999 -9999 -9999 -9999 -9999 4.84334 6.18635 8.03264 8.77644 9.96311 11.7435 12.6191 13.0389 13.03 12.861 12.3351 12.0198 11.3975 10.2736 8.73623 7.02738 5.91644 6.4871 8.45781 8.92606 7.63266 6.97047 7.79995 9.022 10.8303 11.8632 12.0022 11.9077 11.561 10.2603 8.68865 8.69044 9.47307 8.81001 8.03954 8.45448 8.37021 7.72047 7.24565 6.94333 7.10346 7.80358 8.0854 8.77286 9.79185 9.93136 9.89502 10.3206 10.3358 10.3397 10.3501 10.3437 10.334 10.3152 10.2248 10.0296 9.25391 8.57642 7.63623 7.51374 8.56919 9.03267 9.45604 9.76453 9.86107
-9999 -9999 -9999 -9999 -9999 -9999 -9999 3.85476 5.43486 7.16443 8.78383 10.3159 11.6345 11.7363 12.4319 12.4313 12.7964 12.693 12.2058 11.6818 10.7134 8.73735 7.07654 5.26531 5.74735 7.75607 8.0316 7.15851 5.54309 7.21504 9.05822 10.7283 11.6321 10.9232 11.6482 11.5869 11.098 10.1612 8.70562 8.72887 7.63592 7.5832 8.13613 8.31114 8.21126 7.85309 7.27447 7.3537 7.77782 7.87782 8.509 9.29777 10.0691 10.1928 10.3346 10.3345 10.3307 10.3368 10.3324 10.3102 10.2644 10.1699 9.5187 8.74517 8.26592 7.60865 7.52257 8.75845 9.23131 9.49093 9.75656 9.85783
-9999 -9999 -9999 -9999 -9999 -9999 -9999 -9999 5.27071 7.05753 8.37964 8.73547 9.90755 10.5404 11.0303 11.1391 12.5373 12.6152 12.3066 11.8252 10.9994 9.50027 8.45692 6.71953 5.4719 5.982 6.23659 6.69869 6.5652 7.31182 9.0831 10.9279 11.1293 9.95739 10.1298 10.3732 10.9201 10.6383 8.65617 7.64661 6.80725 7.39434 8.0117 8.156 8.17923 8.05167 7.8846 7.64481 8.46988 9.0783 9.21304 9.74311 10.1328 10.2353 10.3111 10.3149 10.319 10.3131 10.2839 10.2611 10.1553 9.92571 9.19782 7.45612 7.5302 7.33536 6.78828 7.99587 8.72797 9.41038 9.77007 9.85837
-9999 -9999 -9999 -9999 -9999 -9999 -9999 -9999 4.67333 6.74076 7.17726 7.14457 6.45977 6.77476 9.3126 9.82374 11.1646 12.4345 12.3423 11.8698 11.0971 10.205 8.82319 6.86873 5.3167 4.67387 6.34387 7.99128 8.33291 8.8596 9.94566 10.1527 8.95583 7.83281 8.46217 8.84012 10.2843 10.5451 10.26 9.06324 7.69496 6.97752 7.81081 7.91605 7.95906 7.96138 7.91579 7.86976 8.80271 9.31417 9.66663 9.85508 10.1885 10.2687 10.2898 10.3096 10.2972 10.2735 10.2136 10.1463 9.8704 9.5375 8.34915 7.35705 6.73554 5.94828 7.69821 8.20651 8.90721 9.35152 9.70903 9.78239
