Test_Spring_2018b/04_18/Temp/20180407_016.txt
ncols	170
nrows	115
xllcorner	350000.000000
yllcorner	4445000.000000
cellsize	1000.000000
nodata_value	-9999.000000
[rows 32 to 63 of 115, columns 72 to 143 of 170]
17.8521 17.7275 17.9223 18.1015 17.9733 17.8845 18.1749 18.1741 18.0735 17.8379 17.7517 17.6625 17.6082 17.3068 16.46 15.6964 16.106 16.1155 15.8317 16.3381 16.0682 15.3663 14.3759 14.9092 14.7657 14.0357 13.847 -9999 -9999 -9999 -9999 -9999 -9999 -9999 -9999 -9999 -9999 -9999 -9999 -9999 -9999 -9999 -9999 -9999 -9999 -9999 -9999 -9999 -9999 -9999 -9999 -9999 -9999 -9999 -9999 -9999 -9999 -9999 -9999 -9999 -9999 -9999 -9999 -9999 -9999 -9999 -9999 -9999 -9999 -9999 -9999 -9999
17.6811 17.6283 17.9177 17.9123 17.8787 17.9626 18.1416 18.1773 18.1378 18.0349 17.9461 17.8519 17.6124 17.2674 16.5425 15.6733 15.4762 15.9016 15.9214 15.9887 15.7427 15.4336 14.9507 15.3409 15.4901 15.0114 14.3814 13.9742 -9999 -9999 -9999 -9999 -9999 -9999 -9999 -9999 -9999 -9999 -9999 -9999 -9999 -9999 -9999 -9999 -9999 -9999 -9999 -9999 -9999 -9999 -9999 -9999 -9999 -9999 -9999 -9999 -9999 -9999 -9999 -9999 -9999 -9999 -9999 -9999 -9999 -9999 -9999 -9999 -9999 -9999 -9999 -9999
17.4781 17.1996 17.3744 17.5057 17.7166 17.7719 17.8073 18.1507 18.132 18.1159 17.969 17.8517 17.6574 17.3253 16.8522 16.2825 15.29 15.9019 16.3806 16.3674 16.3397 16.1226 15.6588 16.0418 16.0566 15.4386 14.7373 14.3403 14.1744 -9999 -9999 -9999 -9999 -9999 -9999 -9999 -9999 -9999 -9999 -9999 -9999 -9999 -9999 -9999 -9999 -9999 -9999 -9999 -9999 -9999 -9999 -9999 -9999 -9999 -9999 -9999 -9999 -9999 -9999 -9999 -9999 -9999 -9999 -9999 -9999 -9999 -9999 -9999 -9999 -9999 -9999 -9999
17.2481 16.9076 17.0834 17.3175 17.63 17.7838 17.9079 18.0101 18.1145 18.1018 17.9514 17.5073 17.4443 17.4255 17.1163 16.4667 15.8179 15.6497 16.3803 16.5887 16.5447 16.706 16.3127 16.4945 16.4154 16.1899 15.5152 14.9112 14.6653 14.1828 -9999 -9999 -9999 -9999 -9999 -9999 -9999 -9999 -9999 -9999 -9999 -9999 -9999 -9999 -9999 -9999 -9999 -9999 -9999 -9999 -9999 -9999 -9999 -9999 -9999 -9999 -9999 -9999 -9999 -9999 -9999 -9999 -9999 -9999 -9999 -9999 -9999 -9999 -9999 -9999 -9999 -9999
-9999 -9999 16.6916 16.9932 17.2543 17.5618 17.8336 17.972 18.1067 18.0954 17.7947 17.6478 17.6354 17.433 17.076 16.8521 16.4438 16.0181 16.1804 16.8031 16.5244 16.9641 16.9242 17.0023 16.7035 16.1121 15.3489 14.8952 14.6747 14.283 -9999 -9999 -9999 -9999 -9999 -9999 -9999 -9999 -9999 -9999 -9999 -9999 -9999 -9999 -9999 -9999 -9999 -9999 -9999 -9999 -9999 -9999 -9999 -9999 -9999 -9999 -9999 -9999 -9999 -9999 -9999 -9999 -9999 -9999 -9999 -9999 -9999 -9999 -9999 -9999 -9999 -9999
-9999 -9999 -9999 16.9333 17.1313 17.5609 17.764 17.8533 18.0708 18.0708 17.9568 17.871 17.7466 17.5843 17.3164 17.0206 16.6368 16.6015 17.0001 17.0043 16.9196 16.9831 17.1853 17.1279 16.6539 15.847 15.4256 14.549 14.1825 14.2164 13.9566 -9999 -9999 -9999 -9999 -9999 -9999 -9999 -9999 -9999 -9999 -9999 -9999 14.9481 -9999 -9999 -9999 -9999 -9999 -9999 -9999 -9999 -9999 -9999 -9999 -9999 -9999 -9999 -9999 -9999 -9999 -9999 -9999 -9999 13.4005 -9999 -9999 -9999 -9999 -9999 -9999 -9999
-9999 -9999 16.9095 17.1601 17.3681 17.6365 17.649 17.8033 18.0533 18.0563 17.9754 17.8843 17.6797 17.6297 17.4777 17.1568 17.0918 17.2227 17.2828 17.3503 17.3908 17.3547 17.2688 17.1578 16.8327 16.4618 16.211 15.4214 15.0125 14.6343 14.0646 13.619 -9999 -9999 -9999 -9999 -9999 -9999 -9999 14.6451 14.6259 14.6377 14.7634 15.1077 14.9067 -9999 -9999 -9999 -9999 -9999 -9999 -9999 -9999 -9999 -9999 -9999 -9999 -9999 -9999 -9999 -9999 -9999 -9999 -9999 13.7108 13.2671 -9999 -9999 -9999 -9999 -9999 -9999
-9999 -9999 16.9647 17.246 17.3854 17.6456 17.7937 17.8741 17.9598 18.0423 18.0281 17.9274 17.7745 17.7766 17.5662 17.4533 17.3729 17.5502 17.5852 17.5139 17.4237 17.3429 17.1176 17.0878 16.9856 16.7476 16.3604 15.9616 15.3666 14.5931 13.8351 13.224 -9999 -9999 -9999 -9999 -9999 -9999 14.7046 14.992 15.1651 14.8039 15.1158 15.4005 15.356 15.0608 -9999 -9999 -9999 -9999 -9999 -9999 -9999 -9999 -9999 -9999 -9999 -9999 -9999 -9999 15.8152 15.3609 14.4397 13.9689 13.6874 13.2841 -9999 -9999 -9999 -9999 -9999 -9999
-9999 -9999 16.9082 17.2402 17.4642 17.6626 17.6923 17.8918 17.9695 18.0133 18.0078 17.9882 17.9609 17.7776 17.6998 17.4222 17.691 17.682 17.6148 17.3466 17.2291 16.7669 16.561 16.4881 16.8685 16.576 15.9725 15.2198 14.3047 14.233 13.9326 13.3858 -9999 -9999 -9999 -9999 -9999 -9999 14.7902 15.0979 15.3551 15.3945 15.0354 15.5406 15.5028 15.2209 15.1566 15.3873 15.504 15.4037 15.676 15.7582 15.6355 15.7743 -9999 -9999 -9999 -9999 15.8716 15.8937 15.9112 15.724 14.7174 14.0307 13.4141 13.353 -9999 -9999 -9999 -9999 -9999 -9999
-9999 -9999 17.1395 17.3425 17.4435 17.4573 17.6346 17.8078 17.9073 17.986 17.9698 17.964 17.9585 17.8972 17.7526 17.7814 17.7716 17.6875 17.1786 16.5835 16.8416 16.4853 15.7152 16.3128 16.6431 16.3116 15.5806 14.7344 14.4405 14.4387 14.0219 13.4873 -9999 -9999 -9999 13.9452 14.3843 14.4253 14.5574 14.9675 15.2801 15.5157 15.6766 15.6613 15.4887 15.2127 14.9123 15.0183 15.5565 15.6872 15.7824 15.8673 15.7535 15.8175 15.9643 16.0419 16.0605 16.0303 16.0264 16.0421 16.0287 15.8545 14.9529 14.4389 14.1118 13.4469 -9999 -9999 -9999 -9999 -9999 -9999
-9999 -9999 17.0098 17.1855 17.3271 17.5607 17.5829 17.7323 17.8165 17.9423 17.9576 17.8015 17.9331 17.9188 17.8973 17.8486 17.7756 17.3473 16.7554 16.1608 15.885 15.9914 15.5319 15.7492 16.0836 15.947 15.4905 14.7352 14.622 14.4308 13.7268 13.0559 -9999 -9999 13.0923 13.9319 14.5247 14.8325 14.9307 14.9437 15.3371 15.3709 15.7931 15.6864 15.1269 15.189 14.9702 15.1089 15.3056 15.3589 15.6325 15.9037 15.9571 15.9605 16.055 16.0771 16.0856 16.0871 16.029 16.0616 16.07 15.963 15.3121 14.9962 14.6429 13.4593 -9999 -9999 -9999 -9999 -9999 -9999
-9999 -9999 17.098 17.2943 17.5094 17.5411 17.6998 17.6792 17.6268 17.8516 17.9284 17.8187 17.741 17.891 17.8841 17.8679 17.8388 17.4368 16.9703 16.262 15.8204 15.5414 15.3449 15.068 15.2352 15.1725 15.0912 15.1648 14.9462 14.5186 14.1068 13.3387 12.9256 -9999 13.133 13.5133 14.2182 14.8185 15.2014 15.0698 15.5172 15.603 15.8529 15.7041 15.3627 15.2167 15.2029 15.1575 15.4547 15.6519 15.783 15.8784 15.9951 16.0272 16.0601 16.076 16.0866 16.0977 16.1005 16.1025 16.0936 16.0559 15.7588 15.4397 14.754 13.4994 -9999 -9999 -9999 -9999 -9999 -9999
-9999 16.5301 17.0757 17.4067 17.5321 17.6214 17.6999 17.7561 17.8128 17.8686 17.9087 17.8884 17.5972 17.6244 17.681 17.8516 17.8432 17.8095 17.5553 16.6935 16.3889 15.9444 15.3744 15.1222 15.2306 15.6827 15.6518 15.3356 14.9847 14.4953 14.184 13.7134 12.8134 12.8932 13.2973 13.5996 14.0802 14.8136 15.3295 15.5624 15.6531 15.8299 15.9255 15.72 15.52 15.437 15.2832 15.2601 15.2596 15.4383 15.5689 15.8798 15.9862 16.0344 16.0617 16.0784 16.092 16.1058 16.1136 16.1123 16.1171 16.1189 16.0977 15.6767 14.6191 13.8233 -9999 -9999 -9999 -9999 -9999 -9999
-9999 -9999 16.9727 17.1153 17.1488 17.2115 17.3452 17.5007 17.7204 17.7478 17.8718 17.8712 17.618 17.3294 17.5883 17.6938 17.8027 17.8089 17.7778 17.0468 16.6645 16.361 15.8136 15.9916 16.1666 16.1698 16.0469 15.3797 14.7155 13.9437 13.2324 13.193 12.8074 13.0054 13.2728 13.959 14.444 14.6441 14.7896 15.5359 15.729 15.7975 15.9893 15.7319 15.6624 15.4671 15.5235 15.5046 15.5037 14.9633 15.4935 15.5254 15.8779 16.036 16.0734 16.0867 16.1012 16.1075 16.1143 16.1176 16.1259 16.123 16.1212 15.8488 14.5062 13.8338 -9999 -9999 -9999 -9999 -9999 -9999
-9999 -9999 -9999 -9999 17.009 17.1163 17.1836 17.3042 17.6803 17.7817 17.8497 17.8565 17.7459 17.4586 17.3871 17.4448 17.1667 17.4051 17.7275 17.718 17.6752 17.0329 16.6924 16.998 16.8912 16.401 16.0124 15.6288 14.8523 14.2737 13.4591 12.8473 12.8204 13.487 14.041 14.7355 15.0451 14.8769 15.0709 15.4415 15.8636 16.0689 16.0235 15.752 15.7099 15.4091 15.702 15.7251 15.5858 15.4651 15.5025 15.6763 15.7431 16.0197 16.0884 16.1022 16.1086 16.1144 16.1183 16.1218 16.1223 16.1237 16.1236 16.1145 14.7344 13.6616 -9999 -9999 -9999 -9999 -9999 -9999
-9999 -9999 -9999 -9999 16.7429 16.806 16.9811 17.4395 17.6751 17.7713 17.7676 17.8139 17.7368 17.4857 17.2285 16.9869 16.6728 16.8571 17.3387 17.6208 17.6493 17.0854 17.361 17.242 17.0164 16.3784 15.9047 15.6479 14.9016 14.2541 13.7092 12.9619 13.2747 13.6218 14.0706 14.8273 15.341 15.5557 15.3849 15.6251 16.1103 16.1163 15.8556 15.8739 15.7098 15.299 15.7237 15.8415 15.7422 15.7648 15.719 15.7834 15.9017 16.0158 16.0929 16.1061 16.1109 16.1132 16.1182 16.1232 16.1226 16.1274 16.1275 16.1239 15.2341 13.6418 -9999 -9999 -9999 -9999 -9999 -9999
-9999 -9999 -9999 -9999 -9999 16.4952 16.9013 17.5111 17.657 17.6415 17.768 17.7802 17.6605 17.5581 17.2453 16.8165 15.9877 16.2023 16.6457 17.2827 17.6145 17.5634 17.3618 17.0271 16.231 15.5322 15.4365 15.3117 14.7638 14.2609 13.656 13.9954 14.3699 14.7823 15.0005 14.9466 15.3873 15.7483 15.6026 15.8962 16.2371 16.0879 15.9999 15.9254 15.7364 15.7241 15.7416 15.9816 15.8115 15.9119 15.9048 15.8986 15.9562 16.0234 16.0949 16.1092 16.1132 16.1191 16.116 16.1239 16.1247 16.1252 16.1257 16.1232 16.0454 15.1892 14.6777 -9999 -9999 -9999 -9999 -9999
-9999 -9999 -9999 -9999 -9999 16.1155 16.3157 17.039 17.2571 17.577 17.7475 17.7566 17.5528 17.4408 16.9724 16.824 16.0578 15.7107 16.0073 15.8924 16.7679 17.5403 17.356 15.7754 15.1954 14.7779 14.87 14.859 14.6982 13.8551 13.6199 14.3521 14.813 15.1714 15.4451 15.5042 15.4994 16.0613 16.1397 16.3254 16.2903 16.3104 16.032 15.8595 16.0074 15.8313 15.7997 16.0478 15.799 16.0194 15.9834 15.9161 15.9129 16.0608 16.0926 16.1112 16.1158 16.1147 16.1125 16.1129 16.1225 16.1249 16.1209 16.125 16.1201 16.0211 15.5786 15.425 15.5987 -9999 -9999 -9999
-9999 -9999 -9999 -9999 -9999 -9999 15.6374 16.6444 17.0999 17.3413 17.683 17.7254 17.6145 17.4203 16.9435 16.5246 15.8399 15.0562 14.6382 15.8836 16.9655 17.5265 17.4373 16.1203 15.5938 15.5586 15.851 15.5831 15.3777 14.7329 14.5381 14.272 14.4286 14.9266 15.3378 15.7365 16.0286 16.0573 16.2497 16.3595 16.3723 16.4092 16.3785 16.353 16.0781 16.2644 16.1042 16.1866 16.1302 16.079 16.0271 15.8718 15.9818 16.08 16.107 16.1168 16.1149 16.1181 16.119 16.1153 16.1148 16.1188 16.1221 16.1208 16.124 16.1224 16.075 15.8094 15.4527 15.0013 -9999 -9999
-9999 -9999 -9999 -9999 -9999 -9999 15.1325 16.1351 16.6137 17.2366 17.554 17.6828 17.6694 17.5125 17.151 16.6044 16.1491 15.2736 14.3631 15.67 16.8296 17.4537 17.4804 16.365 16.6597 16.4032 16.4918 16.0306 15.8332 15.6675 15.337 14.9779 14.5831 14.3772 15.2993 15.775 16.1595 16.3438 16.4506 16.5066 16.4809 16.413 16.0064 16.3195 16.2989 16.2672 16.2304 16.2116 16.1775 16.1376 16.1053 16.0973 15.9949 16.1109 16.1107 16.1153 16.1197 16.121 16.1201 16.1201 16.1191 16.1226 16.1216 16.1213 16.1218 16.1238 16.1231 16.1105 16.0411 15.4347 15.0723 14.968
-9999 -9999 -9999 -9999 -9999 -9999 13.7191 15.1798 16.3446 16.9587 17.4543 17.5942 17.6489 17.4365 17.2789 16.8878 16.517 15.9424 15.0792 14.5467 15.5222 16.9425 17.4572 17.3998 17.358 17.064 16.7979 16.7559 16.766 16.4502 16.0025 15.4302 15.2494 15.0499 15.7369 15.8324 15.786 16.5444 16.551 16.5129 16.229 15.905 15.9689 15.7676 15.9167 15.6779 15.8962 16.0843 16.1536 16.1462 16.1112 16.1054 16.0951 16.117 16.119 16.1187 16.1198 16.1227 16.1245 16.1207 16.1208 16.1289 16.1251 16.1247 16.1217 16.1247 16.1257 16.1171 16.1091 16.0172 15.8781 15.608
-9999 -9999 -9999 -9999 -9999 -9999 13.7763 15.0004 16.0435 16.6628 17.2663 17.4083 17.6144 17.574 17.4081 17.0681 16.642 16.1691 15.4285 14.877 15.5305 16.4696 17.1416 17.3679 17.3533 17.3286 17.2557 17.2135 17.1305 17.0599 16.743 16.2006 15.8955 15.4512 16.2166 16.3046 16.1882 16.5735 16.5586 15.986 15.5465 15.4948 15.762 15.5064 15.4568 15.2933 15.4738 15.9583 15.8127 15.8396 16.0493 16.0862 16.1103 16.1184 16.1192 16.1211 16.1209 16.1255 16.1305 16.1266 16.1275 16.1303 16.1265 16.126 16.1238 16.1234 16.1197 16.1163 16.1094 16.0847 16.0571 16.0852
-9999 -9999 -9999 -9999 -9999 -9999 13.8006 14.6226 15.5615 16.4757 17.12 17.3814 17.5728 17.5737 17.3799 17.212 16.9455 16.5293 16.2433 15.7454 15.061 16.2025 16.545 16.8422 16.9608 17.2791 17.2627 17.1049 16.9098 17.0655 17.0109 16.5832 16.4419 16.2057 16.6317 16.6346 16.6255 16.6061 16.1224 15.4488 14.9109 15.3038 15.2251 15.3985 14.8399 15.294 15.6604 15.7786 15.5258 15.3401 15.9018 15.9971 16.0549 16.0929 16.1191 16.1163 16.1256 16.1262 16.1288 16.1315 16.1313 16.1329 16.1324 16.1314 16.1265 16.1268 16.1233 16.1184 16.12 16.1051 16.1014 16.0941
-9999 -9999 -9999 -9999 -9999 -9999 -9999 14.1326 15.3133 16.3772 16.9705 17.3446 17.5282 17.5274 17.4292 17.3156 17.1506 16.8503 16.4718 15.8727 15.4267 15.7055 16.04 16.0622 16.2842 16.9404 17.1598 16.8315 16.018 16.4777 16.9967 16.9855 16.9394 16.8891 16.8257 16.7698 16.6463 16.3119 15.2818 15.0815 14.6793 14.7282 14.5226 14.9698 14.7951 15.2619 15.4639 15.5399 15.1079 15.1868 15.6936 15.8954 15.8635 15.9886 16.1076 16.1145 16.1213 16.1221 16.1288 16.1342 16.1367 16.1367 16.1372 16.1385 16.1283 16.1333 16.098 16.0758 16.0277 16.0926 16.1007 16.105
-9999 -9999 -9999 -9999 -9999 -9999 -9999 13.884 15.0726 16.3255 16.7287 17.1317 17.48 17.4889 17.3371 17.1926 17.0434 16.8726 16.4135 15.9674 15.5406 15.3952 15.4773 15.4486 15.8129 16.6711 16.8322 16.7548 15.9017 15.617 16.3122 16.8969 16.9418 16.8882 16.1981 16.3466 15.976 15.4732 15.3369 15.1186 14.654 14.8816 14.5414 14.6899 14.6361 14.9015 15.0309 15.346 14.9699 14.9593 15.4572 15.7097 15.7178 15.9834 16.0799 16.1075 16.1172 16.1254 16.1306 16.1391 16.1411 16.1417 16.1409 16.1325 16.1064 16.0129 15.5171 15.5208 15.6608 15.7932 16.0273 16.1
-9999 -9999 -9999 -9999 -9999 -9999 -9999 14.0194 14.8444 15.9562 16.7804 16.8335 17.2354 17.4437 17.2782 17.0914 16.8998 16.8163 16.3165 15.7669 15.3219 14.7946 14.8781 15.2513 15.8444 16.3975 16.4921 16.3716 15.9034 16.11 16.5837 16.8348 16.9083 16.8494 16.6995 16.6138 16.3412 16.2244 15.8458 15.2525 15.0203 15.1713 14.5408 14.5868 14.822 14.5575 14.9678 15.1643 14.6791 15.0516 15.4933 15.7201 15.9188 16.0143 16.0542 16.1142 16.1191 16.1277 16.1343 16.1376 16.1418 16.1369 16.1334 16.0844 16.0099 15.5474 15.3523 15.3936 15.6121 15.8036 16.0029 16.0868
-9999 -9999 -9999 -9999 -9999 -9999 -9999 14.1578 14.9008 15.8649 16.4528 16.5591 17.0043 17.4005 17.3579 17.1632 17.1045 16.902 16.4781 16.0094 15.4964 15.2458 14.6713 15.2312 15.6532 16.1216 16.3383 15.9483 15.7616 16.0837 16.4045 16.532 16.8573 16.8541 16.7484 16.2913 16.0695 16.1659 16.0721 15.9063 15.4984 15.4823 15.2208 15.1134 15.0118 14.6601 14.8747 14.8968 14.9537 15.4052 15.6362 15.7901 15.9305 15.9694 16.0323 16.1134 16.1237 16.1302 16.1337 16.1392 16.1375 16.1194 16.1048 16.0019 15.8166 15.4675 14.8948 15.301 15.7255 15.8575 15.9791 16.0461
-9999 -9999 -9999 -9999 -9999 -9999 -9999 14.029 14.8184 15.6426 15.9878 16.0474 16.852 17.3452 17.3473 17.2556 17.1479 16.6467 16.6762 16.5754 16.1127 15.4387 14.6981 14.7647 15.1895 15.8017 16.0045 15.3759 15.1598 15.3145 15.801 16.2369 16.6927 16.8087 16.6754 15.9632 15.2066 15.56 15.9377 15.9377 15.8297 15.4513 15.3325 15.2249 14.9488 14.4731 14.5316 14.6635 15.175 15.3432 15.6022 15.8177 15.7399 15.7897 15.9967 16.117 16.1249 16.1306 16.1382 16.1394 16.1364 16.0962 16.0533 15.9786 15.4896 15.1867 14.7445 15.2614 15.5519 15.7072 15.9843 16.0531
-9999 -9999 -9999 -9999 -9999 -9999 -9999 13.7825 14.3555 15.1434 15.4616 15.9688 16.7291 17.1037 17.2838 17.2809 17.2094 16.9853 16.8503 16.5837 16.1026 15.4446 14.7129 14.2354 14.4743 15.2902 15.4784 14.904 14.6185 14.9694 15.4883 16.2578 16.6976 16.7572 16.718 16.572 16.02 15.353 15.3572 15.6946 15.416 15.0919 15.2732 15.2417 14.9693 14.7714 14.6319 14.707 14.995 15.1211 15.4202 15.8605 15.926 15.9165 16.104 16.1165 16.1243 16.1349 16.1384 16.1405 16.1388 16.1066 16.0298 15.7055 15.4231 15.0287 14.9829 15.4429 15.6514 15.8388 15.9767 16.0243
-9999 -9999 -9999 -9999 -9999 -9999 -9999 13.3597 14.034 14.7722 15.4636 16.1179 16.6813 16.726 17.0237 17.0243 17.1805 17.1365 16.9283 16.7039 16.2894 15.4447 14.7337 13.9581 14.1596 15.0013 15.079 14.7035 14.012 14.7222 15.5061 16.2169 16.6019 16.3001 16.6103 16.586 16.38 15.9836 15.3666 15.3802 14.9184 14.9002 15.1404 15.2195 15.1815 15.0335 14.7885 14.8167 14.9874 15.0362 15.3114 15.6538 15.9888 16.0476 16.1142 16.1204 16.125 16.1338 16.1382 16.135 16.1217 16.0878 15.8166 15.4933 15.2954 15.0216 14.9913 15.5272 15.741 15.8588 15.9786 16.0284
-9999 -9999 -9999 -9999 -9999 -9999 -9999 -9999 13.9629 14.7255 15.2903 15.4433 15.9442 16.2153 16.4253 16.4727 17.0693 17.1027 16.9708 16.7647 16.4111 15.7699 15.3223 14.5784 14.0428 14.2391 14.315 14.5088 14.449 14.765 15.5183 16.3037 16.3893 15.8902 15.9649 16.0705 16.3061 16.189 15.3475 14.921 14.5674 14.822 15.0897 15.1559 15.1705 15.1209 15.0527 14.9277 15.2858 15.5515 15.6152 15.8475 16.0199 16.0699 16.1086 16.1164 16.1245 16.1282 16.1221 16.1187 16.0799 15.9883 15.6844 14.9484 14.9864 14.9098 14.683 15.2089 15.532 15.8296 15.9897 16.0341
-9999 -9999 -9999 -9999 -9999 -9999 -9999 -9999 13.7073 14.5897 14.777 14.7645 14.4741 14.6098 15.6928 15.9118 16.4841 17.0258 16.9862 16.784 16.4532 16.0708 15.479 14.6426 13.9772 13.6731 14.3731 15.0607 15.2034 15.4256 15.8867 15.974 15.4635 14.9853 15.2548 15.4178 16.036 16.1502 16.0323 15.5262 14.9473 14.646 15.006 15.0557 15.0789 15.0849 15.0715 15.04 15.431 15.6556 15.8123 15.8991 16.0477 16.0883 16.1038 16.1186 16.1197 16.1159 16.0967 16.0743 15.963 15.8275 15.3273 14.9108 14.6523 14.3232 15.0756 15.3035 15.6116 15.8096 15.9689 16.0071
