Test_Spring_2018b/04_18/Temp/20180405_003.txt
ncols	170
nrows	115
xllcorner	350000.000000
yllcorner	4445000.000000
cellsize	1000.000000
nodata_value	-9999.000000
[rows 32 to 63 of 115, columns 72 to 143 of 170]
11.8396 11.6058 11.9633 12.2925 12.0893 11.9508 12.4936 12.4921 12.3053 11.8684 11.7072 11.5401 11.437 10.8767 9.30763 7.8928 8.64763 8.66323 8.13722 9.07322 8.5745 7.27797 5.44882 6.43828 6.17682 4.88083 4.5533 -9999 -9999 -9999 -9999 -9999 -9999 -9999 -9999 -9999 -9999 -9999 -9999 -9999 -9999 -9999 -9999 -9999 -9999 -9999 -9999 -9999 -9999 -9999 -9999 -9999 -9999 -9999 -9999 -9999 -9999 -9999 -9999 -9999 -9999 -9999 -9999 -9999 -9999 -9999 -9999 -9999 -9999 -9999 -9999 -9999
11.5192 11.418 11.9501 11.9375 11.9025 12.0902 12.4271 12.4928 12.419 12.2275 12.0615 11.885 11.4396 10.7988 9.45562 7.84544 7.47854 8.26329 8.29861 8.42253 7.96788 7.3974 6.50641 7.23064 7.50999 6.65594 5.53536 4.8144 -9999 -9999 -9999 -9999 -9999 -9999 -9999 -9999 -9999 -9999 -9999 -9999 -9999 -9999 -9999 -9999 -9999 -9999 -9999 -9999 -9999 -9999 -9999 -9999 -9999 -9999 -9999 -9999 -9999 -9999 -9999 -9999 -9999 -9999 -9999 -9999 -9999 -9999 -9999 -9999 -9999 -9999 -9999 -9999
11.1388 10.6199 10.9401 11.1802 11.6224 11.7381 11.8036 12.4383 12.403 12.3719 12.0985 11.8795 11.5177 10.9008 10.0233 8.96701 7.12927 8.25886 9.14278 9.1176 9.06645 8.66603 7.81001 8.52086 8.55132 7.45657 6.21565 5.48447 5.1802 -9999 -9999 -9999 -9999 -9999 -9999 -9999 -9999 -9999 -9999 -9999 -9999 -9999 -9999 -9999 -9999 -9999 -9999 -9999 -9999 -9999 -9999 -9999 -9999 -9999 -9999 -9999 -9999 -9999 -9999 -9999 -9999 -9999 -9999 -9999 -9999 -9999 -9999 -9999 -9999 -9999 -9999 -9999
10.7076 10.0742 10.3964 10.8268 11.4313 11.7457 11.9841 12.1728 12.3652 12.3406 12.0607 11.2375 11.1183 11.0808 10.5062 9.30225 8.09983 7.78667 9.13638 9.52093 9.43953 9.73876 9.01323 9.35184 9.20875 8.81568 7.62115 6.53338 6.08117 5.19081 -9999 -9999 -9999 -9999 -9999 -9999 -9999 -9999 -9999 -9999 -9999 -9999 -9999 -9999 -9999 -9999 -9999 -9999 -9999 -9999 -9999 -9999 -9999 -9999 -9999 -9999 -9999 -9999 -9999 -9999 -9999 -9999 -9999 -9999 -9999 -9999 -9999 -9999 -9999 -9999 -9999 -9999
-9999 -9999 9.66578 10.2491 10.7347 11.329 11.8409 12.0969 12.3455 12.3235 11.7658 11.492 11.4663 11.0891 10.426 10.009 9.25112 8.46155 8.76004 9.91064 9.39526 10.2095 10.1375 10.2846 9.73545 8.69065 7.30639 6.49709 6.09204 5.36978 -9999 -9999 -9999 -9999 -9999 -9999 -9999 -9999 -9999 -9999 -9999 -9999 -9999 -9999 -9999 -9999 -9999 -9999 -9999 -9999 -9999 -9999 -9999 -9999 -9999 -9999 -9999 -9999 -9999 -9999 -9999 -9999 -9999 -9999 -9999 -9999 -9999 -9999 -9999 -9999 -9999 -9999
-9999 -9999 -9999 10.1319 10.5016 11.2964 11.7062 11.8717 12.2736 12.2727 12.0602 11.8993 11.6666 11.3632 10.8643 10.314 9.60118 9.53325 10.2686 10.2753 10.1188 10.2372 10.6133 10.5104 9.65741 8.19375 7.41927 5.85035 5.17581 5.241 4.76196 -9999 -9999 -9999 -9999 -9999 -9999 -9999 -9999 -9999 -9999 -9999 -9999 6.55037 -9999 -9999 -9999 -9999 -9999 -9999 -9999 -9999 -9999 -9999 -9999 -9999 -9999 -9999 -9999 -9999 -9999 -9999 -9999 -9999 3.62593 -9999 -9999 -9999 -9999 -9999 -9999 -9999
-9999 -9999 10.0551 10.5475 10.9334 11.4311 11.4785 11.7735 12.2358 12.2407 12.0895 11.9187 11.5372 11.4411 11.1563 10.559 10.4352 10.6743 10.7833 10.907 10.9821 10.9165 10.7602 10.5588 10.0041 9.32386 8.86604 7.43217 6.705 6.00883 4.95714 4.13376 -9999 -9999 -9999 -9999 -9999 -9999 -9999 6.00134 5.96052 5.97719 6.20502 6.83741 6.46206 -9999 -9999 -9999 -9999 -9999 -9999 -9999 -9999 -9999 -9999 -9999 -9999 -9999 -9999 -9999 -9999 -9999 -9999 -9999 4.18773 3.36028 -9999 -9999 -9999 -9999 -9999 -9999
-9999 -9999 10.1769 10.699 10.9591 11.4425 11.7184 11.8986 12.0578 12.2097 12.1819 11.9931 11.7069 11.7066 11.313 11.0999 10.9471 11.2714 11.3338 11.2006 11.0341 10.8863 10.4728 10.4222 10.2788 9.8456 9.13677 8.40636 7.35477 5.92807 4.52896 3.39986 -9999 -9999 -9999 -9999 -9999 -9999 6.1111 6.63654 6.95064 6.27734 6.84906 7.37124 7.28503 6.76535 -9999 -9999 -9999 -9999 -9999 -9999 -9999 -9999 -9999 -9999 -9999 -9999 -9999 -9999 8.09593 7.24829 5.53754 4.65984 4.13246 3.37999 -9999 -9999 -9999 -9999 -9999 -9999
-9999 -9999 10.0635 10.6805 11.098 11.4684 11.5265 11.9058 12.0703 12.151 12.1393 12.1003 12.0458 11.702 11.553 11.0345 11.5267 11.506 11.3789 10.8816 10.6646 9.81188 9.43494 9.34242 10.0537 9.52144 8.41409 7.0307 5.3693 5.25844 4.70617 3.69644 -9999 -9999 -9999 -9999 -9999 -9999 6.26408 6.82636 7.29544 7.36233 6.69302 7.62263 7.57658 7.05219 6.93048 7.35417 7.56691 7.39951 7.90815 8.05362 7.81949 8.06836 -9999 -9999 -9999 -9999 8.20481 8.23733 8.2617 7.90783 6.03922 4.76249 3.61563 3.50377 -9999 -9999 -9999 -9999 -9999 -9999
-9999 -9999 10.4817 10.8614 11.053 11.0832 11.4154 11.7467 11.9503 12.0967 12.0647 12.0506 12.0356 11.9168 11.6432 11.6901 11.6662 11.5057 10.5611 9.4587 9.93592 9.28123 7.87844 9.00799 9.62831 9.02549 7.68428 6.12961 5.61768 5.63564 4.86889 3.88269 -9999 -9999 -9999 4.71741 5.52272 5.59127 5.8278 6.57842 7.14909 7.5796 7.87148 7.85634 7.54098 7.02782 6.46995 6.66355 7.65636 7.89508 8.09577 8.24635 8.02842 8.13338 8.39653 8.5312 8.55644 8.4914 8.47511 8.49525 8.462 8.13172 6.46315 5.50599 4.89464 3.66043 -9999 -9999 -9999 -9999 -9999 -9999
-9999 -9999 10.2313 10.5614 10.8285 11.2729 11.3188 11.5989 11.7641 12.0111 12.0372 11.7447 11.9829 11.9499 11.9031 11.8059 11.6644 10.8667 9.76794 8.66632 8.15637 8.36862 7.52451 7.95009 8.57858 8.34439 7.51809 6.13249 5.93334 5.60747 4.32196 3.08337 -9999 -9999 3.14388 4.69058 5.77936 6.34039 6.51332 6.52881 7.24833 7.30349 8.07779 7.89067 6.8591 6.9712 6.56868 6.82318 7.18056 7.27642 7.79573 8.29962 8.39109 8.38946 8.55563 8.58736 8.59363 8.58694 8.47003 8.52117 8.52799 8.32175 7.11041 6.519 5.86398 3.6647 -9999 -9999 -9999 -9999 -9999 -9999
-9999 -9999 10.3903 10.7594 11.1635 11.2282 11.5272 11.4972 11.4101 11.8268 11.9784 11.7713 11.6217 11.8919 11.8711 11.833 11.7716 11.0219 10.1546 8.84236 8.02596 7.52417 7.16749 6.68728 7.0079 6.90422 6.76659 6.91516 6.53122 5.76852 5.01329 3.60511 2.84127 -9999 3.21782 3.91452 5.20989 6.31085 7.00946 6.7567 7.5752 7.72591 8.19417 7.91433 7.28599 7.0109 6.98316 6.89718 7.44488 7.81169 8.06698 8.23771 8.45353 8.50497 8.55703 8.57708 8.58701 8.59761 8.59301 8.58727 8.56167 8.48359 7.92614 7.33313 6.05867 3.72859 -9999 -9999 -9999 -9999 -9999 -9999
-9999 9.30607 10.3394 10.9589 11.1983 11.3707 11.5225 11.6319 11.7465 11.8551 11.9282 11.8947 11.3495 11.3919 11.4877 11.7941 11.7702 11.7006 11.2255 9.62926 9.07479 8.26517 7.21918 6.7771 6.99058 7.84067 7.79792 7.22734 6.59198 5.71483 5.15555 4.28965 2.63249 2.77778 3.51992 4.07196 4.9518 6.29802 7.2416 7.66215 7.82031 8.14873 8.31949 7.93313 7.56566 7.40962 7.12346 7.07938 7.07704 7.40594 7.6594 8.23383 8.42432 8.51075 8.55249 8.57372 8.58881 8.60417 8.60858 8.59621 8.59582 8.59043 8.54639 7.76096 5.79409 4.31247 -9999 -9999 -9999 -9999 -9999 -9999
-9999 -9999 10.1398 10.4119 10.4826 10.6066 10.8615 11.1553 11.5716 11.6243 11.8533 11.8516 11.3819 10.8394 11.3085 11.4937 11.6857 11.6896 11.6266 10.2827 9.57896 9.02396 8.02071 8.37485 8.71293 8.73432 8.5229 7.30472 6.09146 4.69264 3.3864 3.31986 2.61531 2.98319 3.47245 4.73374 5.6212 5.98045 6.23839 7.60747 7.96112 8.0795 8.42772 7.94657 7.82024 7.457 7.55971 7.52389 7.52139 6.52104 7.51327 7.56794 8.21451 8.50309 8.5668 8.58172 8.59838 8.59944 8.60169 8.59759 8.60332 8.59113 8.577 8.06554 5.57549 4.32249 -9999 -9999 -9999 -9999 -9999 -9999
-9999 -9999 -9999 -9999 10.2171 10.4244 10.5569 10.7869 11.4928 11.6824 11.8079 11.8176 11.6076 11.0712 10.9285 11.0248 10.5008 10.9354 11.5302 11.5125 11.4369 10.2559 9.64768 10.2266 10.0447 9.15472 8.45317 7.76064 6.34093 5.2997 3.80329 2.67877 2.63267 3.86556 4.88975 6.16614 6.7286 6.40617 6.75306 7.43051 8.20162 8.57321 8.48255 7.97537 7.89951 7.34131 7.88183 7.924 7.66602 7.4423 7.52291 7.8404 7.95903 8.46427 8.58412 8.60333 8.60472 8.60486 8.60123 8.59727 8.58822 8.58135 8.57258 8.54778 5.98817 3.99465 -9999 -9999 -9999 -9999 -9999 -9999
-9999 -9999 -9999 -9999 9.71816 9.8442 10.1766 11.0313 11.4776 11.6577 11.6506 11.7332 11.5849 11.1126 10.6277 10.1701 9.58016 9.91428 10.8014 11.323 11.3794 10.3437 10.875 10.6694 10.2683 9.10574 8.24759 7.79026 6.42704 5.25861 4.26152 2.8869 3.46919 4.11139 4.93778 6.33073 7.27032 7.65561 7.32931 7.76272 8.65028 8.65305 8.16402 8.19266 7.89102 7.12952 7.91386 8.13126 7.94769 7.9893 7.91601 8.03144 8.2456 8.45064 8.58615 8.60201 8.60182 8.59533 8.59363 8.59216 8.58078 8.57995 8.57107 8.55616 6.90318 3.94903 -9999 -9999 -9999 -9999 -9999 -9999
-9999 -9999 -9999 -9999 -9999 9.26292 10.0224 11.1573 11.4375 11.411 11.6446 11.6639 11.4369 11.2395 10.6512 9.84768 8.30558 8.6958 9.51215 10.6901 11.3074 11.2201 10.8689 10.2647 8.80879 7.53393 7.37474 7.16185 6.16566 5.26464 4.15668 4.79177 5.48833 6.25125 6.65111 6.54442 7.34932 8.0054 7.72467 8.25665 8.87728 8.5927 8.42308 8.2799 7.93205 7.90737 7.93889 8.38225 8.06777 8.25349 8.25178 8.23681 8.33897 8.45753 8.58269 8.60089 8.59877 8.59895 8.58231 8.58594 8.57695 8.56801 8.55957 8.54637 8.39478 6.80166 5.84905 -9999 -9999 -9999 -9999 -9999
-9999 -9999 -9999 -9999 -9999 8.55402 8.93242 10.2767 10.6903 11.2839 11.5986 11.6123 11.2298 11.0158 10.1399 9.85467 8.42796 7.781 8.32594 8.11352 9.73617 11.1713 10.8523 7.94356 6.88697 6.13188 6.31973 6.31668 6.03596 4.5059 4.08114 5.44253 6.29867 6.96169 7.4644 7.5672 7.5482 8.57521 8.71037 9.04277 8.96807 8.99666 8.47461 8.15012 8.42533 8.09756 8.03804 8.49626 8.03612 8.44366 8.38863 8.26086 8.25058 8.51855 8.57038 8.59658 8.59562 8.58314 8.56764 8.55824 8.56536 8.55952 8.5426 8.54133 8.52432 8.33119 7.50596 7.21562 7.53118 -9999 -9999 -9999
-9999 -9999 -9999 -9999 -9999 -9999 7.67048 9.53904 10.3912 10.8393 11.4703 11.5456 11.3408 10.9721 10.0801 9.29513 8.01953 6.56257 5.79043 8.0936 10.0975 11.1415 10.998 8.57606 7.61742 7.56854 8.12578 7.64694 7.2827 6.11891 5.76839 5.28317 5.57634 6.50087 7.2564 7.98621 8.51639 8.55806 8.9013 9.09802 9.11209 9.17168 9.10778 9.05478 8.54811 8.89038 8.59254 8.74419 8.63948 8.54452 8.46034 8.16974 8.36868 8.54475 8.58796 8.59806 8.5852 8.58072 8.57118 8.55235 8.54332 8.54027 8.53657 8.52522 8.52275 8.50971 8.41474 7.917 7.25156 6.41158 -9999 -9999
-9999 -9999 -9999 -9999 -9999 -9999 6.72898 8.58837 9.48284 10.636 11.228 11.4673 11.4348 11.1358 10.4577 9.43734 8.58667 6.96048 5.27164 7.68984 9.84369 11.0038 11.0618 9.02386 9.58277 9.12314 9.30234 8.46451 8.11393 7.8355 7.23315 6.57514 5.85431 5.4718 7.17251 8.04494 8.7467 9.07655 9.26201 9.35329 9.30038 9.17095 8.41183 8.98504 8.9486 8.88725 8.81734 8.78129 8.71736 8.64282 8.59515 8.57665 8.38278 8.59351 8.58448 8.58513 8.584 8.57628 8.56344 8.55188 8.53798 8.53528 8.52725 8.51752 8.50994 8.50312 8.49417 8.46407 8.32965 7.20277 6.52759 6.3346
-9999 -9999 -9999 -9999 -9999 -9999 4.10724 6.81269 8.98438 10.1197 11.0422 11.2955 11.3896 10.9887 10.6884 9.95644 9.26289 8.19365 6.59289 5.6059 7.41603 10.0467 11.0155 10.9334 10.8685 10.3379 9.85938 9.79527 9.82678 9.27019 8.4594 7.40511 7.07215 6.70138 7.96748 8.13744 8.04271 9.43505 9.43592 9.35411 8.81774 8.21739 8.32732 7.9564 8.2338 7.78906 8.19027 8.53645 8.66315 8.64819 8.59559 8.58339 8.55932 8.5916 8.58849 8.58013 8.57327 8.56858 8.56112 8.54258 8.53092 8.53417 8.51974 8.50857 8.50045 8.49517 8.48927 8.46622 8.445 8.26927 8.00658 7.50674
-9999 -9999 -9999 -9999 -9999 -9999 4.21375 6.48804 8.41813 9.57374 10.6864 10.944 11.3187 11.2365 10.9218 10.2853 9.49021 8.60979 7.23612 6.21416 7.42288 9.16996 10.4187 10.8611 10.8541 10.8199 10.6968 10.6404 10.498 10.3949 9.81458 8.81561 8.25191 7.4284 8.83952 8.99584 8.77244 9.4755 9.43757 8.36804 7.54483 7.4394 7.93622 7.45652 7.36661 7.0692 7.40006 8.29344 8.02405 8.07191 8.47273 8.53647 8.57319 8.58205 8.5767 8.57238 8.56317 8.56195 8.56065 8.5423 8.53238 8.52605 8.50776 8.50104 8.48724 8.4749 8.46805 8.45432 8.43477 8.38278 8.32201 8.37409
-9999 -9999 -9999 -9999 -9999 -9999 4.24929 5.78066 7.5174 9.21983 10.408 10.8867 11.2348 11.2298 10.8642 10.5469 10.0476 9.27274 8.74019 7.81738 6.55177 8.66488 9.3122 9.88498 10.1214 10.721 10.7021 10.4215 10.0973 10.3918 10.2969 9.50814 9.24696 8.80805 9.5917 9.59107 9.56675 9.52203 8.61807 7.36247 6.3581 7.07539 6.92135 7.2482 6.21726 7.05317 7.72752 7.94352 7.48242 7.13645 8.18842 8.35676 8.45812 8.52222 8.56358 8.5506 8.55909 8.55057 8.54512 8.53927 8.52763 8.51942 8.50739 8.49504 8.48174 8.47061 8.45549 8.43269 8.42883 8.40415 8.3914 8.37759
-9999 -9999 -9999 -9999 -9999 -9999 -9999 4.86564 7.06499 9.03081 10.1249 10.8125 11.1468 11.1394 10.9516 10.7354 10.4249 9.86507 9.16217 8.05285 7.22833 7.74616 8.38037 8.44541 8.86443 10.0872 10.5024 9.90456 8.43088 9.28981 10.2533 10.2346 10.1493 10.0544 9.93509 9.82605 9.59055 8.96412 7.05049 6.66985 5.91702 5.99874 5.61054 6.44599 6.1257 6.98435 7.35413 7.49122 6.68952 6.85151 7.78147 8.1496 8.08534 8.31061 8.52884 8.53363 8.53758 8.52966 8.53201 8.53133 8.52519 8.50918 8.49898 8.4906 8.46802 8.46534 8.3912 8.34213 8.24586 8.35925 8.36812 8.36742
-9999 -9999 -9999 -9999 -9999 -9999 -9999 4.41542 6.61274 8.92785 9.67049 10.4117 11.0511 11.0622 10.776 10.5036 10.2227 9.90299 9.05112 8.22475 7.43549 7.16834 7.32334 7.30633 7.98692 9.58137 9.88707 9.75141 8.20788 7.68531 8.97357 10.0559 10.1385 10.0374 8.75737 9.02679 8.33506 7.3978 7.13774 6.72569 5.85813 6.27081 5.63411 5.90183 5.82235 6.30815 6.54297 7.12163 6.42254 6.4189 7.33156 7.79292 7.80192 8.28671 8.45813 8.50146 8.51074 8.51674 8.51655 8.52183 8.51484 8.50507 8.4929 8.46689 8.40867 8.23311 7.30488 7.30337 7.55455 7.79233 8.22409 8.34304
-9999 -9999 -9999 -9999 -9999 -9999 -9999 4.65956 6.18393 8.23792 9.75907 9.8535 10.5922 10.9728 10.6617 10.3115 9.95297 9.79482 8.86805 7.85011 7.02695 6.05301 6.20974 6.90355 8.03889 9.06766 9.24869 9.03179 8.19978 8.5848 9.46237 9.927 10.062 9.95062 9.66968 9.50621 8.99603 8.7733 8.06565 6.9607 6.52348 6.795 5.62167 5.69977 6.12858 5.66197 6.41568 6.77443 5.87282 6.57472 7.38546 7.79867 8.15978 8.32949 8.39578 8.49876 8.49931 8.50592 8.50844 8.50451 8.50197 8.48232 8.46551 8.36461 8.21706 7.35263 6.98757 7.0554 7.45129 7.79781 8.15556 8.30316
-9999 -9999 -9999 -9999 -9999 -9999 -9999 4.90932 6.28158 8.06227 9.14636 9.3392 10.1585 10.8867 10.8034 10.4391 10.3266 9.94873 9.16244 8.29404 7.34497 6.88202 5.82139 6.85955 7.6787 8.54953 8.95512 8.26949 7.92689 8.52427 9.11827 9.35375 9.95393 9.94537 9.74603 8.89587 8.47987 8.65167 8.4712 8.15725 7.39557 7.35844 6.86774 6.66233 6.46802 5.84144 6.23264 6.26844 6.36742 7.2162 7.63664 7.91456 8.16726 8.23176 8.34038 8.48213 8.4925 8.49534 8.49231 8.49255 8.47941 8.43579 8.39854 8.19839 7.84616 7.1913 6.12836 6.87081 7.64742 7.87548 8.0966 8.21231
-9999 -9999 -9999 -9999 -9999 -9999 -9999 4.66503 6.12279 7.64439 8.27976 8.38644 9.87031 10.7782 10.778 10.6042 10.4015 9.47149 9.52356 9.33547 8.47918 7.23301 5.86455 5.98968 6.79741 7.95 8.32876 7.20155 6.80362 7.09074 7.99053 8.79574 9.6367 9.84819 9.59777 8.27587 6.87124 7.51852 8.21025 8.20333 7.99633 7.28958 7.06277 6.85701 6.34013 5.46554 5.58731 5.82529 6.78493 7.08896 7.56063 7.952 7.80052 7.88482 8.2595 8.47347 8.47921 8.48064 8.48532 8.47784 8.46236 8.37811 8.28899 8.14119 7.22735 6.65807 5.83003 6.78379 7.3124 7.58733 8.09087 8.20943
-9999 -9999 -9999 -9999 -9999 -9999 -9999 4.2031 5.26056 6.71481 7.30003 8.23429 9.63641 10.3251 10.6543 10.645 10.5092 10.0916 9.83953 9.34488 8.45432 7.23743 5.88493 5.00341 5.44717 6.99605 7.35544 6.31978 5.79275 6.44193 7.40104 8.82275 9.63383 9.74085 9.66435 9.38948 8.36316 7.12372 7.12494 7.74205 7.21997 6.61356 6.94186 6.87693 6.36653 5.99421 5.76164 5.89371 6.43999 6.66562 7.2109 8.01736 8.13041 8.10466 8.44281 8.45729 8.46272 8.47308 8.47016 8.46449 8.45169 8.38253 8.2308 7.6217 7.09016 6.35173 6.25804 7.10535 7.47439 7.81563 8.06148 8.14019
-9999 -9999 -9999 -9999 -9999 -9999 -9999 3.41522 4.65956 6.02172 7.29701 8.50341 9.54141 9.62004 10.1665 10.1639 10.4492 10.3647 9.97732 9.5604 8.79282 7.23045 5.91618 4.483 4.85723 6.43579 6.63337 5.93996 4.6617 5.97507 7.42384 8.73666 9.446 8.88462 9.45404 9.40413 9.01774 8.2787 7.13117 7.14973 6.28882 6.2482 6.68529 6.82474 6.74774 6.46732 6.01998 6.08518 6.41367 6.49581 6.99654 7.62135 8.23226 8.33251 8.44683 8.44918 8.44849 8.4555 8.4542 8.43887 8.40492 8.33275 7.82177 7.21454 6.83943 6.32415 6.25924 7.24062 7.62574 7.83769 8.04971 8.13206
-9999 -9999 -9999 -9999 -9999 -9999 -9999 -9999 4.52171 5.92898 6.96986 7.249 8.17143 8.66866 9.05295 9.1366 10.2364 10.2949 10.0486 9.66545 9.01047 7.82434 6.99702 5.62227 4.63328 5.02757 5.21201 5.57112 5.461 6.04495 7.43701 8.88749 9.04303 8.11665 8.25044 8.4407 8.87075 8.6481 7.08557 6.29012 5.62921 6.09304 6.58103 6.69636 6.71646 6.61784 6.49822 6.29943 6.9531 7.43589 7.54516 7.96589 8.27578 8.35918 8.42141 8.42666 8.43217 8.42971 8.40896 8.39324 8.31219 8.13362 7.56242 6.19223 6.25346 6.10285 5.67469 6.63161 7.22811 7.76876 8.05492 8.12702
-9999 -9999 -9999 -9999 -9999 -9999 -9999 -9999 4.04269 5.67114 6.01394 5.98679 5.44553 5.6922 7.69084 8.09173 9.14637 10.1448 10.0691 9.69321 9.08027 8.37283 7.27884 5.73308 4.5042 3.97741 5.29091 6.58335 6.84761 7.25806 8.10981 8.26916 7.32239 6.4344 6.92829 7.22461 8.36196 8.56705 8.3423 7.39949 6.32186 5.75761 6.41599 6.50072 6.53657 6.54043 6.51061 6.47449 7.20936 7.61565 7.89643 8.04774 8.31319 8.37876 8.39773 8.41557 8.40798 8.3915 8.34652 8.29579 8.08075 7.82094 6.88699 6.10787 5.621 5.00362 6.38625 6.7923 7.35538 7.71697 8.00147 8.06183
