Test_Spring_2018b/04_18/Temp/20180424_009.txt
ncols	170
nrows	115
xllcorner	350000.000000
yllcorner	4445000.000000
cellsize	1000.000000
nodata_value	-9999.000000
[rows 32 to 63 of 115, columns 72 to 143 of 170]
19.6552 19.6539 19.6848 19.7141 19.7017 19.6976 19.733 19.7438 19.7446 19.7319 19.7346 19.7372 19.7435 19.7248 19.6508 19.5854 19.6392 19.6523 19.6356 19.699 19.6835 19.6239 19.5349 19.6006 19.5973 19.5264 19.5185 -9999 -9999 -9999 -9999 -9999 -9999 -9999 -9999 -9999 -9999 -9999 -9999 -9999 -9999 -9999 -9999 -9999 -9999 -9999 -9999 -9999 -9999 -9999 -9999 -9999 -9999 -9999 -9999 -9999 -9999 -9999 -9999 -9999 -9999 -9999 -9999 -9999 -9999 -9999 -9999 -9999 -9999 -9999 -9999 -9999
19.6374 19.6435 19.6841 19.6946 19.6958 19.7052 19.7294 19.744 19.7511 19.7519 19.7543 19.7564 19.7438 19.7207 19.6591 19.5829 19.575 19.6304 19.6444 19.6633 19.6502 19.6305 19.5931 19.6442 19.6708 19.6312 19.5726 19.5365 -9999 -9999 -9999 -9999 -9999 -9999 -9999 -9999 -9999 -9999 -9999 -9999 -9999 -9999 -9999 -9999 -9999 -9999 -9999 -9999 -9999 -9999 -9999 -9999 -9999 -9999 -9999 -9999 -9999 -9999 -9999 -9999 -9999 -9999 -9999 -9999 -9999 -9999 -9999 -9999 -9999 -9999 -9999 -9999
19.6166 19.5997 19.6287 19.6531 19.6734 19.6808 19.6952 19.7411 19.7503 19.7599 19.7564 19.7561 19.7482 19.7264 19.6904 19.6446 19.5559 19.6302 19.6909 19.7015 19.7106 19.7003 19.6648 19.7152 19.7281 19.674 19.6019 19.5735 19.5687 -9999 -9999 -9999 -9999 -9999 -9999 -9999 -9999 -9999 -9999 -9999 -9999 -9999 -9999 -9999 -9999 -9999 -9999 -9999 -9999 -9999 -9999 -9999 -9999 -9999 -9999 -9999 -9999 -9999 -9999 -9999 -9999 -9999 -9999 -9999 -9999 -9999 -9999 -9999 -9999 -9999 -9999 -9999
19.5931 19.5699 19.599 19.6338 19.6698 19.6865 19.7052 19.7265 19.7482 19.7582 19.7543 19.7208 19.7262 19.7362 19.7169 19.663 19.6092 19.6043 19.6906 19.7238 19.7312 19.7593 19.731 19.761 19.7643 19.752 19.6872 19.6313 19.6183 19.5814 -9999 -9999 -9999 -9999 -9999 -9999 -9999 -9999 -9999 -9999 -9999 -9999 -9999 -9999 -9999 -9999 -9999 -9999 -9999 -9999 -9999 -9999 -9999 -9999 -9999 -9999 -9999 -9999 -9999 -9999 -9999 -9999 -9999 -9999 -9999 -9999 -9999 -9999 -9999 -9999 -9999 -9999
-9999 -9999 19.5591 19.5942 19.6274 19.6639 19.6975 19.7224 19.7471 19.7571 19.738 19.7347 19.7452 19.7366 19.7124 19.7018 19.6725 19.6415 19.6701 19.7454 19.7289 19.7854 19.7929 19.8123 19.7933 19.7379 19.6701 19.6294 19.6189 19.5911 -9999 -9999 -9999 -9999 -9999 -9999 -9999 -9999 -9999 -9999 -9999 -9999 -9999 -9999 -9999 -9999 -9999 -9999 -9999 -9999 -9999 -9999 -9999 -9999 -9999 -9999 -9999 -9999 -9999 -9999 -9999 -9999 -9999 -9999 -9999 -9999 -9999 -9999 -9999 -9999 -9999 -9999
-9999 -9999 -9999 19.588 19.6148 19.6688 19.6902 19.71 19.743 19.7541 19.7538 19.7567 19.7559 19.7514 19.7363 19.7185 19.6918 19.7005 19.7532 19.7657 19.769 19.7871 19.8192 19.8248 19.7871 19.7107 19.6792 19.5938 19.5683 19.5837 19.5694 -9999 -9999 -9999 -9999 -9999 -9999 -9999 -9999 -9999 -9999 -9999 -9999 19.847 -9999 -9999 -9999 -9999 -9999 -9999 -9999 -9999 -9999 -9999 -9999 -9999 -9999 -9999 -9999 -9999 -9999 -9999 -9999 -9999 19.9997 -9999 -9999 -9999 -9999 -9999 -9999 -9999
-9999 -9999 19.5813 19.6075 19.6387 19.6761 19.6828 19.7045 19.7406 19.7519 19.755 19.7573 19.7484 19.7554 19.7522 19.7319 19.7377 19.7634 19.7817 19.8007 19.8168 19.8248 19.8276 19.8276 19.7995 19.773 19.7586 19.6881 19.652 19.6253 19.5794 19.5463 -9999 -9999 -9999 -9999 -9999 -9999 -9999 19.7574 19.7699 19.7856 19.8131 19.8629 19.8573 -9999 -9999 -9999 -9999 -9999 -9999 -9999 -9999 -9999 -9999 -9999 -9999 -9999 -9999 -9999 -9999 -9999 -9999 -9999 20.0323 20.0021 -9999 -9999 -9999 -9999 -9999 -9999
-9999 -9999 19.578 19.6165 19.6404 19.6766 19.7016 19.7112 19.7305 19.7497 19.7595 19.7608 19.7572 19.7696 19.7605 19.7616 19.7659 19.7964 19.8124 19.8173 19.8201 19.8236 19.8121 19.8202 19.815 19.8017 19.7732 19.7435 19.6872 19.6201 19.5549 19.5048 -9999 -9999 -9999 -9999 -9999 -9999 19.7478 19.7914 19.8235 19.8016 19.8482 19.8921 19.9026 19.8875 -9999 -9999 -9999 -9999 -9999 -9999 -9999 -9999 -9999 -9999 -9999 -9999 -9999 -9999 20.1885 20.1569 20.0778 20.0447 20.0308 20.0048 -9999 -9999 -9999 -9999 -9999 -9999
-9999 -9999 19.573 19.6162 19.6484 19.678 19.6905 19.7164 19.7307 19.7458 19.7564 19.766 19.7752 19.7688 19.7734 19.7579 19.7979 19.8097 19.8153 19.8004 19.8004 19.7651 19.7556 19.7537 19.8031 19.784 19.7332 19.6673 19.5792 19.5824 19.5634 19.5196 -9999 -9999 -9999 -9999 -9999 -9999 19.7548 19.8006 19.8415 19.8605 19.8391 19.9056 19.9167 19.9037 19.9128 19.9519 19.9793 19.9827 20.0265 20.0504 20.0534 20.0827 -9999 -9999 -9999 -9999 20.1664 20.1831 20.1993 20.1947 20.107 20.0518 20.004 20.0141 -9999 -9999 -9999 -9999 -9999 -9999
-9999 -9999 19.5973 19.6271 19.6463 19.6567 19.6838 19.7068 19.7235 19.7423 19.7518 19.7629 19.7744 19.7806 19.7786 19.7944 19.8064 19.8107 19.7718 19.7238 19.7622 19.7367 19.6654 19.7362 19.7803 19.7569 19.6928 19.617 19.5919 19.602 19.5709 19.5285 -9999 -9999 -9999 19.6255 19.6837 19.702 19.7298 19.7862 19.8329 19.8715 19.9032 19.9147 19.9149 19.9027 19.888 19.9147 19.9851 20.0142 20.0382 20.0625 20.0665 20.0903 20.1202 20.1429 20.1594 20.1709 20.1849 20.2009 20.2139 20.2107 20.1317 20.0941 20.0756 20.029 -9999 -9999 -9999 -9999 -9999 -9999
-9999 -9999 19.5836 19.6104 19.6335 19.6661 19.6772 19.7016 19.7163 19.7368 19.7494 19.7452 19.7707 19.7818 19.7925 19.8006 19.8064 19.776 19.7288 19.681 19.6652 19.6844 19.6488 19.6809 19.7253 19.7196 19.6826 19.6158 19.6143 19.6005 19.5396 19.4828 -9999 -9999 19.5233 19.6218 19.6957 19.7412 19.7657 19.7819 19.8371 19.856 19.9144 19.9172 19.8781 19.9004 19.8939 19.9241 19.9628 19.984 20.0261 20.0695 20.0903 20.1058 20.1304 20.1474 20.1629 20.1775 20.1859 20.2036 20.2188 20.2223 20.1707 20.1533 20.1335 20.0325 -9999 -9999 -9999 -9999 -9999 -9999
-9999 -9999 19.5923 19.6208 19.6512 19.663 19.6878 19.695 19.6957 19.7287 19.7452 19.7457 19.75 19.7779 19.7903 19.802 19.8125 19.785 19.7507 19.6915 19.6589 19.6393 19.6303 19.6112 19.6384 19.642 19.6435 19.6606 19.6459 19.6079 19.5768 19.5097 19.4793 -9999 19.5251 19.5769 19.6623 19.7375 19.7911 19.7929 19.8538 19.8782 19.9175 19.9183 19.9016 19.9057 19.9206 19.9322 19.9784 20.0144 20.0422 20.0676 20.095 20.1135 20.1318 20.1482 20.1638 20.1793 20.1938 20.2083 20.2217 20.2322 20.2165 20.1999 20.1452 20.0368 -9999 -9999 -9999 -9999 -9999 -9999
-9999 19.5311 19.5908 19.6326 19.6535 19.6707 19.6871 19.7014 19.7134 19.7289 19.7436 19.7516 19.7343 19.7499 19.7689 19.7998 19.8126 19.8227 19.8102 19.7356 19.7147 19.68 19.6329 19.6171 19.638 19.6936 19.6999 19.677 19.6507 19.6065 19.583 19.546 19.4659 19.486 19.5396 19.5835 19.646 19.7349 19.8022 19.8411 19.866 19.8984 19.9241 19.9219 19.9197 19.9279 19.9288 19.9428 19.9589 19.9931 20.0211 20.0686 20.0949 20.115 20.1327 20.1491 20.165 20.1807 20.1957 20.2097 20.2244 20.2389 20.2521 20.2241 20.1344 20.0726 -9999 -9999 -9999 -9999 -9999 -9999
-9999 -9999 19.581 19.6033 19.6145 19.6287 19.6503 19.6745 19.703 19.7156 19.7388 19.7498 19.7355 19.7191 19.7588 19.7833 19.8082 19.8226 19.8329 19.7694 19.7425 19.723 19.678 19.7057 19.7333 19.743 19.7396 19.6808 19.6222 19.5492 19.4868 19.4931 19.4635 19.4955 19.5351 19.618 19.681 19.7158 19.7456 19.8369 19.8712 19.896 19.932 19.9226 19.9338 19.9308 19.9532 19.9678 19.9841 19.9453 20.014 20.0331 20.0845 20.1159 20.1346 20.1505 20.1664 20.1812 20.1961 20.2105 20.2256 20.2401 20.2564 20.244 20.1231 20.0738 -9999 -9999 -9999 -9999 -9999 -9999
-9999 -9999 -9999 -9999 19.6002 19.6187 19.6333 19.6538 19.6981 19.7181 19.7355 19.7475 19.7483 19.7316 19.7379 19.7577 19.7434 19.7813 19.8266 19.8382 19.8457 19.7917 19.7672 19.8083 19.807 19.7664 19.7358 19.7055 19.6353 19.5818 19.5087 19.4566 19.4645 19.5436 19.6116 19.6953 19.7406 19.738 19.7728 19.8263 19.8853 19.9227 19.9349 19.9242 19.9383 19.9248 19.9714 19.9905 19.9928 19.9967 20.0155 20.049 20.0713 20.1146 20.1365 20.1525 20.1675 20.1822 20.1967 20.2111 20.2265 20.2415 20.2566 20.2711 20.1464 20.0564 -9999 -9999 -9999 -9999 -9999 -9999
-9999 -9999 -9999 -9999 19.573 19.5868 19.6123 19.667 19.697 19.7165 19.7266 19.7426 19.7468 19.7342 19.7215 19.7109 19.6929 19.7252 19.7874 19.8286 19.8434 19.7974 19.8354 19.8333 19.8198 19.764 19.7247 19.7071 19.6398 19.5792 19.5334 19.4674 19.5097 19.5563 19.6139 19.7036 19.7697 19.8062 19.804 19.8442 19.9098 19.9271 19.9175 19.9364 19.9383 19.9137 19.9738 20.0025 20.009 20.0275 20.0379 20.0603 20.0878 20.1146 20.1372 20.1531 20.1679 20.1822 20.1968 20.2119 20.2264 20.2418 20.257 20.2721 20.1974 20.0546 -9999 -9999 -9999 -9999 -9999 -9999
-9999 -9999 -9999 -9999 -9999 19.555 19.604 19.674 19.695 19.7031 19.7265 19.739 19.7389 19.7414 19.7232 19.6936 19.6233 19.6588 19.717 19.7943 19.84 19.846 19.8356 19.8115 19.7401 19.6781 19.6771 19.6729 19.6257 19.5798 19.5278 19.5722 19.6207 19.6739 19.7081 19.7155 19.7741 19.8254 19.8258 19.8715 19.9225 19.9241 19.9322 19.9417 19.9411 19.9571 19.9759 20.0171 20.0163 20.0428 20.0571 20.0723 20.0936 20.1155 20.1376 20.1535 20.1681 20.1828 20.1967 20.2119 20.2266 20.2417 20.257 20.2723 20.2802 20.2122 20.1766 -9999 -9999 -9999 -9999 -9999
-9999 -9999 -9999 -9999 -9999 19.5163 19.5445 19.6262 19.6545 19.6968 19.7247 19.7369 19.7283 19.7297 19.6955 19.6944 19.6306 19.6087 19.652 19.6529 19.7538 19.8436 19.8349 19.6843 19.6349 19.6016 19.6198 19.6272 19.6194 19.539 19.5245 19.6089 19.6662 19.7139 19.7538 19.7727 19.7861 19.8578 19.8808 19.9156 19.9284 19.9472 19.9358 19.9354 19.9691 19.9684 19.9822 20.0241 20.0154 20.0539 20.0653 20.0742 20.0893 20.1194 20.1373 20.1536 20.1685 20.1825 20.1964 20.2109 20.2266 20.2419 20.2569 20.2729 20.2882 20.2972 20.2687 20.2695 20.3033 -9999 -9999 -9999
-9999 -9999 -9999 -9999 -9999 -9999 19.4757 19.5865 19.639 19.6735 19.7188 19.7345 19.7342 19.7276 19.6928 19.6641 19.6085 19.5426 19.5126 19.6517 19.7736 19.8419 19.843 19.7193 19.6755 19.6811 19.7198 19.7014 19.6892 19.629 19.6188 19.6018 19.6284 19.6897 19.7444 19.7978 19.8412 19.8588 19.8937 19.9201 19.9377 19.9581 19.9719 19.9863 19.9769 20.0129 20.0136 20.0386 20.0493 20.0602 20.0699 20.0698 20.0963 20.1213 20.1387 20.1549 20.1687 20.1831 20.1974 20.2115 20.2263 20.2418 20.2576 20.2731 20.2893 20.3082 20.3198 20.3092 20.2891 20.2592 -9999 -9999
-9999 -9999 -9999 -9999 -9999 -9999 19.4247 19.5353 19.5903 19.6637 19.705 19.7291 19.7404 19.7375 19.7143 19.6725 19.6399 19.5646 19.4854 19.6307 19.7593 19.8341 19.8476 19.744 19.7838 19.7672 19.7855 19.7476 19.7366 19.7251 19.7014 19.6752 19.6449 19.6368 19.7426 19.8039 19.8567 19.89 19.9161 19.9378 19.9502 19.9598 19.9352 19.9839 20.0003 20.014 20.027 20.0417 20.0545 20.0665 20.0779 20.0927 20.0976 20.1248 20.1405 20.1551 20.1696 20.1839 20.1981 20.2126 20.2274 20.2431 20.2584 20.274 20.2899 20.3093 20.3256 20.3405 20.3496 20.3038 20.2826 20.2891
-9999 -9999 -9999 -9999 -9999 -9999 19.2814 19.4389 19.5614 19.6344 19.6948 19.721 19.7391 19.7305 19.7278 19.7015 19.6774 19.6325 19.558 19.5166 19.6274 19.7834 19.845 19.849 19.8549 19.8348 19.8173 19.8224 19.8327 19.8061 19.7693 19.7219 19.7164 19.7077 19.7898 19.8125 19.8215 19.9131 19.9289 19.9408 19.9282 19.9099 19.9331 19.9291 19.9626 19.955 19.9938 20.0293 20.0525 20.0677 20.0787 20.0944 20.1085 20.1273 20.1418 20.156 20.1702 20.1848 20.1994 20.2136 20.2285 20.2446 20.26 20.2757 20.2909 20.3105 20.3268 20.3421 20.3573 20.3637 20.3651 20.3548
-9999 -9999 -9999 -9999 -9999 -9999 19.2852 19.4154 19.5317 19.6037 19.6765 19.703 19.7364 19.7451 19.7414 19.7202 19.6903 19.6555 19.5933 19.5499 19.6286 19.735 19.8144 19.8475 19.8546 19.8622 19.8646 19.8687 19.8699 19.8682 19.8466 19.8046 19.7849 19.7515 19.8417 19.8637 19.8656 19.9192 19.9327 19.8901 19.8614 19.8725 19.9138 19.9044 19.9176 19.917 19.9518 20.0172 20.0195 20.0379 20.0736 20.0927 20.1127 20.1281 20.1425 20.157 20.1713 20.1861 20.2011 20.2154 20.2305 20.246 20.261 20.2772 20.2929 20.3123 20.3274 20.3431 20.3583 20.3714 20.386 20.4061
-9999 -9999 -9999 -9999 -9999 -9999 19.289 19.3776 19.4835 19.5854 19.6625 19.7011 19.733 19.7458 19.7391 19.7352 19.7213 19.6921 19.676 19.638 19.5807 19.7085 19.7537 19.7941 19.8158 19.8582 19.8665 19.8603 19.8442 19.8706 19.8784 19.8461 19.8434 19.8314 19.8872 19.9006 19.9135 19.9258 19.8915 19.8385 19.7996 19.8555 19.8637 19.8951 19.8564 19.9199 19.9735 20.0018 19.991 19.9878 20.059 20.0871 20.1078 20.1263 20.1435 20.1576 20.1729 20.1874 20.2023 20.2174 20.2324 20.2477 20.2631 20.2786 20.2946 20.3142 20.33 20.3477 20.3637 20.3766 20.3915 20.4082
-9999 -9999 -9999 -9999 -9999 -9999 -9999 19.3289 19.4571 19.5764 19.6483 19.6983 19.7293 19.7418 19.7447 19.7461 19.7423 19.7247 19.699 19.6506 19.6175 19.6576 19.7017 19.7142 19.7474 19.8246 19.8571 19.834 19.7562 19.8164 19.8802 19.8904 19.8975 19.9045 19.9103 19.9179 19.9191 19.8993 19.8094 19.8046 19.7793 19.8002 19.7953 19.8541 19.8543 19.9181 19.9548 19.9785 19.9504 19.9726 20.0433 20.0789 20.0905 20.1179 20.1435 20.1587 20.1739 20.1885 20.2039 20.2193 20.2346 20.2511 20.2667 20.2825 20.2983 20.3186 20.3311 20.3448 20.3557 20.3778 20.3939 20.4174
-9999 -9999 -9999 -9999 -9999 -9999 -9999 19.3011 19.433 19.5717 19.6244 19.6774 19.7252 19.7386 19.7359 19.7341 19.7317 19.7272 19.6932 19.6603 19.6291 19.6262 19.646 19.6521 19.7 19.798 19.825 19.8277 19.7489 19.7312 19.8132 19.8843 19.9008 19.9078 19.8504 19.8788 19.8548 19.8179 19.8187 19.8116 19.7797 19.8184 19.7996 19.8306 19.8399 19.8829 19.9121 19.96 19.9375 19.9504 20.0204 20.0613 20.077 20.1188 20.1433 20.1607 20.1762 20.1918 20.2071 20.2229 20.2383 20.2537 20.269 20.2838 20.2968 20.3043 20.2739 20.2901 20.32 20.3489 20.3913 20.4191
-9999 -9999 -9999 -9999 -9999 -9999 -9999 19.3149 19.4101 19.5347 19.6303 19.6478 19.701 19.7347 19.7305 19.7243 19.7176 19.7217 19.6835 19.6401 19.607 19.5654 19.5855 19.6348 19.7038 19.771 19.7916 19.7902 19.7508 19.7834 19.8432 19.8807 19.9004 19.907 19.9047 19.9093 19.8953 19.8976 19.8736 19.8282 19.8198 19.8505 19.802 19.8223 19.8619 19.8496 19.9071 19.9428 19.9091 19.9652 20.0255 20.0638 20.099 20.1236 20.1424 20.1632 20.1785 20.1941 20.2097 20.225 20.2406 20.2554 20.2704 20.2809 20.2889 20.2575 20.2591 20.279 20.3168 20.3517 20.3967 20.4201
-9999 -9999 -9999 -9999 -9999 -9999 -9999 19.3288 19.416 19.5258 19.5975 19.6206 19.6782 19.731 19.7392 19.7321 19.7388 19.7309 19.7003 19.665 19.6251 19.6116 19.565 19.6334 19.6851 19.7439 19.7771 19.7454 19.7382 19.7827 19.8273 19.8524 19.898 19.9104 19.9127 19.8796 19.8709 19.8947 19.8996 19.8975 19.871 19.8846 19.8733 19.8779 19.8831 19.8616 19.8991 19.917 19.9425 20.0027 20.0416 20.0726 20.1019 20.1209 20.1422 20.1652 20.1811 20.1966 20.2119 20.2275 20.2425 20.2559 20.2697 20.2747 20.2713 20.2513 20.2147 20.2716 20.3302 20.3651 20.3967 20.4185
-9999 -9999 -9999 -9999 -9999 -9999 -9999 19.3156 19.4077 19.5035 19.5507 19.5691 19.6633 19.726 19.7388 19.7421 19.7438 19.7054 19.7209 19.723 19.6882 19.6317 19.5683 19.5867 19.6405 19.7123 19.7443 19.6887 19.6787 19.7064 19.7681 19.8248 19.8837 19.9084 19.908 19.8491 19.786 19.836 19.8887 19.9033 19.9071 19.8837 19.8869 19.8912 19.8786 19.847 19.8658 19.8948 19.9654 19.9981 20.0399 20.0772 20.0845 20.1046 20.1407 20.1679 20.1836 20.1991 20.2149 20.23 20.2448 20.256 20.2669 20.2746 20.2403 20.2249 20.1994 20.2697 20.3146 20.3564 20.3997 20.4218
-9999 -9999 -9999 -9999 -9999 -9999 -9999 19.2903 19.3607 19.453 19.4976 19.5616 19.6514 19.7021 19.733 19.7453 19.7507 19.7405 19.7392 19.7245 19.6878 19.633 19.5705 19.5337 19.5696 19.6613 19.6942 19.6421 19.6252 19.6731 19.7382 19.8289 19.8864 19.9054 19.9147 19.9134 19.8711 19.8174 19.8321 19.8809 19.8673 19.8493 19.8828 19.8949 19.8825 19.8778 19.8776 19.9052 19.9489 19.9774 20.0233 20.0835 20.1055 20.1197 20.1539 20.1702 20.186 20.2021 20.2175 20.2327 20.2476 20.2595 20.2669 20.2492 20.2358 20.2111 20.2217 20.2903 20.3332 20.3722 20.4015 20.4215
-9999 -9999 -9999 -9999 -9999 -9999 -9999 19.2472 19.328 19.4154 19.4982 19.5773 19.6471 19.6643 19.7073 19.72 19.7485 19.7566 19.7479 19.7374 19.7075 19.6337 19.5734 19.5064 19.5385 19.6348 19.649 19.623 19.5649 19.6494 19.7416 19.8265 19.8785 19.8609 19.9058 19.9169 19.9098 19.8835 19.8351 19.851 19.8187 19.8318 19.8712 19.8944 19.9058 19.9061 19.8977 19.918 19.95 19.9707 20.0143 20.0646 20.1141 20.1354 20.1574 20.1731 20.1887 20.2046 20.2201 20.2348 20.2486 20.2602 20.2478 20.2301 20.2252 20.2127 20.2249 20.2986 20.3447 20.3768 20.4043 20.4246
-9999 -9999 -9999 -9999 -9999 -9999 -9999 -9999 19.3208 19.4109 19.4809 19.5092 19.5729 19.6132 19.6473 19.6648 19.7381 19.754 19.7531 19.7444 19.7207 19.6676 19.634 19.5702 19.5275 19.5601 19.5725 19.6043 19.6105 19.6551 19.7442 19.8367 19.8584 19.8208 19.8418 19.8661 19.9039 19.9061 19.8348 19.806 19.7847 19.8254 19.8676 19.8895 19.9063 19.9166 19.9301 19.9299 19.9822 20.025 20.0473 20.0865 20.1196 20.1401 20.1594 20.1754 20.1914 20.2068 20.2213 20.2359 20.247 20.2527 20.2369 20.1772 20.1962 20.2037 20.1959 20.2712 20.3307 20.3763 20.408 20.4278
-9999 -9999 -9999 -9999 -9999 -9999 -9999 -9999 19.2949 19.3973 19.4292 19.4408 19.4241 19.4508 19.5737 19.6087 19.6796 19.7472 19.7556 19.7474 19.7259 19.6991 19.6509 19.5776 19.5217 19.499 19.5815 19.6614 19.6882 19.7232 19.7826 19.8043 19.7654 19.7301 19.7709 19.8011 19.8777 19.9034 19.9057 19.8687 19.8246 19.8089 19.8605 19.8807 19.8984 19.9144 19.9329 19.9452 19.9988 20.0376 20.0695 20.0941 20.1249 20.1446 20.1616 20.1784 20.1937 20.2084 20.2215 20.2342 20.2378 20.239 20.2032 20.1759 20.1647 20.1465 20.2381 20.2831 20.3376 20.3767 20.4084 20.4277
