Test_Spring_2018b/04_18/Temp/20180429_022.txt
ncols	170
nrows	115
xllcorner	350000.000000
yllcorner	4445000.000000
cellsize	1000.000000
nodata_value	-9999.000000
[rows 32 to 63 of 115, columns 72 to 143 of 170]
17.5499 17.2158 17.7223 18.1882 17.8909 17.6905 18.4505 18.4469 18.1799 17.5575 17.3274 17.0892 16.9425 16.1459 13.9151 11.9041 12.9789 13.0028 12.2568 13.5902 12.8835 11.0425 8.44408 9.8542 9.48544 7.64554 7.1919 -9999 -9999 -9999 -9999 -9999 -9999 -9999 -9999 -9999 -9999 -9999 -9999 -9999 -9999 -9999 -9999 -9999 -9999 -9999 -9999 -9999 -9999 -9999 -9999 -9999 -9999 -9999 -9999 -9999 -9999 -9999 -9999 -9999 -9999 -9999 -9999 -9999 -9999 -9999 -9999 -9999 -9999 -9999 -9999 -9999
17.0967 16.9511 17.706 17.6861 17.6327 17.8915 18.359 18.4511 18.345 18.0718 17.8351 17.5838 16.9503 16.0394 14.1299 11.841 11.3205 12.4381 12.4902 12.6685 12.0243 11.2154 9.95097 10.9836 11.3837 10.1772 8.59039 7.56649 -9999 -9999 -9999 -9999 -9999 -9999 -9999 -9999 -9999 -9999 -9999 -9999 -9999 -9999 -9999 -9999 -9999 -9999 -9999 -9999 -9999 -9999 -9999 -9999 -9999 -9999 -9999 -9999 -9999 -9999 -9999 -9999 -9999 -9999 -9999 -9999 -9999 -9999 -9999 -9999 -9999 -9999 -9999 -9999
16.5583 15.8188 16.2723 16.6118 17.2352 17.3835 17.4752 18.3767 18.3254 18.2804 17.8911 17.5794 17.065 16.1881 14.9409 13.4397 10.8275 12.4354 13.6941 13.6603 13.5896 13.0224 11.8075 12.8209 12.8668 11.3255 9.55707 8.52109 8.09218 -9999 -9999 -9999 -9999 -9999 -9999 -9999 -9999 -9999 -9999 -9999 -9999 -9999 -9999 -9999 -9999 -9999 -9999 -9999 -9999 -9999 -9999 -9999 -9999 -9999 -9999 -9999 -9999 -9999 -9999 -9999 -9999 -9999 -9999 -9999 -9999 -9999 -9999 -9999 -9999 -9999 -9999 -9999
15.9479 15.0454 15.5018 16.1118 16.9672 17.4023 17.7347 18.0018 18.2745 18.2388 17.8403 16.6695 16.5002 16.4474 15.6308 13.9197 12.2109 11.767 13.688 14.2367 14.1229 14.5506 13.521 14.0048 13.8037 13.2559 11.5624 10.0143 9.37489 8.11233 -9999 -9999 -9999 -9999 -9999 -9999 -9999 -9999 -9999 -9999 -9999 -9999 -9999 -9999 -9999 -9999 -9999 -9999 -9999 -9999 -9999 -9999 -9999 -9999 -9999 -9999 -9999 -9999 -9999 -9999 -9999 -9999 -9999 -9999 -9999 -9999 -9999 -9999 -9999 -9999 -9999 -9999
-9999 -9999 14.4653 15.2904 15.9699 16.8123 17.5337 17.8965 18.249 18.2171 17.4235 17.034 16.9977 16.4617 15.5194 14.9274 13.8508 12.7294 13.1554 14.7934 14.0623 15.2222 15.122 15.3334 14.5547 13.0774 11.1164 9.96413 9.39164 8.368 -9999 -9999 -9999 -9999 -9999 -9999 -9999 -9999 -9999 -9999 -9999 -9999 -9999 -9999 -9999 -9999 -9999 -9999 -9999 -9999 -9999 -9999 -9999 -9999 -9999 -9999 -9999 -9999 -9999 -9999 -9999 -9999 -9999 -9999 -9999 -9999 -9999 -9999 -9999 -9999 -9999 -9999
-9999 -9999 -9999 15.1262 15.6411 16.7694 17.3445 17.5785 18.149 18.1469 17.8443 17.6153 17.2846 16.8537 16.145 15.3634 14.3509 14.2556 15.3029 15.3142 15.0933 15.2637 15.8005 15.6562 14.4535 12.3725 11.274 9.04567 8.0898 8.18589 7.50796 -9999 -9999 -9999 -9999 -9999 -9999 -9999 -9999 -9999 -9999 -9999 -9999 10.1072 -9999 -9999 -9999 -9999 -9999 -9999 -9999 -9999 -9999 -9999 -9999 -9999 -9999 -9999 -9999 -9999 -9999 -9999 -9999 -9999 6.11439 -9999 -9999 -9999 -9999 -9999 -9999 -9999
-9999 -9999 15.024 15.7115 16.2577 16.9632 17.0275 17.4407 18.097 18.1031 17.8875 17.6445 17.1022 16.9661 16.5618 15.7135 15.5386 15.8801 16.0366 16.2142 16.3228 16.2315 16.0111 15.7267 14.9456 13.9811 13.3329 11.3007 10.2655 9.27868 7.78624 6.61843 -9999 -9999 -9999 -9999 -9999 -9999 -9999 9.30378 9.25085 9.28016 9.61023 10.5161 9.98926 -9999 -9999 -9999 -9999 -9999 -9999 -9999 -9999 -9999 -9999 -9999 -9999 -9999 -9999 -9999 -9999 -9999 -9999 -9999 6.91623 5.7468 -9999 -9999 -9999 -9999 -9999 -9999
-9999 -9999 15.1899 15.9296 16.2967 16.9815 17.3714 17.6204 17.8452 18.0602 18.0201 17.7514 17.3445 17.3448 16.7859 16.4838 16.2679 16.7305 16.8208 16.6332 16.3981 16.1899 15.6038 15.5339 15.3377 14.7244 13.7191 12.6832 11.1904 9.16456 7.17786 5.57508 -9999 -9999 -9999 -9999 -9999 -9999 9.45443 10.2064 10.6583 9.70665 10.5261 11.2756 11.1604 10.4477 -9999 -9999 -9999 -9999 -9999 -9999 -9999 -9999 -9999 -9999 -9999 -9999 -9999 -9999 12.4525 11.2523 8.82519 7.5833 6.84021 5.77763 -9999 -9999 -9999 -9999 -9999 -9999
-9999 -9999 15.0318 15.906 16.4965 17.0201 17.0998 17.6323 17.8641 17.9777 17.9603 17.9044 17.8272 17.3388 17.1278 16.3915 17.093 17.0651 16.886 16.1806 15.8739 14.6631 14.1291 14.0045 15.0188 14.2646 12.6925 10.7278 8.36366 8.21285 7.43026 5.99704 -9999 -9999 -9999 -9999 -9999 -9999 9.67082 10.4752 11.1477 11.2489 10.3038 11.6332 11.5925 10.8561 10.6925 11.3047 11.6168 11.3931 12.131 12.3459 12.0203 12.3809 -9999 -9999 -9999 -9999 12.6005 12.6513 12.6906 12.1925 9.54075 7.73139 6.10746 5.96418 -9999 -9999 -9999 -9999 -9999 -9999
-9999 -9999 15.6297 16.1659 16.4345 16.4739 16.9429 17.407 17.6941 17.9038 17.8573 17.8367 17.8155 17.6469 17.2588 17.3268 17.2943 17.0679 15.7265 14.1609 14.8417 13.9095 11.9144 13.5299 14.4148 13.5603 11.6556 9.44727 8.71788 8.74974 7.66193 6.26245 -9999 -9999 -9999 7.45939 8.60767 8.70864 9.04909 10.1213 10.9383 11.5568 11.9789 11.9697 11.5413 10.8216 10.0386 10.3244 11.7467 12.0962 12.401 12.6235 12.3212 12.4799 12.8598 13.0564 13.0969 13.0086 12.9895 13.0223 12.9795 12.5147 10.1453 8.79046 7.92824 6.20074 -9999 -9999 -9999 -9999 -9999 -9999
-9999 -9999 15.2836 15.7492 16.125 16.7474 16.8091 17.2042 17.433 17.7821 17.818 17.4013 17.74 17.6935 17.6279 17.491 17.2915 16.1591 14.5987 13.0344 12.3116 12.6141 11.416 12.0298 12.9264 12.5926 11.4209 9.45287 9.17202 8.70772 6.88488 5.12563 -9999 -9999 5.21795 7.41993 8.9711 9.77228 10.0222 10.049 11.0778 11.1627 12.2711 12.0169 10.5694 10.7394 10.1799 10.5532 11.0775 11.2242 11.9768 12.7059 12.8434 12.8475 13.0895 13.1395 13.1527 13.147 12.9844 13.061 13.0748 12.7862 11.069 10.2342 9.31621 6.20826 -9999 -9999 -9999 -9999 -9999 -9999
-9999 -9999 15.5136 16.0344 16.605 16.6927 17.1136 17.0598 16.9296 17.5199 17.7338 17.4385 17.2255 17.6102 17.5816 17.529 17.4435 16.3796 15.1485 13.2849 12.1265 11.414 10.9092 10.2352 10.6941 10.5494 10.3562 10.5697 10.0229 8.93743 7.86567 5.86746 4.78293 -9999 5.32198 6.31486 8.15957 9.72842 10.7258 10.3712 11.5409 11.7619 12.4385 12.0495 11.1757 10.8015 10.7736 10.6628 11.453 11.9885 12.366 12.6178 12.9356 13.0152 13.0947 13.1279 13.1459 13.1644 13.1612 13.1564 13.1238 13.0173 12.2299 11.398 9.59357 6.29949 -9999 -9999 -9999 -9999 -9999 -9999
-9999 13.9802 15.4436 16.3203 16.656 16.8964 17.1075 17.2586 17.4145 17.5598 17.662 17.6132 16.8376 16.8983 17.0355 17.4729 17.4409 17.3444 16.6713 14.4041 13.6172 12.4692 10.9843 10.3636 10.6703 11.882 11.8237 11.0144 10.1127 8.86438 8.06843 6.83889 4.48558 4.69359 5.75051 6.53736 7.79089 9.70836 11.0541 11.6569 11.8877 12.3638 12.6151 12.0811 11.5783 11.3686 10.9739 10.9235 10.9321 11.4114 11.7865 12.6159 12.8949 13.0266 13.0913 13.1258 13.1508 13.1757 13.1848 13.1703 13.1732 13.1699 13.1164 12.0065 9.22428 7.13664 -9999 -9999 -9999 -9999 -9999 -9999
-9999 -9999 15.1619 15.5442 15.6397 15.811 16.1682 16.5809 17.1657 17.2367 17.5592 17.5512 16.8828 16.1117 16.7798 17.0449 17.3202 17.3284 17.2416 15.3331 14.3353 13.5489 12.125 12.6366 13.1205 13.1537 12.8555 11.1252 9.40155 7.41127 5.55512 5.46172 4.4595 4.98509 5.68209 7.47731 8.74145 9.25516 9.62573 11.5775 12.0878 12.2681 12.7729 12.0993 11.9398 11.436 11.5951 11.5571 11.5662 10.1556 11.5816 11.6693 12.5974 13.0171 13.1143 13.1395 13.1664 13.1706 13.1763 13.1731 13.1846 13.1739 13.1645 12.4453 8.91353 7.15111 -9999 -9999 -9999 -9999 -9999 -9999
-9999 -9999 -9999 -9999 15.2637 15.553 15.736 16.0575 17.0538 17.3192 17.4942 17.5052 17.205 16.4408 16.2389 16.3777 15.6348 16.2558 17.1043 17.0823 16.978 15.3016 14.444 15.2707 15.0153 13.7525 12.7573 11.7744 9.75703 8.27524 6.14845 4.55024 4.4855 6.23959 7.69707 9.51356 10.3153 9.85948 10.3565 11.3276 12.4316 12.9688 12.8499 12.1398 12.0522 11.2718 12.0541 12.1275 11.7738 11.4681 11.5979 12.0595 12.237 12.9628 13.1391 13.1722 13.1771 13.1796 13.1767 13.1735 13.1674 13.1633 13.1579 13.131 9.50071 6.68529 -9999 -9999 -9999 -9999 -9999 -9999
-9999 -9999 -9999 -9999 14.5557 14.7293 15.1962 16.406 17.0328 17.2843 17.2705 17.3852 17.1724 16.5002 15.8112 15.1621 14.3256 14.8036 16.0683 16.8134 16.897 15.4273 16.1902 15.9015 15.3343 13.6839 12.466 11.8175 9.88034 8.2176 6.80074 4.8467 5.6754 6.5893 7.76529 9.7474 11.0854 11.6363 11.1768 11.7991 13.0689 13.0818 12.3967 12.4489 12.0404 10.9713 12.1006 12.4236 12.176 12.2479 12.1589 12.3333 12.6467 12.9456 13.1441 13.171 13.1742 13.1671 13.1667 13.1685 13.1567 13.1613 13.1559 13.1433 10.8026 6.62115 -9999 -9999 -9999 -9999 -9999 -9999
-9999 -9999 -9999 -9999 -9999 13.9042 14.9784 16.5866 16.977 16.9346 17.2629 17.2873 16.9626 16.6812 15.8452 14.7043 12.5136 13.0715 14.2357 15.9142 16.7956 16.6747 16.1827 15.3271 13.26 11.4498 11.2258 10.925 9.50967 8.22716 6.65254 7.55643 8.54754 9.63303 10.2024 10.0518 11.1982 12.1341 11.7393 12.5019 13.3921 12.9965 12.7657 12.5737 12.0996 12.0785 12.1374 12.7818 12.3481 12.625 12.6379 12.6268 12.7808 12.9567 13.1404 13.1705 13.1706 13.1731 13.1517 13.1601 13.1518 13.1449 13.1403 13.1303 12.9249 10.6791 9.33768 -9999 -9999 -9999 -9999 -9999
-9999 -9999 -9999 -9999 -9999 12.8979 13.4303 15.3362 15.9165 16.7558 17.1994 17.2157 16.6698 16.3649 15.1197 14.7157 12.6895 11.7717 12.55 12.2513 14.5624 16.6068 16.1605 12.0276 10.5283 9.45731 9.72682 9.72434 9.32648 7.14934 6.54627 8.48303 9.70109 10.6445 11.3601 11.5079 11.4825 12.946 13.1427 13.6215 13.5228 13.5726 12.8406 12.3907 12.8026 12.3504 12.2797 12.9451 12.3041 12.8963 12.8333 12.6616 12.6557 13.0439 13.1233 13.1648 13.1671 13.1514 13.1316 13.1219 13.1366 13.1343 13.1177 13.1248 13.1108 12.856 11.6957 11.2964 11.7588 -9999 -9999 -9999
-9999 -9999 -9999 -9999 -9999 -9999 11.638 14.2897 15.4938 16.1263 17.0197 17.1238 16.8304 16.3054 15.0373 13.9226 12.1112 10.0426 8.94592 12.2247 15.0779 16.566 16.3693 12.9287 11.5687 11.502 12.2968 11.6176 11.101 9.44469 8.94723 8.25793 8.67546 9.99149 11.0679 12.1065 12.8622 12.9245 13.4171 13.7029 13.7305 13.8242 13.7435 13.6795 12.9794 13.4797 13.0697 13.2988 13.1629 13.0402 12.9355 12.5321 12.8235 13.0809 13.148 13.1689 13.1531 13.149 13.1379 13.1141 13.1074 13.1092 13.1114 13.1042 13.1109 13.1122 12.9901 12.2956 11.3626 10.1812 -9999 -9999
-9999 -9999 -9999 -9999 -9999 -9999 10.3019 12.9409 14.2054 15.8408 16.6782 17.016 16.968 16.5421 15.5781 14.1285 12.9212 10.6118 8.21376 11.6525 14.719 16.3721 16.4577 13.5675 14.3655 13.7145 13.9717 12.782 12.2849 11.8876 11.0321 10.0972 9.07395 8.53319 10.952 12.1937 13.1937 13.6659 13.9342 14.07 14.0008 13.8267 12.7571 13.5832 13.5516 13.4774 13.391 13.3527 13.2743 13.1802 13.1271 13.1103 12.8429 13.1517 13.147 13.1512 13.1524 13.144 13.1285 13.1154 13.1 13.104 13.1013 13.0962 13.0954 13.1056 13.1054 13.0755 12.8972 11.3073 10.3592 10.1039
-9999 -9999 -9999 -9999 -9999 -9999 6.57677 10.4194 13.4998 15.1102 16.4187 16.7764 16.9084 16.3376 15.9108 14.8713 13.8872 12.3695 10.0965 8.69662 11.2689 15.0132 16.3939 16.2852 16.1959 15.4441 14.7658 14.6764 14.7227 13.9298 12.7801 11.2814 10.8128 10.2857 12.0869 12.3298 12.1973 14.1807 14.1865 14.076 13.3204 12.4734 12.6392 12.1237 12.5382 11.9181 12.5011 13.0056 13.1977 13.1877 13.1274 13.1227 13.096 13.1531 13.1532 13.1449 13.1383 13.1346 13.1272 13.1046 13.0926 13.1029 13.0928 13.0855 13.0852 13.0975 13.1011 13.0806 13.0627 12.8248 12.4627 11.771
-9999 -9999 -9999 -9999 -9999 -9999 6.73181 9.95863 12.6992 14.3386 15.9179 16.2817 16.8131 16.6954 16.2483 15.3442 14.2155 12.9661 11.0156 9.56566 11.288 13.7689 15.5475 16.1851 16.1778 16.1317 15.9588 15.8835 15.6823 15.534 14.7098 13.2958 12.4946 11.3241 13.3318 13.5558 13.2405 14.2438 14.1944 12.6792 11.5154 11.3734 12.0873 11.415 11.3075 10.897 11.3792 12.6613 12.2931 12.3719 12.9562 13.0554 13.1218 13.14 13.1371 13.135 13.1254 13.1271 13.129 13.107 13.0978 13.0946 13.0755 13.0787 13.0685 13.0713 13.0739 13.0659 13.0497 12.9871 12.9177 13.011
-9999 -9999 -9999 -9999 -9999 -9999 6.79133 8.95723 11.4232 13.8406 15.5275 16.2061 16.6997 16.6919 16.1722 15.7219 15.0136 13.914 13.1594 11.85 10.0533 13.0613 13.9766 14.7997 15.1421 15.9973 15.9726 15.5752 15.1118 15.532 15.4054 14.2846 13.914 13.2908 14.4067 14.4077 14.3759 14.3158 13.0349 11.2549 9.83317 10.8608 10.6502 11.1227 9.67668 10.8796 11.8503 12.1689 11.5235 11.0416 12.5517 12.808 12.9588 13.0557 13.1194 13.1053 13.1214 13.1132 13.1096 13.1058 13.0944 13.0888 13.0785 13.0687 13.0646 13.069 13.0586 13.0435 13.0496 13.0248 13.0168 13.0166
-9999 -9999 -9999 -9999 -9999 -9999 -9999 7.6657 10.7887 13.5811 15.1341 16.1098 16.5837 16.5723 16.3053 15.9987 15.5586 14.7645 13.7674 12.1926 11.0229 11.7621 12.6576 12.7588 13.3574 15.0987 15.6911 14.8426 12.7451 13.9764 15.3479 15.3224 15.2023 15.0687 14.9002 14.7475 14.4155 13.5283 10.8115 10.2765 9.21245 9.33611 8.79229 9.98788 9.55291 10.7848 11.3215 11.5272 10.3975 10.6432 11.9852 12.5163 12.4316 12.7579 13.0714 13.0829 13.0929 13.086 13.0939 13.0978 13.0946 13.0808 13.0736 13.0697 13.0539 13.0709 12.9763 12.9175 12.7914 12.9631 12.9856 13.0142
-9999 -9999 -9999 -9999 -9999 -9999 -9999 7.0294 10.1511 13.4407 14.4943 15.5465 16.4545 16.4694 16.0625 15.6757 15.2775 14.8245 13.6152 12.4423 11.3223 10.9447 11.1674 11.1421 12.1124 14.3821 14.8188 14.6276 12.4397 11.6983 13.5319 15.0726 15.1916 15.0495 13.2313 13.617 12.6365 11.3074 10.9423 10.3618 9.13425 9.72818 8.83048 9.21957 9.12533 9.82625 10.1703 11.0033 10.0188 10.0287 11.3469 12.0105 12.03 12.7255 12.9748 13.0415 13.0595 13.0729 13.0776 13.0905 13.0865 13.0791 13.069 13.0399 12.9656 12.7336 11.4351 11.4432 11.8105 12.1585 12.7945 12.9818
-9999 -9999 -9999 -9999 -9999 -9999 -9999 7.38187 9.54701 12.4656 14.6267 14.7593 15.8087 16.3492 15.9068 15.4092 14.9003 14.6768 13.3606 11.9149 10.7462 9.36313 9.58788 10.5762 12.1894 13.6545 13.9138 13.607 12.4317 12.9811 14.2309 14.8935 15.0873 14.931 14.5339 14.3042 13.582 13.2692 12.2675 10.7015 10.0857 10.4785 8.81725 8.93617 9.55427 8.91037 9.99175 10.5114 9.23838 10.2643 11.4254 12.0204 12.5408 12.7884 12.8884 13.0402 13.0462 13.0608 13.0698 13.0698 13.0723 13.0509 13.0341 12.8983 12.6967 11.476 10.9875 11.0937 11.6662 12.1683 12.7103 12.9278
-9999 -9999 -9999 -9999 -9999 -9999 -9999 7.74246 9.69162 12.2218 13.7617 14.0345 15.1986 16.2336 16.1151 15.5974 15.4381 14.9018 13.785 12.5516 11.2035 10.5467 9.03985 10.5176 11.6804 12.9207 13.4992 12.5323 12.0472 12.8987 13.7454 14.0823 14.9379 14.9281 14.6473 13.4412 12.8531 13.1015 12.8494 12.4081 11.3308 11.2844 10.5935 10.3088 10.0403 9.16858 9.73391 9.79377 9.95672 11.1789 11.7848 12.1874 12.5536 12.6517 12.8122 13.0195 13.0397 13.0493 13.0506 13.0568 13.0443 12.9889 12.9429 12.6658 12.1728 11.2498 9.76945 10.8344 11.9479 12.2931 12.6297 12.8017
-9999 -9999 -9999 -9999 -9999 -9999 -9999 7.40052 9.47153 11.6336 12.5355 12.686 14.7953 16.0859 16.0855 15.8387 15.5509 14.2292 14.3043 14.0379 12.8214 11.0505 9.10552 9.28455 10.4404 12.0712 12.6115 11.017 10.4532 10.8636 12.1453 13.2926 14.4908 14.7941 14.4408 12.5641 10.5701 11.4946 12.4829 12.4782 12.1894 11.1905 10.8746 10.5891 9.8615 8.63683 8.81867 9.16568 10.5599 11.0005 11.6791 12.2431 12.0346 12.161 12.7 13.0103 13.0242 13.032 13.0445 13.0399 13.0241 12.9109 12.7911 12.5883 11.2964 10.4949 9.33781 10.7141 11.4746 11.9012 12.625 12.8009
-9999 -9999 -9999 -9999 -9999 -9999 -9999 6.74906 8.25101 10.3175 11.1483 12.4758 14.469 15.448 15.9159 15.903 15.7102 15.1169 14.7592 14.0566 12.791 11.0613 9.1388 7.88598 8.51778 10.7176 11.2399 9.76634 9.01891 9.94424 11.3104 13.3345 14.4904 14.6452 14.5394 14.1517 12.6958 10.9372 10.9435 11.8261 11.0892 10.2328 10.7061 10.6206 9.902 9.38 9.06906 9.27972 10.0721 10.4012 11.1844 12.3388 12.5066 12.4766 12.9639 12.9906 13.0043 13.025 13.0268 13.0249 13.013 12.9212 12.7123 11.8533 11.105 10.0627 9.93749 11.175 11.7211 12.2296 12.5869 12.7061
-9999 -9999 -9999 -9999 -9999 -9999 -9999 5.63402 7.40185 9.33748 11.1498 12.8645 14.34 14.4514 15.2284 15.2248 15.6307 15.5109 14.9606 14.3682 13.2772 11.0559 9.18747 7.14985 7.68252 9.93409 10.2135 9.22936 7.41355 9.28339 11.3459 13.2152 14.2264 13.4308 14.2435 14.1759 13.63 12.5831 10.9557 10.987 9.76815 9.71629 10.3442 10.5493 10.4469 10.0554 9.43829 9.55481 10.0375 10.1625 10.8825 11.7786 12.6545 12.8039 12.973 12.9827 12.9878 13.0038 13.008 12.9924 12.9504 12.8543 12.1345 11.2781 10.7521 10.027 9.94261 11.3586 11.9401 12.2648 12.5739 12.6984
-9999 -9999 -9999 -9999 -9999 -9999 -9999 -9999 7.21116 9.21102 10.6901 11.0862 12.3974 13.1042 13.6505 13.7695 15.3336 15.4172 15.0671 14.5226 13.5915 11.905 10.7287 8.7739 7.36766 7.94307 8.19528 8.7078 8.55309 9.38553 11.3673 13.4324 13.656 12.3413 12.5345 12.8084 13.4237 13.1111 10.8935 9.76717 8.83268 9.49817 10.1985 10.3692 10.4049 10.272 10.1348 9.86932 10.8074 11.5023 11.6657 12.2717 12.7198 12.8453 12.9405 12.9544 12.9684 12.9711 12.9476 12.9314 12.8225 12.575 11.7694 9.82793 9.92237 9.71584 9.11484 10.4981 11.3938 12.1705 12.5852 12.6952
-9999 -9999 -9999 -9999 -9999 -9999 -9999 -9999 6.53501 8.84947 9.33589 9.2965 8.52623 8.87672 11.7189 12.289 13.7889 15.2088 15.1013 14.5669 13.6953 12.6892 11.1335 8.93521 7.18757 6.44551 8.31977 10.15 10.5276 11.1131 12.3264 12.5552 11.2112 9.95097 10.6563 11.0809 12.702 12.9977 12.6825 11.3467 9.81959 9.02308 9.96577 10.0931 10.1513 10.1643 10.1453 10.1186 11.1746 11.761 12.1685 12.3915 12.7765 12.8769 12.9107 12.9425 12.938 12.9207 12.8628 12.7967 12.4971 12.134 10.8125 9.71154 9.0265 8.15618 10.1304 10.7305 11.564 12.1006 12.5131 12.6066
