Test_Spring_2018b/04_18/Temp/20180410_018.txt
ncols	170
nrows	115
xllcorner	350000.000000
yllcorner	4445000.000000
cellsize	1000.000000
nodata_value	-9999.000000
[rows 32 to 63 of 115, columns 72 to 143 of 170]
15.4957 15.3842 15.5804 15.7615 15.6496 15.5794 15.8599 15.8696 15.7832 15.567 15.4949 15.4202 15.3794 15.101 14.2975 13.5748 13.9824 14.0052 13.7461 14.2487 14.004 13.3439 12.4063 12.9369 12.816 12.1527 12.0009 -9999 -9999 -9999 -9999 -9999 -9999 -9999 -9999 -9999 -9999 -9999 -9999 -9999 -9999 -9999 -9999 -9999 -9999 -9999 -9999 -9999 -9999 -9999 -9999 -9999 -9999 -9999 -9999 -9999 -9999 -9999 -9999 -9999 -9999 -9999 -9999 -9999 -9999 -9999 -9999 -9999 -9999 -9999 -9999 -9999
15.3254 15.2833 15.5706 15.574 15.5592 15.6494 15.8228 15.8676 15.8401 15.7518 15.6772 15.5977 15.3785 15.0581 14.3723 13.5477 13.3711 13.7945 13.8278 13.9074 13.6858 13.4038 12.955 13.3476 13.5084 13.0829 12.5105 12.1399 -9999 -9999 -9999 -9999 -9999 -9999 -9999 -9999 -9999 -9999 -9999 -9999 -9999 -9999 -9999 -9999 -9999 -9999 -9999 -9999 -9999 -9999 -9999 -9999 -9999 -9999 -9999 -9999 -9999 -9999 -9999 -9999 -9999 -9999 -9999 -9999 -9999 -9999 -9999 -9999 -9999 -9999 -9999 -9999
15.1242 14.8647 15.0418 15.1768 15.403 15.4509 15.4953 15.8365 15.8291 15.8242 15.6936 15.5919 15.4162 15.1082 14.6649 14.1289 13.1861 13.7892 14.2646 14.2667 14.2553 14.0621 13.6316 14.0172 14.0485 13.5004 12.8507 12.4868 12.3453 -9999 -9999 -9999 -9999 -9999 -9999 -9999 -9999 -9999 -9999 -9999 -9999 -9999 -9999 -9999 -9999 -9999 -9999 -9999 -9999 -9999 -9999 -9999 -9999 -9999 -9999 -9999 -9999 -9999 -9999 -9999 -9999 -9999 -9999 -9999 -9999 -9999 -9999 -9999 -9999 -9999 -9999 -9999
14.897 14.5778 14.7559 14.99 15.3059 15.4633 15.5865 15.6952 15.8062 15.8046 15.6705 15.2539 15.2046 15.1983 14.9127 14.2998 13.688 13.5398 14.2579 14.4735 14.4466 14.618 14.2556 14.4475 14.3884 14.2023 13.5891 13.0309 12.8123 12.3656 -9999 -9999 -9999 -9999 -9999 -9999 -9999 -9999 -9999 -9999 -9999 -9999 -9999 -9999 -9999 -9999 -9999 -9999 -9999 -9999 -9999 -9999 -9999 -9999 -9999 -9999 -9999 -9999 -9999 -9999 -9999 -9999 -9999 -9999 -9999 -9999 -9999 -9999 -9999 -9999 -9999 -9999
-9999 -9999 14.3728 14.678 14.929 15.2438 15.509 15.6525 15.7924 15.792 15.5129 15.3823 15.3815 15.1982 14.8665 14.6636 14.2835 13.8873 14.0581 14.6729 14.4202 14.86 14.8382 14.9305 14.6601 14.123 13.423 13.0097 12.8156 12.4563 -9999 -9999 -9999 -9999 -9999 -9999 -9999 -9999 -9999 -9999 -9999 -9999 -9999 -9999 -9999 -9999 -9999 -9999 -9999 -9999 -9999 -9999 -9999 -9999 -9999 -9999 -9999 -9999 -9999 -9999 -9999 -9999 -9999 -9999 -9999 -9999 -9999 -9999 -9999 -9999 -9999 -9999
-9999 -9999 -9999 14.6146 14.8053 15.2281 15.4358 15.5317 15.7512 15.7613 15.6617 15.5897 15.4809 15.336 15.0898 14.8176 14.4611 14.441 14.8396 14.859 14.7934 14.8711 15.0829 15.0452 14.6198 13.8621 13.4749 12.6705 12.336 12.3867 12.154 -9999 -9999 -9999 -9999 -9999 -9999 -9999 -9999 -9999 -9999 -9999 -9999 13.3234 -9999 -9999 -9999 -9999 -9999 -9999 -9999 -9999 -9999 -9999 -9999 -9999 -9999 -9999 -9999 -9999 -9999 -9999 -9999 -9999 12.274 -9999 -9999 -9999 -9999 -9999 -9999 -9999
-9999 -9999 14.5712 14.8185 15.0279 15.2954 15.3251 15.4769 15.7273 15.74 15.6719 15.5944 15.408 15.371 15.2363 14.9397 14.8903 15.0305 15.1032 15.1838 15.2392 15.2214 15.1563 15.0675 14.7865 14.4486 14.2264 13.5003 13.13 12.784 12.2529 11.8406 -9999 -9999 -9999 -9999 -9999 -9999 -9999 12.955 12.9532 12.9817 13.1206 13.4705 13.2957 -9999 -9999 -9999 -9999 -9999 -9999 -9999 -9999 -9999 -9999 -9999 -9999 -9999 -9999 -9999 -9999 -9999 -9999 -9999 12.5648 12.1583 -9999 -9999 -9999 -9999 -9999 -9999
-9999 -9999 14.6159 14.896 15.0392 15.2985 15.4497 15.5383 15.6301 15.7188 15.7146 15.6274 15.4903 15.5031 15.3119 15.2156 15.1513 15.3362 15.3851 15.3324 15.2623 15.2021 15.0033 14.9933 14.9275 14.7183 14.3653 14.0008 13.466 12.7394 12.027 11.4553 -9999 -9999 -9999 -9999 -9999 -9999 12.9892 13.282 13.4653 13.1348 13.4531 13.746 13.7223 13.4853 -9999 -9999 -9999 -9999 -9999 -9999 -9999 -9999 -9999 -9999 -9999 -9999 -9999 -9999 14.5058 14.0863 13.2181 12.7844 12.534 12.167 -9999 -9999 -9999 -9999 -9999 -9999
-9999 -9999 14.5565 14.8853 15.1097 15.3092 15.346 15.5398 15.632 15.6829 15.6866 15.677 15.6604 15.4942 15.4305 15.1753 15.4473 15.4529 15.4036 15.1617 15.0659 14.6389 14.4595 14.4209 14.8082 14.5474 13.9868 13.2822 12.4245 12.388 12.1165 11.6067 -9999 -9999 -9999 -9999 -9999 -9999 13.0647 13.3769 13.6412 13.6965 13.3688 13.8744 13.8831 13.6328 13.5922 13.8356 13.9688 13.9076 14.2047 14.3013 14.1995 14.3489 -9999 -9999 -9999 -9999 14.5173 14.5548 14.5888 14.4265 13.4763 12.8352 12.2625 12.2357 -9999 -9999 -9999 -9999 -9999 -9999
-9999 -9999 14.7744 14.9788 15.0845 15.1059 15.2845 15.4526 15.5647 15.6525 15.6451 15.648 15.6517 15.6026 15.474 15.5136 15.5174 15.4508 14.9763 14.42 14.6866 14.359 13.6358 14.2447 14.5847 14.2872 13.6048 12.8108 12.5519 12.582 12.1985 11.7055 -9999 -9999 -9999 12.2046 12.6414 12.6952 12.8373 13.2479 13.5655 13.8061 13.9795 13.9923 13.862 13.6181 13.351 13.4751 14.0151 14.1618 14.3015 14.4007 14.3072 14.3862 14.542 14.6307 14.6625 14.6476 14.6587 14.6895 14.6935 14.5437 13.6937 13.2194 12.9263 12.3355 -9999 -9999 -9999 -9999 -9999 -9999
-9999 -9999 14.6444 14.8225 14.9672 15.204 15.2329 15.384 15.467 15.6024 15.6246 15.4821 15.6173 15.6127 15.6024 15.5672 15.5101 15.1122 14.5581 14.0028 13.7558 13.8766 13.4547 13.6969 14.0413 13.9307 13.522 12.816 12.7275 12.5665 11.916 11.286 -9999 -9999 11.3639 12.186 12.7703 13.0806 13.1896 13.2176 13.6131 13.6632 14.0885 14.0125 13.5087 13.5909 13.4011 13.5575 13.7744 13.8468 14.1424 14.4331 14.5001 14.518 14.6228 14.6574 14.6788 14.6939 14.6522 14.699 14.7237 14.6387 14.0313 13.748 13.4369 12.3373 -9999 -9999 -9999 -9999 -9999 -9999
-9999 -9999 14.7282 14.9262 15.1417 15.18 15.3401 15.3267 15.2778 15.5013 15.588 15.4895 15.4224 15.5756 15.5789 15.5748 15.5598 15.1874 14.7545 14.0902 13.6843 13.4346 13.2669 13.0422 13.2268 13.1896 13.134 13.2267 13.0371 12.6485 12.2702 11.5548 11.1716 -9999 11.3982 11.7772 12.4689 13.0604 13.4434 13.3319 13.7793 13.8796 14.145 14.0224 13.7287 13.6175 13.6274 13.6064 13.9148 14.1259 14.2839 14.3934 14.5316 14.5767 14.6215 14.6495 14.6723 14.6959 14.7123 14.7292 14.7371 14.7189 14.4524 14.172 13.5351 12.3674 -9999 -9999 -9999 -9999 -9999 -9999
-9999 14.1632 14.7023 15.03 15.1588 15.2523 15.3348 15.3952 15.4514 15.511 15.5562 15.5477 15.2743 15.3088 15.3729 15.5484 15.5534 15.5359 15.3078 14.4963 14.2215 13.8226 13.2968 13.0876 13.2166 13.6763 13.6701 13.388 13.0715 12.6233 12.3424 11.9059 11.0597 11.1499 11.5516 11.855 12.3301 13.0493 13.56 13.7994 13.9031 14.0954 14.2075 14.0373 13.8796 13.8238 13.6997 13.7011 13.7234 13.9173 14.0738 14.3916 14.5104 14.5784 14.6174 14.6454 14.6703 14.6959 14.7167 14.7299 14.7508 14.7706 14.7741 14.3912 13.3957 12.669 -9999 -9999 -9999 -9999 -9999 -9999
-9999 -9999 14.599 14.745 14.7852 14.8528 14.9881 15.1437 15.3566 15.389 15.5146 15.5199 15.2858 15.0155 15.2742 15.3868 15.5047 15.5258 15.513 14.8317 14.4854 14.2163 13.7131 13.9188 14.1129 14.1411 14.0469 13.4274 12.8096 12.0895 11.4229 11.4018 11.0462 11.2539 11.5234 12.196 12.6749 12.88 13.0336 13.7673 13.9723 14.062 14.2679 14.0424 14.0106 13.8474 13.9264 13.9325 13.9551 13.4568 13.9981 14.0466 14.4024 14.5698 14.6233 14.6475 14.6727 14.6904 14.7097 14.7271 14.7511 14.7689 14.7879 14.5482 13.2793 12.6717 -9999 -9999 -9999 -9999 -9999 -9999
-9999 -9999 -9999 -9999 14.6464 14.7567 14.8277 14.9494 15.3128 15.416 15.4873 15.4999 15.4002 15.1322 15.0723 15.1388 14.884 15.1308 15.4591 15.4704 15.4517 14.8569 14.5621 14.8828 14.8062 14.3597 14.0102 13.6643 12.9387 12.4049 11.6389 11.0663 11.0556 11.7113 12.259 12.9392 13.2488 13.0988 13.2988 13.6744 14.099 14.3168 14.2946 14.056 14.0507 13.7866 14.0941 14.1411 14.0309 13.9373 14.0036 14.1889 14.2694 14.5503 14.6296 14.6571 14.674 14.6909 14.7069 14.7241 14.742 14.7619 14.7827 14.7969 13.4923 12.499 -9999 -9999 -9999 -9999 -9999 -9999
-9999 -9999 -9999 -9999 14.3861 14.4538 14.6285 15.0754 15.3033 15.4013 15.4032 15.4537 15.3859 15.1517 14.9133 14.6914 14.4023 14.5958 15.0782 15.3708 15.4211 14.9022 15.2011 15.1134 14.9227 14.3343 13.9032 13.6797 12.9833 12.3831 11.877 11.1739 11.4901 11.838 12.2826 13.0233 13.5292 13.7482 13.5981 13.8455 14.3311 14.357 14.1277 14.1686 14.0459 13.6762 14.111 14.2495 14.1781 14.2228 14.2088 14.2888 14.4189 14.5432 14.6304 14.6549 14.6713 14.6844 14.7012 14.7204 14.736 14.7592 14.7802 14.7998 13.9677 12.4741 -9999 -9999 -9999 -9999 -9999 -9999
-9999 -9999 -9999 -9999 -9999 14.1508 14.548 15.1407 15.2822 15.2725 15.3998 15.4172 15.3084 15.2174 14.9252 14.5232 13.7381 13.9609 14.4066 15.0411 15.3837 15.359 15.1983 14.903 14.163 13.5161 13.449 13.3528 12.8476 12.3866 11.8225 12.1661 12.5417 12.9523 13.1746 13.1342 13.5699 13.9298 13.8035 14.1024 14.4491 14.3255 14.2628 14.2143 14.0677 14.0819 14.1246 14.381 14.2414 14.3611 14.3844 14.3963 14.4679 14.5469 14.6286 14.6542 14.6692 14.6859 14.695 14.7165 14.7335 14.7525 14.7737 14.7943 14.7443 13.9596 13.4963 -9999 -9999 -9999 -9999 -9999
-9999 -9999 -9999 -9999 -9999 13.7819 13.9809 14.683 14.8941 15.2077 15.3773 15.392 15.2023 15.1033 14.6605 14.5284 13.8035 13.4857 13.79 13.7003 14.5665 15.3347 15.1907 13.6951 13.1631 12.7869 12.9006 12.9136 12.781 11.9924 11.7842 12.506 12.9648 13.3233 13.5992 13.6682 13.6747 14.2278 14.3182 14.5132 14.4977 14.5373 14.291 14.1481 14.3259 14.1822 14.1774 14.4414 14.2259 14.461 14.4564 14.4095 14.4224 14.5792 14.6227 14.6524 14.6683 14.6784 14.688 14.7031 14.7284 14.7491 14.7659 14.7926 14.8125 14.757 14.3599 14.2414 14.4381 -9999 -9999 -9999
-9999 -9999 -9999 -9999 -9999 -9999 13.325 14.3008 14.7407 14.9789 15.3137 15.3608 15.2629 15.0832 14.6329 14.2404 13.594 12.8547 12.4719 13.6922 14.7567 15.321 15.2683 14.0262 13.5451 13.5367 13.8428 13.6081 13.4321 12.8342 12.6648 12.4249 12.5906 13.0849 13.4944 13.8894 14.1821 14.222 14.4209 14.5449 14.5756 14.6312 14.6233 14.6215 14.3921 14.597 14.4679 14.5719 14.5413 14.5145 14.4947 14.3629 14.4848 14.5938 14.6328 14.6553 14.6646 14.679 14.6919 14.7014 14.7195 14.7415 14.765 14.7862 14.8134 14.8516 14.8343 14.6073 14.2926 13.8864 -9999 -9999
-9999 -9999 -9999 -9999 -9999 -9999 12.8367 13.8085 14.271 14.8771 15.1874 15.3235 15.3171 15.1738 14.8349 14.3195 13.8943 13.0664 12.2069 13.4847 14.6275 15.2519 15.3017 14.2616 14.5708 14.3485 14.4577 14.0362 13.8674 13.7307 13.4304 13.1008 12.7376 12.5555 13.4552 13.9247 14.3068 14.497 14.6136 14.6828 14.676 14.6347 14.2644 14.5884 14.6037 14.598 14.5871 14.593 14.5833 14.5669 14.5661 14.576 14.4933 14.6216 14.6345 14.6509 14.6666 14.6797 14.6911 14.7046 14.7185 14.7392 14.7636 14.7852 14.8093 14.8506 14.8774 14.8931 14.8543 14.2979 13.976 13.9118
-9999 -9999 -9999 -9999 -9999 -9999 11.4738 12.8873 14.009 14.6073 15.0989 15.2402 15.3001 15.1038 14.9616 14.5963 14.2526 13.7144 12.9002 12.4063 13.3663 14.7564 15.2807 15.259 15.2432 14.9838 14.7505 14.7321 14.7626 14.4811 14.0712 13.5357 13.381 13.2014 13.8751 13.979 13.9465 14.69 14.7104 14.6893 14.4327 14.1407 14.2223 14.0567 14.2352 14.0292 14.2631 14.4677 14.5569 14.5712 14.5679 14.5829 14.5886 14.6245 14.6394 14.6515 14.6647 14.6796 14.6942 14.7042 14.7193 14.7436 14.7595 14.7792 14.8075 14.8495 14.8769 14.8954 14.9146 14.8528 14.7449 14.5208
-9999 -9999 -9999 -9999 -9999 -9999 11.5258 12.7066 13.7188 14.3318 14.9201 15.0641 15.2706 15.2404 15.0908 14.7751 14.378 13.9377 13.2413 12.7286 13.3779 14.3038 14.9731 15.2246 15.2388 15.2379 15.1898 15.1746 15.1148 15.0693 14.7812 14.2816 14.0015 13.5866 14.3362 14.4334 14.334 14.7186 14.7187 14.1828 13.7764 13.7447 14.024 13.7984 13.7857 13.658 13.8547 14.3437 14.2283 14.2751 14.5082 14.5607 14.6006 14.6226 14.6368 14.6514 14.6638 14.681 14.699 14.7093 14.7253 14.7444 14.7585 14.7796 14.7986 14.8374 14.8682 14.8905 14.9095 14.9112 14.9121 14.9756
-9999 -9999 -9999 -9999 -9999 -9999 11.5489 12.3422 13.2546 14.1536 14.7819 15.0418 15.2348 15.2451 15.069 14.9193 14.6761 14.2903 14.0314 13.5697 12.9297 14.0493 14.4011 14.7202 14.86 15.1891 15.1954 15.0644 14.9039 15.0721 15.0453 14.6485 14.5266 14.3125 14.7358 14.7516 14.7561 14.7512 14.3001 13.667 13.1657 13.562 13.5051 13.6954 13.1922 13.6535 14.0291 14.1652 13.949 13.7904 14.3629 14.4729 14.544 14.5951 14.6341 14.6447 14.6667 14.6805 14.6966 14.7135 14.7285 14.7464 14.7634 14.7812 14.7995 14.839 14.8595 14.8798 14.9067 14.926 14.9467 14.9758
-9999 -9999 -9999 -9999 -9999 -9999 -9999 11.8704 13.0282 14.0614 14.6413 15.0105 15.1966 15.2059 15.1224 15.0252 14.8799 14.6057 14.2576 13.6982 13.2873 13.5755 13.9197 13.9741 14.2098 14.8634 15.0958 14.7999 14.0403 14.5122 15.0287 15.0336 15.0038 14.9693 14.9231 14.8827 14.7774 14.4696 13.4924 13.3146 12.9441 13.009 12.8297 13.2842 13.1515 13.6228 13.8391 13.9336 13.5384 13.6491 14.1574 14.3685 14.3537 14.4891 14.6207 14.6409 14.661 14.6754 14.6958 14.7155 14.7333 14.7474 14.7651 14.7847 14.7979 14.8428 14.832 14.8343 14.8119 14.8984 14.9299 14.9776
-9999 -9999 -9999 -9999 -9999 -9999 -9999 11.6441 12.7983 14.0143 14.412 14.8096 15.1552 15.1743 15.0397 14.9131 14.783 14.6335 14.2073 13.7948 13.4018 13.2806 13.3791 13.386 13.7577 14.6049 14.7803 14.7252 13.9396 13.6829 14.3691 14.948 15.0062 14.969 14.3184 14.4754 14.1327 13.6631 13.5471 13.3528 12.922 13.1588 12.8494 13.0113 12.9997 13.2761 13.4215 13.7455 13.4034 13.428 13.9274 14.1871 14.2107 14.4816 14.5891 14.6299 14.6532 14.6751 14.6944 14.7173 14.7346 14.7513 14.7675 14.7772 14.7708 14.7046 14.269 14.2949 14.4523 14.6026 14.8654 14.9644
-9999 -9999 -9999 -9999 -9999 -9999 -9999 11.7758 12.5805 13.6614 14.4653 14.5267 14.9244 15.1363 14.9888 14.8217 14.651 14.5853 14.1197 13.607 13.1958 12.7061 12.8052 13.1837 13.7901 14.3426 14.4531 14.356 13.9418 14.1582 14.631 14.8887 14.9747 14.9327 14.8028 14.7347 14.4867 14.3892 14.0399 13.4844 13.2774 13.4401 12.8506 12.9131 13.1584 12.9455 13.3606 13.5696 13.1216 13.5179 13.9603 14.1951 14.4023 14.5094 14.5625 14.6346 14.6536 14.6761 14.6969 14.715 14.7343 14.7455 14.7587 14.7287 14.675 14.2482 14.1066 14.1674 14.3992 14.605 14.8424 14.9431
-9999 -9999 -9999 -9999 -9999 -9999 -9999 11.9105 12.6368 13.5761 14.1531 14.2664 14.7065 15.0999 15.0712 14.8967 14.854 14.6736 14.2808 13.8456 13.3685 13.1445 12.6092 13.1668 13.6082 14.0784 14.306 13.9683 13.8064 14.1338 14.4594 14.5982 14.927 14.939 14.8519 14.4264 14.2276 14.3356 14.2607 14.1169 13.7405 13.7419 13.5074 13.4217 13.3419 13.0452 13.271 13.3114 13.3885 13.8574 14.0965 14.261 14.4118 14.4644 14.5398 14.6324 14.6568 14.6774 14.6953 14.7154 14.729 14.7272 14.7293 14.6469 14.4857 14.1673 13.6618 14.073 14.5019 14.6597 14.8118 14.8953
-9999 -9999 -9999 -9999 -9999 -9999 -9999 11.7877 12.5593 13.3645 13.7084 13.7774 14.5642 15.0514 15.0662 14.991 14.9012 14.4331 14.4767 14.3955 13.9663 13.3341 12.6382 12.7201 13.1591 13.7721 13.9858 13.4188 13.2283 13.3945 13.8798 14.3157 14.7704 14.8974 14.7841 14.113 13.3994 13.755 14.1343 14.1501 14.0622 13.7144 13.6169 13.5305 13.2823 12.8581 12.941 13.0864 13.618 13.7969 14.0628 14.2864 14.2269 14.29 14.5042 14.6347 14.6567 14.6767 14.6986 14.7145 14.7265 14.7031 14.6776 14.6218 14.1673 13.8926 13.506 14.0292 14.3281 14.5237 14.8089 14.8933
-9999 -9999 -9999 -9999 -9999 -9999 -9999 11.5515 12.1153 12.8861 13.2046 13.7051 14.4498 14.8232 15.0097 15.0203 14.9654 14.7639 14.6489 14.4077 13.9605 13.3433 12.6554 12.2128 12.4604 13.2814 13.4949 12.9664 12.7089 13.064 13.5805 14.338 14.7775 14.8504 14.8279 14.7025 14.1859 13.5588 13.5782 13.9189 13.6665 13.3706 13.5618 13.5484 13.3031 13.1298 13.0381 13.1322 13.4446 13.5826 13.8868 14.3267 14.4052 14.4112 14.6066 14.6332 14.6552 14.6798 14.6976 14.7142 14.7273 14.7113 14.6526 14.3559 14.0998 13.7361 13.7084 14.1982 14.4289 14.6432 14.7934 14.8564
-9999 -9999 -9999 -9999 -9999 -9999 -9999 11.1453 11.8072 12.5306 13.2091 13.8519 14.4073 14.4633 14.7633 14.7774 14.9418 14.9138 14.7281 14.5273 14.1438 13.3464 12.6783 11.9482 12.1595 12.9993 13.1193 12.7755 12.127 12.8283 13.6002 14.3013 14.6881 14.4132 14.7274 14.7192 14.5361 14.1695 13.5905 13.6191 13.19 13.1884 13.4359 13.5286 13.5088 13.3831 13.1805 13.2381 13.4372 13.5005 13.7816 14.127 14.465 14.5368 14.6157 14.6362 14.655 14.6778 14.6963 14.7076 14.7093 14.6913 14.4448 14.1484 13.9731 13.7249 13.7114 14.2665 14.5089 14.655 14.7869 14.8512
-9999 -9999 -9999 -9999 -9999 -9999 -9999 -9999 11.7401 12.4876 13.0445 13.2049 13.7005 13.9748 14.1905 14.2498 14.8384 14.8848 14.7725 14.589 14.2641 13.6625 13.2478 12.5481 12.0493 12.2805 12.3858 12.5903 12.5504 12.8721 13.6147 14.3878 14.4865 14.0217 14.1092 14.2263 14.4684 14.3707 13.5754 13.1798 12.8546 13.1155 13.3892 13.469 13.4995 13.4683 13.4393 13.3635 13.7246 13.9966 14.074 14.3133 14.4947 14.5579 14.6098 14.6319 14.6539 14.6717 14.6799 14.6906 14.6674 14.5934 14.315 13.6205 13.6718 13.6128 13.4093 13.9451 14.3166 14.619 14.7889 14.8472
-9999 -9999 -9999 -9999 -9999 -9999 -9999 -9999 11.495 12.3583 12.5521 12.5534 12.287 12.4312 13.488 13.7126 14.2778 14.8137 14.7902 14.6103 14.3071 13.9546 13.401 12.612 11.9883 11.7342 12.4359 13.1242 13.2795 13.5111 13.9725 14.0734 13.5982 13.1537 13.4289 13.6013 14.2118 14.3369 14.2382 13.7657 13.2231 12.9483 13.3105 13.3742 13.4127 13.4348 13.4434 13.4608 13.8645 14.0968 14.2637 14.3629 14.5213 14.5754 14.605 14.6337 14.6489 14.6592 14.6546 14.6467 14.5532 14.4364 13.9684 13.5812 13.3463 13.0434 13.7824 14.0307 14.3777 14.5917 14.76 14.8115
