Test_Spring_2018b/04_18/Temp/20180415_015.txt
ncols	170
nrows	115
xllcorner	350000.000000
yllcorner	4445000.000000
cellsize	1000.000000
nodata_value	-9999.000000
[rows 32 to 63 of 115, columns 72 to 143 of 170]
22.2878 22.1251 22.3854 22.6249 22.4524 22.342 22.7197 22.7222 22.5924 22.284 22.1737 22.0597 21.9923 21.5979 20.4812 19.4754 20.0243 20.0437 19.6751 20.3539 20.0046 19.0834 17.7804 18.4965 18.3161 17.3634 17.1293 -9999 -9999 -9999 -9999 -9999 -9999 -9999 -9999 -9999 -9999 -9999 -9999 -9999 -9999 -9999 -9999 -9999 -9999 -9999 -9999 -9999 -9999 -9999 -9999 -9999 -9999 -9999 -9999 -9999 -9999 -9999 -9999 -9999 -9999 -9999 -9999 -9999 -9999 -9999 -9999 -9999 -9999 -9999 -9999 -9999
22.0616 21.9939 22.3795 22.3744 22.3363 22.4453 22.6759 22.7268 22.6782 22.5458 22.4323 22.3118 21.9991 21.547 20.5921 19.4463 19.1914 19.7617 19.7951 19.8919 19.574 19.1728 18.5418 19.0678 19.2748 18.6565 17.8357 17.3088 -9999 -9999 -9999 -9999 -9999 -9999 -9999 -9999 -9999 -9999 -9999 -9999 -9999 -9999 -9999 -9999 -9999 -9999 -9999 -9999 -9999 -9999 -9999 -9999 -9999 -9999 -9999 -9999 -9999 -9999 -9999 -9999 -9999 -9999 -9999 -9999 -9999 -9999 -9999 -9999 -9999 -9999 -9999 -9999
21.7928 21.4259 21.6596 21.8356 22.1248 22.1825 22.233 22.6917 22.6708 22.6534 22.463 22.3121 22.0595 21.6246 21.0033 20.2542 18.9455 19.7628 20.404 20.3939 20.3649 20.0855 19.4794 19.9957 20.0243 19.2264 18.3082 17.792 17.5818 -9999 -9999 -9999 -9999 -9999 -9999 -9999 -9999 -9999 -9999 -9999 -9999 -9999 -9999 -9999 -9999 -9999 -9999 -9999 -9999 -9999 -9999 -9999 -9999 -9999 -9999 -9999 -9999 -9999 -9999 -9999 -9999 -9999 -9999 -9999 -9999 -9999 -9999 -9999 -9999 -9999 -9999 -9999
21.4882 21.0391 21.2741 21.5862 22.0058 22.2075 22.3661 22.5052 22.6474 22.6347 22.4397 21.8559 21.7772 21.7575 21.3532 20.4984 19.6449 19.4285 20.4034 20.6868 20.636 20.8578 20.345 20.5945 20.4985 20.2149 19.338 18.5465 18.2302 17.6002 -9999 -9999 -9999 -9999 -9999 -9999 -9999 -9999 -9999 -9999 -9999 -9999 -9999 -9999 -9999 -9999 -9999 -9999 -9999 -9999 -9999 -9999 -9999 -9999 -9999 -9999 -9999 -9999 -9999 -9999 -9999 -9999 -9999 -9999 -9999 -9999 -9999 -9999 -9999 -9999 -9999 -9999
-9999 -9999 20.7547 21.1595 21.4985 21.9129 22.2672 22.4543 22.6366 22.6257 22.2316 22.0415 22.0298 21.7668 21.2993 21.0084 20.4734 19.9158 20.1376 20.9698 20.608 21.1986 21.154 21.266 20.8788 20.1125 19.1159 18.5235 18.2407 17.731 -9999 -9999 -9999 -9999 -9999 -9999 -9999 -9999 -9999 -9999 -9999 -9999 -9999 -9999 -9999 -9999 -9999 -9999 -9999 -9999 -9999 -9999 -9999 -9999 -9999 -9999 -9999 -9999 -9999 -9999 -9999 -9999 -9999 -9999 -9999 -9999 -9999 -9999 -9999 -9999 -9999 -9999
-9999 -9999 -9999 21.0793 21.3354 21.9069 22.1743 22.2961 22.588 22.592 22.4451 22.336 22.176 21.966 21.6164 21.2302 20.7277 20.6872 21.2221 21.2348 21.1301 21.222 21.4982 21.4308 20.8173 19.7596 19.2106 18.0631 17.5869 17.6411 17.3058 -9999 -9999 -9999 -9999 -9999 -9999 -9999 -9999 -9999 -9999 -9999 -9999 18.7158 -9999 -9999 -9999 -9999 -9999 -9999 -9999 -9999 -9999 -9999 -9999 -9999 -9999 -9999 -9999 -9999 -9999 -9999 -9999 -9999 16.8258 -9999 -9999 -9999 -9999 -9999 -9999 -9999
-9999 -9999 21.0422 21.3708 21.6485 22.0064 22.0292 22.2286 22.5634 22.5713 22.4681 22.3519 22.0855 22.0242 21.8281 21.4086 21.3284 21.5082 21.5944 21.691 21.7523 21.7123 21.6068 21.4685 21.0543 20.5723 20.2496 19.2176 18.6849 18.1933 17.4474 16.8657 -9999 -9999 -9999 -9999 -9999 -9999 -9999 18.2838 18.2652 18.2877 18.4613 18.9246 18.6657 -9999 -9999 -9999 -9999 -9999 -9999 -9999 -9999 -9999 -9999 -9999 -9999 -9999 -9999 -9999 -9999 -9999 -9999 -9999 17.234 16.6525 -9999 -9999 -9999 -9999 -9999 -9999
-9999 -9999 21.1096 21.484 21.6706 22.0173 22.2157 22.3207 22.4378 22.5506 22.5358 22.4066 22.2086 22.2162 21.9426 21.7986 21.698 21.9391 21.9923 21.905 21.7931 21.6941 21.4041 21.3735 21.2547 20.949 20.4458 19.9273 19.1526 18.1372 17.1421 16.3411 -9999 -9999 -9999 -9999 -9999 -9999 18.3538 18.7412 18.9771 18.5054 18.9256 19.31 19.2584 18.8865 -9999 -9999 -9999 -9999 -9999 -9999 -9999 -9999 -9999 -9999 -9999 -9999 -9999 -9999 19.9944 19.3985 18.1841 17.5665 17.1998 16.6719 -9999 -9999 -9999 -9999 -9999 -9999
-9999 -9999 21.0342 21.4756 21.7738 22.0384 22.0796 22.3383 22.4482 22.5097 22.5062 22.4843 22.4525 22.2143 22.1163 21.754 22.116 22.1103 22.0281 21.68 21.5321 20.928 20.6639 20.5831 21.097 20.7196 19.9301 18.9429 17.7401 17.6588 17.2701 16.5544 -9999 -9999 -9999 -9999 -9999 -9999 18.4652 18.8793 19.2265 19.2854 18.8166 19.4931 19.4613 19.0956 19.0182 19.3317 19.4941 19.375 19.7454 19.8612 19.7053 19.8957 -9999 -9999 -9999 -9999 20.0545 20.0896 20.1187 19.8765 18.549 17.6454 16.8347 16.7624 -9999 -9999 -9999 -9999 -9999 -9999
-9999 -9999 21.3399 21.61 21.7451 21.7647 22.0011 22.225 22.3632 22.471 22.4531 22.4493 22.4461 22.3695 22.1829 22.2263 22.2191 22.114 21.4466 20.6655 21.0153 20.5514 19.5413 20.3478 20.7957 20.3669 19.409 18.2983 17.919 17.9302 17.3874 16.6884 -9999 -9999 -9999 17.325 17.9132 17.9738 18.1549 18.7043 19.1247 19.4436 19.6636 19.6576 19.4393 19.0815 18.6916 18.8401 19.5613 19.7425 19.8838 20.0034 19.8592 19.9503 20.1511 20.2599 20.2904 20.2561 20.2566 20.2831 20.2711 20.0461 18.8579 18.1831 17.756 16.885 -9999 -9999 -9999 -9999 -9999 -9999
-9999 -9999 21.1688 21.4028 21.5913 21.8995 21.9302 22.1297 22.2373 22.4099 22.4333 22.2301 22.4085 22.3938 22.3701 22.3108 22.22 21.6589 20.8815 20.1013 19.744 19.8944 19.2949 19.5974 20.0509 19.8816 19.2893 18.2992 18.1596 17.9165 16.996 16.116 -9999 -9999 16.1872 17.3062 18.0978 18.5116 18.6475 18.6706 19.198 19.249 19.815 19.6869 18.9558 19.046 18.7655 18.9575 19.227 19.3057 19.6808 20.0491 20.1265 20.1375 20.2689 20.3041 20.3211 20.3288 20.2574 20.3061 20.3229 20.1869 19.3304 18.918 18.4578 16.8975 -9999 -9999 -9999 -9999 -9999 -9999
-9999 -9999 21.2837 21.5448 21.8307 21.8736 22.0849 22.0565 21.9831 22.2836 22.3909 22.2489 22.1496 22.3525 22.348 22.3318 22.2989 21.7728 21.1617 20.2309 19.6542 19.2942 19.0435 18.6934 18.9257 18.8537 18.757 18.8655 18.5879 18.032 17.4963 16.4899 15.9508 -9999 16.2402 16.7505 17.6904 18.4914 19.0043 18.8356 19.4342 19.554 19.8969 19.707 19.2649 19.0806 19.0706 19.0188 19.4209 19.6918 19.8781 20.0116 20.1746 20.2236 20.2734 20.3003 20.3201 20.3403 20.3495 20.3576 20.3513 20.3071 19.9192 19.5039 18.6018 16.9474 -9999 -9999 -9999 -9999 -9999 -9999
-9999 20.5273 21.2527 21.6919 21.8586 21.9776 22.0822 22.1575 22.2287 22.3028 22.3588 22.3369 21.9545 21.9947 22.0741 22.3053 22.3 22.2617 21.932 20.7982 20.4036 19.8262 19.0811 18.7617 18.9166 19.5271 19.4977 19.09 18.6363 17.9987 17.5979 16.9838 15.8012 15.9146 16.4567 16.8636 17.506 18.4831 19.1719 19.486 19.6118 19.8561 19.9896 19.7258 19.471 19.3693 19.1741 19.1521 19.16 19.4053 19.5907 20.0115 20.1594 20.2309 20.2733 20.3011 20.3247 20.3484 20.3642 20.3677 20.3796 20.3875 20.3663 19.8147 18.4197 17.3731 -9999 -9999 -9999 -9999 -9999 -9999
-9999 -9999 21.1145 21.3039 21.3487 21.432 21.6096 21.816 22.1032 22.1413 22.3079 22.3086 21.9778 21.5992 21.9467 22.0915 22.2415 22.2563 22.2224 21.2634 20.7663 20.3742 19.6594 19.9102 20.1538 20.1699 20.0189 19.1465 18.278 17.2666 16.3347 16.2922 15.7912 16.0619 16.423 17.3382 17.9864 18.2567 18.4546 19.4486 19.7126 19.8107 20.0719 19.7384 19.6565 19.4062 19.4896 19.4734 19.481 18.7737 19.4886 19.5385 20.0129 20.23 20.2864 20.3098 20.3345 20.3481 20.3625 20.372 20.3884 20.3908 20.3942 20.0395 18.267 17.384 -9999 -9999 -9999 -9999 -9999 -9999
-9999 -9999 -9999 -9999 21.1612 21.3034 21.3926 21.5526 22.047 22.1829 22.2751 22.2866 22.1431 21.7662 21.6757 21.7572 21.3946 21.7175 22.1525 22.1485 22.1014 21.2607 20.8238 21.2404 21.111 20.4736 19.9709 19.4746 18.4575 17.7023 16.6337 15.8329 15.8062 16.6975 17.4391 18.3653 18.7809 18.563 18.8249 19.323 19.8884 20.167 20.1139 19.7619 19.7162 19.3263 19.7232 19.7629 19.5873 19.4362 19.4981 19.7361 19.8321 20.2054 20.303 20.3279 20.3418 20.3548 20.365 20.3748 20.3812 20.3886 20.3944 20.3885 18.5662 17.1526 -9999 -9999 -9999 -9999 -9999 -9999
-9999 -9999 -9999 -9999 20.8063 20.8898 21.1218 21.7291 22.0373 22.1661 22.1631 22.2268 22.1275 21.7984 21.4619 21.1468 20.7365 20.9876 21.6336 22.0161 22.0637 21.3269 21.7064 21.5608 21.274 20.4411 19.8258 19.4976 18.5206 17.6742 16.9631 15.9829 16.4063 16.8743 17.4759 18.4847 19.1706 19.46 19.2394 19.5633 20.2122 20.2268 19.8885 19.9204 19.7131 19.1775 19.7491 19.9142 19.7918 19.8308 19.7824 19.8755 20.0398 20.1979 20.3067 20.3301 20.3422 20.3505 20.3622 20.3741 20.3786 20.3906 20.3965 20.3978 19.2253 17.1233 -9999 -9999 -9999 -9999 -9999 -9999
-9999 -9999 -9999 -9999 -9999 20.4757 21.0136 21.8216 22.0108 21.9915 22.161 22.1793 22.0236 21.8914 21.4811 20.9181 19.8259 20.1172 20.7125 21.5653 22.0147 21.9575 21.7048 21.2735 20.231 19.3175 19.2029 19.0497 18.3356 17.6808 16.8902 17.3497 17.8549 18.4094 18.7054 18.6401 19.2293 19.7127 19.525 19.9196 20.3774 20.1862 20.0768 19.9857 19.7454 19.7378 19.77 20.097 19.8808 20.0229 20.0258 20.0254 20.1093 20.2053 20.3066 20.3316 20.3426 20.3555 20.3566 20.3721 20.3786 20.3848 20.3912 20.394 20.2973 19.1705 18.4999 -9999 -9999 -9999 -9999 -9999
-9999 -9999 -9999 -9999 -9999 19.9704 20.2356 21.1939 21.4788 21.904 22.1316 22.1459 21.8787 21.7341 21.1176 20.9259 19.9167 19.4638 19.8646 19.7213 20.891 21.9247 21.695 19.6128 18.8565 18.3156 18.4498 18.4471 18.2458 17.1403 16.8392 17.8192 18.4388 18.9216 19.2913 19.376 19.3749 20.1243 20.2339 20.4855 20.4451 20.4783 20.1165 19.8956 20.1017 19.877 19.8441 20.1818 19.8613 20.1623 20.1269 20.0457 20.0489 20.2519 20.3005 20.3312 20.343 20.3468 20.3489 20.3548 20.3729 20.3816 20.3821 20.3935 20.3934 20.2698 19.6906 19.4942 19.7315 -9999 -9999 -9999
-9999 -9999 -9999 -9999 -9999 -9999 19.335 20.6694 21.2688 21.59 22.0445 22.1031 21.9599 21.7058 21.0782 20.5281 19.6269 18.5954 18.0494 19.7084 21.1513 21.9049 21.8009 20.0678 19.3821 19.3476 19.7468 19.4037 19.1429 18.2998 18.0522 17.7094 17.9257 18.5949 19.1464 19.6805 20.0727 20.116 20.376 20.528 20.5512 20.6066 20.573 20.5467 20.1926 20.4481 20.2446 20.3627 20.297 20.238 20.1816 19.9837 20.1368 20.2739 20.3163 20.3356 20.3387 20.3482 20.3545 20.3545 20.3599 20.3707 20.3808 20.3852 20.3956 20.4013 20.3453 20.0004 19.535 18.9442 -9999 -9999
-9999 -9999 -9999 -9999 -9999 -9999 18.6644 19.9931 20.6231 21.45 21.8727 22.0472 22.032 21.8276 21.3528 20.6336 20.0363 18.8831 17.6843 19.423 20.9704 21.8074 21.8533 20.3903 20.7924 20.4641 20.5932 19.9935 19.7431 19.5343 19.1067 18.6404 18.1286 17.8636 19.0917 19.7278 20.2428 20.4923 20.639 20.7186 20.6915 20.6091 20.0774 20.4998 20.4826 20.449 20.4089 20.3928 20.3564 20.3123 20.2819 20.279 20.1506 20.3119 20.318 20.3302 20.3416 20.3487 20.3526 20.3578 20.3615 20.3722 20.3773 20.383 20.39 20.4003 20.4061 20.3963 20.3114 19.5151 19.0421 18.9129
-9999 -9999 -9999 -9999 -9999 -9999 16.7902 18.7262 20.2661 21.0813 21.7418 21.9296 22.0049 21.7271 21.5225 21.0093 20.524 19.7693 18.6333 17.9359 19.2356 21.1269 21.8214 21.7599 21.7157 21.3373 20.9959 20.9512 20.9753 20.5674 19.9882 19.2386 19.0081 18.7508 19.6675 19.8002 19.7443 20.7547 20.7688 20.724 20.3536 19.9324 20.024 19.766 19.9736 19.6655 19.9631 20.221 20.3214 20.3202 20.2862 20.2869 20.2804 20.3163 20.3253 20.331 20.3382 20.3474 20.3551 20.3552 20.3605 20.3765 20.3783 20.3836 20.3869 20.3986 20.4066 20.402 20.3984 20.2836 20.1063 19.7574
-9999 -9999 -9999 -9999 -9999 -9999 16.8659 18.4826 19.8662 20.6908 21.4927 21.6834 21.9597 21.9097 21.6944 21.2491 20.6904 20.0704 19.0965 18.3738 19.2482 20.4997 21.3997 21.714 21.7077 21.6856 21.5996 21.5593 21.4594 21.3758 20.9651 20.2565 19.86 19.2784 20.2991 20.4218 20.2735 20.7897 20.7756 20.0228 19.4465 19.3843 19.7473 19.4158 19.3603 19.1532 19.4006 20.0508 19.8671 19.911 20.2014 20.2577 20.297 20.3143 20.3218 20.3304 20.3359 20.3475 20.3596 20.3597 20.3661 20.3752 20.3756 20.3824 20.3855 20.3926 20.3957 20.3979 20.3956 20.3697 20.3404 20.3867
-9999 -9999 -9999 -9999 -9999 -9999 16.9014 17.9808 19.2267 20.4427 21.2989 21.6482 21.9051 21.9102 21.6579 21.4406 21.0933 20.5484 20.1767 19.5247 18.6262 20.1474 20.6084 21.0163 21.1885 21.6207 21.6094 21.4106 21.1634 21.3792 21.3177 20.7592 20.5797 20.2739 20.845 20.8552 20.8493 20.8294 20.1945 19.3079 18.6014 19.1283 19.0307 19.2703 18.5404 19.1503 19.644 19.8089 19.4834 19.2455 20.0023 20.1362 20.2197 20.2767 20.3177 20.3202 20.3383 20.3447 20.3537 20.3627 20.3678 20.3754 20.3802 20.3847 20.3861 20.3942 20.3961 20.3963 20.4053 20.3936 20.3955 20.3949
-9999 -9999 -9999 -9999 -9999 -9999 -9999 17.3348 18.9037 20.3156 21.1042 21.6029 21.8495 21.8524 21.7268 21.5815 21.3687 20.9773 20.4831 19.6971 19.1143 19.4924 19.9426 19.9863 20.2904 21.1698 21.4704 21.0452 19.9769 20.5978 21.2941 21.2875 21.2341 21.1747 21.0981 21.0305 20.873 20.4361 19.0774 18.8179 18.2913 18.3625 18.0969 18.6998 18.4787 19.1049 19.3806 19.4893 18.9251 19.0432 19.7228 19.9972 19.9619 20.1343 20.2986 20.3138 20.3288 20.3356 20.3501 20.3627 20.3715 20.3769 20.3832 20.3906 20.3855 20.3998 20.3595 20.3367 20.2796 20.3722 20.3896 20.4035
-9999 -9999 -9999 -9999 -9999 -9999 -9999 17.0069 18.5843 20.247 20.7842 21.3213 21.7865 21.8024 21.6059 21.4198 21.2278 21.0079 20.4066 19.823 19.2654 19.081 19.1984 19.1721 19.6642 20.8107 21.0336 20.9404 19.8223 19.4539 20.3834 21.1661 21.2333 21.1696 20.2621 20.4655 19.9809 19.321 19.1467 18.8638 18.2546 18.5627 18.1188 18.3227 18.2653 18.6246 18.8038 19.2291 18.7387 18.7382 19.4059 19.7474 19.7649 20.1235 20.2577 20.3005 20.3192 20.3359 20.3486 20.3654 20.3737 20.3801 20.3847 20.3794 20.3507 20.2355 19.5867 19.598 19.79 19.972 20.2916 20.393
-9999 -9999 -9999 -9999 -9999 -9999 -9999 17.1854 18.2813 19.7575 20.8527 20.9266 21.463 21.7433 21.5288 21.2865 21.0385 20.934 20.2786 19.5575 18.9755 18.2848 18.4036 18.9065 19.7042 20.446 20.5803 20.4296 19.8214 20.1037 20.7395 21.0801 21.1851 21.1142 20.9226 20.8158 20.4611 20.3129 19.8177 19.038 18.7369 18.9436 18.115 18.1829 18.5018 18.1659 18.7171 18.9851 18.3499 18.858 19.4501 19.7575 20.0276 20.1606 20.2198 20.3054 20.318 20.3352 20.3497 20.3598 20.3711 20.3702 20.3714 20.3122 20.2195 19.6128 19.3652 19.4262 19.722 19.9821 20.2543 20.3716
-9999 -9999 -9999 -9999 -9999 -9999 -9999 17.3677 18.3552 19.636 20.4184 20.563 21.157 21.6864 21.6348 21.3822 21.3101 21.0479 20.4928 19.8787 19.2064 18.8818 18.1285 18.8784 19.449 20.0782 20.374 19.8693 19.6305 20.0655 20.4986 20.6753 21.1138 21.1168 20.9837 20.3849 20.0976 20.2319 20.1141 19.901 19.3672 19.3526 19.0129 18.8776 18.7501 18.299 18.5906 18.6275 18.7117 19.3231 19.6359 19.8466 20.0393 20.0973 20.187 20.3006 20.3203 20.3348 20.3453 20.3583 20.3618 20.3436 20.33 20.1996 19.96 19.5035 18.7557 19.3002 19.8688 20.049 20.2191 20.3139
-9999 -9999 -9999 -9999 -9999 -9999 -9999 17.1959 18.2451 19.3406 19.8018 19.8848 20.955 21.613 21.6208 21.5045 21.3676 20.7095 20.755 20.6281 20.0222 19.1365 18.1628 18.2587 18.8342 19.6521 19.9291 19.1083 18.8302 19.0433 19.6958 20.281 20.8923 21.0531 20.8835 19.9466 18.951 19.4258 19.9328 19.9395 19.8029 19.3084 19.1578 19.0222 18.6635 18.0438 18.1331 18.315 19.0077 19.2375 19.5874 19.8797 19.7832 19.8556 20.1361 20.3016 20.3181 20.3316 20.3476 20.355 20.3568 20.3093 20.2583 20.1653 19.5232 19.1279 18.5502 19.2442 19.6353 19.8491 20.2221 20.3193
-9999 -9999 -9999 -9999 -9999 -9999 -9999 16.8678 17.6306 18.6782 19.1037 19.7798 20.7915 21.2925 21.5362 21.5377 21.4485 21.1575 20.9849 20.6383 20.0077 19.143 18.1808 17.5556 17.8797 18.972 19.2334 18.4805 18.1102 18.583 19.2783 20.3054 20.8954 20.9815 20.9366 20.7499 20.0253 19.1483 19.1605 19.6142 19.2518 18.8291 19.0761 19.0414 18.6875 18.4324 18.2629 18.3711 18.7661 18.94 19.3429 19.933 20.0262 20.02 20.2746 20.2974 20.3137 20.3337 20.3443 20.3529 20.3565 20.3197 20.2237 19.8 19.4317 18.9152 18.8604 19.4812 19.7627 20.0197 20.2083 20.2771
-9999 -9999 -9999 -9999 -9999 -9999 -9999 16.3061 17.2031 18.185 19.1051 19.9762 20.7272 20.7911 21.1905 21.1967 21.4092 21.3567 21.0871 20.7961 20.2536 19.1414 18.2066 17.1863 17.4607 18.5883 18.7016 18.2122 17.3039 18.2528 19.299 20.2482 20.7655 20.3728 20.7907 20.7653 20.4992 19.9807 19.1698 19.1946 18.5894 18.5721 18.8971 19.0088 18.9655 18.7765 18.4626 18.5134 18.7528 18.8242 19.1955 19.6557 20.1059 20.1903 20.2847 20.299 20.3111 20.3287 20.3404 20.3421 20.3304 20.2913 19.9378 19.5153 19.259 18.9022 18.8681 19.5863 19.8778 20.0426 20.2071 20.2787
-9999 -9999 -9999 -9999 -9999 -9999 -9999 -9999 17.1071 18.1215 18.8738 19.0808 19.7491 20.113 20.3963 20.4643 21.2603 21.3104 21.1417 20.8749 20.4131 19.5704 18.9844 18.006 17.3037 17.5798 17.6869 17.9516 17.8803 18.3066 19.3123 20.3603 20.4809 19.8267 19.9326 20.0793 20.3982 20.2497 19.1415 18.5831 18.1213 18.4654 18.8269 18.9215 18.9479 18.8892 18.8114 18.6638 19.145 19.5037 19.5948 19.9091 20.1439 20.2165 20.2739 20.2904 20.3071 20.318 20.3158 20.3171 20.2716 20.1561 19.7593 18.79 18.8462 18.7506 18.4561 19.1583 19.6002 20.0002 20.218 20.2825
-9999 -9999 -9999 -9999 -9999 -9999 -9999 -9999 16.7665 17.9394 18.1917 18.1794 17.7991 17.9837 19.4237 19.7191 20.4829 21.2063 21.16 20.8984 20.4667 19.9669 19.1898 18.0887 17.2144 16.8229 17.7624 18.6803 18.8772 19.1792 19.7978 19.9207 19.2516 18.625 18.9889 19.2117 20.0373 20.1954 20.0457 19.3818 18.6215 18.2292 18.7129 18.7857 18.8235 18.8384 18.83 18.8043 19.3342 19.6384 19.8527 19.9743 20.1776 20.2376 20.2643 20.29 20.2974 20.2984 20.2788 20.255 20.1134 19.9396 19.2827 18.7368 18.4002 17.97 18.9728 19.2801 19.6989 19.97 20.1867 20.2429
