Test_Spring_2018b/04_18/Temp/20180404_022.txt
ncols	170
nrows	115
xllcorner	350000.000000
yllcorner	4445000.000000
cellsize	1000.000000
nodata_value	-9999.000000
[rows 32 to 63 of 115, columns 72 to 143 of 170]
12.4475 12.2246 12.578 12.9037 12.714 12.587 13.1268 13.1297 12.952 12.5305 12.3774 12.2185 12.1218 11.5796 10.0544 8.67934 9.41839 9.43709 8.92802 9.84352 9.36098 8.10103 6.32205 7.28947 7.03795 5.77227 5.45184 -9999 -9999 -9999 -9999 -9999 -9999 -9999 -9999 -9999 -9999 -9999 -9999 -9999 -9999 -9999 -9999 -9999 -9999 -9999 -9999 -9999 -9999 -9999 -9999 -9999 -9999 -9999 -9999 -9999 -9999 -9999 -9999 -9999 -9999 -9999 -9999 -9999 -9999 -9999 -9999 -9999 -9999 -9999 -9999 -9999
12.1384 12.0446 12.568 12.5607 12.5318 12.7257 13.0648 13.1333 13.0657 12.8833 12.7257 12.5577 12.1276 11.507 10.2019 8.6365 8.28252 9.05065 9.08849 9.21261 8.77295 8.22037 7.35546 8.06439 8.3398 7.50468 6.41133 5.71423 -9999 -9999 -9999 -9999 -9999 -9999 -9999 -9999 -9999 -9999 -9999 -9999 -9999 -9999 -9999 -9999 -9999 -9999 -9999 -9999 -9999 -9999 -9999 -9999 -9999 -9999 -9999 -9999 -9999 -9999 -9999 -9999 -9999 -9999 -9999 -9999 -9999 -9999 -9999 -9999 -9999 -9999 -9999 -9999
11.7709 11.2701 11.5869 11.8257 12.2645 12.3919 12.4602 13.0832 13.0532 13.0272 12.765 12.5557 12.2071 11.6098 10.7585 9.73286 7.94567 9.04977 9.91441 9.89317 9.84658 9.45962 8.6287 9.32452 9.35737 8.28353 7.08008 6.36997 6.07584 -9999 -9999 -9999 -9999 -9999 -9999 -9999 -9999 -9999 -9999 -9999 -9999 -9999 -9999 -9999 -9999 -9999 -9999 -9999 -9999 -9999 -9999 -9999 -9999 -9999 -9999 -9999 -9999 -9999 -9999 -9999 -9999 -9999 -9999 -9999 -9999 -9999 -9999 -9999 -9999 -9999 -9999 -9999
11.3539 10.7414 11.0601 11.4843 12.0813 12.3982 12.6391 12.8275 13.0195 12.9999 12.7315 11.9336 11.8215 11.7889 11.2327 10.0632 8.89504 8.59325 9.91168 10.2896 10.2134 10.5081 9.8042 10.1372 10.0009 9.61615 8.45226 7.39497 6.95675 6.09161 -9999 -9999 -9999 -9999 -9999 -9999 -9999 -9999 -9999 -9999 -9999 -9999 -9999 -9999 -9999 -9999 -9999 -9999 -9999 -9999 -9999 -9999 -9999 -9999 -9999 -9999 -9999 -9999 -9999 -9999 -9999 -9999 -9999 -9999 -9999 -9999 -9999 -9999 -9999 -9999 -9999 -9999
-9999 -9999 10.3511 10.9272 11.4116 11.9949 12.5025 12.7567 13.0035 12.9867 12.4477 12.1852 12.1643 11.8008 11.1584 10.7557 10.0206 9.25458 9.54859 10.6728 10.1736 10.9699 10.9028 11.0492 10.5171 9.50073 8.14842 7.36263 6.97044 6.26919 -9999 -9999 -9999 -9999 -9999 -9999 -9999 -9999 -9999 -9999 -9999 -9999 -9999 -9999 -9999 -9999 -9999 -9999 -9999 -9999 -9999 -9999 -9999 -9999 -9999 -9999 -9999 -9999 -9999 -9999 -9999 -9999 -9999 -9999 -9999 -9999 -9999 -9999 -9999 -9999 -9999 -9999
-9999 -9999 -9999 10.8159 11.1872 11.9667 12.3742 12.5403 12.9368 12.9406 12.7382 12.5858 12.3634 12.0718 11.5895 11.0569 10.3657 10.3027 11.0222 11.0317 10.882 11.0002 11.3695 11.2721 10.4391 9.01926 8.26727 6.73552 6.08081 6.147 5.68293 -9999 -9999 -9999 -9999 -9999 -9999 -9999 -9999 -9999 -9999 -9999 -9999 7.44266 -9999 -9999 -9999 -9999 -9999 -9999 -9999 -9999 -9999 -9999 -9999 -9999 -9999 -9999 -9999 -9999 -9999 -9999 -9999 -9999 4.56706 -9999 -9999 -9999 -9999 -9999 -9999 -9999
-9999 -9999 10.7362 11.2294 11.6104 12.1007 12.1511 12.4477 12.9032 12.9129 12.7703 12.6086 12.2412 12.1518 11.878 11.2996 11.1823 11.4184 11.5274 11.6507 11.7266 11.6654 11.5158 11.3223 10.7833 10.1231 9.67965 8.27932 7.57402 6.89848 5.87661 5.07724 -9999 -9999 -9999 -9999 -9999 -9999 -9999 6.91264 6.87302 6.889 7.11035 7.72558 7.35861 -9999 -9999 -9999 -9999 -9999 -9999 -9999 -9999 -9999 -9999 -9999 -9999 -9999 -9999 -9999 -9999 -9999 -9999 -9999 5.11623 4.30931 -9999 -9999 -9999 -9999 -9999 -9999
-9999 -9999 10.8654 11.3792 11.6379 12.1144 12.3888 12.5727 12.733 12.8861 12.8641 12.6849 12.4105 12.4146 12.0349 11.8308 11.6851 12.004 12.0676 11.9404 11.7806 11.6391 11.2387 11.192 11.0536 10.634 9.94599 9.23712 8.21027 6.82309 5.46291 4.3659 -9999 -9999 -9999 -9999 -9999 -9999 7.02378 7.53623 7.84223 7.18559 7.74166 8.24908 8.1634 7.64712 -9999 -9999 -9999 -9999 -9999 -9999 -9999 -9999 -9999 -9999 -9999 -9999 -9999 -9999 8.92653 8.10097 6.43408 5.57858 5.06413 4.33006 -9999 -9999 -9999 -9999 -9999 -9999
-9999 -9999 10.7569 11.3633 11.7755 12.1421 12.2045 12.584 12.7484 12.8325 12.8263 12.7932 12.7448 12.4141 12.2728 11.7711 12.2539 12.2365 12.1152 11.633 11.4238 10.5952 10.2303 10.1415 10.8368 10.3206 9.24424 7.89915 6.28439 6.17382 5.63906 4.65866 -9999 -9999 -9999 -9999 -9999 -9999 7.17785 7.72606 8.18282 8.24709 7.5935 8.49745 8.44318 7.92923 7.80763 8.21758 8.42221 8.25237 8.73997 8.88076 8.65222 8.89484 -9999 -9999 -9999 -9999 9.0328 9.06552 9.09004 8.74566 6.92494 5.68053 4.56229 4.44797 -9999 -9999 -9999 -9999 -9999 -9999
-9999 -9999 11.1662 11.5415 11.7338 11.7691 12.0988 12.4318 12.6345 12.7847 12.7588 12.75 12.7402 12.6286 12.366 12.4151 12.3949 12.2412 11.3232 10.2513 10.7185 10.0811 8.71995 9.8181 10.4246 9.8396 8.53537 7.02345 6.52889 6.54447 5.801 4.84555 -9999 -9999 -9999 5.67227 6.45933 6.52787 6.75941 7.49118 8.04691 8.46319 8.74574 8.729 8.41168 7.90804 7.36083 7.54599 8.51018 8.74 8.92357 9.06915 8.85633 8.96015 9.21723 9.34955 9.3755 9.31364 9.29926 9.32023 9.28891 8.96779 7.34004 6.40694 5.81031 4.6003 -9999 -9999 -9999 -9999 -9999 -9999
-9999 -9999 10.9258 11.2529 11.5189 11.9587 12.0096 12.2888 12.4594 12.7043 12.7352 12.4554 12.6923 12.6645 12.6228 12.5315 12.3966 11.6219 10.5535 9.48218 8.98728 9.19929 8.37899 8.79146 9.40593 9.17804 8.37743 7.03028 6.83951 6.52649 5.27297 4.07003 -9999 -9999 4.14042 5.65066 6.71412 7.26262 7.43218 7.44752 8.14807 8.20054 8.95307 8.76876 7.75377 7.8591 7.45885 7.70271 8.04763 8.13797 8.63789 9.12268 9.21129 9.20986 9.37256 9.40474 9.41246 9.40772 9.29556 9.34699 9.3549 9.15476 7.97474 7.39824 6.75622 4.6095 -9999 -9999 -9999 -9999 -9999 -9999
-9999 -9999 11.0845 11.4498 11.8495 11.9187 12.2162 12.1921 12.117 12.5289 12.6809 12.4845 12.3436 12.6113 12.5949 12.5612 12.5042 11.7762 10.9331 9.65642 8.86274 8.37848 8.03303 7.56442 7.87895 7.78029 7.64884 7.79656 7.42409 6.68555 5.95344 4.58154 3.84153 -9999 4.21652 4.89878 6.16372 7.23845 7.92024 7.67409 8.47089 8.61616 9.07082 8.79501 8.17265 7.89952 7.86815 7.78013 8.30981 8.65948 8.90193 9.06642 9.27209 9.32239 9.37399 9.39498 9.40652 9.41891 9.4165 9.41277 9.3893 9.31419 8.77139 8.19093 6.94791 4.67353 -9999 -9999 -9999 -9999 -9999 -9999
-9999 10.0225 11.036 11.6455 11.8849 12.0592 12.2136 12.3267 12.4478 12.5589 12.6359 12.6075 12.0814 12.1272 12.2243 12.5262 12.5057 12.4402 11.9792 10.4256 9.88926 9.10324 8.08623 7.65369 7.86375 8.69441 8.65541 8.10241 7.48662 6.63648 6.09409 5.25448 3.64119 3.78723 4.51455 5.0561 5.91634 7.23017 8.15068 8.56053 8.71373 9.03266 9.19631 8.81506 8.447 8.2901 8.00635 7.95858 7.95174 8.26807 8.5085 9.06201 9.24642 9.32783 9.36948 9.39181 9.40863 9.42594 9.43261 9.42269 9.42403 9.41991 9.37574 8.60982 6.69151 5.24391 -9999 -9999 -9999 -9999 -9999 -9999
-9999 -9999 10.8425 11.1137 11.1888 11.3163 11.5712 11.8642 12.2793 12.3366 12.5654 12.5688 12.1153 11.5912 12.0522 12.2359 12.4257 12.4317 12.3722 11.0665 10.3828 9.8441 8.86869 9.21208 9.54352 9.56667 9.36331 8.1793 7.00045 5.64203 4.37303 4.31222 3.62923 3.99027 4.47142 5.70428 6.57213 6.92435 7.17681 8.51088 8.8551 8.96725 9.30346 8.83075 8.69744 8.33813 8.43279 8.39255 8.38505 7.40569 8.36571 8.41608 9.04414 9.32211 9.38329 9.39963 9.4182 9.42185 9.42668 9.42509 9.43262 9.42091 9.40687 8.90788 6.48018 5.25522 -9999 -9999 -9999 -9999 -9999 -9999
-9999 -9999 -9999 -9999 10.9314 11.1401 11.276 11.5069 12.2042 12.3949 12.5229 12.5376 12.3377 11.819 11.6838 11.7809 11.2729 11.6987 12.2812 12.2661 12.1944 11.0457 10.452 11.0178 10.8425 9.97761 9.29666 8.62487 7.24487 6.2349 4.78066 3.68901 3.6483 4.85383 5.85487 7.1026 7.65391 7.34199 7.68118 8.34111 9.09123 9.45097 9.35931 8.86099 8.77668 8.22702 8.74788 8.78324 8.5264 8.30339 8.3749 8.68108 8.7945 9.28571 9.4025 9.42073 9.42459 9.42757 9.42689 9.42566 9.41805 9.41243 9.40411 9.37932 6.88378 4.93714 -9999 -9999 -9999 -9999 -9999 -9999
-9999 -9999 -9999 -9999 10.4464 10.576 10.9067 11.7464 12.1906 12.3721 12.3708 12.4566 12.3168 11.8608 11.392 10.9493 10.3773 10.7054 11.572 12.0824 12.1395 11.1323 11.649 11.4504 11.0615 9.93105 9.0975 8.65487 7.32991 6.19599 5.22828 3.89295 4.46457 5.09457 5.90388 7.26471 8.18356 8.5612 8.24451 8.66677 9.53034 9.53064 9.05072 9.07435 8.76995 8.02198 8.78017 8.98601 8.80142 8.83669 8.75807 8.86716 9.0735 9.27208 9.40406 9.42057 9.42205 9.41868 9.42004 9.42099 9.41186 9.41222 9.40387 9.38873 7.77659 4.89388 -9999 -9999 -9999 -9999 -9999 -9999
-9999 -9999 -9999 -9999 -9999 10.0107 10.7575 11.8702 12.1525 12.1326 12.3659 12.3898 12.1733 11.9851 11.4155 10.6358 9.13594 9.51869 10.3165 11.4664 12.0701 11.9872 11.644 11.057 9.64041 8.40049 8.248 8.04354 7.07619 6.20279 5.127 5.74988 6.43279 7.18038 7.57407 7.47384 8.26137 8.90301 8.63067 9.14902 9.75254 9.47287 9.30421 9.16042 8.811 8.78095 8.80552 9.23145 8.9192 9.09479 9.08584 9.06774 9.16484 9.27907 9.40092 9.41968 9.41965 9.42265 9.40942 9.41557 9.40883 9.40138 9.39352 9.38012 9.23097 7.67445 6.74315 -9999 -9999 -9999 -9999 -9999
-9999 -9999 -9999 -9999 -9999 9.32092 9.69635 11.0129 11.4252 12.0093 12.3215 12.3398 11.9717 11.7674 10.9177 10.6429 9.25563 8.62763 9.16102 8.95633 10.5397 11.9404 11.6286 8.79613 7.76866 7.03523 7.2209 7.22088 6.95062 5.46422 5.05404 6.38451 7.22281 7.87294 8.36674 8.47054 8.45524 9.4585 9.59104 9.91499 9.84108 9.8667 9.35477 9.03447 9.29224 8.967 8.90299 9.3435 8.88941 9.28117 9.22028 9.09227 9.07978 9.33955 9.38988 9.41638 9.41726 9.40793 9.39603 9.38899 9.39796 9.39356 9.37752 9.37583 9.3579 9.16562 8.35851 8.0721 8.37573 -9999 -9999 -9999
-9999 -9999 -9999 -9999 -9999 -9999 8.46745 10.2947 11.1342 11.5764 12.1965 12.2748 12.0809 11.7253 10.8595 10.0978 8.85788 7.44108 6.69065 8.93728 10.8922 11.9119 11.7711 9.41314 8.48118 8.43592 8.98154 8.51786 8.16615 7.03657 6.69859 6.22955 6.51911 7.42435 8.16374 8.87843 9.39814 9.44122 9.77738 9.96794 9.98068 10.0367 9.97146 9.91597 9.41205 9.74001 9.44407 9.58614 9.47862 9.38097 9.29177 9.0052 9.19662 9.36683 9.40871 9.41886 9.40837 9.40669 9.40044 9.38523 9.37669 9.37502 9.37191 9.3605 9.35688 9.34019 9.24485 8.75656 8.10449 7.28215 -9999 -9999
-9999 -9999 -9999 -9999 -9999 -9999 7.55071 9.36877 10.2494 11.3785 11.9625 12.2004 12.1726 11.8849 11.2276 10.2365 9.41067 7.82906 6.18633 8.54527 10.6454 11.7783 11.8375 9.8501 10.3969 9.95149 10.1287 9.31522 8.97673 8.70977 8.12623 7.48863 6.79073 6.42062 8.0814 8.93488 9.62163 9.94542 10.1278 10.2176 10.1652 10.0349 9.29257 9.84766 9.80214 9.73726 9.66386 9.62346 9.55606 9.47864 9.42521 9.40396 9.21274 9.4159 9.40654 9.40821 9.40896 9.4039 9.39422 9.38587 9.37507 9.37217 9.36293 9.35321 9.34479 9.33431 9.32306 9.29072 9.1564 8.05481 7.39331 7.19661
-9999 -9999 -9999 -9999 -9999 -9999 4.99672 7.63891 9.76704 10.8781 11.7822 12.0332 12.1287 11.7417 11.4524 10.7425 10.0698 9.03095 7.47415 6.51539 8.28183 10.8481 11.793 11.7113 11.6504 11.1359 10.6723 10.6126 10.6463 10.1083 9.32278 8.29862 7.97602 7.6182 8.85527 9.02402 8.93449 10.2934 10.2959 10.2171 9.69454 9.10756 9.21283 8.84477 9.1053 8.66739 9.0536 9.38616 9.50499 9.48607 9.42809 9.4121 9.38658 9.41603 9.41302 9.40575 9.4007 9.39833 9.39361 9.37819 9.36932 9.3746 9.35836 9.34777 9.33592 9.3271 9.31915 9.29405 9.2704 9.09601 8.83685 8.34127
-9999 -9999 -9999 -9999 -9999 -9999 5.10439 7.33015 9.21576 10.3474 11.4359 11.6909 12.0598 11.9833 11.6801 11.0632 10.2916 9.43685 8.10141 7.10867 8.28949 9.9945 11.2143 11.6435 11.6372 11.6063 11.489 11.4386 11.3026 11.2063 10.6437 9.67138 9.12531 8.32608 9.7042 9.85943 9.64433 10.3315 10.2961 9.25489 8.45296 8.34969 8.83076 8.36107 8.26369 7.96617 8.28442 9.15075 8.88355 8.92615 9.31001 9.36943 9.4019 9.40969 9.40445 9.40098 9.39342 9.39414 9.39512 9.37957 9.37213 9.36786 9.35143 9.34083 9.32704 9.31148 9.29943 9.28382 9.26223 9.20886 9.14614 9.18815
-9999 -9999 -9999 -9999 -9999 -9999 5.14156 6.64166 8.33868 10.0031 11.1651 11.6355 11.9784 11.9771 11.6243 11.3184 10.8352 10.0834 9.56762 8.67156 7.44147 9.50359 10.137 10.6931 10.9281 11.515 11.4992 11.2284 10.9144 11.204 11.1119 10.3463 10.0947 9.66999 10.4364 10.4385 10.4172 10.3756 9.49632 8.27381 7.29548 7.99408 7.84301 8.15759 7.14344 7.95494 8.60807 8.81443 8.35789 8.01726 9.03593 9.19558 9.29289 9.3546 9.39484 9.38279 9.39226 9.38559 9.38221 9.37854 9.36914 9.36282 9.35234 9.34101 9.32238 9.30808 9.29189 9.26781 9.26158 9.23159 9.21674 9.19467
-9999 -9999 -9999 -9999 -9999 -9999 -9999 5.75314 7.90202 9.82175 10.8918 11.5656 11.8951 11.8913 11.7118 11.5045 11.2053 10.6631 9.98149 8.90388 8.10377 8.61162 9.23248 9.29331 9.70424 10.8983 11.3055 10.7256 9.294 10.1304 11.0718 11.0562 10.9757 10.8858 10.7706 10.6668 10.4395 9.83103 7.96785 7.59935 6.86623 6.94571 6.56669 7.37678 7.05469 7.88829 8.24526 8.37537 7.59073 7.74174 8.64218 8.99877 8.93463 9.15325 9.36429 9.36946 9.3743 9.36797 9.3719 9.37297 9.36866 9.35556 9.34672 9.33918 9.31064 9.30438 9.23084 9.18132 9.08551 9.19382 9.20024 9.19156
-9999 -9999 -9999 -9999 -9999 -9999 -9999 5.31708 7.4625 9.72249 10.4501 11.1761 11.8028 11.8171 11.5417 11.2797 11.0093 10.7012 9.87444 9.07255 8.30681 8.04978 8.20406 8.18431 8.85016 10.4064 10.7069 10.5773 9.07445 8.56767 9.82539 10.8825 10.9655 10.8693 9.62447 9.88922 9.21723 8.30571 8.05371 7.6532 6.80836 7.21048 6.58957 6.8494 6.75917 7.23001 7.45605 8.017 7.33291 7.32302 8.20662 8.6544 8.66188 9.13349 9.3003 9.3428 9.35258 9.35953 9.36069 9.36728 9.36189 9.35361 9.34269 9.31789 9.26125 9.08245 8.17387 8.17108 8.41426 8.64425 9.05571 9.17131
-9999 -9999 -9999 -9999 -9999 -9999 -9999 5.55642 7.04601 9.0515 10.5376 10.6334 11.3569 11.7312 11.4316 11.0937 10.7478 10.5971 9.69736 8.70881 7.91004 6.96432 7.12028 7.79954 8.90191 9.90701 10.086 9.87728 9.06748 9.44499 10.3025 10.7576 10.8914 10.7852 10.5137 10.3565 9.86126 9.64588 8.9577 7.88202 7.45659 7.7213 6.57771 6.65306 7.06973 6.60121 7.33336 7.68055 6.79965 7.47378 8.26195 8.66311 9.01392 9.17866 9.24308 9.34366 9.34481 9.35216 9.35573 9.35311 9.35182 9.33371 9.31813 9.2203 9.07663 8.23404 7.86644 7.93156 8.31613 8.6525 8.99273 9.13596
-9999 -9999 -9999 -9999 -9999 -9999 -9999 5.80142 7.1427 8.88182 9.94203 10.1337 10.9356 11.6488 11.5711 11.2195 11.1133 10.7485 9.98568 9.14284 8.22137 7.77355 6.7433 7.75809 8.55221 9.40342 9.80127 9.13417 8.80266 9.38705 9.96814 10.1999 10.7869 10.7808 10.5887 9.76224 9.35868 9.52767 9.35313 9.04821 8.30667 8.27076 7.79249 7.59184 7.40164 6.77719 7.15654 7.18949 7.27958 8.10127 8.50947 8.77909 9.02447 9.08683 9.19255 9.33089 9.34153 9.34506 9.34304 9.34428 9.33246 9.29084 9.25522 9.06062 8.71752 8.07923 7.03118 7.75393 8.50981 8.73102 8.93841 9.05091
-9999 -9999 -9999 -9999 -9999 -9999 -9999 5.56517 6.98968 8.4763 9.09925 9.20693 10.6565 11.5446 11.5479 11.3821 11.1879 10.2851 10.3392 10.1592 9.32813 8.11711 6.7869 6.91201 7.6955 8.82068 9.19239 8.09483 7.70939 7.99144 8.87046 9.65729 10.4789 10.6871 10.4451 9.15897 7.79203 8.42426 9.09956 9.09382 8.8928 8.2045 7.98351 7.7827 7.27843 6.41634 6.52942 6.75974 7.68486 7.97971 8.43811 8.81851 8.67026 8.75205 9.11708 9.32581 9.33188 9.33395 9.3393 9.33287 9.31861 9.23725 9.15099 9.00734 8.11702 7.56218 6.75105 7.67149 8.186 8.44535 8.93594 9.05151
-9999 -9999 -9999 -9999 -9999 -9999 -9999 5.11697 6.15139 7.57234 8.14641 9.06048 10.4303 11.105 11.4292 11.4237 11.2947 10.8911 10.6488 10.1701 9.3056 8.12308 6.8084 5.95261 6.38814 7.89274 8.24163 7.23706 6.72581 7.36066 8.29748 9.68502 10.4775 10.5839 10.5113 10.2453 9.24697 8.04074 8.04319 8.6455 8.13749 7.54701 7.86701 7.80356 7.30577 6.94231 6.70116 6.82343 7.35091 7.56961 8.09997 8.88505 8.99471 8.9694 9.29893 9.31329 9.31905 9.32975 9.32761 9.32283 9.31106 9.2443 9.09695 8.50375 7.98594 7.26632 7.17473 7.98727 8.34597 8.67065 8.91038 8.98735
-9999 -9999 -9999 -9999 -9999 -9999 -9999 4.35129 5.56776 6.89896 8.14543 9.32468 10.3398 10.4199 10.9559 10.9568 11.2381 11.1592 10.785 10.382 9.63724 8.11804 6.84057 5.44722 5.81498 7.34907 7.54187 6.86853 5.62531 6.90736 8.32133 9.60278 10.2961 9.75122 10.308 10.2612 9.88642 9.16776 8.05084 8.06991 7.23175 7.1926 7.61865 7.75441 7.67903 7.40523 6.95921 7.01191 7.32746 7.40654 7.89366 8.5019 9.09683 9.19441 9.30592 9.30853 9.30832 9.31574 9.31513 9.30086 9.2684 9.19862 8.70114 8.10971 7.74429 7.24211 7.17863 8.13034 8.49595 8.69498 8.9019 8.98261
-9999 -9999 -9999 -9999 -9999 -9999 -9999 -9999 5.43554 6.81068 7.82876 8.10449 9.00697 9.49505 9.873 9.95792 11.0329 11.0932 10.8564 10.4863 9.85121 8.69857 7.89554 6.55909 5.5985 5.9747 6.1586 6.51086 6.4059 6.97725 8.33599 9.75163 9.90541 9.00487 9.13725 9.3245 9.74522 9.52973 8.00842 7.23429 6.59099 7.04335 7.51899 7.63126 7.65051 7.55391 7.42183 7.21939 7.85532 8.3249 8.4307 8.84022 9.14195 9.22323 9.28406 9.28957 9.29545 9.29366 9.27408 9.2594 9.181 9.00747 8.45123 7.11631 7.17602 7.02916 6.61172 7.5422 8.10349 8.63062 8.90988 8.98071
-9999 -9999 -9999 -9999 -9999 -9999 -9999 -9999 4.97093 6.56163 6.8995 6.87683 6.3531 6.59704 8.54801 8.94203 9.97298 10.9491 10.8785 10.5153 9.92118 9.23491 8.17198 6.66885 5.4745 4.96241 6.23779 7.49903 7.75892 8.16126 8.99361 9.15125 8.23102 7.36797 7.85129 8.14192 9.25187 9.45317 9.23538 8.31763 7.26822 6.71877 7.36037 7.44277 7.47731 7.48053 7.44433 7.39694 8.10726 8.50234 8.77533 8.92241 9.18094 9.24494 9.26374 9.2816 9.27479 9.25939 9.21623 9.16742 8.95843 8.7057 7.79593 7.03688 6.56245 5.96071 7.30766 7.70121 8.23927 8.58288 8.86056 8.92
