Test_Spring_2018b/04_18/Temp/20180416_018.txt
ncols	170
nrows	115
xllcorner	350000.000000
yllcorner	4445000.000000
cellsize	1000.000000
nodata_value	-9999.000000
[rows 32 to 63 of 115, columns 72 to 143 of 170]
15.9075 15.7082 16.0115 16.2904 16.1072 15.9823 16.4413 16.4388 16.2789 15.9064 15.7686 15.6259 15.5378 15.0613 13.7272 12.5243 13.1664 13.18 12.7331 13.5293 13.1056 12.0035 10.4484 11.2898 11.0674 9.95121 9.66999 -9999 -9999 -9999 -9999 -9999 -9999 -9999 -9999 -9999 -9999 -9999 -9999 -9999 -9999 -9999 -9999 -9999 -9999 -9999 -9999 -9999 -9999 -9999 -9999 -9999 -9999 -9999 -9999 -9999 -9999 -9999 -9999 -9999 -9999 -9999 -9999 -9999 -9999 -9999 -9999 -9999 -9999 -9999 -9999 -9999
15.6404 15.5538 16.0056 15.9941 15.9592 16.1061 16.3903 16.445 16.3813 16.2177 16.0759 15.9253 15.5463 15.0013 13.8592 12.4903 12.1785 12.8459 12.8761 12.9816 12.5951 12.11 11.3523 11.9679 12.2052 11.4712 10.5084 9.88981 -9999 -9999 -9999 -9999 -9999 -9999 -9999 -9999 -9999 -9999 -9999 -9999 -9999 -9999 -9999 -9999 -9999 -9999 -9999 -9999 -9999 -9999 -9999 -9999 -9999 -9999 -9999 -9999 -9999 -9999 -9999 -9999 -9999 -9999 -9999 -9999 -9999 -9999 -9999 -9999 -9999 -9999 -9999 -9999
15.3226 14.8809 15.1525 15.3558 15.72 15.8111 15.8656 16.4043 16.3734 16.3463 16.1133 15.9267 15.6188 15.0942 14.348 13.45 11.8875 12.848 13.5995 13.578 13.5344 13.1936 12.4654 13.0693 13.0947 12.153 11.0849 10.4628 10.2036 -9999 -9999 -9999 -9999 -9999 -9999 -9999 -9999 -9999 -9999 -9999 -9999 -9999 -9999 -9999 -9999 -9999 -9999 -9999 -9999 -9999 -9999 -9999 -9999 -9999 -9999 -9999 -9999 -9999 -9999 -9999 -9999 -9999 -9999 -9999 -9999 -9999 -9999 -9999 -9999 -9999 -9999 -9999
14.9617 14.4226 14.6958 15.0609 15.5666 15.8286 16.0247 16.1841 16.3469 16.3254 16.087 15.3867 15.2852 15.2533 14.7647 13.7411 12.7187 12.4524 13.5998 13.9265 13.8569 14.1107 13.4932 13.7803 13.6577 13.319 12.291 11.3578 10.9726 10.215 -9999 -9999 -9999 -9999 -9999 -9999 -9999 -9999 -9999 -9999 -9999 -9999 -9999 -9999 -9999 -9999 -9999 -9999 -9999 -9999 -9999 -9999 -9999 -9999 -9999 -9999 -9999 -9999 -9999 -9999 -9999 -9999 -9999 -9999 -9999 -9999 -9999 -9999 -9999 -9999 -9999 -9999
-9999 -9999 14.0802 14.5681 14.9796 15.4797 15.9084 16.1251 16.3357 16.3165 15.8419 15.6089 15.587 15.2663 14.7025 14.348 13.7036 13.0321 13.2856 14.2634 13.8245 14.516 14.4538 14.5778 14.1095 13.212 12.027 11.3302 10.9847 10.3697 -9999 -9999 -9999 -9999 -9999 -9999 -9999 -9999 -9999 -9999 -9999 -9999 -9999 -9999 -9999 -9999 -9999 -9999 -9999 -9999 -9999 -9999 -9999 -9999 -9999 -9999 -9999 -9999 -9999 -9999 -9999 -9999 -9999 -9999 -9999 -9999 -9999 -9999 -9999 -9999 -9999 -9999
-9999 -9999 -9999 14.4739 14.7868 15.4611 15.7992 15.939 16.28 16.2787 16.0978 15.9609 15.763 15.5052 15.0811 14.6133 14.0072 13.9492 14.574 14.5791 14.4451 14.5447 14.8631 14.7741 14.0436 12.7932 12.1329 10.7835 10.2085 10.2627 9.8544 -9999 -9999 -9999 -9999 -9999 -9999 -9999 -9999 -9999 -9999 -9999 -9999 11.3788 -9999 -9999 -9999 -9999 -9999 -9999 -9999 -9999 -9999 -9999 -9999 -9999 -9999 -9999 -9999 -9999 -9999 -9999 -9999 -9999 8.868 -9999 -9999 -9999 -9999 -9999 -9999 -9999
-9999 -9999 14.4225 14.833 15.1593 15.5807 15.6159 15.8607 16.2531 16.2568 16.128 15.9828 15.6586 15.5772 15.3352 14.8275 14.7222 14.9253 15.0174 15.1218 15.1846 15.1274 14.9928 14.8196 14.3385 13.7578 13.3662 12.1387 11.5115 10.9179 10.0224 9.32125 -9999 -9999 -9999 -9999 -9999 -9999 -9999 10.9111 10.8774 10.8926 11.0872 11.6257 11.3074 -9999 -9999 -9999 -9999 -9999 -9999 -9999 -9999 -9999 -9999 -9999 -9999 -9999 -9999 -9999 -9999 -9999 -9999 -9999 9.35241 8.64656 -9999 -9999 -9999 -9999 -9999 -9999
-9999 -9999 14.5254 14.9672 15.1863 15.5955 15.8283 15.9722 16.1068 16.2355 16.2117 16.0513 15.8083 15.8085 15.4743 15.2933 15.1635 15.4389 15.4914 15.3772 15.2343 15.1069 14.7533 14.7079 14.5763 14.2051 13.5995 12.9755 12.0666 10.8515 9.66018 8.69883 -9999 -9999 -9999 -9999 -9999 -9999 11.0051 11.4531 11.7214 11.1501 11.6374 12.0825 12.0102 11.5614 -9999 -9999 -9999 -9999 -9999 -9999 -9999 -9999 -9999 -9999 -9999 -9999 -9999 -9999 12.6895 11.9676 10.5113 9.76298 9.31217 8.66974 -9999 -9999 -9999 -9999 -9999 -9999
-9999 -9999 14.4348 14.9569 15.3095 15.6222 15.6697 15.9862 16.1223 16.1905 16.1805 16.1476 16.1018 15.8101 15.684 15.2435 15.6622 15.6444 15.5357 15.1118 14.9258 14.1987 13.8757 13.7878 14.3892 13.9331 12.988 11.8083 10.3859 10.2842 9.81253 8.95238 -9999 -9999 -9999 -9999 -9999 -9999 11.1368 11.6163 12.0166 12.0749 11.5073 12.299 12.254 11.8089 11.7061 12.0671 12.2487 12.1017 12.5281 12.6534 12.456 12.6694 -9999 -9999 -9999 -9999 12.7909 12.8183 12.8382 12.536 10.9453 9.85734 8.87947 8.77673 -9999 -9999 -9999 -9999 -9999 -9999
-9999 -9999 14.796 15.1161 15.2762 15.2993 15.5796 15.8554 16.0248 16.1481 16.121 16.1096 16.0977 15.9975 15.7658 15.8064 15.7864 15.6498 14.8461 13.9076 14.3117 13.7529 12.5547 13.5083 14.0317 13.515 12.3704 11.0444 10.599 10.6068 9.95241 9.11015 -9999 -9999 -9999 9.81849 10.5041 10.5635 10.7661 11.4059 11.8928 12.262 12.5118 12.4985 12.2271 11.7917 11.3182 11.4837 12.3288 12.5328 12.693 12.8229 12.6397 12.7327 12.9584 13.0746 13.0976 13.0433 13.03 13.047 13.0181 12.7359 11.3131 10.4966 9.97363 8.91355 -9999 -9999 -9999 -9999 -9999 -9999
-9999 -9999 14.5857 14.8633 15.0876 15.4633 15.5 15.7364 15.8722 16.0796 16.1022 15.8542 16.0578 16.0309 15.9922 15.9104 15.7906 15.1124 14.1776 13.2398 12.8043 12.9804 12.2593 12.6142 13.1443 12.9395 12.2284 11.0458 10.8722 10.5859 9.48688 8.43182 -9999 -9999 8.48121 9.79678 10.7235 11.2019 11.3506 11.3657 11.9794 12.0282 12.6884 12.5291 11.6494 11.7457 11.4058 11.6232 11.9296 12.0123 12.4509 12.8755 12.9555 12.9565 13.1001 13.1292 13.1362 13.1318 13.0331 13.0766 13.0816 12.9048 11.8728 11.3672 10.804 8.92708 -9999 -9999 -9999 -9999 -9999 -9999
-9999 -9999 14.7241 15.0346 15.3751 15.4273 15.6793 15.6536 15.5751 15.929 16.0565 15.8813 15.7554 15.9866 15.9703 15.9391 15.8875 15.2503 14.5122 13.3952 12.699 12.268 11.961 11.5414 11.8091 11.7159 11.5938 11.7152 11.3822 10.7243 10.0789 8.87672 8.22578 -9999 8.54514 9.1381 10.2406 11.1783 11.7742 11.5614 12.2595 12.3898 12.7884 12.5523 12.0158 11.7844 11.762 11.6901 12.157 12.4714 12.6859 12.8332 13.0142 13.0606 13.1075 13.127 13.1374 13.148 13.1449 13.14 13.1175 13.0495 12.5732 12.0637 10.9762 8.98767 -9999 -9999 -9999 -9999 -9999 -9999
-9999 13.816 14.6859 15.2088 15.4089 15.5525 15.679 15.7702 15.8635 15.9568 16.0193 15.9905 15.5285 15.5663 15.6494 15.9113 15.8919 15.833 15.4285 14.0699 13.5952 12.8998 12.006 11.6225 11.7985 12.5156 12.4736 11.983 11.4375 10.6822 10.2011 9.46204 8.04952 8.17224 8.80322 9.27328 10.0227 11.1691 11.9735 12.3334 12.4703 12.7506 12.8979 12.5724 12.2582 12.1269 11.8849 11.8487 11.848 12.1291 12.3427 12.8343 12.9987 13.0712 13.1096 13.1304 13.1455 13.1602 13.165 13.1546 13.1534 13.1472 13.1056 12.4342 10.759 9.49192 -9999 -9999 -9999 -9999 -9999 -9999
-9999 -9999 14.5208 14.7481 14.8044 14.9066 15.1206 15.3685 15.7185 15.7632 15.9586 15.9589 15.5603 15.101 15.5018 15.6609 15.8252 15.8289 15.7749 14.6278 14.0262 13.5502 12.6924 12.9854 13.2669 13.2789 13.093 12.0512 11.0139 9.81484 8.70014 8.64029 8.03762 8.34838 8.76439 9.83758 10.5936 10.901 11.1227 12.2892 12.5916 12.6954 12.9938 12.587 12.4781 12.1707 12.2594 12.2303 12.2296 11.3806 12.2227 12.2717 12.8241 13.0727 13.1273 13.1429 13.1596 13.1624 13.1654 13.1621 13.1662 13.1531 13.1387 12.7003 10.579 9.50605 -9999 -9999 -9999 -9999 -9999 -9999
-9999 -9999 -9999 -9999 14.5825 14.7553 14.8652 15.0586 15.655 15.8162 15.9237 15.9332 15.7565 15.3024 15.1831 15.2668 14.8225 15.1915 15.696 15.6786 15.611 14.6025 14.0779 14.5641 14.4031 13.6398 13.0367 12.4415 11.2282 10.3331 9.05646 8.09687 8.05515 9.1019 9.97143 11.0575 11.5373 11.2653 11.5627 12.1412 12.7995 13.1181 13.0435 12.6147 12.5489 12.0758 12.5368 12.5741 12.3562 12.1676 12.2349 12.5075 12.6111 13.0436 13.1483 13.1665 13.1704 13.1725 13.1706 13.1675 13.1587 13.151 13.1407 13.1159 10.9353 9.23254 -9999 -9999 -9999 -9999 -9999 -9999
-9999 -9999 -9999 -9999 14.1619 14.2655 14.5453 15.2699 15.6456 15.7987 15.7935 15.8652 15.7409 15.3415 14.9314 14.5442 14.0436 14.3277 15.0809 15.522 15.5665 14.6814 15.1255 14.9445 14.5968 13.6015 12.8651 12.4695 11.3041 10.3007 9.4485 8.27616 8.76865 9.31315 10.0153 11.2001 12.0006 12.3305 12.0554 12.4267 13.1841 13.1892 12.776 12.8027 12.5452 11.8992 12.5676 12.7539 12.5994 12.6364 12.573 12.6738 12.8588 13.036 13.1542 13.1704 13.1725 13.1691 13.169 13.1679 13.1574 13.1548 13.1444 13.128 11.7182 9.19859 -9999 -9999 -9999 -9999 -9999 -9999
-9999 -9999 -9999 -9999 -9999 13.7747 14.4176 15.3804 15.6149 15.5924 15.7919 15.8097 15.6186 15.453 14.9549 14.2736 12.9636 13.2954 13.9884 14.9875 15.5089 15.4301 15.1238 14.6038 13.3592 12.2684 12.1262 11.9384 11.085 10.309 9.36245 9.89886 10.4885 11.1357 11.4752 11.3851 12.0711 12.6311 12.3949 12.85 13.3804 13.1412 12.9996 12.8803 12.5835 12.5641 12.5924 12.9709 12.7051 12.8647 12.8621 12.8521 12.9418 13.0456 13.155 13.1732 13.1739 13.1761 13.1632 13.1666 13.1582 13.1488 13.1389 13.124 12.9908 11.6284 10.8129 -9999 -9999 -9999 -9999 -9999
-9999 -9999 -9999 -9999 -9999 13.1752 13.4941 14.6351 14.983 15.4878 15.7562 15.7692 15.4459 15.2656 14.5231 14.2825 13.0705 12.5204 12.9826 12.7996 14.1758 15.3915 15.1126 12.6333 11.7283 11.0796 11.2325 11.2233 10.9783 9.6675 9.30197 10.456 11.1814 11.7437 12.1707 12.2587 12.2442 13.1197 13.2367 13.522 13.4612 13.4883 13.047 12.7735 13.0064 12.7293 12.6803 13.0714 12.6817 13.0299 12.982 12.8761 12.8701 13.1009 13.1478 13.1728 13.1744 13.1658 13.154 13.1461 13.1515 13.1449 13.1279 13.1234 13.1048 12.9329 12.2258 11.9734 12.236 -9999 -9999 -9999
-9999 -9999 -9999 -9999 -9999 -9999 12.4244 14.0112 14.7321 15.113 15.6503 15.7157 15.5418 15.2308 14.4746 13.8089 12.7253 11.4865 10.8287 12.7847 14.4851 15.3684 15.2389 13.1737 12.3523 12.3042 12.7715 12.358 12.0423 11.0431 10.7409 10.325 10.5719 11.3562 11.9986 12.6198 13.072 13.1097 13.4043 13.573 13.5876 13.6408 13.589 13.5463 13.1144 13.407 13.1553 13.2857 13.1983 13.1192 13.0464 12.8019 12.9738 13.1263 13.1657 13.1767 13.1682 13.1664 13.1597 13.1444 13.1353 13.1312 13.1257 13.1129 13.1069 13.0884 13.0025 12.574 12.0028 11.2832 -9999 -9999
-9999 -9999 -9999 -9999 -9999 -9999 11.627 13.2062 13.9629 14.9435 15.4469 15.6494 15.6239 15.372 14.7974 13.9314 13.2089 11.8261 10.3892 12.4436 14.2708 15.2531 15.2976 13.5567 14.026 13.6291 13.7754 13.0571 12.7534 12.5071 11.9911 11.4286 10.8128 10.4868 11.9326 12.675 13.2731 13.5556 13.7159 13.7964 13.753 13.6441 13.0011 13.4908 13.4584 13.4078 13.3499 13.3208 13.268 13.2063 13.1643 13.151 12.9888 13.1698 13.1651 13.1682 13.1695 13.1648 13.1553 13.1462 13.1344 13.132 13.1202 13.1091 13.0992 13.0862 13.0739 13.0434 12.924 11.9609 11.3819 11.2111
-9999 -9999 -9999 -9999 -9999 -9999 9.40089 11.6997 13.5413 14.5068 15.2884 15.5054 15.5873 15.2484 14.9948 14.3737 13.7847 12.8754 11.5133 10.6722 12.2088 14.4418 15.2599 15.1824 15.1217 14.665 14.2526 14.1926 14.2143 13.7317 13.0378 12.1387 11.8543 11.538 12.6143 12.7594 12.6801 13.8658 13.8689 13.802 13.3488 12.8392 12.9353 12.62 12.8542 12.4776 12.8203 13.1162 13.2254 13.2144 13.1678 13.1583 13.1406 13.1711 13.171 13.1663 13.1626 13.1603 13.1553 13.1402 13.1305 13.1328 13.1199 13.1086 13.0941 13.0828 13.0736 13.0495 13.0269 12.8729 12.645 12.2137
-9999 -9999 -9999 -9999 -9999 -9999 9.49352 11.4221 13.0627 14.0409 14.988 15.2084 15.5286 15.4603 15.1942 14.6541 13.9785 13.2296 12.0606 11.1899 12.215 13.6974 14.755 15.1236 15.112 15.0778 14.9681 14.9148 14.7889 14.6917 14.1952 13.344 12.8631 12.162 13.3617 13.4951 13.3063 13.9058 13.8757 12.9687 12.2713 12.1843 12.6068 12.2014 12.1231 11.8691 12.1519 12.9131 12.6836 12.7261 13.0647 13.1214 13.1556 13.1656 13.1634 13.1619 13.1561 13.1567 13.1568 13.142 13.1338 13.1281 13.1116 13.105 13.0911 13.0741 13.0594 13.0439 13.0232 12.9749 12.9195 12.9576
-9999 -9999 -9999 -9999 -9999 -9999 9.52918 10.8232 12.2996 13.7421 14.7532 15.1613 15.4586 15.4557 15.146 14.8769 14.4527 13.7936 13.3398 12.5534 11.475 13.2686 13.8155 14.2953 14.4921 14.9969 14.9759 14.7324 14.4468 14.6938 14.6109 13.9382 13.7148 13.3409 14.0071 14.007 13.9874 13.9509 13.1842 12.1188 11.2671 11.8794 11.7508 12.0281 11.1494 11.8598 12.4348 12.62 12.2266 11.9342 12.8261 12.9722 13.0607 13.1175 13.1548 13.1458 13.1548 13.1491 13.1457 13.1415 13.1319 13.1248 13.1139 13.1022 13.0898 13.074 13.0582 13.0369 13.0297 12.9994 12.9848 12.9673
-9999 -9999 -9999 -9999 -9999 -9999 -9999 10.0502 11.9135 13.5851 14.5158 15.1013 15.3865 15.3811 15.2223 15.039 14.7751 14.2987 13.7 12.7552 12.052 12.4894 13.0254 13.0736 13.4255 14.4608 14.8094 14.2968 13.0333 13.7609 14.5777 14.5601 14.4864 14.405 14.3047 14.2124 14.0132 13.4819 11.8565 11.5335 10.8954 10.967 10.6391 11.3481 11.0731 11.8048 12.1208 12.239 11.5589 11.6931 12.4866 12.8017 12.7491 12.9426 13.128 13.134 13.139 13.1337 13.1369 13.1371 13.1323 13.1208 13.1117 13.1038 13.0839 13.0753 13.0095 12.9648 12.8796 12.9725 12.9765 12.9715
-9999 -9999 -9999 -9999 -9999 -9999 -9999 9.6625 11.5306 13.4992 14.131 14.7619 15.3063 15.3164 15.0737 14.8424 14.6035 14.3312 13.606 12.9018 12.2288 11.9991 12.128 12.1067 12.6816 14.0334 14.2894 14.1704 12.8478 12.401 13.4943 14.4131 14.4823 14.3958 13.3074 13.5369 12.9496 12.1539 11.9343 11.5856 10.8498 11.2026 10.6633 10.8929 10.8186 11.2333 11.4346 11.9283 11.3355 11.3286 12.1075 12.5018 12.5114 12.9255 13.0731 13.1116 13.1211 13.1276 13.1285 13.1339 13.1285 13.1204 13.1099 13.0872 13.0367 12.8866 12.0905 12.0867 12.2975 12.4968 12.8588 12.9581
-9999 -9999 -9999 -9999 -9999 -9999 -9999 9.87146 11.1674 12.914 14.2077 14.2885 14.9172 15.2413 14.9772 14.6796 14.3746 14.2397 13.4508 12.5839 11.8822 11.0519 11.1826 11.7696 12.7279 13.5992 13.7497 13.562 12.8446 13.1698 13.9142 14.308 14.4219 14.3268 14.088 13.9494 13.5164 13.3281 12.7277 11.7898 11.4198 11.6524 10.6567 10.7251 11.0916 10.6874 11.3299 11.6366 10.8717 11.4654 12.1568 12.5101 12.8191 12.9653 13.0235 13.1127 13.1147 13.1216 13.1249 13.1225 13.1209 13.1046 13.0903 13.0041 12.878 12.1419 11.8256 11.8813 12.2156 12.5079 12.8084 12.9317
-9999 -9999 -9999 -9999 -9999 -9999 -9999 10.0851 11.2518 12.766 13.6881 13.8524 14.5495 15.169 15.0985 14.7888 14.693 14.3712 13.7018 12.9622 12.1536 11.758 10.8539 11.734 12.4238 13.1611 13.503 12.9094 12.616 13.122 13.6256 13.8247 14.3343 14.3267 14.1572 13.4348 13.0818 13.2289 13.0767 12.8112 12.1652 12.1354 11.72 11.5473 11.384 10.8434 11.1778 11.21 11.2964 12.0144 12.374 12.6123 12.8292 12.8859 12.98 13.1022 13.1125 13.1163 13.1149 13.116 13.1055 13.0689 13.0374 12.8671 12.5672 12.0096 11.1003 11.7299 12.3885 12.5808 12.7654 12.8621
-9999 -9999 -9999 -9999 -9999 -9999 -9999 9.8785 11.118 12.412 12.9525 13.0435 14.3056 15.0778 15.0778 14.9301 14.7575 13.9663 14.0097 13.8487 13.1192 12.0578 10.8922 10.9963 11.6776 12.6538 12.9731 12.0043 11.664 11.9065 12.6702 13.3539 14.0683 14.2479 14.035 12.9115 11.7179 12.2692 12.8586 12.8541 12.6797 12.0805 11.8895 11.7164 11.2789 10.5317 10.6326 10.8368 11.6492 11.9099 12.3131 12.648 12.5212 12.5948 12.9152 13.0988 13.1052 13.1078 13.113 13.1076 13.0952 13.0242 12.9487 12.8231 12.0459 11.5614 10.8516 11.6618 12.1099 12.3408 12.7677 12.8672
-9999 -9999 -9999 -9999 -9999 -9999 -9999 9.48687 10.3861 11.6229 12.1208 12.9155 14.1079 14.6938 14.9738 14.9659 14.8502 14.4947 14.2796 13.858 13.0994 12.0632 10.9113 10.1597 10.5347 11.845 12.1475 11.2573 10.8074 11.3579 12.1721 13.38 14.0691 14.1599 14.0949 13.8617 12.9897 11.9369 11.9391 12.4652 12.0229 11.509 11.79 11.7368 11.3049 10.9904 10.7843 10.8991 11.3597 11.5538 12.0197 12.7076 12.8058 12.7859 13.0753 13.0894 13.0956 13.1058 13.1046 13.1008 13.0908 13.0326 12.9041 12.3864 11.9345 11.3064 11.2264 11.9413 12.2539 12.5418 12.7499 12.816
-9999 -9999 -9999 -9999 -9999 -9999 -9999 8.81814 9.87642 11.0349 12.1196 13.1457 14.0286 14.0957 14.5605 14.5582 14.8006 14.7283 14.3983 14.0428 13.3889 12.059 10.9398 9.71923 10.0352 11.3723 11.5282 10.9368 9.8483 10.9636 12.1942 13.3096 13.9121 13.4346 13.9189 13.8769 13.5491 12.9217 11.9472 11.9645 11.2341 11.2014 11.575 11.6956 11.6323 11.3961 11.012 11.0655 11.3411 11.4134 11.8416 12.3752 12.8968 12.9841 13.0833 13.0871 13.0882 13.0956 13.0958 13.0839 13.056 12.9954 12.5615 12.0455 11.7268 11.2887 11.2333 12.0619 12.389 12.5674 12.7471 12.8166
-9999 -9999 -9999 -9999 -9999 -9999 -9999 -9999 9.7606 10.9575 11.843 12.0807 12.8654 13.2884 13.6153 13.6865 14.6214 14.6708 14.4607 14.1341 13.576 12.566 11.8609 10.69 9.84696 10.1765 10.3221 10.6256 10.5302 11.0253 12.2077 13.4401 13.5717 12.7839 12.8977 13.0599 13.4263 13.2381 11.9108 11.236 10.6759 11.0722 11.4892 11.5895 11.6089 11.5274 11.4225 11.2452 11.8037 12.2169 12.3124 12.6726 12.9384 13.0116 13.0666 13.073 13.0794 13.0789 13.0626 13.0504 12.9825 12.8315 12.3464 11.1819 11.2342 11.1063 10.7423 11.5551 12.0564 12.5157 12.7588 12.8199
-9999 -9999 -9999 -9999 -9999 -9999 -9999 -9999 9.35484 10.7399 11.0319 11.0093 10.5495 10.7596 12.4592 12.8001 13.6967 14.5453 14.4804 14.1599 13.6376 13.0346 12.1027 10.7864 9.73938 9.28085 10.3936 11.4884 11.7113 12.0587 12.7816 12.9161 12.1105 11.3552 11.7752 12.0276 12.9954 13.1709 12.9812 12.1813 11.2669 10.7893 11.3514 11.4258 11.4588 11.4647 11.442 11.4028 12.0257 12.374 12.6155 12.7468 12.9751 13.0333 13.0516 13.0689 13.0643 13.0519 13.0151 12.9732 12.7914 12.5714 11.7779 11.116 10.7024 10.1777 11.3535 11.6978 12.1705 12.4786 12.7205 12.7719
