Test_Spring_2018b/04_18/Temp/20180415_005.txt
ncols	170
nrows	115
xllcorner	350000.000000
yllcorner	4445000.000000
cellsize	1000.000000
nodata_value	-9999.000000
[rows 32 to 63 of 115, columns 72 to 143 of 170]
16.6138 16.3478 16.7559 17.1314 16.8834 16.7202 17.3294 17.328 17.1155 16.6181 16.4354 16.2462 16.1302 15.4932 13.7059 12.0946 12.9577 12.9778 12.3802 13.4498 12.8831 11.4065 9.32228 10.4522 10.1555 8.66418 8.29253 -9999 -9999 -9999 -9999 -9999 -9999 -9999 -9999 -9999 -9999 -9999 -9999 -9999 -9999 -9999 -9999 -9999 -9999 -9999 -9999 -9999 -9999 -9999 -9999 -9999 -9999 -9999 -9999 -9999 -9999 -9999 -9999 -9999 -9999 -9999 -9999 -9999 -9999 -9999 -9999 -9999 -9999 -9999 -9999 -9999
16.2523 16.1375 16.7448 16.7308 16.6816 16.8834 17.2579 17.3333 17.2498 17.0324 16.8443 16.6444 16.1381 15.4093 13.8796 12.0455 11.6294 12.5266 12.5691 12.7127 12.1963 11.5477 10.5335 11.3611 11.6812 10.7017 9.41804 8.58939 -9999 -9999 -9999 -9999 -9999 -9999 -9999 -9999 -9999 -9999 -9999 -9999 -9999 -9999 -9999 -9999 -9999 -9999 -9999 -9999 -9999 -9999 -9999 -9999 -9999 -9999 -9999 -9999 -9999 -9999 -9999 -9999 -9999 -9999 -9999 -9999 -9999 -9999 -9999 -9999 -9999 -9999 -9999 -9999
15.8224 15.2315 15.5972 15.8713 16.3611 16.4761 16.5511 17.2756 17.2361 17.2016 16.8911 16.6428 16.2319 15.5304 14.5317 13.3294 11.2359 12.5264 13.5367 13.5102 13.4541 12.9995 12.0252 12.8376 12.8741 11.6203 10.1911 9.3595 9.01477 -9999 -9999 -9999 -9999 -9999 -9999 -9999 -9999 -9999 -9999 -9999 -9999 -9999 -9999 -9999 -9999 -9999 -9999 -9999 -9999 -9999 -9999 -9999 -9999 -9999 -9999 -9999 -9999 -9999 -9999 -9999 -9999 -9999 -9999 -9999 -9999 -9999 -9999 -9999 -9999 -9999 -9999 -9999
15.3349 14.6133 14.9812 15.4724 16.1557 16.4971 16.7614 16.9771 17.1973 17.1702 16.8523 15.9151 15.781 15.7402 15.087 13.7163 12.3474 11.9927 13.5342 13.9751 13.8844 14.2278 13.4024 13.7904 13.629 13.1821 11.8079 10.5616 10.0483 9.03552 -9999 -9999 -9999 -9999 -9999 -9999 -9999 -9999 -9999 -9999 -9999 -9999 -9999 -9999 -9999 -9999 -9999 -9999 -9999 -9999 -9999 -9999 -9999 -9999 -9999 -9999 -9999 -9999 -9999 -9999 -9999 -9999 -9999 -9999 -9999 -9999 -9999 -9999 -9999 -9999 -9999 -9999
-9999 -9999 14.1521 14.8114 15.3565 16.0263 16.6024 16.8948 17.179 17.155 16.5202 16.2095 16.1821 15.7539 14.9999 14.5267 13.6649 12.767 13.1098 14.4243 13.8388 14.7695 14.6895 14.8593 14.2348 13.0376 11.4547 10.5261 10.0667 9.24572 -9999 -9999 -9999 -9999 -9999 -9999 -9999 -9999 -9999 -9999 -9999 -9999 -9999 -9999 -9999 -9999 -9999 -9999 -9999 -9999 -9999 -9999 -9999 -9999 -9999 -9999 -9999 -9999 -9999 -9999 -9999 -9999 -9999 -9999 -9999 -9999 -9999 -9999 -9999 -9999 -9999 -9999
-9999 -9999 -9999 14.6818 15.095 16.0012 16.453 16.6421 17.1011 17.101 16.8599 16.678 16.4145 16.0706 15.504 14.8789 14.0686 13.9937 14.8348 14.8449 14.6688 14.8061 15.2371 15.1217 14.1502 12.4763 11.5952 9.79429 9.02766 9.1048 8.56148 -9999 -9999 -9999 -9999 -9999 -9999 -9999 -9999 -9999 -9999 -9999 -9999 10.648 -9999 -9999 -9999 -9999 -9999 -9999 -9999 -9999 -9999 -9999 -9999 -9999 -9999 -9999 -9999 -9999 -9999 -9999 -9999 -9999 7.40089 -9999 -9999 -9999 -9999 -9999 -9999 -9999
-9999 -9999 14.6044 15.152 15.5916 16.1587 16.205 16.5341 17.0618 17.0682 16.8969 16.7037 16.2706 16.1633 15.8409 15.1624 15.0239 15.2994 15.4263 15.5699 15.6581 15.5856 15.4095 15.1818 14.544 13.7703 13.2503 11.6113 10.7772 9.98616 8.78989 7.85419 -9999 -9999 -9999 -9999 -9999 -9999 -9999 10.0137 9.97086 9.99363 10.2572 10.9823 10.5581 -9999 -9999 -9999 -9999 -9999 -9999 -9999 -9999 -9999 -9999 -9999 -9999 -9999 -9999 -9999 -9999 -9999 -9999 -9999 8.05051 7.11122 -9999 -9999 -9999 -9999 -9999 -9999
-9999 -9999 14.7347 15.3293 15.6251 16.1756 16.4895 16.6807 16.8624 17.0363 17.0057 16.792 16.4676 16.4697 16.0234 15.7831 15.6118 15.9845 16.0585 15.9094 15.722 15.5559 15.0865 15.0308 14.8624 14.3704 13.564 12.7332 11.5237 9.89959 8.30719 7.02293 -9999 -9999 -9999 -9999 -9999 -9999 10.1415 10.7445 11.1065 10.3425 10.9983 11.5977 11.5034 10.9147 -9999 -9999 -9999 -9999 -9999 -9999 -9999 -9999 -9999 -9999 -9999 -9999 -9999 -9999 12.5006 11.5378 9.59065 8.59356 7.99612 7.14221 -9999 -9999 -9999 -9999 -9999 -9999
-9999 -9999 14.6105 15.3129 15.7878 16.2088 16.2738 16.6986 16.8802 16.9727 16.9604 16.9174 16.8573 16.4677 16.3006 15.7123 16.2767 16.2563 16.1144 15.5501 15.3054 14.3354 13.9077 13.7979 14.6109 14.0057 12.7447 11.1691 9.27003 9.14125 8.51461 7.36656 -9999 -9999 -9999 -9999 -9999 -9999 10.3221 10.9672 11.506 11.5861 10.8266 11.8907 11.842 11.2485 11.1143 11.6024 11.8502 11.6622 12.2442 12.416 12.1549 12.4446 -9999 -9999 -9999 -9999 12.6259 12.6671 12.6987 12.2988 10.1714 8.71908 7.41501 7.29382 -9999 -9999 -9999 -9999 -9999 -9999
-9999 -9999 15.0926 15.524 15.7406 15.7731 16.1502 16.5201 16.7465 16.913 16.8776 16.8632 16.8484 16.7155 16.4066 16.4634 16.4395 16.2599 15.1859 13.9319 14.4789 13.7349 12.1323 13.4216 14.1307 13.4449 11.9171 10.146 9.55795 9.57647 8.70526 7.58416 -9999 -9999 -9999 8.552 9.47451 9.55679 9.83056 10.6905 11.3452 11.8398 12.1766 12.1615 11.8076 11.227 10.5956 10.8214 11.9589 12.2368 12.4657 12.6437 12.4014 12.5298 12.8357 12.9948 13.0288 12.9594 12.9452 12.9723 12.9382 12.5651 10.6631 9.57503 8.88147 7.48606 -9999 -9999 -9999 -9999 -9999 -9999
-9999 -9999 14.8149 15.1896 15.4921 15.9909 16.0412 16.359 16.5408 16.8183 16.8491 16.5172 16.7911 16.7563 16.7062 16.5989 16.4411 15.5352 14.2857 13.0327 12.4541 12.6947 11.7341 12.2207 12.9391 12.6729 11.7313 10.1529 9.92772 9.5532 8.08638 6.67746 -9999 -9999 6.75851 8.52658 9.77246 10.4164 10.6178 10.6395 11.464 11.5308 12.4178 12.207 11.0363 11.1687 10.7142 11.0097 11.4259 11.5408 12.1373 12.7147 12.8252 12.8295 13.025 13.0669 13.0793 13.0765 12.9476 13.0099 13.0213 12.7896 11.4116 10.7406 9.99948 7.50056 -9999 -9999 -9999 -9999 -9999 -9999
-9999 -9999 14.9987 15.4173 15.8757 15.947 16.2855 16.2456 16.1396 16.6145 16.7847 16.5503 16.382 16.6931 16.6728 16.6332 16.5671 15.7161 14.7307 13.2378 12.3099 11.7367 11.332 10.7844 11.1517 11.0349 10.8795 11.0505 10.6135 9.74104 8.88272 7.27706 6.40984 -9999 6.84763 7.64647 9.12803 10.3878 11.1887 10.9046 11.842 12.0179 12.5547 12.2396 11.5286 11.2225 11.196 11.1032 11.7333 12.1574 12.4531 12.654 12.9036 12.9686 13.0341 13.0627 13.0793 13.0963 13.0954 13.0927 13.0671 12.9813 12.3489 11.6779 10.2282 7.57974 -9999 -9999 -9999 -9999 -9999 -9999
-9999 13.7736 14.9457 15.6495 15.9195 16.1131 16.2832 16.4054 16.5293 16.6491 16.7329 16.6937 16.0745 16.126 16.2388 16.5923 16.5692 16.494 15.9561 14.1395 13.5076 12.5857 11.3947 10.8917 11.1365 12.1073 12.0599 11.4106 10.6876 9.68492 9.04891 8.06464 6.17619 6.34603 7.19669 7.83063 8.83841 10.378 11.4583 11.9421 12.1265 12.5042 12.7029 12.2689 11.8556 11.6826 11.3614 11.3166 11.3195 11.7004 11.9943 12.6558 12.8793 12.982 13.0358 13.0658 13.0884 13.1108 13.1201 13.1098 13.1128 13.1099 13.0644 12.1721 9.93664 8.25558 -9999 -9999 -9999 -9999 -9999 -9999
-9999 -9999 14.723 15.0302 15.1074 15.2454 15.5327 15.8647 16.3326 16.3915 16.6523 16.6491 16.1143 15.4989 16.0377 16.2532 16.4766 16.4853 16.4177 14.8863 14.0865 13.4558 12.3136 12.7184 13.1052 13.1308 12.8909 11.5029 10.1207 8.52319 7.03618 6.96328 6.16255 6.58457 7.1469 8.58972 9.60626 10.0204 10.3189 11.8844 12.2912 12.4319 12.8334 12.2893 12.1509 11.7417 11.8642 11.8288 11.8317 10.6968 11.8333 11.9021 12.6457 12.9812 13.0584 13.0813 13.1057 13.1117 13.1185 13.1176 13.1276 13.118 13.1077 12.5285 9.69309 8.27259 -9999 -9999 -9999 -9999 -9999 -9999
-9999 -9999 -9999 -9999 14.8087 15.0414 15.1888 15.4477 16.2458 16.4606 16.6032 16.6147 16.3768 15.7666 15.6079 15.7221 15.129 15.6289 16.3103 16.2933 16.2099 14.8653 14.173 14.8346 14.6284 13.6146 12.8156 12.0269 10.4091 9.21946 7.51549 6.23598 6.18666 7.59624 8.76736 10.2275 10.8734 10.5102 10.9102 11.6874 12.5713 12.9995 12.9007 12.327 12.2462 11.6148 12.2366 12.2903 12.0018 11.7527 11.8497 12.2181 12.3598 12.9421 13.0847 13.1116 13.1185 13.1235 13.1236 13.1229 13.1178 13.1139 13.1079 13.0838 10.1691 7.90408 -9999 -9999 -9999 -9999 -9999 -9999
-9999 -9999 -9999 -9999 14.2439 14.3836 14.7588 15.73 16.2319 16.4357 16.427 16.5217 16.3541 15.8181 15.2686 14.7512 14.0828 14.468 15.4835 16.0817 16.1488 14.9699 15.5771 15.344 14.8878 13.563 12.5853 12.0648 10.5114 9.17667 8.04204 6.47726 7.14448 7.8804 8.82672 10.4193 11.4953 11.9394 11.5718 12.0706 13.0873 13.095 12.542 12.5795 12.2413 11.3781 12.278 12.5316 12.3281 12.3815 12.303 12.441 12.6915 12.9315 13.0918 13.1154 13.1202 13.1176 13.1199 13.1228 13.114 13.1171 13.1111 13.0984 11.2178 7.85727 -9999 -9999 -9999 -9999 -9999 -9999
-9999 -9999 -9999 -9999 -9999 13.7248 14.587 15.8777 16.1901 16.1583 16.4242 16.4466 16.1892 15.9667 15.2994 14.3875 12.6334 13.0826 14.0174 15.3641 16.0709 15.9736 15.5744 14.8867 13.2276 11.7748 11.5942 11.3524 10.2175 9.18773 7.92663 8.65365 9.45115 10.3247 10.7846 10.6671 11.5895 12.3423 12.0268 12.6381 13.3505 13.0306 12.842 12.6836 12.2928 12.27 12.3114 12.8227 12.4698 12.6876 12.6907 12.6799 12.8026 12.9438 13.0923 13.1185 13.1212 13.1261 13.1115 13.12 13.114 13.108 13.1027 13.0921 12.9239 11.1155 10.0348 -9999 -9999 -9999 -9999 -9999
-9999 -9999 -9999 -9999 -9999 12.9206 13.3484 14.8779 15.3426 16.018 16.3764 16.3924 15.9577 15.7162 14.7207 14.3999 12.7776 12.0434 12.6687 12.4298 14.2831 15.922 15.5595 12.2439 11.0402 10.1801 10.3954 10.3929 10.0739 8.32681 7.84482 9.4001 10.3796 11.1392 11.7163 11.8378 11.8206 12.9966 13.155 13.5388 13.4583 13.4957 12.9052 12.5402 12.86 12.4916 12.4292 12.9574 12.4385 12.9091 12.8514 12.7118 12.7061 13.0176 13.0823 13.1176 13.1218 13.1121 13.099 13.0926 13.105 13.1028 13.088 13.0912 13.0766 12.8649 11.9295 11.6042 11.9699 -9999 -9999 -9999
-9999 -9999 -9999 -9999 -9999 -9999 11.914 14.0416 15.0066 15.5162 16.2353 16.3217 16.0883 15.6709 14.6574 13.7665 12.3165 10.6597 9.78101 12.4109 14.6989 15.8919 15.7295 12.9692 11.8773 11.8227 12.4593 11.9144 11.5002 10.1708 9.77348 9.22292 9.56039 10.6179 11.4839 12.3203 12.9293 12.9816 13.3781 13.6061 13.6269 13.6998 13.6318 13.5765 13.0047 13.4004 13.0663 13.2449 13.1312 13.0287 12.9375 12.6121 12.8449 13.0514 13.1062 13.1241 13.1141 13.1135 13.1073 13.0906 13.0842 13.0853 13.0857 13.0776 13.0798 13.0736 12.9711 12.4093 11.6563 10.7042 -9999 -9999
-9999 -9999 -9999 -9999 -9999 -9999 10.8452 12.9628 13.9761 15.29 15.9629 16.236 16.2011 15.863 15.0933 13.9338 12.9681 11.1182 9.19668 11.956 14.4131 15.7386 15.8068 13.4838 14.1226 13.5998 13.8054 12.8513 12.4529 12.133 11.4486 10.701 9.88166 9.44998 11.3932 12.3922 13.1969 13.5778 13.7943 13.9037 13.8481 13.7035 12.8428 13.5016 13.4661 13.4016 13.3274 13.2918 13.2246 13.1453 13.0956 13.0804 12.865 13.1121 13.1083 13.1137 13.117 13.1128 13.1029 13.0946 13.0837 13.0861 13.0799 13.0738 13.0702 13.0714 13.067 13.0385 12.891 11.6117 10.8473 10.6334
-9999 -9999 -9999 -9999 -9999 -9999 7.86056 10.9434 13.4107 14.7048 15.7557 16.0459 16.1553 15.701 15.3619 14.5311 13.7444 12.5293 10.708 9.58648 11.6508 14.6537 15.7577 15.6652 15.5929 14.9893 14.4451 14.3735 14.411 13.7738 12.851 11.6517 11.2768 10.8574 12.305 12.5029 12.3993 13.9918 13.9978 13.9097 13.3034 12.6235 12.7544 12.3332 12.6557 12.154 12.617 13.0173 13.1674 13.1559 13.1004 13.0942 13.072 13.1163 13.1175 13.1126 13.1094 13.1087 13.105 13.0888 13.0806 13.0896 13.079 13.0719 13.0646 13.0677 13.0669 13.0464 13.028 12.8332 12.5392 11.9754
-9999 -9999 -9999 -9999 -9999 -9999 7.98476 10.5707 12.7708 14.0864 15.3559 15.651 16.0804 15.9893 15.6338 14.9116 14.0088 13.0088 11.4463 10.2846 11.6666 13.6576 15.0841 15.59 15.5805 15.5432 15.4045 15.3413 15.1806 15.0603 14.4013 13.2671 12.6274 11.6918 13.3049 13.4872 13.2369 14.0433 14.005 12.7905 11.857 11.7422 12.3134 11.7719 11.6758 11.3378 11.7206 12.7449 12.4458 12.5058 12.967 13.045 13.0953 13.1102 13.1088 13.1085 13.1027 13.1061 13.1095 13.0936 13.0874 13.0856 13.0702 13.0689 13.0589 13.0546 13.0483 13.0384 13.0219 12.9682 12.9094 12.9748
-9999 -9999 -9999 -9999 -9999 -9999 8.03288 9.7695 11.7495 13.6886 15.0444 15.5917 15.9907 15.9876 15.5738 15.2153 14.6496 13.7698 13.1662 12.1175 10.6776 13.0904 13.826 14.4807 14.7522 15.4379 15.4181 15.0998 14.723 15.0615 14.9585 14.0621 13.7676 13.2706 14.1682 14.1716 14.1482 14.1019 13.0759 11.6491 10.509 11.3324 11.1622 11.5393 10.37 11.332 12.1067 12.3585 11.8329 11.4436 12.6474 12.8485 12.969 13.047 13.0989 13.0888 13.1033 13.0984 13.0971 13.0955 13.0875 13.0836 13.0754 13.067 13.0584 13.0557 13.0446 13.0307 13.032 13.0037 12.9943 12.9847
-9999 -9999 -9999 -9999 -9999 -9999 -9999 8.7334 11.2379 13.4799 14.7283 15.5138 15.897 15.8909 15.6797 15.4363 15.0856 14.4507 13.6526 12.391 11.4539 12.0474 12.7672 12.8428 13.3229 14.7193 15.1947 14.515 12.8305 13.8151 14.9167 14.8984 14.8044 14.6996 14.5653 14.4451 14.1809 13.4712 11.2937 10.8669 10.0137 10.1124 9.6753 10.6325 10.2736 11.2585 11.6858 11.8476 10.9387 11.1274 12.1975 12.6222 12.5537 12.8152 13.0646 13.0749 13.0842 13.0801 13.0878 13.0922 13.0905 13.0822 13.0765 13.073 13.0546 13.0617 12.9834 12.9335 12.8294 12.9641 12.9794 12.9905
-9999 -9999 -9999 -9999 -9999 -9999 -9999 8.22176 10.7276 13.3682 14.216 15.0627 15.7938 15.8087 15.4851 15.1774 14.8602 14.4989 13.5308 12.5916 11.6946 11.3929 11.5723 11.5477 12.3261 14.1467 14.4975 14.3449 12.5834 11.9903 13.4625 14.7 14.7976 14.6859 13.2301 13.5414 12.757 11.6927 11.401 10.9362 9.95211 10.4281 9.70752 10.0184 9.93277 10.4924 10.7657 11.4311 10.6392 10.639 11.6899 12.221 12.2362 12.7938 12.994 13.0482 13.0637 13.0755 13.0805 13.0918 13.0894 13.084 13.076 13.0523 12.9918 12.7991 11.7509 11.7552 12.0473 12.3239 12.8237 12.9699
-9999 -9999 -9999 -9999 -9999 -9999 -9999 8.50518 10.2438 12.5868 14.3226 14.4318 15.2761 15.7123 15.3601 14.9635 14.5577 14.3805 13.3267 12.1689 11.2332 10.1253 10.3067 11.1004 12.3894 13.565 13.7738 13.5288 12.5789 13.021 14.025 14.5582 14.7157 14.5925 14.276 14.0938 13.5164 13.267 12.4648 11.2098 10.7164 11.0313 9.69865 9.79319 10.2877 9.76055 10.6256 11.0402 10.0173 10.8271 11.7569 12.2333 12.6501 12.8486 12.9291 13.0515 13.0571 13.0697 13.0778 13.0788 13.0814 13.0647 13.0513 12.9421 12.7797 11.7998 11.3956 11.4789 11.9361 12.3367 12.7585 12.9318
-9999 -9999 -9999 -9999 -9999 -9999 -9999 8.79488 10.3603 12.3917 13.6292 13.8506 14.7868 15.6194 15.5269 15.1142 14.9887 14.5607 13.667 12.6797 11.6002 11.0751 9.86819 11.0546 11.9826 12.9782 13.4433 12.6598 12.2723 12.9568 13.6376 13.9096 14.5977 14.5918 14.3685 13.4032 12.9333 13.1338 12.9328 12.5797 11.7162 11.6792 11.1249 10.8961 10.68 9.97033 10.422 10.4683 10.5916 11.5642 12.0491 12.3713 12.6647 12.7433 12.8723 13.039 13.0559 13.0644 13.0662 13.0719 13.0625 13.0184 12.9817 12.7592 12.3634 11.6224 10.4225 11.2751 12.1665 12.4382 12.6987 12.8358
-9999 -9999 -9999 -9999 -9999 -9999 -9999 8.52103 10.1841 11.9202 12.646 12.7692 14.4632 15.5007 15.5028 15.3073 15.0788 14.0211 14.0833 13.8717 12.898 11.4796 9.9217 10.0669 10.9893 12.2986 12.7332 11.4464 10.9959 11.3267 12.3563 13.2782 14.241 14.4861 14.2046 12.7014 11.1041 11.8468 12.6405 12.6375 12.4066 11.6058 11.3525 11.1233 10.5393 9.54784 9.6912 9.96812 11.0724 11.4248 11.9682 12.42 12.2526 12.354 12.7865 13.0357 13.0475 13.0544 13.0651 13.0621 13.0499 12.9595 12.8636 12.7008 11.6644 11.021 10.0867 11.1827 11.7913 12.1199 12.6997 12.8403
-9999 -9999 -9999 -9999 -9999 -9999 -9999 7.99884 9.20545 10.8648 11.5335 12.6004 14.2012 14.9887 15.3664 15.3584 15.2062 14.7327 14.448 13.8867 12.8739 11.4889 9.94916 8.94646 9.45502 11.2147 11.6297 10.4451 9.84752 10.5913 11.6887 13.3137 14.2425 14.3686 14.2855 13.9764 12.8104 11.4016 11.4078 12.1166 11.5263 10.84 11.2197 11.1511 10.5745 10.1555 9.89519 10.0567 10.6847 10.9478 11.5753 12.5006 12.635 12.6111 13.0021 13.024 13.0355 13.0527 13.0548 13.0538 13.0448 12.9715 12.8041 12.1152 11.5148 10.6785 10.5774 11.5565 11.9893 12.3878 12.6738 12.7692
-9999 -9999 -9999 -9999 -9999 -9999 -9999 7.10479 8.52452 10.0789 11.5345 12.9118 14.0973 14.189 14.8145 14.814 15.1419 15.0483 14.6093 14.1366 13.264 11.485 9.98891 8.35713 8.78643 10.5879 10.8036 10.0162 8.562 10.0633 11.7191 13.22 14.0329 13.3967 14.0503 13.9978 13.5617 12.7235 11.4197 11.4459 10.4693 10.4282 10.932 11.0965 11.0143 10.7001 10.1959 10.2805 10.6603 10.76 11.3368 12.0552 12.7575 12.8775 13.0134 13.0216 13.0262 13.0397 13.0437 13.0317 12.9985 12.9218 12.3447 11.6579 11.2358 10.654 10.5858 11.7148 12.1692 12.4204 12.6681 12.7678
-9999 -9999 -9999 -9999 -9999 -9999 -9999 -9999 8.37155 9.97729 11.1655 11.4853 12.539 13.1081 13.5486 13.6465 14.9033 14.9728 14.6945 14.2604 13.5163 12.1663 11.2255 9.66038 8.53509 8.98782 9.1868 9.59976 9.47769 10.1472 11.7384 13.3963 13.5776 12.5253 12.6821 12.9035 13.3985 13.1493 11.3723 10.4702 9.72167 10.2559 10.8179 10.955 10.9836 10.8769 10.7515 10.5296 11.2812 11.8379 11.9685 12.4543 12.8136 12.9145 12.9911 13.0027 13.0146 13.0173 12.9991 12.9867 12.8998 12.7017 12.0559 10.499 10.5746 10.4086 9.92618 11.0298 11.7267 12.3493 12.6817 12.7699
-9999 -9999 -9999 -9999 -9999 -9999 -9999 -9999 7.82926 9.68713 10.0792 10.0497 9.43417 9.71751 11.999 12.4587 13.664 14.8053 14.7218 14.2959 13.5997 12.7957 11.5508 9.79066 8.39181 7.78917 9.28911 10.7582 11.063 11.5347 12.5097 12.6952 11.6195 10.6109 11.1784 11.5208 12.8224 13.061 12.8097 11.7396 10.5159 9.87789 10.6343 10.7366 10.7833 10.7936 10.7709 10.7351 11.5791 12.0488 12.3752 12.5539 12.8627 12.9435 12.9709 12.997 12.994 12.9808 12.935 12.8827 12.6429 12.3522 11.2927 10.4098 9.8603 9.16205 10.7447 11.2201 11.8752 12.2977 12.6283 12.7033
