Test_Spring_2018b/04_18/Temp/20180426_015.txt
ncols	170
nrows	115
xllcorner	350000.000000
yllcorner	4445000.000000
cellsize	1000.000000
nodata_value	-9999.000000
[rows 32 to 63 of 115, columns 72 to 143 of 170]
22.5542 22.5515 22.5769 22.6005 22.571 22.5563 22.5787 22.5862 22.5853 22.5728 22.5742 22.5757 22.5809 22.5644 22.4995 22.4422 22.4898 22.5018 22.4874 22.5435 22.53 22.4778 22.3995 22.457 22.4539 22.3766 22.3644 -9999 -9999 -9999 -9999 -9999 -9999 -9999 -9999 -9999 -9999 -9999 -9999 -9999 -9999 -9999 -9999 -9999 -9999 -9999 -9999 -9999 -9999 -9999 -9999 -9999 -9999 -9999 -9999 -9999 -9999 -9999 -9999 -9999 -9999 -9999 -9999 -9999 -9999 -9999 -9999 -9999 -9999 -9999 -9999 -9999
22.5295 22.5333 22.5673 22.5746 22.5662 22.5538 22.5664 22.5773 22.5819 22.5813 22.5824 22.5835 22.5721 22.5516 22.4975 22.4308 22.4241 22.4731 22.4857 22.5026 22.4912 22.474 22.4411 22.4858 22.5089 22.4676 22.402 22.3603 -9999 -9999 -9999 -9999 -9999 -9999 -9999 -9999 -9999 -9999 -9999 -9999 -9999 -9999 -9999 -9999 -9999 -9999 -9999 -9999 -9999 -9999 -9999 -9999 -9999 -9999 -9999 -9999 -9999 -9999 -9999 -9999 -9999 -9999 -9999 -9999 -9999 -9999 -9999 -9999 -9999 -9999 -9999 -9999
22.5022 22.4859 22.5097 22.5292 22.5285 22.5165 22.5271 22.5656 22.572 22.5791 22.575 22.574 22.5665 22.5472 22.5155 22.4754 22.3978 22.4633 22.517 22.5266 22.5347 22.5257 22.4944 22.5385 22.5496 22.4903 22.4077 22.3829 22.3788 -9999 -9999 -9999 -9999 -9999 -9999 -9999 -9999 -9999 -9999 -9999 -9999 -9999 -9999 -9999 -9999 -9999 -9999 -9999 -9999 -9999 -9999 -9999 -9999 -9999 -9999 -9999 -9999 -9999 -9999 -9999 -9999 -9999 -9999 -9999 -9999 -9999 -9999 -9999 -9999 -9999 -9999 -9999
22.473 22.451 22.4747 22.5033 22.5226 22.5228 22.5267 22.5435 22.5608 22.5681 22.5636 22.5333 22.5376 22.5461 22.5291 22.4819 22.4349 22.4309 22.5071 22.5365 22.5432 22.5679 22.5429 22.569 22.5715 22.5544 22.4825 22.4236 22.4123 22.38 -9999 -9999 -9999 -9999 -9999 -9999 -9999 -9999 -9999 -9999 -9999 -9999 -9999 -9999 -9999 -9999 -9999 -9999 -9999 -9999 -9999 -9999 -9999 -9999 -9999 -9999 -9999 -9999 -9999 -9999 -9999 -9999 -9999 -9999 -9999 -9999 -9999 -9999 -9999 -9999 -9999 -9999
-9999 -9999 22.431 22.4498 22.4707 22.494 22.5107 22.5304 22.5502 22.5574 22.5394 22.5356 22.5443 22.5364 22.5152 22.5061 22.4807 22.4538 22.4793 22.5458 22.5315 22.5811 22.5876 22.6043 22.5871 22.5228 22.4578 22.412 22.4026 22.3782 -9999 -9999 -9999 -9999 -9999 -9999 -9999 -9999 -9999 -9999 -9999 -9999 -9999 -9999 -9999 -9999 -9999 -9999 -9999 -9999 -9999 -9999 -9999 -9999 -9999 -9999 -9999 -9999 -9999 -9999 -9999 -9999 -9999 -9999 -9999 -9999 -9999 -9999 -9999 -9999 -9999 -9999
-9999 -9999 -9999 22.4354 22.4507 22.495 22.4951 22.51 22.5368 22.5448 22.5432 22.5448 22.5434 22.5393 22.5261 22.5107 22.4877 22.4958 22.5425 22.5539 22.5571 22.5731 22.6011 22.6055 22.5662 22.4893 22.4607 22.3708 22.3481 22.3613 22.3487 -9999 -9999 -9999 -9999 -9999 -9999 -9999 -9999 -9999 -9999 -9999 -9999 22.6082 -9999 -9999 -9999 -9999 -9999 -9999 -9999 -9999 -9999 -9999 -9999 -9999 -9999 -9999 -9999 -9999 -9999 -9999 -9999 -9999 22.7723 -9999 -9999 -9999 -9999 -9999 -9999 -9999
-9999 -9999 22.4333 22.439 22.4629 22.4921 22.4892 22.4955 22.5248 22.5327 22.5339 22.5348 22.5263 22.5323 22.5296 22.5122 22.5179 22.5411 22.5579 22.5751 22.5895 22.5966 22.5987 22.5982 22.5588 22.5343 22.5204 22.4531 22.4114 22.3874 22.3468 22.3177 -9999 -9999 -9999 -9999 -9999 -9999 -9999 22.5127 22.5255 22.5411 22.5669 22.6122 22.6087 -9999 -9999 -9999 -9999 -9999 -9999 -9999 -9999 -9999 -9999 -9999 -9999 -9999 -9999 -9999 -9999 -9999 -9999 -9999 22.7923 22.7689 -9999 -9999 -9999 -9999 -9999 -9999
-9999 -9999 22.4088 22.4386 22.4556 22.4832 22.5009 22.4917 22.5058 22.5204 22.5272 22.5272 22.5234 22.5341 22.5264 22.5279 22.5326 22.5602 22.5751 22.5801 22.5829 22.586 22.5756 22.582 22.5632 22.55 22.5234 22.4956 22.4321 22.3724 22.3145 22.2703 -9999 -9999 -9999 -9999 -9999 -9999 22.4917 22.5321 22.5623 22.5451 22.5878 22.6281 22.6388 22.6208 -9999 -9999 -9999 -9999 -9999 -9999 -9999 -9999 -9999 -9999 -9999 -9999 -9999 -9999 22.9085 22.8837 22.8173 22.7913 22.7823 22.7626 -9999 -9999 -9999 -9999 -9999 -9999
-9999 -9999 22.3968 22.4303 22.4538 22.4749 22.4811 22.4901 22.4956 22.5064 22.5137 22.5208 22.5282 22.5226 22.5271 22.5143 22.5505 22.562 22.568 22.5557 22.5563 22.5254 22.5165 22.5018 22.5436 22.525 22.4783 22.4183 22.3301 22.3287 22.3112 22.2723 -9999 -9999 -9999 -9999 -9999 -9999 22.4872 22.5297 22.5679 22.5868 22.57 22.6303 22.6359 22.6258 22.635 22.6704 22.6955 22.6948 22.7345 22.757 22.7612 22.7888 -9999 -9999 -9999 -9999 22.8741 22.8916 22.9088 22.9079 22.834 22.7887 22.7499 22.7589 -9999 -9999 -9999 -9999 -9999 -9999
-9999 -9999 22.4108 22.4317 22.4432 22.4468 22.4651 22.4713 22.4789 22.4902 22.4966 22.5052 22.5149 22.5206 22.5196 22.5347 22.5466 22.5518 22.5189 22.4778 22.5122 22.4912 22.4213 22.4778 22.5146 22.4917 22.4329 22.3637 22.3307 22.3354 22.3069 22.2671 -9999 -9999 -9999 22.3552 22.4083 22.4264 22.4532 22.5052 22.5487 22.5865 22.6166 22.6241 22.6252 22.6159 22.6041 22.6285 22.6913 22.7177 22.7355 22.7583 22.7633 22.7859 22.8141 22.8362 22.8532 22.8658 22.8809 22.8979 22.9125 22.9128 22.8466 22.8169 22.8041 22.7687 -9999 -9999 -9999 -9999 -9999 -9999
-9999 -9999 22.3898 22.4078 22.4223 22.4413 22.4453 22.4613 22.462 22.4746 22.4836 22.4787 22.5008 22.5109 22.5213 22.53 22.5368 22.5118 22.4719 22.4312 22.4181 22.4295 22.3974 22.4202 22.457 22.4497 22.4105 22.3489 22.3449 22.3231 22.2666 22.2161 -9999 -9999 22.253 22.3411 22.4081 22.4503 22.4745 22.4914 22.5425 22.5616 22.6153 22.6158 22.5825 22.6034 22.6003 22.6276 22.662 22.6814 22.7155 22.7549 22.7747 22.7901 22.8136 22.8307 22.8466 22.8621 22.8724 22.8909 22.9074 22.9139 22.8719 22.8601 22.8435 22.7629 -9999 -9999 -9999 -9999 -9999 -9999
-9999 -9999 22.3855 22.4044 22.4247 22.4288 22.4446 22.4448 22.4332 22.4586 22.4691 22.4683 22.4718 22.497 22.5091 22.5212 22.5324 22.5104 22.4821 22.4315 22.4038 22.3819 22.3729 22.3468 22.3681 22.3684 22.3667 22.3786 22.3621 22.3191 22.2901 22.2289 22.202 -9999 22.2438 22.291 22.3681 22.4368 22.4867 22.4911 22.5475 22.5716 22.6053 22.6079 22.5942 22.5986 22.6128 22.6239 22.6654 22.6987 22.7204 22.744 22.7695 22.7873 22.8053 22.8218 22.8379 22.8542 22.8699 22.8857 22.9007 22.9134 22.9031 22.8898 22.8452 22.758 -9999 -9999 -9999 -9999 -9999 -9999
-9999 22.3369 22.3768 22.4067 22.418 22.4263 22.4339 22.4404 22.439 22.448 22.4582 22.4628 22.4474 22.4619 22.4802 22.5094 22.5231 22.5344 22.5255 22.4616 22.4404 22.4062 22.3633 22.3438 22.3592 22.4047 22.4068 22.3831 22.3565 22.3084 22.2849 22.2512 22.1796 22.1977 22.2459 22.2862 22.3436 22.4244 22.4865 22.5239 22.5488 22.5774 22.6022 22.6016 22.6008 22.6093 22.6111 22.6243 22.6392 22.67 22.692 22.7355 22.76 22.7793 22.7967 22.8131 22.8294 22.8459 22.8621 22.8776 22.8939 22.9102 22.9236 22.9025 22.8287 22.7822 -9999 -9999 -9999 -9999 -9999 -9999
-9999 -9999 22.3606 22.3728 22.3751 22.3801 22.3919 22.4064 22.4195 22.4266 22.4442 22.4516 22.4382 22.4248 22.4615 22.4854 22.51 22.5253 22.5367 22.478 22.4542 22.4361 22.3948 22.4134 22.4343 22.4391 22.4323 22.3767 22.3214 22.248 22.1911 22.1952 22.1678 22.1957 22.2318 22.3065 22.3644 22.3978 22.4272 22.5107 22.5422 22.5661 22.6 22.5935 22.6045 22.6031 22.6238 22.6374 22.6524 22.6189 22.6768 22.6948 22.7413 22.7707 22.7889 22.805 22.8214 22.8371 22.8531 22.8691 22.8858 22.901 22.9198 22.9126 22.8102 22.7746 -9999 -9999 -9999 -9999 -9999 -9999
-9999 -9999 -9999 -9999 22.3537 22.3621 22.3674 22.3783 22.4053 22.4188 22.4312 22.4401 22.4405 22.4262 22.4337 22.4537 22.4441 22.4795 22.5197 22.5306 22.537 22.4885 22.4621 22.4951 22.4904 22.4508 22.4197 22.3889 22.3231 22.2669 22.2004 22.1531 22.1593 22.2289 22.2893 22.3648 22.4072 22.408 22.4419 22.491 22.5457 22.581 22.5939 22.5863 22.5999 22.5892 22.6311 22.6485 22.6511 22.6551 22.6692 22.6998 22.7208 22.7603 22.7814 22.7977 22.8132 22.8289 22.8446 22.8606 22.8774 22.8942 22.9113 22.9278 22.8222 22.7508 -9999 -9999 -9999 -9999 -9999 -9999
-9999 -9999 -9999 -9999 22.321 22.3251 22.3397 22.3805 22.395 22.4079 22.4139 22.4263 22.4298 22.4197 22.4104 22.4039 22.3905 22.4212 22.4772 22.5141 22.5269 22.4852 22.5137 22.5086 22.493 22.4399 22.4009 22.3811 22.3177 22.2553 22.2127 22.1532 22.1896 22.2307 22.2824 22.363 22.4237 22.4589 22.4598 22.4981 22.5586 22.5763 22.57 22.5885 22.5913 22.5708 22.6245 22.6504 22.6566 22.6734 22.6802 22.701 22.7265 22.7515 22.7732 22.7893 22.8047 22.8201 22.8359 22.8524 22.8687 22.8859 22.9031 22.9203 22.8586 22.7408 -9999 -9999 -9999 -9999 -9999 -9999
-9999 -9999 -9999 -9999 -9999 22.2882 22.3235 22.3778 22.3843 22.3874 22.405 22.4146 22.4143 22.4175 22.4035 22.3801 22.3211 22.3544 22.4071 22.4756 22.5154 22.5194 22.5053 22.4808 22.4142 22.3556 22.3503 22.3422 22.2964 22.247 22.199 22.2364 22.2784 22.3253 22.3565 22.365 22.4191 22.4671 22.4706 22.5137 22.5613 22.5652 22.5744 22.5846 22.5852 22.6003 22.6177 22.6546 22.6545 22.6782 22.6885 22.703 22.723 22.7438 22.765 22.7811 22.7964 22.8121 22.8273 22.844 22.8605 22.8774 22.8947 22.9121 22.923 22.8709 22.8441 -9999 -9999 -9999 -9999 -9999
-9999 -9999 -9999 -9999 -9999 22.2454 22.2626 22.3274 22.3405 22.3737 22.3955 22.4048 22.3971 22.3988 22.3708 22.3725 22.3192 22.3018 22.3412 22.3425 22.4308 22.5083 22.4957 22.3601 22.3129 22.2795 22.2912 22.2934 22.2824 22.2026 22.1878 22.2605 22.3103 22.3525 22.3886 22.4071 22.4215 22.4875 22.5106 22.544 22.558 22.5769 22.5691 22.5705 22.6011 22.6017 22.6147 22.6523 22.6451 22.6796 22.6873 22.6963 22.7109 22.739 22.7566 22.7731 22.7886 22.8036 22.8188 22.8349 22.8523 22.8694 22.8864 22.9045 22.9219 22.9375 22.9169 22.9218 22.9556 -9999 -9999 -9999
-9999 -9999 -9999 -9999 -9999 -9999 22.1938 22.2845 22.319 22.3456 22.3829 22.3954 22.3924 22.3885 22.3602 22.3376 22.2912 22.2355 22.2096 22.3322 22.4388 22.4975 22.4935 22.3817 22.3395 22.3406 22.3705 22.3502 22.3356 22.2737 22.2628 22.2467 22.2695 22.3228 22.3722 22.4213 22.4621 22.4805 22.5143 22.5397 22.5577 22.578 22.5922 22.6066 22.5994 22.6322 22.6338 22.6566 22.6666 22.6768 22.683 22.6842 22.709 22.7326 22.7498 22.766 22.7807 22.7961 22.8117 22.8274 22.844 22.8614 22.8791 22.8966 22.9148 22.9392 22.9538 22.9487 22.935 22.9125 -9999 -9999
-9999 -9999 -9999 -9999 -9999 -9999 22.1408 22.2319 22.2686 22.3297 22.3608 22.3793 22.39 22.3891 22.3708 22.3364 22.3101 22.2458 22.1776 22.3047 22.4166 22.4811 22.4909 22.394 22.4256 22.4074 22.4196 22.3827 22.3695 22.3504 22.3279 22.3038 22.2752 22.2686 22.3632 22.4191 22.4681 22.5002 22.5261 22.548 22.5607 22.5709 22.5514 22.5959 22.6113 22.6246 22.6371 22.6508 22.6629 22.6742 22.682 22.6964 22.7022 22.7267 22.7433 22.7585 22.7738 22.7891 22.8046 22.8206 22.837 22.8546 22.8719 22.8896 22.9075 22.9323 22.9509 22.9683 22.9802 22.9437 22.9285 22.9371
-9999 -9999 -9999 -9999 -9999 -9999 22.0068 22.1397 22.2317 22.2932 22.3414 22.3643 22.381 22.3749 22.3743 22.3533 22.334 22.2962 22.2319 22.1961 22.2916 22.4274 22.4788 22.4766 22.4787 22.4578 22.4391 22.4403 22.4463 22.4139 22.3775 22.3354 22.3303 22.3237 22.3974 22.4193 22.4297 22.5127 22.5294 22.5426 22.5342 22.5192 22.5416 22.539 22.5695 22.5642 22.5994 22.6316 22.653 22.6672 22.6746 22.6879 22.7023 22.7219 22.7369 22.7517 22.7668 22.7823 22.7981 22.8139 22.8304 22.848 22.8656 22.8833 22.9006 22.9256 22.9443 22.9618 22.9791 22.9885 22.9931 22.987
-9999 -9999 -9999 -9999 -9999 -9999 21.998 22.0991 22.198 22.2545 22.3175 22.3407 22.3706 22.3795 22.3778 22.3608 22.3362 22.307 22.2532 22.2155 22.2844 22.3747 22.4428 22.4659 22.4691 22.4729 22.4722 22.4701 22.4685 22.4578 22.4379 22.4 22.3831 22.3549 22.4356 22.4569 22.4608 22.5103 22.5248 22.4899 22.4672 22.4792 22.516 22.5095 22.5222 22.5222 22.554 22.6126 22.6133 22.6308 22.6597 22.6784 22.6993 22.715 22.7299 22.7451 22.7602 22.776 22.7922 22.808 22.8245 22.8417 22.8585 22.8769 22.8945 22.9198 22.9371 22.9549 22.9722 22.9874 23.0045 23.0251
-9999 -9999 -9999 -9999 -9999 -9999 21.9939 22.0577 22.1479 22.2303 22.2972 22.3309 22.3594 22.3716 22.367 22.365 22.3541 22.3295 22.316 22.2829 22.2323 22.3438 22.3793 22.4091 22.4232 22.4577 22.4621 22.4539 22.43 22.4521 22.4572 22.429 22.4271 22.4177 22.4682 22.4818 22.4952 22.5083 22.4806 22.4364 22.4045 22.4559 22.4651 22.4925 22.4597 22.5145 22.5629 22.589 22.5801 22.5787 22.6388 22.667 22.6874 22.7058 22.7232 22.7381 22.7542 22.7698 22.7858 22.8022 22.8187 22.8357 22.8528 22.87 22.8884 22.914 22.932 22.9524 22.9705 22.9851 23.0017 23.0194
-9999 -9999 -9999 -9999 -9999 -9999 -9999 22.0068 22.1103 22.2136 22.2758 22.3195 22.3471 22.3588 22.3623 22.3645 22.3622 22.3475 22.3253 22.2828 22.2533 22.2876 22.3216 22.3267 22.3536 22.4189 22.4452 22.4226 22.3432 22.3937 22.4495 22.4587 22.4656 22.4729 22.4808 22.4892 22.4922 22.477 22.4003 22.3967 22.3766 22.3968 22.3944 22.4453 22.4467 22.5042 22.5379 22.5602 22.5369 22.5531 22.619 22.6524 22.6648 22.6911 22.7157 22.7316 22.7476 22.7634 22.7799 22.7965 22.8133 22.8315 22.8487 22.8662 22.8847 22.9111 22.9263 22.9424 22.9558 22.979 22.9967 23.0242
-9999 -9999 -9999 -9999 -9999 -9999 -9999 21.9663 22.0801 22.2006 22.2461 22.2924 22.3345 22.3468 22.3452 22.3443 22.343 22.3396 22.31 22.2811 22.2532 22.2499 22.2662 22.262 22.3022 22.3863 22.408 22.4086 22.3264 22.3104 22.3824 22.4452 22.4605 22.4677 22.4188 22.4453 22.4262 22.3957 22.3984 22.3942 22.3682 22.4041 22.3895 22.4184 22.4251 22.4646 22.4918 22.5354 22.5172 22.5253 22.5909 22.629 22.6452 22.6842 22.7082 22.7261 22.7426 22.7591 22.7756 22.7926 22.8094 22.8263 22.8433 22.8598 22.8749 22.8861 22.8686 22.8868 22.9169 22.9461 22.9867 23.0186
-9999 -9999 -9999 -9999 -9999 -9999 -9999 21.9687 22.0506 22.1588 22.2421 22.2572 22.304 22.3339 22.3308 22.3259 22.3206 22.3247 22.2913 22.253 22.2236 22.1864 22.2031 22.2452 22.2958 22.3532 22.3697 22.367 22.3193 22.3476 22.4003 22.4337 22.4518 22.4587 22.458 22.4637 22.4532 22.4571 22.438 22.4 22.3945 22.4234 22.3827 22.4023 22.4388 22.4264 22.4787 22.5118 22.4839 22.532 22.5873 22.6233 22.6566 22.6807 22.6999 22.7209 22.737 22.7537 22.7704 22.787 22.804 22.8203 22.837 22.8498 22.8604 22.8364 22.8482 22.8696 22.9066 22.941 22.9884 23.0126
-9999 -9999 -9999 -9999 -9999 -9999 -9999 21.9709 22.046 22.1414 22.2038 22.2237 22.2743 22.3209 22.3286 22.3228 22.3291 22.3224 22.2957 22.2647 22.2292 22.2168 22.1751 22.2342 22.2694 22.3198 22.3477 22.3057 22.299 22.3381 22.3775 22.4002 22.441 22.453 22.4564 22.4289 22.4229 22.4457 22.4518 22.4519 22.4306 22.4444 22.4364 22.4422 22.4486 22.4281 22.4629 22.4805 22.5067 22.5567 22.5933 22.6229 22.6513 22.6706 22.6919 22.715 22.7318 22.7484 22.7649 22.7818 22.7982 22.8133 22.8289 22.8368 22.8374 22.8234 22.8017 22.8556 22.911 22.9497 22.9813 23.0042
-9999 -9999 -9999 -9999 -9999 -9999 -9999 21.949 22.0287 22.1119 22.1528 22.1686 22.2513 22.3065 22.3181 22.3214 22.3232 22.2897 22.3035 22.3052 22.2744 22.2243 22.168 22.1833 22.2255 22.2824 22.3094 22.2464 22.2374 22.2619 22.3164 22.3668 22.4195 22.4422 22.4432 22.393 22.3392 22.3849 22.4331 22.4478 22.4531 22.4345 22.4392 22.445 22.4358 22.4096 22.4248 22.4523 22.513 22.5443 22.5836 22.6189 22.628 22.6484 22.6828 22.7095 22.7263 22.7429 22.7599 22.7764 22.7927 22.8058 22.8188 22.8291 22.8025 22.7926 22.7793 22.8465 22.8899 22.9349 22.977 23.0002
-9999 -9999 -9999 -9999 -9999 -9999 -9999 21.9164 21.9771 22.0573 22.096 22.1519 22.2307 22.2753 22.3027 22.3139 22.3189 22.3101 22.3091 22.2962 22.2638 22.2153 22.1599 22.1269 22.1576 22.2277 22.2529 22.1958 22.1809 22.2232 22.2808 22.3611 22.4125 22.4303 22.4398 22.4401 22.4046 22.3591 22.3739 22.4187 22.4088 22.395 22.4264 22.439 22.4302 22.428 22.4262 22.4545 22.4899 22.5176 22.5607 22.6163 22.6383 22.6536 22.6865 22.7038 22.7206 22.7378 22.7545 22.7711 22.7875 22.8013 22.8112 22.7992 22.791 22.7728 22.7858 22.8572 22.9033 22.9417 22.9715 22.993
-9999 -9999 -9999 -9999 -9999 -9999 -9999 21.8679 21.9379 22.0139 22.0861 22.1552 22.2165 22.2318 22.2697 22.2811 22.3065 22.3138 22.3064 22.2972 22.2708 22.2057 22.1523 22.0928 22.1204 22.2001 22.1923 22.1693 22.1183 22.1927 22.2741 22.3493 22.3959 22.3815 22.4222 22.4334 22.4288 22.4075 22.3669 22.3828 22.3565 22.3701 22.4068 22.4293 22.4415 22.4439 22.4384 22.4571 22.4822 22.5032 22.5443 22.5914 22.6377 22.6593 22.6816 22.6984 22.7151 22.7322 22.749 22.7652 22.7805 22.7941 22.7867 22.7747 22.774 22.7666 22.781 22.8552 22.9061 22.9385 22.9668 22.9887
-9999 -9999 -9999 -9999 -9999 -9999 -9999 -9999 21.9209 21.9993 22.0603 22.0849 22.1407 22.1762 22.2064 22.2221 22.2868 22.3011 22.3005 22.2931 22.2722 22.2254 22.1955 22.1389 22.1007 22.1217 22.1152 22.143 22.1485 22.1878 22.2664 22.3483 22.3682 22.3363 22.3559 22.3788 22.4136 22.4173 22.3567 22.3334 22.3169 22.3549 22.3942 22.4157 22.4327 22.444 22.4597 22.453 22.5018 22.5424 22.5649 22.6023 22.6343 22.6553 22.6752 22.6923 22.7095 22.7262 22.7421 22.7582 22.7713 22.7797 22.7693 22.7205 22.7408 22.751 22.7479 22.8228 22.8865 22.9308 22.9629 22.9845
-9999 -9999 -9999 -9999 -9999 -9999 -9999 -9999 21.8874 21.9766 22.0041 22.014 21.9993 22.0228 22.1311 22.1622 22.2249 22.2847 22.2924 22.2854 22.2666 22.2429 22.2002 22.1353 22.0855 22.0508 22.1199 22.1833 22.2067 22.2376 22.2901 22.3096 22.2762 22.2461 22.2832 22.3112 22.3803 22.4047 22.4088 22.3785 22.342 22.3305 22.3782 22.3984 22.4164 22.4329 22.4534 22.4615 22.5078 22.5449 22.5759 22.6005 22.6306 22.6509 22.6689 22.6868 22.7034 22.7195 22.7342 22.7487 22.7553 22.7598 22.7318 22.7115 22.7054 22.6931 22.7775 22.8258 22.883 22.9238 22.956 22.9772
