Test_Spring_2018b/04_18/Temp/20180401_022.txt
ncols	170
nrows	115
xllcorner	350000.000000
yllcorner	4445000.000000
cellsize	1000.000000
nodata_value	-9999.000000
[rows 32 to 63 of 115, columns 72 to 143 of 170]
9.50883 9.16917 9.70057 10.1901 9.89536 9.70037 10.5037 10.5064 10.2361 9.59741 9.36491 9.12373 8.97703 8.15692 5.85084 3.77212 4.88986 4.91874 4.14992 5.53506 4.80675 2.90326 0.215234 1.67958 1.30115 -0.600826 -1.06889 -9999 -9999 -9999 -9999 -9999 -9999 -9999 -9999 -9999 -9999 -9999 -9999 -9999 -9999 -9999 -9999 -9999 -9999 -9999 -9999 -9999 -9999 -9999 -9999 -9999 -9999 -9999 -9999 -9999 -9999 -9999 -9999 -9999 -9999 -9999 -9999 -9999 -9999 -9999 -9999 -9999 -9999 -9999 -9999 -9999
9.04768 8.9033 9.69192 9.67811 9.63143 9.91684 10.4169 10.5186 10.4149 10.1378 9.89841 9.64356 8.9926 8.05398 6.08074 3.71429 3.17954 4.34153 4.39963 4.58839 3.92499 3.09106 1.78509 2.8587 3.27701 2.02649 0.390003 -0.663319 -9999 -9999 -9999 -9999 -9999 -9999 -9999 -9999 -9999 -9999 -9999 -9999 -9999 -9999 -9999 -9999 -9999 -9999 -9999 -9999 -9999 -9999 -9999 -9999 -9999 -9999 -9999 -9999 -9999 -9999 -9999 -9999 -9999 -9999 -9999 -9999 -9999 -9999 -9999 -9999 -9999 -9999 -9999 -9999
8.49819 7.7386 8.21498 8.57334 9.23365 9.40801 9.5094 10.4496 10.4026 10.3619 9.96429 9.64689 9.11918 8.21588 6.92866 5.37825 2.67673 4.34674 5.65497 5.62409 5.5551 4.97171 3.71728 4.77121 4.82292 3.22501 1.40611 0.336205 -0.104873 -9999 -9999 -9999 -9999 -9999 -9999 -9999 -9999 -9999 -9999 -9999 -9999 -9999 -9999 -9999 -9999 -9999 -9999 -9999 -9999 -9999 -9999 -9999 -9999 -9999 -9999 -9999 -9999 -9999 -9999 -9999 -9999 -9999 -9999 -9999 -9999 -9999 -9999 -9999 -9999 -9999 -9999 -9999
7.87397 6.9456 7.42492 8.06359 8.96306 9.43019 9.78644 10.0694 10.358 10.3269 9.91982 8.71238 8.54222 8.49251 7.6515 5.88359 4.11801 3.6626 5.65704 6.22978 6.11624 6.56359 5.50144 6.00709 5.80322 5.23887 3.48838 1.8938 1.23499 -0.0693721 -9999 -9999 -9999 -9999 -9999 -9999 -9999 -9999 -9999 -9999 -9999 -9999 -9999 -9999 -9999 -9999 -9999 -9999 -9999 -9999 -9999 -9999 -9999 -9999 -9999 -9999 -9999 -9999 -9999 -9999 -9999 -9999 -9999 -9999 -9999 -9999 -9999 -9999 -9999 -9999 -9999 -9999
-9999 -9999 6.35941 7.22733 7.94669 8.82714 9.58639 9.96858 10.3399 10.3128 9.49643 9.09843 9.066 8.51581 7.54449 6.93588 5.82526 4.66804 5.11386 6.81514 6.06231 7.26837 7.16915 7.39283 6.59087 5.06837 3.03666 1.85264 1.26354 0.207062 -9999 -9999 -9999 -9999 -9999 -9999 -9999 -9999 -9999 -9999 -9999 -9999 -9999 -9999 -9999 -9999 -9999 -9999 -9999 -9999 -9999 -9999 -9999 -9999 -9999 -9999 -9999 -9999 -9999 -9999 -9999 -9999 -9999 -9999 -9999 -9999 -9999 -9999 -9999 -9999 -9999 -9999
-9999 -9999 -9999 7.06552 7.61416 8.79006 9.3987 9.64764 10.2449 10.2487 9.94102 9.70931 9.37193 8.93052 8.20114 7.39622 6.35186 6.25775 7.34711 7.36337 7.1392 7.32038 7.88132 7.73678 6.49462 4.34805 3.21503 0.912114 -0.0737246 0.0301184 -0.667908 -9999 -9999 -9999 -9999 -9999 -9999 -9999 -9999 -9999 -9999 -9999 -9999 2.05553 -9999 -9999 -9999 -9999 -9999 -9999 -9999 -9999 -9999 -9999 -9999 -9999 -9999 -9999 -9999 -9999 -9999 -9999 -9999 -9999 -2.09321 -9999 -9999 -9999 -9999 -9999 -9999 -9999
-9999 -9999 6.95457 7.68765 8.26094 8.99913 9.07376 9.51356 10.1998 10.2123 9.99469 9.74848 9.19193 9.05591 8.64182 7.76767 7.59107 7.94935 8.116 8.30454 8.42179 8.33203 8.1088 7.81936 7.01835 6.02441 5.35817 3.25363 2.19146 1.17397 -0.367388 -1.57259 -9999 -9999 -9999 -9999 -9999 -9999 -9999 1.23323 1.17948 1.21058 1.55296 2.49162 1.946 -9999 -9999 -9999 -9999 -9999 -9999 -9999 -9999 -9999 -9999 -9999 -9999 -9999 -9999 -9999 -9999 -9999 -9999 -9999 -1.25052 -2.46368 -9999 -9999 -9999 -9999 -9999 -9999
-9999 -9999 7.14748 7.92139 8.30941 9.02655 9.438 9.70847 9.94801 10.1769 10.1413 9.86843 9.4522 9.45735 8.88308 8.57474 8.35548 8.83917 8.93726 8.74753 8.50879 8.29802 7.69612 7.62909 7.43405 6.80433 5.76865 4.70124 3.16101 1.06765 -0.985242 -2.64058 -9999 -9999 -9999 -9999 -9999 -9999 1.40188 2.18214 2.65113 1.66569 2.51465 3.29096 3.17142 2.42436 -9999 -9999 -9999 -9999 -9999 -9999 -9999 -9999 -9999 -9999 -9999 -9999 -9999 -9999 4.50112 3.25746 0.742256 -0.545613 -1.31717 -2.42002 -9999 -9999 -9999 -9999 -9999 -9999
-9999 -9999 6.99107 7.9047 8.52462 9.07508 9.16559 9.72953 9.97682 10.1008 10.0888 10.0365 9.96166 9.46059 9.24657 8.4883 9.21926 9.19474 9.01368 8.28752 7.97465 6.72554 6.17767 6.05681 7.11325 6.33787 4.71549 2.68649 0.249152 0.093728 -0.711324 -2.19056 -9999 -9999 -9999 -9999 -9999 -9999 1.64027 2.47464 3.17179 3.27667 2.29734 3.67391 3.62345 2.85933 2.68883 3.32215 3.64496 3.41258 4.16874 4.39213 4.05607 4.43123 -9999 -9999 -9999 -9999 4.66685 4.72005 4.7609 4.24433 1.49626 -0.379742 -2.06414 -2.2175 -9999 -9999 -9999 -9999 -9999 -9999
-9999 -9999 7.61777 8.18179 8.46868 8.51793 9.01215 9.50536 9.81012 10.0315 9.98942 9.97374 9.95698 9.78718 9.38961 9.46432 9.43482 9.2044 7.81899 6.20151 6.9114 5.95381 3.89604 5.57427 6.49704 5.61815 3.65163 1.37073 0.62719 0.661851 -0.458866 -1.90197 -9999 -9999 -9999 -0.64305 0.549627 0.656646 1.01098 2.12263 2.9693 3.60897 4.04558 4.03484 3.58275 2.83546 2.0228 2.31759 3.79006 4.15181 4.45942 4.69081 4.37904 4.54594 4.94165 5.14751 5.19152 5.10192 5.08354 5.11836 5.07419 4.59226 2.13533 0.729821 -0.165929 -1.96836 -9999 -9999 -9999 -9999 -9999 -9999
-9999 -9999 7.26197 7.75297 8.15118 8.80822 8.88063 9.29816 9.54661 9.91518 9.95867 9.53282 9.88884 9.84548 9.78183 9.64416 9.4414 8.27228 6.65988 5.04361 4.29936 4.62031 3.38474 4.02555 4.96058 4.62548 3.42016 1.38851 1.10464 0.635194 -1.25074 -3.06687 -9999 -9999 -2.95499 -0.669857 0.940275 1.77261 2.03304 2.06152 3.12732 3.21472 4.36198 4.09738 2.58983 2.76382 2.18031 2.56526 3.10722 3.25868 4.03812 4.78755 4.93155 4.93795 5.19099 5.2453 5.26138 5.25765 5.09087 5.17113 5.18572 4.88623 3.10607 2.23937 1.28437 -1.94595 -9999 -9999 -9999 -9999 -9999 -9999
-9999 -9999 7.50695 8.05532 8.65533 8.75524 9.20028 9.15821 9.03494 9.65361 9.88162 9.58152 9.36613 9.76926 9.74389 9.69328 9.60845 8.51001 7.23856 5.31216 4.1166 3.38572 2.86847 2.17732 2.65917 2.51615 2.32321 2.55192 1.99708 0.884395 -0.219002 -2.28585 -3.40295 -9999 -2.83357 -1.80074 0.113554 1.7411 2.77574 2.40883 3.62027 3.84833 4.54802 4.14324 3.22966 2.83878 2.80772 2.6912 3.50846 4.06025 4.45096 4.71242 5.03761 5.12243 5.20752 5.24469 5.26615 5.28778 5.2863 5.28253 5.24908 5.13813 4.32102 3.45613 1.58361 -1.83973 -9999 -9999 -9999 -9999 -9999 -9999
-9999 5.91316 7.4422 8.35945 8.71663 8.97518 9.20324 9.36897 9.54235 9.7049 9.81742 9.77269 8.97449 9.042 9.18815 9.64494 9.61535 9.51885 8.8252 6.48049 5.67147 4.48892 2.95668 2.31926 2.64364 3.90606 3.85326 3.02289 2.09698 0.815838 0.00243331 -1.26438 -3.69835 -3.4767 -2.37643 -1.55685 -0.254877 1.73379 3.12909 3.75389 3.9924 4.48473 4.7432 4.18646 3.6573 3.43713 3.02574 2.97135 2.97871 3.47417 3.86216 4.71978 5.01009 5.14468 5.21467 5.25363 5.28265 5.31117 5.32279 5.30903 5.3125 5.3084 5.25094 4.09842 1.21138 -0.961986 -9999 -9999 -9999 -9999 -9999 -9999
-9999 -9999 7.15823 7.56371 7.67231 7.85957 8.23939 8.67662 9.29448 9.37631 9.71787 9.71866 9.03141 8.23712 8.93325 9.21139 9.49989 9.51154 9.42511 7.45399 6.42516 5.61598 4.14697 4.68262 5.19091 5.23284 4.93189 3.14778 1.3708 -0.678667 -2.5934 -2.68239 -3.71122 -3.16239 -2.43474 -0.570446 0.742593 1.27708 1.66214 3.68414 4.21231 4.39633 4.91701 4.21659 4.04278 3.51768 3.67951 3.63763 3.64511 2.1827 3.65918 3.75016 4.71261 5.14788 5.24883 5.27848 5.30975 5.3171 5.32538 5.32364 5.33595 5.32417 5.31128 4.56322 0.900724 -0.935914 -9999 -9999 -9999 -9999 -9999 -9999
-9999 -9999 -9999 -9999 7.29129 7.60112 7.80071 8.1437 9.18807 9.47146 9.66052 9.67888 9.37385 8.58787 8.38265 8.52975 7.76332 8.41005 9.29328 9.27466 9.17132 7.44013 6.5572 7.42022 7.16277 5.86236 4.83961 3.83011 1.74918 0.226656 -1.96813 -3.61567 -3.67521 -1.85137 -0.335745 1.55068 2.3848 1.91491 2.43087 3.4365 4.57896 5.13351 5.0078 4.26925 4.16989 3.35786 4.16494 4.23825 3.86962 3.55157 3.68516 4.16345 4.34823 5.10185 5.28688 5.32246 5.33115 5.33706 5.33656 5.33492 5.32848 5.32332 5.3156 5.28459 1.51978 -1.4078 -9999 -9999 -9999 -9999 -9999 -9999
-9999 -9999 -9999 -9999 6.56636 6.75642 7.25037 8.51373 9.17543 9.44471 9.43829 9.5641 9.34977 8.65848 7.9489 7.27993 6.41659 6.91508 8.22887 9.00486 9.09618 7.57907 8.37491 8.08244 7.50218 5.80038 4.54708 3.88419 1.88658 0.176736 -1.28243 -3.2984 -2.43226 -1.47866 -0.25451 1.80356 3.19316 3.76606 3.29112 3.93559 5.24968 5.26102 4.5486 4.59958 4.16771 3.0564 4.22287 4.55449 4.29564 4.3686 4.27548 4.45613 4.78163 5.09297 5.30099 5.33181 5.33797 5.33403 5.33632 5.33965 5.32783 5.33168 5.32394 5.30766 2.87864 -1.46405 -9999 -9999 -9999 -9999 -9999 -9999
-9999 -9999 -9999 -9999 -9999 5.91017 7.03324 8.70934 9.12628 9.09117 9.4393 9.4717 9.1414 8.85502 7.99309 6.81461 4.54851 5.12968 6.33927 8.08217 8.99986 8.88007 8.3759 7.49622 5.36218 3.49499 3.2714 2.96863 1.51174 0.195814 -1.42671 -0.482085 0.552329 1.68372 2.27947 2.12824 3.3194 4.29125 3.88328 4.67304 5.594 5.18214 4.94041 4.73841 4.23857 4.21285 4.27036 4.93493 4.48326 4.76852 4.78079 4.76924 4.92966 5.11348 5.30616 5.34032 5.34363 5.34945 5.33006 5.3404 5.33222 5.3243 5.31739 5.30384 5.0868 2.74925 1.35334 -9999 -9999 -9999 -9999 -9999
-9999 -9999 -9999 -9999 -9999 4.87598 5.43767 7.42219 8.03572 8.91405 9.3816 9.40567 8.84634 8.5359 7.25016 6.83512 4.73913 3.79219 4.60196 4.29668 6.69541 8.81854 8.36172 4.08707 2.54123 1.43968 1.72728 1.73355 1.33055 -0.912151 -1.52831 0.486181 1.75562 2.73977 3.48699 3.64479 3.62212 5.14046 5.34528 5.84114 5.73788 5.78751 5.02671 4.5577 4.9758 4.50359 4.42697 5.11337 4.44703 5.05891 4.99254 4.81465 4.80924 5.21299 5.29749 5.34335 5.34878 5.33577 5.31815 5.30938 5.32509 5.32193 5.30275 5.30699 5.28841 5.01344 3.80527 3.38527 3.858 -9999 -9999 -9999
-9999 -9999 -9999 -9999 -9999 -9999 3.58886 6.34571 7.60543 8.26936 9.20291 9.31786 9.02132 8.48234 7.17285 6.02168 4.14835 2.00855 0.877421 4.27804 7.23834 8.78522 8.58696 5.02936 3.62765 3.5663 4.39789 3.70305 3.17683 1.47355 0.966592 0.260558 0.700548 2.07085 3.19112 4.27179 5.05826 5.12517 5.63666 5.93282 5.96047 6.05589 5.97011 5.90108 5.16739 5.68218 5.25435 5.48895 5.346 5.21738 5.10791 4.68989 4.99245 5.2606 5.33224 5.35617 5.34292 5.34177 5.33304 5.31071 5.30262 5.30379 5.30432 5.29392 5.29695 5.28744 5.15513 4.42962 3.45709 2.22744 -9999 -9999
-9999 -9999 -9999 -9999 -9999 -9999 2.21224 4.95564 6.27771 7.98047 8.85706 9.21499 9.17102 8.73484 7.74057 6.24263 4.99533 2.60623 0.125493 3.69456 6.87552 8.5933 8.68795 5.69977 6.53343 5.8667 6.14111 4.91713 4.41078 4.01159 3.13343 2.17268 1.12038 0.565802 3.07719 4.36812 5.40753 5.89917 6.17841 6.31939 6.24964 6.06565 4.95572 5.80922 5.76825 5.68828 5.59602 5.55385 5.47068 5.3718 5.31596 5.29848 5.02207 5.34344 5.33949 5.34659 5.3507 5.34487 5.33146 5.32003 5.30537 5.30865 5.30124 5.29343 5.2891 5.28891 5.28335 5.2467 5.0564 3.40395 2.41677 2.14267
-9999 -9999 -9999 -9999 -9999 -9999 -1.63954 2.35032 5.55485 7.23133 8.5962 8.97333 9.11597 8.52984 8.0922 7.01927 6.00348 4.43483 2.08379 0.637526 3.31089 7.19508 8.63068 8.52371 8.43806 7.66655 6.97164 6.88717 6.94337 6.13418 4.95131 3.40625 2.9265 2.38678 4.25807 4.51432 4.38058 6.43768 6.4452 6.33137 5.54845 4.67352 4.84425 4.3049 4.72624 4.08125 4.68276 5.20337 5.40066 5.38917 5.32591 5.32127 5.29415 5.35291 5.35495 5.34882 5.3446 5.34341 5.33812 5.31662 5.30547 5.3166 5.30369 5.29445 5.28634 5.28857 5.2875 5.26119 5.23754 4.98616 4.60649 3.88039
-9999 -9999 -9999 -9999 -9999 -9999 -1.47102 1.88416 4.73158 6.44048 8.08365 8.4671 9.02346 8.90682 8.44829 7.51603 6.35064 5.06014 3.04354 1.54561 3.33435 5.91482 7.76335 8.4294 8.42757 8.38691 8.21527 8.1448 7.94439 7.80302 6.95662 5.49746 4.67407 3.46751 5.55263 5.789 5.46595 6.50785 6.45843 4.88969 3.68432 3.53692 4.27953 3.58213 3.46271 3.03165 3.52922 4.85559 4.47367 4.55418 5.15876 5.26133 5.3284 5.34858 5.34736 5.34728 5.33975 5.34385 5.34784 5.32684 5.31847 5.31567 5.29553 5.29498 5.28219 5.27454 5.26781 5.25517 5.23387 5.16464 5.08791 5.17484
-9999 -9999 -9999 -9999 -9999 -9999 -1.40593 0.852994 3.41568 5.93061 7.68517 8.39461 8.9119 8.90921 8.37575 7.91374 7.18422 6.04917 5.2716 3.91956 2.06297 5.18418 6.14449 7.00248 7.36319 8.25631 8.23819 7.8342 7.365 7.80752 7.68183 6.52736 6.14968 5.50984 6.67075 6.67614 6.64662 6.58715 5.26213 3.41944 1.94729 3.01194 2.79346 3.28668 1.78084 3.027 4.03079 4.35924 3.68568 3.18566 4.7495 5.01201 5.16894 5.27051 5.33816 5.32543 5.34413 5.33768 5.33577 5.33339 5.32269 5.31729 5.3065 5.29548 5.28606 5.28022 5.2658 5.24665 5.2485 5.21366 5.20164 5.1918
-9999 -9999 -9999 -9999 -9999 -9999 -9999 -0.481878 2.76543 5.66559 7.28154 8.29885 8.7959 8.78975 8.51833 8.20542 7.75398 6.93574 5.90722 4.28042 3.0736 3.84465 4.78545 4.89566 5.52228 7.333 7.95386 7.08231 4.92209 6.20283 7.63011 7.61002 7.49145 7.35839 7.18684 7.03274 6.69234 5.77614 2.9639 2.4131 1.31186 1.44051 0.877337 2.1207 1.66188 2.93677 3.49151 3.70337 2.53204 2.78602 4.17181 4.722 4.63471 4.97352 5.29749 5.31109 5.32327 5.31791 5.3277 5.33313 5.33069 5.31867 5.31106 5.30632 5.28441 5.29117 5.18992 5.12537 4.99099 5.16512 5.18487 5.19946
-9999 -9999 -9999 -9999 -9999 -9999 -9999 -1.13062 2.11076 5.52567 6.6241 7.72058 8.66729 8.6885 8.27225 7.87649 7.46875 7.00418 5.75608 4.54593 3.39081 3.00515 3.24165 3.22872 4.24031 6.5982 7.05749 6.86644 4.61087 3.84924 5.75491 7.35693 7.48578 7.34369 5.46485 5.86848 4.85623 3.4824 3.10646 2.50693 1.2367 1.85288 0.923522 1.32688 1.22654 1.95185 2.30745 3.16951 2.14904 2.15909 3.51995 4.20751 4.22822 4.94946 5.20879 5.2792 5.29936 5.31471 5.32103 5.33557 5.33227 5.32509 5.31456 5.28382 5.20575 4.95902 3.60216 3.60756 3.98497 4.34232 4.9908 5.17676
-9999 -9999 -9999 -9999 -9999 -9999 -9999 -0.759508 1.49063 4.52102 6.7665 6.9103 8.00346 8.56911 8.11623 7.60596 7.08385 6.85723 5.49866 4.00611 2.80083 1.37369 1.61245 2.64261 4.3276 5.85184 6.12716 5.81614 4.60927 5.18459 6.48523 7.17726 7.38343 7.22645 6.81955 6.58566 5.84106 5.52004 4.48487 2.86465 2.22844 2.63663 0.916645 1.04052 1.68131 1.01123 2.13098 2.66882 1.34978 2.40795 3.61061 4.22724 4.76676 5.024 5.12863 5.28713 5.29464 5.31107 5.32155 5.32267 5.326 5.30429 5.28694 5.14583 4.9361 3.6703 3.14759 3.25507 3.84559 4.36313 4.90806 5.13158
-9999 -9999 -9999 -9999 -9999 -9999 -9999 -0.380122 1.64604 4.27392 5.87567 6.16458 7.37652 8.4545 8.33723 7.80623 7.64652 7.09613 5.94439 4.67199 3.28101 2.60643 1.05156 2.58874 3.80768 5.09896 5.70483 4.71412 4.2177 5.10578 5.98866 6.34315 7.2347 7.22932 6.94279 5.69746 5.09176 5.35211 5.09368 4.63882 3.52465 3.47815 2.76372 2.46983 2.19252 1.28701 1.87252 1.9344 2.09827 3.36449 3.99217 4.40956 4.78949 4.89189 5.05905 5.27486 5.29704 5.3081 5.31055 5.31792 5.30569 5.24871 5.20123 4.91389 4.40257 3.44547 1.895 2.99623 4.14761 4.49587 4.83494 5.01166
-9999 -9999 -9999 -9999 -9999 -9999 -9999 -0.728598 1.42357 3.66986 4.61066 4.77272 6.96379 8.30651 8.31166 8.06144 7.76874 6.40493 6.48814 6.21782 4.96337 3.13478 1.12622 1.31813 2.52153 4.22615 4.7923 3.15146 2.57341 3.00439 4.33774 5.53157 6.77792 7.09681 6.73517 4.79502 2.73304 3.69396 4.72052 4.71806 4.42105 3.38807 3.06237 2.76791 2.01531 0.73947 0.933139 1.29275 2.73228 3.18878 3.89198 4.4766 4.26124 4.39297 4.95226 5.27466 5.29019 5.29934 5.31327 5.30936 5.29374 5.17691 5.05302 4.84276 3.50407 2.67299 1.46338 2.88142 3.66747 4.09201 4.8405 5.02162
-9999 -9999 -9999 -9999 -9999 -9999 -9999 -1.39779 0.16471 2.31181 3.17878 4.56008 6.63077 7.65067 8.14106 8.13319 7.93908 7.33004 6.96508 6.24304 4.93797 3.15237 1.16718 -0.124032 0.537228 2.83121 3.37793 1.86305 1.09474 2.05908 3.47983 5.58191 6.78429 6.94937 6.84405 6.44646 4.94189 3.12344 3.13285 4.04973 3.28859 2.40344 2.89551 2.80851 2.06542 1.52591 1.20136 1.41457 2.23599 2.57705 3.38878 4.58504 4.75953 4.72931 5.23499 5.26367 5.27891 5.30134 5.30419 5.30301 5.29137 5.19679 4.98064 4.09078 3.31526 2.235 2.10456 3.36876 3.92502 4.4424 4.81144 4.93406
-9999 -9999 -9999 -9999 -9999 -9999 -9999 -2.54726 -0.709483 1.30196 3.18555 4.96778 6.50207 6.62323 7.43381 7.43566 7.86179 7.74351 7.1792 6.57159 5.4476 3.15295 1.22397 -0.880019 -0.321295 2.01756 2.32738 1.31405 -0.560948 1.38183 3.52396 5.46566 6.51822 5.69869 6.54498 6.47887 5.91711 4.8359 3.15304 3.18821 1.92796 1.87635 2.52871 2.74282 2.63824 2.23413 1.58763 1.70844 2.20915 2.33896 3.08522 4.01404 4.92214 5.07775 5.25386 5.26484 5.2712 5.28881 5.29412 5.27876 5.23597 5.13694 4.39154 3.50442 2.95933 2.20781 2.11984 3.57552 4.16186 4.48909 4.80849 4.93673
-9999 -9999 -9999 -9999 -9999 -9999 -9999 -9999 -0.901546 1.17631 2.71455 3.13074 4.49478 5.2326 5.80422 5.93314 7.55917 7.65159 7.29494 6.73708 5.77893 4.0385 2.82684 0.808869 -0.640705 -0.0377704 0.243981 0.781196 0.62707 1.49532 3.55391 5.69845 5.9352 4.578 4.78257 5.07031 5.71135 5.39092 3.09673 1.93276 0.96718 1.65876 2.38616 2.5648 2.60335 2.46718 2.31305 2.04372 3.01581 3.73604 3.90581 4.53421 4.99908 5.13005 5.2296 5.24502 5.26064 5.26439 5.24109 5.22517 5.11299 4.85719 4.02303 2.01191 2.10964 1.89538 1.27234 2.69529 3.59798 4.40181 4.83066 4.94408
-9999 -9999 -9999 -9999 -9999 -9999 -9999 -9999 -1.59644 0.807187 1.31696 1.28191 0.489628 0.858295 3.80811 4.40436 5.96388 7.4408 7.33558 6.78838 5.89216 4.85691 3.2524 0.982514 -0.820427 -1.57688 0.371091 2.28283 2.68027 3.29295 4.55563 4.79813 3.41101 2.11039 2.84545 3.28944 4.97246 5.28217 4.95878 3.57774 1.9983 1.1754 2.15392 2.2876 2.34949 2.36447 2.34035 2.30629 3.40534 4.01313 4.43582 4.66757 5.06721 5.17213 5.20815 5.24225 5.23868 5.22183 5.16287 5.09533 4.78573 4.4102 3.04159 1.9012 1.19149 0.289651 2.33433 2.94576 3.79199 4.33979 4.76647 4.86288
