Test_Spring_2018b/04_18/Temp/20180428_008.txt
ncols	170
nrows	115
xllcorner	350000.000000
yllcorner	4445000.000000
cellsize	1000.000000
nodata_value	-9999.000000
[rows 32 to 63 of 115, columns 72 to 143 of 170]
22.484 22.3398 22.5766 22.7947 22.6475 22.5502 22.8958 22.9003 22.7856 22.5101 22.4128 22.312 22.2529 21.8992 20.8952 19.9908 20.4854 20.5031 20.1715 20.7822 20.4675 19.638 18.4647 19.1084 18.9453 18.0872 17.8743 -9999 -9999 -9999 -9999 -9999 -9999 -9999 -9999 -9999 -9999 -9999 -9999 -9999 -9999 -9999 -9999 -9999 -9999 -9999 -9999 -9999 -9999 -9999 -9999 -9999 -9999 -9999 -9999 -9999 -9999 -9999 -9999 -9999 -9999 -9999 -9999 -9999 -9999 -9999 -9999 -9999 -9999 -9999 -9999 -9999
22.2774 22.2189 22.5684 22.5664 22.5348 22.6406 22.8536 22.9016 22.8599 22.7427 22.6424 22.5355 22.2556 21.85 20.9916 19.9612 19.7324 20.2461 20.2763 20.3634 20.0772 19.7159 19.1477 19.6205 19.8063 19.2459 18.5088 18.0338 -9999 -9999 -9999 -9999 -9999 -9999 -9999 -9999 -9999 -9999 -9999 -9999 -9999 -9999 -9999 -9999 -9999 -9999 -9999 -9999 -9999 -9999 -9999 -9999 -9999 -9999 -9999 -9999 -9999 -9999 -9999 -9999 -9999 -9999 -9999 -9999 -9999 -9999 -9999 -9999 -9999 -9999 -9999 -9999
22.0324 21.7047 21.9177 22.0787 22.342 22.4047 22.4523 22.8673 22.8505 22.8367 22.6671 22.5329 22.3068 21.9166 21.3585 20.6852 19.5081 20.2441 20.8215 20.8125 20.7865 20.535 19.9893 20.4537 20.479 19.7566 18.933 18.4675 18.2775 -9999 -9999 -9999 -9999 -9999 -9999 -9999 -9999 -9999 -9999 -9999 -9999 -9999 -9999 -9999 -9999 -9999 -9999 -9999 -9999 -9999 -9999 -9999 -9999 -9999 -9999 -9999 -9999 -9999 -9999 -9999 -9999 -9999 -9999 -9999 -9999 -9999 -9999 -9999 -9999 -9999 -9999 -9999
21.7551 21.3536 21.5678 21.8515 22.2324 22.4191 22.5695 22.6968 22.8268 22.8172 22.6434 22.1196 22.0501 22.0335 21.6707 20.9023 20.1348 19.9406 20.8185 21.0737 21.0282 21.2278 20.7664 20.9907 20.9041 20.6476 19.8552 19.1455 18.8601 18.2925 -9999 -9999 -9999 -9999 -9999 -9999 -9999 -9999 -9999 -9999 -9999 -9999 -9999 -9999 -9999 -9999 -9999 -9999 -9999 -9999 -9999 -9999 -9999 -9999 -9999 -9999 -9999 -9999 -9999 -9999 -9999 -9999 -9999 -9999 -9999 -9999 -9999 -9999 -9999 -9999 -9999 -9999
-9999 -9999 21.0975 21.4653 21.7757 22.1515 22.4781 22.6486 22.8147 22.8068 22.4538 22.2842 22.275 22.0394 21.6197 21.3588 20.8781 20.3769 20.577 21.3263 21.001 21.5327 21.4926 21.5933 21.2448 20.5542 19.6541 19.1237 18.8686 18.4093 -9999 -9999 -9999 -9999 -9999 -9999 -9999 -9999 -9999 -9999 -9999 -9999 -9999 -9999 -9999 -9999 -9999 -9999 -9999 -9999 -9999 -9999 -9999 -9999 -9999 -9999 -9999 -9999 -9999 -9999 -9999 -9999 -9999 -9999 -9999 -9999 -9999 -9999 -9999 -9999 -9999 -9999
-9999 -9999 -9999 21.3907 21.6264 22.1437 22.3921 22.5041 22.7689 22.7744 22.6439 22.5472 22.4046 22.2167 21.903 21.5564 21.1049 21.0691 21.5511 21.5629 21.469 21.5521 21.8007 21.7401 21.1872 20.2353 19.741 18.7083 18.2792 18.3275 18.0253 -9999 -9999 -9999 -9999 -9999 -9999 -9999 -9999 -9999 -9999 -9999 -9999 19.2917 -9999 -9999 -9999 -9999 -9999 -9999 -9999 -9999 -9999 -9999 -9999 -9999 -9999 -9999 -9999 -9999 -9999 -9999 -9999 -9999 17.5942 -9999 -9999 -9999 -9999 -9999 -9999 -9999
-9999 -9999 21.3508 21.6526 21.9058 22.231 22.2546 22.4414 22.7449 22.754 22.6629 22.5598 22.3214 22.2674 22.0919 21.7152 21.6438 21.8063 21.8845 21.9719 22.0274 21.9918 21.897 21.7727 21.3992 20.9654 20.6749 19.7433 19.2664 18.8235 18.1519 17.6281 -9999 -9999 -9999 -9999 -9999 -9999 -9999 18.9035 18.8867 18.9068 19.0628 19.4796 19.2463 -9999 -9999 -9999 -9999 -9999 -9999 -9999 -9999 -9999 -9999 -9999 -9999 -9999 -9999 -9999 -9999 -9999 -9999 -9999 17.9624 17.4401 -9999 -9999 -9999 -9999 -9999 -9999
-9999 -9999 21.4114 21.752 21.9235 22.2389 22.4206 22.5226 22.6303 22.7339 22.7224 22.6077 22.4309 22.4389 22.1936 22.0649 21.9751 22.1928 22.2412 22.1631 22.0629 21.9741 21.7134 21.686 21.5784 21.3033 20.8503 20.3835 19.6864 18.7721 17.8763 17.1551 -9999 -9999 -9999 -9999 -9999 -9999 18.9662 19.3149 19.5272 19.1026 19.4806 19.8264 19.7797 19.4429 -9999 -9999 -9999 -9999 -9999 -9999 -9999 -9999 -9999 -9999 -9999 -9999 -9999 -9999 20.444 19.9084 18.8163 18.2613 17.9323 17.4584 -9999 -9999 -9999 -9999 -9999 -9999
-9999 -9999 21.341 21.7421 22.0143 22.2561 22.2967 22.5371 22.6384 22.6959 22.6947 22.6766 22.6494 22.4361 22.3489 22.0237 22.3502 22.3458 22.2723 21.9596 21.8269 21.2835 21.0461 20.9729 21.4354 21.0957 20.3851 19.4966 18.4167 18.3407 17.9906 17.3463 -9999 -9999 -9999 -9999 -9999 -9999 19.0662 19.4389 19.7514 19.8044 19.3823 19.991 19.9604 19.6312 19.5616 19.8437 19.99 19.8821 20.2152 20.3197 20.1799 20.3517 -9999 -9999 -9999 -9999 20.4974 20.5296 20.5564 20.3391 19.1451 18.3328 17.6043 17.5403 -9999 -9999 -9999 -9999 -9999 -9999
-9999 -9999 21.6136 21.861 21.9867 22.0083 22.2249 22.4339 22.5609 22.6588 22.6447 22.643 22.6416 22.5739 22.4069 22.4468 22.441 22.3469 21.7467 21.0441 21.3592 20.9437 20.0349 20.7602 21.1633 20.7774 19.9152 18.9155 18.5766 18.5841 18.0953 17.4654 -9999 -9999 -9999 18.0386 18.5681 18.6228 18.786 19.2806 19.659 19.9465 20.1444 20.1362 19.9407 19.6186 19.2677 19.4013 20.0505 20.2137 20.3399 20.4479 20.3186 20.4017 20.5829 20.6814 20.7094 20.6791 20.6801 20.7045 20.6944 20.4926 19.4234 18.8171 18.4338 17.6549 -9999 -9999 -9999 -9999 -9999 -9999
-9999 -9999 21.4551 21.6701 21.8441 22.1272 22.1588 22.342 22.4455 22.6032 22.6266 22.4455 22.6075 22.5955 22.5752 22.5226 22.4415 21.937 21.2377 20.5358 20.2144 20.3499 19.8104 20.0821 20.4902 20.3397 19.8056 18.9145 18.7888 18.572 17.7415 16.9495 -9999 -9999 17.0139 18.0212 18.7338 19.1064 19.229 19.25 19.7247 19.7707 20.2799 20.1622 19.505 19.5861 19.3342 19.507 19.7503 19.8213 20.1585 20.4898 20.5599 20.5702 20.689 20.7212 20.7371 20.7445 20.6808 20.7253 20.741 20.6193 19.8494 19.4792 19.0661 17.6666 -9999 -9999 -9999 -9999 -9999 -9999
-9999 -9999 21.5561 21.7955 22.0573 22.1003 22.2947 22.2756 22.2162 22.4895 22.5882 22.4623 22.3746 22.5585 22.5554 22.5415 22.5124 22.0393 21.4895 20.652 20.1331 19.8091 19.5835 19.2671 19.4761 19.4111 19.3241 19.4217 19.1734 18.6749 18.1925 17.2852 16.8002 -9999 17.061 17.5205 18.3667 19.0879 19.5498 19.3982 19.937 20.0449 20.3514 20.1803 19.7831 19.6177 19.6088 19.5622 19.9242 20.1686 20.3359 20.4564 20.603 20.6477 20.6929 20.7177 20.736 20.7547 20.7635 20.7714 20.7664 20.7273 20.3791 20.0064 19.1957 17.7115 -9999 -9999 -9999 -9999 -9999 -9999
-9999 20.8679 21.5263 21.9264 22.0811 22.1929 22.2916 22.3637 22.4345 22.5066 22.5595 22.5417 22.1992 22.2366 22.3091 22.5178 22.5134 22.4792 22.1827 21.1622 20.8071 20.2867 19.616 19.3279 19.4672 20.0164 19.9899 19.623 19.2147 18.6426 18.283 17.7301 16.6648 16.7671 17.2553 17.6218 18.2004 19.0801 19.7003 19.9832 20.0966 20.315 20.4349 20.1977 19.969 19.8774 19.7017 19.682 19.6892 19.9101 20.0767 20.456 20.5896 20.6539 20.6926 20.7182 20.7399 20.7617 20.7765 20.7802 20.7915 20.7995 20.7812 20.2859 19.0334 18.096 -9999 -9999 -9999 -9999 -9999 -9999
-9999 -9999 21.4004 21.5758 21.6211 21.701 21.8656 22.056 22.3213 22.3592 22.5121 22.5165 22.2204 21.881 22.1946 22.3256 22.4609 22.4744 22.4439 21.5803 21.1326 20.7794 20.1359 20.3609 20.5799 20.5942 20.4582 19.6731 18.8915 17.983 17.1442 17.1061 16.656 16.8991 17.2244 18.0485 18.6323 18.8759 19.0544 19.9492 20.1859 20.2743 20.5092 20.2089 20.1357 19.9105 19.9854 19.9709 19.9778 19.3414 19.9845 20.0298 20.4571 20.6531 20.704 20.7256 20.7483 20.7611 20.7745 20.7837 20.7991 20.802 20.8071 20.4893 18.8957 18.1055 -9999 -9999 -9999 -9999 -9999 -9999
-9999 -9999 -9999 -9999 21.4513 21.5844 21.6697 21.8186 22.2705 22.3964 22.4826 22.4957 22.3687 22.0314 21.9509 22.0249 21.6988 21.9893 22.3805 22.3766 22.3338 21.5767 21.1828 21.5574 21.4406 20.8668 20.4142 19.9676 19.0523 18.3743 17.4126 16.692 16.6682 17.4706 18.1384 18.9724 19.3468 19.1512 19.3873 19.8353 20.3441 20.5948 20.5469 20.2298 20.1893 19.8383 20.1955 20.2312 20.0732 19.9374 19.9928 20.2073 20.294 20.6304 20.7186 20.7414 20.7544 20.7666 20.7763 20.7857 20.7926 20.8004 20.8069 20.803 19.1648 17.897 -9999 -9999 -9999 -9999 -9999 -9999
-9999 -9999 -9999 -9999 21.1309 21.2113 21.4253 21.9768 22.2612 22.381 22.3816 22.4418 22.3546 22.0601 21.7584 21.4754 21.1064 21.3322 21.9133 22.2571 22.2994 21.6358 21.9765 21.845 21.5866 20.8367 20.2829 19.9876 19.1085 18.3483 17.7084 16.8264 17.2077 17.6292 18.171 19.0793 19.6971 19.9581 19.7597 20.0513 20.6353 20.6483 20.3437 20.3722 20.1861 19.7041 20.2185 20.3671 20.257 20.2921 20.2483 20.3324 20.4806 20.6232 20.7214 20.7429 20.7542 20.7622 20.7732 20.7847 20.7898 20.8016 20.8083 20.8111 19.7576 17.8705 -9999 -9999 -9999 -9999 -9999 -9999
-9999 -9999 -9999 -9999 -9999 20.8377 21.327 22.0592 22.2366 22.2232 22.3791 22.3985 22.2606 22.1434 21.7753 21.2692 20.2864 20.5484 21.0839 21.8508 22.2547 22.2027 21.9743 21.5857 20.6471 19.8248 19.7215 19.5837 18.9412 18.3535 17.6421 18.0559 18.5108 19.0102 19.277 19.2187 19.7495 20.1849 20.0163 20.3715 20.7836 20.6114 20.5128 20.4307 20.2149 20.208 20.237 20.5313 20.3367 20.4647 20.467 20.4669 20.5427 20.6295 20.7209 20.7438 20.7541 20.7662 20.7677 20.7825 20.7892 20.7961 20.8033 20.8073 20.7221 19.7127 19.1117 -9999 -9999 -9999 -9999 -9999
-9999 -9999 -9999 -9999 -9999 20.3819 20.6257 21.4931 21.7567 22.1433 22.3516 22.3674 22.1294 22.0008 21.4472 21.2753 20.3671 19.9596 20.32 20.1905 21.2426 22.1722 21.9646 20.0902 19.4093 18.9222 19.043 19.0407 18.8596 17.8664 17.5956 18.4778 19.0357 19.4707 19.8038 19.8804 19.88 20.5548 20.6537 20.8803 20.844 20.8738 20.5481 20.3491 20.5351 20.3329 20.3033 20.6072 20.3188 20.5898 20.5577 20.4848 20.488 20.671 20.715 20.743 20.7541 20.758 20.7605 20.7666 20.7839 20.7929 20.7948 20.8068 20.8085 20.7019 20.1831 20.0089 20.2251 -9999 -9999 -9999
-9999 -9999 -9999 -9999 -9999 -9999 19.8139 21.0197 21.5663 21.8593 22.2717 22.3274 22.2006 21.9739 21.4103 20.9159 20.1049 19.1763 18.6853 20.1777 21.4757 22.1533 22.059 20.4988 19.8814 19.8501 20.2094 19.9007 19.6663 18.9093 18.6866 18.3784 18.5735 19.1755 19.6727 20.1538 20.5074 20.5467 20.7811 20.9179 20.9388 20.9887 20.9584 20.9346 20.6165 20.8465 20.6633 20.7697 20.7106 20.6577 20.6066 20.4288 20.5668 20.6905 20.7289 20.747 20.75 20.759 20.7654 20.7662 20.7721 20.783 20.7936 20.7992 20.8105 20.8202 20.7724 20.4645 20.0481 19.5188 -9999 -9999
-9999 -9999 -9999 -9999 -9999 -9999 19.2089 20.4094 20.9834 21.7314 22.1151 22.2747 22.2635 22.0814 21.6553 21.0088 20.4715 19.4335 18.3541 19.9197 21.3116 22.0644 22.1052 20.7879 21.1495 20.8539 20.9701 20.4305 20.2055 20.0195 19.6349 19.2156 18.7544 18.5168 19.6227 20.1958 20.6597 20.8847 21.017 21.0889 21.0653 20.9903 20.5118 20.8918 20.877 20.8469 20.8108 20.7964 20.7637 20.7242 20.6966 20.6942 20.579 20.7244 20.7309 20.742 20.7526 20.7595 20.7637 20.7692 20.7736 20.7848 20.7906 20.7974 20.8055 20.8195 20.8271 20.8208 20.7468 20.0325 19.609 19.4951
-9999 -9999 -9999 -9999 -9999 -9999 17.5206 19.2673 20.6596 21.3971 21.9945 22.1664 22.2365 21.9884 21.8055 21.3445 20.9081 20.2288 19.206 18.578 19.7491 21.4507 22.0752 22.0193 21.9793 21.6387 21.3315 21.2916 21.3136 20.9484 20.4258 19.7519 19.5453 19.3144 20.1401 20.26 20.2102 21.12 21.133 21.0929 20.7597 20.3818 20.4643 20.2308 20.4184 20.1413 20.4092 20.6415 20.732 20.731 20.7001 20.7011 20.6955 20.7292 20.7375 20.7429 20.7497 20.7586 20.7662 20.7671 20.773 20.7887 20.7922 20.7987 20.8029 20.8182 20.8277 20.8259 20.825 20.7239 20.5664 20.2548
-9999 -9999 -9999 -9999 -9999 -9999 17.5859 19.0484 20.2975 21.0428 21.7676 21.9421 22.193 22.1499 21.9574 21.5575 21.0551 20.4972 19.6206 18.9698 19.7563 20.8847 21.6944 21.9768 21.9708 21.951 21.8738 21.8354 21.746 21.6731 21.304 20.6673 20.3111 19.7884 20.7075 20.8186 20.6856 21.1505 21.1382 20.4609 19.9425 19.8867 20.2148 19.9166 19.8676 19.6798 19.9026 20.4879 20.3227 20.3625 20.6236 20.6745 20.7117 20.7275 20.7345 20.7425 20.7479 20.759 20.7705 20.7715 20.7784 20.7879 20.7898 20.798 20.8027 20.8141 20.8182 20.8224 20.8225 20.8012 20.7791 20.823
-9999 -9999 -9999 -9999 -9999 -9999 17.6124 18.5946 19.7195 20.8169 21.5904 21.9073 22.1408 22.1472 21.9215 21.7269 21.4148 20.9247 20.5901 20.0032 19.1943 20.563 20.9805 21.3473 21.4996 21.8887 21.8788 21.7003 21.4805 21.6751 21.6208 21.1188 20.9579 20.6833 21.1979 21.2076 21.2027 21.1852 20.6142 19.8166 19.181 19.6555 19.5678 19.785 19.1292 19.6785 20.1231 20.2717 19.9772 19.7633 20.4441 20.5668 20.6422 20.6938 20.7311 20.7336 20.7505 20.7569 20.7657 20.7747 20.7804 20.7885 20.7943 20.8 20.8037 20.816 20.8199 20.8248 20.835 20.825 20.8285 20.8303
-9999 -9999 -9999 -9999 -9999 -9999 -9999 18.0077 19.4231 20.697 21.4098 21.8612 22.0855 22.0899 21.9784 21.8485 21.6577 21.3058 20.861 20.1535 19.6289 19.9689 20.377 20.4161 20.6898 21.4815 21.7523 21.3701 20.4114 20.9713 21.5985 21.5932 21.5458 21.4929 21.4245 21.3642 21.223 20.8302 19.6078 19.3746 18.901 18.9654 18.7266 19.271 19.0732 19.6372 19.8856 19.9837 19.4762 19.5822 20.1962 20.4435 20.412 20.5674 20.7142 20.7283 20.7423 20.7491 20.763 20.7752 20.7843 20.792 20.7992 20.8076 20.8058 20.8238 20.7897 20.7713 20.722 20.8073 20.8248 20.8419
-9999 -9999 -9999 -9999 -9999 -9999 -9999 17.7103 19.133 20.6324 21.1185 21.6044 22.0253 22.0413 21.866 21.6995 21.5275 21.3301 20.7891 20.264 19.7622 19.5963 19.7019 19.6817 20.1247 21.1568 21.3578 21.2744 20.2717 19.9406 20.7777 21.4827 21.5438 21.4871 20.671 20.8546 20.419 19.8256 19.6691 19.4149 18.867 19.1446 18.7455 18.9293 18.8807 19.2044 19.366 19.7492 19.3082 19.3076 19.9111 20.2188 20.2349 20.558 20.6793 20.7182 20.7357 20.7515 20.7637 20.7799 20.7885 20.7956 20.8013 20.798 20.774 20.6732 20.0947 20.1069 20.2816 20.4472 20.7374 20.8327
-9999 -9999 -9999 -9999 -9999 -9999 -9999 17.8685 18.8577 20.1889 21.1771 21.2459 21.7306 21.9846 21.7929 21.576 21.3537 21.2603 20.6709 20.0222 19.4986 18.8772 18.9844 19.4373 20.159 20.827 20.9483 20.8132 20.2695 20.5242 21.0969 21.404 21.4992 21.436 21.2642 21.1686 20.85 20.7171 20.2718 19.5706 19.3 19.4864 18.7412 18.8027 19.0901 18.7911 19.2876 19.5292 18.958 19.4175 19.9509 20.228 20.4716 20.5918 20.6456 20.7233 20.7352 20.7514 20.7654 20.7756 20.7869 20.7874 20.7899 20.7381 20.6563 20.112 19.8958 19.9526 20.2207 20.4566 20.7067 20.8139
-9999 -9999 -9999 -9999 -9999 -9999 -9999 18.0302 18.9215 20.0767 20.7831 20.9153 21.4519 21.9299 21.8849 21.6587 21.5948 21.3595 20.8606 20.3084 19.7037 19.412 18.7345 19.4099 19.9275 20.4942 20.761 20.3107 20.0963 20.4884 20.8787 21.0384 21.4337 21.437 21.3179 20.7795 20.5215 20.6429 20.5375 20.3461 19.8662 19.8535 19.5483 19.427 19.3127 18.9103 19.1733 19.207 19.2856 19.836 20.1181 20.3084 20.4824 20.5352 20.6165 20.7194 20.7379 20.7517 20.7621 20.7749 20.7792 20.7641 20.7532 20.6373 20.4233 20.014 19.3478 19.8396 20.3531 20.5198 20.6755 20.7624
-9999 -9999 -9999 -9999 -9999 -9999 -9999 17.8731 18.8198 19.808 20.2252 20.3018 21.2668 21.8606 21.8689 21.7655 21.6432 21.0519 21.0935 20.98 20.4353 19.6388 18.763 18.85 19.3689 20.109 20.3589 19.6242 19.3746 19.567 20.1548 20.6821 21.2329 21.3783 21.2263 20.3838 19.4883 19.9162 20.373 20.3796 20.2573 19.8128 19.6777 19.5563 19.2341 18.6782 18.761 18.9254 19.5514 19.7589 20.0745 20.3383 20.252 20.3179 20.5711 20.7208 20.7364 20.7495 20.7649 20.7726 20.7753 20.7338 20.6893 20.6069 20.0306 19.6764 19.1616 19.7897 20.1433 20.3414 20.6788 20.7678
-9999 -9999 -9999 -9999 -9999 -9999 -9999 17.5755 18.2643 19.2092 19.5941 20.2043 21.1165 21.5689 21.7896 21.7921 21.713 21.452 21.2975 20.9864 20.4196 19.6422 18.7769 18.2151 18.5075 19.4951 19.7323 19.0576 18.7251 19.1513 19.7776 20.7026 21.2343 21.3124 21.2726 21.1053 20.4538 19.6652 19.6767 20.0856 19.7601 19.3803 19.6033 19.5727 19.2549 19.026 18.8773 18.978 19.3337 19.4911 19.8545 20.3862 20.4709 20.4662 20.6961 20.7174 20.733 20.7519 20.7624 20.7712 20.7756 20.7437 20.6586 20.2787 19.9487 19.4853 19.4376 20.0034 20.2612 20.4955 20.6669 20.7304
-9999 -9999 -9999 -9999 -9999 -9999 -9999 17.0677 17.877 18.7626 19.5925 20.3783 21.0557 21.1147 21.4755 21.4822 21.6746 21.6284 21.3867 21.1258 20.6384 19.6383 18.7979 17.8806 18.1284 19.1446 19.2544 18.8145 17.9978 18.8525 19.7947 20.6497 21.1159 20.7632 21.1399 21.1177 20.8789 20.4129 19.6838 19.7068 19.1629 19.148 19.4412 19.5425 19.5043 19.3349 19.0545 19.1057 19.3215 19.3867 19.7217 20.1368 20.5428 20.6196 20.7055 20.7192 20.731 20.7479 20.7594 20.762 20.7526 20.7187 20.4018 20.0229 19.7937 19.4741 19.4449 20.0964 20.3653 20.5166 20.6663 20.7324
-9999 -9999 -9999 -9999 -9999 -9999 -9999 -9999 17.7883 18.703 19.3818 19.5697 20.1726 20.5015 20.7578 20.8202 21.5377 21.5839 21.4332 21.1941 20.7795 20.0221 19.4957 18.6162 17.9851 18.2366 18.3394 18.5784 18.515 18.8994 19.8052 20.749 20.8583 20.2703 20.3662 20.4989 20.7866 20.6537 19.6571 19.1553 18.7404 19.0509 19.3771 19.463 19.4876 19.4357 19.3704 19.2402 19.6742 19.998 20.081 20.3648 20.5771 20.6434 20.6959 20.7118 20.7277 20.7386 20.7376 20.7399 20.7001 20.5974 20.2415 19.3705 19.4226 19.338 19.0745 19.7112 20.1172 20.479 20.6767 20.7364
-9999 -9999 -9999 -9999 -9999 -9999 -9999 -9999 17.4795 18.5369 18.7655 18.756 18.4151 18.5826 19.8798 20.1468 20.8354 21.4876 21.4471 21.2128 20.8253 20.3766 19.6784 18.6886 17.9029 17.5551 18.4022 19.2326 19.4106 19.6831 20.2406 20.3519 19.7504 19.1873 19.5155 19.7167 20.4605 20.6035 20.4696 19.8729 19.1895 18.8372 19.2735 19.3399 19.3749 19.3894 19.3856 19.3641 19.8442 20.1191 20.313 20.4235 20.6075 20.6625 20.6875 20.7117 20.7194 20.7212 20.7047 20.6843 20.558 20.4028 19.8129 19.3229 19.0214 18.6358 19.5399 19.8213 20.2042 20.4523 20.6491 20.7013
