Test_Spring_2018b/04_18/Temp/20180409_007.txt
ncols	170
nrows	115
xllcorner	350000.000000
yllcorner	4445000.000000
cellsize	1000.000000
nodata_value	-9999.000000
[rows 32 to 63 of 115, columns 72 to 143 of 170]
14.6308 14.3847 14.7521 15.0899 14.866 14.7139 15.2695 15.2639 15.0661 14.6088 14.4377 14.2606 14.1499 13.5649 11.9332 10.4615 11.2411 11.2535 10.7038 11.6711 11.1494 9.79962 7.89697 8.91889 8.6426 7.27817 6.9295 -9999 -9999 -9999 -9999 -9999 -9999 -9999 -9999 -9999 -9999 -9999 -9999 -9999 -9999 -9999 -9999 -9999 -9999 -9999 -9999 -9999 -9999 -9999 -9999 -9999 -9999 -9999 -9999 -9999 -9999 -9999 -9999 -9999 -9999 -9999 -9999 -9999 -9999 -9999 -9999 -9999 -9999 -9999 -9999 -9999
14.2997 14.1912 14.7398 14.7231 14.6763 14.8601 15.2022 15.2664 15.1859 14.9834 14.8074 14.6206 14.1548 13.4863 12.0889 10.4145 10.0301 10.8406 10.8734 10.9979 10.5219 9.92548 8.99633 9.74306 10.028 9.12728 7.95045 7.19199 -9999 -9999 -9999 -9999 -9999 -9999 -9999 -9999 -9999 -9999 -9999 -9999 -9999 -9999 -9999 -9999 -9999 -9999 -9999 -9999 -9999 -9999 -9999 -9999 -9999 -9999 -9999 -9999 -9999 -9999 -9999 -9999 -9999 -9999 -9999 -9999 -9999 -9999 -9999 -9999 -9999 -9999 -9999 -9999
13.9063 13.3645 13.6933 13.9388 14.3828 14.4929 14.5569 15.2117 15.1712 15.1352 14.8479 14.617 14.238 13.5944 12.6802 11.5806 9.66995 10.8383 11.7515 11.7213 11.6639 11.244 10.3511 11.0839 11.1106 9.95647 8.65334 7.88946 7.56866 -9999 -9999 -9999 -9999 -9999 -9999 -9999 -9999 -9999 -9999 -9999 -9999 -9999 -9999 -9999 -9999 -9999 -9999 -9999 -9999 -9999 -9999 -9999 -9999 -9999 -9999 -9999 -9999 -9999 -9999 -9999 -9999 -9999 -9999 -9999 -9999 -9999 -9999 -9999 -9999 -9999 -9999 -9999
13.4604 12.7998 13.1306 13.5736 14.1921 14.5054 14.746 14.938 15.134 15.1048 14.8108 13.9531 13.8259 13.7836 13.1838 11.9309 10.6795 10.3507 11.7473 12.1422 12.0534 12.3593 11.6018 11.9483 11.7948 11.3773 10.1196 8.98006 8.50577 7.57699 -9999 -9999 -9999 -9999 -9999 -9999 -9999 -9999 -9999 -9999 -9999 -9999 -9999 -9999 -9999 -9999 -9999 -9999 -9999 -9999 -9999 -9999 -9999 -9999 -9999 -9999 -9999 -9999 -9999 -9999 -9999 -9999 -9999 -9999 -9999 -9999 -9999 -9999 -9999 -9999 -9999 -9999
-9999 -9999 12.3739 12.9706 13.468 14.0747 14.5993 14.8612 15.1154 15.0891 14.5069 14.2194 14.1894 13.7946 13.103 12.6668 11.8768 11.0536 11.3594 12.5491 12.0099 12.8501 12.7706 12.9183 12.3434 11.2455 9.79516 8.94459 8.51921 7.76485 -9999 -9999 -9999 -9999 -9999 -9999 -9999 -9999 -9999 -9999 -9999 -9999 -9999 -9999 -9999 -9999 -9999 -9999 -9999 -9999 -9999 -9999 -9999 -9999 -9999 -9999 -9999 -9999 -9999 -9999 -9999 -9999 -9999 -9999 -9999 -9999 -9999 -9999 -9999 -9999 -9999 -9999
-9999 -9999 -9999 12.8505 13.2277 14.0486 14.4613 14.6294 15.0428 15.0384 14.8146 14.6443 14.3996 14.0815 13.5605 12.9861 12.2428 12.1685 12.9274 12.9302 12.7632 12.8813 13.2666 13.1547 12.2597 10.7319 9.92283 8.27564 7.57054 7.63327 7.1315 -9999 -9999 -9999 -9999 -9999 -9999 -9999 -9999 -9999 -9999 -9999 -9999 8.93334 -9999 -9999 -9999 -9999 -9999 -9999 -9999 -9999 -9999 -9999 -9999 -9999 -9999 -9999 -9999 -9999 -9999 -9999 -9999 -9999 5.80489 -9999 -9999 -9999 -9999 -9999 -9999 -9999
-9999 -9999 12.7808 13.2808 13.6773 14.1898 14.2294 14.5293 15.0055 15.0073 14.8471 14.6667 14.2678 14.165 13.8662 13.2431 13.111 13.3554 13.4644 13.5884 13.6617 13.5888 13.4214 13.2071 12.618 11.9065 11.4258 9.92425 9.15928 8.43189 7.3359 6.4771 -9999 -9999 -9999 -9999 -9999 -9999 -9999 8.38416 8.33763 8.35058 8.58245 9.23398 8.83968 -9999 -9999 -9999 -9999 -9999 -9999 -9999 -9999 -9999 -9999 -9999 -9999 -9999 -9999 -9999 -9999 -9999 -9999 -9999 6.392 5.53028 -9999 -9999 -9999 -9999 -9999 -9999
-9999 -9999 12.902 13.4396 13.7054 14.2031 14.4855 14.661 14.8227 14.977 14.9451 14.7461 14.4462 14.4431 14.0316 13.8072 13.6452 13.978 14.0386 13.896 13.7184 13.56 13.1256 13.0675 12.9053 12.4498 11.7083 10.9445 9.83532 8.3498 6.89327 5.71726 -9999 -9999 -9999 -9999 -9999 -9999 8.50468 9.046 9.36781 8.6648 9.2535 9.7906 9.69627 9.14685 -9999 -9999 -9999 -9999 -9999 -9999 -9999 -9999 -9999 -9999 -9999 -9999 -9999 -9999 10.4644 9.58161 7.80314 6.88907 6.33855 5.55453 -9999 -9999 -9999 -9999 -9999 -9999
-9999 -9999 12.7861 13.422 13.8511 14.2313 14.2876 14.6753 14.8375 14.9181 14.9029 14.8596 14.8004 14.4409 14.2834 13.7423 14.2497 14.2245 14.0885 13.568 13.3379 12.4478 12.051 11.9422 12.6739 12.1151 10.9598 9.51814 7.78385 7.65645 7.0786 6.02648 -9999 -9999 -9999 -9999 -9999 -9999 8.66596 9.2456 9.72828 9.79335 9.09424 10.0541 9.99642 9.44717 9.31582 9.75054 9.96655 9.78253 10.3019 10.4495 10.2035 10.459 -9999 -9999 -9999 -9999 10.5874 10.6182 10.6403 10.2699 8.32752 6.99929 5.80586 5.68479 -9999 -9999 -9999 -9999 -9999 -9999
-9999 -9999 13.2218 13.6114 13.8058 13.8329 14.1735 14.5114 14.7146 14.8641 14.8281 14.8107 14.7927 14.6668 14.3803 14.4261 14.3981 14.2281 13.2439 12.0955 12.5858 11.8999 10.4362 11.5976 12.2345 11.6022 10.2038 8.58404 8.0424 8.04913 7.24866 6.22087 -9999 -9999 -9999 7.0733 7.90584 7.97378 8.21584 8.9911 9.57934 10.0214 10.3196 10.2961 9.96217 9.42438 8.84027 9.03606 10.0614 10.3045 10.4992 10.6521 10.4231 10.5322 10.8026 10.9398 10.9635 10.8935 10.8739 10.8921 10.8546 10.5088 8.77091 7.77421 7.13635 5.85606 -9999 -9999 -9999 -9999 -9999 -9999
-9999 -9999 12.969 13.3071 13.5799 14.0311 14.0746 14.3613 14.5275 14.7769 14.8013 14.4953 14.7401 14.7036 14.6525 14.549 14.3991 13.5679 12.4238 11.2762 10.742 10.9552 10.0732 10.5042 11.1494 10.897 10.0312 8.58671 8.37372 8.02609 6.68192 5.39243 -9999 -9999 5.44503 7.04706 8.17396 8.75312 8.92935 8.94192 9.68468 9.73771 10.5366 10.3352 9.25809 9.36907 8.94483 9.20361 9.57225 9.66701 10.1971 10.7127 10.8045 10.8001 10.97 11.0005 11.0046 10.9953 10.8714 10.9218 10.926 10.7089 9.44876 8.83182 8.14789 5.867 -9999 -9999 -9999 -9999 -9999 -9999
-9999 -9999 13.1352 13.5138 13.9286 13.9912 14.297 14.2567 14.1612 14.5904 14.7418 14.5247 14.3673 14.6456 14.6218 14.5798 14.5131 13.7318 12.8278 11.4617 10.6094 10.0817 9.70518 9.19435 9.51978 9.4049 9.25487 9.40204 8.99442 8.19347 7.40453 5.93462 5.13831 -9999 5.52294 6.24317 7.58466 8.72429 9.44618 9.18052 10.0261 10.1783 10.6577 10.3622 9.70333 9.41454 9.38047 9.28602 9.84926 10.2237 10.48 10.6534 10.8711 10.9218 10.9733 10.9918 10.9999 11.0085 11.0013 10.9928 10.9634 10.8794 10.2978 9.67846 8.35263 5.93568 -9999 -9999 -9999 -9999 -9999 -9999
-9999 12.0195 13.0839 13.7222 13.9659 14.1402 14.293 14.4022 14.5156 14.6206 14.6938 14.6543 14.0867 14.1288 14.2261 14.5418 14.5142 14.4388 13.9418 12.2808 11.6994 10.8513 9.75914 9.28964 9.50349 10.3779 10.326 9.72653 9.0602 8.14048 7.55217 6.64891 4.92237 5.07004 5.83742 6.40775 7.31826 8.71261 9.68886 10.122 10.2824 10.6176 10.79 10.3854 9.9975 9.83016 9.52775 9.47659 9.46886 9.80506 10.0596 10.6505 10.8448 10.9293 10.9702 10.9899 11.0034 11.0171 11.0194 11.004 11.0009 10.9924 10.9431 10.1248 8.08373 6.54709 -9999 -9999 -9999 -9999 -9999 -9999
-9999 -9999 12.8782 13.1559 13.2244 13.3483 13.608 13.9083 14.3349 14.3857 14.6197 14.6127 14.1219 13.5572 14.0421 14.2322 14.4288 14.4296 14.3604 12.9595 12.2234 11.641 10.5929 10.9494 11.2923 11.3064 11.0791 9.80737 8.54107 7.07992 5.7186 5.64434 4.90735 5.28389 5.78902 7.09548 8.0141 8.38448 8.64943 10.067 10.4294 10.5488 10.9055 10.4013 10.2635 9.88104 9.982 9.93923 9.93114 8.88783 9.90901 9.96163 10.6288 10.9242 10.9862 10.9995 11.0147 11.0136 11.0137 11.0071 11.0104 10.9947 10.979 10.4455 7.8589 6.55936 -9999 -9999 -9999 -9999 -9999 -9999
-9999 -9999 -9999 -9999 12.9501 13.1603 13.293 13.5269 14.2539 14.4466 14.5733 14.5801 14.3595 13.7993 13.6495 13.7474 13.2011 13.6484 14.2612 14.2377 14.1533 12.9212 12.2799 12.8725 12.6755 11.7438 11.0076 10.2811 8.80027 7.71011 6.15129 4.97909 4.92666 6.20212 7.26045 8.58272 9.16425 8.82741 9.1848 9.88461 10.6812 11.0627 10.9641 10.4329 10.3474 9.76256 10.3177 10.3557 10.0824 9.84477 9.92001 10.2452 10.3644 10.8852 11.0065 11.0229 11.0223 11.0203 11.0144 11.008 10.9969 10.9875 10.9759 10.9476 8.28894 6.2209 -9999 -9999 -9999 -9999 -9999 -9999
-9999 -9999 -9999 -9999 12.4335 12.5594 12.8993 13.7814 14.2389 14.4217 14.4107 14.4933 14.3365 13.8441 13.3386 12.8617 12.2469 12.5903 13.5065 14.0427 14.0953 13.0138 13.5549 13.3333 12.9087 11.694 10.7951 10.3125 8.89015 7.66793 6.62713 5.19533 5.7949 6.45741 7.31174 8.7543 9.72725 10.1249 9.78376 10.2305 11.1481 11.147 10.635 10.6598 10.3401 9.54423 10.3523 10.5721 10.3758 10.4134 10.3289 10.4443 10.6625 10.8717 11.0092 11.0229 11.0201 11.0113 11.0075 11.0041 10.9902 10.9872 10.9757 10.9578 9.24006 6.17523 -9999 -9999 -9999 -9999 -9999 -9999
-9999 -9999 -9999 -9999 -9999 11.9573 12.7404 13.9132 14.1983 14.1667 14.4054 14.4221 14.1837 13.9764 13.3638 12.528 10.9252 11.3268 12.1697 13.3868 14.0215 13.9242 13.5495 12.9143 11.3952 10.0639 9.89029 9.66122 8.61971 7.67493 6.51904 7.17259 7.8907 8.67845 9.09019 8.97689 9.80997 10.4886 10.1949 10.744 11.3846 11.0854 10.905 10.7515 10.3839 10.3527 10.3796 10.8338 10.5017 10.6888 10.6785 10.6585 10.7604 10.8797 11.0063 11.0224 11.0177 11.0158 10.9966 10.9984 10.9872 10.9759 10.965 10.9491 10.7894 9.13693 8.14631 -9999 -9999 -9999 -9999 -9999
-9999 -9999 -9999 -9999 -9999 11.223 11.6106 13.0007 13.4242 14.0359 14.3587 14.3695 13.9697 13.7449 12.8339 12.5359 11.0531 10.3778 10.939 10.7136 12.3915 13.8741 13.5328 10.5064 9.40175 8.60985 8.79647 8.78522 8.48617 6.88867 6.44172 7.84892 8.73261 9.41667 9.93508 10.0391 10.0172 11.081 11.2183 11.5604 11.4796 11.5054 10.9594 10.6179 10.8969 10.5512 10.4838 10.9535 10.4702 10.8875 10.8218 10.6847 10.6698 10.9441 10.9946 11.0189 11.0155 11.0003 10.9824 10.9706 10.9761 10.9682 10.9487 10.9453 10.9254 10.7258 9.8674 9.56384 9.88876 -9999 -9999 -9999
-9999 -9999 -9999 -9999 -9999 -9999 10.3026 12.2366 13.1152 13.5759 14.2268 14.3015 14.0851 13.7002 12.7724 11.9557 10.6297 9.11518 8.3077 10.6926 12.7662 13.8432 13.6841 11.1631 10.1603 10.1014 10.6715 10.1667 9.78118 8.56379 8.19395 7.68502 7.98455 8.93949 9.72055 10.4752 11.0231 11.0643 11.4186 11.6182 11.6295 11.6876 11.6171 11.5575 11.0253 11.3751 11.0604 11.2121 11.0978 10.9937 10.8978 10.5917 10.7939 10.9728 11.0142 11.0222 11.0061 10.9992 10.9875 10.9665 10.9544 10.9495 10.9438 10.9301 10.9254 10.9128 10.8123 10.2936 9.60056 8.72617 -9999 -9999
-9999 -9999 -9999 -9999 -9999 -9999 9.32716 11.2518 12.1742 13.3665 13.9766 14.2201 14.1836 13.8708 13.1648 12.1037 11.2185 9.52824 7.77251 10.275 12.5024 13.7 13.7534 11.6279 12.2001 11.7153 11.8934 11.0164 10.6453 10.3466 9.71561 9.02746 8.27411 7.87375 9.6352 10.5377 11.2635 11.6037 11.7941 11.8867 11.8278 11.6874 10.8956 11.4859 11.4418 11.3729 11.295 11.2522 11.1803 11.0975 11.0395 11.0158 10.8104 11.025 11.0134 11.0108 11.0069 10.9966 10.9814 10.9679 10.9522 10.9476 10.9357 10.9238 10.9139 10.9079 10.8967 10.8633 10.7214 9.54931 8.84567 8.6408
-9999 -9999 -9999 -9999 -9999 -9999 6.6084 9.41101 11.6583 12.8322 13.7834 14.043 14.1377 13.719 13.4048 12.6428 11.9204 10.808 9.14355 8.11548 9.98517 12.7093 13.7052 13.6093 13.5345 12.9765 12.4725 12.3987 12.4243 11.8372 10.989 9.88982 9.54037 9.1517 10.4621 10.6356 10.5347 11.9772 11.9759 11.8888 11.3298 10.7018 10.8125 10.4193 10.701 10.2345 10.6457 10.9997 11.1259 11.1051 11.042 11.0247 10.9955 11.027 11.0201 11.0081 10.9982 10.991 10.9814 10.9606 10.9472 10.9495 10.9324 10.9195 10.9061 10.9019 10.8939 10.8678 10.8434 10.6583 10.3828 9.85955
-9999 -9999 -9999 -9999 -9999 -9999 6.72059 9.0745 11.0728 12.2648 13.4157 13.6795 14.0653 13.977 13.6478 12.9846 12.1566 11.24 9.81106 8.74667 9.99644 11.799 13.0888 13.5373 13.52 13.4774 13.3426 13.2763 13.1217 13.005 12.3973 11.3562 10.7668 9.90837 11.3692 11.5284 11.2939 12.0209 11.9792 10.867 10.0103 9.89809 10.4075 9.90608 9.80679 9.48872 9.82719 10.7493 10.465 10.5096 10.9166 10.9784 11.0147 11.02 11.0108 11.0031 10.9908 10.9871 10.9838 10.9631 10.9515 10.9437 10.9235 10.9141 10.8983 10.8873 10.8743 10.858 10.8353 10.7787 10.7165 10.7657
-9999 -9999 -9999 -9999 -9999 -9999 6.76168 8.34262 10.1403 11.8993 13.1284 13.6216 13.9795 13.9712 13.5889 13.2566 12.7355 11.9281 11.3719 10.4104 9.09266 11.2804 11.9404 12.5243 12.7628 13.3781 13.3515 13.0533 12.704 13.0037 12.9005 12.0772 11.8017 11.3423 12.152 12.1482 12.1201 12.0711 11.1305 9.8251 8.78025 9.52171 9.35877 9.69095 8.61522 9.47929 10.1744 10.3937 9.90515 9.5413 10.6241 10.7973 10.8984 10.9611 11.0005 10.9839 10.9899 10.9787 10.971 10.9632 10.9497 10.9398 10.9261 10.9119 10.8953 10.8857 10.8684 10.8475 10.8412 10.8078 10.7916 10.7726
-9999 -9999 -9999 -9999 -9999 -9999 -9999 7.39754 9.67093 11.7065 12.8377 13.5474 13.8908 13.8797 13.6816 13.454 13.1285 12.5441 11.811 10.6559 9.79582 10.3282 10.9737 11.0305 11.4589 12.7211 13.1453 12.5184 10.979 11.8648 12.8593 12.8349 12.7419 12.6393 12.5106 12.3942 12.1469 11.4941 9.5057 9.10923 8.32534 8.40728 8.00139 8.86092 8.52246 9.40932 9.78866 9.92637 9.08979 9.24854 10.212 10.5897 10.5189 10.7487 10.9681 10.97 10.9714 10.9608 10.9611 10.9586 10.9506 10.9362 10.9245 10.9146 10.8886 10.8879 10.8095 10.7567 10.6545 10.7695 10.7757 10.7743
-9999 -9999 -9999 -9999 -9999 -9999 -9999 6.92814 9.20371 11.6017 12.3681 13.1334 13.7931 13.801 13.5006 13.2145 12.9195 12.5842 11.6964 10.8347 10.0113 9.72918 9.88477 9.84858 10.5487 12.197 12.508 12.361 10.7495 10.2019 11.5335 12.6519 12.7331 12.6241 11.2922 11.5684 10.8475 9.87203 9.59936 9.16902 8.26597 8.69126 8.02749 8.30199 8.20903 8.70921 8.94879 9.545 8.81521 8.80232 9.74832 10.2231 10.2286 10.728 10.9024 10.9442 10.9511 10.9549 10.9526 10.9563 10.9475 10.936 10.922 10.8937 10.8318 10.6467 9.68562 9.68218 9.94063 10.1849 10.6289 10.7534
-9999 -9999 -9999 -9999 -9999 -9999 -9999 7.18366 8.7609 10.8879 12.4621 12.556 13.3187 13.7098 13.3834 13.0164 12.6407 12.4728 11.5071 10.4466 9.58797 8.57254 8.73004 9.44455 10.6031 11.6647 11.8467 11.6157 10.7427 11.1371 12.0427 12.5202 12.656 12.5364 12.2412 12.0682 11.5356 11.3014 10.5642 9.41474 8.95816 9.23693 8.01633 8.09413 8.53566 8.0404 8.81866 9.18697 8.24736 8.96994 9.80754 10.2327 10.6038 10.7765 10.8421 10.946 10.9439 10.9483 10.9488 10.9428 10.9385 10.9166 10.8977 10.7915 10.6368 9.73805 9.36002 9.42854 9.83721 10.1944 10.5661 10.7166
-9999 -9999 -9999 -9999 -9999 -9999 -9999 7.44512 8.86447 10.7078 11.8284 12.0243 12.8705 13.6222 13.532 13.1501 13.0296 12.6335 11.8135 10.9081 9.91879 9.43362 8.32799 9.39995 10.2299 11.1279 11.5431 10.8217 10.4611 11.0759 11.6875 11.9274 12.546 12.5331 12.3226 11.4369 11.002 11.1772 10.9869 10.6582 9.86488 9.82338 9.31113 9.09481 8.88988 8.22844 8.63079 8.66426 8.7659 9.63862 10.0715 10.3566 10.6156 10.6793 10.7891 10.9333 10.9415 10.9421 10.9368 10.9351 10.9197 10.8727 10.8324 10.6231 10.2559 9.57456 8.47234 9.24088 10.0447 10.2829 10.5094 10.6271
-9999 -9999 -9999 -9999 -9999 -9999 -9999 7.19402 8.702 10.2764 10.9313 11.0377 12.5733 13.5114 13.5072 13.3229 13.1086 12.1395 12.1893 11.9898 11.0967 9.79881 8.3738 8.49843 9.32556 10.5067 10.8942 9.71479 9.29686 9.58996 10.519 11.3502 12.2186 12.4342 12.1707 10.7955 9.33469 10.0032 10.7179 10.7078 10.49 9.75369 9.51533 9.29874 8.75922 7.84534 7.9633 8.20684 9.19727 9.50971 9.99609 10.3992 10.239 10.3236 10.7096 10.929 10.9325 10.9316 10.9343 10.9246 10.9066 10.8174 10.7232 10.568 9.61796 9.02534 8.16757 9.15466 9.70118 9.98768 10.5081 10.629
-9999 -9999 -9999 -9999 -9999 -9999 -9999 6.71714 7.80964 9.31401 9.91676 10.8818 12.3325 13.043 13.3805 13.3668 13.2218 12.7843 12.5184 12.0007 11.072 9.8045 8.39608 7.47619 7.93133 9.51768 9.88492 8.80097 8.24919 8.9181 9.90881 11.3797 12.2173 12.3245 12.2414 11.9527 10.8845 9.5952 9.59342 10.2308 9.68611 9.05394 9.39166 9.32132 8.78867 8.39925 8.14641 8.28289 8.84222 9.07359 9.63664 10.4707 10.5853 10.556 10.9043 10.9169 10.9201 10.9286 10.9235 10.9155 10.9003 10.8266 10.6673 10.0334 9.47991 8.71172 8.61247 9.49255 9.87724 10.2291 10.4824 10.5621
-9999 -9999 -9999 -9999 -9999 -9999 -9999 5.90208 7.18835 8.59703 9.91573 11.1631 12.2358 12.3132 12.8761 12.8692 13.161 13.0691 12.6628 12.2257 11.4245 9.79846 8.42968 6.93736 7.32037 8.94719 9.13239 8.40792 7.0767 8.43487 9.93373 11.2917 12.0237 11.4374 12.0246 11.9694 11.5652 10.7951 9.60136 9.61768 8.72147 8.67646 9.12717 9.26902 9.18625 8.89237 8.42188 8.48407 8.81782 8.90058 9.41769 10.0636 10.6951 10.7967 10.913 10.9131 10.9101 10.9152 10.9117 10.8938 10.8565 10.7796 10.2474 9.61535 9.22412 8.68742 8.61804 9.63758 10.0386 10.2566 10.4749 10.5585
-9999 -9999 -9999 -9999 -9999 -9999 -9999 -9999 7.04762 8.50296 9.5783 9.86338 10.8161 11.3278 11.7223 11.8048 12.9418 12.9983 12.7382 12.3361 11.6517 10.416 9.55247 8.12072 7.08913 7.48607 7.65853 8.02621 7.90712 8.50841 9.94843 11.4493 11.6067 10.6416 10.7768 10.9708 11.4138 11.1797 9.55533 8.72704 8.03844 8.51697 9.02062 9.13758 9.15573 9.05069 8.92246 8.70444 9.3805 9.87926 9.99045 10.4248 10.7442 10.8286 10.891 10.8944 10.898 10.8933 10.8697 10.8513 10.7651 10.5777 9.98288 8.55902 8.6205 8.46217 8.01584 9.01029 9.63032 10.1897 10.485 10.5582
-9999 -9999 -9999 -9999 -9999 -9999 -9999 -9999 6.55278 8.23747 8.58831 8.55548 7.98933 8.24093 10.3106 10.7223 11.8124 12.844 12.761 12.3664 11.7256 10.9865 9.84616 8.23687 6.95626 6.39943 7.75155 9.0775 9.34684 9.76804 10.6474 10.8085 9.82199 8.89675 9.40566 9.70976 10.8868 11.0965 10.8604 9.87932 8.7584 8.17026 8.85085 8.93622 8.97088 8.97238 8.94085 8.89379 9.64934 10.069 10.3584 10.5135 10.787 10.8531 10.8709 10.8874 10.8776 10.8584 10.8097 10.7549 10.5296 10.2579 9.28658 8.47596 7.96862 7.32589 8.75854 9.18127 9.76658 10.1404 10.4341 10.4953
