Test_Spring_2018b/04_18/Temp/20180411_018.txt
ncols	170
nrows	115
xllcorner	350000.000000
yllcorner	4445000.000000
cellsize	1000.000000
nodata_value	-9999.000000
[rows 32 to 63 of 115, columns 72 to 143 of 170]
15.7577 15.6775 15.8358 15.9826 15.9146 15.8693 16.1049 16.1175 16.0554 15.8925 15.8408 15.7866 15.7583 15.5456 14.9259 14.3683 14.6859 14.7052 14.5059 14.8962 14.7076 14.197 13.4714 13.8827 13.7893 13.2752 13.1564 -9999 -9999 -9999 -9999 -9999 -9999 -9999 -9999 -9999 -9999 -9999 -9999 -9999 -9999 -9999 -9999 -9999 -9999 -9999 -9999 -9999 -9999 -9999 -9999 -9999 -9999 -9999 -9999 -9999 -9999 -9999 -9999 -9999 -9999 -9999 -9999 -9999 -9999 -9999 -9999 -9999 -9999 -9999 -9999 -9999
15.6319 15.6052 15.834 15.8431 15.8397 15.9293 16.0818 16.1216 16.1052 16.0413 15.9877 15.9298 15.7634 15.5182 14.9896 14.3532 14.2182 14.5477 14.5748 14.6375 14.4666 14.2489 13.9017 14.206 14.3307 13.9973 13.5561 13.2755 -9999 -9999 -9999 -9999 -9999 -9999 -9999 -9999 -9999 -9999 -9999 -9999 -9999 -9999 -9999 -9999 -9999 -9999 -9999 -9999 -9999 -9999 -9999 -9999 -9999 -9999 -9999 -9999 -9999 -9999 -9999 -9999 -9999 -9999 -9999 -9999 -9999 -9999 -9999 -9999 -9999 -9999 -9999 -9999
15.4821 15.287 15.4303 15.5413 15.7276 15.7943 15.8341 16.1035 16.1027 16.1035 16.0066 15.9317 15.7991 15.5635 15.2228 14.8098 14.0815 14.5501 14.9194 14.9219 14.9137 14.7645 14.4314 14.7301 14.7544 14.3249 13.8321 13.5493 13.4389 -9999 -9999 -9999 -9999 -9999 -9999 -9999 -9999 -9999 -9999 -9999 -9999 -9999 -9999 -9999 -9999 -9999 -9999 -9999 -9999 -9999 -9999 -9999 -9999 -9999 -9999 -9999 -9999 -9999 -9999 -9999 -9999 -9999 -9999 -9999 -9999 -9999 -9999 -9999 -9999 -9999 -9999 -9999
15.312 15.0707 15.2148 15.4026 15.6572 15.7979 15.9108 16.0004 16.0915 16.095 15.9956 15.6769 15.6423 15.6405 15.4219 14.9494 14.4774 14.3639 14.9211 15.0888 15.0683 15.2012 14.9206 15.0691 15.0232 14.8774 14.4052 13.9759 13.8056 13.4588 -9999 -9999 -9999 -9999 -9999 -9999 -9999 -9999 -9999 -9999 -9999 -9999 -9999 -9999 -9999 -9999 -9999 -9999 -9999 -9999 -9999 -9999 -9999 -9999 -9999 -9999 -9999 -9999 -9999 -9999 -9999 -9999 -9999 -9999 -9999 -9999 -9999 -9999 -9999 -9999 -9999 -9999
-9999 -9999 14.924 15.1702 15.3834 15.6336 15.857 15.9738 16.0876 16.0923 15.8809 15.784 15.7871 15.6483 15.3941 15.2391 14.9464 14.6407 14.7738 15.2504 15.0547 15.3952 15.3781 15.4492 15.2394 14.829 14.2817 13.9645 13.8132 13.534 -9999 -9999 -9999 -9999 -9999 -9999 -9999 -9999 -9999 -9999 -9999 -9999 -9999 -9999 -9999 -9999 -9999 -9999 -9999 -9999 -9999 -9999 -9999 -9999 -9999 -9999 -9999 -9999 -9999 -9999 -9999 -9999 -9999 -9999 -9999 -9999 -9999 -9999 -9999 -9999 -9999 -9999
-9999 -9999 -9999 15.1269 15.2931 15.6276 15.8067 15.887 16.0628 16.0761 16.004 15.9527 15.8725 15.7636 15.5757 15.3669 15.0924 15.0778 15.387 15.402 15.351 15.4107 15.5741 15.5442 15.2123 14.6321 14.3312 13.7068 13.4466 13.4849 13.3039 -9999 -9999 -9999 -9999 -9999 -9999 -9999 -9999 -9999 -9999 -9999 -9999 14.2057 -9999 -9999 -9999 -9999 -9999 -9999 -9999 -9999 -9999 -9999 -9999 -9999 -9999 -9999 -9999 -9999 -9999 -9999 -9999 -9999 13.3534 -9999 -9999 -9999 -9999 -9999 -9999 -9999
-9999 -9999 15.089 15.3017 15.4711 15.6857 15.7156 15.8515 16.0517 16.0675 16.0202 15.9651 15.8249 15.7998 15.6983 15.4707 15.4338 15.543 15.5995 15.6616 15.7038 15.6891 15.6376 15.5677 15.3546 15.0915 14.9181 14.3504 14.0662 13.7972 13.385 13.0651 -9999 -9999 -9999 -9999 -9999 -9999 -9999 13.9269 13.9251 13.9468 14.0539 14.3243 14.1883 -9999 -9999 -9999 -9999 -9999 -9999 -9999 -9999 -9999 -9999 -9999 -9999 -9999 -9999 -9999 -9999 -9999 -9999 -9999 13.5842 13.2661 -9999 -9999 -9999 -9999 -9999 -9999
-9999 -9999 15.1423 15.3666 15.4852 15.6941 15.8194 15.9061 15.9841 16.0592 16.062 15.9997 15.8982 15.9118 15.7666 15.694 15.6454 15.789 15.8266 15.785 15.7295 15.6814 15.5259 15.5166 15.4692 15.3054 15.0304 14.7468 14.331 13.767 13.2144 12.771 -9999 -9999 -9999 -9999 -9999 -9999 13.9583 14.1849 14.3265 14.0701 14.3161 14.5422 14.5231 14.3322 -9999 -9999 -9999 -9999 -9999 -9999 -9999 -9999 -9999 -9999 -9999 -9999 -9999 -9999 15.1036 14.7767 14.1018 13.7631 13.5659 13.2781 -9999 -9999 -9999 -9999 -9999 -9999
-9999 -9999 15.1004 15.3629 15.5451 15.7084 15.7458 15.9161 15.9933 16.0399 16.0493 16.0476 16.0397 15.915 15.8686 15.6728 15.8845 15.8889 15.8499 15.6613 15.5854 15.2527 15.1116 15.0845 15.3821 15.178 14.7419 14.1945 13.5327 13.499 13.2877 12.8922 -9999 -9999 -9999 -9999 -9999 -9999 14.0214 14.263 14.4673 14.5096 14.2553 14.646 14.646 14.4509 14.4182 14.6057 14.708 14.655 14.8782 14.9531 14.8747 14.9909 -9999 -9999 -9999 -9999 15.1219 15.1498 15.1745 15.0467 14.308 13.8084 13.3613 13.3349 -9999 -9999 -9999 -9999 -9999 -9999
-9999 -9999 15.273 15.4397 15.5307 15.5567 15.7048 15.8557 15.949 16.0243 16.0256 16.034 16.0421 16.0082 15.9116 15.9441 15.9477 15.8958 15.5272 15.0945 15.2986 15.0433 14.4874 14.9537 15.2142 14.9812 14.4504 13.8335 13.6351 13.6531 13.355 12.97 -9999 -9999 -9999 13.3571 13.6958 13.7376 13.8476 14.1655 14.411 14.599 14.7326 14.7413 14.6341 14.4438 14.2356 14.3305 14.7477 14.8607 14.9579 15.0351 14.9634 15.0245 15.146 15.2155 15.2407 15.2292 15.2374 15.2603 15.2618 15.1435 14.4828 14.112 13.881 13.4083 -9999 -9999 -9999 -9999 -9999 -9999
-9999 -9999 15.1779 15.3246 15.4461 15.6393 15.6718 15.7991 15.8826 15.9939 16.0187 15.915 16.0254 16.0263 16.0213 15.9958 15.952 15.6431 15.2123 14.7798 14.5856 14.682 14.352 14.534 14.7977 14.7098 14.3869 13.838 13.7678 13.6447 13.1371 12.6487 -9999 -9999 12.7097 13.3469 13.7998 14.0404 14.125 14.1464 14.4523 14.4904 14.819 14.7588 14.3626 14.4248 14.2784 14.3982 14.5635 14.6189 14.8436 15.0641 15.117 15.132 15.2143 15.2422 15.2596 15.2716 15.239 15.2743 15.2918 15.2236 14.7501 14.527 14.2809 13.4158 -9999 -9999 -9999 -9999 -9999 -9999
-9999 -9999 15.2476 15.4102 15.5869 15.6269 15.7615 15.7617 15.7434 15.9256 15.9991 15.9301 15.8842 16.0075 16.0132 16.0116 16.0002 15.7107 15.3732 14.8557 14.5377 14.3459 14.2123 14.0287 14.1679 14.1358 14.0899 14.1595 14.011 13.7114 13.4172 12.8603 12.5636 -9999 12.74 13.0342 13.5705 14.029 14.3258 14.2392 14.5853 14.6623 14.8666 14.7705 14.5371 14.4475 14.4537 14.4362 14.6742 14.8386 14.9571 15.0425 15.1462 15.1826 15.2189 15.2419 15.2607 15.2795 15.2921 15.3044 15.3087 15.2921 15.0824 14.8606 14.3625 13.4445 -9999 -9999 -9999 -9999 -9999 -9999
-9999 14.8027 15.2307 15.4942 15.6045 15.6879 15.7631 15.8214 15.8841 15.9406 15.9845 15.9839 15.7786 15.8102 15.8631 16.0006 16.0044 15.9893 15.81 15.1778 14.9654 14.6491 14.2373 14.0688 14.1645 14.5168 14.5088 14.2878 14.0407 13.6946 13.476 13.1373 12.4802 12.5506 12.8624 13.0982 13.4669 14.0244 14.4201 14.6054 14.6853 14.8334 14.9191 14.7841 14.6562 14.6111 14.5133 14.513 14.5293 14.6789 14.7969 15.045 15.1379 15.1888 15.2209 15.2443 15.265 15.2856 15.3017 15.3112 15.3256 15.3383 15.3371 15.0361 14.264 13.6883 -9999 -9999 -9999 -9999 -9999 -9999
-9999 -9999 15.1537 15.277 15.3192 15.3831 15.4999 15.6326 15.8169 15.8522 15.9587 15.9716 15.7957 15.5915 15.7951 15.8838 15.9748 15.9893 15.9763 15.4457 15.1729 14.9594 14.5647 14.7171 14.8628 14.8805 14.8041 14.3215 13.8409 13.2841 12.7666 12.7496 12.4741 12.6343 12.844 13.3658 13.7376 13.8971 14.0164 14.5845 14.7428 14.8099 14.968 14.7917 14.7614 14.6329 14.6923 14.6956 14.7121 14.3256 14.7418 14.7803 15.0572 15.1892 15.2303 15.251 15.2722 15.2869 15.3021 15.3148 15.3316 15.3425 15.3558 15.1661 14.1787 13.6952 -9999 -9999 -9999 -9999 -9999 -9999
-9999 -9999 -9999 -9999 15.2155 15.313 15.3805 15.4874 15.7884 15.8789 15.9437 15.9618 15.8914 15.6888 15.6457 15.6986 15.5008 15.689 15.9414 15.9459 15.9264 15.4603 15.2247 15.4677 15.4034 15.0533 14.7789 14.5081 13.9439 13.531 12.9365 12.4925 12.4841 12.9925 13.4169 13.9448 14.1855 14.07 14.2253 14.5155 14.8435 15.011 14.9923 14.8058 14.796 14.5892 14.8254 14.8603 14.7739 14.7008 14.7494 14.894 14.9578 15.1772 15.2406 15.2631 15.278 15.2922 15.3049 15.3176 15.3307 15.3437 15.3566 15.3634 14.3481 13.566 -9999 -9999 -9999 -9999 -9999 -9999
-9999 -9999 -9999 -9999 15.0176 15.0823 15.2304 15.5894 15.7856 15.8722 15.8834 15.931 15.8855 15.7093 15.5278 15.3573 15.133 15.2808 15.651 15.8731 15.9069 15.4994 15.7234 15.6498 15.497 15.0367 14.699 14.5229 13.9813 13.517 13.1237 12.5786 12.8235 13.0934 13.4385 14.013 14.4059 14.5762 14.4601 14.6514 15.0266 15.0455 14.8663 14.8962 14.7954 14.5068 14.8416 14.9473 14.8909 14.925 14.9115 14.9745 15.0769 15.175 15.2447 15.2656 15.2799 15.2914 15.3048 15.3194 15.3302 15.3458 15.3587 15.3697 14.7204 13.5508 -9999 -9999 -9999 -9999 -9999 -9999
-9999 -9999 -9999 -9999 -9999 14.8512 15.1715 15.6435 15.7726 15.7758 15.8841 15.9061 15.8288 15.7634 15.5404 15.2303 14.6219 14.7924 15.1341 15.621 15.881 15.8562 15.7242 15.4898 14.9115 14.4059 14.3501 14.2725 13.8789 13.5224 13.0843 13.3498 13.6407 13.9592 14.1322 14.1019 14.4404 14.7198 14.6222 14.8534 15.121 15.0241 14.9738 14.9345 14.8152 14.8239 14.855 15.052 14.9428 15.0349 15.0503 15.0607 15.1178 15.181 15.2464 15.2682 15.2816 15.2958 15.3034 15.3197 15.3315 15.344 15.3572 15.3691 15.3254 14.705 14.3392 -9999 -9999 -9999 -9999 -9999
-9999 -9999 -9999 -9999 -9999 14.5685 14.7351 15.2915 15.4744 15.7277 15.8687 15.8883 15.7481 15.676 15.3369 15.2359 14.6742 14.4259 14.6582 14.5843 15.25 15.8395 15.7205 14.5566 14.1395 13.8437 13.9279 13.9351 13.8301 13.2199 13.0574 13.6159 13.9712 14.2494 14.4639 14.5182 14.5243 14.9534 15.0234 15.1741 15.1612 15.1906 14.9982 14.8858 15.0178 14.9042 14.8986 15.1015 14.9335 15.115 15.1088 15.0736 15.0853 15.2087 15.2444 15.2694 15.2836 15.2925 15.3006 15.3118 15.3302 15.344 15.3539 15.3707 15.3814 15.3258 15.0114 14.9126 15.0579 -9999 -9999 -9999
-9999 -9999 -9999 -9999 -9999 -9999 14.2293 14.9971 15.357 15.5515 15.82 15.8643 15.7957 15.6611 15.3154 15.0128 14.512 13.9376 13.6377 14.5787 15.3983 15.8301 15.7821 14.8148 14.4374 14.4266 14.6601 14.4754 14.337 13.8746 13.7422 13.5559 13.6843 14.0677 14.3851 14.6921 14.9197 14.9513 15.1057 15.2008 15.2237 15.2655 15.2578 15.2548 15.0713 15.2279 15.126 15.2051 15.1803 15.1591 15.141 15.04 15.1359 15.2222 15.2544 15.2743 15.2829 15.2951 15.3057 15.3131 15.3252 15.3402 15.3555 15.3682 15.3849 15.4019 15.382 15.1995 14.949 14.6277 -9999 -9999
-9999 -9999 -9999 -9999 -9999 -9999 13.8528 14.6168 14.9939 15.4728 15.7256 15.8356 15.8365 15.7299 15.4704 15.0726 14.7432 14.1006 13.4323 14.4193 15.2982 15.777 15.8107 14.9984 15.2334 15.0572 15.1385 14.8093 14.6767 14.5717 14.3379 14.0821 13.801 13.6594 14.3571 14.7217 15.0185 15.1663 15.2569 15.3104 15.3045 15.27 14.9818 15.2311 15.2372 15.2307 15.2206 15.2238 15.2153 15.2021 15.1986 15.2072 15.1447 15.2458 15.2588 15.2729 15.2864 15.2974 15.3068 15.3172 15.3273 15.3426 15.3563 15.3696 15.3842 15.4038 15.4185 15.4244 15.388 14.9508 14.6953 14.6367
-9999 -9999 -9999 -9999 -9999 -9999 12.7986 13.9039 14.7966 15.2681 15.6533 15.7693 15.8211 15.6733 15.566 15.2846 15.0184 14.6004 13.9676 13.582 14.3229 15.3954 15.7947 15.7716 15.7553 15.5509 15.3671 15.3505 15.3723 15.1554 14.8371 14.4218 14.3006 14.162 14.6845 14.7657 14.7412 15.3176 15.3336 15.3171 15.1178 14.8907 14.9528 14.821 14.9535 14.7921 14.9717 15.1289 15.1971 15.2078 15.2021 15.2147 15.2203 15.2517 15.2645 15.2752 15.2865 15.2989 15.3106 15.3183 15.3293 15.3469 15.3582 15.371 15.3852 15.4054 15.4212 15.4298 15.4388 15.3852 15.2959 15.1137
-9999 -9999 -9999 -9999 -9999 -9999 12.8453 13.7797 14.5717 15.0506 15.5131 15.6307 15.7956 15.7762 15.663 15.4199 15.1127 14.7708 14.2296 13.8299 14.3296 15.0442 15.5589 15.7477 15.7529 15.749 15.7091 15.6955 15.6475 15.6137 15.3895 15 14.7833 14.4623 15.0435 15.1194 15.043 15.3412 15.3414 14.9261 14.6109 14.5856 14.8006 14.6248 14.6091 14.5063 14.6573 15.0349 14.9451 14.9809 15.1578 15.1992 15.2341 15.2522 15.2643 15.2767 15.2873 15.3013 15.3156 15.3235 15.3353 15.3491 15.3584 15.3734 15.3853 15.403 15.4176 15.4297 15.4393 15.4353 15.4303 15.4709
-9999 -9999 -9999 -9999 -9999 -9999 12.8645 13.4981 14.2121 14.9114 15.4043 15.611 15.765 15.7766 15.6428 15.5283 15.3403 15.0409 14.839 14.4794 13.9811 14.8453 15.1155 15.3572 15.4633 15.7152 15.7174 15.6138 15.4893 15.618 15.5938 15.2861 15.1917 15.0262 15.3545 15.3672 15.3711 15.3676 15.0183 14.5277 14.1391 14.4453 14.4004 14.5462 14.1506 14.5072 14.7967 14.9011 14.7307 14.6074 15.0469 15.1363 15.1922 15.2327 15.2639 15.273 15.2909 15.3022 15.315 15.328 15.3392 15.3522 15.364 15.3759 15.3887 15.4069 15.4186 15.4302 15.4461 15.4517 15.4629 15.4772
-9999 -9999 -9999 -9999 -9999 -9999 -9999 13.1343 14.0336 14.84 15.2947 15.5856 15.7339 15.7444 15.6821 15.6083 15.4964 15.2837 15.013 14.5782 14.2578 14.4786 14.7433 14.7803 14.96 15.4637 15.6414 15.4103 14.8241 15.1849 15.5841 15.5873 15.564 15.5374 15.5008 15.4699 15.3886 15.1504 14.3935 14.2566 13.9693 14.0189 13.8793 14.2298 14.1208 14.4846 14.6509 14.7232 14.4164 14.497 14.8951 15.059 15.0482 15.1538 15.2551 15.2716 15.2879 15.2996 15.3157 15.3309 15.3443 15.3559 15.3686 15.3822 15.3917 15.4135 15.4014 15.3992 15.3776 15.4401 15.4601 15.4886
-9999 -9999 -9999 -9999 -9999 -9999 -9999 12.9554 13.8552 14.8024 15.1154 15.4278 15.6991 15.717 15.6149 15.5183 15.4182 15.3024 14.9716 14.6509 14.3448 14.249 14.3231 14.3245 14.61 15.264 15.3978 15.3536 14.744 14.5439 15.0745 15.5223 15.5671 15.5383 15.0345 15.1563 14.8911 14.5274 14.4375 14.2868 13.9528 14.1356 13.8954 14.0202 14.0041 14.2171 14.3288 14.5789 14.3133 14.327 14.7187 14.9204 14.9392 15.1498 15.2337 15.266 15.2846 15.3021 15.3174 15.3352 15.3484 15.3608 15.3726 15.379 15.3725 15.3206 14.9692 14.9859 15.1043 15.2169 15.4128 15.4854
-9999 -9999 -9999 -9999 -9999 -9999 -9999 13.058 13.6864 14.5283 15.1553 15.2067 15.5181 15.6849 15.5727 15.4447 15.3132 15.2624 14.9014 14.5034 14.1837 13.8029 13.8779 14.1692 14.6351 15.0612 15.1451 15.0685 14.7465 14.913 15.2783 15.4773 15.5436 15.511 15.4104 15.3577 15.1657 15.0901 14.8195 14.3891 14.2284 14.354 13.897 13.9449 14.1343 13.9619 14.2826 14.4438 14.0964 14.4029 14.7459 14.9282 15.0893 15.1729 15.2147 15.2713 15.2866 15.3045 15.321 15.3351 15.3501 15.3585 15.3682 15.3442 15.3016 14.9698 14.8475 14.892 15.0686 15.225 15.401 15.4762
-9999 -9999 -9999 -9999 -9999 -9999 -9999 13.1631 13.7301 14.4618 14.9125 15.0036 15.3474 15.6545 15.6341 15.5004 15.4681 15.3286 15.0242 14.6865 14.316 14.1414 13.7254 14.1558 14.4942 14.8568 15.0316 14.769 14.6422 14.8947 15.146 15.2529 15.5071 15.5162 15.4487 15.1191 14.9651 15.0487 14.9906 14.8791 14.5873 14.5881 14.4061 14.3394 14.2772 14.0398 14.2141 14.2449 14.3091 14.6672 14.8529 14.9807 15.0982 15.1396 15.1987 15.2711 15.2906 15.3071 15.3214 15.3373 15.348 15.3466 15.348 15.2839 15.1585 14.9111 14.5074 14.8238 15.1539 15.2723 15.3843 15.4468
-9999 -9999 -9999 -9999 -9999 -9999 -9999 13.0691 13.6706 14.2978 14.5675 14.6238 15.2358 15.6153 15.6284 15.5715 15.5027 15.1405 15.1743 15.111 14.7779 14.2874 13.7473 13.8095 14.1463 14.6196 14.7838 14.3437 14.1948 14.3224 14.6974 15.0343 15.386 15.4841 15.3961 14.8764 14.3236 14.5989 14.8926 14.9048 14.8365 14.567 14.4912 14.4241 14.2316 13.8973 13.9593 14.0715 14.4828 14.6217 14.8281 15.0019 14.9565 15.006 15.1726 15.2744 15.2921 15.3082 15.3257 15.3385 15.3483 15.3304 15.3108 15.2677 14.9156 14.7026 14.3908 14.7953 15.0253 15.1698 15.3892 15.4531
-9999 -9999 -9999 -9999 -9999 -9999 -9999 12.8874 13.3274 13.9275 14.177 14.5673 15.1462 15.4373 15.5833 15.5927 15.551 15.3954 15.3064 15.1194 14.7725 14.2938 13.7602 13.4163 13.607 14.2396 14.4003 13.9933 13.7926 14.0666 14.4656 15.0515 15.3914 15.4475 15.4298 15.3325 14.9324 14.4466 14.4616 14.7254 14.5299 14.3007 14.4487 14.4382 14.2482 14.1139 14.0351 14.113 14.3495 14.4569 14.6931 15.0344 15.0959 15.1013 15.2533 15.2747 15.2925 15.3123 15.3268 15.3404 15.3511 15.3393 15.2944 15.065 14.8671 14.5858 14.5645 14.9318 15.1076 15.2692 15.3848 15.4328
-9999 -9999 -9999 -9999 -9999 -9999 -9999 12.5743 13.0898 13.6528 14.1808 14.6809 15.113 15.158 15.3917 15.4037 15.5318 15.5105 15.3669 15.2113 14.9139 14.2958 13.7776 13.2113 13.3739 14.0217 14.1131 13.8454 13.3418 13.8838 14.4806 15.0228 15.3217 15.1083 15.3514 15.3449 15.2029 14.919 14.4706 14.4928 14.1605 14.1594 14.3512 14.423 14.4078 14.3105 14.1481 14.196 14.3449 14.3945 14.6128 14.881 15.1435 15.1999 15.2618 15.2785 15.2939 15.3124 15.3277 15.3373 15.3395 15.3264 15.1364 14.9078 14.7728 14.5815 14.5718 14.9896 15.1758 15.2855 15.3876 15.4373
-9999 -9999 -9999 -9999 -9999 -9999 -9999 -9999 13.0392 13.6205 14.0539 14.1801 14.5656 14.7796 14.9478 14.9947 15.4513 15.4877 15.4009 15.2588 15.0069 14.5404 14.2186 13.6758 13.2885 13.462 13.5449 13.7018 13.6695 13.9174 14.4914 15.0892 15.1649 14.8044 14.8718 14.9622 15.1496 15.074 14.4581 14.152 13.9003 14.1026 14.3148 14.3769 14.4008 14.3769 14.3544 14.2881 14.5685 14.7798 14.8404 15.0265 15.1677 15.2174 15.2585 15.2765 15.2945 15.3093 15.3167 15.3261 15.3093 15.2532 15.0389 14.5023 14.5434 14.4991 14.3429 14.7562 15.0301 15.2651 15.3973 15.443
-9999 -9999 -9999 -9999 -9999 -9999 -9999 -9999 12.8511 13.5217 13.6736 13.6763 13.4715 13.5844 14.404 14.5788 15.0172 15.4327 15.4147 15.2754 15.0403 14.7669 14.3374 13.7256 13.2415 13.0437 13.5845 14.1151 14.2339 14.4118 14.768 14.845 14.4761 14.1311 14.3438 14.4771 14.9499 15.0468 14.9706 14.605 14.1852 13.9727 14.2537 14.3035 14.3337 14.3512 14.3635 14.3669 14.6778 14.8585 14.9884 15.066 15.1895 15.2322 15.256 15.2792 15.292 15.3011 15.2987 15.294 15.2231 15.1341 14.7734 14.4752 14.2951 14.0625 14.6369 14.828 15.0834 15.2514 15.3832 15.4245
