Test_Spring_2018b/04_18/Temp/20180427_011.txt
ncols	170
nrows	115
xllcorner	350000.000000
yllcorner	4445000.000000
cellsize	1000.000000
nodata_value	-9999.000000
[rows 32 to 63 of 115, columns 72 to 143 of 170]
23.3617 23.314 23.399 23.4772 23.4052 23.3602 23.477 23.4801 23.4419 23.348 23.3166 23.2844 23.267 23.1471 22.8002 22.4882 22.6646 22.6743 22.5619 22.7782 22.6711 22.3839 21.9763 22.2027 22.1472 21.8229 21.7427 -9999 -9999 -9999 -9999 -9999 -9999 -9999 -9999 -9999 -9999 -9999 -9999 -9999 -9999 -9999 -9999 -9999 -9999 -9999 -9999 -9999 -9999 -9999 -9999 -9999 -9999 -9999 -9999 -9999 -9999 -9999 -9999 -9999 -9999 -9999 -9999 -9999 -9999 -9999 -9999 -9999 -9999 -9999 -9999 -9999
23.2906 23.273 23.3975 23.399 23.3764 23.393 23.4636 23.482 23.4693 23.4307 23.3982 23.3638 23.2693 23.1311 22.8351 22.479 22.4028 22.5856 22.5995 22.633 22.5359 22.4123 22.2161 22.383 22.4495 22.2412 21.9659 21.787 -9999 -9999 -9999 -9999 -9999 -9999 -9999 -9999 -9999 -9999 -9999 -9999 -9999 -9999 -9999 -9999 -9999 -9999 -9999 -9999 -9999 -9999 -9999 -9999 -9999 -9999 -9999 -9999 -9999 -9999 -9999 -9999 -9999 -9999 -9999 -9999 -9999 -9999 -9999 -9999 -9999 -9999 -9999 -9999
23.2066 23.095 23.1719 23.2303 23.2983 23.3068 23.3248 23.4713 23.4674 23.4648 23.4081 23.3641 23.2884 23.1555 22.9643 22.7328 22.3255 22.586 22.791 22.791 22.7848 22.6996 22.5113 22.6754 22.686 22.4141 22.1008 21.9403 21.8761 -9999 -9999 -9999 -9999 -9999 -9999 -9999 -9999 -9999 -9999 -9999 -9999 -9999 -9999 -9999 -9999 -9999 -9999 -9999 -9999 -9999 -9999 -9999 -9999 -9999 -9999 -9999 -9999 -9999 -9999 -9999 -9999 -9999 -9999 -9999 -9999 -9999 -9999 -9999 -9999 -9999 -9999 -9999
23.1117 22.9742 23.0514 23.1526 23.2733 23.3237 23.3671 23.4131 23.4603 23.4591 23.4009 23.2209 23.1997 23.1973 23.0743 22.8097 22.5454 22.4813 22.7912 22.8835 22.8706 22.9429 22.7841 22.8644 22.8359 22.7393 22.4383 22.1789 22.0814 21.8857 -9999 -9999 -9999 -9999 -9999 -9999 -9999 -9999 -9999 -9999 -9999 -9999 -9999 -9999 -9999 -9999 -9999 -9999 -9999 -9999 -9999 -9999 -9999 -9999 -9999 -9999 -9999 -9999 -9999 -9999 -9999 -9999 -9999 -9999 -9999 -9999 -9999 -9999 -9999 -9999 -9999 -9999
-9999 -9999 22.8891 23.0058 23.1116 23.232 23.3367 23.3975 23.4572 23.4564 23.3356 23.2792 23.2791 23.2003 23.0574 22.9701 22.8061 22.6349 22.7083 22.9732 22.8626 23.0509 23.0392 23.0763 22.9563 22.6951 22.3703 22.1732 22.0862 21.9282 -9999 -9999 -9999 -9999 -9999 -9999 -9999 -9999 -9999 -9999 -9999 -9999 -9999 -9999 -9999 -9999 -9999 -9999 -9999 -9999 -9999 -9999 -9999 -9999 -9999 -9999 -9999 -9999 -9999 -9999 -9999 -9999 -9999 -9999 -9999 -9999 -9999 -9999 -9999 -9999 -9999 -9999
-9999 -9999 -9999 22.9815 23.061 23.2421 23.3082 23.3483 23.4422 23.4459 23.4027 23.3717 23.325 23.263 23.1572 23.0402 22.8865 22.878 23.0499 23.0575 23.0278 23.0594 23.1485 23.1291 22.9292 22.5856 22.4142 22.0301 21.8821 21.9011 21.7982 -9999 -9999 -9999 -9999 -9999 -9999 -9999 -9999 -9999 -9999 -9999 -9999 22.298 -9999 -9999 -9999 -9999 -9999 -9999 -9999 -9999 -9999 -9999 -9999 -9999 -9999 -9999 -9999 -9999 -9999 -9999 -9999 -9999 21.7925 -9999 -9999 -9999 -9999 -9999 -9999 -9999
-9999 -9999 22.9819 23.0719 23.1603 23.2738 23.2717 23.3276 23.4346 23.4394 23.4098 23.3766 23.2965 23.2813 23.224 23.0967 23.076 23.1369 23.1681 23.2021 23.2247 23.2149 23.1839 23.1421 22.993 22.8423 22.7416 22.4063 22.2283 22.0756 21.8435 21.6635 -9999 -9999 -9999 -9999 -9999 -9999 -9999 22.1457 22.1451 22.1571 22.2165 22.3666 22.2897 -9999 -9999 -9999 -9999 -9999 -9999 -9999 -9999 -9999 -9999 -9999 -9999 -9999 -9999 -9999 -9999 -9999 -9999 -9999 21.9273 21.7509 -9999 -9999 -9999 -9999 -9999 -9999
-9999 -9999 22.9905 23.109 23.1683 23.2777 23.3406 23.357 23.3954 23.4329 23.4309 23.3936 23.3351 23.3418 23.2604 23.2199 23.1931 23.2735 23.2946 23.2711 23.2393 23.2109 23.1218 23.1136 23.0579 22.9621 22.8042 22.6414 22.3763 22.0587 21.7481 21.4991 -9999 -9999 -9999 -9999 -9999 -9999 22.1642 22.2915 22.3711 22.2282 22.3652 22.4907 22.479 22.3537 -9999 -9999 -9999 -9999 -9999 -9999 -9999 -9999 -9999 -9999 -9999 -9999 -9999 -9999 22.7762 22.5953 22.2199 22.0319 21.9228 21.7632 -9999 -9999 -9999 -9999 -9999 -9999
-9999 -9999 22.9693 23.1083 23.202 23.2849 23.2978 23.3716 23.3988 23.42 23.4214 23.4178 23.4117 23.3413 23.3154 23.2067 23.3256 23.3288 23.3076 23.2024 23.1593 22.9722 22.8911 22.849 23.0105 22.8916 22.643 22.3324 21.9434 21.9091 21.7887 21.5663 -9999 -9999 -9999 -9999 -9999 -9999 22.2008 22.3368 22.4517 22.4757 22.3337 22.5511 22.5337 22.4232 22.4032 22.5061 22.5618 22.5201 22.6362 22.6789 22.6365 22.7032 -9999 -9999 -9999 -9999 22.7883 22.806 22.8216 22.7517 22.3407 22.0628 21.8141 21.7934 -9999 -9999 -9999 -9999 -9999 -9999
-9999 -9999 23.0681 23.1526 23.1943 23.1996 23.2731 23.3356 23.3722 23.4057 23.4028 23.4051 23.4084 23.3892 23.3359 23.3552 23.3586 23.331 23.1263 22.8852 22.9988 22.8563 22.5314 22.778 22.9181 22.7824 22.4803 22.1301 21.9995 21.9947 21.8256 21.6082 -9999 -9999 -9999 21.8259 22.0166 22.0419 22.1052 22.2842 22.4225 22.5279 22.6024 22.5968 22.5306 22.4225 22.3042 22.3552 22.5863 22.6479 22.684 22.728 22.6895 22.7286 22.7988 22.8402 22.857 22.8535 22.8607 22.8759 22.8788 22.8145 22.4435 22.2374 22.1091 21.844 -9999 -9999 -9999 -9999 -9999 -9999
-9999 -9999 23.0131 23.0858 23.144 23.2387 23.2473 23.3093 23.3366 23.3865 23.3966 23.3363 23.3968 23.3974 23.3957 23.3831 23.3607 23.1902 22.9512 22.7107 22.6021 22.6446 22.4574 22.546 22.6876 22.6317 22.4413 22.1286 22.0835 21.9975 21.7024 21.4281 -9999 -9999 21.4628 21.8201 22.0751 22.2118 22.2613 22.2754 22.4476 22.4699 22.6535 22.6111 22.384 22.4167 22.3309 22.3954 22.4877 22.5171 22.633 22.75 22.781 22.7915 22.84 22.8585 22.8713 22.8811 22.8658 22.8881 22.9001 22.8639 22.6011 22.4777 22.3365 21.8576 -9999 -9999 -9999 -9999 -9999 -9999
-9999 -9999 23.0479 23.1285 23.2167 23.2287 23.2938 23.2859 23.2563 23.3517 23.3833 23.3424 23.3159 23.3852 23.3899 23.3913 23.3875 23.2284 23.042 22.7543 22.5769 22.4598 22.3819 22.2622 22.3338 22.3094 22.277 22.309 22.2176 22.0332 21.8653 21.5454 21.3791 -9999 21.4794 21.6457 21.9476 22.2063 22.3747 22.3289 22.5239 22.568 22.6755 22.6209 22.4846 22.4335 22.4348 22.4228 22.5535 22.6411 22.698 22.746 22.7998 22.8223 22.8452 22.8613 22.875 22.8889 22.8991 22.9088 22.9136 22.9063 22.7908 22.6643 22.3868 21.8779 -9999 -9999 -9999 -9999 -9999 -9999
-9999 22.8233 23.0413 23.1771 23.2272 23.2624 23.2935 23.3158 23.3321 23.3573 23.3769 23.3704 23.2552 23.2737 23.3052 23.3848 23.3901 23.3846 23.2869 22.9356 22.8105 22.6277 22.3938 22.2869 22.3336 22.5229 22.5109 22.38 22.235 22.0251 21.8964 21.7045 21.3319 21.3717 21.5473 21.6814 21.8902 22.2046 22.4287 22.5349 22.5817 22.6604 22.7079 22.6321 22.555 22.5275 22.4704 22.4677 22.4743 22.5556 22.6126 22.7487 22.8014 22.8278 22.8486 22.865 22.8801 22.8952 22.9076 22.916 22.9267 22.9358 22.934 22.7666 22.3384 22.0203 -9999 -9999 -9999 -9999 -9999 -9999
-9999 -9999 23.0008 23.0575 23.0688 23.0922 23.1457 23.2088 23.2929 23.3059 23.3604 23.3644 23.2635 23.1507 23.2668 23.3197 23.3741 23.3856 23.3811 23.0795 22.9257 22.8036 22.5789 22.6509 22.7248 22.7268 22.676 22.3985 22.1225 21.7951 21.5016 21.4888 21.3314 21.4181 21.537 21.831 22.0419 22.1346 22.2047 22.5249 22.612 22.6503 22.7385 22.6392 22.6165 22.5423 22.5726 22.5715 22.5779 22.3597 22.5832 22.6044 22.7593 22.8327 22.8557 22.8708 22.8864 22.8984 22.9105 22.9209 22.9331 22.9396 22.9496 22.8448 22.2945 22.0277 -9999 -9999 -9999 -9999 -9999 -9999
-9999 -9999 -9999 -9999 23.0116 23.0531 23.0785 23.1267 23.276 23.3195 23.3507 23.3579 23.3177 23.2048 23.1836 23.2168 23.1105 23.2183 23.3588 23.3613 23.3488 23.0856 22.9431 23.0717 23.0281 22.8243 22.6625 22.5027 22.1795 21.9324 21.5957 21.3444 21.3376 21.6208 21.8569 22.1545 22.2926 22.2322 22.3227 22.4859 22.6708 22.7651 22.7547 22.6496 22.6384 22.5203 22.6491 22.6654 22.614 22.5704 22.5888 22.6689 22.7048 22.8283 22.8656 22.8793 22.8915 22.9034 22.9144 22.9249 22.9347 22.9443 22.9532 22.9582 22.3924 21.9587 -9999 -9999 -9999 -9999 -9999 -9999
-9999 -9999 -9999 -9999 22.9017 22.9246 22.9946 23.1832 23.2741 23.3155 23.3168 23.3405 23.3144 23.2172 23.1185 23.0274 22.9056 22.9909 23.199 23.3229 23.3401 23.1094 23.2233 23.175 23.0817 22.8161 22.6187 22.5114 22.2006 21.9248 21.7002 21.3924 21.5269 21.677 21.8707 22.1935 22.4166 22.5158 22.4542 22.5639 22.7752 22.7867 22.6867 22.7024 22.6405 22.4766 22.6602 22.7159 22.6811 22.697 22.6809 22.7153 22.7725 22.8282 22.8689 22.8833 22.8942 22.9047 22.9162 22.9278 22.9368 22.948 22.9571 22.9646 22.6031 21.9532 -9999 -9999 -9999 -9999 -9999 -9999
-9999 -9999 -9999 -9999 -9999 22.796 22.9622 23.2139 23.2675 23.2624 23.3181 23.3276 23.2839 23.2487 23.127 22.9578 22.622 22.72 22.9122 23.1838 23.3271 23.3099 23.2251 23.087 22.7562 22.4653 22.4251 22.3727 22.1444 21.9288 21.6792 21.8237 21.9839 22.1612 22.2589 22.2446 22.4373 22.5972 22.5464 22.6783 22.8297 22.7766 22.7486 22.7258 22.6536 22.6556 22.6698 22.7763 22.712 22.7603 22.7602 22.7652 22.797 22.8331 22.8713 22.8861 22.8969 22.9087 22.917 22.9297 22.9395 22.9491 22.9586 22.9667 22.9434 22.6 22.3966 -9999 -9999 -9999 -9999 -9999
-9999 -9999 -9999 -9999 -9999 22.6388 22.7195 23.0188 23.1025 23.2373 23.3114 23.3198 23.2411 23.2015 23.0149 22.9625 22.6528 22.5165 22.6475 22.6061 22.9758 23.3013 23.2237 22.5671 22.3263 22.1526 22.1908 22.1859 22.1189 21.7618 21.6661 21.9742 22.1705 22.3253 22.4462 22.4787 22.4859 22.7298 22.7717 22.8586 22.8535 22.8711 22.7639 22.7003 22.7684 22.7024 22.6962 22.8061 22.7091 22.8073 22.7951 22.7746 22.781 22.8506 22.8722 22.8886 22.8997 22.9086 22.9174 22.9269 22.9405 22.951 22.9588 22.9699 22.9771 22.949 22.7744 22.7198 22.8013 -9999 -9999 -9999
-9999 -9999 -9999 -9999 -9999 -9999 22.4386 22.8564 23.0391 23.1415 23.2871 23.3095 23.2668 23.1942 23.0046 22.8394 22.5634 22.2458 22.0782 22.603 23.0586 23.2962 23.2582 22.7116 22.4933 22.479 22.6009 22.4894 22.4041 22.1296 22.0511 21.9438 22.0135 22.2252 22.4041 22.5783 22.709 22.7308 22.8212 22.8747 22.8896 22.9141 22.91 22.9077 22.7999 22.8848 22.8251 22.8662 22.8494 22.8346 22.8157 22.7585 22.812 22.8608 22.8803 22.8935 22.9016 22.9123 22.9224 22.9308 22.9392 22.9506 22.9615 22.9706 22.9813 22.994 22.984 22.8828 22.7435 22.5644 -9999 -9999
-9999 -9999 -9999 -9999 -9999 -9999 22.23 22.6466 22.839 23.1006 23.2327 23.2902 23.2918 23.2345 23.0927 22.874 22.6932 22.3371 21.9658 22.5162 23.0022 23.2661 23.2804 22.814 22.938 22.832 22.8695 22.6781 22.5966 22.5216 22.3869 22.2411 22.0794 22.0007 22.3917 22.5979 22.7669 22.8533 22.9078 22.9415 22.9394 22.9176 22.7571 22.8959 22.8939 22.8882 22.88 22.8791 22.8717 22.8617 22.8509 22.855 22.8201 22.8756 22.8854 22.8957 22.9064 22.9162 22.9255 22.9356 22.9455 22.9566 22.9638 22.9734 22.9832 22.9976 23.0071 23.0113 22.9916 22.7481 22.6058 22.5697
-9999 -9999 -9999 -9999 -9999 -9999 21.6433 22.2512 22.7243 22.9832 23.1912 23.2556 23.2854 23.2048 23.1475 22.9932 22.8473 22.6161 22.2643 22.0493 22.4603 23.0562 23.2711 23.2453 23.2296 23.1086 22.999 22.9827 22.9881 22.8507 22.6642 22.4305 22.3617 22.2849 22.5781 22.6259 22.6153 22.9405 22.9531 22.9474 22.8393 22.7121 22.7481 22.6683 22.737 22.6452 22.7434 22.8288 22.8646 22.8683 22.8563 22.8603 22.8639 22.8833 22.8922 22.9005 22.9098 22.9202 22.9307 22.9391 22.9494 22.9633 22.9711 22.9813 22.9861 23.0012 23.0115 23.0174 23.0234 22.994 22.9447 22.8398
-9999 -9999 -9999 -9999 -9999 -9999 21.6634 22.1644 22.6012 22.8589 23.1152 23.1804 23.2731 23.2638 23.2027 23.0693 22.9 22.7109 22.4099 22.1868 22.4646 22.8593 23.1429 23.2351 23.2286 23.2203 23.1917 23.1724 23.1397 23.1042 22.9763 22.7565 22.6351 22.4565 22.7823 22.8269 22.787 22.9566 22.96 22.7315 22.5585 22.5468 22.6645 22.5671 22.5533 22.4876 22.5702 22.7791 22.7248 22.7429 22.8325 22.8555 22.8765 22.8877 22.8961 22.9054 22.9141 22.9253 22.937 22.9454 22.956 22.9676 22.9765 22.9853 22.9947 23.009 23.0126 23.0208 23.0272 23.0259 23.0276 23.0466
-9999 -9999 -9999 -9999 -9999 -9999 21.6758 22.0087 22.4026 22.7828 23.0563 23.1711 23.2576 23.2653 23.1922 23.1302 23.0269 22.8611 22.7491 22.5483 22.2692 22.7494 22.8948 23.0167 23.0659 23.2004 23.1955 23.1317 23.0414 23.11 23.0929 22.92 22.8671 22.7752 22.9598 22.9689 22.9736 22.9745 22.7825 22.5116 22.2974 22.4705 22.4471 22.5249 22.299 22.4957 22.656 22.7126 22.6086 22.5385 22.7745 22.8256 22.8575 22.8813 22.9004 22.9078 22.9205 22.93 22.9406 22.9517 22.9618 22.9728 22.983 22.9929 22.9996 23.0144 23.0232 23.0367 23.0467 23.0435 23.0504 23.0549
-9999 -9999 -9999 -9999 -9999 -9999 -9999 21.8062 22.2956 22.7429 22.9951 23.1569 23.2399 23.2466 23.2131 23.1732 23.1119 22.994 22.8432 22.6 22.4199 22.5409 22.6826 22.6898 22.7852 23.061 23.1549 23.0209 22.6743 22.8708 23.0916 23.0922 23.0789 23.0646 23.0453 23.0298 22.9868 22.8564 22.4367 22.3626 22.2046 22.2343 22.1579 22.3491 22.2828 22.4852 22.5772 22.6164 22.444 22.4783 22.7009 22.7925 22.7869 22.8468 22.9003 22.9118 22.9235 22.9331 22.9454 22.9575 22.9687 22.9833 22.9942 23.0053 23.0101 23.0271 23.0227 23.0233 23.0127 23.0487 23.0606 23.0771
-9999 -9999 -9999 -9999 -9999 -9999 -9999 21.6973 22.1961 22.7224 22.8957 23.0695 23.221 23.2315 23.1755 23.1225 23.0675 23.0033 22.8188 22.6393 22.4673 22.4119 22.4508 22.4349 22.59 22.9505 23.0207 22.9918 22.6298 22.516 22.8106 23.0596 23.0845 23.0689 22.7888 22.8584 22.7124 22.5116 22.4638 22.382 22.1978 22.3017 22.1692 22.2399 22.2195 22.3383 22.4002 22.5392 22.3903 22.3874 22.6068 22.7199 22.7312 22.8499 22.8983 22.9184 22.9312 22.9439 22.9557 22.9691 22.9801 22.9907 23.0008 23.0078 23.0072 22.977 22.7856 22.797 22.8648 22.9291 23.0352 23.0812
-9999 -9999 -9999 -9999 -9999 -9999 -9999 21.7536 22.1015 22.5694 22.918 22.9462 23.1199 23.2134 23.1515 23.0807 23.0079 22.9799 22.7784 22.5558 22.3763 22.1622 22.2019 22.3619 22.6042 22.8382 22.8813 22.8349 22.6334 22.7246 22.9273 23.0378 23.0748 23.0571 23.002 22.9741 22.8688 22.8287 22.6798 22.4417 22.3541 22.426 22.1725 22.2004 22.307 22.1983 22.3773 22.4671 22.2731 22.4343 22.6264 22.7291 22.8201 22.8682 22.8933 22.927 22.938 22.9508 22.9631 22.9744 22.9862 22.9943 23.0032 22.993 22.9722 22.7897 22.7221 22.7492 22.8497 22.9387 23.0383 23.0821
-9999 -9999 -9999 -9999 -9999 -9999 -9999 21.8109 22.125 22.5317 22.7821 22.8325 23.0243 23.1959 23.185 23.1108 23.0932 23.0156 22.8457 22.6568 22.4492 22.3504 22.1165 22.3545 22.5257 22.7249 22.8193 22.6495 22.5771 22.7168 22.8562 22.9155 23.0575 23.0632 23.0266 22.8441 22.7599 22.8084 22.778 22.7177 22.5568 22.5591 22.4591 22.4232 22.3896 22.2443 22.342 22.3595 22.3953 22.5859 22.6906 22.7632 22.8302 22.855 22.89 22.9326 22.946 22.958 22.9691 22.9811 22.9904 22.9929 22.9969 22.9642 22.8971 22.7617 22.537 22.716 22.9023 22.974 23.0347 23.0719
-9999 -9999 -9999 -9999 -9999 -9999 -9999 21.7566 22.0904 22.4391 22.5887 22.6198 22.9611 23.1731 23.1808 23.1494 23.1114 22.9095 22.9282 22.8926 22.706 22.4312 22.1284 22.1613 22.3371 22.5932 22.6823 22.4134 22.3292 22.3995 22.6082 22.7961 22.9927 23.0481 23.0001 22.7114 22.4046 22.5601 22.7258 22.7346 22.6984 22.5498 22.5091 22.4732 22.3671 22.1746 22.2029 22.2662 22.4857 22.5646 22.6813 22.7798 22.7563 22.7859 22.881 22.9402 22.9527 22.9645 22.9772 22.9875 22.996 22.9892 22.9814 22.9603 22.7666 22.6504 22.4806 22.705 22.8357 22.9183 23.0433 23.0816
-9999 -9999 -9999 -9999 -9999 -9999 -9999 21.6532 21.8973 22.231 22.3696 22.587 22.91 23.0727 23.1544 23.1601 23.1371 23.0505 23.0009 22.8963 22.7022 22.4342 22.1353 21.942 22.0468 22.3817 22.4649 22.2191 22.1062 22.2585 22.4809 22.8079 22.998 23.0301 23.0214 22.9684 22.7468 22.4775 22.4878 22.6369 22.5297 22.4036 22.488 22.4838 22.3792 22.3056 22.2483 22.2921 22.4151 22.4768 22.6104 22.8028 22.8392 22.8444 22.9316 22.9461 22.9588 22.9726 22.9837 22.9942 23.0033 22.9997 22.9776 22.8525 22.7448 22.5904 22.581 22.7863 22.8903 22.9794 23.0467 23.0764
-9999 -9999 -9999 -9999 -9999 -9999 -9999 21.4762 21.7627 22.076 22.3701 22.6489 22.89 22.9154 23.0462 23.0533 23.1252 23.1136 23.0336 22.9467 22.7804 22.4349 22.1448 21.8276 21.917 22.2667 22.2879 22.1376 21.856 22.158 22.4909 22.7937 22.9611 22.8429 22.9797 22.9775 22.8999 22.7433 22.495 22.5094 22.3259 22.3272 22.4361 22.478 22.4711 22.4184 22.3219 22.3417 22.4164 22.4461 22.5701 22.722 22.8708 22.9048 22.9419 22.9539 22.9653 22.9786 22.99 22.9983 23.0025 22.9981 22.895 22.7701 22.6975 22.5933 22.5904 22.8275 22.9335 22.9941 23.0541 23.0849
-9999 -9999 -9999 -9999 -9999 -9999 -9999 -9999 21.7323 22.056 22.2975 22.3677 22.583 22.7027 22.7971 22.8237 23.079 23.0998 23.0517 22.9724 22.8317 22.571 22.3907 22.0868 21.8695 21.9503 21.9716 22.0585 22.04 22.178 22.4983 22.8323 22.8751 22.6749 22.7138 22.7658 22.8721 22.8317 22.4901 22.3213 22.1829 22.2978 22.4182 22.4548 22.47 22.4584 22.4389 22.3863 22.545 22.6653 22.7016 22.8079 22.8894 22.9199 22.9456 22.9585 22.9715 22.9827 22.9897 22.9979 22.9914 22.963 22.8461 22.5494 22.5749 22.5527 22.468 22.7039 22.8541 22.9883 23.0652 23.094
-9999 -9999 -9999 -9999 -9999 -9999 -9999 -9999 21.6251 21.9988 22.0833 22.0848 21.9707 22.0342 22.4921 22.5903 22.8356 23.0681 23.0585 22.9811 22.8499 22.697 22.4568 22.1145 21.8433 21.7098 22.0021 22.29 22.3558 22.4549 22.6537 22.6971 22.492 22.3005 22.4206 22.4965 22.7621 22.8182 22.7778 22.5759 22.3439 22.2275 22.3864 22.4163 22.4352 22.4469 22.4538 22.4417 22.6099 22.7133 22.7886 22.8347 22.9065 22.9333 22.9496 22.9656 22.9758 22.984 22.9856 22.9859 22.9491 22.9022 22.7036 22.5398 22.4418 22.3144 22.6374 22.7491 22.8926 22.9861 23.0629 23.0893
