Test_Spring_2018b/04_18/Temp/20180411_017.txt
ncols	170
nrows	115
xllcorner	350000.000000
yllcorner	4445000.000000
cellsize	1000.000000
nodata_value	-9999.000000
[rows 32 to 63 of 115, columns 72 to 143 of 170]
15.8885 15.8198 15.9467 16.0639 15.9952 15.9576 16.1377 16.1465 16.0942 15.9595 15.9164 15.8717 15.8486 15.6745 15.167 14.7108 14.9731 14.9911 14.83 15.1532 15.0017 14.5864 13.9951 14.3367 14.2644 13.8508 13.7626 -9999 -9999 -9999 -9999 -9999 -9999 -9999 -9999 -9999 -9999 -9999 -9999 -9999 -9999 -9999 -9999 -9999 -9999 -9999 -9999 -9999 -9999 -9999 -9999 -9999 -9999 -9999 -9999 -9999 -9999 -9999 -9999 -9999 -9999 -9999 -9999 -9999 -9999 -9999 -9999 -9999 -9999 -9999 -9999 -9999
15.7831 15.7585 15.9432 15.9475 15.9429 16.0048 16.1169 16.1481 16.1334 16.08 16.0353 15.9876 15.8512 15.6505 15.2177 14.6969 14.588 14.8605 14.8853 14.9397 14.8028 14.6278 14.3469 14.6008 14.7076 14.4436 14.0896 13.8614 -9999 -9999 -9999 -9999 -9999 -9999 -9999 -9999 -9999 -9999 -9999 -9999 -9999 -9999 -9999 -9999 -9999 -9999 -9999 -9999 -9999 -9999 -9999 -9999 -9999 -9999 -9999 -9999 -9999 -9999 -9999 -9999 -9999 -9999 -9999 -9999 -9999 -9999 -9999 -9999 -9999 -9999 -9999 -9999
15.6581 15.4953 15.6099 15.6979 15.8505 15.8807 15.9116 16.1312 16.1292 16.1288 16.0487 15.9868 15.8781 15.6854 15.4067 15.0693 14.4735 14.8602 15.1659 15.171 15.1678 15.0492 14.7799 15.0295 15.0539 14.7154 14.3117 14.0852 13.9999 -9999 -9999 -9999 -9999 -9999 -9999 -9999 -9999 -9999 -9999 -9999 -9999 -9999 -9999 -9999 -9999 -9999 -9999 -9999 -9999 -9999 -9999 -9999 -9999 -9999 -9999 -9999 -9999 -9999 -9999 -9999 -9999 -9999 -9999 -9999 -9999 -9999 -9999 -9999 -9999 -9999 -9999 -9999
15.5164 15.3157 15.431 15.5818 15.7894 15.8935 15.9723 16.0441 16.1174 16.1191 16.0367 15.7748 15.7464 15.7454 15.567 15.1807 14.7953 14.7045 15.1645 15.3053 15.2922 15.4053 15.1794 15.3059 15.273 15.1633 14.7822 14.4343 14.3001 14.0208 -9999 -9999 -9999 -9999 -9999 -9999 -9999 -9999 -9999 -9999 -9999 -9999 -9999 -9999 -9999 -9999 -9999 -9999 -9999 -9999 -9999 -9999 -9999 -9999 -9999 -9999 -9999 -9999 -9999 -9999 -9999 -9999 -9999 -9999 -9999 -9999 -9999 -9999 -9999 -9999 -9999 -9999
-9999 -9999 15.1902 15.3906 15.5518 15.7566 15.9256 16.0195 16.1112 16.1137 15.9391 15.859 15.8614 15.7479 15.5402 15.4144 15.1762 14.9279 15.0401 15.4346 15.2781 15.5618 15.5524 15.6157 15.4487 15.1185 14.6798 14.4242 14.3058 14.0823 -9999 -9999 -9999 -9999 -9999 -9999 -9999 -9999 -9999 -9999 -9999 -9999 -9999 -9999 -9999 -9999 -9999 -9999 -9999 -9999 -9999 -9999 -9999 -9999 -9999 -9999 -9999 -9999 -9999 -9999 -9999 -9999 -9999 -9999 -9999 -9999 -9999 -9999 -9999 -9999 -9999 -9999
-9999 -9999 -9999 15.3528 15.4758 15.7469 15.8816 15.9453 16.0874 16.0966 16.0361 15.9931 15.9269 15.8377 15.6843 15.5145 15.2913 15.282 15.5389 15.5551 15.5176 15.5713 15.7105 15.6914 15.4297 14.9557 14.715 14.2121 14.0047 14.0419 13.8988 -9999 -9999 -9999 -9999 -9999 -9999 -9999 -9999 -9999 -9999 -9999 -9999 14.6859 -9999 -9999 -9999 -9999 -9999 -9999 -9999 -9999 -9999 -9999 -9999 -9999 -9999 -9999 -9999 -9999 -9999 -9999 -9999 -9999 14.0682 -9999 -9999 -9999 -9999 -9999 -9999 -9999
-9999 -9999 15.3213 15.4842 15.6197 15.7922 15.8157 15.9128 16.0746 16.0854 16.0449 15.9984 15.8827 15.862 15.7795 15.5941 15.5659 15.6585 15.7084 15.7636 15.803 15.7962 15.7596 15.7081 15.5406 15.3314 15.1957 14.7407 14.5129 14.2983 13.9658 13.7086 -9999 -9999 -9999 -9999 -9999 -9999 -9999 14.445 14.4466 14.4673 14.5582 14.7833 14.6751 -9999 -9999 -9999 -9999 -9999 -9999 -9999 -9999 -9999 -9999 -9999 -9999 -9999 -9999 -9999 -9999 -9999 -9999 -9999 14.2573 13.9995 -9999 -9999 -9999 -9999 -9999 -9999
-9999 -9999 15.3554 15.5358 15.6293 15.7966 15.8952 15.9541 16.0151 16.0741 16.0741 16.0213 15.9369 15.9479 15.8293 15.7711 15.7335 15.8544 15.8892 15.8597 15.8196 15.786 15.6646 15.6635 15.6327 15.5056 15.2872 15.0616 14.7302 14.274 13.8266 13.4683 -9999 -9999 -9999 -9999 -9999 -9999 14.4686 14.6573 14.7763 14.5687 14.7736 14.9623 14.9499 14.8055 -9999 -9999 -9999 -9999 -9999 -9999 -9999 -9999 -9999 -9999 -9999 -9999 -9999 -9999 15.492 15.2264 14.6755 14.4006 14.242 14.0092 -9999 -9999 -9999 -9999 -9999 -9999
-9999 -9999 15.3199 15.5313 15.6764 15.8057 15.8316 15.9553 16.0184 16.0534 16.0583 16.0547 16.0468 15.9438 15.9061 15.7469 15.923 15.93 15.9024 15.7528 15.6964 15.4299 15.3211 15.3072 15.5593 15.3998 15.0499 14.6085 14.0719 14.0549 13.8879 13.5692 -9999 -9999 -9999 -9999 -9999 -9999 14.5213 14.7221 14.8923 14.9298 14.7239 15.0477 15.0589 14.9026 14.8797 15.0374 15.1253 15.0933 15.2817 15.3462 15.2846 15.3826 -9999 -9999 -9999 -9999 15.5016 15.5269 15.5496 15.4474 14.8442 14.4372 14.0737 14.058 -9999 -9999 -9999 -9999 -9999 -9999
-9999 -9999 15.4606 15.593 15.6627 15.6788 15.7947 15.9022 15.9777 16.0351 16.0329 16.0372 16.0421 16.0134 15.9344 15.9624 15.9678 15.9289 15.6311 15.2817 15.4555 15.2536 14.801 15.197 15.4195 15.2371 14.8102 14.3125 14.1569 14.1823 13.9445 13.6371 -9999 -9999 -9999 13.9712 14.2518 14.2887 14.3814 14.6446 14.8485 15.0035 15.1158 15.1299 15.0489 14.8966 14.7298 14.8117 15.1582 15.2549 15.3472 15.4135 15.3574 15.4115 15.5135 15.5727 15.5955 15.5882 15.5971 15.6181 15.6218 15.5274 14.987 14.6858 14.4996 14.1196 -9999 -9999 -9999 -9999 -9999 -9999
-9999 -9999 15.381 15.4968 15.5912 15.7423 15.7631 15.8615 15.9151 16.0052 16.0217 15.9335 16.0218 16.0213 16.0173 15.9977 15.9644 15.7148 15.3664 15.0177 14.8653 14.9481 14.6857 14.8487 15.0742 15.0132 14.762 14.3203 14.2709 14.1773 13.7699 13.3752 -9999 -9999 13.4385 13.9643 14.3386 14.5383 14.6098 14.6296 14.8828 14.9166 15.1888 15.1459 14.8274 14.8824 14.7649 14.8674 15.0097 15.0592 15.2536 15.4389 15.4849 15.4996 15.5694 15.5943 15.6106 15.6224 15.5978 15.629 15.6457 15.5924 15.2068 15.0269 14.8303 14.1261 -9999 -9999 -9999 -9999 -9999 -9999
-9999 -9999 15.4354 15.5638 15.7033 15.73 15.8341 15.8272 15.7971 15.9416 16.0002 15.9399 15.8995 15.9991 16.0036 16.0036 15.997 15.7636 15.4922 15.0743 14.8211 14.6685 14.5679 14.436 14.5603 14.5438 14.5158 14.5821 14.4714 14.2335 13.9995 13.5505 13.3124 -9999 13.4651 13.7094 14.1519 14.5301 14.7755 14.7064 14.9923 15.0578 15.2309 15.1553 14.9703 14.9033 14.9126 14.9025 15.1019 15.2399 15.3469 15.4199 15.5089 15.5411 15.5729 15.5938 15.611 15.6284 15.6407 15.6528 15.6588 15.6478 15.4787 15.3015 14.8966 14.149 -9999 -9999 -9999 -9999 -9999 -9999
-9999 15.0733 15.4211 15.6319 15.7163 15.7781 15.8329 15.8736 15.9102 15.9498 15.9808 15.9785 15.8069 15.831 15.874 15.988 15.994 15.9861 15.8448 15.3334 15.1642 14.918 14.5902 14.4666 14.5559 14.8555 14.8593 14.6878 14.4944 14.2188 14.0496 13.7784 13.2458 13.308 13.5673 13.7635 14.0681 14.5274 14.8537 15.0073 15.0747 15.2006 15.2737 15.1686 15.0701 15.0373 14.9615 14.9656 14.9833 15.1103 15.2162 15.4222 15.5012 15.5461 15.5744 15.5954 15.6141 15.6328 15.6479 15.6577 15.6718 15.6848 15.6881 15.4446 14.8164 14.3497 -9999 -9999 -9999 -9999 -9999 -9999
-9999 -9999 15.3575 15.453 15.4811 15.5264 15.6147 15.7158 15.8521 15.8749 15.9568 15.9619 15.8158 15.6461 15.8126 15.8866 15.9642 15.9808 15.9763 15.5492 15.3344 15.1694 14.8562 14.9965 15.1274 15.1532 15.1014 14.7159 14.3314 13.8833 13.467 13.4603 13.2418 13.3783 13.5537 13.9844 14.2914 14.4238 14.523 14.9906 15.1237 15.1828 15.3156 15.1745 15.156 15.0551 15.1083 15.1155 15.1335 14.8207 15.1711 15.2056 15.4354 15.5457 15.5819 15.6007 15.6197 15.6333 15.6475 15.6599 15.676 15.6883 15.7035 15.5517 14.7457 14.3549 -9999 -9999 -9999 -9999 -9999 -9999
-9999 -9999 -9999 -9999 15.395 15.4675 15.5149 15.5945 15.8264 15.8941 15.9415 15.9515 15.89 15.7219 15.6858 15.7304 15.5712 15.7315 15.9443 15.9562 15.9497 15.5779 15.3994 15.6108 15.57 15.2944 15.0807 14.8693 14.4166 14.087 13.6078 13.2508 13.2501 13.6721 14.0249 14.4604 14.6597 14.5663 14.6949 14.936 15.2074 15.3474 15.3352 15.1858 15.1842 15.019 15.2175 15.2508 15.1844 15.1289 15.1774 15.2989 15.3539 15.536 15.5899 15.6102 15.624 15.6372 15.6493 15.6616 15.6755 15.6893 15.7033 15.7129 14.8841 14.2483 -9999 -9999 -9999 -9999 -9999 -9999
-9999 -9999 -9999 -9999 15.2318 15.2772 15.3905 15.6766 15.8225 15.8869 15.8901 15.9241 15.8829 15.7361 15.5866 15.4479 15.2669 15.3932 15.7038 15.8945 15.9319 15.6084 15.8073 15.7592 15.6461 15.2806 15.0151 14.8817 14.4477 14.0761 13.7621 13.3223 13.5295 13.7558 14.0427 14.5169 14.8408 14.982 14.8885 15.0473 15.3574 15.3755 15.2317 15.2598 15.1836 14.9514 15.2308 15.3222 15.2806 15.3129 15.3104 15.3651 15.4515 15.5342 15.5932 15.612 15.6252 15.6361 15.6487 15.663 15.6744 15.6904 15.7045 15.7176 15.1891 14.2355 -9999 -9999 -9999 -9999 -9999 -9999
-9999 -9999 -9999 -9999 -9999 15.0869 15.3416 15.7203 15.8112 15.8072 15.8901 15.903 15.8358 15.7799 15.5962 15.3431 14.8469 14.9919 15.2791 15.6871 15.9103 15.9007 15.8076 15.6277 15.1656 14.7629 14.7289 14.6763 14.3638 14.0807 13.7299 13.9552 14.2001 14.4664 14.612 14.5897 14.8691 15.0998 15.0213 15.2128 15.4347 15.3578 15.3199 15.2913 15.1998 15.2116 15.2419 15.4082 15.3232 15.4033 15.4244 15.4358 15.4851 15.539 15.5944 15.6139 15.6263 15.6394 15.6474 15.6629 15.6752 15.6885 15.703 15.7168 15.6854 15.1824 14.8872 -9999 -9999 -9999 -9999 -9999
-9999 -9999 -9999 -9999 -9999 14.8547 14.9835 15.4317 15.5669 15.7682 15.878 15.8892 15.7706 15.7099 15.4305 15.3488 14.891 14.6924 14.8898 14.8376 15.3934 15.8877 15.8052 14.8625 14.5325 14.3017 14.3825 14.3993 14.3235 13.8321 13.7074 14.173 14.4706 14.7038 14.8834 14.9308 14.9375 15.2909 15.3503 15.4759 15.4676 15.4945 15.34 15.2514 15.3662 15.2776 15.2777 15.4488 15.3156 15.4689 15.4724 15.4463 15.4583 15.5615 15.5926 15.6147 15.628 15.6367 15.645 15.6564 15.6741 15.6886 15.7004 15.7182 15.7314 15.6917 15.4388 15.3628 15.487 -9999 -9999 -9999
-9999 -9999 -9999 -9999 -9999 -9999 14.569 15.1911 15.4716 15.6251 15.8399 15.8718 15.8124 15.7 15.4158 15.1687 14.7608 14.2943 14.0552 14.8354 15.5172 15.8818 15.8573 15.0755 14.7776 14.7804 14.9832 14.8424 14.7387 14.3684 14.2682 14.1225 14.2338 14.554 14.8184 15.0726 15.2611 15.2886 15.4167 15.4978 15.519 15.5561 15.5532 15.5544 15.4104 15.5434 15.4644 15.5339 15.5181 15.505 15.4987 15.4186 15.4997 15.5725 15.6007 15.6192 15.6276 15.6391 15.6495 15.6577 15.6704 15.6859 15.7021 15.7165 15.7345 15.7545 15.7431 15.5982 15.3976 15.1388 -9999 -9999
-9999 -9999 -9999 -9999 -9999 -9999 14.261 14.8807 15.1755 15.5628 15.7624 15.852 15.8497 15.7605 15.5473 15.2223 14.9549 14.4322 13.8899 14.7061 15.4383 15.841 15.8791 15.2278 15.4318 15.2983 15.3757 15.1159 15.0166 14.9391 14.7554 14.5525 14.329 14.2184 14.7941 15.0957 15.3412 15.4642 15.5402 15.5858 15.5849 15.5603 15.3271 15.5354 15.5469 15.5461 15.5423 15.5494 15.5468 15.5402 15.546 15.5558 15.5068 15.5925 15.6055 15.6184 15.6309 15.6415 15.651 15.6617 15.6726 15.688 15.7034 15.7183 15.7345 15.7564 15.7732 15.7829 15.7577 15.4037 15.1986 15.1569
-9999 -9999 -9999 -9999 -9999 -9999 13.3973 14.2977 15.0119 15.3942 15.7103 15.802 15.842 15.7193 15.6312 15.4016 15.1861 14.8475 14.3341 14.0247 14.6394 15.5283 15.8687 15.8643 15.8614 15.7041 15.5635 15.5594 15.5864 15.4166 15.1651 14.8309 14.7387 14.6291 15.0612 15.1305 15.1127 15.5875 15.6026 15.591 15.4298 15.2487 15.303 15.1995 15.3148 15.1867 15.3385 15.4717 15.5319 15.5447 15.5489 15.5631 15.5698 15.5986 15.6107 15.6208 15.6316 15.6435 15.655 15.6636 15.6752 15.6927 15.7052 15.7195 15.736 15.7584 15.7758 15.7874 15.7994 15.7598 15.6909 15.5477
-9999 -9999 -9999 -9999 -9999 -9999 13.4335 14.1844 14.8298 15.2237 15.5995 15.6931 15.8264 15.8094 15.7167 15.5187 15.2695 14.9931 14.5544 14.233 14.6505 15.244 15.6753 15.8445 15.8611 15.8676 15.8442 15.8441 15.8132 15.7932 15.6165 15.3059 15.1331 14.8739 15.3543 15.4194 15.3592 15.6062 15.6085 15.2701 15.0139 14.9959 15.1788 15.0382 15.032 14.9528 15.0809 15.3949 15.3263 15.3596 15.5141 15.5506 15.5829 15.5995 15.6111 15.6229 15.6332 15.6465 15.6602 15.669 15.6813 15.6956 15.7066 15.7224 15.7361 15.7564 15.7733 15.7876 15.7998 15.8007 15.8018 15.8415
-9999 -9999 -9999 -9999 -9999 -9999 13.4513 13.9552 14.5373 15.1132 15.5146 15.6819 15.8068 15.8157 15.7063 15.6139 15.4624 15.2207 15.0601 14.771 14.3691 15.0857 15.3148 15.5267 15.6241 15.8403 15.8513 15.7753 15.6821 15.7954 15.7859 15.5393 15.4668 15.3352 15.6081 15.6216 15.6276 15.6272 15.3431 14.9431 14.6269 14.8811 14.8474 14.9746 14.6568 14.9544 15.1962 15.2859 15.1506 15.0532 15.4235 15.5012 15.5491 15.5843 15.6116 15.6208 15.6373 15.6484 15.661 15.6741 15.6859 15.6995 15.7123 15.7256 15.7399 15.7604 15.7741 15.7888 15.806 15.8151 15.8282 15.8462
-9999 -9999 -9999 -9999 -9999 -9999 -9999 13.6585 14.3993 15.0581 15.4288 15.6656 15.7862 15.7945 15.7441 15.6853 15.5961 15.4254 15.2081 14.857 14.6006 14.7889 15.0131 15.057 15.2132 15.6352 15.7895 15.6082 15.1344 15.4425 15.7764 15.7848 15.7708 15.7533 15.7271 15.705 15.6413 15.4487 14.8304 14.7209 14.4881 14.5319 14.4207 14.7167 14.6343 14.9368 15.0773 15.1405 14.8927 14.9701 15.3017 15.4387 15.4319 15.5206 15.6054 15.6209 15.6361 15.6477 15.6631 15.6779 15.6916 15.7042 15.7178 15.7325 15.7441 15.7675 15.7615 15.7637 15.75 15.8052 15.8253 15.8568
-9999 -9999 -9999 -9999 -9999 -9999 -9999 13.52 14.2557 15.0308 15.2858 15.5409 15.7629 15.7776 15.6948 15.6174 15.538 15.4465 15.1795 14.9216 14.6765 14.6045 14.6724 14.6857 14.928 15.4726 15.5904 15.5618 15.0735 14.9162 15.3577 15.7307 15.7725 15.7532 15.3438 15.4473 15.2328 14.9375 14.8667 14.7461 14.4751 14.6284 14.4346 14.5405 14.5397 14.7184 14.8139 15.0229 14.8087 14.8315 15.158 15.3259 15.3436 15.5184 15.5893 15.6177 15.635 15.6515 15.6662 15.6833 15.6968 15.7098 15.7226 15.7311 15.7293 15.6906 15.4077 15.4252 15.526 15.6221 15.7896 15.8541
-9999 -9999 -9999 -9999 -9999 -9999 -9999 13.6062 14.1198 14.8091 15.3223 15.3638 15.6191 15.7564 15.6655 15.5623 15.4572 15.4189 15.1269 14.8053 14.5485 14.2421 14.3101 14.556 14.9507 15.3077 15.384 15.3282 15.0759 15.219 15.5248 15.6935 15.7528 15.7305 15.6519 15.6124 15.4582 15.3995 15.1806 14.8307 14.7021 14.8084 14.4368 14.4796 14.6387 14.5102 14.7771 14.913 14.6315 14.8974 15.1814 15.3335 15.4679 15.5386 15.575 15.6235 15.6381 15.655 15.6708 15.6849 15.6998 15.7095 15.7205 15.7039 15.6722 15.4033 15.3086 15.3487 15.4971 15.6288 15.7819 15.8466
-9999 -9999 -9999 -9999 -9999 -9999 -9999 13.6941 14.158 14.7573 15.1264 15.2009 15.4832 15.7358 15.7205 15.6127 15.5889 15.4778 15.2321 14.9596 14.6608 14.5231 14.1879 14.5474 14.837 15.1415 15.2918 15.0884 14.991 15.2045 15.4165 15.5095 15.723 15.7349 15.6836 15.417 15.2942 15.3662 15.3218 15.2336 14.9975 15.0015 14.8556 14.8043 14.7569 14.5755 14.7221 14.7509 14.81 15.1156 15.2705 15.3779 15.4766 15.5128 15.5634 15.625 15.6431 15.6589 15.673 15.6884 15.6998 15.7014 15.7054 15.6558 15.556 15.3562 15.0305 15.2934 15.5675 15.6701 15.7685 15.8227
-9999 -9999 -9999 -9999 -9999 -9999 -9999 13.6184 14.111 14.625 14.846 14.8924 15.395 15.7074 15.7197 15.6751 15.6213 15.3274 15.3589 15.3113 15.0429 14.6458 14.2084 14.2654 14.553 14.9484 15.0897 14.7406 14.6249 14.7357 15.0491 15.3308 15.6243 15.7092 15.6412 15.2187 14.7688 14.9982 15.2425 15.2559 15.2032 14.9854 14.9267 14.8751 14.7206 14.4533 14.5144 14.6099 14.9629 15.0797 15.2516 15.3966 15.3618 15.4047 15.5436 15.6293 15.6461 15.6616 15.6783 15.6912 15.7017 15.6897 15.6764 15.6438 15.3579 15.1861 14.9349 15.2708 15.4625 15.5902 15.773 15.8282
-9999 -9999 -9999 -9999 -9999 -9999 -9999 13.4704 13.8309 14.3231 14.5279 14.8485 15.3243 15.5643 15.6858 15.6957 15.6641 15.5396 15.4703 15.3211 15.0412 14.6535 14.2211 13.9448 14.1072 14.6381 14.7826 14.4545 14.2962 14.5269 14.86 15.346 15.6297 15.6803 15.6701 15.5942 15.2696 14.8747 14.8904 15.1102 14.9532 14.7684 14.8932 14.888 14.7355 14.6288 14.5781 14.6486 14.8552 14.946 15.1423 15.4249 15.4778 15.4845 15.6115 15.6314 15.6482 15.6668 15.681 15.6945 15.7058 15.6987 15.6644 15.4789 15.3193 15.0913 15.0768 15.3835 15.533 15.6724 15.7699 15.8119
-9999 -9999 -9999 -9999 -9999 -9999 -9999 13.2142 13.637 14.099 14.5325 14.9434 15.299 15.3373 15.5308 15.543 15.6507 15.6365 15.5223 15.3987 15.1593 14.6571 14.2373 13.7783 13.9176 14.4598 14.5479 14.3347 13.9278 14.3785 14.8738 15.324 15.5742 15.4037 15.6074 15.6061 15.4934 15.2641 14.8996 14.9212 14.6519 14.6543 14.8149 14.8772 14.868 14.7916 14.6652 14.7183 14.8529 14.8963 15.0781 15.3007 15.5185 15.5671 15.6203 15.6363 15.6512 15.6687 15.6835 15.6937 15.6979 15.6896 15.5363 15.3512 15.2432 15.0889 15.0837 15.4308 15.5897 15.6864 15.7728 15.8161
-9999 -9999 -9999 -9999 -9999 -9999 -9999 -9999 13.596 14.0732 14.4294 14.5337 14.8511 15.0282 15.1681 15.2089 15.5862 15.6193 15.5518 15.4393 15.2371 14.8593 14.6006 14.1609 13.849 14.0081 14.0833 14.2185 14.1984 14.4078 14.8845 15.3804 15.4475 15.1564 15.2161 15.2943 15.4519 15.3934 14.8916 14.6437 14.4405 14.6096 14.787 14.8412 14.864 14.8477 14.8392 14.8052 15.038 15.2141 15.2664 15.4217 15.54 15.5833 15.6194 15.6365 15.6536 15.668 15.6763 15.6863 15.6748 15.6312 15.4577 15.02 15.0561 15.0224 14.8969 15.241 15.4749 15.6703 15.7813 15.8213
-9999 -9999 -9999 -9999 -9999 -9999 -9999 -9999 13.4418 13.9924 14.1177 14.1208 13.954 14.0482 14.7225 14.8684 15.2308 15.575 15.5639 15.4537 15.2654 15.0461 14.6991 14.2029 13.8116 13.6613 14.1157 14.5594 14.6634 14.8156 15.1137 15.1824 14.8849 14.6066 14.7856 14.899 15.2906 15.3737 15.3145 15.0177 14.6764 14.5052 14.7388 14.7828 14.8108 14.8284 14.8456 14.8633 15.1293 15.2802 15.3895 15.4558 15.5597 15.5972 15.6192 15.6405 15.6534 15.6631 15.6634 15.6617 15.6057 15.535 15.2413 14.999 14.8537 14.6653 15.1391 15.3008 15.5179 15.6598 15.7704 15.8067
