Test_Spring_2018b/04_18/Temp/20180426_013.txt
ncols	170
nrows	115
xllcorner	350000.000000
yllcorner	4445000.000000
cellsize	1000.000000
nodata_value	-9999.000000
[rows 32 to 63 of 115, columns 72 to 143 of 170]
22.713 22.7182 22.7243 22.7298 22.6994 22.6847 22.6757 22.6804 22.6852 22.69 22.6962 22.703 22.7105 22.7174 22.722 22.7272 22.7381 22.7471 22.7545 22.7653 22.7722 22.7766 22.7792 22.7888 22.7948 22.7705 22.7698 -9999 -9999 -9999 -9999 -9999 -9999 -9999 -9999 -9999 -9999 -9999 -9999 -9999 -9999 -9999 -9999 -9999 -9999 -9999 -9999 -9999 -9999 -9999 -9999 -9999 -9999 -9999 -9999 -9999 -9999 -9999 -9999 -9999 -9999 -9999 -9999 -9999 -9999 -9999 -9999 -9999 -9999 -9999 -9999 -9999
22.7033 22.709 22.7158 22.7208 22.707 22.6765 22.6672 22.6723 22.6775 22.683 22.6891 22.6958 22.7024 22.7089 22.714 22.7186 22.7265 22.7374 22.7462 22.755 22.7621 22.7685 22.7737 22.7828 22.7904 22.7842 22.7643 22.7483 -9999 -9999 -9999 -9999 -9999 -9999 -9999 -9999 -9999 -9999 -9999 -9999 -9999 -9999 -9999 -9999 -9999 -9999 -9999 -9999 -9999 -9999 -9999 -9999 -9999 -9999 -9999 -9999 -9999 -9999 -9999 -9999 -9999 -9999 -9999 -9999 -9999 -9999 -9999 -9999 -9999 -9999 -9999 -9999
22.694 22.6987 22.705 22.7107 22.6798 22.6525 22.6572 22.6638 22.669 22.6749 22.6807 22.6872 22.6939 22.7004 22.7066 22.7127 22.7168 22.7286 22.7397 22.7482 22.7564 22.7633 22.7688 22.7779 22.785 22.7713 22.7359 22.7421 22.7498 -9999 -9999 -9999 -9999 -9999 -9999 -9999 -9999 -9999 -9999 -9999 -9999 -9999 -9999 -9999 -9999 -9999 -9999 -9999 -9999 -9999 -9999 -9999 -9999 -9999 -9999 -9999 -9999 -9999 -9999 -9999 -9999 -9999 -9999 -9999 -9999 -9999 -9999 -9999 -9999 -9999 -9999 -9999
22.685 22.6893 22.6956 22.7016 22.6868 22.663 22.6493 22.6546 22.6603 22.666 22.6716 22.6765 22.6837 22.6917 22.6987 22.7044 22.7103 22.7185 22.7309 22.7406 22.7488 22.7577 22.7635 22.7718 22.7784 22.7759 22.7508 22.7369 22.744 22.7504 -9999 -9999 -9999 -9999 -9999 -9999 -9999 -9999 -9999 -9999 -9999 -9999 -9999 -9999 -9999 -9999 -9999 -9999 -9999 -9999 -9999 -9999 -9999 -9999 -9999 -9999 -9999 -9999 -9999 -9999 -9999 -9999 -9999 -9999 -9999 -9999 -9999 -9999 -9999 -9999 -9999 -9999
-9999 -9999 22.6859 22.6718 22.6643 22.6542 22.6406 22.6457 22.6512 22.6567 22.6614 22.6676 22.675 22.6822 22.689 22.6969 22.7041 22.7112 22.7211 22.733 22.7403 22.7506 22.7581 22.7658 22.7713 22.7471 22.7424 22.7287 22.7358 22.7424 -9999 -9999 -9999 -9999 -9999 -9999 -9999 -9999 -9999 -9999 -9999 -9999 -9999 -9999 -9999 -9999 -9999 -9999 -9999 -9999 -9999 -9999 -9999 -9999 -9999 -9999 -9999 -9999 -9999 -9999 -9999 -9999 -9999 -9999 -9999 -9999 -9999 -9999 -9999 -9999 -9999 -9999
-9999 -9999 -9999 22.6637 22.6558 22.6605 22.632 22.6363 22.6418 22.647 22.6523 22.6586 22.6655 22.6729 22.6803 22.6881 22.6957 22.705 22.7163 22.7254 22.7338 22.7424 22.7511 22.7581 22.7547 22.738 22.7426 22.7189 22.725 22.7332 22.7406 -9999 -9999 -9999 -9999 -9999 -9999 -9999 -9999 -9999 -9999 -9999 -9999 22.9007 -9999 -9999 -9999 -9999 -9999 -9999 -9999 -9999 -9999 -9999 -9999 -9999 -9999 -9999 -9999 -9999 -9999 -9999 -9999 -9999 23.1705 -9999 -9999 -9999 -9999 -9999 -9999 -9999
-9999 -9999 22.6721 22.6462 22.6492 22.6523 22.6412 22.6271 22.6322 22.6369 22.6421 22.6482 22.6547 22.6628 22.671 22.6789 22.6884 22.6989 22.7089 22.7187 22.7279 22.7361 22.7434 22.7499 22.7287 22.7331 22.7379 22.7334 22.7202 22.7261 22.7316 22.7383 -9999 -9999 -9999 -9999 -9999 -9999 -9999 22.8366 22.8502 22.864 22.8784 22.8938 22.9066 -9999 -9999 -9999 -9999 -9999 -9999 -9999 -9999 -9999 -9999 -9999 -9999 -9999 -9999 -9999 -9999 -9999 -9999 -9999 23.1674 23.1801 -9999 -9999 -9999 -9999 -9999 -9999
-9999 -9999 22.6372 22.64 22.6417 22.6437 22.6453 22.6183 22.6219 22.6265 22.6317 22.6376 22.6443 22.6528 22.6611 22.6704 22.6803 22.6915 22.7019 22.7113 22.7201 22.7282 22.7348 22.7415 22.7223 22.7268 22.7302 22.7336 22.7131 22.7165 22.7206 22.7261 -9999 -9999 -9999 -9999 -9999 -9999 22.8136 22.8288 22.8438 22.8563 22.872 22.8875 22.9013 22.903 -9999 -9999 -9999 -9999 -9999 -9999 -9999 -9999 -9999 -9999 -9999 -9999 -9999 -9999 23.114 23.1265 23.1367 23.1491 23.1625 23.1754 -9999 -9999 -9999 -9999 -9999 -9999
-9999 -9999 22.6319 22.6338 22.6347 22.6352 22.635 22.6194 22.6119 22.6157 22.6206 22.6267 22.6341 22.6419 22.6512 22.6603 22.6724 22.6833 22.6937 22.7026 22.7116 22.7179 22.7245 22.7077 22.7149 22.7183 22.72 22.7208 22.7038 22.7052 22.7109 22.7162 -9999 -9999 -9999 -9999 -9999 -9999 22.8039 22.8197 22.8355 22.8504 22.8633 22.8803 22.8843 22.8973 22.9113 22.9265 22.9411 22.9465 22.9618 22.9769 22.9911 23.0065 -9999 -9999 -9999 -9999 23.0803 23.095 23.1097 23.1234 23.1332 23.1446 23.1564 23.1689 -9999 -9999 -9999 -9999 -9999 -9999
-9999 -9999 22.6284 22.6285 22.6274 22.6257 22.6249 22.6085 22.6014 22.6023 22.6073 22.6137 22.6216 22.6305 22.6401 22.6513 22.6628 22.6741 22.6831 22.691 22.7022 22.7095 22.6984 22.7009 22.7071 22.7096 22.7097 22.7092 22.6948 22.6963 22.7009 22.7049 -9999 -9999 -9999 22.7485 22.7634 22.7773 22.7923 22.8091 22.8256 22.8421 22.8581 22.8635 22.8776 22.8908 22.9038 22.9186 22.9353 22.95 22.9569 22.9721 22.9864 23.0038 23.0192 23.0342 23.049 23.0635 23.0781 23.0929 23.1075 23.1214 23.1293 23.1415 23.1547 23.1717 -9999 -9999 -9999 -9999 -9999 -9999
-9999 -9999 22.6195 22.6188 22.6173 22.6118 22.6096 22.6087 22.5949 22.5914 22.5961 22.6017 22.6104 22.6198 22.6305 22.6421 22.654 22.6643 22.6735 22.6819 22.6908 22.6881 22.6928 22.6939 22.6999 22.7005 22.6973 22.6967 22.6993 22.6881 22.688 22.6921 -9999 -9999 22.721 22.7371 22.753 22.7685 22.7838 22.7992 22.8167 22.8326 22.8502 22.8569 22.8694 22.8844 22.8978 22.9129 22.9307 22.945 22.9542 22.9695 22.9844 22.9991 23.0142 23.029 23.0437 23.0584 23.0728 23.0876 23.1024 23.1166 23.1283 23.1416 23.1534 23.1691 -9999 -9999 -9999 -9999 -9999 -9999
-9999 -9999 22.6088 22.6071 22.605 22.602 22.5999 22.5977 22.583 22.5857 22.585 22.5907 22.5985 22.6092 22.6205 22.6328 22.6457 22.6568 22.6672 22.6756 22.6841 22.6811 22.6867 22.6807 22.6853 22.6881 22.6902 22.6929 22.6908 22.6784 22.6817 22.6826 22.6887 -9999 22.7099 22.7238 22.7405 22.7579 22.775 22.7902 22.8085 22.8252 22.8354 22.8501 22.8639 22.8806 22.8954 22.9097 22.9254 22.9404 22.9492 22.9644 22.9791 22.9939 23.0087 23.0235 23.0382 23.0529 23.0676 23.0823 23.097 23.1116 23.125 23.1372 23.1488 23.1638 -9999 -9999 -9999 -9999 -9999 -9999
-9999 22.6172 22.6045 22.6022 22.5984 22.5944 22.5907 22.5877 22.5743 22.5746 22.578 22.5804 22.5874 22.5978 22.61 22.6239 22.6375 22.6511 22.6631 22.6712 22.6724 22.674 22.6772 22.6756 22.6792 22.6836 22.6851 22.685 22.6848 22.6725 22.6716 22.6753 22.6774 22.687 22.6996 22.7133 22.7293 22.7476 22.7658 22.7832 22.8003 22.8123 22.8287 22.8456 22.8605 22.8754 22.8896 22.9042 22.9185 22.9335 22.9429 22.9588 22.9739 22.9883 23.0031 23.0178 23.0325 23.0472 23.062 23.0767 23.0915 23.1063 23.1202 23.133 23.1468 23.1638 -9999 -9999 -9999 -9999 -9999 -9999
-9999 -9999 22.5995 22.5952 22.5898 22.5847 22.5802 22.5768 22.5639 22.5648 22.5683 22.5726 22.5777 22.587 22.6007 22.6148 22.6297 22.644 22.6576 22.6582 22.6654 22.6712 22.6742 22.6744 22.6777 22.6792 22.6795 22.677 22.6744 22.6606 22.6609 22.6657 22.6679 22.6772 22.6892 22.7049 22.721 22.7371 22.754 22.7743 22.7884 22.8066 22.824 22.8391 22.8548 22.8694 22.8848 22.8994 22.9138 22.9253 22.9369 22.9517 22.9679 22.983 22.9975 23.0121 23.0268 23.0415 23.0562 23.071 23.0858 23.1 23.1174 23.1316 23.1408 23.1583 -9999 -9999 -9999 -9999 -9999 -9999
-9999 -9999 -9999 -9999 22.5825 22.5767 22.5712 22.5669 22.5547 22.5556 22.5587 22.564 22.5713 22.5792 22.5917 22.6061 22.6195 22.6344 22.646 22.6567 22.6654 22.6695 22.6691 22.6737 22.6752 22.6738 22.6723 22.6704 22.6666 22.6537 22.653 22.6547 22.6608 22.672 22.6836 22.6994 22.7149 22.7296 22.7469 22.7642 22.7831 22.801 22.8176 22.8328 22.8489 22.8631 22.8797 22.8946 22.9083 22.9218 22.9313 22.9467 22.9615 22.9773 22.9921 23.0064 23.021 23.0357 23.0504 23.0652 23.0809 23.0962 23.1117 23.1273 23.1365 23.152 -9999 -9999 -9999 -9999 -9999 -9999
-9999 -9999 -9999 -9999 22.5744 22.568 22.5626 22.5596 22.5468 22.5475 22.5502 22.5558 22.5634 22.5727 22.5839 22.5971 22.6098 22.6243 22.639 22.6511 22.6601 22.6644 22.6668 22.6692 22.6698 22.6674 22.665 22.6634 22.6594 22.6461 22.6464 22.6473 22.6548 22.6644 22.6766 22.6921 22.7087 22.7254 22.7403 22.7583 22.7776 22.7948 22.8105 22.8273 22.8429 22.8567 22.874 22.8894 22.9034 22.9175 22.9267 22.9416 22.9566 22.9715 22.9863 23.0007 23.0152 23.0298 23.0446 23.0597 23.075 23.0905 23.1061 23.1219 23.1335 23.1465 -9999 -9999 -9999 -9999 -9999 -9999
-9999 -9999 -9999 -9999 -9999 22.5596 22.5554 22.5531 22.54 22.5403 22.5438 22.5493 22.5568 22.5668 22.5781 22.5903 22.6008 22.6155 22.6299 22.6437 22.6541 22.6608 22.6609 22.6621 22.6599 22.6571 22.6565 22.6554 22.6523 22.6397 22.6397 22.6457 22.6535 22.6634 22.6745 22.6864 22.7026 22.7197 22.7353 22.7535 22.7723 22.7888 22.8054 22.8218 22.8374 22.8531 22.8685 22.8845 22.8981 22.9127 22.922 22.9365 22.9512 22.9659 22.9805 22.995 23.0094 23.0241 23.0388 23.054 23.0693 23.0849 23.1006 23.1165 23.1321 23.1487 23.1627 -9999 -9999 -9999 -9999 -9999
-9999 -9999 -9999 -9999 -9999 22.5512 22.5464 22.5451 22.5326 22.5348 22.5387 22.5444 22.5516 22.561 22.5712 22.5849 22.5958 22.607 22.6206 22.6307 22.6437 22.6542 22.6544 22.6498 22.6488 22.6475 22.648 22.6477 22.6466 22.6325 22.6345 22.6425 22.6508 22.6606 22.672 22.6842 22.6983 22.7165 22.7327 22.7503 22.7672 22.7845 22.8002 22.8161 22.8332 22.8482 22.8634 22.8794 22.8927 22.9078 22.9169 22.9311 22.9455 22.9605 22.9749 22.9893 23.0039 23.0185 23.0333 23.0484 23.0638 23.0795 23.0953 23.1113 23.1273 23.1476 23.1621 23.1776 23.1942 -9999 -9999 -9999
-9999 -9999 -9999 -9999 -9999 -9999 22.5376 22.5384 22.5273 22.5296 22.5348 22.5408 22.544 22.5551 22.5661 22.5782 22.5891 22.5991 22.6073 22.6237 22.6376 22.6472 22.6478 22.6448 22.6444 22.6453 22.6472 22.6462 22.6455 22.6324 22.635 22.6386 22.6458 22.6543 22.6676 22.682 22.6974 22.713 22.7304 22.746 22.763 22.7802 22.7969 22.8134 22.8284 22.8451 22.8596 22.8748 22.889 22.9028 22.9118 22.9255 22.9404 22.9551 22.9695 22.9844 22.9987 23.0133 23.0281 23.0434 23.0587 23.0744 23.0903 23.1064 23.1225 23.1433 23.1597 23.1746 23.1888 23.202 -9999 -9999
-9999 -9999 -9999 -9999 -9999 -9999 22.53 22.5319 22.5211 22.526 22.5251 22.5302 22.5403 22.5513 22.5624 22.5734 22.5849 22.594 22.602 22.6176 22.6294 22.6394 22.645 22.639 22.643 22.6436 22.6452 22.644 22.644 22.6334 22.636 22.6396 22.641 22.6502 22.6654 22.6801 22.6958 22.7119 22.7286 22.7458 22.7601 22.7758 22.7906 22.8085 22.8246 22.8401 22.8551 22.8699 22.8841 22.898 22.9069 22.9213 22.9352 22.9494 22.9654 22.9795 22.9939 23.0085 23.0234 23.0387 23.0543 23.0701 23.0856 23.1017 23.1178 23.1389 23.1554 23.1715 23.187 23.1995 23.2127 23.2275
-9999 -9999 -9999 -9999 -9999 -9999 22.5184 22.5236 22.5074 22.5139 22.5173 22.5262 22.5364 22.5468 22.5584 22.5695 22.5808 22.5908 22.5987 22.607 22.6184 22.6326 22.6375 22.6369 22.6399 22.6411 22.6418 22.6435 22.6455 22.6343 22.6314 22.6353 22.6437 22.6523 22.6664 22.6792 22.6927 22.7112 22.7271 22.7434 22.759 22.7705 22.7875 22.8014 22.8181 22.8325 22.8487 22.8643 22.8791 22.8932 22.9018 22.9153 22.9298 22.9467 22.9608 22.975 22.9894 23.0041 23.0191 23.0344 23.05 23.0659 23.0819 23.0982 23.1134 23.1347 23.1511 23.1672 23.183 23.1979 23.2122 23.2264
-9999 -9999 -9999 -9999 -9999 -9999 22.5046 22.4948 22.5023 22.5032 22.5127 22.5217 22.5325 22.5433 22.5544 22.5651 22.5756 22.5855 22.5934 22.6013 22.6137 22.6226 22.6321 22.6328 22.6335 22.6368 22.6394 22.636 22.6386 22.6284 22.6329 22.6389 22.6459 22.6535 22.6682 22.6809 22.6939 22.7103 22.7256 22.739 22.7533 22.7697 22.7826 22.7976 22.8132 22.826 22.8419 22.859 22.8717 22.886 22.8954 22.9102 22.9281 22.9424 22.9566 22.9709 22.9854 23.0001 23.0152 23.0305 23.0461 23.062 23.078 23.0942 23.1104 23.1321 23.1471 23.1632 23.1789 23.1942 23.2114 23.2271
-9999 -9999 -9999 -9999 -9999 -9999 22.5008 22.4882 22.4961 22.498 22.5081 22.5177 22.5283 22.5389 22.5494 22.5604 22.571 22.5806 22.5903 22.5982 22.6041 22.6177 22.6218 22.6232 22.6232 22.6282 22.6312 22.6337 22.6193 22.6259 22.6336 22.6395 22.6477 22.6566 22.6698 22.6821 22.6954 22.7095 22.7223 22.7347 22.7481 22.7661 22.7819 22.793 22.806 22.8224 22.8393 22.8546 22.8658 22.8792 22.8899 22.909 22.9237 22.9382 22.9527 22.9671 22.9817 22.9965 23.0116 23.0269 23.0425 23.0584 23.0744 23.0905 23.1067 23.1285 23.145 23.1639 23.1797 23.193 23.2079 23.2239
-9999 -9999 -9999 -9999 -9999 -9999 -9999 22.4808 22.481 22.4919 22.5018 22.5119 22.5222 22.5324 22.5429 22.5535 22.564 22.5735 22.5822 22.589 22.5957 22.6049 22.6079 22.6078 22.6137 22.6212 22.6263 22.629 22.6124 22.6219 22.6317 22.6399 22.6489 22.6588 22.6703 22.6823 22.6949 22.7073 22.717 22.7305 22.7441 22.76 22.7747 22.786 22.8006 22.818 22.834 22.8491 22.8616 22.8689 22.8908 22.9064 22.9206 22.9356 22.949 22.9636 22.9783 22.9932 23.0083 23.0237 23.0393 23.0569 23.073 23.0892 23.1057 23.1279 23.1442 23.1603 23.1759 23.1916 23.2067 23.2316
-9999 -9999 -9999 -9999 -9999 -9999 -9999 22.4633 22.4741 22.4864 22.4957 22.506 22.517 22.527 22.5368 22.5469 22.557 22.5667 22.5747 22.5821 22.5889 22.5963 22.6039 22.5979 22.6052 22.6145 22.6203 22.625 22.6091 22.6152 22.6265 22.638 22.6478 22.658 22.6661 22.679 22.6902 22.7015 22.7152 22.7289 22.7418 22.7582 22.7719 22.7879 22.7958 22.8122 22.8277 22.844 22.8568 22.8635 22.8858 22.9018 22.9164 22.9322 22.9472 22.962 22.9768 22.9918 23.007 23.0225 23.0382 23.0541 23.07 23.0861 23.102 23.1182 23.1384 23.1545 23.171 23.1872 23.2056 23.2298
-9999 -9999 -9999 -9999 -9999 -9999 -9999 22.4569 22.4667 22.4788 22.4904 22.4992 22.5103 22.5212 22.5306 22.5402 22.5497 22.5596 22.5672 22.574 22.5808 22.5865 22.5945 22.6032 22.5992 22.6078 22.6141 22.6194 22.6055 22.6146 22.6254 22.6359 22.6462 22.6566 22.6674 22.6792 22.6907 22.7037 22.7159 22.7276 22.7412 22.7569 22.7689 22.7842 22.8003 22.8064 22.8233 22.839 22.8514 22.8652 22.8823 22.8983 22.914 22.9292 22.9441 22.9592 22.9741 22.9892 23.0045 23.02 23.0356 23.0514 23.0673 23.083 23.0986 23.1123 23.1348 23.1511 23.1679 23.1844 23.2128 23.2282
-9999 -9999 -9999 -9999 -9999 -9999 -9999 22.45 22.4601 22.472 22.4828 22.492 22.5033 22.5149 22.5248 22.5341 22.544 22.5531 22.5609 22.5681 22.5746 22.5818 22.587 22.5971 22.5922 22.601 22.6086 22.5937 22.601 22.6111 22.6218 22.632 22.6439 22.6548 22.6659 22.676 22.6877 22.7015 22.7149 22.7283 22.7409 22.7555 22.7691 22.7834 22.7978 22.8029 22.8188 22.8337 22.8536 22.8632 22.8795 22.8953 22.9109 22.926 22.9412 22.9566 22.9717 22.9868 23.0022 23.0176 23.0332 23.0489 23.0646 23.08 23.095 23.1092 23.13 23.148 23.1658 23.1917 23.211 23.2267
-9999 -9999 -9999 -9999 -9999 -9999 -9999 22.4415 22.4524 22.4641 22.474 22.4831 22.4962 22.5083 22.5182 22.5279 22.5375 22.5451 22.5549 22.5639 22.5707 22.5761 22.5808 22.5888 22.5919 22.5939 22.602 22.5862 22.5939 22.6037 22.6156 22.6277 22.6404 22.6521 22.6632 22.6721 22.6813 22.6962 22.7117 22.7257 22.7395 22.7522 22.7663 22.7805 22.7939 22.8054 22.8131 22.8286 22.8431 22.8594 22.8759 22.8922 22.907 22.9223 22.9384 22.9541 22.9693 22.9846 22.9999 23.0154 23.031 23.0464 23.062 23.0774 23.0909 23.1052 23.1253 23.1453 23.1626 23.1924 23.2095 23.2255
-9999 -9999 -9999 -9999 -9999 -9999 -9999 22.4322 22.4426 22.4544 22.4645 22.4759 22.4889 22.5005 22.5112 22.5213 22.531 22.5399 22.549 22.5572 22.564 22.5696 22.5745 22.5803 22.5892 22.5858 22.5929 22.5791 22.5869 22.598 22.6103 22.6242 22.6371 22.6487 22.6604 22.672 22.6822 22.6922 22.7058 22.7213 22.7341 22.747 22.7624 22.7769 22.7903 22.8041 22.8096 22.8299 22.8387 22.8549 22.8718 22.8893 22.905 22.9202 22.9364 22.9517 22.967 22.9824 22.9978 23.0133 23.0288 23.0443 23.0596 23.0738 23.0882 23.1021 23.1176 23.1438 23.1707 23.1914 23.208 23.2241
-9999 -9999 -9999 -9999 -9999 -9999 -9999 22.4218 22.4331 22.445 22.4572 22.4695 22.4817 22.4917 22.5031 22.5132 22.5241 22.5338 22.5426 22.5511 22.5584 22.5632 22.5684 22.573 22.5819 22.5873 22.5658 22.5731 22.5792 22.5922 22.606 22.6199 22.6327 22.6427 22.6561 22.6683 22.6802 22.6915 22.7021 22.716 22.7279 22.7422 22.7578 22.7728 22.7874 22.8014 22.8138 22.8266 22.8351 22.8511 22.8681 22.8853 22.9025 22.9182 22.934 22.9494 22.9648 22.9803 22.9957 23.0112 23.0266 23.042 23.0563 23.0705 23.0852 23.0997 23.1153 23.1399 23.1691 23.1898 23.2066 23.2229
-9999 -9999 -9999 -9999 -9999 -9999 -9999 -9999 22.4246 22.4369 22.4487 22.4589 22.471 22.4822 22.4933 22.5037 22.5168 22.527 22.5362 22.5449 22.5525 22.5585 22.565 22.5698 22.5754 22.5759 22.5567 22.5669 22.5761 22.5874 22.6011 22.6155 22.627 22.6361 22.6485 22.6614 22.6754 22.6881 22.6976 22.7095 22.7219 22.7375 22.7533 22.7683 22.7831 22.7978 22.8154 22.8153 22.833 22.8502 22.8664 22.8833 22.8999 22.9158 22.9315 22.9471 22.9627 22.9781 22.9936 23.009 23.0243 23.0394 23.0535 23.0656 23.0815 23.0969 23.1116 23.1401 23.1701 23.1879 23.205 23.2215
-9999 -9999 -9999 -9999 -9999 -9999 -9999 -9999 22.4151 22.4283 22.4384 22.448 22.4566 22.4674 22.4828 22.4942 22.5073 22.52 22.5299 22.5386 22.5465 22.5537 22.5596 22.564 22.569 22.5543 22.5614 22.564 22.5741 22.585 22.5974 22.6085 22.6172 22.6265 22.6398 22.6531 22.6689 22.6828 22.6959 22.7074 22.7189 22.7319 22.7482 22.7633 22.7783 22.7933 22.8128 22.8195 22.8302 22.8474 22.8642 22.8806 22.8973 22.9133 22.9292 22.9449 22.9605 22.976 22.9914 23.0067 23.0216 23.0364 23.0496 23.0632 23.0776 23.0918 23.1112 23.1384 23.1652 23.1859 23.2032 23.2199
