Test_Spring_2018b/04_18/Temp/20180415_022.txt
ncols	170
nrows	115
xllcorner	350000.000000
yllcorner	4445000.000000
cellsize	1000.000000
nodata_value	-9999.000000
[rows 32 to 63 of 115, columns 72 to 143 of 170]
18.2657 17.9809 18.4057 18.7961 18.5215 18.3355 18.9686 18.9614 18.7322 18.2032 18.0059 17.8021 17.6757 17.0007 15.1144 13.4135 14.3188 14.3362 13.703 14.8255 14.2245 12.6649 10.4652 11.6506 11.3331 9.74483 9.34381 -9999 -9999 -9999 -9999 -9999 -9999 -9999 -9999 -9999 -9999 -9999 -9999 -9999 -9999 -9999 -9999 -9999 -9999 -9999 -9999 -9999 -9999 -9999 -9999 -9999 -9999 -9999 -9999 -9999 -9999 -9999 -9999 -9999 -9999 -9999 -9999 -9999 -9999 -9999 -9999 -9999 -9999 -9999 -9999 -9999
17.8782 17.7529 18.3877 18.368 18.3028 18.5013 18.8873 18.9611 18.8677 18.6336 18.4306 18.2156 17.678 16.9062 15.2912 13.3556 12.9136 13.8548 13.8958 14.043 13.4951 12.8077 11.7351 12.6022 12.9347 11.8932 10.5238 9.63568 -9999 -9999 -9999 -9999 -9999 -9999 -9999 -9999 -9999 -9999 -9999 -9999 -9999 -9999 -9999 -9999 -9999 -9999 -9999 -9999 -9999 -9999 -9999 -9999 -9999 -9999 -9999 -9999 -9999 -9999 -9999 -9999 -9999 -9999 -9999 -9999 -9999 -9999 -9999 -9999 -9999 -9999 -9999 -9999
17.4192 16.7924 17.1728 17.4566 17.9513 18.0637 18.1369 18.8943 18.8472 18.8057 18.4737 18.2076 17.7704 17.0274 15.9716 14.7015 12.4928 13.8483 14.9087 14.8769 14.8138 14.3309 13.3005 14.1518 14.1856 12.8505 11.3215 10.4415 10.0745 -9999 -9999 -9999 -9999 -9999 -9999 -9999 -9999 -9999 -9999 -9999 -9999 -9999 -9999 -9999 -9999 -9999 -9999 -9999 -9999 -9999 -9999 -9999 -9999 -9999 -9999 -9999 -9999 -9999 -9999 -9999 -9999 -9999 -9999 -9999 -9999 -9999 -9999 -9999 -9999 -9999 -9999 -9999
16.8998 16.1354 16.5182 17.0304 17.7359 18.0806 18.3523 18.5738 18.8001 18.7663 18.4265 17.4346 17.2889 17.2419 16.5499 15.1025 13.657 13.2798 14.8998 15.3604 15.2611 15.6188 14.7452 15.1496 14.9751 14.4943 13.028 11.7023 11.1578 10.0872 -9999 -9999 -9999 -9999 -9999 -9999 -9999 -9999 -9999 -9999 -9999 -9999 -9999 -9999 -9999 -9999 -9999 -9999 -9999 -9999 -9999 -9999 -9999 -9999 -9999 -9999 -9999 -9999 -9999 -9999 -9999 -9999 -9999 -9999 -9999 -9999 -9999 -9999 -9999 -9999 -9999 -9999
-9999 -9999 15.6393 16.3199 16.8863 17.579 18.1789 18.4809 18.7744 18.7437 18.07 17.738 17.7046 17.2495 16.4515 15.9494 15.0381 14.0889 14.4465 15.8274 15.2071 16.1834 16.0951 16.2696 15.6075 14.3262 12.6508 11.6596 11.1717 10.3032 -9999 -9999 -9999 -9999 -9999 -9999 -9999 -9999 -9999 -9999 -9999 -9999 -9999 -9999 -9999 -9999 -9999 -9999 -9999 -9999 -9999 -9999 -9999 -9999 -9999 -9999 -9999 -9999 -9999 -9999 -9999 -9999 -9999 -9999 -9999 -9999 -9999 -9999 -9999 -9999 -9999 -9999
-9999 -9999 -9999 16.178 16.605 17.5534 18.0155 18.2085 18.6859 18.6801 18.421 18.2244 17.9424 17.5761 16.9755 16.3136 15.4566 15.3744 16.257 16.2643 16.0752 16.2161 16.666 16.5402 15.5073 13.7297 12.7971 10.8835 10.0719 10.1492 9.57322 -9999 -9999 -9999 -9999 -9999 -9999 -9999 -9999 -9999 -9999 -9999 -9999 11.7382 -9999 -9999 -9999 -9999 -9999 -9999 -9999 -9999 -9999 -9999 -9999 -9999 -9999 -9999 -9999 -9999 -9999 -9999 -9999 -9999 8.24819 -9999 -9999 -9999 -9999 -9999 -9999 -9999
-9999 -9999 16.1054 16.6662 17.1226 17.7133 17.7496 18.0884 18.638 18.6388 18.4529 18.2445 17.7837 17.6666 17.3233 16.6052 16.4562 16.7432 16.8738 17.0219 17.1113 17.0314 16.8419 16.5979 15.907 15.0874 14.5349 12.8005 11.9092 11.0719 9.80805 8.81889 -9999 -9999 -9999 -9999 -9999 -9999 -9999 11.0732 11.0262 11.0482 11.3237 12.0852 11.6362 -9999 -9999 -9999 -9999 -9999 -9999 -9999 -9999 -9999 -9999 -9999 -9999 -9999 -9999 -9999 -9999 -9999 -9999 -9999 8.92811 7.93543 -9999 -9999 -9999 -9999 -9999 -9999
-9999 -9999 16.2286 16.8481 17.1526 17.7252 18.0487 18.2365 18.4212 18.5982 18.5603 18.3301 17.9838 17.982 17.5084 17.2521 17.0687 17.4584 17.5335 17.3735 17.1729 16.9944 16.4962 16.4332 16.2374 15.7142 14.8599 13.9796 12.6899 10.975 9.29378 7.93738 -9999 -9999 -9999 -9999 -9999 -9999 11.2042 11.8376 12.217 11.4104 12.0992 12.7284 12.6268 11.9936 -9999 -9999 -9999 -9999 -9999 -9999 -9999 -9999 -9999 -9999 -9999 -9999 -9999 -9999 13.6227 12.606 10.5524 9.49921 8.86666 7.96374 -9999 -9999 -9999 -9999 -9999 -9999
-9999 -9999 16.0938 16.8263 17.3187 17.7544 17.8152 18.2538 18.4332 18.5241 18.5052 18.4547 18.3869 17.9726 17.7931 17.1705 17.7623 17.7383 17.5863 16.9893 16.7285 15.7034 15.2491 15.1163 15.9676 15.325 13.9915 12.3265 10.3129 10.1705 9.5063 8.29322 -9999 -9999 -9999 -9999 -9999 -9999 11.3888 12.0666 12.6325 12.7151 11.9134 13.0321 12.9686 12.3408 12.1967 12.708 12.9661 12.7609 13.3688 13.5475 13.2704 13.5736 -9999 -9999 -9999 -9999 13.7552 13.7965 13.8276 13.4038 11.1603 9.62753 8.25058 8.11623 -9999 -9999 -9999 -9999 -9999 -9999
-9999 -9999 16.598 17.0443 17.2641 17.29 17.6788 18.0589 18.2856 18.4516 18.4085 18.3882 18.3683 18.2246 17.8961 17.9533 17.9259 17.7345 16.6011 15.2778 15.8511 15.0656 13.3662 14.7155 15.4572 14.7293 13.1144 11.2432 10.6104 10.6231 9.70108 8.51566 -9999 -9999 -9999 9.52365 10.4934 10.5784 10.8653 11.7696 12.4577 12.9773 13.3303 13.3073 12.9282 12.3138 11.6459 11.8808 13.0759 13.3656 13.5978 13.7829 13.5256 13.6589 13.9793 14.1452 14.1793 14.1046 14.0879 14.1144 14.0763 13.681 11.6746 10.5253 9.79126 8.3081 -9999 -9999 -9999 -9999 -9999 -9999
-9999 -9999 16.2956 16.6816 16.9915 17.5097 17.5541 17.8805 18.0626 18.3449 18.3713 18.0166 18.3007 18.2605 18.2048 18.0895 17.9214 16.9653 15.6473 14.3253 13.7133 13.9572 12.9413 13.4455 14.1968 13.9113 12.9116 11.2432 11.0001 10.5935 9.0426 7.55459 -9999 -9999 7.63071 9.49081 10.8013 11.4781 11.6889 11.7105 12.5777 12.6467 13.5793 13.351 12.1119 12.2486 11.7665 12.0746 12.5093 12.6274 13.2492 13.8533 13.9677 13.9704 14.1746 14.2171 14.2287 14.2242 14.0867 14.1505 14.1604 13.9139 12.4597 11.7498 10.9634 8.32095 -9999 -9999 -9999 -9999 -9999 -9999
-9999 -9999 16.4816 16.9133 17.3869 17.4529 17.8007 17.7544 17.633 18.1257 18.2965 18.0443 17.8628 18.187 18.1631 18.1194 18.0481 17.1502 16.1107 14.5363 13.5565 12.9441 12.5136 11.9265 12.3077 12.1789 12.0091 12.1831 11.7165 10.7854 9.8765 8.18009 7.26302 -9999 7.71848 8.55783 10.1167 11.4423 12.2848 11.9845 12.9708 13.1548 13.715 13.3812 12.6264 12.3003 12.2693 12.1686 12.8291 13.2721 13.5773 13.7866 14.0459 14.1126 14.18 14.2087 14.2249 14.2413 14.2388 14.2343 14.2052 14.1125 13.4435 12.7317 11.2008 8.40096 -9999 -9999 -9999 -9999 -9999 -9999
-9999 15.2029 16.4225 17.1537 17.4282 17.6225 17.7925 17.9125 18.0334 18.1551 18.2366 18.1885 17.5321 17.5831 17.6996 18.0702 18.0445 17.9642 17.3963 15.4811 14.809 13.8324 12.5735 12.0353 12.2874 13.3037 13.2473 12.557 11.789 10.7212 10.0456 9.0044 7.01096 7.18673 8.0802 8.74598 9.80598 11.4265 12.5635 13.0722 13.2656 13.6594 13.8669 13.4069 12.9659 12.7807 12.4393 12.3889 12.3888 12.7868 13.0903 13.7839 14.0173 14.1225 14.1777 14.2081 14.2306 14.2529 14.2613 14.2489 14.25 14.2445 14.1925 13.249 10.8878 9.10704 -9999 -9999 -9999 -9999 -9999 -9999
-9999 -9999 16.1843 16.4973 16.5681 16.7034 16.9963 17.3369 17.82 17.8748 18.1432 18.136 17.5677 16.9165 17.4819 17.7074 17.9416 17.95 17.8776 16.2588 15.4132 14.745 13.5373 13.9553 14.3566 14.3771 14.1177 12.649 11.1864 9.4921 7.92064 7.83917 6.99127 7.43228 8.02211 9.53994 10.6093 11.0446 11.3582 13.0065 13.4323 13.5784 13.9995 13.4242 13.2729 12.8389 12.9646 12.9241 12.9238 11.7252 12.9163 12.9863 13.7674 14.1183 14.1975 14.2204 14.245 14.2502 14.2562 14.2537 14.2622 14.2489 14.233 13.6189 10.6278 9.12149 -9999 -9999 -9999 -9999 -9999 -9999
-9999 -9999 -9999 -9999 16.2488 16.4833 16.6287 16.892 17.7227 17.9416 18.0857 18.0927 17.8383 17.1929 17.0237 17.1428 16.5174 17.0426 17.7573 17.737 17.6458 16.2256 15.4891 16.1801 15.9566 14.8821 14.0336 13.1959 11.4849 10.2203 8.42015 7.06772 7.01168 8.49299 9.72361 11.2597 11.9389 11.5555 11.9762 12.7929 13.7226 14.1721 14.0662 13.4598 13.3692 12.7011 13.3527 13.4058 13.0986 12.8328 12.9292 13.3148 13.4618 14.0732 14.2219 14.2484 14.2547 14.259 14.2579 14.2556 14.247 14.2399 14.23 14.2003 11.1257 8.72976 -9999 -9999 -9999 -9999 -9999 -9999
-9999 -9999 -9999 -9999 15.6489 15.7854 16.1705 17.184 17.7027 17.91 17.8948 17.9896 17.8093 17.2421 16.6616 16.1155 15.4104 15.8148 16.8826 17.5101 17.5775 16.3317 16.9639 16.7125 16.2254 14.8233 13.7865 13.231 11.5877 10.1704 8.96985 7.31691 8.01556 8.78735 9.78151 11.457 12.5893 13.0562 12.6679 13.1923 14.262 14.2687 13.6844 13.7217 13.36 12.4477 13.3921 13.6557 13.4379 13.4908 13.4024 13.5452 13.8069 14.0578 14.2252 14.2487 14.2526 14.2489 14.2502 14.2512 14.2395 14.2398 14.2298 14.212 12.2264 8.67665 -9999 -9999 -9999 -9999 -9999 -9999
-9999 -9999 -9999 -9999 -9999 15.0863 15.9844 17.3345 17.6538 17.6132 17.8872 17.906 17.6313 17.3944 16.6898 15.7283 13.8797 14.3515 15.3343 16.7501 17.4912 17.3846 16.9568 16.2265 14.4725 12.9354 12.7381 12.4762 11.2737 10.1776 8.84388 9.60483 10.4407 11.3575 11.8394 11.7139 12.6842 13.4762 13.143 13.7859 14.5351 14.1967 13.9962 13.8272 13.4101 13.3829 13.4231 13.9581 13.583 13.809 13.8066 13.7927 13.9197 14.0667 14.2215 14.2479 14.2496 14.2538 14.2373 14.2444 14.2357 14.2263 14.217 14.2015 14.0193 12.1043 10.9597 -9999 -9999 -9999 -9999 -9999
-9999 -9999 -9999 -9999 -9999 14.2342 14.6749 16.2769 16.7567 17.4612 17.8328 17.8451 17.3837 17.1265 16.0762 15.7372 14.0274 13.2527 13.9094 13.6551 15.6037 17.3258 16.9365 13.4384 12.1641 11.2515 11.4711 11.4615 11.1185 9.26677 8.75377 10.3872 11.4148 12.2116 12.817 12.9429 12.9237 14.1615 14.3273 14.7305 14.6446 14.6824 14.0587 13.672 14.0033 13.6121 13.5431 14.096 13.5459 14.0382 13.9717 13.8222 13.8141 14.1403 14.207 14.2428 14.246 14.2349 14.2199 14.2112 14.2219 14.2165 14.1971 14.1961 14.1758 13.9425 12.951 12.6019 12.9807 -9999 -9999 -9999
-9999 -9999 -9999 -9999 -9999 -9999 13.1593 15.3916 16.3986 16.9288 17.6807 17.7673 17.5157 17.0743 16.0055 15.066 13.5374 11.7907 10.8633 13.6305 16.037 17.2893 17.1108 14.1976 13.0413 12.9771 13.6408 13.06 12.617 11.2052 10.7816 10.1972 10.5487 11.6583 12.5681 13.4475 14.0878 14.142 14.5587 14.7974 14.818 14.8932 14.8198 14.7593 14.1515 14.5652 14.2099 14.3946 14.2715 14.1602 14.0585 13.7133 13.9563 14.172 14.2282 14.2449 14.2334 14.2319 14.2241 14.2048 14.1952 14.1932 14.19 14.1771 14.1745 14.1578 14.0436 13.4456 12.6461 11.6372 -9999 -9999
-9999 -9999 -9999 -9999 -9999 -9999 12.0288 14.2511 15.3093 16.687 17.3869 17.6698 17.6305 17.2726 16.4604 15.2377 14.2191 12.2688 10.2427 13.1475 15.731 17.1229 17.1899 14.7348 15.4016 14.8445 15.0546 14.043 13.617 13.2685 12.5428 11.751 10.8824 10.4246 12.4693 13.5199 14.3662 14.7663 14.9934 15.1076 15.0472 14.8929 13.9845 14.6762 14.6332 14.5621 14.4808 14.4401 14.3659 14.2791 14.221 14.2026 13.9736 14.2313 14.2248 14.2294 14.232 14.2265 14.2147 14.2041 14.1905 14.1897 14.1787 14.1681 14.1596 14.1506 14.14 14.1039 13.9425 12.5891 11.7783 11.5455
-9999 -9999 -9999 -9999 -9999 -9999 8.88023 12.1198 14.7046 16.0625 17.163 17.4656 17.5782 17.0977 16.7389 15.8622 15.0318 13.7501 11.8294 10.6451 12.8177 15.9765 17.1332 17.0275 16.9454 16.3037 15.7243 15.6427 15.6761 14.9935 14.0139 12.747 12.3481 11.9039 13.4265 13.6333 13.5227 15.1989 15.204 15.1101 14.4703 13.7517 13.8877 13.4414 13.7753 13.2438 13.7284 14.1469 14.3017 14.2866 14.2222 14.2121 14.1869 14.2299 14.2299 14.2236 14.2192 14.2172 14.2118 14.1929 14.182 14.1887 14.1734 14.162 14.1487 14.1417 14.135 14.1077 14.0825 13.8718 13.5567 12.9553
-9999 -9999 -9999 -9999 -9999 -9999 9.00025 11.7148 14.0263 15.4043 16.7377 17.0453 17.4951 17.397 17.0206 16.2581 15.3052 14.2498 12.6014 11.3749 12.8269 14.9221 16.4201 16.9446 16.9277 16.8828 16.7309 16.6551 16.4803 16.3419 15.6438 14.4444 13.7677 12.7798 14.4766 14.6669 14.4016 15.2497 15.208 13.9275 12.9429 12.8205 13.4189 12.8465 12.7393 12.38 12.7802 13.856 13.5366 13.5968 14.0765 14.1565 14.2048 14.219 14.2162 14.2147 14.2073 14.2094 14.2114 14.1927 14.1839 14.1792 14.1598 14.1534 14.1386 14.1235 14.1106 14.0948 14.0719 14.01 13.9408 14.0021
-9999 -9999 -9999 -9999 -9999 -9999 9.04452 10.8659 12.9459 14.9806 16.4049 16.9783 17.396 17.3904 16.9524 16.5728 15.9748 15.0457 14.4073 13.2997 11.7796 14.317 15.0898 15.7711 16.0486 16.7652 16.7386 16.3977 15.9877 16.3399 16.2261 15.2786 14.9655 14.4396 15.3827 15.3844 15.3582 15.3079 14.2258 12.7216 11.5192 12.3848 12.2037 12.5973 11.3596 12.3688 13.1817 13.4439 12.8872 12.4743 13.736 13.9424 14.0675 14.148 14.2012 14.1892 14.2029 14.1962 14.1931 14.1895 14.1786 14.1718 14.16 14.1476 14.1329 14.1194 14.1025 14.0806 14.0765 14.0413 14.0265 14.0089
-9999 -9999 -9999 -9999 -9999 -9999 -9999 9.76773 12.3968 14.7541 16.0655 16.8898 17.2907 17.2819 17.0572 16.7986 16.4268 15.7555 14.912 13.5799 12.5893 13.2104 13.9667 14.0379 14.5383 16.0039 16.4993 15.7782 13.9908 15.0218 16.1784 16.1559 16.054 15.9412 15.7979 15.6693 15.3893 14.6401 12.3451 11.8934 10.9931 11.0952 10.6329 11.6371 11.2526 12.2871 12.7343 12.9018 11.9416 12.1333 13.2541 13.6994 13.6253 13.899 14.1605 14.1697 14.178 14.1719 14.1782 14.1807 14.1765 14.1643 14.1551 14.1477 14.1223 14.1188 14.0313 13.9735 13.8588 13.9957 14.007 14.0048
-9999 -9999 -9999 -9999 -9999 -9999 -9999 9.21856 11.8534 14.6307 15.5202 16.409 17.1763 17.1896 16.8464 16.5199 16.1834 15.8001 14.7775 13.7851 12.8368 12.5152 12.7001 12.6685 13.4836 15.3962 15.7608 15.5954 13.7245 13.0962 14.6433 15.9436 16.0436 15.9234 14.3878 14.7137 13.8856 12.7629 12.4539 11.9626 10.9243 11.4238 10.6628 10.988 10.8893 11.476 11.7611 12.4591 11.6223 11.615 12.7151 13.2724 13.2864 13.8719 14.0811 14.1364 14.1509 14.1615 14.1647 14.1744 14.1694 14.1608 14.1492 14.1207 14.0533 13.8439 12.7282 12.7278 13.0308 13.3174 13.8355 13.9786
-9999 -9999 -9999 -9999 -9999 -9999 -9999 9.51026 11.3374 13.8015 15.6265 15.7385 16.6251 17.082 16.7086 16.2885 15.8585 15.6691 14.5563 13.3337 12.3448 11.1743 11.3615 12.1935 13.5453 14.779 14.9944 14.7319 13.7157 14.1779 15.2321 15.7908 15.9539 15.8216 15.486 15.292 14.6819 14.4173 13.5706 12.2469 11.7253 12.0551 10.6494 10.7468 11.2654 10.701 11.6094 12.0434 10.9634 11.8043 12.7814 13.281 13.718 13.9251 14.0081 14.1351 14.1391 14.1504 14.1568 14.1555 14.1557 14.1353 14.1181 13.9997 13.825 12.7891 12.3491 12.4322 12.9092 13.3268 13.7553 13.9339
-9999 -9999 -9999 -9999 -9999 -9999 -9999 9.8082 11.4532 13.5895 14.8897 15.1201 16.1035 16.9779 16.878 16.4408 16.3061 15.8526 14.9085 13.8655 12.7254 12.1688 10.8941 12.1399 13.1119 14.1564 14.642 13.8003 13.3886 14.1063 14.8202 15.1039 15.826 15.8173 15.5798 14.561 14.064 14.2732 14.0596 13.6859 12.7745 12.7334 12.1476 11.9045 11.6746 10.9177 11.3909 11.4371 11.5594 12.5763 13.0848 13.422 13.7289 13.8098 13.9436 14.1173 14.1331 14.1399 14.1396 14.1432 14.1307 14.0814 14.0397 13.8021 13.3817 12.5975 11.3194 12.213 13.1475 13.4216 13.6876 13.8281
-9999 -9999 -9999 -9999 -9999 -9999 -9999 9.51227 11.2605 13.0859 13.8474 13.9744 15.7561 16.8463 16.8461 16.6377 16.3945 15.2778 15.3406 15.1148 14.0862 12.5891 10.9448 11.0943 12.0585 13.4358 13.8896 12.5177 12.0399 12.3853 13.4667 14.435 15.4464 15.7022 15.4034 13.818 12.1335 12.9139 13.7478 13.7428 13.4975 12.6521 12.3833 12.1397 11.5224 10.4712 10.6171 10.9063 12.0564 12.4252 12.9954 13.469 13.2906 13.3953 13.8488 14.1092 14.1196 14.1247 14.1336 14.128 14.1126 14.0145 13.9105 13.7358 12.6408 11.9595 10.9643 12.1111 12.7479 13.0773 13.6839 13.8281
-9999 -9999 -9999 -9999 -9999 -9999 -9999 8.95455 10.2223 11.9672 12.6687 13.7899 15.4734 16.3004 16.6958 16.685 16.5222 16.0209 15.7184 15.1245 14.0548 12.593 10.9681 9.90875 10.441 12.2894 12.7194 11.4586 10.826 11.6065 12.7594 14.4683 15.4441 15.5744 15.4847 15.1569 13.9268 12.441 12.4455 13.19 12.5663 11.8414 12.2393 12.1649 11.5555 11.1119 10.8279 10.9901 11.6438 11.9186 12.5773 13.5497 13.6891 13.6618 14.0715 14.0924 14.1024 14.1183 14.1182 14.1146 14.1024 14.0225 13.8432 13.1144 12.4786 11.5942 11.4841 12.5002 12.9437 13.3546 13.6518 13.7484
-9999 -9999 -9999 -9999 -9999 -9999 -9999 8.00503 9.49759 11.1321 12.6626 14.1108 15.3571 15.4514 16.1079 16.105 16.448 16.347 15.8821 15.3816 14.4598 12.5832 11.0044 9.28263 9.73162 11.6222 11.8346 11.0022 9.46756 11.046 12.7872 14.3655 15.2191 14.5467 15.2329 15.1754 14.714 13.8292 12.454 12.4796 11.4489 11.4036 11.9322 12.1034 12.0146 11.6815 11.1433 11.2216 11.6139 11.7166 12.3219 13.0763 13.8139 13.9381 14.0791 14.0855 14.0882 14.1001 14.1019 14.0868 14.0492 13.9656 13.3547 12.6282 12.1803 11.5639 11.4884 12.6663 13.1283 13.3842 13.641 13.7421
-9999 -9999 -9999 -9999 -9999 -9999 -9999 -9999 9.32886 11.0177 12.2668 12.6013 13.7089 14.3061 14.7679 14.8687 16.1902 16.2611 15.9657 15.506 14.7196 13.295 12.3013 10.6499 9.46164 9.92876 10.1269 10.5589 10.4275 11.1299 12.8031 14.5468 14.7353 13.6246 13.7876 14.0186 14.5379 14.2735 12.3998 11.4477 10.6574 11.2181 11.8079 11.9502 11.9782 11.8636 11.719 11.4744 12.2637 12.8478 12.9831 13.4926 13.8688 13.9729 14.0515 14.0615 14.0718 14.0724 14.0508 14.0352 13.941 13.7295 13.0463 11.4033 11.4794 11.3011 10.7893 11.9386 12.653 13.3046 13.6506 13.7395
-9999 -9999 -9999 -9999 -9999 -9999 -9999 -9999 8.7501 10.7047 11.1154 11.0822 10.4318 10.7281 13.1291 13.6111 14.8785 16.0785 15.9882 15.5374 14.8017 13.9523 12.6384 10.7817 9.30545 8.65447 10.2289 11.7744 12.0926 12.5867 13.611 13.8039 12.6685 11.604 12.1995 12.558 13.9269 14.1763 13.9096 12.7806 11.4898 10.8157 11.6104 11.716 11.7631 11.7717 11.7395 11.6903 12.5735 13.0658 13.4074 13.5934 13.9165 13.9994 14.0262 14.0515 14.0461 14.0299 13.9793 13.9216 13.6664 13.3572 12.2382 11.3051 10.7229 9.9838 11.647 12.1345 12.8096 13.2456 13.5896 13.6646
