Test_Spring_2018b/04_18/Temp/20180429_019.txt
ncols	170
nrows	115
xllcorner	350000.000000
yllcorner	4445000.000000
cellsize	1000.000000
nodata_value	-9999.000000
[rows 32 to 63 of 115, columns 72 to 143 of 170]
20.8072 20.5571 20.9425 21.2972 21.0715 20.9208 21.4972 21.4975 21.2987 20.8313 20.6606 20.4839 20.3764 19.7777 18.0949 16.5783 17.3945 17.4164 16.8563 17.8682 17.3381 15.9505 13.9905 15.0608 14.7865 13.3958 13.054 -9999 -9999 -9999 -9999 -9999 -9999 -9999 -9999 -9999 -9999 -9999 -9999 -9999 -9999 -9999 -9999 -9999 -9999 -9999 -9999 -9999 -9999 -9999 -9999 -9999 -9999 -9999 -9999 -9999 -9999 -9999 -9999 -9999 -9999 -9999 -9999 -9999 -9999 -9999 -9999 -9999 -9999 -9999 -9999 -9999
20.4604 20.3529 20.926 20.9135 20.8779 21.0683 21.4235 21.4961 21.4188 21.2154 21.0397 20.8529 20.3774 19.6922 18.2522 16.5256 16.1358 16.9844 17.0276 17.1664 16.6834 16.0761 15.1244 15.9093 16.2161 15.3042 14.1056 13.3338 -9999 -9999 -9999 -9999 -9999 -9999 -9999 -9999 -9999 -9999 -9999 -9999 -9999 -9999 -9999 -9999 -9999 -9999 -9999 -9999 -9999 -9999 -9999 -9999 -9999 -9999 -9999 -9999 -9999 -9999 -9999 -9999 -9999 -9999 -9999 -9999 -9999 -9999 -9999 -9999 -9999 -9999 -9999 -9999
20.0492 19.4927 19.838 20.0971 20.5709 20.6786 20.7507 21.4351 21.3993 21.3683 21.0771 20.8446 20.459 19.7995 18.8601 17.7289 15.7578 16.9771 17.9325 17.9108 17.8615 17.4368 16.5225 17.2928 17.3318 16.1641 14.8287 14.0496 13.7293 -9999 -9999 -9999 -9999 -9999 -9999 -9999 -9999 -9999 -9999 -9999 -9999 -9999 -9999 -9999 -9999 -9999 -9999 -9999 -9999 -9999 -9999 -9999 -9999 -9999 -9999 -9999 -9999 -9999 -9999 -9999 -9999 -9999 -9999 -9999 -9999 -9999 -9999 -9999 -9999 -9999 -9999 -9999
19.5835 18.9038 19.2512 19.7148 20.3616 20.6945 20.9423 21.147 21.356 21.3318 21.0336 20.1516 20.0268 19.9901 19.3763 18.0863 16.7982 16.4664 17.9225 18.3412 18.2592 18.5866 17.8124 18.1824 18.0345 17.6215 16.3396 15.1726 14.693 13.7423 -9999 -9999 -9999 -9999 -9999 -9999 -9999 -9999 -9999 -9999 -9999 -9999 -9999 -9999 -9999 -9999 -9999 -9999 -9999 -9999 -9999 -9999 -9999 -9999 -9999 -9999 -9999 -9999 -9999 -9999 -9999 -9999 -9999 -9999 -9999 -9999 -9999 -9999 -9999 -9999 -9999 -9999
-9999 -9999 18.4634 19.0874 19.6023 20.244 20.7856 21.0625 21.3317 21.3104 20.7133 20.4219 20.3975 19.9955 19.2865 18.8425 18.0323 17.1883 17.5143 18.7565 18.2079 19.0889 19.0173 19.1812 18.5967 17.4791 15.997 15.129 14.6999 13.9296 -9999 -9999 -9999 -9999 -9999 -9999 -9999 -9999 -9999 -9999 -9999 -9999 -9999 -9999 -9999 -9999 -9999 -9999 -9999 -9999 -9999 -9999 -9999 -9999 -9999 -9999 -9999 -9999 -9999 -9999 -9999 -9999 -9999 -9999 -9999 -9999 -9999 -9999 -9999 -9999 -9999 -9999
-9999 -9999 -9999 18.959 19.3494 20.2044 20.6378 20.8173 21.2511 21.2522 21.0262 20.8559 20.6089 20.2862 19.7537 19.1664 18.4046 18.3364 19.132 19.1446 18.9818 19.1147 19.5248 19.4198 18.5121 16.9407 16.1142 14.4292 13.7102 13.7862 13.2771 -9999 -9999 -9999 -9999 -9999 -9999 -9999 -9999 -9999 -9999 -9999 -9999 15.2804 -9999 -9999 -9999 -9999 -9999 -9999 -9999 -9999 -9999 -9999 -9999 -9999 -9999 -9999 -9999 -9999 -9999 -9999 -9999 -9999 12.2726 -9999 -9999 -9999 -9999 -9999 -9999 -9999
-9999 -9999 18.8773 19.3962 19.8112 20.3464 20.3997 20.7083 21.2069 21.2139 21.0535 20.8725 20.4653 20.3655 20.0631 19.4252 19.2967 19.5587 19.681 19.8194 19.9057 19.8409 19.6786 19.4678 18.8768 18.1515 17.6652 16.1295 15.3495 14.6069 13.4819 12.6022 -9999 -9999 -9999 -9999 -9999 -9999 -9999 14.6572 14.6202 14.6452 14.8973 15.5846 15.1886 -9999 -9999 -9999 -9999 -9999 -9999 -9999 -9999 -9999 -9999 -9999 -9999 -9999 -9999 -9999 -9999 -9999 -9999 -9999 12.8765 11.992 -9999 -9999 -9999 -9999 -9999 -9999
-9999 -9999 18.9958 19.557 19.8364 20.3559 20.6523 20.8393 21.0115 21.1763 21.1483 20.9477 20.6429 20.646 20.2266 20.0018 19.8422 20.1958 20.2682 20.1306 19.9572 19.8041 19.3653 19.3167 19.1681 18.7083 17.952 17.1724 16.0436 14.5153 13.0166 11.8081 -9999 -9999 -9999 -9999 -9999 -9999 14.7627 15.3343 15.6791 14.9626 15.5849 16.1541 16.0694 15.5239 -9999 -9999 -9999 -9999 -9999 -9999 -9999 -9999 -9999 -9999 -9999 -9999 -9999 -9999 17.0587 16.1523 14.3179 13.3791 12.817 12.013 -9999 -9999 -9999 -9999 -9999 -9999
-9999 -9999 18.8723 19.535 19.9833 20.3807 20.4425 20.8405 21.0209 21.1087 21.0978 21.0579 21.0021 20.6357 20.4793 19.9261 20.4601 20.443 20.3118 19.7829 19.5555 18.6447 18.2453 18.1514 18.9221 18.3558 17.171 15.6892 13.9043 13.7909 13.2023 12.1219 -9999 -9999 -9999 -9999 -9999 -9999 14.9213 15.5327 16.0443 16.1238 15.4123 16.4199 16.3836 15.8287 15.7067 16.171 16.4084 16.24 16.7938 16.9581 16.714 16.9889 -9999 -9999 -9999 -9999 17.1663 17.2063 17.2374 16.8616 14.8574 13.4894 12.2611 12.1448 -9999 -9999 -9999 -9999 -9999 -9999
-9999 -9999 19.3203 19.7276 19.9323 19.9635 20.3194 20.6657 20.8874 21.0465 21.0134 21.0001 20.9866 20.862 20.5717 20.6266 20.6058 20.4387 19.4288 18.2497 18.7688 18.0698 16.5641 17.7879 18.4609 17.8186 16.3823 14.7163 14.1671 14.192 13.3726 12.3161 -9999 -9999 -9999 13.2335 14.1049 14.1846 14.4453 15.2592 15.8801 16.3522 16.6744 16.6685 16.3412 15.7989 15.2086 15.4261 16.5027 16.7685 16.9947 17.1649 16.9386 17.0607 17.3506 17.502 17.5352 17.471 17.4588 17.4855 17.4545 17.104 15.3131 14.2885 13.6358 12.3137 -9999 -9999 -9999 -9999 -9999 -9999
-9999 -9999 19.0568 19.4107 19.6965 20.1642 20.212 20.5119 20.6812 20.9495 20.9786 20.6658 20.9242 20.8918 20.8453 20.7453 20.5982 19.7463 18.5711 17.393 16.8512 17.0826 16.1814 16.6481 17.3299 17.0826 16.1983 14.7139 14.5047 14.1558 12.7791 11.4522 -9999 -9999 11.5314 13.1992 14.3752 14.9843 15.1767 15.2004 15.9815 16.0489 16.8898 16.6988 15.6017 15.7319 15.3117 15.5953 15.9923 16.1048 16.6748 17.2238 17.3302 17.3361 17.5219 17.5627 17.5756 17.5741 17.4536 17.5135 17.5254 17.3081 16.0102 15.3788 14.6786 12.3195 -9999 -9999 -9999 -9999 -9999 -9999
-9999 -9999 19.2252 19.6207 20.0534 20.1209 20.4401 20.3982 20.2964 20.7444 20.9101 20.6889 20.5302 20.8236 20.8051 20.7688 20.708 19.9079 18.9817 17.5776 16.7066 16.171 15.7938 15.2857 15.6364 15.5307 15.3881 15.5529 15.1435 14.325 13.5177 12.0088 11.192 -9999 11.6058 12.3598 13.7577 14.9472 15.7047 15.4401 16.3278 16.4981 17.0112 16.7199 16.0566 15.7744 15.7549 15.6727 16.2717 16.6789 16.9654 17.1578 17.3971 17.4603 17.5236 17.5519 17.5687 17.5857 17.5859 17.5845 17.5614 17.4817 16.8866 16.2529 14.8872 12.3873 -9999 -9999 -9999 -9999 -9999 -9999
-9999 18.0616 19.1688 19.8332 20.0883 20.2711 20.4315 20.5463 20.6609 20.7702 20.8493 20.8161 20.2321 20.2806 20.3873 20.7214 20.7012 20.6325 20.1282 18.419 17.8276 16.9631 15.8449 15.3787 15.6143 16.534 16.4934 15.8849 15.2064 14.2648 13.6668 12.7402 10.9633 11.1237 11.9259 12.5242 13.4753 14.9283 15.9492 16.4085 16.5864 16.9485 17.1414 16.7392 16.3567 16.1998 15.9029 15.8663 15.8744 16.2385 16.5232 17.1529 17.3663 17.4663 17.5186 17.5482 17.5706 17.5927 17.6025 17.5938 17.5976 17.5959 17.5524 16.712 14.6032 13.0154 -9999 -9999 -9999 -9999 -9999 -9999
-9999 -9999 18.9525 19.2431 19.3165 19.4468 19.7175 20.03 20.4688 20.5237 20.7689 20.7635 20.2617 19.6813 20.1895 20.3934 20.6055 20.6159 20.555 19.1153 18.3654 17.7754 16.7033 17.093 17.4627 17.4915 17.2695 15.9647 14.6648 13.1624 11.7623 11.6948 10.9405 11.3404 11.8706 13.2312 14.1904 14.5823 14.8661 16.3451 16.7335 16.8721 17.2564 16.7496 16.6268 16.2475 16.3691 16.3419 16.3503 15.2857 16.365 16.4336 17.1379 17.4583 17.5336 17.5565 17.5805 17.5871 17.5945 17.5945 17.6048 17.5956 17.5851 17.0395 14.3669 13.0248 -9999 -9999 -9999 -9999 -9999 -9999
-9999 -9999 -9999 -9999 19.0288 19.2483 19.3871 19.6305 20.3805 20.5822 20.7159 20.7259 20.5011 19.926 19.7765 19.8849 19.3273 19.8008 20.4462 20.4339 20.3595 19.0966 18.4517 19.0806 18.8913 17.9403 17.1914 16.4517 14.9297 13.8118 12.2072 11.0021 10.9563 12.2855 13.3905 14.7672 15.3769 15.0359 15.4152 16.1521 16.9897 17.3987 17.3114 16.7769 16.7086 16.12 16.7127 16.7697 16.5037 16.2744 16.3739 16.7253 16.8622 17.4141 17.5508 17.5788 17.5864 17.592 17.5929 17.593 17.5877 17.5843 17.5789 17.5564 14.809 12.6707 -9999 -9999 -9999 -9999 -9999 -9999
-9999 -9999 -9999 -9999 18.4903 18.6222 18.9756 19.8904 20.3611 20.5523 20.5432 20.6316 20.4729 19.9673 19.4495 18.9624 18.3338 18.6992 19.6596 20.2272 20.2948 19.1881 19.7682 19.5538 19.1288 17.8848 16.9675 16.4806 15.0193 13.7646 12.6967 11.2227 11.8524 12.5466 13.4389 14.9408 15.9559 16.3759 16.0319 16.5056 17.4684 17.481 16.9656 17.0073 16.6964 15.8895 16.7446 16.9901 16.8044 16.8605 16.7947 16.929 17.1688 17.398 17.5516 17.5757 17.5818 17.5802 17.5831 17.586 17.5779 17.581 17.5755 17.5636 15.7909 12.6199 -9999 -9999 -9999 -9999 -9999 -9999
-9999 -9999 -9999 -9999 -9999 17.9953 18.8077 20.0236 20.3157 20.2847 20.5343 20.5544 20.3111 20.101 19.472 18.6131 16.9609 17.3867 18.271 19.5442 20.2147 20.1276 19.759 19.1161 17.5571 16.1923 16.0264 15.8023 14.7356 13.7684 12.5813 13.2678 14.0204 14.8443 15.2781 15.1678 16.0381 16.7492 16.4541 17.0337 17.7096 17.4133 17.2413 17.0983 16.7378 16.7231 16.769 17.2575 16.9312 17.1423 17.1535 17.1476 17.267 17.4033 17.5457 17.5724 17.5763 17.5819 17.5688 17.5771 17.5716 17.5661 17.5611 17.5511 17.3925 15.6847 14.6656 -9999 -9999 -9999 -9999 -9999
-9999 -9999 -9999 -9999 -9999 17.2315 17.6344 19.0755 19.511 20.1467 20.4834 20.4975 20.087 19.859 18.9207 18.619 17.091 16.4012 16.9937 16.7721 18.5234 20.073 19.7388 16.6184 15.4886 14.6826 14.8897 14.8911 14.5936 12.9502 12.4976 13.965 14.8892 15.6058 16.1503 16.2655 16.25 17.3598 17.5118 17.8768 17.8052 17.8454 17.2945 16.9565 17.2658 16.9252 16.8731 17.3776 16.8946 17.3441 17.298 17.1708 17.1693 17.4661 17.5297 17.5649 17.5701 17.5621 17.5502 17.5447 17.5566 17.5545 17.5405 17.5435 17.5297 17.327 16.4449 16.138 16.4827 -9999 -9999 -9999
-9999 -9999 -9999 -9999 -9999 -9999 16.2767 18.2817 19.1888 19.6682 20.3451 20.4256 20.2051 19.8112 18.8559 18.0168 16.6511 15.0913 14.2663 16.749 18.9099 20.0389 19.8934 17.2962 16.2716 16.2247 16.8289 16.3189 15.9316 14.6819 14.3093 13.7916 14.1107 15.1087 15.9258 16.7147 17.2897 17.3403 17.7161 17.935 17.9586 18.0321 17.9735 17.9272 17.3958 17.7754 17.4668 17.6415 17.5405 17.4497 17.372 17.0697 17.2929 17.4908 17.5451 17.5632 17.5555 17.5561 17.5508 17.535 17.5301 17.5312 17.5315 17.5238 17.5258 17.5168 17.4198 16.89 16.1801 15.2827 -9999 -9999
-9999 -9999 -9999 -9999 -9999 -9999 15.2641 17.2597 18.2123 19.45 20.0836 20.3404 20.3067 19.9877 19.2623 18.1699 17.2609 15.5189 13.71 16.3119 18.6356 19.8891 19.9577 17.7756 18.3824 17.8938 18.0916 17.1956 16.8231 16.5252 15.882 15.1787 14.4081 14.0025 15.8349 16.7773 17.5368 17.8973 18.1034 18.2091 18.1601 18.0303 17.2241 17.8508 17.8247 17.77 17.7062 17.6788 17.6213 17.5521 17.5136 17.5035 17.3043 17.5392 17.5378 17.5454 17.5504 17.5476 17.5389 17.5311 17.5206 17.5239 17.5189 17.5131 17.5097 17.5076 17.5031 17.4761 17.3371 16.1312 15.411 15.2119
-9999 -9999 -9999 -9999 -9999 -9999 12.4456 15.3512 17.675 18.8941 19.8841 20.1569 20.2594 19.8308 19.5114 18.729 17.9886 16.845 15.1305 14.076 16.0221 18.8561 19.9062 19.8267 19.7627 19.1978 18.6884 18.6242 18.6626 18.0656 17.1988 16.0696 15.7184 15.3238 16.6891 16.8765 16.78 18.2827 18.2904 18.21 17.6416 17.0044 17.1323 16.7438 17.0547 16.5875 17.0298 17.413 17.56 17.5546 17.5105 17.5064 17.4897 17.5338 17.538 17.5359 17.5347 17.5353 17.5325 17.5175 17.5097 17.5178 17.5095 17.5026 17.4973 17.4969 17.4958 17.4763 17.459 17.2757 16.9989 16.47
-9999 -9999 -9999 -9999 -9999 -9999 12.5589 14.9941 17.0674 18.3071 19.5032 19.7806 20.185 20.099 19.7641 19.0841 18.2343 17.2933 15.8225 14.73 16.0357 17.912 19.2599 19.7443 19.7454 19.714 19.5867 19.5317 19.383 19.2733 18.654 17.5878 16.9859 16.1049 17.6265 17.7994 17.5647 18.3265 18.2924 17.15 16.2731 16.1685 16.7112 16.2054 16.1215 15.8118 16.1781 17.1491 16.8685 16.9305 17.3739 17.452 17.5018 17.5194 17.5211 17.5233 17.5197 17.5242 17.5282 17.5136 17.5078 17.5059 17.4911 17.4922 17.4827 17.4749 17.4709 17.4615 17.446 17.3956 17.3383 17.4028
-9999 -9999 -9999 -9999 -9999 -9999 12.6008 14.2347 16.1006 17.9282 19.2057 19.7211 20.097 20.094 19.7042 19.3671 18.835 18.0072 17.4403 16.454 15.0992 17.3766 18.0689 18.6933 18.9536 19.6034 19.5881 19.2912 18.9468 19.2681 19.1749 18.3314 18.055 17.5877 18.435 18.4394 18.4188 18.3768 17.4117 16.0692 14.9973 15.777 15.6204 15.9805 14.8846 15.7913 16.5269 16.7697 16.2832 15.9214 17.0646 17.2567 17.3741 17.451 17.5028 17.4957 17.5112 17.5079 17.5077 17.5067 17.4994 17.4957 17.4879 17.4798 17.4747 17.4683 17.4575 17.4414 17.4427 17.4192 17.4109 17.4048
-9999 -9999 -9999 -9999 -9999 -9999 -9999 13.2548 15.6154 17.7284 18.9047 19.6448 20.0057 20 19.8013 19.5726 19.2432 18.6462 17.8957 16.7086 15.8276 16.3897 17.0663 17.1451 17.6008 18.9204 19.3716 18.7337 17.1498 18.0831 19.1238 19.1085 19.0217 18.9246 18.8039 18.692 18.4445 17.7773 15.7267 15.3222 14.5206 14.6166 14.208 15.1144 14.7825 15.7156 16.1233 16.2809 15.4291 15.616 16.6277 17.0322 16.9714 17.2214 17.4615 17.4735 17.4841 17.4817 17.49 17.4948 17.4936 17.4838 17.4783 17.4748 17.4608 17.4635 17.3894 17.3422 17.2441 17.3715 17.3863 17.3933
-9999 -9999 -9999 -9999 -9999 -9999 -9999 12.769 15.1308 17.6196 18.4185 19.2163 19.9054 19.9196 19.6149 19.3256 19.0277 18.6885 17.7775 16.8941 16.0507 15.7685 15.94 15.9191 16.6558 18.3749 18.7084 18.5672 16.9136 16.3568 17.7467 18.9153 19.0091 18.9055 17.5348 17.83 17.0922 16.0908 15.8179 15.382 14.4569 14.9085 14.2325 14.5292 14.455 14.9869 15.2491 15.881 15.1392 15.1478 16.1408 16.6454 16.6632 17.1921 17.3836 17.4371 17.4536 17.4662 17.472 17.4835 17.4817 17.4768 17.4693 17.447 17.3901 17.2121 16.2198 16.2237 16.4992 16.7603 17.2344 17.3654
-9999 -9999 -9999 -9999 -9999 -9999 -9999 13.0327 14.6714 16.8799 18.5159 18.6186 19.4145 19.8258 19.4943 19.1211 18.7395 18.5737 17.5818 16.4921 15.6118 14.5694 14.7424 15.4927 16.7102 17.821 18.0203 17.7918 16.9033 17.3223 18.2708 18.7754 18.9257 18.8113 18.5147 18.3446 17.8021 17.569 16.8149 15.634 15.1715 15.4712 14.2181 14.3107 14.7806 14.2904 15.1101 15.5053 14.5454 15.3155 16.1959 16.6485 17.0447 17.2348 17.3134 17.431 17.4382 17.4516 17.4604 17.4622 17.4653 17.4499 17.4376 17.3349 17.182 16.2584 15.8771 15.9555 16.3866 16.7645 17.1574 17.321
-9999 -9999 -9999 -9999 -9999 -9999 -9999 13.3025 14.778 16.6928 17.8591 18.0678 18.9503 19.7355 19.6487 19.2602 19.1429 18.7405 17.8993 16.9699 15.9539 15.4605 14.3245 15.4448 16.3214 17.2622 17.7029 16.9716 16.6084 17.2557 17.8994 18.1577 18.8082 18.8044 18.5956 17.6875 17.2463 17.4373 17.25 16.9195 16.108 16.0758 15.5564 15.344 15.1438 14.4815 14.9112 14.9589 15.078 16.0026 16.4632 16.7703 17.0499 17.1269 17.2509 17.4103 17.4281 17.4376 17.4406 17.4469 17.4388 17.3978 17.3636 17.1542 16.7813 16.0831 14.9519 15.7556 16.596 16.8449 17.0926 17.2218
-9999 -9999 -9999 -9999 -9999 -9999 -9999 13.0412 14.6087 16.2452 16.9293 17.0453 18.6424 19.6207 19.6231 19.4393 19.2247 18.2285 18.2883 18.09 17.1734 15.8377 14.3705 14.5089 15.3845 16.616 17.0277 15.8218 15.3991 15.7128 16.6853 17.5561 18.4655 18.6983 18.4348 17.0195 15.5155 16.2178 16.9681 16.9677 16.7525 16.0003 15.7645 15.5516 15.0045 14.0757 14.2153 14.4802 15.5279 15.8635 16.3791 16.8081 16.6531 16.7514 17.1615 17.3985 17.4114 17.4195 17.4309 17.429 17.4184 17.3339 17.244 17.0909 16.1144 15.5082 14.6239 15.6607 16.2345 16.5387 17.085 17.2174
-9999 -9999 -9999 -9999 -9999 -9999 -9999 12.5459 13.6831 15.2472 15.8774 16.8832 18.3924 19.135 19.4914 19.4844 19.3416 18.896 18.6285 18.1004 17.1466 15.8421 14.3918 13.4478 13.9284 15.5886 15.9852 14.8721 14.3105 15.0134 16.0496 17.5832 18.4605 18.581 18.5045 18.2148 17.1176 15.7915 15.7996 16.47 15.916 15.2718 15.6326 15.5711 15.0308 14.6392 14.4006 14.5555 15.1549 15.4062 16.0009 16.8762 17.0056 16.9856 17.3565 17.3791 17.3918 17.4095 17.4128 17.413 17.4053 17.337 17.1798 16.5309 15.9653 15.1773 15.0824 16.0052 16.4055 16.7829 17.0522 17.1417
-9999 -9999 -9999 -9999 -9999 -9999 -9999 11.6999 13.0381 14.5032 15.8753 17.1737 18.2914 18.3781 18.9681 18.968 19.2776 19.19 18.7769 18.3321 17.5103 15.8342 14.4247 12.8874 13.293 14.997 15.2025 14.4619 13.0925 14.5094 16.0719 17.4884 18.2563 17.6582 18.276 18.2282 17.819 17.0309 15.804 15.8309 14.9128 14.8768 15.3546 15.5128 15.4385 15.1457 14.6762 14.7593 15.1247 15.2217 15.7686 16.4486 17.1133 17.2288 17.3592 17.3688 17.375 17.3892 17.3942 17.384 17.3537 17.2821 16.7388 16.0919 15.6945 15.1463 15.0824 16.1431 16.567 16.8054 17.0383 17.1318
-9999 -9999 -9999 -9999 -9999 -9999 -9999 -9999 12.8907 14.4042 15.5242 15.8257 16.8192 17.3559 17.7714 17.864 19.0492 19.1152 18.8535 18.4448 17.7439 16.472 15.5858 14.111 13.0509 13.4863 13.6726 14.0633 13.9496 14.5821 16.0836 17.6479 17.8203 16.8298 16.9793 17.1897 17.6581 17.4252 15.7521 14.9041 14.201 14.7073 15.24 15.3723 15.4025 15.3053 15.1921 14.9909 15.7027 16.2306 16.3567 16.8174 17.1587 17.2562 17.3306 17.3435 17.3564 17.3604 17.3446 17.334 17.253 17.067 16.4589 14.9917 15.0634 14.9073 14.4528 15.4856 16.1439 16.7301 17.0427 17.1252
-9999 -9999 -9999 -9999 -9999 -9999 -9999 -9999 12.3761 14.1273 14.4968 14.4689 13.8888 14.1561 16.3071 16.7407 17.8773 18.9536 18.8752 18.4742 17.8183 17.0608 15.8877 14.2289 12.9107 12.3486 13.7676 15.1492 15.4378 15.8836 16.804 16.9802 15.9674 15.0181 15.5546 15.8789 17.1077 17.3347 17.0998 16.0934 14.9424 14.3437 15.0597 15.1593 15.2066 15.2197 15.2011 15.1765 15.9764 16.4223 16.733 16.9042 17.1979 17.2764 17.3044 17.3309 17.3297 17.3187 17.2769 17.2286 17.0035 16.7301 15.7319 14.9001 14.3825 13.7245 15.2167 15.6571 16.2729 16.6733 16.9842 17.0541
