Test_Spring_2018b/04_18/Temp/20180401_005.txt
ncols	170
nrows	115
xllcorner	350000.000000
yllcorner	4445000.000000
cellsize	1000.000000
nodata_value	-9999.000000
[rows 32 to 63 of 115, columns 72 to 143 of 170]
11.49 11.1925 11.6731 12.1161 11.8479 11.6769 12.3952 12.4028 12.1666 11.6014 11.3993 11.1897 11.0647 10.3382 8.284 6.43316 7.43894 7.4718 6.79187 8.03681 7.39307 5.69908 3.30388 4.61924 4.28768 2.58595 2.17778 -9999 -9999 -9999 -9999 -9999 -9999 -9999 -9999 -9999 -9999 -9999 -9999 -9999 -9999 -9999 -9999 -9999 -9999 -9999 -9999 -9999 -9999 -9999 -9999 -9999 -9999 -9999 -9999 -9999 -9999 -9999 -9999 -9999 -9999 -9999 -9999 -9999 -9999 -9999 -9999 -9999 -9999 -9999 -9999 -9999
11.0835 10.9604 11.671 11.6643 11.6208 11.876 12.3237 12.4201 12.3329 12.0911 11.883 11.6614 11.0859 10.2536 8.49688 6.38891 5.91791 6.96324 7.02212 7.19778 6.61186 5.87349 4.7132 5.67928 6.05965 4.94732 3.48747 2.54957 -9999 -9999 -9999 -9999 -9999 -9999 -9999 -9999 -9999 -9999 -9999 -9999 -9999 -9999 -9999 -9999 -9999 -9999 -9999 -9999 -9999 -9999 -9999 -9999 -9999 -9999 -9999 -9999 -9999 -9999 -9999 -9999 -9999 -9999 -9999 -9999 -9999 -9999 -9999 -9999 -9999 -9999 -9999 -9999
10.5982 9.92538 10.3569 10.6828 11.2688 11.4227 11.5188 12.3645 12.3283 12.2979 11.9487 11.6713 11.2062 10.4055 9.26193 7.88322 5.47588 6.97511 8.15102 8.13024 8.07535 7.5607 6.44632 7.3947 7.4474 6.02692 4.39797 3.44902 3.06208 -9999 -9999 -9999 -9999 -9999 -9999 -9999 -9999 -9999 -9999 -9999 -9999 -9999 -9999 -9999 -9999 -9999 -9999 -9999 -9999 -9999 -9999 -9999 -9999 -9999 -9999 -9999 -9999 -9999 -9999 -9999 -9999 -9999 -9999 -9999 -9999 -9999 -9999 -9999 -9999 -9999 -9999 -9999
10.0464 9.22259 9.65663 10.233 11.0393 11.4516 11.7724 12.031 12.2948 12.2731 11.9156 10.843 10.6975 10.6598 9.91505 8.342 6.77105 6.37087 8.1599 8.67839 8.58353 8.98984 8.04713 8.50541 8.32961 7.83407 6.27209 4.84709 4.26562 3.10739 -9999 -9999 -9999 -9999 -9999 -9999 -9999 -9999 -9999 -9999 -9999 -9999 -9999 -9999 -9999 -9999 -9999 -9999 -9999 -9999 -9999 -9999 -9999 -9999 -9999 -9999 -9999 -9999 -9999 -9999 -9999 -9999 -9999 -9999 -9999 -9999 -9999 -9999 -9999 -9999 -9999 -9999
-9999 -9999 8.71026 9.48816 10.1332 10.9185 11.5996 11.9469 12.2847 12.2667 11.5436 11.1946 11.1723 10.6875 9.8264 9.28941 8.30375 7.27638 7.68143 9.2083 8.54201 9.62614 9.54378 9.74993 9.03954 7.68498 5.87431 4.8163 4.29714 3.36047 -9999 -9999 -9999 -9999 -9999 -9999 -9999 -9999 -9999 -9999 -9999 -9999 -9999 -9999 -9999 -9999 -9999 -9999 -9999 -9999 -9999 -9999 -9999 -9999 -9999 -9999 -9999 -9999 -9999 -9999 -9999 -9999 -9999 -9999 -9999 -9999 -9999 -9999 -9999 -9999 -9999 -9999
-9999 -9999 -9999 9.34902 9.84166 10.8979 11.4377 11.666 12.2057 12.2155 11.9471 11.7468 11.4522 11.0648 10.42 9.70764 8.78124 8.70387 9.68394 9.70491 9.5109 9.679 10.1864 10.0633 8.96122 7.04714 6.04116 3.98161 3.10787 3.20811 2.59197 -9999 -9999 -9999 -9999 -9999 -9999 -9999 -9999 -9999 -9999 -9999 -9999 5.13598 -9999 -9999 -9999 -9999 -9999 -9999 -9999 -9999 -9999 -9999 -9999 -9999 -9999 -9999 -9999 -9999 -9999 -9999 -9999 -9999 1.65204 -9999 -9999 -9999 -9999 -9999 -9999 -9999
-9999 -9999 9.25357 9.90772 10.4251 11.09 11.1555 11.5517 12.1711 12.1886 12.0009 11.7878 11.2976 11.1832 10.8203 10.0462 9.89534 10.2222 10.3777 10.5525 10.6635 10.5893 10.3957 10.143 9.43277 8.55077 7.96177 6.08585 5.13757 4.23573 2.86599 1.79684 -9999 -9999 -9999 -9999 -9999 -9999 -9999 4.3709 4.33153 4.36812 4.68305 5.53104 5.05283 -9999 -9999 -9999 -9999 -9999 -9999 -9999 -9999 -9999 -9999 -9999 -9999 -9999 -9999 -9999 -9999 -9999 -9999 -9999 2.41028 1.33728 -9999 -9999 -9999 -9999 -9999 -9999
-9999 -9999 9.42591 10.1221 10.4737 11.1195 11.4925 11.7312 11.9514 12.1625 12.1374 11.9007 11.5361 11.548 11.0422 10.7738 10.5849 11.0239 11.1181 10.9548 10.7474 10.5649 10.0328 9.97857 9.80975 9.25302 8.33369 7.38624 6.00914 4.14582 2.31893 0.847551 -9999 -9999 -9999 -9999 -9999 -9999 4.51825 5.22403 5.65175 4.77989 5.54749 6.25039 6.15297 5.50327 -9999 -9999 -9999 -9999 -9999 -9999 -9999 -9999 -9999 -9999 -9999 -9999 -9999 -9999 7.5138 6.41231 4.17477 3.03432 2.35562 1.38126 -9999 -9999 -9999 -9999 -9999 -9999
-9999 -9999 9.29187 10.1126 10.671 11.1677 11.2536 11.7611 11.9821 12.0995 12.0957 12.0562 11.9969 11.5567 11.373 10.7027 11.363 11.3479 11.1926 10.5498 10.2761 9.16553 8.68146 8.57861 9.5283 8.84117 7.39733 5.59038 3.41335 3.28021 2.5684 1.25439 -9999 -9999 -9999 -9999 -9999 -9999 4.73604 5.49014 6.12172 6.22418 5.35795 6.59729 6.56914 5.89649 5.75456 6.33115 6.63041 6.43201 7.12063 7.33122 7.04173 7.38759 -9999 -9999 -9999 -9999 7.64772 7.70476 7.75082 7.29894 4.8532 3.18712 1.6927 1.57309 -9999 -9999 -9999 -9999 -9999 -9999
-9999 -9999 9.85746 10.3654 10.6258 10.6742 11.1207 11.565 11.8377 12.044 12.0134 12.0068 11.9994 11.8554 11.5079 11.5822 11.5631 11.3642 10.1328 8.69367 9.33403 8.48148 6.6468 8.15259 8.98257 8.20268 6.45108 4.41881 3.75556 3.79225 2.79829 1.51967 -9999 -9999 -9999 2.67721 3.75142 3.85551 4.18069 5.18272 5.94809 6.52541 6.92453 6.9259 6.5368 5.87935 5.16374 5.438 6.76484 7.0992 7.38546 7.60335 7.33566 7.49818 7.86195 8.0558 8.10479 8.03418 8.02713 8.0676 8.03761 7.61663 5.42854 4.18287 3.39325 1.80514 -9999 -9999 -9999 -9999 -9999 -9999
-9999 -9999 9.54286 9.98524 10.345 10.9391 11.0084 11.3867 11.613 11.9441 11.9901 11.6171 11.943 11.9122 11.8633 11.748 11.5743 10.5366 9.10237 7.6643 7.00512 7.2969 6.198 6.77645 7.61732 7.31998 6.25149 4.4418 4.19425 3.77712 2.09769 0.482307 -9999 -9999 0.606337 2.65671 4.10397 4.85624 5.09754 5.13166 6.0929 6.18 7.21446 6.98917 5.65646 5.82248 5.30858 5.66363 6.16298 6.30941 7.01609 7.69778 7.83717 7.8533 8.08953 8.14786 8.17174 8.17771 8.03785 8.11877 8.14113 7.88308 6.30224 5.53817 4.70067 1.83058 -9999 -9999 -9999 -9999 -9999 -9999
-9999 -9999 9.76731 10.2608 10.8007 10.8941 11.2964 11.2649 11.159 11.7181 11.9251 11.6645 11.48 11.8484 11.8338 11.7966 11.7284 10.754 9.62451 7.9093 6.84676 6.19864 5.7415 5.13157 5.5675 5.44504 5.27805 5.48801 4.99508 4.00321 3.02419 1.1835 0.192949 -9999 0.717855 1.6491 3.36818 4.8311 5.76429 5.44516 6.53664 6.74954 7.38558 7.03361 6.23161 5.89672 5.87995 5.78686 6.52822 7.03008 7.38964 7.63442 7.93648 8.02267 8.10872 8.15161 8.18014 8.20859 8.21627 8.22192 8.20121 8.11156 7.39131 6.63302 4.9711 1.9285 -9999 -9999 -9999 -9999 -9999 -9999
-9999 8.34757 9.714 10.5367 10.8593 11.0941 11.3023 11.4553 11.6146 11.7668 11.8741 11.8389 11.1337 11.2023 11.3412 11.7576 11.7389 11.66 11.047 8.95799 8.2406 7.19068 5.82674 5.26262 5.55765 6.69093 6.64894 5.9122 5.09025 3.94783 3.225 2.1001 -0.0682255 0.137707 1.12901 1.86967 3.04154 4.82721 6.08276 6.64993 6.87208 7.32238 7.56301 7.07887 6.62042 6.43481 6.07839 6.04101 6.05877 6.51261 6.8697 7.64537 7.91564 8.04671 8.11918 8.16352 8.19864 8.23307 8.25227 8.24884 8.26101 8.26678 8.22854 7.20958 4.64335 2.71766 -9999 -9999 -9999 -9999 -9999 -9999
-9999 -9999 9.4644 9.82947 9.9296 10.1005 10.444 10.8395 11.396 11.4753 11.7873 11.7958 11.1879 10.4865 11.117 11.3739 11.6396 11.6575 11.5872 9.83283 8.91951 8.20203 6.89455 7.37856 7.83779 7.88023 7.61627 6.027 4.44424 2.61516 0.910305 0.837316 -0.0766004 0.421044 1.07928 2.75348 3.93524 4.42145 4.77428 6.59013 7.07202 7.24841 7.72408 7.10876 6.96793 6.51007 6.66611 6.64007 6.65806 5.36237 6.69227 6.78438 7.65491 8.05312 8.15341 8.18928 8.22624 8.24158 8.25764 8.26481 8.2848 8.28585 8.28632 7.62923 4.36835 2.74366 -9999 -9999 -9999 -9999 -9999 -9999
-9999 -9999 -9999 -9999 9.5924 9.87265 10.055 10.3661 11.3036 11.563 11.7387 11.7625 11.4977 10.803 10.6282 10.7681 10.0912 10.677 11.4735 11.4635 11.3773 9.83595 9.05235 9.82869 9.60355 8.4463 7.53715 6.6399 4.78529 3.42702 1.47166 0.00567581 -0.040866 1.59604 2.95726 4.65119 5.40497 4.99366 5.46355 6.37281 7.40374 7.90964 7.8079 7.15877 7.08455 6.37049 7.10331 7.18034 6.86231 6.58929 6.71919 7.15736 7.33284 8.01621 8.19105 8.23176 8.2484 8.26231 8.27041 8.27759 8.28276 8.28839 8.29239 8.27627 4.92416 2.32467 -9999 -9999 -9999 -9999 -9999 -9999
-9999 -9999 -9999 -9999 8.94764 9.12076 9.56603 10.6995 11.295 11.5417 11.5427 11.6625 11.4788 10.8692 10.2434 9.65408 8.89081 9.34409 10.5255 11.2257 11.3136 9.96359 10.6802 10.424 9.91035 8.39435 7.27907 6.69141 4.91108 3.38532 2.08713 0.291697 1.07218 1.93126 3.03255 4.87939 6.12956 6.65036 6.23532 6.82101 8.0055 8.02617 7.40036 7.45698 7.08571 6.10437 7.15847 7.46641 7.24652 7.32289 7.25019 7.42228 7.72339 8.01139 8.20662 8.24312 8.25725 8.26226 8.27278 8.28523 8.28435 8.29812 8.30223 8.29941 6.14119 2.27719 -9999 -9999 -9999 -9999 -9999 -9999
-9999 -9999 -9999 -9999 -9999 8.36734 9.37481 10.8771 11.2539 11.2285 11.5463 11.5825 11.2951 11.0474 10.2855 9.24082 7.22403 7.75127 8.83963 10.4041 11.2305 11.1294 10.6844 9.90345 8.00137 6.33757 6.14245 5.87653 4.5793 3.40547 1.96114 2.81122 3.74193 4.75975 5.29938 5.17202 6.24478 7.12211 6.76692 7.48256 8.3159 7.95854 7.75353 7.58423 7.15231 7.14117 7.20433 7.80982 7.41759 7.68363 7.70504 7.70525 7.85868 8.03259 8.21398 8.25336 8.2649 8.27857 8.26991 8.28831 8.29074 8.29408 8.29904 8.29879 8.11738 6.04529 4.81196 -9999 -9999 -9999 -9999 -9999
-9999 -9999 -9999 -9999 -9999 7.44588 7.95177 9.72973 10.2822 11.0731 11.4975 11.5262 11.0341 10.7649 9.62419 9.26169 7.39706 6.55847 7.28962 7.02384 9.17396 11.0773 10.6747 6.86013 5.48379 4.50427 4.76601 4.77628 4.42083 2.41873 1.87363 3.67968 4.82031 5.70645 6.38137 6.53036 6.51831 7.88417 8.07636 8.52946 8.44761 8.50277 7.83399 7.42617 7.81462 7.40451 7.34779 7.97274 7.3886 7.9464 7.89741 7.74883 7.75393 8.12424 8.20886 8.25862 8.27233 8.26905 8.26206 8.26337 8.28724 8.29492 8.28901 8.30472 8.30071 8.07184 7.00625 6.64527 7.08222 -9999 -9999 -9999
-9999 -9999 -9999 -9999 -9999 -9999 6.30241 8.77068 9.90064 10.4999 11.3408 11.4506 11.1936 10.7198 9.5578 8.5374 6.87167 4.96773 3.96361 7.00964 9.66173 11.0503 10.879 7.70531 6.45794 6.40813 7.15612 6.53994 6.07445 4.55435 4.10682 3.48169 3.88106 5.11264 6.12141 7.09453 7.80556 7.87437 8.34125 8.61498 8.65017 8.74629 8.68076 8.6304 7.98959 8.46144 8.09078 8.31188 8.19533 8.09126 8.00361 7.64028 7.92047 8.16948 8.24254 8.27386 8.27018 8.27757 8.27861 8.26804 8.2705 8.28212 8.29387 8.29652 8.31179 8.32013 8.21584 7.58168 6.72691 5.64237 -9999 -9999
-9999 -9999 -9999 -9999 -9999 -9999 5.075 7.53144 8.7172 10.2449 11.0349 11.3624 11.3305 10.9485 10.068 8.73761 7.63124 5.50445 3.29561 6.49313 9.34005 10.8815 10.9721 8.30752 9.05796 8.46736 8.71762 7.62877 7.18116 6.82643 6.04725 5.19454 4.26115 3.77333 6.02429 7.18535 8.12241 8.57076 8.83004 8.96643 8.91353 8.75916 7.77839 8.55236 8.53059 8.4708 8.39987 8.3735 8.3102 8.23254 8.19266 8.18711 7.94979 8.24835 8.25424 8.26873 8.28066 8.28399 8.28096 8.28023 8.27723 8.29022 8.29498 8.2999 8.3085 8.32512 8.33387 8.31504 8.159 6.69632 5.82802 5.59956
-9999 -9999 -9999 -9999 -9999 -9999 1.63569 5.20624 8.07462 9.57878 10.8058 11.1498 11.2846 10.7685 10.3853 9.43458 8.53499 7.14131 5.04832 3.76364 6.16056 9.63869 10.9239 10.8343 10.7634 10.0794 9.46369 9.39335 9.44867 8.72759 7.67779 6.30269 5.88206 5.40596 7.08501 7.32149 7.2102 9.05745 9.07385 8.98243 8.29359 7.52089 7.68473 7.21242 7.60374 7.03885 7.58771 8.06405 8.2512 8.25147 8.20479 8.2141 8.19888 8.26162 8.27176 8.27456 8.27919 8.2868 8.29115 8.28152 8.28172 8.30241 8.30135 8.30499 8.31 8.3287 8.34115 8.33123 8.32375 8.11273 7.78694 7.15435
-9999 -9999 -9999 -9999 -9999 -9999 1.78961 4.79185 7.34207 8.87634 10.3513 10.7009 11.2053 11.1087 10.7068 9.88164 8.84826 7.70306 5.90889 4.57803 6.18398 8.49772 10.1564 10.7579 10.7576 10.727 10.5791 10.5242 10.3502 10.2256 9.47477 8.17933 7.4495 6.37767 8.24792 8.46671 8.18625 9.12625 9.09167 7.69994 6.63341 6.51265 7.18507 6.5731 6.48144 6.10526 6.56102 7.75721 7.43124 7.51329 8.06304 8.16407 8.23508 8.26171 8.26906 8.27742 8.27925 8.29174 8.30451 8.29541 8.29812 8.30634 8.2996 8.30989 8.31071 8.32077 8.32726 8.32916 8.32337 8.27471 8.22384 8.31758
-9999 -9999 -9999 -9999 -9999 -9999 1.85502 3.87329 6.1693 8.42413 9.99872 10.6397 11.1092 11.1143 10.6454 10.2404 9.59642 8.59006 7.90307 6.70257 5.05097 7.84743 8.71319 9.48635 9.81863 10.6226 10.612 10.2563 9.83355 10.2347 10.1313 9.10559 8.77431 8.20913 9.25363 9.26609 9.24797 9.20369 8.02907 6.39237 5.08721 6.04932 5.86498 6.31416 4.9834 6.11333 7.02153 7.32586 6.73108 6.29422 7.70116 7.9476 8.09675 8.19622 8.26526 8.26248 8.28793 8.29113 8.29874 8.30635 8.30698 8.31281 8.31429 8.31597 8.31855 8.33008 8.33007 8.33091 8.34568 8.32582 8.3276 8.33475
-9999 -9999 -9999 -9999 -9999 -9999 -9999 2.6878 5.59665 8.19458 9.64518 10.5611 11.0124 11.0142 10.7793 10.5074 10.1119 9.38868 8.47753 7.03165 5.9609 6.65739 7.50624 7.61111 8.17755 9.8018 10.3625 9.58924 7.66044 8.81399 10.0952 10.0832 9.98344 9.8711 9.72167 9.5917 9.29579 8.48586 5.98209 5.50315 4.52949 4.65521 4.16288 5.28233 4.88724 6.03768 6.54431 6.74424 5.70773 5.94451 7.19526 7.69605 7.62688 7.9383 8.23368 8.25458 8.27435 8.27867 8.29682 8.31145 8.31944 8.32244 8.32689 8.33428 8.32584 8.34875 8.27098 8.22604 8.11862 8.28672 8.31662 8.34865
-9999 -9999 -9999 -9999 -9999 -9999 -9999 2.11196 5.0149 8.07311 9.06145 10.0483 10.9015 10.9278 10.5634 10.2175 9.86101 9.45376 8.34632 7.27272 6.24814 5.91099 6.12958 6.12554 7.03617 9.14963 9.5662 9.40142 7.39117 6.7167 8.42584 9.86374 9.98541 9.86529 8.19356 8.56201 7.66571 6.44683 6.12021 5.59423 4.46927 5.03032 4.21041 4.5815 4.50372 5.16272 5.49115 6.2719 5.37007 5.38887 6.61753 7.24115 7.26862 7.92197 8.16248 8.23422 8.26121 8.28414 8.29933 8.32223 8.32956 8.33381 8.33542 8.31927 8.26109 8.05178 6.85617 6.87329 7.22277 7.55419 8.15029 8.33097
-9999 -9999 -9999 -9999 -9999 -9999 -9999 2.44647 4.46394 7.17881 9.19243 9.3281 10.3123 10.8253 10.4282 9.97992 9.52116 9.32652 8.12031 6.79431 5.72491 4.45708 4.67777 5.60546 7.11863 8.48732 8.73976 8.46807 7.39545 7.91608 9.0849 9.70997 9.90106 9.76789 9.41174 9.2106 8.55352 8.27541 7.35953 5.92122 5.36255 5.73743 4.21065 4.33166 4.91459 4.32756 5.3386 5.82943 4.66067 5.61934 6.70358 7.2639 7.75513 7.99397 8.0964 8.24702 8.26285 8.28684 8.30577 8.31664 8.3298 8.32089 8.31616 8.2011 8.0249 6.90515 6.45407 6.56198 7.1015 7.57569 8.08262 8.29336
-9999 -9999 -9999 -9999 -9999 -9999 -9999 2.78831 4.60596 6.96144 8.40005 8.66558 9.75608 10.727 10.6299 10.1631 10.0282 9.54422 8.52282 7.39354 6.1582 5.56292 4.18083 5.56173 6.65864 7.81935 8.36743 7.48811 7.05134 7.85179 8.64763 8.97139 9.77525 9.77781 9.52942 8.42454 7.89161 8.13298 7.91109 7.51398 6.52794 6.49621 5.86772 5.61511 5.37731 4.57956 5.11298 5.17832 5.33772 6.47938 7.04983 7.43217 7.78087 7.88148 8.03995 8.24191 8.27094 8.29019 8.30197 8.31836 8.3175 8.27689 8.245 7.99896 7.55294 6.70868 5.33888 6.33445 7.37479 7.70121 8.02041 8.1891
-9999 -9999 -9999 -9999 -9999 -9999 -9999 2.47968 4.41027 6.42504 7.27326 7.42565 9.3913 10.5989 10.6113 10.3955 10.1418 8.9309 9.01308 8.77929 7.66597 6.03947 4.25202 4.43085 5.51275 7.04436 7.55715 6.09725 5.58782 5.98009 7.17879 8.25291 9.37411 9.66668 9.35134 7.62565 5.79138 6.65875 7.58506 7.59204 7.33602 6.42249 6.14111 5.88772 5.22495 4.09812 4.27902 4.61027 5.91014 6.32779 6.96574 7.49758 7.31442 7.44136 7.95035 8.24767 8.27083 8.28841 8.31042 8.31667 8.31263 8.21836 8.11794 7.94051 6.75482 6.02285 4.95736 6.2357 6.94923 7.34902 8.02861 8.20102
-9999 -9999 -9999 -9999 -9999 -9999 -9999 1.88442 3.2884 5.21483 5.99734 7.2395 9.09776 10.017 10.4631 10.464 10.2984 9.76206 9.44377 8.80631 7.64778 6.05973 4.29324 3.1468 3.74505 5.80287 6.30143 4.95153 4.27233 5.14149 6.41857 8.3046 9.38674 9.54208 9.45595 9.10884 7.77273 6.15633 6.17357 7.00195 6.33097 5.54932 5.99849 5.93026 5.27577 4.8032 4.52432 4.72772 5.47222 5.78669 6.52165 7.60013 7.76543 7.74774 8.20892 8.24384 8.26679 8.29625 8.30832 8.31691 8.31629 8.2417 8.05862 7.27361 6.5909 5.63596 5.52987 6.6751 7.18712 7.66567 8.00594 8.12589
-9999 -9999 -9999 -9999 -9999 -9999 -9999 0.859974 2.51028 4.31579 6.00705 7.60773 8.98686 9.10315 9.83552 9.84516 10.2339 10.1361 9.6397 9.10453 8.10783 6.06492 4.34871 2.47603 2.98277 5.07931 5.36454 4.46658 2.79862 4.54239 6.46436 8.20731 9.15579 8.43144 9.19584 9.14505 8.65148 7.69387 6.19876 6.23908 5.1219 5.08493 5.67714 5.87779 5.79371 5.442 4.87702 4.99587 5.45389 5.57957 6.25605 7.09559 7.91655 8.065 8.23174 8.25091 8.26595 8.29109 8.3053 8.30111 8.27251 8.19375 7.53748 6.75468 6.27763 5.61618 5.54777 6.86351 7.40254 7.71095 8.00665 8.13145
-9999 -9999 -9999 -9999 -9999 -9999 -9999 -9999 2.34177 4.20693 5.58986 5.97005 7.19723 7.86477 8.38373 8.50702 9.96812 10.0587 9.74783 9.25713 8.40864 6.86102 5.78587 3.99013 2.7023 3.25017 3.5082 3.99601 3.86607 4.64982 6.49736 8.42179 8.64144 7.43678 7.62786 7.89337 8.47468 8.19689 6.1554 5.12401 4.27001 4.89699 5.55608 5.72487 5.76855 5.65616 5.5335 5.30201 6.18042 6.83372 6.99507 7.5662 7.99115 8.11767 8.21605 8.23922 8.26255 8.27527 8.26384 8.25904 8.16827 7.94922 7.21342 5.42594 5.52307 5.3415 4.79469 6.08071 6.90802 7.63649 8.02982 8.14121
-9999 -9999 -9999 -9999 -9999 -9999 -9999 -9999 1.72396 3.88056 4.3447 4.3219 3.62235 3.96018 6.60451 7.14552 8.54725 9.87506 9.78893 9.30776 8.51462 7.59718 6.17099 4.15018 2.54665 1.87779 3.6254 5.34346 5.70658 6.26213 7.39862 7.62353 6.39223 5.23828 5.90355 6.30875 7.82124 8.10654 7.82613 6.60066 5.19795 4.4714 5.35474 5.4832 5.54762 5.57021 5.56074 5.54352 6.53415 7.08699 7.4744 7.69115 8.05788 8.16119 8.20286 8.24276 8.24893 8.24321 8.19981 8.14876 7.88141 7.55517 6.34156 5.33196 4.70731 3.91106 5.74799 6.3086 7.08402 7.58457 7.9758 8.07185
