Test_Spring_2018b/04_18/Temp/20180427_013.txt
ncols	170
nrows	115
xllcorner	350000.000000
yllcorner	4445000.000000
cellsize	1000.000000
nodata_value	-9999.000000
[rows 32 to 63 of 115, columns 72 to 143 of 170]
23.6657 23.6295 23.6935 23.7522 23.6863 23.6461 23.7296 23.7313 23.7019 23.6306 23.6068 23.5825 23.5697 23.4795 23.2178 22.9825 23.1166 23.1247 23.0403 23.2045 23.1239 22.907 22.5989 22.7702 22.7281 22.4721 22.4094 -9999 -9999 -9999 -9999 -9999 -9999 -9999 -9999 -9999 -9999 -9999 -9999 -9999 -9999 -9999 -9999 -9999 -9999 -9999 -9999 -9999 -9999 -9999 -9999 -9999 -9999 -9999 -9999 -9999 -9999 -9999 -9999 -9999 -9999 -9999 -9999 -9999 -9999 -9999 -9999 -9999 -9999 -9999 -9999 -9999
23.6112 23.5978 23.6917 23.6925 23.668 23.6703 23.719 23.7323 23.7223 23.6928 23.6682 23.6423 23.5712 23.4671 23.2438 22.9751 22.9182 23.0572 23.0683 23.0943 23.0213 22.9281 22.7799 22.9063 22.9566 22.7947 22.5779 22.4358 -9999 -9999 -9999 -9999 -9999 -9999 -9999 -9999 -9999 -9999 -9999 -9999 -9999 -9999 -9999 -9999 -9999 -9999 -9999 -9999 -9999 -9999 -9999 -9999 -9999 -9999 -9999 -9999 -9999 -9999 -9999 -9999 -9999 -9999 -9999 -9999 -9999 -9999 -9999 -9999 -9999 -9999 -9999 -9999
23.5472 23.4627 23.5206 23.5644 23.603 23.6006 23.6135 23.7238 23.7203 23.7182 23.6753 23.6421 23.5852 23.4852 23.3411 23.1667 22.8593 23.0571 23.2127 23.2134 23.2092 23.1451 23.0029 23.1272 23.1352 22.923 22.6728 22.5517 22.5037 -9999 -9999 -9999 -9999 -9999 -9999 -9999 -9999 -9999 -9999 -9999 -9999 -9999 -9999 -9999 -9999 -9999 -9999 -9999 -9999 -9999 -9999 -9999 -9999 -9999 -9999 -9999 -9999 -9999 -9999 -9999 -9999 -9999 -9999 -9999 -9999 -9999 -9999 -9999 -9999 -9999 -9999 -9999
23.475 23.371 23.4291 23.5051 23.5896 23.6175 23.6451 23.6792 23.7145 23.7133 23.6692 23.5332 23.5175 23.5162 23.4237 23.2243 23.0252 22.9774 23.2125 23.2829 23.2737 23.3288 23.2089 23.2698 23.2483 23.1725 22.9349 22.7321 22.6589 22.5114 -9999 -9999 -9999 -9999 -9999 -9999 -9999 -9999 -9999 -9999 -9999 -9999 -9999 -9999 -9999 -9999 -9999 -9999 -9999 -9999 -9999 -9999 -9999 -9999 -9999 -9999 -9999 -9999 -9999 -9999 -9999 -9999 -9999 -9999 -9999 -9999 -9999 -9999 -9999 -9999 -9999 -9999
-9999 -9999 23.306 23.3876 23.4636 23.5479 23.6215 23.6669 23.7114 23.7106 23.6191 23.5766 23.5768 23.5178 23.4103 23.3451 23.2218 23.0931 23.1494 23.3504 23.2673 23.4101 23.4015 23.4297 23.339 23.1325 22.8833 22.7277 22.6623 22.5434 -9999 -9999 -9999 -9999 -9999 -9999 -9999 -9999 -9999 -9999 -9999 -9999 -9999 -9999 -9999 -9999 -9999 -9999 -9999 -9999 -9999 -9999 -9999 -9999 -9999 -9999 -9999 -9999 -9999 -9999 -9999 -9999 -9999 -9999 -9999 -9999 -9999 -9999 -9999 -9999 -9999 -9999
-9999 -9999 -9999 23.3689 23.425 23.5607 23.5995 23.629 23.6993 23.7018 23.6689 23.6456 23.6107 23.5643 23.4851 23.3974 23.282 23.2764 23.4073 23.4138 23.3919 23.4162 23.4839 23.4693 23.3154 23.0495 22.9198 22.6192 22.5077 22.5227 22.4455 -9999 -9999 -9999 -9999 -9999 -9999 -9999 -9999 -9999 -9999 -9999 -9999 22.8452 -9999 -9999 -9999 -9999 -9999 -9999 -9999 -9999 -9999 -9999 -9999 -9999 -9999 -9999 -9999 -9999 -9999 -9999 -9999 -9999 22.5051 -9999 -9999 -9999 -9999 -9999 -9999 -9999
-9999 -9999 23.3759 23.4342 23.4996 23.584 23.5758 23.6126 23.6927 23.6959 23.6733 23.6482 23.5881 23.5772 23.5347 23.4394 23.4247 23.4717 23.4963 23.5228 23.5405 23.5335 23.5103 23.4788 23.3575 23.2434 23.167 22.9101 22.7692 22.6542 22.4793 22.344 -9999 -9999 -9999 -9999 -9999 -9999 -9999 22.7221 22.7236 22.7348 22.7817 22.8972 22.841 -9999 -9999 -9999 -9999 -9999 -9999 -9999 -9999 -9999 -9999 -9999 -9999 -9999 -9999 -9999 -9999 -9999 -9999 -9999 22.6077 22.4769 -9999 -9999 -9999 -9999 -9999 -9999
-9999 -9999 23.3743 23.4623 23.5053 23.5863 23.6321 23.634 23.662 23.6898 23.688 23.6598 23.6161 23.6218 23.5612 23.5317 23.5126 23.5746 23.5915 23.5746 23.5513 23.5302 23.4631 23.4568 23.4066 23.3337 23.2139 23.0904 22.8807 22.6409 22.4065 22.219 -9999 -9999 -9999 -9999 -9999 -9999 22.7336 22.832 22.8943 22.7883 22.894 22.991 22.9842 22.8882 -9999 -9999 -9999 -9999 -9999 -9999 -9999 -9999 -9999 -9999 -9999 -9999 -9999 -9999 23.2404 23.1061 22.8246 22.685 22.605 22.4868 -9999 -9999 -9999 -9999 -9999 -9999
-9999 -9999 23.3587 23.4617 23.5304 23.591 23.5986 23.6486 23.6634 23.6787 23.6794 23.6767 23.6726 23.6202 23.6017 23.5208 23.6121 23.6158 23.601 23.5224 23.4906 23.3495 23.2883 23.249 23.3706 23.2801 23.0914 22.8559 22.5552 22.5269 22.4363 22.2689 -9999 -9999 -9999 -9999 -9999 -9999 22.7608 22.8659 22.955 22.9753 22.87 23.0366 23.0224 22.9409 22.9279 23.0078 23.052 23.0196 23.1088 23.1437 23.1143 23.1675 -9999 -9999 -9999 -9999 23.2452 23.2611 23.2754 23.225 22.9166 22.7088 22.5232 22.5101 -9999 -9999 -9999 -9999 -9999 -9999
-9999 -9999 23.434 23.4954 23.5243 23.5257 23.5788 23.6199 23.6421 23.6663 23.6638 23.6657 23.6688 23.6553 23.6163 23.6324 23.6366 23.6173 23.4639 23.2828 23.3696 23.2616 23.0116 23.1955 23.3007 23.1972 22.9677 22.7019 22.5967 22.5909 22.4633 22.2994 -9999 -9999 -9999 22.4701 22.6164 22.6378 22.688 22.8257 22.9327 23.0144 23.0731 23.0682 23.0202 22.9404 22.8531 22.8937 23.0706 23.1194 23.1453 23.1812 23.1547 23.1884 23.2442 23.2782 23.2936 23.2936 23.3017 23.3157 23.3205 23.2744 22.9948 22.8414 22.7468 22.5514 -9999 -9999 -9999 -9999 -9999 -9999
-9999 -9999 23.3913 23.4435 23.4846 23.5533 23.557 23.6015 23.6168 23.6503 23.6575 23.6121 23.6585 23.6601 23.6603 23.6525 23.6374 23.5102 23.3311 23.1505 23.0694 23.0986 22.957 23.0214 23.1277 23.0828 22.9366 22.6991 22.664 22.5935 22.3689 22.1621 -9999 -9999 22.1924 22.4646 22.6597 22.7654 22.8053 22.8184 22.9511 22.9704 23.1116 23.0794 22.9097 22.9365 22.8732 22.924 22.9975 23.0219 23.1094 23.1995 23.2256 23.2362 23.2756 23.2923 23.3046 23.3147 23.3058 23.3252 23.3369 23.312 23.1158 23.025 22.9209 22.5635 -9999 -9999 -9999 -9999 -9999 -9999
-9999 -9999 23.4166 23.4744 23.538 23.544 23.5903 23.5822 23.5543 23.625 23.6458 23.615 23.5957 23.6494 23.6547 23.6577 23.6569 23.5386 23.3994 23.1833 23.0502 22.9592 22.9001 22.8056 22.8587 22.8391 22.8133 22.8363 22.7642 22.6193 22.4923 22.2495 22.1247 -9999 22.2036 22.3315 22.5621 22.7603 22.8902 22.8582 23.0082 23.0442 23.1259 23.0868 22.9857 22.9505 22.9535 22.9466 23.0475 23.1155 23.1585 23.1973 23.2398 23.2595 23.2796 23.2944 23.3075 23.3207 23.3311 23.341 23.3472 23.3442 23.2594 23.1664 22.9591 22.5789 -9999 -9999 -9999 -9999 -9999 -9999
-9999 23.2545 23.412 23.5112 23.5455 23.5687 23.5888 23.6028 23.6098 23.6273 23.6412 23.6346 23.5483 23.5637 23.5894 23.6518 23.6581 23.6562 23.5843 23.3203 23.2244 23.0851 22.9079 22.8244 22.8584 23.0002 22.9896 22.8891 22.7778 22.6139 22.5144 22.3696 22.0877 22.1191 22.2537 22.3573 22.5176 22.758 22.9302 23.0133 23.0514 23.112 23.1503 23.0962 23.04 23.0214 22.9804 22.9804 22.9874 23.051 23.0943 23.1992 23.2416 23.2636 23.2821 23.2972 23.3113 23.3254 23.3375 23.3464 23.3571 23.3666 23.3678 23.2438 22.9242 22.6884 -9999 -9999 -9999 -9999 -9999 -9999
-9999 -9999 23.3817 23.4207 23.4252 23.4391 23.4759 23.5204 23.5786 23.5867 23.627 23.6297 23.5531 23.4694 23.5592 23.6016 23.6453 23.6565 23.6553 23.4264 23.3107 23.2184 23.048 23.0997 23.1542 23.1541 23.1138 22.9022 22.6917 22.4387 22.2162 22.2064 22.0867 22.153 22.2447 22.4692 22.6313 22.7041 22.76 23.005 23.0727 23.1049 23.1741 23.1014 23.0864 23.0325 23.0575 23.0588 23.0656 22.9026 23.0718 23.0902 23.2098 23.2676 23.2873 23.3014 23.3159 23.3277 23.3395 23.35 23.3618 23.3694 23.3807 23.3044 22.891 22.6938 -9999 -9999 -9999 -9999 -9999 -9999
-9999 -9999 -9999 -9999 23.3815 23.4088 23.4241 23.4571 23.5645 23.5957 23.6182 23.6234 23.5937 23.5092 23.4953 23.523 23.4453 23.5291 23.6365 23.6397 23.6309 23.4318 23.3219 23.418 23.3834 23.2274 23.1031 22.9802 22.7338 22.5416 22.2863 22.0959 22.0911 22.3061 22.4856 22.713 22.82 22.7771 22.8485 22.9746 23.1173 23.1913 23.186 23.1091 23.1028 23.0157 23.1152 23.1296 23.0927 23.0617 23.0759 23.1388 23.1683 23.2641 23.2948 23.3075 23.3194 23.3312 23.3421 23.3528 23.3634 23.3736 23.3832 23.3899 22.965 22.6416 -9999 -9999 -9999 -9999 -9999 -9999
-9999 -9999 -9999 -9999 23.2978 23.3108 23.3598 23.4989 23.5621 23.5916 23.5915 23.6093 23.5901 23.518 23.4454 23.3791 23.2895 23.3563 23.5156 23.6106 23.6242 23.4497 23.5337 23.496 23.4237 23.2209 23.0695 22.9862 22.749 22.5351 22.3645 22.1313 22.2333 22.3477 22.4956 22.7417 22.913 22.991 22.9472 23.033 23.1958 23.2073 23.1343 23.1488 23.1042 22.9825 23.1234 23.1676 23.1433 23.1572 23.1453 23.1736 23.2192 23.2637 23.2969 23.3103 23.3211 23.3318 23.3431 23.3549 23.3646 23.3761 23.3859 23.3946 23.1242 22.6373 -9999 -9999 -9999 -9999 -9999 -9999
-9999 -9999 -9999 -9999 -9999 23.2129 23.3346 23.5215 23.5565 23.5509 23.5919 23.599 23.5665 23.5413 23.4514 23.3261 23.0747 23.1511 23.2983 23.505 23.6141 23.6011 23.5348 23.4291 23.1772 22.9552 22.9227 22.8809 22.7061 22.5377 22.3481 22.457 22.5784 22.7134 22.7887 22.7799 22.9282 23.052 23.0165 23.1192 23.2367 23.1994 23.181 23.1663 23.1139 23.1177 23.1306 23.2132 23.1665 23.2049 23.2051 23.2111 23.2374 23.2671 23.2984 23.3121 23.3228 23.3344 23.3434 23.356 23.3663 23.3766 23.3869 23.3961 23.3815 23.1265 22.9759 -9999 -9999 -9999 -9999 -9999
-9999 -9999 -9999 -9999 -9999 23.0934 23.1507 23.3736 23.4315 23.5317 23.5868 23.593 23.5341 23.5054 23.3663 23.3293 23.0978 22.9967 23.0976 23.0676 23.3479 23.5941 23.5333 23.0354 22.8517 22.7184 22.7452 22.7394 22.6867 22.4113 22.3381 22.5708 22.7195 22.8374 22.9302 22.9568 22.9649 23.1522 23.1866 23.2554 23.2545 23.2706 23.1923 23.1468 23.2006 23.1529 23.1504 23.2356 23.1642 23.2403 23.2313 23.218 23.2251 23.2801 23.2988 23.3137 23.3247 23.3341 23.3435 23.3535 23.3668 23.3778 23.3869 23.3984 23.407 23.3905 23.2617 23.2236 23.2882 -9999 -9999 -9999
-9999 -9999 -9999 -9999 -9999 -9999 22.9379 23.2507 23.3836 23.4595 23.5687 23.5856 23.5526 23.4995 23.3584 23.2359 23.0298 22.792 22.6663 23.0645 23.4097 23.5895 23.5587 23.1441 22.9775 22.965 23.0552 22.969 22.9026 22.6896 22.6295 22.5481 22.6011 22.7615 22.8986 23.0324 23.1338 23.1532 23.2247 23.2674 23.2816 23.303 23.3027 23.3035 23.2243 23.2908 23.2479 23.281 23.2702 23.261 23.2468 23.2058 23.2484 23.2876 23.3048 23.3175 23.3261 23.3368 23.3472 23.3566 23.3658 23.3774 23.3889 23.399 23.4103 23.4246 23.4203 23.347 23.2446 23.1121 -9999 -9999
-9999 -9999 -9999 -9999 -9999 -9999 22.7799 23.0921 23.2325 23.429 23.5264 23.5693 23.5717 23.5302 23.425 23.2619 23.1276 22.8605 22.5817 22.9992 23.3662 23.566 23.5764 23.221 23.3134 23.2318 23.2584 23.1119 23.0486 22.9865 22.8841 22.7737 22.6508 22.5927 22.89 23.0479 23.1782 23.2464 23.2907 23.3194 23.3199 23.3056 23.187 23.2945 23.2953 23.2933 23.2894 23.2908 23.2871 23.2815 23.2735 23.2788 23.2545 23.2989 23.3093 23.3194 23.3299 23.3399 23.3498 23.3604 23.3711 23.3826 23.3908 23.4013 23.4119 23.4276 23.438 23.4444 23.4325 23.2512 23.1462 23.1214
-9999 -9999 -9999 -9999 -9999 -9999 22.336 22.7934 23.1437 23.3386 23.4943 23.5435 23.5672 23.5079 23.4665 23.352 23.2438 23.071 22.8068 22.6456 22.9571 23.4082 23.5686 23.5465 23.5336 23.4407 23.3564 23.3425 23.3453 23.2361 23.0932 22.9166 22.8658 22.8087 23.032 23.0701 23.0645 23.3132 23.3256 23.3244 23.2459 23.1511 23.1813 23.1224 23.1766 23.1095 23.186 23.2528 23.2819 23.2867 23.2776 23.2831 23.288 23.3059 23.3148 23.3234 23.3329 23.3434 23.3541 23.3635 23.3745 23.3883 23.3973 23.4084 23.4144 23.4307 23.4417 23.4494 23.4569 23.4375 23.4029 23.326
-9999 -9999 -9999 -9999 -9999 -9999 22.3486 22.7219 23.051 23.2432 23.4371 23.4871 23.5583 23.5528 23.5084 23.4094 23.2834 23.1422 22.9162 22.7489 22.96 23.2585 23.473 23.5402 23.5324 23.525 23.5023 23.4851 23.4593 23.427 23.3302 23.1648 23.0737 22.9398 23.1877 23.2233 23.1955 23.3264 23.3318 23.1619 23.0341 23.0283 23.1182 23.0472 23.0391 22.9904 23.0552 23.2153 23.1768 23.1925 23.2601 23.2797 23.2991 23.3098 23.3184 23.3277 23.3368 23.3479 23.3595 23.3689 23.38 23.3921 23.4022 23.4119 23.4223 23.4383 23.443 23.4523 23.4602 23.4621 23.4674 23.4843
-9999 -9999 -9999 -9999 -9999 -9999 22.3589 22.6041 22.9011 23.1858 23.3929 23.4804 23.5469 23.5541 23.5005 23.4553 23.379 23.2554 23.1722 23.0216 22.8115 23.1753 23.2846 23.3744 23.41 23.5108 23.506 23.4566 23.3805 23.4322 23.42 23.2897 23.2504 23.1822 23.3233 23.3321 23.3378 23.341 23.1985 22.9965 22.8373 22.9712 22.9563 23.0155 22.8469 22.9989 23.1224 23.1674 23.0892 23.0382 23.2165 23.2591 23.2854 23.3056 23.3223 23.3303 23.3424 23.3522 23.3631 23.3745 23.3852 23.3968 23.4078 23.4186 23.4267 23.443 23.4529 23.468 23.4786 23.4774 23.4853 23.4913
-9999 -9999 -9999 -9999 -9999 -9999 -9999 22.4516 22.8179 23.1561 23.3471 23.47 23.5338 23.5401 23.5162 23.4877 23.4429 23.3553 23.2426 23.0599 22.9245 23.0166 23.1229 23.1258 23.1974 23.4053 23.4755 23.3733 23.1048 23.2538 23.421 23.422 23.4128 23.4031 23.3893 23.3795 23.349 23.2528 22.938 22.8853 22.7686 22.7939 22.739 22.8835 22.8355 22.9911 23.0631 23.095 22.9667 22.9922 23.1646 23.2361 23.234 23.2815 23.3231 23.3342 23.3457 23.3556 23.3678 23.3799 23.3914 23.4069 23.4184 23.4302 23.437 23.455 23.455 23.4587 23.4537 23.4838 23.4954 23.5136
-9999 -9999 -9999 -9999 -9999 -9999 -9999 22.3655 22.7425 23.1406 23.272 23.404 23.5196 23.5288 23.4877 23.4492 23.409 23.3619 23.2237 23.089 22.9598 22.9185 22.9482 22.9324 23.0494 23.3216 23.3742 23.3518 23.0722 22.9863 23.2095 23.3985 23.4183 23.4077 23.1974 23.2518 23.1434 22.9939 22.9602 22.901 22.7644 22.8457 22.7482 22.8043 22.788 22.8803 22.9295 23.0369 22.9266 22.9239 23.0942 23.182 23.1928 23.2849 23.3239 23.3415 23.3538 23.3661 23.3779 23.391 23.4025 23.4137 23.4246 23.4331 23.436 23.4162 23.2766 23.2884 23.3427 23.3942 23.4775 23.5181
-9999 -9999 -9999 -9999 -9999 -9999 -9999 22.4074 22.6705 23.0246 23.2888 23.3108 23.4432 23.5151 23.4695 23.4173 23.3637 23.3438 23.1926 23.0253 22.8904 22.7291 22.7596 22.8808 23.0599 23.2367 23.269 23.2336 23.0754 23.1448 23.2987 23.3831 23.4121 23.4001 23.36 23.3406 23.263 23.2349 23.1247 22.9471 22.8834 22.9404 22.7513 22.7751 22.8582 22.7747 22.9126 22.9829 22.8384 22.962 23.1098 23.1898 23.2611 23.2999 23.3213 23.3494 23.3603 23.3728 23.3849 23.3964 23.4084 23.4177 23.4276 23.4231 23.4105 23.2757 23.2296 23.2533 23.3323 23.4025 23.4844 23.5203
-9999 -9999 -9999 -9999 -9999 -9999 -9999 22.4499 22.6877 22.9957 23.1858 23.2247 23.3708 23.5017 23.4947 23.4399 23.4279 23.3705 23.2431 23.1013 22.9451 22.8711 22.6947 22.875 23.0003 23.1509 23.2223 23.0876 23.0333 23.1395 23.2457 23.2915 23.4001 23.4058 23.3797 23.2434 23.1817 23.2206 23.1999 23.1567 23.0376 23.0418 22.9688 22.9442 22.9213 22.8099 22.8863 22.902 22.9333 23.0774 23.1592 23.2166 23.2699 23.2911 23.3201 23.355 23.3678 23.3797 23.3909 23.403 23.413 23.418 23.4242 23.4026 23.355 23.2557 23.0908 23.2293 23.3732 23.4337 23.4832 23.5141
-9999 -9999 -9999 -9999 -9999 -9999 -9999 22.408 22.6609 22.9252 23.0392 23.0636 23.3228 23.4843 23.4914 23.4689 23.4414 23.2899 23.3052 23.2793 23.139 22.9319 22.7034 22.7288 22.8593 23.0514 23.1188 22.9093 22.8461 22.9 23.0588 23.2019 23.3518 23.3952 23.3605 23.144 22.9139 23.0336 23.1612 23.1702 23.1453 23.0354 23.0072 22.9826 22.9048 22.7609 22.7815 22.832 22.9997 23.0621 23.153 23.2303 23.2151 23.2401 23.3147 23.3622 23.3744 23.3861 23.3986 23.4093 23.4188 23.4167 23.4138 23.4009 23.2576 23.1727 23.0492 23.2222 23.3241 23.3938 23.4913 23.5231
-9999 -9999 -9999 -9999 -9999 -9999 -9999 22.3287 22.514 22.7673 22.873 23.0385 23.2839 23.4081 23.4712 23.4768 23.4606 23.3963 23.3599 23.2818 23.1359 22.9339 22.7085 22.5628 22.6423 22.8914 22.9542 22.7625 22.6778 22.7938 22.9629 23.2114 23.3565 23.3822 23.3773 23.3391 23.1734 22.9718 22.9818 23.097 23.0183 22.9254 22.9917 22.9911 22.9146 22.8615 22.8164 22.854 22.9471 22.9966 23.1004 23.2487 23.279 23.2857 23.3544 23.3682 23.3805 23.3939 23.4051 23.416 23.4258 23.4261 23.4124 23.3208 23.2424 23.1286 23.1245 23.285 23.37 23.4415 23.4955 23.5209
-9999 -9999 -9999 -9999 -9999 -9999 -9999 22.1939 22.4114 22.6494 22.8728 23.0849 23.2685 23.289 23.3892 23.3959 23.4515 23.4439 23.3845 23.3198 23.1949 22.9343 22.7155 22.4761 22.5441 22.8062 22.8139 22.701 22.4887 22.718 22.9708 23.201 23.3289 23.2411 23.3462 23.3464 23.2897 23.1733 22.9877 23.0009 22.8646 22.8681 22.9529 22.9872 22.9846 22.9473 22.876 22.8921 22.9488 22.9743 23.0709 23.1887 23.3042 23.3327 23.3636 23.3756 23.3871 23.3999 23.4115 23.4207 23.4268 23.4264 23.3514 23.2599 23.208 23.1322 23.133 23.3171 23.4041 23.4542 23.5026 23.529
-9999 -9999 -9999 -9999 -9999 -9999 -9999 -9999 22.3876 22.6336 22.8174 22.8718 23.036 23.1279 23.2006 23.2221 23.4165 23.4334 23.3981 23.3392 23.2336 23.0372 22.9014 22.6721 22.5081 22.5663 22.5748 22.6411 22.6279 22.7332 22.9765 23.2303 23.2641 23.1142 23.1453 23.1864 23.2688 23.2404 22.9843 22.8589 22.7567 22.8461 22.9398 22.97 22.9841 22.9781 22.9664 22.9238 23.0469 23.1409 23.1714 23.2548 23.3194 23.3454 23.3678 23.3806 23.3933 23.4047 23.4129 23.422 23.42 23.4014 23.3159 23.0944 23.1167 23.1028 23.0418 23.2265 23.3466 23.4513 23.5126 23.5375
-9999 -9999 -9999 -9999 -9999 -9999 -9999 -9999 22.3057 22.5896 22.6549 22.6574 22.5726 22.6221 22.9698 23.0456 23.2324 23.4095 23.4034 23.3458 23.2474 23.1325 22.9514 22.693 22.4882 22.3808 22.6001 22.8163 22.8668 22.9426 23.094 23.128 22.9742 22.8309 22.9234 22.9827 23.1856 23.2302 23.2019 23.0516 22.8785 22.7931 22.9159 22.9411 22.9582 22.9698 22.9793 22.9697 23.0968 23.1782 23.2382 23.2762 23.3336 23.357 23.3724 23.3875 23.3981 23.4072 23.4114 23.4145 23.3895 23.3569 23.2096 23.0886 23.0174 22.924 23.1712 23.262 23.3762 23.4511 23.5124 23.5356
