Test_Spring_2018b/04_18/Temp/20180408_005.txt
ncols	170
nrows	115
xllcorner	350000.000000
yllcorner	4445000.000000
cellsize	1000.000000
nodata_value	-9999.000000
[rows 32 to 63 of 115, columns 72 to 143 of 170]
11.6774 11.3639 11.8489 12.2955 12.0235 11.8428 12.578 12.5784 12.3286 11.7411 11.5257 11.3024 11.1656 10.4115 8.29526 6.3874 7.40927 7.43307 6.72566 7.99249 7.32215 5.57465 3.10804 4.44738 4.09767 2.35825 1.92646 -9999 -9999 -9999 -9999 -9999 -9999 -9999 -9999 -9999 -9999 -9999 -9999 -9999 -9999 -9999 -9999 -9999 -9999 -9999 -9999 -9999 -9999 -9999 -9999 -9999 -9999 -9999 -9999 -9999 -9999 -9999 -9999 -9999 -9999 -9999 -9999 -9999 -9999 -9999 -9999 -9999 -9999 -9999 -9999 -9999
11.2537 11.1193 11.84 11.8253 11.7812 12.0402 12.4974 12.5886 12.4914 12.2354 12.0137 11.7778 11.1788 10.3161 8.50494 6.33334 5.84059 6.90296 6.95348 7.12373 6.51287 5.74568 4.54581 5.52699 5.90751 4.76358 3.26241 2.29563 -9999 -9999 -9999 -9999 -9999 -9999 -9999 -9999 -9999 -9999 -9999 -9999 -9999 -9999 -9999 -9999 -9999 -9999 -9999 -9999 -9999 -9999 -9999 -9999 -9999 -9999 -9999 -9999 -9999 -9999 -9999 -9999 -9999 -9999 -9999 -9999 -9999 -9999 -9999 -9999 -9999 -9999 -9999 -9999
10.7491 10.0507 10.4853 10.8117 11.4156 11.5737 11.6646 12.5243 12.4792 12.4397 12.0731 11.7799 11.2939 10.4635 9.2812 7.85756 5.37878 6.90678 8.10313 8.07203 8.00598 7.46839 6.31573 7.27883 7.32331 5.8608 4.19383 3.21038 2.80332 -9999 -9999 -9999 -9999 -9999 -9999 -9999 -9999 -9999 -9999 -9999 -9999 -9999 -9999 -9999 -9999 -9999 -9999 -9999 -9999 -9999 -9999 -9999 -9999 -9999 -9999 -9999 -9999 -9999 -9999 -9999 -9999 -9999 -9999 -9999 -9999 -9999 -9999 -9999 -9999 -9999 -9999 -9999
10.1758 9.32276 9.76005 10.3435 11.1659 11.5936 11.9176 12.175 12.4375 12.4068 12.0315 10.9226 10.7643 10.7163 9.94293 8.31993 6.699 6.27888 8.10416 8.62629 8.51936 8.9265 7.95003 8.41055 8.22072 7.70069 6.09937 4.63658 4.02988 2.8315 -9999 -9999 -9999 -9999 -9999 -9999 -9999 -9999 -9999 -9999 -9999 -9999 -9999 -9999 -9999 -9999 -9999 -9999 -9999 -9999 -9999 -9999 -9999 -9999 -9999 -9999 -9999 -9999 -9999 -9999 -9999 -9999 -9999 -9999 -9999 -9999 -9999 -9999 -9999 -9999 -9999 -9999
-9999 -9999 8.78233 9.57596 10.2342 11.0399 11.7333 12.0817 12.42 12.3931 11.6427 11.2757 11.2437 10.737 9.84417 9.28375 8.26312 7.1997 7.60553 9.16202 8.46909 9.57158 9.47766 9.67966 8.94159 7.54427 5.68392 4.59734 4.05446 3.08319 -9999 -9999 -9999 -9999 -9999 -9999 -9999 -9999 -9999 -9999 -9999 -9999 -9999 -9999 -9999 -9999 -9999 -9999 -9999 -9999 -9999 -9999 -9999 -9999 -9999 -9999 -9999 -9999 -9999 -9999 -9999 -9999 -9999 -9999 -9999 -9999 -9999 -9999 -9999 -9999 -9999 -9999
-9999 -9999 -9999 9.42658 9.92836 11.0043 11.5604 11.7867 12.3322 12.3337 12.0496 11.835 11.5235 11.1165 10.4455 9.70513 8.74521 8.65618 9.65181 9.6638 9.45537 9.61842 10.1295 9.99396 8.85254 6.88289 5.84125 3.73372 2.82709 2.91924 2.27644 -9999 -9999 -9999 -9999 -9999 -9999 -9999 -9999 -9999 -9999 -9999 -9999 4.74223 -9999 -9999 -9999 -9999 -9999 -9999 -9999 -9999 -9999 -9999 -9999 -9999 -9999 -9999 -9999 -9999 -9999 -9999 -9999 -9999 0.900309 -9999 -9999 -9999 -9999 -9999 -9999 -9999
-9999 -9999 9.32545 9.99641 10.5201 11.195 11.2622 11.6631 12.2902 12.2997 12.0983 11.8705 11.3581 11.231 10.849 10.0452 9.88058 10.2062 10.356 10.5258 10.6303 10.5449 10.3372 10.0687 9.3325 8.41827 7.8044 5.87687 4.90159 3.96584 2.54995 1.4422 -9999 -9999 -9999 -9999 -9999 -9999 -9999 3.99306 3.94184 3.96851 4.28059 5.13927 4.63752 -9999 -9999 -9999 -9999 -9999 -9999 -9999 -9999 -9999 -9999 -9999 -9999 -9999 -9999 -9999 -9999 -9999 -9999 -9999 1.66827 0.554133 -9999 -9999 -9999 -9999 -9999 -9999
-9999 -9999 9.50175 10.2095 10.5635 11.2192 11.5947 11.841 12.0588 12.2668 12.2322 11.98 11.5963 11.5987 11.0698 10.7846 10.5809 11.0214 11.1083 10.9313 10.7094 10.513 9.95814 9.89347 9.71249 9.13201 8.17944 7.19778 5.78852 3.86652 1.98163 0.461165 -9999 -9999 -9999 -9999 -9999 -9999 4.14702 4.86009 5.28801 4.38297 5.15939 5.86927 5.75806 5.07161 -9999 -9999 -9999 -9999 -9999 -9999 -9999 -9999 -9999 -9999 -9999 -9999 -9999 -9999 6.9437 5.80183 3.49453 2.31218 1.603 0.590053 -9999 -9999 -9999 -9999 -9999 -9999
-9999 -9999 9.35703 10.193 10.7597 11.2628 11.3443 11.8593 12.0847 12.1967 12.1838 12.1338 12.0631 11.6015 11.4028 10.7052 11.3724 11.347 11.178 10.5093 10.2193 9.07112 8.56564 8.45252 9.41746 8.70339 7.21297 5.34986 3.11351 2.97195 2.23065 0.871457 -9999 -9999 -9999 -9999 -9999 -9999 4.36277 5.12544 5.76252 5.85687 4.95757 6.21768 6.1698 5.46772 5.30964 5.88816 6.1819 5.9668 6.66112 6.86316 6.55229 6.8932 -9999 -9999 -9999 -9999 7.0955 7.14206 7.17748 6.70212 4.18151 2.4602 0.914438 0.77272 -9999 -9999 -9999 -9999 -9999 -9999
-9999 -9999 9.93006 10.4457 10.7074 10.7512 11.2029 11.6532 11.9315 12.1322 12.0919 12.0756 12.0582 11.9002 11.5334 11.5992 11.5693 11.3551 10.0821 8.59631 9.24364 8.36318 6.4745 8.00936 8.85169 8.04265 6.23671 4.14262 3.4586 3.49077 2.45999 1.13244 -9999 -9999 -9999 2.27371 3.36413 3.45967 3.7821 4.79887 5.57293 6.15882 6.5574 6.54607 6.13003 5.44341 4.69675 4.96496 6.31241 6.64158 6.92453 7.13375 6.84496 6.99319 7.35285 7.53856 7.57604 7.49124 7.47193 7.50157 7.45902 7.01535 4.76342 3.47346 2.65067 0.995479 -9999 -9999 -9999 -9999 -9999 -9999
-9999 -9999 9.6036 10.0525 10.4163 11.016 11.0812 11.4626 11.6887 12.0253 12.0635 11.6714 11.9957 11.9537 11.8929 11.764 11.5753 10.5006 9.01947 7.53469 6.84908 7.14046 6.00442 6.58832 7.4418 7.13174 6.02188 4.15619 3.89252 3.45951 1.73081 0.0626532 -9999 -9999 0.155199 2.24668 3.71968 4.48001 4.71637 4.74035 5.7153 5.79361 6.84347 6.59927 5.21588 5.37365 4.83886 5.18971 5.68241 5.81882 6.53064 7.21778 7.34672 7.34945 7.57822 7.62491 7.6367 7.63053 7.47516 7.54646 7.55778 7.28139 5.64794 4.85177 3.97499 1.01068 -9999 -9999 -9999 -9999 -9999 -9999
-9999 -9999 9.82657 10.3281 10.877 10.9674 11.3742 11.3338 11.2194 11.7851 11.9927 11.716 11.5166 11.8839 11.8581 11.809 11.7283 10.7184 9.54968 7.78053 6.68114 6.00825 5.53049 4.89206 5.33001 5.19525 5.01479 5.22087 4.70922 3.68651 2.67164 0.776514 -0.250956 -9999 0.264195 1.20778 2.95954 4.44872 5.3947 5.0563 6.16478 6.37207 7.01164 6.63908 5.8002 5.43876 5.40839 5.29957 6.04648 6.55145 6.90691 7.14375 7.44132 7.51582 7.59054 7.62142 7.63806 7.65508 7.65118 7.64545 7.61275 7.50921 6.75853 5.96431 4.24626 1.10524 -9999 -9999 -9999 -9999 -9999 -9999
-9999 8.36522 9.76589 10.6057 10.9321 11.1681 11.3762 11.527 11.6845 11.8319 11.9336 11.8911 11.1576 11.2173 11.3488 11.7647 11.7346 11.6429 11.0037 8.85105 8.10637 7.01761 5.6093 5.0213 5.31481 6.46815 6.41607 5.65134 4.79913 3.62194 2.87317 1.70858 -0.523706 -0.324073 0.681057 1.42914 2.61962 4.43978 5.71634 6.28694 6.50368 6.9531 7.18843 6.67543 6.18884 5.98526 5.60632 5.55447 5.55907 6.01088 6.36393 7.14857 7.4117 7.53382 7.59463 7.62706 7.65057 7.67385 7.68192 7.66703 7.66818 7.66258 7.60832 6.5503 3.90002 1.90467 -9999 -9999 -9999 -9999 -9999 -9999
-9999 -9999 9.50433 9.8752 9.97393 10.1447 10.4919 10.8917 11.4568 11.5306 11.8423 11.8413 11.2096 10.4794 11.115 11.3672 11.6286 11.636 11.5532 9.74256 8.79565 8.04999 6.69952 7.18661 7.64858 7.68317 7.40356 5.76461 4.13228 2.25079 0.492277 0.407287 -0.538891 -0.0378697 0.625677 2.33128 3.53188 4.01917 4.36977 6.22101 6.70314 6.86941 7.34489 6.7012 6.54034 6.05728 6.20377 6.16341 6.16815 4.82546 6.1762 6.25701 7.13644 7.53324 7.62382 7.64768 7.6732 7.67704 7.68202 7.67811 7.68735 7.67475 7.65974 6.97204 3.61299 1.92634 -9999 -9999 -9999 -9999 -9999 -9999
-9999 -9999 -9999 -9999 9.6237 9.90693 10.0891 10.4025 11.3587 11.6173 11.7893 11.8045 11.5231 10.8005 10.61 10.7421 10.0365 10.6257 11.4317 11.4108 11.3121 9.7212 8.90789 9.69487 9.4549 8.25907 7.31783 6.38883 4.47788 3.07932 1.0641 -0.449412 -0.507303 1.16119 2.54788 4.27375 5.03537 4.60206 5.07264 5.9919 7.03701 7.54343 7.42642 6.74777 6.65516 5.90912 6.64703 6.71227 6.3723 6.07854 6.19847 6.63433 6.80103 7.48899 7.65571 7.6862 7.69101 7.69351 7.69041 7.68656 7.67791 7.67098 7.66178 7.63125 4.17835 1.49178 -9999 -9999 -9999 -9999 -9999 -9999
-9999 -9999 -9999 -9999 8.95829 9.13179 9.58377 10.7409 11.3463 11.592 11.5849 11.6987 11.5004 10.8647 10.2118 9.5959 8.80146 9.25493 10.4554 11.1627 11.2423 9.84765 10.573 10.3008 9.76491 8.20113 7.04854 6.43721 4.60262 3.03234 1.69138 -0.159814 0.630768 1.50164 2.62059 4.50412 5.77488 6.2973 5.85951 6.44796 7.65035 7.65882 7.00402 7.04899 6.65159 5.63122 6.69853 7.00054 6.76122 6.82589 6.73807 6.90119 7.19695 7.47959 7.66746 7.69285 7.69582 7.68927 7.68871 7.68908 7.67584 7.67708 7.66776 7.65062 5.42199 1.43834 -9999 -9999 -9999 -9999 -9999 -9999
-9999 -9999 -9999 -9999 -9999 8.3552 9.3838 10.9192 11.3003 11.2671 11.5849 11.613 11.3085 11.0439 10.2514 9.16847 7.08829 7.61752 8.72246 10.316 11.153 11.039 10.5728 9.76235 7.80228 6.08689 5.8781 5.59685 4.25788 3.04866 1.55799 2.42042 3.36527 4.39912 4.94211 4.80055 5.88947 6.77756 6.40114 7.12271 7.96472 7.58523 7.36178 7.17481 6.71507 6.68969 6.74053 7.34771 6.93167 7.19097 7.19979 7.18683 7.33134 7.4972 7.67107 7.69959 7.69978 7.70228 7.68175 7.68861 7.67862 7.66895 7.66028 7.64552 7.44422 5.29836 4.01621 -9999 -9999 -9999 -9999 -9999
-9999 -9999 -9999 -9999 -9999 7.40632 7.92033 9.73838 10.2996 11.1036 11.5308 11.5513 11.0368 10.75 9.56917 9.18599 7.26175 6.39033 7.12881 6.84504 9.03955 10.9814 10.5585 6.63636 5.21543 4.20182 4.46158 4.46361 4.09064 2.032 1.46377 3.30685 4.46715 5.36607 6.04793 6.18956 6.16594 7.55478 7.74023 8.19238 8.09553 8.13894 7.43964 7.00785 7.38941 6.95473 6.88259 7.50975 6.89697 7.45566 7.39244 7.22707 7.21968 7.5872 7.662 7.7013 7.70338 7.68867 7.66961 7.65914 7.67096 7.66554 7.64549 7.6469 7.62738 7.37195 6.2618 5.874 6.30439 -9999 -9999 -9999
-9999 -9999 -9999 -9999 -9999 -9999 6.22467 8.75052 9.90394 10.5113 11.3656 11.4693 11.1955 10.6994 9.49671 8.4388 6.71866 4.75397 3.71342 6.82642 9.53568 10.9494 10.7636 7.49867 6.20988 6.14974 6.90815 6.26759 5.78172 4.21756 3.74947 3.09903 3.49912 4.7519 5.77558 6.76323 7.48125 7.53973 8.00571 8.27552 8.29858 8.38387 8.30317 8.2379 7.56368 8.03358 7.63947 7.8525 7.71943 7.59941 7.49671 7.1113 7.38626 7.62957 7.69265 7.71151 7.69675 7.69292 7.682 7.65849 7.64926 7.6477 7.64558 7.63345 7.6336 7.62138 7.49728 6.82941 5.93511 4.80511 -9999 -9999
-9999 -9999 -9999 -9999 -9999 -9999 4.96176 7.47515 8.68559 10.245 11.0474 11.373 11.3309 10.9289 10.0152 8.63942 7.49309 5.29993 3.02253 6.2898 9.20142 10.7718 10.8545 8.11167 8.87183 8.25687 8.50463 7.37915 6.91153 6.54274 5.73447 4.85061 3.88277 3.37108 5.67007 6.85046 7.80031 8.24808 8.50115 8.62751 8.56086 8.39178 7.37227 8.15245 8.11308 8.03775 7.95115 7.91046 7.83215 7.73939 7.68584 7.6676 7.41195 7.70406 7.69712 7.70119 7.70237 7.69427 7.67906 7.66551 7.64889 7.6493 7.64136 7.63148 7.62477 7.62099 7.61299 7.5765 7.39915 5.88165 4.97393 4.72013
-9999 -9999 -9999 -9999 -9999 -9999 1.43015 5.08586 8.02213 9.55727 10.8057 11.1496 11.2784 10.7389 10.3353 9.34913 8.41503 6.97392 4.81545 3.4861 5.93218 9.48829 10.8003 10.6984 10.6161 9.90514 9.26452 9.18353 9.2316 8.4871 7.39931 5.97997 5.53658 5.03897 6.75128 6.9833 6.85786 8.74047 8.74448 8.63726 7.91679 7.11219 7.26594 6.77236 7.15665 6.56334 7.11256 7.58764 7.76636 7.75369 7.69331 7.68675 7.65965 7.70988 7.70948 7.70145 7.69501 7.69117 7.6834 7.66061 7.6472 7.6541 7.63986 7.62813 7.62053 7.61886 7.61493 7.58788 7.56328 7.32997 6.97912 6.31109
-9999 -9999 -9999 -9999 -9999 -9999 1.58401 4.65761 7.266 8.82954 10.3339 10.6835 11.1914 11.0822 10.6594 9.80216 8.73096 7.54484 5.69299 4.31636 5.95208 8.31288 10.0032 10.61 10.6049 10.5639 10.403 10.3345 10.1475 10.0152 9.23613 7.89476 7.13708 6.02827 7.93656 8.15035 7.85139 8.80348 8.75529 7.31451 6.20682 6.06886 6.74694 6.10503 5.99345 5.59981 6.05369 7.26725 6.91477 6.98643 7.53815 7.63002 7.68754 7.70387 7.70047 7.69798 7.68851 7.68952 7.69027 7.66795 7.65708 7.65122 7.62941 7.6267 7.6117 7.60067 7.59493 7.58037 7.55792 7.49158 7.415 7.49241
-9999 -9999 -9999 -9999 -9999 -9999 1.64221 3.71108 6.05834 8.36035 9.96668 10.6149 11.0869 11.0821 10.5906 10.1643 9.49263 8.44905 7.73293 6.49011 4.78471 7.64176 8.51748 9.30036 9.6269 10.4418 10.4216 10.0479 9.61566 10.018 9.89855 8.83733 8.4882 7.89882 8.96 8.96206 8.93213 8.87472 7.65733 5.96546 4.61322 5.58617 5.38311 5.83269 4.45035 5.58952 6.50721 6.80604 6.19072 5.73024 7.16111 7.39748 7.53917 7.63005 7.68976 7.67565 7.69022 7.68155 7.6769 7.67166 7.65867 7.65044 7.63723 7.62378 7.61314 7.60376 7.5873 7.56237 7.56113 7.53069 7.51705 7.5057
-9999 -9999 -9999 -9999 -9999 -9999 -9999 2.48595 5.45905 8.11539 9.59455 10.5249 10.9782 10.9702 10.7188 10.4292 10.0124 9.2592 8.31311 6.8185 5.70873 6.41173 7.26947 7.3671 7.93777 9.59383 10.1594 9.35715 7.37454 8.54399 9.84907 9.82763 9.716 9.59114 9.43147 9.28733 8.97244 8.12977 5.54922 5.04096 4.02865 4.14366 3.62461 4.76168 4.33907 5.50509 6.01114 6.20304 5.12722 5.35725 6.62321 7.12555 7.04357 7.35209 7.65 7.65999 7.66855 7.66089 7.66696 7.6689 7.66351 7.64589 7.63538 7.6275 7.60519 7.60736 7.51124 7.44892 7.32279 7.47962 7.49515 7.50377
-9999 -9999 -9999 -9999 -9999 -9999 -9999 1.88835 4.85733 7.9853 8.98995 9.99271 10.8581 10.875 10.4908 10.1252 9.74851 9.31952 8.17223 7.05959 5.99728 5.64018 5.8533 5.83727 6.76089 8.91855 9.33609 9.15762 7.08637 6.38505 8.12862 9.59394 9.70907 9.57591 7.8509 8.21796 7.28726 6.02511 5.6776 5.12513 3.95794 4.5198 3.66512 4.03203 3.93825 4.60049 4.92397 5.71175 4.77414 4.78041 6.02324 6.65135 6.66823 7.32716 7.56261 7.62476 7.64069 7.65202 7.65488 7.6651 7.65882 7.64886 7.63577 7.60414 7.52917 7.30099 6.05348 6.05528 6.39821 6.72293 7.31454 7.48
-9999 -9999 -9999 -9999 -9999 -9999 -9999 2.22706 4.28731 7.06266 9.11851 9.24794 10.2474 10.7633 10.3455 9.87488 9.39331 9.18245 7.93395 6.56253 5.45433 4.14271 4.35799 5.29863 6.83897 8.2326 8.48157 8.19318 7.08309 7.60719 8.79618 9.42742 9.61339 9.46655 9.09066 8.87336 8.18796 7.89079 6.93903 5.45105 4.86498 5.23622 3.65687 3.76761 4.35222 3.73638 4.76021 5.25075 4.03941 5.00366 6.10375 6.66673 7.15901 7.39252 7.48606 7.62888 7.63316 7.64546 7.65214 7.6501 7.64996 7.62677 7.60751 7.47481 7.27923 6.11575 5.63421 5.72958 6.26782 6.7393 7.23327 7.43547
-9999 -9999 -9999 -9999 -9999 -9999 -9999 2.5734 4.42818 6.83443 8.30011 8.5624 9.67063 10.656 10.5457 10.0561 9.90669 9.39908 8.34019 7.17061 5.89227 5.2705 3.84184 5.24727 6.36044 7.5406 8.09258 7.18057 6.72225 7.53302 8.33908 8.66091 9.47505 9.46713 9.20155 8.05716 7.49905 7.73474 7.49493 7.07509 6.05095 6.00544 5.34777 5.07561 4.81869 3.98707 4.52118 4.57542 4.72075 5.87786 6.45083 6.83106 7.17694 7.26841 7.41918 7.61443 7.6321 7.63945 7.63879 7.64251 7.62816 7.57271 7.52592 7.25926 6.78732 5.90682 4.48336 5.48957 6.54184 6.85566 7.16311 7.32229
-9999 -9999 -9999 -9999 -9999 -9999 -9999 2.25265 4.22275 6.27909 7.1388 7.2847 9.29027 10.5182 10.52 10.2878 10.0164 8.76327 8.83633 8.58526 7.43211 5.75266 3.90822 4.08066 5.18083 6.73862 7.25422 5.74625 5.21312 5.60489 6.82382 7.91494 9.05424 9.3435 9.00903 7.22777 5.33486 6.21267 7.15066 7.14548 6.87035 5.92068 5.61932 5.34663 4.65407 3.48289 3.65793 3.98501 5.29826 5.7142 6.35629 6.88968 6.68982 6.80807 7.31816 7.61103 7.62255 7.62813 7.63798 7.63139 7.61398 7.50374 7.38697 7.19103 5.96079 5.19584 4.08372 5.38145 6.09883 6.4819 7.16495 7.32804
-9999 -9999 -9999 -9999 -9999 -9999 -9999 1.63799 3.06745 5.03271 5.82462 7.08791 8.98303 9.91498 10.3615 10.3513 10.1704 9.60899 9.27128 8.60621 7.4067 5.76669 3.94372 2.75679 3.35944 5.45802 5.95452 4.56324 3.8557 4.73631 6.03531 7.95887 9.05782 9.20606 9.10649 8.73908 7.35706 5.68737 5.69306 6.53056 5.83004 5.01588 5.46408 5.38156 4.69772 4.2005 3.90146 4.09185 4.84081 5.15086 5.89233 6.98624 7.1436 7.11331 7.57416 7.59774 7.60895 7.62666 7.62636 7.6223 7.60857 7.51877 7.3175 6.4987 5.78469 4.79137 4.66865 5.82515 6.32946 6.79982 7.13497 7.24432
-9999 -9999 -9999 -9999 -9999 -9999 -9999 0.583143 2.26476 4.10554 5.82912 7.45977 8.86315 8.97125 9.71122 9.70988 10.0974 9.98582 9.4654 8.90524 7.87173 5.76517 3.99374 2.06186 2.57053 4.71163 4.99008 4.0579 2.33596 4.11335 6.0735 7.85 8.81158 8.05731 8.82993 8.76631 8.24843 7.25448 5.7091 5.73845 4.58049 4.53036 5.12551 5.31898 5.22039 4.84728 4.2531 4.35875 4.81363 4.92998 5.61134 6.46003 7.28971 7.42964 7.58833 7.59563 7.59864 7.61192 7.61386 7.59681 7.55457 7.46073 6.77441 5.95816 5.45539 4.7634 4.67959 6.01062 6.54344 6.83932 7.12887 7.24324
-9999 -9999 -9999 -9999 -9999 -9999 -9999 -9999 2.08733 3.98884 5.39576 5.77422 7.02145 7.69469 8.21557 8.33066 9.81794 9.8995 9.56942 9.05488 8.17338 6.57482 5.46088 3.60784 2.27576 2.82454 3.07833 3.56731 3.42263 4.21508 6.09861 8.06097 8.27474 7.0276 7.21199 7.47269 8.05725 7.76061 5.65492 4.58519 3.69735 4.32845 4.9924 5.1534 5.18601 5.05848 4.91342 4.66211 5.55042 6.20786 6.36075 6.93399 7.35732 7.47459 7.56302 7.57432 7.58578 7.58632 7.56204 7.54449 7.43867 7.20117 6.43353 4.58709 4.67352 4.47397 3.89971 5.19854 6.02257 6.75601 7.14577 7.24642
-9999 -9999 -9999 -9999 -9999 -9999 -9999 -9999 1.44904 3.64901 4.11314 4.07791 3.34862 3.68343 6.38406 6.92745 8.35375 9.7043 9.60468 9.09991 8.27519 7.32299 5.84897 3.76503 2.10903 1.41144 3.19429 4.94146 5.30228 5.86041 7.01435 7.23328 5.95859 4.76325 5.43385 5.83772 7.37732 7.65826 7.35897 6.09033 4.63988 3.88288 4.77705 4.89686 4.95088 4.9619 4.93483 4.90062 5.90489 6.45921 6.84385 7.05345 7.41691 7.51022 7.54035 7.56871 7.56253 7.54417 7.48719 7.42235 7.1356 6.78839 5.53092 4.48258 3.82895 2.99917 4.87004 5.42508 6.19665 6.69586 7.08351 7.16844
