Test_Spring_2018b/04_18/Temp/20180407_012.txt
ncols	170
nrows	115
xllcorner	350000.000000
yllcorner	4445000.000000
cellsize	1000.000000
nodata_value	-9999.000000
[rows 32 to 63 of 115, columns 72 to 143 of 170]
18.0643 17.8911 18.1414 18.371 18.1916 18.0711 18.443 18.435 18.2947 17.9755 17.8546 17.7299 17.6517 17.246 16.1172 15.0993 15.6373 15.6451 15.2644 15.9319 15.5702 14.6361 13.3197 14.0241 13.8311 12.8663 12.6184 -9999 -9999 -9999 -9999 -9999 -9999 -9999 -9999 -9999 -9999 -9999 -9999 -9999 -9999 -9999 -9999 -9999 -9999 -9999 -9999 -9999 -9999 -9999 -9999 -9999 -9999 -9999 -9999 -9999 -9999 -9999 -9999 -9999 -9999 -9999 -9999 -9999 -9999 -9999 -9999 -9999 -9999 -9999 -9999 -9999
17.8383 17.7603 18.1361 18.1209 18.0723 18.1754 18.3998 18.4402 18.381 18.238 18.1137 17.9823 17.6585 17.1951 16.2282 15.0701 14.8036 15.363 15.3848 15.4699 15.1399 14.7266 14.083 14.5974 14.7926 14.1601 13.3279 12.7876 -9999 -9999 -9999 -9999 -9999 -9999 -9999 -9999 -9999 -9999 -9999 -9999 -9999 -9999 -9999 -9999 -9999 -9999 -9999 -9999 -9999 -9999 -9999 -9999 -9999 -9999 -9999 -9999 -9999 -9999 -9999 -9999 -9999 -9999 -9999 -9999 -9999 -9999 -9999 -9999 -9999 -9999 -9999 -9999
17.5698 17.1924 17.4162 17.5822 17.8621 17.9171 17.9571 18.4057 18.3742 18.3461 18.1448 17.9829 17.7191 17.2728 16.6399 15.879 14.5578 15.3644 15.9948 15.9731 15.9325 15.6412 15.0228 15.5278 15.5446 14.7319 13.8026 13.2738 13.0513 -9999 -9999 -9999 -9999 -9999 -9999 -9999 -9999 -9999 -9999 -9999 -9999 -9999 -9999 -9999 -9999 -9999 -9999 -9999 -9999 -9999 -9999 -9999 -9999 -9999 -9999 -9999 -9999 -9999 -9999 -9999 -9999 -9999 -9999 -9999 -9999 -9999 -9999 -9999 -9999 -9999 -9999 -9999
17.2653 16.8058 17.031 17.3333 17.7443 17.939 18.0911 18.2197 18.3514 18.3279 18.1219 17.5268 17.437 17.4062 16.9904 16.1237 15.2582 15.0304 15.9948 16.267 16.2048 16.4153 15.8906 16.1287 16.0211 15.7247 14.8333 14.0316 13.7032 13.0608 -9999 -9999 -9999 -9999 -9999 -9999 -9999 -9999 -9999 -9999 -9999 -9999 -9999 -9999 -9999 -9999 -9999 -9999 -9999 -9999 -9999 -9999 -9999 -9999 -9999 -9999 -9999 -9999 -9999 -9999 -9999 -9999 -9999 -9999 -9999 -9999 -9999 -9999 -9999 -9999 -9999 -9999
-9999 -9999 16.5119 16.9081 17.2408 17.6451 17.9929 18.1695 18.3413 18.3196 17.9143 17.7131 17.6903 17.416 16.9369 16.6346 16.0881 15.5188 15.7296 16.5512 16.178 16.7578 16.7018 16.8025 16.4037 15.6236 14.6135 14.0113 13.7166 13.1947 -9999 -9999 -9999 -9999 -9999 -9999 -9999 -9999 -9999 -9999 -9999 -9999 -9999 -9999 -9999 -9999 -9999 -9999 -9999 -9999 -9999 -9999 -9999 -9999 -9999 -9999 -9999 -9999 -9999 -9999 -9999 -9999 -9999 -9999 -9999 -9999 -9999 -9999 -9999 -9999 -9999 -9999
-9999 -9999 -9999 16.8289 17.0783 17.6403 17.9008 18.0122 18.2936 18.2868 18.1289 18.0086 17.8374 17.6161 17.255 16.8574 16.3433 16.2917 16.816 16.8176 16.7017 16.7827 17.048 16.9693 16.3434 15.2727 14.712 13.5532 13.065 13.1078 12.7606 -9999 -9999 -9999 -9999 -9999 -9999 -9999 -9999 -9999 -9999 -9999 -9999 14.019 -9999 -9999 -9999 -9999 -9999 -9999 -9999 -9999 -9999 -9999 -9999 -9999 -9999 -9999 -9999 -9999 -9999 -9999 -9999 -9999 11.8705 -9999 -9999 -9999 -9999 -9999 -9999 -9999
-9999 -9999 16.8015 17.1247 17.3927 17.7409 17.7535 17.9457 18.2701 18.2671 18.1529 18.0255 17.7477 17.6752 17.4678 17.0368 16.9454 17.1143 17.1897 17.2754 17.3258 17.2749 17.1584 17.009 16.5819 16.0885 15.7544 14.7093 14.1669 13.6635 12.9056 12.3119 -9999 -9999 -9999 -9999 -9999 -9999 -9999 13.6384 13.6078 13.6183 13.78 14.2316 13.9604 -9999 -9999 -9999 -9999 -9999 -9999 -9999 -9999 -9999 -9999 -9999 -9999 -9999 -9999 -9999 -9999 -9999 -9999 -9999 12.2826 11.6883 -9999 -9999 -9999 -9999 -9999 -9999
-9999 -9999 16.8738 17.239 17.416 17.7532 17.9416 18.0392 18.1457 18.2477 18.2219 18.0815 17.8721 17.8685 17.5835 17.4283 17.3165 17.5469 17.5892 17.491 17.3682 17.2584 16.9574 16.9159 16.7848 16.4679 15.9534 15.4234 14.638 13.6104 12.6032 11.7903 -9999 -9999 -9999 -9999 -9999 -9999 13.7241 14.1 14.3242 13.8401 14.2485 14.6211 14.5572 14.1689 -9999 -9999 -9999 -9999 -9999 -9999 -9999 -9999 -9999 -9999 -9999 -9999 -9999 -9999 15.0974 14.489 13.2615 12.6312 12.252 11.7113 -9999 -9999 -9999 -9999 -9999 -9999
-9999 -9999 16.7995 17.2317 17.5207 17.7757 17.807 18.0585 18.1577 18.2083 18.1937 18.1606 18.1176 17.8679 17.7586 17.3848 17.7361 17.7195 17.6264 17.2673 17.1086 16.4933 16.2184 16.1256 16.6293 16.2408 15.4399 14.4411 13.2284 13.1349 12.7347 12.0072 -9999 -9999 -9999 -9999 -9999 -9999 13.8396 14.2422 14.5777 14.6245 14.1431 14.8079 14.7603 14.3818 14.2921 14.5935 14.7439 14.6126 14.9699 15.0738 14.9059 15.0847 -9999 -9999 -9999 -9999 15.185 15.2083 15.2255 14.9711 13.6303 12.7137 11.8901 11.8051 -9999 -9999 -9999 -9999 -9999 -9999
-9999 -9999 17.1066 17.3677 17.4935 17.5035 17.7302 17.9467 18.0743 18.1701 18.1412 18.1262 18.1118 18.0238 17.8258 17.8581 17.8399 17.7237 17.0448 16.2523 16.5918 16.1183 15.096 15.8924 16.3301 15.8905 14.9211 13.7988 13.4104 13.4097 12.8555 12.1447 -9999 -9999 -9999 12.737 13.3142 13.3632 13.5328 14.0708 14.4795 14.7867 14.9946 14.9742 14.7421 14.3715 13.9687 14.105 14.8145 14.9836 15.1117 15.2194 15.0633 15.1421 15.3314 15.4287 15.4476 15.4016 15.3904 15.4051 15.3812 15.144 13.9431 13.2556 12.8158 11.9303 -9999 -9999 -9999 -9999 -9999 -9999
-9999 -9999 16.9331 17.1581 17.3375 17.6392 17.6601 17.8497 17.9491 18.111 18.1235 17.9088 18.0761 18.0501 18.0151 17.9446 17.8426 17.27 16.4812 15.6896 15.3214 15.4606 14.8501 15.1421 15.5856 15.4073 14.8041 13.8026 13.6524 13.4 12.4669 11.5753 -9999 -9999 11.6133 12.7221 13.5029 13.9054 14.0297 14.0409 14.5567 14.5956 15.1498 15.0074 14.262 14.3397 14.0462 14.2259 14.4823 14.5488 14.9123 15.2679 15.3335 15.3328 15.4528 15.4765 15.4819 15.478 15.3948 15.4319 15.4368 15.2885 14.4192 13.9941 13.5209 11.9459 -9999 -9999 -9999 -9999 -9999 -9999
-9999 -9999 17.0494 17.3013 17.5782 17.6118 17.8136 17.7788 17.697 17.9869 18.0833 17.9299 17.8193 18.011 17.9951 17.9676 17.9236 17.386 16.7636 15.8214 15.2336 14.862 14.6008 14.2399 14.4622 14.3797 14.2726 14.3709 14.0842 13.5188 12.9719 11.953 11.4026 -9999 11.6702 12.1697 13.099 13.8891 14.3907 14.2099 14.7969 14.9046 15.2339 15.0313 14.575 14.3768 14.3542 14.2898 14.6799 14.9384 15.1128 15.2345 15.3849 15.4224 15.4607 15.4762 15.4844 15.4931 15.4907 15.487 15.4688 15.4125 15.0121 14.584 13.6686 11.9993 -9999 -9999 -9999 -9999 -9999 -9999
-9999 16.3021 17.0201 17.4507 17.6083 17.7181 17.8134 17.8791 17.9421 18.0087 18.0536 18.0205 17.6265 17.6552 17.7234 17.9434 17.9269 17.8776 17.5369 16.3913 15.9853 15.3971 14.6411 14.3109 14.4557 15.0565 15.0168 14.5987 14.1343 13.4872 13.0769 12.4515 11.2565 11.3591 11.8907 12.2868 12.9184 13.8848 14.5624 14.8647 14.9785 15.2096 15.3306 15.0528 14.784 14.6693 14.4612 14.4266 14.422 14.6551 14.8286 15.2375 15.3737 15.4329 15.4639 15.4804 15.4926 15.5048 15.509 15.5008 15.5007 15.4967 15.4631 14.8986 13.4894 12.4284 -9999 -9999 -9999 -9999 -9999 -9999
-9999 -9999 16.8839 17.0644 17.1002 17.1744 17.3428 17.54 17.8192 17.8472 18.0034 17.9948 17.6524 17.2621 17.5984 17.732 17.8709 17.8747 17.8299 16.8591 16.351 15.9481 15.2224 15.463 15.6967 15.7027 15.5414 14.6583 13.7789 12.7578 11.8147 11.7618 11.2505 11.5102 11.8606 12.7655 13.4029 13.6619 13.8482 14.831 15.0823 15.1672 15.4158 15.069 14.9731 14.7097 14.7802 14.7514 14.7464 14.0261 14.7295 14.7674 15.2303 15.4358 15.4803 15.4924 15.5058 15.508 15.5108 15.5087 15.5131 15.5035 15.4942 15.1266 13.3399 12.4426 -9999 -9999 -9999 -9999 -9999 -9999
-9999 -9999 -9999 -9999 16.9149 17.0481 17.1283 17.2791 17.7657 17.8916 17.9735 17.9744 17.8199 17.432 17.33 17.4002 17.026 17.3381 17.7624 17.7476 17.6899 16.838 16.3903 16.7971 16.6575 16.0095 15.4963 14.9896 13.9617 13.197 12.1173 11.3054 11.2683 12.1497 12.8812 13.7971 14.2017 13.9721 14.2224 14.7081 15.2613 15.5275 15.4614 15.096 15.0364 14.6331 15.0174 15.0443 14.8559 14.6923 14.742 14.9683 15.0524 15.4144 15.5006 15.5138 15.5164 15.518 15.5167 15.5149 15.5092 15.5044 15.4978 15.4794 13.6428 12.2144 -9999 -9999 -9999 -9999 -9999 -9999
-9999 -9999 -9999 -9999 16.5621 16.6367 16.8598 17.4583 17.7587 17.8776 17.8644 17.9176 17.8074 17.4669 17.1189 16.7922 16.3702 16.6103 17.2459 17.6179 17.6549 16.9071 17.2765 17.1205 16.8235 15.9798 15.354 15.0157 14.028 13.1721 12.4502 11.4589 11.8722 12.33 12.9214 13.92 14.5951 14.8732 14.6403 14.9521 15.589 15.5907 15.2391 15.258 15.0365 14.4874 15.0465 15.1989 15.0638 15.0903 15.0296 15.1108 15.2634 15.41 15.5073 15.5193 15.52 15.517 15.5172 15.5173 15.51 15.5097 15.5032 15.492 14.3056 12.1883 -9999 -9999 -9999 -9999 -9999 -9999
-9999 -9999 -9999 -9999 -9999 16.2247 16.754 17.5535 17.7348 17.7057 17.8651 17.8729 17.7063 17.563 17.1412 16.5663 15.4618 15.7422 16.327 17.1697 17.6088 17.5411 17.2777 16.8358 15.7823 14.8581 14.7335 14.5703 13.8458 13.1816 12.3802 12.8299 13.3252 13.8695 14.155 14.0787 14.6571 15.1292 14.9294 15.3119 15.7575 15.5533 15.4308 15.3266 15.0719 15.0512 15.0705 15.3849 15.1559 15.2856 15.2763 15.2639 15.336 15.4205 15.5103 15.5239 15.5235 15.5251 15.5147 15.5186 15.513 15.5071 15.5011 15.4913 15.3817 14.2404 13.5562 -9999 -9999 -9999 -9999 -9999
-9999 -9999 -9999 -9999 -9999 15.7213 15.9778 16.9277 17.2049 17.6206 17.8384 17.8423 17.5642 17.4086 16.7802 16.577 15.5555 15.0913 15.4814 15.327 16.4871 17.5112 17.2708 15.1765 14.4095 13.8581 13.9826 13.9701 13.7587 12.6435 12.3321 13.3027 13.9124 14.3852 14.7444 14.818 14.8056 15.544 15.6417 15.8812 15.8282 15.8486 15.4735 15.2393 15.4316 15.1936 15.1477 15.4728 15.1394 15.4282 15.3806 15.2872 15.2786 15.4701 15.5073 15.5266 15.527 15.5194 15.51 15.5042 15.5104 15.5068 15.4949 15.4938 15.4809 15.3437 14.7509 14.5414 14.7661 -9999 -9999 -9999
-9999 -9999 -9999 -9999 -9999 -9999 15.0787 16.4051 16.9971 17.3089 17.7537 17.802 17.6479 17.3828 16.7436 16.1818 15.2683 14.2244 13.6677 15.3172 16.7506 17.4943 17.3798 15.6349 14.9385 14.8938 15.2835 14.9302 14.6593 13.8068 13.5488 13.1955 13.4016 14.0604 14.6015 15.1251 15.5065 15.5381 15.7864 15.9263 15.9369 15.9796 15.9331 15.8938 15.5254 15.7681 15.5514 15.6569 15.5785 15.5071 15.4385 15.2283 15.3697 15.4953 15.5261 15.5339 15.5256 15.5237 15.5186 15.5069 15.5001 15.4987 15.4964 15.4883 15.486 15.4782 15.4092 15.0511 14.5724 13.9683 -9999 -9999
-9999 -9999 -9999 -9999 -9999 -9999 14.4097 15.7304 16.353 17.1709 17.5834 17.7481 17.7225 17.5071 17.0209 16.2899 15.6807 14.5151 13.3039 15.0346 16.5726 17.3997 17.4352 15.9606 16.3528 16.0141 16.1333 15.5231 15.2626 15.0449 14.6067 14.1297 13.6064 13.3303 14.5489 15.1746 15.6788 15.9169 16.0517 16.1191 16.0803 15.9846 15.4396 15.8495 15.8183 15.7718 15.7188 15.6899 15.6409 15.5844 15.5418 15.5269 15.3866 15.5363 15.5306 15.5314 15.5314 15.5271 15.5194 15.513 15.5048 15.5034 15.4957 15.4888 15.4831 15.48 15.4729 15.4503 15.3526 14.5429 14.0568 13.914
-9999 -9999 -9999 -9999 -9999 -9999 12.536 14.4644 15.9965 16.8029 17.4546 17.6324 17.6974 17.4087 17.193 16.6683 16.1713 15.4046 14.2562 13.5471 14.8394 16.7217 17.4062 17.3342 17.2797 16.8908 16.539 16.4843 16.4984 16.0813 15.4902 14.7298 14.4881 14.2202 15.1271 15.2489 15.1817 16.1813 16.1835 16.1265 15.7433 15.3102 15.3892 15.1176 15.3115 14.9903 15.2754 15.5209 15.6089 15.5953 15.5491 15.5379 15.5195 15.5433 15.5408 15.535 15.5308 15.5286 15.5247 15.5131 15.5065 15.5105 15.4998 15.4927 15.4827 15.481 15.4763 15.459 15.4426 15.3152 15.1251 14.7624
-9999 -9999 -9999 -9999 -9999 -9999 12.6121 14.2227 15.5981 16.4144 17.2071 17.3879 17.6541 17.5935 17.3671 16.9104 16.34 15.7083 14.7223 13.9878 14.852 16.0969 16.9872 17.2913 17.2744 17.2421 17.1459 17.0935 16.9836 16.8913 16.4701 15.7498 15.3426 14.7501 15.7609 15.8727 15.713 16.218 16.1921 15.4264 14.8373 14.7626 15.1147 14.7702 14.7009 14.4802 14.7152 15.3534 15.1572 15.1888 15.4674 15.5117 15.5386 15.5442 15.5401 15.5372 15.5312 15.5313 15.5317 15.5201 15.5147 15.5117 15.5001 15.4941 15.4848 15.4785 15.4682 15.4578 15.4429 15.4044 15.3624 15.3952
-9999 -9999 -9999 -9999 -9999 -9999 12.6461 13.7222 14.9597 16.1678 17.0149 17.3543 17.6012 17.5958 17.3324 17.1041 16.7454 16.1889 15.8057 15.142 14.2318 15.7434 16.1979 16.5956 16.7553 17.1776 17.1563 16.9472 16.6911 16.8969 16.824 16.2548 16.0647 15.7481 16.3089 16.308 16.2908 16.2593 15.612 14.7126 13.9933 14.5084 14.3982 14.627 13.8827 14.4808 14.9623 15.1148 14.776 14.5256 15.271 15.3923 15.4641 15.5094 15.5388 15.5296 15.5363 15.5311 15.5284 15.5256 15.5188 15.5144 15.5072 15.4994 15.4879 15.4827 15.4721 15.4597 15.4561 15.4313 15.4207 15.4066
-9999 -9999 -9999 -9999 -9999 -9999 -9999 13.074 14.6359 16.0395 16.8191 17.3082 17.545 17.5375 17.4012 17.2449 17.021 16.6181 16.1123 15.3146 14.7203 15.0878 15.5319 15.5651 15.859 16.7289 17.0195 16.5838 15.5062 16.1162 16.8028 16.7858 16.7218 16.6517 16.5637 16.485 16.3161 15.8673 14.4956 14.2243 13.6851 13.7442 13.466 14.0587 13.8236 14.4379 14.7013 14.7976 14.2205 14.3266 14.9937 15.2563 15.2092 15.3699 15.5224 15.5259 15.5293 15.5244 15.5272 15.528 15.525 15.5186 15.5128 15.508 15.49 15.491 15.4381 15.4028 15.3332 15.4136 15.4186 15.4195
-9999 -9999 -9999 -9999 -9999 -9999 -9999 12.7485 14.3177 15.9722 16.5 17.0277 17.4831 17.4886 17.2815 17.0844 16.8814 16.6504 16.0375 15.4425 14.8735 14.6782 14.785 14.7528 15.2349 16.372 16.5848 16.4812 15.3524 14.9733 15.8932 16.6661 16.7227 16.6482 15.729 15.9214 15.4251 14.7531 14.567 14.272 13.6503 13.9465 13.49 13.6817 13.6125 13.9596 14.1265 14.5398 14.0367 14.0241 14.6792 15.0091 15.0147 15.3617 15.4843 15.5154 15.5224 15.5275 15.5284 15.5334 15.5298 15.5242 15.5168 15.4993 15.4585 15.3301 14.6673 14.6663 14.8461 15.0159 15.3219 15.4121
-9999 -9999 -9999 -9999 -9999 -9999 -9999 12.9287 14.0158 15.4835 16.5699 16.6338 17.1605 17.4307 17.2055 16.9524 16.6934 16.578 15.9112 15.1786 14.5853 13.8833 13.9916 14.4845 15.2773 16.0094 16.1334 15.9722 15.3536 15.6258 16.2516 16.5818 16.6762 16.5945 16.3917 16.2736 15.9074 15.7475 15.2402 14.4481 14.1348 14.3297 13.4883 13.544 13.851 13.503 14.0423 14.2982 13.6503 14.1456 14.7262 15.0218 15.2802 15.4015 15.4489 15.5229 15.5237 15.5291 15.5318 15.5302 15.5296 15.5167 15.5059 15.4346 15.3296 14.7103 14.4483 14.4971 14.7809 15.029 15.2883 15.3938
-9999 -9999 -9999 -9999 -9999 -9999 -9999 13.1125 14.0911 15.3632 16.1364 16.271 16.8554 17.3749 17.3128 17.0494 16.9666 16.6935 16.1272 15.5018 14.8182 14.4828 13.7183 14.4584 15.0243 15.6436 15.9292 15.4143 15.1648 15.5896 16.0124 16.1786 16.6067 16.5988 16.4546 15.8441 15.5453 15.6682 15.5387 15.3137 14.7676 14.741 14.3891 14.2415 14.1018 13.6386 13.9182 13.9429 14.0139 14.6137 14.9147 15.1136 15.2945 15.3406 15.4185 15.5204 15.5284 15.5311 15.5298 15.531 15.5227 15.4925 15.4669 15.3243 15.0725 14.6035 13.8409 14.3736 14.9306 15.0996 15.2561 15.3391
-9999 -9999 -9999 -9999 -9999 -9999 -9999 12.9417 13.9821 15.0688 15.5204 15.5934 16.6544 17.3027 17.3001 17.1732 17.0256 16.3563 16.3912 16.2536 15.6365 14.7396 13.7545 13.8402 14.4062 15.2194 15.4863 14.6548 14.366 14.5686 15.211 15.7859 16.3869 16.5369 16.3561 15.4073 14.3995 14.8633 15.3592 15.3542 15.2057 14.6989 14.5362 14.3884 14.0175 13.384 13.4628 13.6327 14.3127 14.5306 14.8686 15.1492 15.0405 15.1011 15.37 15.5238 15.5285 15.5302 15.5344 15.53 15.5199 15.4605 15.3975 15.2924 14.6378 14.2302 13.6388 14.3203 14.6997 14.9006 15.2621 15.3475
-9999 -9999 -9999 -9999 -9999 -9999 -9999 12.6147 13.3684 14.4071 14.823 15.4895 16.492 16.9831 17.2167 17.2077 17.108 16.8061 16.6229 16.2654 15.6238 14.7479 13.7745 13.1385 13.4526 14.541 14.7913 14.0287 13.6476 14.1101 14.7953 15.8125 16.3922 16.4674 16.4113 16.2133 15.4767 14.5876 14.5882 15.0306 14.6562 14.2213 14.4567 14.41 14.0438 13.7765 13.5952 13.6902 14.0733 14.2352 14.6264 15.2049 15.2862 15.268 15.5109 15.5219 15.5264 15.5346 15.5333 15.5301 15.5219 15.4732 15.3652 14.9292 14.5487 14.0198 13.953 14.5602 14.8306 15.0742 15.2512 15.3083
-9999 -9999 -9999 -9999 -9999 -9999 -9999 12.0538 12.9418 13.9146 14.8256 15.6874 16.4289 16.4826 16.872 16.8678 17.07 17.0071 16.7268 16.4251 15.8718 14.7482 13.8023 12.7709 13.0353 14.1541 14.2629 13.7624 12.8428 13.7818 14.8182 15.7575 16.2643 15.8603 16.2675 16.2309 15.9532 15.4229 14.5998 14.6129 13.9956 13.9664 14.2798 14.3798 14.3244 14.1232 13.7959 13.8351 14.0625 14.1218 14.4812 14.9297 15.3683 15.4407 15.5233 15.5257 15.526 15.5318 15.5317 15.5216 15.4981 15.4471 15.0815 14.6467 14.3784 14.0094 13.9633 14.6692 14.9486 15.0999 15.2529 15.3129
-9999 -9999 -9999 -9999 -9999 -9999 -9999 -9999 12.8471 13.8525 14.5955 14.7926 15.4512 15.8052 16.0784 16.1361 16.9225 16.9622 16.7831 16.5057 16.0331 15.1794 14.5828 13.5933 12.8802 13.1463 13.2496 13.504 13.4221 13.8381 14.834 15.872 15.9818 15.3162 15.411 15.5467 15.8545 15.6945 14.5738 14.0033 13.5294 13.862 14.212 14.2948 14.3092 14.2385 14.1464 13.9881 14.4574 14.8042 14.8832 15.1856 15.4086 15.4692 15.5146 15.5193 15.5241 15.5232 15.5092 15.4987 15.4414 15.314 14.9051 13.9232 13.9676 13.8602 13.5536 14.2451 14.6716 15.0604 15.2666 15.3195
-9999 -9999 -9999 -9999 -9999 -9999 -9999 -9999 12.5076 13.6717 13.9143 13.8919 13.5011 13.6756 15.1065 15.3918 16.1459 16.8597 16.803 16.5309 16.0885 15.5781 14.7903 13.6782 12.7931 12.3917 13.3224 14.2357 14.4223 14.7139 15.3223 15.4346 14.754 14.1159 14.4691 14.6808 15.4959 15.6427 15.4814 14.8054 14.0327 13.6282 14.1005 14.1614 14.1872 14.1901 14.1686 14.1297 14.6492 14.9414 15.1436 15.2531 15.4445 15.4925 15.5072 15.521 15.5165 15.5057 15.4743 15.4387 15.2852 15.0996 14.4304 13.8723 13.5236 13.0814 14.0733 14.3697 14.7745 15.0329 15.2382 15.2828
