Test_Spring_2018b/04_18/Temp/20180409_012.txt
ncols	170
nrows	115
xllcorner	350000.000000
yllcorner	4445000.000000
cellsize	1000.000000
nodata_value	-9999.000000
[rows 32 to 63 of 115, columns 72 to 143 of 170]
19.595 19.6077 19.6092 19.6109 19.5969 19.5879 19.5742 19.5812 19.592 19.6079 19.6192 19.6311 19.6422 19.6618 19.6998 19.735 19.7307 19.7395 19.7578 19.7491 19.7658 19.7965 19.8363 19.8245 19.835 19.8351 19.8339 -9999 -9999 -9999 -9999 -9999 -9999 -9999 -9999 -9999 -9999 -9999 -9999 -9999 -9999 -9999 -9999 -9999 -9999 -9999 -9999 -9999 -9999 -9999 -9999 -9999 -9999 -9999 -9999 -9999 -9999 -9999 -9999 -9999 -9999 -9999 -9999 -9999 -9999 -9999 -9999 -9999 -9999 -9999 -9999 -9999
19.593 19.6034 19.602 19.6101 19.5999 19.578 19.5681 19.5739 19.5827 19.594 19.6053 19.6172 19.6343 19.6552 19.689 19.7276 19.7436 19.7386 19.7467 19.7529 19.7691 19.7869 19.8101 19.8035 19.8046 19.8114 19.81 19.8085 -9999 -9999 -9999 -9999 -9999 -9999 -9999 -9999 -9999 -9999 -9999 -9999 -9999 -9999 -9999 -9999 -9999 -9999 -9999 -9999 -9999 -9999 -9999 -9999 -9999 -9999 -9999 -9999 -9999 -9999 -9999 -9999 -9999 -9999 -9999 -9999 -9999 -9999 -9999 -9999 -9999 -9999 -9999 -9999
19.5925 19.6106 19.6131 19.6167 19.5805 19.5666 19.5721 19.5676 19.5756 19.5839 19.597 19.6095 19.625 19.6453 19.6706 19.6992 19.7419 19.7306 19.7236 19.7326 19.7417 19.7567 19.7795 19.7735 19.7794 19.7783 19.7705 19.7905 19.8032 -9999 -9999 -9999 -9999 -9999 -9999 -9999 -9999 -9999 -9999 -9999 -9999 -9999 -9999 -9999 -9999 -9999 -9999 -9999 -9999 -9999 -9999 -9999 -9999 -9999 -9999 -9999 -9999 -9999 -9999 -9999 -9999 -9999 -9999 -9999 -9999 -9999 -9999 -9999 -9999 -9999 -9999 -9999
19.5934 19.6136 19.616 19.6161 19.5928 19.5684 19.5617 19.5651 19.5687 19.5767 19.5898 19.6131 19.6241 19.6339 19.6537 19.685 19.7163 19.7314 19.7161 19.7179 19.7278 19.7303 19.7509 19.7518 19.761 19.76 19.7562 19.7657 19.781 19.8047 -9999 -9999 -9999 -9999 -9999 -9999 -9999 -9999 -9999 -9999 -9999 -9999 -9999 -9999 -9999 -9999 -9999 -9999 -9999 -9999 -9999 -9999 -9999 -9999 -9999 -9999 -9999 -9999 -9999 -9999 -9999 -9999 -9999 -9999 -9999 -9999 -9999 -9999 -9999 -9999 -9999 -9999
-9999 -9999 19.6226 19.6006 19.5892 19.5694 19.5573 19.5591 19.5615 19.5692 19.5871 19.6004 19.6096 19.6256 19.647 19.6642 19.6877 19.7116 19.7156 19.7038 19.7217 19.7151 19.724 19.7283 19.7449 19.7367 19.7564 19.7605 19.7749 19.7954 -9999 -9999 -9999 -9999 -9999 -9999 -9999 -9999 -9999 -9999 -9999 -9999 -9999 -9999 -9999 -9999 -9999 -9999 -9999 -9999 -9999 -9999 -9999 -9999 -9999 -9999 -9999 -9999 -9999 -9999 -9999 -9999 -9999 -9999 -9999 -9999 -9999 -9999 -9999 -9999 -9999 -9999
-9999 -9999 -9999 19.5962 19.5868 19.5781 19.5529 19.556 19.5552 19.5622 19.5736 19.5847 19.5976 19.6123 19.631 19.6508 19.6737 19.6849 19.6812 19.6904 19.7021 19.7082 19.709 19.7178 19.7259 19.7399 19.7597 19.7664 19.7854 19.7914 19.8077 -9999 -9999 -9999 -9999 -9999 -9999 -9999 -9999 -9999 -9999 -9999 -9999 19.9124 -9999 -9999 -9999 -9999 -9999 -9999 -9999 -9999 -9999 -9999 -9999 -9999 -9999 -9999 -9999 -9999 -9999 -9999 -9999 -9999 20.1848 -9999 -9999 -9999 -9999 -9999 -9999 -9999
-9999 -9999 19.6033 19.5744 19.5726 19.5687 19.5594 19.5505 19.5481 19.5547 19.5648 19.5759 19.5916 19.6026 19.6177 19.6387 19.6513 19.6572 19.6653 19.6727 19.6803 19.6898 19.7002 19.7107 19.696 19.7138 19.7273 19.7485 19.7514 19.7709 19.7974 19.8204 -9999 -9999 -9999 -9999 -9999 -9999 -9999 19.8722 19.8847 19.8958 19.9029 19.9023 19.9196 -9999 -9999 -9999 -9999 -9999 -9999 -9999 -9999 -9999 -9999 -9999 -9999 -9999 -9999 -9999 -9999 -9999 -9999 -9999 20.1705 20.1994 -9999 -9999 -9999 -9999 -9999 -9999
-9999 -9999 19.5711 19.5665 19.5662 19.5616 19.5608 19.541 19.5436 19.5471 19.5547 19.566 19.58 19.5896 19.6069 19.6213 19.6349 19.6398 19.6491 19.6614 19.6737 19.6847 19.6997 19.7072 19.6861 19.6988 19.7162 19.734 19.7333 19.7655 19.7979 19.8263 -9999 -9999 -9999 -9999 -9999 -9999 19.8523 19.8549 19.8613 19.8852 19.8862 19.8877 19.8997 19.8991 -9999 -9999 -9999 -9999 -9999 -9999 -9999 -9999 -9999 -9999 -9999 -9999 -9999 -9999 20.039 20.0686 20.1138 20.1438 20.1674 20.195 -9999 -9999 -9999 -9999 -9999 -9999
-9999 -9999 19.5694 19.5621 19.558 19.5545 19.5567 19.5449 19.5356 19.5399 19.547 19.5555 19.5654 19.5814 19.5947 19.6152 19.6176 19.6293 19.6425 19.6618 19.6751 19.699 19.7132 19.6939 19.6856 19.6993 19.7232 19.752 19.7706 19.7706 19.7873 19.8132 -9999 -9999 -9999 -9999 -9999 -9999 19.8433 19.8457 19.8496 19.8605 19.8842 19.8783 19.8709 19.8901 19.9018 19.9034 19.9088 19.9093 19.9082 19.9166 19.9323 19.9398 -9999 -9999 -9999 -9999 20.0037 20.0173 20.0312 20.052 20.1003 20.1377 20.1726 20.1826 -9999 -9999 -9999 -9999 -9999 -9999
-9999 -9999 19.5585 19.5546 19.5534 19.555 19.5512 19.5395 19.53 19.5292 19.5368 19.5453 19.555 19.5675 19.5837 19.5946 19.607 19.6218 19.6504 19.6811 19.6821 19.704 19.7228 19.6964 19.689 19.7031 19.7303 19.7613 19.7587 19.7566 19.7767 19.8012 -9999 -9999 -9999 19.8268 19.8247 19.8363 19.8452 19.8448 19.8474 19.8516 19.8581 19.8568 19.8681 19.8868 19.906 19.9113 19.9021 19.9067 19.8997 19.9077 19.9229 19.9352 19.9427 19.9532 19.9661 19.9812 19.9957 20.0099 20.0252 20.046 20.0881 20.1199 20.1452 20.1809 -9999 -9999 -9999 -9999 -9999 -9999
-9999 -9999 19.5511 19.5473 19.5442 19.5389 19.5397 19.5369 19.5296 19.5229 19.5293 19.5428 19.548 19.5594 19.572 19.5861 19.6013 19.6282 19.6601 19.6911 19.7103 19.7038 19.7256 19.7127 19.7048 19.7105 19.7237 19.7512 19.7575 19.7541 19.7781 19.8077 -9999 -9999 19.8358 19.8198 19.8129 19.8161 19.8267 19.8401 19.8404 19.8523 19.8504 19.8542 19.8789 19.8862 19.9001 19.9039 19.9072 19.9141 19.904 19.9036 19.9129 19.9246 19.9338 19.9461 19.9594 19.9736 19.9902 20.0041 20.0189 20.0377 20.0747 20.1002 20.1221 20.1804 -9999 -9999 -9999 -9999 -9999 -9999
-9999 -9999 19.5388 19.5332 19.5269 19.5268 19.523 19.5308 19.5277 19.5245 19.5225 19.5345 19.547 19.5533 19.566 19.5797 19.5941 19.6207 19.6489 19.6841 19.7089 19.7167 19.7292 19.7281 19.7251 19.7292 19.7335 19.7326 19.739 19.7434 19.7621 19.7904 19.8126 -9999 19.8267 19.8264 19.8162 19.8102 19.8118 19.8306 19.8296 19.84 19.8348 19.8506 19.868 19.8825 19.8918 19.9017 19.8999 19.8988 19.8936 19.9004 19.906 19.9164 19.9276 19.9401 19.9535 19.9675 19.9822 19.9974 20.0132 20.03 20.0553 20.0773 20.1149 20.1754 -9999 -9999 -9999 -9999 -9999 -9999
-9999 19.5666 19.5371 19.5259 19.5215 19.5185 19.5164 19.5159 19.5099 19.5157 19.5201 19.5249 19.5448 19.5557 19.5668 19.5749 19.5892 19.6041 19.6256 19.6663 19.679 19.6965 19.7207 19.7236 19.7218 19.7077 19.7094 19.7206 19.7332 19.7402 19.7516 19.7733 19.8087 19.8158 19.8137 19.8164 19.8142 19.8042 19.8019 19.809 19.8204 19.8209 19.8294 19.8471 19.8601 19.8718 19.8854 19.8941 19.9018 19.9034 19.8986 19.8948 19.9016 19.9104 19.9216 19.9341 19.9474 19.9615 19.9763 19.9919 20.0075 20.0233 20.0366 20.0657 20.1178 20.1628 -9999 -9999 -9999 -9999 -9999 -9999
-9999 -9999 19.5378 19.5319 19.5297 19.5267 19.5221 19.5176 19.506 19.5096 19.5119 19.5215 19.5378 19.5596 19.5645 19.5753 19.5863 19.6003 19.6148 19.643 19.664 19.6806 19.7036 19.6918 19.687 19.6871 19.6911 19.7132 19.7355 19.7518 19.7793 19.7858 19.8035 19.805 19.8076 19.7978 19.7958 19.8042 19.8148 19.8051 19.8084 19.8188 19.8243 19.8438 19.8523 19.8675 19.8737 19.8818 19.8891 19.9143 19.8961 19.904 19.9018 19.9053 19.9156 19.9281 19.9415 19.9559 19.971 19.9867 20.0025 20.0165 20.0333 20.0579 20.1181 20.1589 -9999 -9999 -9999 -9999 -9999 -9999
-9999 -9999 -9999 -9999 19.5296 19.5246 19.5216 19.5179 19.501 19.5021 19.5062 19.5145 19.5287 19.5501 19.5664 19.5793 19.6036 19.6091 19.6082 19.6186 19.6281 19.6558 19.6638 19.6552 19.6592 19.6752 19.6874 19.6994 19.7249 19.7346 19.7651 19.7905 19.7983 19.7848 19.7758 19.7659 19.7702 19.7913 19.8006 19.8008 19.8006 19.8067 19.8202 19.8401 19.8477 19.8663 19.8642 19.8706 19.8821 19.8929 19.8912 19.894 19.9011 19.9021 19.9112 19.9224 19.9361 19.9507 19.966 19.9819 19.9975 20.0135 20.0295 20.0455 20.1071 20.1613 -9999 -9999 -9999 -9999 -9999 -9999
-9999 -9999 -9999 -9999 19.5337 19.5298 19.523 19.5078 19.4957 19.497 19.5037 19.5108 19.5241 19.5451 19.5676 19.5908 19.6156 19.6229 19.6187 19.6193 19.6263 19.6511 19.6385 19.6437 19.6513 19.6719 19.6866 19.694 19.718 19.7301 19.7513 19.7811 19.7774 19.7747 19.7706 19.758 19.7556 19.7641 19.7845 19.7913 19.7891 19.802 19.8227 19.8329 19.8446 19.8667 19.8601 19.8631 19.8731 19.8788 19.8798 19.8861 19.8913 19.8976 19.9062 19.9182 19.9315 19.9462 19.9617 19.9774 19.9936 20.0097 20.0259 20.0418 20.0871 20.1587 -9999 -9999 -9999 -9999 -9999 -9999
-9999 -9999 -9999 -9999 -9999 19.5352 19.5207 19.5005 19.4916 19.4969 19.4994 19.5079 19.5228 19.5389 19.5636 19.5929 19.6353 19.6416 19.6386 19.6272 19.624 19.6315 19.6348 19.6471 19.6737 19.6963 19.6982 19.7011 19.7185 19.7257 19.749 19.7424 19.7366 19.7317 19.7355 19.7503 19.7503 19.7536 19.7738 19.7789 19.7816 19.7997 19.8146 19.828 19.8405 19.8493 19.8562 19.8551 19.8673 19.8704 19.8701 19.8786 19.8858 19.8936 19.9023 19.9142 19.9277 19.9423 19.958 19.9738 19.9901 20.0064 20.0227 20.0387 20.0568 20.1038 20.1359 -9999 -9999 -9999 -9999 -9999
-9999 -9999 -9999 -9999 -9999 19.5429 19.5357 19.5122 19.5011 19.4954 19.4968 19.5056 19.5235 19.5393 19.5689 19.589 19.6293 19.6539 19.6557 19.6694 19.6479 19.6279 19.6305 19.6847 19.7043 19.7177 19.7135 19.7128 19.7175 19.7363 19.7474 19.7278 19.7192 19.7162 19.7181 19.7287 19.7437 19.7405 19.7525 19.7611 19.7764 19.7888 19.8102 19.8268 19.8282 19.8425 19.8511 19.8499 19.8649 19.8639 19.8646 19.8752 19.8845 19.8896 19.8996 19.9114 19.9247 19.9395 19.9553 19.9711 19.9871 20.0034 20.0199 20.0357 20.0514 20.0731 20.1029 20.1224 20.1302 -9999 -9999 -9999
-9999 -9999 -9999 -9999 -9999 -9999 19.5541 19.5217 19.503 19.5004 19.4964 19.5043 19.5147 19.5353 19.5661 19.5949 19.6321 19.6717 19.6964 19.6644 19.636 19.6231 19.6226 19.6683 19.6866 19.6876 19.6773 19.6858 19.6925 19.7048 19.7149 19.7291 19.731 19.7207 19.7189 19.719 19.7239 19.7383 19.7475 19.7566 19.7702 19.782 19.7951 19.8069 19.8224 19.8248 19.838 19.8425 19.8513 19.8598 19.861 19.8748 19.8803 19.8872 19.8975 19.9091 19.9228 19.9375 19.953 19.9695 19.9848 20.001 20.0172 20.0332 20.0487 20.0671 20.0837 20.107 20.1326 20.1608 -9999 -9999
-9999 -9999 -9999 -9999 -9999 -9999 19.5667 19.5353 19.5162 19.5014 19.4926 19.4959 19.5093 19.5284 19.5549 19.5875 19.6167 19.6589 19.7011 19.6686 19.6345 19.6198 19.6234 19.6549 19.6463 19.6554 19.6528 19.6685 19.6758 19.6722 19.6874 19.7052 19.7213 19.7382 19.7193 19.7167 19.7181 19.7269 19.7387 19.752 19.7649 19.7783 19.804 19.8046 19.8116 19.8216 19.831 19.8393 19.8477 19.8562 19.8568 19.8659 19.8789 19.8833 19.8958 19.9082 19.9217 19.9363 19.9518 19.9679 19.9846 19.9992 20.015 20.0309 20.0464 20.0648 20.0798 20.0946 20.1107 20.1442 20.169 20.1818
-9999 -9999 -9999 -9999 -9999 -9999 19.6097 19.5639 19.5134 19.5005 19.4885 19.4953 19.5061 19.5267 19.5459 19.5728 19.5986 19.6304 19.6707 19.6985 19.6757 19.6349 19.6183 19.6147 19.6181 19.6295 19.6396 19.6423 19.6435 19.6452 19.6579 19.6842 19.6984 19.7156 19.7044 19.7142 19.7297 19.7189 19.7336 19.7497 19.7736 19.7943 19.8046 19.8197 19.8211 19.8383 19.8396 19.8414 19.8469 19.8548 19.8555 19.862 19.8725 19.8837 19.8953 19.908 19.9216 19.936 19.9512 19.9672 19.9836 19.9998 20.0137 20.0297 20.0443 20.0628 20.0777 20.0925 20.1066 20.123 20.1405 20.159
-9999 -9999 -9999 -9999 -9999 -9999 19.5938 19.5482 19.5199 19.5009 19.4909 19.4975 19.503 19.5175 19.5364 19.5611 19.5883 19.6162 19.6522 19.6805 19.6672 19.6443 19.6274 19.6141 19.6135 19.6168 19.6215 19.6171 19.6227 19.6161 19.633 19.6576 19.677 19.7024 19.6884 19.6982 19.7157 19.717 19.7319 19.7655 19.7942 19.8095 19.8083 19.8284 19.8363 19.8483 19.8513 19.8437 19.8541 19.8614 19.8536 19.8623 19.873 19.8839 19.8958 19.9084 19.922 19.9362 19.9511 19.9669 19.9829 19.9991 20.0154 20.028 20.0436 20.0625 20.0762 20.0908 20.105 20.1193 20.1336 20.142
-9999 -9999 -9999 -9999 -9999 -9999 19.5861 19.5561 19.532 19.5026 19.4913 19.4939 19.4996 19.5123 19.5317 19.5502 19.5715 19.5973 19.6177 19.6443 19.6759 19.6453 19.6413 19.6259 19.6183 19.6103 19.6134 19.6214 19.6147 19.6153 19.6222 19.6448 19.659 19.6774 19.6747 19.6871 19.7007 19.715 19.7452 19.7818 19.8135 19.8136 19.8288 19.8289 19.8539 19.8465 19.8433 19.8481 19.8627 19.8777 19.8582 19.8663 19.8753 19.8854 19.8966 19.9095 19.9227 19.937 19.9517 19.967 19.9828 19.9987 20.0146 20.0304 20.0421 20.061 20.0761 20.0916 20.1055 20.118 20.1314 20.1411
-9999 -9999 -9999 -9999 -9999 -9999 -9999 19.5645 19.5239 19.4976 19.4881 19.4869 19.4927 19.5051 19.5209 19.5371 19.5546 19.5759 19.599 19.6285 19.6519 19.65 19.6462 19.6395 19.6361 19.6178 19.6141 19.6289 19.6444 19.6325 19.6226 19.6314 19.6424 19.6545 19.6684 19.6825 19.6996 19.7241 19.7722 19.7918 19.8185 19.8298 19.849 19.8388 19.8506 19.8451 19.848 19.8548 19.8784 19.8734 19.8674 19.8713 19.8834 19.8907 19.8981 19.9108 19.9241 19.9382 19.9526 19.9676 19.983 19.9993 20.0149 20.0305 20.0417 20.0606 20.0767 20.092 20.1077 20.1193 20.1323 20.1472
-9999 -9999 -9999 -9999 -9999 -9999 -9999 19.5567 19.5256 19.4933 19.4903 19.488 19.4881 19.4999 19.5172 19.534 19.5507 19.5675 19.5932 19.6178 19.6408 19.6536 19.6579 19.6542 19.647 19.6229 19.6222 19.6296 19.6434 19.6602 19.6449 19.6341 19.6423 19.6547 19.6891 19.6962 19.7211 19.7509 19.7686 19.7891 19.8176 19.8227 19.8464 19.8532 19.8533 19.8549 19.8607 19.8601 19.8824 19.8806 19.8753 19.878 19.8891 19.8921 19.9012 19.9132 19.9264 19.9401 19.9545 19.9691 19.9842 19.9996 20.015 20.0306 20.0465 20.0598 20.0955 20.1099 20.1194 20.1289 20.1306 20.1478
-9999 -9999 -9999 -9999 -9999 -9999 -9999 19.5447 19.5263 19.4991 19.4821 19.4915 19.4897 19.4946 19.512 19.5301 19.548 19.5617 19.5889 19.6171 19.641 19.6671 19.672 19.6666 19.6411 19.6282 19.6306 19.6404 19.6412 19.6421 19.6348 19.6356 19.6431 19.6557 19.672 19.6868 19.7083 19.7248 19.7504 19.7831 19.8037 19.8112 19.8445 19.8549 19.8584 19.8644 19.8612 19.8651 19.8916 19.8777 19.8742 19.8781 19.8833 19.8923 19.9035 19.9146 19.9279 19.9416 19.9558 19.9703 19.9852 20.0004 20.0156 20.0323 20.0497 20.0799 20.1005 20.1137 20.1206 20.1283 20.1376 20.1489
-9999 -9999 -9999 -9999 -9999 -9999 -9999 19.5321 19.517 19.495 19.4861 19.4938 19.4905 19.4889 19.5021 19.5203 19.5336 19.5514 19.5761 19.6018 19.6283 19.6455 19.673 19.6621 19.6427 19.6335 19.6326 19.6293 19.6435 19.6412 19.6394 19.6447 19.644 19.6549 19.6697 19.6969 19.7165 19.7257 19.7415 19.7597 19.786 19.799 19.82 19.8355 19.8506 19.8591 19.8629 19.873 19.8813 19.8655 19.8695 19.8763 19.8838 19.895 19.9057 19.9162 19.9294 19.9431 19.9572 19.9716 19.9864 20.0018 20.0172 20.0354 20.0563 20.0826 20.1155 20.1165 20.1166 20.132 20.1388 20.1509
-9999 -9999 -9999 -9999 -9999 -9999 -9999 19.528 19.5118 19.4949 19.4944 19.5037 19.4884 19.4836 19.4952 19.5099 19.5248 19.5527 19.5623 19.5759 19.6011 19.6328 19.6664 19.6725 19.6544 19.6402 19.6404 19.6453 19.661 19.6648 19.6579 19.6531 19.6483 19.6553 19.6711 19.7068 19.7442 19.7447 19.7446 19.7571 19.7733 19.7984 19.8146 19.8302 19.8513 19.8725 19.873 19.8798 19.8608 19.8672 19.8707 19.8758 19.891 19.9021 19.9082 19.9175 19.9309 19.9446 19.9585 19.9729 19.9875 20.0035 20.0196 20.0367 20.0676 20.0922 20.1251 20.1177 20.1224 20.1337 20.1391 20.1514
-9999 -9999 -9999 -9999 -9999 -9999 -9999 19.5277 19.5192 19.5038 19.5044 19.4989 19.4851 19.4843 19.49 19.5018 19.5156 19.5343 19.5496 19.5689 19.595 19.6267 19.6603 19.6852 19.6857 19.6532 19.6487 19.6578 19.6763 19.6738 19.6662 19.6505 19.6464 19.6555 19.6682 19.6849 19.7155 19.7501 19.7624 19.7636 19.7854 19.8087 19.8149 19.8281 19.8492 19.8676 19.8683 19.8764 19.8662 19.8744 19.8769 19.8748 19.8855 19.8988 19.9058 19.9189 19.9324 19.9459 19.9599 19.9741 19.9886 20.0041 20.0211 20.0464 20.0702 20.0977 20.1134 20.1116 20.1246 20.1297 20.1398 20.1531
-9999 -9999 -9999 -9999 -9999 -9999 -9999 19.5331 19.5216 19.5082 19.4966 19.4864 19.4794 19.4897 19.4916 19.5033 19.5096 19.5224 19.5404 19.5586 19.5827 19.6209 19.6542 19.6894 19.6916 19.6601 19.6394 19.6611 19.6935 19.6793 19.663 19.6496 19.6475 19.6688 19.6699 19.6826 19.7016 19.7272 19.7603 19.7723 19.8003 19.8133 19.8176 19.8272 19.8406 19.8575 19.871 19.8715 19.8658 19.8769 19.8805 19.882 19.8839 19.8953 19.9065 19.92 19.9336 19.9473 19.9613 19.9756 19.9902 20.0057 20.029 20.0541 20.075 20.0983 20.1134 20.1132 20.1216 20.1293 20.1402 20.1535
-9999 -9999 -9999 -9999 -9999 -9999 -9999 -9999 19.5157 19.5018 19.4947 19.5015 19.4968 19.4997 19.5047 19.515 19.5067 19.5171 19.5328 19.5505 19.5729 19.6045 19.6293 19.6636 19.6908 19.6755 19.6613 19.6641 19.6756 19.6748 19.6597 19.6439 19.652 19.68 19.6892 19.6976 19.7018 19.7181 19.7588 19.7856 19.81 19.814 19.8175 19.8276 19.8394 19.8532 19.8591 19.8542 19.8551 19.8592 19.8702 19.8757 19.8833 19.8952 19.9076 19.9212 19.9348 19.9487 19.963 19.9772 19.9927 20.0099 20.0342 20.073 20.0858 20.1024 20.124 20.1256 20.1255 20.1305 20.1401 20.1536
-9999 -9999 -9999 -9999 -9999 -9999 -9999 -9999 19.516 19.4985 19.5043 19.5169 19.5389 19.5466 19.5225 19.5273 19.5201 19.5136 19.5264 19.5443 19.5661 19.5892 19.619 19.6566 19.6882 19.6828 19.6587 19.642 19.6468 19.6492 19.6441 19.6518 19.68 19.7074 19.7102 19.7167 19.7083 19.717 19.7335 19.7631 19.7951 19.8178 19.8183 19.8291 19.8407 19.8528 19.8631 19.8594 19.8496 19.8553 19.8634 19.874 19.8827 19.8951 19.9085 19.922 19.936 19.9502 19.9649 19.9798 19.9975 20.0161 20.0469 20.0748 20.0973 20.1223 20.111 20.1224 20.127 20.1312 20.1409 20.1547
