Test_Spring_2018b/04_18/Temp/20180425_022.txt
ncols	170
nrows	115
xllcorner	350000.000000
yllcorner	4445000.000000
cellsize	1000.000000
nodata_value	-9999.000000
[rows 32 to 63 of 115, columns 72 to 143 of 170]
15.3706 15.0802 15.5273 15.9389 15.6964 15.5345 16.2137 16.2131 15.9811 15.4372 15.2371 15.0297 14.9025 14.2052 12.2499 10.4875 11.4321 11.4551 10.8031 11.9754 11.3585 9.74686 7.47123 8.71195 8.39246 6.77766 6.3768 -9999 -9999 -9999 -9999 -9999 -9999 -9999 -9999 -9999 -9999 -9999 -9999 -9999 -9999 -9999 -9999 -9999 -9999 -9999 -9999 -9999 -9999 -9999 -9999 -9999 -9999 -9999 -9999 -9999 -9999 -9999 -9999 -9999 -9999 -9999 -9999 -9999 -9999 -9999 -9999 -9999 -9999 -9999 -9999 -9999
14.9829 14.8577 15.5224 15.5077 15.4724 15.72 16.1428 16.2261 16.1354 15.8979 15.6923 15.4736 14.9196 14.1221 12.4487 10.4426 9.98782 10.9701 11.0179 11.1767 10.6142 9.90767 8.80169 9.71089 10.0654 9.00295 7.61031 6.72511 -9999 -9999 -9999 -9999 -9999 -9999 -9999 -9999 -9999 -9999 -9999 -9999 -9999 -9999 -9999 -9999 -9999 -9999 -9999 -9999 -9999 -9999 -9999 -9999 -9999 -9999 -9999 -9999 -9999 -9999 -9999 -9999 -9999 -9999 -9999 -9999 -9999 -9999 -9999 -9999 -9999 -9999 -9999 -9999
14.5206 13.8742 14.2744 14.5747 15.1428 15.2937 15.3768 16.1703 16.1278 16.0907 15.7513 15.4799 15.0305 14.263 13.1706 11.8554 9.56572 10.9779 12.0839 12.0563 11.9967 11.5017 10.4388 11.3307 11.3742 10.0116 8.47648 7.5694 7.19466 -9999 -9999 -9999 -9999 -9999 -9999 -9999 -9999 -9999 -9999 -9999 -9999 -9999 -9999 -9999 -9999 -9999 -9999 -9999 -9999 -9999 -9999 -9999 -9999 -9999 -9999 -9999 -9999 -9999 -9999 -9999 -9999 -9999 -9999 -9999 -9999 -9999 -9999 -9999 -9999 -9999 -9999 -9999
13.9949 13.2054 13.6079 14.1455 14.9097 15.3108 15.6138 15.8509 16.0928 16.0639 15.7168 14.6919 14.5453 14.5008 13.7862 12.2868 10.7895 10.4016 12.0884 12.5714 12.4736 12.8509 11.9503 12.3775 12.2041 11.7194 10.2391 8.88651 8.32704 7.22077 -9999 -9999 -9999 -9999 -9999 -9999 -9999 -9999 -9999 -9999 -9999 -9999 -9999 -9999 -9999 -9999 -9999 -9999 -9999 -9999 -9999 -9999 -9999 -9999 -9999 -9999 -9999 -9999 -9999 -9999 -9999 -9999 -9999 -9999 -9999 -9999 -9999 -9999 -9999 -9999 -9999 -9999
-9999 -9999 12.7081 13.4448 14.0536 14.8019 15.4466 15.7678 16.0798 16.0546 15.3611 15.0218 14.992 14.5238 13.6989 13.181 12.2381 11.2557 11.6307 13.069 12.4294 13.4487 13.363 13.551 12.8707 11.5818 9.85519 8.85007 8.34936 7.45278 -9999 -9999 -9999 -9999 -9999 -9999 -9999 -9999 -9999 -9999 -9999 -9999 -9999 -9999 -9999 -9999 -9999 -9999 -9999 -9999 -9999 -9999 -9999 -9999 -9999 -9999 -9999 -9999 -9999 -9999 -9999 -9999 -9999 -9999 -9999 -9999 -9999 -9999 -9999 -9999 -9999 -9999
-9999 -9999 -9999 13.3096 13.774 14.767 15.2895 15.498 16.0015 16.0027 15.7401 15.5418 15.2539 14.8778 14.2578 13.5736 12.6865 12.6041 13.5237 13.5348 13.3424 13.4935 13.9664 13.8421 12.7827 10.9706 10.0093 8.05222 7.2154 7.30122 6.7079 -9999 -9999 -9999 -9999 -9999 -9999 -9999 -9999 -9999 -9999 -9999 -9999 8.94743 -9999 -9999 -9999 -9999 -9999 -9999 -9999 -9999 -9999 -9999 -9999 -9999 -9999 -9999 -9999 -9999 -9999 -9999 -9999 -9999 5.2594 -9999 -9999 -9999 -9999 -9999 -9999 -9999
-9999 -9999 13.2163 13.8407 14.3233 14.9458 15.0112 15.3861 15.9652 15.9739 15.7878 15.5773 15.104 14.9866 14.6334 13.8905 13.738 14.0384 14.1764 14.3329 14.4293 14.3505 14.159 13.9117 13.2328 12.3888 11.8225 10.0339 9.13205 8.26834 6.96093 5.93799 -9999 -9999 -9999 -9999 -9999 -9999 -9999 8.27929 8.22686 8.24566 8.52748 9.31369 8.84261 -9999 -9999 -9999 -9999 -9999 -9999 -9999 -9999 -9999 -9999 -9999 -9999 -9999 -9999 -9999 -9999 -9999 -9999 -9999 5.96733 4.93366 -9999 -9999 -9999 -9999 -9999 -9999
-9999 -9999 13.3879 14.0398 14.3655 14.9703 15.3166 15.5523 15.7534 15.9455 15.9137 15.6809 15.3265 15.3286 14.8398 14.5759 14.3871 14.7933 14.8729 14.7088 14.5033 14.3217 13.8092 13.75 13.5836 13.0478 12.1685 11.2626 9.95172 8.17706 6.4366 5.03264 -9999 -9999 -9999 -9999 -9999 -9999 8.42773 9.08191 9.4718 8.62944 9.33976 9.98798 9.87712 9.23167 -9999 -9999 -9999 -9999 -9999 -9999 -9999 -9999 -9999 -9999 -9999 -9999 -9999 -9999 10.855 9.79642 7.66103 6.5647 5.90529 4.96505 -9999 -9999 -9999 -9999 -9999 -9999
-9999 -9999 13.2562 14.0264 14.5484 15.0122 15.087 15.5675 15.7787 15.8823 15.8706 15.8247 15.7595 15.3331 15.1493 14.5042 15.1198 15.0954 14.9384 14.3197 14.051 12.9899 12.5228 12.4189 13.3104 12.6512 11.275 9.55482 7.48924 7.35122 6.66759 5.41297 -9999 -9999 -9999 -9999 -9999 -9999 8.62957 9.32932 9.91208 9.99252 9.15417 10.3101 10.2548 9.59629 9.44019 9.96463 10.2262 10.0141 10.6393 10.8183 10.5242 10.8332 -9999 -9999 -9999 -9999 10.9994 11.0392 11.0686 10.626 8.29367 6.69951 5.26725 5.12262 -9999 -9999 -9999 -9999 -9999 -9999
-9999 -9999 13.7872 14.2613 14.5013 14.5407 14.9576 15.3784 15.638 15.831 15.7936 15.7784 15.7621 15.6158 15.2764 15.3365 15.3081 15.1093 13.9324 12.5591 13.1566 12.3356 10.5965 12.0087 12.7869 12.0399 10.3723 8.43887 7.80773 7.83117 6.88051 5.66007 -9999 -9999 -9999 6.71463 7.72027 7.80583 8.09999 9.03456 9.7439 10.2733 10.6334 10.6193 10.2176 9.57259 8.87192 9.10889 10.3432 10.6372 10.8787 11.064 10.7902 10.9233 11.2504 11.4175 11.4485 11.3669 11.3461 11.3708 11.3287 10.9159 8.82907 7.63351 6.86917 5.32726 -9999 -9999 -9999 -9999 -9999 -9999
-9999 -9999 13.4931 13.9054 14.2397 14.7947 14.8543 15.2065 15.4199 15.7323 15.7674 15.4049 15.7042 15.665 15.6082 15.4884 15.3131 14.3193 12.95 11.5775 10.9435 11.2176 10.1684 10.7024 11.491 11.1973 10.1784 8.45599 8.21371 7.81496 6.21244 4.67283 -9999 -9999 4.76057 6.69215 8.0514 8.75118 8.96575 8.98293 9.87751 9.94267 10.9044 10.6747 9.37953 9.51429 9.0011 9.31354 9.75833 9.8739 10.5183 11.1391 11.251 11.2474 11.4535 11.4924 11.4999 11.4913 11.3452 11.4087 11.4168 11.1588 9.64681 8.90789 8.08715 5.34395 -9999 -9999 -9999 -9999 -9999 -9999
-9999 -9999 13.7066 14.168 14.6734 14.7557 15.1306 15.0876 14.9861 15.5085 15.7014 15.4454 15.2608 15.5996 15.5751 15.5288 15.4533 14.5192 13.4385 11.8032 10.7869 10.1697 9.72869 9.13847 9.54354 9.4197 9.25377 9.44504 8.96732 8.02409 7.08818 5.33321 4.38565 -9999 4.86333 5.73473 7.3517 8.7249 9.59498 9.2772 10.2948 10.4787 11.0654 10.7115 9.91888 9.57254 9.53271 9.42031 10.0986 10.5461 10.8608 11.0703 11.3332 11.3957 11.4596 11.484 11.4962 11.5094 11.5036 11.4964 11.4642 11.3663 10.6701 9.92746 8.3361 5.42951 -9999 -9999 -9999 -9999 -9999 -9999
-9999 12.3575 13.6504 14.4241 14.724 14.9407 15.1319 15.2705 15.4194 15.5509 15.6446 15.6058 14.9276 14.9821 15.1028 15.4861 15.4572 15.3714 14.7799 12.7903 12.1055 11.1035 9.80352 9.25606 9.52783 10.5941 10.5469 9.8414 9.05514 7.96889 7.27376 6.19961 4.13459 4.3206 5.25008 5.94115 7.03979 8.71884 9.89431 10.4161 10.6096 11.0207 11.2291 10.7434 10.2763 10.076 9.71332 9.65274 9.64443 10.0496 10.3614 11.0691 11.3038 11.4069 11.4579 11.4839 11.5026 11.522 11.5277 11.5124 11.5119 11.5049 11.448 10.467 8.01336 6.16514 -9999 -9999 -9999 -9999 -9999 -9999
-9999 -9999 13.4081 13.7486 13.8381 13.9945 14.3142 14.6827 15.2077 15.2747 15.5614 15.5574 14.9736 14.2983 14.8845 15.1165 15.3569 15.3626 15.2852 13.6165 12.7425 12.0547 10.8083 11.2545 11.6821 11.7149 11.4576 9.94454 8.43766 6.70085 5.07738 4.99987 4.12416 4.58562 5.19982 6.77573 7.8839 8.3317 8.65172 10.3565 10.7979 10.9421 11.372 10.7666 10.6001 10.1409 10.263 10.2123 10.2033 8.94997 10.1829 10.2464 11.0491 11.4032 11.4796 11.4977 11.5185 11.5202 11.5234 11.5187 11.5261 11.5099 11.4924 10.8535 7.74615 6.18304 -9999 -9999 -9999 -9999 -9999 -9999
-9999 -9999 -9999 -9999 13.5136 13.7738 13.9409 14.2295 15.1155 15.3529 15.5103 15.523 15.2616 14.5923 14.4152 14.5362 13.8832 14.4273 15.1732 15.1545 15.0643 13.596 12.8418 13.5697 13.3489 12.2452 11.3767 10.5195 8.75529 7.46467 5.60406 4.20684 4.15421 5.69622 6.97553 8.57035 9.27311 8.87051 9.3014 10.1461 11.1049 11.5644 11.4466 10.8086 10.7049 10.0022 10.6701 10.7164 10.3884 10.1035 10.1988 10.5898 10.7336 11.3605 11.5076 11.5284 11.5303 11.5309 11.527 11.5227 11.5117 11.5032 11.4919 11.4603 8.26625 5.77933 -9999 -9999 -9999 -9999 -9999 -9999
-9999 -9999 -9999 -9999 12.8977 13.0565 13.4728 14.5406 15.1023 15.3275 15.3191 15.4225 15.2378 14.6489 14.0444 13.4742 12.7397 13.1585 14.268 14.9223 14.9972 13.7103 14.378 14.1275 13.6334 12.1898 11.1261 10.5624 8.86867 7.41938 6.1816 4.47235 5.20353 6.00865 7.0426 8.78197 9.95517 10.4354 10.0277 10.5662 11.6702 11.6697 11.0549 11.0852 10.6998 9.74341 10.7153 10.9799 10.7445 10.7903 10.6934 10.8321 11.0948 11.347 11.5135 11.5317 11.5306 11.523 11.5216 11.5205 11.5069 11.5061 11.4949 11.4757 9.41279 5.72757 -9999 -9999 -9999 -9999 -9999 -9999
-9999 -9999 -9999 -9999 -9999 12.3378 13.2867 14.7039 15.058 15.0252 15.3168 15.3408 15.0576 14.8115 14.0779 13.0763 11.1539 11.6428 12.6642 14.1374 14.9122 14.8087 14.3757 13.6281 11.8184 10.2348 10.0429 9.78414 8.54814 7.4323 6.05605 6.85361 7.72718 8.68275 9.18453 9.05344 10.0585 10.8769 10.5256 11.1871 11.9582 11.5993 11.3831 11.1992 10.7561 10.7189 10.7516 11.298 10.8992 11.1247 11.1169 11.0927 11.2155 11.3597 11.5131 11.5342 11.531 11.5316 11.5116 11.517 11.5065 11.4957 11.4853 11.4684 11.2785 9.29114 8.10141 -9999 -9999 -9999 -9999 -9999
-9999 -9999 -9999 -9999 -9999 11.4599 11.9333 13.6115 14.132 14.8723 15.2647 15.2815 14.8041 14.5377 13.4453 13.09 11.3119 10.5066 11.1896 10.9287 12.9578 14.7536 14.3607 10.7385 9.42687 8.49151 8.73246 8.73523 8.39148 6.49072 5.96643 7.66972 8.7421 9.57283 10.2027 10.3333 10.3104 11.5919 11.7589 12.1716 12.0755 12.1075 11.4518 11.0419 11.3762 10.9611 10.8803 11.4454 10.865 11.3671 11.2928 11.1279 11.1103 11.4408 11.5026 11.5336 11.5317 11.5165 11.4982 11.4868 11.4965 11.4897 11.4688 11.467 11.4451 11.2042 10.1735 9.80958 10.2012 -9999 -9999 -9999
-9999 -9999 -9999 -9999 -9999 -9999 10.3656 12.6975 13.7651 14.3237 15.1104 15.2038 14.9512 14.4901 13.3769 12.3983 10.8087 8.99405 8.03278 10.9101 13.4147 14.7228 14.5487 11.5336 10.344 10.2894 10.9909 10.3999 9.95158 8.5074 8.07533 7.4747 7.84448 9.00356 9.94786 10.8595 11.5217 11.5739 12.0019 12.2436 12.2585 12.3294 12.2456 12.1747 11.5339 11.9549 11.5771 11.76 11.6231 11.4986 11.3881 11.0201 11.2635 11.4793 11.5303 11.541 11.5243 11.5189 11.508 11.486 11.4736 11.4704 11.4661 11.4518 11.4481 11.4321 11.3124 10.6899 9.85778 8.8077 -9999 -9999
-9999 -9999 -9999 -9999 -9999 -9999 9.19778 11.5181 12.6386 14.0766 14.8186 15.1181 15.0758 14.7017 13.8554 12.5832 11.5238 9.49807 7.39524 10.413 13.1052 14.558 14.6364 12.0987 12.802 12.2347 12.4642 11.4249 10.9932 10.6531 9.90644 9.08983 8.1985 7.72356 9.84661 10.9361 11.8122 12.224 12.4552 12.5684 12.4993 12.3318 11.381 12.0917 12.0378 11.9557 11.8627 11.8118 11.7261 11.6273 11.5626 11.5342 11.2877 11.5462 11.5325 11.5315 11.5292 11.5197 11.5045 11.4915 11.4758 11.4712 11.4594 11.4472 11.4373 11.4291 11.4169 11.3778 11.2083 9.80038 8.95574 8.70914
-9999 -9999 -9999 -9999 -9999 -9999 5.93437 9.31 12.0304 13.4452 14.5979 14.9121 15.0278 14.5267 14.1518 13.2395 12.3762 11.0452 9.05217 7.82563 10.0843 13.3714 14.586 14.4876 14.4124 13.7562 13.1648 13.0902 13.1346 12.4472 11.447 10.1345 9.72177 9.26099 10.8417 11.0548 10.9373 12.6745 12.6755 12.5728 11.9026 11.1494 11.2838 10.8126 11.1504 10.5906 11.0857 11.5121 11.6646 11.6405 11.5701 11.5491 11.5146 11.5516 11.545 11.5327 11.5232 11.5172 11.5085 11.4866 11.4735 11.4791 11.4583 11.4449 11.4308 11.4247 11.4163 11.3862 11.358 11.1367 10.8068 10.1774
-9999 -9999 -9999 -9999 -9999 -9999 6.08233 8.92567 11.3322 12.7769 14.1632 14.4827 14.9489 14.8454 14.4529 13.6597 12.6697 11.5742 9.86427 8.59389 10.1067 12.286 13.8493 14.4048 14.4013 14.3639 14.2154 14.1591 13.9856 13.8631 13.1421 11.8988 11.1975 10.1718 11.9333 12.1292 11.8512 12.7285 12.6811 11.3464 10.3186 10.1856 10.7998 10.1984 10.0784 9.69751 10.1054 11.2149 10.8735 10.928 11.4236 11.4983 11.5402 11.5478 11.5384 11.5311 11.5186 11.5168 11.5156 11.4936 11.4824 11.4758 11.4542 11.4413 11.4242 11.4096 11.3957 11.3773 11.3513 11.2846 11.2092 11.2679
-9999 -9999 -9999 -9999 -9999 -9999 6.14369 8.05202 10.2175 12.3449 13.8257 14.4214 14.8546 14.8477 14.3918 13.9968 13.3758 12.4119 11.751 10.604 9.02992 11.6709 12.4775 13.195 13.5048 14.2579 14.239 13.8932 13.4941 13.8644 13.7493 12.7674 12.4433 11.8971 12.8757 12.8758 12.846 12.7905 11.6628 10.0961 8.84241 9.73588 9.54189 9.94308 8.64933 9.68888 10.5256 10.7901 10.2047 9.76834 11.0768 11.2825 11.4051 11.4818 11.5307 11.5126 11.5221 11.511 11.5044 11.4977 11.4841 11.4749 11.4608 11.446 11.4235 11.4103 11.3909 11.3649 11.3585 11.3206 11.3026 11.2792
-9999 -9999 -9999 -9999 -9999 -9999 -9999 6.92955 9.67712 12.1278 13.4909 14.3471 14.7629 14.753 14.5188 14.2501 13.8646 13.1691 12.2959 10.9164 9.89277 10.5439 11.3339 11.4171 11.9446 13.4745 13.9966 13.2547 11.4231 12.498 13.7021 13.6805 13.5755 13.4582 13.3088 13.1735 12.8802 12.099 9.71188 9.23813 8.29834 8.39915 7.91328 8.94863 8.54113 9.6086 10.0659 10.2326 9.22798 9.42701 10.5819 11.0368 10.9526 11.2302 11.4965 11.5006 11.5043 11.4938 11.4967 11.4962 11.4891 11.4731 11.4612 11.4513 11.4165 11.4138 11.3208 11.2585 11.137 11.2766 11.2856 11.2812
-9999 -9999 -9999 -9999 -9999 -9999 -9999 6.38376 9.12391 12.0107 12.9359 13.8594 14.6562 14.6696 14.3129 13.974 13.6255 13.2292 12.1698 11.1428 10.1626 9.83385 10.0318 10.005 10.8582 12.8512 13.2363 13.0704 11.1525 10.5029 12.1118 13.4635 13.5677 13.4425 11.8466 12.1833 11.3208 10.1518 9.8274 9.3131 8.23023 8.74401 7.94831 8.28034 8.16824 8.77103 9.06042 9.77844 8.90238 8.89558 10.0291 10.6007 10.6084 11.21 11.4213 11.4733 11.4835 11.4902 11.4897 11.4964 11.4881 11.4764 11.4617 11.4296 11.357 11.1301 9.97245 9.9696 10.2816 10.5766 11.109 11.2585
-9999 -9999 -9999 -9999 -9999 -9999 -9999 6.69945 8.60044 11.1619 13.0586 13.1756 14.0967 14.5713 14.1837 13.7478 13.3023 13.1073 11.9541 10.6877 9.66456 8.45356 8.6531 9.52258 10.9317 12.2186 12.4477 12.18 11.1495 11.6318 12.7282 13.3092 13.4787 13.3406 12.9908 12.7874 12.1513 11.8737 10.9909 9.61219 9.06618 9.40393 7.93895 8.03463 8.56738 7.97134 8.90841 9.35257 8.22436 9.09731 10.105 10.617 11.0642 11.2731 11.3534 11.48 11.4793 11.4866 11.4893 11.4842 11.4811 11.4568 11.436 11.3101 11.1258 10.047 9.58373 9.66743 10.1601 10.5909 11.0339 11.2167
-9999 -9999 -9999 -9999 -9999 -9999 -9999 7.02259 8.73412 10.955 12.3069 12.547 13.5689 14.4774 14.3741 13.9207 13.7819 13.3126 12.3342 11.2538 10.0731 9.49893 8.17929 9.47776 10.4914 11.5808 12.0896 11.2421 10.8168 11.5637 12.3062 12.6012 13.3508 13.3409 13.0929 12.0328 11.5142 11.7286 11.5033 11.1114 10.1606 10.1134 9.50002 9.24218 8.99783 8.20201 8.68723 8.72891 8.8479 9.90586 10.4271 10.7707 11.083 11.161 11.2943 11.4693 11.4809 11.4834 11.479 11.4789 11.4623 11.4077 11.3611 11.1112 10.6713 9.85369 8.51929 9.44453 10.4122 10.6976 10.9682 11.1115
-9999 -9999 -9999 -9999 -9999 -9999 -9999 6.72978 8.5482 10.4462 11.2386 11.3716 13.2228 14.3556 14.356 14.1403 13.8888 12.7305 12.7976 12.5654 11.4999 9.94813 8.24394 8.40292 9.40796 10.8418 11.3168 9.91825 9.42365 9.78338 10.9071 11.9127 12.9627 13.2272 12.9154 11.2668 9.51482 10.3223 11.185 11.176 10.9171 10.0346 9.75048 9.49229 8.8457 7.74619 7.88971 8.18392 9.37932 9.7556 10.3411 10.8265 10.635 10.7379 11.2033 11.4686 11.4744 11.4751 11.4801 11.4702 11.4504 11.3449 11.2333 11.0484 9.90773 9.19669 8.16276 9.34356 10.0019 10.3417 10.969 11.1159
-9999 -9999 -9999 -9999 -9999 -9999 -9999 6.1657 7.48501 9.29924 10.0294 11.1951 12.9445 13.8041 14.2154 14.2049 14.0368 13.5173 13.2046 12.5896 11.4808 9.96508 8.2803 7.18305 7.739 9.66113 10.1121 8.82701 8.17114 8.98237 10.18 11.9546 12.9672 13.1014 13.0065 12.6639 11.3838 9.83767 9.83896 10.6083 9.95636 9.19895 9.60727 9.52481 8.88639 8.42 8.11498 8.27528 8.95728 9.23605 9.91367 10.9172 11.056 11.0219 11.4419 11.4584 11.4639 11.4757 11.4711 11.4633 11.4466 11.3597 11.1697 10.4091 9.74509 8.82287 8.70476 9.75241 10.2136 10.6344 10.9402 11.0376
-9999 -9999 -9999 -9999 -9999 -9999 -9999 5.19515 6.74776 8.44736 10.0386 11.544 12.8394 12.9382 13.6207 13.6183 13.9752 13.8711 13.3893 12.8708 11.915 9.96781 8.33023 6.54438 7.01318 8.97795 9.22568 8.36219 6.76905 8.40868 10.2171 11.8557 12.7415 12.0418 12.7527 12.6907 12.2088 11.2868 9.85505 9.87767 8.80296 8.75126 9.29524 9.46771 9.36996 9.01827 8.4512 8.52208 8.93279 9.03282 9.65512 10.4324 11.1924 11.3157 11.4567 11.4582 11.4561 11.4637 11.4611 11.4411 11.3978 11.3069 10.6685 9.90998 9.4409 8.79685 8.71451 9.93703 10.41 10.6698 10.9335 11.0355
-9999 -9999 -9999 -9999 -9999 -9999 -9999 -9999 6.58826 8.34434 9.64345 9.99236 11.1438 11.7648 12.2451 12.3503 13.7231 13.7972 13.4909 13.0141 12.1983 10.72 9.68944 7.97605 6.74394 7.23064 7.46202 7.91128 7.77517 8.50483 10.2424 12.0528 12.2477 11.0928 11.2602 11.4979 12.0344 11.7565 9.80698 8.81405 7.98871 8.56616 9.17353 9.31584 9.33917 9.21429 9.05316 8.80105 9.61409 10.2141 10.3483 10.8712 11.256 11.3585 11.4347 11.4399 11.4456 11.4415 11.4145 11.3939 11.2917 11.0678 10.3541 8.64355 8.71855 8.5292 7.99354 9.18666 9.91807 10.5916 10.9478 11.037
-9999 -9999 -9999 -9999 -9999 -9999 -9999 -9999 6.00302 8.03524 8.46375 8.43083 7.75656 8.06518 10.5592 11.0601 12.3765 13.6227 13.529 13.0608 12.2971 11.4155 10.0518 8.12467 6.59298 5.94271 7.57505 9.18327 9.51409 10.0273 11.0909 11.2907 10.1106 9.00368 9.62034 9.99029 11.4091 11.6647 11.3839 10.207 8.86166 8.15649 8.97626 9.08026 9.12314 9.12604 9.08327 9.03319 9.94214 10.4468 10.7952 10.9822 11.3118 11.3922 11.4146 11.4357 11.4252 11.4036 11.3464 11.282 11.0125 10.6871 9.52059 8.54715 7.93819 7.16633 8.88933 9.39491 10.0925 10.5347 10.8888 10.9633
