Test_Spring_2018b/04_18/Temp/20180410_012.txt
ncols	170
nrows	115
xllcorner	350000.000000
yllcorner	4445000.000000
cellsize	1000.000000
nodata_value	-9999.000000
[rows 32 to 63 of 115, columns 72 to 143 of 170]
18.3112 18.3313 18.3427 18.3543 18.3539 18.3597 18.3599 18.3759 18.3949 18.4177 18.437 18.4567 18.4759 18.5018 18.5421 18.5804 18.588 18.606 18.6316 18.6363 18.661 18.6968 18.7398 18.7427 18.7631 18.7797 18.7961 -9999 -9999 -9999 -9999 -9999 -9999 -9999 -9999 -9999 -9999 -9999 -9999 -9999 -9999 -9999 -9999 -9999 -9999 -9999 -9999 -9999 -9999 -9999 -9999 -9999 -9999 -9999 -9999 -9999 -9999 -9999 -9999 -9999 -9999 -9999 -9999 -9999 -9999 -9999 -9999 -9999 -9999 -9999 -9999 -9999
18.3136 18.3319 18.341 18.3576 18.363 18.3558 18.359 18.3742 18.3916 18.411 18.4303 18.4502 18.4741 18.5011 18.5382 18.5791 18.6025 18.6096 18.6272 18.6433 18.6675 18.693 18.7228 18.7295 18.7423 18.7633 18.7799 18.7943 -9999 -9999 -9999 -9999 -9999 -9999 -9999 -9999 -9999 -9999 -9999 -9999 -9999 -9999 -9999 -9999 -9999 -9999 -9999 -9999 -9999 -9999 -9999 -9999 -9999 -9999 -9999 -9999 -9999 -9999 -9999 -9999 -9999 -9999 -9999 -9999 -9999 -9999 -9999 -9999 -9999 -9999 -9999 -9999
18.3171 18.3414 18.3536 18.3665 18.3534 18.351 18.366 18.3731 18.3899 18.4071 18.4279 18.4483 18.4711 18.4976 18.5281 18.5612 18.6054 18.6076 18.6132 18.6314 18.6498 18.673 18.7023 18.7092 18.7255 18.7448 18.755 18.7826 18.8045 -9999 -9999 -9999 -9999 -9999 -9999 -9999 -9999 -9999 -9999 -9999 -9999 -9999 -9999 -9999 -9999 -9999 -9999 -9999 -9999 -9999 -9999 -9999 -9999 -9999 -9999 -9999 -9999 -9999 -9999 -9999 -9999 -9999 -9999 -9999 -9999 -9999 -9999 -9999 -9999 -9999 -9999 -9999
18.3217 18.3476 18.3596 18.3698 18.364 18.3587 18.3616 18.3749 18.3885 18.4054 18.4263 18.4553 18.4745 18.4929 18.5191 18.5543 18.5895 18.6122 18.6112 18.6237 18.6425 18.6558 18.6832 18.6953 18.7141 18.7301 18.7452 18.7656 18.7894 18.8196 -9999 -9999 -9999 -9999 -9999 -9999 -9999 -9999 -9999 -9999 -9999 -9999 -9999 -9999 -9999 -9999 -9999 -9999 -9999 -9999 -9999 -9999 -9999 -9999 -9999 -9999 -9999 -9999 -9999 -9999 -9999 -9999 -9999 -9999 -9999 -9999 -9999 -9999 -9999 -9999 -9999 -9999
-9999 -9999 18.3685 18.3634 18.3655 18.3631 18.3619 18.374 18.3866 18.4034 18.4282 18.4493 18.4672 18.4904 18.5179 18.5421 18.5711 18.6006 18.6145 18.6162 18.6413 18.6472 18.6653 18.68 18.7043 18.7177 18.7477 18.7638 18.7867 18.8143 -9999 -9999 -9999 -9999 -9999 -9999 -9999 -9999 -9999 -9999 -9999 -9999 -9999 -9999 -9999 -9999 -9999 -9999 -9999 -9999 -9999 -9999 -9999 -9999 -9999 -9999 -9999 -9999 -9999 -9999 -9999 -9999 -9999 -9999 -9999 -9999 -9999 -9999 -9999 -9999 -9999 -9999
-9999 -9999 -9999 18.3635 18.3672 18.3709 18.362 18.3752 18.3854 18.4017 18.4215 18.4409 18.4618 18.484 18.5093 18.5355 18.564 18.5834 18.5913 18.6093 18.6292 18.645 18.6566 18.6747 18.6973 18.7227 18.7498 18.7706 18.797 18.8132 18.8375 -9999 -9999 -9999 -9999 -9999 -9999 -9999 -9999 -9999 -9999 -9999 -9999 19.0696 -9999 -9999 -9999 -9999 -9999 -9999 -9999 -9999 -9999 -9999 -9999 -9999 -9999 -9999 -9999 -9999 -9999 -9999 -9999 -9999 19.5477 -9999 -9999 -9999 -9999 -9999 -9999 -9999
-9999 -9999 18.3605 18.3506 18.3596 18.367 18.3726 18.3744 18.3835 18.3995 18.4183 18.4378 18.4608 18.4803 18.5027 18.5297 18.5501 18.5654 18.5823 18.5987 18.6154 18.6337 18.6528 18.672 18.6794 18.7048 18.7269 18.7576 18.7726 18.7992 18.8313 18.8605 -9999 -9999 -9999 -9999 -9999 -9999 -9999 18.9912 19.0128 19.0335 19.0513 19.0633 19.0895 -9999 -9999 -9999 -9999 -9999 -9999 -9999 -9999 -9999 -9999 -9999 -9999 -9999 -9999 -9999 -9999 -9999 -9999 -9999 19.5395 19.5736 -9999 -9999 -9999 -9999 -9999 -9999
-9999 -9999 18.341 18.3477 18.3579 18.3649 18.3749 18.3704 18.3834 18.3971 18.414 18.4337 18.4555 18.4737 18.4979 18.5197 18.5408 18.5551 18.5729 18.5931 18.6133 18.6327 18.6552 18.6721 18.6741 18.6954 18.7206 18.746 18.7605 18.797 18.8336 18.8669 -9999 -9999 -9999 -9999 -9999 -9999 18.9651 18.9788 18.9956 19.0265 19.0397 19.0535 19.0758 19.0973 -9999 -9999 -9999 -9999 -9999 -9999 -9999 -9999 -9999 -9999 -9999 -9999 -9999 -9999 19.395 19.4291 19.4755 19.5101 19.5399 19.573 -9999 -9999 -9999 -9999 -9999 -9999
-9999 -9999 18.3426 18.3473 18.3546 18.3625 18.3749 18.3747 18.3805 18.3949 18.4114 18.429 18.4476 18.4708 18.4918 18.5183 18.5307 18.5501 18.5709 18.5964 18.6173 18.6466 18.6685 18.671 18.676 18.6982 18.7283 18.7623 18.7894 18.803 18.8272 18.8584 -9999 -9999 -9999 -9999 -9999 -9999 18.959 18.9725 18.9875 19.0082 19.0393 19.0476 19.0631 19.0918 19.1147 19.1298 19.1478 19.1649 19.1792 19.1987 19.2237 19.2418 -9999 -9999 -9999 -9999 19.3489 19.3704 19.3921 19.4192 19.4678 19.5082 19.5468 19.569 -9999 -9999 -9999 -9999 -9999 -9999
-9999 -9999 18.337 18.3443 18.354 18.3659 18.3737 18.3738 18.3793 18.3901 18.407 18.4246 18.4429 18.4634 18.4866 18.5056 18.5256 18.5475 18.58 18.6143 18.6256 18.6531 18.6808 18.6752 18.6809 18.7034 18.7361 18.7718 18.7823 18.794 18.8207 18.8495 -9999 -9999 -9999 18.9127 18.9218 18.9419 18.96 18.9712 18.985 19.0022 19.02 19.0357 19.0621 19.0908 19.1199 19.1383 19.1453 19.163 19.1757 19.1951 19.2199 19.2416 19.2595 19.2793 19.3007 19.3235 19.3457 19.3674 19.39 19.4169 19.4611 19.497 19.5281 19.5746 -9999 -9999 -9999 -9999 -9999 -9999
-9999 -9999 18.3369 18.3444 18.3527 18.3566 18.3681 18.3769 18.3809 18.3882 18.4042 18.4257 18.4407 18.4602 18.4806 18.502 18.5241 18.5553 18.5904 18.6248 18.6501 18.6574 18.6851 18.6897 18.695 18.7113 18.732 18.7649 18.7813 18.7908 18.8224 18.8564 -9999 -9999 18.9103 18.9084 18.9137 18.9271 18.9465 18.9684 18.9805 19.002 19.0132 19.0323 19.069 19.0889 19.1172 19.1348 19.1525 19.1721 19.1808 19.1951 19.2154 19.237 19.2562 19.2774 19.2991 19.3211 19.3447 19.366 19.3881 19.4132 19.4528 19.4836 19.5141 19.5752 -9999 -9999 -9999 -9999 -9999 -9999
-9999 -9999 18.3301 18.3363 18.342 18.3527 18.3604 18.375 18.3825 18.3912 18.4018 18.4222 18.4428 18.4584 18.4788 18.4998 18.5212 18.5521 18.5842 18.6219 18.6515 18.6697 18.6902 18.7029 18.7119 18.7265 18.7414 18.7522 18.769 18.7846 18.8103 18.8447 18.8727 -9999 18.9046 18.9148 18.9174 18.9235 18.9357 18.9618 18.9728 18.9933 19.0045 19.0304 19.0615 19.0886 19.1105 19.133 19.1464 19.1633 19.176 19.1951 19.2135 19.2342 19.2551 19.2764 19.298 19.3197 19.3417 19.3639 19.3865 19.4099 19.4402 19.47 19.5107 19.5734 -9999 -9999 -9999 -9999 -9999 -9999
-9999 18.3427 18.3311 18.3331 18.3404 18.3488 18.3579 18.3683 18.3736 18.3873 18.402 18.4175 18.4439 18.463 18.4821 18.4987 18.52 18.5417 18.5685 18.6104 18.6318 18.6555 18.685 18.7014 18.7113 18.7118 18.7246 18.7449 18.7662 18.7838 18.8042 18.832 18.8713 18.8873 18.8959 18.9083 18.917 18.9198 18.929 18.9458 18.9665 18.9811 19.001 19.03 19.0576 19.0816 19.1073 19.1293 19.1505 19.1668 19.1801 19.1941 19.2128 19.233 19.254 19.2752 19.2967 19.3183 19.3402 19.3625 19.3848 19.4073 19.4295 19.4632 19.5174 19.5679 -9999 -9999 -9999 -9999 -9999 -9999
-9999 -9999 18.334 18.3402 18.3492 18.3577 18.3649 18.3722 18.3731 18.3869 18.3996 18.417 18.441 18.4686 18.4828 18.5015 18.5201 18.5411 18.5624 18.595 18.6217 18.6451 18.6737 18.6785 18.6861 18.6977 18.7123 18.7412 18.7701 18.7949 18.8275 18.8435 18.8683 18.8805 18.8927 18.8952 18.9039 18.921 18.94 18.9438 18.9594 18.9813 18.9991 19.0284 19.0527 19.0798 19.1 19.1219 19.1431 19.1782 19.1812 19.2019 19.2143 19.232 19.2526 19.2739 19.2953 19.3171 19.3391 19.3612 19.3835 19.4055 19.4307 19.4611 19.5197 19.5668 -9999 -9999 -9999 -9999 -9999 -9999
-9999 -9999 -9999 -9999 18.3516 18.3585 18.367 18.3749 18.3717 18.3835 18.3976 18.4148 18.4365 18.4635 18.4867 18.5069 18.5359 18.55 18.5597 18.578 18.5957 18.6277 18.6472 18.6518 18.6663 18.6904 18.7115 18.7324 18.7638 18.7835 18.8185 18.8492 18.8659 18.8659 18.8695 18.8718 18.8853 18.9122 18.9302 18.9428 18.955 18.9728 18.9969 19.0267 19.0504 19.0803 19.0944 19.1152 19.14 19.1641 19.1801 19.1971 19.2169 19.2312 19.251 19.2724 19.294 19.3158 19.3378 19.36 19.3833 19.4063 19.4297 19.4534 19.513 19.5706 -9999 -9999 -9999 -9999 -9999 -9999
-9999 -9999 -9999 -9999 18.3572 18.365 18.3704 18.3694 18.3699 18.3818 18.3978 18.4141 18.435 18.4618 18.4897 18.5179 18.5474 18.5632 18.5699 18.5805 18.5962 18.6261 18.6293 18.6447 18.6621 18.6898 18.7128 18.7301 18.7605 18.7819 18.8096 18.8438 18.8516 18.8598 18.867 18.8673 18.8755 18.8926 18.9197 18.9366 18.9473 18.9703 19.0002 19.0225 19.0495 19.0823 19.0929 19.1113 19.1351 19.1554 19.1737 19.1935 19.2119 19.2304 19.25 19.2713 19.2929 19.3148 19.3368 19.3594 19.3823 19.4053 19.4287 19.4524 19.4994 19.5705 -9999 -9999 -9999 -9999 -9999 -9999
-9999 -9999 -9999 -9999 -9999 18.3715 18.371 18.366 18.369 18.3839 18.3966 18.4139 18.436 18.459 18.4885 18.5215 18.5647 18.5796 18.5874 18.5886 18.5964 18.6127 18.6284 18.6493 18.6815 18.7107 18.7238 18.7376 18.7627 18.7804 18.8097 18.8155 18.8216 18.8282 18.8414 18.8631 18.8732 18.8863 18.913 18.9286 18.943 18.9702 18.9956 19.0203 19.048 19.0704 19.0917 19.1069 19.1325 19.1508 19.1682 19.1898 19.2098 19.2295 19.2491 19.2704 19.292 19.3138 19.3361 19.3585 19.3814 19.4047 19.4282 19.452 19.4778 19.5297 19.5676 -9999 -9999 -9999 -9999 -9999
-9999 -9999 -9999 -9999 -9999 18.3799 18.385 18.3773 18.3785 18.3849 18.3966 18.414 18.4384 18.4611 18.4946 18.5204 18.5619 18.5911 18.6026 18.6235 18.617 18.6118 18.627 18.6806 18.7073 18.7292 18.7376 18.7486 18.7638 18.7904 18.8102 18.8059 18.8099 18.818 18.8297 18.8483 18.8701 18.878 18.8986 18.9169 18.9411 18.9638 18.9941 19.0214 19.0402 19.067 19.0896 19.1046 19.1323 19.1474 19.1655 19.1888 19.2103 19.2279 19.2486 19.2697 19.2914 19.3133 19.3356 19.3583 19.381 19.4043 19.428 19.4517 19.4757 19.5078 19.544 19.5723 19.5916 -9999 -9999 -9999
-9999 -9999 -9999 -9999 -9999 -9999 18.4017 18.387 18.3821 18.3908 18.3983 18.4149 18.4337 18.46 18.4942 18.5268 18.566 18.6071 18.6362 18.6214 18.6096 18.61 18.6228 18.6697 18.6953 18.7076 18.7111 18.7292 18.746 18.7676 18.7866 18.8086 18.8208 18.8239 18.8329 18.8431 18.857 18.8787 18.8968 18.9159 18.9387 18.9609 18.9846 19.008 19.0379 19.0551 19.0811 19.1004 19.1231 19.1455 19.1638 19.1894 19.208 19.2269 19.2477 19.2696 19.2912 19.3131 19.3353 19.358 19.3812 19.4044 19.428 19.4518 19.4756 19.5053 19.5311 19.5623 19.5955 19.6306 -9999 -9999
-9999 -9999 -9999 -9999 -9999 -9999 18.4139 18.3999 18.3946 18.3936 18.3983 18.4108 18.4314 18.4565 18.4874 18.523 18.5559 18.599 18.6422 18.6259 18.6103 18.6092 18.6226 18.6612 18.6658 18.6843 18.6937 18.7174 18.7345 18.7438 18.7668 18.7916 18.816 18.8403 18.8355 18.8436 18.855 18.8724 18.8925 18.9143 18.9367 18.9607 18.9941 19.0085 19.0317 19.0546 19.0773 19.0993 19.1215 19.1436 19.1614 19.1831 19.2073 19.2251 19.2484 19.2697 19.2913 19.3132 19.3355 19.3581 19.3812 19.4048 19.4283 19.4521 19.476 19.5058 19.5303 19.5548 19.5804 19.6196 19.6519 19.6776
-9999 -9999 -9999 -9999 -9999 -9999 18.4499 18.4246 18.3963 18.3965 18.3968 18.4123 18.431 18.4572 18.4823 18.5135 18.5438 18.5788 18.6205 18.6525 18.6434 18.6219 18.6205 18.6317 18.6457 18.6659 18.6851 18.6986 18.711 18.7243 18.747 18.7783 18.8011 18.8247 18.8262 18.8442 18.8667 18.8689 18.8913 18.9152 18.9458 18.9751 18.9962 19.0227 19.0414 19.0696 19.0857 19.1024 19.1219 19.1433 19.1609 19.1816 19.2036 19.2271 19.2485 19.27 19.2917 19.3137 19.336 19.3587 19.3818 19.4049 19.4292 19.453 19.4766 19.5065 19.5309 19.5552 19.5791 19.6048 19.6313 19.6615
-9999 -9999 -9999 -9999 -9999 -9999 18.442 18.4155 18.4037 18.3984 18.4008 18.4161 18.4306 18.452 18.4769 18.5063 18.5377 18.5697 18.608 18.6404 18.6404 18.631 18.6283 18.6322 18.6439 18.6577 18.6726 18.6828 18.6983 18.7051 18.7291 18.7607 18.7864 18.8166 18.8161 18.8341 18.8583 18.87 18.8927 18.9303 18.9647 18.9889 19.0017 19.0309 19.0547 19.0794 19.0965 19.1054 19.1294 19.15 19.161 19.1819 19.2063 19.2276 19.2491 19.2707 19.2925 19.3145 19.3367 19.3595 19.3825 19.4058 19.4294 19.454 19.4779 19.5084 19.5319 19.556 19.5799 19.6038 19.6296 19.6521
-9999 -9999 -9999 -9999 -9999 -9999 18.4407 18.4242 18.4155 18.402 18.4033 18.4154 18.43 18.45 18.4753 18.4999 18.5267 18.557 18.5832 18.6142 18.6492 18.6357 18.6408 18.6432 18.6507 18.6556 18.6692 18.6867 18.6945 18.7059 18.7243 18.7526 18.7742 18.7992 18.8076 18.8278 18.849 18.8711 18.9058 18.9457 18.9823 18.9946 19.0193 19.0337 19.0707 19.0796 19.0919 19.1105 19.1369 19.1632 19.1647 19.1881 19.2083 19.2289 19.2499 19.2718 19.2935 19.3156 19.338 19.3606 19.3837 19.4069 19.4304 19.454 19.479 19.5096 19.534 19.5607 19.5844 19.6066 19.6295 19.6533
-9999 -9999 -9999 -9999 -9999 -9999 -9999 18.4355 18.4128 18.4023 18.4049 18.4139 18.4284 18.4481 18.4705 18.4933 18.5171 18.544 18.5723 18.6057 18.6344 18.6434 18.6483 18.6579 18.6662 18.6631 18.6713 18.694 18.7182 18.7225 18.7256 18.7433 18.7626 18.7828 18.8047 18.8264 18.8505 18.8806 18.9293 18.9558 18.9885 19.0095 19.0371 19.0437 19.0706 19.0804 19.0969 19.1167 19.1496 19.1628 19.1762 19.1928 19.2154 19.2338 19.2512 19.273 19.2949 19.3171 19.3394 19.362 19.385 19.4096 19.4331 19.4568 19.4823 19.5134 19.5385 19.5631 19.5881 19.6097 19.6324 19.6643
-9999 -9999 -9999 -9999 -9999 -9999 -9999 18.431 18.4167 18.4014 18.409 18.4172 18.4272 18.4464 18.4699 18.4932 18.5163 18.5396 18.57 18.5994 18.6278 18.6481 18.662 18.6711 18.6764 18.6686 18.679 18.6959 18.7215 18.7455 18.7445 18.747 18.7642 18.7846 18.8223 18.8386 18.869 18.9033 18.9284 18.9559 18.99 19.0061 19.0371 19.0553 19.0746 19.0897 19.1082 19.1218 19.1533 19.1687 19.183 19.1984 19.2201 19.2351 19.2545 19.2758 19.2977 19.3199 19.3423 19.3649 19.388 19.4112 19.4347 19.4585 19.4828 19.5107 19.5554 19.5793 19.5993 19.6192 19.6379 19.6672
-9999 -9999 -9999 -9999 -9999 -9999 -9999 18.4243 18.4199 18.4085 18.4051 18.4224 18.4309 18.4446 18.4683 18.4924 18.5164 18.5373 18.5687 18.6009 18.6299 18.6605 18.6747 18.6809 18.6734 18.6742 18.687 18.7055 18.7213 18.7329 18.738 18.7495 18.7662 18.7869 18.8106 18.833 18.8608 18.8848 18.9161 18.9532 18.9811 18.999 19.0375 19.0582 19.074 19.0985 19.1098 19.1265 19.161 19.172 19.1827 19.199 19.2159 19.2355 19.2566 19.2772 19.2994 19.3217 19.3441 19.3669 19.3899 19.4132 19.4367 19.4615 19.487 19.5226 19.5616 19.5844 19.6023 19.6207 19.6498 19.6706
-9999 -9999 -9999 -9999 -9999 -9999 -9999 18.4172 18.4152 18.4078 18.4107 18.4266 18.4339 18.4426 18.4628 18.487 18.5074 18.5314 18.5608 18.591 18.6219 18.6456 18.6773 18.679 18.6761 18.6796 18.6898 18.7025 18.7244 18.7335 18.7429 18.7579 18.7682 18.7876 18.8102 18.8423 18.8687 18.8871 18.9108 18.9366 18.9689 18.9912 19.0199 19.0446 19.0692 19.0957 19.1121 19.1336 19.1592 19.1632 19.1797 19.198 19.2167 19.238 19.2587 19.2789 19.3011 19.3235 19.3461 19.3689 19.392 19.4157 19.4394 19.4655 19.4938 19.5264 19.5756 19.5888 19.6013 19.6305 19.6533 19.6748
-9999 -9999 -9999 -9999 -9999 -9999 -9999 18.4168 18.4138 18.4103 18.4197 18.4368 18.4346 18.4407 18.4597 18.4811 18.5027 18.5345 18.5521 18.5727 18.6025 18.6375 18.6738 18.6888 18.6895 18.6861 18.6971 18.7162 18.7393 18.7531 18.7585 18.7656 18.7727 18.7891 18.8124 18.8512 18.8916 18.9032 18.9145 18.9359 18.9603 18.992 19.0169 19.0417 19.0708 19.1051 19.121 19.1397 19.1471 19.1654 19.1813 19.1983 19.2228 19.244 19.2611 19.2805 19.3029 19.3254 19.348 19.3709 19.3941 19.4183 19.4427 19.468 19.5043 19.5356 19.5786 19.5919 19.608 19.6398 19.6562 19.6778
-9999 -9999 -9999 -9999 -9999 -9999 -9999 18.4193 18.4222 18.4198 18.43 18.4354 18.4344 18.4436 18.4578 18.4769 18.4976 18.5221 18.5441 18.5692 18.5996 18.6344 18.6707 18.7002 18.7107 18.6975 18.7082 18.7272 18.7523 18.7612 18.7659 18.7645 18.7721 18.7901 18.811 18.835 18.87 18.9084 18.9294 18.942 18.9709 19.0011 19.0182 19.041 19.0701 19.0974 19.1182 19.1439 19.1523 19.1719 19.1869 19.1981 19.2192 19.2421 19.2599 19.2823 19.3048 19.3273 19.3501 19.373 19.3961 19.4201 19.4454 19.4772 19.508 19.5417 19.5664 19.5894 19.6171 19.6392 19.6594 19.6818
-9999 -9999 -9999 -9999 -9999 -9999 -9999 18.4263 18.4268 18.4258 18.4263 18.428 18.4321 18.45 18.4612 18.4802 18.495 18.5148 18.5388 18.5629 18.5918 18.6316 18.6676 18.705 18.7167 18.7071 18.7033 18.7308 18.7668 18.7663 18.7643 18.7645 18.7736 18.8011 18.8129 18.8338 18.8598 18.8911 18.9284 18.9495 18.9832 19.0055 19.0211 19.0411 19.0643 19.0903 19.1188 19.1412 19.1529 19.1747 19.1905 19.2046 19.2187 19.2401 19.2612 19.2839 19.3066 19.3293 19.3521 19.3752 19.3986 19.4226 19.453 19.4847 19.5133 19.5439 19.5682 19.5858 19.6173 19.6415 19.6623 19.6849
-9999 -9999 -9999 -9999 -9999 -9999 -9999 -9999 18.4247 18.4233 18.4272 18.442 18.4479 18.4598 18.4734 18.4913 18.4946 18.5126 18.5347 18.5584 18.5858 18.6204 18.6496 18.6864 18.7175 18.7238 18.7214 18.7341 18.7536 18.7635 18.7623 18.7606 18.7776 18.8102 18.8282 18.8458 18.8603 18.8843 18.9276 18.9603 18.9913 19.0065 19.0216 19.0421 19.064 19.0877 19.1166 19.1315 19.1455 19.1618 19.1834 19.2005 19.2192 19.2409 19.2629 19.2857 19.3085 19.3313 19.3545 19.3776 19.4017 19.4272 19.4584 19.501 19.5234 19.5489 19.5784 19.5983 19.6285 19.645 19.665 19.6879
-9999 -9999 -9999 -9999 -9999 -9999 -9999 -9999 18.4275 18.4231 18.4369 18.4562 18.4829 18.4985 18.4893 18.5028 18.5069 18.5117 18.5315 18.5552 18.5821 18.61 18.6431 18.6823 18.7168 18.7273 18.7232 18.7177 18.7319 18.7442 18.7506 18.7671 18.7997 18.8318 18.8447 18.8608 18.8653 18.8834 18.9079 18.9428 18.9798 19.0098 19.0226 19.0437 19.0656 19.0881 19.1163 19.1335 19.1421 19.1597 19.1791 19.2002 19.2197 19.2419 19.2647 19.2874 19.3104 19.3335 19.3571 19.3807 19.4067 19.4334 19.4697 19.5039 19.5341 19.5663 19.5703 19.5981 19.6242 19.648 19.6683 19.6916
