Test_Spring_2018b/04_18/Temp/20180420_002.txt
ncols	170
nrows	115
xllcorner	350000.000000
yllcorner	4445000.000000
cellsize	1000.000000
nodata_value	-9999.000000
[rows 32 to 63 of 115, columns 72 to 143 of 170]
13.8323 13.477 14.0253 14.5301 14.2225 14.0209 14.8498 14.8504 14.568 13.9034 13.6601 13.4078 13.2535 12.4008 10.0069 7.84882 9.00616 9.03428 8.23517 9.67025 8.91348 6.93802 4.14903 5.66693 5.27368 3.31285 2.83355 -9999 -9999 -9999 -9999 -9999 -9999 -9999 -9999 -9999 -9999 -9999 -9999 -9999 -9999 -9999 -9999 -9999 -9999 -9999 -9999 -9999 -9999 -9999 -9999 -9999 -9999 -9999 -9999 -9999 -9999 -9999 -9999 -9999 -9999 -9999 -9999 -9999 -9999 -9999 -9999 -9999 -9999 -9999 -9999 -9999
13.3486 13.1959 14.0109 13.9937 13.9466 14.2399 14.7542 14.8576 14.7479 14.4584 14.2079 13.9414 13.2641 12.2884 10.2397 7.78331 7.22676 8.43013 8.4887 8.68295 7.99351 7.12736 5.77179 6.88439 7.31744 6.02872 4.34132 3.25189 -9999 -9999 -9999 -9999 -9999 -9999 -9999 -9999 -9999 -9999 -9999 -9999 -9999 -9999 -9999 -9999 -9999 -9999 -9999 -9999 -9999 -9999 -9999 -9999 -9999 -9999 -9999 -9999 -9999 -9999 -9999 -9999 -9999 -9999 -9999 -9999 -9999 -9999 -9999 -9999 -9999 -9999 -9999 -9999
12.7731 11.9824 12.4735 12.8424 13.5313 13.7044 13.8074 14.7804 14.7295 14.6851 14.2706 13.9392 13.3897 12.4506 11.1135 9.50343 6.69956 8.42986 9.78505 9.75152 9.67861 9.07233 7.77022 8.86241 8.91524 7.27264 5.39292 4.28299 3.82519 -9999 -9999 -9999 -9999 -9999 -9999 -9999 -9999 -9999 -9999 -9999 -9999 -9999 -9999 -9999 -9999 -9999 -9999 -9999 -9999 -9999 -9999 -9999 -9999 -9999 -9999 -9999 -9999 -9999 -9999 -9999 -9999 -9999 -9999 -9999 -9999 -9999 -9999 -9999 -9999 -9999 -9999 -9999
12.12 11.1542 11.6485 12.3081 13.2414 13.7252 14.0891 14.3805 14.6776 14.6431 14.2187 12.9641 12.7854 12.7317 11.8573 10.0217 8.18853 7.71441 9.78135 10.3739 10.2548 10.7177 9.61503 10.1386 9.92638 9.34788 7.54281 5.89282 5.20919 3.8559 -9999 -9999 -9999 -9999 -9999 -9999 -9999 -9999 -9999 -9999 -9999 -9999 -9999 -9999 -9999 -9999 -9999 -9999 -9999 -9999 -9999 -9999 -9999 -9999 -9999 -9999 -9999 -9999 -9999 -9999 -9999 -9999 -9999 -9999 -9999 -9999 -9999 -9999 -9999 -9999 -9999 -9999
-9999 -9999 10.5376 11.4382 12.1793 13.0941 13.876 14.2702 14.6531 14.6227 13.7737 13.3587 13.3227 12.7499 11.7403 11.107 9.95316 8.75115 9.21194 10.975 10.193 11.4428 11.339 11.5702 10.7377 9.16789 7.06854 5.84441 5.23311 4.13691 -9999 -9999 -9999 -9999 -9999 -9999 -9999 -9999 -9999 -9999 -9999 -9999 -9999 -9999 -9999 -9999 -9999 -9999 -9999 -9999 -9999 -9999 -9999 -9999 -9999 -9999 -9999 -9999 -9999 -9999 -9999 -9999 -9999 -9999 -9999 -9999 -9999 -9999 -9999 -9999 -9999 -9999
-9999 -9999 -9999 11.2647 11.8289 13.046 13.6756 13.9316 14.5488 14.5505 14.229 13.9863 13.634 13.1739 12.4152 11.5782 10.4931 10.3937 11.522 11.5375 11.3038 11.4907 12.0717 11.9212 10.6396 8.41521 7.23997 4.86315 3.84042 3.94769 3.2231 -9999 -9999 -9999 -9999 -9999 -9999 -9999 -9999 -9999 -9999 -9999 -9999 6.04129 -9999 -9999 -9999 -9999 -9999 -9999 -9999 -9999 -9999 -9999 -9999 -9999 -9999 -9999 -9999 -9999 -9999 -9999 -9999 -9999 1.74424 -9999 -9999 -9999 -9999 -9999 -9999 -9999
-9999 -9999 11.1432 11.9018 12.4941 13.2573 13.3361 13.7868 14.4963 14.5068 14.2787 14.0209 13.4412 13.2977 12.8659 11.9571 11.772 12.1418 12.3131 12.5073 12.6279 12.5339 12.3017 12.0011 11.1791 10.1483 9.45738 7.28212 6.18411 5.1284 3.52911 2.27825 -9999 -9999 -9999 -9999 -9999 -9999 -9999 5.18049 5.12466 5.15719 5.51292 6.48744 5.92279 -9999 -9999 -9999 -9999 -9999 -9999 -9999 -9999 -9999 -9999 -9999 -9999 -9999 -9999 -9999 -9999 -9999 -9999 -9999 2.61278 1.35207 -9999 -9999 -9999 -9999 -9999 -9999
-9999 -9999 11.3381 12.1386 12.5387 13.2802 13.7045 13.9832 14.2293 14.4643 14.4248 14.1392 13.705 13.7078 13.1097 12.7877 12.5582 13.0581 13.1583 12.9603 12.7118 12.4925 11.8677 11.7979 11.6044 10.9516 9.87775 8.77087 7.18406 5.01253 2.88267 1.16487 -9999 -9999 -9999 -9999 -9999 -9999 5.34909 6.1579 6.64428 5.62257 6.50388 7.31024 7.18778 6.42249 -9999 -9999 -9999 -9999 -9999 -9999 -9999 -9999 -9999 -9999 -9999 -9999 -9999 -9999 8.58293 7.29059 4.6794 3.34114 2.53837 1.392 -9999 -9999 -9999 -9999 -9999 -9999
-9999 -9999 11.17 12.1155 12.7563 13.325 13.4165 13.9957 14.2535 14.3796 14.3644 14.3075 14.2271 13.7048 13.4803 12.6914 13.4475 13.4202 13.231 12.4766 12.1513 10.8552 10.2868 10.1694 11.2658 10.4622 8.78015 6.67618 4.1517 3.99689 3.16125 1.62602 -9999 -9999 -9999 -9999 -9999 -9999 5.58947 6.45434 7.17739 7.28664 6.27188 7.70107 7.65776 6.86758 6.6932 7.35252 7.68966 7.45718 8.2454 8.47784 8.12954 8.51838 -9999 -9999 -9999 -9999 8.75513 8.80791 8.84776 8.30939 5.45653 3.50815 1.75852 1.60094 -9999 -9999 -9999 -9999 -9999 -9999
-9999 -9999 11.8142 12.3972 12.6928 12.7416 13.2519 13.7579 14.0749 14.301 14.2546 14.2356 14.2153 14.0364 13.6214 13.6964 13.6636 13.4227 11.9842 10.3054 11.0408 10.0485 7.91515 9.66273 10.6208 9.71023 7.67152 5.30655 4.53891 4.58074 3.41768 1.91774 -9999 -9999 -9999 3.21675 4.45199 4.56144 4.92774 6.07994 6.95784 7.62439 8.07841 8.07238 7.60904 6.83678 5.99687 6.30558 7.83562 8.21339 8.54266 8.78367 8.46075 8.63193 9.04169 9.25402 9.29802 9.20302 9.18156 9.21501 9.16638 8.66361 6.11464 4.6541 3.72232 1.84994 -9999 -9999 -9999 -9999 -9999 -9999
-9999 -9999 11.438 11.9454 12.3565 13.0364 13.1092 13.5397 13.7922 14.1747 14.217 13.7724 14.1386 14.0907 14.0218 13.8765 13.6638 12.4493 10.7754 9.09793 8.32528 8.65839 7.37702 8.04825 9.01917 8.67517 7.42475 5.31845 5.02462 4.54054 2.58904 0.704291 -9999 -9999 0.814938 3.1829 4.85086 5.71236 5.98109 6.00976 7.1149 7.20591 8.39684 8.12679 6.56871 6.75215 6.15477 6.55755 7.12195 7.2819 8.09796 8.87852 9.02856 9.03526 9.29714 9.35231 9.36726 9.3612 9.18563 9.26599 9.27806 8.96428 7.11477 6.21273 5.22229 1.86551 -9999 -9999 -9999 -9999 -9999 -9999
-9999 -9999 11.6858 12.2528 12.8732 12.9747 13.4341 13.3892 13.2564 13.8955 14.1314 13.8171 13.5905 14.0055 13.9762 13.921 13.8306 12.6893 11.3691 9.36997 8.12934 7.37158 6.83545 6.12448 6.62548 6.47843 6.27957 6.51791 5.9457 4.79449 3.64982 1.50924 0.348976 -9999 0.935205 2.00405 3.98722 5.67325 6.74477 6.36323 7.61938 7.85633 8.58532 8.16767 7.22593 6.8239 6.79515 6.67792 7.52918 8.10949 8.52255 8.79559 9.13532 9.22354 9.31133 9.34874 9.36921 9.38931 9.38499 9.37796 9.33994 9.22145 8.37055 7.47279 5.52759 1.97071 -9999 -9999 -9999 -9999 -9999 -9999
-9999 10.0264 11.6131 12.5628 12.9314 13.1976 13.4319 13.6014 13.7765 13.9435 14.0575 14.0097 13.1785 13.2453 13.3937 13.8646 13.8314 13.7293 13.0083 10.5754 9.73601 8.50939 6.92059 6.26573 6.6037 7.91465 7.86145 7.00162 6.04245 4.71658 3.87512 2.56049 0.0374887 0.265171 1.40383 2.25125 3.59906 5.6594 7.10479 7.75168 7.99868 8.51128 8.78094 8.20643 7.66337 7.43866 7.01593 6.96365 6.97543 7.49334 7.90376 8.80001 9.10258 9.24362 9.31586 9.35514 9.38339 9.4105 9.41957 9.40195 9.40196 9.39402 9.33281 8.13411 5.13565 2.87531 -9999 -9999 -9999 -9999 -9999 -9999
-9999 -9999 11.3131 11.7321 11.843 12.0353 12.427 12.8781 13.5144 13.5968 13.9484 13.9469 13.2319 12.4047 13.1234 13.409 13.7056 13.7155 13.6243 11.579 10.5115 9.67237 8.14931 8.71113 9.2401 9.28545 8.97513 7.12638 5.28474 3.16207 1.17642 1.08378 0.017009 0.586018 1.33801 3.26875 4.62781 5.17969 5.57709 7.67298 8.22131 8.41351 8.95526 8.23135 8.05706 7.51645 7.68869 7.64984 7.66224 6.14999 7.68962 7.78711 8.78773 9.24321 9.34828 9.37793 9.40846 9.41349 9.41891 9.41352 9.42246 9.40775 9.39016 8.61064 4.80851 2.89743 -9999 -9999 -9999 -9999 -9999 -9999
-9999 -9999 -9999 -9999 11.4426 11.762 11.9669 12.3203 13.3991 13.6905 13.884 13.9002 13.5807 12.763 12.5468 12.6963 11.8987 12.5673 13.4818 13.4615 13.354 11.5586 10.648 11.5449 11.2798 9.93312 8.87438 7.82923 5.67255 4.09649 1.8205 0.111467 0.0487887 1.93887 3.50985 5.46338 6.32554 5.83551 6.36852 7.41102 8.5958 9.1718 9.0432 8.2799 8.18299 7.34507 8.18686 8.26784 7.89055 7.56561 7.71266 8.21221 8.40657 9.18997 9.38259 9.42022 9.4273 9.43074 9.4269 9.42144 9.41126 9.40195 9.39 9.35402 5.44562 2.40304 -9999 -9999 -9999 -9999 -9999 -9999
-9999 -9999 -9999 -9999 10.6856 10.8808 11.3911 12.699 13.381 13.6578 13.6485 13.7761 13.5508 12.8307 12.0916 11.3947 10.4966 11.0114 12.3724 13.1762 13.2706 11.6973 12.5278 12.2263 11.6265 9.86364 8.5659 7.88038 5.81025 4.03996 2.52704 0.435952 1.33341 2.32091 3.58838 5.72053 7.15871 7.75019 7.25567 7.92293 9.28566 9.29822 8.56114 8.61677 8.17506 7.0269 8.24163 8.59077 8.32759 8.40848 8.32055 8.51166 8.85221 9.17708 9.3937 9.42534 9.4305 9.42366 9.42262 9.42241 9.40614 9.40601 9.39388 9.37302 6.84995 2.33963 -9999 -9999 -9999 -9999 -9999 -9999
-9999 -9999 -9999 -9999 -9999 9.99808 11.1608 12.8969 13.325 13.2862 13.6446 13.6754 13.3298 13.0296 12.1325 10.9071 8.55407 9.15462 10.4075 12.2142 13.1656 13.0415 12.5236 11.6131 9.40181 7.46739 7.23768 6.9257 5.41643 4.05475 2.37245 3.35207 4.42412 5.59604 6.21177 6.05224 7.28469 8.28995 7.86473 8.68262 9.63754 9.21111 8.96216 8.75538 8.24316 8.22097 8.28557 8.9801 8.51703 8.81823 8.8397 8.83161 9.00105 9.19379 9.39459 9.42977 9.43171 9.43511 9.4116 9.4185 9.40591 9.39347 9.3821 9.36398 9.13504 6.70435 5.25287 -9999 -9999 -9999 -9999 -9999
-9999 -9999 -9999 -9999 -9999 8.92045 9.50092 11.5569 12.1889 13.0975 13.5799 13.602 13.0189 12.6939 11.3572 10.9237 8.7469 7.76284 8.60104 8.28332 10.7707 12.9728 12.5041 8.07227 6.47095 5.33055 5.63094 5.63944 5.22321 2.9003 2.26179 4.35109 5.66695 6.68622 7.45912 7.62031 7.5938 9.16564 9.37649 9.88951 9.78206 9.83418 9.04675 8.56291 9.00267 8.51727 8.44264 9.15971 8.47392 9.11383 9.05373 8.87309 8.87057 9.29144 9.38008 9.42743 9.4317 9.41556 9.39372 9.38116 9.39333 9.3858 9.36167 9.36196 9.33881 9.04735 7.79056 7.35163 7.83898 -9999 -9999 -9999
-9999 -9999 -9999 -9999 -9999 -9999 7.57839 10.4354 11.7375 12.4238 13.3895 13.506 13.1956 12.6336 11.2724 10.0754 8.12961 5.90774 4.73378 8.25965 11.3294 12.9337 12.7331 9.04483 7.5928 7.53109 8.39554 7.67671 7.13256 5.3691 4.84382 4.11147 4.56709 5.98738 7.1474 8.26558 9.07844 9.14499 9.67293 9.98039 10.0087 10.1082 10.0207 9.95147 9.19646 9.7345 9.29534 9.54357 9.40039 9.27204 9.16713 8.7373 9.05409 9.33426 9.40954 9.43448 9.41922 9.41546 9.40293 9.37555 9.3644 9.3614 9.35774 9.34287 9.34214 9.32597 9.18507 8.42927 7.41765 6.13969 -9999 -9999
-9999 -9999 -9999 -9999 -9999 -9999 6.1456 8.98866 10.3554 12.1191 13.0258 13.3945 13.3461 12.8908 11.8566 10.3 9.00364 6.52324 3.94816 7.64887 10.9488 12.7302 12.8287 9.73552 10.6017 9.91185 10.1982 8.93031 8.40657 7.99561 7.08526 6.08871 4.99732 4.42122 7.02385 8.36031 9.43568 9.94294 10.2301 10.3744 10.3023 10.1142 8.96424 9.85161 9.81485 9.73566 9.64417 9.60497 9.5234 9.42552 9.37606 9.36141 9.0775 9.41397 9.41019 9.41715 9.41995 9.41145 9.39421 9.3783 9.35857 9.3599 9.34868 9.33657 9.32826 9.32173 9.31233 9.27104 9.07073 7.35426 6.32811 6.04465
-9999 -9999 -9999 -9999 -9999 -9999 2.14564 6.28148 9.60043 11.337 12.7504 13.1389 13.2841 12.6734 12.2166 11.101 10.0448 8.41546 5.9749 4.47314 7.24559 11.2735 12.7647 12.6599 12.5722 11.7734 11.0541 10.9678 11.0273 10.191 8.96555 7.36281 6.86536 6.30409 8.24302 8.50654 8.36539 10.4965 10.5021 10.3821 9.56883 8.66311 8.84078 8.28682 8.72933 8.06368 8.6913 9.23532 9.44416 9.43646 9.37904 9.37912 9.35331 9.4154 9.41805 9.41127 9.4055 9.40194 9.39329 9.36718 9.35133 9.35832 9.34416 9.3305 9.31946 9.31541 9.31074 9.28021 9.25276 8.98943 8.59333 7.84116
-9999 -9999 -9999 -9999 -9999 -9999 2.31537 5.79014 8.74134 10.5118 12.2137 12.6089 13.1833 13.0596 12.5813 11.6117 10.4004 9.05959 6.96593 5.41056 7.2644 9.94119 11.858 12.5552 12.5564 12.5153 12.3383 12.2672 12.0603 11.9167 11.039 9.52666 8.67174 7.41897 9.57986 9.82298 9.48571 10.5641 10.5108 8.88206 7.63068 7.47721 8.25061 7.52849 7.40998 6.96973 7.48905 8.86826 8.47721 8.56454 9.19976 9.30881 9.38018 9.40232 9.40145 9.4009 9.39174 9.3938 9.395 9.36966 9.35699 9.34985 9.32466 9.32467 9.30765 9.29315 9.28426 9.26796 9.24296 9.16853 9.08505 9.17645
-9999 -9999 -9999 -9999 -9999 -9999 2.37702 4.71537 7.37124 9.97779 11.7952 12.5286 13.0626 13.0572 12.5013 12.0195 11.2604 10.0808 9.2723 7.86822 5.94115 9.17728 10.1742 11.0705 11.4455 12.3728 12.355 11.937 11.4555 11.9148 11.7864 10.5885 10.1959 9.53098 10.7335 10.7372 10.7046 10.641 9.26485 7.3521 5.8241 6.92774 6.70118 7.21715 5.66052 6.9559 8.00008 8.34417 7.65274 7.13738 8.76724 9.04179 9.20611 9.3124 9.3828 9.36906 9.38715 9.3784 9.3737 9.36796 9.35319 9.34369 9.32852 9.31317 9.30522 9.29264 9.27421 9.24917 9.24823 9.21149 9.19671 9.1878
-9999 -9999 -9999 -9999 -9999 -9999 -9999 3.32463 6.6911 9.69691 11.3707 12.4235 12.9366 12.9277 12.6437 12.3167 11.8461 10.9952 9.92643 8.23736 6.98418 7.7827 8.75956 8.88072 9.53102 11.4096 12.0542 11.1509 8.91361 10.2448 11.725 11.7038 11.5801 11.441 11.2624 11.101 10.7461 9.79411 6.87567 6.30244 5.15925 5.29215 4.70809 6.00257 5.53208 6.85652 7.43444 7.65704 6.44518 6.71704 8.15741 8.73003 8.64101 8.99334 9.33132 9.34481 9.35616 9.34867 9.35631 9.35895 9.35307 9.33539 9.32371 9.31507 9.29502 9.29544 9.18703 9.11697 8.97476 9.15278 9.17093 9.18429
-9999 -9999 -9999 -9999 -9999 -9999 -9999 2.64696 6.00672 9.5464 10.6834 11.8184 12.7979 12.8175 12.3834 11.9705 11.5453 11.0613 9.76475 8.50781 7.30817 6.90688 7.15115 7.14678 8.19604 10.6418 11.1185 10.9207 8.58716 7.79718 9.77344 11.4345 11.5674 11.419 9.46905 9.88625 8.83484 7.40838 7.01702 6.39396 5.07559 5.71417 4.75023 5.16908 5.07493 5.82893 6.19985 7.09628 6.04034 6.05874 7.47298 8.18763 8.21023 8.95893 9.22796 9.30044 9.32018 9.33433 9.33858 9.3509 9.34436 9.33358 9.31925 9.28397 9.19972 8.94746 7.53359 7.53617 7.92479 8.29283 8.96715 9.15386
-9999 -9999 -9999 -9999 -9999 -9999 -9999 3.02646 5.3581 8.49895 10.8257 10.9725 12.104 12.6883 12.2163 11.6847 11.1409 10.9037 9.49263 7.94276 6.69104 5.20944 5.45591 6.52343 8.28103 9.86185 10.1474 9.82485 8.5791 9.17555 10.5241 11.2413 11.4543 11.2905 10.8673 10.6234 9.84969 9.51534 8.44039 6.75883 6.09813 6.521 4.73699 4.86582 5.53122 4.84703 6.01008 6.56977 5.20367 6.30989 7.55865 8.19933 8.75969 9.02684 9.13523 9.29898 9.3056 9.32097 9.32971 9.32836 9.32901 9.3035 9.28241 9.13298 8.91245 7.59675 7.05534 7.16388 7.77358 8.30775 8.87097 9.10003
-9999 -9999 -9999 -9999 -9999 -9999 -9999 3.41449 5.51378 8.23714 9.89618 10.1935 11.4482 12.564 12.44 11.887 11.7191 11.1461 9.94959 8.62803 7.18365 6.48248 4.8685 6.46172 7.73605 9.07497 9.70308 8.68169 8.16645 9.0871 10.0022 10.3692 11.293 11.2864 10.988 9.69516 9.06566 9.33442 9.06521 8.59244 7.43608 7.38738 6.64626 6.34169 6.05467 5.12648 5.73506 5.80072 5.97406 7.29405 7.94608 8.37975 8.77426 8.88056 9.05364 9.27673 9.29855 9.30843 9.309 9.31435 9.29914 9.23734 9.18531 8.8845 8.35144 7.35612 5.74931 6.88864 8.08009 8.43534 8.78821 8.96864
-9999 -9999 -9999 -9999 -9999 -9999 -9999 3.04753 5.27748 7.60503 8.57853 8.74433 11.0145 12.4049 12.4079 12.1461 11.8403 10.4237 10.508 10.2257 8.92293 7.02477 4.94011 5.13789 6.39332 8.16356 8.75022 7.05453 6.45442 6.90077 8.28294 9.5203 10.812 11.1417 10.7654 8.75197 6.61212 7.60759 8.67124 8.66777 8.35901 7.28719 6.94923 6.64398 5.86387 4.54619 4.75365 5.12778 6.62958 7.10388 7.83391 8.44072 8.21754 8.35405 8.93366 9.26721 9.28212 9.29008 9.30269 9.29654 9.27803 9.15442 9.0234 8.8028 7.41184 6.54744 5.28757 6.76272 7.57533 8.01369 8.78704 8.97197
-9999 -9999 -9999 -9999 -9999 -9999 -9999 2.34788 3.96621 6.19084 7.08774 8.51807 10.6634 11.7189 12.2252 12.2148 12.0113 11.3775 10.997 10.2462 8.89078 7.03714 4.97664 3.63603 4.32058 6.71046 7.28095 5.71169 4.91406 5.91342 7.38607 9.5653 10.8113 10.9814 10.8709 10.4574 8.8957 7.00854 7.01729 7.96742 7.17734 6.25888 6.76909 6.67898 5.90864 5.34967 5.02459 5.24909 6.10721 6.46152 7.30386 8.5448 8.72574 8.69408 9.21794 9.24677 9.26136 9.28313 9.28435 9.28118 9.267 9.16668 8.94022 8.01498 7.20835 6.08569 5.94822 7.26132 7.83231 8.37018 8.74998 8.87422
-9999 -9999 -9999 -9999 -9999 -9999 -9999 1.15004 3.05384 5.13773 7.089 8.93513 10.5241 10.6474 11.4859 11.4855 11.9253 11.8005 11.2131 10.581 9.41341 7.03175 5.02947 2.84576 3.42384 5.8572 6.18753 5.13565 3.19 5.204 7.42468 9.43742 10.5279 9.67667 10.5532 10.4834 9.89954 8.77705 7.03069 7.06639 5.75871 5.70484 6.38133 6.60352 6.49539 6.07679 5.41211 5.5466 6.07173 6.20677 6.981 7.94437 8.88601 9.04692 9.22884 9.23923 9.24458 9.26138 9.26522 9.24747 9.20115 9.0964 8.32121 7.39902 6.83158 6.05006 5.95679 7.46166 8.07116 8.41172 8.74006 8.87013
-9999 -9999 -9999 -9999 -9999 -9999 -9999 -9999 2.84891 5.00164 6.59469 7.02396 8.43631 9.19919 9.78972 9.92114 11.6054 11.6991 11.3272 10.7466 9.75099 7.94411 6.68576 4.59121 3.08624 3.72342 4.02008 4.57623 4.41528 5.31463 7.4485 9.67146 9.91566 8.50664 8.71747 9.01462 9.67828 9.34486 6.96447 5.75651 4.75454 5.47155 6.22595 6.4114 6.45176 6.31105 6.16016 5.89212 6.90078 7.64807 7.82426 8.4759 8.95769 9.09292 9.19532 9.21024 9.22515 9.22758 9.2018 9.18356 9.06539 8.7982 7.93113 5.84334 5.94278 5.71866 5.07058 6.54163 7.48352 8.31439 8.7563 8.87102
-9999 -9999 -9999 -9999 -9999 -9999 -9999 -9999 2.12243 4.613 5.13929 5.10049 4.27631 4.65626 7.71336 8.32944 9.9447 11.4744 11.3632 10.7937 9.86226 8.78677 7.12093 4.76505 2.89352 2.11442 4.14206 6.12686 6.53784 7.17196 8.48015 8.7302 7.29 5.93951 6.70043 7.15953 8.90385 9.22398 8.88768 7.45464 5.81607 4.9624 5.97736 6.11628 6.18093 6.19707 6.17647 6.15093 7.29726 7.92789 8.36634 8.60649 9.02052 9.12864 9.16505 9.19927 9.19422 9.17527 9.11252 9.04081 8.71798 8.32674 6.9055 5.72096 4.98311 4.046 6.16496 6.79452 7.67092 8.24336 8.68311 8.78024
