Test_Spring_2018b/04_18/Temp/20180410_019.txt
ncols	170
nrows	115
xllcorner	350000.000000
yllcorner	4445000.000000
cellsize	1000.000000
nodata_value	-9999.000000
[rows 32 to 63 of 115, columns 72 to 143 of 170]
15.3172 15.2024 15.4101 15.6023 15.5009 15.4287 15.7359 15.7471 15.6572 15.4309 15.3551 15.2762 15.2324 14.939 14.095 13.3352 13.7594 13.78 13.5049 14.0274 13.7668 13.0706 12.0836 12.6346 12.5028 11.799 11.6283 -9999 -9999 -9999 -9999 -9999 -9999 -9999 -9999 -9999 -9999 -9999 -9999 -9999 -9999 -9999 -9999 -9999 -9999 -9999 -9999 -9999 -9999 -9999 -9999 -9999 -9999 -9999 -9999 -9999 -9999 -9999 -9999 -9999 -9999 -9999 -9999 -9999 -9999 -9999 -9999 -9999 -9999 -9999 -9999 -9999
15.1424 15.1 15.4031 15.4089 15.3987 15.5049 15.6998 15.7476 15.7194 15.627 15.5487 15.4646 15.2338 14.8964 14.1757 13.3092 13.1211 13.5614 13.5925 13.6718 13.4351 13.135 12.6598 13.0659 13.2292 12.7708 12.1625 11.7746 -9999 -9999 -9999 -9999 -9999 -9999 -9999 -9999 -9999 -9999 -9999 -9999 -9999 -9999 -9999 -9999 -9999 -9999 -9999 -9999 -9999 -9999 -9999 -9999 -9999 -9999 -9999 -9999 -9999 -9999 -9999 -9999 -9999 -9999 -9999 -9999 -9999 -9999 -9999 -9999 -9999 -9999 -9999 -9999
14.9351 14.6648 14.8523 14.9959 15.2376 15.3121 15.3597 15.7181 15.7109 15.7061 15.569 15.4618 15.2766 14.9522 14.4855 13.9213 12.9304 13.5588 14.0529 14.0507 14.0341 13.8267 13.3704 13.7691 13.7962 13.2034 12.5265 12.1382 11.983 -9999 -9999 -9999 -9999 -9999 -9999 -9999 -9999 -9999 -9999 -9999 -9999 -9999 -9999 -9999 -9999 -9999 -9999 -9999 -9999 -9999 -9999 -9999 -9999 -9999 -9999 -9999 -9999 -9999 -9999 -9999 -9999 -9999 -9999 -9999 -9999 -9999 -9999 -9999 -9999 -9999 -9999 -9999
14.7002 14.3674 14.556 14.8035 15.1366 15.3165 15.4586 15.5735 15.6906 15.6892 15.5487 15.1117 15.0589 15.0507 14.7493 14.1044 13.4602 13.3011 14.0494 14.2707 14.2374 14.4117 14.0264 14.2216 14.1538 13.9461 13.2971 12.7085 12.4722 11.997 -9999 -9999 -9999 -9999 -9999 -9999 -9999 -9999 -9999 -9999 -9999 -9999 -9999 -9999 -9999 -9999 -9999 -9999 -9999 -9999 -9999 -9999 -9999 -9999 -9999 -9999 -9999 -9999 -9999 -9999 -9999 -9999 -9999 -9999 -9999 -9999 -9999 -9999 -9999 -9999 -9999 -9999
-9999 -9999 14.1578 14.4797 14.7561 15.0895 15.3809 15.5325 15.6802 15.6803 15.3881 15.2509 15.2492 15.0556 14.7059 14.4905 14.0889 13.6698 13.8442 14.4835 14.2132 14.6683 14.6394 14.7299 14.44 13.8713 13.1237 12.6865 12.4755 12.0916 -9999 -9999 -9999 -9999 -9999 -9999 -9999 -9999 -9999 -9999 -9999 -9999 -9999 -9999 -9999 -9999 -9999 -9999 -9999 -9999 -9999 -9999 -9999 -9999 -9999 -9999 -9999 -9999 -9999 -9999 -9999 -9999 -9999 -9999 -9999 -9999 -9999 -9999 -9999 -9999 -9999 -9999
-9999 -9999 -9999 14.4164 14.6294 15.0751 15.3078 15.4101 15.6414 15.653 15.5492 15.4737 15.359 15.2058 14.9458 14.6576 14.2806 14.2553 14.6681 14.6829 14.6083 14.6834 14.8988 14.8524 14.3933 13.5988 13.1853 12.3312 11.9727 12.018 11.7666 -9999 -9999 -9999 -9999 -9999 -9999 -9999 -9999 -9999 -9999 -9999 -9999 12.91 -9999 -9999 -9999 -9999 -9999 -9999 -9999 -9999 -9999 -9999 -9999 -9999 -9999 -9999 -9999 -9999 -9999 -9999 -9999 -9999 11.6474 -9999 -9999 -9999 -9999 -9999 -9999 -9999
-9999 -9999 14.3716 14.6434 14.8657 15.1491 15.1842 15.357 15.6212 15.636 15.5657 15.4848 15.2891 15.2491 15.106 14.7923 14.7367 14.879 14.9499 15.0284 15.0801 15.0545 14.9789 14.8784 14.5769 14.2144 13.973 13.1978 12.8043 12.4335 11.8691 11.4296 -9999 -9999 -9999 -9999 -9999 -9999 -9999 12.5478 12.5401 12.564 12.7033 13.0635 12.8736 -9999 -9999 -9999 -9999 -9999 -9999 -9999 -9999 -9999 -9999 -9999 -9999 -9999 -9999 -9999 -9999 -9999 -9999 -9999 11.9532 11.5203 -9999 -9999 -9999 -9999 -9999 -9999
-9999 -9999 14.4304 14.7269 14.8804 15.1559 15.3181 15.4258 15.5246 15.6196 15.6167 15.5261 15.3825 15.3949 15.1926 15.0887 15.0174 15.2062 15.2516 15.1899 15.1094 15.0386 14.8223 14.8036 14.7264 14.498 14.119 13.7282 13.1559 12.3858 11.6312 11.0243 -9999 -9999 -9999 -9999 -9999 -9999 12.588 12.8894 13.0759 12.7237 13.0512 13.3517 13.3201 13.0537 -9999 -9999 -9999 -9999 -9999 -9999 -9999 -9999 -9999 -9999 -9999 -9999 -9999 -9999 14.0134 13.5679 12.652 12.1912 11.922 11.5304 -9999 -9999 -9999 -9999 -9999 -9999
-9999 -9999 14.3697 14.7178 14.957 15.1706 15.2139 15.4325 15.532 15.5882 15.5942 15.5854 15.5684 15.3936 15.3249 15.0544 15.3353 15.3359 15.2779 15.0173 14.9091 14.4533 14.2565 14.2076 14.6034 14.3202 13.7229 12.9749 12.0697 12.0167 11.7235 11.1812 -9999 -9999 -9999 -9999 -9999 -9999 12.666 12.9879 13.2594 13.3117 12.9624 13.4858 13.478 13.2082 13.158 13.4051 13.5368 13.4564 13.7557 13.8502 13.7373 13.8879 -9999 -9999 -9999 -9999 14.0377 14.0716 14.1016 13.9257 12.9239 12.2456 11.6387 11.5968 -9999 -9999 -9999 -9999 -9999 -9999
-9999 -9999 14.5993 14.8176 14.9333 14.961 15.1537 15.3461 15.4671 15.5614 15.5563 15.5612 15.5659 15.5139 15.3775 15.4159 15.4153 15.3398 14.8359 14.2452 14.516 14.165 13.4045 14.0258 14.3712 14.0488 13.323 12.4807 12.202 12.2187 11.8078 11.2784 -9999 -9999 -9999 11.7756 12.228 12.2794 12.4232 12.8484 13.1758 13.4261 13.602 13.6055 13.4562 13.193 12.9051 13.027 13.5847 13.7304 13.857 13.9543 13.8501 13.9244 14.0823 14.1702 14.1986 14.1781 14.1847 14.2118 14.2104 14.0476 13.1531 12.6495 12.3353 11.6986 -9999 -9999 -9999 -9999 -9999 -9999
-9999 -9999 14.4649 14.6561 14.8129 15.0673 15.1037 15.2681 15.37 15.5152 15.5419 15.3951 15.538 15.5332 15.5207 15.4807 15.4161 14.993 14.405 13.8147 13.5466 13.6692 13.2166 13.4536 13.8032 13.6765 13.2301 12.4795 12.3765 12.1997 11.5055 10.8372 -9999 -9999 10.8989 11.7548 12.362 12.6823 12.7919 12.8163 13.2255 13.2726 13.7122 13.623 13.0827 13.1611 12.9577 13.1131 13.3277 13.3954 13.6905 13.9851 14.0494 14.0627 14.1674 14.1988 14.2165 14.2276 14.1792 14.2231 14.2437 14.1487 13.5061 13.2025 12.8642 11.7003 -9999 -9999 -9999 -9999 -9999 -9999
-9999 -9999 14.5545 14.7669 14.9985 15.0448 15.2192 15.213 15.1771 15.4165 15.5104 15.4103 15.3419 15.5027 15.5047 15.4972 15.4765 15.0798 14.6181 13.9129 13.4774 13.2103 13.0234 12.7639 12.9449 12.8939 12.8238 12.9098 12.6998 12.2841 11.878 11.1171 10.7083 -9999 10.9333 11.3253 12.0453 12.6606 13.0574 12.9359 13.3997 13.4994 13.7689 13.6337 13.3138 13.1849 13.187 13.1567 13.4717 13.6871 13.8383 13.9464 14.0824 14.1243 14.1664 14.1911 14.2105 14.2308 14.2435 14.2563 14.2593 14.2345 13.9489 13.6441 12.969 11.7335 -9999 -9999 -9999 -9999 -9999 -9999
-9999 13.9589 14.528 14.8769 15.0183 15.1233 15.2171 15.2881 15.3622 15.4323 15.4847 15.4784 15.1943 15.231 15.2969 15.4776 15.4777 15.4523 15.2047 14.3445 14.0502 13.6149 13.0513 12.8141 12.936 13.4048 13.3858 13.0784 12.7355 12.2568 11.9518 11.4856 10.5895 10.6776 11.0928 11.4057 11.8991 12.6485 13.1793 13.4257 13.5297 13.7238 13.835 13.6457 13.4683 13.4013 13.2628 13.2557 13.2707 13.4657 13.6161 13.9442 14.0625 14.1263 14.1624 14.1874 14.2093 14.232 14.2494 14.2585 14.2753 14.2903 14.2844 13.8757 12.8224 12.049 -9999 -9999 -9999 -9999 -9999 -9999
-9999 -9999 14.4202 14.5793 14.6285 14.707 14.8569 15.0285 15.2672 15.3078 15.4451 15.4563 15.2129 14.9306 15.2004 15.3152 15.4333 15.4482 15.4257 14.7008 14.3259 14.031 13.4904 13.6873 13.8766 13.8925 13.7808 13.1192 12.4603 11.6962 10.9877 10.9565 10.5754 10.7853 11.0624 11.7623 12.26 12.4709 12.6279 13.3923 13.6011 13.6864 13.8953 13.6516 13.6061 13.4264 13.5004 13.498 13.5131 12.9828 13.5365 13.5811 13.9481 14.1191 14.1691 14.1903 14.2128 14.2273 14.2434 14.257 14.2771 14.2879 14.2991 14.04 12.702 12.0533 -9999 -9999 -9999 -9999 -9999 -9999
-9999 -9999 -9999 -9999 14.4844 14.6082 14.6913 14.8279 15.2246 15.3399 15.4208 15.4388 15.3375 15.0581 14.9942 15.0607 14.7882 15.0376 15.3734 15.374 15.3418 14.705 14.3777 14.6989 14.6041 14.1221 13.7424 13.3672 12.5949 12.0256 11.2127 10.6038 10.5846 11.265 11.8325 12.5407 12.8611 12.7001 12.9059 13.2931 13.7324 13.9542 13.924 13.6664 13.6486 13.3629 13.6761 13.7165 13.5922 13.4857 13.5421 13.73 13.8087 14.098 14.1766 14.201 14.2149 14.2288 14.2415 14.2552 14.2668 14.281 14.2954 14.3022 12.9265 11.8735 -9999 -9999 -9999 -9999 -9999 -9999
-9999 -9999 -9999 -9999 14.2129 14.2923 14.4844 14.9619 15.2169 15.3269 15.3354 15.3934 15.3258 15.0817 14.831 14.5953 14.2866 14.4815 14.9771 15.2721 15.3118 14.7542 15.0486 14.9415 14.7268 14.0958 13.6302 13.383 12.6413 12.0023 11.4616 10.7158 11.0393 11.3972 11.8575 12.6288 13.155 13.3806 13.2189 13.4732 13.9763 13.997 13.7496 13.7846 13.6438 13.2474 13.6938 13.8299 13.7463 13.7847 13.7571 13.8347 13.9654 14.0907 14.1777 14.1994 14.2128 14.2229 14.2366 14.2513 14.262 14.2796 14.294 14.3063 13.4256 11.8483 -9999 -9999 -9999 -9999 -9999 -9999
-9999 -9999 -9999 -9999 -9999 13.9758 14.401 15.0314 15.1957 15.193 15.3328 15.3562 15.2456 15.1516 14.8445 14.42 13.5918 13.8173 14.2743 14.9274 15.2733 15.2333 15.0461 14.7214 13.9309 13.2385 13.1543 13.0404 12.4989 12.0057 11.4044 11.7554 12.1412 12.5649 12.7924 12.7455 13.1981 13.5713 13.4347 13.7428 14.1003 13.9643 13.8913 13.8326 13.6667 13.6724 13.708 13.9675 13.8125 13.9295 13.941 13.9474 14.017 14.095 14.1763 14.1992 14.2113 14.2251 14.2305 14.2481 14.2601 14.2733 14.288 14.3012 14.2399 13.4053 12.91 -9999 -9999 -9999 -9999 -9999
-9999 -9999 -9999 -9999 -9999 13.5897 13.807 14.5517 14.7888 15.1245 15.3085 15.3288 15.1333 15.0299 14.5658 14.4241 13.659 13.3182 13.6271 13.5215 14.416 15.207 15.0373 13.4551 12.8827 12.4741 12.5794 12.5802 12.4293 11.5929 11.3646 12.1121 12.5851 12.9544 13.238 13.3055 13.3085 13.8842 13.9742 14.1733 14.1512 14.1861 13.9206 13.7629 13.9369 13.7772 13.7631 14.0306 13.7961 14.0342 14.0165 13.9613 13.9696 14.1292 14.1705 14.1978 14.2104 14.2174 14.2234 14.2341 14.2549 14.2697 14.2798 14.2995 14.3115 14.2409 13.8149 13.6809 13.8773 -9999 -9999 -9999
-9999 -9999 -9999 -9999 -9999 -9999 13.1192 14.1501 14.6266 14.8829 15.2395 15.2933 15.1934 15.0062 14.5333 14.1187 13.4359 12.6535 12.2429 13.5102 14.6129 15.1905 15.1168 13.8005 13.2819 13.259 13.5663 13.3078 13.1117 12.4756 12.2882 12.0282 12.1943 12.7052 13.1282 13.5378 13.8405 13.8784 14.0824 14.2062 14.2323 14.2838 14.2682 14.2584 14.0056 14.2113 14.067 14.1671 14.1265 14.0903 14.0567 13.9127 14.0352 14.1447 14.1815 14.1998 14.2063 14.2177 14.2271 14.2322 14.2449 14.2612 14.2783 14.2923 14.3121 14.3398 14.312 14.0644 13.7252 13.2902 -9999 -9999
-9999 -9999 -9999 -9999 -9999 -9999 12.6064 13.6324 14.1321 14.7732 15.1075 15.2495 15.2452 15.0957 14.7394 14.1961 13.745 12.8701 11.9602 13.2896 14.4737 15.1149 15.1535 14.0451 14.3551 14.1085 14.2101 13.7563 13.5682 13.4157 13.0914 12.7376 12.3486 12.1498 13.0877 13.5753 13.9715 14.1664 14.2841 14.3515 14.3378 14.2865 13.8911 14.2227 14.2264 14.2115 14.1913 14.1889 14.1704 14.1454 14.1316 14.1361 14.0444 14.1722 14.1808 14.1947 14.2077 14.2175 14.2252 14.2344 14.2432 14.259 14.2758 14.2904 14.307 14.3381 14.3567 14.3639 14.3139 13.722 13.376 13.2969
-9999 -9999 -9999 -9999 -9999 -9999 11.1768 12.6646 13.86 14.4916 15.0052 15.1564 15.221 15.0156 14.8652 14.4791 14.1135 13.5424 12.6805 12.1526 13.1486 14.5926 15.128 15.0873 15.0574 14.7728 14.5161 14.4852 14.5065 14.2027 13.7623 13.1931 13.0211 12.8272 13.528 13.6323 13.5938 14.3684 14.3849 14.3575 14.0828 13.769 13.8474 13.6643 13.8389 13.6145 13.8511 14.0571 14.1425 14.15 14.1334 14.1401 14.1414 14.1731 14.1851 14.1942 14.2044 14.2161 14.2269 14.2323 14.2424 14.2614 14.2718 14.2848 14.304 14.336 14.3557 14.366 14.3772 14.3038 14.1825 13.9358
-9999 -9999 -9999 -9999 -9999 -9999 11.2347 12.4875 13.5525 14.1923 14.812 14.9653 15.1829 15.1511 14.9926 14.6583 14.2371 13.7689 13.0308 12.4838 13.1534 14.1136 14.8027 15.0483 15.0505 15.0374 14.9754 14.9466 14.8736 14.8178 14.507 13.9715 13.6715 13.231 14.0113 14.1082 13.9994 14.3975 14.3925 13.8255 13.3937 13.3541 13.6378 13.3939 13.3681 13.2242 13.4222 13.9265 13.7939 13.8357 14.0665 14.1164 14.151 14.17 14.1811 14.1927 14.2018 14.2156 14.2299 14.2356 14.2465 14.2602 14.2682 14.2835 14.2955 14.3243 14.3458 14.3605 14.372 14.3655 14.3569 14.4115
-9999 -9999 -9999 -9999 -9999 -9999 11.2559 12.103 13.0626 14.0003 14.6612 14.935 15.1378 15.148 14.9614 14.801 14.541 14.1302 13.8511 13.3583 12.6776 13.84 14.1988 14.516 14.6495 14.9824 14.9774 14.8294 14.6541 14.8209 14.7789 14.3559 14.2216 13.9914 14.4295 14.4409 14.4406 14.4304 13.9524 13.2833 12.7521 13.1608 13.0943 13.2839 12.7443 13.2157 13.6011 13.7358 13.5006 13.3275 13.9135 14.0205 14.0905 14.1398 14.1766 14.1838 14.2028 14.2128 14.225 14.2375 14.2475 14.26 14.2711 14.2827 14.2949 14.3246 14.3378 14.3495 14.3694 14.3798 14.3938 14.4123
-9999 -9999 -9999 -9999 -9999 -9999 -9999 11.6057 12.8137 13.8986 14.5079 14.8956 15.0907 15.0993 15.0095 14.904 14.7468 14.4531 14.0808 13.4861 13.0461 13.338 13.6893 13.7294 13.9649 14.6386 14.8713 14.551 13.7473 14.226 14.7591 14.7569 14.7192 14.6771 14.6247 14.5771 14.4615 14.1336 13.1041 12.9099 12.5153 12.5765 12.3816 12.8473 12.6957 13.1815 13.4003 13.4917 13.0704 13.1705 13.6937 13.9098 13.8896 14.0271 14.1607 14.1777 14.1945 14.205 14.2216 14.2369 14.2498 14.2583 14.2703 14.2837 14.2909 14.3262 14.3068 14.3011 14.2697 14.3526 14.3781 14.4123
-9999 -9999 -9999 -9999 -9999 -9999 -9999 11.3573 12.5684 13.8439 14.2614 14.6783 15.0397 15.0582 14.9145 14.7781 14.6369 14.4741 14.0205 13.5802 13.1596 13.0233 13.1166 13.1088 13.4877 14.3649 14.5385 14.4712 13.6332 13.3556 14.0667 14.666 14.7203 14.6752 13.9876 14.1466 13.7819 13.2842 13.1568 12.9471 12.4894 12.7307 12.3996 12.5622 12.534 12.816 12.9608 13.293 12.9275 12.9371 13.4508 13.7179 13.7378 14.0172 14.1254 14.1637 14.1836 14.2019 14.2172 14.2358 14.2483 14.2596 14.2702 14.2736 14.2599 14.1838 13.7156 13.7352 13.8926 14.0426 14.305 14.3985
-9999 -9999 -9999 -9999 -9999 -9999 -9999 11.4921 12.336 13.4691 14.3114 14.3753 14.7908 15.0108 14.8533 14.6743 14.4906 14.4159 13.9214 13.3766 12.9376 12.4157 12.5103 12.8975 13.518 14.0871 14.1933 14.0823 13.6333 13.8517 14.3392 14.6019 14.6853 14.635 14.4929 14.4157 14.15 14.042 13.6701 13.0819 12.8586 13.0224 12.398 12.4566 12.7067 12.467 12.8947 13.1067 12.6306 13.0251 13.4832 13.724 13.9362 14.0438 14.0948 14.1659 14.1812 14.1999 14.2167 14.2303 14.245 14.2507 14.2584 14.2205 14.1575 13.7036 13.544 13.6006 13.8363 14.0449 14.2767 14.376
-9999 -9999 -9999 -9999 -9999 -9999 -9999 11.6301 12.3911 13.3751 13.979 14.0965 14.556 14.9656 14.9323 14.7456 14.696 14.5013 14.0834 13.6202 13.1126 12.8697 12.3002 12.8756 13.3236 13.807 14.0363 13.6673 13.4888 13.8236 14.1569 14.2951 14.6327 14.6388 14.5414 14.0895 13.8753 13.9824 13.898 13.7411 13.3404 13.3354 13.0831 12.9866 12.8963 12.5686 12.7984 12.834 12.9035 13.3783 13.6234 13.7905 13.9437 13.994 14.0683 14.1606 14.1814 14.1981 14.2118 14.2276 14.2363 14.2287 14.2249 14.1324 13.9572 13.617 13.0765 13.5005 13.9432 14.0973 14.244 14.3255
-9999 -9999 -9999 -9999 -9999 -9999 -9999 11.4987 12.3065 13.1492 13.5083 13.5788 14.4009 14.9086 14.9206 14.8377 14.7388 14.2428 14.2823 14.1904 13.7335 13.0633 12.326 12.4034 12.8496 13.4827 13.6978 13.0883 12.8801 13.046 13.5466 13.9961 14.4655 14.5919 14.4668 13.7576 13.0038 13.3703 13.7616 13.7721 13.6738 13.303 13.1944 13.0975 12.8308 12.3748 12.4497 12.5956 13.1304 13.3122 13.5853 13.8144 13.7471 13.8084 14.028 14.1598 14.1781 14.1941 14.212 14.2234 14.2307 14.2006 14.168 14.1037 13.6214 13.3274 12.9121 13.4535 13.7601 13.9473 14.2402 14.3228
-9999 -9999 -9999 -9999 -9999 -9999 -9999 11.2487 11.8383 12.6443 12.9761 13.4984 14.2759 14.664 14.8557 14.8626 14.8002 14.5837 14.4572 14.198 13.7223 13.0682 12.3397 11.8679 12.119 12.9651 13.1719 12.6108 12.3325 12.6963 13.2297 14.0159 14.4692 14.5389 14.5089 14.3711 13.8237 13.1606 13.1749 13.5257 13.2552 12.939 13.1331 13.1127 12.8494 12.6615 12.5485 12.6359 12.9456 13.0847 13.398 13.8538 13.9309 13.9322 14.132 14.1551 14.1732 14.194 14.2077 14.22 14.2284 14.2063 14.1392 13.8226 13.5485 13.1616 13.1266 13.6293 13.8599 14.0715 14.2232 14.2835
-9999 -9999 -9999 -9999 -9999 -9999 -9999 10.8211 11.5128 12.2688 12.9773 13.6482 14.2271 14.2823 14.5927 14.6031 14.7705 14.7357 14.5354 14.3185 13.91 13.0673 12.3596 11.5868 11.8001 12.667 12.7761 12.407 11.719 12.4456 13.2464 13.9734 14.3714 14.0765 14.3991 14.3842 14.1861 13.7959 13.1832 13.2073 12.7517 12.7441 12.9974 13.0884 13.0615 12.9236 12.7005 12.7437 12.9348 12.9957 13.2848 13.6415 13.9904 14.0606 14.1383 14.1548 14.1696 14.1886 14.203 14.2098 14.2065 14.1823 13.9188 13.6028 13.4135 13.1479 13.1281 13.7001 13.9425 14.0828 14.2154 14.2772
-9999 -9999 -9999 -9999 -9999 -9999 -9999 -9999 11.4403 12.2211 12.8019 12.9669 13.4829 13.7666 13.9885 14.0461 14.6579 14.7012 14.5778 14.3793 14.0321 13.3946 12.9527 12.2117 11.681 11.9028 12.0037 12.2091 12.1587 12.4873 13.2573 14.0596 14.1556 13.6615 13.7465 13.8627 14.1102 14.0018 13.1626 12.7424 12.3959 12.6634 12.9444 13.0222 13.0482 13.0095 12.9638 12.86 13.2329 13.5124 13.588 13.8335 14.0183 14.0794 14.1287 14.1469 14.1651 14.1788 14.1824 14.1888 14.1595 14.0769 13.7801 13.0473 13.0957 13.0285 12.8099 13.3606 13.7327 14.0441 14.2166 14.2722
-9999 -9999 -9999 -9999 -9999 -9999 -9999 -9999 11.1818 12.0835 12.2836 12.2817 11.999 12.1462 13.2492 13.48 14.0672 14.6234 14.5929 14.3983 14.0739 13.6975 13.1099 12.2755 11.6137 11.3321 12.0547 12.7647 12.9186 13.1525 13.6277 13.7254 13.2199 12.7469 13.0284 13.2026 13.8361 13.9612 13.8521 13.3514 12.7774 12.4839 12.8578 12.9189 12.9535 12.9709 12.9688 12.9663 13.3764 13.6143 13.7836 13.8822 14.0429 14.0944 14.1203 14.1453 14.1563 14.1623 14.1526 14.1396 14.0369 13.9096 13.4144 13.0037 12.7525 12.43 13.1991 13.4488 13.7972 14.0144 14.1853 14.234
