Test_Spring_2018b/12_17/Prec/20171203_020.txt
ncols	170
nrows	115
xllcorner	350000.000000
yllcorner	4445000.000000
cellsize	1000.000000
nodata_value	-9999.000000
[rows 33 to 65 of 115, columns 75 to 149 of 170]
0.32409 0.321402 0.318269 0.308515 0.307386 0.303813 0.298231 0.293314 0.288413 0.27876 0.265722 0.23992 0.209408 0.202118 0.216349 0.216919 0.219318 0.21119 0.201078 0.185178 0.199278 0.205245 0.185004 0.157303 0.141497 -9999 -9999 -9999 -9999 -9999 -9999 -9999 -9999 -9999 -9999 -9999 -9999 -9999 -9999 -9999 -9999 -9999 -9999 -9999 -9999 -9999 -9999 -9999 -9999 -9999 -9999 -9999 -9999 -9999 -9999 -9999 -9999 -9999 -9999 -9999 -9999 -9999 -9999 -9999 -9999 -9999 -9999 -9999 -9999 -9999 -9999 -9999 -9999 -9999 -9999
0.309717 0.313338 0.298082 0.296856 0.306263 0.30341 0.300801 0.2939 0.288211 0.280098 0.267489 0.250279 0.22998 0.195435 0.215986 0.232181 0.231731 0.230959 0.223865 0.208461 0.222142 0.223311 0.194024 0.165038 0.151944 0.146691 -9999 -9999 -9999 -9999 -9999 -9999 -9999 -9999 -9999 -9999 -9999 -9999 -9999 -9999 -9999 -9999 -9999 -9999 -9999 -9999 -9999 -9999 -9999 -9999 -9999 -9999 -9999 -9999 -9999 -9999 -9999 -9999 -9999 -9999 -9999 -9999 -9999 -9999 -9999 -9999 -9999 -9999 -9999 -9999 -9999 -9999 -9999 -9999 -9999
0.302729 0.308004 0.299871 0.299962 0.301066 0.302378 0.299845 0.292784 0.275881 0.272223 0.270302 0.258665 0.235604 0.212779 0.206601 0.231367 0.23844 0.237036 0.242797 0.229699 0.236363 0.234166 0.222316 0.192809 0.169567 0.161373 0.144985 -9999 -9999 -9999 -9999 -9999 -9999 -9999 -9999 -9999 -9999 -9999 -9999 -9999 -9999 -9999 -9999 -9999 -9999 -9999 -9999 -9999 -9999 -9999 -9999 -9999 -9999 -9999 -9999 -9999 -9999 -9999 -9999 -9999 -9999 -9999 -9999 -9999 -9999 -9999 -9999 -9999 -9999 -9999 -9999 -9999 -9999 -9999 -9999
0.288889 0.281624 0.291948 0.296969 0.29921 0.301461 0.298886 0.286603 0.279795 0.277809 0.269557 0.256249 0.247722 0.233104 0.218097 0.223399 0.244622 0.235156 0.250395 0.24932 0.25235 0.242524 0.215634 0.185634 0.167294 0.159811 0.146372 -9999 -9999 -9999 -9999 -9999 -9999 -9999 -9999 -9999 -9999 -9999 -9999 -9999 -9999 -9999 -9999 -9999 -9999 -9999 -9999 -9999 -9999 -9999 -9999 -9999 -9999 -9999 -9999 -9999 -9999 -9999 -9999 -9999 -9999 -9999 -9999 -9999 -9999 -9999 -9999 -9999 -9999 -9999 -9999 -9999 -9999 -9999 -9999
0.286187 0.277304 0.288967 0.294027 0.294431 0.299367 0.297044 0.291029 0.286209 0.280315 0.273372 0.263067 0.252059 0.238273 0.236628 0.250026 0.250101 0.247279 0.249638 0.256822 0.255173 0.235045 0.20506 0.190723 0.153917 0.141325 0.142333 0.133177 -9999 -9999 -9999 -9999 -9999 -9999 -9999 -9999 -9999 -9999 -9999 -9999 0.148161 -9999 -9999 -9999 -9999 -9999 -9999 -9999 -9999 -9999 -9999 -9999 -9999 -9999 -9999 -9999 -9999 -9999 -9999 -9999 -9999 0 -9999 -9999 -9999 -9999 -9999 -9999 -9999 -9999 -9999 -9999 -9999 -9999 -9999
0.281407 0.285289 0.291236 0.291111 0.291847 0.297702 0.295307 0.290269 0.28514 0.276398 0.273226 0.266848 0.254966 0.252098 0.256172 0.258031 0.26032 0.261829 0.260813 0.258157 0.254668 0.237302 0.224665 0.216074 0.185242 0.168304 0.155144 0.13532 0.119629 -9999 -9999 -9999 -9999 -9999 -9999 -9999 0.14616 0.143514 0.141633 0.143345 0.152229 0.142173 -9999 -9999 -9999 -9999 -9999 -9999 -9999 -9999 -9999 -9999 -9999 -9999 -9999 -9999 -9999 -9999 -9999 -9999 -9999 0 0 -9999 -9999 -9999 -9999 -9999 -9999 -9999 -9999 -9999 -9999 -9999 -9999
0.284483 0.285766 0.291176 0.292808 0.293255 0.293256 0.293364 0.290425 0.284812 0.277722 0.276254 0.267837 0.263072 0.25971 0.265426 0.266506 0.264131 0.261249 0.258779 0.251409 0.250727 0.241244 0.233109 0.219789 0.205974 0.179229 0.152504 0.126215 0.104845 -9999 -9999 -9999 -9999 -9999 -9999 0.148868 0.157017 0.160968 0.146328 0.154379 0.161168 0.156371 0.135967 -9999 -9999 -9999 -9999 -9999 -9999 -9999 -9999 -9999 -9999 -9999 -9999 -9999 -9999 0.107182 0 0 0 0 0 -9999 -9999 -9999 -9999 -9999 -9999 -9999 -9999 -9999 -9999 -9999 -9999
0.284461 0.288339 0.291338 0.288631 0.290047 0.292175 0.290717 0.287865 0.284856 0.281934 0.274041 0.270129 0.259739 0.268375 0.267804 0.265491 0.256499 0.2528 0.237388 0.230771 0.222939 0.236022 0.226008 0.205253 0.179281 0.145145 0.139201 0.128573 0.109423 -9999 -9999 -9999 -9999 -9999 -9999 0.151203 0.160072 0.166899 0.165928 0.150957 0.165179 0.154403 0.140554 0.133951 0.137329 0.136794 0.127414 0.128061 0.12704 0.119364 0.121004 -9999 -9999 -9999 -9999 0.112936 0.111684 0.110139 0.101367 0 0 0 0 -9999 -9999 -9999 -9999 -9999 -9999 -9999 -9999 -9999 -9999 -9999 -9999
0.288163 0.287505 0.283855 0.285874 0.28614 0.288514 0.287334 0.284008 0.281387 0.279152 0.275409 0.269216 0.269343 0.268512 0.265455 0.248126 0.228045 0.237282 0.226062 0.198148 0.21579 0.227184 0.21584 0.190714 0.161517 0.148679 0.145471 0.130899 0.112276 -9999 -9999 -9999 0.125524 0.139647 0.139969 0.143171 0.155598 0.16436 0.169827 0.172541 0.168725 0.153492 0.13959 0.124638 0.123472 0.137089 0.13687 0.130244 0.129224 0.121821 0.120564 0.123017 0.123448 0.122133 0.119326 0.117485 0.116261 0.113882 0.105742 0 0 0 0 -9999 -9999 -9999 -9999 -9999 -9999 -9999 -9999 -9999 -9999 -9999 -9999
0.287417 0.287948 0.285678 0.282219 0.283293 0.28081 0.284037 0.281564 0.273619 0.275949 0.273735 0.271734 0.269247 0.266339 0.251628 0.231602 0.211697 0.202827 0.205223 0.190079 0.195066 0.206605 0.202358 0.186551 0.160452 0.156192 0.147184 0.120361 0 -9999 -9999 0 0.125012 0.14448 0.153994 0.156075 0.154923 0.166417 0.165197 0.176828 0.169872 0.1418 0.139364 0.125807 0.125441 0.125737 0.122802 0.1262 0.128355 0.126776 0.123963 0.124724 0.12341 0.12195 0.120457 0.116995 0.116571 0.115123 0.109414 0 0 0 0 -9999 -9999 -9999 -9999 -9999 -9999 -9999 -9999 -9999 -9999 -9999 -9999
0.289749 0.292572 0.289031 0.28983 0.280339 0.272989 0.277124 0.278538 0.272008 0.267052 0.270394 0.268883 0.267552 0.266235 0.252554 0.236974 0.213343 0.198967 0.18852 0.182475 0.170836 0.176679 0.174543 0.171648 0.173927 0.166446 0.14948 0.13508 0.106509 0 -9999 0 0.110881 0.134278 0.153867 0.165726 0.159625 0.172918 0.173384 0.179033 0.170408 0.14982 0.138188 0.132705 0.126042 0.131109 0.131243 0.129589 0.128611 0.126573 0.124778 0.123532 0.122168 0.120989 0.120058 0.118924 0.117681 0.115829 0.112632 0.100093 0 0 0 -9999 -9999 -9999 -9999 -9999 -9999 -9999 -9999 -9999 -9999 -9999 -9999
0.293782 0.293228 0.291335 0.289056 0.286093 0.282062 0.276228 0.274338 0.272313 0.259944 0.259033 0.259692 0.264801 0.264287 0.263329 0.255164 0.226442 0.215541 0.201158 0.182394 0.17186 0.175738 0.191249 0.190102 0.179064 0.166722 0.147864 0.137209 0.12078 0 0 0.104267 0.114177 0.129993 0.154202 0.170642 0.177004 0.178042 0.181637 0.181753 0.169034 0.153426 0.145465 0.134882 0.128678 0.123264 0.124121 0.122336 0.12689 0.126746 0.12364 0.122307 0.121128 0.120254 0.119648 0.118923 0.117784 0.116589 0.114874 0.108204 0 0 0 -9999 -9999 -9999 -9999 -9999 -9999 -9999 -9999 -9999 -9999 -9999 -9999
0.28397 0.280011 0.276923 0.276238 0.276371 0.277681 0.274094 0.274293 0.268793 0.258755 0.246997 0.254584 0.257513 0.261092 0.261616 0.261212 0.23618 0.22393 0.214409 0.196502 0.200877 0.207074 0.207256 0.202986 0.179961 0.156927 0.128545 0.104045 0.102478 0 0 0.103715 0.12686 0.142916 0.148939 0.152734 0.176645 0.181256 0.179448 0.182459 0.169555 0.158355 0.146275 0.142598 0.136262 0.130572 0.106583 0.118303 0.114739 0.122733 0.123702 0.121574 0.120428 0.119772 0.119113 0.118566 0.117783 0.116872 0.112629 0.108255 0 0 0 -9999 -9999 -9999 -9999 -9999 -9999 -9999 -9999 -9999 -9999 -9999 -9999
-9999 0.275142 0.273363 0.270174 0.268878 0.275353 0.27409 0.272199 0.268829 0.262147 0.249912 0.246204 0.24754 0.237945 0.246536 0.257732 0.258188 0.257628 0.236585 0.22387 0.23469 0.231273 0.214595 0.201254 0.187954 0.161105 0.139448 0.111478 0 0 0.111885 0.130233 0.153752 0.163875 0.157342 0.16281 0.173219 0.185178 0.189106 0.18385 0.17029 0.159968 0.144049 0.148242 0.143124 0.132495 0.122677 0.117411 0.118592 0.116745 0.122783 0.12246 0.120163 0.119376 0.11887 0.118385 0.117764 0.11456 0.112135 0.108973 0.104828 0 0 -9999 -9999 -9999 -9999 -9999 -9999 -9999 -9999 -9999 -9999 -9999 -9999
-9999 0.265982 0.262563 0.262923 0.273031 0.274579 0.273005 0.268543 0.266432 0.26083 0.250066 0.239836 0.230956 0.220061 0.226656 0.243737 0.254207 0.256121 0.237787 0.24623 0.242535 0.235056 0.213329 0.197086 0.188138 0.162344 0.13841 0.119722 0 0.104659 0.116385 0.13153 0.157043 0.174193 0.180655 0.173497 0.179792 0.193842 0.190859 0.178125 0.174354 0.15981 0.13998 0.148537 0.146523 0.137141 0.132117 0.123937 0.121319 0.121204 0.121683 0.121676 0.120237 0.118984 0.118463 0.118121 0.116727 0.114927 0.112623 0.109436 0.105416 0 0 -9999 -9999 -9999 -9999 -9999 -9999 -9999 -9999 -9999 -9999 -9999 -9999
-9999 -9999 0.251889 0.260111 0.275357 0.273791 0.268346 0.268292 0.264972 0.257886 0.252191 0.240101 0.224806 0.196313 0.203944 0.219709 0.24231 0.254583 0.253775 0.245884 0.234791 0.207779 0.183958 0.180638 0.176213 0.15722 0.138267 0.117563 0.129135 0.14188 0.155884 0.163177 0.161058 0.175691 0.187216 0.180878 0.188964 0.198031 0.189679 0.182797 0.17579 0.160366 0.154116 0.148703 0.150835 0.139005 0.136628 0.12977 0.124741 0.122564 0.121459 0.121284 0.119917 0.118873 0.118412 0.11761 0.116719 0.114979 0.11253 0.109344 0.105339 0 0 0 -9999 -9999 -9999 -9999 -9999 -9999 -9999 -9999 -9999 -9999 -9999
-9999 -9999 0.239017 0.240261 0.259446 0.260393 0.266461 0.267937 0.264531 0.254576 0.248574 0.231027 0.22531 0.199027 0.187225 0.197915 0.194733 0.225541 0.252836 0.245446 0.191676 0.172017 0.157788 0.160875 0.160331 0.154582 0.123977 0.115932 0.140963 0.156682 0.168854 0.178057 0.179703 0.179116 0.19756 0.198726 0.203091 0.199272 0.196702 0.183301 0.172956 0.169061 0.157261 0.15023 0.152712 0.138268 0.140077 0.132295 0.125247 0.121045 0.122742 0.121229 0.12001 0.118633 0.118047 0.117379 0.115943 0.114486 0.112093 0.108762 0.105002 0.100284 0 0 0 0 -9999 -9999 -9999 -9999 -9999 -9999 -9999 -9999 -9999
-9999 -9999 -9999 0.217496 0.246547 0.255732 0.259231 0.266659 0.264464 0.257227 0.24857 0.23093 0.215906 0.19234 0.165824 0.151444 0.194697 0.232453 0.252412 0.248097 0.203273 0.185379 0.184183 0.194087 0.184735 0.177447 0.153553 0.146884 0.137754 0.143054 0.160086 0.173486 0.186928 0.196449 0.196608 0.201931 0.203253 0.201079 0.199112 0.194246 0.189012 0.170682 0.171435 0.160166 0.157154 0.149466 0.142154 0.133954 0.124023 0.123788 0.123843 0.122185 0.119341 0.118464 0.117921 0.117259 0.116204 0.113425 0.111077 0.10802 0.104135 0 0 0 0 0 0 -9999 -9999 -9999 -9999 -9999 -9999 -9999 -9999
-9999 -9999 -9999 0.200899 0.230028 0.240183 0.256917 0.262565 0.26367 0.260549 0.253172 0.239438 0.219969 0.204145 0.174358 0.143664 0.186379 0.22814 0.25012 0.251621 0.211506 0.221633 0.212801 0.215689 0.199686 0.19265 0.185026 0.173685 0.161339 0.147907 0.139744 0.171213 0.187216 0.199831 0.205247 0.207589 0.207714 0.204588 0.197949 0.180332 0.186834 0.177256 0.170784 0.163988 0.157766 0.151094 0.144412 0.137057 0.132338 0.124965 0.123444 0.120431 0.119321 0.118514 0.117751 0.11687 0.115807 0.114329 0.11123 0.106917 0.103158 0 0 0 0 0 0 0 0 0 -9999 -9999 -9999 -9999 -9999
-9999 -9999 -9999 0.153415 0.198495 0.230949 0.247697 0.260794 0.262411 0.261682 0.252416 0.245611 0.231371 0.218305 0.198645 0.169388 0.151607 0.18188 0.230623 0.250983 0.24682 0.245347 0.235162 0.225856 0.224154 0.224183 0.211267 0.196123 0.176398 0.168553 0.161674 0.185001 0.187904 0.185686 0.210673 0.209538 0.20643 0.194425 0.180553 0.17937 0.166769 0.163066 0.149805 0.152041 0.153213 0.150386 0.14511 0.137865 0.12974 0.126204 0.122692 0.120938 0.119515 0.118422 0.117517 0.116542 0.115177 0.113604 0.111852 0.107265 0.10382 0 0 0 0 0 0 0 0 0 0 -9999 -9999 -9999 -9999
-9999 -9999 -9999 0.155137 0.19094 0.222231 0.23911 0.256244 0.258059 0.262584 0.25921 0.252078 0.239484 0.224375 0.208011 0.182741 0.164096 0.186743 0.214708 0.237746 0.242821 0.245031 0.243987 0.24123 0.239859 0.236638 0.231847 0.22084 0.200084 0.189552 0.174184 0.200076 0.202608 0.197901 0.210048 0.208137 0.186737 0.169452 0.164982 0.170846 0.158405 0.147782 0.135788 0.137074 0.148724 0.134362 0.130743 0.132183 0.129824 0.125191 0.123097 0.121196 0.119691 0.118359 0.117304 0.116232 0.114682 0.112995 0.110975 0.10826 0.102621 0 0 0 0 0 0 0 0 0 0 0 -9999 -9999 -9999
-9999 -9999 -9999 0.158592 0.179465 0.207443 0.234517 0.253224 0.259253 0.263348 0.261401 0.253262 0.24645 0.236644 0.22203 0.212101 0.195066 0.171724 0.210859 0.217506 0.224768 0.228743 0.239279 0.238368 0.232629 0.22633 0.231466 0.226926 0.212123 0.207076 0.198701 0.212858 0.212365 0.211232 0.209461 0.191477 0.166626 0.146029 0.156872 0.151183 0.153438 0.125447 0.132078 0.139785 0.139027 0.124738 0.114129 0.127757 0.124528 0.123675 0.122567 0.12143 0.119608 0.118409 0.117007 0.115647 0.114141 0.112278 0.110136 0.107517 0.104448 0 0 0 0 0 0 0 0 0 0 0 0 -9999 -9999
-9999 -9999 -9999 -9999 0.165543 0.201123 0.233861 0.250845 0.260731 0.264532 0.262468 0.257508 0.252424 0.245938 0.235113 0.221838 0.201163 0.185805 0.19527 0.200773 0.198282 0.205462 0.227498 0.234589 0.222951 0.191956 0.2048 0.222462 0.221973 0.220233 0.218247 0.218065 0.215449 0.210308 0.197699 0.160994 0.149648 0.133528 0.132455 0.122311 0.133618 0.118506 0.130094 0.132549 0.130706 0.111595 0.10834 0.118058 0.121668 0.117679 0.119434 0.121228 0.119592 0.118129 0.116539 0.115127 0.113543 0.111648 0.109154 0.106469 0.10342 0 0 0 0 0 0 0 0 0 0 0 0 0 -9999
-9999 -9999 -9999 -9999 0.157625 0.194566 0.233961 0.244595 0.255576 0.265069 0.263336 0.256488 0.250244 0.244146 0.237572 0.221332 0.20568 0.190771 0.185528 0.188062 0.177207 0.189197 0.218084 0.223128 0.220012 0.184444 0.17446 0.198004 0.217743 0.218956 0.2167 0.192519 0.196837 0.183159 0.164677 0.158427 0.14904 0.130889 0.136084 0.121539 0.123426 0.111891 0.116928 0.117238 0.123908 0.107017 0.100916 0.110102 0.115548 0.112958 0.119491 0.120517 0.119409 0.117838 0.116287 0.114612 0.112938 0.110854 0.108468 0.105735 0.102415 0 0 0 0 0 0 0 0 0 0 0 0 0 -9999
-9999 -9999 -9999 -9999 0.163687 0.188357 0.223075 0.248234 0.247329 0.258692 0.263777 0.256403 0.248611 0.240931 0.237174 0.219363 0.199978 0.184261 0.165778 0.168202 0.180528 0.190123 0.208526 0.211244 0.206604 0.183782 0.190497 0.206334 0.214521 0.216572 0.213994 0.208169 0.204369 0.193965 0.188654 0.174114 0.151946 0.141839 0.144552 0.120254 0.118847 0.1237 0.104394 0.114614 0.117519 0 0 0.111383 0.116039 0.120004 0.120694 0.119707 0.119594 0.11772 0.116025 0.114246 0.112265 0.110161 0.107533 0.104709 0.100056 0 0 0 0 0 0 0 0 0 0 0 0 0 -9999
-9999 -9999 -9999 -9999 0.169784 0.191764 0.221532 0.238688 0.239654 0.252523 0.264016 0.260794 0.252642 0.249387 0.241418 0.226047 0.209268 0.191069 0.181899 0.161681 0.180278 0.183419 0.198887 0.205747 0.185113 0.178282 0.188849 0.19935 0.203196 0.213745 0.21296 0.208542 0.191949 0.18322 0.185169 0.180378 0.172876 0.156838 0.153952 0.142428 0.135955 0.129489 0.107231 0.111005 0.10819 0.10166 0.111574 0.116232 0.118472 0.12047 0.119204 0.11895 0.119467 0.117664 0.115774 0.113769 0.111758 0.109375 0.106259 0.103056 0 0 0 0 0 0 0 0 0 0 0 0 0 0 0
-9999 -9999 -9999 -9999 0.166645 0.190268 0.215298 0.224192 0.223584 0.248742 0.263527 0.261781 0.257071 0.252039 0.233736 0.233746 0.229424 0.212818 0.189047 0.163037 0.164663 0.174575 0.187743 0.194101 0.165029 0.157127 0.161896 0.177984 0.192292 0.207212 0.210414 0.204973 0.179585 0.152516 0.163233 0.174575 0.17278 0.167061 0.151872 0.145345 0.139006 0.126735 0.101679 0 0.100025 0.106795 0.109245 0.114956 0.119364 0.113917 0.113014 0.117646 0.119435 0.117463 0.115455 0.1135 0.111264 0.108777 0.104877 0.100717 0 0 0 0 0 0 0 0 0 0 0 0 0 0 0
-9999 -9999 -9999 -9999 0.159354 0.175569 0.199353 0.207314 0.222004 0.245624 0.256314 0.260604 0.258866 0.25499 0.246073 0.24036 0.230271 0.21294 0.189627 0.163841 0.146784 0.15425 0.170043 0.172297 0.148467 0.138144 0.149569 0.166707 0.192366 0.206675 0.207887 0.205609 0.199544 0.179439 0.155231 0.153798 0.163566 0.152058 0.138787 0.14261 0.138975 0.126938 0.117327 0.102011 0 0.100308 0.101406 0.108555 0.120692 0.120164 0.117225 0.121158 0.119214 0.11718 0.115273 0.113115 0.110857 0.108379 0.104737 0 0 0 0 0 0 0 0 0 0 0 0 0 0 0 0
-9999 -9999 -9999 -9999 0.14588 0.165484 0.187506 0.208184 0.227862 0.2447 0.244055 0.252315 0.250643 0.254497 0.251681 0.243404 0.234692 0.219579 0.189822 0.164697 0.137396 0.143544 0.167414 0.15469 0.141278 0.117038 0.140728 0.166897 0.190512 0.202907 0.19172 0.201361 0.199432 0.191146 0.176184 0.153497 0.152203 0.134448 0.131678 0.137559 0.137761 0.133807 0.125968 0.108746 0 0 0 0.104605 0.113413 0.122112 0.121506 0.121286 0.119095 0.116917 0.114913 0.11275 0.110282 0.10739 0.10368 0 0 0 0 0 0 0 0 0 0 0 0 0 0 0 0
-9999 -9999 -9999 -9999 -9999 0.163714 0.186456 0.202703 0.205149 0.219784 0.22683 0.232044 0.23193 0.250819 0.250621 0.244925 0.236814 0.223761 0.200945 0.18481 0.158573 0.139486 0.137482 0.128329 0.134385 0.131752 0.141942 0.167056 0.193211 0.195353 0.177407 0.178981 0.181489 0.188301 0.182889 0.152523 0.136169 0.122118 0.128686 0.135518 0.135285 0.133142 0.128684 0.11218 0.100659 0.109655 0.115584 0.114725 0.119767 0.122904 0.121989 0.120805 0.118664 0.116595 0.114408 0.111876 0.109394 0.105623 0 0 0 0 0 0 0 0 0 0 0 0 0 0 0 0 0
-9999 -9999 -9999 -9999 -9999 0.155347 0.182011 0.185205 0.181875 0.169351 0.171705 0.20675 0.212487 0.230537 0.24773 0.245203 0.237241 0.22498 0.211032 0.189973 0.160577 0.137055 0.118564 0.137878 0.153135 0.157438 0.164432 0.179565 0.181851 0.163619 0.1464 0.154653 0.159136 0.179042 0.181546 0.175926 0.156837 0.135061 0.122587 0.132544 0.131713 0.129826 0.127225 0.11774 0.106439 0.114364 0.118852 0.121148 0.121196 0.123508 0.122267 0.120294 0.118401 0.116107 0.11368 0.110718 0.107601 0.101362 0 0 0 0 0 0 0 0 0 0 0 0 0 0 0 0 0
-9999 -9999 -9999 -9999 -9999 -9999 -9999 -9999 -9999 -9999 0.167512 0.173465 0.199148 0.220265 0.244892 0.24373 0.2368 0.228936 0.208897 0.18695 0.182505 0.156869 0.124798 0.141779 0.152515 0.164248 0.167973 0.172487 0.16466 0.14912 0.127867 0.137518 0.157435 0.178517 0.177082 0.176291 0.16561 0.150755 0.119716 0.12996 0.128098 0.127182 0.124222 0.110771 0.107053 0.115096 0.11238 0.11761 0.124321 0.123454 0.121979 0.120137 0.118011 0.115399 0.112658 0.109516 0.105792 0.10095 0 0 0 0 0 0 0 0 0 0 0 0 0 0 0 0 0
-9999 -9999 -9999 -9999 -9999 -9999 -9999 -9999 -9999 -9999 0.139019 0.134865 0.191817 0.215241 0.237178 0.239948 0.232782 0.223544 0.212539 0.199896 0.181898 0.144594 0.123258 0.146648 0.14879 0.155275 0.153892 0.142225 0.140725 0.124129 0.113032 0.134068 0.15356 0.17193 0.174312 0.171386 0.167993 0.141016 0.118716 0.119905 0.120411 0.124236 0.112923 0.107443 0.109643 0.115461 0.12038 0.123078 0.12383 0.123564 0.121577 0.119625 0.117365 0.1144 0.111385 0.108228 0.104545 0.1007 0 0 0 0 0 0 0 0 0 0 0 0 0 0 0 0 0
