Test_Spring_2018b/12_17/Prec/20171217_015.txt
ncols	170
nrows	115
xllcorner	350000.000000
yllcorner	4445000.000000
cellsize	1000.000000
nodata_value	-9999.000000
[rows 31 to 61 of 115, columns 70 to 139 of 170]
0.632742 0.637052 0.641949 0.647651 0.652777 0.650357 0.664263 0.667689 0.681995 0.68289 0.683694 0.683631 0.683385 0.683117 0.682133 0.682005 0.684803 0.68182 0.679482 0.678742 0.675747 0.67194 0.669848 0.6692 0.666228 0.663424 0.647513 0.631711 0.626906 -9999 -9999 -9999 -9999 -9999 -9999 -9999 -9999 -9999 -9999 -9999 -9999 -9999 -9999 -9999 -9999 -9999 -9999 -9999 -9999 -9999 -9999 -9999 -9999 -9999 -9999 -9999 -9999 -9999 -9999 -9999 -9999 -9999 -9999 -9999 -9999 -9999 -9999 -9999 -9999 -9999
0.646479 0.650871 0.655733 0.661112 0.665317 0.669522 0.678237 0.674176 0.69477 0.695772 0.696717 0.697736 0.697786 0.697465 0.696669 0.696483 0.698042 0.699007 0.695294 0.692726 0.690844 0.685541 0.682597 0.680681 0.679244 0.671545 0.665846 0.641073 0.618274 -9999 -9999 -9999 -9999 -9999 -9999 -9999 -9999 -9999 -9999 -9999 -9999 -9999 -9999 -9999 -9999 -9999 -9999 -9999 -9999 -9999 -9999 -9999 -9999 -9999 -9999 -9999 -9999 -9999 -9999 -9999 -9999 -9999 -9999 -9999 -9999 -9999 -9999 -9999 -9999 -9999
0.661795 0.665384 0.670131 0.674953 0.678598 0.683398 0.679976 0.686658 0.708344 0.709526 0.710664 0.711672 0.71223 0.71239 0.712656 0.712868 0.714032 0.71525 0.713452 0.708789 0.705059 0.700543 0.696567 0.692196 0.687871 0.679741 0.672046 0.655421 0.622241 0.619353 -9999 -9999 -9999 -9999 -9999 -9999 -9999 -9999 -9999 -9999 -9999 -9999 -9999 -9999 -9999 -9999 -9999 -9999 -9999 -9999 -9999 -9999 -9999 -9999 -9999 -9999 -9999 -9999 -9999 -9999 -9999 -9999 -9999 -9999 -9999 -9999 -9999 -9999 -9999 -9999
0.677836 0.680486 0.685011 0.690392 0.694285 0.698534 0.685675 0.721861 0.723613 0.72408 0.725676 0.726959 0.728343 0.729152 0.729711 0.730181 0.730515 0.7305 0.731316 0.725379 0.719159 0.714 0.708148 0.702301 0.696744 0.687495 0.679202 0.644287 0.631903 0.623595 0.614781 -9999 -9999 -9999 -9999 -9999 -9999 -9999 -9999 -9999 -9999 -9999 -9999 -9999 -9999 -9999 -9999 -9999 -9999 -9999 -9999 -9999 -9999 -9999 -9999 -9999 -9999 -9999 -9999 -9999 -9999 -9999 -9999 -9999 -9999 -9999 -9999 -9999 -9999 -9999
-9999 0.696034 0.700164 0.705486 0.709218 0.71309 0.707147 0.721388 0.737638 0.739567 0.741376 0.743381 0.745521 0.748237 0.748879 0.748578 0.748476 0.748678 0.747862 0.744222 0.736214 0.729183 0.722195 0.713644 0.706483 0.696638 0.687383 0.658655 0.646182 0.627021 0.617537 0.609529 -9999 -9999 -9999 -9999 -9999 -9999 -9999 -9999 -9999 -9999 -9999 -9999 -9999 -9999 -9999 -9999 -9999 -9999 -9999 -9999 -9999 -9999 -9999 -9999 -9999 -9999 -9999 -9999 -9999 -9999 -9999 -9999 -9999 -9999 -9999 -9999 -9999 -9999
-9999 -9999 -9999 -9999 0.724484 0.718383 0.743461 0.73544 0.752486 0.754987 0.757509 0.760401 0.764 0.766447 0.767607 0.7685 0.768832 0.767412 0.765358 0.762033 0.755221 0.745487 0.738034 0.726977 0.716958 0.705939 0.695961 0.67354 0.653171 0.63244 0.621725 0.612404 -9999 -9999 -9999 -9999 -9999 -9999 -9999 -9999 -9999 -9999 -9999 -9999 -9999 -9999 -9999 -9999 -9999 -9999 -9999 -9999 -9999 -9999 -9999 -9999 -9999 -9999 -9999 -9999 -9999 -9999 -9999 -9999 -9999 -9999 -9999 -9999 -9999 -9999
-9999 -9999 -9999 -9999 -9999 0.731577 0.756691 0.759673 0.767276 0.770824 0.77403 0.777947 0.781925 0.785149 0.787586 0.788968 0.789323 0.788196 0.785723 0.780266 0.771576 0.762874 0.753204 0.741898 0.729228 0.716923 0.685652 0.682107 0.669306 0.638745 0.627267 0.615251 0.60535 -9999 -9999 -9999 -9999 -9999 -9999 -9999 -9999 -9999 -9999 -9999 -9999 0.512794 -9999 -9999 -9999 -9999 -9999 -9999 -9999 -9999 -9999 -9999 -9999 -9999 -9999 -9999 -9999 -9999 -9999 -9999 -9999 -9999 0.397028 -9999 -9999 -9999
-9999 -9999 -9999 -9999 0.750207 0.764503 0.768103 0.772327 0.766491 0.786317 0.790569 0.795724 0.800837 0.805267 0.809028 0.810772 0.811158 0.810218 0.806253 0.799478 0.790983 0.780657 0.768873 0.756101 0.742543 0.728416 0.702392 0.687161 0.671853 0.649569 0.627217 0.6155 0.605761 0.596831 -9999 -9999 -9999 -9999 -9999 -9999 -9999 0.539112 0.533345 0.527022 0.519725 0.510999 0.503674 -9999 -9999 -9999 -9999 -9999 -9999 -9999 -9999 -9999 -9999 -9999 -9999 -9999 -9999 -9999 -9999 -9999 -9999 -9999 0.389688 0.393065 -9999 -9999
-9999 -9999 -9999 -9999 0.772705 0.775341 0.779679 0.784679 0.79106 0.801063 0.807264 0.813552 0.819857 0.825686 0.830446 0.83292 0.834101 0.832556 0.828379 0.82072 0.811193 0.799896 0.786812 0.772195 0.756995 0.74032 0.711044 0.693105 0.676217 0.660184 0.628154 0.616556 0.606452 0.597358 -9999 -9999 -9999 -9999 -9999 -9999 0.543618 0.537219 0.530854 0.5259 0.517719 0.508845 0.500382 0.480968 -9999 -9999 -9999 -9999 -9999 -9999 -9999 -9999 -9999 -9999 -9999 -9999 -9999 -9999 0.367448 0.370668 0.376096 0.380126 0.383554 0.387389 -9999 -9999
-9999 -9999 -9999 -9999 0.782936 0.785642 0.790217 0.796286 0.804207 0.828548 0.823218 0.831235 0.839108 0.846156 0.851786 0.856009 0.857382 0.8567 0.850996 0.843327 0.833022 0.820897 0.806019 0.790669 0.773061 0.743342 0.720484 0.700327 0.681955 0.665139 0.641432 0.617825 0.604889 0.594764 -9999 -9999 -9999 -9999 -9999 -9999 0.542275 0.536168 0.529727 0.523343 0.517524 0.507469 0.488147 0.478721 0.467792 0.455269 0.44291 0.405664 0.397423 0.388345 0.380811 0.373267 -9999 -9999 -9999 -9999 0.356333 0.356701 0.358064 0.360952 0.367424 0.373001 0.378403 0.374545 -9999 -9999
-9999 -9999 -9999 -9999 0.791059 0.794543 0.800186 0.807856 0.816415 0.842019 0.838825 0.850481 0.859649 0.867894 0.874601 0.879339 0.881656 0.880182 0.875487 0.867693 0.858295 0.846375 0.828876 0.808054 0.800738 0.755297 0.729983 0.707383 0.687032 0.668317 0.640717 0.616006 0.602345 0.587139 -9999 -9999 -9999 0.554756 0.548519 0.544214 0.539604 0.533613 0.527319 0.522727 0.514883 0.502189 0.487654 0.477325 0.466212 0.452948 0.437719 0.423974 0.3905 0.380334 0.371815 0.359321 0.352717 0.347718 0.344367 0.342633 0.34217 0.342862 0.344687 0.347901 0.358952 0.364686 0.369788 0.36655 -9999 -9999
-9999 -9999 -9999 -9999 0.815919 0.819986 0.825822 0.821036 0.83093 0.841644 0.867038 0.86621 0.876989 0.887466 0.895164 0.90095 0.903646 0.902835 0.898237 0.891072 0.880844 0.867356 0.849929 0.839155 0.818199 0.773975 0.747121 0.714223 0.680894 0.660562 0.639759 0.61373 0.595662 0.585265 -9999 -9999 0.559929 0.551851 0.545694 0.541098 0.537282 0.533325 0.527109 0.5211 0.512314 0.500334 0.48745 0.475407 0.463712 0.449061 0.425461 0.411395 0.375987 0.367468 0.358072 0.350067 0.343118 0.337988 0.334547 0.332782 0.332807 0.333893 0.336228 0.339871 0.346127 0.351438 0.350646 0.357057 -9999 -9999
-9999 -9999 -9999 -9999 0.825252 0.829693 0.835753 0.844126 0.853502 0.852745 0.879543 0.891084 0.893154 0.905103 0.915071 0.92147 0.92497 0.924449 0.919605 0.911755 0.899995 0.885445 0.866799 0.854528 0.830471 0.774853 0.746371 0.71927 0.693272 0.668161 0.636569 0.610328 0.594645 0.580168 0.570976 -9999 0.555972 0.550214 0.544387 0.539494 0.535367 0.532578 0.526602 0.520608 0.509524 0.500666 0.486571 0.465276 0.451606 0.43742 0.42161 0.404485 0.369613 0.357909 0.350203 0.341406 0.334182 0.328767 0.325221 0.323529 0.323628 0.32529 0.328279 0.332337 0.337989 0.338391 0.345688 0.35319 -9999 -9999
-9999 -9999 -9999 0.838062 0.830603 0.835 0.842014 0.850952 0.861562 0.873617 0.898842 0.902609 0.915713 0.920583 0.932715 0.940706 0.944782 0.943979 0.939029 0.929323 0.915852 0.900563 0.88804 0.853817 0.828328 0.78318 0.752484 0.721113 0.692707 0.667003 0.64348 0.616526 0.590026 0.57703 0.566963 0.558621 0.551517 0.546698 0.542486 0.537918 0.53407 0.530571 0.526387 0.51821 0.510133 0.492311 0.477165 0.463751 0.449577 0.434188 0.41831 0.401714 0.367804 0.351727 0.340572 0.333637 0.325996 0.320324 0.316703 0.315124 0.315496 0.317608 0.321091 0.325618 0.326233 0.332925 0.338434 0.344536 -9999 -9999
-9999 -9999 -9999 -9999 0.835401 0.84094 0.848846 0.858542 0.869713 0.882273 0.907249 0.91983 0.931803 0.939465 0.946786 0.956895 0.960904 0.960718 0.955353 0.945153 0.930147 0.911742 0.88896 0.862814 0.83538 0.787105 0.754049 0.722306 0.692305 0.666116 0.642148 0.615183 0.597744 0.581292 0.564309 0.554254 0.548092 0.542461 0.538964 0.537149 0.5354 0.530588 0.525104 0.512858 0.503096 0.492973 0.476846 0.463042 0.44717 0.430773 0.413859 0.39889 0.363476 0.350391 0.337484 0.324999 0.318955 0.313117 0.309468 0.308041 0.308675 0.311138 0.31506 0.316702 0.319673 0.325569 0.335569 0.341737 -9999 -9999
-9999 -9999 -9999 -9999 -9999 -9999 0.853885 0.863889 0.875832 0.889097 0.913644 0.926466 0.939183 0.951169 0.961815 0.967432 0.973158 0.973439 0.96958 0.955173 0.94051 0.919468 0.894382 0.868261 0.823877 0.788768 0.755151 0.723676 0.693167 0.664523 0.639709 0.611185 0.593328 0.578461 0.565217 0.553076 0.542419 0.537271 0.535025 0.5352 0.533845 0.527108 0.520694 0.512931 0.503843 0.493389 0.476745 0.462677 0.445191 0.427857 0.410649 0.393303 0.35974 0.345581 0.333294 0.322008 0.313553 0.307594 0.303992 0.302678 0.303518 0.306242 0.307587 0.311746 0.316521 0.321671 0.33205 0.340076 -9999 -9999
-9999 -9999 -9999 -9999 -9999 -9999 0.858591 0.868997 0.880752 0.892962 0.917968 0.930921 0.944027 0.956004 0.966682 0.975411 0.980249 0.981809 0.978015 0.966579 0.948402 0.925867 0.89996 0.872864 0.825667 0.791201 0.75707 0.725196 0.694082 0.664094 0.638368 0.609561 0.590178 0.575456 0.560757 0.549791 0.54198 0.535497 0.532872 0.531466 0.530672 0.526992 0.520405 0.513319 0.504848 0.493022 0.476531 0.462426 0.443968 0.425782 0.407923 0.389553 0.356346 0.342305 0.329605 0.318774 0.310208 0.304204 0.300637 0.299422 0.300365 0.301963 0.3053 0.309516 0.314357 0.319554 0.328179 0.33832 -9999 -9999
-9999 -9999 -9999 -9999 -9999 -9999 -9999 0.873136 0.883903 0.895343 0.920405 0.933448 0.945745 0.957556 0.968155 0.976167 0.981687 0.983676 0.981846 0.970349 0.952357 0.928519 0.901466 0.872402 0.826916 0.793086 0.760877 0.728996 0.69622 0.665477 0.638753 0.609218 0.589866 0.570947 0.555928 0.544688 0.537762 0.534879 0.532395 0.53062 0.529911 0.526021 0.519907 0.513288 0.50402 0.49236 0.475805 0.460021 0.442896 0.424088 0.406351 0.387577 0.354302 0.340522 0.328076 0.317472 0.308994 0.303054 0.299546 0.29836 0.299046 0.301119 0.304377 0.308509 0.313233 0.31831 0.323806 0.33118 0.337814 -9999
-9999 -9999 -9999 -9999 -9999 -9999 -9999 0.87668 0.887747 0.89816 0.922489 0.93354 0.944921 0.956032 0.966323 0.972071 0.979484 0.980364 0.979199 0.968162 0.951036 0.930441 0.901887 0.870325 0.825152 0.796583 0.764132 0.731702 0.69866 0.667861 0.639997 0.611908 0.591323 0.571016 0.555686 0.544596 0.537356 0.533315 0.532496 0.530278 0.527521 0.523819 0.518916 0.51151 0.502844 0.491493 0.473687 0.458588 0.441775 0.423118 0.405907 0.386961 0.353887 0.340619 0.328678 0.318025 0.309901 0.304089 0.300196 0.299214 0.299813 0.30175 0.304754 0.308613 0.313063 0.317824 0.322776 0.327111 0.333312 0.338296
-9999 -9999 -9999 -9999 -9999 -9999 -9999 -9999 0.890949 0.899355 0.922202 0.93245 0.942081 0.952003 0.960208 0.967368 0.972708 0.974252 0.972674 0.967054 0.947874 0.923019 0.8947 0.865058 0.820304 0.792075 0.760684 0.727999 0.695274 0.666381 0.639507 0.611197 0.590923 0.574625 0.560537 0.548293 0.538607 0.534208 0.531791 0.531033 0.529441 0.522399 0.51702 0.509369 0.499721 0.487892 0.471829 0.455708 0.439799 0.422266 0.404913 0.387609 0.354688 0.34229 0.330424 0.320381 0.312601 0.305271 0.302543 0.30147 0.301885 0.30355 0.306204 0.309649 0.313634 0.317975 0.32248 0.326072 0.330494 0.335652
-9999 -9999 -9999 -9999 -9999 -9999 -9999 -9999 0.892785 0.899998 0.922087 0.92956 0.946212 0.944635 0.95202 0.95802 0.962141 0.96366 0.961048 0.955928 0.94681 0.920088 0.885759 0.857454 0.829082 0.78625 0.753611 0.72346 0.693069 0.666317 0.64066 0.611362 0.592321 0.576834 0.564233 0.551105 0.541905 0.536608 0.533119 0.531002 0.528971 0.526182 0.515397 0.506825 0.498579 0.485675 0.468974 0.454213 0.438512 0.422129 0.405548 0.389115 0.356189 0.343984 0.333574 0.320763 0.313117 0.308716 0.305977 0.304787 0.304959 0.306253 0.308434 0.308925 0.31472 0.318513 0.322505 0.325583 0.329425 0.333296
-9999 -9999 -9999 -9999 -9999 -9999 -9999 -9999 0.89759 0.901721 0.932666 0.937209 0.930277 0.936803 0.942538 0.947531 0.949942 0.950264 0.947101 0.941025 0.932287 0.918702 0.887908 0.85932 0.821499 0.776241 0.747045 0.719109 0.691968 0.665401 0.640512 0.612772 0.594731 0.580328 0.560977 0.552843 0.543998 0.539377 0.53661 0.531412 0.528844 0.525604 0.52191 0.506853 0.496874 0.484916 0.468012 0.454731 0.438925 0.42273 0.40681 0.39136 0.358463 0.342147 0.332763 0.322809 0.317016 0.312793 0.310064 0.308708 0.308566 0.309455 0.311125 0.313358 0.312842 0.315526 0.322626 0.325126 0.328492 0.331937
-9999 -9999 -9999 -9999 -9999 -9999 -9999 -9999 0.909924 0.929649 0.931443 0.920054 0.923783 0.928698 0.932364 0.935402 0.936805 0.936253 0.93302 0.926719 0.918103 0.905562 0.885536 0.850447 0.824154 0.778351 0.742517 0.715843 0.690094 0.667775 0.643965 0.615424 0.597716 0.573895 0.563239 0.555764 0.546067 0.540675 0.537216 0.532398 0.528937 0.526842 0.523074 0.516356 0.494065 0.483702 0.467537 0.454315 0.439598 0.423362 0.404869 0.390304 0.355647 0.345421 0.33347 0.326574 0.321114 0.317039 0.314298 0.312754 0.312272 0.312713 0.313846 0.315511 0.317595 0.315973 0.318417 0.320161 0.327451 0.330428
-9999 -9999 -9999 -9999 -9999 -9999 -9999 -9999 0.921456 0.930245 0.931122 0.915222 0.917156 0.920007 0.922208 0.923759 0.924208 0.922305 0.918174 0.911791 0.902038 0.890254 0.876526 0.853622 0.81737 0.77283 0.753292 0.725847 0.700034 0.675727 0.640844 0.619986 0.589344 0.576751 0.565596 0.557101 0.548117 0.542251 0.537448 0.53314 0.53047 0.527924 0.523894 0.515136 0.506722 0.480583 0.466882 0.4489 0.43339 0.418581 0.40722 0.394638 0.35843 0.344567 0.336732 0.3302 0.324958 0.321043 0.318238 0.31652 0.315718 0.315691 0.316303 0.317397 0.318871 0.320632 0.318046 0.319269 0.321509 0.318814
-9999 -9999 -9999 -9999 -9999 -9999 -9999 -9999 -9999 0.945018 0.923107 0.921675 0.921706 0.922053 0.922338 0.922215 0.921012 0.918086 0.913273 0.90666 0.8979 0.887492 0.874109 0.855781 0.818796 0.774889 0.750387 0.724023 0.699591 0.678018 0.651797 0.613583 0.594988 0.580706 0.568827 0.559051 0.550422 0.544041 0.538789 0.534731 0.533217 0.528003 0.522674 0.514576 0.506195 0.47621 0.461085 0.446686 0.432844 0.419335 0.407888 0.368861 0.351914 0.342975 0.336044 0.329678 0.328255 0.324424 0.321591 0.319688 0.318558 0.318108 0.318222 0.314442 0.315119 0.316098 0.311855 0.312682 0.314599 0.31679
-9999 -9999 -9999 -9999 -9999 -9999 -9999 -9999 -9999 0.924191 0.921084 0.917566 0.91693 0.915832 0.914246 0.912963 0.911028 0.90753 0.902264 0.895102 0.886921 0.876564 0.86406 0.848567 0.830493 0.769676 0.74679 0.721815 0.699663 0.679073 0.635139 0.618452 0.600027 0.58399 0.571888 0.56192 0.555837 0.547806 0.542502 0.538077 0.532271 0.526404 0.520798 0.511747 0.50383 0.493078 0.458288 0.445506 0.432915 0.419567 0.40899 0.370162 0.353436 0.344913 0.338293 0.331716 0.326746 0.322955 0.320071 0.317936 0.316454 0.315501 0.315027 0.314941 0.315191 0.315766 0.316683 0.312068 0.314603 0.316287
-9999 -9999 -9999 -9999 -9999 -9999 -9999 -9999 -9999 0.922751 0.919695 0.915396 0.911896 0.910851 0.907894 0.904824 0.902074 0.898093 0.892611 0.885045 0.877245 0.86781 0.856201 0.843222 0.826464 0.807361 0.741519 0.719553 0.699451 0.680699 0.63487 0.617374 0.600494 0.58611 0.57401 0.563895 0.555398 0.547665 0.541316 0.534738 0.529166 0.524132 0.517254 0.508276 0.501441 0.491287 0.479672 0.444053 0.431291 0.419314 0.410088 0.362812 0.353282 0.34537 0.338427 0.332744 0.328122 0.32423 0.321279 0.31897 0.317239 0.316009 0.315192 0.314769 0.314657 0.315001 0.315708 0.318119 0.312609 0.313779
-9999 -9999 -9999 -9999 -9999 -9999 -9999 -9999 -9999 0.921995 0.918013 0.913044 0.909231 0.906843 0.902661 0.897946 0.893954 0.889419 0.883092 0.875875 0.867962 0.858656 0.847977 0.834864 0.821647 0.803091 0.737381 0.717287 0.698227 0.650826 0.634405 0.617316 0.601594 0.588002 0.575051 0.564593 0.555609 0.548801 0.541721 0.533787 0.526631 0.519572 0.513049 0.504554 0.496376 0.487 0.477011 0.440703 0.42942 0.418877 0.399733 0.360258 0.352029 0.344799 0.338376 0.333101 0.328487 0.324518 0.321466 0.319015 0.31709 0.315607 0.31454 0.313876 0.313501 0.31373 0.314522 0.316166 0.311251 0.310732
-9999 -9999 -9999 -9999 -9999 -9999 -9999 -9999 -9999 0.92296 0.917645 0.91207 0.908076 0.904835 0.898369 0.89246 0.88761 0.882174 0.875707 0.869493 0.859996 0.849635 0.839281 0.828433 0.816669 0.800907 0.758947 0.715227 0.697383 0.650472 0.634978 0.619144 0.60324 0.58874 0.575358 0.564343 0.555212 0.549006 0.543516 0.534213 0.524923 0.516947 0.509112 0.501896 0.493246 0.484061 0.475033 0.462113 0.428097 0.41777 0.366854 0.358687 0.350733 0.343567 0.338166 0.332975 0.327873 0.323736 0.320614 0.318039 0.315936 0.314281 0.313012 0.31221 0.311709 0.311589 0.313253 0.314443 0.315578 0.307092
-9999 -9999 -9999 -9999 -9999 -9999 -9999 -9999 -9999 0.925069 0.919474 0.913001 0.908133 0.902319 0.895198 0.889017 0.882914 0.876701 0.869812 0.862443 0.853602 0.844061 0.83412 0.823682 0.812458 0.799377 0.782919 0.713971 0.672736 0.649405 0.634715 0.618563 0.602814 0.587209 0.573897 0.562994 0.553326 0.544764 0.538239 0.532473 0.524344 0.514939 0.507645 0.50022 0.490534 0.481232 0.472436 0.46303 0.42473 0.405543 0.364882 0.357175 0.349308 0.341475 0.335647 0.330726 0.325695 0.321915 0.318714 0.316017 0.31381 0.31202 0.310608 0.30963 0.3091 0.309741 0.310445 0.311759 0.311942 0.302264
-9999 -9999 -9999 -9999 -9999 -9999 -9999 -9999 -9999 0.928484 0.921493 0.914262 0.90714 0.899997 0.892922 0.887381 0.88036 0.873768 0.865785 0.857619 0.849039 0.839432 0.829423 0.819935 0.808943 0.797323 0.781378 0.738389 0.661799 0.647067 0.634161 0.616855 0.600221 0.584863 0.571717 0.562068 0.550967 0.541802 0.533838 0.526935 0.521028 0.51278 0.506171 0.497659 0.487856 0.478287 0.468794 0.459404 0.446473 0.40185 0.361937 0.354656 0.346968 0.339543 0.332713 0.327507 0.322871 0.319043 0.315776 0.313005 0.310718 0.308876 0.307438 0.306398 0.306517 0.307063 0.307334 0.308047 0.307979 0.305462
