Test_Spring_2018b/12_17/Prec/20171209_019.txt
ncols	170
nrows	115
xllcorner	350000.000000
yllcorner	4445000.000000
cellsize	1000.000000
nodata_value	-9999.000000
[rows 32 to 63 of 115, columns 72 to 143 of 170]
1.1216 1.14323 1.1512 1.16095 1.246 1.28443 1.29261 1.31075 1.3327 1.35988 1.37886 1.39659 1.41127 1.43599 1.48471 1.52822 1.51593 1.52126 1.53942 1.52018 1.53667 1.57303 1.62274 1.6015 1.61188 1.6802 1.70332 -9999 -9999 -9999 -9999 -9999 -9999 -9999 -9999 -9999 -9999 -9999 -9999 -9999 -9999 -9999 -9999 -9999 -9999 -9999 -9999 -9999 -9999 -9999 -9999 -9999 -9999 -9999 -9999 -9999 -9999 -9999 -9999 -9999 -9999 -9999 -9999 -9999 -9999 -9999 -9999 -9999 -9999 -9999 -9999 -9999
1.12023 1.13866 1.14223 1.16041 1.1979 1.27319 1.28549 1.30128 1.31971 1.34003 1.35851 1.37596 1.39887 1.42542 1.46844 1.51709 1.53345 1.52001 1.52481 1.52689 1.54323 1.56231 1.5894 1.57582 1.5735 1.59897 1.67736 1.72159 -9999 -9999 -9999 -9999 -9999 -9999 -9999 -9999 -9999 -9999 -9999 -9999 -9999 -9999 -9999 -9999 -9999 -9999 -9999 -9999 -9999 -9999 -9999 -9999 -9999 -9999 -9999 -9999 -9999 -9999 -9999 -9999 -9999 -9999 -9999 -9999 -9999 -9999 -9999 -9999 -9999 -9999 -9999 -9999
1.11917 1.14854 1.15775 1.16976 1.21573 1.27641 1.29264 1.29381 1.31092 1.3268 1.34758 1.36574 1.38625 1.41202 1.44328 1.4781 1.5318 1.51013 1.49415 1.50071 1.50771 1.52338 1.55049 1.53816 1.54301 1.5899 1.68252 1.70395 1.71452 -9999 -9999 -9999 -9999 -9999 -9999 -9999 -9999 -9999 -9999 -9999 -9999 -9999 -9999 -9999 -9999 -9999 -9999 -9999 -9999 -9999 -9999 -9999 -9999 -9999 -9999 -9999 -9999 -9999 -9999 -9999 -9999 -9999 -9999 -9999 -9999 -9999 -9999 -9999 -9999 -9999 -9999 -9999
1.11839 1.15133 1.16113 1.16891 1.19588 1.223 1.27994 1.29242 1.30374 1.31933 1.34006 1.3732 1.38738 1.39839 1.42194 1.4605 1.49837 1.51333 1.48607 1.48288 1.49131 1.49012 1.51476 1.51267 1.52277 1.55463 1.61007 1.6768 1.69191 1.71786 -9999 -9999 -9999 -9999 -9999 -9999 -9999 -9999 -9999 -9999 -9999 -9999 -9999 -9999 -9999 -9999 -9999 -9999 -9999 -9999 -9999 -9999 -9999 -9999 -9999 -9999 -9999 -9999 -9999 -9999 -9999 -9999 -9999 -9999 -9999 -9999 -9999 -9999 -9999 -9999 -9999 -9999
-9999 -9999 1.16898 1.19722 1.20248 1.22556 1.27593 1.28714 1.2973 1.31292 1.34062 1.3598 1.37146 1.39084 1.41647 1.43514 1.46183 1.48894 1.48843 1.46636 1.48626 1.47275 1.48168 1.48523 1.50644 1.57661 1.6163 1.67705 1.69184 1.71434 -9999 -9999 -9999 -9999 -9999 -9999 -9999 -9999 -9999 -9999 -9999 -9999 -9999 -9999 -9999 -9999 -9999 -9999 -9999 -9999 -9999 -9999 -9999 -9999 -9999 -9999 -9999 -9999 -9999 -9999 -9999 -9999 -9999 -9999 -9999 -9999 -9999 -9999 -9999 -9999 -9999 -9999
-9999 -9999 -9999 1.19122 1.2004 1.20293 1.27243 1.28667 1.2935 1.3089 1.32804 1.34435 1.36108 1.37838 1.39964 1.42146 1.44689 1.4558 1.4444 1.4514 1.46267 1.46723 1.46556 1.4762 1.52114 1.58654 1.61446 1.69282 1.7153 1.7188 1.73561 -9999 -9999 -9999 -9999 -9999 -9999 -9999 -9999 -9999 -9999 -9999 -9999 1.72761 -9999 -9999 -9999 -9999 -9999 -9999 -9999 -9999 -9999 -9999 -9999 -9999 -9999 -9999 -9999 -9999 -9999 -9999 -9999 -9999 1.86037 -9999 -9999 -9999 -9999 -9999 -9999 -9999
-9999 -9999 1.13801 1.16746 1.18222 1.19379 1.231 1.28416 1.29026 1.30603 1.32389 1.34049 1.36083 1.37265 1.38818 1.41083 1.42113 1.42211 1.42642 1.43057 1.43629 1.44594 1.45829 1.47217 1.52915 1.55588 1.57694 1.61974 1.67743 1.70096 1.73295 1.75867 -9999 -9999 -9999 -9999 -9999 -9999 -9999 1.73601 1.73932 1.74139 1.73845 1.72572 1.73883 -9999 -9999 -9999 -9999 -9999 -9999 -9999 -9999 -9999 -9999 -9999 -9999 -9999 -9999 -9999 -9999 -9999 -9999 -9999 1.85874 1.87873 -9999 -9999 -9999 -9999 -9999 -9999
-9999 -9999 1.14182 1.15504 1.17496 1.18881 1.20691 1.27732 1.29207 1.30483 1.31995 1.3371 1.35488 1.36394 1.38175 1.39423 1.40478 1.40323 1.40847 1.41904 1.43098 1.44306 1.46245 1.47328 1.51925 1.54092 1.56946 1.59832 1.66199 1.70482 1.74632 1.78037 -9999 -9999 -9999 -9999 -9999 -9999 1.73547 1.72439 1.71876 1.73828 1.72686 1.71721 1.72349 1.74861 -9999 -9999 -9999 -9999 -9999 -9999 -9999 -9999 -9999 -9999 -9999 -9999 -9999 -9999 1.77969 1.79935 1.84046 1.86057 1.87208 1.88972 -9999 -9999 -9999 -9999 -9999 -9999
-9999 -9999 1.13426 1.14735 1.1656 1.18452 1.2102 1.26338 1.29061 1.306 1.32118 1.33466 1.34642 1.36372 1.37478 1.3943 1.38795 1.39451 1.40411 1.42363 1.43685 1.46694 1.48592 1.52838 1.52224 1.54761 1.58742 1.63394 1.71749 1.72385 1.7448 1.77647 -9999 -9999 -9999 -9999 -9999 -9999 1.73583 1.72369 1.71409 1.71498 1.73495 1.71532 1.72754 1.74666 1.75638 1.75303 1.75552 1.78013 1.7655 1.76896 1.78166 1.78161 -9999 -9999 -9999 -9999 1.79318 1.79166 1.78939 1.79598 1.84036 1.86984 1.89634 1.9038 -9999 -9999 -9999 -9999 -9999 -9999
-9999 -9999 1.11361 1.13516 1.16163 1.19162 1.21272 1.26734 1.29398 1.31355 1.32895 1.34128 1.35132 1.36208 1.37533 1.37964 1.38538 1.39469 1.42425 1.45857 1.4541 1.47752 1.53683 1.53328 1.53057 1.55895 1.60594 1.65805 1.71245 1.71684 1.74397 1.78185 -9999 -9999 -9999 1.77697 1.75909 1.75944 1.75544 1.73858 1.72654 1.71304 1.70891 1.71301 1.7325 1.75197 1.77346 1.77682 1.76068 1.76395 1.77059 1.77501 1.78831 1.80217 1.80093 1.80181 1.80419 1.80752 1.80832 1.80704 1.80617 1.81214 1.84146 1.86217 1.87455 1.9224 -9999 -9999 -9999 -9999 -9999 -9999
-9999 -9999 1.10457 1.12848 1.15438 1.19662 1.22601 1.24729 1.29819 1.3181 1.33251 1.35192 1.3553 1.36333 1.37009 1.37714 1.38494 1.40948 1.44228 1.47617 1.49639 1.51109 1.54314 1.55671 1.55437 1.57525 1.621 1.66949 1.68735 1.73156 1.76773 1.80556 -9999 -9999 1.81754 1.78133 1.75608 1.74375 1.7411 1.74256 1.72667 1.72811 1.71222 1.72147 1.75859 1.76281 1.77587 1.77863 1.79279 1.79999 1.80718 1.79436 1.79977 1.80676 1.80848 1.81232 1.81536 1.81719 1.82033 1.81792 1.81558 1.81789 1.84517 1.85687 1.87677 1.94088 -9999 -9999 -9999 -9999 -9999 -9999
-9999 -9999 1.10612 1.1311 1.15525 1.18725 1.21196 1.25359 1.31053 1.32026 1.33784 1.35516 1.36799 1.36777 1.37304 1.37763 1.38244 1.40487 1.43111 1.4698 1.49752 1.52878 1.54906 1.59634 1.60296 1.62046 1.6387 1.64931 1.67533 1.72981 1.75719 1.79602 1.82094 -9999 1.81932 1.80428 1.77351 1.74726 1.73106 1.73905 1.72054 1.71959 1.71151 1.72353 1.75062 1.77818 1.78778 1.79938 1.79538 1.79348 1.80766 1.81218 1.80767 1.81391 1.81896 1.82338 1.82644 1.82779 1.82788 1.82656 1.82459 1.82318 1.83349 1.85036 1.8794 1.94575 -9999 -9999 -9999 -9999 -9999 -9999
-9999 1.07249 1.10018 1.12119 1.15186 1.18348 1.21413 1.24366 1.29461 1.32437 1.33947 1.35645 1.37893 1.38382 1.38533 1.38029 1.38317 1.38757 1.40317 1.44847 1.47675 1.5167 1.55587 1.59176 1.60211 1.5967 1.61366 1.64345 1.6741 1.72994 1.75637 1.78523 1.82977 1.83051 1.81501 1.80331 1.78266 1.74988 1.7272 1.71799 1.71599 1.71049 1.71019 1.73698 1.75818 1.77108 1.78796 1.7993 1.80994 1.81237 1.82598 1.81928 1.82293 1.82261 1.82825 1.83283 1.83582 1.83696 1.83662 1.83516 1.83218 1.82853 1.83014 1.84628 1.89841 1.94277 -9999 -9999 -9999 -9999 -9999 -9999
-9999 -9999 1.09934 1.13109 1.16805 1.20291 1.23291 1.25961 1.30305 1.32511 1.33845 1.35945 1.38213 1.40121 1.39256 1.38972 1.38627 1.38798 1.3925 1.44214 1.46936 1.49489 1.53352 1.54972 1.55784 1.57425 1.59642 1.64347 1.68954 1.758 1.80032 1.80968 1.83548 1.82838 1.81901 1.78914 1.76795 1.75969 1.75399 1.72069 1.71359 1.72165 1.71886 1.7382 1.75372 1.77252 1.78031 1.79213 1.80345 1.83998 1.83508 1.84291 1.83495 1.83457 1.83545 1.84028 1.8432 1.8446 1.84414 1.84223 1.83884 1.83848 1.83871 1.84881 1.90911 1.94716 -9999 -9999 -9999 -9999 -9999 -9999
-9999 -9999 -9999 -9999 1.17354 1.20782 1.24239 1.2721 1.30835 1.32778 1.3443 1.3592 1.37527 1.39834 1.40452 1.40325 1.41713 1.40965 1.40143 1.40904 1.42049 1.46202 1.5 1.50193 1.52385 1.56395 1.59922 1.63375 1.6857 1.74476 1.79213 1.82825 1.83538 1.80858 1.78552 1.75498 1.74168 1.75031 1.74216 1.72989 1.71414 1.7098 1.71847 1.73897 1.75359 1.77789 1.77524 1.78564 1.80389 1.8213 1.83935 1.84072 1.84613 1.8406 1.84338 1.84541 1.84863 1.84995 1.84951 1.84748 1.84795 1.84552 1.84294 1.84089 1.90304 1.95942 -9999 -9999 -9999 -9999 -9999 -9999
-9999 -9999 -9999 -9999 1.18551 1.2227 1.25309 1.26789 1.31077 1.33096 1.35121 1.36448 1.37905 1.3977 1.41379 1.42606 1.44239 1.43656 1.41887 1.4128 1.42095 1.45898 1.46832 1.4904 1.51828 1.56571 1.6054 1.63446 1.68539 1.74739 1.78234 1.8248 1.81605 1.80401 1.7858 1.75213 1.72913 1.72045 1.73015 1.72181 1.70334 1.7086 1.72769 1.73514 1.75579 1.78565 1.77726 1.78361 1.80026 1.8112 1.83303 1.83946 1.84235 1.84422 1.84641 1.85008 1.85217 1.85355 1.85302 1.85248 1.8508 1.84842 1.84608 1.84403 1.88359 1.96407 -9999 -9999 -9999 -9999 -9999 -9999
-9999 -9999 -9999 -9999 -9999 1.23739 1.25716 1.26508 1.31217 1.33774 1.35207 1.36707 1.38371 1.39548 1.41367 1.43488 1.47483 1.46752 1.45157 1.42896 1.423 1.43719 1.46882 1.50106 1.55564 1.60606 1.62829 1.65133 1.69312 1.74831 1.78605 1.77787 1.76619 1.75102 1.74345 1.74747 1.7278 1.71207 1.72073 1.71009 1.69861 1.71142 1.72282 1.73495 1.75701 1.76859 1.77937 1.78015 1.80014 1.80741 1.82726 1.83674 1.84218 1.84593 1.8481 1.85148 1.85387 1.85483 1.85508 1.85393 1.85245 1.85061 1.84864 1.84692 1.84903 1.89538 1.9199 -9999 -9999 -9999 -9999 -9999
-9999 -9999 -9999 -9999 -9999 1.25501 1.28377 1.2859 1.32962 1.33936 1.35157 1.36673 1.38741 1.40111 1.4266 1.43473 1.4712 1.4918 1.48282 1.49529 1.46403 1.43985 1.47072 1.56084 1.60521 1.64236 1.65567 1.67324 1.69682 1.76794 1.78836 1.76179 1.74601 1.73332 1.72317 1.72254 1.72354 1.69863 1.69704 1.69169 1.69802 1.70325 1.72381 1.74074 1.74725 1.76654 1.7796 1.7799 1.80336 1.80476 1.82574 1.83766 1.84551 1.84509 1.84876 1.85167 1.85446 1.85549 1.85611 1.855 1.85349 1.85202 1.85075 1.84922 1.84837 1.85981 1.88135 1.88971 1.88306 -9999 -9999 -9999
-9999 -9999 -9999 -9999 -9999 -9999 1.31377 1.30155 1.33415 1.347 1.35093 1.36446 1.38684 1.40151 1.42695 1.44827 1.48153 1.5199 1.54911 1.4984 1.45755 1.4431 1.46959 1.54707 1.58853 1.60743 1.61095 1.64001 1.66524 1.72741 1.74572 1.7655 1.76382 1.74447 1.7304 1.71292 1.70038 1.70059 1.69413 1.69256 1.69696 1.70167 1.71089 1.72111 1.74732 1.74961 1.76845 1.77616 1.79026 1.80382 1.82532 1.8408 1.84286 1.84428 1.84779 1.85302 1.85468 1.85556 1.85622 1.85693 1.85437 1.85335 1.85231 1.85157 1.85083 1.85824 1.8616 1.8753 1.89334 1.91581 -9999 -9999
-9999 -9999 -9999 -9999 -9999 -9999 1.33496 1.32134 1.35277 1.34701 1.35648 1.3713 1.38117 1.39472 1.41557 1.44368 1.46711 1.51051 1.55669 1.50975 1.46755 1.44999 1.46197 1.53866 1.54124 1.56977 1.58208 1.61947 1.64366 1.684 1.70833 1.73226 1.75582 1.7745 1.73353 1.71284 1.69641 1.68981 1.68773 1.68925 1.69864 1.70541 1.73224 1.72667 1.74093 1.75309 1.7658 1.77774 1.79024 1.80263 1.82304 1.83106 1.84243 1.84588 1.85144 1.8534 1.85476 1.85584 1.8568 1.85764 1.85859 1.85937 1.85397 1.85373 1.85361 1.86145 1.86286 1.86488 1.86954 1.89914 1.91724 1.92738
-9999 -9999 -9999 -9999 -9999 -9999 1.39803 1.36113 1.36662 1.35996 1.36481 1.37123 1.37837 1.39521 1.40747 1.42935 1.44984 1.48017 1.52491 1.55572 1.53011 1.47508 1.46682 1.49401 1.51148 1.54093 1.56891 1.58594 1.59968 1.64764 1.67605 1.71004 1.73208 1.74463 1.71501 1.71251 1.71667 1.68384 1.68688 1.69313 1.71211 1.7383 1.74425 1.75703 1.76315 1.78455 1.78487 1.78657 1.79359 1.80375 1.82419 1.83695 1.84267 1.84914 1.85186 1.85398 1.85553 1.85669 1.85777 1.8591 1.86035 1.86137 1.863 1.86466 1.85655 1.86498 1.86648 1.8684 1.87021 1.87578 1.88336 1.90144
-9999 -9999 -9999 -9999 -9999 -9999 1.39652 1.40002 1.37561 1.38109 1.36916 1.37553 1.37603 1.38561 1.3992 1.41977 1.44394 1.47052 1.51039 1.54268 1.52037 1.50181 1.48291 1.49736 1.51482 1.5308 1.54887 1.56152 1.57945 1.61802 1.6414 1.68474 1.70366 1.72796 1.69517 1.69358 1.70157 1.68665 1.69116 1.72265 1.74906 1.75857 1.75981 1.78138 1.79723 1.80691 1.8084 1.79566 1.81829 1.82598 1.83523 1.83933 1.8476 1.85068 1.85334 1.85535 1.85706 1.85832 1.85948 1.86111 1.86264 1.86421 1.8662 1.86811 1.8701 1.88021 1.87087 1.87262 1.87437 1.87677 1.89018 1.89424
-9999 -9999 -9999 -9999 -9999 -9999 1.37544 1.41428 1.39321 1.38612 1.37189 1.37272 1.3743 1.38266 1.39849 1.4121 1.4299 1.45484 1.47435 1.50475 1.54508 1.50174 1.51534 1.52627 1.52935 1.52951 1.5452 1.56702 1.61607 1.61837 1.64294 1.66901 1.68054 1.69554 1.67907 1.68201 1.68558 1.69006 1.71684 1.75334 1.7845 1.7733 1.78498 1.79265 1.83165 1.8269 1.82016 1.82452 1.83469 1.85161 1.84471 1.85137 1.85279 1.85433 1.85577 1.85804 1.85943 1.86106 1.86257 1.86414 1.86597 1.86783 1.86987 1.87194 1.87434 1.88478 1.88742 1.90353 1.90492 1.89244 1.89291 1.89929
-9999 -9999 -9999 -9999 -9999 -9999 -9999 1.41913 1.40707 1.37659 1.36545 1.36199 1.36509 1.37476 1.3874 1.39967 1.41378 1.43415 1.45857 1.49405 1.52345 1.52028 1.53679 1.56137 1.56484 1.54833 1.55205 1.58085 1.66079 1.66543 1.64879 1.65561 1.66297 1.6697 1.674 1.68025 1.68972 1.70936 1.76198 1.77997 1.80532 1.81056 1.82846 1.82514 1.84607 1.83416 1.83437 1.84002 1.86869 1.8876 1.87603 1.87097 1.87588 1.87273 1.85981 1.86173 1.86338 1.86518 1.8667 1.86835 1.87023 1.88285 1.8857 1.88849 1.89258 1.90337 1.90771 1.91085 1.91454 1.91228 1.91202 1.92948
-9999 -9999 -9999 -9999 -9999 -9999 -9999 1.45178 1.41669 1.37649 1.37367 1.36873 1.36436 1.3741 1.38998 1.40459 1.41893 1.43419 1.46318 1.49217 1.52108 1.53783 1.54495 1.59501 1.59107 1.5643 1.56985 1.58611 1.68725 1.70914 1.68428 1.66351 1.66696 1.6743 1.71084 1.70815 1.72973 1.75783 1.76941 1.78549 1.81379 1.81059 1.83451 1.83621 1.86044 1.85725 1.86021 1.85412 1.87965 1.90316 1.89226 1.8848 1.88792 1.87839 1.87624 1.87702 1.87851 1.88011 1.88201 1.88396 1.8864 1.88906 1.89184 1.89491 1.89862 1.90654 1.94084 1.94265 1.93755 1.93223 1.93076 1.93771
-9999 -9999 -9999 -9999 -9999 -9999 -9999 1.44605 1.42677 1.39234 1.36947 1.38069 1.37401 1.3749 1.39206 1.4094 1.4265 1.43848 1.47004 1.50437 1.53447 1.56912 1.5761 1.57029 1.59419 1.58087 1.58877 1.60632 1.69166 1.6905 1.67597 1.67093 1.67339 1.68142 1.69329 1.70203 1.71953 1.73005 1.7532 1.7869 1.80438 1.80463 1.84181 1.84794 1.84557 1.88011 1.86943 1.86836 1.89854 1.91216 1.89668 1.89043 1.8848 1.88339 1.88413 1.88364 1.88558 1.88735 1.88928 1.89149 1.89378 1.89657 1.89929 1.90405 1.9098 1.93334 1.95522 1.95513 1.94632 1.9383 1.95104 1.94672
-9999 -9999 -9999 -9999 -9999 -9999 -9999 1.44103 1.42466 1.39647 1.38424 1.3929 1.38434 1.37684 1.38879 1.4071 1.41867 1.4368 1.46536 1.49633 1.52985 1.55172 1.58926 1.57452 1.60797 1.59799 1.5996 1.68545 1.70329 1.69669 1.68936 1.69028 1.68135 1.68719 1.69747 1.72394 1.73949 1.74042 1.75053 1.76443 1.79008 1.79797 1.81774 1.8307 1.84367 1.88268 1.88066 1.88732 1.90017 1.90267 1.89699 1.89422 1.89148 1.89294 1.89286 1.89164 1.89354 1.89555 1.8977 1.89979 1.90225 1.90548 1.9085 1.91551 1.92617 1.94421 1.98382 1.96656 1.94807 1.95465 1.96046 1.95728
-9999 -9999 -9999 -9999 -9999 -9999 -9999 1.44923 1.43004 1.40791 1.40672 1.4175 1.39235 1.38061 1.39087 1.40485 1.41918 1.45167 1.45951 1.47365 1.505 1.54665 1.59187 1.59995 1.60652 1.6176 1.61941 1.71772 1.73683 1.73803 1.72313 1.70994 1.69526 1.69594 1.7079 1.74664 1.78743 1.77665 1.76497 1.7712 1.78285 1.80748 1.8204 1.83312 1.85393 1.88641 1.90411 1.90539 1.9154 1.91326 1.90634 1.90087 1.90852 1.90974 1.90323 1.90044 1.90265 1.90482 1.9068 1.90903 1.91141 1.91545 1.91951 1.92492 1.94943 1.96506 1.99557 1.97602 1.96366 1.98126 1.96874 1.96575
-9999 -9999 -9999 -9999 -9999 -9999 -9999 1.46364 1.4541 1.43339 1.43333 1.42327 1.40029 1.3943 1.39654 1.40671 1.41968 1.43957 1.45532 1.47736 1.50969 1.55063 1.59541 1.62874 1.62902 1.64654 1.67235 1.74557 1.76793 1.76012 1.74392 1.71548 1.70187 1.70553 1.71346 1.72616 1.75769 1.79461 1.80042 1.79096 1.81048 1.83245 1.83122 1.8402 1.86066 1.8778 1.90742 1.91961 1.93203 1.93194 1.92332 1.90763 1.9089 1.9132 1.9079 1.91038 1.91278 1.91482 1.91699 1.91908 1.92119 1.92459 1.92992 1.9466 1.96116 1.98075 1.98391 1.97562 1.97878 1.98362 1.97768 1.97588
-9999 -9999 -9999 -9999 -9999 -9999 -9999 1.4869 1.47249 1.45401 1.43657 1.41971 1.40602 1.41553 1.41248 1.42267 1.42521 1.43686 1.45613 1.47629 1.50556 1.55522 1.59903 1.64623 1.64824 1.63524 1.73385 1.76094 1.80237 1.77805 1.74979 1.72441 1.71369 1.73452 1.72648 1.73377 1.74937 1.77381 1.80859 1.81417 1.84213 1.84973 1.84561 1.8493 1.85873 1.87349 1.89411 1.92283 1.94106 1.94477 1.93754 1.92675 1.91584 1.91732 1.91798 1.92103 1.92376 1.92595 1.92805 1.93022 1.93263 1.93578 1.94978 1.96603 1.97627 1.9899 1.99204 1.97604 1.98286 1.99117 1.98611 1.98434
-9999 -9999 -9999 -9999 -9999 -9999 -9999 -9999 1.48006 1.46056 1.44913 1.45574 1.44507 1.44413 1.44524 1.45329 1.43534 1.44338 1.45908 1.47837 1.50479 1.54497 1.57655 1.62234 1.65879 1.69979 1.77528 1.77611 1.78842 1.78281 1.75634 1.72785 1.73143 1.76175 1.76494 1.76637 1.76153 1.773 1.8182 1.84419 1.86698 1.86174 1.85621 1.86042 1.86737 1.8776 1.89809 1.94626 1.93614 1.93008 1.93311 1.92788 1.92499 1.92731 1.92964 1.9329 1.93565 1.93813 1.94064 1.94263 1.94591 1.95136 1.96644 2.00145 2.00027 2.00431 2.01527 2.00302 2.0143 2.00086 1.99391 1.99245
-9999 -9999 -9999 -9999 -9999 -9999 -9999 -9999 1.49701 1.47225 1.47865 1.49315 1.51944 1.52484 1.48525 1.48522 1.46826 1.45248 1.46372 1.4827 1.50798 1.53608 1.57443 1.62468 1.66741 1.75471 1.74432 1.75651 1.75985 1.75906 1.74664 1.75107 1.78277 1.81242 1.80676 1.80564 1.78302 1.78366 1.79507 1.82461 1.85774 1.87823 1.8683 1.87324 1.87983 1.88762 1.90524 1.9329 1.93853 1.93487 1.93409 1.9362 1.93495 1.93821 1.94205 1.94529 1.94855 1.95142 1.95441 1.95703 1.96332 1.97035 1.99407 2.01367 2.02578 2.04111 2.00608 2.00716 2.01269 2.00986 2.00286 2.00169
