Test_Spring_2018b/12_17/Prec/20171228_011.txt
ncols	170
nrows	115
xllcorner	350000.000000
yllcorner	4445000.000000
cellsize	1000.000000
nodata_value	-9999.000000
[rows 31 to 61 of 115, columns 70 to 139 of 170]
0.823551 0.831537 0.830209 0.813217 0.807 0.820098 0.806323 0.798464 0.742902 0.736324 0.720856 0.713391 0.701144 0.682478 0.673564 0.643503 0.550678 0.575921 0.585868 0.559578 0.575115 0.600352 0.580785 0.520163 0.495297 0.45422 0.468067 0.452343 0.420031 -9999 -9999 -9999 -9999 -9999 -9999 -9999 -9999 -9999 -9999 -9999 -9999 -9999 -9999 -9999 -9999 -9999 -9999 -9999 -9999 -9999 -9999 -9999 -9999 -9999 -9999 -9999 -9999 -9999 -9999 -9999 -9999 -9999 -9999 -9999 -9999 -9999 -9999 -9999 -9999 -9999
0.826779 0.826772 0.819423 0.802806 0.810661 0.817104 0.785684 0.770977 0.742453 0.738439 0.72696 0.705378 0.695706 0.68622 0.679871 0.654902 0.588278 0.528569 0.559942 0.560876 0.539596 0.579757 0.560329 0.507872 0.433416 0.476887 0.468256 0.408887 0.403624 -9999 -9999 -9999 -9999 -9999 -9999 -9999 -9999 -9999 -9999 -9999 -9999 -9999 -9999 -9999 -9999 -9999 -9999 -9999 -9999 -9999 -9999 -9999 -9999 -9999 -9999 -9999 -9999 -9999 -9999 -9999 -9999 -9999 -9999 -9999 -9999 -9999 -9999 -9999 -9999 -9999
0.808127 0.818038 0.806258 0.795238 0.810485 0.802796 0.790769 0.777239 0.740741 0.739692 0.733084 0.721895 0.712151 0.702384 0.681823 0.653553 0.596397 0.528534 0.513031 0.546043 0.548138 0.554292 0.536603 0.514361 0.478976 0.511253 0.525097 0.489248 0.44565 0.413516 -9999 -9999 -9999 -9999 -9999 -9999 -9999 -9999 -9999 -9999 -9999 -9999 -9999 -9999 -9999 -9999 -9999 -9999 -9999 -9999 -9999 -9999 -9999 -9999 -9999 -9999 -9999 -9999 -9999 -9999 -9999 -9999 -9999 -9999 -9999 -9999 -9999 -9999 -9999 -9999
0.78241 0.804301 0.790024 0.761671 0.768171 0.771141 0.776543 0.716763 0.715544 0.738304 0.733348 0.728898 0.714709 0.703204 0.686168 0.658923 0.621235 0.576518 0.499583 0.546991 0.584516 0.584421 0.58356 0.568391 0.534435 0.56612 0.569536 0.529165 0.470121 0.442574 0.432752 -9999 -9999 -9999 -9999 -9999 -9999 -9999 -9999 -9999 -9999 -9999 -9999 -9999 -9999 -9999 -9999 -9999 -9999 -9999 -9999 -9999 -9999 -9999 -9999 -9999 -9999 -9999 -9999 -9999 -9999 -9999 -9999 -9999 -9999 -9999 -9999 -9999 -9999 -9999
-9999 0.784954 0.771157 0.738164 0.744851 0.755833 0.770922 0.733118 0.723708 0.727759 0.732247 0.728011 0.713505 0.676729 0.669807 0.666754 0.64172 0.590851 0.540477 0.527658 0.58468 0.601745 0.59967 0.613776 0.585321 0.601509 0.597726 0.589385 0.535001 0.487521 0.471579 0.43719 -9999 -9999 -9999 -9999 -9999 -9999 -9999 -9999 -9999 -9999 -9999 -9999 -9999 -9999 -9999 -9999 -9999 -9999 -9999 -9999 -9999 -9999 -9999 -9999 -9999 -9999 -9999 -9999 -9999 -9999 -9999 -9999 -9999 -9999 -9999 -9999 -9999 -9999
-9999 -9999 -9999 -9999 0.713301 0.727562 0.697129 0.71638 0.71812 0.72479 0.731447 0.727168 0.700925 0.686993 0.683901 0.666614 0.637874 0.619895 0.588141 0.5555 0.568712 0.617888 0.59781 0.633557 0.632536 0.640859 0.620245 0.58031 0.522935 0.487197 0.473343 0.446084 -9999 -9999 -9999 -9999 -9999 -9999 -9999 -9999 -9999 -9999 -9999 -9999 -9999 -9999 -9999 -9999 -9999 -9999 -9999 -9999 -9999 -9999 -9999 -9999 -9999 -9999 -9999 -9999 -9999 -9999 -9999 -9999 -9999 -9999 -9999 -9999 -9999 -9999
-9999 -9999 -9999 -9999 -9999 0.721392 0.688127 0.715675 0.712657 0.715242 0.728022 0.724369 0.712331 0.70294 0.691075 0.676797 0.654893 0.631376 0.601577 0.599196 0.630808 0.632388 0.627498 0.634395 0.652303 0.650397 0.622901 0.560293 0.531144 0.461428 0.43649 0.442279 0.425131 -9999 -9999 -9999 -9999 -9999 -9999 -9999 -9999 -9999 -9999 -9999 -9999 0.521619 -9999 -9999 -9999 -9999 -9999 -9999 -9999 -9999 -9999 -9999 -9999 -9999 -9999 -9999 -9999 -9999 -9999 -9999 -9999 -9999 0.454511 -9999 -9999 -9999
-9999 -9999 -9999 -9999 0.72661 0.696683 0.70676 0.721452 0.717505 0.710663 0.725583 0.721829 0.71205 0.702009 0.683755 0.67803 0.665032 0.639588 0.634495 0.645102 0.650761 0.657471 0.662531 0.662032 0.657997 0.652272 0.633066 0.608099 0.592413 0.53331 0.501878 0.476066 0.435171 0.403552 -9999 -9999 -9999 -9999 -9999 -9999 -9999 0.495513 0.495109 0.497189 0.508221 0.536326 0.522545 -9999 -9999 -9999 -9999 -9999 -9999 -9999 -9999 -9999 -9999 -9999 -9999 -9999 -9999 -9999 -9999 -9999 -9999 -9999 0.484264 0.451935 -9999 -9999
-9999 -9999 -9999 -9999 0.688513 0.704003 0.708316 0.721863 0.726792 0.715099 0.716874 0.718828 0.713838 0.702745 0.688251 0.686397 0.668814 0.659459 0.653286 0.667649 0.671627 0.66792 0.663226 0.659653 0.645246 0.646188 0.644704 0.630377 0.604506 0.577632 0.530626 0.47454 0.419334 0.375104 -9999 -9999 -9999 -9999 -9999 -9999 0.501086 0.524278 0.538703 0.512016 0.537525 0.561208 0.559762 0.5523 -9999 -9999 -9999 -9999 -9999 -9999 -9999 -9999 -9999 -9999 -9999 -9999 -9999 -9999 0.648214 0.613731 0.543355 0.508059 0.487785 0.458578 -9999 -9999
-9999 -9999 -9999 -9999 0.685287 0.704216 0.714512 0.722694 0.71786 0.713179 0.715759 0.714236 0.709484 0.704295 0.699227 0.682867 0.675451 0.653395 0.674316 0.67451 0.670881 0.652328 0.645933 0.613342 0.600896 0.601483 0.635317 0.617231 0.575066 0.521231 0.451786 0.448532 0.42892 0.389844 -9999 -9999 -9999 -9999 -9999 -9999 0.509703 0.534363 0.555228 0.559478 0.533239 0.574107 0.585373 0.566734 0.565205 0.586705 0.599584 0.601952 0.625185 0.634824 0.628431 0.641943 -9999 -9999 -9999 -9999 0.657243 0.659421 0.661118 0.647031 0.569857 0.517738 0.47151 0.472052 -9999 -9999
-9999 -9999 -9999 -9999 0.704324 0.712767 0.712963 0.706219 0.712091 0.705246 0.708809 0.71077 0.704776 0.700282 0.69659 0.689452 0.67678 0.678416 0.677975 0.672637 0.635251 0.591866 0.614928 0.5895 0.530314 0.586959 0.617447 0.596848 0.545309 0.48467 0.463746 0.466339 0.438005 0.405704 -9999 -9999 -9999 0.4481 0.482996 0.48704 0.498116 0.530769 0.556093 0.570506 0.584482 0.58973 0.585683 0.567908 0.548615 0.561001 0.606983 0.621587 0.637606 0.647904 0.642575 0.65612 0.669683 0.67746 0.680238 0.678847 0.679164 0.680786 0.680099 0.667082 0.592537 0.553615 0.529687 0.493566 -9999 -9999
-9999 -9999 -9999 -9999 0.691238 0.697251 0.700268 0.71357 0.707057 0.710506 0.698914 0.704535 0.700433 0.683867 0.690412 0.686652 0.683375 0.679056 0.673898 0.642256 0.598836 0.555953 0.538296 0.547373 0.516389 0.543536 0.574695 0.5687 0.546351 0.492899 0.488556 0.475935 0.423301 0.374436 -9999 -9999 0.382876 0.448772 0.495362 0.519842 0.528158 0.530052 0.561597 0.565716 0.600252 0.59848 0.564149 0.572859 0.555131 0.570558 0.59851 0.607257 0.638251 0.661188 0.66852 0.671568 0.68117 0.684661 0.686591 0.687524 0.683484 0.686227 0.687044 0.679063 0.629376 0.606014 0.583322 0.503129 -9999 -9999
-9999 -9999 -9999 -9999 0.698553 0.705848 0.714238 0.708254 0.71204 0.704272 0.682076 0.692822 0.694708 0.681258 0.671263 0.679951 0.677687 0.675906 0.674295 0.644977 0.611638 0.560444 0.530513 0.510704 0.500559 0.49696 0.516003 0.517054 0.516314 0.527075 0.514885 0.48436 0.456257 0.398286 0.368728 -9999 0.387737 0.417962 0.473008 0.519886 0.550044 0.540672 0.576355 0.584541 0.609294 0.600694 0.583251 0.58387 0.587595 0.588911 0.616636 0.633093 0.653177 0.664408 0.675282 0.680656 0.685523 0.688489 0.690473 0.691984 0.692465 0.692657 0.691961 0.689211 0.666767 0.645707 0.594638 0.508628 -9999 -9999
-9999 -9999 -9999 0.663718 0.697913 0.715101 0.715987 0.713843 0.710794 0.70614 0.693044 0.691536 0.688342 0.682895 0.656054 0.655027 0.657559 0.670232 0.670383 0.669781 0.653224 0.590633 0.569311 0.546282 0.508554 0.50022 0.515319 0.556664 0.56026 0.541268 0.51897 0.483907 0.463897 0.430475 0.361879 0.369666 0.401928 0.425922 0.46343 0.520394 0.56067 0.579365 0.58748 0.605354 0.615308 0.609588 0.60335 0.602077 0.595454 0.59893 0.604043 0.622791 0.642289 0.667632 0.6793 0.684614 0.689023 0.691951 0.694018 0.695565 0.696252 0.696007 0.696234 0.696435 0.697279 0.666098 0.598372 0.548118 -9999 -9999
-9999 -9999 -9999 -9999 0.690913 0.693102 0.686409 0.681679 0.682344 0.684788 0.684248 0.679158 0.682352 0.677204 0.654144 0.628509 0.646578 0.654245 0.663588 0.666324 0.667332 0.617346 0.593728 0.576804 0.541401 0.566702 0.587486 0.594624 0.591501 0.545701 0.49942 0.442793 0.391601 0.391434 0.363988 0.379771 0.40129 0.45472 0.492369 0.507966 0.519509 0.577787 0.595587 0.607857 0.626503 0.611011 0.615055 0.605559 0.615581 0.619759 0.625164 0.588627 0.638932 0.644977 0.675173 0.688565 0.692659 0.695194 0.697171 0.697958 0.698402 0.698378 0.698777 0.699974 0.708687 0.690974 0.591257 0.550608 -9999 -9999
-9999 -9999 -9999 -9999 -9999 -9999 0.675664 0.673993 0.669114 0.668441 0.679965 0.680254 0.678829 0.673689 0.660653 0.635741 0.628211 0.632211 0.611774 0.634133 0.662497 0.667185 0.670235 0.627616 0.612619 0.644161 0.643613 0.613007 0.589662 0.565993 0.511188 0.469644 0.410473 0.366018 0.365864 0.418512 0.461605 0.515495 0.539422 0.526437 0.541636 0.574192 0.609446 0.628751 0.629396 0.61318 0.61954 0.602271 0.630911 0.638624 0.633574 0.629623 0.64176 0.658735 0.666765 0.6903 0.69712 0.698309 0.699488 0.700091 0.700176 0.700088 0.704375 0.706633 0.709577 0.712587 0.610389 0.538938 -9999 -9999
-9999 -9999 -9999 -9999 -9999 -9999 0.655203 0.649913 0.653148 0.67833 0.679006 0.678715 0.671585 0.669353 0.658784 0.636117 0.614479 0.595368 0.572428 0.589605 0.631249 0.658736 0.667604 0.631364 0.66419 0.663262 0.653811 0.612024 0.582287 0.568533 0.516121 0.46932 0.430936 0.375924 0.401875 0.429694 0.464754 0.523161 0.562741 0.579668 0.567736 0.588229 0.628544 0.632698 0.616995 0.623465 0.620583 0.595102 0.634159 0.649367 0.64754 0.65472 0.66031 0.668729 0.680581 0.691378 0.69864 0.700363 0.700787 0.701006 0.701114 0.703082 0.704603 0.707397 0.710688 0.714505 0.650579 0.539185 -9999 -9999
-9999 -9999 -9999 -9999 -9999 -9999 -9999 0.626048 0.647122 0.684005 0.677782 0.668859 0.671772 0.66688 0.653009 0.64181 0.615781 0.582279 0.519559 0.539148 0.577938 0.632962 0.665399 0.668919 0.664997 0.647538 0.594127 0.547715 0.547205 0.543658 0.506539 0.470872 0.427759 0.456575 0.487177 0.519923 0.537069 0.532849 0.566744 0.594948 0.584843 0.609588 0.638937 0.631303 0.629171 0.628691 0.624027 0.629486 0.637214 0.661923 0.65463 0.667774 0.676228 0.679025 0.685996 0.692965 0.699592 0.701242 0.70168 0.702027 0.701983 0.703499 0.705339 0.708087 0.71174 0.71599 0.715125 0.660784 0.628023 -9999
-9999 -9999 -9999 -9999 -9999 -9999 -9999 0.597116 0.602515 0.648385 0.647817 0.664974 0.671425 0.666413 0.64613 0.635091 0.59643 0.584516 0.526497 0.502954 0.53038 0.527301 0.601695 0.668769 0.666173 0.552393 0.515589 0.490808 0.504707 0.50983 0.502492 0.440428 0.425736 0.484781 0.52196 0.550468 0.571877 0.576893 0.576259 0.620113 0.627334 0.643882 0.644344 0.649952 0.633251 0.625327 0.646777 0.639613 0.64353 0.668801 0.655319 0.677576 0.68369 0.681561 0.683615 0.696616 0.700003 0.701861 0.702984 0.702524 0.702768 0.703632 0.706382 0.709543 0.713147 0.718195 0.72322 0.727558 0.700237 0.695099
-9999 -9999 -9999 -9999 -9999 -9999 -9999 -9999 0.551183 0.619416 0.637283 0.648712 0.668674 0.666479 0.654654 0.636242 0.59744 0.564649 0.512892 0.454991 0.427871 0.529686 0.619803 0.670331 0.674924 0.581237 0.548297 0.552803 0.581937 0.56701 0.556027 0.509073 0.497359 0.479183 0.492797 0.532999 0.566106 0.596323 0.618752 0.621579 0.637967 0.648482 0.65277 0.659767 0.662266 0.665707 0.654521 0.675253 0.669086 0.681387 0.682548 0.683586 0.688404 0.679241 0.689815 0.698794 0.701686 0.705553 0.704574 0.704553 0.705196 0.706506 0.707832 0.711363 0.715763 0.720607 0.726409 0.738444 0.741618 0.727746
-9999 -9999 -9999 -9999 -9999 -9999 -9999 -9999 0.513599 0.582095 0.60187 0.643241 0.659531 0.668575 0.663143 0.647831 0.61806 0.575442 0.541354 0.476231 0.40969 0.516071 0.613198 0.668222 0.677426 0.602946 0.633039 0.620071 0.633136 0.602978 0.592372 0.582164 0.559811 0.534353 0.506972 0.494412 0.56514 0.601518 0.631309 0.646344 0.656275 0.663251 0.665485 0.662991 0.636427 0.665951 0.674352 0.678024 0.681147 0.685352 0.687943 0.689549 0.695864 0.697834 0.691806 0.703371 0.708472 0.707902 0.707575 0.707605 0.708308 0.710113 0.712927 0.716265 0.719093 0.724128 0.729781 0.742203 0.748847 0.754336
-9999 -9999 -9999 -9999 -9999 -9999 -9999 -9999 0.406077 0.510683 0.580651 0.622155 0.660607 0.666495 0.666719 0.647412 0.633563 0.603015 0.575398 0.533343 0.470202 0.433623 0.515367 0.63132 0.679372 0.68622 0.689816 0.673497 0.658756 0.660642 0.665783 0.643705 0.614849 0.572458 0.564238 0.548772 0.60162 0.608927 0.605696 0.665307 0.667661 0.667465 0.649142 0.62958 0.6398 0.626699 0.648084 0.635454 0.657948 0.677801 0.688036 0.69182 0.697965 0.702147 0.702726 0.712795 0.712286 0.711572 0.711257 0.711663 0.712817 0.714515 0.717554 0.722215 0.725784 0.731401 0.733984 0.746539 0.753096 0.758635
-9999 -9999 -9999 -9999 -9999 -9999 -9999 -9999 0.409733 0.485423 0.560066 0.609221 0.650803 0.657408 0.669795 0.66411 0.649848 0.623331 0.591384 0.557006 0.50304 0.464613 0.520015 0.59965 0.657675 0.686312 0.692676 0.696664 0.696414 0.701329 0.698899 0.695362 0.673488 0.639791 0.616873 0.582802 0.642032 0.649084 0.640751 0.671778 0.672634 0.631211 0.600842 0.601113 0.628206 0.613931 0.620336 0.609097 0.628299 0.670657 0.666509 0.672564 0.697876 0.702638 0.716143 0.716664 0.716344 0.716111 0.716013 0.716854 0.718504 0.72038 0.723578 0.727842 0.732391 0.736803 0.74266 0.755611 0.75724 0.762881
-9999 -9999 -9999 -9999 -9999 -9999 -9999 -9999 0.41615 0.458268 0.525541 0.598988 0.6444 0.66083 0.672583 0.670478 0.654303 0.641186 0.621525 0.591355 0.572211 0.537532 0.489136 0.582288 0.616315 0.64996 0.668197 0.698605 0.702639 0.695092 0.682398 0.69773 0.703944 0.672385 0.662396 0.644728 0.678101 0.678929 0.679192 0.679186 0.643973 0.594778 0.556741 0.591184 0.589671 0.610225 0.577006 0.620113 0.653868 0.667965 0.647041 0.636363 0.689107 0.711014 0.716122 0.719242 0.721216 0.720986 0.72198 0.722824 0.724538 0.727083 0.730258 0.734395 0.739069 0.744259 0.748724 0.761601 0.767698 0.782663
-9999 -9999 -9999 -9999 -9999 -9999 -9999 -9999 -9999 0.424431 0.51952 0.597374 0.63931 0.664874 0.676395 0.67446 0.665895 0.657094 0.645315 0.624046 0.597647 0.554998 0.524827 0.551143 0.584988 0.597311 0.620063 0.676064 0.697878 0.676835 0.616057 0.664343 0.706801 0.707658 0.705317 0.702352 0.697698 0.694328 0.68604 0.661921 0.584617 0.572946 0.545471 0.55337 0.542036 0.5843 0.58075 0.62209 0.642693 0.653122 0.623784 0.641301 0.697521 0.714263 0.712353 0.722165 0.725985 0.726887 0.728056 0.729235 0.7315 0.734385 0.737807 0.74803 0.753202 0.758941 0.763793 0.77729 0.780973 0.785184
-9999 -9999 -9999 -9999 -9999 -9999 -9999 -9999 -9999 0.416375 0.50435 0.597583 0.625558 0.653989 0.678777 0.678013 0.665604 0.654579 0.644025 0.632644 0.599769 0.568597 0.539494 0.532584 0.543549 0.554823 0.588048 0.659192 0.676139 0.674197 0.620667 0.601823 0.658033 0.705155 0.710162 0.707304 0.655196 0.667968 0.640916 0.604048 0.595976 0.582086 0.549667 0.571148 0.54912 0.565068 0.573829 0.599151 0.613713 0.642243 0.616926 0.627858 0.684737 0.705654 0.707191 0.728297 0.736226 0.738943 0.740598 0.742663 0.745156 0.748638 0.752374 0.756696 0.761502 0.766153 0.769696 0.768359 0.742922 0.748804
-9999 -9999 -9999 -9999 -9999 -9999 -9999 -9999 -9999 0.429228 0.4899 0.572981 0.634165 0.636191 0.665641 0.680712 0.667541 0.653416 0.639639 0.634908 0.598702 0.559245 0.528385 0.491582 0.502243 0.535453 0.595075 0.64228 0.653789 0.648309 0.625208 0.644387 0.683653 0.705259 0.712792 0.709865 0.699831 0.694826 0.675589 0.668707 0.641979 0.599079 0.58447 0.599807 0.555056 0.562737 0.58512 0.577893 0.613763 0.632808 0.59881 0.657243 0.693545 0.712737 0.729361 0.737749 0.741752 0.747408 0.749086 0.751474 0.754262 0.757415 0.761266 0.764995 0.769342 0.770545 0.770017 0.739595 0.737602 0.746132
-9999 -9999 -9999 -9999 -9999 -9999 -9999 -9999 -9999 0.442059 0.497133 0.569509 0.61309 0.619808 0.653116 0.683104 0.67973 0.665184 0.661736 0.647772 0.617289 0.58386 0.547474 0.531722 0.49124 0.538558 0.585048 0.625426 0.64616 0.629738 0.619105 0.647304 0.674958 0.687286 0.71458 0.716288 0.709985 0.676571 0.661469 0.671177 0.66648 0.656533 0.628199 0.630399 0.613865 0.609382 0.605412 0.591515 0.611926 0.617232 0.642698 0.690878 0.711055 0.72488 0.737343 0.741756 0.74796 0.755647 0.75809 0.760587 0.763303 0.766674 0.770014 0.77258 0.775839 0.772624 0.763266 0.741342 0.710195 0.746734
-9999 -9999 -9999 -9999 -9999 -9999 -9999 -9999 -9999 0.433982 0.493328 0.555543 0.580989 0.58465 0.646183 0.684053 0.684429 0.678024 0.670886 0.633851 0.638294 0.633131 0.600431 0.551757 0.498212 0.50721 0.54886 0.605365 0.624907 0.590672 0.577837 0.593268 0.633948 0.670374 0.708052 0.719275 0.711133 0.658257 0.60203 0.631677 0.663397 0.666173 0.660827 0.63482 0.629031 0.62424 0.606511 0.577742 0.591181 0.604733 0.676912 0.692755 0.715259 0.734102 0.730033 0.735661 0.753375 0.76445 0.767014 0.769686 0.77286 0.775943 0.779124 0.779853 0.780752 0.779505 0.746478 0.727954 0.704847 0.751967
-9999 -9999 -9999 -9999 -9999 -9999 -9999 -9999 -9999 0.416543 0.459816 0.519823 0.543733 0.582461 0.641012 0.670083 0.684488 0.68514 0.6809 0.665291 0.656992 0.638938 0.604692 0.557117 0.504124 0.470986 0.493313 0.570632 0.600498 0.559609 0.541551 0.572337 0.615777 0.678267 0.715019 0.722187 0.72158 0.712647 0.672354 0.623244 0.626084 0.654806 0.636114 0.614064 0.631202 0.632031 0.614328 0.602418 0.605013 0.632593 0.66983 0.682503 0.708279 0.744736 0.752045 0.753435 0.769982 0.773053 0.775877 0.77912 0.782089 0.785271 0.788509 0.789752 0.787884 0.767209 0.750013 0.724337 0.725665 0.774728
-9999 -9999 -9999 -9999 -9999 -9999 -9999 -9999 -9999 0.385231 0.436903 0.493618 0.546858 0.597408 0.641143 0.645058 0.668797 0.669906 0.683367 0.681728 0.667783 0.652948 0.623794 0.561744 0.510321 0.454146 0.473616 0.547103 0.574238 0.549662 0.500459 0.559268 0.623475 0.681747 0.714574 0.69412 0.720738 0.721381 0.707918 0.679725 0.634516 0.638098 0.605059 0.606411 0.627848 0.636978 0.637171 0.628938 0.617082 0.647716 0.676149 0.682963 0.70709 0.736232 0.764649 0.771632 0.779149 0.781999 0.784798 0.788062 0.791182 0.79397 0.796274 0.797295 0.78031 0.759612 0.748886 0.732531 0.735148 0.786938
