Test_Spring_2018b/12_17/Prec/20171228_022.txt
ncols	170
nrows	115
xllcorner	350000.000000
yllcorner	4445000.000000
cellsize	1000.000000
nodata_value	-9999.000000
[rows 35 to 69 of 115, columns 78 to 155 of 170]
0.293933 0.299538 0.304915 0.308886 0.311219 0.310432 0.312862 0.315364 0.314829 0.310834 0.306636 0.306802 0.315318 0.318895 0.320115 0.323312 0.32137 0.324903 0.326049 0.31534 0.313841 0.314843 0.312322 0.307433 -9999 -9999 -9999 -9999 -9999 -9999 -9999 -9999 -9999 -9999 -9999 -9999 -9999 -9999 -9999 -9999 -9999 -9999 -9999 -9999 -9999 -9999 -9999 -9999 -9999 -9999 -9999 -9999 -9999 -9999 -9999 -9999 -9999 -9999 -9999 -9999 -9999 -9999 -9999 -9999 -9999 -9999 -9999 -9999 -9999 -9999 -9999 -9999 -9999 -9999 -9999 -9999 -9999 -9999
0.295784 0.301927 0.307778 0.311932 0.312991 0.315085 0.318019 0.318756 0.317654 0.317456 0.315234 0.312622 0.315371 0.322345 0.320812 0.326024 0.326755 0.328627 0.326981 0.322292 0.308899 0.310432 0.307401 0.302633 -9999 -9999 -9999 -9999 -9999 -9999 -9999 -9999 -9999 -9999 -9999 -9999 -9999 -9999 -9999 -9999 -9999 -9999 -9999 -9999 -9999 -9999 -9999 -9999 -9999 -9999 -9999 -9999 -9999 -9999 -9999 -9999 -9999 -9999 -9999 -9999 -9999 -9999 -9999 -9999 -9999 -9999 -9999 -9999 -9999 -9999 -9999 -9999 -9999 -9999 -9999 -9999 -9999 -9999
0.297666 0.303649 0.310559 0.315065 0.318072 0.320869 0.322805 0.323883 0.323487 0.322391 0.320088 0.32075 0.325255 0.325898 0.325615 0.326681 0.329039 0.32896 0.315292 0.317036 0.312319 0.30328 0.298194 0.296764 0.29247 -9999 -9999 -9999 -9999 -9999 -9999 -9999 -9999 -9999 -9999 -9999 -9999 0.262151 -9999 -9999 -9999 -9999 -9999 -9999 -9999 -9999 -9999 -9999 -9999 -9999 -9999 -9999 -9999 -9999 -9999 -9999 -9999 -9999 0.100304 -9999 -9999 -9999 -9999 -9999 -9999 -9999 -9999 -9999 -9999 -9999 -9999 -9999 -9999 -9999 -9999 -9999 -9999 -9999
0.302579 0.306095 0.313684 0.318541 0.322116 0.325038 0.326299 0.328407 0.328968 0.327399 0.327754 0.329556 0.330389 0.331077 0.331378 0.330882 0.329881 0.328624 0.32518 0.320356 0.316563 0.302151 0.301818 0.295921 0.288168 0.281547 -9999 -9999 -9999 -9999 -9999 -9999 -9999 0.270905 0.267306 0.263467 0.260079 0.25807 0.250256 -9999 -9999 -9999 -9999 -9999 -9999 -9999 -9999 -9999 -9999 -9999 -9999 -9999 -9999 -9999 -9999 -9999 -9999 -9999 0.100101 0 -9999 -9999 -9999 -9999 -9999 -9999 -9999 -9999 -9999 -9999 -9999 -9999 -9999 -9999 -9999 -9999 -9999 -9999
0.295846 0.309742 0.31625 0.322251 0.326769 0.329821 0.331677 0.334264 0.334146 0.334283 0.334141 0.335933 0.336014 0.334827 0.333286 0.33173 0.328761 0.327591 0.32513 0.320907 0.315184 0.309248 0.301367 0.291214 0.281208 0.272618 -9999 -9999 -9999 -9999 -9999 -9999 0.268917 0.268832 0.267244 0.260071 0.258537 0.255991 0.249569 0.228852 -9999 -9999 -9999 -9999 -9999 -9999 -9999 -9999 -9999 -9999 -9999 -9999 -9999 -9999 0.129685 0.122592 0.110936 0.103203 0 0 -9999 -9999 -9999 -9999 -9999 -9999 -9999 -9999 -9999 -9999 -9999 -9999 -9999 -9999 -9999 -9999 -9999 -9999
0.29799 0.303056 0.319907 0.326011 0.330982 0.335056 0.338228 0.339079 0.340081 0.338419 0.341192 0.340776 0.339362 0.335736 0.333311 0.327522 0.324069 0.321791 0.322839 0.317474 0.309095 0.299228 0.292878 0.28393 0.277795 0.269463 -9999 -9999 -9999 -9999 -9999 -9999 0.26514 0.265461 0.26485 0.261567 0.253777 0.253242 0.236655 0.226195 0.217104 0.210276 0.202079 0.185436 0.172406 0.165021 0.156375 0.15097 -9999 -9999 -9999 -9999 0.130615 0.128347 0.126205 0.122098 0.110067 0.100655 0 0 -9999 -9999 -9999 -9999 -9999 -9999 -9999 -9999 -9999 -9999 -9999 -9999 -9999 -9999 -9999 -9999 -9999 -9999
0.300442 0.306346 0.32296 0.328846 0.333994 0.338409 0.341903 0.3439 0.344137 0.345075 0.344821 0.343174 0.337 0.329633 0.330037 0.326286 0.325234 0.319851 0.319805 0.313455 0.303277 0.291958 0.290525 0.282349 0.274752 0.260524 -9999 -9999 -9999 0.255205 0.257351 0.255732 0.254781 0.256077 0.25592 0.259534 0.256619 0.250802 0.233405 0.222586 0.210765 0.202178 0.197304 0.18852 0.167862 0.160093 0.151227 0.14129 0.137157 0.133302 0.129765 0.126523 0.124105 0.122232 0.120218 0.116599 0.109015 0.101579 0 0 -9999 -9999 -9999 -9999 -9999 -9999 -9999 -9999 -9999 -9999 -9999 -9999 -9999 -9999 -9999 -9999 -9999 -9999
0.302601 0.311459 0.317641 0.332495 0.338406 0.34176 0.346761 0.34927 0.350583 0.350565 0.349356 0.344004 0.33649 0.328513 0.323254 0.328463 0.321439 0.312734 0.312204 0.308746 0.293146 0.282347 0.277739 0.275948 0.262673 0.253258 -9999 -9999 0.246271 0.252276 0.256089 0.257196 0.256116 0.253816 0.254473 0.250966 0.250187 0.242935 0.222681 0.21476 0.207778 0.198829 0.183531 0.173882 0.16079 0.150406 0.143362 0.136831 0.132213 0.127981 0.124622 0.122058 0.119586 0.118365 0.117045 0.114507 0.106498 0.101094 0 0 -9999 -9999 -9999 -9999 -9999 -9999 -9999 -9999 -9999 -9999 -9999 -9999 -9999 -9999 -9999 -9999 -9999 -9999
0.305903 0.314252 0.320156 0.330059 0.342548 0.346698 0.349962 0.354099 0.355484 0.355558 0.354414 0.348852 0.341974 0.332329 0.324882 0.325018 0.31993 0.299679 0.2967 0.291726 0.286778 0.283506 0.278368 0.273782 0.26609 0.253204 0.246619 -9999 0.244375 0.246317 0.251443 0.255534 0.257315 0.253769 0.254952 0.251846 0.248944 0.241294 0.223122 0.205836 0.195926 0.185333 0.17779 0.171629 0.156836 0.148488 0.138377 0.131998 0.126822 0.122691 0.119637 0.117549 0.116105 0.115085 0.114081 0.112627 0.108298 0 0 0 -9999 -9999 -9999 -9999 -9999 -9999 -9999 -9999 -9999 -9999 -9999 -9999 -9999 -9999 -9999 -9999 -9999 -9999
0.308056 0.317249 0.324913 0.334715 0.342521 0.351766 0.353245 0.356317 0.358246 0.359886 0.358624 0.356101 0.350719 0.33908 0.337319 0.323779 0.313896 0.3003 0.29618 0.295519 0.2906 0.283311 0.27603 0.270463 0.264131 0.25631 0.243464 0.242143 0.24429 0.245784 0.249078 0.254653 0.25785 0.257808 0.255621 0.253095 0.248672 0.233487 0.216591 0.205991 0.19413 0.183112 0.172159 0.162996 0.148554 0.143292 0.135795 0.127133 0.121951 0.117999 0.115257 0.113569 0.112604 0.112005 0.111568 0.110874 0.100504 0 0 0 -9999 -9999 -9999 -9999 -9999 -9999 -9999 -9999 -9999 -9999 -9999 -9999 -9999 -9999 -9999 -9999 -9999 -9999
0.306528 0.317259 0.327219 0.336333 0.345418 0.352927 0.357376 0.35756 0.36135 0.362224 0.361802 0.359303 0.355593 0.344646 0.336363 0.328541 0.318309 0.308475 0.304454 0.29912 0.292961 0.282088 0.271672 0.263132 0.252685 0.249113 0.242966 0.241834 0.242984 0.248372 0.251969 0.252742 0.252591 0.257406 0.256074 0.247699 0.242945 0.232741 0.216852 0.204608 0.194132 0.182587 0.171094 0.154687 0.143796 0.134661 0.129646 0.12438 0.117936 0.114132 0.111668 0.110244 0.109644 0.109471 0.109428 0.102795 0 0 0 0 -9999 -9999 -9999 -9999 -9999 -9999 -9999 -9999 -9999 -9999 -9999 -9999 -9999 -9999 -9999 -9999 -9999 -9999
0.306373 0.317219 0.329201 0.339406 0.348318 0.355368 0.35975 0.361731 0.36239 0.362705 0.358458 0.356516 0.357082 0.352369 0.346824 0.335349 0.321196 0.317702 0.310603 0.300271 0.291328 0.282914 0.27133 0.26441 0.253049 0.244236 0.241563 0.246012 0.24954 0.255267 0.257435 0.254902 0.255277 0.254288 0.253953 0.250265 0.242888 0.232106 0.21624 0.202503 0.193771 0.182177 0.168985 0.15617 0.140545 0.132595 0.124829 0.120414 0.115554 0.111284 0.108977 0.107818 0.107473 0.10758 0.10337 0.101439 0 0 0 0 -9999 -9999 -9999 -9999 -9999 -9999 -9999 -9999 -9999 -9999 -9999 -9999 -9999 -9999 -9999 -9999 -9999 -9999
0.305324 0.319571 0.330525 0.34088 0.349295 0.35686 0.361659 0.362992 0.362497 0.359938 0.355248 0.353945 0.354367 0.352101 0.346898 0.335812 0.327238 0.319412 0.310892 0.298922 0.288996 0.281662 0.270327 0.262693 0.253978 0.244067 0.244799 0.246482 0.24963 0.255922 0.260153 0.260892 0.257235 0.25627 0.256288 0.250418 0.240666 0.232231 0.215009 0.199881 0.19207 0.181098 0.168068 0.156437 0.140037 0.131058 0.123828 0.117984 0.113336 0.10965 0.107251 0.106237 0.106069 0.104485 0.103177 0.101278 0 0 0 0 -9999 -9999 -9999 -9999 -9999 -9999 -9999 -9999 -9999 -9999 -9999 -9999 -9999 -9999 -9999 -9999 -9999 -9999
0.304875 0.320531 0.330643 0.339925 0.349539 0.356762 0.361143 0.363858 0.362642 0.358402 0.348842 0.347745 0.347689 0.348601 0.346066 0.3396 0.326389 0.316355 0.302322 0.289664 0.283216 0.277107 0.267677 0.26145 0.252325 0.252807 0.254324 0.256818 0.257969 0.256851 0.260405 0.262641 0.259105 0.258456 0.256878 0.249277 0.240867 0.231298 0.213694 0.202135 0.190387 0.180507 0.166815 0.15597 0.140052 0.130565 0.122941 0.116838 0.112307 0.108779 0.106589 0.105632 0.104988 0.104213 0.10289 0.100899 0 0 0 0 0 -9999 -9999 -9999 -9999 -9999 -9999 -9999 -9999 -9999 -9999 -9999 -9999 -9999 -9999 -9999 -9999 -9999
0.299132 0.315594 0.326094 0.338276 0.348078 0.355084 0.358536 0.360308 0.358351 0.356732 0.347478 0.341731 0.340302 0.334145 0.336694 0.337928 0.324785 0.303041 0.291039 0.281039 0.276399 0.271431 0.265742 0.256471 0.250989 0.25534 0.257838 0.259965 0.26173 0.261356 0.2608 0.264889 0.263132 0.261262 0.255932 0.249712 0.239337 0.228723 0.214224 0.201164 0.18906 0.179426 0.165222 0.155776 0.139807 0.130053 0.122148 0.117056 0.112348 0.108986 0.106175 0.105413 0.104782 0.103714 0.102373 0.100299 0 0 0 0 0 0 0 -9999 -9999 -9999 -9999 -9999 -9999 -9999 -9999 -9999 -9999 -9999 -9999 -9999 -9999 -9999
0.292028 0.310676 0.322849 0.333843 0.344846 0.351828 0.355905 0.357426 0.354554 0.350417 0.342021 0.331085 0.324843 0.331592 0.336205 0.335577 0.323299 0.304186 0.292831 0.286564 0.283947 0.276714 0.270759 0.26357 0.258641 0.25377 0.253528 0.257062 0.258744 0.262241 0.264322 0.263207 0.262643 0.259354 0.254295 0.248105 0.24 0.230794 0.212369 0.202957 0.18996 0.179152 0.167187 0.155657 0.139835 0.129688 0.123228 0.117976 0.113434 0.107478 0.106196 0.105347 0.104582 0.103616 0.101553 0 0 0 0 0 0 0 0 0 -9999 -9999 -9999 -9999 -9999 -9999 -9999 -9999 -9999 -9999 -9999 -9999 -9999 -9999
0.286158 0.304109 0.315727 0.329691 0.344027 0.347196 0.351674 0.353333 0.351447 0.346136 0.34003 0.328465 0.315285 0.322924 0.33174 0.331958 0.326423 0.303873 0.300497 0.292392 0.288081 0.279232 0.273533 0.271106 0.265057 0.259425 0.254112 0.248114 0.256472 0.260495 0.263208 0.263297 0.261678 0.258436 0.252985 0.244728 0.233159 0.227307 0.211422 0.200387 0.189047 0.177843 0.166683 0.155878 0.140581 0.13234 0.12433 0.113727 0.109607 0.107657 0.106288 0.105223 0.10421 0.103039 0.101486 0 0 0 0 0 0 0 0 0 0 0 0 -9999 -9999 -9999 -9999 -9999 -9999 -9999 -9999 -9999 -9999 -9999
0.271474 0.292952 0.315814 0.328391 0.334334 0.34099 0.345693 0.346549 0.346443 0.342608 0.337456 0.329002 0.316653 0.306477 0.310943 0.318036 0.322994 0.310514 0.304327 0.29618 0.288807 0.284125 0.280562 0.276999 0.2701 0.262475 0.254505 0.251985 0.257896 0.25807 0.256438 0.261632 0.258824 0.254518 0.24676 0.236955 0.230002 0.218391 0.204349 0.191934 0.18362 0.175039 0.16556 0.155776 0.140803 0.123432 0.118236 0.112712 0.109905 0.107794 0.106205 0.104911 0.103654 0.102178 0.100395 0 0 0 0 0 0 0 0 0 0 0 0 0 -9999 -9999 -9999 -9999 -9999 -9999 -9999 -9999 -9999 -9999
0.276622 0.293071 0.309657 0.315949 0.327206 0.333281 0.338928 0.341067 0.340717 0.337363 0.331855 0.324663 0.313886 0.304033 0.304889 0.309167 0.309587 0.299205 0.301199 0.295926 0.290658 0.286511 0.282129 0.281119 0.275328 0.261738 0.257673 0.252598 0.258938 0.258708 0.256092 0.257491 0.254256 0.244798 0.235559 0.228947 0.223363 0.212749 0.196699 0.185091 0.177136 0.172088 0.149128 0.140981 0.128897 0.123383 0.116326 0.112757 0.109902 0.107677 0.105865 0.104328 0.102821 0.101076 0 0 0 0 0 0 0 0 0 0 0 0 0 0 0 -9999 -9999 -9999 -9999 -9999 -9999 -9999 -9999 -9999
0.275866 0.286839 0.301681 0.309339 0.320245 0.326806 0.331806 0.333974 0.333167 0.331411 0.32755 0.32119 0.315101 0.306254 0.295098 0.300745 0.299677 0.290275 0.286188 0.283867 0.278999 0.273498 0.280788 0.278922 0.267907 0.262026 0.259255 0.255828 0.258636 0.257253 0.255315 0.252639 0.244815 0.234329 0.224211 0.221951 0.214447 0.206968 0.186526 0.169138 0.162974 0.154827 0.145168 0.135674 0.126965 0.119226 0.115411 0.112191 0.109529 0.107123 0.105193 0.103367 0.101576 0 0 0 0 0 0 0 0 0 0 0 0 0 0 0 0 0 -9999 -9999 -9999 -9999 -9999 -9999 -9999 -9999
-9999 0.280383 0.289638 0.30444 0.314256 0.32132 0.325778 0.327584 0.327478 0.326196 0.323413 0.318404 0.311815 0.30245 0.293985 0.291968 0.291214 0.279067 0.275865 0.277105 0.274736 0.267804 0.259939 0.252406 0.255122 0.253402 0.251714 0.250125 0.255591 0.253306 0.249982 0.244108 0.231011 0.216745 0.207339 0.201332 0.192217 0.186099 0.169264 0.164767 0.1579 0.150159 0.138125 0.123034 0.117917 0.114851 0.110382 0.108089 0.108585 0.106142 0.104 0.101956 0 0 0 0 0 0 0 0 0 0 0 0 0 0 0 0 0 0 0 -9999 -9999 -9999 -9999 -9999 -9999 -9999
-9999 0.26776 0.283339 0.299139 0.306468 0.313197 0.318712 0.32025 0.319429 0.317793 0.315237 0.311655 0.304625 0.297096 0.289262 0.283734 0.280155 0.268651 0.267207 0.270681 0.268004 0.26356 0.245634 0.23996 0.244051 0.247555 0.246287 0.244205 0.236048 0.235465 0.229519 0.221696 0.216583 0.209927 0.200201 0.196279 0.186428 0.180694 0.162594 0.157014 0.150261 0.14552 0.134697 0.11889 0.11378 0.111447 0.107482 0.106527 0.104472 0.102135 0 0 0 0 0 0 0 0 0 0 0 0 0 0 0 0 0 0 0 0 0 -9999 -9999 -9999 -9999 -9999 -9999 -9999
-9999 0.265996 0.277382 0.291127 0.301745 0.304609 0.310151 0.313207 0.312032 0.30991 0.307002 0.304401 0.297253 0.289089 0.281469 0.272757 0.269587 0.269066 0.263068 0.26395 0.260829 0.256064 0.241038 0.239795 0.241519 0.241525 0.240111 0.237546 0.234052 0.230917 0.225632 0.221296 0.213905 0.20387 0.196607 0.192373 0.180309 0.174207 0.169609 0.149149 0.145765 0.140596 0.129369 0.112605 0.111698 0.109355 0.107301 0.104772 0.102129 0 0 0 0 0 0 0 0 0 0 0 0 0 0 0 0 0 0 0 0 0 0 -9999 -9999 -9999 -9999 -9999 -9999 -9999
-9999 0.26448 0.274386 0.286075 0.29386 0.296683 0.302183 0.306659 0.30641 0.304106 0.302453 0.298849 0.292615 0.285477 0.277526 0.271733 0.262695 0.264209 0.2567 0.256984 0.255124 0.24029 0.23474 0.234376 0.234375 0.232867 0.233428 0.230991 0.227546 0.220621 0.215602 0.213172 0.208489 0.202631 0.194006 0.188599 0.180485 0.173495 0.166328 0.145246 0.140677 0.134478 0.123683 0.112713 0.110133 0.107309 0.104815 0.10178 0 0 0 0 0 0 0 0 0 0 0 0 0 0 0 0 0 0 0 0 0 0 0 0 0 -9999 -9999 -9999 -9999 0
-9999 0.26071 0.270415 0.280187 0.28514 0.287033 0.295492 0.300555 0.300499 0.299037 0.296899 0.290555 0.288717 0.285227 0.277973 0.268438 0.258062 0.255133 0.248279 0.249449 0.2475 0.229805 0.223833 0.22167 0.222931 0.223978 0.225399 0.223724 0.219701 0.210126 0.199924 0.199854 0.199662 0.195542 0.19002 0.181592 0.17527 0.168779 0.160504 0.143639 0.132964 0.128316 0.111819 0.108527 0.106466 0.104388 0 0 0 0 0 0 0 0 0 0 0 0 0 0 0 0 0 0 0 0 0 0 0 0 0 0 0 0 0 0 0 0
-9999 0.256107 0.263221 0.272121 0.276329 0.281986 0.289655 0.293303 0.294701 0.293939 0.292088 0.288365 0.285062 0.280136 0.272851 0.263612 0.253448 0.245507 0.244198 0.240025 0.227485 0.220092 0.213279 0.212703 0.213963 0.217808 0.218738 0.216212 0.212796 0.208333 0.199936 0.19027 0.186664 0.185909 0.179074 0.171517 0.16843 0.163104 0.155325 0.148116 0.12918 0.119009 0.105919 0.10251 0.101025 0.101188 0 0 0 0 0 0 0 0 0 0 0 0 0 0 0 0 0 0 0 0 0 0 0 0 0 0 0 0 0 0 0 0
-9999 0.250133 0.257713 0.265685 0.272972 0.279629 0.285118 0.285398 0.287694 0.286828 0.28704 0.284991 0.281027 0.276551 0.269957 0.259025 0.249095 0.238356 0.236651 0.233905 0.220913 0.212833 0.201967 0.204479 0.207907 0.210867 0.210956 0.204744 0.204371 0.200889 0.19567 0.188571 0.179255 0.175673 0.167406 0.163068 0.160917 0.15703 0.151849 0.145487 0.131924 0.1155 0.101451 0 0 0 0 0 0 0 0 0 0 0 0 0 0 0 0 0 0 0 0 0 0 0 0 0 0 0 0 0 0 0 0 0 0 0
-9999 -9999 0.254914 0.262728 0.268464 0.270087 0.274707 0.276877 0.278165 0.277603 0.281864 0.280494 0.277226 0.272916 0.26689 0.257849 0.250343 0.239812 0.231045 0.212582 0.208595 0.205609 0.200381 0.198861 0.201659 0.204978 0.20194 0.193606 0.190818 0.188434 0.187331 0.18292 0.171651 0.164168 0.157211 0.155771 0.154234 0.150581 0.146232 0.141099 0.124485 0.100775 0 0 0 0 0 0 0 0 0 0 0 0 0 0 0 0 0 0 0 0 0 0 0 0 0 0 0 0 0 0 0 0 0 0 0 0
-9999 -9999 0.250734 0.259352 0.261248 0.26105 0.258005 0.258707 0.268035 0.268961 0.272902 0.276235 0.273777 0.269449 0.263567 0.256862 0.24787 0.23629 0.226072 0.210689 0.20645 0.205446 0.20176 0.198985 0.198666 0.195074 0.186126 0.177734 0.176601 0.174672 0.177173 0.175039 0.170754 0.162781 0.154014 0.147684 0.147349 0.143859 0.139875 0.135499 0.125003 0.104832 0 0 0 0 0 0 0 0 0 0 0 0 0 0 0 0 0 0 0 0 0 0 0 0 0 0 0 0 0 0 0 0 0 0 0 0
-9999 -9999 -9999 -9999 -9999 -9999 -9999 0.255272 0.256495 0.262791 0.267478 0.272759 0.270577 0.266418 0.261602 0.253049 0.243592 0.238586 0.218549 0.207791 0.202943 0.200045 0.197966 0.193857 0.190201 0.183449 0.174912 0.165162 0.164254 0.166505 0.169376 0.166307 0.163576 0.158205 0.151672 0.140596 0.140679 0.137216 0.133759 0.129484 0.10816 0.100773 0 0 0 0 0 0 0 0 0 0 0 0 0 0 0 0 0 0 0 0 0 0 0 0 0 0 0 0 0 0 0 0 0 0 0 0
-9999 -9999 -9999 -9999 -9999 -9999 -9999 0.245913 0.244276 0.259069 0.264295 0.26873 0.267497 0.263112 0.257719 0.251397 0.24419 0.2351 0.214418 0.203055 0.203783 0.19392 0.189892 0.183883 0.175317 0.169886 0.160718 0.153508 0.155585 0.157694 0.159908 0.158076 0.155033 0.151995 0.142499 0.134188 0.13213 0.129613 0.127692 0.117779 0.102772 0 0 0 0 0 0 0 0 0 0 0 0 0 0 0 0 0 0 0 0 0 0 0 0 0 0 0 0 0 0 0 0 0 0 0 -9999 -9999
-9999 -9999 -9999 -9999 -9999 -9999 -9999 -9999 0.238465 0.25176 0.25997 0.265416 0.265114 0.261399 0.256489 0.250124 0.242367 0.235133 0.214583 0.200491 0.194101 0.186159 0.178899 0.172851 0.161843 0.15378 0.149252 0.146367 0.146731 0.149336 0.151083 0.149838 0.142586 0.144246 0.140834 0.134111 0.128287 0.12303 0.121472 0.102459 0 0 0 0 0 0 0 0 0 0 0 0 0 0 0 0 0 0 0 0 0 0 0 0 0 0 0 0 0 0 0 0 0 0 0 -9999 -9999 -9999
-9999 -9999 -9999 -9999 -9999 -9999 -9999 -9999 0.239208 0.245934 0.256928 0.261653 0.2633 0.260092 0.255339 0.250022 0.24287 0.22713 0.212958 -9999 -9999 -9999 -9999 -9999 -9999 0.141108 0.14473 0.145842 0.143378 0.142888 0.14359 0.142075 0.136147 0.130234 0.133629 0.130541 0.126618 0.120871 0.10527 0 0 0 0 0 0 0 0 0 0 0 0 0 0 0 0 0 0 0 0 0 0 0 0 0 0 0 0 0 0 0 0 0 0 0 -9999 -9999 -9999 -9999
-9999 -9999 -9999 -9999 -9999 -9999 -9999 -9999 -9999 0.241621 0.250932 0.259224 0.261972 0.258319 0.254257 0.248417 0.242689 0.220165 0.214004 -9999 -9999 -9999 -9999 -9999 -9999 0.140754 0.140893 0.140835 0.139971 0.137941 0.136496 0.13449 0.127021 0.121996 0.124437 0.121943 0.118446 0.115416 0 0 0 0 0 0 0 0 0 0 0 0 0 0 0 0 0 0 0 0 0 0 0 0 0 0 0 0 0 0 0 0 0 0 -9999 -9999 -9999 -9999 -9999 -9999
-9999 -9999 -9999 -9999 -9999 -9999 -9999 -9999 -9999 -9999 0.256271 0.254852 0.259615 0.256717 0.251813 0.244952 0.239352 -9999 -9999 -9999 -9999 -9999 -9999 -9999 -9999 0.132612 0.134245 0.133986 0.131506 0.127959 0.125004 0.123578 0.115876 0.113742 0.113425 0.11219 -9999 0.104215 0 0 0 0 0 0 0 0 0 0 0 0 0 0 0 0 0 0 0 0 0 0 0 0 0 0 0 0 0 0 0 0 0 0 -9999 -9999 -9999 -9999 -9999 -9999
