Test_Spring_2018b/12_17/Prec/20171202_015.txt
ncols	170
nrows	115
xllcorner	350000.000000
yllcorner	4445000.000000
cellsize	1000.000000
nodata_value	-9999.000000
[rows 31 to 61 of 115, columns 70 to 139 of 170]
0.237011 0.23646 0.237109 0.239612 0.240977 0.244743 0.245033 0.246946 0.261195 0.263653 0.266979 0.269305 0.272083 0.275535 0.277909 0.282703 0.294615 0.293567 0.294471 0.29971 0.300627 0.300823 0.306372 0.316839 0.323633 0.332481 0.34786 0.357441 0.366188 -9999 -9999 -9999 -9999 -9999 -9999 -9999 -9999 -9999 -9999 -9999 -9999 -9999 -9999 -9999 -9999 -9999 -9999 -9999 -9999 -9999 -9999 -9999 -9999 -9999 -9999 -9999 -9999 -9999 -9999 -9999 -9999 -9999 -9999 -9999 -9999 -9999 -9999 -9999 -9999 -9999
0.240353 0.240411 0.24143 0.243583 0.243076 0.242761 0.249169 0.263767 0.263252 0.265293 0.268093 0.271957 0.274458 0.276935 0.279102 0.283431 0.292538 0.301069 0.299699 0.302007 0.307112 0.30572 0.311316 0.32093 0.333303 0.3328 0.338288 0.365457 0.371813 -9999 -9999 -9999 -9999 -9999 -9999 -9999 -9999 -9999 -9999 -9999 -9999 -9999 -9999 -9999 -9999 -9999 -9999 -9999 -9999 -9999 -9999 -9999 -9999 -9999 -9999 -9999 -9999 -9999 -9999 -9999 -9999 -9999 -9999 -9999 -9999 -9999 -9999 -9999 -9999 -9999
0.245824 0.244544 0.245801 0.247067 0.245475 0.24648 0.25255 0.265003 0.265349 0.266926 0.269087 0.271735 0.27422 0.276736 0.280521 0.285274 0.293401 0.302924 0.306867 0.305699 0.3083 0.310799 0.316312 0.322683 0.330843 0.331746 0.334918 0.356401 0.370399 0.386788 -9999 -9999 -9999 -9999 -9999 -9999 -9999 -9999 -9999 -9999 -9999 -9999 -9999 -9999 -9999 -9999 -9999 -9999 -9999 -9999 -9999 -9999 -9999 -9999 -9999 -9999 -9999 -9999 -9999 -9999 -9999 -9999 -9999 -9999 -9999 -9999 -9999 -9999 -9999 -9999
0.251777 0.248971 0.250292 0.253264 0.25242 0.252018 0.267297 0.268452 0.269915 0.268698 0.270562 0.272373 0.275294 0.27797 0.281351 0.286001 0.291991 0.298988 0.309844 0.307163 0.305931 0.309261 0.313061 0.318834 0.327058 0.328288 0.332921 0.355532 0.378976 0.38727 0.393382 -9999 -9999 -9999 -9999 -9999 -9999 -9999 -9999 -9999 -9999 -9999 -9999 -9999 -9999 -9999 -9999 -9999 -9999 -9999 -9999 -9999 -9999 -9999 -9999 -9999 -9999 -9999 -9999 -9999 -9999 -9999 -9999 -9999 -9999 -9999 -9999 -9999 -9999 -9999
-9999 0.253764 0.254854 0.258152 0.257092 0.255604 0.266176 0.269948 0.270578 0.271294 0.271972 0.273644 0.276502 0.281913 0.284109 0.286027 0.290596 0.298294 0.306239 0.31035 0.30707 0.308655 0.312802 0.315576 0.323499 0.326819 0.33267 0.340452 0.370762 0.386069 0.393347 0.402395 -9999 -9999 -9999 -9999 -9999 -9999 -9999 -9999 -9999 -9999 -9999 -9999 -9999 -9999 -9999 -9999 -9999 -9999 -9999 -9999 -9999 -9999 -9999 -9999 -9999 -9999 -9999 -9999 -9999 -9999 -9999 -9999 -9999 -9999 -9999 -9999 -9999 -9999
-9999 -9999 -9999 -9999 0.262516 0.272227 0.271024 0.273284 0.272559 0.272817 0.273096 0.274624 0.278649 0.281388 0.283046 0.286461 0.291383 0.295396 0.30129 0.307683 0.309415 0.30762 0.314035 0.314731 0.320001 0.324667 0.33293 0.351704 0.375188 0.389977 0.397627 0.406466 -9999 -9999 -9999 -9999 -9999 -9999 -9999 -9999 -9999 -9999 -9999 -9999 -9999 -9999 -9999 -9999 -9999 -9999 -9999 -9999 -9999 -9999 -9999 -9999 -9999 -9999 -9999 -9999 -9999 -9999 -9999 -9999 -9999 -9999 -9999 -9999 -9999 -9999
-9999 -9999 -9999 -9999 -9999 0.274382 0.273674 0.271119 0.274294 0.274826 0.274238 0.27551 0.277768 0.279821 0.282289 0.285225 0.289274 0.293839 0.299509 0.302594 0.302417 0.306148 0.311184 0.315495 0.319148 0.325532 0.336403 0.356885 0.367015 0.396771 0.406387 0.412244 0.420209 -9999 -9999 -9999 -9999 -9999 -9999 -9999 -9999 -9999 -9999 -9999 -9999 0.432696 -9999 -9999 -9999 -9999 -9999 -9999 -9999 -9999 -9999 -9999 -9999 -9999 -9999 -9999 -9999 -9999 -9999 -9999 -9999 -9999 0.57142 -9999 -9999 -9999
-9999 -9999 -9999 -9999 0.26436 0.273836 0.273021 0.271739 0.275915 0.276027 0.274987 0.276044 0.277817 0.279707 0.28266 0.284439 0.287331 0.291999 0.294878 0.296563 0.299419 0.302828 0.307115 0.312721 0.319398 0.326893 0.343972 0.354357 0.363908 0.387914 0.403931 0.414124 0.42548 0.435163 -9999 -9999 -9999 -9999 -9999 -9999 -9999 0.444245 0.443408 0.441898 0.43911 0.434231 0.433901 -9999 -9999 -9999 -9999 -9999 -9999 -9999 -9999 -9999 -9999 -9999 -9999 -9999 -9999 -9999 -9999 -9999 -9999 -9999 0.557921 0.575794 -9999 -9999
-9999 -9999 -9999 -9999 0.275985 0.274373 0.274054 0.272738 0.2724 0.275978 0.276158 0.276312 0.277267 0.278982 0.281229 0.282311 0.285489 0.288206 0.291128 0.29242 0.295607 0.300445 0.30622 0.312703 0.321199 0.328738 0.344279 0.354482 0.366225 0.37816 0.40571 0.420206 0.434004 0.445827 -9999 -9999 -9999 -9999 -9999 -9999 0.451752 0.44813 0.444843 0.445648 0.440292 0.434909 0.432184 0.453641 -9999 -9999 -9999 -9999 -9999 -9999 -9999 -9999 -9999 -9999 -9999 -9999 -9999 -9999 0.478853 0.492915 0.512691 0.530061 0.546992 0.565846 -9999 -9999
-9999 -9999 -9999 -9999 0.277615 0.275499 0.274373 0.273492 0.274052 0.27333 0.276227 0.276462 0.277058 0.277768 0.278618 0.280989 0.282755 0.286675 0.286465 0.289338 0.293508 0.300283 0.306684 0.316987 0.326004 0.341128 0.346597 0.358341 0.373078 0.389228 0.41182 0.429245 0.440017 0.452076 -9999 -9999 -9999 -9999 -9999 -9999 0.45902 0.454519 0.449673 0.446096 0.445504 0.437169 0.453507 0.452583 0.449614 0.443943 0.439108 0.443256 0.459445 0.454323 0.45118 0.446309 -9999 -9999 -9999 -9999 0.447343 0.453598 0.462184 0.474717 0.496277 0.516781 0.53804 0.564239 -9999 -9999
-9999 -9999 -9999 -9999 0.276575 0.275518 0.275383 0.276 0.275171 0.274518 0.276731 0.281319 0.281362 0.281285 0.281301 0.282043 0.283918 0.284886 0.286928 0.290482 0.298658 0.3086 0.312244 0.31822 0.337991 0.342566 0.349535 0.362777 0.379839 0.398057 0.416568 0.433553 0.446304 0.461285 -9999 -9999 -9999 0.476192 0.473637 0.473144 0.470634 0.464676 0.458698 0.450848 0.444748 0.446574 0.455047 0.453079 0.451098 0.445413 0.435823 0.429603 0.450756 0.444055 0.439272 0.428437 0.423398 0.420277 0.419392 0.421012 0.424751 0.430805 0.439594 0.452129 0.479937 0.500361 0.520732 0.574059 -9999 -9999
-9999 -9999 -9999 -9999 0.281347 0.28052 0.279944 0.281589 0.281872 0.280827 0.28047 0.281044 0.280381 0.281127 0.279486 0.279374 0.279801 0.281146 0.283571 0.29008 0.299132 0.309402 0.31814 0.328864 0.341959 0.350413 0.358092 0.367844 0.388866 0.407074 0.419604 0.437238 0.458229 0.472589 -9999 -9999 0.489934 0.485439 0.481418 0.478273 0.475511 0.472265 0.464763 0.459602 0.450551 0.451711 0.461599 0.455985 0.450082 0.443025 0.428975 0.422666 0.419314 0.428903 0.421769 0.415629 0.409712 0.405908 0.404187 0.404912 0.408844 0.414849 0.423913 0.436673 0.456545 0.475617 0.501754 0.552425 -9999 -9999
-9999 -9999 -9999 -9999 0.286309 0.285604 0.284528 0.284758 0.283576 0.281474 0.281955 0.279366 0.279403 0.279248 0.278897 0.276887 0.276772 0.277525 0.279399 0.285668 0.293801 0.305387 0.31606 0.330199 0.34191 0.361167 0.371302 0.383874 0.396882 0.408643 0.422212 0.442907 0.457621 0.477572 0.489143 -9999 0.498443 0.497977 0.492854 0.486852 0.481113 0.47843 0.469661 0.463161 0.460066 0.454642 0.461086 0.449812 0.443564 0.437412 0.428141 0.416611 0.41294 0.404581 0.411712 0.403941 0.39726 0.392374 0.389731 0.389762 0.392897 0.399254 0.408918 0.421869 0.439786 0.463566 0.489893 0.542277 -9999 -9999
-9999 -9999 -9999 0.283827 0.287073 0.285274 0.284969 0.284626 0.283973 0.283081 0.282096 0.278665 0.27701 0.276906 0.277879 0.276441 0.275363 0.274198 0.275718 0.278804 0.285266 0.298499 0.310963 0.329339 0.345522 0.360028 0.371737 0.380979 0.394669 0.410903 0.427294 0.448852 0.463807 0.478629 0.497631 0.503813 0.505266 0.505543 0.502225 0.494767 0.487405 0.480964 0.47453 0.47094 0.463209 0.451607 0.454861 0.448504 0.442561 0.435296 0.427642 0.418276 0.413075 0.398936 0.389995 0.393714 0.385898 0.379966 0.376464 0.375902 0.378731 0.385183 0.395126 0.408449 0.426857 0.450153 0.47238 0.519623 -9999 -9999
-9999 -9999 -9999 -9999 0.288552 0.288448 0.288939 0.288756 0.287477 0.285495 0.282757 0.280817 0.277719 0.274583 0.275669 0.276503 0.273303 0.272416 0.272774 0.275505 0.280192 0.297604 0.310055 0.323422 0.340253 0.352002 0.364085 0.378154 0.393608 0.41383 0.433872 0.458623 0.477328 0.488979 0.50268 0.509745 0.512589 0.50962 0.506158 0.503028 0.498453 0.487078 0.48248 0.470853 0.460831 0.454131 0.454952 0.448784 0.440244 0.432138 0.423664 0.419641 0.409778 0.399907 0.387694 0.375985 0.376141 0.369371 0.365161 0.364177 0.366774 0.373214 0.383428 0.398183 0.411163 0.432492 0.465204 0.512022 -9999 -9999
-9999 -9999 -9999 -9999 -9999 -9999 0.290906 0.290282 0.289443 0.287554 0.283169 0.280245 0.277235 0.274591 0.273066 0.273485 0.272823 0.272126 0.275696 0.277794 0.281222 0.289062 0.2991 0.31599 0.332157 0.343124 0.358378 0.377442 0.395927 0.414445 0.436168 0.459812 0.479977 0.49705 0.507389 0.509722 0.511466 0.508455 0.506422 0.506272 0.500994 0.492349 0.481754 0.471852 0.463252 0.45602 0.455582 0.449701 0.438498 0.429396 0.421468 0.413179 0.406621 0.39485 0.384434 0.373035 0.364701 0.361272 0.356628 0.355281 0.3577 0.364114 0.373052 0.386519 0.403261 0.422895 0.456648 0.50732 -9999 -9999
-9999 -9999 -9999 -9999 -9999 -9999 0.294102 0.293816 0.291948 0.286992 0.283595 0.280449 0.277762 0.274474 0.27237 0.272223 0.272943 0.274687 0.279046 0.281114 0.282847 0.288459 0.298247 0.314886 0.326216 0.341314 0.358068 0.378868 0.398533 0.416387 0.438254 0.462785 0.480923 0.499407 0.507018 0.512234 0.514195 0.511108 0.507266 0.503322 0.501351 0.493577 0.482131 0.473581 0.466429 0.456271 0.456225 0.450874 0.438118 0.427783 0.419094 0.409161 0.402741 0.39151 0.380269 0.369915 0.361193 0.354833 0.351484 0.349955 0.352212 0.357879 0.367701 0.381151 0.397981 0.417747 0.447564 0.502837 -9999 -9999
-9999 -9999 -9999 -9999 -9999 -9999 -9999 0.297562 0.293645 0.287288 0.284545 0.282202 0.278228 0.27507 0.273185 0.271643 0.272767 0.276141 0.284787 0.286666 0.288848 0.291566 0.298929 0.311354 0.326969 0.344101 0.365919 0.387373 0.403889 0.420679 0.440885 0.464179 0.482814 0.491913 0.498947 0.503554 0.507455 0.511141 0.507977 0.503141 0.500516 0.49221 0.481903 0.474559 0.465765 0.45623 0.456157 0.447197 0.437763 0.426208 0.417973 0.407237 0.400309 0.389598 0.378817 0.368821 0.360114 0.353715 0.349698 0.348376 0.350454 0.356193 0.365785 0.379017 0.395577 0.415083 0.43771 0.486488 0.518159 -9999
-9999 -9999 -9999 -9999 -9999 -9999 -9999 0.302152 0.299989 0.29263 0.289266 0.284004 0.279627 0.276487 0.275337 0.274682 0.276934 0.277832 0.286029 0.292797 0.29629 0.305498 0.308175 0.31347 0.328812 0.356521 0.376301 0.395117 0.409761 0.425282 0.441838 0.467779 0.482901 0.488303 0.49431 0.499151 0.502413 0.505026 0.505685 0.498994 0.494838 0.487561 0.480598 0.471907 0.464853 0.45625 0.453469 0.445981 0.437039 0.4255 0.418057 0.406436 0.399988 0.390035 0.380035 0.369611 0.361498 0.355278 0.35118 0.350084 0.351668 0.358078 0.367223 0.379929 0.395915 0.414694 0.436007 0.477828 0.508311 0.536809
-9999 -9999 -9999 -9999 -9999 -9999 -9999 -9999 0.307464 0.29771 0.292427 0.287929 0.282196 0.278911 0.279815 0.278426 0.280697 0.284099 0.291721 0.302304 0.311875 0.309267 0.309969 0.316799 0.330906 0.355905 0.374731 0.389716 0.402052 0.419159 0.435446 0.459152 0.473309 0.486731 0.494861 0.499994 0.499819 0.499382 0.497482 0.495484 0.489856 0.484519 0.477445 0.468938 0.46009 0.450558 0.452011 0.441694 0.434159 0.424367 0.415628 0.406749 0.401041 0.392364 0.381933 0.372479 0.364912 0.358281 0.355085 0.354118 0.355683 0.359955 0.371516 0.383482 0.398498 0.416285 0.436417 0.476726 0.502663 0.531077
-9999 -9999 -9999 -9999 -9999 -9999 -9999 -9999 0.313804 0.304201 0.298956 0.291373 0.287889 0.287089 0.283783 0.282461 0.284077 0.288835 0.294636 0.30604 0.319764 0.315499 0.315965 0.321765 0.333963 0.356767 0.367771 0.383852 0.397085 0.414964 0.430265 0.449122 0.46361 0.477069 0.492395 0.497808 0.494803 0.493518 0.490808 0.487626 0.483038 0.477032 0.470935 0.465631 0.460545 0.448634 0.448841 0.440874 0.432765 0.424359 0.415985 0.40762 0.402647 0.393445 0.385606 0.377171 0.368176 0.363507 0.360665 0.359941 0.36154 0.365576 0.372136 0.37917 0.402725 0.419189 0.437902 0.477357 0.501298 0.526025
-9999 -9999 -9999 -9999 -9999 -9999 -9999 -9999 0.328328 0.314949 0.307145 0.29945 0.297324 0.292913 0.289556 0.289209 0.289492 0.293218 0.298453 0.307266 0.320407 0.33247 0.332386 0.330893 0.338624 0.351326 0.364277 0.379678 0.394918 0.408112 0.420533 0.439825 0.459065 0.472906 0.477874 0.485857 0.484443 0.486194 0.487164 0.479218 0.475854 0.471173 0.467155 0.463086 0.453863 0.450597 0.450541 0.444962 0.435279 0.425741 0.41717 0.409272 0.405438 0.398379 0.39026 0.379076 0.373646 0.369643 0.367287 0.3668 0.368389 0.372216 0.378269 0.386531 0.394652 0.407547 0.439824 0.47838 0.500404 0.523254
-9999 -9999 -9999 -9999 -9999 -9999 -9999 -9999 0.334296 0.323874 0.313299 0.311982 0.304207 0.300391 0.296339 0.295072 0.295886 0.299496 0.30536 0.313259 0.325107 0.336904 0.339769 0.34097 0.346312 0.35584 0.36708 0.379049 0.391474 0.40846 0.420545 0.437018 0.449025 0.456608 0.466242 0.475659 0.473088 0.474636 0.476164 0.471605 0.468805 0.469274 0.467278 0.460864 0.451449 0.445111 0.447971 0.447156 0.438489 0.427123 0.423716 0.415906 0.410969 0.402774 0.389904 0.384108 0.379445 0.376053 0.374164 0.373901 0.375453 0.379006 0.384506 0.392005 0.401578 0.410412 0.424243 0.462292 0.499309 0.520077
-9999 -9999 -9999 -9999 -9999 -9999 -9999 -9999 0.338654 0.330799 0.321479 0.318812 0.311299 0.3071 0.303806 0.302755 0.304276 0.306719 0.31134 0.318675 0.32633 0.337184 0.350893 0.349982 0.356928 0.364582 0.378621 0.387414 0.398978 0.411421 0.426446 0.434341 0.437137 0.448073 0.455443 0.462377 0.462224 0.464215 0.464757 0.46384 0.465438 0.467316 0.466842 0.457375 0.451185 0.442488 0.451275 0.444036 0.433756 0.42559 0.427217 0.4221 0.415454 0.400642 0.394388 0.389126 0.384954 0.382182 0.380618 0.380587 0.382113 0.385304 0.390243 0.396921 0.405386 0.415619 0.424968 0.462498 0.480079 0.49568
-9999 -9999 -9999 -9999 -9999 -9999 -9999 -9999 -9999 0.340669 0.337366 0.326895 0.320299 0.315641 0.312932 0.312384 0.313502 0.315799 0.319742 0.326143 0.334524 0.346058 0.357422 0.363547 0.370478 0.379524 0.387798 0.392434 0.400718 0.413401 0.43619 0.433776 0.436578 0.443017 0.448722 0.45333 0.453656 0.455858 0.457303 0.459225 0.465847 0.467434 0.466474 0.460703 0.456343 0.446004 0.453199 0.442933 0.434812 0.427773 0.425223 0.424377 0.404948 0.39768 0.393149 0.388089 0.389827 0.387461 0.386247 0.386346 0.387746 0.390582 0.394919 0.394904 0.402186 0.411096 0.418414 0.457057 0.473517 0.491064
-9999 -9999 -9999 -9999 -9999 -9999 -9999 -9999 -9999 0.355778 0.345074 0.33354 0.329195 0.324919 0.321393 0.321289 0.323278 0.326094 0.32997 0.335123 0.343861 0.353545 0.364032 0.372941 0.380585 0.389473 0.39537 0.39709 0.404696 0.414073 0.429268 0.438726 0.43904 0.439489 0.443675 0.447718 0.456178 0.456316 0.459785 0.46326 0.462483 0.461376 0.461441 0.454714 0.452159 0.444826 0.452512 0.444629 0.437799 0.429379 0.427033 0.427979 0.408352 0.401225 0.396883 0.391087 0.387578 0.385558 0.384657 0.384796 0.386055 0.388449 0.39213 0.397118 0.403473 0.411294 0.420695 0.428854 0.474554 0.489799
-9999 -9999 -9999 -9999 -9999 -9999 -9999 -9999 -9999 0.36003 0.352912 0.34312 0.335724 0.335034 0.331593 0.330241 0.332702 0.336085 0.340353 0.344596 0.353335 0.363384 0.373342 0.384716 0.391422 0.396083 0.398758 0.402021 0.409127 0.417832 0.42838 0.43264 0.433971 0.436499 0.439757 0.443292 0.44669 0.448576 0.451087 0.451276 0.45276 0.455179 0.453648 0.448066 0.448552 0.442683 0.434774 0.446181 0.437489 0.430651 0.429809 0.417636 0.408771 0.402316 0.39674 0.392759 0.390018 0.387914 0.387144 0.387247 0.38832 0.390426 0.39358 0.39792 0.403399 0.41046 0.418947 0.431973 0.470768 0.483737
-9999 -9999 -9999 -9999 -9999 -9999 -9999 -9999 -9999 0.36444 0.358453 0.350417 0.345569 0.344939 0.341601 0.339037 0.340731 0.344332 0.347448 0.352534 0.360271 0.369119 0.379019 0.387256 0.398775 0.400922 0.404188 0.407215 0.412318 0.42204 0.4293 0.431709 0.43357 0.436458 0.436944 0.439499 0.442134 0.446957 0.448902 0.447253 0.4464 0.44536 0.445647 0.441875 0.43961 0.435512 0.430967 0.443904 0.437319 0.432404 0.416842 0.414272 0.407563 0.402043 0.397237 0.39396 0.391177 0.388976 0.388155 0.388169 0.389045 0.390776 0.393477 0.397264 0.401999 0.408493 0.416705 0.427323 0.468221 0.476249
-9999 -9999 -9999 -9999 -9999 -9999 -9999 -9999 -9999 0.37125 0.365259 0.358867 0.356568 0.35679 0.350772 0.347708 0.349247 0.352064 0.355556 0.363017 0.366512 0.371718 0.380592 0.391785 0.403979 0.409567 0.409803 0.413023 0.417425 0.42805 0.434774 0.43789 0.437655 0.43729 0.436133 0.437228 0.439759 0.446534 0.452938 0.449038 0.44418 0.441846 0.439755 0.439354 0.436153 0.43237 0.429645 0.444184 0.439177 0.433592 0.420288 0.413894 0.407134 0.401243 0.398439 0.395151 0.391162 0.388599 0.387708 0.387558 0.388136 0.389537 0.391762 0.395118 0.399324 0.40464 0.414353 0.423273 0.464374 0.467212
-9999 -9999 -9999 -9999 -9999 -9999 -9999 -9999 -9999 0.379099 0.375335 0.369655 0.367997 0.364761 0.35947 0.357699 0.35788 0.359987 0.363093 0.367963 0.372541 0.378728 0.387222 0.397666 0.40912 0.418694 0.422331 0.420697 0.417279 0.433653 0.440323 0.44115 0.440088 0.436363 0.434914 0.436132 0.437562 0.439248 0.443747 0.448549 0.446895 0.441708 0.44118 0.440444 0.434816 0.430545 0.427958 0.42444 0.437107 0.420855 0.420274 0.414303 0.407233 0.399419 0.395363 0.392536 0.388631 0.386873 0.385814 0.385401 0.385728 0.386757 0.388515 0.391237 0.395046 0.401676 0.40862 0.417164 0.423294 0.455263
-9999 -9999 -9999 -9999 -9999 -9999 -9999 -9999 -9999 0.388418 0.384128 0.37924 0.374736 0.370573 0.367265 0.368547 0.367839 0.369928 0.370974 0.374078 0.378962 0.384374 0.39181 0.40332 0.414022 0.425572 0.428941 0.423631 0.430183 0.437357 0.447007 0.444274 0.44051 0.436914 0.435607 0.43965 0.437839 0.438288 0.439666 0.442039 0.445665 0.443231 0.444271 0.440913 0.434798 0.429595 0.425006 0.421063 0.434877 0.418194 0.418368 0.412962 0.405977 0.398866 0.392336 0.388746 0.385691 0.383779 0.382517 0.381862 0.381887 0.382616 0.384063 0.386306 0.391189 0.39709 0.402442 0.408924 0.413724 0.446618
