Test_Spring_2018b/12_17/Prec/20171204_012.txt
ncols	170
nrows	115
xllcorner	350000.000000
yllcorner	4445000.000000
cellsize	1000.000000
nodata_value	-9999.000000
[rows 34 to 67 of 115, columns 77 to 153 of 170]
0.157623 0.155737 0.15671 0.154578 0.152637 0.149716 0.147269 0.144351 0.140423 0.135456 0.129843 0.120656 0.126035 0.13041 0.130556 0.13073 0.129348 0.125876 0.130083 0.131066 0.116751 0.104634 0.101756 0.100885 -9999 -9999 -9999 -9999 -9999 -9999 -9999 -9999 -9999 -9999 -9999 -9999 -9999 -9999 -9999 -9999 -9999 -9999 -9999 -9999 -9999 -9999 -9999 -9999 -9999 -9999 -9999 -9999 -9999 -9999 -9999 -9999 -9999 -9999 -9999 -9999 -9999 -9999 -9999 -9999 -9999 -9999 -9999 -9999 -9999 -9999 -9999 -9999 -9999 -9999 -9999 -9999 -9999
0.155895 0.156745 0.15553 0.154478 0.152552 0.149592 0.14422 0.142487 0.141385 0.137918 0.131636 0.125584 0.124052 0.130772 0.133007 0.133157 0.135304 0.132625 0.135211 0.135557 0.129403 0.116617 0.10893 0.107598 0.104065 -9999 -9999 -9999 -9999 -9999 -9999 -9999 -9999 -9999 -9999 -9999 -9999 -9999 -9999 -9999 -9999 -9999 -9999 -9999 -9999 -9999 -9999 -9999 -9999 -9999 -9999 -9999 -9999 -9999 -9999 -9999 -9999 -9999 -9999 -9999 -9999 -9999 -9999 -9999 -9999 -9999 -9999 -9999 -9999 -9999 -9999 -9999 -9999 -9999 -9999 -9999 -9999
0.153983 0.156069 0.155091 0.154232 0.152252 0.147893 0.145144 0.143846 0.141101 0.13723 0.134805 0.130977 0.127231 0.128978 0.135059 0.133268 0.138089 0.138776 0.140659 0.139282 0.127367 0.116972 0.111 0.1102 0.107793 -9999 -9999 -9999 -9999 -9999 -9999 -9999 -9999 -9999 -9999 -9999 -9999 -9999 -9999 -9999 -9999 -9999 -9999 -9999 -9999 -9999 -9999 -9999 -9999 -9999 -9999 -9999 -9999 -9999 -9999 -9999 -9999 -9999 -9999 -9999 -9999 -9999 -9999 -9999 -9999 -9999 -9999 -9999 -9999 -9999 -9999 -9999 -9999 -9999 -9999 -9999 -9999
0.15559 0.155314 0.153749 0.153497 0.1515 0.148714 0.146437 0.144088 0.141683 0.13862 0.135596 0.132065 0.131925 0.135927 0.13664 0.136781 0.138454 0.141553 0.14249 0.134822 0.126432 0.124193 0.110235 0.108488 0.110262 0.109285 -9999 -9999 -9999 -9999 -9999 -9999 -9999 -9999 -9999 -9999 -9999 -9999 0.101133 -9999 -9999 -9999 -9999 -9999 -9999 -9999 -9999 -9999 -9999 -9999 -9999 -9999 -9999 -9999 -9999 -9999 -9999 -9999 -9999 0 -9999 -9999 -9999 -9999 -9999 -9999 -9999 -9999 -9999 -9999 -9999 -9999 -9999 -9999 -9999 -9999 -9999
0.156163 0.152345 0.152843 0.152693 0.150554 0.147921 0.145483 0.142335 0.140894 0.138869 0.135662 0.135068 0.136541 0.137676 0.139153 0.140646 0.141686 0.14249 0.143257 0.134843 0.133308 0.132942 0.123063 0.118759 0.117274 0.113954 0.111548 -9999 -9999 -9999 -9999 -9999 -9999 -9999 0.117045 0.113757 0.110212 0.107223 0.105805 0 -9999 -9999 -9999 -9999 -9999 -9999 -9999 -9999 -9999 -9999 -9999 -9999 -9999 -9999 -9999 -9999 -9999 -9999 -9999 0 0 -9999 -9999 -9999 -9999 -9999 -9999 -9999 -9999 -9999 -9999 -9999 -9999 -9999 -9999 -9999 -9999
0.15609 0.154635 0.152845 0.150985 0.14934 0.147118 0.144442 0.141647 0.140609 0.138047 0.136739 0.136097 0.138122 0.139216 0.139676 0.14026 0.141194 0.141075 0.142918 0.13714 0.137155 0.135956 0.134731 0.12488 0.120341 0.115827 0.112416 -9999 -9999 -9999 -9999 -9999 -9999 0.125785 0.125564 0.123624 0.116278 0.114419 0.11188 0.106058 0 -9999 -9999 -9999 -9999 -9999 -9999 -9999 -9999 -9999 -9999 -9999 -9999 -9999 -9999 0 0 0 0 0 0 -9999 -9999 -9999 -9999 -9999 -9999 -9999 -9999 -9999 -9999 -9999 -9999 -9999 -9999 -9999 -9999
0.156039 0.153203 0.153406 0.149995 0.147745 0.145375 0.143241 0.141433 0.13865 0.137248 0.134498 0.137073 0.137578 0.137956 0.136901 0.13753 0.135376 0.135788 0.131117 0.136881 0.136809 0.134101 0.13016 0.122995 0.12067 0.120796 0.118489 -9999 -9999 -9999 -9999 -9999 -9999 0.132631 0.132304 0.130709 0.126437 0.117977 0.116752 0.107059 0 0 0 0 0 0 0 0 0 -9999 -9999 -9999 -9999 0 0 0 0 0 0 0 0 -9999 -9999 -9999 -9999 -9999 -9999 -9999 -9999 -9999 -9999 -9999 -9999 -9999 -9999 -9999 -9999
0.153958 0.152081 0.151583 0.148195 0.150563 0.147635 0.145186 0.143201 0.14124 0.1391 0.139103 0.139347 0.139483 0.136325 0.13284 0.137371 0.131951 0.125646 0.129803 0.135514 0.135521 0.132133 0.127841 0.12694 0.12611 0.125777 0.125402 -9999 -9999 -9999 0.136216 0.139851 0.138948 0.137867 0.138313 0.136997 0.132597 0.128153 0.122389 0.110002 0.100075 0 0 0 0 0 0 0 0 0 0 0 0 0 0 0 0 0 0 0 0 -9999 -9999 -9999 -9999 -9999 -9999 -9999 -9999 -9999 -9999 -9999 -9999 -9999 -9999 -9999 -9999
0.159386 0.155827 0.15344 0.151613 0.14837 0.145356 0.141238 0.140219 0.138495 0.137368 0.136689 0.136482 0.133747 0.130139 0.127019 0.12718 0.129425 0.128609 0.130024 0.136165 0.13322 0.13467 0.131525 0.134176 0.135068 0.128547 0.126063 -9999 -9999 0.133869 0.142272 0.147423 0.148901 0.14736 0.143953 0.142935 0.137799 0.135379 0.12854 0.112418 0.105066 0 0 0 0 0 0 0 0 0 0 0 0 0 0 0 0 0 0 0 0 -9999 -9999 -9999 -9999 -9999 -9999 -9999 -9999 -9999 -9999 -9999 -9999 -9999 -9999 -9999 -9999
0.160382 0.157719 0.151916 0.148313 0.146262 0.142838 0.138789 0.135613 0.13516 0.134061 0.133679 0.133978 0.131694 0.129511 0.125747 0.124848 0.124265 0.126252 0.125743 0.130806 0.133893 0.136866 0.141251 0.13933 0.138759 0.139301 0.132963 0.132913 -9999 0.139975 0.144541 0.15084 0.154936 0.155798 0.150808 0.149857 0.144658 0.141203 0.132185 0.117353 0.107125 0 0 0 0 0 0 0 0 0 0 0 0 0 0 0 0 0 0 0 0 -9999 -9999 -9999 -9999 -9999 -9999 -9999 -9999 -9999 -9999 -9999 -9999 -9999 -9999 -9999 -9999
0.16094 0.157174 0.153146 0.149962 0.144494 0.140784 0.136885 0.13151 0.129753 0.129115 0.130404 0.130996 0.132218 0.132234 0.127463 0.126897 0.128367 0.127556 0.126172 0.13113 0.139236 0.143063 0.144354 0.145321 0.144364 0.143102 0.143219 0.136414 0.140583 0.146744 0.150871 0.1553 0.160596 0.162521 0.160536 0.156012 0.152294 0.145697 0.134605 0.120788 0.110892 0.100293 0 0 0 0 0 0 0 0 0 0 0 0 0 0 0 0 0 0 0 -9999 -9999 -9999 -9999 -9999 -9999 -9999 -9999 -9999 -9999 -9999 -9999 -9999 -9999 -9999 -9999
0.157196 0.153585 0.150075 0.147866 0.143115 0.139598 0.134618 0.1292 0.124421 0.125489 0.12619 0.127928 0.129699 0.131985 0.128849 0.129392 0.131087 0.130906 0.133945 0.139876 0.144324 0.147674 0.146159 0.144651 0.14159 0.139635 0.143383 0.142279 0.14582 0.15106 0.158844 0.163437 0.163973 0.162484 0.164888 0.161948 0.15471 0.148499 0.137458 0.124283 0.112737 0.103365 0 0 0 0 0 0 0 0 0 0 0 0 0 0 0 0 0 0 0 -9999 -9999 -9999 -9999 -9999 -9999 -9999 -9999 -9999 -9999 -9999 -9999 -9999 -9999 -9999 -9999
0.1564 0.151934 0.147819 0.14663 0.142205 0.137858 0.133548 0.128981 0.123497 0.121517 0.121782 0.120133 0.124597 0.12991 0.133485 0.137402 0.136418 0.135754 0.143079 0.146789 0.1471 0.148333 0.149604 0.147327 0.146294 0.143632 0.142462 0.146057 0.155221 0.161397 0.169417 0.172533 0.169792 0.168679 0.167586 0.165453 0.160088 0.151398 0.139824 0.126497 0.113509 0.105746 0 0 0 0 0 0 0 0 0 0 0 0 0 0 0 0 0 0 0 -9999 -9999 -9999 -9999 -9999 -9999 -9999 -9999 -9999 -9999 -9999 -9999 -9999 -9999 -9999 -9999
0.153855 0.150201 0.148926 0.146238 0.141539 0.136322 0.132152 0.127702 0.122726 0.118821 0.1164 0.114492 0.118164 0.125506 0.131913 0.136714 0.136689 0.141863 0.145607 0.14845 0.147612 0.148234 0.150772 0.14888 0.147381 0.147225 0.144927 0.151645 0.158024 0.164486 0.172452 0.177451 0.17803 0.173763 0.171405 0.169727 0.162423 0.151611 0.142403 0.127753 0.113481 0.106585 0 0 0 0 0 0 0 0 0 0 0 0 0 0 0 0 0 0 0 -9999 -9999 -9999 -9999 -9999 -9999 -9999 -9999 -9999 -9999 -9999 -9999 -9999 -9999 -9999 -9999
0.15152 0.149905 0.149934 0.14637 0.140578 0.136423 0.131844 0.126923 0.123208 0.118823 0.1147 0.108204 0.112219 0.119321 0.129029 0.136681 0.141381 0.142405 0.144315 0.142124 0.140789 0.144817 0.148537 0.148402 0.148184 0.147444 0.154825 0.162049 0.168977 0.17335 0.174303 0.178546 0.18058 0.17642 0.174557 0.171599 0.162908 0.153634 0.143571 0.128655 0.117883 0.107258 0 0 0 0 0 0 0 0 0 0 0 0 0 0 0 0 0 0 0 0 -9999 -9999 -9999 -9999 -9999 -9999 -9999 -9999 -9999 -9999 -9999 -9999 -9999 -9999 -9999
0.14881 0.145454 0.146587 0.143776 0.141038 0.137312 0.132727 0.127063 0.123526 0.1175 0.115884 0.11006 0.108868 0.114675 0.117669 0.130199 0.142268 0.143355 0.134073 0.133756 0.134854 0.140455 0.145058 0.148234 0.144797 0.147181 0.157895 0.165721 0.172016 0.176771 0.178659 0.178882 0.182976 0.180393 0.177663 0.171474 0.164462 0.153661 0.142905 0.131155 0.119089 0.108178 0 0 0 0 0 0 0 0 0 0 0 0 0 0 0 0 0 0 0 0 0 0 -9999 -9999 -9999 -9999 -9999 -9999 -9999 -9999 -9999 -9999 -9999 -9999 -9999
-9999 0.140555 0.144449 0.144045 0.140796 0.138771 0.134625 0.129961 0.12551 0.119692 0.115663 0.110548 0.105773 0.104544 0.119626 0.133888 0.143928 0.145564 0.138473 0.138445 0.142757 0.149917 0.151966 0.154465 0.152486 0.154925 0.156401 0.161221 0.169171 0.174294 0.179065 0.181865 0.18117 0.18072 0.175922 0.170408 0.163851 0.155616 0.146548 0.131335 0.122909 0.111222 0.101714 0 0 0 0 0 0 0 0 0 0 0 0 0 0 0 0 0 0 0 0 0 0 -9999 -9999 -9999 -9999 -9999 -9999 -9999 -9999 -9999 -9999 -9999 -9999
-9999 0.137576 0.141761 0.142001 0.14248 0.139422 0.137522 0.133897 0.129922 0.125218 0.120063 0.116953 0.111244 0.106247 0.120883 0.135353 0.145701 0.150932 0.142312 0.149338 0.15135 0.156351 0.156314 0.158512 0.160393 0.161217 0.161469 0.162062 0.161624 0.171679 0.176941 0.18045 0.181114 0.179956 0.177182 0.170959 0.161559 0.150439 0.14493 0.132454 0.122648 0.112625 0.102748 0 0 0 0 0 0 0 0 0 0 0 0 0 0 0 0 0 0 0 0 0 0 0 0 0 -9999 -9999 -9999 -9999 -9999 -9999 -9999 -9999 -9999
-9999 0.1268 0.135503 0.14115 0.14201 0.143466 0.140821 0.13808 0.133809 0.131046 0.127306 0.124882 0.121705 0.116891 0.115807 0.127537 0.144892 0.153325 0.153535 0.157164 0.158444 0.159858 0.163149 0.166765 0.166799 0.167756 0.165451 0.164953 0.165241 0.172877 0.174496 0.173999 0.179758 0.177766 0.174321 0.167624 0.157135 0.151149 0.138321 0.127918 0.116956 0.109904 0.102548 0 0 0 0 0 0 0 0 0 0 0 0 0 0 0 0 0 0 0 0 0 0 0 0 0 0 -9999 -9999 -9999 -9999 -9999 -9999 -9999 -9999
-9999 0.12832 0.136803 0.141821 0.144644 0.146133 0.143902 0.142846 0.140357 0.137659 0.134404 0.131395 0.128933 0.124924 0.1233 0.132977 0.144236 0.154674 0.156733 0.158917 0.162158 0.164845 0.169578 0.171857 0.173508 0.173372 0.169237 0.168603 0.166298 0.174294 0.175585 0.174297 0.176663 0.174541 0.16649 0.158692 0.153454 0.146882 0.13777 0.125978 0.113065 0.106436 0.102478 0 0 0 0 0 0 0 0 0 0 0 0 0 0 0 0 0 0 0 0 0 0 0 0 0 0 0 -9999 -9999 -9999 -9999 -9999 -9999 -9999
-9999 0.132892 0.136664 0.141251 0.14727 0.149606 0.148877 0.148049 0.146194 0.143398 0.141711 0.140033 0.137861 0.1376 0.136049 0.133278 0.147148 0.152785 0.154612 0.160799 0.166935 0.169868 0.171297 0.169258 0.17315 0.172955 0.171087 0.171471 0.170623 0.175235 0.175499 0.175004 0.173687 0.167426 0.158647 0.150258 0.149396 0.143544 0.135049 0.119261 0.116527 0.111836 0.10478 0 0 0 0 0 0 0 0 0 0 0 0 0 0 0 0 0 0 0 0 0 0 0 0 0 0 0 0 -9999 -9999 -9999 -9999 -9999 -9999
-9999 -9999 0.137739 0.146269 0.152484 0.154674 0.155239 0.154582 0.152893 0.15106 0.149879 0.149043 0.14776 0.146456 0.143732 0.142794 0.148616 0.153891 0.152254 0.157141 0.165767 0.170292 0.169697 0.163823 0.167644 0.173992 0.17533 0.176059 0.176407 0.174502 0.173983 0.172299 0.168101 0.156999 0.154293 0.147386 0.143782 0.13718 0.130901 0.118653 0.11595 0.110601 0.103989 0 0 0 0 0 0 0 0 0 0 0 0 0 0 0 0 0 0 0 0 0 0 0 0 0 0 0 0 0 -9999 -9999 -9999 -9999 -9999
-9999 -9999 0.140736 0.148576 0.157037 0.158046 0.159332 0.160532 0.159208 0.157052 0.155621 0.154819 0.154462 0.152088 0.150295 0.149021 0.150491 0.154106 0.149935 0.155556 0.165463 0.168959 0.170128 0.160963 0.15989 0.167373 0.17363 0.174792 0.17477 0.168698 0.169729 0.165648 0.159862 0.156789 0.152375 0.145127 0.143443 0.136055 0.132452 0.116412 0.112637 0.107399 0.103701 0 0 0 0 0 0 0 0 0 0 0 0 0 0 0 0 0 0 0 0 0 0 0 0 0 0 0 0 0 -9999 -9999 -9999 -9999 -9999
-9999 -9999 0.14602 0.151151 0.158886 0.16417 0.162775 0.164825 0.165558 0.163431 0.161644 0.160356 0.160548 0.15747 0.154319 0.152385 0.149897 0.152965 0.158634 0.158701 0.165366 0.167781 0.168105 0.161713 0.1646 0.169685 0.17257 0.173635 0.17325 0.171748 0.17047 0.167121 0.164723 0.159495 0.151827 0.146856 0.144772 0.135159 0.131097 0.128268 0.109708 0.107675 0.103617 0 0 0 0 0 0 0 0 0 0 0 0 0 0 0 0 0 0 0 0 0 0 0 0 0 0 0 0 0 -9999 -9999 -9999 -9999 -9999
-9999 -9999 0.151465 0.156387 0.163314 0.166968 0.16648 0.169274 0.171947 0.171064 0.169227 0.169022 0.167925 0.165197 0.162356 0.159336 0.158806 0.155448 0.162253 0.160071 0.16549 0.168535 0.162396 0.161506 0.165018 0.168354 0.169783 0.172784 0.172616 0.17127 0.166479 0.163456 0.162903 0.160235 0.156482 0.150104 0.14677 0.140784 0.135745 0.130365 0.111035 0.107852 0.102851 0 0 0 0 0 0 0 0 0 0 0 0 0 0 0 0 0 0 0 0 0 0 0 0 0 0 0 0 0 0 0 -9999 -9999 -9999
-9999 -9999 0.154622 0.160461 0.166628 0.168572 0.168078 0.174426 0.178211 0.177864 0.176965 0.176219 0.172232 0.173246 0.173302 0.170276 0.165461 0.160104 0.161982 0.159986 0.165446 0.167928 0.159058 0.157498 0.159137 0.163613 0.16749 0.171377 0.17203 0.170229 0.162991 0.155068 0.15676 0.158318 0.156119 0.15256 0.146185 0.141743 0.137031 0.130477 0.116802 0.10596 0.102466 0 0 0 0 0 0 0 0 0 0 0 0 0 0 0 0 0 0 0 0 0 0 0 0 0 0 0 0 0 0 0 0 0 0
-9999 -9999 0.156801 0.161186 0.1675 0.169646 0.173551 0.179826 0.182781 0.184155 0.184065 0.18354 0.181823 0.18106 0.17925 0.17562 0.170475 0.164706 0.161224 0.164141 0.163889 0.162683 0.156882 0.154324 0.157376 0.161835 0.168423 0.171924 0.171861 0.170729 0.168424 0.162237 0.154746 0.15296 0.153832 0.148851 0.143117 0.141571 0.137801 0.131586 0.125799 0.108196 0.100414 0 0 0 0 0 0 0 0 0 0 0 0 0 0 0 0 0 0 0 0 0 0 0 0 0 0 0 0 0 0 0 0 0 0
-9999 -9999 0.15745 0.163211 0.169541 0.175458 0.181062 0.185884 0.186109 0.188654 0.188606 0.190019 0.189709 0.187994 0.186189 0.182728 0.175451 0.169393 0.162768 0.164891 0.164939 0.161038 0.15736 0.150817 0.156776 0.163334 0.169157 0.171962 0.168492 0.170346 0.169021 0.165858 0.160749 0.153397 0.151406 0.144856 0.141974 0.141105 0.138515 0.134628 0.129552 0.118213 0.102957 0.100758 0 0 0 0 0 0 0 0 0 0 0 0 0 0 0 0 0 0 0 0 0 0 0 0 0 0 0 0 0 0 0 0 0
-9999 -9999 -9999 0.167497 0.1745 0.179708 0.181199 0.185768 0.188236 0.190113 0.19049 0.195744 0.195921 0.194593 0.192584 0.189248 0.183338 0.179169 0.172361 0.167434 0.157922 0.157019 0.158065 0.156852 0.158999 0.165042 0.171331 0.171288 0.165917 0.165556 0.165316 0.166052 0.163413 0.154047 0.148133 0.142595 0.142224 0.141697 0.139113 0.135848 0.131833 0.117515 0.10601 0.105367 0.104043 0.101107 0 0 0 0 0 0 0 0 0 0 0 0 0 0 0 0 0 0 0 0 0 0 0 0 0 0 0 0 0 0 0
-9999 -9999 -9999 0.170131 0.178665 0.180922 0.181308 0.179097 0.18057 0.190378 0.192296 0.197226 0.201745 0.200944 0.198598 0.195041 0.190991 0.185061 0.176957 0.170417 0.163152 0.160821 0.165571 0.165864 0.166916 0.170135 0.170008 0.164501 0.159219 0.160533 0.160758 0.164888 0.164304 0.161409 0.154788 0.14725 0.14193 0.142271 0.139597 0.136485 0.133063 0.123898 0.116021 0.108553 0.107041 0.105129 0.102825 0.101319 0 0 0 0 0 0 0 0 0 0 0 0 0 0 0 0 0 0 0 0 0 0 0 0 0 0 0 0 0
-9999 -9999 -9999 -9999 -9999 -9999 -9999 -9999 0.186379 0.188695 0.195834 0.20145 0.207686 0.206921 0.204449 0.201592 0.195468 0.188814 0.186753 0.176132 0.167869 0.164667 0.168034 0.169975 0.169932 0.170184 0.167269 0.162366 0.155962 0.157601 0.161843 0.16627 0.164652 0.163022 0.158602 0.152878 0.142704 0.143129 0.140202 0.137372 0.133898 0.125451 0.117897 0.110619 0.107351 0.106356 0.105958 0.103788 0.101657 0 0 0 0 0 0 0 0 0 0 0 0 0 0 0 0 0 0 0 0 0 0 0 0 0 0 0 0
-9999 -9999 -9999 -9999 -9999 -9999 -9999 -9999 0.185984 0.185777 0.201091 0.207176 0.21246 0.212377 0.209419 0.205726 0.201457 0.196721 0.190605 0.17755 0.170475 0.175246 0.169645 0.169926 0.168322 0.164176 0.162805 0.157558 0.153779 0.158391 0.162531 0.166264 0.165659 0.163478 0.160964 0.152054 0.144145 0.142173 0.139836 0.138219 0.1286 0.126084 0.123601 0.112487 0.111293 0.109739 0.107909 0.10604 0.103926 0.101992 0.100102 0 0 0 0 0 0 0 0 0 0 0 0 0 0 0 0 0 0 0 0 0 0 0 0 0 0
-9999 -9999 -9999 -9999 -9999 -9999 -9999 -9999 -9999 0.188384 0.202312 0.211174 0.21726 0.217835 0.215253 0.211753 0.207204 0.201759 0.197304 0.184346 0.174713 0.172834 0.166555 0.16691 0.165594 0.159468 0.155928 0.155409 0.15599 0.159115 0.163765 0.166975 0.16674 0.160259 0.161864 0.158352 0.15154 0.145581 0.140283 0.138734 0.131192 0.12655 0.124096 0.120058 0.110935 0.11105 0.108312 0.107908 0.105895 0.104067 0.102266 0.100466 0 0 0 0 0 0 0 0 0 0 0 0 0 0 0 0 0 0 0 0 0 0 0 0 -9999
-9999 -9999 -9999 -9999 -9999 -9999 -9999 -9999 -9999 0.19665 0.20432 0.215736 0.220951 0.223147 0.220784 0.21718 0.213415 0.208398 0.199037 0.188865 -9999 -9999 -9999 -9999 -9999 -9999 0.15223 0.159825 0.164484 0.165074 0.166813 0.168938 0.168234 0.162699 0.156687 0.159221 0.155419 0.150839 0.144691 0.141128 0.13013 0.127431 0.126072 0.124059 0.111658 0.109933 0.110674 0.109454 0.107514 0.105806 0.104123 0.102486 0.100788 0 0 0 0 0 0 0 0 0 0 0 0 0 0 0 0 0 0 0 0 0 0 -9999 -9999
