Test_Spring_2018b/12_17/Prec/20171228_004.txt
ncols	170
nrows	115
xllcorner	350000.000000
yllcorner	4445000.000000
cellsize	1000.000000
nodata_value	-9999.000000
[rows 32 to 63 of 115, columns 71 to 141 of 170]
2.17935 2.15911 2.12225 2.12656 2.12787 2.00491 1.95133 1.92443 1.9034 1.8699 1.81951 1.7899 1.76102 1.73787 1.68316 1.55736 1.44338 1.48497 1.47411 1.42467 1.47953 1.43155 1.32606 1.18187 1.23832 1.20474 1.03163 0.980636 -9999 -9999 -9999 -9999 -9999 -9999 -9999 -9999 -9999 -9999 -9999 -9999 -9999 -9999 -9999 -9999 -9999 -9999 -9999 -9999 -9999 -9999 -9999 -9999 -9999 -9999 -9999 -9999 -9999 -9999 -9999 -9999 -9999 -9999 -9999 -9999 -9999 -9999 -9999 -9999 -9999 -9999 -9999
2.17117 2.14321 2.11588 2.13288 2.11019 2.04604 1.96775 1.92772 1.91227 1.88764 1.85553 1.82625 1.79728 1.7501 1.6899 1.58032 1.4523 1.41353 1.45725 1.44747 1.44385 1.39856 1.34454 1.2671 1.30447 1.30954 1.20395 1.05879 0.961712 -9999 -9999 -9999 -9999 -9999 -9999 -9999 -9999 -9999 -9999 -9999 -9999 -9999 -9999 -9999 -9999 -9999 -9999 -9999 -9999 -9999 -9999 -9999 -9999 -9999 -9999 -9999 -9999 -9999 -9999 -9999 -9999 -9999 -9999 -9999 -9999 -9999 -9999 -9999 -9999 -9999 -9999
2.15588 2.12332 2.06608 2.06796 2.06344 2.01017 1.90687 1.89126 1.91695 1.89561 1.87551 1.83912 1.80761 1.76684 1.70867 1.63254 1.54414 1.40021 1.46835 1.51888 1.50424 1.48739 1.44515 1.36988 1.40607 1.39326 1.25572 1.08495 1.01891 0.983723 -9999 -9999 -9999 -9999 -9999 -9999 -9999 -9999 -9999 -9999 -9999 -9999 -9999 -9999 -9999 -9999 -9999 -9999 -9999 -9999 -9999 -9999 -9999 -9999 -9999 -9999 -9999 -9999 -9999 -9999 -9999 -9999 -9999 -9999 -9999 -9999 -9999 -9999 -9999 -9999 -9999
2.13221 2.09994 2.03431 2.03615 2.04507 2.03815 1.9658 1.91216 1.90618 1.9014 1.88215 1.84573 1.77152 1.74852 1.73212 1.67792 1.57915 1.48065 1.44567 1.52927 1.54362 1.52427 1.53164 1.46533 1.47461 1.44914 1.38777 1.23327 1.10319 1.05757 0.981243 -9999 -9999 -9999 -9999 -9999 -9999 -9999 -9999 -9999 -9999 -9999 -9999 -9999 -9999 -9999 -9999 -9999 -9999 -9999 -9999 -9999 -9999 -9999 -9999 -9999 -9999 -9999 -9999 -9999 -9999 -9999 -9999 -9999 -9999 -9999 -9999 -9999 -9999 -9999 -9999
-9999 -9999 -9999 1.99067 1.98239 1.95847 1.94383 1.90969 1.90843 1.90773 1.88889 1.83297 1.79842 1.78255 1.74233 1.68221 1.63996 1.57342 1.50447 1.51291 1.58178 1.53112 1.57489 1.55485 1.55002 1.49514 1.36115 1.21992 1.10983 1.06754 1.00333 -9999 -9999 -9999 -9999 -9999 -9999 -9999 -9999 -9999 -9999 -9999 -9999 -9999 -9999 -9999 -9999 -9999 -9999 -9999 -9999 -9999 -9999 -9999 -9999 -9999 -9999 -9999 -9999 -9999 -9999 -9999 -9999 -9999 -9999 -9999 -9999 -9999 -9999 -9999 -9999
-9999 -9999 -9999 -9999 1.97951 1.94858 1.98189 1.90742 1.89934 1.90945 1.89219 1.86117 1.83508 1.80491 1.77049 1.72262 1.6713 1.60831 1.5911 1.63079 1.61783 1.59253 1.58621 1.59769 1.57445 1.47897 1.33408 1.26257 1.07254 1.01081 1.00284 0.956927 -9999 -9999 -9999 -9999 -9999 -9999 -9999 -9999 -9999 -9999 -9999 -9999 0.950505 -9999 -9999 -9999 -9999 -9999 -9999 -9999 -9999 -9999 -9999 -9999 -9999 -9999 -9999 -9999 -9999 -9999 -9999 -9999 -9999 0.453166 -9999 -9999 -9999 -9999 -9999
-9999 -9999 -9999 2.03082 1.98301 1.9856 1.99647 1.94415 1.89848 1.91258 1.89566 1.86919 1.84278 1.80251 1.78353 1.75159 1.69751 1.67708 1.68214 1.67723 1.67257 1.66358 1.64371 1.6166 1.58567 1.48856 1.42259 1.37288 1.22889 1.12812 1.06566 0.978931 0.909545 -9999 -9999 -9999 -9999 -9999 -9999 -9999 0.96897 0.954929 0.944275 0.948055 0.980202 0.939982 -9999 -9999 -9999 -9999 -9999 -9999 -9999 -9999 -9999 -9999 -9999 -9999 -9999 -9999 -9999 -9999 -9999 -9999 -9999 0.501973 0.430477 -9999 -9999 -9999 -9999
-9999 -9999 -9999 1.99002 2.00093 1.99297 2.0013 1.99563 1.9126 1.90453 1.89793 1.8804 1.85308 1.8202 1.80878 1.76985 1.74395 1.7221 1.73371 1.72574 1.70276 1.67631 1.65013 1.60404 1.58312 1.51636 1.46695 1.3983 1.32884 1.18181 1.06696 0.955459 0.86449 -9999 -9999 -9999 -9999 -9999 -9999 0.99774 1.02488 1.036 0.975689 1.00351 1.02714 1.00685 0.93045 -9999 -9999 -9999 -9999 -9999 -9999 -9999 -9999 -9999 -9999 -9999 -9999 -9999 -9999 0.836369 0.765309 0.631723 0.556873 0.506424 0.43945 -9999 -9999 -9999 -9999
-9999 -9999 -9999 1.99041 2.00632 2.00778 2.00623 1.98331 1.94377 1.90885 1.89688 1.88058 1.86434 1.84867 1.81352 1.79296 1.74614 1.77115 1.75873 1.7376 1.68873 1.65851 1.58156 1.53741 1.4769 1.50788 1.45014 1.35183 1.23466 1.06805 1.02519 0.97417 0.891972 -9999 -9999 -9999 -9999 -9999 -9999 1.0187 1.04855 1.07059 1.06279 1.00141 1.05345 1.01242 0.958682 0.933954 0.948738 0.949272 0.901316 0.909421 0.91053 0.885721 0.896363 -9999 -9999 -9999 -9999 0.872639 0.866411 0.858497 0.822429 0.677086 0.573072 0.477568 0.450803 -9999 -9999 -9999 -9999
-9999 -9999 -9999 2.0285 2.02551 2.00877 1.9809 1.97566 1.93305 1.90244 1.90717 1.88908 1.87454 1.86189 1.84332 1.8147 1.80938 1.79885 1.77789 1.69984 1.60915 1.62977 1.55136 1.41753 1.46132 1.48445 1.42029 1.30396 1.17334 1.08942 1.05711 0.990715 0.920942 -9999 -9999 -9999 0.950113 1.00072 0.99817 1.00676 1.05099 1.08117 1.08743 1.09417 1.07183 1.01811 0.964065 0.907091 0.904425 0.959794 0.96249 0.928554 0.930103 0.906762 0.915732 0.928252 0.932003 0.927953 0.917091 0.909007 0.902561 0.891168 0.857354 0.716527 0.634679 0.576594 0.454394 -9999 -9999 -9999 -9999
-9999 -9999 -9999 2.04072 2.03377 2.02143 2.00399 1.97727 1.96882 1.92265 1.90106 1.88687 1.85256 1.85845 1.84676 1.83528 1.82071 1.80283 1.73731 1.64901 1.55889 1.5092 1.49747 1.41933 1.41366 1.43718 1.37646 1.30366 1.18445 1.15121 1.08695 0.965806 0.867071 -9999 -9999 0.849028 0.95344 1.02501 1.0583 1.06288 1.05496 1.09592 1.08798 1.13005 1.09772 0.993484 0.983938 0.919436 0.920027 0.936248 0.928213 0.934716 0.947054 0.945597 0.938765 0.944847 0.941835 0.937061 0.930969 0.916209 0.912341 0.903988 0.879003 0.780822 0.725626 0.662526 0.4754 -9999 -9999 -9999 -9999
-9999 -9999 -9999 2.06195 2.05726 2.054 2.02608 2.01517 1.95832 1.89468 1.90314 1.88128 1.85314 1.83175 1.84244 1.83377 1.82451 1.81347 1.75241 1.68151 1.57696 1.50571 1.44459 1.40077 1.33421 1.33554 1.306 1.27392 1.26261 1.19393 1.09909 1.03141 0.906417 0.843442 -9999 0.857603 0.902008 0.989089 1.06166 1.1044 1.07776 1.12604 1.12495 1.14169 1.10622 1.03055 0.996564 0.976647 0.952721 0.974547 0.9679 0.956056 0.957644 0.953394 0.950645 0.949038 0.945775 0.941908 0.93769 0.931521 0.924028 0.91362 0.897845 0.84621 0.789197 0.68303 0.48626 -9999 -9999 -9999 -9999
-9999 -9999 2.04083 2.06436 2.07597 2.05911 2.03689 2.01335 1.98773 1.93839 1.90107 1.88751 1.85982 1.81051 1.80559 1.80613 1.82253 1.81527 1.80387 1.7619 1.63776 1.57813 1.50573 1.41308 1.34635 1.33901 1.3764 1.34976 1.28566 1.21767 1.11457 1.04091 0.967032 0.829763 0.833601 0.881298 0.916035 0.974167 1.06498 1.12588 1.14786 1.1493 1.15889 1.15698 1.11558 1.05954 1.02981 0.990485 0.968526 0.95 0.955944 0.94389 0.95819 0.962667 0.953638 0.951691 0.949044 0.946158 0.942912 0.937974 0.930493 0.92222 0.911784 0.89614 0.826067 0.667162 0.531523 -9999 -9999 -9999 -9999
-9999 -9999 -9999 2.05537 2.04085 2.01038 1.98296 1.9649 1.95052 1.92248 1.89955 1.89275 1.86194 1.81059 1.7644 1.79236 1.80103 1.81021 1.80505 1.79343 1.68359 1.62037 1.56514 1.47536 1.46548 1.46619 1.44335 1.40348 1.29183 1.18121 1.04074 0.929566 0.909265 0.836011 0.848951 0.879002 0.964962 1.02429 1.04529 1.05785 1.14814 1.16271 1.15994 1.1712 1.12142 1.08259 1.03736 1.02498 1.00269 0.983175 0.893166 0.93381 0.923995 0.95834 0.960859 0.954671 0.952 0.949747 0.946047 0.941515 0.93512 0.927669 0.916787 0.901225 0.850311 0.656399 0.53692 -9999 -9999 -9999 -9999
-9999 -9999 -9999 -9999 -9999 1.99373 1.97092 1.94265 1.92213 1.91445 1.90005 1.88482 1.86548 1.83484 1.77916 1.76395 1.76698 1.72582 1.75237 1.78582 1.77486 1.75698 1.65727 1.58297 1.60196 1.56495 1.47625 1.40043 1.32526 1.19875 1.08362 0.957907 0.861225 0.844265 0.921433 0.980566 1.068 1.10462 1.07749 1.09699 1.13794 1.18386 1.19908 1.17913 1.12746 1.09231 1.03267 1.05094 1.03349 0.994902 0.959497 0.93485 0.943101 0.939144 0.964886 0.965142 0.954919 0.951948 0.948627 0.944149 0.938225 0.928763 0.918105 0.905104 0.888883 0.68977 0.517324 -9999 -9999 -9999 -9999
-9999 -9999 -9999 -9999 -9999 1.96048 1.93108 1.91616 1.93923 1.91265 1.89663 1.87108 1.85629 1.82961 1.78439 1.74136 1.70522 1.65939 1.67859 1.73536 1.76351 1.75557 1.66662 1.67415 1.63703 1.5841 1.4755 1.38791 1.32881 1.2055 1.081 0.990162 0.874899 0.90224 0.936812 0.987419 1.07982 1.14367 1.1675 1.13916 1.16347 1.21817 1.20743 1.15932 1.14608 1.09495 1.02057 1.05591 1.05049 1.01664 0.999527 0.963645 0.956839 0.959147 0.962995 0.964067 0.958627 0.952485 0.948957 0.944952 0.938992 0.930542 0.920597 0.907786 0.892365 0.757986 0.516952 -9999 -9999 -9999 -9999
-9999 -9999 -9999 -9999 -9999 -9999 1.89205 1.90736 1.95004 1.9113 1.87996 1.87105 1.85121 1.81849 1.79261 1.74316 1.68185 1.56823 1.59176 1.64391 1.71944 1.75207 1.73133 1.6762 1.61084 1.48268 1.36601 1.32817 1.28621 1.18868 1.08297 0.983653 1.01138 1.04637 1.08915 1.109 1.09542 1.14915 1.1924 1.16771 1.19944 1.2355 1.20467 1.17977 1.15458 1.10037 1.0787 1.06021 1.07077 1.02729 1.02009 0.989049 0.972441 0.966264 0.963494 0.963472 0.957961 0.952845 0.949258 0.9442 0.939066 0.931064 0.92084 0.90835 0.893301 0.866352 0.722662 0.634138 -9999 -9999 -9999
-9999 -9999 -9999 -9999 -9999 -9999 1.84498 1.83348 1.89139 1.86196 1.87481 1.87146 1.8509 1.8067 1.77927 1.70846 1.68406 1.58037 1.52626 1.55924 1.5358 1.6407 1.72924 1.67666 1.44722 1.34804 1.26886 1.25605 1.22921 1.18278 1.03185 0.981042 1.06029 1.10627 1.14151 1.16835 1.16936 1.1641 1.23508 1.23774 1.25547 1.24221 1.23419 1.1846 1.14694 1.13746 1.09451 1.06979 1.08158 1.02773 1.03631 1.00121 0.976232 0.961654 0.969162 0.963517 0.958241 0.952738 0.948175 0.944027 0.936374 0.929718 0.920005 0.907262 0.893448 0.876491 0.832995 0.753865 0.712375 0.714045 -9999
-9999 -9999 -9999 -9999 -9999 -9999 -9999 1.74913 1.84542 1.84723 1.85001 1.86936 1.85311 1.81887 1.78077 1.70919 1.64849 1.55503 1.44975 1.37805 1.5345 1.66701 1.72814 1.6882 1.49429 1.40287 1.37485 1.38906 1.32878 1.27683 1.15182 1.10632 1.05352 1.05903 1.11221 1.15679 1.20233 1.23588 1.23613 1.2587 1.25888 1.25223 1.24683 1.23048 1.21279 1.14769 1.15321 1.11203 1.10238 1.07428 1.04722 1.00982 0.973107 0.973249 0.973874 0.967234 0.959568 0.953293 0.948934 0.944918 0.940258 0.926654 0.917395 0.905979 0.891923 0.876538 0.84613 0.81974 0.763955 0.695995 0.615801
-9999 -9999 -9999 -9999 -9999 -9999 -9999 1.68943 1.78652 1.79138 1.84526 1.85777 1.85358 1.83494 1.80127 1.74425 1.66588 1.60189 1.48367 1.36101 1.51557 1.64946 1.71939 1.70789 1.52821 1.54617 1.4898 1.47797 1.39294 1.34277 1.28085 1.21764 1.15259 1.08515 1.04488 1.15661 1.2118 1.25701 1.27726 1.28801 1.29204 1.27335 1.2468 1.1813 1.20897 1.17761 1.15511 1.13099 1.10865 1.0841 1.05902 1.02409 1.0069 0.97892 0.982285 0.969328 0.961744 0.955778 0.950652 0.945906 0.941351 0.936068 0.921511 0.903871 0.890458 0.875346 0.845595 0.826144 0.804521 0.775191 0.675118
-9999 -9999 -9999 -9999 -9999 -9999 -9999 1.51129 1.67065 1.76185 1.81556 1.85572 1.85367 1.8439 1.80245 1.77161 1.71285 1.65897 1.57942 1.46202 1.38757 1.49017 1.66758 1.70684 1.66692 1.64143 1.58116 1.52353 1.49493 1.47313 1.39129 1.31399 1.22054 1.18037 1.14113 1.2214 1.22583 1.21344 1.30882 1.30564 1.29663 1.25447 1.18998 1.18883 1.13692 1.12804 1.07907 1.08952 1.09538 1.08528 1.0652 1.02986 1.01496 0.998674 0.984807 0.974601 0.965882 0.958909 0.95335 0.948344 0.942708 0.937113 0.931565 0.910384 0.898807 0.874281 0.844802 0.826497 0.806296 0.785925 0.754597
-9999 -9999 -9999 -9999 -9999 -9999 -9999 1.52705 1.62512 1.73453 1.78779 1.84451 1.84312 1.85335 1.83421 1.80157 1.74857 1.68621 1.61887 1.51649 1.43851 1.51833 1.60819 1.68451 1.68164 1.64456 1.621 1.59006 1.56692 1.53301 1.48215 1.42114 1.33043 1.27504 1.20335 1.29363 1.2965 1.27416 1.31944 1.3126 1.23222 1.16888 1.15564 1.16298 1.11802 1.08271 1.03055 1.03696 1.0829 1.05001 1.03445 1.03035 1.01908 1.00203 0.990676 0.980026 0.971126 0.96337 0.957353 0.952055 0.945738 0.939675 0.933002 0.924166 0.897919 0.884725 0.854568 0.825861 0.807318 0.788033 0.766453
-9999 -9999 -9999 -9999 -9999 -9999 -9999 1.56118 1.58757 1.68477 1.77733 1.84034 1.85525 1.86364 1.84967 1.81265 1.78142 1.73894 1.67782 1.63424 1.56221 1.46441 1.60608 1.61026 1.61615 1.62211 1.64421 1.62062 1.57734 1.49174 1.49286 1.46439 1.39143 1.35794 1.31373 1.35889 1.35 1.34113 1.3321 1.26246 1.16788 1.09081 1.13574 1.11699 1.10648 1.00347 1.05591 1.08729 1.08477 1.01816 0.975483 1.01805 1.00753 1.00139 0.993991 0.986464 0.976523 0.96944 0.962191 0.955831 0.949659 0.94281 0.935484 0.926764 0.916596 0.884973 0.854658 0.837802 0.825822 0.807565 0.776363
-9999 -9999 -9999 -9999 -9999 -9999 -9999 -9999 1.55423 1.67741 1.79356 1.84943 1.87861 1.88518 1.87003 1.84459 1.8194 1.78925 1.74241 1.68573 1.59966 1.53285 1.56025 1.55951 1.52693 1.53896 1.60677 1.61558 1.55117 1.39934 1.43532 1.48568 1.46718 1.44556 1.42512 1.39622 1.3791 1.35444 1.30299 1.16029 1.13598 1.0765 1.07582 1.04028 1.06304 1.00898 1.05573 1.06628 1.05919 0.984378 0.961217 1.001 1.01214 0.993449 0.996715 0.992282 0.983255 0.975306 0.967426 0.960874 0.954317 0.94717 0.946987 0.938367 0.928582 0.893852 0.862618 0.841977 0.822164 0.798321 0.789147
-9999 -9999 -9999 -9999 -9999 -9999 -9999 -9999 1.52831 1.66122 1.80381 1.83573 1.86953 1.89824 1.88432 1.85134 1.82125 1.79205 1.76103 1.69235 1.6252 1.55983 1.53037 1.52932 1.45263 1.48416 1.57957 1.58184 1.55186 1.38879 1.33325 1.40783 1.46879 1.45971 1.43907 1.33588 1.34499 1.2869 1.21241 1.18706 1.15113 1.08247 1.10459 1.05069 1.06002 0.992404 1.01315 1.01488 1.04031 0.973896 0.939658 0.97757 0.996024 0.98304 1.0051 1.00595 0.998851 0.990437 0.982728 0.975243 0.968469 0.960753 0.952387 0.943045 0.931623 0.916612 0.867086 0.766926 0.751325 0.753206 0.753865
-9999 -9999 -9999 -9999 -9999 -9999 -9999 -9999 1.56078 1.64719 1.7725 1.86115 1.84952 1.88573 1.8982 1.86305 1.82666 1.7909 1.77023 1.69495 1.61292 1.5441 1.4634 1.46203 1.49743 1.49697 1.55288 1.54735 1.51282 1.40028 1.41063 1.45682 1.47443 1.46964 1.44855 1.41672 1.3946 1.34891 1.3247 1.26646 1.18008 1.14123 1.15246 1.05961 1.05504 1.07424 0.973726 1.01321 1.02377 0.943841 0.947135 0.990622 1.00624 1.01887 1.0187 1.0121 1.0091 0.999689 0.99147 0.983491 0.975298 0.967134 0.957357 0.947104 0.929928 0.908343 0.834397 0.74751 0.737531 0.750506 0.759739
-9999 -9999 -9999 -9999 -9999 -9999 -9999 -9999 1.59416 1.67108 1.77811 1.83656 1.83272 1.87511 1.9125 1.89334 1.85535 1.83631 1.79891 1.73255 1.66013 1.58136 1.53641 1.44762 1.50749 1.48152 1.52686 1.53828 1.43448 1.39344 1.41988 1.44665 1.44861 1.47757 1.46412 1.43816 1.36677 1.32734 1.33064 1.30926 1.27851 1.21563 1.20405 1.15936 1.13414 1.1087 0.994253 1.00839 0.996573 0.973384 1.00196 1.01818 1.02468 1.02999 1.02258 1.01909 1.01875 1.00975 1.00079 0.991813 0.983235 0.973608 0.961453 0.949166 0.924468 0.888007 0.828976 0.6901 0.728807 0.769562 0.753371
-9999 -9999 -9999 -9999 -9999 -9999 -9999 -9999 1.59261 1.6768 1.7664 1.79373 1.78445 1.87476 1.92513 1.91175 1.88692 1.86074 1.78304 1.7756 1.7508 1.67777 1.57615 1.46488 1.45929 1.4719 1.49589 1.50609 1.37056 1.32632 1.33136 1.3807 1.42399 1.47064 1.47322 1.44369 1.33846 1.22805 1.26476 1.30498 1.2954 1.27136 1.21123 1.18479 1.15913 1.11043 1.01013 0.971302 0.974445 0.994168 1.00232 1.02272 1.03779 1.0146 1.00886 1.0245 1.02927 1.01971 1.01027 1.00133 0.991605 0.981171 0.965485 0.948925 0.927503 0.8506 0.797516 0.702408 0.727564 0.750995 0.720508
-9999 -9999 -9999 -9999 -9999 -9999 -9999 -9999 1.57573 1.63227 1.71798 1.74254 1.79305 1.87798 1.91291 1.92301 1.90963 1.88769 1.84587 1.81588 1.76831 1.69201 1.59176 1.48109 1.40327 1.41937 1.44032 1.43566 1.32047 1.26755 1.29906 1.35324 1.44111 1.48609 1.48151 1.46453 1.43403 1.35037 1.25187 1.24219 1.2765 1.22925 1.17562 1.18824 1.17217 1.12363 1.08434 0.993409 0.971156 0.978988 0.981908 1.00795 1.05306 1.04911 1.03576 1.04893 1.03945 1.02972 1.02063 1.01073 1.00061 0.989792 0.974591 0.952992 0.898116 0.848117 0.782668 0.762654 0.755965 0.748255 0.741601
-9999 -9999 -9999 -9999 -9999 -9999 -9999 -9999 1.53559 1.60622 1.6861 1.76069 1.83126 1.89067 1.88231 1.90799 1.89491 1.90266 1.88406 1.8437 1.80091 1.73261 1.60696 1.49841 1.38074 1.39163 1.45616 1.37136 1.30658 1.20036 1.27975 1.36939 1.44997 1.4881 1.43609 1.46543 1.451 1.41289 1.3498 1.25758 1.24856 1.17646 1.16259 1.18238 1.18039 1.16243 1.12947 1.05692 0.993885 0.986977 0.979869 1.00301 1.03545 1.06736 1.06326 1.0606 1.05032 1.04009 1.03056 1.02045 1.0092 0.996353 0.980372 0.932537 0.877247 0.837927 0.788005 0.769734 0.801545 0.763752 0.748209
-9999 -9999 -9999 -9999 -9999 -9999 -9999 -9999 -9999 1.61287 1.69659 1.75507 1.76002 1.81168 1.83358 1.84786 1.8409 1.90658 1.89776 1.86687 1.82579 1.76477 1.66525 1.5908 1.47673 1.38981 1.35173 1.28322 1.29364 1.27103 1.2986 1.38457 1.47539 1.47436 1.39662 1.39507 1.39789 1.41804 1.3916 1.26936 1.20168 1.14328 1.16481 1.18761 1.18333 1.17181 1.15146 1.08112 1.00221 1.03565 1.05724 1.05259 1.07069 1.08136 1.07632 1.07015 1.0602 1.05043 1.04012 1.02838 1.01675 1.00007 0.975952 0.923225 0.812829 0.804087 0.779662 0.734952 0.764565 0.724298 0.748492
-9999 -9999 -9999 -9999 -9999 -9999 -9999 -9999 -9999 1.59453 1.69455 1.70374 1.68741 1.63507 1.63953 1.76942 1.78523 1.84757 1.90557 1.88636 1.84515 1.78639 1.72028 1.626 1.499 1.39432 1.29948 1.3457 1.37928 1.3834 1.39873 1.44639 1.44534 1.36597 1.29134 1.31581 1.32639 1.3971 1.40109 1.37412 1.29549 1.20678 1.15425 1.18856 1.18144 1.17044 1.15689 1.11645 1.06092 1.06421 1.08028 1.08795 1.08698 1.09473 1.08868 1.07969 1.07085 1.06026 1.04894 1.03533 1.02092 0.994267 0.963817 0.884566 0.81572 0.767127 0.708661 0.792622 0.781528 0.770887 0.750079
