Test_Spring_2018b/12_17/Prec/20171228_001.txt
ncols	170
nrows	115
xllcorner	350000.000000
yllcorner	4445000.000000
cellsize	1000.000000
nodata_value	-9999.000000
[rows 31 to 61 of 115, columns 70 to 139 of 170]
0.380409 0.392798 0.396291 0.384755 0.384075 0.405802 0.40659 0.404696 0.402329 0.399294 0.387256 0.382673 0.372996 0.356598 0.349282 0.320835 0.230574 0.255387 0.264877 0.238608 0.25297 0.276582 0.256176 0.195448 0.169542 0.12765 0.140533 0.129637 0 -9999 -9999 -9999 -9999 -9999 -9999 -9999 -9999 -9999 -9999 -9999 -9999 -9999 -9999 -9999 -9999 -9999 -9999 -9999 -9999 -9999 -9999 -9999 -9999 -9999 -9999 -9999 -9999 -9999 -9999 -9999 -9999 -9999 -9999 -9999 -9999 -9999 -9999 -9999 -9999 -9999
0.383349 0.387984 0.385601 0.374378 0.387338 0.39915 0.386049 0.386889 0.401413 0.400663 0.39233 0.373777 0.366492 0.358989 0.354145 0.330691 0.266116 0.207952 0.238552 0.239102 0.217687 0.25616 0.236183 0.183761 0.109705 0.150882 0.141011 0 0 -9999 -9999 -9999 -9999 -9999 -9999 -9999 -9999 -9999 -9999 -9999 -9999 -9999 -9999 -9999 -9999 -9999 -9999 -9999 -9999 -9999 -9999 -9999 -9999 -9999 -9999 -9999 -9999 -9999 -9999 -9999 -9999 -9999 -9999 -9999 -9999 -9999 -9999 -9999 -9999 -9999
0.365416 0.379717 0.372946 0.367117 0.387193 0.385037 0.38178 0.393168 0.399399 0.401434 0.397765 0.389295 0.381882 0.374072 0.355327 0.328673 0.273421 0.207377 0.192259 0.224342 0.225978 0.23141 0.213385 0.190796 0.155266 0.185844 0.198338 0.163185 0.118982 0 -9999 -9999 -9999 -9999 -9999 -9999 -9999 -9999 -9999 -9999 -9999 -9999 -9999 -9999 -9999 -9999 -9999 -9999 -9999 -9999 -9999 -9999 -9999 -9999 -9999 -9999 -9999 -9999 -9999 -9999 -9999 -9999 -9999 -9999 -9999 -9999 -9999 -9999 -9999 -9999
0.341055 0.366955 0.357639 0.334759 0.346185 0.354358 0.378133 0.372488 0.374545 0.399857 0.397798 0.39592 0.384168 0.374675 0.359406 0.333799 0.297645 0.254316 0.179212 0.225495 0.261929 0.261425 0.260063 0.244634 0.210782 0.241101 0.24376 0.197862 0.152653 0.123831 0.112333 -9999 -9999 -9999 -9999 -9999 -9999 -9999 -9999 -9999 -9999 -9999 -9999 -9999 -9999 -9999 -9999 -9999 -9999 -9999 -9999 -9999 -9999 -9999 -9999 -9999 -9999 -9999 -9999 -9999 -9999 -9999 -9999 -9999 -9999 -9999 -9999 -9999 -9999 -9999
-9999 0.349054 0.340062 0.31254 0.32408 0.340052 0.371181 0.376248 0.382442 0.389552 0.396818 0.395228 0.383236 0.34909 0.343768 0.341871 0.318142 0.26885 0.219787 0.207245 0.262846 0.279252 0.276864 0.290267 0.262041 0.277498 0.273461 0.257874 0.211357 0.170905 0.153866 0.118775 -9999 -9999 -9999 -9999 -9999 -9999 -9999 -9999 -9999 -9999 -9999 -9999 -9999 -9999 -9999 -9999 -9999 -9999 -9999 -9999 -9999 -9999 -9999 -9999 -9999 -9999 -9999 -9999 -9999 -9999 -9999 -9999 -9999 -9999 -9999 -9999 -9999 -9999
-9999 -9999 -9999 -9999 0.2942 0.324068 0.336384 0.35963 0.377009 0.38688 0.396445 0.394967 0.371623 0.35992 0.358418 0.342653 0.315336 0.298235 0.267406 0.235506 0.248308 0.296194 0.276313 0.311041 0.309858 0.317895 0.297727 0.258325 0.202081 0.173768 0.159238 0.131601 -9999 -9999 -9999 -9999 -9999 -9999 -9999 -9999 -9999 -9999 -9999 -9999 -9999 -9999 -9999 -9999 -9999 -9999 -9999 -9999 -9999 -9999 -9999 -9999 -9999 -9999 -9999 -9999 -9999 -9999 -9999 -9999 -9999 -9999 -9999 -9999 -9999 -9999
-9999 -9999 -9999 -9999 -9999 0.319169 0.327121 0.358855 0.371819 0.377994 0.39381 0.393167 0.383895 0.376767 0.366776 0.354002 0.333384 0.310856 0.281913 0.279585 0.310373 0.311731 0.306768 0.313399 0.33091 0.329191 0.295657 0.24108 0.212406 0.151776 0.126906 0.132107 0.114836 -9999 -9999 -9999 -9999 -9999 -9999 -9999 -9999 -9999 -9999 -9999 -9999 0.168432 -9999 -9999 -9999 -9999 -9999 -9999 -9999 -9999 -9999 -9999 -9999 -9999 -9999 -9999 -9999 -9999 -9999 -9999 -9999 -9999 0 -9999 -9999 -9999
-9999 -9999 -9999 -9999 0.309695 0.329834 0.344902 0.364514 0.365412 0.374181 0.392433 0.391978 0.385141 0.377539 0.361396 0.357024 0.345101 0.320635 0.315778 0.326069 0.331407 0.337746 0.342528 0.342001 0.338201 0.332977 0.314479 0.290164 0.275127 0.217843 0.194599 0.169456 0.129528 0 -9999 -9999 -9999 -9999 -9999 -9999 -9999 0.170606 0.164911 0.161015 0.16532 0.185852 0.165035 -9999 -9999 -9999 -9999 -9999 -9999 -9999 -9999 -9999 -9999 -9999 -9999 -9999 -9999 -9999 -9999 -9999 -9999 -9999 0 0 -9999 -9999
-9999 -9999 -9999 -9999 0.315312 0.336024 0.345996 0.365039 0.375541 0.379395 0.385205 0.390674 0.388783 0.380331 0.367962 0.367394 0.350939 0.342106 0.336058 0.34988 0.353442 0.3495 0.344705 0.341208 0.327384 0.328894 0.327726 0.314225 0.289716 0.264472 0.226449 0.172308 0.119003 0 -9999 -9999 -9999 -9999 -9999 -9999 0.187643 0.205271 0.213467 0.180677 0.198255 0.213471 0.203645 0.176448 -9999 -9999 -9999 -9999 -9999 -9999 -9999 -9999 -9999 -9999 -9999 -9999 -9999 -9999 0.169782 0.133516 0 0 0 0 -9999 -9999
-9999 -9999 -9999 -9999 0.310529 0.335192 0.351641 0.366076 0.367656 0.379851 0.385657 0.388111 0.386743 0.384254 0.381192 0.366431 0.359831 0.338424 0.358683 0.358441 0.354375 0.335763 0.329219 0.297339 0.285528 0.286659 0.320286 0.303528 0.263594 0.212575 0.153791 0.151206 0.133383 0 -9999 -9999 -9999 -9999 -9999 -9999 0.203429 0.222046 0.235914 0.232593 0.198631 0.229607 0.22103 0.192088 0.179727 0.189902 0.191817 0.180623 0.193638 0.194153 0.179749 0.185654 -9999 -9999 -9999 -9999 0.177182 0.176723 0.176106 0.160151 0 0 0 0 -9999 -9999
-9999 -9999 -9999 -9999 0.327401 0.342456 0.349722 0.35027 0.363015 0.37328 0.38061 0.393421 0.390559 0.388407 0.38632 0.380212 0.368142 0.369642 0.368829 0.363099 0.326039 0.283258 0.305719 0.275277 0.223826 0.273707 0.304381 0.285589 0.237015 0.17996 0.169156 0.172876 0.147231 0.116653 -9999 -9999 -9999 0.159836 0.191953 0.192628 0.19888 0.224967 0.242703 0.249131 0.253542 0.248622 0.22428 0.194866 0.163793 0.163731 0.196749 0.199484 0.201382 0.201632 0.187525 0.191647 0.198353 0.200441 0.198652 0.193712 0.19122 0.190581 0.188024 0.173493 0 0 0 0 -9999 -9999
-9999 -9999 -9999 -9999 0.328641 0.341976 0.352338 0.366847 0.367731 0.377815 0.3813 0.38927 0.388443 0.374554 0.382444 0.379514 0.376439 0.371879 0.366206 0.334517 0.291368 0.248955 0.231547 0.245896 0.216648 0.238358 0.270022 0.259848 0.240182 0.190609 0.189465 0.186465 0.136687 0 -9999 -9999 0.104152 0.168121 0.211863 0.232508 0.235827 0.231385 0.254568 0.249699 0.273521 0.261131 0.207027 0.202662 0.170468 0.172022 0.182814 0.179144 0.194834 0.207571 0.205522 0.20042 0.202931 0.200695 0.198123 0.195659 0.189235 0.190105 0.189465 0.180298 0.130129 0.105244 0 0 -9999 -9999
-9999 -9999 -9999 -9999 0.342382 0.357918 0.374211 0.375919 0.38648 0.373388 0.366384 0.381302 0.384941 0.374135 0.365777 0.374862 0.372552 0.370211 0.367738 0.338076 0.304589 0.25392 0.224465 0.210003 0.201364 0.193514 0.213543 0.216486 0.218172 0.231562 0.21845 0.198387 0.174414 0.119906 0 -9999 0.11591 0.145383 0.197606 0.240162 0.264635 0.248757 0.275374 0.273696 0.287619 0.267002 0.228555 0.210489 0.200064 0.187414 0.200912 0.200995 0.205117 0.204773 0.206429 0.203143 0.200756 0.197927 0.195509 0.193864 0.192235 0.191057 0.189412 0.185814 0.162682 0.138554 0 0 -9999 -9999
-9999 -9999 -9999 0.292315 0.340243 0.366258 0.375926 0.381992 0.386349 0.388169 0.388394 0.381706 0.381963 0.377659 0.35272 0.352116 0.354255 0.365782 0.364766 0.362954 0.345697 0.283769 0.266252 0.244561 0.209056 0.197239 0.21371 0.25643 0.262792 0.247584 0.229586 0.204751 0.185783 0.157081 0 0.102925 0.136198 0.159959 0.195243 0.24769 0.281885 0.293086 0.292185 0.300099 0.297901 0.274041 0.24609 0.229627 0.207876 0.196167 0.18643 0.190604 0.193565 0.203131 0.204002 0.20126 0.198221 0.19533 0.193133 0.191806 0.190764 0.189606 0.189328 0.189051 0.187603 0.155468 0 0 -9999 -9999
-9999 -9999 -9999 -9999 0.332287 0.344348 0.347221 0.351264 0.359638 0.36866 0.380821 0.378704 0.383454 0.374608 0.352283 0.327418 0.344516 0.3509 0.358638 0.359892 0.359673 0.3125 0.289732 0.274135 0.241105 0.262641 0.284937 0.294522 0.294687 0.253688 0.212712 0.167039 0.120949 0.124649 0 0.117775 0.140988 0.193874 0.229495 0.241522 0.247485 0.2971 0.306035 0.302967 0.30793 0.278337 0.259678 0.234099 0.227566 0.215513 0.205083 0.154272 0.186626 0.179694 0.197879 0.199209 0.196593 0.19334 0.191217 0.189423 0.188503 0.187966 0.188264 0.188268 0.189561 0.16924 0 0 -9999 -9999
-9999 -9999 -9999 -9999 -9999 -9999 0.337234 0.344624 0.347818 0.353925 0.377556 0.380546 0.380545 0.375792 0.362446 0.335234 0.327094 0.329692 0.308133 0.328482 0.356384 0.36075 0.364148 0.323555 0.306298 0.338665 0.340315 0.313233 0.293904 0.274867 0.225907 0.195153 0.141605 0.102342 0.106016 0.160607 0.203988 0.257581 0.279939 0.264055 0.273513 0.29627 0.320351 0.326902 0.313611 0.282579 0.265584 0.231557 0.242395 0.232993 0.211569 0.191918 0.186378 0.189635 0.185764 0.198869 0.197573 0.192339 0.189593 0.187859 0.186877 0.186589 0.187389 0.188085 0.188773 0.188652 0 0 -9999 -9999
-9999 -9999 -9999 -9999 -9999 -9999 0.318116 0.322131 0.333333 0.364709 0.377436 0.379643 0.373803 0.371616 0.360414 0.336829 0.313727 0.2936 0.269778 0.285375 0.325355 0.352078 0.361264 0.327038 0.356802 0.357551 0.350641 0.312782 0.287367 0.278203 0.231772 0.195946 0.162898 0.113485 0.142867 0.173346 0.209811 0.267491 0.305255 0.318274 0.300883 0.312575 0.341348 0.33274 0.303048 0.293738 0.267315 0.224712 0.245202 0.242613 0.223854 0.21464 0.202351 0.19694 0.196589 0.197106 0.196202 0.19195 0.1883 0.186353 0.185576 0.185921 0.18635 0.187558 0.18851 0.189044 0.122291 0 -9999 -9999
-9999 -9999 -9999 -9999 -9999 -9999 -9999 0.300083 0.328611 0.371256 0.377 0.370501 0.374217 0.369178 0.354532 0.342003 0.31481 0.280471 0.21763 0.23563 0.272892 0.326644 0.358989 0.363762 0.357697 0.342362 0.292526 0.250192 0.253393 0.254228 0.222757 0.197783 0.160085 0.192632 0.226544 0.26183 0.280775 0.277387 0.30953 0.333807 0.318054 0.33386 0.351829 0.331584 0.315028 0.298761 0.270454 0.257922 0.247587 0.254111 0.229845 0.226323 0.21673 0.205747 0.200582 0.197349 0.195845 0.191565 0.188093 0.186279 0.185027 0.185539 0.186201 0.187236 0.188371 0.189132 0.18385 0.118659 0 -9999
-9999 -9999 -9999 -9999 -9999 -9999 -9999 0.273385 0.286276 0.337386 0.348506 0.367219 0.374137 0.368777 0.347718 0.335285 0.295963 0.28273 0.225091 0.200019 0.226293 0.223344 0.296834 0.363851 0.359042 0.249524 0.215909 0.194666 0.211851 0.221016 0.218485 0.167557 0.157433 0.219318 0.259443 0.29039 0.313346 0.318652 0.317037 0.356778 0.357668 0.365527 0.355349 0.348185 0.317529 0.294142 0.291494 0.266798 0.252914 0.260166 0.230021 0.235586 0.223851 0.208207 0.198371 0.20115 0.196557 0.192518 0.189148 0.186717 0.185707 0.185265 0.186604 0.1878 0.188633 0.189929 0.190188 0.182192 0.148115 0.135219
-9999 -9999 -9999 -9999 -9999 -9999 -9999 -9999 0.237599 0.310129 0.339225 0.352028 0.371928 0.36917 0.357674 0.337551 0.297662 0.264124 0.212728 0.156135 0.126263 0.226041 0.315008 0.365892 0.367918 0.278007 0.248061 0.255288 0.287134 0.276388 0.269935 0.23356 0.225948 0.211904 0.228587 0.271219 0.303801 0.334004 0.354792 0.35435 0.364972 0.366033 0.359872 0.354421 0.342956 0.33114 0.296932 0.300047 0.27682 0.271891 0.256558 0.24184 0.22921 0.207053 0.205852 0.204918 0.199968 0.195726 0.191504 0.189303 0.188421 0.188418 0.187498 0.188718 0.190012 0.19083 0.191631 0.190897 0.186616 0.165219
-9999 -9999 -9999 -9999 -9999 -9999 -9999 -9999 0.202749 0.274994 0.306007 0.347787 0.366942 0.3744 0.367214 0.350241 0.319332 0.276335 0.242352 0.178788 0.114623 0.21493 0.309346 0.364631 0.37564 0.299587 0.331098 0.320964 0.336745 0.310677 0.304097 0.303373 0.284818 0.263103 0.240113 0.227178 0.297992 0.33386 0.361615 0.373025 0.377396 0.376812 0.367768 0.352764 0.313507 0.327901 0.31341 0.300651 0.287308 0.27524 0.262053 0.248599 0.237995 0.227265 0.210258 0.211294 0.20494 0.199588 0.195789 0.193323 0.19211 0.19216 0.192999 0.191263 0.191928 0.192643 0.193092 0.192424 0.191571 0.189221
-9999 -9999 -9999 -9999 -9999 -9999 -9999 -9999 0.100031 0.206996 0.291894 0.332929 0.369868 0.374264 0.37272 0.351999 0.336837 0.305805 0.278269 0.237322 0.176462 0.142226 0.216926 0.332217 0.378498 0.381469 0.386805 0.373046 0.3612 0.365956 0.374185 0.361526 0.337315 0.29827 0.288161 0.275009 0.327766 0.334758 0.329926 0.384822 0.38186 0.374526 0.347659 0.314942 0.31226 0.285301 0.284212 0.256523 0.263125 0.267333 0.262554 0.252108 0.242032 0.233205 0.223128 0.217562 0.210722 0.205086 0.201015 0.198518 0.19727 0.196703 0.197251 0.198901 0.195047 0.195607 0.195166 0.194286 0.19343 0.191288
-9999 -9999 -9999 -9999 -9999 -9999 -9999 -9999 0.11164 0.200368 0.274786 0.322967 0.36294 0.36809 0.37857 0.37134 0.355945 0.328996 0.297305 0.263868 0.211895 0.175676 0.231679 0.302774 0.361647 0.385359 0.389832 0.39553 0.397366 0.405596 0.405843 0.411235 0.391773 0.355111 0.334486 0.302419 0.360791 0.367039 0.356896 0.38371 0.379367 0.332003 0.29384 0.284157 0.295129 0.268209 0.252539 0.227984 0.232482 0.259784 0.242187 0.234507 0.243498 0.23668 0.230687 0.223484 0.216827 0.211489 0.207305 0.204789 0.203504 0.202558 0.202722 0.203497 0.203938 0.198615 0.198474 0.197024 0.194981 0.19312
-9999 -9999 -9999 -9999 -9999 -9999 -9999 -9999 0.121712 0.178113 0.244962 0.316536 0.3602 0.375009 0.384988 0.381409 0.364283 0.350536 0.330886 0.301503 0.283432 0.250631 0.204786 0.297648 0.32271 0.350544 0.370729 0.402185 0.407971 0.40252 0.394971 0.411287 0.412065 0.38247 0.3737 0.356938 0.389379 0.389033 0.386963 0.383294 0.343757 0.289089 0.243921 0.268331 0.25641 0.259529 0.205947 0.236241 0.255097 0.254864 0.223606 0.200595 0.237213 0.236255 0.23247 0.227983 0.223556 0.218031 0.214575 0.211608 0.209857 0.20901 0.208616 0.208787 0.208957 0.20902 0.201744 0.199914 0.198416 0.197469
-9999 -9999 -9999 -9999 -9999 -9999 -9999 -9999 -9999 0.15095 0.244152 0.320115 0.360301 0.384046 0.393858 0.390531 0.380931 0.371459 0.359523 0.33879 0.313501 0.272724 0.244467 0.271677 0.294851 0.300809 0.324161 0.380124 0.402724 0.383452 0.333383 0.373314 0.415303 0.416463 0.414227 0.410957 0.401993 0.397047 0.386288 0.358905 0.27828 0.263915 0.229557 0.228607 0.207752 0.231887 0.207348 0.234992 0.242207 0.239578 0.198399 0.200082 0.229601 0.236379 0.226071 0.228349 0.229821 0.225214 0.221597 0.218517 0.216799 0.215757 0.215097 0.215757 0.215599 0.215455 0.206606 0.204606 0.20052 0.196989
-9999 -9999 -9999 -9999 -9999 -9999 -9999 -9999 -9999 0.1488 0.235132 0.325919 0.352362 0.378911 0.401747 0.399624 0.386295 0.374619 0.363774 0.35251 0.320594 0.290658 0.262984 0.257173 0.268925 0.260427 0.29354 0.363778 0.381038 0.379831 0.328052 0.309435 0.364163 0.409864 0.414133 0.410333 0.357844 0.368133 0.338655 0.298639 0.285766 0.266137 0.227325 0.240207 0.209596 0.215295 0.196283 0.209395 0.211843 0.228029 0.191834 0.187935 0.217292 0.228589 0.221898 0.235286 0.236646 0.233645 0.230174 0.227484 0.225388 0.224239 0.223143 0.222292 0.221497 0.2201 0.21718 0.200756 0.159877 0.158136
-9999 -9999 -9999 -9999 -9999 -9999 -9999 -9999 -9999 0.168448 0.227698 0.308325 0.367128 0.367813 0.395208 0.40857 0.39446 0.379656 0.365482 0.360457 0.324928 0.286451 0.256553 0.220947 0.231804 0.264707 0.301321 0.347604 0.358968 0.353698 0.330661 0.34856 0.386038 0.406114 0.412211 0.40775 0.395893 0.38838 0.366259 0.355431 0.324332 0.276519 0.255475 0.262851 0.210655 0.209024 0.221176 0.185529 0.209843 0.217752 0.174011 0.199748 0.225706 0.235709 0.243999 0.24501 0.242442 0.242098 0.238331 0.235569 0.233341 0.231451 0.23008 0.228314 0.226802 0.221835 0.214805 0.178224 0.150993 0.151923
-9999 -9999 -9999 -9999 -9999 -9999 -9999 -9999 -9999 0.188869 0.24226 0.312167 0.353608 0.3588 0.389917 0.41781 0.413185 0.39781 0.393499 0.379121 0.348782 0.315721 0.279878 0.264274 0.224496 0.270564 0.292677 0.331731 0.351543 0.334974 0.323104 0.349185 0.374668 0.385049 0.40988 0.409411 0.400733 0.365063 0.346728 0.352003 0.342472 0.327056 0.292897 0.287866 0.263824 0.250955 0.238071 0.19591 0.205995 0.201332 0.198499 0.231587 0.242253 0.247346 0.251763 0.248944 0.24846 0.249921 0.246633 0.243647 0.240986 0.238942 0.236726 0.233513 0.230676 0.221177 0.205349 0.176956 0.120283 0.1486
-9999 -9999 -9999 -9999 -9999 -9999 -9999 -9999 -9999 0.189508 0.246689 0.306393 0.329923 0.332009 0.390636 0.42613 0.425025 0.4174 0.409193 0.371881 0.375255 0.369323 0.336515 0.288104 0.234918 0.242864 0.272456 0.312988 0.33106 0.296051 0.281419 0.294406 0.332038 0.365416 0.399865 0.408217 0.397324 0.342292 0.283512 0.308183 0.334288 0.331459 0.320048 0.287802 0.274739 0.262119 0.236392 0.189665 0.183676 0.187801 0.225763 0.232113 0.245449 0.255731 0.244145 0.242569 0.25329 0.257921 0.254533 0.251447 0.248931 0.246292 0.243615 0.23832 0.232918 0.225115 0.185935 0.160682 0.121699 0.149521
-9999 -9999 -9999 -9999 -9999 -9999 -9999 -9999 -9999 0.181502 0.222573 0.279842 0.301677 0.337917 0.3935 0.420246 0.432676 0.431703 0.426005 0.409245 0.399679 0.380599 0.345687 0.297723 0.244427 0.210506 0.230785 0.280172 0.298561 0.265202 0.244874 0.272308 0.312088 0.370436 0.403499 0.407456 0.403571 0.391236 0.347854 0.295412 0.29329 0.315958 0.291712 0.263643 0.273381 0.266697 0.241481 0.221612 0.195221 0.194073 0.216944 0.220584 0.237429 0.265159 0.264836 0.259162 0.268709 0.265405 0.262107 0.259367 0.256406 0.253604 0.250717 0.245661 0.237295 0.21024 0.186292 0.153788 0.14749 0.167339
-9999 -9999 -9999 -9999 -9999 -9999 -9999 -9999 -9999 0.160263 0.20916 0.26293 0.313251 0.360898 0.401849 0.40383 0.42518 0.424384 0.435651 0.432129 0.416544 0.40005 0.369507 0.306741 0.254315 0.197189 0.214002 0.272583 0.282536 0.255241 0.203883 0.25818 0.317761 0.37151 0.400307 0.376879 0.399316 0.396116 0.378824 0.346774 0.29768 0.295862 0.257759 0.252815 0.267049 0.268813 0.26146 0.245565 0.216054 0.206671 0.221212 0.2194 0.234855 0.255594 0.276017 0.275856 0.276557 0.272972 0.269536 0.266665 0.26367 0.260275 0.256246 0.25073 0.227318 0.199961 0.182037 0.158317 0.152913 0.186578
