Test_Spring_2018b/12_17/Prec/20171209_011.txt
ncols	170
nrows	115
xllcorner	350000.000000
yllcorner	4445000.000000
cellsize	1000.000000
nodata_value	-9999.000000
[rows 33 to 65 of 115, columns 73 to 145 of 170]
0.397093 0.388217 0.385216 0.379952 0.374189 0.357334 0.353633 0.351417 0.350452 0.349193 0.348029 0.349756 0.353577 0.364972 0.379228 0.380008 0.368295 0.36463 0.359943 0.361437 0.364105 0.370156 0.358667 0.351919 0.352265 0.352301 0.356067 -9999 -9999 -9999 -9999 -9999 -9999 -9999 -9999 -9999 -9999 -9999 -9999 -9999 -9999 -9999 -9999 -9999 -9999 -9999 -9999 -9999 -9999 -9999 -9999 -9999 -9999 -9999 -9999 -9999 -9999 -9999 -9999 -9999 -9999 -9999 -9999 -9999 -9999 -9999 -9999 -9999 -9999 -9999 -9999 -9999 -9999
0.406945 0.400321 0.394577 0.381691 0.369215 0.365567 0.35577 0.353221 0.350622 0.350628 0.350023 0.350926 0.35454 0.360914 0.36915 0.385756 0.370192 0.35719 0.35392 0.350834 0.351429 0.356864 0.345283 0.340999 0.339077 0.344869 0.348407 0.34738 -9999 -9999 -9999 -9999 -9999 -9999 -9999 -9999 -9999 -9999 -9999 -9999 -9999 -9999 -9999 -9999 -9999 -9999 -9999 -9999 -9999 -9999 -9999 -9999 -9999 -9999 -9999 -9999 -9999 -9999 -9999 -9999 -9999 -9999 -9999 -9999 -9999 -9999 -9999 -9999 -9999 -9999 -9999 -9999 -9999
0.41395 0.407278 0.399473 0.386995 0.368837 0.365142 0.360234 0.355314 0.352755 0.352948 0.358988 0.357362 0.354775 0.357899 0.367709 0.377374 0.377287 0.359082 0.351178 0.348186 0.340965 0.344727 0.336909 0.334245 0.328912 0.333116 0.336705 0.337097 0.342315 -9999 -9999 -9999 -9999 -9999 -9999 -9999 -9999 -9999 -9999 -9999 -9999 -9999 -9999 -9999 -9999 -9999 -9999 -9999 -9999 -9999 -9999 -9999 -9999 -9999 -9999 -9999 -9999 -9999 -9999 -9999 -9999 -9999 -9999 -9999 -9999 -9999 -9999 -9999 -9999 -9999 -9999 -9999 -9999
-9999 0.416124 0.403839 0.385965 0.374658 0.368209 0.362646 0.357224 0.354761 0.358094 0.358324 0.3558 0.356968 0.361087 0.362378 0.36717 0.372113 0.365102 0.348701 0.350151 0.33709 0.333499 0.327458 0.328896 0.331099 0.336362 0.336761 0.336444 0.339681 -9999 -9999 -9999 -9999 -9999 -9999 -9999 -9999 -9999 -9999 -9999 -9999 -9999 -9999 -9999 -9999 -9999 -9999 -9999 -9999 -9999 -9999 -9999 -9999 -9999 -9999 -9999 -9999 -9999 -9999 -9999 -9999 -9999 -9999 -9999 -9999 -9999 -9999 -9999 -9999 -9999 -9999 -9999 -9999
-9999 -9999 0.405795 0.389781 0.378465 0.371126 0.366628 0.359668 0.357123 0.356879 0.356042 0.355892 0.356365 0.358766 0.361501 0.365748 0.36277 0.350861 0.3466 0.343905 0.338069 0.329319 0.325658 0.324741 0.336429 0.339628 0.343406 0.345786 0.340336 0.340938 -9999 -9999 -9999 -9999 -9999 -9999 -9999 -9999 -9999 -9999 -9999 -9999 0.264117 -9999 -9999 -9999 -9999 -9999 -9999 -9999 -9999 -9999 -9999 -9999 -9999 -9999 -9999 -9999 -9999 -9999 -9999 -9999 -9999 0.168896 -9999 -9999 -9999 -9999 -9999 -9999 -9999 -9999 -9999
-9999 0.413327 0.393354 0.386291 0.378199 0.372877 0.369149 0.361674 0.359231 0.358506 0.357955 0.359575 0.357935 0.358101 0.361363 0.359195 0.352782 0.347466 0.341705 0.33622 0.332054 0.328716 0.325763 0.322353 0.32412 0.323558 0.32917 0.328624 0.331222 0.337883 0.342285 -9999 -9999 -9999 -9999 -9999 -9999 -9999 0.288715 0.284554 0.279544 0.272015 0.25988 0.258429 -9999 -9999 -9999 -9999 -9999 -9999 -9999 -9999 -9999 -9999 -9999 -9999 -9999 -9999 -9999 -9999 -9999 -9999 -9999 0.161409 0.164778 -9999 -9999 -9999 -9999 -9999 -9999 -9999 -9999
-9999 0.401577 0.392781 0.387037 0.379112 0.373659 0.369123 0.365083 0.361239 0.359384 0.359234 0.360013 0.35749 0.358935 0.358082 0.356193 0.348752 0.343758 0.340529 0.337358 0.33374 0.332811 0.327839 0.319617 0.318321 0.320103 0.322273 0.320869 0.331173 0.341461 0.349096 -9999 -9999 -9999 -9999 -9999 -9999 0.291171 0.281118 0.273108 0.275503 0.264155 0.253067 0.248302 0.2403 -9999 -9999 -9999 -9999 -9999 -9999 -9999 -9999 -9999 -9999 -9999 -9999 -9999 -9999 0.137965 0.142489 0.156094 0.160416 0.160668 0.163082 -9999 -9999 -9999 -9999 -9999 -9999 -9999 -9999
-9999 0.403782 0.393861 0.386372 0.379684 0.376657 0.372637 0.366277 0.36341 0.361609 0.36007 0.358557 0.359928 0.358853 0.361361 0.352479 0.348669 0.345547 0.346006 0.343071 0.346716 0.344999 0.336369 0.322229 0.321581 0.327273 0.336141 0.345419 0.337356 0.338359 0.344643 -9999 -9999 -9999 -9999 -9999 -9999 0.288849 0.278444 0.268758 0.263095 0.265055 0.249396 0.237001 0.236052 0.230625 0.219266 0.210243 0.199623 0.18395 0.17684 0.17418 0.166634 -9999 -9999 -9999 -9999 0.144089 0.139596 0.135009 0.134257 0.149578 0.158163 0.165 0.155907 -9999 -9999 -9999 -9999 -9999 -9999 -9999 -9999
-9999 0.40003 0.392573 0.387482 0.384489 0.378574 0.375191 0.368711 0.371367 0.369615 0.367653 0.365596 0.36447 0.36474 0.361195 0.358015 0.355881 0.361792 0.368991 0.358729 0.353775 0.364431 0.340548 0.326932 0.326596 0.334395 0.344732 0.341393 0.332065 0.335263 0.343666 -9999 -9999 -9999 0.3185 0.306127 0.301678 0.295275 0.283085 0.27254 0.260172 0.251624 0.245164 0.236615 0.23522 0.234162 0.224938 0.207139 0.197663 0.179914 0.172633 0.169752 0.163576 0.156329 0.150754 0.146563 0.14345 0.139804 0.135651 0.131866 0.131004 0.144005 0.149081 0.150004 0.150886 -9999 -9999 -9999 -9999 -9999 -9999 -9999 -9999
-9999 0.410007 0.403159 0.397215 0.389761 0.386916 0.381747 0.380073 0.373082 0.370834 0.372025 0.367376 0.365457 0.36339 0.361486 0.359616 0.364359 0.371867 0.378929 0.379153 0.37302 0.376057 0.359934 0.346114 0.333498 0.337327 0.345592 0.341318 0.336548 0.342095 0.350638 -9999 -9999 0.337708 0.317405 0.302136 0.292536 0.286977 0.282856 0.270772 0.265456 0.251911 0.247728 0.247295 0.239072 0.231663 0.221401 0.208862 0.200806 0.183732 0.169482 0.163326 0.158627 0.152521 0.148205 0.144402 0.140861 0.138504 0.134196 0.130117 0.127996 0.136331 0.137511 0.135628 0.150887 -9999 -9999 -9999 -9999 -9999 -9999 -9999 -9999
-9999 0.414185 0.407264 0.400054 0.396609 0.390727 0.383087 0.384106 0.377531 0.372078 0.372466 0.372138 0.367067 0.364833 0.36238 0.359701 0.363939 0.368908 0.378155 0.38154 0.382759 0.380295 0.37479 0.364152 0.357967 0.352102 0.343188 0.333093 0.332897 0.335356 0.343186 0.347 -9999 0.335258 0.324305 0.306989 0.291745 0.280679 0.279601 0.266536 0.260212 0.249567 0.246707 0.241948 0.235735 0.228542 0.221866 0.208338 0.192524 0.178325 0.170479 0.160395 0.155158 0.150387 0.146354 0.142709 0.139198 0.135842 0.13234 0.12876 0.125346 0.126634 0.125115 0.132837 0.149359 -9999 -9999 -9999 -9999 -9999 -9999 -9999 -9999
0.431196 0.414688 0.405085 0.399665 0.395045 0.390727 0.386947 0.385149 0.377183 0.374412 0.37148 0.375524 0.373019 0.369626 0.36354 0.360527 0.357452 0.358181 0.37045 0.372353 0.375479 0.380461 0.37387 0.364057 0.347191 0.339905 0.338356 0.337644 0.338118 0.331654 0.335698 0.347343 0.341816 0.330245 0.321017 0.308384 0.290686 0.277158 0.268955 0.263135 0.254731 0.24754 0.243638 0.236243 0.230359 0.225627 0.218144 0.210202 0.198806 0.184571 0.167932 0.160335 0.152878 0.148324 0.144436 0.140932 0.137586 0.134347 0.131108 0.127406 0.1233 0.117067 0.119943 0.135434 0.14289 -9999 -9999 -9999 -9999 -9999 -9999 -9999 -9999
-9999 0.416648 0.410845 0.407265 0.403153 0.397678 0.391839 0.386591 0.383117 0.377819 0.372919 0.375161 0.379045 0.371692 0.366999 0.36173 0.357926 0.354237 0.36495 0.367235 0.367332 0.371728 0.356479 0.345043 0.33682 0.331009 0.336089 0.341245 0.347083 0.354118 0.348334 0.346769 0.337698 0.32896 0.312207 0.299666 0.292826 0.286891 0.268586 0.260671 0.253173 0.243766 0.242674 0.232665 0.228756 0.219522 0.211633 0.203368 0.206023 0.183726 0.176279 0.163039 0.152039 0.14611 0.142438 0.139097 0.136103 0.133083 0.12993 0.1263 0.121017 0.116291 0.116253 0.136995 0.141866 -9999 -9999 -9999 -9999 -9999 -9999 -9999 -9999
-9999 -9999 -9999 0.409915 0.404885 0.400676 0.395438 0.386867 0.381759 0.377428 0.374457 0.373968 0.376072 0.375374 0.371704 0.374254 0.365877 0.35584 0.351377 0.346913 0.353776 0.350026 0.336152 0.330142 0.331533 0.330744 0.329836 0.336904 0.338631 0.347437 0.352851 0.347346 0.328825 0.311846 0.295039 0.28615 0.286834 0.280093 0.268604 0.255995 0.247021 0.242328 0.241431 0.230872 0.228863 0.214662 0.205676 0.199911 0.193909 0.181401 0.170938 0.163277 0.152166 0.145988 0.14037 0.137341 0.134515 0.131716 0.128703 0.124605 0.120392 0.11555 0.110207 0.13161 0.144404 -9999 -9999 -9999 -9999 -9999 -9999 -9999 -9999
-9999 -9999 -9999 0.415056 0.410886 0.40445 0.392348 0.386406 0.381221 0.378143 0.374217 0.37293 0.375275 0.37766 0.380012 0.383469 0.376451 0.362916 0.35273 0.34693 0.352284 0.336303 0.330858 0.327121 0.331318 0.332043 0.32838 0.334602 0.337512 0.340692 0.348609 0.33615 0.323911 0.310571 0.291606 0.278724 0.271724 0.272151 0.26388 0.250072 0.245116 0.244725 0.237992 0.229875 0.229937 0.212951 0.201906 0.195163 0.186116 0.175219 0.166817 0.158031 0.150111 0.143749 0.139467 0.135744 0.133092 0.130373 0.12711 0.123597 0.119361 0.114534 0.109069 0.120624 0.14376 -9999 -9999 -9999 -9999 -9999 -9999 -9999 -9999
-9999 -9999 -9999 -9999 0.416922 0.405796 0.390547 0.386255 0.383112 0.377232 0.373803 0.373206 0.372463 0.376088 0.382106 0.395843 0.388303 0.375648 0.358496 0.346763 0.34198 0.33563 0.334543 0.342219 0.347601 0.340701 0.334295 0.336422 0.33632 0.340545 0.326585 0.312762 0.299118 0.290327 0.287891 0.276332 0.266473 0.266455 0.257164 0.246285 0.24447 0.240647 0.235778 0.228166 0.220227 0.211333 0.197786 0.19239 0.181713 0.17001 0.162958 0.155334 0.148314 0.142046 0.137739 0.134367 0.131529 0.12893 0.12578 0.122273 0.118153 0.113343 0.107874 0.103202 0.111624 0.114256 -9999 -9999 -9999 -9999 -9999 -9999 -9999
-9999 -9999 -9999 -9999 0.424422 0.417346 0.399716 0.393889 0.383854 0.376897 0.373332 0.374239 0.373524 0.380288 0.38064 0.39345 0.396581 0.386968 0.384987 0.362543 0.341462 0.334837 0.358807 0.362281 0.362125 0.351521 0.342864 0.337244 0.343906 0.340676 0.318781 0.303143 0.29049 0.280504 0.275609 0.272946 0.259387 0.254196 0.247066 0.243724 0.238558 0.238591 0.235734 0.221394 0.216795 0.208941 0.195284 0.191508 0.178469 0.167335 0.161511 0.155101 0.146453 0.140957 0.136533 0.132998 0.130309 0.127882 0.12444 0.120755 0.116614 0.111925 0.106372 0.100302 0 0 0 0 -9999 -9999 -9999 -9999 -9999
-9999 -9999 -9999 -9999 -9999 0.430914 0.40751 0.396915 0.388286 0.377725 0.373305 0.372745 0.373335 0.379903 0.385577 0.39671 0.409801 0.412732 0.383689 0.357292 0.34063 0.332148 0.351073 0.353689 0.346078 0.331636 0.328251 0.323636 0.326388 0.322373 0.32043 0.310833 0.295299 0.281983 0.27046 0.261729 0.258694 0.252548 0.244699 0.240394 0.234923 0.230067 0.224367 0.218487 0.206791 0.201668 0.191479 0.184008 0.176542 0.165738 0.161748 0.153118 0.145476 0.140049 0.135299 0.132084 0.129202 0.126604 0.12412 0.119105 0.114933 0.110137 0.104765 0 0 0 0 0 0 -9999 -9999 -9999 -9999
-9999 -9999 -9999 -9999 -9999 0.441247 0.417855 0.406856 0.390468 0.381758 0.374916 0.371422 0.371124 0.375251 0.38336 0.389812 0.404677 0.420069 0.387927 0.358708 0.340989 0.334546 0.345367 0.331841 0.328927 0.318813 0.319531 0.314964 0.308276 0.307082 0.307057 0.308538 0.305935 0.283001 0.26977 0.25899 0.252634 0.247993 0.244261 0.237743 0.233072 0.235806 0.223458 0.212491 0.205376 0.198018 0.190093 0.182416 0.174954 0.163788 0.156984 0.152684 0.143574 0.138894 0.134855 0.131377 0.128373 0.125644 0.122922 0.120042 0.11411 0.108199 0.102904 0 0 0 0 0 0 0 0 0 -9999
-9999 -9999 -9999 -9999 -9999 0.470044 0.437444 0.415357 0.398666 0.384062 0.377136 0.372167 0.372846 0.372757 0.377614 0.382244 0.390987 0.405358 0.412797 0.385632 0.352452 0.334314 0.323994 0.317514 0.315669 0.312965 0.305604 0.297174 0.293696 0.295415 0.299597 0.294857 0.293438 0.275068 0.269237 0.266831 0.248724 0.245814 0.243709 0.2462 0.243202 0.236853 0.232914 0.218534 0.215825 0.203654 0.191889 0.182444 0.17462 0.163553 0.155147 0.14932 0.143366 0.138671 0.134614 0.131038 0.127807 0.124813 0.121966 0.118887 0.115323 0.107768 0.102841 0 0 0 0 0 0 0 0 0 0
-9999 -9999 -9999 -9999 -9999 0.472844 0.447815 0.422642 0.405278 0.388902 0.381882 0.373799 0.370929 0.370865 0.374547 0.380128 0.386692 0.398495 0.406237 0.389446 0.361398 0.342679 0.326439 0.317489 0.310599 0.304378 0.298683 0.292161 0.28375 0.282449 0.283471 0.283424 0.286844 0.266769 0.260878 0.2596 0.248648 0.245853 0.25414 0.259488 0.25662 0.239438 0.238887 0.228232 0.222254 0.211149 0.193787 0.187361 0.179103 0.162988 0.155751 0.14899 0.143559 0.138835 0.134617 0.130895 0.127417 0.124131 0.12106 0.117769 0.114162 0.110283 0.100972 0 0 0 0 0 0 0 0 0 0
-9999 -9999 -9999 -9999 -9999 0.4776 0.457129 0.434082 0.410652 0.393471 0.384046 0.376205 0.372416 0.372785 0.372871 0.375092 0.380352 0.382914 0.38947 0.399365 0.372238 0.354691 0.336899 0.330094 0.316368 0.308938 0.304087 0.296465 0.285651 0.275718 0.277626 0.274349 0.273565 0.260145 0.255742 0.25204 0.248862 0.255106 0.265098 0.272137 0.260171 0.257111 0.239748 0.239154 0.222065 0.207231 0.197167 0.19297 0.189277 0.166132 0.15731 0.150423 0.144418 0.139142 0.134905 0.130824 0.127218 0.123749 0.120321 0.116853 0.11312 0.109092 0.104648 0 0 0 0 0 0 0 0 0 0
-9999 -9999 -9999 -9999 -9999 -9999 0.473375 0.444023 0.418271 0.401904 0.390002 0.382089 0.378111 0.376358 0.375174 0.375214 0.378049 0.382397 0.390955 0.396103 0.386275 0.368303 0.355368 0.344336 0.324169 0.312383 0.311319 0.318125 0.29649 0.278989 0.272501 0.267208 0.262541 0.258233 0.254802 0.253118 0.255922 0.272758 0.273206 0.277215 0.271852 0.271108 0.246788 0.237994 0.221744 0.210504 0.201616 0.202839 0.188388 0.170557 0.160322 0.155173 0.147335 0.139733 0.135203 0.131015 0.127209 0.123444 0.119751 0.116042 0.112254 0.108077 0.103515 0 0 0 0 0 0 0 0 0 0
-9999 -9999 -9999 -9999 -9999 -9999 0.47965 0.451664 0.422261 0.409809 0.397415 0.386244 0.382052 0.381286 0.380576 0.380111 0.380133 0.385862 0.391145 0.395729 0.394263 0.387745 0.368575 0.354909 0.330972 0.320662 0.314922 0.317298 0.315809 0.294984 0.276716 0.269658 0.265026 0.273581 0.265792 0.268731 0.274555 0.27316 0.273371 0.278334 0.269159 0.270942 0.262495 0.240167 0.228169 0.218646 0.205266 0.205667 0.193107 0.175481 0.164384 0.158532 0.147914 0.141063 0.135951 0.131511 0.127337 0.123373 0.119396 0.115497 0.111481 0.107264 0.102905 0 0 0 0 0 0 0 0 0 0
-9999 -9999 -9999 -9999 -9999 -9999 0.480128 0.459544 0.433105 0.412368 0.407072 0.394889 0.386707 0.386151 0.386159 0.386355 0.384413 0.390717 0.397838 0.402585 0.408604 0.401976 0.389083 0.355881 0.338249 0.329521 0.324929 0.31935 0.308246 0.292024 0.280547 0.272971 0.268422 0.266072 0.262787 0.263524 0.261338 0.264476 0.271872 0.271901 0.264018 0.271429 0.264935 0.254255 0.23446 0.219531 0.208755 0.211581 0.189947 0.174928 0.164472 0.154886 0.147696 0.14195 0.136111 0.131642 0.12731 0.123152 0.119113 0.115029 0.111023 0.106814 0.103288 0.100006 0.104194 0 0 0 0 0 0 0 0
-9999 -9999 -9999 -9999 -9999 -9999 0.481 0.462197 0.438864 0.423 0.416762 0.403788 0.391869 0.388808 0.38886 0.386228 0.386449 0.390993 0.396252 0.402132 0.402438 0.40884 0.392162 0.361755 0.34595 0.334962 0.327658 0.324463 0.311217 0.298192 0.289287 0.276722 0.271041 0.26772 0.271704 0.27121 0.264503 0.261659 0.260217 0.263483 0.258701 0.258548 0.254995 0.250998 0.232022 0.221152 0.214028 0.204132 0.182869 0.172185 0.163279 0.154916 0.148874 0.142641 0.136316 0.131641 0.127227 0.122998 0.118789 0.114715 0.1109 0.106891 0.104475 0.103505 0.105594 0.100382 0 0 0 0 0 0 0
-9999 -9999 -9999 -9999 -9999 -9999 0.487628 0.468046 0.447678 0.436827 0.431661 0.411601 0.397781 0.393798 0.391696 0.389883 0.395863 0.391098 0.388742 0.393367 0.401916 0.411469 0.404546 0.381356 0.354882 0.344277 0.341434 0.338937 0.329152 0.312917 0.297924 0.282788 0.27471 0.271868 0.280822 0.290834 0.27876 0.266231 0.261205 0.258216 0.260439 0.257234 0.253534 0.252927 0.248317 0.227895 0.218675 0.193607 0.184073 0.1729 0.162814 0.158844 0.152586 0.143446 0.136283 0.131579 0.127088 0.122679 0.118465 0.114347 0.110933 0.107486 0.104553 0.109759 0.111081 0.11156 0 0 0 0 0 0 0
-9999 -9999 -9999 -9999 -9999 -9999 0.496967 0.481871 0.46241 0.452283 0.43833 0.419274 0.407888 0.40034 0.396382 0.393699 0.393931 0.392203 0.392885 0.397599 0.405568 0.414719 0.418501 0.407703 0.367956 0.349756 0.353387 0.352324 0.33868 0.321863 0.300253 0.285464 0.278505 0.273726 0.271255 0.277024 0.285155 0.279868 0.267852 0.268023 0.268925 0.259504 0.254099 0.253279 0.250757 0.225886 0.215254 0.197108 0.188431 0.17647 0.161899 0.155062 0.149974 0.141194 0.136139 0.13138 0.126728 0.122338 0.118051 0.113869 0.110282 0.107536 0.109655 0.110833 0.114137 0.110358 0 0 0 0 0 0 0
-9999 -9999 -9999 -9999 -9999 -9999 0.510119 0.493178 0.474914 0.45753 0.440822 0.425851 0.421151 0.411271 0.407182 0.399809 0.396233 0.395706 0.395249 0.398319 0.409714 0.418166 0.427666 0.417426 0.384691 0.359461 0.360053 0.367087 0.346267 0.324181 0.303776 0.290107 0.290371 0.278573 0.273593 0.272324 0.274886 0.281824 0.276059 0.279658 0.274204 0.263375 0.255545 0.249847 0.246168 0.236136 0.212905 0.197163 0.189976 0.178446 0.165793 0.153532 0.147041 0.14064 0.135675 0.130941 0.126288 0.12185 0.117648 0.113693 0.110158 0.111344 0.113519 0.113117 0.114155 0.110248 0 0 0 0 0 0 0
-9999 -9999 -9999 -9999 -9999 -9999 -9999 0.499712 0.481188 0.466575 0.460112 0.446571 0.437466 0.429385 0.424323 0.408016 0.402685 0.400358 0.39921 0.400709 0.407674 0.410512 0.419062 0.423285 0.394489 0.377607 0.366678 0.360995 0.34802 0.326539 0.304658 0.296995 0.301216 0.294116 0.286497 0.27632 0.273175 0.284438 0.287276 0.288488 0.277336 0.265704 0.257883 0.250891 0.245016 0.227787 0.204731 0.191075 0.179422 0.17201 0.161469 0.152385 0.146014 0.140127 0.135094 0.130269 0.125705 0.121478 0.117295 0.11388 0.111545 0.113451 0.123968 0.118965 0.116202 0.116393 0 0 0 0 0 0 0
-9999 -9999 -9999 -9999 -9999 -9999 -9999 0.510086 0.489434 0.482644 0.479755 0.48226 0.476022 0.450562 0.442051 0.426115 0.410411 0.405945 0.404362 0.405007 0.406377 0.411679 0.42168 0.428134 0.418091 0.387348 0.358375 0.348497 0.337312 0.321637 0.313718 0.317997 0.321833 0.31086 0.302091 0.284228 0.276377 0.273047 0.277305 0.282807 0.282521 0.268773 0.260992 0.25353 0.246247 0.234972 0.216168 0.187991 0.176954 0.167511 0.159737 0.151018 0.144754 0.139277 0.134076 0.129384 0.124985 0.121051 0.117295 0.115393 0.114015 0.119936 0.12417 0.125216 0.127641 0.108411 0 0 0 0 0 0 0
-9999 -9999 -9999 -9999 -9999 -9999 -9999 -9999 -9999 -9999 -9999 -9999 0.484841 0.476481 0.456322 0.438502 0.418264 0.412718 0.410171 0.407827 0.412301 0.417651 0.412604 0.407469 0.417287 0.387788 0.361368 0.346957 0.337573 0.328069 0.326082 0.32885 0.335127 0.32342 0.305693 0.287165 0.281587 0.275343 0.274528 0.275762 0.286044 0.271793 0.264238 0.255801 0.248301 0.233655 0.215766 0.18715 0.179998 0.168568 0.156685 0.149664 0.143432 0.137825 0.132753 0.12828 0.12413 0.120391 0.117096 0.114491 0.113539 0.116938 0.119219 0.120461 0.127694 0.108467 0 0 0 0 0 0 0
-9999 -9999 -9999 -9999 -9999 -9999 -9999 -9999 -9999 -9999 -9999 -9999 0.507819 0.505513 0.467133 0.447909 0.429073 0.420951 0.418168 0.416179 0.414872 0.414254 0.416588 0.417413 0.420847 0.398334 0.366061 0.35448 0.347947 0.347858 0.342213 0.345697 0.346171 0.327955 0.310604 0.293749 0.285966 0.280921 0.275714 0.283812 0.288684 0.279348 0.269967 0.258266 0.247217 0.23553 0.224032 0.1864 0.174359 0.164055 0.155376 0.147803 0.141745 0.136148 0.131166 0.126966 0.123085 0.119493 0.116329 0.113301 0.111782 0.115884 0.117237 0.119028 0.124055 0.104417 0 0 0 0 0 0 0
