Test_Spring_2018b/12_17/Prec/20171202_018.txt
ncols	170
nrows	115
xllcorner	350000.000000
yllcorner	4445000.000000
cellsize	1000.000000
nodata_value	-9999.000000
[rows 34 to 67 of 115, columns 77 to 153 of 170]
0.239111 0.23841 0.248125 0.245681 0.243382 0.236746 0.231186 0.223109 0.210468 0.193158 0.172665 0.137996 0.157475 0.172527 0.171051 0.169136 0.160881 0.144341 0.156375 0.156016 0.138716 0.112573 0 0 -9999 -9999 -9999 -9999 -9999 -9999 -9999 -9999 -9999 -9999 -9999 -9999 -9999 -9999 -9999 -9999 -9999 -9999 -9999 -9999 -9999 -9999 -9999 -9999 -9999 -9999 -9999 -9999 -9999 -9999 -9999 -9999 -9999 -9999 -9999 -9999 -9999 -9999 -9999 -9999 -9999 -9999 -9999 -9999 -9999 -9999 -9999 -9999 -9999 -9999 -9999 -9999 -9999
0.236667 0.240246 0.241982 0.243823 0.241758 0.235104 0.218615 0.215035 0.213019 0.201284 0.178147 0.155101 0.148318 0.171893 0.177914 0.175472 0.179992 0.165851 0.171117 0.16761 0.159513 0.13739 0.117456 0.108678 0 -9999 -9999 -9999 -9999 -9999 -9999 -9999 -9999 -9999 -9999 -9999 -9999 -9999 -9999 -9999 -9999 -9999 -9999 -9999 -9999 -9999 -9999 -9999 -9999 -9999 -9999 -9999 -9999 -9999 -9999 -9999 -9999 -9999 -9999 -9999 -9999 -9999 -9999 -9999 -9999 -9999 -9999 -9999 -9999 -9999 -9999 -9999 -9999 -9999 -9999 -9999 -9999
0.227533 0.236181 0.239274 0.242249 0.240329 0.228693 0.222291 0.220478 0.212327 0.199032 0.190289 0.175392 0.15997 0.164424 0.184447 0.17413 0.188069 0.185869 0.18767 0.176783 0.153266 0.131241 0.116369 0.108436 0 -9999 -9999 -9999 -9999 -9999 -9999 -9999 -9999 -9999 -9999 -9999 -9999 -9999 -9999 -9999 -9999 -9999 -9999 -9999 -9999 -9999 -9999 -9999 -9999 -9999 -9999 -9999 -9999 -9999 -9999 -9999 -9999 -9999 -9999 -9999 -9999 -9999 -9999 -9999 -9999 -9999 -9999 -9999 -9999 -9999 -9999 -9999 -9999 -9999 -9999 -9999 -9999
0.225847 0.232298 0.233847 0.239707 0.238247 0.232969 0.228683 0.22315 0.216394 0.206142 0.195019 0.180991 0.178771 0.191236 0.190455 0.186722 0.188019 0.194022 0.191297 0.174876 0.14395 0.129138 0.104122 0 0 0 -9999 -9999 -9999 -9999 -9999 -9999 -9999 -9999 -9999 -9999 -9999 -9999 0.110261 -9999 -9999 -9999 -9999 -9999 -9999 -9999 -9999 -9999 -9999 -9999 -9999 -9999 -9999 -9999 -9999 -9999 -9999 -9999 -9999 0.103165 -9999 -9999 -9999 -9999 -9999 -9999 -9999 -9999 -9999 -9999 -9999 -9999 -9999 -9999 -9999 -9999 -9999
0.226814 0.226091 0.230761 0.237793 0.236497 0.232383 0.227962 0.219758 0.216823 0.210516 0.198583 0.195342 0.198771 0.199872 0.201274 0.201815 0.199805 0.196146 0.191663 0.177376 0.164289 0.155258 0.132085 0.118632 0.105338 0 0 -9999 -9999 -9999 -9999 -9999 -9999 -9999 0 0 0 0.102859 0.114271 0.107331 -9999 -9999 -9999 -9999 -9999 -9999 -9999 -9999 -9999 -9999 -9999 -9999 -9999 -9999 -9999 -9999 -9999 -9999 -9999 0.109359 0 -9999 -9999 -9999 -9999 -9999 -9999 -9999 -9999 -9999 -9999 -9999 -9999 -9999 -9999 -9999 -9999
0.225627 0.229453 0.231794 0.233351 0.234775 0.232946 0.228225 0.221788 0.220633 0.212382 0.207494 0.203773 0.208807 0.209114 0.205892 0.202082 0.198625 0.190326 0.188635 0.182107 0.173534 0.159941 0.145956 0.129958 0.10332 0 0 -9999 -9999 -9999 -9999 -9999 -9999 0.101116 0.110318 0.115739 0.103225 0.113453 0.122808 0.12108 0.11931 -9999 -9999 -9999 -9999 -9999 -9999 -9999 -9999 -9999 -9999 -9999 -9999 -9999 -9999 0.159643 0.147495 0.120258 0.108785 0.104189 0 -9999 -9999 -9999 -9999 -9999 -9999 -9999 -9999 -9999 -9999 -9999 -9999 -9999 -9999 -9999 -9999
0.224806 0.224725 0.23094 0.232432 0.232584 0.231068 0.229094 0.226901 0.219507 0.215744 0.205327 0.21341 0.212208 0.209118 0.199316 0.194646 0.178395 0.170813 0.16543 0.177723 0.167356 0.146514 0.120641 0 0 0 0 -9999 -9999 -9999 -9999 -9999 -9999 0.102904 0.112745 0.120963 0.121915 0.109495 0.126244 0.132302 0.123039 0.12101 0.128775 0.132518 0.130151 0.148109 0.150018 0.144871 0.148506 -9999 -9999 -9999 -9999 0.151218 0.153734 0.156907 0.153987 0.124212 0.105902 0 0 -9999 -9999 -9999 -9999 -9999 -9999 -9999 -9999 -9999 -9999 -9999 -9999 -9999 -9999 -9999 -9999
0.2166 0.221565 0.226881 0.22916 0.233065 0.231042 0.229383 0.227788 0.224408 0.21834 0.218255 0.217015 0.213406 0.195597 0.174975 0.183175 0.16807 0.138981 0.159033 0.16968 0.158043 0.132954 0.103976 0 0 0 0 -9999 -9999 -9999 0 0 0 0 0.107117 0.117145 0.124827 0.129911 0.129849 0.13022 0.121159 0.111143 0.114638 0.132479 0.136338 0.148534 0.150147 0.14486 0.142253 0.146001 0.147658 0.147736 0.146743 0.147347 0.149417 0.151366 0.148756 0.126633 0.114625 0.109581 0.103448 -9999 -9999 -9999 -9999 -9999 -9999 -9999 -9999 -9999 -9999 -9999 -9999 -9999 -9999 -9999 -9999
0.221879 0.221638 0.225507 0.227576 0.230422 0.229406 0.222619 0.225592 0.22375 0.22181 0.21912 0.215787 0.200637 0.180112 0.159609 0.149923 0.151086 0.135194 0.142424 0.153293 0.145351 0.129746 0.103858 0 0 0 0 -9999 -9999 0 0 0 0.10286 0.105453 0.105268 0.117999 0.118688 0.132527 0.129195 0.115966 0.118256 0.111569 0.116107 0.118669 0.119852 0.129095 0.144493 0.144693 0.143119 0.144685 0.144068 0.143447 0.143239 0.141828 0.1444 0.147142 0.146982 0.129439 0.124048 0.12008 0 -9999 -9999 -9999 -9999 -9999 -9999 -9999 -9999 -9999 -9999 -9999 -9999 -9999 -9999 -9999 -9999
0.231427 0.235241 0.222742 0.220124 0.226155 0.227251 0.221955 0.217802 0.221446 0.219967 0.218371 0.216544 0.202343 0.186131 0.161898 0.146738 0.135267 0.128321 0.119078 0.124361 0.121846 0.118644 0.120592 0.110258 0 0 0 0 -9999 0 0 0 0.10147 0.113624 0.108537 0.123066 0.125493 0.134003 0.128669 0.122523 0.114587 0.113992 0.112176 0.121717 0.128102 0.132299 0.134201 0.142667 0.141667 0.140747 0.139523 0.138615 0.138437 0.138882 0.140339 0.142535 0.144883 0.139553 0.135755 0.119482 0 -9999 -9999 -9999 -9999 -9999 -9999 -9999 -9999 -9999 -9999 -9999 -9999 -9999 -9999 -9999 -9999
0.233401 0.234443 0.234228 0.234294 0.225717 0.225391 0.223134 0.211706 0.211152 0.211776 0.21647 0.215368 0.213634 0.204664 0.17536 0.163471 0.148367 0.128907 0.120413 0.12378 0.138673 0.137208 0.126041 0.11362 0 0 0 0 0 0 0 0 0.100456 0.117059 0.124235 0.126723 0.132559 0.135429 0.125638 0.123597 0.120768 0.115435 0.114337 0.113783 0.119023 0.123007 0.132404 0.134312 0.138573 0.137096 0.135529 0.134384 0.134018 0.134435 0.135679 0.138355 0.142167 0.147134 0.139253 0.107095 0 -9999 -9999 -9999 -9999 -9999 -9999 -9999 -9999 -9999 -9999 -9999 -9999 -9999 -9999 -9999 -9999
0.219068 0.221889 0.224867 0.230157 0.227898 0.228801 0.221413 0.211282 0.200017 0.207423 0.209913 0.212783 0.21245 0.211077 0.185354 0.172223 0.161808 0.143191 0.14926 0.154935 0.154741 0.150206 0.127225 0.104247 0 0 0 0 0 0 0 0 0 0 0.122527 0.128677 0.128882 0.134576 0.125167 0.127266 0.120644 0.122375 0.121389 0.120777 0.101714 0.119015 0.11857 0.128699 0.132267 0.13433 0.132345 0.130946 0.130079 0.130277 0.13157 0.134349 0.138437 0.141559 0.13825 0 0 -9999 -9999 -9999 -9999 -9999 -9999 -9999 -9999 -9999 -9999 -9999 -9999 -9999 -9999 -9999 -9999
0.215598 0.21609 0.217742 0.228064 0.228055 0.226823 0.223649 0.216858 0.20336 0.199591 0.200461 0.190306 0.197892 0.207906 0.207298 0.205684 0.183925 0.172584 0.182778 0.179006 0.162215 0.148746 0.135332 0.108566 0 0 0 0 0 0 0 0.107773 0.101157 0.106858 0.117994 0.131295 0.137338 0.134975 0.125036 0.127845 0.117648 0.127332 0.127736 0.122428 0.117472 0.118055 0.122324 0.122734 0.130042 0.130303 0.130174 0.128291 0.127222 0.127161 0.128355 0.130108 0.133646 0.138427 0.144112 0.104674 0 -9999 -9999 -9999 -9999 -9999 -9999 -9999 -9999 -9999 -9999 -9999 -9999 -9999 -9999 -9999 -9999
0.205174 0.209216 0.222115 0.22751 0.227123 0.223265 0.22123 0.215405 0.204288 0.193443 0.184215 0.172757 0.178359 0.194193 0.203472 0.204324 0.185269 0.194744 0.190674 0.182927 0.161176 0.144847 0.135702 0.109938 0 0 0 0 0 0 0.100918 0.117191 0.123334 0.116569 0.123655 0.139032 0.138297 0.128614 0.12838 0.126926 0.112991 0.127091 0.130662 0.126688 0.126547 0.124278 0.124841 0.126961 0.128756 0.129247 0.127678 0.126442 0.12514 0.125007 0.125841 0.127894 0.131466 0.1362 0.142064 0.119203 0 -9999 -9999 -9999 -9999 -9999 -9999 -9999 -9999 -9999 -9999 -9999 -9999 -9999 -9999 -9999 -9999
0.195074 0.20682 0.224717 0.226962 0.222661 0.223044 0.21972 0.21235 0.206166 0.193633 0.177995 0.149185 0.155836 0.170417 0.191701 0.202821 0.201094 0.19451 0.183195 0.156232 0.132433 0.128831 0.124121 0.105019 0 0 0 0 0.101127 0.107369 0.104469 0.118283 0.129401 0.123438 0.132285 0.142751 0.136723 0.132801 0.129373 0.127 0.126453 0.126797 0.134466 0.128099 0.130593 0.129635 0.127854 0.127972 0.128229 0.128562 0.127052 0.12546 0.124398 0.123865 0.124823 0.126799 0.130086 0.134686 0.140449 0.144846 0.129792 0.122049 -9999 -9999 -9999 -9999 -9999 -9999 -9999 -9999 -9999 -9999 -9999 -9999 -9999 -9999 -9999
0.183033 0.18777 0.209412 0.21405 0.220971 0.222757 0.219263 0.209004 0.20248 0.184559 0.178381 0.152095 0.139053 0.148709 0.144674 0.174143 0.200186 0.194192 0.140875 0.121185 0.106847 0.109552 0.108642 0.102554 0 0 0 0.102906 0.113855 0.121959 0.122762 0.121585 0.139455 0.141053 0.14623 0.143977 0.143604 0.133199 0.126405 0.13539 0.129265 0.127911 0.135834 0.126819 0.133389 0.131514 0.127764 0.125937 0.129032 0.128141 0.126878 0.125276 0.124073 0.123339 0.124401 0.126537 0.129691 0.133906 0.13963 0.146216 0.156508 0.150859 0.155475 0.171458 -9999 -9999 -9999 -9999 -9999 -9999 -9999 -9999 -9999 -9999 -9999 -9999 -9999
-9999 0.166027 0.197195 0.209874 0.21413 0.221678 0.219309 0.211678 0.202531 0.184532 0.169213 0.145643 0.119354 0.102623 0.144445 0.180862 0.199771 0.196954 0.152494 0.134569 0.133079 0.142491 0.132882 0.125244 0.103144 0 0 0 0.105389 0.117623 0.130078 0.138898 0.138793 0.144145 0.14681 0.146134 0.146277 0.144167 0.142264 0.137075 0.143101 0.137362 0.139682 0.137161 0.134623 0.132309 0.125719 0.127863 0.129459 0.128594 0.126776 0.125356 0.124401 0.123828 0.123726 0.126859 0.129837 0.13399 0.139171 0.145626 0.158949 0.166185 0.16662 0.16436 0.159086 -9999 -9999 -9999 -9999 -9999 -9999 -9999 -9999 -9999 -9999 -9999 -9999
-9999 0.1506 0.181604 0.195181 0.212339 0.218034 0.218849 0.215268 0.207389 0.193264 0.173603 0.1577 0.128223 0 0.137451 0.176554 0.19755 0.198388 0.160858 0.170558 0.161545 0.164033 0.14785 0.140437 0.134476 0.122282 0.109057 0 0 0.115795 0.130824 0.142746 0.147871 0.150324 0.151005 0.147699 0.145686 0.130853 0.140312 0.143842 0.142443 0.140813 0.139697 0.13794 0.135836 0.134301 0.132825 0.128 0.130541 0.127942 0.126804 0.125779 0.124908 0.124363 0.124412 0.125137 0.127062 0.134432 0.13921 0.145074 0.158213 0.166431 0.174814 0.181684 0.170667 0.167878 0.176603 0.175548 -9999 -9999 -9999 -9999 -9999 -9999 -9999 -9999 -9999
-9999 0.105045 0.151496 0.186981 0.204045 0.216967 0.21826 0.21703 0.207308 0.200044 0.185569 0.172413 0.15293 0.124137 0.106743 0.132882 0.180663 0.197946 0.195986 0.194263 0.183912 0.17437 0.172257 0.171782 0.160762 0.144951 0.124455 0.115593 0.107859 0.13 0.132187 0.129555 0.154012 0.153068 0.150562 0.139709 0.125782 0.126394 0.120813 0.13027 0.121811 0.128721 0.134554 0.136292 0.135335 0.133831 0.132825 0.131259 0.12906 0.128027 0.126942 0.126012 0.125359 0.125018 0.124974 0.125689 0.127437 0.130043 0.133513 0.14461 0.157465 0.165044 0.172856 0.1811 0.186757 0.190863 0.193501 0.185301 0.190959 -9999 -9999 -9999 -9999 -9999 -9999 -9999 -9999
-9999 0.108119 0.147945 0.179746 0.19671 0.213558 0.215011 0.218957 0.215062 0.207503 0.194674 0.179515 0.163273 0.13838 0.120089 0.142497 0.165341 0.187789 0.195303 0.194384 0.193023 0.189912 0.188216 0.184513 0.181758 0.1699 0.148267 0.136925 0.120891 0.145627 0.147517 0.142492 0.154338 0.152643 0.132092 0.115973 0.112881 0.118357 0.108237 0.111303 0.108034 0.113611 0.129395 0.124167 0.124399 0.131268 0.131577 0.129132 0.128517 0.127645 0.126839 0.126059 0.125629 0.125508 0.125505 0.126204 0.127634 0.129614 0.133196 0.137223 0.149747 0.163131 0.170341 0.177841 0.184991 0.192479 0.204938 0.211108 0.187868 0.186006 -9999 -9999 -9999 -9999 -9999 -9999 -9999
-9999 0.113506 0.138669 0.166987 0.193772 0.212089 0.21766 0.22118 0.218704 0.210169 0.203042 0.193096 0.178542 0.168706 0.151925 0.128931 0.167437 0.168369 0.178124 0.182167 0.1923 0.191021 0.184846 0.17795 0.182057 0.176351 0.160813 0.15493 0.145849 0.159089 0.158059 0.156603 0.154762 0.137227 0.113234 0 0.105627 0.101561 0.103433 0 0.104373 0.116083 0.119472 0.113465 0.106562 0.125393 0.125047 0.126261 0.126801 0.126948 0.12616 0.12587 0.125447 0.125344 0.125599 0.126217 0.12747 0.12932 0.13191 0.136076 0.148476 0.154256 0.159547 0.167087 0.181052 0.188492 0.199035 0.202388 0.204023 0.186513 0.191495 -9999 -9999 -9999 -9999 -9999 -9999
-9999 -9999 0.127702 0.16305 0.195426 0.211961 0.221285 0.224492 0.22189 0.21648 0.21104 0.204336 0.19347 0.180276 0.159832 0.144619 0.153801 0.152739 0.153071 0.159956 0.181362 0.187924 0.175916 0.148356 0.159413 0.175704 0.17412 0.171361 0.16847 0.165122 0.162045 0.156671 0.144159 0.108154 0.100058 0 0 0 0 0 0.102264 0.108368 0.110274 0 0 0.111139 0.117421 0.115861 0.119609 0.125485 0.125152 0.124907 0.124602 0.124712 0.125075 0.125737 0.124551 0.126152 0.128468 0.132043 0.145062 0.149291 0.154611 0.159589 0.168756 0.176201 0.183312 0.189736 0.195533 0.199487 0.185171 0.187701 -9999 -9999 -9999 -9999 -9999
-9999 -9999 0.12266 0.159363 0.19815 0.20834 0.218694 0.227484 0.22519 0.217894 0.211268 0.204879 0.198106 0.181872 0.166239 0.151316 0.145851 0.147944 0.133258 0.144798 0.17288 0.177367 0.173719 0.141235 0.13035 0.152486 0.170898 0.171124 0.168042 0.143507 0.147239 0.133458 0.115192 0.109243 0.100483 0 0 0 0 0 0 0 0.102437 0 0 0.101439 0.109391 0.109161 0.117655 0.120486 0.121036 0.12104 0.121095 0.121204 0.121653 0.122202 0.123114 0.124483 0.126179 0.127926 0.129157 0.126472 0.131882 0.14235 0.152901 0.170163 0.175451 0.181478 0.186613 0.189969 0.190522 0.180103 -9999 -9999 -9999 -9999 -9999
-9999 -9999 0.132089 0.156486 0.190517 0.214922 0.213505 0.224098 0.228485 0.220623 0.212403 0.204361 0.200243 0.182313 0.162837 0.146943 0.128254 0.130066 0.141515 0.146717 0.164377 0.166497 0.161292 0.141423 0.146993 0.161558 0.168627 0.169725 0.166371 0.159958 0.155709 0.145149 0.139818 0.125625 0.104152 0 0 0 0 0 0 0 0 0 0 0.100672 0.107681 0.11382 0.116543 0.117449 0.119095 0.118961 0.119051 0.119223 0.119493 0.120069 0.120687 0.12178 0.121827 0.121559 0.108786 0.117098 0.12305 0.135365 0.14706 0.159042 0.166964 0.172272 0.177083 0.180866 0.184082 0.163218 -9999 -9999 -9999 -9999 -9999
-9999 -9999 0.141976 0.163509 0.192513 0.208931 0.209288 0.221309 0.231956 0.228116 0.219452 0.215651 0.207238 0.191543 0.174448 0.15591 0.146198 0.125509 0.142957 0.141256 0.155909 0.162012 0.144657 0.136855 0.146194 0.155495 0.158294 0.167779 0.166206 0.161188 0.144327 0.135387 0.137154 0.132477 0.125333 0.109985 0.107799 0 0 0 0 0 0 0 0 0.103242 0.107681 0.111753 0.112483 0.114104 0.116418 0.116438 0.116442 0.116493 0.116801 0.117115 0.117178 0.117716 0.115692 0.111338 0.101929 0 0.114866 0.133393 0.140033 0.150729 0.157272 0.163011 0.166945 0.170542 0.173409 0.152219 0.154137 0.155452 -9999 -9999 -9999
-9999 -9999 0.143123 0.166066 0.190251 0.198422 0.197151 0.221214 0.235035 0.232565 0.227183 0.221497 0.202737 0.20201 0.196981 0.179796 0.15548 0.128871 0.129399 0.140901 0.146061 0.151546 0.125782 0.116847 0.120417 0.135184 0.148267 0.162042 0.164382 0.158334 0.132776 0.105718 0.116054 0.127179 0.125536 0.120205 0.105718 0 0 0 0 0 0 0 0 0 0.105952 0.102524 0.103495 0.109864 0.113411 0.113279 0.113203 0.113343 0.113452 0.113643 0.112848 0.112272 0.110965 0 0 0 0.107985 0.12133 0.130212 0.143121 0.14897 0.153393 0.15683 0.159826 0.16239 0.160646 0.160276 0.155764 0.144774 0.148333 0.144013
-9999 -9999 0.140466 0.155905 0.178711 0.185857 0.199575 0.22205 0.231758 0.235141 0.232569 0.227872 0.218183 0.211613 0.200681 0.182548 0.158447 0.131827 0.113725 0.11971 0.129844 0.130354 0.110363 0 0.108976 0.124708 0.148918 0.162044 0.162379 0.159402 0.152832 0.132572 0.10842 0.106862 0.116495 0.10532 0 0 0 0 0 0 0 0 0 0 0.104439 0.105658 0.104462 0.110021 0.109807 0.109566 0.109566 0.109493 0.109562 0.109717 0.109088 0.107221 0 0 0 0 0.108127 0.116597 0.127337 0.134874 0.139304 0.143347 0.146753 0.149325 0.151288 0.151215 0.146376 0.138516 0.137505 0.139869 0.132914
-9999 -9999 0.131914 0.150491 0.171418 0.190988 0.20954 0.225261 0.223722 0.230919 0.228287 0.231051 0.227187 0.217877 0.208066 0.191869 0.161164 0.134943 0.106505 0.110963 0.13573 0.118794 0.10414 0 0.100867 0.125397 0.147506 0.158671 0.146722 0.155422 0.152859 0.14417 0.129047 0.106454 0.10508 0 0 0 0 0 0 0 0 0 0 0 0 0.104315 0.105215 0.106511 0.105917 0.10543 0.105259 0.105124 0.104937 0.104626 0.103847 0 0 0 0 0 0.103581 0.113036 0.120505 0.12681 0.130661 0.133947 0.1365 0.138665 0.139874 0.140166 0.133629 0.130529 0.126593 0.13008 0.121691
-9999 -9999 -9999 0.153379 0.17488 0.189988 0.19149 0.204976 0.210942 0.215046 0.213828 0.231249 0.229774 0.222786 0.213321 0.198891 0.174752 0.157114 0.129458 0.108797 0.106386 0 0 0 0.102537 0.125896 0.150395 0.151357 0.132658 0.133328 0.135057 0.141167 0.135371 0.105127 0 0 0 0 0 0 0 0 0 0 0 0 0 0.10161 0.101964 0.102093 0.101362 0.100829 0.100358 0 0 0 0 0 0 0 0 0 0 0.100072 0.111901 0.118992 0.122053 0.124368 0.126314 0.127911 0.128865 0.129378 0.127074 0.12386 0.122303 0.119955 0.118604
-9999 -9999 -9999 0.149776 0.175018 0.177185 0.172942 0.15962 0.160908 0.194324 0.198759 0.215205 0.230677 0.226587 0.217013 0.203086 0.187394 0.164609 0.133548 0.108234 0 0.110907 0.117321 0.119789 0.125015 0.138382 0.139224 0.119989 0.1019 0.109056 0.112645 0.131579 0.133509 0.127572 0.108493 0 0 0 0 0 0 0 0 0 0 0 0 0 0 0 0 0 0 0 0 0 0 0 0 0 0 0 0 0 0.103588 0.110126 0.112402 0.114617 0.115705 0.117024 0.117649 0.11813 0.117312 0.114552 0.114388 0.109756 0.1092
-9999 -9999 -9999 -9999 -9999 -9999 -9999 -9999 0.161078 0.165773 0.189768 0.2091 0.231715 0.228745 0.219928 0.210044 0.188041 0.164065 0.157267 0.128109 0 0.115567 0.1173 0.126854 0.128648 0.131366 0.12208 0.105358 0 0 0.110316 0.130336 0.128322 0.127086 0.116236 0.10139 0 0 0 0 0 0 0 0 0 0 0 0 0 0 0 0 0 0 0 0 0 0 0 0 0 0 0 0 0 0.100999 0.103129 0.10471 0.105852 0.106469 0.106605 0.106799 0.106109 0.105222 0.102788 0 0
-9999 -9999 -9999 -9999 -9999 -9999 -9999 -9999 0.137261 0.131972 0.186708 0.208197 0.227993 0.228679 0.219367 0.20783 0.194404 0.179253 0.158755 0.122916 0 0.118781 0.114086 0.1182 0.114723 0.101287 0 0 0 0 0.105581 0.122866 0.124567 0.121192 0.117494 0 0 0 0 0 0 0 0 0 0 0 0 0 0 0 0 0 0 0 0 0 0 0 0 0 0 0 0 0 0 0 0 0 0 0 0 0 0 0 0 0 0
-9999 -9999 -9999 -9999 -9999 -9999 -9999 -9999 -9999 0.11835 0.167899 0.200316 0.22401 0.22838 0.221933 0.212738 0.199944 0.183826 0.171227 0.137155 0.104858 0.1011 0.106452 0 0 0 0 0 0 0 0.102243 0.117344 0.120279 0.100633 0.112449 0.106037 0 0 0 0 0 0 0 0 0 0 0 0 0 0 0 0 0 0 0 0 0 0 0 0 0 0 0 0 0 0 0 0 0 0 0 0 0 0 0 0 -9999
-9999 -9999 -9999 -9999 -9999 -9999 -9999 -9999 -9999 0.125481 0.151577 0.194185 0.21559 0.227383 0.223337 0.215476 0.207437 0.194723 0.175291 0.143231 -9999 -9999 -9999 -9999 -9999 -9999 0 0 0 0 0.105334 0.116039 0.116984 0.10079 0 0.100442 0 0 0 0 0 0 0 0 0 0 0 0 0 0 0 0 0 0 0 0 0 0 0 0 0 0 0 0 0 0 0 0 0 0 0 0 0 0 0 -9999 -9999
