Test_Spring_2018b/12_17/Prec/20171204_000.txt
ncols	170
nrows	115
xllcorner	350000.000000
yllcorner	4445000.000000
cellsize	1000.000000
nodata_value	-9999.000000
[rows 34 to 67 of 115, columns 76 to 151 of 170]
0.313264 0.281199 0.279456 0.285381 0.282528 0.279889 0.274204 0.269426 0.262935 0.253233 0.240234 0.225014 0.19954 0.21364 0.224571 0.223494 0.222133 0.216172 0.204185 0.213051 0.212883 0.189625 0.164246 0.153956 0.149339 -9999 -9999 -9999 -9999 -9999 -9999 -9999 -9999 -9999 -9999 -9999 -9999 -9999 -9999 -9999 -9999 -9999 -9999 -9999 -9999 -9999 -9999 -9999 -9999 -9999 -9999 -9999 -9999 -9999 -9999 -9999 -9999 -9999 -9999 -9999 -9999 -9999 -9999 -9999 -9999 -9999 -9999 -9999 -9999 -9999 -9999 -9999 -9999 -9999 -9999 -9999
0.309596 0.294924 0.281549 0.281483 0.281603 0.278997 0.273175 0.260314 0.257 0.254951 0.245923 0.228674 0.21157 0.206391 0.223398 0.227624 0.225683 0.22881 0.2183 0.221914 0.219088 0.208736 0.184084 0.164204 0.157167 0.144289 -9999 -9999 -9999 -9999 -9999 -9999 -9999 -9999 -9999 -9999 -9999 -9999 -9999 -9999 -9999 -9999 -9999 -9999 -9999 -9999 -9999 -9999 -9999 -9999 -9999 -9999 -9999 -9999 -9999 -9999 -9999 -9999 -9999 -9999 -9999 -9999 -9999 -9999 -9999 -9999 -9999 -9999 -9999 -9999 -9999 -9999 -9999 -9999 -9999 -9999
0.28337 0.289202 0.279278 0.279997 0.280762 0.278103 0.268508 0.262885 0.260757 0.254139 0.243887 0.237054 0.225805 0.214223 0.217163 0.231457 0.223593 0.233374 0.231315 0.232093 0.223523 0.200317 0.176945 0.160144 0.153286 0.142193 -9999 -9999 -9999 -9999 -9999 -9999 -9999 -9999 -9999 -9999 -9999 -9999 -9999 -9999 -9999 -9999 -9999 -9999 -9999 -9999 -9999 -9999 -9999 -9999 -9999 -9999 -9999 -9999 -9999 -9999 -9999 -9999 -9999 -9999 -9999 -9999 -9999 -9999 -9999 -9999 -9999 -9999 -9999 -9999 -9999 -9999 -9999 -9999 -9999 -9999
0.280218 0.286786 0.277063 0.276421 0.279084 0.276582 0.271476 0.267273 0.26233 0.25665 0.24855 0.239918 0.229241 0.227216 0.235906 0.234905 0.231686 0.232045 0.23572 0.232892 0.216231 0.190989 0.178745 0.148116 0.137224 0.136151 0.12786 -9999 -9999 -9999 -9999 -9999 -9999 -9999 -9999 -9999 -9999 -9999 -9999 0.136417 -9999 -9999 -9999 -9999 -9999 -9999 -9999 -9999 -9999 -9999 -9999 -9999 -9999 -9999 -9999 -9999 -9999 -9999 -9999 -9999 0 -9999 -9999 -9999 -9999 -9999 -9999 -9999 -9999 -9999 -9999 -9999 -9999 -9999 -9999 -9999
0.285838 0.288227 0.286512 0.274434 0.277722 0.275147 0.270735 0.266311 0.259331 0.256374 0.251109 0.241855 0.239015 0.24107 0.24141 0.241909 0.241675 0.239438 0.235826 0.231417 0.214722 0.203438 0.19495 0.170513 0.153839 0.142188 0.125848 0.112639 -9999 -9999 -9999 -9999 -9999 -9999 -9999 0.127386 0.126414 0.126182 0.128659 0.136354 0.130448 -9999 -9999 -9999 -9999 -9999 -9999 -9999 -9999 -9999 -9999 -9999 -9999 -9999 -9999 -9999 -9999 -9999 -9999 -9999 0 0 -9999 -9999 -9999 -9999 -9999 -9999 -9999 -9999 -9999 -9999 -9999 -9999 -9999 -9999
0.286001 0.287926 0.287128 0.275325 0.274371 0.273576 0.270671 0.265916 0.26015 0.258453 0.251756 0.247644 0.244462 0.247685 0.247421 0.244485 0.240969 0.237512 0.230287 0.227617 0.216394 0.207975 0.195684 0.182937 0.158936 0.137109 0.115712 0 -9999 -9999 -9999 -9999 -9999 -9999 0.124026 0.130805 0.134881 0.125831 0.13324 0.139816 0.138074 0.123044 -9999 -9999 -9999 -9999 -9999 -9999 -9999 -9999 -9999 -9999 -9999 -9999 -9999 -9999 0.109775 0 0 0 0 0 -9999 -9999 -9999 -9999 -9999 -9999 -9999 -9999 -9999 -9999 -9999 -9999 -9999 -9999
0.287626 0.287731 0.283715 0.27208 0.273444 0.271511 0.26868 0.265825 0.263102 0.256842 0.253441 0.245338 0.250813 0.249524 0.246793 0.239029 0.234803 0.221867 0.214947 0.204973 0.211632 0.201466 0.183398 0.161455 0.131161 0.124382 0.113805 0 -9999 -9999 -9999 -9999 -9999 -9999 0.121029 0.128587 0.135057 0.136202 0.127463 0.139791 0.132265 0.124366 0.121556 0.125766 0.126988 0.120261 0.121574 0.12198 0.117411 0.119353 -9999 -9999 -9999 -9999 0.114845 0.11375 0.11231 0.105555 0 0 0 0 -9999 -9999 -9999 -9999 -9999 -9999 -9999 -9999 -9999 -9999 -9999 -9999 -9999 -9999
0.286774 0.282008 0.281279 0.269229 0.270667 0.268887 0.265763 0.263252 0.261103 0.257915 0.252968 0.252511 0.251257 0.248237 0.234738 0.218995 0.22402 0.213652 0.189788 0.199359 0.204433 0.192892 0.171227 0.146484 0.131004 0.125777 0.111913 0 -9999 -9999 -9999 0 0.106308 0.106802 0.109961 0.120267 0.128354 0.135349 0.139734 0.137732 0.12937 0.121825 0.113386 0.114671 0.126372 0.127902 0.122942 0.123564 0.11937 0.11957 0.121995 0.122775 0.122117 0.120212 0.118835 0.117748 0.115686 0.109354 0 0 0 0 -9999 -9999 -9999 -9999 -9999 -9999 -9999 -9999 -9999 -9999 -9999 -9999 -9999 -9999
0.284742 0.282293 0.277612 0.276227 0.264239 0.266385 0.263903 0.257623 0.258831 0.256833 0.254995 0.25275 0.250074 0.238718 0.223281 0.207614 0.199517 0.198062 0.184523 0.18483 0.189782 0.182085 0.164736 0.141916 0.134744 0.121979 0 0 -9999 -9999 0 0 0.105173 0.112373 0.114916 0.115729 0.126107 0.127692 0.13873 0.134827 0.117607 0.118554 0.112902 0.11511 0.118026 0.117787 0.120802 0.123408 0.123513 0.122489 0.1238 0.123397 0.122675 0.121727 0.119172 0.118625 0.11718 0.112529 0 0 0 0 -9999 -9999 -9999 -9999 -9999 -9999 -9999 -9999 -9999 -9999 -9999 -9999 -9999 -9999
0.287167 0.282508 0.280957 0.273543 0.258561 0.260706 0.261645 0.256447 0.252507 0.254608 0.253232 0.251921 0.250473 0.23991 0.227678 0.209292 0.197139 0.18643 0.179191 0.165184 0.165689 0.160163 0.153849 0.151073 0.139805 0.120941 0.106475 0 0 -9999 0 0 0 0.108022 0.117778 0.115293 0.12728 0.130434 0.135954 0.132937 0.12153 0.117061 0.115958 0.1138 0.119844 0.123621 0.123296 0.124316 0.123837 0.123674 0.123639 0.123263 0.122775 0.122234 0.12133 0.12015 0.118352 0.11543 0.105657 0 0 0 -9999 -9999 -9999 -9999 -9999 -9999 -9999 -9999 -9999 -9999 -9999 -9999 -9999 -9999
0.287389 0.283835 0.279987 0.275714 0.263996 0.260032 0.258103 0.256671 0.247497 0.24665 0.246948 0.250373 0.249591 0.248231 0.241345 0.219268 0.208865 0.194091 0.177304 0.165871 0.16462 0.171402 0.165942 0.153173 0.139358 0.118894 0.105237 0 0 0 0 0 0 0.104432 0.117647 0.124353 0.127818 0.132149 0.135563 0.130925 0.123428 0.121046 0.116596 0.115066 0.113851 0.116877 0.116819 0.123419 0.124872 0.123518 0.123508 0.12332 0.123074 0.122761 0.122122 0.120967 0.119575 0.117639 0.110864 0 0 0 -9999 -9999 -9999 -9999 -9999 -9999 -9999 -9999 -9999 -9999 -9999 -9999 -9999 -9999
0.277656 0.273175 0.270402 0.268289 0.260814 0.257663 0.257476 0.253854 0.246749 0.238208 0.243593 0.245552 0.247796 0.247556 0.246267 0.225182 0.213942 0.204106 0.187704 0.186717 0.186828 0.182265 0.174209 0.152459 0.130584 0.102976 0 0 0 0 0 0 0 0 0.101707 0.121215 0.126412 0.129229 0.135076 0.129629 0.125633 0.12058 0.12137 0.120007 0.118837 0.104231 0.114148 0.113825 0.121461 0.124491 0.123702 0.123583 0.12351 0.123151 0.122607 0.121657 0.120406 0.115818 0.111208 0.10053 0 0 -9999 -9999 -9999 -9999 -9999 -9999 -9999 -9999 -9999 -9999 -9999 -9999 -9999 -9999
0.273943 0.270354 0.265731 0.262547 0.259095 0.257662 0.256039 0.25357 0.24887 0.240482 0.237834 0.238728 0.23157 0.236708 0.24325 0.241636 0.238689 0.220421 0.20737 0.210991 0.203952 0.187011 0.172165 0.157124 0.132224 0.109231 0 0 0 0 0 0 0.105115 0.101095 0.106652 0.116398 0.128068 0.134459 0.134566 0.128859 0.125741 0.118151 0.124811 0.124529 0.120005 0.115768 0.113696 0.116942 0.11764 0.123622 0.124641 0.124028 0.123873 0.123612 0.123085 0.122209 0.11864 0.115802 0.112261 0.107894 0 0 -9999 -9999 -9999 -9999 -9999 -9999 -9999 -9999 -9999 -9999 -9999 -9999 -9999 -9999
0.267166 0.262375 0.260281 0.265277 0.258475 0.256857 0.253437 0.251932 0.248072 0.24056 0.233424 0.227025 0.218797 0.222712 0.233607 0.239139 0.237888 0.221458 0.223487 0.216528 0.206411 0.185676 0.168576 0.156494 0.132186 0.107437 0 0 0 0 0 0 0.111084 0.116522 0.112872 0.119862 0.133112 0.134627 0.129464 0.130908 0.124897 0.114628 0.124559 0.126641 0.123148 0.122483 0.118469 0.119101 0.121145 0.123212 0.124518 0.12438 0.124019 0.123739 0.123296 0.121571 0.119366 0.116559 0.112939 0.108601 0 0 -9999 -9999 -9999 -9999 -9999 -9999 -9999 -9999 -9999 -9999 -9999 -9999 -9999 -9999
-9999 0.254533 0.2581 0.266804 0.25782 0.253448 0.253226 0.250879 0.245976 0.242129 0.233628 0.222634 0.201811 0.206461 0.216386 0.230598 0.236745 0.232855 0.223087 0.210748 0.18653 0.164233 0.156371 0.147498 0.128047 0.106863 0 0 0 0.101791 0.104555 0.101601 0.111775 0.120728 0.11779 0.126054 0.135708 0.133354 0.132394 0.131519 0.124905 0.124428 0.124359 0.129472 0.124276 0.125576 0.122583 0.121547 0.122167 0.123146 0.124369 0.124308 0.124063 0.123848 0.123005 0.121739 0.11956 0.11663 0.112992 0.108645 0.101899 0 0 -9999 -9999 -9999 -9999 -9999 -9999 -9999 -9999 -9999 -9999 -9999 -9999 -9999
-9999 0.245152 0.243748 0.255329 0.248068 0.251986 0.252868 0.250454 0.243474 0.239121 0.226765 0.222662 0.203321 0.194117 0.200368 0.19603 0.215486 0.231791 0.222399 0.179413 0.160519 0.145172 0.141986 0.13599 0.126163 0 0 0 0.106243 0.111665 0.11587 0.115631 0.114876 0.1288 0.131149 0.136655 0.136946 0.138637 0.132881 0.129505 0.131093 0.126554 0.12527 0.130598 0.123502 0.127802 0.124129 0.12165 0.120828 0.123836 0.124112 0.12417 0.123603 0.123346 0.122579 0.120998 0.119042 0.116173 0.112453 0.108305 0.103396 0 0 0 0 -9999 -9999 -9999 -9999 -9999 -9999 -9999 -9999 -9999 -9999 -9999
-9999 -9999 0.227359 0.246105 0.244551 0.246626 0.251768 0.250189 0.244235 0.238445 0.226018 0.215152 0.197706 0.1776 0.166229 0.195261 0.219733 0.230816 0.223722 0.187275 0.169783 0.163961 0.165856 0.153737 0.143031 0.11857 0.108862 0 0 0.106169 0.114029 0.122399 0.12891 0.12964 0.13496 0.137969 0.139264 0.141191 0.141365 0.141462 0.13249 0.13681 0.132339 0.133601 0.131266 0.128935 0.124862 0.120266 0.122263 0.124071 0.124235 0.122756 0.122784 0.122576 0.121845 0.120447 0.117813 0.115035 0.111574 0.107399 0.102814 0 0 0 0 0 -9999 -9999 -9999 -9999 -9999 -9999 -9999 -9999 -9999 -9999
-9999 -9999 0.215438 0.234335 0.233153 0.244734 0.248101 0.247744 0.245858 0.240865 0.231125 0.216961 0.205 0.1825 0.158785 0.187709 0.215638 0.228268 0.225653 0.192619 0.195477 0.184408 0.181534 0.164936 0.154735 0.142223 0.129472 0.116408 0.102098 0 0.114652 0.124935 0.133668 0.138102 0.141139 0.143295 0.142565 0.141642 0.132374 0.140633 0.137685 0.136574 0.135107 0.133879 0.132118 0.130107 0.126467 0.125524 0.122321 0.122187 0.121341 0.12166 0.121737 0.121396 0.120557 0.119225 0.117296 0.114811 0.110248 0.106261 0.101806 0 0 0 0 0 0 0 0 -9999 -9999 -9999 -9999 -9999 -9999 -9999
-9999 -9999 0.181324 0.211795 0.225526 0.237192 0.244692 0.246017 0.245706 0.239204 0.234301 0.223772 0.213706 0.198441 0.175766 0.160802 0.180386 0.212147 0.224312 0.217364 0.212151 0.200411 0.189107 0.183152 0.178417 0.162401 0.145793 0.127933 0.119996 0.112456 0.127322 0.128275 0.126345 0.144756 0.145126 0.144725 0.138461 0.129785 0.131925 0.127171 0.128125 0.121846 0.126611 0.130468 0.131269 0.130095 0.126303 0.121344 0.121083 0.120155 0.120386 0.120438 0.120302 0.11989 0.119046 0.117586 0.115699 0.113468 0.1102 0.106597 0.100645 0 0 0 0 0 0 0 0 0 -9999 -9999 -9999 -9999 -9999 -9999
-9999 -9999 0.182121 0.196968 0.218867 0.228373 0.240603 0.241933 0.245243 0.242814 0.237524 0.228051 0.216428 0.203493 0.183701 0.168193 0.181885 0.199479 0.212479 0.21225 0.211561 0.206725 0.200496 0.193731 0.18703 0.177056 0.16539 0.148132 0.137677 0.124289 0.141177 0.141954 0.138233 0.147321 0.146954 0.133156 0.122795 0.122019 0.127217 0.121171 0.116866 0.112194 0.115992 0.127124 0.117169 0.11723 0.119574 0.120327 0.11881 0.119063 0.119097 0.119037 0.118721 0.118233 0.117388 0.115896 0.114052 0.111769 0.10884 0.105128 0.101214 0 0 0 0 0 0 0 0 0 0 -9999 -9999 -9999 -9999 -9999
-9999 -9999 0.184923 0.188238 0.207774 0.224266 0.237523 0.241748 0.244596 0.243035 0.236874 0.231437 0.223545 0.211837 0.203098 0.188833 0.169617 0.194903 0.196925 0.198593 0.196506 0.199964 0.195119 0.186822 0.178273 0.178294 0.172719 0.159101 0.152902 0.144793 0.153424 0.152118 0.150964 0.149954 0.137858 0.121331 0.108288 0.118183 0.116449 0.118731 0.101599 0.106187 0.114496 0.116703 0.109903 0.104702 0.115474 0.11513 0.116433 0.117257 0.117741 0.117398 0.117166 0.116459 0.115478 0.114121 0.112278 0.110053 0.107346 0.10422 0 0 0 0 0 0 0 0 0 0 0 0 -9999 -9999 -9999 -9999
-9999 -9999 -9999 0.177564 0.199533 0.222679 0.234608 0.241492 0.243995 0.242209 0.238196 0.233877 0.228273 0.21922 0.208042 0.191161 0.177717 0.181744 0.183028 0.177887 0.17944 0.191533 0.192827 0.180684 0.15185 0.158967 0.168744 0.165811 0.162363 0.159168 0.160087 0.15734 0.153303 0.144417 0.1187 0.109144 0 0 0 0.102544 0 0.105253 0.109498 0.110644 0 0 0.106765 0.11145 0.110425 0.11325 0.116115 0.11585 0.115414 0.114601 0.113648 0.112334 0.110591 0.107952 0.105305 0.102296 0 0 0 0 0 0 0 0 0 0 0 0 0 -9999 -9999 -9999
-9999 -9999 -9999 0.167902 0.193915 0.221798 0.229083 0.236647 0.243119 0.241445 0.23596 0.230716 0.225335 0.219326 0.206057 0.19288 0.179906 0.173561 0.172512 0.162127 0.167451 0.184806 0.184982 0.179323 0.1486 0.138563 0.152873 0.164747 0.163649 0.160436 0.141869 0.144206 0.134033 0.120824 0.116801 0.110888 0 0.104176 0 0 0 0 0 0.105687 0 0 0.100195 0.106004 0.105817 0.111944 0.113851 0.113955 0.113455 0.112709 0.111629 0.110329 0.108544 0.106381 0.103843 0.100788 0 0 0 0 0 0 0 0 0 0 0 0 0 -9999 -9999 -9999
-9999 -9999 -9999 0.171321 0.188523 0.213017 0.230682 0.22962 0.237341 0.24047 0.234518 0.228093 0.221536 0.217553 0.203197 0.187427 0.174008 0.158325 0.157417 0.163405 0.167854 0.17797 0.176782 0.170341 0.149066 0.151322 0.160361 0.164171 0.163875 0.160585 0.155318 0.151871 0.144048 0.140245 0.130156 0.114904 0.108612 0.111788 0 0 0.101623 0 0 0.101032 0 0 0.10037 0.105437 0.109815 0.111623 0.111999 0.112768 0.112037 0.111208 0.110106 0.108667 0.106968 0.104749 0.102272 0 0 0 0 0 0 0 0 0 0 0 0 0 0 -9999 -9999 -9999
-9999 -9999 -9999 0.174756 0.190048 0.210978 0.222857 0.223087 0.231824 0.23949 0.236459 0.22973 0.226331 0.219329 0.206771 0.192955 0.177869 0.169033 0.152036 0.162745 0.162809 0.171061 0.173106 0.153302 0.145898 0.151166 0.156593 0.157481 0.16346 0.16159 0.157423 0.144826 0.138204 0.139572 0.1364 0.131563 0.120852 0.119826 0.112792 0.109557 0.106458 0 0 0 0 0 0.103236 0.106421 0.10926 0.109563 0.110393 0.111572 0.110879 0.109927 0.108706 0.10731 0.105495 0.103023 0.100378 0 0 0 0 0 0 0 0 0 0 0 0 0 0 0 0 -9999
-9999 -9999 -9999 0.171574 0.188089 0.205628 0.211562 0.210636 0.22817 0.238162 0.236156 0.231875 0.227192 0.212777 0.211315 0.206521 0.192676 0.173468 0.152454 0.151132 0.156123 0.163049 0.164931 0.139281 0.131306 0.132594 0.142211 0.150773 0.160025 0.161123 0.15629 0.137407 0.117602 0.125237 0.133592 0.13276 0.129346 0.119339 0.115746 0.112448 0.105015 0 0 0 0 0 0.101837 0.106466 0.103857 0.104342 0.108626 0.110686 0.10986 0.108834 0.107681 0.106175 0.104351 0.10139 0 0 0 0 0 0 0 0 0 0 0 0 0 0 0 0 0 0
-9999 -9999 -9999 0.16546 0.176711 0.193392 0.198675 0.208747 0.225168 0.232205 0.234526 0.232375 0.228527 0.220877 0.215337 0.20645 0.192155 0.173365 0.152616 0.137985 0.140855 0.150299 0.150115 0.127665 0.118088 0.124291 0.134784 0.151613 0.160518 0.160258 0.157749 0.15278 0.137981 0.120491 0.119618 0.127031 0.119373 0.110649 0.11439 0.112924 0.105546 0.100005 0 0 0 0 0 0.107005 0.107861 0.106827 0.110567 0.109918 0.10904 0.108094 0.106818 0.10533 0.103557 0.100835 0 0 0 0 0 0 0 0 0 0 0 0 0 0 0 0 0 0
-9999 -9999 -9999 0.154982 0.168749 0.184225 0.198692 0.21238 0.223948 0.222852 0.228037 0.225944 0.227665 0.224419 0.217062 0.209199 0.196541 0.173172 0.152958 0.131032 0.13303 0.148353 0.134484 0.122654 0.10315 0.118242 0.135294 0.150715 0.158297 0.149168 0.155254 0.153274 0.146972 0.136116 0.119943 0.11937 0.107177 0.105947 0.11111 0.11234 0.110707 0.106376 0 0 0 0 0 0.10154 0.108987 0.109597 0.110329 0.109487 0.1085 0.107488 0.10622 0.104601 0.102556 0 0 0 0 0 0 0 0 0 0 0 0 0 0 0 0 0 0 0
-9999 -9999 -9999 -9999 0.166889 0.182967 0.194319 0.19568 0.205711 0.210181 0.213207 0.212259 0.224806 0.223458 0.217971 0.210554 0.199391 0.181024 0.167287 0.146141 0.130018 0.127354 0.115543 0.117719 0.113758 0.119162 0.13547 0.152731 0.152956 0.13898 0.139278 0.140493 0.145047 0.141055 0.11936 0.107959 0 0.103894 0.109729 0.110635 0.11029 0.108375 0 0 0 0.10029 0.101115 0.106061 0.109499 0.109878 0.10991 0.1091 0.108188 0.107044 0.105514 0.103888 0.101218 0 0 0 0 0 0 0 0 0 0 0 0 0 0 0 0 0 0 0
-9999 -9999 -9999 -9999 0.160438 0.179441 0.181506 0.178799 0.169382 0.17054 0.195055 0.198348 0.210317 0.221483 0.218275 0.210957 0.200345 0.188327 0.171018 0.147565 0.128213 0.110133 0.122587 0.131076 0.132053 0.135115 0.14421 0.144282 0.129837 0.116364 0.12145 0.124081 0.138051 0.139762 0.135874 0.122533 0.107473 0 0.107412 0.107926 0.107803 0.107259 0.101876 0 0 0.102731 0.105849 0.107227 0.110092 0.110252 0.109726 0.1091 0.108027 0.106708 0.10486 0.102767 0 0 0 0 0 0 0 0 0 0 0 0 0 0 0 0 0 0 0 0
-9999 -9999 -9999 -9999 -9999 -9999 -9999 -9999 -9999 0.167789 0.171459 0.189136 0.203337 0.219853 0.217613 0.211005 0.203504 0.187042 0.169017 0.163406 0.142956 0.114621 0.125257 0.130374 0.136582 0.137192 0.138562 0.131284 0.118708 0.102285 0.108345 0.122056 0.136878 0.135783 0.135408 0.128168 0.118152 0 0.105115 0.104975 0.105637 0.104923 0 0 0 0 0.103576 0.1098 0.110428 0.110457 0.110054 0.109275 0.107977 0.106424 0.10443 0.101874 0 0 0 0 0 0 0 0 0 0 0 0 0 0 0 0 0 0 0 0
-9999 -9999 -9999 -9999 -9999 -9999 -9999 -9999 -9999 0.147864 0.144351 0.184558 0.200446 0.215029 0.215589 0.208756 0.200185 0.19011 0.178646 0.163152 0.131474 0.113516 0.127699 0.127305 0.129571 0.126351 0.115947 0.113089 0 0 0.104636 0.11802 0.130903 0.13259 0.130746 0.128832 0.11021 0 0 0 0.103102 0 0 0 0 0.104352 0.107925 0.109957 0.111094 0.110816 0.110378 0.109527 0.107983 0.106221 0.104188 0.101619 0 0 0 0 0 0 0 0 0 0 0 0 0 0 0 0 0 0 0 0
-9999 -9999 -9999 -9999 -9999 -9999 -9999 -9999 -9999 -9999 0.132323 0.168836 0.192792 0.21032 0.213676 0.209043 0.20229 0.19278 0.180702 0.171049 0.141101 0.117209 0.114079 0.116876 0.114491 0.112423 0 0 0 0 0.100125 0.114763 0.126097 0.128755 0.115137 0.12466 0.121069 0.109325 0.100747 0 0 0 0 0 0.100932 0 0.107316 0.106711 0.111637 0.111333 0.110842 0.109882 0.108552 0.106684 0.104406 0.101575 0 0 0 0 0 0 0 0 0 0 0 0 0 0 0 0 0 0 0 0
-9999 -9999 -9999 -9999 -9999 -9999 -9999 -9999 -9999 -9999 0.135828 0.155301 0.186765 0.202702 0.211553 0.208755 0.203056 0.197087 0.187555 0.168549 0.144904 -9999 -9999 -9999 -9999 -9999 -9999 0 0 0.106858 0.109582 0.115974 0.124138 0.125409 0.114405 0.103146 0.116422 0.113312 0.10898 0.101114 0 0 0 0 0.100201 0 0.100793 0.109702 0.112225 0.111856 0.111359 0.110347 0.109089 0.107503 0.105 0.102017 0 0 0 0 0 0 0 0 0 0 0 0 0 0 0 0 0 0 0 0
