Test_Spring_2018b/12_17/Prec/20171202_000.txt
ncols	170
nrows	115
xllcorner	350000.000000
yllcorner	4445000.000000
cellsize	1000.000000
nodata_value	-9999.000000
[rows 32 to 63 of 115, columns 72 to 143 of 170]
0.542901 0.578121 0.566815 0.558447 0.658672 0.726814 0.73085 0.750267 0.783639 0.836084 0.865495 0.894542 0.917792 0.977251 1.1174 1.24534 1.19988 1.21441 1.27331 1.21625 1.27546 1.39996 1.56847 1.51233 1.55744 1.74711 1.82253 -9999 -9999 -9999 -9999 -9999 -9999 -9999 -9999 -9999 -9999 -9999 -9999 -9999 -9999 -9999 -9999 -9999 -9999 -9999 -9999 -9999 -9999 -9999 -9999 -9999 -9999 -9999 -9999 -9999 -9999 -9999 -9999 -9999 -9999 -9999 -9999 -9999 -9999 -9999 -9999 -9999 -9999 -9999 -9999 -9999
0.577263 0.601406 0.575633 0.594166 0.661038 0.723306 0.743594 0.757432 0.781686 0.814523 0.844475 0.874505 0.925464 0.991654 1.11394 1.2577 1.30218 1.25497 1.26864 1.27622 1.3313 1.39686 1.48929 1.45336 1.45398 1.5756 1.74654 1.87098 -9999 -9999 -9999 -9999 -9999 -9999 -9999 -9999 -9999 -9999 -9999 -9999 -9999 -9999 -9999 -9999 -9999 -9999 -9999 -9999 -9999 -9999 -9999 -9999 -9999 -9999 -9999 -9999 -9999 -9999 -9999 -9999 -9999 -9999 -9999 -9999 -9999 -9999 -9999 -9999 -9999 -9999 -9999 -9999
0.615672 0.673044 0.664045 0.662168 0.72619 0.786321 0.800754 0.769025 0.790288 0.810419 0.849153 0.882771 0.927195 0.991589 1.07662 1.17597 1.33817 1.2631 1.20842 1.2275 1.24971 1.30101 1.38994 1.35434 1.37411 1.53922 1.73881 1.81872 1.86374 -9999 -9999 -9999 -9999 -9999 -9999 -9999 -9999 -9999 -9999 -9999 -9999 -9999 -9999 -9999 -9999 -9999 -9999 -9999 -9999 -9999 -9999 -9999 -9999 -9999 -9999 -9999 -9999 -9999 -9999 -9999 -9999 -9999 -9999 -9999 -9999 -9999 -9999 -9999 -9999 -9999 -9999 -9999
0.657319 0.723851 0.714749 0.697765 0.708674 0.768049 0.793172 0.797454 0.80073 0.820583 0.860035 0.942209 0.967254 0.985199 1.04585 1.15681 1.26781 1.30797 1.21555 1.20133 1.22547 1.22022 1.2982 1.29196 1.32519 1.40794 1.59126 1.73632 1.7928 1.88345 -9999 -9999 -9999 -9999 -9999 -9999 -9999 -9999 -9999 -9999 -9999 -9999 -9999 -9999 -9999 -9999 -9999 -9999 -9999 -9999 -9999 -9999 -9999 -9999 -9999 -9999 -9999 -9999 -9999 -9999 -9999 -9999 -9999 -9999 -9999 -9999 -9999 -9999 -9999 -9999 -9999 -9999
-9999 -9999 0.77999 0.790757 0.795326 0.807079 0.811181 0.810569 0.809777 0.829753 0.8917 0.929955 0.947482 0.992491 1.05994 1.10747 1.18238 1.26021 1.25151 1.17542 1.23389 1.18701 1.21235 1.22125 1.28692 1.46103 1.61804 1.74106 1.79374 1.87085 -9999 -9999 -9999 -9999 -9999 -9999 -9999 -9999 -9999 -9999 -9999 -9999 -9999 -9999 -9999 -9999 -9999 -9999 -9999 -9999 -9999 -9999 -9999 -9999 -9999 -9999 -9999 -9999 -9999 -9999 -9999 -9999 -9999 -9999 -9999 -9999 -9999 -9999 -9999 -9999 -9999 -9999
-9999 -9999 -9999 0.806542 0.82042 0.778114 0.828158 0.835524 0.823043 0.841777 0.876322 0.905605 0.939602 0.978396 1.03224 1.08988 1.16056 1.17992 1.13562 1.15066 1.18 1.18862 1.17796 1.20698 1.32519 1.50322 1.58829 1.79493 1.86952 1.88375 1.94031 -9999 -9999 -9999 -9999 -9999 -9999 -9999 -9999 -9999 -9999 -9999 -9999 1.95269 -9999 -9999 -9999 -9999 -9999 -9999 -9999 -9999 -9999 -9999 -9999 -9999 -9999 -9999 -9999 -9999 -9999 -9999 -9999 -9999 2.44834 -9999 -9999 -9999 -9999 -9999 -9999 -9999
-9999 -9999 0.760432 0.800209 0.791709 0.774574 0.828305 0.850211 0.833647 0.852451 0.882384 0.912491 0.958196 0.979941 1.01601 1.07667 1.09935 1.09333 1.09851 1.10364 1.11405 1.13727 1.16937 1.2066 1.33671 1.41496 1.4756 1.63514 1.7499 1.82563 1.9284 2.01131 -9999 -9999 -9999 -9999 -9999 -9999 -9999 1.95441 1.96757 1.97655 1.96916 1.92997 1.97215 -9999 -9999 -9999 -9999 -9999 -9999 -9999 -9999 -9999 -9999 -9999 -9999 -9999 -9999 -9999 -9999 -9999 -9999 -9999 2.40342 2.47631 -9999 -9999 -9999 -9999 -9999 -9999
-9999 -9999 0.810419 0.791799 0.794988 0.780656 0.782871 0.846942 0.855586 0.863232 0.883579 0.915123 0.95288 0.966363 1.01036 1.03931 1.06334 1.04957 1.05768 1.08279 1.11223 1.142 1.19496 1.22066 1.31565 1.37535 1.45741 1.54096 1.70132 1.83633 1.96745 2.07513 -9999 -9999 -9999 -9999 -9999 -9999 1.93775 1.90471 1.88898 1.95297 1.91795 1.88771 1.90704 2.00401 -9999 -9999 -9999 -9999 -9999 -9999 -9999 -9999 -9999 -9999 -9999 -9999 -9999 -9999 2.06703 2.14041 2.28319 2.35951 2.40806 2.47495 -9999 -9999 -9999 -9999 -9999 -9999
-9999 -9999 0.820657 0.796199 0.788652 0.785302 0.806852 0.823734 0.862362 0.876396 0.895766 0.915248 0.934016 0.974307 0.997742 1.05007 1.02127 1.03407 1.05647 1.11013 1.14328 1.22956 1.27999 1.36553 1.33422 1.40343 1.51904 1.65652 1.84797 1.895 1.95894 2.05743 -9999 -9999 -9999 -9999 -9999 -9999 1.92783 1.89111 1.86238 1.8667 1.93099 1.86822 1.92405 1.9801 2.00422 1.98473 1.98198 2.03589 2.01602 2.01442 2.04227 2.03045 -9999 -9999 -9999 -9999 2.04937 2.05169 2.05472 2.08826 2.24348 2.35164 2.44979 2.47267 -9999 -9999 -9999 -9999 -9999 -9999
-9999 -9999 0.787359 0.783887 0.796545 0.822583 0.82424 0.846164 0.879852 0.897327 0.917571 0.934039 0.948408 0.969285 1.00123 1.00677 1.01796 1.04074 1.12767 1.22906 1.2061 1.27273 1.43338 1.39084 1.36847 1.44515 1.5814 1.73448 1.83426 1.87048 1.95242 2.0466 -9999 -9999 -9999 2.02843 1.97189 1.97358 1.96152 1.90846 1.87044 1.85007 1.83715 1.87593 1.92516 1.98123 2.04134 2.04139 1.97724 1.97307 2.00313 2.00162 2.0285 2.02657 2.01267 2.00815 2.01164 2.02177 2.02762 2.03039 2.03748 2.06858 2.21011 2.29251 2.3477 2.50463 -9999 -9999 -9999 -9999 -9999 -9999
-9999 -9999 0.806656 0.808174 0.815879 0.828061 0.85353 0.859045 0.890296 0.912199 0.927935 0.966439 0.95987 0.972889 0.985462 1.00124 1.02055 1.09324 1.19161 1.29237 1.34832 1.37159 1.46154 1.47398 1.45171 1.50161 1.60124 1.74167 1.78604 1.86508 2.00076 2.11826 -9999 -9999 2.1525 2.03713 1.95693 1.91811 1.91008 1.91494 1.86417 1.86783 1.81533 1.86339 1.96943 1.97562 2.03382 2.03016 2.01888 2.02674 2.02096 1.99882 2.00114 2.00967 2.00357 2.00717 2.0119 2.01698 2.03046 2.03029 2.03372 2.05451 2.15626 2.20886 2.27255 2.49652 -9999 -9999 -9999 -9999 -9999 -9999
-9999 -9999 0.808753 0.809163 0.807492 0.833137 0.839506 0.876649 0.928513 0.918095 0.940524 0.971839 0.995618 0.983299 0.992521 1.0022 1.01376 1.08144 1.16035 1.27742 1.35777 1.43572 1.48763 1.57838 1.5819 1.62047 1.66221 1.68081 1.74591 1.86004 1.94363 2.08443 2.16145 -9999 2.15422 2.1062 2.00848 1.92528 1.874 1.89931 1.83973 1.8351 1.82503 1.85991 1.93379 1.97459 1.9933 2.01714 1.99033 1.98782 2.00286 2.00129 1.99986 2.00434 2.0074 2.01179 2.01594 2.01924 2.02325 2.02714 2.03271 2.04281 2.09183 2.14879 2.25696 2.48949 -9999 -9999 -9999 -9999 -9999 -9999
-9999 0.84047 0.811921 0.794285 0.807841 0.826818 0.846832 0.868938 0.904172 0.925625 0.939798 0.96887 1.02358 1.02846 1.02711 1.00786 1.01515 1.02721 1.07385 1.21317 1.28723 1.37909 1.48745 1.56926 1.5831 1.5471 1.58314 1.66129 1.74372 1.86597 1.94091 2.03106 2.18629 2.18737 2.13757 2.1004 2.03502 1.93109 1.85907 1.82938 1.82184 1.81641 1.81339 1.86058 1.91321 1.94224 1.98262 2.00416 2.02257 2.01424 2.02893 2.00589 2.00177 2.00789 2.0118 2.01595 2.0194 2.02192 2.02474 2.02867 2.03174 2.03559 2.04654 2.11469 2.29717 2.45994 -9999 -9999 -9999 -9999 -9999 -9999
-9999 -9999 0.82739 0.839363 0.868195 0.892734 0.906063 0.914804 0.92618 0.94672 0.949452 0.970654 1.02626 1.07704 1.04465 1.03395 1.02282 1.02804 1.04094 1.17412 1.24872 1.31518 1.4211 1.43967 1.44507 1.47711 1.52835 1.66008 1.79047 1.95476 2.08492 2.11238 2.19112 2.17824 2.1483 2.05365 1.9868 1.96098 1.94289 1.83625 1.82196 1.8237 1.80679 1.8584 1.89184 1.93818 1.94823 1.97007 1.98951 2.08877 2.04425 2.05453 2.01581 2.00959 2.0145 2.01902 2.02209 2.0254 2.02796 2.03078 2.03291 2.03924 2.05741 2.10641 2.31467 2.45797 -9999 -9999 -9999 -9999 -9999 -9999
-9999 -9999 -9999 -9999 0.892437 0.911564 0.935841 0.950711 0.939049 0.94903 0.960199 0.976467 1.00615 1.06183 1.07757 1.0731 1.11852 1.0903 1.05685 1.07265 1.09721 1.21438 1.30522 1.29043 1.33868 1.44501 1.53682 1.62773 1.77594 1.91177 2.058 2.17086 2.19335 2.10923 2.04046 1.94408 1.90261 1.93065 1.90462 1.85974 1.80449 1.78336 1.80155 1.85537 1.88485 1.94734 1.92297 1.93931 1.98005 2.01795 2.04651 2.03639 2.04052 2.01173 2.0117 2.02056 2.02464 2.02774 2.03043 2.03286 2.04306 2.04969 2.05761 2.06784 2.28197 2.48377 -9999 -9999 -9999 -9999 -9999 -9999
-9999 -9999 -9999 -9999 0.935445 0.96178 0.970648 0.935948 0.945087 0.955937 0.977682 0.987902 1.01232 1.05872 1.1035 1.14288 1.19468 1.17472 1.114 1.08665 1.10083 1.20673 1.20636 1.25508 1.32161 1.45052 1.55564 1.62848 1.77292 1.91903 2.02575 2.15902 2.13141 2.0947 2.03899 1.9346 1.8625 1.8336 1.86386 1.83349 1.76858 1.77679 1.82678 1.83769 1.88529 1.96438 1.92088 1.92366 1.959 1.97622 2.01719 2.02373 2.02061 2.01619 2.0151 2.0213 2.02729 2.03074 2.03305 2.03816 2.04392 2.0501 2.05816 2.0678 2.20953 2.48782 -9999 -9999 -9999 -9999 -9999 -9999
-9999 -9999 -9999 -9999 -9999 1.01158 0.986214 0.928985 0.95125 0.978438 0.980647 0.995686 1.02616 1.05031 1.10255 1.16998 1.29762 1.27316 1.21816 1.13829 1.10764 1.13765 1.20804 1.28885 1.44003 1.57806 1.62731 1.68069 1.79586 1.92051 2.03622 2.00854 1.97184 1.92549 1.90396 1.91909 1.85796 1.80778 1.83318 1.79471 1.75099 1.78205 1.80632 1.83092 1.88219 1.9023 1.91924 1.90409 1.95012 1.95605 1.99137 2.0086 2.01468 2.01737 2.01726 2.02335 2.02877 2.03198 2.03615 2.03956 2.04516 2.05206 2.06021 2.06987 2.09148 2.26064 2.35161 -9999 -9999 -9999 -9999 -9999
-9999 -9999 -9999 -9999 -9999 1.07116 1.0757 1.00105 1.01228 0.989264 0.984552 0.999744 1.04252 1.06902 1.14491 1.17064 1.28826 1.34935 1.31629 1.34793 1.2367 1.14457 1.21236 1.47743 1.59614 1.69201 1.71292 1.74896 1.80629 1.98118 2.04182 1.95573 1.90612 1.86776 1.83806 1.83764 1.84233 1.76199 1.75528 1.73283 1.74479 1.75066 1.80303 1.84198 1.84325 1.88745 1.9115 1.89499 1.95256 1.94061 1.98028 2.00655 2.02166 2.01243 2.01826 2.02378 2.03032 2.03417 2.03783 2.04337 2.04778 2.05455 2.06349 2.07231 2.08325 2.14058 2.22138 2.25812 2.24452 -9999 -9999 -9999
-9999 -9999 -9999 -9999 -9999 -9999 1.17807 1.06027 1.03592 1.02379 0.993165 1.0031 1.03943 1.07493 1.15063 1.21707 1.32327 1.44551 1.52467 1.35481 1.21289 1.15171 1.20533 1.43048 1.54031 1.57849 1.56865 1.64167 1.7046 1.84983 1.90382 1.96519 1.96039 1.90609 1.85536 1.80254 1.76369 1.76276 1.73735 1.72969 1.73465 1.73801 1.75354 1.77049 1.83429 1.82437 1.86706 1.87465 1.90327 1.93111 1.97321 2.01227 2.01044 2.00849 2.015 2.02631 2.03138 2.03486 2.03834 2.04267 2.05203 2.05872 2.06671 2.07641 2.08623 2.12988 2.15204 2.20533 2.27032 2.34705 -9999 -9999
-9999 -9999 -9999 -9999 -9999 -9999 1.25417 1.13559 1.10734 1.03774 1.02075 1.01984 1.03147 1.06204 1.12143 1.20768 1.28078 1.41744 1.5614 1.38521 1.24001 1.16893 1.1894 1.39925 1.38599 1.4555 1.4743 1.57444 1.63467 1.70856 1.78169 1.85614 1.94076 1.98599 1.85849 1.79481 1.74287 1.71957 1.70747 1.70337 1.71705 1.73965 1.81075 1.77723 1.80323 1.82504 1.84878 1.87069 1.89528 1.92075 1.96 1.9768 2.0061 2.00303 2.02103 2.0267 2.03121 2.03538 2.03957 2.04378 2.04872 2.06002 2.07097 2.08058 2.09079 2.13505 2.15007 2.16573 2.18813 2.28796 2.34916 2.37879
-9999 -9999 -9999 -9999 -9999 -9999 1.46464 1.2765 1.16136 1.09041 1.0407 1.03266 1.03466 1.0742 1.10433 1.16857 1.23017 1.32318 1.46083 1.55193 1.43076 1.23955 1.19915 1.25152 1.28644 1.35968 1.4292 1.46533 1.493 1.5887 1.69097 1.79437 1.84051 1.88215 1.78989 1.78314 1.79583 1.68825 1.6918 1.70233 1.75029 1.81215 1.81273 1.86077 1.8615 1.91331 1.89847 1.88884 1.89721 1.91695 1.95666 1.97485 1.98991 2.01138 2.01924 2.02601 2.03146 2.03593 2.04028 2.04563 2.05093 2.05584 2.07246 2.08175 2.09574 2.14125 2.15571 2.1706 2.18389 2.20768 2.23621 2.29192
-9999 -9999 -9999 -9999 -9999 -9999 1.473 1.3378 1.20533 1.14231 1.06835 1.06017 1.04025 1.05512 1.08746 1.14521 1.21609 1.29495 1.41513 1.50942 1.4276 1.31718 1.23892 1.2493 1.29121 1.32254 1.36136 1.40976 1.44906 1.50857 1.57597 1.67992 1.73971 1.81771 1.71423 1.70922 1.73306 1.68164 1.68923 1.77975 1.85138 1.86681 1.84497 1.89468 1.92515 1.97101 1.96089 1.90641 1.9464 1.9605 1.96498 1.97391 2.00143 2.01011 2.0184 2.02527 2.03146 2.0363 2.04084 2.04684 2.05261 2.05883 2.06689 2.08708 2.09746 2.14648 2.16342 2.17737 2.19052 2.20461 2.22165 2.23515
-9999 -9999 -9999 -9999 -9999 -9999 1.47148 1.39474 1.27658 1.17062 1.09042 1.06473 1.04749 1.05702 1.09448 1.12778 1.17601 1.24733 1.30075 1.3874 1.50375 1.35173 1.33403 1.33331 1.35325 1.33314 1.36289 1.41333 1.50503 1.50324 1.53839 1.61816 1.65335 1.70053 1.64766 1.65584 1.66453 1.67395 1.75187 1.85816 1.945 1.89499 1.91621 1.91166 2.01764 1.96419 1.92649 1.92632 1.98627 2.03081 1.98325 2.00565 2.00838 2.01271 2.01755 2.02556 2.03093 2.03704 2.04264 2.04836 2.05495 2.0619 2.06995 2.07885 2.10321 2.15399 2.16882 2.18782 2.20043 2.21426 2.22381 2.24471
-9999 -9999 -9999 -9999 -9999 -9999 -9999 1.47141 1.33061 1.19042 1.11781 1.07568 1.06012 1.07066 1.0949 1.12126 1.1556 1.21089 1.27905 1.38154 1.46319 1.43936 1.42555 1.46639 1.45768 1.3853 1.37787 1.45136 1.62572 1.58891 1.53029 1.54839 1.56976 1.58986 1.61367 1.63106 1.65739 1.71427 1.87396 1.90776 1.97507 1.97646 2.01674 1.97311 2.02321 1.96884 1.95461 1.9597 2.04036 2.06792 2.03533 2.0182 2.0345 2.02634 2.01844 2.0255 2.03184 2.03861 2.04434 2.05039 2.05723 2.0654 2.07401 2.08326 2.11149 2.16549 2.18538 2.20273 2.22288 2.2249 2.23372 2.31768
-9999 -9999 -9999 -9999 -9999 -9999 -9999 1.52651 1.36925 1.2006 1.15605 1.10988 1.07041 1.08022 1.11322 1.14498 1.17775 1.2144 1.29484 1.37466 1.45311 1.49141 1.49756 1.56328 1.53154 1.42717 1.42624 1.46045 1.65241 1.71316 1.62728 1.55625 1.56363 1.58404 1.69734 1.68511 1.7488 1.83142 1.85944 1.89969 1.97689 1.95226 2.01274 2.00194 2.04685 2.02169 2.01744 1.98618 2.05756 2.09819 2.06939 2.04449 2.05482 2.02598 2.02125 2.0259 2.03258 2.03907 2.04588 2.05233 2.0601 2.06862 2.07799 2.08915 2.10354 2.14713 2.28061 2.2942 2.28677 2.27934 2.27271 2.33778
-9999 -9999 -9999 -9999 -9999 -9999 -9999 1.51105 1.40697 1.25884 1.15182 1.15768 1.1107 1.09152 1.12722 1.1659 1.2055 1.22964 1.31626 1.41132 1.49205 1.58621 1.59111 1.5542 1.53074 1.46965 1.47662 1.51527 1.65062 1.63717 1.58302 1.56061 1.56322 1.58419 1.61747 1.64021 1.68985 1.71586 1.78044 1.8769 1.9202 1.90734 2.01109 2.01552 1.99287 2.07169 2.02514 2.01066 2.09736 2.11548 2.06312 2.04185 2.02391 2.02044 2.02443 2.02477 2.03276 2.03991 2.04726 2.05522 2.06339 2.07341 2.08378 2.10152 2.12357 2.20354 2.31454 2.32278 2.30415 2.28864 2.36165 2.3598
-9999 -9999 -9999 -9999 -9999 -9999 -9999 1.49593 1.40345 1.2769 1.20483 1.20297 1.14988 1.1033 1.12127 1.1616 1.18189 1.22389 1.29929 1.38215 1.47248 1.52491 1.6263 1.56049 1.56278 1.51249 1.49959 1.62596 1.67035 1.63856 1.60602 1.60112 1.56586 1.57827 1.60495 1.68289 1.72534 1.72021 1.7431 1.77674 1.84655 1.85882 1.90811 1.93533 1.96248 2.05512 2.03703 2.04775 2.08961 2.06245 2.04107 2.03048 2.02121 2.02631 2.02721 2.02489 2.03266 2.04077 2.04929 2.05767 2.06744 2.0801 2.0928 2.11913 2.1582 2.22197 2.39206 2.34662 2.29805 2.36469 2.38361 2.38625
-9999 -9999 -9999 -9999 -9999 -9999 -9999 1.5211 1.42134 1.31533 1.27919 1.28436 1.17828 1.11764 1.12932 1.15469 1.18244 1.26876 1.27688 1.30491 1.38726 1.50169 1.62675 1.63291 1.61168 1.56189 1.54948 1.71105 1.75851 1.75037 1.69232 1.64095 1.5858 1.58021 1.61083 1.72661 1.8485 1.80562 1.75904 1.76852 1.7943 1.86058 1.88896 1.91631 1.96925 2.06605 2.08576 2.07976 2.08271 2.07092 2.04525 2.02548 2.04862 2.05229 2.03215 2.02444 2.0331 2.04194 2.05051 2.06024 2.07093 2.08759 2.10518 2.12805 2.21284 2.2705 2.39875 2.36285 2.33489 2.42697 2.40135 2.40566
-9999 -9999 -9999 -9999 -9999 -9999 -9999 1.5643 1.49637 1.39565 1.36355 1.30253 1.20319 1.16034 1.14582 1.15816 1.1806 1.22578 1.25804 1.31024 1.39476 1.50609 1.62896 1.71472 1.69481 1.63974 1.64643 1.78127 1.83789 1.79968 1.73594 1.6344 1.58106 1.58343 1.59987 1.6317 1.72336 1.83188 1.84093 1.80075 1.85213 1.91067 1.89481 1.91102 1.96348 2.00538 2.06866 2.11032 2.10863 2.10299 2.07135 2.01829 2.0203 2.03294 2.01598 2.02462 2.03375 2.04242 2.05223 2.06248 2.07368 2.08989 2.11329 2.17394 2.22896 2.30107 2.32191 2.34639 2.40829 2.42407 2.42075 2.43011
-9999 -9999 -9999 -9999 -9999 -9999 -9999 1.63411 1.55115 1.45784 1.37053 1.28784 1.21781 1.22397 1.19211 1.20391 1.19251 1.21077 1.25352 1.299 1.37306 1.51134 1.63031 1.75933 1.74397 1.6597 1.74191 1.81126 1.92707 1.83471 1.7309 1.63737 1.59159 1.64707 1.61145 1.62509 1.66545 1.73397 1.83526 1.8433 1.92211 1.9356 1.91129 1.91133 1.92919 1.96378 2.0274 2.09339 2.10874 2.11462 2.08656 2.0481 2.0103 2.01299 2.01418 2.02408 2.03409 2.04349 2.05371 2.06537 2.07897 2.09619 2.14921 2.21063 2.25411 2.30942 2.32912 2.31631 2.40901 2.43713 2.43824 2.44917
-9999 -9999 -9999 -9999 -9999 -9999 -9999 -9999 1.56944 1.47268 1.40433 1.39608 1.33542 1.30807 1.28916 1.29391 1.21698 1.22342 1.25441 1.29663 1.36102 1.46845 1.54762 1.67115 1.76417 1.7937 1.85618 1.84033 1.8617 1.82699 1.72698 1.62175 1.61976 1.704 1.70292 1.69707 1.67188 1.69901 1.83365 1.90709 1.97013 1.94348 1.91537 1.91762 1.92796 1.94818 2.02554 2.10271 2.06326 2.03717 2.04059 2.01859 2.00501 2.00916 2.01469 2.02457 2.03436 2.04488 2.05712 2.06937 2.08741 2.11394 2.17269 2.29625 2.30591 2.33327 2.38348 2.40431 2.47967 2.45669 2.45369 2.46731
-9999 -9999 -9999 -9999 -9999 -9999 -9999 -9999 1.61562 1.50145 1.4893 1.50578 1.56249 1.55519 1.40676 1.38581 1.31211 1.24276 1.2595 1.30051 1.36086 1.42924 1.52908 1.6656 1.77715 1.88915 1.82058 1.75867 1.74937 1.72788 1.67051 1.6681 1.75385 1.8345 1.80413 1.78944 1.70736 1.70011 1.72757 1.81295 1.90959 1.9656 1.92418 1.92925 1.93868 1.95105 2.01002 2.06495 2.04025 2.02056 2.01043 2.01015 2.00023 2.00588 2.01495 2.02393 2.03493 2.04682 2.06136 2.0769 2.10629 2.14011 2.22886 2.30618 2.36104 2.42727 2.33403 2.40165 2.44511 2.47393 2.47301 2.48949
