Test_Spring_2018b/12_17/Prec/20171203_009.txt
ncols	170
nrows	115
xllcorner	350000.000000
yllcorner	4445000.000000
cellsize	1000.000000
nodata_value	-9999.000000
[rows 33 to 65 of 115, columns 75 to 149 of 170]
0.15045 0.156021 0.166008 0.17253 0.173539 0.173574 0.172777 0.172101 0.171316 0.168723 0.164831 0.156298 0.146044 0.144135 0.14999 0.151001 0.152756 0.150835 0.148318 0.143837 0.150241 0.153814 0.148468 0.146408 0.144719 -9999 -9999 -9999 -9999 -9999 -9999 -9999 -9999 -9999 -9999 -9999 -9999 -9999 -9999 -9999 -9999 -9999 -9999 -9999 -9999 -9999 -9999 -9999 -9999 -9999 -9999 -9999 -9999 -9999 -9999 -9999 -9999 -9999 -9999 -9999 -9999 -9999 -9999 -9999 -9999 -9999 -9999 -9999 -9999 -9999 -9999 -9999 -9999 -9999 -9999
0.143082 0.156914 0.165465 0.166694 0.17165 0.172087 0.172481 0.171201 0.170229 0.168273 0.164611 0.159233 0.152712 0.141073 0.149255 0.155933 0.156719 0.157494 0.156114 0.151868 0.158179 0.160089 0.151894 0.152268 0.14857 0.147605 -9999 -9999 -9999 -9999 -9999 -9999 -9999 -9999 -9999 -9999 -9999 -9999 -9999 -9999 -9999 -9999 -9999 -9999 -9999 -9999 -9999 -9999 -9999 -9999 -9999 -9999 -9999 -9999 -9999 -9999 -9999 -9999 -9999 -9999 -9999 -9999 -9999 -9999 -9999 -9999 -9999 -9999 -9999 -9999 -9999 -9999 -9999 -9999 -9999
0.138434 0.148914 0.160022 0.166151 0.168324 0.170427 0.170991 0.16977 0.164864 0.164584 0.16482 0.161491 0.154019 0.146627 0.145245 0.155043 0.158577 0.15918 0.162482 0.15914 0.163017 0.163815 0.161609 0.155308 0.15509 0.153178 0.148208 -9999 -9999 -9999 -9999 -9999 -9999 -9999 -9999 -9999 -9999 -9999 -9999 -9999 -9999 -9999 -9999 -9999 -9999 -9999 -9999 -9999 -9999 -9999 -9999 -9999 -9999 -9999 -9999 -9999 -9999 -9999 -9999 -9999 -9999 -9999 -9999 -9999 -9999 -9999 -9999 -9999 -9999 -9999 -9999 -9999 -9999 -9999 -9999
0.137831 0.145214 0.15532 0.16344 0.166257 0.168894 0.169602 0.166629 0.165439 0.165821 0.163823 0.159917 0.157678 0.153244 0.148705 0.151534 0.160187 0.157948 0.164728 0.165799 0.168486 0.166679 0.161736 0.152769 0.154551 0.153055 0.149299 -9999 -9999 -9999 -9999 -9999 -9999 -9999 -9999 -9999 -9999 -9999 -9999 -9999 -9999 -9999 -9999 -9999 -9999 -9999 -9999 -9999 -9999 -9999 -9999 -9999 -9999 -9999 -9999 -9999 -9999 -9999 -9999 -9999 -9999 -9999 -9999 -9999 -9999 -9999 -9999 -9999 -9999 -9999 -9999 -9999 -9999 -9999 -9999
0.134926 0.141634 0.148528 0.160803 0.163233 0.167057 0.16803 0.167435 0.167043 0.166068 0.164555 0.161722 0.158573 0.154416 0.154662 0.1604 0.161481 0.161679 0.163913 0.168061 0.16921 0.164323 0.157887 0.154701 0.150102 0.146984 0.148623 0.146445 -9999 -9999 -9999 -9999 -9999 -9999 -9999 -9999 -9999 -9999 -9999 -9999 0.144022 -9999 -9999 -9999 -9999 -9999 -9999 -9999 -9999 -9999 -9999 -9999 -9999 -9999 -9999 -9999 -9999 -9999 -9999 -9999 -9999 0 -9999 -9999 -9999 -9999 -9999 -9999 -9999 -9999 -9999 -9999 -9999 -9999 -9999
0.13793 0.142529 0.147785 0.154414 0.161124 0.165526 0.166661 0.166545 0.166117 0.164144 0.163974 0.16251 0.158993 0.158701 0.160955 0.162524 0.164406 0.166203 0.16731 0.168051 0.168708 0.167279 0.164908 0.164051 0.155045 0.157365 0.154169 0.148396 0.143882 -9999 -9999 -9999 -9999 -9999 -9999 -9999 0.151442 0.148915 0.14646 0.145134 0.146263 0.140506 -9999 -9999 -9999 -9999 -9999 -9999 -9999 -9999 -9999 -9999 -9999 -9999 -9999 -9999 -9999 -9999 -9999 -9999 -9999 0 0 -9999 -9999 -9999 -9999 -9999 -9999 -9999 -9999 -9999 -9999 -9999 -9999
0.136646 0.140803 0.146332 0.150315 0.160606 0.163176 0.165407 0.166173 0.165632 0.164256 0.164654 0.162381 0.161325 0.160759 0.163522 0.164758 0.164952 0.165206 0.165877 0.165065 0.166922 0.168402 0.167934 0.16569 0.163288 0.16209 0.154321 0.146504 0.140199 -9999 -9999 -9999 -9999 -9999 -9999 0.155722 0.157152 0.156794 0.14953 0.150239 0.150365 0.146248 0.135237 -9999 -9999 -9999 -9999 -9999 -9999 -9999 -9999 -9999 -9999 -9999 -9999 -9999 -9999 0 0 0 0 0 0 -9999 -9999 -9999 -9999 -9999 -9999 -9999 -9999 -9999 -9999 -9999 -9999
0.134298 0.139923 0.145097 0.147989 0.15552 0.162232 0.164106 0.165026 0.165466 0.165566 0.163579 0.162808 0.159596 0.163204 0.16359 0.163525 0.161306 0.16129 0.157398 0.157006 0.158904 0.166193 0.165375 0.160816 0.154421 0.151449 0.150775 0.148898 0.143671 -9999 -9999 -9999 -9999 -9999 -9999 0.158764 0.160266 0.160714 0.158104 0.150269 0.152784 0.145227 0.137249 0.131899 0.130206 0.127221 0.122895 0.121236 0.118448 0.113467 0.112028 -9999 -9999 -9999 -9999 0.101161 0 0 0 0 0 0 0 -9999 -9999 -9999 -9999 -9999 -9999 -9999 -9999 -9999 -9999 -9999 -9999
0.133362 0.137931 0.141262 0.14635 0.153741 0.160563 0.163169 0.163911 0.164425 0.164655 0.164 0.16222 0.162579 0.162582 0.161886 0.156266 0.149944 0.154498 0.152438 0.146216 0.155649 0.162638 0.161696 0.155957 0.148816 0.153674 0.154355 0.151405 0.147421 -9999 -9999 -9999 0.155215 0.159822 0.158976 0.158705 0.16134 0.162318 0.16114 0.159359 0.157254 0.145572 0.137281 0.128656 0.12508 0.126959 0.124048 0.121165 0.118249 0.113279 0.113004 0.111928 0.110336 0.108306 0.105889 0.10392 0.102213 0.100067 0 0 0 0 0 -9999 -9999 -9999 -9999 -9999 -9999 -9999 -9999 -9999 -9999 -9999 -9999
0.130698 0.136035 0.14238 0.145768 0.150347 0.155977 0.161982 0.163131 0.161748 0.163553 0.163318 0.162871 0.162095 0.161155 0.1561 0.149383 0.143052 0.141099 0.144904 0.141773 0.146735 0.153918 0.156795 0.156621 0.150826 0.152816 0.158141 0.150134 0.143881 -9999 -9999 0.147404 0.157587 0.164098 0.166465 0.165638 0.163187 0.164897 0.161739 0.162978 0.159353 0.143089 0.138743 0.129148 0.125595 0.125038 0.120978 0.120701 0.119264 0.116168 0.112891 0.111161 0.108941 0.106897 0.105023 0.102565 0.101247 0 0 0 0 0 0 -9999 -9999 -9999 -9999 -9999 -9999 -9999 -9999 -9999 -9999 -9999 -9999
0.131462 0.137995 0.142003 0.147224 0.149342 0.153376 0.157928 0.162259 0.161383 0.160491 0.162106 0.161642 0.161065 0.160481 0.155605 0.150338 0.142585 0.13864 0.137726 0.13802 0.139289 0.144707 0.147531 0.150272 0.15497 0.157626 0.160184 0.157861 0.149153 0.145917 -9999 0.150393 0.155027 0.16293 0.168826 0.171355 0.166919 0.169024 0.166194 0.166772 0.160305 0.146556 0.140633 0.135145 0.129294 0.127759 0.123335 0.120962 0.117634 0.114795 0.111795 0.109304 0.107072 0.105177 0.103591 0.102079 0.100588 0 0 0 0 0 0 -9999 -9999 -9999 -9999 -9999 -9999 -9999 -9999 -9999 -9999 -9999 -9999
0.131199 0.137026 0.142104 0.146658 0.150477 0.155707 0.158045 0.159814 0.161739 0.158096 0.158033 0.158153 0.159671 0.159157 0.158657 0.155903 0.146229 0.144285 0.142976 0.139019 0.138842 0.14385 0.153349 0.157087 0.157392 0.15724 0.159035 0.16002 0.156789 0.1465 0.148981 0.154753 0.158519 0.16368 0.171149 0.175178 0.175023 0.172493 0.172024 0.16866 0.161913 0.150103 0.143456 0.135891 0.12997 0.124446 0.121328 0.118576 0.115897 0.113069 0.11 0.10744 0.105283 0.103552 0.102174 0.100928 0 0 0 0 0 0 0 -9999 -9999 -9999 -9999 -9999 -9999 -9999 -9999 -9999 -9999 -9999 -9999
0.12619 0.131228 0.136286 0.141788 0.147052 0.154343 0.156567 0.159326 0.159926 0.157776 0.153678 0.156107 0.156643 0.157401 0.157255 0.157148 0.150442 0.147684 0.14657 0.143081 0.14847 0.154572 0.158862 0.161801 0.158146 0.154509 0.152989 0.14775 0.150296 0.149059 0.1522 0.156429 0.164987 0.170215 0.171078 0.170442 0.176425 0.176095 0.172975 0.170723 0.162552 0.152216 0.143872 0.138575 0.132398 0.126574 0.114342 0.116183 0.111511 0.11134 0.10834 0.105826 0.103691 0.102089 0.100781 0 0 0 0 0 0 0 0 -9999 -9999 -9999 -9999 -9999 -9999 -9999 -9999 -9999 -9999 -9999 -9999
-9999 0.128588 0.134421 0.139305 0.144308 0.153562 0.156759 0.158849 0.15953 0.158191 0.154587 0.152818 0.152625 0.148496 0.151575 0.156095 0.157224 0.158691 0.153516 0.152389 0.159886 0.162739 0.161203 0.161136 0.161241 0.15651 0.157485 0.151218 0.146949 0.149256 0.159358 0.167259 0.175974 0.179054 0.175353 0.175228 0.177251 0.17873 0.176963 0.171615 0.163074 0.152977 0.143091 0.140457 0.134557 0.126799 0.1195 0.115029 0.111921 0.108097 0.107533 0.105145 0.102404 0.100796 0 0 0 0 0 0 0 0 0 -9999 -9999 -9999 -9999 -9999 -9999 -9999 -9999 -9999 -9999 -9999 -9999
-9999 0.12457 0.129985 0.136304 0.145548 0.153094 0.15626 0.157476 0.158624 0.157654 0.154067 0.150146 0.146191 0.141686 0.143785 0.150201 0.154914 0.15729 0.15314 0.159689 0.162081 0.163603 0.160395 0.15944 0.16127 0.157086 0.157288 0.154484 0.148686 0.155283 0.161552 0.168217 0.177748 0.183339 0.184326 0.180014 0.179864 0.182047 0.177743 0.169649 0.164557 0.152908 0.141525 0.140364 0.135478 0.128063 0.122379 0.116716 0.112135 0.108839 0.106204 0.103883 0.101544 0 0 0 0 0 0 0 0 0 0 -9999 -9999 -9999 -9999 -9999 -9999 -9999 -9999 -9999 -9999 -9999 -9999
-9999 -9999 0.125601 0.134766 0.145879 0.152316 0.154109 0.15692 0.15764 0.156137 0.154363 0.149679 0.143455 0.132571 0.135033 0.140975 0.150053 0.156164 0.158332 0.159041 0.15881 0.153353 0.149434 0.153161 0.156658 0.154956 0.156951 0.153447 0.161038 0.168425 0.17552 0.179368 0.178944 0.183643 0.186515 0.182369 0.182872 0.183278 0.17706 0.171083 0.164839 0.152884 0.146371 0.140174 0.13675 0.128418 0.123637 0.118385 0.112874 0.108775 0.105513 0.103086 0.100745 0 0 0 0 0 0 0 0 0 0 0 -9999 -9999 -9999 -9999 -9999 -9999 -9999 -9999 -9999 -9999 -9999
-9999 -9999 0.120426 0.126967 0.139394 0.14669 0.152569 0.155905 0.156592 0.154077 0.152497 0.145813 0.143039 0.132872 0.12868 0.13284 0.132682 0.145461 0.157715 0.158579 0.142976 0.140105 0.139565 0.145517 0.150322 0.153286 0.151058 0.152019 0.164369 0.172759 0.179144 0.183643 0.184711 0.183898 0.189248 0.1879 0.187128 0.18298 0.178923 0.170693 0.163339 0.155579 0.147149 0.140436 0.137188 0.127951 0.124691 0.119131 0.112883 0.10803 0.105741 0.102793 0.100465 0 0 0 0 0 0 0 0 0 0 0 0 0 -9999 -9999 -9999 -9999 -9999 -9999 -9999 -9999 -9999
-9999 -9999 -9999 0.117995 0.133752 0.143915 0.148762 0.154175 0.155286 0.154712 0.151696 0.145008 0.139027 0.129974 0.120077 0.116111 0.132674 0.14795 0.157532 0.159426 0.146922 0.144545 0.148521 0.156738 0.158178 0.160377 0.160486 0.161763 0.16168 0.166188 0.174847 0.180745 0.185676 0.188514 0.187346 0.187456 0.185902 0.182474 0.178781 0.173772 0.168413 0.155559 0.151795 0.1437 0.1386 0.131893 0.12544 0.119844 0.112598 0.109185 0.106297 0.103269 0 0 0 0 0 0 0 0 0 0 0 0 0 0 0 -9999 -9999 -9999 -9999 -9999 -9999 -9999 -9999
-9999 -9999 -9999 0.111151 0.126633 0.137014 0.146455 0.15152 0.155061 0.154746 0.152326 0.147213 0.139829 0.13375 0.122854 0.112009 0.129117 0.146634 0.156878 0.160377 0.14976 0.157235 0.158224 0.163648 0.162406 0.164387 0.170241 0.169582 0.168112 0.166739 0.165754 0.177796 0.183631 0.18761 0.188406 0.187561 0.185461 0.183015 0.177098 0.167716 0.166787 0.157197 0.151057 0.144772 0.138703 0.132524 0.126435 0.121339 0.116053 0.110131 0.106441 0.1023 0.100113 0 0 0 0 0 0 0 0 0 0 0 0 0 0 0 0 0 -9999 -9999 -9999 -9999 -9999
-9999 -9999 -9999 0 0.114024 0.132574 0.141888 0.151151 0.153263 0.153903 0.150963 0.148543 0.143263 0.138402 0.131349 0.121185 0.115603 0.129391 0.149078 0.160302 0.162383 0.16543 0.165633 0.166346 0.169883 0.174026 0.177868 0.177097 0.172521 0.172449 0.171226 0.180269 0.18138 0.180072 0.187991 0.18604 0.182962 0.176342 0.170395 0.167277 0.158662 0.151317 0.143002 0.14021 0.137028 0.132438 0.12704 0.122248 0.115592 0.111128 0.105928 0.10306 0.100691 0 0 0 0 0 0 0 0 0 0 0 0 0 0 0 0 0 0 -9999 -9999 -9999 -9999
-9999 -9999 -9999 0 0.11299 0.12795 0.139828 0.148143 0.150341 0.152966 0.152307 0.149982 0.145532 0.140174 0.134519 0.125956 0.120172 0.129694 0.143711 0.154619 0.159878 0.164989 0.168145 0.170845 0.175547 0.178174 0.18503 0.183751 0.179736 0.177562 0.173151 0.183035 0.183998 0.181842 0.185256 0.183186 0.17374 0.165459 0.161524 0.163061 0.155918 0.146105 0.13748 0.134622 0.135463 0.126879 0.12221 0.120834 0.116637 0.110259 0.10692 0.103983 0.101521 0 0 0 0 0 0 0 0 0 0 0 0 0 0 0 0 0 0 0 -9999 -9999 -9999
-9999 -9999 -9999 0 0.10774 0.121194 0.13696 0.145757 0.149477 0.152036 0.152046 0.149564 0.147419 0.144196 0.139375 0.136481 0.131374 0.124406 0.140317 0.147552 0.153357 0.158878 0.166161 0.169464 0.171056 0.178406 0.182934 0.185304 0.181816 0.181419 0.179382 0.184975 0.184838 0.184019 0.182545 0.174867 0.164391 0.155162 0.156995 0.152696 0.153309 0.137373 0.137032 0.136617 0.133096 0.123863 0.116924 0.120289 0.113812 0.110712 0.107778 0.105113 0.102486 0.100346 0 0 0 0 0 0 0 0 0 0 0 0 0 0 0 0 0 0 0 -9999 -9999
-9999 -9999 -9999 -9999 0.100726 0.12082 0.135185 0.1434 0.148601 0.151204 0.151367 0.150254 0.148976 0.14719 0.143959 0.140062 0.133806 0.129817 0.135135 0.142409 0.144621 0.150162 0.161223 0.167015 0.166084 0.164444 0.173684 0.182054 0.183549 0.184207 0.184368 0.184323 0.183418 0.181213 0.175959 0.161719 0.15679 0.149411 0.147219 0.141582 0.146059 0.134645 0.136033 0.134038 0.130427 0.120578 0.118502 0.116001 0.114336 0.11013 0.108211 0.106274 0.103678 0.101362 0 0 0 0 0 0 0 0 0 0 0 0 0 0 0 0 0 0 0 0 -9999
-9999 -9999 -9999 -9999 0.101601 0.1177 0.134275 0.140114 0.145695 0.150403 0.150804 0.149176 0.147664 0.146202 0.144661 0.139824 0.135443 0.131624 0.131597 0.134689 0.136961 0.143946 0.157143 0.161846 0.163608 0.162756 0.161225 0.171462 0.180021 0.181586 0.181549 0.173275 0.17488 0.16968 0.162437 0.1593 0.154782 0.146893 0.147197 0.140243 0.139043 0.131843 0.131169 0.128698 0.128438 0.119673 0.117017 0.114199 0.113374 0.109807 0.10969 0.107786 0.105311 0.102852 0.100549 0 0 0 0 0 0 0 0 0 0 0 0 0 0 0 0 0 0 0 -9999
-9999 -9999 -9999 -9999 0.103432 0.114878 0.129603 0.140564 0.141851 0.147269 0.150209 0.148518 0.146596 0.144713 0.144313 0.139009 0.13334 0.129228 0.124385 0.127318 0.134059 0.143891 0.153037 0.156595 0.157487 0.161364 0.165587 0.172845 0.177081 0.178817 0.178579 0.176863 0.175565 0.171602 0.169194 0.163223 0.154291 0.149496 0.149135 0.138923 0.136801 0.136808 0.126703 0.12807 0.126739 0.117008 0.114279 0.115827 0.114906 0.113842 0.111727 0.109153 0.107037 0.104422 0.101979 0 0 0 0 0 0 0 0 0 0 0 0 0 0 0 0 0 0 0 -9999
-9999 -9999 -9999 -9999 0.105412 0.115674 0.128466 0.136459 0.138383 0.144358 0.149661 0.149551 0.147608 0.147422 0.145606 0.141248 0.136548 0.131535 0.129982 0.124678 0.133521 0.14109 0.148942 0.15373 0.159036 0.158374 0.163783 0.168953 0.171491 0.176175 0.176517 0.175283 0.169409 0.166106 0.166403 0.164064 0.160559 0.153818 0.151651 0.146251 0.142547 0.138742 0.127938 0.127251 0.124133 0.11603 0.11963 0.118851 0.117254 0.115641 0.112942 0.110701 0.108835 0.106222 0.103641 0.101048 0 0 0 0 0 0 0 0 0 0 0 0 0 0 0 0 0 0 0
-9999 -9999 -9999 -9999 0.104188 0.114853 0.125805 0.13074 0.132055 0.142443 0.14896 0.149437 0.1488 0.148049 0.142583 0.143795 0.143588 0.139134 0.132287 0.124819 0.127447 0.133491 0.144362 0.148767 0.151122 0.149909 0.153085 0.160134 0.166326 0.172506 0.174238 0.172625 0.163616 0.153782 0.157315 0.160887 0.159572 0.156699 0.150295 0.146887 0.143446 0.137786 0.123415 0.123544 0.122094 0.121346 0.119976 0.119793 0.119171 0.115052 0.112615 0.112221 0.110856 0.10818 0.10551 0.102849 0.100041 0 0 0 0 0 0 0 0 0 0 0 0 0 0 0 0 0 0
-9999 -9999 -9999 -9999 0.101561 0.109409 0.119793 0.12431 0.13107 0.140887 0.145938 0.148609 0.149075 0.148777 0.146718 0.145897 0.143624 0.138894 0.132174 0.124723 0.120555 0.125318 0.137493 0.143989 0.144566 0.142372 0.14784 0.155182 0.165385 0.171301 0.172295 0.171821 0.16978 0.1625 0.153565 0.152646 0.155603 0.15079 0.14523 0.145713 0.143433 0.138063 0.133502 0.125461 0.11759 0.120092 0.118463 0.119015 0.121373 0.1192 0.11618 0.115645 0.113005 0.110327 0.107667 0.104864 0.101943 0 0 0 0 0 0 0 0 0 0 0 0 0 0 0 0 0 0
-9999 -9999 -9999 -9999 0 0.105715 0.115366 0.124375 0.132873 0.140219 0.141183 0.145275 0.145769 0.148257 0.148397 0.146658 0.144876 0.140929 0.131869 0.124618 0.11672 0.120948 0.131772 0.14472 0.141468 0.134218 0.144043 0.154589 0.16403 0.169241 0.16578 0.169601 0.169075 0.166086 0.160535 0.152062 0.151142 0.144198 0.14254 0.143909 0.143172 0.140889 0.137169 0.125683 0.11972 0.121081 0.118745 0.11924 0.120614 0.121949 0.119934 0.118038 0.115399 0.112711 0.11001 0.107151 0.104058 0.100663 0 0 0 0 0 0 0 0 0 0 0 0 0 0 0 0 0
-9999 -9999 -9999 -9999 -9999 0.105079 0.114908 0.122257 0.124508 0.131016 0.134704 0.137672 0.138701 0.14657 0.147635 0.146811 0.145233 0.142016 0.135437 0.131403 0.123875 0.119024 0.124455 0.134824 0.138562 0.139073 0.14405 0.154221 0.164581 0.166121 0.160248 0.161194 0.16229 0.164763 0.16269 0.151519 0.145263 0.139735 0.141534 0.143366 0.142614 0.141143 0.138821 0.123859 0.124297 0.125949 0.126508 0.124637 0.124885 0.124434 0.122496 0.120409 0.117901 0.115317 0.112562 0.10953 0.106341 0.102496 0 0 0 0 0 0 0 0 0 0 0 0 0 0 0 0 0
-9999 -9999 -9999 -9999 -9999 0.102124 0.113301 0.115901 0.116019 0.112712 0.114657 0.128284 0.131364 0.138887 0.146161 0.146448 0.144907 0.141968 0.13858 0.132792 0.124154 0.117741 0.124507 0.132854 0.144951 0.148008 0.151887 0.158518 0.160346 0.154603 0.149024 0.152397 0.15423 0.161434 0.162235 0.159989 0.152797 0.144554 0.139589 0.142638 0.141788 0.14055 0.139061 0.130586 0.124375 0.129036 0.129314 0.128819 0.127515 0.127001 0.12516 0.122971 0.120692 0.118116 0.115307 0.112092 0.108588 0.103716 0 0 0 0 0 0 0 0 0 0 0 0 0 0 0 0 0
-9999 -9999 -9999 -9999 -9999 -9999 -9999 -9999 -9999 -9999 0.112934 0.116032 0.126199 0.134754 0.144641 0.145376 0.144185 0.142825 0.13727 0.131207 0.131592 0.128607 0.1262 0.133849 0.144464 0.150297 0.1531 0.156002 0.154269 0.149553 0.142569 0.146477 0.153876 0.161516 0.160913 0.160413 0.156259 0.150532 0.138946 0.142166 0.141039 0.140271 0.138805 0.132172 0.125728 0.130767 0.128703 0.129521 0.130875 0.129479 0.127796 0.125866 0.123673 0.121097 0.118227 0.114932 0.111125 0.106606 0.100748 0 0 0 0 0 0 0 0 0 0 0 0 0 0 0 0
-9999 -9999 -9999 -9999 -9999 -9999 -9999 -9999 -9999 -9999 0.102499 0.101863 0.123159 0.132447 0.141291 0.143384 0.142082 0.140234 0.137962 0.135311 0.130929 0.130455 0.12511 0.135835 0.142941 0.147049 0.148159 0.145373 0.146014 0.140996 0.137716 0.145746 0.153005 0.159668 0.160423 0.15914 0.157592 0.14751 0.139081 0.13909 0.138884 0.139923 0.131199 0.131839 0.132071 0.13241 0.133348 0.133537 0.133041 0.132151 0.130558 0.128835 0.126795 0.124235 0.121339 0.118035 0.114161 0.109841 0.104198 0 0 0 0 0 0 0 0 0 0 0 0 0 0 0 0
