Test_Spring_2018b/12_17/Prec/20171216_019.txt
ncols	170
nrows	115
xllcorner	350000.000000
yllcorner	4445000.000000
cellsize	1000.000000
nodata_value	-9999.000000
[rows 31 to 61 of 115, columns 71 to 141 of 170]
1.89737 1.89793 1.88821 1.8851 1.87977 1.8322 1.82807 1.81435 1.80701 1.79388 1.7858 1.77461 1.75925 1.75008 1.72727 1.66414 1.67633 1.67837 1.65675 1.66129 1.67131 1.65185 1.60526 1.58069 1.54495 1.51957 1.48324 1.4509 -9999 -9999 -9999 -9999 -9999 -9999 -9999 -9999 -9999 -9999 -9999 -9999 -9999 -9999 -9999 -9999 -9999 -9999 -9999 -9999 -9999 -9999 -9999 -9999 -9999 -9999 -9999 -9999 -9999 -9999 -9999 -9999 -9999 -9999 -9999 -9999 -9999 -9999 -9999 -9999 -9999 -9999 -9999
1.904 1.9004 1.89067 1.89639 1.901 1.826 1.79757 1.82051 1.81505 1.80471 1.78783 1.77847 1.76911 1.76162 1.742 1.69546 1.65299 1.66836 1.66368 1.64413 1.66315 1.64322 1.60129 1.54447 1.56237 1.54629 1.45677 1.40343 -9999 -9999 -9999 -9999 -9999 -9999 -9999 -9999 -9999 -9999 -9999 -9999 -9999 -9999 -9999 -9999 -9999 -9999 -9999 -9999 -9999 -9999 -9999 -9999 -9999 -9999 -9999 -9999 -9999 -9999 -9999 -9999 -9999 -9999 -9999 -9999 -9999 -9999 -9999 -9999 -9999 -9999 -9999
1.9088 1.90197 1.89551 1.90574 1.90119 1.87773 1.80848 1.82646 1.82316 1.81624 1.8063 1.79716 1.78784 1.77138 1.74968 1.7091 1.66118 1.6462 1.66159 1.65644 1.65306 1.63355 1.61026 1.57773 1.58776 1.5854 1.52566 1.42983 1.38451 -9999 -9999 -9999 -9999 -9999 -9999 -9999 -9999 -9999 -9999 -9999 -9999 -9999 -9999 -9999 -9999 -9999 -9999 -9999 -9999 -9999 -9999 -9999 -9999 -9999 -9999 -9999 -9999 -9999 -9999 -9999 -9999 -9999 -9999 -9999 -9999 -9999 -9999 -9999 -9999 -9999 -9999
1.91084 1.90198 1.88406 1.88844 1.89055 1.85574 1.82102 1.81791 1.83016 1.82465 1.8194 1.80778 1.79767 1.7837 1.76279 1.73466 1.7014 1.64679 1.67093 1.68786 1.67976 1.67021 1.65057 1.61804 1.62675 1.61676 1.51516 1.43436 1.40218 1.38182 -9999 -9999 -9999 -9999 -9999 -9999 -9999 -9999 -9999 -9999 -9999 -9999 -9999 -9999 -9999 -9999 -9999 -9999 -9999 -9999 -9999 -9999 -9999 -9999 -9999 -9999 -9999 -9999 -9999 -9999 -9999 -9999 -9999 -9999 -9999 -9999 -9999 -9999 -9999 -9999 -9999
1.90948 1.90045 1.87918 1.88339 1.89046 1.8751 1.87712 1.83115 1.83179 1.83276 1.82812 1.81677 1.79093 1.7838 1.77862 1.7587 1.72143 1.68355 1.66869 1.69745 1.69953 1.68826 1.6863 1.65615 1.65374 1.63791 1.57625 1.49528 1.43018 1.40477 1.36829 -9999 -9999 -9999 -9999 -9999 -9999 -9999 -9999 -9999 -9999 -9999 -9999 -9999 -9999 -9999 -9999 -9999 -9999 -9999 -9999 -9999 -9999 -9999 -9999 -9999 -9999 -9999 -9999 -9999 -9999 -9999 -9999 -9999 -9999 -9999 -9999 -9999 -9999 -9999 -9999
-9999 -9999 -9999 1.87296 1.85761 1.88307 1.87416 1.83591 1.83865 1.84153 1.83745 1.8192 1.80857 1.8044 1.7905 1.76843 1.75223 1.72606 1.69807 1.69811 1.71984 1.69597 1.70661 1.69264 1.68373 1.65559 1.56398 1.48846 1.42932 1.40389 1.37075 -9999 -9999 -9999 -9999 -9999 -9999 -9999 -9999 -9999 -9999 -9999 -9999 -9999 -9999 -9999 -9999 -9999 -9999 -9999 -9999 -9999 -9999 -9999 -9999 -9999 -9999 -9999 -9999 -9999 -9999 -9999 -9999 -9999 -9999 -9999 -9999 -9999 -9999 -9999 -9999
-9999 -9999 -9999 -9999 1.86257 1.88416 1.89844 1.84093 1.84157 1.84899 1.84602 1.83763 1.83064 1.82154 1.81011 1.79277 1.77315 1.74809 1.73904 1.75014 1.74043 1.72504 1.71578 1.71231 1.69511 1.61953 1.55314 1.51477 1.41222 1.37811 1.36474 1.3379 -9999 -9999 -9999 -9999 -9999 -9999 -9999 -9999 -9999 -9999 -9999 -9999 1.24763 -9999 -9999 -9999 -9999 -9999 -9999 -9999 -9999 -9999 -9999 -9999 -9999 -9999 -9999 -9999 -9999 -9999 -9999 -9999 -9999 0.782769 -9999 -9999 -9999 -9999 -9999
-9999 -9999 -9999 1.89988 1.89953 1.90244 1.90868 1.88639 1.84778 1.85731 1.85513 1.84909 1.8426 1.83027 1.82503 1.81391 1.7933 1.78398 1.78284 1.77659 1.76909 1.75871 1.74309 1.72373 1.70205 1.62395 1.58595 1.55394 1.47597 1.41746 1.38233 1.33904 1.30326 -9999 -9999 -9999 -9999 -9999 -9999 -9999 1.27592 1.26484 1.25415 1.24775 1.25071 1.22528 -9999 -9999 -9999 -9999 -9999 -9999 -9999 -9999 -9999 -9999 -9999 -9999 -9999 -9999 -9999 -9999 -9999 -9999 -9999 0.789843 0.754617 -9999 -9999 -9999 -9999
-9999 -9999 -9999 1.9037 1.90986 1.90923 1.91497 1.9157 1.85971 1.86168 1.86414 1.86225 1.85618 1.84729 1.84542 1.83203 1.82209 1.81211 1.81301 1.80493 1.78963 1.77152 1.75212 1.72405 1.70435 1.63639 1.60259 1.56152 1.52039 1.43298 1.37678 1.32301 1.27821 -9999 -9999 -9999 -9999 -9999 -9999 1.28408 1.28951 1.28822 1.25915 1.26172 1.2612 1.24264 1.15537 -9999 -9999 -9999 -9999 -9999 -9999 -9999 -9999 -9999 -9999 -9999 -9999 -9999 -9999 0.925785 0.895334 0.840765 0.807099 0.781212 0.747623 -9999 -9999 -9999 -9999
-9999 -9999 -9999 1.90651 1.91502 1.91839 1.92095 1.9158 1.88219 1.87081 1.87216 1.87164 1.87061 1.86895 1.85886 1.8528 1.83524 1.84272 1.83425 1.82056 1.79458 1.77379 1.73387 1.70479 1.64124 1.63574 1.59665 1.54233 1.4813 1.39422 1.35497 1.3226 1.28017 -9999 -9999 -9999 -9999 -9999 -9999 1.28498 1.29204 1.29532 1.28615 1.25531 1.26506 1.19591 1.16021 1.13402 1.12165 1.10339 1.03976 1.01888 1.00462 0.98204 0.974369 -9999 -9999 -9999 -9999 0.933202 0.92808 0.922514 0.906051 0.847818 0.803736 0.761189 0.714991 -9999 -9999 -9999 -9999
-9999 -9999 -9999 1.92291 1.92487 1.92199 1.91527 1.91734 1.88462 1.8759 1.86869 1.86935 1.8708 1.87196 1.86946 1.86131 1.85968 1.85367 1.84126 1.80504 1.76181 1.75821 1.73063 1.66861 1.64064 1.62991 1.58608 1.52274 1.4545 1.39651 1.36063 1.32127 1.26113 -9999 -9999 -9999 1.24665 1.26212 1.25796 1.25773 1.27009 1.27601 1.29098 1.2856 1.25462 1.19477 1.15756 1.11768 1.09697 1.09734 1.07793 1.01458 0.999211 0.976202 0.949682 0.945617 0.940169 0.933538 0.925788 0.920086 0.915489 0.90898 0.893474 0.853897 0.818613 0.790234 0.695366 -9999 -9999 -9999 -9999
-9999 -9999 -9999 1.94043 1.94166 1.9409 1.9087 1.9035 1.90586 1.87757 1.87512 1.87862 1.87404 1.88339 1.8845 1.88351 1.87878 1.86995 1.84037 1.7994 1.75508 1.72356 1.70661 1.6602 1.61453 1.60221 1.57046 1.49097 1.426 1.3948 1.34557 1.28224 1.23424 -9999 -9999 1.20721 1.24281 1.26696 1.27703 1.276 1.26935 1.27953 1.26957 1.27618 1.241 1.16414 1.14246 1.11691 1.0955 1.05257 1.02884 0.988174 0.973614 0.959934 0.94642 0.94 0.932383 0.926103 0.920954 0.913674 0.910975 0.906453 0.894933 0.854695 0.828776 0.775396 0.682435 -9999 -9999 -9999 -9999
-9999 -9999 -9999 1.93322 1.93479 1.93726 1.93101 1.93173 1.90634 1.87398 1.88742 1.88638 1.88554 1.88601 1.8966 1.89746 1.89513 1.88883 1.86044 1.82506 1.77406 1.73284 1.69548 1.65991 1.562 1.53809 1.5033 1.46872 1.44351 1.40553 1.34402 1.30391 1.24269 1.21051 -9999 1.20552 1.21955 1.25046 1.27613 1.29012 1.27696 1.29008 1.28255 1.26968 1.24317 1.17696 1.11805 1.0892 1.05859 1.04536 1.03379 0.986076 0.969991 0.952222 0.940092 0.930982 0.923756 0.918541 0.914985 0.911885 0.908769 0.904302 0.896859 0.874416 0.829067 0.780374 0.683727 -9999 -9999 -9999 -9999
-9999 -9999 1.93361 1.93515 1.94326 1.94109 1.93748 1.93405 1.9306 1.90526 1.8941 1.90055 1.89858 1.88991 1.89576 1.90086 1.90855 1.90368 1.89342 1.86801 1.80844 1.77252 1.70166 1.64282 1.57154 1.54189 1.52987 1.49534 1.44869 1.40289 1.33905 1.30132 1.26173 1.20009 1.19597 1.21055 1.22194 1.24299 1.27638 1.29787 1.30334 1.29908 1.28817 1.27614 1.22149 1.16191 1.12831 1.0904 1.05883 1.02895 1.00918 0.963675 0.960547 0.947691 0.93185 0.922935 0.916528 0.91247 0.910187 0.908487 0.906253 0.903318 0.898394 0.875087 0.841745 0.761106 0.687085 -9999 -9999 -9999 -9999
-9999 -9999 -9999 1.93264 1.93134 1.92446 1.91931 1.91842 1.91976 1.90414 1.90647 1.915 1.91052 1.90023 1.89164 1.90774 1.91293 1.91422 1.90591 1.8911 1.82216 1.77683 1.73166 1.67166 1.62015 1.59128 1.55471 1.5135 1.44765 1.38483 1.30666 1.25079 1.23238 1.19923 1.19814 1.20699 1.23851 1.26093 1.26899 1.27298 1.30435 1.30019 1.27281 1.26127 1.22411 1.17025 1.12914 1.09968 1.06649 1.03492 0.978136 0.952601 0.933071 0.932962 0.927509 0.916855 0.911092 0.908065 0.906466 0.905747 0.90465 0.902586 0.887772 0.868751 0.840461 0.756195 0.687727 -9999 -9999 -9999 -9999
-9999 -9999 -9999 -9999 -9999 1.91952 1.91638 1.91202 1.9115 1.90478 1.91105 1.91723 1.92145 1.92025 1.9059 1.90643 1.90982 1.89227 1.88952 1.88869 1.86532 1.83536 1.77177 1.69808 1.67374 1.62896 1.56616 1.51017 1.45695 1.38746 1.31864 1.25736 1.21071 1.19742 1.22246 1.24343 1.27633 1.29102 1.28168 1.28866 1.29064 1.29784 1.28996 1.26558 1.22637 1.17317 1.12521 1.10589 1.07334 1.03366 0.99656 0.946951 0.934177 0.91999 0.920158 0.913944 0.907717 0.905144 0.904398 0.904332 0.903909 0.891732 0.883078 0.870956 0.854954 0.767902 0.679095 -9999 -9999 -9999 -9999
-9999 -9999 -9999 -9999 -9999 1.90806 1.90258 1.90338 1.91939 1.90634 1.91244 1.91525 1.92169 1.92248 1.91426 1.90369 1.89261 1.87186 1.86977 1.87593 1.86623 1.83882 1.77797 1.73402 1.68735 1.63541 1.56416 1.50297 1.45521 1.38661 1.31438 1.26642 1.21328 1.21719 1.22698 1.24524 1.28078 1.30617 1.31475 1.30052 1.30287 1.3127 1.29422 1.25826 1.23233 1.1725 1.11797 1.10413 1.07536 1.03693 1.00637 0.952995 0.934871 0.923496 0.916069 0.910828 0.906024 0.903525 0.903191 0.903661 0.899283 0.89361 0.884847 0.872248 0.855876 0.792313 0.677372 -9999 -9999 -9999 -9999
-9999 -9999 -9999 -9999 -9999 -9999 1.88859 1.90065 1.92398 1.90648 1.90692 1.91607 1.92077 1.91944 1.9186 1.90604 1.88532 1.83946 1.83872 1.84272 1.8502 1.83733 1.80134 1.73343 1.6756 1.59504 1.52043 1.47767 1.4363 1.37749 1.31259 1.26191 1.26283 1.27019 1.28361 1.29084 1.28701 1.30876 1.32481 1.31217 1.3168 1.319 1.29224 1.26415 1.23297 1.1715 1.13615 1.10178 1.0788 1.03676 1.01009 0.958992 0.937758 0.923854 0.914625 0.909614 0.905326 0.90335 0.903327 0.90247 0.899963 0.894125 0.884789 0.871757 0.854939 0.831012 0.752153 0.700163 -9999 -9999 -9999
-9999 -9999 -9999 -9999 -9999 -9999 1.8711 1.87284 1.90159 1.88702 1.90369 1.91463 1.91879 1.91294 1.90793 1.88921 1.88252 1.84076 1.80976 1.80646 1.77681 1.79094 1.79584 1.72878 1.60978 1.54034 1.48012 1.44716 1.41196 1.37284 1.29144 1.25954 1.28032 1.29228 1.30325 1.3133 1.31327 1.31333 1.33936 1.33658 1.3354 1.31854 1.29973 1.26189 1.22564 1.18068 1.13737 1.10086 1.07869 1.03329 1.01318 0.960997 0.93742 0.921144 0.916454 0.909895 0.906065 0.902598 0.902774 0.901834 0.898348 0.892537 0.882872 0.869236 0.852433 0.831904 0.790373 0.74189 0.706508 0.686754 -9999
-9999 -9999 -9999 -9999 -9999 -9999 -9999 1.84041 1.88298 1.87891 1.89114 1.90992 1.91504 1.90507 1.90107 1.88092 1.86025 1.82207 1.77396 1.72856 1.76658 1.79155 1.78684 1.72486 1.62013 1.55459 1.51451 1.49267 1.44592 1.40566 1.33448 1.30527 1.2772 1.27438 1.28975 1.30224 1.32229 1.33632 1.33526 1.33909 1.33109 1.3162 1.29802 1.27244 1.2437 1.17796 1.15336 1.11141 1.08208 1.04731 1.01493 0.962224 0.935204 0.925268 0.91866 0.912164 0.901772 0.901455 0.901339 0.899969 0.896282 0.888535 0.87852 0.864967 0.847808 0.827787 0.791204 0.762844 0.722674 0.677583 0.627984
-9999 -9999 -9999 -9999 -9999 -9999 -9999 1.81652 1.85864 1.85398 1.88436 1.90249 1.89527 1.89982 1.89643 1.88087 1.853 1.82554 1.77259 1.71291 1.74687 1.77164 1.77141 1.73903 1.62303 1.60002 1.55085 1.5207 1.46602 1.42763 1.38057 1.34549 1.31331 1.27914 1.25245 1.29682 1.31968 1.33723 1.34283 1.34151 1.33393 1.31499 1.28865 1.24485 1.23353 1.18075 1.14671 1.11232 1.07954 1.04745 1.01718 0.965582 0.946904 0.927272 0.912736 0.901579 0.9 0.899311 0.898311 0.896022 0.891748 0.884746 0.874487 0.858616 0.841645 0.821913 0.78586 0.760839 0.73438 0.704828 0.648996
-9999 -9999 -9999 -9999 -9999 -9999 -9999 1.74768 1.81218 1.84143 1.87019 1.87209 1.88239 1.88869 1.881 1.87414 1.85285 1.82882 1.79041 1.73319 1.68783 1.69645 1.73749 1.72519 1.66288 1.62562 1.57689 1.53135 1.49934 1.47291 1.41883 1.37218 1.33073 1.29524 1.28138 1.313 1.3158 1.31075 1.34352 1.33627 1.32336 1.29455 1.25473 1.23479 1.19574 1.15199 1.10946 1.08954 1.0689 1.04382 1.01698 0.965201 0.932481 0.920417 0.903797 0.899685 0.89714 0.895394 0.893486 0.890369 0.885055 0.877463 0.86748 0.852894 0.836214 0.814822 0.779386 0.755827 0.731109 0.706259 0.677607
-9999 -9999 -9999 -9999 -9999 -9999 -9999 1.75546 1.77714 1.82483 1.82416 1.85468 1.86331 1.87528 1.87434 1.86552 1.84551 1.81792 1.78419 1.73318 1.68753 1.69777 1.69699 1.70039 1.65182 1.61502 1.58213 1.54847 1.51239 1.48271 1.4402 1.40794 1.34454 1.32201 1.29501 1.3292 1.33019 1.32027 1.33334 1.32404 1.2841 1.24743 1.22667 1.21081 1.17318 1.11874 1.08109 1.0614 1.05751 1.00634 0.983469 0.942927 0.930346 0.907296 0.900697 0.895931 0.892641 0.889814 0.886928 0.882969 0.876824 0.868701 0.858207 0.844854 0.826998 0.80835 0.77232 0.749682 0.726983 0.704057 0.680646
-9999 -9999 -9999 -9999 -9999 -9999 -9999 1.76804 1.75722 1.79896 1.80766 1.83846 1.85111 1.86044 1.8597 1.84787 1.83508 1.81452 1.78325 1.75489 1.71258 1.65783 1.69054 1.65442 1.611 1.5825 1.56672 1.536 1.50059 1.44908 1.43748 1.38922 1.35707 1.34188 1.32403 1.34008 1.3354 1.32937 1.32121 1.28786 1.24243 1.20086 1.2025 1.17828 1.15374 1.07511 1.05359 1.043 1.02132 0.987878 0.95629 0.932344 0.906974 0.900078 0.894633 0.890462 0.886042 0.882654 0.878521 0.8735 0.866943 0.858319 0.847665 0.834744 0.819742 0.799058 0.76395 0.742708 0.703462 0.681441 0.663581
-9999 -9999 -9999 -9999 -9999 -9999 -9999 -9999 1.7404 1.75273 1.80095 1.82701 1.84294 1.84961 1.84666 1.8377 1.82611 1.80955 1.78345 1.75042 1.70339 1.661 1.65185 1.61145 1.55381 1.53531 1.53891 1.52228 1.48057 1.39531 1.36341 1.37459 1.36258 1.35133 1.34163 1.33796 1.32896 1.31595 1.29113 1.23001 1.2 1.16424 1.14825 1.11741 1.10355 1.0431 1.03943 1.02308 1.00158 0.956623 0.90003 0.889508 0.887263 0.87608 0.87482 0.882603 0.877788 0.873307 0.868233 0.86259 0.855567 0.846786 0.826076 0.812505 0.797166 0.774497 0.739357 0.717271 0.695762 0.67337 0.657396
-9999 -9999 -9999 -9999 -9999 -9999 -9999 -9999 1.68241 1.73408 1.79006 1.80496 1.82046 1.8334 1.82914 1.81594 1.80155 1.78487 1.76474 1.72776 1.68883 1.64838 1.61965 1.60036 1.5062 1.4973 1.51332 1.49602 1.4686 1.34167 1.31026 1.3301 1.34701 1.33932 1.32824 1.28646 1.28617 1.25954 1.22508 1.20697 1.18276 1.14422 1.13782 1.10149 1.08778 1.01927 1.0079 0.990186 0.982595 0.942276 0.880646 0.868892 0.869414 0.860039 0.865212 0.863356 0.858865 0.853662 0.848003 0.841315 0.833526 0.823912 0.812617 0.79967 0.784888 0.767988 0.73977 0.680219 0.662004 0.650907 0.640172
-9999 -9999 -9999 -9999 -9999 -9999 -9999 -9999 1.68354 1.71575 1.76311 1.79706 1.79343 1.8072 1.81109 1.79571 1.77802 1.75842 1.7422 1.70328 1.65972 1.61927 1.5729 1.5552 1.55068 1.48332 1.48639 1.4677 1.43977 1.32886 1.32209 1.33084 1.3307 1.32353 1.31105 1.29474 1.28166 1.25882 1.24267 1.21216 1.1694 1.14275 1.13337 1.08384 1.06651 1.05764 0.976125 0.974312 0.96273 0.918664 0.851916 0.859983 0.859425 0.859298 0.85558 0.850231 0.846538 0.840302 0.833962 0.826845 0.81858 0.809174 0.798043 0.785734 0.770021 0.752071 0.714182 0.663132 0.648671 0.643308 0.637251
-9999 -9999 -9999 -9999 -9999 -9999 -9999 -9999 1.6847 1.71129 1.74966 1.77017 1.76738 1.78156 1.79313 1.78243 1.76324 1.74947 1.72701 1.69188 1.65276 1.60973 1.57811 1.52916 1.53529 1.45769 1.45834 1.44724 1.33533 1.30735 1.30646 1.30742 1.30059 1.30501 1.29426 1.27905 1.2466 1.22542 1.21923 1.20255 1.18104 1.1462 1.12938 1.0992 1.07563 1.05161 0.965478 0.955751 0.937158 0.895617 0.856583 0.854705 0.850659 0.847451 0.840493 0.835683 0.832366 0.825759 0.818804 0.811225 0.803016 0.793563 0.782332 0.770306 0.753029 0.730913 0.700103 0.631005 0.636327 0.642844 0.618733
-9999 -9999 -9999 -9999 -9999 -9999 -9999 -9999 1.6726 1.69981 1.72954 1.7363 1.72948 1.75977 1.77464 1.76489 1.7498 1.73295 1.69543 1.68276 1.6622 1.6223 1.57062 1.51448 1.49734 1.46444 1.42725 1.41662 1.29081 1.26173 1.25255 1.26136 1.26916 1.27921 1.27343 1.25593 1.21004 1.16179 1.16791 1.17446 1.16139 1.14192 1.10803 1.08596 1.06359 1.03225 0.963261 0.923737 0.911884 0.84538 0.839392 0.839219 0.838243 0.824017 0.81719 0.818986 0.817067 0.809863 0.802535 0.795026 0.786719 0.777577 0.765897 0.753366 0.73858 0.702713 0.675573 0.624764 0.625924 0.627337 0.567027
-9999 -9999 -9999 -9999 -9999 -9999 -9999 -9999 1.65468 1.6694 1.69554 1.69921 1.71284 1.7394 1.74705 1.74496 1.73342 1.71781 1.69374 1.673 1.64456 1.60428 1.55407 1.49913 1.45587 1.44741 1.38602 1.32899 1.25045 1.218 1.2183 1.22824 1.25186 1.26033 1.25094 1.23731 1.21875 1.18017 1.13565 1.12382 1.12779 1.10051 1.07011 1.06387 1.04634 1.01628 0.989486 0.912688 0.872266 0.820863 0.813217 0.815177 0.825225 0.817811 0.807656 0.808036 0.800363 0.792821 0.785557 0.777874 0.769873 0.761301 0.750749 0.737471 0.711443 0.687006 0.656633 0.643199 0.625839 0.606815 0.566045
-9999 -9999 -9999 -9999 -9999 -9999 -9999 -9999 1.62803 1.64582 1.66765 1.68801 1.70729 1.72267 1.71279 1.71554 1.70347 1.69869 1.68338 1.65911 1.63303 1.59646 1.53751 1.48411 1.42659 1.41665 1.40612 1.261 1.223 1.17024 1.18785 1.21027 1.23025 1.23523 1.20722 1.21021 1.19719 1.17544 1.14428 1.10198 1.09042 1.05476 1.04032 1.03789 1.02678 1.00922 0.985715 0.93092 0.861491 0.804295 0.79301 0.793758 0.79875 0.804316 0.797133 0.791131 0.782801 0.774889 0.767504 0.760038 0.752177 0.743653 0.733829 0.711916 0.687027 0.667936 0.644724 0.633252 0.633839 0.602616 0.559252
