Test_Spring_2018b/12_17/Prec/20171201_017.txt
ncols	170
nrows	115
xllcorner	350000.000000
yllcorner	4445000.000000
cellsize	1000.000000
nodata_value	-9999.000000
[rows 32 to 63 of 115, columns 72 to 143 of 170]
4.79551 4.81093 4.82141 4.83201 4.87453 4.8744 4.92094 4.92626 4.93221 4.93935 4.94333 4.94661 4.94871 4.95411 4.96752 4.97926 4.97242 4.97134 4.97429 4.96434 4.96569 4.9729 4.9837 4.96998 4.96596 4.89449 4.83464 -9999 -9999 -9999 -9999 -9999 -9999 -9999 -9999 -9999 -9999 -9999 -9999 -9999 -9999 -9999 -9999 -9999 -9999 -9999 -9999 -9999 -9999 -9999 -9999 -9999 -9999 -9999 -9999 -9999 -9999 -9999 -9999 -9999 -9999 -9999 -9999 -9999 -9999 -9999 -9999 -9999 -9999 -9999 -9999 -9999
4.83164 4.84496 4.85314 4.866 4.8715 4.90297 4.95231 4.95737 4.96293 4.96875 4.97359 4.97772 4.98332 4.98976 5.00132 5.01433 5.01612 5.0074 5.00408 4.9991 4.99801 4.99694 4.99763 4.98393 4.97324 4.91908 4.83771 4.84205 -9999 -9999 -9999 -9999 -9999 -9999 -9999 -9999 -9999 -9999 -9999 -9999 -9999 -9999 -9999 -9999 -9999 -9999 -9999 -9999 -9999 -9999 -9999 -9999 -9999 -9999 -9999 -9999 -9999 -9999 -9999 -9999 -9999 -9999 -9999 -9999 -9999 -9999 -9999 -9999 -9999 -9999 -9999 -9999
4.86923 4.88505 4.89423 4.90446 4.89237 4.98357 4.9894 4.9902 4.99621 5.00163 5.00836 5.01379 5.01945 5.02617 5.03392 5.04194 5.05525 5.04237 5.03026 5.02452 5.01778 5.01284 5.01074 4.99464 4.98361 4.87458 4.85785 4.8472 4.83349 -9999 -9999 -9999 -9999 -9999 -9999 -9999 -9999 -9999 -9999 -9999 -9999 -9999 -9999 -9999 -9999 -9999 -9999 -9999 -9999 -9999 -9999 -9999 -9999 -9999 -9999 -9999 -9999 -9999 -9999 -9999 -9999 -9999 -9999 -9999 -9999 -9999 -9999 -9999 -9999 -9999 -9999 -9999
4.90784 4.92358 4.93195 4.94015 4.93267 4.97413 5.02033 5.02564 5.03077 5.03731 5.04533 5.05698 5.06156 5.06404 5.06945 5.07842 5.08557 5.08347 5.06565 5.05427 5.04529 5.0318 5.02579 5.01 4.99764 4.92496 4.88482 4.84983 4.83531 4.82539 -9999 -9999 -9999 -9999 -9999 -9999 -9999 -9999 -9999 -9999 -9999 -9999 -9999 -9999 -9999 -9999 -9999 -9999 -9999 -9999 -9999 -9999 -9999 -9999 -9999 -9999 -9999 -9999 -9999 -9999 -9999 -9999 -9999 -9999 -9999 -9999 -9999 -9999 -9999 -9999 -9999 -9999
-9999 -9999 4.9713 4.96266 5.01652 5.00777 5.05412 5.0599 5.06586 5.07385 5.08572 5.09419 5.09917 5.10532 5.11181 5.11396 5.11658 5.11708 5.10615 5.08596 5.07788 5.05708 5.04246 5.02509 5.01299 4.96078 4.90132 4.86194 4.8448 4.83159 -9999 -9999 -9999 -9999 -9999 -9999 -9999 -9999 -9999 -9999 -9999 -9999 -9999 -9999 -9999 -9999 -9999 -9999 -9999 -9999 -9999 -9999 -9999 -9999 -9999 -9999 -9999 -9999 -9999 -9999 -9999 -9999 -9999 -9999 -9999 -9999 -9999 -9999 -9999 -9999 -9999 -9999
-9999 -9999 -9999 4.99458 5.04853 5.05275 5.08752 5.09538 5.10167 5.11128 5.1221 5.13135 5.13953 5.14613 5.15176 5.15492 5.15639 5.14939 5.13274 5.11957 5.10548 5.08722 5.06536 5.04652 4.97213 4.98033 4.96198 4.87921 4.86191 4.84014 4.82467 -9999 -9999 -9999 -9999 -9999 -9999 -9999 -9999 -9999 -9999 -9999 -9999 4.57256 -9999 -9999 -9999 -9999 -9999 -9999 -9999 -9999 -9999 -9999 -9999 -9999 -9999 -9999 -9999 -9999 -9999 -9999 -9999 -9999 3.82654 -9999 -9999 -9999 -9999 -9999 -9999 -9999
-9999 -9999 5.0326 5.06733 5.07393 5.08149 5.07811 5.12934 5.13706 5.14876 5.16124 5.17264 5.18385 5.19003 5.1946 5.19818 5.19398 5.18294 5.16938 5.15246 5.13318 5.11285 5.09162 5.06966 5.00954 4.98602 4.96138 4.90017 4.85801 4.84056 4.82839 4.81648 -9999 -9999 -9999 -9999 -9999 -9999 -9999 4.67777 4.65774 4.63458 4.60684 4.57293 4.54487 -9999 -9999 -9999 -9999 -9999 -9999 -9999 -9999 -9999 -9999 -9999 -9999 -9999 -9999 -9999 -9999 -9999 -9999 -9999 3.81887 3.79587 -9999 -9999 -9999 -9999 -9999 -9999
-9999 -9999 5.08986 5.09319 5.10129 5.11001 5.12266 5.16052 5.17304 5.18598 5.19995 5.21391 5.22641 5.23339 5.23981 5.24036 5.23577 5.22254 5.20713 5.18943 5.16869 5.14515 5.1219 5.09435 5.02623 4.99638 4.96985 4.94508 4.8606 4.84715 4.83642 4.82624 -9999 -9999 -9999 -9999 -9999 -9999 4.70233 4.68022 4.65708 4.63906 4.60726 4.57256 4.53985 4.41756 -9999 -9999 -9999 -9999 -9999 -9999 -9999 -9999 -9999 -9999 -9999 -9999 -9999 -9999 3.87826 3.86613 3.85862 3.8411 3.81743 3.79245 -9999 -9999 -9999 -9999 -9999 -9999
-9999 -9999 5.11613 5.11857 5.12591 5.13679 5.15306 5.21151 5.20639 5.22269 5.23935 5.25476 5.26769 5.27941 5.28496 5.28842 5.27787 5.2661 5.24999 5.23232 5.20835 5.18659 5.15856 5.09135 5.04682 5.0132 4.9857 4.96252 4.92466 4.85745 4.83818 4.82629 -9999 -9999 -9999 -9999 -9999 -9999 4.70989 4.688 4.66354 4.63868 4.61599 4.57592 4.45827 4.41829 4.37323 4.3229 4.27471 4.16666 4.08193 4.04718 4.01959 3.99193 -9999 -9999 -9999 -9999 3.90636 3.89185 3.87588 3.86062 3.85488 3.84049 3.8211 3.73613 -9999 -9999 -9999 -9999 -9999 -9999
-9999 -9999 5.1357 5.14009 5.14999 5.16506 5.181 5.24135 5.23934 5.27495 5.29315 5.30974 5.32368 5.33467 5.34214 5.34135 5.3352 5.32421 5.31413 5.3003 5.26894 5.22335 5.22498 5.11732 5.06852 5.03061 5.00051 4.97467 4.9246 4.85754 4.8387 4.80427 -9999 -9999 -9999 4.75093 4.73468 4.72317 4.70775 4.68467 4.65914 4.64711 4.615 4.56943 4.46651 4.42257 4.37699 4.3243 4.26535 4.2144 4.07185 4.03528 4.00658 3.96228 3.94058 3.9235 3.90998 3.89878 3.88752 3.87509 3.86108 3.84657 3.85328 3.83598 3.81105 3.68802 -9999 -9999 -9999 -9999 -9999 -9999
-9999 -9999 5.20257 5.20809 5.2176 5.20867 5.22801 5.2481 5.30653 5.30683 5.32738 5.34905 5.36335 5.37565 5.38261 5.38365 5.37823 5.37143 5.36066 5.34409 5.31763 5.30559 5.27445 5.17415 5.12272 5.04854 4.97419 4.94485 4.9098 4.86322 4.82075 4.81244 -9999 -9999 4.77882 4.75869 4.74206 4.72812 4.71447 4.69814 4.67121 4.64474 4.60704 4.56227 4.46923 4.41781 4.37651 4.31871 4.22705 4.17618 4.07204 4.00302 3.97349 3.95007 3.93016 3.91554 3.90423 3.89482 3.88669 3.87604 3.86329 3.84873 3.83817 3.81747 3.75142 3.6864 -9999 -9999 -9999 -9999 -9999 -9999
-9999 -9999 5.23715 5.24365 5.25313 5.26858 5.28488 5.27282 5.33403 5.35365 5.35914 5.38277 5.40276 5.41454 5.42271 5.42395 5.41774 5.40958 5.39509 5.37776 5.35071 5.33878 5.2999 5.16775 5.11374 5.06453 5.0179 4.97207 4.9037 4.85966 4.83906 4.80868 4.80187 -9999 4.78355 4.77282 4.75666 4.74009 4.7234 4.71001 4.68215 4.65398 4.61007 4.57194 4.47491 4.38539 4.32952 4.27432 4.21523 4.15956 4.05767 4.01795 3.96271 3.93922 3.92141 3.90867 3.89956 3.89247 3.88582 3.8778 3.86699 3.85237 3.83659 3.78204 3.75751 3.69304 -9999 -9999 -9999 -9999 -9999 -9999
-9999 5.27191 5.25221 5.25721 5.26893 5.2846 5.30348 5.32524 5.38035 5.37686 5.40082 5.41173 5.43722 5.45276 5.4613 5.46038 5.45387 5.43927 5.42002 5.40293 5.38993 5.32142 5.28128 5.18495 5.12721 5.06557 5.01405 4.97058 4.93213 4.88707 4.83416 4.82047 4.80473 4.79626 4.78604 4.77887 4.76845 4.75176 4.73441 4.71609 4.69373 4.65881 4.6213 4.54386 4.4447 4.38675 4.32876 4.26906 4.2107 4.15259 4.05392 4.00505 3.97087 3.92998 3.91352 3.90264 3.89577 3.8911 3.88679 3.88093 3.87153 3.85728 3.81225 3.78831 3.75094 3.6804 -9999 -9999 -9999 -9999 -9999 -9999
-9999 -9999 5.26659 5.27515 5.28909 5.30609 5.32516 5.34657 5.39874 5.41953 5.43861 5.44655 5.46353 5.48544 5.49198 5.49274 5.48454 5.46888 5.44514 5.41594 5.37948 5.33598 5.29206 5.18688 5.12405 5.0655 5.0118 4.97056 4.93422 4.89214 4.87047 4.84553 4.8172 4.79703 4.79099 4.78005 4.77166 4.76503 4.75471 4.7291 4.70268 4.64445 4.59858 4.55305 4.45048 4.39038 4.32528 4.26183 4.20006 4.15007 4.04528 4.00423 3.96562 3.93362 3.90683 3.8978 3.89305 3.89077 3.88866 3.88462 3.87659 3.84625 3.80921 3.77981 3.76044 3.68705 -9999 -9999 -9999 -9999 -9999 -9999
-9999 -9999 -9999 -9999 5.30371 5.32066 5.34141 5.36402 5.41314 5.43314 5.45348 5.47349 5.49279 5.50416 5.51658 5.5186 5.51663 5.4885 5.46213 5.42589 5.38232 5.34183 5.25136 5.18329 5.12171 5.06781 5.01543 4.96726 4.93052 4.88434 4.86328 4.84682 4.8288 4.80686 4.78297 4.77369 4.76973 4.77023 4.76018 4.72635 4.69185 4.6519 4.60771 4.55994 4.45571 4.3941 4.32227 4.25526 4.19301 4.13421 4.03724 3.99313 3.95868 3.92914 3.91068 3.89447 3.89164 3.89121 3.89087 3.8883 3.86537 3.84569 3.81842 3.78374 3.76327 3.69527 -9999 -9999 -9999 -9999 -9999 -9999
-9999 -9999 -9999 -9999 5.31878 5.3367 5.35592 5.37332 5.42384 5.4436 5.46473 5.48389 5.50254 5.52018 5.53172 5.53867 5.53664 5.51656 5.48154 5.44011 5.39447 5.35151 5.25085 5.1875 5.12586 5.07238 5.01956 4.96782 4.92923 4.88341 4.85754 4.84295 4.81983 4.80336 4.79123 4.77647 4.77041 4.76344 4.75556 4.73261 4.69644 4.65844 4.61609 4.56208 4.45879 4.3968 4.32093 4.25065 4.18619 4.12385 4.02846 3.98574 3.95058 3.92401 3.90618 3.8966 3.89158 3.89241 3.89314 3.88452 3.87231 3.85243 3.82461 3.78896 3.75971 3.69916 -9999 -9999 -9999 -9999 -9999 -9999
-9999 -9999 -9999 -9999 -9999 5.35114 5.36638 5.38078 5.43183 5.4523 5.47039 5.48913 5.50766 5.52243 5.53578 5.545 5.55118 5.53078 5.49649 5.44965 5.3993 5.34825 5.25486 5.19444 5.14115 5.08805 5.02879 4.97445 4.9323 4.88396 4.85879 4.82728 4.80328 4.78599 4.77772 4.77789 4.77232 4.76393 4.75569 4.73155 4.69702 4.66068 4.61479 4.56132 4.4579 4.38891 4.31867 4.24597 4.18225 4.11853 4.02292 3.9816 3.94782 3.92252 3.90537 3.89637 3.89326 3.89384 3.89337 3.88767 3.87535 3.85527 3.82705 3.79089 3.74848 3.67624 3.62527 -9999 -9999 -9999 -9999 -9999
-9999 -9999 -9999 -9999 -9999 5.36538 5.38288 5.39426 5.44333 5.45696 5.4727 5.48989 5.50832 5.51719 5.5363 5.54112 5.54833 5.53293 5.50151 5.46713 5.40927 5.34644 5.25314 5.21308 5.15735 5.10066 5.03913 4.98356 4.93582 4.89291 4.86218 4.82464 4.79925 4.78263 4.77323 4.76902 4.77062 4.76061 4.74437 4.72136 4.69223 4.65295 4.60988 4.55798 4.4493 4.3834 4.31463 4.24263 4.18105 4.11646 4.02173 3.98224 3.95016 3.9242 3.90805 3.89912 3.89339 3.8948 3.89481 3.88696 3.87407 3.85363 3.82527 3.78896 3.74555 3.66164 3.61013 3.55166 3.48703 -9999 -9999 -9999
-9999 -9999 -9999 -9999 -9999 -9999 5.39954 5.40473 5.44938 5.46211 5.47301 5.48759 5.49831 5.51281 5.52751 5.53575 5.54137 5.54096 5.50975 5.45569 5.39638 5.33879 5.24478 5.20297 5.14859 5.08795 5.02506 4.97497 4.92917 4.88371 4.85288 4.83099 4.81014 4.79023 4.76978 4.76405 4.75969 4.75658 4.74588 4.71059 4.68046 4.64109 4.59477 4.54157 4.43993 4.37026 4.30548 4.23813 4.17568 4.11736 4.02329 3.98654 3.95373 3.92914 3.9132 3.89437 3.89389 3.89411 3.89291 3.88823 3.86848 3.84764 3.81917 3.78335 3.74062 3.65566 3.59966 3.54473 3.49026 3.43766 -9999 -9999
-9999 -9999 -9999 -9999 -9999 -9999 5.41284 5.41594 5.45971 5.4641 5.49164 5.47554 5.4877 5.49958 5.51085 5.51993 5.52144 5.5225 5.51675 5.4532 5.38335 5.32748 5.27626 5.19112 5.12718 5.07291 5.0158 4.97099 4.92695 4.87487 4.84693 4.82673 4.81334 4.78665 4.76883 4.75995 4.7521 4.74461 4.73352 4.71682 4.67397 4.62523 4.58598 4.52933 4.42469 4.36134 4.29773 4.23506 4.17533 4.11974 4.02571 3.98844 3.96011 3.92069 3.90005 3.89522 3.89311 3.89166 3.88877 3.88249 3.87129 3.84798 3.80935 3.77435 3.73307 3.64886 3.59469 3.53863 3.48263 3.43542 3.38617 3.29282
-9999 -9999 -9999 -9999 -9999 -9999 5.44021 5.43386 5.49494 5.49323 5.45977 5.46811 5.47654 5.48689 5.49302 5.49828 5.49772 5.49407 5.48822 5.47051 5.39925 5.33535 5.26443 5.16461 5.10971 5.05956 5.01115 4.96263 4.9177 4.8689 4.84384 4.82658 4.78151 4.77515 4.75877 4.75331 4.7496 4.73083 4.71931 4.70264 4.68305 4.62739 4.58397 4.52178 4.41582 4.35942 4.29571 4.23369 4.17608 4.12347 4.02965 3.96999 3.94487 3.91163 3.90119 3.89487 3.89087 3.8873 3.88233 3.87433 3.86179 3.84366 3.81016 3.77798 3.72336 3.64021 3.58927 3.53666 3.48338 3.43189 3.38279 3.29281
-9999 -9999 -9999 -9999 -9999 -9999 5.47674 5.51423 5.50442 5.45807 5.45675 5.46213 5.46538 5.47048 5.47458 5.47745 5.47682 5.47141 5.46423 5.44809 5.40741 5.32546 5.27151 5.1661 5.10194 5.05144 5.00349 4.96331 4.9204 4.86678 4.83948 4.78223 4.77074 4.76617 4.74609 4.73797 4.73255 4.71702 4.70376 4.69396 4.67615 4.64608 4.56561 4.52339 4.41919 4.35245 4.29362 4.23127 4.15473 4.10539 4.00615 3.97452 3.92918 3.91264 3.90104 3.89293 3.88684 3.881 3.87383 3.86402 3.85018 3.83152 3.8077 3.76483 3.72841 3.64453 3.58313 3.5344 3.4852 3.43679 3.36539 3.26984
-9999 -9999 -9999 -9999 -9999 -9999 5.51109 5.52844 5.51837 5.45897 5.45415 5.45476 5.45541 5.45725 5.45956 5.45806 5.45391 5.4473 5.43348 5.41764 5.39949 5.34817 5.26635 5.16125 5.12311 5.0673 5.01782 4.97303 4.91099 4.87192 4.79127 4.77514 4.75965 4.74973 4.7323 4.72265 4.71274 4.70095 4.69293 4.68339 4.66663 4.63008 4.59558 4.50397 4.40917 4.32701 4.26566 4.20961 4.15752 4.11512 4.00957 3.95252 3.9297 3.91219 3.89897 3.88918 3.88085 3.87287 3.86368 3.85208 3.83714 3.81807 3.79456 3.76648 3.71619 3.63345 3.58923 3.52092 3.47254 3.41809 3.37483 3.2801
-9999 -9999 -9999 -9999 -9999 -9999 -9999 5.57682 5.49991 5.48489 5.4768 5.47156 5.46842 5.46681 5.4648 5.46044 5.45361 5.44499 5.4332 5.42014 5.39992 5.36381 5.27831 5.17417 5.12394 5.06661 5.01696 4.97789 4.93088 4.82526 4.78769 4.7635 4.74443 4.72908 4.71978 4.70828 4.69745 4.68815 4.68677 4.66229 4.64178 4.60947 4.57641 4.47156 4.36842 4.31024 4.25618 4.20538 4.16493 4.05229 3.97787 3.94745 3.9257 3.90597 3.89484 3.88326 3.87303 3.86305 3.85198 3.83891 3.82304 3.79509 3.77067 3.7422 3.68825 3.60344 3.56152 3.51824 3.47521 3.43126 3.38996 3.2683
-9999 -9999 -9999 -9999 -9999 -9999 -9999 5.52728 5.50852 5.48834 5.4809 5.4729 5.46489 5.46091 5.45769 5.45206 5.44363 5.43212 5.42125 5.40605 5.38635 5.3582 5.32275 5.17092 5.12178 5.06453 5.01876 4.97841 4.86368 4.83387 4.79336 4.75893 4.73676 4.71923 4.71366 4.69597 4.68597 4.6765 4.65881 4.63908 4.6194 4.58504 4.55563 4.51516 4.34797 4.29732 4.24882 4.19856 4.16115 4.0498 3.9746 3.94442 3.92223 3.89978 3.88296 3.86933 3.85709 3.84492 3.83186 3.81692 3.79956 3.77924 3.7557 3.72901 3.69946 3.64205 3.56248 3.5231 3.48152 3.44079 3.33241 3.27492
-9999 -9999 -9999 -9999 -9999 -9999 -9999 5.53433 5.51914 5.49906 5.48297 5.47824 5.46726 5.45812 5.45319 5.44652 5.43738 5.42356 5.41282 5.39922 5.38028 5.359 5.3249 5.28344 5.11233 5.06236 5.01997 4.98231 4.85655 4.81936 4.78184 4.75148 4.72719 4.70762 4.69128 4.67478 4.66098 4.6436 4.62828 4.61366 4.59041 4.55803 4.53466 4.49796 4.45597 4.28308 4.23421 4.1896 4.15734 4.00041 3.96454 3.93564 3.91067 3.89039 3.87349 3.85805 3.84442 3.83082 3.81655 3.8009 3.78326 3.76339 3.74092 3.71654 3.69007 3.66738 3.55687 3.52091 3.48216 3.44447 3.30842 3.28052
-9999 -9999 -9999 -9999 -9999 -9999 -9999 5.54354 5.5277 5.508 5.49365 5.48615 5.47258 5.45864 5.45003 5.44189 5.42934 5.41633 5.40373 5.38858 5.37079 5.34567 5.32257 5.2793 5.10711 5.06023 5.01753 4.88429 4.85 4.81087 4.77499 4.74531 4.71544 4.69301 4.67383 4.66095 4.64442 4.62216 4.60136 4.57965 4.55931 4.53036 4.50272 4.47039 4.43605 4.26105 4.21869 4.18005 4.09829 3.98159 3.95037 3.92334 3.8994 3.87962 3.86158 3.84479 3.82996 3.81536 3.80034 3.78424 3.76674 3.74767 3.72654 3.70473 3.68222 3.66049 3.55574 3.51777 3.4795 3.41194 3.31059 3.28542
-9999 -9999 -9999 -9999 -9999 -9999 -9999 5.55912 5.54079 5.52153 5.50925 5.50079 5.47996 5.46287 5.45198 5.44078 5.42767 5.41819 5.39769 5.37624 5.35733 5.33871 5.31835 5.28307 5.17053 5.05893 5.01723 4.88317 4.84914 4.81198 4.7725 4.73663 4.70305 4.67691 4.65624 4.64548 4.63566 4.60819 4.57933 4.55484 4.53019 4.50773 4.47922 4.44864 4.41907 4.32565 4.2058 4.16815 3.99889 3.96735 3.93675 3.9093 3.88882 3.86855 3.84767 3.8295 3.81393 3.79868 3.78316 3.76705 3.74992 3.732 3.71259 3.69207 3.67642 3.65649 3.58543 3.51342 3.48051 3.33923 3.31155 3.28859
-9999 -9999 -9999 -9999 -9999 -9999 -9999 5.57868 5.56208 5.54187 5.52856 5.51175 5.49021 5.47358 5.45857 5.44466 5.42974 5.41479 5.3958 5.37601 5.35663 5.33713 5.31611 5.28886 5.24872 5.0609 4.93556 4.87987 4.84607 4.80474 4.76339 4.72076 4.6857 4.65867 4.63484 4.61379 4.59955 4.58705 4.56356 4.53386 4.51235 4.48994 4.45801 4.42777 4.39984 4.36965 4.18499 4.10329 3.98378 3.95404 3.92354 3.89292 3.87018 3.85053 3.82948 3.81245 3.79639 3.78073 3.76521 3.74932 3.73278 3.71573 3.69822 3.68329 3.66647 3.65025 3.62768 3.50528 3.43861 3.33537 3.31213 3.29148
-9999 -9999 -9999 -9999 -9999 -9999 -9999 5.60291 5.5833 5.56258 5.54231 5.52211 5.50255 5.48996 5.47202 5.45692 5.4373 5.41836 5.3993 5.37764 5.35602 5.33821 5.31566 5.29183 5.25104 5.12835 4.90762 4.87195 4.84292 4.79435 4.74712 4.7036 4.66761 4.64451 4.61377 4.58961 4.56913 4.55193 4.53798 4.5136 4.49556 4.46934 4.43765 4.40696 4.37672 4.34708 4.2528 4.0823 3.96529 3.93742 3.90763 3.87859 3.8515 3.83047 3.81092 3.79364 3.7774 3.76174 3.74643 3.73117 3.71565 3.69979 3.68675 3.67351 3.6573 3.64129 3.62068 3.53775 3.43284 3.3332 3.31219 3.29324
-9999 -9999 -9999 -9999 -9999 -9999 -9999 -9999 5.60248 5.58035 5.56119 5.54801 5.52871 5.51187 5.49449 5.47775 5.45026 5.42893 5.40733 5.38389 5.35967 5.33692 5.30838 5.28202 5.25052 5.05174 4.9104 4.86367 4.82259 4.7779 4.72897 4.68224 4.64903 4.62738 4.59901 4.57191 4.54406 4.52241 4.51219 4.49521 4.47633 4.44687 4.41582 4.3864 4.35633 4.32599 4.18229 3.97523 3.94172 3.91066 3.88409 3.85652 3.83161 3.81035 3.7909 3.77339 3.75708 3.74174 3.7271 3.71263 3.69859 3.68495 3.67394 3.66881 3.65075 3.63356 3.6179 3.54607 3.35465 3.33191 3.31191 3.29453
-9999 -9999 -9999 -9999 -9999 -9999 -9999 -9999 5.62601 5.60128 5.58746 5.57649 5.56916 5.55409 5.52272 5.5027 5.47471 5.44434 5.41985 5.39458 5.36793 5.33881 5.30988 5.28209 5.24953 5.09899 4.97736 4.84361 4.79639 4.75032 4.70331 4.6651 4.63917 4.61566 4.58318 4.55458 4.52065 4.49569 4.47489 4.46004 4.4457 4.42595 4.39451 4.36624 4.3367 4.30588 4.21895 4.05463 3.92052 3.88975 3.86126 3.8354 3.81031 3.78872 3.76932 3.7516 3.73557 3.72081 3.70714 3.69401 3.68238 3.67091 3.66456 3.65616 3.64441 3.63284 3.60364 3.53774 3.39747 3.33073 3.31207 3.29604
