Test_Spring_2018b/12_17/Prec/20171217_007.txt
ncols	170
nrows	115
xllcorner	350000.000000
yllcorner	4445000.000000
cellsize	1000.000000
nodata_value	-9999.000000
[rows 31 to 61 of 115, columns 70 to 139 of 170]
0.14704 0.144073 0.144682 0.151182 0.153749 0.15806 0.165245 0.168997 0.19318 0.197573 0.205199 0.20982 0.216209 0.225021 0.23033 0.243657 0.280502 0.273948 0.273486 0.286944 0.285452 0.280949 0.293639 0.322116 0.337878 0.360105 0.369689 0.389001 0.40878 -9999 -9999 -9999 -9999 -9999 -9999 -9999 -9999 -9999 -9999 -9999 -9999 -9999 -9999 -9999 -9999 -9999 -9999 -9999 -9999 -9999 -9999 -9999 -9999 -9999 -9999 -9999 -9999 -9999 -9999 -9999 -9999 -9999 -9999 -9999 -9999 -9999 -9999 -9999 -9999 -9999
0.14644 0.146384 0.149169 0.155479 0.152787 0.15066 0.17328 0.191976 0.194341 0.19784 0.204077 0.214047 0.219628 0.225208 0.229747 0.241372 0.268683 0.293758 0.285479 0.288931 0.301114 0.291067 0.303642 0.328988 0.362979 0.353709 0.364082 0.407005 0.425395 -9999 -9999 -9999 -9999 -9999 -9999 -9999 -9999 -9999 -9999 -9999 -9999 -9999 -9999 -9999 -9999 -9999 -9999 -9999 -9999 -9999 -9999 -9999 -9999 -9999 -9999 -9999 -9999 -9999 -9999 -9999 -9999 -9999 -9999 -9999 -9999 -9999 -9999 -9999 -9999 -9999
0.153562 0.149834 0.154258 0.158489 0.153054 0.15616 0.170248 0.190291 0.195753 0.198193 0.202682 0.208878 0.214578 0.220368 0.230289 0.243256 0.267177 0.295381 0.304563 0.296204 0.299778 0.30236 0.314298 0.328437 0.347925 0.342766 0.344771 0.372651 0.411943 0.438903 -9999 -9999 -9999 -9999 -9999 -9999 -9999 -9999 -9999 -9999 -9999 -9999 -9999 -9999 -9999 -9999 -9999 -9999 -9999 -9999 -9999 -9999 -9999 -9999 -9999 -9999 -9999 -9999 -9999 -9999 -9999 -9999 -9999 -9999 -9999 -9999 -9999 -9999 -9999 -9999
0.162938 0.154823 0.160215 0.170906 0.168744 0.167931 0.187536 0.203093 0.205628 0.199266 0.203169 0.206898 0.214283 0.22076 0.229425 0.242066 0.258834 0.278525 0.310533 0.296909 0.287427 0.292397 0.298178 0.30978 0.328832 0.323996 0.32998 0.368571 0.412707 0.43043 0.441307 -9999 -9999 -9999 -9999 -9999 -9999 -9999 -9999 -9999 -9999 -9999 -9999 -9999 -9999 -9999 -9999 -9999 -9999 -9999 -9999 -9999 -9999 -9999 -9999 -9999 -9999 -9999 -9999 -9999 -9999 -9999 -9999 -9999 -9999 -9999 -9999 -9999 -9999 -9999
-9999 0.1616 0.166901 0.179387 0.177223 0.173501 0.181725 0.195856 0.202896 0.203465 0.20386 0.207495 0.214977 0.230796 0.235695 0.239362 0.25144 0.273426 0.295629 0.304379 0.287761 0.286491 0.292872 0.293809 0.311037 0.312186 0.321113 0.342036 0.382915 0.416202 0.429665 0.449576 -9999 -9999 -9999 -9999 -9999 -9999 -9999 -9999 -9999 -9999 -9999 -9999 -9999 -9999 -9999 -9999 -9999 -9999 -9999 -9999 -9999 -9999 -9999 -9999 -9999 -9999 -9999 -9999 -9999 -9999 -9999 -9999 -9999 -9999 -9999 -9999 -9999 -9999
-9999 -9999 -9999 -9999 0.188596 0.196515 0.198684 0.20212 0.20502 0.204595 0.204142 0.207729 0.219481 0.226748 0.230138 0.238996 0.252384 0.262148 0.277456 0.293599 0.293317 0.280311 0.29358 0.286778 0.294175 0.298626 0.314224 0.35391 0.3893 0.418862 0.432024 0.449737 -9999 -9999 -9999 -9999 -9999 -9999 -9999 -9999 -9999 -9999 -9999 -9999 -9999 -9999 -9999 -9999 -9999 -9999 -9999 -9999 -9999 -9999 -9999 -9999 -9999 -9999 -9999 -9999 -9999 -9999 -9999 -9999 -9999 -9999 -9999 -9999 -9999 -9999
-9999 -9999 -9999 -9999 -9999 0.198437 0.20227 0.193897 0.206876 0.207919 0.205116 0.208357 0.214705 0.22013 0.226605 0.234192 0.244916 0.256642 0.271192 0.27616 0.269176 0.274003 0.281932 0.286191 0.287028 0.295797 0.324299 0.362922 0.383082 0.431059 0.448952 0.454999 0.468975 -9999 -9999 -9999 -9999 -9999 -9999 -9999 -9999 -9999 -9999 -9999 -9999 0.479925 -9999 -9999 -9999 -9999 -9999 -9999 -9999 -9999 -9999 -9999 -9999 -9999 -9999 -9999 -9999 -9999 -9999 -9999 -9999 -9999 0.600089 -9999 -9999 -9999
-9999 -9999 -9999 -9999 0.182672 0.197301 0.195491 0.191938 0.203359 0.209189 0.205473 0.208585 0.213891 0.219325 0.227924 0.232108 0.239329 0.251619 0.25694 0.257114 0.259867 0.263029 0.267621 0.275081 0.284617 0.295467 0.327314 0.346665 0.362696 0.39919 0.428257 0.44672 0.470115 0.489319 -9999 -9999 -9999 -9999 -9999 -9999 -9999 0.48696 0.48874 0.48952 0.487026 0.47835 0.485406 -9999 -9999 -9999 -9999 -9999 -9999 -9999 -9999 -9999 -9999 -9999 -9999 -9999 -9999 -9999 -9999 -9999 -9999 -9999 0.590182 0.606597 -9999 -9999
-9999 -9999 -9999 -9999 0.198213 0.194517 0.194934 0.191864 0.191891 0.206947 0.207943 0.208722 0.211984 0.217503 0.224387 0.226823 0.235465 0.241583 0.247184 0.245959 0.249459 0.256742 0.265353 0.274497 0.288551 0.297726 0.323309 0.339718 0.360546 0.381668 0.421382 0.451892 0.48131 0.505777 -9999 -9999 -9999 -9999 -9999 -9999 0.488938 0.481764 0.477603 0.488612 0.480375 0.473027 0.475288 0.498806 -9999 -9999 -9999 -9999 -9999 -9999 -9999 -9999 -9999 -9999 -9999 -9999 -9999 -9999 0.516426 0.532029 0.561338 0.578091 0.589727 0.605101 -9999 -9999
-9999 -9999 -9999 -9999 0.199117 0.194277 0.192579 0.191561 0.195219 0.199547 0.207442 0.209243 0.212086 0.215042 0.218036 0.225457 0.229983 0.240532 0.235927 0.239917 0.246351 0.259417 0.269108 0.289617 0.303713 0.3275 0.326803 0.345749 0.373782 0.40605 0.451626 0.466462 0.483498 0.506705 -9999 -9999 -9999 -9999 -9999 -9999 0.491892 0.483665 0.476596 0.47565 0.486151 0.472086 0.486683 0.495898 0.499089 0.494017 0.492343 0.506444 0.506412 0.50502 0.509439 0.506346 -9999 -9999 -9999 -9999 0.509267 0.51048 0.512189 0.520148 0.551949 0.574975 0.596337 0.606832 -9999 -9999
-9999 -9999 -9999 -9999 0.191703 0.190893 0.193048 0.197624 0.197324 0.202334 0.209008 0.212254 0.214969 0.217033 0.218878 0.222282 0.228241 0.229621 0.232692 0.238659 0.257691 0.280194 0.279332 0.295908 0.331744 0.331436 0.333179 0.354322 0.387116 0.423175 0.451795 0.465055 0.486188 0.511379 -9999 -9999 -9999 0.518249 0.507918 0.508075 0.504911 0.493287 0.484163 0.476123 0.471247 0.479522 0.488849 0.497714 0.50753 0.50594 0.492151 0.490134 0.503488 0.50183 0.505791 0.504467 0.500923 0.49942 0.499738 0.501662 0.503118 0.504365 0.506842 0.514346 0.543641 0.56185 0.575102 0.611049 -9999 -9999
-9999 -9999 -9999 -9999 0.193214 0.193306 0.194453 0.19885 0.203028 0.203142 0.209254 0.213122 0.214666 0.220674 0.218173 0.219791 0.221797 0.225019 0.22962 0.245291 0.26671 0.289376 0.304143 0.312978 0.33585 0.346412 0.348622 0.365644 0.396239 0.430318 0.445638 0.470155 0.501861 0.529445 -9999 -9999 0.545884 0.525042 0.510062 0.502201 0.499528 0.498731 0.486739 0.48497 0.472215 0.4818 0.501534 0.50054 0.507209 0.504607 0.501054 0.501168 0.502447 0.500507 0.49948 0.499823 0.49755 0.49741 0.497805 0.498637 0.501503 0.502174 0.503993 0.509602 0.531259 0.543792 0.561259 0.607411 -9999 -9999
-9999 -9999 -9999 -9999 0.193993 0.193902 0.193228 0.197621 0.198069 0.205327 0.215072 0.211354 0.214863 0.219158 0.222201 0.21864 0.219768 0.22166 0.224709 0.239462 0.25729 0.283382 0.303241 0.323086 0.339163 0.369762 0.377659 0.392533 0.408102 0.419163 0.440485 0.472344 0.494766 0.527008 0.5464 -9999 0.551101 0.543291 0.524832 0.508202 0.496887 0.499683 0.485591 0.481799 0.479461 0.483219 0.496232 0.501542 0.502888 0.505405 0.49832 0.493844 0.498699 0.496657 0.498012 0.497318 0.496583 0.496397 0.496522 0.496901 0.497884 0.499345 0.501635 0.505292 0.516923 0.532447 0.556464 0.604604 -9999 -9999
-9999 -9999 -9999 0.195597 0.193965 0.190363 0.192582 0.195611 0.198585 0.201703 0.208022 0.211148 0.211849 0.21621 0.224918 0.224396 0.223251 0.219401 0.221558 0.225609 0.237348 0.267987 0.286519 0.31394 0.341816 0.366888 0.377468 0.37864 0.393809 0.417058 0.440942 0.474677 0.497643 0.52094 0.555311 0.559312 0.552344 0.546639 0.534328 0.513501 0.497909 0.489756 0.485346 0.48322 0.479391 0.484983 0.493465 0.496346 0.501605 0.503425 0.504832 0.50126 0.505384 0.497 0.494489 0.496529 0.495741 0.495324 0.495169 0.495301 0.496012 0.497491 0.499365 0.50193 0.507777 0.52395 0.558165 0.592671 -9999 -9999
-9999 -9999 -9999 -9999 0.196408 0.198501 0.203629 0.207668 0.209257 0.209668 0.211131 0.213123 0.211559 0.213921 0.223114 0.231206 0.223859 0.221515 0.22005 0.222804 0.228143 0.259994 0.28007 0.299559 0.327493 0.340888 0.350444 0.36537 0.384085 0.418281 0.452004 0.494308 0.526721 0.538435 0.560194 0.561229 0.55818 0.541364 0.528676 0.522767 0.517363 0.494073 0.48969 0.486387 0.479619 0.486063 0.490464 0.496439 0.495608 0.497261 0.498654 0.515651 0.507937 0.507521 0.497859 0.493649 0.494715 0.494211 0.493859 0.494063 0.494692 0.495971 0.497725 0.50178 0.505238 0.51715 0.560183 0.591111 -9999 -9999
-9999 -9999 -9999 -9999 -9999 -9999 0.207809 0.210756 0.214392 0.215894 0.212726 0.212528 0.212421 0.213301 0.216949 0.226291 0.22808 0.226823 0.236222 0.23355 0.230333 0.238163 0.248882 0.278535 0.305607 0.311354 0.329663 0.359414 0.386435 0.413206 0.450807 0.487942 0.523784 0.552258 0.562179 0.550252 0.540158 0.522986 0.515121 0.519486 0.512387 0.501607 0.487757 0.480148 0.47996 0.486631 0.489991 0.4989 0.49124 0.491655 0.496987 0.501961 0.508033 0.503483 0.501913 0.494259 0.492486 0.493115 0.492868 0.492971 0.493602 0.49482 0.497472 0.50036 0.503974 0.50846 0.552704 0.595052 -9999 -9999
-9999 -9999 -9999 -9999 -9999 -9999 0.215723 0.220039 0.220665 0.212546 0.213295 0.213184 0.215023 0.21463 0.217153 0.224301 0.231777 0.238922 0.24975 0.24804 0.239877 0.239525 0.248447 0.276168 0.285874 0.304187 0.326329 0.360739 0.390618 0.414171 0.451298 0.490601 0.518984 0.551535 0.551871 0.54915 0.541353 0.522761 0.508925 0.502179 0.506255 0.497677 0.481874 0.479837 0.485696 0.483979 0.490681 0.502689 0.491223 0.488904 0.49307 0.493927 0.502167 0.500689 0.49758 0.494506 0.492423 0.492152 0.492376 0.492513 0.493056 0.494488 0.496697 0.499496 0.503134 0.50751 0.537786 0.594955 -9999 -9999
-9999 -9999 -9999 -9999 -9999 -9999 -9999 0.229374 0.223394 0.210929 0.214208 0.21725 0.21531 0.215836 0.219514 0.22235 0.231197 0.24379 0.269209 0.266657 0.259647 0.249224 0.249574 0.26274 0.286205 0.310818 0.349407 0.385669 0.404834 0.424692 0.45621 0.491387 0.521506 0.52296 0.521514 0.516899 0.515667 0.520074 0.508363 0.497644 0.500594 0.490469 0.478781 0.48118 0.482088 0.483024 0.490408 0.491007 0.491181 0.485351 0.491526 0.490133 0.497178 0.497679 0.496263 0.494488 0.492529 0.492191 0.492204 0.492312 0.493134 0.494336 0.496478 0.499372 0.502972 0.507291 0.514309 0.550368 0.571347 -9999
-9999 -9999 -9999 -9999 -9999 -9999 -9999 0.240729 0.24057 0.224799 0.226036 0.219462 0.216271 0.216914 0.223051 0.226993 0.240114 0.244645 0.268078 0.282242 0.27947 0.290562 0.275313 0.264837 0.287732 0.347829 0.380035 0.408028 0.421579 0.437931 0.458112 0.502847 0.522162 0.512172 0.50809 0.504905 0.502021 0.503513 0.504489 0.48794 0.484886 0.477967 0.477162 0.474831 0.481296 0.485122 0.48295 0.488271 0.489865 0.483801 0.49221 0.487355 0.49527 0.497497 0.497804 0.493708 0.492882 0.492425 0.49254 0.492813 0.493475 0.495138 0.496989 0.499768 0.503412 0.507445 0.512269 0.526612 0.545505 0.556144
-9999 -9999 -9999 -9999 -9999 -9999 -9999 -9999 0.260395 0.236397 0.230937 0.226621 0.218595 0.218396 0.224623 0.229544 0.242915 0.255424 0.276726 0.302369 0.321735 0.293813 0.27248 0.267781 0.287716 0.339814 0.369996 0.386521 0.393794 0.416935 0.437833 0.476558 0.494263 0.512458 0.516787 0.51126 0.503735 0.494805 0.48742 0.486318 0.479595 0.476089 0.474155 0.471573 0.471149 0.470936 0.481059 0.476078 0.481391 0.480071 0.48296 0.485845 0.494384 0.499128 0.496205 0.493549 0.492887 0.493135 0.493223 0.493422 0.494028 0.495188 0.498199 0.500836 0.504139 0.50816 0.512568 0.524075 0.531441 0.545078
-9999 -9999 -9999 -9999 -9999 -9999 -9999 -9999 0.275284 0.25128 0.245318 0.230118 0.224304 0.224993 0.225158 0.229391 0.23984 0.256344 0.271354 0.299803 0.330869 0.301947 0.280287 0.273351 0.284896 0.33523 0.341171 0.363256 0.375557 0.403423 0.423288 0.44784 0.468797 0.489128 0.511909 0.523865 0.501606 0.49056 0.480722 0.475452 0.471526 0.468487 0.469832 0.470674 0.481284 0.471604 0.474734 0.47609 0.477922 0.479514 0.481749 0.484278 0.492537 0.493084 0.496268 0.494324 0.494172 0.493996 0.49399 0.494313 0.495023 0.496095 0.497646 0.499595 0.505262 0.509037 0.51327 0.524642 0.530356 0.536455
-9999 -9999 -9999 -9999 -9999 -9999 -9999 -9999 0.316237 0.278975 0.25565 0.240534 0.233182 0.229726 0.228386 0.23468 0.239755 0.252215 0.265121 0.285153 0.314909 0.33676 0.319775 0.28934 0.289059 0.308451 0.323111 0.345316 0.366794 0.38168 0.394641 0.422941 0.451228 0.47646 0.489394 0.500682 0.485103 0.485035 0.487766 0.466405 0.465762 0.465869 0.472756 0.483951 0.481342 0.486947 0.485566 0.492963 0.487558 0.483247 0.482511 0.484075 0.492785 0.495344 0.495597 0.494863 0.494789 0.494865 0.495054 0.495418 0.496106 0.497313 0.498815 0.500529 0.503178 0.506162 0.51405 0.525373 0.530656 0.536278
-9999 -9999 -9999 -9999 -9999 -9999 -9999 -9999 0.317235 0.29167 0.265066 0.256498 0.240699 0.237616 0.232434 0.234327 0.240135 0.251566 0.266384 0.28369 0.30996 0.332199 0.321336 0.30751 0.299172 0.31018 0.325341 0.338786 0.353663 0.372357 0.387002 0.407996 0.426666 0.451424 0.466846 0.484909 0.467029 0.467281 0.472257 0.461938 0.462353 0.478245 0.490077 0.490766 0.486395 0.493469 0.498239 0.503922 0.499665 0.486899 0.494781 0.495197 0.497452 0.4965 0.49578 0.495622 0.495703 0.495836 0.496172 0.496574 0.497229 0.498457 0.49991 0.501701 0.504094 0.507083 0.510382 0.521942 0.53122 0.53629
-9999 -9999 -9999 -9999 -9999 -9999 -9999 -9999 0.316777 0.303438 0.279834 0.26391 0.247299 0.241243 0.236985 0.238217 0.245326 0.252258 0.262823 0.278672 0.291926 0.312446 0.339501 0.315452 0.320344 0.328562 0.340786 0.344222 0.357217 0.373969 0.39975 0.405188 0.41717 0.436837 0.447161 0.459029 0.45079 0.453568 0.45571 0.457328 0.471595 0.490861 0.505997 0.494428 0.496429 0.495942 0.515687 0.506121 0.496651 0.494396 0.502995 0.509495 0.502206 0.499534 0.498061 0.497158 0.496632 0.497016 0.497184 0.497785 0.49856 0.499611 0.501061 0.5028 0.504962 0.507504 0.51096 0.522601 0.527083 0.533279
-9999 -9999 -9999 -9999 -9999 -9999 -9999 -9999 -9999 0.318496 0.297211 0.269458 0.2547 0.245873 0.242338 0.244137 0.249011 0.254848 0.262886 0.275701 0.291774 0.315245 0.335428 0.33591 0.341807 0.357726 0.36256 0.355181 0.36028 0.380791 0.424061 0.422578 0.415785 0.423151 0.430463 0.436838 0.441146 0.445681 0.451312 0.462265 0.49257 0.50045 0.512259 0.511072 0.517192 0.510043 0.519324 0.506938 0.502232 0.501216 0.514783 0.52313 0.508728 0.503227 0.504399 0.501095 0.497846 0.498058 0.498389 0.499054 0.499753 0.50073 0.502058 0.504073 0.506142 0.508525 0.512108 0.52419 0.529364 0.534318
-9999 -9999 -9999 -9999 -9999 -9999 -9999 -9999 -9999 0.337019 0.306406 0.273503 0.264536 0.255309 0.247526 0.249522 0.256368 0.263452 0.271294 0.280512 0.298844 0.317714 0.336951 0.349009 0.355358 0.378745 0.37848 0.364258 0.369955 0.382248 0.429038 0.445393 0.432904 0.422709 0.427058 0.433319 0.456925 0.455721 0.468653 0.484765 0.48991 0.497056 0.511031 0.505091 0.515385 0.511752 0.523718 0.51718 0.514604 0.506768 0.518742 0.530096 0.515982 0.509104 0.509221 0.501988 0.499642 0.499346 0.499677 0.500196 0.500983 0.501893 0.503229 0.504868 0.506823 0.50928 0.512524 0.518683 0.546076 0.549881
-9999 -9999 -9999 -9999 -9999 -9999 -9999 -9999 -9999 0.335439 0.315392 0.286776 0.26609 0.267261 0.258364 0.255065 0.262684 0.271285 0.280538 0.287333 0.306752 0.328358 0.347735 0.370199 0.375854 0.373789 0.380006 0.373557 0.380201 0.392797 0.428332 0.429916 0.423175 0.422063 0.425259 0.431474 0.439547 0.445092 0.455369 0.46066 0.473025 0.491217 0.498862 0.495418 0.514295 0.513829 0.508004 0.527004 0.516429 0.512003 0.527103 0.52762 0.515395 0.509314 0.504045 0.501757 0.50111 0.499959 0.500483 0.501033 0.501794 0.50283 0.504043 0.505738 0.507622 0.511047 0.515435 0.53115 0.550692 0.553039
-9999 -9999 -9999 -9999 -9999 -9999 -9999 -9999 -9999 0.333868 0.316337 0.292187 0.278564 0.278556 0.268778 0.260456 0.264869 0.273938 0.279538 0.289772 0.306925 0.325992 0.346959 0.361036 0.38494 0.376862 0.387882 0.383026 0.385346 0.419381 0.432121 0.42979 0.426911 0.428925 0.424616 0.429048 0.435778 0.45197 0.460898 0.460263 0.464697 0.470903 0.483829 0.485411 0.493946 0.498054 0.502016 0.524117 0.519169 0.519741 0.519612 0.517854 0.511698 0.50775 0.504203 0.503594 0.502342 0.500638 0.501048 0.501677 0.502524 0.503466 0.504782 0.50675 0.508813 0.513595 0.520928 0.533137 0.563482 0.555035
-9999 -9999 -9999 -9999 -9999 -9999 -9999 -9999 -9999 0.33999 0.32131 0.301398 0.294991 0.296616 0.276862 0.266051 0.269429 0.275736 0.282834 0.301613 0.305686 0.314009 0.333218 0.358994 0.387156 0.392631 0.394364 0.393853 0.395882 0.43646 0.449465 0.451416 0.443365 0.436211 0.427913 0.428768 0.436203 0.459691 0.483984 0.476112 0.46721 0.468848 0.47338 0.485508 0.490124 0.494375 0.503436 0.522909 0.52913 0.526563 0.524271 0.519932 0.513002 0.507321 0.510058 0.509173 0.503835 0.501039 0.501538 0.502193 0.502905 0.503928 0.505214 0.507715 0.51045 0.514256 0.530078 0.540724 0.565883 0.555336
-9999 -9999 -9999 -9999 -9999 -9999 -9999 -9999 -9999 0.349484 0.337188 0.318542 0.313159 0.302236 0.284 0.276809 0.275276 0.279163 0.285277 0.296096 0.304757 0.317619 0.337074 0.362042 0.38954 0.410127 0.410502 0.410255 0.416957 0.450906 0.465448 0.461391 0.452078 0.435102 0.427053 0.429377 0.434037 0.441297 0.459761 0.481154 0.483034 0.47513 0.48466 0.495352 0.491485 0.493647 0.502676 0.509564 0.526483 0.52588 0.529659 0.526537 0.518474 0.50638 0.505036 0.505867 0.501106 0.501404 0.501907 0.502412 0.503214 0.504163 0.50534 0.507513 0.511096 0.521891 0.531616 0.544667 0.547851 0.549132
-9999 -9999 -9999 -9999 -9999 -9999 -9999 -9999 -9999 0.36399 0.349011 0.332014 0.31618 0.301268 0.288869 0.291289 0.286517 0.290369 0.289972 0.295573 0.3062 0.317668 0.334974 0.364997 0.391576 0.420345 0.421424 0.41032 0.440744 0.457806 0.483644 0.469021 0.451882 0.436386 0.42975 0.442298 0.436884 0.440621 0.449173 0.462839 0.482533 0.48394 0.498768 0.50076 0.495259 0.4943 0.496654 0.502139 0.515302 0.523034 0.530067 0.529161 0.521784 0.512499 0.503448 0.502326 0.501024 0.5015 0.502082 0.502613 0.503354 0.504402 0.505837 0.507969 0.517002 0.527633 0.534778 0.544189 0.546713 0.544104
