Test_Spring_2018b/12_17/Prec/20171217_005.txt
ncols	170
nrows	115
xllcorner	350000.000000
yllcorner	4445000.000000
cellsize	1000.000000
nodata_value	-9999.000000
[rows 32 to 63 of 115, columns 72 to 143 of 170]
0.386102 0.402396 0.403158 0.405106 0.450274 0.488743 0.502271 0.512783 0.527683 0.548668 0.561429 0.573665 0.583552 0.605383 0.654296 0.698798 0.684205 0.689773 0.710235 0.691165 0.711413 0.753668 0.810703 0.791308 0.806107 0.869206 0.905298 -9999 -9999 -9999 -9999 -9999 -9999 -9999 -9999 -9999 -9999 -9999 -9999 -9999 -9999 -9999 -9999 -9999 -9999 -9999 -9999 -9999 -9999 -9999 -9999 -9999 -9999 -9999 -9999 -9999 -9999 -9999 -9999 -9999 -9999 -9999 -9999 -9999 -9999 -9999 -9999 -9999 -9999 -9999 -9999 -9999
0.402286 0.414618 0.410269 0.421169 0.446871 0.491711 0.510827 0.519426 0.531261 0.545667 0.558723 0.571426 0.590863 0.61512 0.6581 0.708082 0.72411 0.708797 0.713965 0.716907 0.735835 0.7582 0.789573 0.777273 0.77728 0.814011 0.886866 0.938266 -9999 -9999 -9999 -9999 -9999 -9999 -9999 -9999 -9999 -9999 -9999 -9999 -9999 -9999 -9999 -9999 -9999 -9999 -9999 -9999 -9999 -9999 -9999 -9999 -9999 -9999 -9999 -9999 -9999 -9999 -9999 -9999 -9999 -9999 -9999 -9999 -9999 -9999 -9999 -9999 -9999 -9999 -9999 -9999
0.41965 0.443129 0.444364 0.448257 0.483621 0.525575 0.53465 0.527866 0.538814 0.549063 0.565276 0.579378 0.59677 0.620572 0.65103 0.686029 0.742084 0.717346 0.699335 0.706202 0.714011 0.731615 0.761935 0.749948 0.756743 0.819192 0.902125 0.928806 0.943645 -9999 -9999 -9999 -9999 -9999 -9999 -9999 -9999 -9999 -9999 -9999 -9999 -9999 -9999 -9999 -9999 -9999 -9999 -9999 -9999 -9999 -9999 -9999 -9999 -9999 -9999 -9999 -9999 -9999 -9999 -9999 -9999 -9999 -9999 -9999 -9999 -9999 -9999 -9999 -9999 -9999 -9999 -9999
0.437874 0.464394 0.465567 0.464353 0.484097 0.513853 0.53661 0.542247 0.547311 0.557706 0.574403 0.605217 0.616233 0.62443 0.646729 0.685743 0.724443 0.738817 0.707962 0.703498 0.711957 0.710396 0.737098 0.735254 0.746886 0.786426 0.854007 0.909051 0.92837 0.959348 -9999 -9999 -9999 -9999 -9999 -9999 -9999 -9999 -9999 -9999 -9999 -9999 -9999 -9999 -9999 -9999 -9999 -9999 -9999 -9999 -9999 -9999 -9999 -9999 -9999 -9999 -9999 -9999 -9999 -9999 -9999 -9999 -9999 -9999 -9999 -9999 -9999 -9999 -9999 -9999 -9999 -9999
-9999 -9999 0.491556 0.510615 0.525309 0.53114 0.547305 0.551584 0.555587 0.566344 0.590984 0.607163 0.615855 0.633411 0.658127 0.675646 0.70208 0.729183 0.726667 0.701114 0.721169 0.705463 0.714348 0.717793 0.740685 0.82217 0.870194 0.91871 0.937324 0.964335 -9999 -9999 -9999 -9999 -9999 -9999 -9999 -9999 -9999 -9999 -9999 -9999 -9999 -9999 -9999 -9999 -9999 -9999 -9999 -9999 -9999 -9999 -9999 -9999 -9999 -9999 -9999 -9999 -9999 -9999 -9999 -9999 -9999 -9999 -9999 -9999 -9999 -9999 -9999 -9999 -9999 -9999
-9999 -9999 -9999 0.519562 0.537494 0.528913 0.557633 0.565032 0.565481 0.576217 0.591923 0.605375 0.619909 0.635528 0.655713 0.676673 0.701606 0.708744 0.693994 0.699234 0.709275 0.712347 0.709031 0.719419 0.770143 0.842944 0.873414 0.944768 0.971416 0.977718 0.998464 -9999 -9999 -9999 -9999 -9999 -9999 -9999 -9999 -9999 -9999 -9999 -9999 1.00675 -9999 -9999 -9999 -9999 -9999 -9999 -9999 -9999 -9999 -9999 -9999 -9999 -9999 -9999 -9999 -9999 -9999 -9999 -9999 -9999 1.20651 -9999 -9999 -9999 -9999 -9999 -9999 -9999
-9999 -9999 0.49189 0.528056 0.53118 0.531614 0.552162 0.575026 0.574594 0.585829 0.600395 0.614483 0.63326 0.64326 0.657478 0.679429 0.687948 0.686286 0.688124 0.689781 0.693215 0.701127 0.712299 0.725564 0.790782 0.819039 0.841685 0.891449 0.938822 0.966651 1.00374 1.03406 -9999 -9999 -9999 -9999 -9999 -9999 -9999 1.01983 1.02344 1.02569 1.0226 1.00909 1.02371 -9999 -9999 -9999 -9999 -9999 -9999 -9999 -9999 -9999 -9999 -9999 -9999 -9999 -9999 -9999 -9999 -9999 -9999 -9999 1.20364 1.22795 -9999 -9999 -9999 -9999 -9999 -9999
-9999 -9999 0.528086 0.527851 0.535457 0.537413 0.545127 0.578901 0.587612 0.595601 0.607387 0.622348 0.638704 0.646058 0.662999 0.674107 0.682905 0.678364 0.680913 0.689071 0.698723 0.708688 0.726877 0.736289 0.788844 0.81119 0.841584 0.872895 0.929912 0.978526 1.02591 1.06528 -9999 -9999 -9999 -9999 -9999 -9999 1.02583 1.01357 1.00701 1.02758 1.0148 1.0041 1.01086 1.05926 -9999 -9999 -9999 -9999 -9999 -9999 -9999 -9999 -9999 -9999 -9999 -9999 -9999 -9999 1.10813 1.13118 1.17768 1.20179 1.21689 1.23884 -9999 -9999 -9999 -9999 -9999 -9999
-9999 -9999 0.533314 0.531614 0.536175 0.542521 0.557492 0.58082 0.595468 0.606219 0.618183 0.629451 0.639636 0.656228 0.666189 0.685101 0.675728 0.679896 0.686946 0.704448 0.715063 0.743999 0.761232 0.808595 0.799843 0.825804 0.868076 0.918261 0.994136 1.00619 1.03144 1.06833 -9999 -9999 -9999 -9999 -9999 -9999 1.03268 1.01882 1.00747 1.00739 1.02799 1.00603 1.03841 1.05894 1.06949 1.06607 1.06908 1.09459 1.08396 1.08826 1.1025 1.10292 -9999 -9999 -9999 -9999 1.11849 1.11801 1.11703 1.12595 1.17607 1.21041 1.24187 1.26046 -9999 -9999 -9999 -9999 -9999 -9999
-9999 -9999 0.523318 0.529324 0.541416 0.558472 0.567452 0.592942 0.606861 0.624792 0.63702 0.647169 0.655713 0.665522 0.678147 0.680939 0.684906 0.692255 0.721041 0.754644 0.746169 0.763768 0.827502 0.821046 0.815619 0.844511 0.894279 0.950326 0.995631 1.00506 1.03708 1.0841 -9999 -9999 -9999 1.086 1.06716 1.06741 1.06246 1.04324 1.029 1.00994 1.00401 1.02189 1.04553 1.06621 1.08926 1.09288 1.07557 1.07932 1.08966 1.09475 1.1094 1.12389 1.12278 1.124 1.12691 1.131 1.13257 1.13219 1.13258 1.14073 1.17563 1.20065 1.21704 1.26687 -9999 -9999 -9999 -9999 -9999 -9999
-9999 -9999 0.530402 0.538378 0.549138 0.57096 0.588335 0.598753 0.625881 0.635293 0.646415 0.664349 0.665957 0.673134 0.679088 0.685143 0.691567 0.715502 0.747805 0.78085 0.798886 0.814241 0.845222 0.85678 0.85164 0.867661 0.919508 0.971476 0.991014 1.02874 1.07183 1.11528 -9999 -9999 1.13451 1.09643 1.06948 1.05583 1.05204 1.05226 1.03348 1.03332 1.01452 1.03601 1.07817 1.08225 1.09297 1.09576 1.11027 1.11811 1.12491 1.11475 1.12069 1.12829 1.13018 1.13438 1.1378 1.1401 1.14405 1.14234 1.14109 1.1453 1.17692 1.19216 1.22223 1.28432 -9999 -9999 -9999 -9999 -9999 -9999
-9999 -9999 0.539238 0.547606 0.555792 0.573575 0.58492 0.608827 0.643072 0.646516 0.656155 0.671905 0.683941 0.682509 0.687192 0.690935 0.694409 0.716278 0.741611 0.779863 0.805917 0.838793 0.856941 0.907172 0.911769 0.928691 0.947026 0.957745 0.982126 1.03183 1.06409 1.10978 1.13928 -9999 1.14144 1.12617 1.09316 1.06429 1.04564 1.0526 1.03066 1.02757 1.02793 1.03975 1.07072 1.09905 1.10891 1.12103 1.11638 1.11149 1.1258 1.13083 1.12882 1.13541 1.14069 1.14531 1.14856 1.15015 1.15068 1.15005 1.14916 1.14935 1.16272 1.18824 1.22318 1.2886 -9999 -9999 -9999 -9999 -9999 -9999
-9999 0.536302 0.540634 0.543507 0.557527 0.573724 0.590372 0.607569 0.635928 0.653161 0.664133 0.675944 0.698548 0.702903 0.703834 0.697509 0.69922 0.701873 0.71592 0.761434 0.790759 0.831915 0.870829 0.906171 0.914682 0.906699 0.923494 0.954786 0.987599 1.03948 1.06736 1.10145 1.15285 1.15593 1.1409 1.12922 1.10706 1.071 1.04515 1.03332 1.02894 1.02942 1.02782 1.05479 1.07901 1.09219 1.1098 1.1215 1.13252 1.13471 1.14819 1.13862 1.14258 1.14418 1.1499 1.15451 1.1575 1.15872 1.15865 1.15777 1.15575 1.15354 1.16103 1.18181 1.24089 1.28348 -9999 -9999 -9999 -9999 -9999 -9999
-9999 -9999 0.546152 0.55964 0.579428 0.598098 0.613045 0.62624 0.646584 0.661344 0.668922 0.683051 0.703606 0.723449 0.713671 0.710014 0.705207 0.705263 0.7076 0.760862 0.787269 0.811591 0.85001 0.863994 0.870031 0.885521 0.907815 0.957583 1.0069 1.07292 1.12073 1.13314 1.16181 1.15678 1.14836 1.11703 1.09423 1.08457 1.07694 1.03894 1.03505 1.04195 1.03754 1.05707 1.07493 1.0944 1.10209 1.1142 1.12581 1.1647 1.15809 1.1661 1.15702 1.15494 1.15691 1.16162 1.1644 1.16575 1.16543 1.16401 1.16149 1.16517 1.16782 1.18202 1.25093 1.28739 -9999 -9999 -9999 -9999 -9999 -9999
-9999 -9999 -9999 -9999 0.588905 0.606174 0.625251 0.640903 0.653451 0.6648 0.675335 0.686214 0.700157 0.721152 0.727549 0.725819 0.740016 0.730754 0.721023 0.72703 0.736689 0.778529 0.815948 0.814993 0.835935 0.876959 0.913287 0.94939 1.00487 1.06104 1.11418 1.15538 1.16524 1.13818 1.1143 1.08222 1.0679 1.07644 1.06611 1.05411 1.03592 1.0299 1.03787 1.05862 1.07537 1.10073 1.09705 1.10754 1.12653 1.14465 1.16274 1.16363 1.16886 1.16225 1.16461 1.16638 1.16937 1.17053 1.17015 1.16852 1.17131 1.17085 1.17087 1.17205 1.2431 1.29987 -9999 -9999 -9999 -9999 -9999 -9999
-9999 -9999 -9999 -9999 0.604624 0.624586 0.638646 0.637648 0.657218 0.668893 0.683 0.691761 0.703815 0.721809 0.737798 0.750837 0.768192 0.761138 0.740731 0.732297 0.738715 0.777045 0.783705 0.804643 0.832081 0.881008 0.922017 0.952066 1.00626 1.06571 1.10521 1.15308 1.14561 1.13435 1.11597 1.0802 1.05539 1.04518 1.05566 1.04573 1.02466 1.02907 1.04834 1.05501 1.07818 1.10953 1.09961 1.10564 1.12283 1.13385 1.15594 1.16218 1.16458 1.16585 1.16749 1.17079 1.17255 1.17372 1.17319 1.17361 1.17329 1.17287 1.17318 1.17439 1.2211 1.30421 -9999 -9999 -9999 -9999 -9999 -9999
-9999 -9999 -9999 -9999 -9999 0.64255 0.64498 0.636289 0.660218 0.677323 0.684664 0.694924 0.708907 0.719245 0.73774 0.760314 0.803176 0.79472 0.776454 0.750458 0.741957 0.754848 0.785781 0.817874 0.874259 0.926422 0.948518 0.971932 1.01607 1.06803 1.11029 1.10319 1.0923 1.07745 1.07042 1.07535 1.0541 1.03673 1.04547 1.03314 1.01969 1.03234 1.04337 1.05514 1.07984 1.09144 1.1022 1.10217 1.1229 1.12988 1.14976 1.15922 1.16429 1.16752 1.16908 1.17201 1.17404 1.17475 1.17515 1.17468 1.17453 1.17467 1.17533 1.17688 1.1831 1.22941 1.25931 -9999 -9999 -9999 -9999 -9999
-9999 -9999 -9999 -9999 -9999 0.663563 0.675913 0.661048 0.681092 0.680897 0.685654 0.69577 0.713789 0.726079 0.752386 0.760651 0.800312 0.820968 0.810412 0.822565 0.787019 0.758746 0.789071 0.883895 0.929371 0.967256 0.979682 0.997071 1.02136 1.0902 1.11344 1.08615 1.07054 1.05812 1.0481 1.04841 1.04928 1.02209 1.01965 1.01312 1.01901 1.02356 1.04457 1.06161 1.06957 1.08952 1.10273 1.10216 1.1266 1.12719 1.14824 1.16028 1.1679 1.16661 1.16976 1.17219 1.17482 1.17554 1.17632 1.17591 1.17568 1.17614 1.17747 1.17911 1.18204 1.19046 1.21705 1.22994 1.22713 -9999 -9999 -9999
-9999 -9999 -9999 -9999 -9999 -9999 0.710819 0.680858 0.688656 0.691788 0.687436 0.695528 0.716617 0.728964 0.754494 0.776777 0.812798 0.854805 0.882264 0.826325 0.780651 0.763142 0.788927 0.870286 0.912763 0.931 0.932846 0.962568 0.988465 1.04715 1.06779 1.09022 1.08952 1.07299 1.05709 1.0379 1.02409 1.02404 1.01671 1.01379 1.0177 1.0218 1.03066 1.04053 1.06988 1.0715 1.09097 1.09839 1.11271 1.1264 1.14798 1.16385 1.1652 1.1659 1.16889 1.17455 1.17557 1.17616 1.17699 1.17842 1.17712 1.17797 1.1794 1.18174 1.1846 1.18827 1.19507 1.21354 1.23722 1.2662 -9999 -9999
-9999 -9999 -9999 -9999 -9999 -9999 0.736526 0.705712 0.712029 0.695207 0.699821 0.70881 0.713957 0.724819 0.745067 0.77437 0.799473 0.846693 0.897121 0.842165 0.792135 0.771462 0.782464 0.862405 0.863024 0.891749 0.903107 0.941761 0.966419 1.0009 1.02772 1.05429 1.08642 1.1054 1.06061 1.03786 1.01978 1.01234 1.00977 1.011 1.01907 1.02574 1.05372 1.04663 1.06321 1.07553 1.08839 1.1004 1.11298 1.12543 1.14581 1.15361 1.16504 1.17014 1.17463 1.17573 1.17651 1.17737 1.17855 1.18009 1.18226 1.1836 1.18174 1.18441 1.18769 1.19125 1.1957 1.20129 1.21023 1.24658 1.27094 1.2878
-9999 -9999 -9999 -9999 -9999 -9999 0.807717 0.752623 0.736103 0.717574 0.713788 0.713321 0.715379 0.729551 0.740195 0.762395 0.78397 0.816719 0.865307 0.89886 0.86473 0.804411 0.788866 0.815409 0.83224 0.862036 0.890354 0.906984 0.920262 0.962288 1.00339 1.03882 1.06087 1.07362 1.04099 1.03779 1.04188 1.00606 1.009 1.01535 1.03536 1.06084 1.06628 1.07953 1.08748 1.1098 1.10931 1.11028 1.11696 1.12701 1.1474 1.16416 1.16888 1.17416 1.17596 1.17737 1.17844 1.17946 1.18077 1.18282 1.18524 1.18787 1.19003 1.19418 1.19103 1.1945 1.19877 1.20394 1.20942 1.2194 1.23193 1.2568
-9999 -9999 -9999 -9999 -9999 -9999 0.817424 0.789009 0.750215 0.745369 0.723591 0.723199 0.718045 0.724165 0.735941 0.756348 0.781469 0.809776 0.852728 0.887579 0.863324 0.834753 0.813203 0.826186 0.837288 0.852628 0.870265 0.896675 0.91333 0.943323 0.967131 1.01165 1.03103 1.05639 1.02023 1.01792 1.02607 1.00955 1.01402 1.04762 1.07566 1.08533 1.08317 1.10545 1.12411 1.1343 1.1351 1.12048 1.1494 1.15639 1.16436 1.16743 1.17449 1.17668 1.17856 1.17996 1.1813 1.18247 1.1839 1.18623 1.18885 1.19193 1.19588 1.19823 1.203 1.20708 1.20254 1.20716 1.21218 1.21825 1.23666 1.2459
-9999 -9999 -9999 -9999 -9999 -9999 0.818854 0.808198 0.77382 0.755814 0.731949 0.725771 0.721802 0.726461 0.740382 0.752907 0.770746 0.796842 0.817409 0.849853 0.892968 0.845503 0.849946 0.858994 0.877471 0.875816 0.890491 0.911435 0.944152 0.945134 0.968922 0.995837 1.00718 1.02242 1.00381 1.00631 1.00961 1.01396 1.04243 1.0814 1.11453 1.10182 1.11371 1.11787 1.1617 1.16178 1.15364 1.15732 1.16758 1.18463 1.17524 1.18044 1.18086 1.18151 1.18218 1.18397 1.18505 1.18667 1.18847 1.19068 1.19353 1.19677 1.20057 1.20478 1.20753 1.21115 1.21593 1.23515 1.23952 1.23263 1.23651 1.24755
-9999 -9999 -9999 -9999 -9999 -9999 -9999 0.837259 0.810688 0.767336 0.746071 0.734421 0.731223 0.736527 0.746351 0.75699 0.770632 0.791833 0.817952 0.856301 0.888123 0.8846 0.89206 0.915315 0.917624 0.897955 0.8998 0.928439 1.00078 1.00207 0.982418 0.988159 0.994619 1.00056 0.999629 1.00562 1.0152 1.03585 1.09216 1.11579 1.14287 1.14817 1.16703 1.1593 1.18375 1.17014 1.16949 1.17458 1.20442 1.22291 1.20827 1.20172 1.20599 1.20169 1.18749 1.18897 1.19038 1.19221 1.19402 1.19625 1.19904 1.21332 1.21782 1.22259 1.22659 1.22943 1.23583 1.24129 1.2477 1.248 1.25071 1.25889
-9999 -9999 -9999 -9999 -9999 -9999 -9999 0.874137 0.825787 0.772804 0.761229 0.748482 0.737531 0.743005 0.756237 0.769124 0.782596 0.79776 0.828243 0.858998 0.889747 0.907255 0.914127 0.953722 0.947949 0.917203 0.921108 0.936351 1.02903 1.0511 1.02265 0.998686 1.00099 1.00763 1.04597 1.04212 1.06467 1.0944 1.1064 1.12331 1.15342 1.14944 1.17465 1.17571 1.19993 1.19569 1.19797 1.19037 1.21684 1.24034 1.22633 1.21723 1.21965 1.20852 1.20551 1.20583 1.20712 1.20875 1.21093 1.21342 1.21673 1.22055 1.22477 1.22961 1.23543 1.24342 1.27007 1.27373 1.27021 1.26668 1.26765 1.26224
-9999 -9999 -9999 -9999 -9999 -9999 -9999 0.871383 0.841036 0.795091 0.762496 0.767695 0.754546 0.750574 0.765127 0.780749 0.79687 0.808046 0.840806 0.876828 0.908368 0.944795 0.951158 0.94346 0.953451 0.937256 0.943773 0.96054 1.03567 1.03293 1.01575 1.00886 1.01015 1.01757 1.02928 1.03773 1.05579 1.06642 1.09078 1.12656 1.14482 1.14439 1.18377 1.18948 1.18586 1.22107 1.20856 1.20634 1.23783 1.24938 1.23158 1.22383 1.21682 1.21449 1.21463 1.2136 1.21538 1.21717 1.21935 1.22206 1.22508 1.22889 1.23287 1.2393 1.24705 1.27426 1.28391 1.28518 1.27725 1.27034 1.26959 1.26652
-9999 -9999 -9999 -9999 -9999 -9999 -9999 0.869103 0.842706 0.804202 0.783683 0.786545 0.771663 0.75876 0.767664 0.784184 0.794047 0.811515 0.840625 0.872593 0.90742 0.929668 0.968751 0.9512 0.970585 0.958004 0.957793 1.03237 1.05028 1.04174 1.03243 1.03207 1.02111 1.02621 1.03618 1.06377 1.07965 1.0798 1.08994 1.10417 1.13108 1.13874 1.15913 1.17207 1.18488 1.22459 1.22136 1.22743 1.23877 1.23956 1.23231 1.22831 1.22442 1.22519 1.22445 1.22262 1.22434 1.22636 1.22871 1.23121 1.2343 1.23844 1.24257 1.25122 1.26403 1.28501 1.313 1.29543 1.27668 1.26913 1.27521 1.2727
-9999 -9999 -9999 -9999 -9999 -9999 -9999 0.880802 0.852017 0.820648 0.812557 0.818096 0.785547 0.768208 0.775303 0.787047 0.799695 0.832406 0.838814 0.852255 0.88442 0.927734 0.974871 0.981784 0.983086 0.9815 0.981575 1.06935 1.08869 1.08867 1.07126 1.05573 1.03862 1.03818 1.04998 1.09079 1.13386 1.12127 1.10772 1.11352 1.12512 1.15068 1.16349 1.17599 1.19712 1.23345 1.24738 1.24755 1.25487 1.25134 1.24271 1.23573 1.24303 1.24351 1.23578 1.23222 1.23424 1.23637 1.23848 1.24103 1.24393 1.24882 1.25391 1.26064 1.2882 1.30632 1.3276 1.30352 1.29108 1.29297 1.27982 1.27695
-9999 -9999 -9999 -9999 -9999 -9999 -9999 0.898864 0.881039 0.851678 0.845215 0.828571 0.798616 0.787617 0.786107 0.793678 0.804731 0.82364 0.838361 0.860088 0.89305 0.935371 0.981836 1.01588 1.01415 1.01511 1.0371 1.10168 1.12459 1.11491 1.09617 1.06424 1.04836 1.05118 1.05864 1.07129 1.10429 1.14313 1.14835 1.13703 1.15696 1.17946 1.17679 1.18506 1.20561 1.22251 1.25167 1.26189 1.27322 1.27178 1.26122 1.24311 1.24345 1.24718 1.24069 1.24277 1.24492 1.24684 1.24908 1.25139 1.25391 1.25798 1.2643 1.28306 1.29967 1.32185 1.32642 1.30097 1.28831 1.29194 1.28548 1.28342
-9999 -9999 -9999 -9999 -9999 -9999 -9999 0.926142 0.903445 0.876857 0.851934 0.82822 0.808502 0.814406 0.807246 0.814835 0.81456 0.824452 0.842825 0.86235 0.891835 0.9434 0.988672 1.03759 1.03766 1.01722 1.09259 1.12065 1.1642 1.13675 1.10506 1.07651 1.06382 1.08522 1.07546 1.08224 1.09799 1.12325 1.15964 1.16441 1.19327 1.20004 1.19404 1.19638 1.20482 1.21894 1.24213 1.26581 1.28328 1.2858 1.2766 1.26366 1.25072 1.2513 1.25116 1.25376 1.25619 1.25821 1.26028 1.26261 1.26535 1.26906 1.28464 1.30279 1.31458 1.33014 1.3334 1.30341 1.28989 1.29683 1.29097 1.28857
-9999 -9999 -9999 -9999 -9999 -9999 -9999 -9999 0.913662 0.886217 0.868033 0.869883 0.853605 0.848361 0.845782 0.851118 0.828704 0.834657 0.849098 0.867577 0.893866 0.935082 0.967035 1.01435 1.05157 1.08454 1.13976 1.13947 1.15161 1.14442 1.11474 1.08291 1.08573 1.11745 1.11985 1.1203 1.11392 1.12509 1.17261 1.19927 1.22237 1.21505 1.20731 1.20997 1.21549 1.22448 1.24531 1.29089 1.2782 1.26997 1.27166 1.26456 1.26013 1.26149 1.26304 1.26576 1.26812 1.27036 1.27281 1.27486 1.27848 1.28459 1.30126 1.33958 1.3389 1.34396 1.35657 1.32652 1.31951 1.30441 1.29624 1.29389
-9999 -9999 -9999 -9999 -9999 -9999 -9999 -9999 0.933512 0.90052 0.901743 0.912272 0.936073 0.937815 0.891394 0.888082 0.866801 0.847042 0.856664 0.874772 0.899777 0.927891 0.967101 1.01917 1.06314 1.13786 1.12127 1.12075 1.12323 1.12133 1.1069 1.11072 1.14401 1.17508 1.16795 1.16567 1.14005 1.13946 1.15035 1.18069 1.21475 1.23501 1.22227 1.22545 1.23033 1.23641 1.25112 1.28104 1.28091 1.27503 1.27239 1.27301 1.27018 1.27238 1.27542 1.278 1.28081 1.28338 1.28629 1.28897 1.29578 1.30356 1.32949 1.35109 1.36469 1.38185 1.34464 1.32866 1.32069 1.31164 1.30323 1.301
