Test_Spring_2018b/12_17/Prec/20171203_014.txt
ncols	170
nrows	115
xllcorner	350000.000000
yllcorner	4445000.000000
cellsize	1000.000000
nodata_value	-9999.000000
[rows 33 to 65 of 115, columns 74 to 147 of 170]
0.376489 0.381659 0.400197 0.423961 0.449845 0.455461 0.459441 0.461942 0.464407 0.46642 0.465252 0.461668 0.450374 0.435957 0.434265 0.444404 0.446554 0.44956 0.446516 0.442333 0.434919 0.444565 0.449729 0.433941 0.431164 0.425626 -9999 -9999 -9999 -9999 -9999 -9999 -9999 -9999 -9999 -9999 -9999 -9999 -9999 -9999 -9999 -9999 -9999 -9999 -9999 -9999 -9999 -9999 -9999 -9999 -9999 -9999 -9999 -9999 -9999 -9999 -9999 -9999 -9999 -9999 -9999 -9999 -9999 -9999 -9999 -9999 -9999 -9999 -9999 -9999 -9999 -9999 -9999 -9999
0.353455 0.361422 0.390301 0.425067 0.430616 0.441893 0.445876 0.449587 0.450436 0.451534 0.450842 0.447223 0.440666 0.432081 0.415214 0.429344 0.440901 0.442986 0.444872 0.4432 0.43687 0.447041 0.450183 0.425343 0.430592 0.42376 0.421268 -9999 -9999 -9999 -9999 -9999 -9999 -9999 -9999 -9999 -9999 -9999 -9999 -9999 -9999 -9999 -9999 -9999 -9999 -9999 -9999 -9999 -9999 -9999 -9999 -9999 -9999 -9999 -9999 -9999 -9999 -9999 -9999 -9999 -9999 -9999 -9999 -9999 -9999 -9999 -9999 -9999 -9999 -9999 -9999 -9999 -9999 -9999
0.335406 0.345606 0.364279 0.400411 0.419879 0.426284 0.432324 0.435691 0.436016 0.43034 0.431788 0.433931 0.430379 0.420247 0.410199 0.409574 0.426495 0.433475 0.435732 0.442109 0.437868 0.444831 0.446774 0.437903 0.420157 0.426204 0.422436 0.413811 -9999 -9999 -9999 -9999 -9999 -9999 -9999 -9999 -9999 -9999 -9999 -9999 -9999 -9999 -9999 -9999 -9999 -9999 -9999 -9999 -9999 -9999 -9999 -9999 -9999 -9999 -9999 -9999 -9999 -9999 -9999 -9999 -9999 -9999 -9999 -9999 -9999 -9999 -9999 -9999 -9999 -9999 -9999 -9999 -9999 -9999
0.315672 0.335021 0.359395 0.384244 0.406031 0.413016 0.419379 0.422402 0.419384 0.419005 0.421015 0.419272 0.41459 0.412645 0.407375 0.402064 0.408442 0.424024 0.422419 0.434916 0.438258 0.443936 0.442294 0.427117 0.408694 0.417783 0.414865 0.408262 -9999 -9999 -9999 -9999 -9999 -9999 -9999 -9999 -9999 -9999 -9999 -9999 -9999 -9999 -9999 -9999 -9999 -9999 -9999 -9999 -9999 -9999 -9999 -9999 -9999 -9999 -9999 -9999 -9999 -9999 -9999 -9999 -9999 -9999 -9999 -9999 -9999 -9999 -9999 -9999 -9999 -9999 -9999 -9999 -9999 -9999
-9999 0.323082 0.345426 0.359445 0.392743 0.398727 0.406477 0.409375 0.409538 0.409874 0.409271 0.407926 0.404706 0.401266 0.396543 0.39904 0.410413 0.414595 0.417422 0.423384 0.432187 0.43601 0.425344 0.413081 0.408874 0.403584 0.398286 0.40027 0.396102 -9999 -9999 -9999 -9999 -9999 -9999 -9999 -9999 -9999 -9999 -9999 -9999 0.384834 -9999 -9999 -9999 -9999 -9999 -9999 -9999 -9999 -9999 -9999 -9999 -9999 -9999 -9999 -9999 -9999 -9999 -9999 -9999 -9999 0.170044 -9999 -9999 -9999 -9999 -9999 -9999 -9999 -9999 -9999 -9999 -9999
0.296935 0.328304 0.339089 0.350409 0.369327 0.386482 0.394686 0.397314 0.397679 0.397419 0.39477 0.395164 0.393868 0.389775 0.391235 0.397155 0.402369 0.408326 0.414256 0.419055 0.423093 0.426693 0.418932 0.416763 0.416522 0.399307 0.408084 0.402526 0.392712 0.384778 -9999 -9999 -9999 -9999 -9999 -9999 -9999 0.393852 0.389899 0.385918 0.383492 0.384652 0.374656 -9999 -9999 -9999 -9999 -9999 -9999 -9999 -9999 -9999 -9999 -9999 -9999 -9999 -9999 -9999 -9999 -9999 -9999 -9999 0.175938 0.158057 -9999 -9999 -9999 -9999 -9999 -9999 -9999 -9999 -9999 -9999
0.30568 0.319161 0.329297 0.340976 0.349558 0.377444 0.382328 0.386173 0.387379 0.386405 0.384214 0.385122 0.382306 0.382003 0.38312 0.390091 0.395174 0.398977 0.403052 0.407768 0.409952 0.415985 0.413628 0.414832 0.412688 0.409757 0.409532 0.396828 0.383793 0.373007 -9999 -9999 -9999 -9999 -9999 -9999 0.395344 0.398023 0.39786 0.386685 0.387826 0.387738 0.380606 0.342479 -9999 -9999 -9999 -9999 -9999 -9999 -9999 -9999 -9999 -9999 -9999 -9999 -9999 -9999 0.247476 0.232222 0.207164 0.189984 0.175621 0.158096 -9999 -9999 -9999 -9999 -9999 -9999 -9999 -9999 -9999 -9999
0.293675 0.309031 0.32157 0.332661 0.339379 0.356011 0.37299 0.375777 0.376689 0.376727 0.376377 0.373143 0.372438 0.368645 0.376405 0.379869 0.38328 0.383774 0.387985 0.386106 0.389531 0.389433 0.403821 0.404831 0.399305 0.390256 0.390433 0.385917 0.382219 0.373085 -9999 -9999 -9999 -9999 -9999 -9999 0.395473 0.398595 0.400054 0.39656 0.38458 0.388544 0.357896 0.344167 0.33432 0.330039 0.323605 0.315905 0.300425 0.294384 0.285136 0.281696 -9999 -9999 -9999 -9999 0.259742 0.255267 0.250099 0.240177 0.21347 0.191944 0.170751 0.142778 -9999 -9999 -9999 -9999 -9999 -9999 -9999 -9999 -9999 -9999
0.28804 0.301859 0.312858 0.321055 0.331124 0.346864 0.36338 0.359999 0.360612 0.360737 0.360544 0.35934 0.356967 0.358712 0.360707 0.362385 0.356976 0.350948 0.362318 0.370776 0.361619 0.378322 0.392655 0.393812 0.38668 0.376617 0.388745 0.386888 0.381475 0.3633 -9999 -9999 -9999 0.375336 0.382913 0.382042 0.382151 0.38683 0.388802 0.398188 0.396037 0.382202 0.35729 0.343074 0.32806 0.320793 0.321993 0.315622 0.30011 0.294047 0.285041 0.272706 0.271039 0.26856 0.265221 0.260937 0.256867 0.252607 0.246981 0.237263 0.219322 0.200946 0.184961 0.139321 -9999 -9999 -9999 -9999 -9999 -9999 -9999 -9999 -9999 -9999
0.280905 0.294811 0.307034 0.310738 0.318105 0.32656 0.337844 0.352158 0.353058 0.349828 0.35177 0.350938 0.350455 0.350309 0.350833 0.345773 0.338866 0.333137 0.334631 0.341339 0.34089 0.351241 0.36598 0.381612 0.37036 0.36268 0.366813 0.378386 0.364367 0.35448 -9999 -9999 0.360085 0.376419 0.387136 0.391461 0.390816 0.387593 0.390804 0.386152 0.388156 0.372364 0.340828 0.332604 0.327954 0.320665 0.303353 0.295635 0.294172 0.283611 0.278785 0.273993 0.27181 0.268841 0.265927 0.262859 0.258268 0.254739 0.249775 0.24141 0.221239 0.206229 0.17642 0.135447 -9999 -9999 -9999 -9999 -9999 -9999 -9999 -9999 -9999 -9999
0.270985 0.285552 0.299447 0.308517 0.318615 0.32107 0.329451 0.336166 0.346413 0.343683 0.341092 0.342925 0.342229 0.342292 0.343365 0.33867 0.334215 0.326486 0.325136 0.325042 0.330244 0.324613 0.336045 0.343094 0.349697 0.359069 0.371325 0.378444 0.374991 0.360309 0.355337 -9999 0.362866 0.370613 0.383653 0.393634 0.398346 0.392035 0.395882 0.391735 0.384323 0.373324 0.345868 0.321664 0.31106 0.300313 0.296863 0.29863 0.294002 0.288338 0.277778 0.273947 0.271106 0.268639 0.266422 0.264168 0.261302 0.257591 0.252526 0.245544 0.232049 0.206165 0.18122 0.138196 -9999 -9999 -9999 -9999 -9999 -9999 -9999 -9999 -9999 -9999
0.263976 0.281978 0.294869 0.305677 0.314728 0.321724 0.331508 0.33288 0.334745 0.339846 0.332719 0.331723 0.331799 0.335063 0.336211 0.338436 0.338029 0.327424 0.32636 0.320916 0.318187 0.32057 0.331466 0.349185 0.357565 0.360277 0.362022 0.368396 0.376161 0.371365 0.35474 0.359053 0.368637 0.375176 0.38401 0.396531 0.403618 0.404018 0.400501 0.393446 0.387269 0.363729 0.338691 0.325612 0.311537 0.300614 0.290956 0.285767 0.281496 0.285481 0.281399 0.272905 0.270509 0.268685 0.267179 0.265597 0.263357 0.259969 0.255386 0.249185 0.232988 0.214021 0.175675 0.141087 -9999 -9999 -9999 -9999 -9999 -9999 -9999 -9999 -9999 -9999
0.256548 0.271579 0.283303 0.294129 0.304697 0.313971 0.326809 0.329533 0.332674 0.331309 0.3289 0.321449 0.325066 0.326703 0.329795 0.332548 0.336314 0.323334 0.322181 0.323783 0.32169 0.332945 0.345606 0.355232 0.362536 0.359264 0.355838 0.357179 0.35062 0.356178 0.358415 0.363531 0.370907 0.385154 0.394188 0.39633 0.396028 0.405994 0.401251 0.387307 0.380728 0.364775 0.341825 0.325736 0.315027 0.303643 0.2936 0.274288 0.277608 0.271793 0.273634 0.275526 0.270251 0.268957 0.268074 0.266908 0.265116 0.262152 0.257808 0.246235 0.232561 0.215261 0.175715 0.14283 -9999 -9999 -9999 -9999 -9999 -9999 -9999 -9999 -9999 -9999
-9999 -9999 0.277274 0.289351 0.298982 0.307885 0.323737 0.328051 0.330195 0.329973 0.326715 0.320824 0.317802 0.318236 0.313555 0.319584 0.328006 0.332408 0.337638 0.3326 0.333706 0.348591 0.356103 0.356611 0.359329 0.362212 0.35738 0.362896 0.355147 0.350413 0.35589 0.373472 0.388139 0.402797 0.408524 0.403466 0.403875 0.401005 0.40059 0.394516 0.382521 0.365482 0.342645 0.323807 0.317107 0.306114 0.293129 0.281828 0.27557 0.272699 0.269332 0.27146 0.27076 0.269376 0.268837 0.268116 0.26663 0.263916 0.254427 0.245996 0.235371 0.222628 0.181719 0.140519 -9999 -9999 -9999 -9999 -9999 -9999 -9999 -9999 -9999 -9999
-9999 -9999 0.269571 0.280992 0.29292 0.308575 0.321764 0.32617 0.32709 0.327754 0.325209 0.318933 0.312833 0.307319 0.301201 0.306079 0.318136 0.327854 0.334169 0.330415 0.343401 0.350056 0.355368 0.353241 0.354661 0.360465 0.356787 0.361362 0.359498 0.352805 0.365468 0.377389 0.389645 0.406228 0.415967 0.417576 0.40908 0.406528 0.406774 0.396212 0.379399 0.367337 0.3418 0.320336 0.315808 0.306399 0.294073 0.285555 0.277755 0.273014 0.270974 0.270343 0.270211 0.26967 0.269224 0.268731 0.267487 0.262746 0.256467 0.247899 0.236966 0.223938 0.19207 0.140435 -9999 -9999 -9999 -9999 -9999 -9999 -9999 -9999 -9999 -9999
-9999 -9999 -9999 0.273107 0.289544 0.308233 0.319788 0.322239 0.325907 0.326133 0.322962 0.319706 0.312407 0.303327 0.287265 0.292504 0.303513 0.319736 0.331539 0.337346 0.34085 0.343121 0.33728 0.333971 0.342811 0.351389 0.35187 0.359538 0.356973 0.371786 0.3861 0.399678 0.407767 0.408668 0.417079 0.421527 0.413576 0.411753 0.408831 0.394852 0.380972 0.366736 0.340506 0.326521 0.313978 0.306892 0.293248 0.286375 0.279494 0.273669 0.270771 0.269554 0.269613 0.26935 0.269187 0.268829 0.266968 0.263165 0.256822 0.248027 0.236918 0.223705 0.207337 0.169786 0.142643 -9999 -9999 -9999 -9999 -9999 -9999 -9999 -9999 -9999
-9999 -9999 -9999 0.264289 0.276601 0.297454 0.310532 0.319669 0.324453 0.324926 0.320435 0.316753 0.306668 0.303203 0.288051 0.282891 0.290793 0.292102 0.313993 0.335271 0.338695 0.316466 0.314486 0.316384 0.328715 0.339442 0.34745 0.348694 0.353497 0.376163 0.392405 0.405172 0.41452 0.41692 0.41701 0.425113 0.421748 0.417699 0.407348 0.396495 0.378801 0.362585 0.342829 0.32574 0.312368 0.305615 0.290672 0.286382 0.279194 0.272487 0.268687 0.269265 0.268726 0.268642 0.267716 0.267502 0.265632 0.261452 0.255184 0.246351 0.235117 0.222035 0.207128 0.184319 0.158664 0.138369 0.124517 -9999 -9999 -9999 -9999 -9999 -9999 -9999
-9999 -9999 -9999 -9999 0.26202 0.288197 0.305987 0.313764 0.322134 0.323603 0.318669 0.315125 0.305656 0.29716 0.283694 0.26879 0.264416 0.291704 0.317135 0.333803 0.338527 0.320868 0.319426 0.328279 0.344105 0.349552 0.35645 0.361523 0.367065 0.370422 0.380818 0.394923 0.405309 0.416075 0.421902 0.419698 0.417864 0.413553 0.404207 0.393798 0.381063 0.3679 0.3401 0.330379 0.314888 0.305311 0.294468 0.285286 0.278097 0.26998 0.268588 0.268335 0.267739 0.264343 0.264998 0.264632 0.262598 0.258494 0.25152 0.242727 0.231746 0.218775 0.204329 0.183747 0.166216 0.144273 0.120703 0 -9999 -9999 -9999 -9999 -9999 -9999
-9999 -9999 -9999 -9999 0.250919 0.276713 0.29504 0.310301 0.315449 0.317322 0.318303 0.315806 0.308884 0.298183 0.289336 0.272728 0.25607 0.281916 0.313965 0.331311 0.338285 0.323287 0.337111 0.341071 0.352379 0.353544 0.360104 0.374269 0.376897 0.378227 0.375101 0.37312 0.396401 0.40852 0.416103 0.416974 0.413646 0.406954 0.401491 0.387394 0.367816 0.361688 0.339121 0.325785 0.313267 0.302277 0.292366 0.283837 0.277353 0.272354 0.267007 0.262257 0.259525 0.260452 0.260841 0.260073 0.257695 0.25345 0.247137 0.241003 0.226816 0.214268 0.200308 0.180357 0.164492 0.148247 0.131059 0.103912 0 0 0 -9999 -9999 -9999
-9999 -9999 -9999 -9999 0.222352 0.2566 0.283374 0.299276 0.308475 0.313467 0.31601 0.312743 0.310081 0.302676 0.295683 0.285013 0.269271 0.260651 0.280441 0.311514 0.335928 0.340742 0.347349 0.349864 0.353586 0.362152 0.372033 0.382955 0.377539 0.375386 0.372702 0.375868 0.394205 0.398736 0.397917 0.410014 0.405029 0.396949 0.382296 0.371795 0.3621 0.344207 0.325393 0.308844 0.302001 0.295684 0.288351 0.280926 0.274696 0.261646 0.259493 0.254641 0.254988 0.255317 0.255141 0.253952 0.251281 0.246753 0.240423 0.232381 0.225068 0.213593 0.195396 0.176211 0.161355 0.1462 0.131229 0.115058 0 0 0 0 -9999 -9999
-9999 -9999 -9999 -9999 0.215893 0.250665 0.275696 0.287432 0.302226 0.307315 0.312959 0.313261 0.310718 0.30457 0.296723 0.288157 0.274813 0.265728 0.280734 0.300176 0.317553 0.32695 0.34351 0.350458 0.357108 0.355912 0.364135 0.380388 0.383184 0.371912 0.373735 0.371477 0.390814 0.394888 0.392634 0.39766 0.39263 0.374767 0.35782 0.347161 0.349209 0.33356 0.310878 0.295013 0.288274 0.288423 0.266551 0.260821 0.26008 0.257435 0.2499 0.249357 0.249146 0.248937 0.248173 0.246538 0.243581 0.238882 0.232599 0.224696 0.215127 0.207198 0.194982 0.176278 0.157595 0.143689 0.129893 0.116159 0 0 0 0 0 -9999
-9999 -9999 -9999 -9999 0.201351 0.241875 0.264452 0.281095 0.296495 0.303854 0.309288 0.31055 0.307672 0.30507 0.300498 0.293154 0.288639 0.280513 0.269429 0.294461 0.302675 0.312994 0.309264 0.32235 0.330042 0.335887 0.36028 0.371621 0.368101 0.367462 0.371524 0.372505 0.384683 0.386752 0.386478 0.383842 0.370162 0.350982 0.332942 0.331819 0.320886 0.322364 0.290503 0.277615 0.274649 0.26806 0.255882 0.24641 0.252488 0.243786 0.242963 0.242527 0.242239 0.24134 0.240197 0.238018 0.234706 0.230021 0.223821 0.216222 0.207257 0.197129 0.188787 0.170999 0.158156 0.14023 0.126975 0.110643 0 0 0 0 0 0
-9999 -9999 -9999 -9999 -9999 0.217111 0.239791 0.264317 0.279225 0.289351 0.295232 0.296996 0.296376 0.295045 0.292445 0.287127 0.280403 0.26973 0.262552 0.270126 0.276404 0.281431 0.290866 0.309715 0.321029 0.322502 0.323675 0.329229 0.347022 0.354145 0.359782 0.364132 0.373267 0.373818 0.371222 0.362666 0.338854 0.322186 0.306952 0.299384 0.28624 0.293666 0.269311 0.268471 0.263284 0.256659 0.241361 0.236769 0.233497 0.234167 0.231285 0.232099 0.234169 0.232884 0.231168 0.228582 0.225102 0.220423 0.214452 0.205291 0.196547 0.186781 0.178804 0.161443 0.148636 0.13603 0.123114 0.112804 0.102015 0 0 0 0 0
-9999 -9999 -9999 -9999 -9999 0.205725 0.232338 0.259848 0.270535 0.280811 0.289605 0.29141 0.289719 0.28785 0.285672 0.283004 0.274846 0.267209 0.260388 0.259616 0.263979 0.26407 0.275693 0.297709 0.306997 0.312291 0.299812 0.300851 0.320795 0.338232 0.344523 0.347872 0.337563 0.341899 0.334458 0.322684 0.316307 0.306832 0.291347 0.288334 0.27376 0.268407 0.255924 0.252238 0.246553 0.245289 0.231607 0.225293 0.221392 0.222874 0.220421 0.223487 0.223516 0.222126 0.219989 0.217146 0.21335 0.208582 0.202597 0.195514 0.187419 0.178327 0.168206 0.15863 0.1324 0.121555 0.11353 0.105731 0 0 0 0 0 0
-9999 -9999 -9999 -9999 -9999 0.206377 0.225136 0.249204 0.267442 0.270474 0.279955 0.28539 0.283313 0.280595 0.277637 0.276728 0.267856 0.258247 0.251033 0.242725 0.246836 0.257232 0.269538 0.284963 0.292122 0.295612 0.288878 0.298253 0.312715 0.322537 0.32832 0.330664 0.330127 0.329515 0.323847 0.319723 0.30912 0.293098 0.283016 0.279558 0.26047 0.254241 0.251706 0.235677 0.236261 0.233367 0.21805 0.209506 0.213685 0.214506 0.215424 0.214775 0.213234 0.212009 0.209389 0.206285 0.202417 0.197648 0.192012 0.185334 0.177889 0.168874 0.158814 0.140842 0.123927 0.115 0.109667 0.104134 0 0 0 0 0 0
-9999 -9999 -9999 -9999 -9999 0.207096 0.223428 0.243895 0.256919 0.260447 0.270348 0.279112 0.279213 0.276235 0.27581 0.272604 0.265218 0.257168 0.248577 0.24547 0.236585 0.250193 0.258427 0.271585 0.280336 0.274223 0.274823 0.285347 0.295743 0.302097 0.311763 0.314344 0.314022 0.305831 0.301026 0.301187 0.29652 0.289423 0.276772 0.271032 0.260093 0.251904 0.243804 0.227216 0.224755 0.219072 0.20532 0.207159 0.207272 0.206527 0.20603 0.203914 0.202417 0.201221 0.198403 0.195084 0.191143 0.186585 0.181196 0.174809 0.167858 0.158652 0.147408 0.132665 0.109524 0.108763 0.108496 0 0 0 0 0 0 0
-9999 -9999 -9999 -9999 -9999 0.202616 0.218988 0.235971 0.243616 0.245657 0.262031 0.272298 0.272995 0.271831 0.270358 0.261324 0.262682 0.261717 0.254023 0.242577 0.230231 0.233928 0.246218 0.256861 0.264646 0.252539 0.251653 0.257954 0.270549 0.281885 0.293169 0.297283 0.295841 0.28235 0.267085 0.272359 0.277195 0.273895 0.267792 0.255896 0.248617 0.241318 0.230684 0.206176 0.207891 0.204827 0.197788 0.196142 0.19679 0.197089 0.192113 0.18989 0.190847 0.19011 0.187031 0.183607 0.179809 0.175401 0.170392 0.164144 0.157357 0.149521 0.13331 0.120431 0 0.103217 0.101338 0 0 0 0 0 0 0
-9999 -9999 -9999 -9999 -9999 0.195786 0.207091 0.222564 0.228961 0.239031 0.254016 0.261561 0.265377 0.265702 0.264778 0.261015 0.259135 0.254912 0.246783 0.235512 0.22312 0.215965 0.222981 0.238047 0.234534 0.232624 0.229574 0.238786 0.251096 0.267998 0.278152 0.280475 0.280319 0.277453 0.266039 0.251691 0.249638 0.253388 0.24465 0.234557 0.233879 0.228834 0.218992 0.21057 0.199208 0.186262 0.183894 0.181548 0.182942 0.187442 0.185006 0.18136 0.181665 0.178618 0.175399 0.172054 0.168307 0.164204 0.159663 0.154153 0.147411 0.135542 0.124191 0.11044 0.103271 0.101649 0 0 0 0 0 0 0 0
-9999 -9999 -9999 -9999 -9999 0.185425 0.197778 0.211448 0.224306 0.236551 0.247152 0.247842 0.253565 0.253691 0.256994 0.256607 0.253246 0.249787 0.242882 0.227889 0.215718 0.202518 0.208423 0.228877 0.223391 0.217923 0.206287 0.221661 0.238281 0.253244 0.261594 0.256292 0.262412 0.261599 0.256783 0.247779 0.234004 0.231955 0.220259 0.21675 0.217902 0.21567 0.210977 0.204037 0.185937 0.178022 0.173068 0.16929 0.170162 0.172608 0.175166 0.172597 0.170336 0.166995 0.16364 0.160309 0.156767 0.152897 0.148604 0.143656 0.133846 0.122762 0.113858 0.103273 0 0 0 0 0 0 0 0 0 0
-9999 -9999 -9999 -9999 -9999 -9999 0.193109 0.206376 0.215984 0.217819 0.226602 0.231171 0.234805 0.23555 0.247187 0.248187 0.246247 0.243112 0.237351 0.226226 0.219018 0.206209 0.197525 0.196237 0.198452 0.20344 0.203382 0.210416 0.225707 0.241385 0.24327 0.233574 0.234698 0.236127 0.239766 0.236264 0.218418 0.208268 0.199189 0.201546 0.203835 0.201929 0.198765 0.194146 0.172721 0.165971 0.168067 0.168491 0.165171 0.165307 0.164495 0.161523 0.158523 0.155088 0.151774 0.148445 0.144935 0.141433 0.137145 0.131688 0.121934 0.103606 0.100036 0 0 0 0 0 0 0 0 0 0 0
-9999 -9999 -9999 -9999 -9999 -9999 0.184616 0.199283 0.200754 0.198645 0.19148 0.192908 0.213035 0.216816 0.227804 0.23855 0.238371 0.235322 0.230013 0.223879 0.213804 0.199045 0.187587 0.179129 0.19613 0.203653 0.206934 0.211513 0.220479 0.221984 0.211721 0.201902 0.206395 0.208688 0.219651 0.22072 0.217125 0.205814 0.19285 0.184976 0.18958 0.18785 0.185276 0.182053 0.169987 0.153985 0.160177 0.159744 0.158071 0.155178 0.153664 0.150277 0.146643 0.143241 0.139801 0.136464 0.132977 0.129514 0.124347 0.118657 0.10579 0 0 0 0 0 0 0 0 0 0 0 0 0
-9999 -9999 -9999 -9999 -9999 -9999 -9999 -9999 -9999 -9999 -9999 0.183289 0.18658 0.201376 0.213937 0.228816 0.229405 0.226977 0.224198 0.214639 0.20403 0.203272 0.184493 0.17365 0.189209 0.193237 0.200185 0.202312 0.204633 0.199781 0.190446 0.177835 0.18273 0.193512 0.205066 0.203997 0.203377 0.197193 0.188604 0.170736 0.176012 0.174171 0.172543 0.16941 0.152295 0.14448 0.150255 0.145657 0.145465 0.146101 0.142526 0.138758 0.135003 0.131362 0.12775 0.124377 0.12107 0.117679 0.113834 0.108468 0 0 0 0 0 0 0 0 0 0 0 0 0 0
-9999 -9999 -9999 -9999 -9999 -9999 -9999 -9999 -9999 -9999 -9999 0.159765 0.156972 0.189206 0.202938 0.216261 0.219114 0.216636 0.213177 0.208803 0.203479 0.195 0.175706 0.164186 0.177586 0.181518 0.184999 0.183667 0.176226 0.174341 0.163837 0.156478 0.167437 0.177748 0.1877 0.188884 0.1873 0.185602 0.170604 0.158167 0.158807 0.158745 0.160157 0.149074 0.140317 0.139378 0.140488 0.140066 0.138213 0.135196 0.13166 0.127324 0.123291 0.119453 0.115646 0.112265 0.10924 0.1063 0.103565 0 0 0 0 0 0 0 0 0 0 0 0 0 0 0
