Test_Spring_2018b/12_17/Prec/20171228_007.txt
ncols	170
nrows	115
xllcorner	350000.000000
yllcorner	4445000.000000
cellsize	1000.000000
nodata_value	-9999.000000
[rows 32 to 63 of 115, columns 72 to 143 of 170]
3.09326 3.09561 3.10621 3.11638 3.10544 3.09934 3.13033 3.1297 3.12588 3.11794 3.11315 3.10759 3.10221 3.08977 3.06257 3.03668 3.03993 3.03189 3.01515 3.01737 2.99828 2.96665 2.92614 2.9233 2.90184 2.79397 2.74074 -9999 -9999 -9999 -9999 -9999 -9999 -9999 -9999 -9999 -9999 -9999 -9999 -9999 -9999 -9999 -9999 -9999 -9999 -9999 -9999 -9999 -9999 -9999 -9999 -9999 -9999 -9999 -9999 -9999 -9999 -9999 -9999 -9999 -9999 -9999 -9999 -9999 -9999 -9999 -9999 -9999 -9999 -9999 -9999 -9999
3.10849 3.11207 3.12458 3.12962 3.10224 3.11888 3.14772 3.1482 3.14627 3.14216 3.13778 3.13254 3.1228 3.10951 3.08555 3.05687 3.04434 3.04659 3.03716 3.02761 3.00865 2.98669 2.95895 2.95239 2.93862 2.85829 2.77122 2.73885 -9999 -9999 -9999 -9999 -9999 -9999 -9999 -9999 -9999 -9999 -9999 -9999 -9999 -9999 -9999 -9999 -9999 -9999 -9999 -9999 -9999 -9999 -9999 -9999 -9999 -9999 -9999 -9999 -9999 -9999 -9999 -9999 -9999 -9999 -9999 -9999 -9999 -9999 -9999 -9999 -9999 -9999 -9999 -9999
3.12337 3.12055 3.12965 3.13789 3.10984 3.15733 3.15837 3.16712 3.16626 3.16501 3.15981 3.15465 3.14664 3.1341 3.11683 3.09585 3.06272 3.06934 3.07112 3.05883 3.04477 3.0245 2.99668 2.98953 2.9721 2.85821 2.79911 2.76713 2.74173 -9999 -9999 -9999 -9999 -9999 -9999 -9999 -9999 -9999 -9999 -9999 -9999 -9999 -9999 -9999 -9999 -9999 -9999 -9999 -9999 -9999 -9999 -9999 -9999 -9999 -9999 -9999 -9999 -9999 -9999 -9999 -9999 -9999 -9999 -9999 -9999 -9999 -9999 -9999 -9999 -9999 -9999 -9999
3.1378 3.13278 3.14145 3.15208 3.15555 3.15476 3.18088 3.18402 3.18706 3.18676 3.18239 3.16973 3.16586 3.16196 3.14925 3.12633 3.10182 3.08799 3.09555 3.0881 3.07268 3.06116 3.03424 3.02114 3.0007 2.94052 2.8596 2.80085 2.77365 2.74144 -9999 -9999 -9999 -9999 -9999 -9999 -9999 -9999 -9999 -9999 -9999 -9999 -9999 -9999 -9999 -9999 -9999 -9999 -9999 -9999 -9999 -9999 -9999 -9999 -9999 -9999 -9999 -9999 -9999 -9999 -9999 -9999 -9999 -9999 -9999 -9999 -9999 -9999 -9999 -9999 -9999 -9999
-9999 -9999 3.15062 3.15309 3.19045 3.16771 3.19928 3.20415 3.20895 3.2098 3.20273 3.19881 3.19724 3.18941 3.17599 3.16416 3.14565 3.12471 3.11689 3.11904 3.0964 3.09075 3.07165 3.05472 3.02762 2.96352 2.87377 2.81941 2.79283 2.76321 -9999 -9999 -9999 -9999 -9999 -9999 -9999 -9999 -9999 -9999 -9999 -9999 -9999 -9999 -9999 -9999 -9999 -9999 -9999 -9999 -9999 -9999 -9999 -9999 -9999 -9999 -9999 -9999 -9999 -9999 -9999 -9999 -9999 -9999 -9999 -9999 -9999 -9999 -9999 -9999 -9999 -9999
-9999 -9999 -9999 3.1694 3.20475 3.22 3.21787 3.22249 3.23064 3.23315 3.23229 3.23132 3.22811 3.22229 3.21181 3.19839 3.18036 3.16886 3.16617 3.15122 3.1321 3.11522 3.1007 3.07874 3.00926 2.97442 2.94062 2.82903 2.79843 2.7798 2.75533 -9999 -9999 -9999 -9999 -9999 -9999 -9999 -9999 -9999 -9999 -9999 -9999 2.55915 -9999 -9999 -9999 -9999 -9999 -9999 -9999 -9999 -9999 -9999 -9999 -9999 -9999 -9999 -9999 -9999 -9999 -9999 -9999 -9999 1.99063 -9999 -9999 -9999 -9999 -9999 -9999 -9999
-9999 -9999 3.19334 3.21865 3.22765 3.23934 3.21133 3.24254 3.253 3.25722 3.2589 3.25942 3.25562 3.25387 3.24717 3.23346 3.22347 3.21561 3.20317 3.1884 3.17077 3.14944 3.12556 3.10027 3.04209 3.00723 2.97636 2.8873 2.83687 2.8076 2.77551 2.74845 -9999 -9999 -9999 -9999 -9999 -9999 -9999 2.65969 2.6393 2.61784 2.59757 2.58141 2.55012 -9999 -9999 -9999 -9999 -9999 -9999 -9999 -9999 -9999 -9999 -9999 -9999 -9999 -9999 -9999 -9999 -9999 -9999 -9999 2.01141 1.98123 -9999 -9999 -9999 -9999 -9999 -9999
-9999 -9999 3.2268 3.23646 3.24405 3.25623 3.26685 3.26532 3.27327 3.2814 3.28673 3.28889 3.28811 3.28908 3.28183 3.2739 3.2634 3.25606 3.24179 3.22183 3.19889 3.17422 3.14446 3.11893 3.06428 3.03073 2.99455 2.95974 2.86172 2.8221 2.78546 2.75485 -9999 -9999 -9999 -9999 -9999 -9999 2.70232 2.69149 2.67536 2.64323 2.62624 2.60676 2.57744 2.48934 -9999 -9999 -9999 -9999 -9999 -9999 -9999 -9999 -9999 -9999 -9999 -9999 -9999 -9999 2.14577 2.11909 2.07906 2.04926 2.02313 1.99294 -9999 -9999 -9999 -9999 -9999 -9999
-9999 -9999 3.23975 3.25075 3.26094 3.27236 3.28111 3.32046 3.29568 3.3049 3.31261 3.31895 3.32328 3.32104 3.31828 3.30665 3.30502 3.2922 3.27404 3.24726 3.22146 3.18457 3.15271 3.09974 3.07878 3.04141 2.99756 2.95194 2.89025 2.82665 2.80197 2.77373 -9999 -9999 -9999 -9999 -9999 -9999 2.72719 2.71682 2.70226 2.67929 2.64353 2.62774 2.54928 2.50829 2.47297 2.44603 2.41762 2.34019 2.28921 2.27113 2.25067 2.23945 -9999 -9999 -9999 -9999 2.18612 2.17475 2.16185 2.14204 2.09951 2.06352 2.02787 1.99128 -9999 -9999 -9999 -9999 -9999 -9999
-9999 -9999 3.2587 3.26647 3.27402 3.28162 3.29544 3.33516 3.31536 3.35272 3.36047 3.36752 3.37284 3.37422 3.37028 3.36706 3.35881 3.34453 3.31543 3.28054 3.26449 3.20207 3.16732 3.11468 3.08953 3.04846 2.99896 2.94896 2.90274 2.84374 2.81627 2.80813 -9999 -9999 -9999 2.78038 2.7819 2.77151 2.7611 2.75497 2.74326 2.70287 2.67885 2.63589 2.56586 2.52202 2.47763 2.44458 2.42429 2.39589 2.29865 2.27996 2.25959 2.26354 2.25463 2.2458 2.23664 2.22671 2.21722 2.20738 2.19544 2.17767 2.11826 2.08609 2.0569 1.98246 -9999 -9999 -9999 -9999 -9999 -9999
-9999 -9999 3.2968 3.30445 3.31324 3.32726 3.33757 3.35239 3.3877 3.37206 3.3825 3.38754 3.39807 3.4021 3.40239 3.39778 3.38799 3.36443 3.3322 3.29587 3.26428 3.25441 3.21284 3.15147 3.12549 3.05154 3.0231 2.97428 2.9448 2.90592 2.83736 2.80625 -9999 -9999 2.78007 2.79429 2.80127 2.79902 2.78867 2.77284 2.76317 2.74061 2.72452 2.68318 2.6042 2.56816 2.48886 2.45354 2.43548 2.40344 2.34456 2.30213 2.28505 2.27005 2.26025 2.25082 2.24249 2.23461 2.22497 2.21669 2.2062 2.19072 2.15903 2.13362 2.09641 2.02134 -9999 -9999 -9999 -9999 -9999 -9999
-9999 -9999 3.33405 3.34401 3.35599 3.36466 3.37776 3.36494 3.39699 3.41329 3.40216 3.41011 3.41688 3.4265 3.42819 3.42504 3.41651 3.39326 3.36339 3.32283 3.28527 3.26229 3.22547 3.15937 3.12832 3.09173 3.05572 3.02538 2.95723 2.91174 2.8811 2.82052 2.79977 -9999 2.79152 2.79558 2.80703 2.81372 2.81178 2.7929 2.78475 2.76312 2.73574 2.69902 2.62451 2.58743 2.54764 2.50698 2.47586 2.41066 2.3482 2.32537 2.28703 2.2727 2.26174 2.25297 2.24584 2.23952 2.2328 2.22501 2.21512 2.20217 2.17991 2.14791 2.10935 2.03226 -9999 -9999 -9999 -9999 -9999 -9999
-9999 3.33498 3.34149 3.35554 3.36592 3.37681 3.38864 3.40083 3.43265 3.42701 3.43892 3.43122 3.43388 3.44154 3.4458 3.44802 3.44022 3.42618 3.4011 3.35555 3.33177 3.29407 3.2476 3.17484 3.13994 3.11416 3.07706 3.03442 2.99332 2.94384 2.88441 2.8558 2.80258 2.79811 2.8038 2.8074 2.81468 2.82624 2.82891 2.8202 2.80325 2.78014 2.75279 2.71565 2.64631 2.60315 2.55709 2.51416 2.47245 2.43687 2.37368 2.32265 2.30315 2.27234 2.26157 2.25359 2.24762 2.24267 2.23748 2.23094 2.22257 2.2115 2.19239 2.16339 2.10768 2.04322 -9999 -9999 -9999 -9999 -9999 -9999
-9999 -9999 3.34591 3.35578 3.36444 3.37527 3.38911 3.40442 3.43995 3.44923 3.46052 3.45971 3.45119 3.45164 3.4618 3.46287 3.45832 3.44525 3.42553 3.39282 3.35672 3.31888 3.27173 3.20938 3.17422 3.13487 3.09331 3.03957 2.9884 2.93033 2.88573 2.86283 2.82004 2.80566 2.80895 2.8237 2.83251 2.83178 2.82616 2.83153 2.81579 2.79269 2.76817 2.72759 2.66098 2.61289 2.56987 2.52451 2.48012 2.42337 2.36955 2.33764 2.3185 2.28211 2.26066 2.25319 2.24818 2.24423 2.24032 2.23521 2.22812 2.21511 2.19498 2.16909 2.11252 2.05115 -9999 -9999 -9999 -9999 -9999 -9999
-9999 -9999 -9999 -9999 3.36838 3.38079 3.39327 3.40793 3.44687 3.45795 3.4677 3.475 3.47791 3.46758 3.46971 3.46992 3.45572 3.44895 3.44408 3.42193 3.3943 3.3473 3.27768 3.24534 3.20157 3.14803 3.098 3.04982 2.99404 2.93966 2.89098 2.85225 2.83345 2.83723 2.83235 2.84827 2.85369 2.84466 2.84138 2.83666 2.82882 2.80991 2.77919 2.73774 2.6715 2.6192 2.58046 2.53415 2.48402 2.43574 2.36839 2.33823 2.31016 2.2928 2.27569 2.25245 2.24792 2.24488 2.24199 2.23804 2.22746 2.21632 2.20141 2.18248 2.12482 2.05321 -9999 -9999 -9999 -9999 -9999 -9999
-9999 -9999 -9999 -9999 3.36848 3.37995 3.39523 3.41843 3.45309 3.46356 3.47097 3.47883 3.48224 3.47941 3.47291 3.46564 3.45189 3.44546 3.44137 3.42704 3.4015 3.35662 3.30321 3.25952 3.21204 3.15386 3.10063 3.05452 2.99824 2.94107 2.89807 2.85479 2.84386 2.83893 2.84127 2.85313 2.86443 2.8659 2.85365 2.8473 2.84179 2.8183 2.78234 2.74829 2.67892 2.62301 2.58659 2.54141 2.49081 2.44455 2.37426 2.33978 2.31168 2.28906 2.27142 2.25804 2.24737 2.24481 2.2427 2.23777 2.23077 2.22044 2.2061 2.18767 2.14271 2.05794 -9999 -9999 -9999 -9999 -9999 -9999
-9999 -9999 -9999 -9999 -9999 3.37848 3.39938 3.42597 3.45765 3.46442 3.4743 3.48045 3.48208 3.48256 3.47557 3.463 3.43589 3.43067 3.42621 3.4217 3.40469 3.37366 3.30859 3.25973 3.19778 3.13797 3.09415 3.05093 2.99905 2.9449 2.89943 2.88308 2.8729 2.86896 2.86495 2.85805 2.86664 2.87212 2.86117 2.85686 2.8484 2.82165 2.79078 2.75486 2.68514 2.63946 2.5924 2.54991 2.49684 2.45174 2.38184 2.34454 2.3139 2.2892 2.27071 2.2569 2.24853 2.24502 2.24257 2.23895 2.23254 2.2227 2.20894 2.19104 2.16727 2.10161 2.05825 -9999 -9999 -9999 -9999 -9999
-9999 -9999 -9999 -9999 -9999 3.3749 3.38992 3.41857 3.45152 3.46575 3.47559 3.48054 3.47902 3.47852 3.46802 3.46231 3.43892 3.4158 3.40835 3.38559 3.3837 3.37503 3.31108 3.23142 3.17598 3.12412 3.0856 3.04551 3.00353 2.94041 2.90387 2.8969 2.88815 2.88204 2.87874 2.87393 2.87082 2.88355 2.87428 2.86767 2.85027 2.82874 2.79395 2.7565 2.69597 2.64692 2.59925 2.55744 2.5026 2.46065 2.38969 2.35042 2.31768 2.29444 2.27432 2.26005 2.25055 2.24683 2.246 2.23894 2.23301 2.22363 2.21028 2.19313 2.17181 2.12585 2.08471 2.04927 2.02134 -9999 -9999 -9999
-9999 -9999 -9999 -9999 -9999 -9999 3.37782 3.41265 3.45127 3.46215 3.475 3.47948 3.48466 3.47913 3.46569 3.45267 3.43127 3.4052 3.36869 3.38205 3.38695 3.37453 3.31369 3.24262 3.19022 3.14962 3.11743 3.07167 3.02914 2.97136 2.93574 2.90276 2.88556 2.88179 2.88065 2.88409 2.88771 2.88606 2.88844 2.86636 2.85079 2.83064 2.8034 2.7711 2.70044 2.66223 2.61272 2.56796 2.5192 2.47122 2.39985 2.35855 2.32867 2.30388 2.28316 2.26536 2.25656 2.25219 2.25075 2.25065 2.23269 2.22354 2.21081 2.19412 2.17374 2.13054 2.10039 2.06289 2.02206 1.97862 -9999 -9999
-9999 -9999 -9999 -9999 -9999 -9999 3.37036 3.40381 3.44285 3.4621 3.48493 3.48776 3.48631 3.48084 3.46962 3.45282 3.43707 3.40869 3.37697 3.38885 3.38023 3.37135 3.34373 3.25048 3.22134 3.17708 3.14143 3.09221 3.05107 3.00631 2.96751 2.93205 2.89991 2.87628 2.88801 2.89219 2.89693 2.89809 2.8973 2.89367 2.86641 2.82905 2.7935 2.77153 2.70815 2.66646 2.6222 2.57686 2.53054 2.48454 2.41402 2.37729 2.34239 2.31678 2.29079 2.27618 2.26657 2.26103 2.2584 2.25731 2.25616 2.23481 2.21091 2.19483 2.17518 2.13226 2.10447 2.07462 2.04228 1.99589 1.95629 1.89996
-9999 -9999 -9999 -9999 -9999 -9999 3.34027 3.38414 3.45935 3.4745 3.48619 3.48797 3.48727 3.47946 3.47268 3.45928 3.44533 3.42459 3.39431 3.36983 3.36618 3.38314 3.34395 3.27857 3.24333 3.20049 3.15793 3.12138 3.08718 3.03974 2.99963 2.95819 2.92845 2.90615 2.91075 2.90382 2.89601 2.91041 2.90571 2.89861 2.88259 2.8353 2.81641 2.75881 2.70048 2.65594 2.62074 2.58321 2.54197 2.49906 2.42912 2.39343 2.3611 2.32671 2.3063 2.29083 2.28004 2.27319 2.26915 2.26647 2.26399 2.26044 2.22709 2.21414 2.17685 2.134 2.1076 2.07925 2.04987 2.01802 1.98538 1.92448
-9999 -9999 -9999 -9999 -9999 -9999 3.3698 3.43269 3.4589 3.47344 3.48664 3.48754 3.48981 3.48554 3.47777 3.46504 3.44924 3.43091 3.40388 3.37932 3.38282 3.37164 3.36747 3.3091 3.24811 3.21474 3.17953 3.15072 3.11457 3.07351 3.03562 2.99056 2.96113 2.93197 2.93754 2.92904 2.91784 2.92102 2.91422 2.89212 2.87121 2.85693 2.81287 2.78212 2.71855 2.65158 2.61817 2.59102 2.55251 2.51137 2.44617 2.41242 2.37013 2.34526 2.32466 2.30857 2.29662 2.28836 2.28272 2.27831 2.2742 2.26909 2.26168 2.21675 2.2005 2.15719 2.11103 2.0843 2.05649 2.02787 2.00242 1.94694
-9999 -9999 -9999 -9999 -9999 -9999 3.39744 3.43313 3.45584 3.47688 3.49035 3.49353 3.49462 3.49064 3.48143 3.47248 3.46029 3.44314 3.42774 3.40484 3.37465 3.38841 3.35627 3.29952 3.28577 3.26232 3.2287 3.19066 3.1186 3.0917 3.05427 3.01868 2.99357 2.96933 2.96531 2.95334 2.94333 2.93444 2.91399 2.8879 2.86342 2.86 2.84091 2.78411 2.70731 2.69833 2.67064 2.63422 2.56108 2.51738 2.46235 2.4155 2.38887 2.36534 2.34537 2.3286 2.31582 2.30598 2.29854 2.29245 2.28651 2.27979 2.2712 2.26003 2.20465 2.1606 2.13721 2.11967 2.09181 2.04175 2.01434 1.95767
-9999 -9999 -9999 -9999 -9999 -9999 -9999 3.45312 3.4792 3.50259 3.51312 3.51756 3.51692 3.51153 3.50369 3.49539 3.48545 3.47131 3.45395 3.42918 3.40607 3.39885 3.36533 3.29821 3.27681 3.26451 3.23955 3.19974 3.14232 3.11082 3.09585 3.06967 3.04541 3.02414 2.98968 2.97507 2.96068 2.94212 2.90607 2.90644 2.885 2.87271 2.85067 2.79633 2.72626 2.70661 2.67743 2.64296 2.59422 2.52272 2.47784 2.45145 2.42181 2.39947 2.36753 2.35055 2.33675 2.32551 2.31648 2.3086 2.30091 2.30446 2.29503 2.28332 2.2218 2.17504 2.15117 2.12567 2.09807 2.0726 2.04561 1.97161
-9999 -9999 -9999 -9999 -9999 -9999 -9999 3.45993 3.48729 3.51527 3.5207 3.52564 3.52893 3.52341 3.51372 3.50408 3.49396 3.4826 3.46275 3.44168 3.41912 3.40142 3.38695 3.29094 3.27523 3.27036 3.24629 3.21535 3.14458 3.10914 3.1003 3.09058 3.06935 3.04814 3.01318 3.00213 2.97973 2.9553 2.94083 2.92394 2.89953 2.89085 2.86491 2.84831 2.73121 2.70848 2.67994 2.6544 2.61008 2.53862 2.49261 2.46946 2.44233 2.42455 2.40543 2.38765 2.37237 2.35963 2.34882 2.33933 2.33006 2.32028 2.30919 2.29596 2.27988 2.20807 2.1433 2.11956 2.09812 2.07585 2.02027 1.98184
-9999 -9999 -9999 -9999 -9999 -9999 -9999 3.48021 3.49799 3.52222 3.53836 3.53423 3.53872 3.53804 3.52761 3.51641 3.50466 3.495 3.47364 3.4496 3.4265 3.39924 3.38541 3.37667 3.28878 3.27803 3.25436 3.22451 3.16424 3.1432 3.13022 3.11312 3.09338 3.0723 3.05098 3.03323 3.01227 2.99638 2.9742 2.94622 2.9265 2.91491 2.88105 2.86189 2.84475 2.71285 2.69369 2.66759 2.62315 2.53307 2.51513 2.49313 2.47232 2.45113 2.43099 2.41391 2.39783 2.38396 2.37165 2.36025 2.34917 2.33744 2.32467 2.30912 2.29091 2.26054 2.14737 2.12544 2.10706 2.08749 2.01115 1.99198
-9999 -9999 -9999 -9999 -9999 -9999 -9999 3.50267 3.51823 3.53866 3.54878 3.54604 3.5516 3.55559 3.54803 3.53621 3.52738 3.51413 3.4942 3.47184 3.44677 3.42666 3.39631 3.3931 3.2989 3.28757 3.26881 3.21139 3.18124 3.16478 3.1493 3.13018 3.11769 3.09842 3.07818 3.05043 3.02992 3.01837 3.00221 2.9839 2.95851 2.94174 2.91682 2.89368 2.86839 2.73071 2.70834 2.67987 2.61674 2.56248 2.54097 2.51874 2.49775 2.47603 2.45695 2.44039 2.42393 2.40903 2.3953 2.38237 2.36943 2.35566 2.34105 2.3228 2.30077 2.27273 2.14521 2.13315 2.12077 2.07702 2.02048 2.00142
-9999 -9999 -9999 -9999 -9999 -9999 -9999 3.52023 3.53699 3.55395 3.55803 3.55425 3.56912 3.57556 3.56897 3.55947 3.54892 3.52747 3.51861 3.50518 3.48104 3.4499 3.41541 3.39998 3.33599 3.29782 3.28012 3.2168 3.18733 3.16798 3.15804 3.14793 3.13958 3.12385 3.103 3.06842 3.03359 3.02773 3.0226 3.00742 2.98865 2.96173 2.9399 2.91658 2.88707 2.80035 2.71809 2.69412 2.60425 2.58194 2.56271 2.54347 2.51808 2.49752 2.48263 2.46713 2.45025 2.43455 2.4198 2.40536 2.39084 2.37492 2.35807 2.33921 2.30831 2.28067 2.21144 2.14308 2.1276 2.04489 2.0307 2.01194
-9999 -9999 -9999 -9999 -9999 -9999 -9999 3.5365 3.54785 3.56415 3.56785 3.57586 3.58982 3.59332 3.59123 3.58375 3.5737 3.55881 3.54512 3.52682 3.50167 3.47056 3.43614 3.40687 3.39474 3.30483 3.26317 3.22578 3.19569 3.18256 3.17459 3.17405 3.16612 3.1495 3.1313 3.11117 3.08117 3.04848 3.0329 3.02541 3.00131 2.97493 2.96016 2.93844 2.90904 2.88014 2.74051 2.67564 2.61999 2.59785 2.58092 2.56865 2.54798 2.52672 2.51185 2.49377 2.47666 2.4605 2.44471 2.4291 2.41322 2.39603 2.37683 2.3502 2.32339 2.29242 2.2692 2.15941 2.11449 2.05845 2.04062 2.02126
-9999 -9999 -9999 -9999 -9999 -9999 -9999 3.54969 3.56391 3.57935 3.59312 3.60537 3.61467 3.60994 3.6109 3.60333 3.59874 3.5879 3.57164 3.55368 3.52951 3.49299 3.45865 3.42151 3.40847 3.35073 3.27457 3.2425 3.20286 3.19992 3.19975 3.19867 3.19017 3.16492 3.15608 3.13916 3.11785 3.09163 3.05944 3.04281 3.01313 2.99373 2.97974 2.96033 2.93669 2.90912 2.8241 2.69742 2.64089 2.61765 2.60108 2.58729 2.57447 2.55575 2.53834 2.52036 2.50312 2.48651 2.47003 2.45326 2.43585 2.41722 2.39159 2.36354 2.33754 2.30845 2.28459 2.23544 2.12689 2.06941 2.05067 2.03101
-9999 -9999 -9999 -9999 -9999 -9999 -9999 -9999 3.58764 3.60431 3.61549 3.61555 3.6238 3.62527 3.62413 3.61767 3.62401 3.61456 3.59948 3.58108 3.55755 3.52537 3.49701 3.4601 3.42782 3.32496 3.27695 3.25984 3.237 3.22471 3.22465 3.22639 3.21108 3.18152 3.16718 3.15388 3.1439 3.12458 3.08611 3.05748 3.02972 3.01643 3.00229 2.98182 2.95898 2.93363 2.80746 2.68567 2.67009 2.65296 2.63168 2.61587 2.5997 2.58152 2.56402 2.54648 2.52946 2.51253 2.49525 2.47764 2.45847 2.43705 2.40913 2.36897 2.34749 2.32198 2.29171 2.24476 2.09498 2.0792 2.06066 2.04018
-9999 -9999 -9999 -9999 -9999 -9999 -9999 -9999 3.60752 3.62806 3.63044 3.62711 3.61581 3.61437 3.63591 3.63383 3.63922 3.64217 3.62857 3.60922 3.5851 3.55839 3.52523 3.485 3.44866 3.39607 3.33207 3.29647 3.27915 3.26505 3.25827 3.243 3.21333 3.18515 3.17652 3.16518 3.16523 3.15175 3.13146 3.10016 3.0658 3.0373 3.02454 3.00269 2.97921 2.95461 2.8765 2.77135 2.69553 2.67755 2.65911 2.64022 2.6242 2.60656 2.58917 2.57238 2.55549 2.53839 2.52046 2.50172 2.47972 2.45592 2.42149 2.38789 2.35708 2.32335 2.31645 2.25897 2.17327 2.0891 2.06932 2.04767
