Test_Spring_2018b/12_17/Prec/20171217_003.txt
ncols	170
nrows	115
xllcorner	350000.000000
yllcorner	4445000.000000
cellsize	1000.000000
nodata_value	-9999.000000
[rows 32 to 63 of 115, columns 72 to 143 of 170]
0.711943 0.724234 0.735365 0.746679 0.779875 0.814677 0.854331 0.863459 0.872092 0.880409 0.887177 0.893245 0.898625 0.904832 0.913456 0.921771 0.924873 0.930139 0.937113 0.94076 0.94828 0.957992 0.969127 0.973179 0.980228 0.985455 0.99391 -9999 -9999 -9999 -9999 -9999 -9999 -9999 -9999 -9999 -9999 -9999 -9999 -9999 -9999 -9999 -9999 -9999 -9999 -9999 -9999 -9999 -9999 -9999 -9999 -9999 -9999 -9999 -9999 -9999 -9999 -9999 -9999 -9999 -9999 -9999 -9999 -9999 -9999 -9999 -9999 -9999 -9999 -9999 -9999 -9999
0.740129 0.751107 0.760945 0.772452 0.792006 0.838403 0.879522 0.888751 0.897624 0.906037 0.913637 0.920564 0.927557 0.934551 0.942945 0.951782 0.957393 0.960106 0.964752 0.969272 0.975353 0.981831 0.989191 0.992543 0.996995 1.00126 1.00857 1.0451 -9999 -9999 -9999 -9999 -9999 -9999 -9999 -9999 -9999 -9999 -9999 -9999 -9999 -9999 -9999 -9999 -9999 -9999 -9999 -9999 -9999 -9999 -9999 -9999 -9999 -9999 -9999 -9999 -9999 -9999 -9999 -9999 -9999 -9999 -9999 -9999 -9999 -9999 -9999 -9999 -9999 -9999 -9999 -9999
0.76843 0.779603 0.789285 0.7997 0.83732 0.89654 0.906574 0.914845 0.924308 0.933157 0.94193 0.949844 0.957389 0.964878 0.972385 0.979789 0.988697 0.989829 0.991342 0.995004 0.998696 1.0033 1.00914 1.01118 1.01505 1.01815 1.05717 1.06089 1.06347 -9999 -9999 -9999 -9999 -9999 -9999 -9999 -9999 -9999 -9999 -9999 -9999 -9999 -9999 -9999 -9999 -9999 -9999 -9999 -9999 -9999 -9999 -9999 -9999 -9999 -9999 -9999 -9999 -9999 -9999 -9999 -9999 -9999 -9999 -9999 -9999 -9999 -9999 -9999 -9999 -9999 -9999 -9999
0.796507 0.807217 0.816356 0.826026 0.857294 0.902718 0.931696 0.94177 0.951538 0.961361 0.971171 0.981554 0.989289 0.99588 1.00287 1.01053 1.01738 1.02132 1.02056 1.02188 1.0242 1.02555 1.0296 1.03122 1.03433 1.03737 1.06938 1.07591 1.07845 1.08217 -9999 -9999 -9999 -9999 -9999 -9999 -9999 -9999 -9999 -9999 -9999 -9999 -9999 -9999 -9999 -9999 -9999 -9999 -9999 -9999 -9999 -9999 -9999 -9999 -9999 -9999 -9999 -9999 -9999 -9999 -9999 -9999 -9999 -9999 -9999 -9999 -9999 -9999 -9999 -9999 -9999 -9999
-9999 -9999 0.843408 0.87211 0.915984 0.927024 0.957349 0.968172 0.978883 0.98987 1.00154 1.01161 1.01997 1.02799 1.03542 1.04095 1.04613 1.05035 1.05103 1.04901 1.05086 1.04935 1.05025 1.05097 1.05391 1.09049 1.08728 1.09351 1.09562 1.0988 -9999 -9999 -9999 -9999 -9999 -9999 -9999 -9999 -9999 -9999 -9999 -9999 -9999 -9999 -9999 -9999 -9999 -9999 -9999 -9999 -9999 -9999 -9999 -9999 -9999 -9999 -9999 -9999 -9999 -9999 -9999 -9999 -9999 -9999 -9999 -9999 -9999 -9999 -9999 -9999 -9999 -9999
-9999 -9999 -9999 0.89551 0.939538 0.950484 0.98236 0.994573 1.00621 1.01851 1.03065 1.04162 1.05144 1.05989 1.06713 1.07279 1.07722 1.07862 1.07688 1.07619 1.07549 1.07406 1.07225 1.07216 1.07179 1.10953 1.11166 1.11222 1.11477 1.11596 1.11882 -9999 -9999 -9999 -9999 -9999 -9999 -9999 -9999 -9999 -9999 -9999 -9999 1.09128 -9999 -9999 -9999 -9999 -9999 -9999 -9999 -9999 -9999 -9999 -9999 -9999 -9999 -9999 -9999 -9999 -9999 -9999 -9999 -9999 0.980351 -9999 -9999 -9999 -9999 -9999 -9999 -9999
-9999 -9999 0.889883 0.948492 0.960107 0.972831 0.985252 1.01998 1.033 1.04686 1.06034 1.07267 1.0839 1.09249 1.09942 1.10494 1.1072 1.10671 1.1051 1.10245 1.0994 1.09665 1.0945 1.09317 1.12335 1.12362 1.12433 1.11983 1.12719 1.13036 1.13491 1.1391 -9999 -9999 -9999 -9999 -9999 -9999 -9999 1.12919 1.12413 1.11814 1.11105 1.10257 1.09643 -9999 -9999 -9999 -9999 -9999 -9999 -9999 -9999 -9999 -9999 -9999 -9999 -9999 -9999 -9999 -9999 -9999 -9999 -9999 0.983303 0.979398 -9999 -9999 -9999 -9999 -9999 -9999
-9999 -9999 0.9571 0.967312 0.980141 0.994149 1.01007 1.04388 1.05941 1.07467 1.08951 1.10333 1.11545 1.1245 1.13193 1.1362 1.13776 1.13585 1.1328 1.12901 1.12467 1.12026 1.117 1.11374 1.13937 1.13816 1.13891 1.14095 1.14094 1.14612 1.1519 1.15735 -9999 -9999 -9999 -9999 -9999 -9999 1.15044 1.14415 1.13722 1.13182 1.12261 1.11308 1.10489 1.104 -9999 -9999 -9999 -9999 -9999 -9999 -9999 -9999 -9999 -9999 -9999 -9999 -9999 -9999 0.998828 0.996513 0.995802 0.992464 0.987763 0.983224 -9999 -9999 -9999 -9999 -9999 -9999
-9999 -9999 0.973995 0.984648 0.99816 1.01389 1.0321 1.07293 1.08433 1.10169 1.11828 1.13328 1.14601 1.15666 1.16369 1.16842 1.16752 1.16519 1.16097 1.15622 1.15004 1.14544 1.14026 1.16177 1.15539 1.15358 1.15477 1.15817 1.16974 1.16236 1.16648 1.17222 -9999 -9999 -9999 -9999 -9999 -9999 1.16722 1.16009 1.1518 1.14337 1.13596 1.12403 1.12077 1.11109 1.10067 1.08939 1.07934 1.05891 1.03951 1.0335 1.02944 1.02502 -9999 -9999 -9999 -9999 1.01091 1.00755 1.00364 1.00002 0.999516 0.996872 0.993311 0.987495 -9999 -9999 -9999 -9999 -9999 -9999
-9999 -9999 0.987427 0.999488 1.01479 1.03298 1.0524 1.09523 1.10826 1.14738 1.16403 1.17884 1.19126 1.20104 1.20798 1.21079 1.21062 1.20805 1.20528 1.20146 1.19299 1.16789 1.19455 1.17779 1.17054 1.16808 1.16931 1.1729 1.18186 1.1748 1.17998 1.19649 -9999 -9999 -9999 1.20344 1.20079 1.19829 1.19364 1.18604 1.17741 1.15673 1.14559 1.1519 1.12953 1.11846 1.10781 1.09587 1.08275 1.07252 1.04265 1.03628 1.03204 1.03292 1.02913 1.02623 1.02392 1.02191 1.01958 1.01675 1.01349 1.01028 1.00334 0.99959 0.994259 0.980034 -9999 -9999 -9999 -9999 -9999 -9999
-9999 -9999 1.02195 1.03495 1.05069 1.07492 1.09582 1.11712 1.15879 1.16998 1.18799 1.20476 1.21748 1.22758 1.23405 1.23686 1.23621 1.23409 1.23029 1.2249 1.21726 1.23535 1.22997 1.21428 1.20666 1.1816 1.19308 1.19594 1.19745 1.20657 1.20404 1.21078 -9999 -9999 1.22057 1.21798 1.21485 1.21111 1.20636 1.2001 1.19038 1.1809 1.16853 1.17355 1.15299 1.13984 1.11295 1.09957 1.09071 1.08016 1.0603 1.0436 1.03825 1.03431 1.0309 1.02853 1.02664 1.02487 1.02319 1.02062 1.01749 1.01408 1.0123 1.00808 1.0046 0.992237 -9999 -9999 -9999 -9999 -9999 -9999
-9999 -9999 1.05495 1.0699 1.08685 1.10641 1.1267 1.13498 1.17814 1.1981 1.20978 1.22747 1.24197 1.25175 1.25819 1.2605 1.2589 1.2556 1.24994 1.24364 1.23529 1.25082 1.24335 1.23786 1.23105 1.22666 1.2238 1.22169 1.20522 1.21544 1.22023 1.22027 1.22659 -9999 1.23291 1.23291 1.22954 1.22452 1.2183 1.21231 1.20172 1.19119 1.19259 1.18138 1.15911 1.14709 1.13369 1.12072 1.10669 1.08007 1.06068 1.05269 1.03945 1.03535 1.03238 1.03034 1.02883 1.02747 1.02594 1.02391 1.02116 1.01761 1.01422 1.01141 1.00761 0.995592 -9999 -9999 -9999 -9999 -9999 -9999
-9999 1.04499 1.06316 1.07875 1.09747 1.11815 1.14022 1.16314 1.20386 1.21518 1.23513 1.24689 1.26299 1.27364 1.27976 1.28085 1.27851 1.27262 1.26491 1.25815 1.26776 1.26648 1.26129 1.24739 1.24025 1.23294 1.2294 1.22871 1.22965 1.23836 1.22779 1.2338 1.23675 1.241 1.24283 1.24361 1.24159 1.2361 1.2292 1.22127 1.21187 1.21167 1.20004 1.18811 1.16547 1.15131 1.13743 1.12321 1.10941 1.09558 1.07548 1.05274 1.04585 1.03608 1.03328 1.03152 1.0304 1.02948 1.0284 1.02681 1.02435 1.02084 1.01767 1.01374 1.00515 0.991178 -9999 -9999 -9999 -9999 -9999 -9999
-9999 -9999 1.07065 1.08831 1.10866 1.13064 1.15359 1.17711 1.21716 1.23748 1.25551 1.2677 1.27928 1.29151 1.29658 1.29766 1.29428 1.28756 1.27807 1.28728 1.28067 1.27354 1.26792 1.25173 1.24385 1.2382 1.23468 1.23525 1.23732 1.24683 1.25058 1.25213 1.24879 1.2486 1.25145 1.25082 1.24906 1.24623 1.24109 1.23067 1.22879 1.21794 1.20565 1.19402 1.17035 1.15581 1.13999 1.12472 1.10989 1.09837 1.07591 1.06526 1.05484 1.04015 1.0337 1.0322 1.03142 1.03096 1.03034 1.02915 1.02703 1.02492 1.01593 1.01044 1.00862 0.99401 -9999 -9999 -9999 -9999 -9999 -9999
-9999 -9999 -9999 -9999 1.11763 1.14027 1.16426 1.18856 1.2277 1.24779 1.26604 1.28193 1.2951 1.30265 1.30907 1.31011 1.30823 1.30116 1.29895 1.29135 1.28316 1.27759 1.26401 1.2541 1.24729 1.24364 1.24103 1.23993 1.24214 1.2502 1.25402 1.25787 1.25969 1.2586 1.25403 1.2536 1.25289 1.25195 1.24673 1.24244 1.23282 1.22213 1.21075 1.19886 1.1748 1.16009 1.14243 1.12616 1.11112 1.09678 1.07613 1.06411 1.05442 1.04572 1.03997 1.03254 1.03206 1.03195 1.03171 1.03091 1.02766 1.0239 1.01862 1.01185 1.01004 0.997255 -9999 -9999 -9999 -9999 -9999 -9999
-9999 -9999 -9999 -9999 1.12635 1.14963 1.17338 1.1962 1.23556 1.2553 1.27343 1.28864 1.30117 1.31086 1.31627 1.31853 1.31864 1.31356 1.30526 1.29661 1.28842 1.2828 1.26665 1.25879 1.25251 1.24942 1.24696 1.24495 1.24662 1.25445 1.25649 1.26047 1.2603 1.26038 1.26001 1.25698 1.25545 1.25279 1.25148 1.24513 1.23541 1.22577 1.21543 1.20213 1.17854 1.16399 1.14527 1.12803 1.11221 1.09657 1.07591 1.06382 1.05338 1.04503 1.03898 1.03528 1.03252 1.03263 1.03266 1.03147 1.02937 1.02577 1.02058 1.01382 1.00966 0.999284 -9999 -9999 -9999 -9999 -9999 -9999
-9999 -9999 -9999 -9999 -9999 1.15795 1.18036 1.202 1.24114 1.26058 1.27724 1.29177 1.30377 1.31223 1.31806 1.32103 1.3231 1.31822 1.3106 1.3009 1.29194 1.28455 1.27106 1.26456 1.26112 1.25834 1.25401 1.2511 1.25144 1.25811 1.25981 1.25815 1.25713 1.25644 1.25681 1.25821 1.25667 1.25406 1.2519 1.24558 1.23682 1.22819 1.2173 1.20462 1.18124 1.16483 1.14788 1.12988 1.11411 1.09776 1.07664 1.06447 1.05393 1.04546 1.03917 1.0353 1.03342 1.03312 1.03314 1.03233 1.03036 1.02691 1.02184 1.01514 1.00726 0.993506 0.984346 -9999 -9999 -9999 -9999 -9999
-9999 -9999 -9999 -9999 -9999 1.1658 1.1884 1.20853 1.24658 1.26325 1.27849 1.29193 1.30342 1.31183 1.31926 1.32053 1.32339 1.32004 1.31381 1.30843 1.29784 1.28749 1.27447 1.27432 1.27028 1.26639 1.26117 1.25751 1.25566 1.26353 1.26287 1.2587 1.2566 1.25556 1.2552 1.25642 1.25658 1.25391 1.24922 1.24366 1.23702 1.22804 1.21848 1.20669 1.18199 1.16665 1.15017 1.13227 1.11692 1.09999 1.07886 1.06678 1.05629 1.0472 1.04084 1.03673 1.03444 1.03414 1.03473 1.03269 1.03072 1.02734 1.0224 1.0158 1.00773 0.990509 0.981158 0.969981 0.957145 -9999 -9999 -9999
-9999 -9999 -9999 -9999 -9999 -9999 1.19599 1.21339 1.24958 1.2651 1.27811 1.29012 1.30958 1.31394 1.3181 1.32072 1.32353 1.32599 1.31925 1.30857 1.29807 1.2897 1.2768 1.27619 1.27244 1.26709 1.26101 1.2584 1.25641 1.26314 1.26166 1.26139 1.25997 1.26234 1.25854 1.2562 1.2547 1.25434 1.25264 1.24236 1.2359 1.22736 1.21726 1.20542 1.18302 1.16663 1.15129 1.13462 1.11875 1.10337 1.08234 1.07069 1.0596 1.05058 1.04404 1.03877 1.03675 1.03613 1.03641 1.03701 1.03059 1.02723 1.02235 1.01595 1.00806 0.990438 0.979562 0.969201 0.959099 0.949607 -9999 -9999
-9999 -9999 -9999 -9999 -9999 -9999 1.20239 1.2181 1.25351 1.26559 1.29478 1.30389 1.30856 1.31239 1.31591 1.31927 1.32139 1.32484 1.32797 1.31605 1.29958 1.292 1.28706 1.27835 1.27141 1.26748 1.26251 1.26071 1.2584 1.26289 1.26145 1.26093 1.26969 1.26668 1.26071 1.25755 1.25521 1.25382 1.25234 1.25019 1.23899 1.22648 1.21881 1.20617 1.18299 1.16845 1.15334 1.13787 1.12254 1.10765 1.08672 1.07461 1.0646 1.05701 1.04687 1.04266 1.04021 1.03915 1.03898 1.03911 1.03899 1.03042 1.02192 1.0157 1.00809 0.990497 0.979848 0.968764 0.95777 0.949407 0.940374 0.921217
-9999 -9999 -9999 -9999 -9999 -9999 1.21312 1.22486 1.28295 1.29003 1.29984 1.30479 1.30863 1.31243 1.31495 1.31775 1.31986 1.32245 1.326 1.32767 1.31592 1.30716 1.29035 1.27701 1.27228 1.26895 1.26582 1.26209 1.2586 1.26397 1.2772 1.27457 1.26923 1.26706 1.26167 1.25974 1.25891 1.25444 1.25312 1.25125 1.24937 1.23455 1.2264 1.20924 1.18567 1.17308 1.15774 1.14223 1.12726 1.11297 1.09239 1.08405 1.07303 1.05854 1.05219 1.04767 1.04477 1.04314 1.04235 1.04191 1.04125 1.03984 1.02639 1.02116 1.00797 0.990378 0.980249 0.969696 0.958964 0.94874 0.939149 0.920585
-9999 -9999 -9999 -9999 -9999 -9999 1.24714 1.28215 1.288 1.29942 1.30314 1.30745 1.31015 1.31294 1.31548 1.31821 1.32091 1.32348 1.327 1.32935 1.32577 1.31289 1.30793 1.29346 1.27684 1.27269 1.26891 1.28576 1.28097 1.28452 1.27991 1.2742 1.27128 1.26982 1.26357 1.26114 1.2601 1.25688 1.25527 1.25561 1.25434 1.24997 1.22767 1.21999 1.1973 1.17703 1.16291 1.14704 1.14067 1.12615 1.10384 1.09155 1.07318 1.06498 1.05849 1.05363 1.05023 1.04798 1.0465 1.04537 1.04406 1.04214 1.03929 1.02103 1.01459 0.99671 0.980699 0.970714 0.960572 0.950613 0.940208 0.919422
-9999 -9999 -9999 -9999 -9999 -9999 1.27488 1.29024 1.29538 1.30511 1.30792 1.31116 1.3136 1.31603 1.3187 1.32079 1.323 1.32566 1.32748 1.33001 1.33306 1.32722 1.31592 1.30083 1.32123 1.3159 1.31136 1.30685 1.29879 1.29171 1.28205 1.27881 1.27488 1.27211 1.26698 1.26442 1.26235 1.26049 1.2606 1.26108 1.26008 1.25364 1.24803 1.22209 1.20185 1.1977 1.18303 1.16874 1.14789 1.13539 1.11207 1.09017 1.08044 1.07221 1.06549 1.06033 1.05639 1.05353 1.05134 1.04945 1.04746 1.04496 1.04164 1.03726 1.01482 0.996707 0.987724 0.978804 0.968483 0.952356 0.942886 0.921988
-9999 -9999 -9999 -9999 -9999 -9999 -9999 1.32478 1.33356 1.33433 1.33577 1.33701 1.33828 1.33987 1.3417 1.3436 1.34589 1.34896 1.35247 1.35693 1.36039 1.35998 1.34996 1.33467 1.33084 1.32418 1.31883 1.31541 1.32629 1.31131 1.30232 1.29616 1.29074 1.28606 1.27261 1.26986 1.2678 1.26688 1.26905 1.2768 1.27541 1.27094 1.2664 1.23758 1.21445 1.20126 1.18835 1.17535 1.16433 1.14245 1.11471 1.1029 1.09329 1.08423 1.07302 1.06753 1.06313 1.05965 1.05675 1.05411 1.05141 1.05121 1.04744 1.04272 1.01754 0.998326 0.989586 0.980249 0.970746 0.960707 0.951193 0.918267
-9999 -9999 -9999 -9999 -9999 -9999 -9999 1.34335 1.3447 1.34424 1.3464 1.34751 1.3481 1.34979 1.352 1.35413 1.35636 1.35876 1.36249 1.36604 1.36918 1.37052 1.37013 1.345 1.34061 1.3332 1.32834 1.32402 1.32926 1.32411 1.31453 1.30577 1.29997 1.29521 1.29404 1.28959 1.28805 1.28742 1.28514 1.28299 1.28142 1.2758 1.27174 1.26418 1.21857 1.20709 1.19543 1.18231 1.17207 1.15158 1.12301 1.11154 1.10214 1.09262 1.08501 1.07883 1.07376 1.06951 1.06586 1.06248 1.05908 1.05535 1.05103 1.04593 1.03998 1.01189 0.993235 0.984225 0.974345 0.964498 0.939686 0.919687
-9999 -9999 -9999 -9999 -9999 -9999 -9999 1.35509 1.35762 1.35753 1.35765 1.36041 1.36087 1.36177 1.36413 1.36649 1.36885 1.37068 1.37436 1.37808 1.38097 1.38376 1.3831 1.38037 1.34925 1.34333 1.33893 1.33503 1.33861 1.33144 1.3231 1.31604 1.31017 1.30539 1.30153 1.29785 1.29542 1.29248 1.29077 1.28982 1.2867 1.28109 1.27818 1.2711 1.26205 1.21366 1.20145 1.18973 1.18091 1.14272 1.13025 1.11942 1.1095 1.10095 1.0936 1.08707 1.08163 1.07685 1.07254 1.06848 1.06437 1.06 1.05512 1.04977 1.04376 1.03874 0.995232 0.986377 0.976504 0.966768 0.928584 0.920932
-9999 -9999 -9999 -9999 -9999 -9999 -9999 1.36845 1.37097 1.37138 1.37257 1.37517 1.37555 1.3757 1.37756 1.37993 1.38153 1.38367 1.38666 1.3896 1.39237 1.39346 1.39547 1.3916 1.36012 1.35457 1.34967 1.3545 1.3494 1.34188 1.33445 1.32812 1.32117 1.31611 1.31191 1.30968 1.30664 1.30226 1.29871 1.29526 1.29249 1.28728 1.28242 1.27598 1.26859 1.21897 1.20827 1.19805 1.16938 1.14812 1.13716 1.1271 1.11777 1.10966 1.1022 1.09541 1.08962 1.08437 1.07951 1.07479 1.07005 1.06512 1.05973 1.05417 1.04834 1.04258 0.998877 0.988522 0.977921 0.954157 0.929648 0.922075
-9999 -9999 -9999 -9999 -9999 -9999 -9999 1.38452 1.38657 1.38755 1.38992 1.39286 1.39173 1.39154 1.39323 1.39505 1.39668 1.39988 1.40034 1.40107 1.40308 1.4056 1.40791 1.40593 1.38301 1.36708 1.36222 1.36785 1.36299 1.3564 1.34838 1.34077 1.33331 1.32771 1.32354 1.32229 1.32141 1.31543 1.30923 1.30453 1.2999 1.29597 1.29015 1.28355 1.27696 1.25148 1.21685 1.20663 1.16628 1.15567 1.14499 1.135 1.12695 1.11893 1.11083 1.10372 1.09767 1.09204 1.08665 1.08138 1.07605 1.07062 1.06481 1.05864 1.05382 1.04755 1.02667 0.990563 0.980646 0.939548 0.930452 0.92276
-9999 -9999 -9999 -9999 -9999 -9999 -9999 1.40241 1.40535 1.40654 1.40918 1.41024 1.4095 1.40998 1.41087 1.41216 1.41336 1.41487 1.41558 1.41648 1.41793 1.41975 1.42143 1.42148 1.41778 1.38145 1.36646 1.38138 1.37686 1.36947 1.36144 1.35243 1.34516 1.33987 1.33523 1.33121 1.32912 1.32752 1.32263 1.3159 1.3116 1.30698 1.29942 1.2922 1.28547 1.27781 1.22391 1.19373 1.17426 1.16414 1.15357 1.1428 1.13429 1.12668 1.11869 1.112 1.10574 1.09976 1.09397 1.0882 1.08232 1.07629 1.07009 1.06456 1.05832 1.05209 1.04379 0.991708 0.965986 0.939844 0.931188 0.923364
-9999 -9999 -9999 -9999 -9999 -9999 -9999 1.42215 1.42465 1.42625 1.42741 1.42807 1.42848 1.43064 1.43099 1.43212 1.43195 1.43216 1.4326 1.43261 1.433 1.43493 1.43581 1.43662 1.43259 1.4045 1.39836 1.39413 1.39146 1.38246 1.37332 1.36473 1.35786 1.35433 1.34808 1.34341 1.33954 1.33639 1.334 1.32833 1.32441 1.31791 1.30964 1.30155 1.29347 1.28542 1.25696 1.20013 1.18171 1.17209 1.1618 1.15166 1.14206 1.13424 1.12686 1.12016 1.11377 1.10756 1.10142 1.09526 1.08894 1.08239 1.07654 1.07045 1.06329 1.056 1.04717 1.02004 0.966675 0.940676 0.931744 0.92355
-9999 -9999 -9999 -9999 -9999 -9999 -9999 -9999 1.44373 1.44554 1.44767 1.45103 1.45204 1.45334 1.45413 1.45487 1.45231 1.45161 1.451 1.4501 1.44934 1.44945 1.44828 1.44818 1.44693 1.40945 1.41428 1.40716 1.40147 1.39432 1.38543 1.37665 1.37133 1.36886 1.36378 1.3585 1.35246 1.34779 1.34611 1.34206 1.33715 1.32888 1.31998 1.31148 1.30274 1.29391 1.24199 1.19936 1.18793 1.17729 1.16803 1.1585 1.14977 1.1421 1.13492 1.12822 1.12175 1.1154 1.10907 1.10255 1.09592 1.08914 1.08288 1.07811 1.06925 1.06043 1.0519 1.02043 0.952351 0.941743 0.9321 0.923437
-9999 -9999 -9999 -9999 -9999 -9999 -9999 -9999 1.46432 1.46607 1.47048 1.4751 1.48019 1.48237 1.47916 1.47894 1.47608 1.47242 1.47058 1.46874 1.46687 1.46476 1.46327 1.4627 1.46127 1.46559 1.4339 1.41685 1.41006 1.40333 1.3959 1.39054 1.3882 1.38584 1.38001 1.37454 1.36669 1.36078 1.35546 1.35137 1.34702 1.34076 1.33085 1.32183 1.31249 1.3029 1.26781 1.23349 1.19493 1.18432 1.17457 1.16574 1.1572 1.14969 1.14273 1.13608 1.12967 1.12329 1.11686 1.11016 1.10349 1.09644 1.09053 1.08364 1.07545 1.06706 1.05323 1.02196 0.982114 0.942745 0.932413 0.923142
