Test_Spring_2018b/12_17/Prec/20171228_010.txt
ncols	170
nrows	115
xllcorner	350000.000000
yllcorner	4445000.000000
cellsize	1000.000000
nodata_value	-9999.000000
[rows 32 to 63 of 115, columns 72 to 143 of 170]
0.943166 0.941245 0.938222 0.935427 0.938546 0.952409 0.926139 0.928183 0.930781 0.934064 0.9369 0.939893 0.942905 0.947073 0.953616 0.960096 0.962263 0.966429 0.972253 0.975517 0.982486 0.991826 1.00296 1.00867 1.01758 1.05382 1.07588 -9999 -9999 -9999 -9999 -9999 -9999 -9999 -9999 -9999 -9999 -9999 -9999 -9999 -9999 -9999 -9999 -9999 -9999 -9999 -9999 -9999 -9999 -9999 -9999 -9999 -9999 -9999 -9999 -9999 -9999 -9999 -9999 -9999 -9999 -9999 -9999 -9999 -9999 -9999 -9999 -9999 -9999 -9999 -9999 -9999
0.935005 0.933069 0.929891 0.927975 0.93752 0.94468 0.918644 0.920435 0.922623 0.92518 0.927824 0.930665 0.934298 0.938613 0.944755 0.951854 0.956745 0.959693 0.964836 0.970432 0.977942 0.986382 0.996162 1.00307 1.01142 1.03345 1.07262 1.08755 -9999 -9999 -9999 -9999 -9999 -9999 -9999 -9999 -9999 -9999 -9999 -9999 -9999 -9999 -9999 -9999 -9999 -9999 -9999 -9999 -9999 -9999 -9999 -9999 -9999 -9999 -9999 -9999 -9999 -9999 -9999 -9999 -9999 -9999 -9999 -9999 -9999 -9999 -9999 -9999 -9999 -9999 -9999 -9999
0.926233 0.925545 0.923105 0.920838 0.944037 0.910236 0.911878 0.912297 0.914178 0.916123 0.918716 0.921391 0.924647 0.928805 0.933963 0.940026 0.948361 0.951002 0.954884 0.961459 0.968844 0.977709 0.98823 0.995987 1.00567 1.04255 1.0735 1.08541 1.09602 -9999 -9999 -9999 -9999 -9999 -9999 -9999 -9999 -9999 -9999 -9999 -9999 -9999 -9999 -9999 -9999 -9999 -9999 -9999 -9999 -9999 -9999 -9999 -9999 -9999 -9999 -9999 -9999 -9999 -9999 -9999 -9999 -9999 -9999 -9999 -9999 -9999 -9999 -9999 -9999 -9999 -9999 -9999
0.916973 0.916974 0.914882 0.912447 0.925928 0.910451 0.903053 0.904222 0.905321 0.906899 0.90913 0.912741 0.915176 0.917893 0.922333 0.928801 0.936034 0.942198 0.945674 0.952105 0.960402 0.968703 0.979936 0.989513 1.0006 1.02781 1.05374 1.08263 1.09441 1.10652 -9999 -9999 -9999 -9999 -9999 -9999 -9999 -9999 -9999 -9999 -9999 -9999 -9999 -9999 -9999 -9999 -9999 -9999 -9999 -9999 -9999 -9999 -9999 -9999 -9999 -9999 -9999 -9999 -9999 -9999 -9999 -9999 -9999 -9999 -9999 -9999 -9999 -9999 -9999 -9999 -9999 -9999
-9999 -9999 0.906797 0.920316 0.891142 0.90338 0.894732 0.895487 0.896091 0.897211 0.89955 0.901505 0.903321 0.90645 0.910914 0.915712 0.922212 0.929822 0.936177 0.941775 0.951964 0.960247 0.971256 0.982479 0.995707 1.02722 1.05297 1.08241 1.09517 1.10788 -9999 -9999 -9999 -9999 -9999 -9999 -9999 -9999 -9999 -9999 -9999 -9999 -9999 -9999 -9999 -9999 -9999 -9999 -9999 -9999 -9999 -9999 -9999 -9999 -9999 -9999 -9999 -9999 -9999 -9999 -9999 -9999 -9999 -9999 -9999 -9999 -9999 -9999 -9999 -9999 -9999 -9999
-9999 -9999 -9999 0.911621 0.883853 0.882721 0.886359 0.886968 0.886775 0.887288 0.888274 0.889374 0.891076 0.893605 0.897439 0.902453 0.909022 0.9155 0.921576 0.930506 0.941006 0.952019 0.963434 0.976648 1.00749 1.0259 1.04235 1.08382 1.09844 1.11061 1.12294 -9999 -9999 -9999 -9999 -9999 -9999 -9999 -9999 -9999 -9999 -9999 -9999 1.19022 -9999 -9999 -9999 -9999 -9999 -9999 -9999 -9999 -9999 -9999 -9999 -9999 -9999 -9999 -9999 -9999 -9999 -9999 -9999 -9999 1.27871 -9999 -9999 -9999 -9999 -9999 -9999 -9999
-9999 -9999 0.886638 0.875077 0.875356 0.874806 0.887505 0.87823 0.877342 0.87716 0.877265 0.877628 0.878944 0.880444 0.883418 0.888365 0.893775 0.899987 0.908084 0.917714 0.928907 0.941707 0.955816 0.970916 1.00309 1.0212 1.03873 1.06625 1.09707 1.11219 1.12688 1.13979 -9999 -9999 -9999 -9999 -9999 -9999 -9999 1.18343 1.18648 1.1894 1.19201 1.19401 1.19853 -9999 -9999 -9999 -9999 -9999 -9999 -9999 -9999 -9999 -9999 -9999 -9999 -9999 -9999 -9999 -9999 -9999 -9999 -9999 1.28178 1.28358 -9999 -9999 -9999 -9999 -9999 -9999
-9999 -9999 0.866551 0.867403 0.86808 0.867491 0.866575 0.869229 0.868326 0.867029 0.865983 0.865477 0.865732 0.866296 0.86897 0.87282 0.878321 0.884709 0.893595 0.904779 0.917779 0.932288 0.94868 0.965339 0.9983 1.01793 1.03801 1.05766 1.09825 1.11643 1.13311 1.14767 -9999 -9999 -9999 -9999 -9999 -9999 1.18665 1.18817 1.18995 1.19387 1.19536 1.19734 1.2011 1.2208 -9999 -9999 -9999 -9999 -9999 -9999 -9999 -9999 -9999 -9999 -9999 -9999 -9999 -9999 1.27886 1.28043 1.28374 1.28526 1.28609 1.28755 -9999 -9999 -9999 -9999 -9999 -9999
-9999 -9999 0.859575 0.860566 0.861041 0.860609 0.859854 0.847827 0.859191 0.857136 0.855046 0.853174 0.851934 0.852364 0.853852 0.857972 0.86204 0.869477 0.879451 0.892452 0.906923 0.924589 0.942786 0.975353 0.994536 1.01664 1.03981 1.063 1.09969 1.12275 1.13897 1.15434 -9999 -9999 -9999 -9999 -9999 -9999 1.19342 1.1942 1.195 1.19677 1.20046 1.20124 1.21824 1.22362 1.22866 1.23296 1.23802 1.2656 1.26688 1.2702 1.27408 1.27656 -9999 -9999 -9999 -9999 1.28397 1.28396 1.28362 1.28386 1.28723 1.28933 1.29125 1.29689 -9999 -9999 -9999 -9999 -9999 -9999
-9999 -9999 0.852033 0.853893 0.85499 0.855187 0.85351 0.841184 0.850809 0.86091 0.857026 0.853215 0.850108 0.848536 0.849174 0.851477 0.856606 0.86485 0.877571 0.893251 0.907879 0.915393 0.934887 0.969454 0.991231 1.01593 1.04201 1.06787 1.10375 1.12759 1.14571 1.17495 -9999 -9999 -9999 1.20506 1.2072 1.20986 1.21145 1.21157 1.21205 1.20152 1.20261 1.21343 1.22149 1.22694 1.23314 1.23828 1.24212 1.24779 1.27082 1.2745 1.27868 1.29227 1.29379 1.29516 1.29634 1.29731 1.29782 1.29797 1.29801 1.29856 1.29072 1.29185 1.29237 1.30722 -9999 -9999 -9999 -9999 -9999 -9999
-9999 -9999 0.843729 0.84588 0.846892 0.864475 0.862926 0.859264 0.846997 0.851873 0.846448 0.84176 0.836692 0.833692 0.832893 0.834941 0.840213 0.850196 0.864093 0.881048 0.899435 0.915477 0.939326 0.975764 0.999212 1.01585 1.06333 1.09005 1.11264 1.14575 1.16797 1.18445 -9999 -9999 1.21154 1.21314 1.21413 1.21508 1.21611 1.21713 1.21668 1.21799 1.21833 1.22923 1.23823 1.24254 1.23621 1.2416 1.26199 1.26784 1.29013 1.29053 1.29335 1.29593 1.29768 1.29924 1.30039 1.30114 1.30176 1.30173 1.30157 1.30174 1.30401 1.30496 1.3113 1.32211 -9999 -9999 -9999 -9999 -9999 -9999
-9999 -9999 0.852233 0.85539 0.856692 0.85682 0.854538 0.853897 0.841502 0.834971 0.83665 0.830256 0.824546 0.819596 0.817732 0.819037 0.823981 0.834196 0.848412 0.867071 0.887742 0.907288 0.932178 0.992356 1.01921 1.04651 1.07291 1.0973 1.11697 1.15199 1.17171 1.1913 1.20474 -9999 1.21968 1.22267 1.22262 1.22171 1.22087 1.22176 1.22048 1.2211 1.22835 1.23193 1.2399 1.25897 1.26472 1.2707 1.27527 1.27092 1.29301 1.29621 1.29703 1.29952 1.30149 1.30301 1.30407 1.30468 1.30495 1.30493 1.30475 1.30457 1.30538 1.31076 1.31345 1.32421 -9999 -9999 -9999 -9999 -9999 -9999
-9999 0.832393 0.848478 0.85152 0.853342 0.853131 0.850776 0.846444 0.833636 0.828572 0.820977 0.819745 0.813454 0.807723 0.804616 0.804561 0.809242 0.818284 0.832403 0.852831 0.871297 0.914709 0.944946 0.986981 1.01653 1.04413 1.0725 1.10038 1.12637 1.16111 1.17892 1.19656 1.21324 1.22205 1.22684 1.22966 1.22987 1.22772 1.22565 1.22443 1.224 1.22897 1.23061 1.24661 1.25463 1.26072 1.26736 1.27357 1.27961 1.28468 1.30462 1.29946 1.30206 1.30291 1.30483 1.30624 1.30717 1.30766 1.30781 1.30773 1.30745 1.30709 1.31033 1.31207 1.33088 1.34052 -9999 -9999 -9999 -9999 -9999 -9999
-9999 -9999 0.846052 0.850201 0.852528 0.852326 0.849408 0.844094 0.830145 0.82286 0.814294 0.806543 0.803677 0.798073 0.793279 0.792919 0.796954 0.806062 0.819922 0.849921 0.87608 0.905105 0.937337 0.979512 1.01098 1.04241 1.07302 1.10397 1.13266 1.16915 1.19095 1.20672 1.22008 1.22874 1.23376 1.23458 1.23419 1.23352 1.23229 1.22848 1.2308 1.23983 1.24288 1.24862 1.25629 1.26315 1.26928 1.27575 1.28202 1.2901 1.30763 1.30981 1.31008 1.30695 1.30758 1.30886 1.30965 1.31006 1.31014 1.31001 1.30972 1.31189 1.32184 1.32545 1.3332 1.34247 -9999 -9999 -9999 -9999 -9999 -9999
-9999 -9999 -9999 -9999 0.851739 0.85129 0.848376 0.842747 0.827805 0.819511 0.810342 0.801236 0.793368 0.789698 0.785527 0.784914 0.79033 0.803252 0.817159 0.838824 0.86498 0.896896 0.940396 0.973108 1.0074 1.04239 1.07549 1.10658 1.13679 1.17294 1.19565 1.21393 1.22632 1.23254 1.2361 1.23646 1.23629 1.23659 1.23471 1.23801 1.23821 1.24033 1.24452 1.25059 1.25835 1.26594 1.2714 1.27793 1.28489 1.29139 1.31014 1.31153 1.31264 1.31234 1.31246 1.31086 1.31154 1.31184 1.31189 1.31177 1.31749 1.32 1.32287 1.32591 1.33426 1.34528 -9999 -9999 -9999 -9999 -9999 -9999
-9999 -9999 -9999 -9999 0.852483 0.852177 0.848692 0.841465 0.826864 0.818159 0.808772 0.798969 0.790436 0.784421 0.781558 0.781868 0.788296 0.798562 0.8136 0.834836 0.861621 0.894263 0.936216 0.971759 1.00761 1.04416 1.07847 1.10978 1.14045 1.17704 1.19886 1.2177 1.22863 1.2359 1.2396 1.23939 1.23809 1.23726 1.23859 1.23859 1.23865 1.24177 1.24709 1.25231 1.26076 1.26905 1.27419 1.28047 1.28733 1.29322 1.31176 1.31329 1.31386 1.31387 1.31363 1.31346 1.31291 1.31316 1.3132 1.31568 1.31795 1.32084 1.32416 1.32764 1.33448 1.34779 -9999 -9999 -9999 -9999 -9999 -9999
-9999 -9999 -9999 -9999 -9999 0.854171 0.849768 0.841909 0.827636 0.819281 0.809259 0.799456 0.790951 0.784222 0.78118 0.782422 0.790669 0.800962 0.816403 0.836569 0.862547 0.893581 0.93778 0.974572 1.01302 1.05009 1.08309 1.11399 1.1439 1.17981 1.20171 1.21604 1.22648 1.23324 1.23763 1.24046 1.23936 1.23795 1.23886 1.23884 1.23972 1.24375 1.24871 1.25461 1.26336 1.27026 1.27713 1.28296 1.29003 1.29548 1.31353 1.31503 1.3155 1.31534 1.31482 1.3144 1.31412 1.31411 1.31481 1.31643 1.31897 1.32224 1.32598 1.32988 1.33391 1.34454 1.3496 -9999 -9999 -9999 -9999 -9999
-9999 -9999 -9999 -9999 -9999 0.857552 0.854112 0.846013 0.831624 0.822207 0.812294 0.80279 0.794895 0.791048 0.787169 0.787201 0.794857 0.808437 0.824456 0.847517 0.871185 0.898731 0.94264 0.983969 1.02113 1.05661 1.08838 1.11831 1.14615 1.18305 1.203 1.21534 1.22508 1.23181 1.23584 1.23913 1.23961 1.23762 1.23794 1.2387 1.24146 1.2452 1.25126 1.25784 1.26541 1.27305 1.28013 1.28585 1.29308 1.29781 1.3159 1.31733 1.31771 1.31693 1.3163 1.31566 1.31618 1.3158 1.31687 1.31814 1.3209 1.32448 1.32858 1.33281 1.33688 1.34474 1.3497 1.35241 1.35254 -9999 -9999 -9999
-9999 -9999 -9999 -9999 -9999 -9999 0.860065 0.851279 0.836313 0.827807 0.817876 0.808922 0.80615 0.799254 0.79673 0.798262 0.805855 0.819186 0.840663 0.857852 0.880019 0.90756 0.950313 0.989457 1.02525 1.05807 1.08791 1.11778 1.14476 1.18031 1.19933 1.21502 1.22554 1.2334 1.23847 1.23854 1.23819 1.23875 1.23911 1.24066 1.2437 1.24779 1.25321 1.25945 1.26878 1.275 1.2825 1.2887 1.29492 1.30041 1.31876 1.32024 1.3199 1.31906 1.31825 1.3211 1.31947 1.31912 1.32028 1.32296 1.32401 1.32782 1.33215 1.33664 1.34091 1.34857 1.35209 1.35532 1.35758 1.35883 -9999 -9999
-9999 -9999 -9999 -9999 -9999 -9999 0.866518 0.858377 0.843857 0.834717 0.822129 0.826229 0.817731 0.811742 0.80964 0.812307 0.819322 0.833019 0.851807 0.8678 0.893999 0.919926 0.950296 0.99754 1.02833 1.06032 1.08933 1.11842 1.14395 1.1769 1.19549 1.21081 1.22625 1.23897 1.23879 1.23895 1.23875 1.23929 1.24061 1.24297 1.24682 1.25159 1.2588 1.26387 1.27219 1.27919 1.28602 1.29237 1.29818 1.30328 1.32203 1.32267 1.32295 1.32438 1.32853 1.32606 1.32453 1.32429 1.32555 1.3283 1.33237 1.33394 1.33687 1.3415 1.34591 1.35367 1.35705 1.35932 1.3605 1.36241 1.36198 1.36246
-9999 -9999 -9999 -9999 -9999 -9999 0.877674 0.868488 0.846847 0.839378 0.848261 0.839894 0.832608 0.828185 0.826379 0.829199 0.836247 0.848686 0.866788 0.887742 0.909294 0.929994 0.963234 1.00437 1.03432 1.06436 1.09279 1.11836 1.14138 1.17419 1.19698 1.21184 1.23023 1.23672 1.2378 1.23999 1.24214 1.24109 1.24348 1.24682 1.25207 1.25881 1.26463 1.27117 1.2787 1.28635 1.29192 1.29714 1.30219 1.30679 1.32629 1.33118 1.33021 1.33764 1.33494 1.33273 1.33143 1.33135 1.3327 1.33548 1.33951 1.34446 1.34527 1.35052 1.35194 1.35973 1.36309 1.36537 1.36636 1.36635 1.3652 1.36695
-9999 -9999 -9999 -9999 -9999 -9999 0.878753 0.86325 0.856334 0.871013 0.862712 0.856062 0.849859 0.846275 0.845734 0.849194 0.856837 0.868747 0.885743 0.905696 0.92407 0.948933 0.972765 1.01171 1.0444 1.07105 1.09653 1.12421 1.14624 1.17808 1.19419 1.21967 1.22892 1.23654 1.23772 1.24051 1.24362 1.24477 1.24791 1.25395 1.26026 1.26583 1.27164 1.2794 1.28785 1.29341 1.29884 1.30255 1.31343 1.31731 1.33715 1.33667 1.34764 1.34528 1.34297 1.3411 1.34009 1.3402 1.34163 1.34439 1.3483 1.35307 1.35837 1.3581 1.36304 1.37127 1.37014 1.3724 1.37347 1.37336 1.37657 1.37774
-9999 -9999 -9999 -9999 -9999 -9999 0.880608 0.873128 0.867647 0.885176 0.878471 0.873169 0.868792 0.866629 0.867475 0.871108 0.878477 0.88999 0.904492 0.923066 0.945169 0.96228 0.991583 1.02793 1.05476 1.07955 1.10439 1.12797 1.16451 1.18039 1.20893 1.22087 1.22938 1.23638 1.23933 1.24306 1.24641 1.24983 1.25545 1.2624 1.26946 1.27346 1.27986 1.28705 1.29714 1.30739 1.3123 1.31747 1.32007 1.32452 1.34423 1.3582 1.35647 1.35445 1.35249 1.35107 1.35036 1.35071 1.35223 1.35491 1.35864 1.36314 1.36811 1.37316 1.37175 1.37973 1.38335 1.39184 1.39305 1.38688 1.38542 1.38784
-9999 -9999 -9999 -9999 -9999 -9999 -9999 0.878454 0.901604 0.895765 0.89118 0.887404 0.884963 0.884511 0.886351 0.890712 0.898134 0.909154 0.923548 0.941694 0.961771 0.981063 1.01087 1.04736 1.0706 1.09155 1.1131 1.13524 1.17347 1.20522 1.21564 1.22579 1.234 1.24054 1.24353 1.24804 1.25246 1.25773 1.26603 1.2747 1.28185 1.28776 1.29509 1.30225 1.31057 1.31523 1.32041 1.3254 1.33156 1.35873 1.37416 1.37267 1.37144 1.36926 1.36344 1.36244 1.3621 1.36269 1.36426 1.36686 1.37036 1.37892 1.38394 1.38906 1.3874 1.39527 1.3991 1.40179 1.40333 1.40311 1.40187 1.42693
-9999 -9999 -9999 -9999 -9999 -9999 -9999 0.920601 0.916707 0.911709 0.909584 0.907428 0.905991 0.90697 0.910196 0.915467 0.923161 0.933515 0.947591 0.96404 0.982556 1.00172 1.02131 1.06636 1.0866 1.10441 1.12402 1.14322 1.20098 1.21608 1.22515 1.23265 1.24051 1.24733 1.25561 1.2599 1.26596 1.27255 1.27795 1.28407 1.29159 1.29676 1.30446 1.31036 1.32031 1.32537 1.33047 1.33418 1.33988 1.36872 1.3857 1.38447 1.38364 1.38152 1.38011 1.37933 1.37927 1.38005 1.38179 1.38446 1.38801 1.3922 1.39677 1.40145 1.40599 1.40378 1.41241 1.41496 1.41591 1.41577 1.42197 1.44214
-9999 -9999 -9999 -9999 -9999 -9999 -9999 0.93352 0.932469 0.929594 0.927458 0.928352 0.928275 0.92984 0.934203 0.940346 0.948477 0.958295 0.971888 0.987689 1.00486 1.02385 1.04155 1.05883 1.10148 1.11838 1.13631 1.15397 1.21108 1.22335 1.23275 1.24135 1.24914 1.25623 1.26276 1.26843 1.27454 1.28 1.28664 1.29438 1.301 1.30635 1.31498 1.32098 1.32614 1.33648 1.34011 1.34401 1.34994 1.39805 1.39721 1.39655 1.39553 1.3947 1.39411 1.39373 1.39408 1.3951 1.39689 1.39947 1.40273 1.40655 1.41069 1.41507 1.41939 1.42483 1.42521 1.42761 1.42843 1.42842 1.46004 1.45855
-9999 -9999 -9999 -9999 -9999 -9999 -9999 0.946962 0.94763 0.946861 0.947246 0.949497 0.95071 0.95279 0.957637 0.964422 0.97223 0.9823 0.994962 1.00944 1.02558 1.04193 1.06054 1.07531 1.11799 1.13339 1.14917 1.20869 1.22329 1.23438 1.24397 1.2529 1.25977 1.26687 1.27355 1.28105 1.2873 1.29218 1.29784 1.30392 1.31114 1.31695 1.32382 1.3301 1.33625 1.34684 1.35091 1.35526 1.37924 1.40887 1.40921 1.40931 1.40909 1.40908 1.40898 1.40902 1.40973 1.41098 1.41284 1.41529 1.41831 1.42182 1.42557 1.42974 1.43412 1.43885 1.44024 1.44122 1.44144 1.46545 1.47654 1.47604
-9999 -9999 -9999 -9999 -9999 -9999 -9999 0.96183 0.963699 0.964962 0.967816 0.971717 0.972847 0.975678 0.981201 0.98809 0.996228 1.00723 1.01749 1.02959 1.04435 1.06101 1.07879 1.094 1.11909 1.14948 1.16393 1.22481 1.23871 1.24992 1.25857 1.26621 1.27266 1.27951 1.28657 1.29537 1.30397 1.30796 1.31179 1.31713 1.32296 1.32992 1.33588 1.34179 1.34828 1.35403 1.36372 1.36743 1.42065 1.42209 1.42267 1.42301 1.42421 1.42473 1.42462 1.42499 1.42607 1.42752 1.42941 1.43176 1.43453 1.43778 1.44125 1.44493 1.45018 1.45451 1.46014 1.45561 1.4566 1.49361 1.49372 1.49412
-9999 -9999 -9999 -9999 -9999 -9999 -9999 0.977371 0.981487 0.984337 0.988736 0.992232 0.994761 0.999071 1.00462 1.01157 1.01963 1.02927 1.03959 1.05148 1.06525 1.08065 1.09714 1.11324 1.1269 1.16708 1.20374 1.24147 1.25506 1.26515 1.27353 1.27988 1.28654 1.29383 1.30076 1.30752 1.31544 1.3235 1.32872 1.33253 1.33873 1.34511 1.34949 1.3547 1.36082 1.36654 1.37568 1.40019 1.43469 1.43651 1.43731 1.43724 1.43841 1.43974 1.44023 1.44148 1.44289 1.44452 1.44645 1.44868 1.45121 1.4541 1.45734 1.46166 1.46582 1.47034 1.4733 1.46997 1.49506 1.51016 1.51154 1.5129
-9999 -9999 -9999 -9999 -9999 -9999 -9999 0.993676 0.998803 1.00327 1.00758 1.01177 1.0162 1.0227 1.0284 1.03564 1.0428 1.0514 1.06143 1.07237 1.08492 1.10002 1.11537 1.13163 1.14451 1.16427 1.2435 1.25775 1.27262 1.28114 1.28849 1.29521 1.3023 1.31126 1.31701 1.32342 1.33001 1.33693 1.34441 1.34919 1.35573 1.36045 1.36414 1.36848 1.3733 1.37856 1.38122 1.41295 1.44839 1.45078 1.45206 1.45287 1.45351 1.45512 1.4566 1.45829 1.46003 1.46183 1.46377 1.46591 1.46825 1.47083 1.47451 1.47851 1.48209 1.48601 1.48895 1.48903 1.51086 1.5275 1.52967 1.5319
-9999 -9999 -9999 -9999 -9999 -9999 -9999 -9999 1.01511 1.02091 1.02707 1.03446 1.04014 1.04653 1.05307 1.06033 1.06564 1.07357 1.0827 1.0928 1.10425 1.11766 1.13109 1.14644 1.16159 1.20501 1.26271 1.27445 1.28673 1.29689 1.30455 1.31123 1.3198 1.3298 1.33669 1.34267 1.34747 1.3531 1.36116 1.36726 1.37288 1.37599 1.37905 1.38298 1.38721 1.39182 1.41236 1.45948 1.46102 1.46286 1.46539 1.46713 1.46897 1.47115 1.47323 1.47533 1.47733 1.47929 1.48127 1.48327 1.48547 1.48798 1.49146 1.49681 1.49926 1.50232 1.50611 1.52918 1.54286 1.54513 1.54789 1.55101
-9999 -9999 -9999 -9999 -9999 -9999 -9999 -9999 1.03207 1.03884 1.04781 1.05701 1.06676 1.07435 1.0778 1.08446 1.08966 1.09514 1.10329 1.11262 1.12318 1.13478 1.14808 1.16323 1.17848 1.2388 1.25419 1.28837 1.30003 1.31086 1.32005 1.3299 1.34121 1.35144 1.35774 1.36355 1.36671 1.37115 1.37592 1.3818 1.38771 1.3924 1.39451 1.39798 1.40178 1.40591 1.43013 1.46133 1.4742 1.47654 1.47916 1.482 1.48449 1.48725 1.48991 1.49236 1.49465 1.49675 1.49876 1.50067 1.5029 1.50526 1.5092 1.51301 1.51644 1.52046 1.5205 1.54461 1.55912 1.56257 1.5661 1.57015
