Test_Spring_2018/01_18/Prec/20180115_004.txt
ncols	170
nrows	115
xllcorner	350000.000000
yllcorner	4445000.000000
cellsize	1000.000000
nodata_value	-9999.000000
[rows 31 to 61 of 115, columns 70 to 139 of 170]
0.236352 0.243416 0.246729 0.243684 0.245517 0.264836 0.272625 0.274764 0.280041 0.281272 0.278626 0.279176 0.277444 0.272676 0.271669 0.261316 0.22399 0.236244 0.24167 0.231463 0.238745 0.250006 0.24227 0.217211 0.207417 0.190951 0.206954 0.210222 0.198367 -9999 -9999 -9999 -9999 -9999 -9999 -9999 -9999 -9999 -9999 -9999 -9999 -9999 -9999 -9999 -9999 -9999 -9999 -9999 -9999 -9999 -9999 -9999 -9999 -9999 -9999 -9999 -9999 -9999 -9999 -9999 -9999 -9999 -9999 -9999 -9999 -9999 -9999 -9999 -9999 -9999
0.23439 0.238145 0.238933 0.235998 0.243651 0.250943 0.260331 0.260306 0.275505 0.277391 0.275993 0.270138 0.269093 0.267858 0.267652 0.259253 0.232911 0.209201 0.22378 0.22526 0.217183 0.235021 0.227613 0.206263 0.175692 0.195166 0.192743 0.186963 0.184814 -9999 -9999 -9999 -9999 -9999 -9999 -9999 -9999 -9999 -9999 -9999 -9999 -9999 -9999 -9999 -9999 -9999 -9999 -9999 -9999 -9999 -9999 -9999 -9999 -9999 -9999 -9999 -9999 -9999 -9999 -9999 -9999 -9999 -9999 -9999 -9999 -9999 -9999 -9999 -9999 -9999
0.223392 0.231353 0.230243 0.229607 0.240259 0.24137 0.25038 0.259315 0.270364 0.273145 0.273431 0.271595 0.270156 0.268474 0.26198 0.251981 0.229527 0.202333 0.197123 0.212307 0.214309 0.217975 0.21154 0.203206 0.189369 0.204251 0.211424 0.207651 0.197638 0.190381 -9999 -9999 -9999 -9999 -9999 -9999 -9999 -9999 -9999 -9999 -9999 -9999 -9999 -9999 -9999 -9999 -9999 -9999 -9999 -9999 -9999 -9999 -9999 -9999 -9999 -9999 -9999 -9999 -9999 -9999 -9999 -9999 -9999 -9999 -9999 -9999 -9999 -9999 -9999 -9999
0.209661 0.222646 0.220423 0.212368 0.219199 0.224655 0.242996 0.252721 0.25527 0.267836 0.2685 0.269183 0.265534 0.262811 0.257546 0.247777 0.23343 0.215977 0.184788 0.206161 0.223311 0.224524 0.225423 0.220292 0.207245 0.222022 0.22487 0.218749 0.207569 0.197156 0.194201 -9999 -9999 -9999 -9999 -9999 -9999 -9999 -9999 -9999 -9999 -9999 -9999 -9999 -9999 -9999 -9999 -9999 -9999 -9999 -9999 -9999 -9999 -9999 -9999 -9999 -9999 -9999 -9999 -9999 -9999 -9999 -9999 -9999 -9999 -9999 -9999 -9999 -9999 -9999
-9999 0.211795 0.209694 0.19959 0.206398 0.215118 0.228628 0.245935 0.254348 0.258763 0.263156 0.263638 0.259556 0.24585 0.244609 0.244871 0.235733 0.215601 0.195653 0.191601 0.217129 0.225776 0.226353 0.23381 0.223273 0.231639 0.23154 0.229691 0.221682 0.210608 0.204937 0.191351 -9999 -9999 -9999 -9999 -9999 -9999 -9999 -9999 -9999 -9999 -9999 -9999 -9999 -9999 -9999 -9999 -9999 -9999 -9999 -9999 -9999 -9999 -9999 -9999 -9999 -9999 -9999 -9999 -9999 -9999 -9999 -9999 -9999 -9999 -9999 -9999 -9999 -9999
-9999 -9999 -9999 -9999 0.19037 0.203598 0.215297 0.234893 0.247725 0.253073 0.258161 0.258368 0.249044 0.244733 0.244859 0.238881 0.228014 0.221708 0.209617 0.19722 0.204311 0.226701 0.219841 0.23665 0.237907 0.243101 0.235993 0.224136 0.211338 0.204945 0.200039 0.189294 -9999 -9999 -9999 -9999 -9999 -9999 -9999 -9999 -9999 -9999 -9999 -9999 -9999 -9999 -9999 -9999 -9999 -9999 -9999 -9999 -9999 -9999 -9999 -9999 -9999 -9999 -9999 -9999 -9999 -9999 -9999 -9999 -9999 -9999 -9999 -9999 -9999 -9999
-9999 -9999 -9999 -9999 -9999 0.198654 0.207946 0.222751 0.241339 0.244834 0.252333 0.252578 0.249011 0.246356 0.242513 0.237584 0.229434 0.220671 0.209363 0.209801 0.224769 0.227155 0.2269 0.23169 0.241148 0.24218 0.233081 0.210797 0.199807 0.188649 0.178943 0.182008 0.175173 -9999 -9999 -9999 -9999 -9999 -9999 -9999 -9999 -9999 -9999 -9999 -9999 0.230744 -9999 -9999 -9999 -9999 -9999 -9999 -9999 -9999 -9999 -9999 -9999 -9999 -9999 -9999 -9999 -9999 -9999 -9999 -9999 -9999 0.213474 -9999 -9999 -9999
-9999 -9999 -9999 -9999 0.19148 0.204881 0.212557 0.222004 0.23124 0.238993 0.247252 0.247253 0.244401 0.241211 0.234405 0.23286 0.228288 0.218576 0.217663 0.223606 0.227667 0.232357 0.236486 0.238341 0.238711 0.238309 0.235383 0.2265 0.221293 0.207363 0.201354 0.190863 0.173737 0.160366 -9999 -9999 -9999 -9999 -9999 -9999 -9999 0.204454 0.206311 0.209444 0.216502 0.230828 0.227371 -9999 -9999 -9999 -9999 -9999 -9999 -9999 -9999 -9999 -9999 -9999 -9999 -9999 -9999 -9999 -9999 -9999 -9999 -9999 0.219686 0.205291 -9999 -9999
-9999 -9999 -9999 -9999 0.19455 0.204824 0.210239 0.219341 0.224497 0.237315 0.239896 0.242134 0.241081 0.237187 0.231709 0.231556 0.224835 0.221783 0.220331 0.227858 0.23127 0.231676 0.231848 0.232601 0.228788 0.231405 0.235994 0.231776 0.222362 0.212184 0.208571 0.185082 0.161649 0.142645 -9999 -9999 -9999 -9999 -9999 -9999 0.198183 0.209859 0.218186 0.209377 0.222813 0.235509 0.237482 0.232015 -9999 -9999 -9999 -9999 -9999 -9999 -9999 -9999 -9999 -9999 -9999 -9999 -9999 -9999 0.282601 0.268364 0.238876 0.22406 0.215322 0.202435 -9999 -9999
-9999 -9999 -9999 -9999 0.190048 0.202026 0.2102 0.217224 0.218394 0.226263 0.236172 0.23678 0.235612 0.233964 0.232208 0.22566 0.223021 0.214426 0.224343 0.225848 0.226091 0.220328 0.219947 0.208617 0.205848 0.211454 0.228098 0.222467 0.20628 0.184753 0.161389 0.169322 0.160697 0.14357 -9999 -9999 -9999 -9999 -9999 -9999 0.195207 0.207638 0.218895 0.223433 0.215241 0.235481 0.238773 0.233318 0.234753 0.245508 0.252142 0.257934 0.270945 0.274524 0.271018 0.275773 -9999 -9999 -9999 -9999 0.27941 0.280615 0.281831 0.276463 0.244352 0.222663 0.203153 0.199769 -9999 -9999
-9999 -9999 -9999 -9999 0.195221 0.203041 0.207207 0.208148 0.214038 0.220686 0.230423 0.23086 0.229032 0.227513 0.22615 0.223301 0.218232 0.219471 0.220172 0.21919 0.205029 0.188671 0.200701 0.194529 0.173369 0.201565 0.217023 0.210519 0.190504 0.166177 0.162976 0.17255 0.159978 0.142433 -9999 -9999 -9999 0.157921 0.172932 0.175438 0.181495 0.197221 0.210294 0.222461 0.231578 0.23463 0.234391 0.229506 0.223576 0.230566 0.251239 0.258084 0.271523 0.275186 0.271903 0.271624 0.276477 0.278974 0.279555 0.27864 0.278738 0.27965 0.279772 0.27475 0.24887 0.232988 0.223104 0.193704 -9999 -9999
-9999 -9999 -9999 -9999 0.188198 0.195118 0.200581 0.2088 0.209525 0.213997 0.216867 0.225902 0.224724 0.217896 0.22064 0.218988 0.21768 0.216218 0.214798 0.202619 0.185906 0.169822 0.164729 0.171836 0.161516 0.177324 0.193118 0.195711 0.18535 0.164121 0.163232 0.162084 0.146768 0.125157 -9999 -9999 0.125705 0.153144 0.172957 0.184044 0.188946 0.191742 0.207604 0.212234 0.229954 0.229978 0.217309 0.223633 0.222705 0.2311 0.238508 0.242994 0.259141 0.271437 0.273751 0.274075 0.277143 0.277736 0.277898 0.277946 0.276222 0.277668 0.278515 0.275732 0.255248 0.245712 0.233058 0.189245 -9999 -9999
-9999 -9999 -9999 -9999 0.188996 0.196565 0.204393 0.205816 0.210959 0.210414 0.208515 0.214449 0.220314 0.214634 0.210174 0.213575 0.212489 0.211923 0.211869 0.200594 0.188127 0.168561 0.158357 0.153185 0.151836 0.152834 0.16345 0.166184 0.167823 0.173947 0.172318 0.163294 0.151059 0.131776 0.117925 -9999 0.123552 0.135691 0.158938 0.179429 0.193573 0.191669 0.209411 0.215937 0.227475 0.227191 0.22204 0.220356 0.224087 0.226475 0.239674 0.251204 0.262511 0.266916 0.273351 0.274594 0.275592 0.275907 0.276054 0.276333 0.276534 0.276936 0.277196 0.276689 0.267797 0.256574 0.234864 0.189121 -9999 -9999
-9999 -9999 -9999 0.165407 0.186907 0.198932 0.203844 0.207135 0.209602 0.210874 0.212345 0.213076 0.21259 0.213669 0.201911 0.201016 0.201775 0.20716 0.207717 0.208503 0.203093 0.178706 0.172454 0.164302 0.151082 0.151935 0.161029 0.180967 0.184584 0.178246 0.170086 0.158983 0.152389 0.137564 0.111955 0.113717 0.126079 0.135406 0.151094 0.175774 0.194178 0.20419 0.210351 0.219177 0.226726 0.223935 0.223434 0.225409 0.224877 0.228307 0.232071 0.241227 0.252328 0.265986 0.270336 0.273681 0.274471 0.274754 0.274925 0.275213 0.275502 0.275726 0.276387 0.277138 0.275915 0.262868 0.226641 0.196178 -9999 -9999
-9999 -9999 -9999 -9999 0.182471 0.188369 0.190293 0.1927 0.196936 0.201388 0.208014 0.207318 0.209539 0.207751 0.199794 0.188347 0.195536 0.198659 0.202979 0.205076 0.207031 0.187396 0.179736 0.175205 0.16301 0.178171 0.189781 0.195361 0.196261 0.178705 0.160519 0.140175 0.118566 0.1182 0.107084 0.115465 0.123136 0.144786 0.160422 0.16751 0.173708 0.200468 0.209309 0.215138 0.225743 0.222055 0.226051 0.224614 0.23122 0.235064 0.239094 0.225012 0.249153 0.252064 0.264894 0.271957 0.274151 0.274299 0.274449 0.274418 0.274592 0.274884 0.27558 0.275141 0.274149 0.265509 0.22188 0.195647 -9999 -9999
-9999 -9999 -9999 -9999 -9999 -9999 0.184953 0.188809 0.19085 0.194128 0.205763 0.207421 0.207738 0.205971 0.200482 0.190495 0.186755 0.18822 0.179827 0.189924 0.203238 0.207054 0.210614 0.195164 0.193064 0.209411 0.212052 0.201738 0.19418 0.186106 0.164438 0.150433 0.125552 0.106531 0.105997 0.127671 0.146832 0.168597 0.178343 0.173256 0.180935 0.194836 0.211635 0.222119 0.225019 0.220964 0.226 0.22129 0.23583 0.241265 0.241003 0.240882 0.24893 0.25668 0.260343 0.270337 0.273095 0.274491 0.27435 0.274253 0.274251 0.274459 0.273555 0.273578 0.273643 0.273474 0.228504 0.189288 -9999 -9999
-9999 -9999 -9999 -9999 -9999 -9999 0.175714 0.178119 0.183683 0.198 0.205007 0.206496 0.204466 0.203982 0.199568 0.189781 0.180466 0.172092 0.162502 0.170418 0.189236 0.202583 0.208493 0.195645 0.213708 0.216284 0.215157 0.200143 0.189942 0.186157 0.165617 0.149408 0.133455 0.110091 0.120717 0.131967 0.146242 0.170814 0.187143 0.194478 0.189912 0.199793 0.218577 0.222488 0.218318 0.223737 0.224832 0.216606 0.235562 0.244227 0.245438 0.250186 0.25557 0.259926 0.265447 0.270281 0.273432 0.274104 0.274408 0.27417 0.274143 0.273774 0.273495 0.273473 0.27338 0.273237 0.244167 0.187996 -9999 -9999
-9999 -9999 -9999 -9999 -9999 -9999 -9999 0.167623 0.180749 0.200052 0.204157 0.20206 0.204356 0.202821 0.197076 0.192192 0.180909 0.166506 0.140048 0.148901 0.166393 0.191255 0.206991 0.210826 0.213223 0.208708 0.188915 0.171921 0.174109 0.174702 0.160728 0.14931 0.131502 0.143771 0.15651 0.169971 0.176754 0.174534 0.188597 0.200609 0.196881 0.208407 0.222361 0.221075 0.222442 0.224728 0.224961 0.229729 0.235378 0.248076 0.247045 0.254447 0.261173 0.263373 0.26707 0.270523 0.273619 0.274427 0.274568 0.274534 0.27408 0.273937 0.273581 0.273272 0.273034 0.272772 0.270113 0.237957 0.220563 -9999
-9999 -9999 -9999 -9999 -9999 -9999 -9999 0.155056 0.161478 0.184548 0.191112 0.200102 0.20397 0.202476 0.194112 0.189275 0.172761 0.167522 0.142832 0.1338 0.146372 0.146491 0.179811 0.210364 0.21319 0.167754 0.154874 0.14696 0.155217 0.159497 0.15819 0.135721 0.13009 0.15532 0.171011 0.182832 0.191543 0.193021 0.192587 0.21086 0.215007 0.222905 0.224424 0.228504 0.223455 0.222352 0.233462 0.232733 0.236669 0.249567 0.24594 0.257284 0.26315 0.263464 0.265301 0.271531 0.273458 0.274514 0.274556 0.274411 0.273841 0.273651 0.273487 0.273112 0.272589 0.272402 0.271998 0.264484 0.249285 0.243687
-9999 -9999 -9999 -9999 -9999 -9999 -9999 -9999 0.139339 0.17177 0.186239 0.192827 0.202479 0.202271 0.197308 0.189657 0.173184 0.159177 0.137173 0.112695 0.103342 0.14771 0.1875 0.210845 0.216577 0.179451 0.168043 0.172403 0.187034 0.182803 0.179978 0.164053 0.159819 0.152529 0.158422 0.174482 0.188034 0.200937 0.210315 0.211236 0.217819 0.225061 0.227988 0.232404 0.23521 0.238647 0.235722 0.246605 0.246128 0.253447 0.255992 0.258388 0.263813 0.261302 0.266927 0.271642 0.273535 0.273664 0.274032 0.27408 0.273639 0.272723 0.273055 0.272641 0.272246 0.271769 0.271518 0.267031 0.264702 0.25542
-9999 -9999 -9999 -9999 -9999 -9999 -9999 -9999 0.123002 0.15538 0.170782 0.190037 0.198097 0.202303 0.200551 0.194326 0.181785 0.16371 0.149246 0.121736 0 0.139271 0.184848 0.209884 0.215749 0.188225 0.2033 0.200107 0.207824 0.197082 0.194404 0.194191 0.185568 0.175345 0.162501 0.15647 0.186889 0.202483 0.215041 0.221166 0.225022 0.227608 0.229397 0.233565 0.223795 0.237991 0.243115 0.246554 0.249829 0.253592 0.256665 0.259277 0.265406 0.267703 0.266426 0.270741 0.271335 0.272521 0.273164 0.273217 0.272771 0.27202 0.270998 0.271094 0.27168 0.271154 0.270736 0.266171 0.265343 0.26432
-9999 -9999 -9999 -9999 -9999 -9999 -9999 -9999 0 0.124512 0.161039 0.180401 0.197367 0.200833 0.201562 0.193755 0.188065 0.175199 0.163551 0.145848 0.119343 0.104258 0.139527 0.189491 0.216296 0.223078 0.226727 0.221935 0.217742 0.220466 0.224404 0.219321 0.20529 0.188495 0.18399 0.178285 0.201206 0.20457 0.203219 0.228264 0.228945 0.228502 0.220434 0.213565 0.21812 0.22054 0.230919 0.227223 0.238495 0.248719 0.254907 0.258364 0.26444 0.264765 0.266874 0.268333 0.269977 0.271036 0.271633 0.271808 0.27153 0.270727 0.269807 0.26901 0.269311 0.268395 0.269862 0.265123 0.26435 0.263451
-9999 -9999 -9999 -9999 -9999 -9999 -9999 -9999 0 0.118039 0.151777 0.173549 0.192486 0.196279 0.202222 0.200271 0.194508 0.183446 0.170045 0.155644 0.133041 0.117157 0.141165 0.175729 0.201318 0.217112 0.227283 0.230896 0.232677 0.232444 0.23346 0.236747 0.228888 0.21327 0.204682 0.191126 0.216793 0.220107 0.21666 0.229668 0.229764 0.211902 0.198743 0.198665 0.212104 0.206443 0.209893 0.214596 0.224263 0.243826 0.239363 0.244037 0.258559 0.262524 0.264134 0.266381 0.267948 0.269082 0.269677 0.269979 0.269894 0.269186 0.268392 0.267516 0.266372 0.26725 0.266385 0.261013 0.262904 0.262179
-9999 -9999 -9999 -9999 -9999 -9999 -9999 -9999 0 0.106167 0.136617 0.168484 0.188984 0.19693 0.202641 0.20227 0.195779 0.190473 0.182346 0.169779 0.16194 0.147634 0.127667 0.167785 0.183196 0.201128 0.20519 0.219781 0.223417 0.222305 0.22835 0.236352 0.23731 0.225209 0.222053 0.215428 0.230168 0.230885 0.23113 0.231062 0.215949 0.194845 0.178469 0.192857 0.192189 0.203355 0.189973 0.203464 0.2189 0.22643 0.228757 0.226144 0.252109 0.256061 0.260164 0.263266 0.265587 0.266544 0.26747 0.2677 0.267626 0.267244 0.266533 0.265739 0.264815 0.263899 0.265074 0.259578 0.25851 0.251401
-9999 -9999 -9999 -9999 -9999 -9999 -9999 -9999 -9999 0 0.127135 0.161863 0.181142 0.193232 0.19912 0.199062 0.19597 0.192585 0.187795 0.178902 0.167816 0.149896 0.137365 0.148904 0.163721 0.172917 0.183894 0.209153 0.220122 0.213086 0.192617 0.211517 0.231103 0.232978 0.23333 0.233187 0.236233 0.235189 0.231851 0.22163 0.18876 0.179136 0.166991 0.169866 0.164748 0.184848 0.184101 0.202217 0.211916 0.217667 0.206916 0.21771 0.235637 0.244902 0.246281 0.252465 0.262615 0.263836 0.264682 0.264965 0.265107 0.264922 0.264431 0.25888 0.257786 0.256731 0.257554 0.251919 0.249748 0.248304
-9999 -9999 -9999 -9999 -9999 -9999 -9999 -9999 -9999 0 0.120034 0.161039 0.174224 0.187394 0.198813 0.199213 0.194498 0.19021 0.186001 0.181368 0.167616 0.154618 0.14258 0.140065 0.145283 0.153972 0.169259 0.200771 0.209494 0.210335 0.189391 0.182836 0.208021 0.229277 0.232567 0.232336 0.211026 0.216919 0.205693 0.190071 0.18644 0.180215 0.166093 0.174817 0.165242 0.171937 0.178886 0.190114 0.197089 0.210278 0.200954 0.208554 0.225762 0.236339 0.238714 0.249237 0.253902 0.255941 0.256991 0.257595 0.257722 0.257625 0.257058 0.256268 0.25535 0.254185 0.252527 0.251031 0.228805 0.228255
-9999 -9999 -9999 -9999 -9999 -9999 -9999 -9999 -9999 0 0.113308 0.149784 0.176835 0.178684 0.191974 0.199019 0.193962 0.188375 0.182839 0.181072 0.165965 0.149507 0.136753 0.121587 0.126642 0.141396 0.170991 0.192223 0.198469 0.197617 0.189192 0.198507 0.216302 0.226554 0.230736 0.230334 0.226734 0.225051 0.217131 0.214242 0.202788 0.184379 0.177895 0.184106 0.164974 0.168186 0.177828 0.178425 0.194255 0.203211 0.189944 0.208217 0.224765 0.234166 0.242475 0.247181 0.249795 0.252758 0.253592 0.254211 0.254454 0.254315 0.253988 0.25321 0.252403 0.250101 0.247028 0.23139 0.2213 0.222027
-9999 -9999 -9999 -9999 -9999 -9999 -9999 -9999 -9999 0 0.11583 0.147545 0.166952 0.170632 0.185441 0.198723 0.197771 0.191996 0.190845 0.185199 0.172547 0.158669 0.143592 0.137329 0.120702 0.141356 0.165359 0.183565 0.193552 0.187908 0.184379 0.197299 0.209967 0.216092 0.22846 0.229873 0.227744 0.213974 0.207784 0.211939 0.209865 0.205478 0.193265 0.193988 0.186845 0.184917 0.183363 0.181223 0.190352 0.19328 0.196306 0.217929 0.227254 0.233957 0.240073 0.24268 0.245851 0.249367 0.250302 0.250845 0.251039 0.251074 0.250698 0.24966 0.248665 0.244776 0.238234 0.226419 0.20409 0.21679
-9999 -9999 -9999 -9999 -9999 -9999 -9999 -9999 -9999 0 0.11374 0.140928 0.152466 0.154691 0.18132 0.197846 0.198422 0.196061 0.19334 0.177936 0.180083 0.178182 0.164669 0.144458 0.122264 0.126633 0.148644 0.173429 0.182761 0.16925 0.164598 0.171913 0.189893 0.206024 0.222611 0.227903 0.224882 0.2028 0.17917 0.191769 0.205144 0.206198 0.203777 0.192615 0.190053 0.187993 0.180567 0.169866 0.178207 0.18442 0.207015 0.214042 0.223976 0.232402 0.231112 0.233842 0.241532 0.246189 0.246964 0.247459 0.247822 0.2478 0.247499 0.245883 0.244121 0.241305 0.224965 0.214768 0.194983 0.213185
-9999 -9999 -9999 -9999 -9999 -9999 -9999 -9999 -9999 0 0 0.125156 0.135849 0.152752 0.177984 0.190681 0.19712 0.197698 0.196177 0.189832 0.186586 0.179231 0.165059 0.145295 0.123297 0.109769 0.119783 0.156985 0.167407 0.153907 0.146868 0.160495 0.179452 0.20643 0.222453 0.22588 0.225931 0.222366 0.205436 0.18469 0.18586 0.197934 0.18991 0.180462 0.187623 0.187929 0.180459 0.175524 0.180501 0.183723 0.199557 0.204927 0.215893 0.231397 0.234542 0.235112 0.241979 0.242976 0.24366 0.24428 0.244525 0.244595 0.244437 0.243206 0.240467 0.229623 0.220157 0.207062 0.20541 0.216749
-9999 -9999 -9999 -9999 -9999 -9999 -9999 -9999 -9999 0 0 0.113446 0.136361 0.1581 0.176919 0.178855 0.189158 0.189868 0.195801 0.195347 0.1897 0.183701 0.171675 0.145765 0.124397 0.101061 0.109785 0.145467 0.157408 0.147459 0.127076 0.15239 0.179957 0.204971 0.219166 0.210756 0.222211 0.222612 0.216985 0.20507 0.185909 0.187366 0.173301 0.173785 0.182775 0.186573 0.186617 0.18313 0.179856 0.186097 0.197726 0.200316 0.210251 0.222306 0.234028 0.236625 0.239364 0.240015 0.240503 0.241023 0.241299 0.241243 0.240787 0.239603 0.230625 0.219925 0.213325 0.204255 0.203164 0.215489
