Test_Spring_2018/01_18/Prec/20180118_004.txt
ncols	170
nrows	115
xllcorner	350000.000000
yllcorner	4445000.000000
cellsize	1000.000000
nodata_value	-9999.000000
[rows 32 to 63 of 115, columns 74 to 147 of 170]
0 0 0 0 0 0 0 0 0 0 0 0 0 0.103194 0.10341 0.105567 0.109211 0.109392 0.113331 0.119452 0.127088 0.127885 0.131926 0.14199 0.143882 -9999 -9999 -9999 -9999 -9999 -9999 -9999 -9999 -9999 -9999 -9999 -9999 -9999 -9999 -9999 -9999 -9999 -9999 -9999 -9999 -9999 -9999 -9999 -9999 -9999 -9999 -9999 -9999 -9999 -9999 -9999 -9999 -9999 -9999 -9999 -9999 -9999 -9999 -9999 -9999 -9999 -9999 -9999 -9999 -9999 -9999 -9999 -9999 -9999
0 0 0 0 0 0 0 0 0 0 0 0 0 0.103942 0.107022 0.107343 0.109666 0.111936 0.115831 0.12021 0.125576 0.127096 0.129859 0.133724 0.142896 0.153015 -9999 -9999 -9999 -9999 -9999 -9999 -9999 -9999 -9999 -9999 -9999 -9999 -9999 -9999 -9999 -9999 -9999 -9999 -9999 -9999 -9999 -9999 -9999 -9999 -9999 -9999 -9999 -9999 -9999 -9999 -9999 -9999 -9999 -9999 -9999 -9999 -9999 -9999 -9999 -9999 -9999 -9999 -9999 -9999 -9999 -9999 -9999 -9999
0 0 0 0 0 0 0 0 0 0 0 0 0 0.101678 0.108466 0.107987 0.108264 0.110978 0.113951 0.117999 0.12338 0.125049 0.12856 0.131462 0.148496 0.153104 0.156516 -9999 -9999 -9999 -9999 -9999 -9999 -9999 -9999 -9999 -9999 -9999 -9999 -9999 -9999 -9999 -9999 -9999 -9999 -9999 -9999 -9999 -9999 -9999 -9999 -9999 -9999 -9999 -9999 -9999 -9999 -9999 -9999 -9999 -9999 -9999 -9999 -9999 -9999 -9999 -9999 -9999 -9999 -9999 -9999 -9999 -9999 -9999
0 0 0 0 0 0 0 0 0 0 0 0 0 0.101244 0.106478 0.109624 0.108797 0.110566 0.11371 0.116137 0.121338 0.124101 0.128238 0.131169 0.140882 0.15245 0.156475 0.161403 -9999 -9999 -9999 -9999 -9999 -9999 -9999 -9999 -9999 -9999 -9999 -9999 -9999 -9999 -9999 -9999 -9999 -9999 -9999 -9999 -9999 -9999 -9999 -9999 -9999 -9999 -9999 -9999 -9999 -9999 -9999 -9999 -9999 -9999 -9999 -9999 -9999 -9999 -9999 -9999 -9999 -9999 -9999 -9999 -9999 -9999
0 0 0 0 0 0 0 0 0 0 0 0 0 0 0.103868 0.108214 0.110044 0.109982 0.114314 0.115607 0.119368 0.122831 0.128238 0.138346 0.143353 0.154678 0.15892 0.163763 -9999 -9999 -9999 -9999 -9999 -9999 -9999 -9999 -9999 -9999 -9999 -9999 -9999 -9999 -9999 -9999 -9999 -9999 -9999 -9999 -9999 -9999 -9999 -9999 -9999 -9999 -9999 -9999 -9999 -9999 -9999 -9999 -9999 -9999 -9999 -9999 -9999 -9999 -9999 -9999 -9999 -9999 -9999 -9999 -9999 -9999
-9999 0 0 0 0 0 0 0 0 0 0 0 0 0 0.10306 0.105602 0.106373 0.109226 0.112788 0.115984 0.118857 0.123219 0.127938 0.140956 0.147163 0.158585 0.163924 0.167231 0.171622 -9999 -9999 -9999 -9999 -9999 -9999 -9999 -9999 -9999 -9999 -9999 -9999 0.164576 -9999 -9999 -9999 -9999 -9999 -9999 -9999 -9999 -9999 -9999 -9999 -9999 -9999 -9999 -9999 -9999 -9999 -9999 -9999 -9999 0.106507 -9999 -9999 -9999 -9999 -9999 -9999 -9999 -9999 -9999 -9999 -9999
0 0 0 0 0 0 0 0 0 0 0 0 0 0 0.100842 0.102582 0.10492 0.10755 0.110666 0.114517 0.118979 0.123918 0.133171 0.139518 0.145424 0.151232 0.163078 0.168788 0.175094 0.180454 -9999 -9999 -9999 -9999 -9999 -9999 -9999 0.180958 0.178796 0.175984 0.172221 0.167114 0.164263 -9999 -9999 -9999 -9999 -9999 -9999 -9999 -9999 -9999 -9999 -9999 -9999 -9999 -9999 -9999 -9999 -9999 -9999 -9999 0.105378 0.104868 -9999 -9999 -9999 -9999 -9999 -9999 -9999 -9999 -9999 -9999
0 0 0 0 0 0 0 0 0 0 0 0 0 0 0 0.10067 0.103112 0.106439 0.110293 0.114568 0.119972 0.124917 0.133306 0.139566 0.146662 0.153861 0.164614 0.172737 0.180478 0.187127 -9999 -9999 -9999 -9999 -9999 -9999 0.188236 0.184922 0.181459 0.179868 0.174702 0.169286 0.165118 0.158283 -9999 -9999 -9999 -9999 -9999 -9999 -9999 -9999 -9999 -9999 -9999 -9999 -9999 -9999 0.104249 0.104598 0.106903 0.106908 0.105796 0.104998 -9999 -9999 -9999 -9999 -9999 -9999 -9999 -9999 -9999 -9999
0 0 0 0 0 0 0 0 0 0 0 0 0 0 0 0 0.102294 0.106575 0.110694 0.116959 0.122605 0.130863 0.134566 0.141665 0.150393 0.159887 0.175942 0.178379 0.184656 0.191601 -9999 -9999 -9999 -9999 -9999 -9999 0.194212 0.190442 0.186123 0.182138 0.179441 0.172357 0.164334 0.159889 0.154448 0.147782 0.141883 0.138791 0.128289 0.123711 0.120634 0.116902 -9999 -9999 -9999 -9999 0.107006 0.105534 0.104003 0.103243 0.106008 0.107014 0.107388 0.101263 -9999 -9999 -9999 -9999 -9999 -9999 -9999 -9999 -9999 -9999
0 0 0 0 0 0 0 0 0 0 0 0 0 0 0 0 0.103056 0.108758 0.111136 0.11775 0.130135 0.13169 0.136198 0.144119 0.154129 0.164784 0.178578 0.181568 0.189076 0.195906 -9999 -9999 -9999 0.20582 0.20428 0.203455 0.201133 0.196542 0.191533 0.186798 0.181044 0.178683 0.167505 0.162288 0.15721 0.150439 0.141982 0.135815 0.127495 0.122594 0.119276 0.115394 0.112243 0.10991 0.10825 0.107098 0.105979 0.104791 0.103636 0.103016 0.105336 0.105566 0.104555 0 -9999 -9999 -9999 -9999 -9999 -9999 -9999 -9999 -9999 -9999
0 0 0 0 0 0 0 0 0 0 0 0 0 0 0 0 0.103954 0.109678 0.114639 0.121507 0.129078 0.132806 0.137605 0.146943 0.156824 0.167529 0.175268 0.188119 0.194627 0.203326 -9999 -9999 0.21508 0.213017 0.210821 0.208649 0.206199 0.203005 0.197076 0.191988 0.184484 0.181695 0.172221 0.164963 0.158504 0.150863 0.141779 0.135687 0.130016 0.120927 0.116827 0.113679 0.110786 0.108813 0.107376 0.106302 0.105678 0.104654 0.103611 0.102846 0.104234 0.103673 0.100129 0.100475 -9999 -9999 -9999 -9999 -9999 -9999 -9999 -9999 -9999 -9999
0 0 0 0 0 0 0 0 0 0 0 0 0 0 0 0 0.101806 0.108066 0.113909 0.122389 0.129132 0.136848 0.142804 0.150286 0.158215 0.16567 0.177006 0.191464 0.200256 0.20738 0.214797 -9999 0.221733 0.222003 0.219345 0.215706 0.211662 0.208701 0.201973 0.196004 0.191229 0.185074 0.174043 0.164664 0.157279 0.150332 0.14222 0.133856 0.128298 0.122643 0.115527 0.112175 0.109596 0.107775 0.106524 0.105653 0.105017 0.104396 0.103666 0.102762 0.102636 0 0.100363 0.100968 -9999 -9999 -9999 -9999 -9999 -9999 -9999 -9999 -9999 -9999
0 0 0 0 0 0 0 0 0 0 0 0 0 0 0 0 0 0.104921 0.112082 0.120619 0.129428 0.136328 0.143083 0.148791 0.15714 0.167087 0.177319 0.192361 0.204015 0.212982 0.220901 0.225542 0.227393 0.228229 0.226651 0.222287 0.217363 0.21232 0.206712 0.202049 0.19476 0.185438 0.17349 0.165534 0.1581 0.150411 0.14309 0.135525 0.129536 0.121259 0.116218 0.110909 0.108397 0.106704 0.105642 0.105009 0.104622 0.104283 0.103725 0.102824 0 0 0.102028 0.100673 -9999 -9999 -9999 -9999 -9999 -9999 -9999 -9999 -9999 -9999
0 0 0 0 0 0 0 0 0 0 0 0 0 0 0 0 0 0.104405 0.110701 0.11765 0.126682 0.132077 0.138987 0.147279 0.156622 0.168799 0.181122 0.197929 0.209516 0.217344 0.227507 0.230307 0.233088 0.232338 0.230781 0.228772 0.225321 0.21757 0.212848 0.2038 0.195225 0.188146 0.175106 0.167015 0.158002 0.149729 0.141899 0.13719 0.128906 0.1229 0.116411 0.110929 0.107256 0.105704 0.104828 0.104461 0.10433 0.104216 0.103861 0.102032 0.100589 0 0.103227 0.101261 -9999 -9999 -9999 -9999 -9999 -9999 -9999 -9999 -9999 -9999
-9999 -9999 0 0 0 0 0 0 0 0 0 0 0 0 0 0 0 0.100249 0.105099 0.113789 0.121371 0.12729 0.135852 0.146814 0.15782 0.169172 0.182518 0.198796 0.211327 0.222227 0.229447 0.232199 0.233892 0.233235 0.232516 0.23213 0.228287 0.221934 0.213891 0.20567 0.197723 0.190221 0.17667 0.168553 0.157972 0.149063 0.141469 0.134478 0.128102 0.121209 0.115871 0.110672 0.107521 0.104894 0.104211 0.104035 0.104122 0.104207 0.103433 0.102606 0.101196 0 0.102791 0.102636 -9999 -9999 -9999 -9999 -9999 -9999 -9999 -9999 -9999 -9999
-9999 -9999 0 0 0 0 0 0 0 0 0 0 0 0 0 0 0 0.100154 0.104744 0.113184 0.118116 0.126172 0.135497 0.147382 0.159049 0.17011 0.18363 0.200444 0.212024 0.223818 0.229717 0.234133 0.236489 0.235627 0.233987 0.231572 0.2295 0.223576 0.215022 0.207457 0.200211 0.191072 0.17784 0.169908 0.158421 0.148799 0.140769 0.132897 0.12668 0.120143 0.114467 0.109963 0.10677 0.104943 0.1039 0.103863 0.104076 0.104017 0.10378 0.103025 0.101674 0 0.101009 0.103232 -9999 -9999 -9999 -9999 -9999 -9999 -9999 -9999 -9999 -9999
-9999 -9999 -9999 0 0 0 0 0 0 0 0 0 0 0 0.100188 0.100689 0.101132 0.101791 0.105003 0.111112 0.11828 0.127373 0.139373 0.151599 0.161597 0.172126 0.184815 0.20102 0.212953 0.219824 0.225504 0.229674 0.233128 0.23602 0.234712 0.231845 0.229402 0.223186 0.215232 0.208306 0.200182 0.19138 0.178192 0.168334 0.158628 0.148362 0.140582 0.132285 0.12582 0.119563 0.114136 0.109832 0.106667 0.104849 0.104023 0.103925 0.104155 0.104244 0.104047 0.103354 0.102038 0.100042 0 0 0 -9999 -9999 -9999 -9999 -9999 -9999 -9999 -9999 -9999
-9999 -9999 -9999 0 0 0 0 0 0 0 0 0 0 0 0.100203 0.103669 0.104803 0.108909 0.109586 0.111851 0.118835 0.133556 0.144448 0.155251 0.164246 0.174102 0.184854 0.202509 0.212598 0.217528 0.222694 0.227018 0.230149 0.232474 0.233215 0.229441 0.226015 0.220372 0.214249 0.206663 0.199546 0.191332 0.1767 0.167737 0.15839 0.148207 0.140898 0.132143 0.125904 0.11999 0.114886 0.110234 0.107254 0.105402 0.104443 0.104376 0.104687 0.104532 0.104273 0.103565 0.102279 0.100278 0 0 0 0 0 -9999 -9999 -9999 -9999 -9999 -9999 -9999
-9999 -9999 -9999 -9999 0 0 0 0 0 0 0 0 0 0 0.102087 0.106973 0.112434 0.110259 0.109903 0.112999 0.119309 0.132583 0.142958 0.151699 0.15944 0.170119 0.180697 0.197169 0.206724 0.215919 0.222197 0.226715 0.22792 0.228592 0.227947 0.226671 0.222872 0.217787 0.211697 0.204335 0.196409 0.187868 0.175452 0.165185 0.156769 0.147659 0.139746 0.132486 0.126565 0.121218 0.115707 0.111344 0.108392 0.106157 0.105377 0.105169 0.105335 0.105635 0.104483 0.103715 0.102381 0.100428 0 0 0 0 0 0 -9999 -9999 -9999 -9999 -9999 -9999
-9999 -9999 -9999 -9999 0 0 0 0 0 0 0 0 0 0 0.101822 0.107276 0.113618 0.112002 0.112165 0.114764 0.121041 0.132194 0.138394 0.147706 0.155892 0.166931 0.176912 0.190781 0.200443 0.209585 0.219701 0.224165 0.223858 0.224031 0.222925 0.221011 0.217791 0.213294 0.209756 0.201388 0.195686 0.186108 0.172932 0.164212 0.155739 0.147564 0.139971 0.133032 0.127394 0.121619 0.117257 0.111982 0.109307 0.107616 0.106668 0.106291 0.106267 0.106351 0.10633 0.104871 0.102418 0.100484 0 0 0 0 0 0 0 0 0 -9999 -9999 -9999
-9999 -9999 -9999 -9999 0 0 0 0 0 0 0 0 0 0 0.101456 0.105695 0.111915 0.117396 0.118852 0.117473 0.122437 0.128217 0.135474 0.144409 0.153624 0.162085 0.170429 0.184492 0.196566 0.205839 0.210213 0.216011 0.216466 0.218198 0.219028 0.214574 0.212054 0.208353 0.204588 0.202426 0.195407 0.186184 0.172736 0.165641 0.156627 0.148083 0.140542 0.133917 0.128762 0.121993 0.117529 0.113682 0.111115 0.109353 0.108256 0.107659 0.107383 0.107244 0.106998 0.106448 0.103928 0.10225 0 0 0 0 0 0 0 0 0 0 -9999 -9999
-9999 -9999 -9999 -9999 0 0 0 0 0 0 0 0 0 0 0.102266 0.106209 0.111957 0.117524 0.118313 0.121337 0.123957 0.127984 0.135704 0.142793 0.150453 0.160521 0.168638 0.181266 0.189417 0.19524 0.201988 0.208423 0.208155 0.209706 0.210805 0.208182 0.206034 0.205203 0.20268 0.19749 0.192832 0.18731 0.175037 0.165895 0.157757 0.148499 0.141449 0.135036 0.129196 0.123874 0.119038 0.115673 0.113114 0.111253 0.109995 0.109167 0.108622 0.108226 0.107743 0.10703 0.105996 0.102395 0.100208 0 0 0 0 0 0 0 0 0 0 -9999
-9999 -9999 -9999 -9999 0 0 0 0 0 0 0 0 0 0 0.102215 0.106058 0.109797 0.115102 0.121923 0.121042 0.127946 0.131065 0.138295 0.143669 0.150876 0.158878 0.172197 0.177917 0.181164 0.188542 0.193926 0.198896 0.19981 0.201528 0.20208 0.201437 0.201729 0.201793 0.200274 0.193681 0.188635 0.184739 0.175363 0.166181 0.157423 0.150012 0.143113 0.138219 0.131304 0.125331 0.121161 0.117782 0.115126 0.113212 0.111756 0.110734 0.109957 0.109282 0.108578 0.10769 0.106526 0.104993 0.100499 0 0 0 0 0 0 0 0 0 0 0
-9999 -9999 -9999 -9999 -9999 0 0 0 0 0 0 0 0 0.100131 0.102693 0.10621 0.110528 0.11639 0.122139 0.125179 0.132601 0.136546 0.141348 0.144503 0.149903 0.157929 0.17389 0.174474 0.177461 0.182386 0.186828 0.190503 0.192482 0.194252 0.195278 0.1962 0.199283 0.198384 0.196706 0.192214 0.188291 0.183972 0.172904 0.164423 0.157179 0.150677 0.146799 0.142344 0.133527 0.128117 0.124415 0.120625 0.117087 0.115075 0.113501 0.112294 0.111281 0.110374 0.109457 0.108501 0.107187 0.105555 0.100659 0 0 0 0 0 0 0 0 0 0 0
-9999 -9999 -9999 -9999 -9999 0 0 0 0 0 0 0 0 0.101636 0.104297 0.107336 0.112071 0.117189 0.122712 0.127461 0.131687 0.139725 0.143316 0.144918 0.14991 0.156073 0.168448 0.174774 0.17627 0.177826 0.181296 0.184532 0.189907 0.190556 0.192673 0.194466 0.193667 0.192398 0.191504 0.186777 0.184129 0.178824 0.17098 0.164159 0.15796 0.151028 0.147505 0.144085 0.135609 0.130319 0.126685 0.122399 0.119398 0.117175 0.115426 0.113986 0.112765 0.111626 0.110512 0.109303 0.107918 0.106322 0.104518 0 0 0 0 0 0 0 0 0 0 0
-9999 -9999 -9999 -9999 -9999 0 0 0 0 0 0 0 0.100065 0.102878 0.105865 0.108588 0.113532 0.119073 0.124541 0.130819 0.134719 0.137698 0.142838 0.145278 0.149965 0.155682 0.165598 0.169017 0.17091 0.173425 0.176256 0.1791 0.181684 0.18323 0.184853 0.184967 0.185513 0.186321 0.184814 0.180977 0.180264 0.17607 0.170738 0.163853 0.157008 0.151229 0.148763 0.142448 0.136196 0.131355 0.127087 0.123738 0.121069 0.118692 0.116897 0.115343 0.113976 0.112717 0.111463 0.110183 0.108764 0.107367 0.105866 0.105907 0 0 0 0 0 0 0 0 0 0
-9999 -9999 -9999 -9999 -9999 0 0 0 0 0 0 0 0.100184 0.103149 0.105616 0.108939 0.113535 0.11864 0.124287 0.129083 0.135724 0.137484 0.143266 0.1456 0.149189 0.158716 0.163567 0.165887 0.167936 0.170512 0.171737 0.173955 0.176064 0.179158 0.18051 0.17973 0.17917 0.178325 0.178029 0.175437 0.173556 0.17063 0.167429 0.16157 0.156191 0.151747 0.14547 0.140953 0.136042 0.131837 0.128064 0.125128 0.122436 0.119984 0.118133 0.116519 0.115075 0.11371 0.1124 0.111125 0.109741 0.108627 0.107727 0.107399 0.101212 0 0 0 0 0 0 0 0 0
-9999 -9999 -9999 -9999 -9999 0 0 0 0 0.100232 0 0 0.100584 0.103148 0.105895 0.110615 0.113107 0.116451 0.12174 0.128296 0.135453 0.139173 0.139636 0.146104 0.149303 0.159358 0.163858 0.166464 0.167285 0.16801 0.168252 0.169607 0.171611 0.175741 0.179519 0.177631 0.175078 0.173737 0.172408 0.171888 0.169801 0.167356 0.165449 0.158338 0.156548 0.152054 0.145737 0.141175 0.136458 0.132234 0.12967 0.126832 0.12357 0.12098 0.119142 0.117504 0.115995 0.114601 0.113257 0.112067 0.110828 0.109641 0.110239 0.10985 0.106912 0 0 0 0 0 0 0 0 0
-9999 -9999 -9999 -9999 -9999 0.101067 0.101035 0 0.100784 0.100705 0 0 0.101096 0.103288 0.105888 0.109331 0.112545 0.116578 0.121837 0.128159 0.135067 0.141034 0.143903 0.147495 0.147995 0.159686 0.164109 0.165418 0.165707 0.164543 0.164543 0.165897 0.167275 0.16869 0.1715 0.174363 0.173673 0.171 0.170739 0.170304 0.167208 0.164806 0.163285 0.161258 0.154919 0.149008 0.146016 0.141961 0.137329 0.132297 0.129254 0.126825 0.123749 0.121714 0.119906 0.118253 0.11676 0.115355 0.114007 0.112799 0.11176 0.111795 0.111554 0.111735 0.11022 0 0 0 0 0 0 0 0 0
-9999 -9999 -9999 -9999 -9999 0.103157 0.10263 0.101693 0.10086 0.100102 0 0.101623 0.102393 0.104569 0.106112 0.1087 0.112203 0.115971 0.120822 0.12787 0.134516 0.141653 0.144459 0.142412 0.154279 0.158942 0.164924 0.164273 0.163044 0.161869 0.161872 0.164681 0.164301 0.165066 0.166263 0.16793 0.17021 0.169199 0.170005 0.168426 0.16535 0.162746 0.16046 0.158515 0.150976 0.147673 0.14542 0.141966 0.137659 0.13326 0.129131 0.12651 0.124084 0.122149 0.120409 0.118803 0.117338 0.115989 0.114732 0.113583 0.113507 0.11363 0.11312 0.112894 0.111485 0.10417 0 0 0 0 0 0 0 0
-9999 -9999 -9999 -9999 -9999 -9999 0.103064 0.102 0.101734 0.103263 0.103119 0.10399 0.105137 0.107067 0.106549 0.108735 0.11183 0.115444 0.119929 0.125937 0.131248 0.138094 0.144121 0.143226 0.156533 0.158368 0.161225 0.162163 0.160856 0.15913 0.160324 0.163885 0.164473 0.164573 0.163722 0.16414 0.167536 0.168679 0.169153 0.166514 0.163524 0.161203 0.158901 0.156724 0.14684 0.148177 0.143358 0.139087 0.135911 0.132158 0.128897 0.12642 0.124213 0.122349 0.120662 0.119145 0.117791 0.116508 0.115438 0.114633 0.114799 0.116927 0.115458 0.114471 0.114133 0.107056 0 0 0 0 0 0 0 0
-9999 -9999 -9999 -9999 -9999 -9999 0.104343 0.102721 0.104171 0.10643 0.109884 0.111328 0.108406 0.109488 0.109019 0.108805 0.111411 0.11494 0.119252 0.123996 0.129888 0.137068 0.143587 0.151851 0.14956 0.154575 0.156365 0.157592 0.157484 0.158831 0.162639 0.165999 0.165611 0.165399 0.162777 0.162154 0.16228 0.163876 0.165497 0.165543 0.162268 0.160165 0.157965 0.155668 0.151039 0.145006 0.141961 0.137994 0.134493 0.131504 0.12844 0.12609 0.124072 0.122257 0.120685 0.119288 0.118082 0.11698 0.116342 0.115843 0.117023 0.117802 0.117827 0.118145 0.113461 0.107818 0 0 0 0 0 0 0 0
