Test_Spring_2018/01_18/Prec/20180115_016.txt
ncols	170
nrows	115
xllcorner	350000.000000
yllcorner	4445000.000000
cellsize	1000.000000
nodata_value	-9999.000000
[rows 31 to 61 of 115, columns 70 to 139 of 170]
0.260489 0.265731 0.268183 0.26587 0.267297 0.276955 0.28324 0.284659 0.282365 0.283218 0.281144 0.281474 0.28003 0.276204 0.275101 0.266758 0.237789 0.246105 0.248975 0.239709 0.243365 0.249714 0.241368 0.219614 0.209145 0.193393 0.192907 0.189851 0.176709 -9999 -9999 -9999 -9999 -9999 -9999 -9999 -9999 -9999 -9999 -9999 -9999 -9999 -9999 -9999 -9999 -9999 -9999 -9999 -9999 -9999 -9999 -9999 -9999 -9999 -9999 -9999 -9999 -9999 -9999 -9999 -9999 -9999 -9999 -9999 -9999 -9999 -9999 -9999 -9999 -9999
0.257887 0.260621 0.261151 0.258903 0.264709 0.270276 0.2727 0.269275 0.277407 0.278653 0.277405 0.272756 0.271696 0.270411 0.269795 0.262833 0.242111 0.223174 0.232988 0.232634 0.224777 0.236265 0.228374 0.209672 0.183756 0.195518 0.190541 0.171771 0.163059 -9999 -9999 -9999 -9999 -9999 -9999 -9999 -9999 -9999 -9999 -9999 -9999 -9999 -9999 -9999 -9999 -9999 -9999 -9999 -9999 -9999 -9999 -9999 -9999 -9999 -9999 -9999 -9999 -9999 -9999 -9999 -9999 -9999 -9999 -9999 -9999 -9999 -9999 -9999 -9999 -9999
0.248329 0.254253 0.253348 0.252833 0.260891 0.261751 0.263376 0.267168 0.272067 0.273909 0.273842 0.272134 0.270674 0.268954 0.263491 0.255252 0.237432 0.21585 0.210712 0.220797 0.220673 0.221575 0.214594 0.205949 0.192928 0.201465 0.204019 0.188728 0.172547 0.160603 -9999 -9999 -9999 -9999 -9999 -9999 -9999 -9999 -9999 -9999 -9999 -9999 -9999 -9999 -9999 -9999 -9999 -9999 -9999 -9999 -9999 -9999 -9999 -9999 -9999 -9999 -9999 -9999 -9999 -9999 -9999 -9999 -9999 -9999 -9999 -9999 -9999 -9999 -9999 -9999
0.236604 0.246349 0.244612 0.238485 0.243643 0.247772 0.253652 0.257669 0.259289 0.268474 0.268625 0.268751 0.265545 0.262971 0.258385 0.250281 0.238583 0.224384 0.199618 0.214453 0.22589 0.225054 0.223766 0.217708 0.205464 0.214113 0.213597 0.193463 0.176969 0.165857 0.16049 -9999 -9999 -9999 -9999 -9999 -9999 -9999 -9999 -9999 -9999 -9999 -9999 -9999 -9999 -9999 -9999 -9999 -9999 -9999 -9999 -9999 -9999 -9999 -9999 -9999 -9999 -9999 -9999 -9999 -9999 -9999 -9999 -9999 -9999 -9999 -9999 -9999 -9999 -9999
-9999 0.236754 0.235132 0.227467 0.23261 0.239199 0.246062 0.251229 0.257347 0.260319 0.263244 0.263169 0.259592 0.248667 0.247101 0.246579 0.23883 0.222629 0.206417 0.202071 0.219933 0.22482 0.2234 0.226991 0.216777 0.220709 0.218102 0.209905 0.189785 0.176201 0.168943 0.155827 -9999 -9999 -9999 -9999 -9999 -9999 -9999 -9999 -9999 -9999 -9999 -9999 -9999 -9999 -9999 -9999 -9999 -9999 -9999 -9999 -9999 -9999 -9999 -9999 -9999 -9999 -9999 -9999 -9999 -9999 -9999 -9999 -9999 -9999 -9999 -9999 -9999 -9999
-9999 -9999 -9999 -9999 0.219118 0.226008 0.231637 0.241809 0.251206 0.254856 0.25828 0.257973 0.250408 0.246584 0.246052 0.24082 0.231788 0.226093 0.215881 0.20528 0.209256 0.224624 0.217654 0.228406 0.227202 0.228814 0.220982 0.20309 0.182028 0.172104 0.165548 0.154715 -9999 -9999 -9999 -9999 -9999 -9999 -9999 -9999 -9999 -9999 -9999 -9999 -9999 -9999 -9999 -9999 -9999 -9999 -9999 -9999 -9999 -9999 -9999 -9999 -9999 -9999 -9999 -9999 -9999 -9999 -9999 -9999 -9999 -9999 -9999 -9999 -9999 -9999
-9999 -9999 -9999 -9999 -9999 0.220983 0.224882 0.235932 0.245365 0.247599 0.252838 0.252556 0.249353 0.246796 0.243285 0.238881 0.231951 0.224448 0.214887 0.214062 0.22406 0.224342 0.222423 0.224121 0.229161 0.227653 0.214283 0.19269 0.181663 0.159976 0.149865 0.149585 0.141993 -9999 -9999 -9999 -9999 -9999 -9999 -9999 -9999 -9999 -9999 -9999 -9999 0.155961 -9999 -9999 -9999 -9999 -9999 -9999 -9999 -9999 -9999 -9999 -9999 -9999 -9999 -9999 -9999 -9999 -9999 -9999 -9999 -9999 0 -9999 -9999 -9999
-9999 -9999 -9999 -9999 0.217273 0.221599 0.227266 0.234231 0.23685 0.242289 0.24811 0.247659 0.245022 0.242095 0.236387 0.234601 0.23044 0.222284 0.220655 0.224056 0.225847 0.22791 0.229333 0.228818 0.226973 0.224361 0.213779 0.204313 0.19762 0.176395 0.167075 0.156605 0.141323 0.129092 -9999 -9999 -9999 -9999 -9999 -9999 -9999 0.148021 0.147158 0.147061 0.149744 0.157766 0.152203 -9999 -9999 -9999 -9999 -9999 -9999 -9999 -9999 -9999 -9999 -9999 -9999 -9999 -9999 -9999 -9999 -9999 -9999 -9999 0.104674 0 -9999 -9999
-9999 -9999 -9999 -9999 0.212887 0.22055 0.22449 0.231174 0.234823 0.240253 0.241798 0.243073 0.241843 0.23844 0.233804 0.233144 0.227435 0.224396 0.222427 0.227083 0.228423 0.227263 0.225689 0.224317 0.219261 0.218872 0.214113 0.208076 0.198104 0.187614 0.172726 0.15246 0.132486 0.116112 -9999 -9999 -9999 -9999 -9999 -9999 0.146953 0.153804 0.157884 0.148754 0.15624 0.162977 0.161456 0.148004 -9999 -9999 -9999 -9999 -9999 -9999 -9999 -9999 -9999 -9999 -9999 -9999 -9999 -9999 0.157706 0.146104 0.122963 0.110973 0.103665 0 -9999 -9999
-9999 -9999 -9999 -9999 0.208567 0.217512 0.223528 0.228622 0.229236 0.234976 0.238361 0.23845 0.237195 0.235567 0.233833 0.228423 0.225895 0.218745 0.225456 0.225608 0.22458 0.218756 0.216739 0.206169 0.201825 0.198401 0.208078 0.200825 0.185584 0.166376 0.144297 0.140661 0.131965 0.117123 -9999 -9999 -9999 -9999 -9999 -9999 0.146259 0.153774 0.160116 0.161088 0.15216 0.164532 0.158053 0.150748 0.148728 0.15391 0.156189 0.153731 0.159505 0.16075 0.156936 0.159626 -9999 -9999 -9999 -9999 0.159199 0.159365 0.15946 0.154517 0.129312 0.112026 0 0 -9999 -9999
-9999 -9999 -9999 -9999 0.211651 0.217442 0.220414 0.220892 0.225067 0.229844 0.233497 0.233593 0.231916 0.230477 0.229141 0.226639 0.22238 0.222777 0.222607 0.220957 0.209091 0.195294 0.202704 0.195651 0.176058 0.191097 0.199691 0.191591 0.173274 0.151784 0.144897 0.143129 0.131496 0.116445 -9999 -9999 -9999 0.123475 0.133771 0.13445 0.137587 0.147757 0.155605 0.161971 0.166091 0.16107 0.15652 0.149448 0.141661 0.143821 0.156582 0.15918 0.161275 0.162604 0.159018 0.159708 0.162675 0.163989 0.163912 0.162699 0.162204 0.16225 0.161621 0.157039 0.134613 0.121649 0.113297 0 -9999 -9999
-9999 -9999 -9999 -9999 0.208117 0.213276 0.217221 0.220546 0.220812 0.223879 0.225741 0.229487 0.228385 0.223024 0.224903 0.223417 0.222111 0.220558 0.218855 0.208777 0.194995 0.181387 0.175782 0.178191 0.167898 0.173786 0.182571 0.180198 0.168179 0.148981 0.145374 0.140455 0.121384 0.103404 -9999 -9999 0.100657 0.120629 0.134765 0.14212 0.144525 0.145003 0.155005 0.156137 0.166839 0.160249 0.146243 0.147601 0.142185 0.145206 0.149329 0.150055 0.156643 0.162544 0.163125 0.162497 0.164172 0.16412 0.163808 0.163404 0.161598 0.162101 0.162055 0.159181 0.142864 0.134834 0.123657 0 -9999 -9999
-9999 -9999 -9999 -9999 0.207914 0.213566 0.219299 0.22007 0.223558 0.220483 0.218734 0.222886 0.224852 0.220462 0.217 0.219453 0.218422 0.217642 0.217046 0.207697 0.197139 0.18087 0.171336 0.164483 0.160844 0.154402 0.159108 0.157795 0.155679 0.157059 0.151493 0.140571 0.128977 0.108332 0 -9999 0 0.108044 0.124983 0.139638 0.149183 0.1462 0.15767 0.160231 0.16328 0.159698 0.151188 0.147276 0.146684 0.145199 0.152092 0.156626 0.159652 0.161263 0.163379 0.163459 0.163607 0.163406 0.163157 0.163007 0.162736 0.162516 0.162079 0.160966 0.153444 0.143502 0.126239 0 -9999 -9999
-9999 -9999 -9999 0.191091 0.205751 0.214788 0.218312 0.220487 0.221931 0.222386 0.223001 0.221274 0.220624 0.219678 0.210802 0.210113 0.210584 0.214398 0.214331 0.21415 0.208941 0.188994 0.181849 0.172157 0.159308 0.153929 0.157273 0.168775 0.167956 0.159716 0.150291 0.137769 0.129112 0.115936 0 0 0.101627 0.108292 0.1197 0.137697 0.150606 0.15674 0.159492 0.161615 0.164179 0.159125 0.15417 0.152022 0.148007 0.14711 0.146662 0.150557 0.153551 0.160675 0.162555 0.163022 0.163031 0.162849 0.16268 0.162612 0.162487 0.162211 0.162148 0.162047 0.159922 0.149199 0.122703 0.100421 -9999 -9999
-9999 -9999 -9999 -9999 0.201884 0.206294 0.207556 0.20905 0.211815 0.214657 0.219146 0.218007 0.21911 0.216311 0.209239 0.200661 0.20609 0.208269 0.211108 0.211951 0.212321 0.19484 0.186814 0.180752 0.168535 0.173928 0.178989 0.179437 0.176384 0.159485 0.14232 0.122735 0.103781 0.101348 0 0 0 0.115678 0.127211 0.132042 0.135837 0.154741 0.158117 0.159998 0.164945 0.158726 0.157051 0.15216 0.153376 0.152611 0.152177 0.138295 0.15116 0.151248 0.159255 0.16253 0.162792 0.162528 0.162388 0.162142 0.162007 0.161868 0.161916 0.160701 0.16032 0.153269 0.119742 0.10062 -9999 -9999
-9999 -9999 -9999 -9999 -9999 -9999 0.203084 0.205665 0.206752 0.208687 0.216946 0.21758 0.217242 0.215405 0.210854 0.202332 0.199558 0.200541 0.193799 0.200419 0.209026 0.210075 0.210468 0.196045 0.188957 0.197601 0.195727 0.184 0.174406 0.164557 0.144638 0.129799 0.108303 0 0 0.104773 0.117428 0.133799 0.140999 0.136733 0.141752 0.150213 0.160822 0.166116 0.165202 0.158649 0.157682 0.150201 0.157294 0.157591 0.153754 0.150277 0.150936 0.154549 0.155495 0.161645 0.162699 0.162489 0.16215 0.161902 0.161702 0.16158 0.160847 0.160546 0.16022 0.159683 0.125227 0 -9999 -9999
-9999 -9999 -9999 -9999 -9999 -9999 0.195734 0.197203 0.200941 0.211218 0.215956 0.216454 0.214338 0.213481 0.20976 0.202084 0.194736 0.188305 0.180562 0.185662 0.19853 0.20676 0.208885 0.196374 0.204537 0.202671 0.19786 0.182492 0.170817 0.164138 0.145003 0.128465 0.113687 0 0.100114 0.107409 0.117436 0.135385 0.147643 0.152857 0.148335 0.154333 0.16649 0.166839 0.160588 0.161203 0.157228 0.147034 0.157401 0.160056 0.15723 0.15732 0.155924 0.156847 0.159084 0.161226 0.162498 0.162255 0.161898 0.161566 0.161398 0.161062 0.160701 0.160482 0.160156 0.159752 0.13743 0 -9999 -9999
-9999 -9999 -9999 -9999 -9999 -9999 -9999 0.188958 0.198407 0.212444 0.214973 0.212749 0.213905 0.212253 0.207529 0.203571 0.19486 0.183805 0.16332 0.169124 0.18098 0.197916 0.207466 0.20757 0.20387 0.196622 0.177667 0.160788 0.158479 0.155102 0.140925 0.12801 0.111818 0.11888 0.126806 0.135774 0.140134 0.138039 0.148497 0.157186 0.153485 0.160779 0.169338 0.165815 0.163815 0.162113 0.157515 0.157178 0.157475 0.163165 0.158603 0.160641 0.160219 0.159419 0.160178 0.161181 0.162329 0.162128 0.161753 0.161513 0.161085 0.160928 0.1606 0.160273 0.159955 0.159576 0.157348 0.133817 0.120575 -9999
-9999 -9999 -9999 -9999 -9999 -9999 -9999 0.179219 0.183578 0.200455 0.204838 0.210997 0.213336 0.211707 0.204991 0.200884 0.188259 0.184161 0.165195 0.157056 0.165187 0.163405 0.186289 0.20665 0.203284 0.165118 0.151458 0.141514 0.143859 0.143327 0.138787 0.117533 0.110582 0.127466 0.137625 0.145337 0.151135 0.151689 0.151194 0.164837 0.166681 0.171272 0.170487 0.171114 0.16436 0.160199 0.16392 0.159517 0.158594 0.16449 0.157995 0.163025 0.161916 0.159637 0.158921 0.16195 0.162138 0.162058 0.161613 0.161245 0.160835 0.160503 0.160392 0.160109 0.159679 0.159462 0.159037 0.154225 0.142691 0.138379
-9999 -9999 -9999 -9999 -9999 -9999 -9999 -9999 0.166652 0.190604 0.200967 0.205299 0.212004 0.211333 0.206573 0.200665 0.188081 0.177298 0.160318 0.141243 0.131627 0.163374 0.191211 0.206195 0.205047 0.173298 0.160882 0.16036 0.167655 0.160797 0.155213 0.138967 0.133128 0.125424 0.128168 0.138343 0.148018 0.157437 0.164298 0.164745 0.169343 0.172086 0.172441 0.173433 0.172763 0.172194 0.165422 0.169967 0.16585 0.16765 0.165929 0.164259 0.162795 0.158374 0.160494 0.162326 0.162425 0.161787 0.161417 0.161157 0.160828 0.160374 0.160044 0.1598 0.15955 0.1592 0.158971 0.15652 0.154767 0.147682
-9999 -9999 -9999 -9999 -9999 -9999 -9999 -9999 0.154196 0.178095 0.189164 0.203072 0.208254 0.210147 0.208592 0.203697 0.194018 0.180084 0.168747 0.14732 0.125281 0.157215 0.188068 0.204446 0.205985 0.179125 0.186943 0.180888 0.183129 0.17151 0.166187 0.161912 0.152833 0.142954 0.13028 0.124715 0.147077 0.158432 0.167598 0.171891 0.17435 0.17563 0.175094 0.173459 0.163432 0.171198 0.170682 0.169804 0.168729 0.168022 0.166863 0.165493 0.16456 0.163819 0.160722 0.162039 0.161743 0.161557 0.161345 0.161042 0.16067 0.160315 0.15993 0.159704 0.159377 0.15905 0.158756 0.15631 0.155719 0.154896
-9999 -9999 -9999 -9999 -9999 -9999 -9999 -9999 0.119409 0.154704 0.181343 0.195361 0.20641 0.208665 0.208913 0.202735 0.198153 0.188075 0.178789 0.164721 0.143733 0.131081 0.154366 0.190017 0.205409 0.204598 0.20399 0.196948 0.190389 0.189167 0.189035 0.181167 0.16607 0.151564 0.146695 0.141338 0.157926 0.159908 0.158425 0.176927 0.176888 0.17581 0.168695 0.160839 0.162409 0.157401 0.161047 0.155015 0.160234 0.164647 0.166055 0.165508 0.164553 0.162209 0.161707 0.161974 0.161741 0.161435 0.161146 0.160885 0.160586 0.16014 0.159786 0.159635 0.159259 0.158921 0.158585 0.15606 0.155522 0.154799
-9999 -9999 -9999 -9999 -9999 -9999 -9999 -9999 0.119333 0.149531 0.174387 0.18862 0.202448 0.204874 0.20898 0.207139 0.202401 0.193591 0.182889 0.171252 0.153174 0.139905 0.156527 0.178441 0.195439 0.201438 0.203694 0.203257 0.201456 0.195779 0.19371 0.192303 0.184227 0.1705 0.162603 0.151237 0.169806 0.17163 0.168435 0.177704 0.177121 0.162786 0.151785 0.150406 0.157216 0.150818 0.149518 0.145308 0.149577 0.161315 0.155078 0.155557 0.16085 0.161525 0.161863 0.161793 0.16153 0.161278 0.160959 0.160745 0.16053 0.160088 0.15976 0.159481 0.159045 0.15878 0.158409 0.15559 0.155094 0.1545
-9999 -9999 -9999 -9999 -9999 -9999 -9999 -9999 0.115349 0.140712 0.163048 0.184634 0.199573 0.20506 0.208896 0.20815 0.202757 0.198201 0.191402 0.181082 0.174136 0.162052 0.145414 0.173977 0.180699 0.18836 0.186306 0.194271 0.193959 0.190141 0.188528 0.192242 0.190679 0.179828 0.176026 0.16985 0.180057 0.179805 0.179283 0.178538 0.166344 0.149485 0.136016 0.145603 0.143526 0.14803 0.134098 0.142566 0.151429 0.154159 0.147776 0.142982 0.156993 0.159101 0.160272 0.160942 0.161304 0.160936 0.160855 0.160545 0.160276 0.160002 0.159653 0.159351 0.158999 0.158645 0.158298 0.155364 0.154718 0.153934
-9999 -9999 -9999 -9999 -9999 -9999 -9999 -9999 -9999 0.124107 0.152733 0.178364 0.192345 0.200929 0.204846 0.204264 0.201351 0.198138 0.193739 0.186069 0.176534 0.161594 0.150484 0.157341 0.16304 0.163921 0.169453 0.185744 0.191228 0.183154 0.163504 0.174975 0.187755 0.187378 0.186098 0.184678 0.1848 0.183117 0.179777 0.171242 0.145518 0.138328 0.128069 0.128982 0.123609 0.134698 0.130273 0.1416 0.146385 0.148056 0.137163 0.139287 0.151594 0.156335 0.155287 0.158111 0.160792 0.160663 0.160521 0.160221 0.160058 0.159855 0.15958 0.159226 0.158903 0.158607 0.158145 0.15508 0.153647 0.15257
-9999 -9999 -9999 -9999 -9999 -9999 -9999 -9999 -9999 0.118683 0.147396 0.177685 0.186954 0.196246 0.204236 0.203884 0.19963 0.195632 0.191589 0.187085 0.175504 0.164296 0.153603 0.149903 0.151847 0.148654 0.157676 0.178931 0.182939 0.181037 0.160537 0.153433 0.170553 0.184907 0.185872 0.184367 0.167079 0.170517 0.161087 0.148367 0.144707 0.139012 0.127222 0.132567 0.123871 0.127282 0.126171 0.132506 0.135483 0.143062 0.13354 0.133452 0.14553 0.15152 0.151452 0.15775 0.159852 0.160238 0.160169 0.160056 0.15986 0.15974 0.159457 0.159138 0.158789 0.158256 0.157292 0.154786 0.138961 0.138525
-9999 -9999 -9999 -9999 -9999 -9999 -9999 -9999 -9999 0.122751 0.14242 0.169188 0.188854 0.189473 0.198771 0.203341 0.198723 0.193648 0.188524 0.186133 0.173497 0.159672 0.148473 0.135264 0.137187 0.14629 0.158339 0.172013 0.174342 0.171344 0.160369 0.165405 0.177023 0.183108 0.184772 0.18313 0.179212 0.17686 0.169862 0.166708 0.157061 0.142098 0.13607 0.139528 0.123653 0.124527 0.130097 0.123815 0.133735 0.138369 0.126136 0.135542 0.146211 0.151556 0.156202 0.158284 0.158981 0.160167 0.159982 0.159878 0.15972 0.159477 0.159254 0.158803 0.158391 0.156855 0.154695 0.142941 0.134583 0.135079
-9999 -9999 -9999 -9999 -9999 -9999 -9999 -9999 -9999 0.126939 0.144521 0.16759 0.181374 0.18328 0.193628 0.202819 0.201215 0.195912 0.194036 0.188657 0.177852 0.165978 0.153045 0.146629 0.132219 0.145894 0.153485 0.165037 0.170363 0.161364 0.156662 0.164534 0.172354 0.175368 0.183256 0.18299 0.180164 0.168624 0.162889 0.165017 0.162429 0.158054 0.147687 0.147017 0.140278 0.13736 0.134591 0.126176 0.131243 0.131554 0.132766 0.144089 0.149534 0.15307 0.156266 0.156941 0.158206 0.159912 0.15986 0.159707 0.159475 0.159289 0.158924 0.158152 0.157466 0.1546 0.1497 0.14075 0.122976 0.132506
-9999 -9999 -9999 -9999 -9999 -9999 -9999 -9999 -9999 0.124542 0.1432 0.162747 0.170478 0.17119 0.190393 0.201951 0.20142 0.198626 0.195499 0.182686 0.183055 0.18024 0.168506 0.151569 0.133003 0.134428 0.14491 0.156973 0.161932 0.147026 0.141579 0.145294 0.157202 0.167839 0.178947 0.181626 0.178117 0.160265 0.141301 0.149795 0.158881 0.158617 0.155675 0.146046 0.14284 0.139918 0.132833 0.120998 0.122566 0.125582 0.138459 0.142349 0.148481 0.153536 0.151324 0.152266 0.157092 0.159767 0.159653 0.159483 0.159355 0.159065 0.158669 0.157353 0.155972 0.153806 0.141389 0.133584 0.119044 0.131267
-9999 -9999 -9999 -9999 -9999 -9999 -9999 -9999 -9999 0.119237 0.132453 0.151026 0.158026 0.169761 0.187823 0.196405 0.200239 0.199606 0.197334 0.191337 0.187596 0.180641 0.168411 0.151833 0.133451 0.121378 0.127044 0.144167 0.148982 0.135182 0.128003 0.13656 0.14926 0.168145 0.178853 0.180133 0.178952 0.175112 0.161213 0.144458 0.144306 0.152394 0.145237 0.136952 0.141176 0.140139 0.133142 0.127993 0.124861 0.126519 0.133808 0.136649 0.143767 0.154378 0.155708 0.155178 0.159517 0.159523 0.159407 0.159356 0.159127 0.158862 0.158501 0.157386 0.155167 0.146827 0.139526 0.129455 0.128013 0.135531
-9999 -9999 -9999 -9999 -9999 -9999 -9999 -9999 -9999 0.109549 0.125163 0.142416 0.158577 0.17389 0.187025 0.187395 0.194095 0.193511 0.196837 0.195265 0.189681 0.183736 0.173125 0.151898 0.134005 0.114529 0.119247 0.13999 0.139461 0.130056 0.112821 0.130265 0.149517 0.166943 0.176289 0.168624 0.176087 0.175258 0.169923 0.159867 0.144341 0.144421 0.13273 0.132017 0.137698 0.139397 0.138201 0.134283 0.128166 0.129046 0.133421 0.134343 0.140866 0.149048 0.157041 0.1582 0.159544 0.159389 0.159192 0.159097 0.158891 0.158496 0.157852 0.156696 0.149668 0.141352 0.136143 0.129059 0.128001 0.13749
