Test_Spring_2018/01_18/Prec/20180114_022.txt
ncols	170
nrows	115
xllcorner	350000.000000
yllcorner	4445000.000000
cellsize	1000.000000
nodata_value	-9999.000000
[rows 31 to 61 of 115, columns 70 to 139 of 170]
0.330506 0.337845 0.341497 0.33885 0.3409 0.3511 0.360145 0.361338 0.362007 0.361995 0.358045 0.35713 0.353892 0.347613 0.34499 0.33315 0.294769 0.305051 0.308526 0.296494 0.301436 0.310014 0.299587 0.271751 0.258497 0.238261 0.236594 0.22679 0.209592 -9999 -9999 -9999 -9999 -9999 -9999 -9999 -9999 -9999 -9999 -9999 -9999 -9999 -9999 -9999 -9999 -9999 -9999 -9999 -9999 -9999 -9999 -9999 -9999 -9999 -9999 -9999 -9999 -9999 -9999 -9999 -9999 -9999 -9999 -9999 -9999 -9999 -9999 -9999 -9999 -9999
0.33393 0.337844 0.338835 0.336133 0.343776 0.35098 0.352758 0.349535 0.362194 0.362903 0.360291 0.353213 0.350785 0.348099 0.346356 0.336489 0.308906 0.2838 0.296178 0.295502 0.285204 0.300095 0.289861 0.265578 0.231873 0.246988 0.240258 0.208415 0.199147 -9999 -9999 -9999 -9999 -9999 -9999 -9999 -9999 -9999 -9999 -9999 -9999 -9999 -9999 -9999 -9999 -9999 -9999 -9999 -9999 -9999 -9999 -9999 -9999 -9999 -9999 -9999 -9999 -9999 -9999 -9999 -9999 -9999 -9999 -9999 -9999 -9999 -9999 -9999 -9999 -9999
0.328612 0.33649 0.335444 0.334845 0.345312 0.346369 0.34523 0.353178 0.362083 0.363765 0.362941 0.35997 0.357321 0.354352 0.346559 0.335209 0.311482 0.282932 0.27579 0.288459 0.287912 0.288708 0.279265 0.267632 0.250272 0.260834 0.26356 0.241345 0.216409 0.202806 -9999 -9999 -9999 -9999 -9999 -9999 -9999 -9999 -9999 -9999 -9999 -9999 -9999 -9999 -9999 -9999 -9999 -9999 -9999 -9999 -9999 -9999 -9999 -9999 -9999 -9999 -9999 -9999 -9999 -9999 -9999 -9999 -9999 -9999 -9999 -9999 -9999 -9999 -9999 -9999
0.320707 0.333349 0.331034 0.322989 0.329579 0.334834 0.340135 0.350851 0.352414 0.363826 0.363532 0.363226 0.358607 0.35481 0.348394 0.337396 0.321704 0.302733 0.270004 0.288636 0.30281 0.301001 0.298559 0.289877 0.273126 0.283461 0.281873 0.254332 0.229939 0.214709 0.206974 -9999 -9999 -9999 -9999 -9999 -9999 -9999 -9999 -9999 -9999 -9999 -9999 -9999 -9999 -9999 -9999 -9999 -9999 -9999 -9999 -9999 -9999 -9999 -9999 -9999 -9999 -9999 -9999 -9999 -9999 -9999 -9999 -9999 -9999 -9999 -9999 -9999 -9999 -9999
-9999 0.328147 0.325766 0.315542 0.321983 0.330368 0.339916 0.346397 0.356812 0.360353 0.363913 0.363635 0.358833 0.344483 0.342234 0.341259 0.330792 0.309219 0.287491 0.281022 0.303249 0.308518 0.305509 0.308938 0.29441 0.298236 0.293591 0.282928 0.256597 0.233182 0.222868 0.205054 -9999 -9999 -9999 -9999 -9999 -9999 -9999 -9999 -9999 -9999 -9999 -9999 -9999 -9999 -9999 -9999 -9999 -9999 -9999 -9999 -9999 -9999 -9999 -9999 -9999 -9999 -9999 -9999 -9999 -9999 -9999 -9999 -9999 -9999 -9999 -9999 -9999 -9999
-9999 -9999 -9999 -9999 0.311162 0.320209 0.331588 0.340505 0.355656 0.360278 0.364747 0.364468 0.354805 0.349974 0.349331 0.342436 0.330412 0.322484 0.308445 0.293655 0.297566 0.316079 0.305456 0.317751 0.314491 0.3149 0.303107 0.282925 0.251425 0.232784 0.22324 0.208309 -9999 -9999 -9999 -9999 -9999 -9999 -9999 -9999 -9999 -9999 -9999 -9999 -9999 -9999 -9999 -9999 -9999 -9999 -9999 -9999 -9999 -9999 -9999 -9999 -9999 -9999 -9999 -9999 -9999 -9999 -9999 -9999 -9999 -9999 -9999 -9999 -9999 -9999
-9999 -9999 -9999 -9999 -9999 0.319825 0.329015 0.343359 0.35469 0.357686 0.364787 0.364858 0.361194 0.358333 0.354105 0.348502 0.33933 0.329074 0.315786 0.313484 0.324915 0.32347 0.318978 0.319069 0.323464 0.319392 0.30054 0.274484 0.258364 0.221753 0.207438 0.206117 0.195506 -9999 -9999 -9999 -9999 -9999 -9999 -9999 -9999 -9999 -9999 -9999 -9999 0.207714 -9999 -9999 -9999 -9999 -9999 -9999 -9999 -9999 -9999 -9999 -9999 -9999 -9999 -9999 -9999 -9999 -9999 -9999 -9999 -9999 0.109248 -9999 -9999 -9999
-9999 -9999 -9999 -9999 0.321658 0.330942 0.337994 0.347097 0.346392 0.357343 0.365494 0.365688 0.363121 0.360133 0.353364 0.351398 0.345965 0.334894 0.331815 0.334796 0.335266 0.335746 0.335149 0.331893 0.326871 0.320908 0.308971 0.294318 0.283519 0.251327 0.23404 0.219388 0.198753 0.182291 -9999 -9999 -9999 -9999 -9999 -9999 -9999 0.203382 0.201583 0.20077 0.203601 0.213434 0.205741 -9999 -9999 -9999 -9999 -9999 -9999 -9999 -9999 -9999 -9999 -9999 -9999 -9999 -9999 -9999 -9999 -9999 -9999 -9999 0.122069 0.104659 -9999 -9999
-9999 -9999 -9999 -9999 0.325968 0.335126 0.339894 0.34869 0.354001 0.360894 0.363809 0.366609 0.366256 0.36303 0.357989 0.357752 0.350475 0.346093 0.342495 0.346903 0.346477 0.342373 0.337423 0.332557 0.322863 0.3193 0.314179 0.303592 0.288206 0.272492 0.245277 0.2178 0.191029 0.169191 -9999 -9999 -9999 -9999 -9999 -9999 0.206445 0.214601 0.219089 0.206406 0.215322 0.223347 0.22078 0.204542 -9999 -9999 -9999 -9999 -9999 -9999 -9999 -9999 -9999 -9999 -9999 -9999 -9999 -9999 0.204283 0.18713 0.154682 0.136458 0.124132 0.107775 -9999 -9999
-9999 -9999 -9999 -9999 0.325624 0.336295 0.34371 0.350499 0.352026 0.364668 0.365445 0.36709 0.367115 0.366595 0.365684 0.359566 0.356603 0.346949 0.354551 0.352918 0.349108 0.338543 0.332545 0.315226 0.305932 0.301647 0.310751 0.298176 0.275599 0.248282 0.214543 0.205861 0.193679 0.173835 -9999 -9999 -9999 -9999 -9999 -9999 0.209037 0.217966 0.225277 0.225576 0.213048 0.228257 0.220831 0.210564 0.207351 0.213703 0.216506 0.209498 0.212597 0.214886 0.210675 0.214876 -9999 -9999 -9999 -9999 0.213873 0.212701 0.210961 0.202247 0.166863 0.141467 0.11811 0.110946 -9999 -9999
-9999 -9999 -9999 -9999 0.334423 0.340842 0.344252 0.345103 0.351412 0.363056 0.364752 0.365741 0.365633 0.365777 0.365772 0.363748 0.358754 0.358988 0.357612 0.353468 0.335308 0.314036 0.319871 0.307448 0.282077 0.296643 0.303877 0.289777 0.262838 0.232253 0.218259 0.211995 0.195946 0.173885 -9999 -9999 -9999 0.182602 0.195652 0.195997 0.199306 0.211548 0.220638 0.229576 0.233864 0.230204 0.22111 0.211084 0.20035 0.202775 0.219218 0.222711 0.217946 0.220571 0.216911 0.217309 0.222044 0.22435 0.224443 0.222559 0.221043 0.219648 0.216818 0.20836 0.177633 0.157533 0.143187 0.112364 -9999 -9999
-9999 -9999 -9999 -9999 0.329565 0.334957 0.3396 0.347635 0.348992 0.354658 0.362652 0.365738 0.366816 0.36231 0.36688 0.366502 0.365562 0.363354 0.359937 0.344661 0.3237 0.302261 0.29072 0.293148 0.275164 0.277463 0.284638 0.27816 0.256037 0.228257 0.221305 0.210844 0.183144 0.159414 -9999 -9999 0.155879 0.181755 0.199844 0.208865 0.211185 0.210765 0.222536 0.222712 0.235329 0.228915 0.207653 0.208504 0.202957 0.206502 0.209677 0.210859 0.217042 0.221921 0.224018 0.224541 0.227892 0.228682 0.228667 0.227948 0.224752 0.223877 0.221639 0.215156 0.190747 0.176745 0.160357 0.114072 -9999 -9999
-9999 -9999 -9999 -9999 0.331897 0.33774 0.344627 0.346041 0.351911 0.354086 0.357573 0.365488 0.367392 0.36457 0.362594 0.367651 0.36729 0.366181 0.364164 0.349663 0.332598 0.307321 0.290226 0.279809 0.27003 0.252701 0.254116 0.2482 0.241812 0.240581 0.231007 0.212829 0.196794 0.167847 0.15273 -9999 0.156653 0.167865 0.189657 0.208177 0.219744 0.214766 0.228346 0.230257 0.235703 0.229897 0.21576 0.207768 0.206284 0.204023 0.213034 0.221133 0.223084 0.226476 0.227402 0.229154 0.230823 0.231682 0.231952 0.231686 0.230512 0.228631 0.225727 0.22129 0.207998 0.193006 0.16639 0.117586 -9999 -9999
-9999 -9999 -9999 0.316652 0.332023 0.342089 0.346055 0.34935 0.352737 0.355773 0.362655 0.367065 0.3692 0.368373 0.359718 0.360986 0.362776 0.367727 0.366374 0.363637 0.35327 0.322888 0.311467 0.290739 0.268358 0.255016 0.254239 0.264582 0.259558 0.24558 0.230755 0.210677 0.198353 0.180746 0.148485 0.149585 0.161409 0.170207 0.18489 0.207782 0.223709 0.23052 0.232707 0.236284 0.238343 0.228722 0.219172 0.215255 0.209294 0.207806 0.207346 0.212954 0.215412 0.227747 0.231814 0.2316 0.233373 0.234508 0.235078 0.235039 0.23409 0.23208 0.229519 0.226177 0.22121 0.20312 0.160842 0.126578 -9999 -9999
-9999 -9999 -9999 -9999 0.329354 0.333276 0.334263 0.336732 0.341981 0.348346 0.360428 0.362548 0.367812 0.369885 0.361879 0.353137 0.361531 0.364446 0.366859 0.365353 0.362048 0.334853 0.318918 0.305106 0.283174 0.283398 0.28449 0.28016 0.271957 0.24651 0.221461 0.19224 0.166554 0.162884 0.1487 0.152659 0.160164 0.181374 0.196287 0.202128 0.20623 0.229594 0.23421 0.234074 0.238923 0.229358 0.224052 0.216514 0.217315 0.21601 0.215621 0.198247 0.213846 0.215816 0.22825 0.235455 0.235856 0.237105 0.237884 0.237724 0.236799 0.234923 0.23239 0.228637 0.221785 0.207758 0.159061 0.128522 -9999 -9999
-9999 -9999 -9999 -9999 -9999 -9999 0.330088 0.334016 0.337201 0.34256 0.359651 0.364287 0.367906 0.369463 0.367001 0.358514 0.356372 0.357797 0.347784 0.352947 0.361125 0.357526 0.352303 0.327389 0.310944 0.315993 0.307814 0.287437 0.270528 0.25405 0.225281 0.202224 0.173183 0.151113 0.148284 0.168153 0.18449 0.206038 0.215381 0.209449 0.215158 0.225313 0.237702 0.243005 0.240194 0.230143 0.22575 0.214805 0.223216 0.223297 0.218531 0.214741 0.214745 0.221443 0.224883 0.235085 0.238462 0.239376 0.240029 0.239951 0.238974 0.237099 0.232994 0.228782 0.223782 0.217962 0.16779 0.124192 -9999 -9999
-9999 -9999 -9999 -9999 -9999 -9999 0.321633 0.324158 0.330855 0.347138 0.359714 0.364279 0.3657 0.368633 0.367343 0.360055 0.352038 0.343874 0.332613 0.336596 0.349357 0.35501 0.351936 0.329384 0.332591 0.323845 0.311705 0.286457 0.266715 0.254234 0.22638 0.201102 0.180729 0.154329 0.162447 0.172097 0.185386 0.208815 0.224757 0.231046 0.224654 0.231357 0.245748 0.244611 0.234846 0.234072 0.225772 0.21128 0.223929 0.227079 0.223651 0.224537 0.22203 0.225332 0.230555 0.235667 0.239434 0.240797 0.241283 0.241151 0.240241 0.237868 0.234448 0.230239 0.225101 0.219296 0.184704 0.124295 -9999 -9999
-9999 -9999 -9999 -9999 -9999 -9999 -9999 0.314038 0.328168 0.349342 0.359044 0.360061 0.365709 0.367588 0.364974 0.362496 0.352703 0.338522 0.310747 0.315672 0.327152 0.34414 0.350735 0.344581 0.332394 0.316656 0.286139 0.258902 0.251281 0.24304 0.221572 0.200969 0.178711 0.187273 0.197426 0.209222 0.215142 0.212621 0.2262 0.237169 0.231668 0.240062 0.249787 0.243626 0.239379 0.235594 0.22649 0.22479 0.224365 0.231456 0.225782 0.229209 0.228013 0.229106 0.232442 0.236107 0.239745 0.241191 0.24177 0.241729 0.240446 0.238376 0.234979 0.230595 0.225423 0.219597 0.211033 0.174228 0.151473 -9999
-9999 -9999 -9999 -9999 -9999 -9999 -9999 0.301446 0.308939 0.333727 0.345771 0.357541 0.364578 0.366339 0.361004 0.357778 0.343303 0.338139 0.312335 0.299228 0.305977 0.298802 0.322863 0.34317 0.331562 0.275833 0.252305 0.23416 0.232639 0.228123 0.21917 0.187702 0.177399 0.198657 0.21165 0.221761 0.229499 0.230435 0.229757 0.247217 0.248771 0.253664 0.251276 0.250528 0.240135 0.233185 0.234887 0.227924 0.225924 0.233282 0.225085 0.232371 0.23022 0.229346 0.230716 0.236959 0.239302 0.240865 0.241249 0.241053 0.239847 0.237438 0.234347 0.230059 0.224794 0.219237 0.213078 0.200643 0.18017 0.169373
-9999 -9999 -9999 -9999 -9999 -9999 -9999 -9999 0.286437 0.320262 0.339958 0.349124 0.361574 0.364322 0.361446 0.356043 0.340988 0.327092 0.303878 0.276692 0.260613 0.297189 0.327947 0.341557 0.333106 0.285979 0.264304 0.258583 0.263636 0.251011 0.24076 0.215745 0.206854 0.196134 0.199425 0.213587 0.22554 0.237783 0.246603 0.246892 0.252313 0.254363 0.253485 0.253253 0.250808 0.24857 0.236659 0.241351 0.23522 0.237254 0.235221 0.233753 0.23097 0.227201 0.232126 0.236684 0.23879 0.23922 0.239774 0.239661 0.23853 0.236269 0.232556 0.228429 0.223539 0.217976 0.212251 0.203074 0.195476 0.181245
-9999 -9999 -9999 -9999 -9999 -9999 -9999 -9999 0.269224 0.302781 0.323247 0.34454 0.357417 0.36064 0.361314 0.35699 0.345543 0.327481 0.311613 0.281493 0.249537 0.289259 0.32179 0.33759 0.33395 0.292597 0.297519 0.284894 0.283606 0.264961 0.255151 0.245622 0.232504 0.218898 0.203728 0.195164 0.224087 0.238757 0.250493 0.255716 0.258323 0.259162 0.257381 0.252712 0.238189 0.24684 0.243062 0.240766 0.238608 0.237376 0.236026 0.234861 0.232502 0.233344 0.231308 0.236244 0.235759 0.237011 0.237632 0.237373 0.236149 0.234036 0.231005 0.2283 0.221513 0.216235 0.210696 0.201827 0.196011 0.19016
-9999 -9999 -9999 -9999 -9999 -9999 -9999 -9999 0.222558 0.270679 0.315137 0.335754 0.349916 0.355543 0.358219 0.351948 0.346923 0.33378 0.320607 0.300189 0.269849 0.249556 0.278584 0.320253 0.331424 0.324328 0.318705 0.305133 0.292691 0.287743 0.284807 0.270553 0.252464 0.232306 0.223747 0.216415 0.237738 0.240134 0.237953 0.261551 0.260874 0.258637 0.24839 0.236933 0.237777 0.228253 0.22989 0.220968 0.22701 0.232408 0.234331 0.234131 0.231408 0.231937 0.232753 0.232089 0.233419 0.234292 0.234638 0.234318 0.233148 0.23095 0.22807 0.224734 0.221657 0.217066 0.208756 0.200165 0.194759 0.189351
-9999 -9999 -9999 -9999 -9999 -9999 -9999 -9999 0.224841 0.269691 0.303831 0.32111 0.341458 0.346919 0.35424 0.353301 0.347869 0.336284 0.321317 0.304221 0.277939 0.257214 0.274782 0.302702 0.320313 0.32253 0.317101 0.312466 0.306495 0.300212 0.294523 0.288214 0.275946 0.254956 0.243952 0.228718 0.252497 0.254575 0.250071 0.26161 0.260182 0.240726 0.225452 0.222583 0.230077 0.220687 0.215918 0.207547 0.212384 0.227277 0.221854 0.222701 0.22749 0.229513 0.227921 0.229332 0.230339 0.231029 0.231137 0.230752 0.229648 0.227503 0.224788 0.221496 0.217469 0.214513 0.209847 0.201336 0.192949 0.188058
-9999 -9999 -9999 -9999 -9999 -9999 -9999 -9999 0.222985 0.255821 0.286474 0.312636 0.334047 0.343093 0.349708 0.349896 0.343416 0.337277 0.327426 0.312219 0.300678 0.28187 0.256703 0.289922 0.298804 0.303625 0.302282 0.308729 0.304649 0.296316 0.285108 0.287756 0.281692 0.266445 0.260685 0.252086 0.264892 0.264158 0.263025 0.261492 0.244953 0.222216 0.203765 0.215174 0.211438 0.215933 0.19476 0.207863 0.218713 0.221838 0.211237 0.205148 0.220873 0.220608 0.223319 0.225383 0.226903 0.22718 0.22739 0.226752 0.22554 0.22367 0.221073 0.217975 0.214346 0.210361 0.207378 0.199132 0.194399 0.190555
-9999 -9999 -9999 -9999 -9999 -9999 -9999 -9999 -9999 0.237436 0.271393 0.306079 0.325676 0.33816 0.344344 0.344316 0.34078 0.336297 0.329673 0.318201 0.303745 0.28178 0.264386 0.270021 0.278855 0.275046 0.27858 0.296188 0.299957 0.286389 0.255685 0.265335 0.280155 0.278259 0.275501 0.272802 0.269872 0.267171 0.262286 0.250577 0.216443 0.208743 0.194615 0.194948 0.187119 0.200331 0.191354 0.205235 0.210807 0.212545 0.198194 0.19743 0.209273 0.216173 0.215652 0.220144 0.222878 0.223207 0.22314 0.222392 0.221285 0.219568 0.217219 0.215628 0.212313 0.208695 0.205986 0.197822 0.192297 0.187318
-9999 -9999 -9999 -9999 -9999 -9999 -9999 -9999 -9999 0.222547 0.260914 0.301436 0.314675 0.327836 0.339081 0.33917 0.333774 0.328228 0.322108 0.314874 0.297971 0.281128 0.264605 0.256902 0.256362 0.252892 0.261296 0.285669 0.287819 0.282524 0.247462 0.236193 0.256712 0.273954 0.274082 0.271215 0.248004 0.251783 0.238883 0.221695 0.216223 0.208058 0.191936 0.198034 0.185914 0.189554 0.184399 0.191842 0.195084 0.20448 0.191867 0.187894 0.198917 0.207209 0.207708 0.216447 0.219617 0.220338 0.22015 0.219513 0.218326 0.216769 0.214544 0.211852 0.208756 0.205131 0.200742 0.195432 0.171234 0.167418
-9999 -9999 -9999 -9999 -9999 -9999 -9999 -9999 -9999 0.22421 0.250702 0.286472 0.313001 0.31469 0.327441 0.333763 0.327799 0.32083 0.313359 0.309002 0.290935 0.27096 0.254092 0.234386 0.23417 0.2432 0.260001 0.274819 0.275047 0.26855 0.24566 0.250245 0.263666 0.27017 0.27117 0.268063 0.262135 0.258319 0.248507 0.243683 0.230409 0.210201 0.20157 0.205247 0.183844 0.184231 0.190788 0.17876 0.191036 0.196601 0.180427 0.183112 0.197156 0.204399 0.210779 0.2138 0.214912 0.216466 0.215971 0.21525 0.214087 0.212422 0.210398 0.207721 0.204786 0.20014 0.194504 0.176305 0.163393 0.161083
-9999 -9999 -9999 -9999 -9999 -9999 -9999 -9999 -9999 0.225859 0.249541 0.280368 0.299093 0.302281 0.316237 0.328437 0.326314 0.319041 0.31585 0.307744 0.292247 0.27505 0.256214 0.245632 0.224527 0.239798 0.251406 0.26371 0.26804 0.247226 0.23899 0.247321 0.255831 0.258333 0.267366 0.265981 0.261399 0.245588 0.23736 0.239356 0.235229 0.228775 0.214538 0.212898 0.203406 0.198918 0.194692 0.179823 0.185824 0.185772 0.181622 0.191608 0.198712 0.203411 0.207693 0.208668 0.210308 0.212356 0.211897 0.211033 0.209759 0.20822 0.20613 0.203212 0.200142 0.194026 0.185104 0.170821 0.146026 0.155694
-9999 -9999 -9999 -9999 -9999 -9999 -9999 -9999 -9999 0.218859 0.243877 0.27003 0.280775 0.282282 0.307615 0.322798 0.322022 0.318015 0.313267 0.295637 0.294822 0.289605 0.272574 0.248597 0.222363 0.221988 0.232873 0.251023 0.25504 0.226432 0.217303 0.220271 0.234083 0.246444 0.259601 0.261971 0.256435 0.23237 0.206927 0.217165 0.228195 0.227103 0.22255 0.209336 0.204491 0.200058 0.190276 0.171985 0.172403 0.175861 0.181798 0.186665 0.194517 0.201017 0.198089 0.199217 0.205298 0.208448 0.207795 0.206844 0.2057 0.204082 0.202061 0.198596 0.19482 0.189833 0.171388 0.158824 0.137704 0.151873
-9999 -9999 -9999 -9999 -9999 -9999 -9999 -9999 -9999 0.208055 0.22599 0.250823 0.260537 0.276263 0.300033 0.311294 0.316163 0.314983 0.311415 0.302749 0.296757 0.286355 0.268893 0.245602 0.219823 0.202129 0.207398 0.232041 0.232228 0.208701 0.197356 0.206607 0.221413 0.244427 0.256995 0.257477 0.254896 0.24897 0.23007 0.207527 0.206584 0.216378 0.206414 0.195017 0.199892 0.197975 0.188363 0.181198 0.173069 0.169264 0.173125 0.17654 0.185548 0.199111 0.200617 0.199668 0.204963 0.204519 0.203769 0.202928 0.201656 0.200123 0.198249 0.195186 0.190491 0.177676 0.166064 0.150748 0.146562 0.155051
-9999 -9999 -9999 -9999 -9999 -9999 -9999 -9999 -9999 0.191614 0.212683 0.235787 0.257352 0.277673 0.295 0.295571 0.304157 0.303072 0.30684 0.304023 0.295776 0.286845 0.271655 0.242504 0.217526 0.190371 0.194533 0.219388 0.213913 0.199556 0.175147 0.195893 0.219141 0.240184 0.2509 0.239691 0.248264 0.246202 0.2384 0.224562 0.203701 0.20316 0.187389 0.185911 0.192766 0.194481 0.192463 0.186938 0.176332 0.170045 0.169982 0.170829 0.178958 0.189238 0.199255 0.200357 0.201637 0.200879 0.199952 0.199021 0.197788 0.196141 0.193992 0.190997 0.180203 0.167573 0.158829 0.14753 0.143966 0.154698
