Test_Spring_2018/01_18/Prec/20180113_006.txt
ncols	170
nrows	115
xllcorner	350000.000000
yllcorner	4445000.000000
cellsize	1000.000000
nodata_value	-9999.000000
[rows 31 to 61 of 115, columns 70 to 139 of 170]
0.11125 0.111109 0.113027 0.118243 0.121218 0.12571 0.131914 0.135146 0.145238 0.148179 0.152752 0.1555 0.159119 0.164017 0.166926 0.174316 0.194873 0.191259 0.191108 0.198783 0.198145 0.19583 0.203089 0.219111 0.227966 0.240356 0.244379 0.250907 0.261898 -9999 -9999 -9999 -9999 -9999 -9999 -9999 -9999 -9999 -9999 -9999 -9999 -9999 -9999 -9999 -9999 -9999 -9999 -9999 -9999 -9999 -9999 -9999 -9999 -9999 -9999 -9999 -9999 -9999 -9999 -9999 -9999 -9999 -9999 -9999 -9999 -9999 -9999 -9999 -9999 -9999
0.117405 0.118678 0.121593 0.126497 0.126362 0.126497 0.141916 0.148095 0.151102 0.153577 0.157452 0.163293 0.166579 0.169781 0.17234 0.178813 0.194018 0.207956 0.203257 0.205081 0.21174 0.205927 0.212667 0.226444 0.24495 0.239209 0.244354 0.262054 0.26741 -9999 -9999 -9999 -9999 -9999 -9999 -9999 -9999 -9999 -9999 -9999 -9999 -9999 -9999 -9999 -9999 -9999 -9999 -9999 -9999 -9999 -9999 -9999 -9999 -9999 -9999 -9999 -9999 -9999 -9999 -9999 -9999 -9999 -9999 -9999 -9999 -9999 -9999 -9999 -9999 -9999
0.127923 0.126949 0.130579 0.134137 0.13232 0.135273 0.144416 0.152352 0.157337 0.159273 0.162268 0.166124 0.169609 0.173048 0.1787 0.185958 0.199239 0.214814 0.219668 0.214619 0.216113 0.216923 0.222822 0.229812 0.239659 0.235628 0.235503 0.248385 0.260293 0.27616 -9999 -9999 -9999 -9999 -9999 -9999 -9999 -9999 -9999 -9999 -9999 -9999 -9999 -9999 -9999 -9999 -9999 -9999 -9999 -9999 -9999 -9999 -9999 -9999 -9999 -9999 -9999 -9999 -9999 -9999 -9999 -9999 -9999 -9999 -9999 -9999 -9999 -9999 -9999 -9999
0.139704 0.136093 0.140073 0.147067 0.146943 0.147624 0.153976 0.166369 0.16846 0.165561 0.16835 0.170977 0.175557 0.179522 0.184578 0.191706 0.20097 0.211685 0.229083 0.220803 0.21463 0.21632 0.218265 0.223272 0.23227 0.227787 0.229235 0.242909 0.263446 0.271183 0.2752 -9999 -9999 -9999 -9999 -9999 -9999 -9999 -9999 -9999 -9999 -9999 -9999 -9999 -9999 -9999 -9999 -9999 -9999 -9999 -9999 -9999 -9999 -9999 -9999 -9999 -9999 -9999 -9999 -9999 -9999 -9999 -9999 -9999 -9999 -9999 -9999 -9999 -9999 -9999
-9999 0.14619 0.149932 0.157765 0.157517 0.156505 0.156026 0.166155 0.172637 0.173717 0.174702 0.177459 0.182283 0.191638 0.194728 0.196921 0.203563 0.215462 0.227189 0.231102 0.220551 0.218279 0.220006 0.218449 0.225774 0.223948 0.226332 0.230384 0.251719 0.26295 0.267748 0.276317 -9999 -9999 -9999 -9999 -9999 -9999 -9999 -9999 -9999 -9999 -9999 -9999 -9999 -9999 -9999 -9999 -9999 -9999 -9999 -9999 -9999 -9999 -9999 -9999 -9999 -9999 -9999 -9999 -9999 -9999 -9999 -9999 -9999 -9999 -9999 -9999 -9999 -9999
-9999 -9999 -9999 -9999 0.169606 0.168901 0.172772 0.175006 0.17954 0.180213 0.18092 0.183876 0.191319 0.196119 0.198545 0.203747 0.211146 0.216145 0.223833 0.231573 0.229733 0.220403 0.225387 0.218853 0.219981 0.219251 0.224589 0.240997 0.255714 0.26408 0.267991 0.27466 -9999 -9999 -9999 -9999 -9999 -9999 -9999 -9999 -9999 -9999 -9999 -9999 -9999 -9999 -9999 -9999 -9999 -9999 -9999 -9999 -9999 -9999 -9999 -9999 -9999 -9999 -9999 -9999 -9999 -9999 -9999 -9999 -9999 -9999 -9999 -9999 -9999 -9999
-9999 -9999 -9999 -9999 -9999 0.175263 0.180203 0.176442 0.186233 0.187915 0.187553 0.190594 0.195309 0.199354 0.203732 0.208384 0.21436 0.220405 0.227498 0.228699 0.222697 0.222791 0.224168 0.223103 0.219802 0.22067 0.227374 0.247187 0.253674 0.270446 0.276219 0.275648 0.279826 -9999 -9999 -9999 -9999 -9999 -9999 -9999 -9999 -9999 -9999 -9999 -9999 0.271324 -9999 -9999 -9999 -9999 -9999 -9999 -9999 -9999 -9999 -9999 -9999 -9999 -9999 -9999 -9999 -9999 -9999 -9999 -9999 -9999 0.30879 -9999 -9999 -9999
-9999 -9999 -9999 -9999 0.177175 0.181962 0.181644 0.180673 0.187349 0.19438 0.193803 0.197106 0.201589 0.205974 0.211828 0.214794 0.218925 0.225273 0.227063 0.225296 0.224303 0.222913 0.221762 0.22173 0.222458 0.223605 0.234161 0.239263 0.242522 0.256569 0.263267 0.268847 0.277581 0.284432 -9999 -9999 -9999 -9999 -9999 -9999 -9999 0.270805 0.272018 0.272775 0.271709 0.267113 0.271154 -9999 -9999 -9999 -9999 -9999 -9999 -9999 -9999 -9999 -9999 -9999 -9999 -9999 -9999 -9999 -9999 -9999 -9999 -9999 0.301749 0.309681 -9999 -9999
-9999 -9999 -9999 -9999 0.187091 0.185337 0.18629 0.185712 0.187251 0.198723 0.201122 0.203515 0.207268 0.212099 0.217349 0.219613 0.224701 0.227632 0.229458 0.226633 0.225626 0.225967 0.226365 0.226472 0.228837 0.2281 0.234065 0.236523 0.241463 0.246698 0.25784 0.26931 0.280662 0.289813 -9999 -9999 -9999 -9999 -9999 -9999 0.267123 0.263411 0.261628 0.268428 0.264475 0.260906 0.262505 0.270602 -9999 -9999 -9999 -9999 -9999 -9999 -9999 -9999 -9999 -9999 -9999 -9999 -9999 -9999 0.261904 0.270212 0.286029 0.294648 0.300186 0.307568 -9999 -9999
-9999 -9999 -9999 -9999 0.192244 0.189793 0.189607 0.190319 0.194132 0.201496 0.206599 0.210006 0.213993 0.217852 0.221343 0.226722 0.229729 0.235207 0.231249 0.231081 0.231292 0.234283 0.234567 0.240183 0.241637 0.246236 0.238201 0.241006 0.248901 0.259319 0.272965 0.274781 0.278443 0.286233 -9999 -9999 -9999 -9999 -9999 -9999 0.263931 0.259964 0.256928 0.257431 0.264297 0.257292 0.26139 0.266546 0.268011 0.264546 0.262692 0.261615 0.259372 0.257875 0.259605 0.257174 -9999 -9999 -9999 -9999 0.2568 0.257319 0.258089 0.262255 0.279572 0.291774 0.302788 0.302444 -9999 -9999
-9999 -9999 -9999 -9999 0.19236 0.192109 0.194128 0.198127 0.199999 0.208164 0.212964 0.217623 0.221966 0.225767 0.229033 0.232527 0.236595 0.237092 0.237415 0.238201 0.24516 0.25302 0.246916 0.249092 0.265342 0.251743 0.243971 0.246876 0.256306 0.26775 0.271003 0.27113 0.276282 0.280864 -9999 -9999 -9999 0.271999 0.265263 0.265129 0.263752 0.258098 0.254111 0.25408 0.252749 0.257266 0.260236 0.265374 0.270644 0.269161 0.260523 0.25818 0.256075 0.254403 0.255853 0.252021 0.249596 0.24841 0.248346 0.249266 0.24998 0.250579 0.251806 0.255717 0.273987 0.283565 0.290078 0.299051 -9999 -9999
-9999 -9999 -9999 -9999 0.200656 0.200951 0.202445 0.203055 0.207627 0.210519 0.219706 0.223573 0.227801 0.234343 0.235687 0.238607 0.240773 0.24245 0.243604 0.249601 0.257504 0.264896 0.266812 0.267986 0.272593 0.264748 0.256559 0.254237 0.255163 0.264852 0.264573 0.265979 0.277442 0.286888 -9999 -9999 0.284323 0.270876 0.261677 0.257307 0.256523 0.25728 0.252077 0.252672 0.24705 0.252321 0.261691 0.26142 0.268655 0.266641 0.260196 0.25913 0.25221 0.249641 0.248529 0.248235 0.246573 0.246218 0.246281 0.246687 0.248286 0.248658 0.249601 0.252517 0.264182 0.27049 0.275201 0.294856 -9999 -9999
-9999 -9999 -9999 -9999 0.204374 0.204567 0.205099 0.209145 0.211656 0.215841 0.227442 0.229153 0.233488 0.239617 0.244567 0.245034 0.247037 0.248151 0.248448 0.25376 0.259305 0.26809 0.272178 0.278411 0.278384 0.274362 0.268278 0.266046 0.264336 0.260409 0.259535 0.264393 0.269171 0.28154 0.28701 -9999 0.282515 0.276386 0.26541 0.25641 0.251137 0.254276 0.248285 0.24812 0.247381 0.251 0.257038 0.257295 0.257922 0.258886 0.254223 0.253545 0.248952 0.247227 0.24677 0.245952 0.245217 0.244917 0.24492 0.245168 0.245809 0.246706 0.247977 0.249845 0.255927 0.260483 0.272606 0.293481 -9999 -9999
-9999 -9999 -9999 0.213246 0.207109 0.205345 0.207564 0.210994 0.215135 0.220036 0.229626 0.233405 0.238106 0.243453 0.252046 0.25463 0.255684 0.253782 0.253615 0.252822 0.25467 0.265538 0.271101 0.271667 0.276864 0.275599 0.269996 0.259103 0.256183 0.258115 0.260918 0.266402 0.267565 0.273541 0.28795 0.285829 0.278933 0.274052 0.266691 0.255615 0.24828 0.24566 0.245432 0.24544 0.245352 0.247531 0.251237 0.253151 0.256014 0.256618 0.256707 0.253804 0.249582 0.246573 0.244651 0.244927 0.244245 0.243907 0.243847 0.24405 0.244621 0.245595 0.246679 0.247956 0.248161 0.2561 0.274017 0.287593 -9999 -9999
-9999 -9999 -9999 -9999 0.210819 0.212252 0.216162 0.220279 0.223828 0.227458 0.234548 0.239744 0.243122 0.247771 0.256055 0.263806 0.261679 0.260795 0.258659 0.257056 0.255107 0.264442 0.266853 0.267618 0.272071 0.263549 0.256487 0.25239 0.250591 0.257812 0.26534 0.275068 0.284052 0.282769 0.286497 0.283355 0.278637 0.267646 0.260254 0.257748 0.256381 0.24561 0.244852 0.243733 0.241762 0.246839 0.2485 0.252198 0.251698 0.252233 0.252333 0.260932 0.250449 0.250111 0.24464 0.243331 0.243461 0.243172 0.243095 0.24342 0.244012 0.244919 0.245956 0.24624 0.24739 0.2529 0.275465 0.287094 -9999 -9999
-9999 -9999 -9999 -9999 -9999 -9999 0.220546 0.224141 0.228956 0.233353 0.237983 0.242153 0.246566 0.251423 0.257375 0.265126 0.268307 0.268171 0.272158 0.265929 0.259469 0.256315 0.253067 0.258977 0.258575 0.248986 0.246119 0.249614 0.251787 0.254231 0.263336 0.269775 0.280271 0.288037 0.286976 0.275353 0.266014 0.254923 0.250374 0.253791 0.251683 0.246844 0.241274 0.239144 0.240932 0.246197 0.247425 0.252785 0.248493 0.248356 0.250682 0.252606 0.250122 0.247595 0.246774 0.24262 0.241824 0.242694 0.242762 0.243099 0.243736 0.244627 0.245127 0.246148 0.247251 0.248511 0.271637 0.289665 -9999 -9999
-9999 -9999 -9999 -9999 -9999 -9999 0.226652 0.231055 0.234238 0.233321 0.240167 0.244446 0.250021 0.254255 0.259677 0.266876 0.273003 0.27764 0.282282 0.277801 0.267551 0.259637 0.255121 0.259626 0.249221 0.246224 0.245066 0.250735 0.254092 0.254351 0.262836 0.270252 0.276357 0.286238 0.279731 0.273217 0.265597 0.253524 0.245744 0.242944 0.246738 0.243987 0.23736 0.238352 0.243511 0.244078 0.247227 0.254305 0.247887 0.246241 0.247951 0.247631 0.246589 0.245908 0.244368 0.242912 0.242073 0.242295 0.242872 0.243274 0.243882 0.244448 0.245341 0.246243 0.247277 0.248382 0.263616 0.28992 -9999 -9999
-9999 -9999 -9999 -9999 -9999 -9999 -9999 0.237616 0.237076 0.233676 0.241865 0.247817 0.251197 0.255869 0.261877 0.266631 0.273612 0.281237 0.294076 0.289119 0.279487 0.265902 0.256528 0.252813 0.249992 0.250385 0.258277 0.26485 0.262103 0.260192 0.265458 0.270522 0.277568 0.270085 0.262604 0.255069 0.25116 0.252063 0.245461 0.240418 0.243661 0.239987 0.235573 0.238943 0.241237 0.243191 0.246683 0.247343 0.247404 0.24381 0.246684 0.24518 0.243608 0.244162 0.243707 0.243112 0.242463 0.242742 0.2432 0.243642 0.244297 0.244891 0.245697 0.246588 0.247531 0.248536 0.250723 0.265229 0.27418 -9999
-9999 -9999 -9999 -9999 -9999 -9999 -9999 0.244957 0.247548 0.242137 0.249026 0.24938 0.251819 0.256319 0.263486 0.267795 0.277731 0.280834 0.2927 0.296757 0.289551 0.288074 0.270115 0.253343 0.250321 0.270701 0.275206 0.277338 0.271633 0.267944 0.267062 0.2776 0.278783 0.265066 0.256245 0.249606 0.24483 0.24392 0.244419 0.236126 0.235693 0.233633 0.235098 0.235627 0.240834 0.244237 0.24227 0.245488 0.246308 0.242589 0.246759 0.243404 0.242346 0.243984 0.244617 0.242845 0.24293 0.243218 0.243613 0.244222 0.244724 0.245625 0.246221 0.246997 0.247917 0.248725 0.249666 0.252026 0.259839 0.262952
-9999 -9999 -9999 -9999 -9999 -9999 -9999 -9999 0.259128 0.248862 0.251779 0.253041 0.252405 0.25606 0.261963 0.26764 0.276946 0.284335 0.29493 0.306084 0.310392 0.287361 0.266307 0.25312 0.24876 0.26513 0.268963 0.265147 0.256385 0.256925 0.256873 0.264356 0.264984 0.267295 0.263395 0.255128 0.247545 0.241212 0.236919 0.237059 0.234707 0.233663 0.234209 0.234315 0.235417 0.236346 0.241053 0.238418 0.241266 0.240201 0.241336 0.242388 0.241591 0.244737 0.243669 0.242796 0.243048 0.243161 0.243945 0.244499 0.244944 0.245339 0.246856 0.247521 0.248231 0.249033 0.249765 0.250519 0.251986 0.256878
-9999 -9999 -9999 -9999 -9999 -9999 -9999 -9999 0.267654 0.257051 0.259404 0.254147 0.257107 0.25618 0.259432 0.264297 0.271623 0.280999 0.287964 0.300702 0.313128 0.289073 0.267244 0.25334 0.248706 0.260839 0.251823 0.251791 0.246504 0.250332 0.250326 0.250323 0.253249 0.257149 0.263149 0.264439 0.249315 0.241713 0.235861 0.233403 0.23228 0.231982 0.231722 0.234466 0.241426 0.236817 0.237384 0.238175 0.239025 0.239585 0.240401 0.241337 0.240185 0.241063 0.243479 0.241302 0.242384 0.243234 0.243945 0.244544 0.245022 0.245346 0.245585 0.246742 0.248535 0.249238 0.249941 0.250599 0.251291 0.252138
-9999 -9999 -9999 -9999 -9999 -9999 -9999 -9999 0.290515 0.272133 0.268631 0.26241 0.25487 0.255829 0.257672 0.263173 0.267077 0.2739 0.279546 0.287606 0.299486 0.305391 0.286058 0.25958 0.248121 0.243675 0.240368 0.241238 0.241892 0.239264 0.236157 0.238755 0.24559 0.252649 0.2525 0.254862 0.243479 0.241888 0.24282 0.231054 0.231377 0.232416 0.237338 0.241085 0.240092 0.245461 0.243255 0.247304 0.244058 0.241318 0.240515 0.240987 0.239787 0.238756 0.240098 0.240974 0.242005 0.242957 0.24374 0.244331 0.244777 0.245172 0.245399 0.245436 0.24713 0.247475 0.250027 0.250646 0.251292 0.252078
-9999 -9999 -9999 -9999 -9999 -9999 -9999 -9999 0.295588 0.286373 0.273147 0.262848 0.256326 0.256859 0.255941 0.258426 0.262279 0.268205 0.274761 0.281321 0.291458 0.297952 0.284674 0.265507 0.251063 0.242188 0.239999 0.236895 0.23476 0.235349 0.233636 0.232273 0.23494 0.239575 0.243217 0.249508 0.236841 0.235293 0.237226 0.231277 0.231783 0.241199 0.248449 0.249443 0.243047 0.247057 0.24785 0.253038 0.25038 0.242913 0.242951 0.243096 0.23792 0.238476 0.239416 0.240423 0.241479 0.242407 0.243226 0.243807 0.244225 0.244647 0.244891 0.245044 0.245289 0.247369 0.247775 0.248322 0.251373 0.25209
-9999 -9999 -9999 -9999 -9999 -9999 -9999 -9999 0.29949 0.292551 0.280612 0.264731 0.257134 0.255368 0.254342 0.255892 0.260005 0.263092 0.267112 0.272878 0.275952 0.281863 0.290285 0.269162 0.259243 0.249619 0.247923 0.239298 0.236159 0.235514 0.238128 0.233038 0.229007 0.234248 0.235323 0.238289 0.230997 0.23072 0.230817 0.231192 0.239034 0.249913 0.258592 0.25236 0.25362 0.248157 0.257108 0.246845 0.241085 0.239477 0.246942 0.250488 0.239461 0.239316 0.239526 0.240039 0.240682 0.241684 0.242361 0.243028 0.243516 0.243874 0.244185 0.244412 0.244664 0.244954 0.247518 0.248119 0.248711 0.24649
-9999 -9999 -9999 -9999 -9999 -9999 -9999 -9999 -9999 0.305201 0.283942 0.269308 0.261969 0.257861 0.256475 0.257664 0.259986 0.262092 0.264527 0.268621 0.273465 0.281361 0.286382 0.279448 0.269922 0.26478 0.258002 0.244306 0.237706 0.240058 0.250748 0.237707 0.227539 0.226251 0.225903 0.225952 0.228369 0.228937 0.230743 0.236015 0.252447 0.253488 0.259726 0.25872 0.261759 0.251118 0.254012 0.246512 0.243394 0.242463 0.249825 0.245601 0.239178 0.237189 0.238979 0.238251 0.239798 0.240638 0.241361 0.242048 0.242511 0.242883 0.243217 0.241135 0.241286 0.241461 0.244221 0.244875 0.245981 0.246993
-9999 -9999 -9999 -9999 -9999 -9999 -9999 -9999 -9999 0.30424 0.287437 0.269439 0.264813 0.259949 0.255674 0.256496 0.259515 0.262015 0.264163 0.266215 0.272437 0.278033 0.282937 0.283008 0.279166 0.273513 0.264758 0.248122 0.242715 0.241291 0.2491 0.251474 0.238555 0.227761 0.225927 0.225958 0.236398 0.233614 0.239236 0.247029 0.248982 0.252235 0.259402 0.255494 0.260655 0.25803 0.255453 0.251203 0.249264 0.244514 0.250966 0.247882 0.241677 0.2388 0.239871 0.23682 0.236413 0.237005 0.237751 0.238367 0.238879 0.239207 0.239539 0.239838 0.240151 0.240623 0.241454 0.245948 0.254902 0.255575
-9999 -9999 -9999 -9999 -9999 -9999 -9999 -9999 -9999 0.302268 0.290944 0.274883 0.263233 0.263686 0.258314 0.255747 0.258832 0.261906 0.264684 0.265352 0.272286 0.279648 0.284993 0.291347 0.287687 0.279202 0.263466 0.251931 0.247793 0.247237 0.248741 0.243339 0.23399 0.228514 0.226173 0.226211 0.227918 0.228763 0.232707 0.234227 0.239962 0.249137 0.252543 0.24983 0.259617 0.258629 0.25467 0.255406 0.249002 0.246148 0.254324 0.245677 0.239623 0.237079 0.235021 0.234611 0.235048 0.235084 0.235897 0.236534 0.237085 0.237588 0.238004 0.23853 0.239036 0.24031 0.242062 0.250107 0.257054 0.257214
-9999 -9999 -9999 -9999 -9999 -9999 -9999 -9999 -9999 0.300455 0.290146 0.27616 0.26802 0.267378 0.261096 0.255343 0.256318 0.259416 0.260014 0.262573 0.268327 0.274468 0.281003 0.283066 0.290063 0.278748 0.265737 0.255716 0.249769 0.249789 0.25044 0.243224 0.236309 0.232766 0.226332 0.225388 0.226285 0.232957 0.235989 0.234015 0.235131 0.237428 0.243614 0.243561 0.247457 0.248931 0.250365 0.252252 0.249 0.248934 0.249171 0.238432 0.235681 0.234224 0.233017 0.233436 0.233443 0.233106 0.233827 0.234525 0.23519 0.235756 0.23639 0.237271 0.238113 0.240407 0.244086 0.250467 0.263765 0.258199
-9999 -9999 -9999 -9999 -9999 -9999 -9999 -9999 -9999 0.303132 0.291822 0.279827 0.275332 0.275223 0.26301 0.255543 0.25567 0.257022 0.258337 0.265637 0.264151 0.264444 0.270229 0.279127 0.288859 0.285511 0.274819 0.260158 0.254502 0.258136 0.259265 0.2547 0.245087 0.236542 0.227931 0.22498 0.226212 0.236859 0.248345 0.242197 0.235733 0.235355 0.236747 0.242494 0.244133 0.245635 0.249878 0.257961 0.252783 0.250968 0.239541 0.237663 0.234402 0.231884 0.234085 0.234254 0.2319 0.230901 0.231655 0.232396 0.233061 0.233794 0.234579 0.235964 0.237419 0.239432 0.248131 0.253931 0.262802 0.258243
-9999 -9999 -9999 -9999 -9999 -9999 -9999 -9999 -9999 0.307912 0.299839 0.288219 0.283964 0.276528 0.264862 0.25915 0.256313 0.256151 0.256816 0.259641 0.260755 0.263685 0.269767 0.278419 0.288024 0.29338 0.287156 0.267632 0.257877 0.264727 0.26691 0.259134 0.248908 0.234923 0.22645 0.224282 0.2239 0.225407 0.23355 0.243654 0.243133 0.237366 0.241502 0.246418 0.243304 0.24363 0.247849 0.250921 0.249295 0.24942 0.240559 0.239312 0.235349 0.229164 0.228994 0.230035 0.227932 0.228618 0.229369 0.230062 0.230859 0.231679 0.232574 0.233985 0.236154 0.242332 0.247907 0.255342 0.257275 0.254668
-9999 -9999 -9999 -9999 -9999 -9999 -9999 -9999 -9999 0.315725 0.305857 0.294867 0.284498 0.274572 0.265926 0.265372 0.260557 0.26025 0.257203 0.257084 0.259309 0.261516 0.266485 0.278071 0.287288 0.297345 0.291644 0.274343 0.263507 0.266853 0.275399 0.261745 0.247141 0.233946 0.226206 0.229678 0.223601 0.223074 0.225629 0.231381 0.240786 0.240219 0.247331 0.247419 0.243429 0.242049 0.242569 0.244873 0.249654 0.245808 0.238718 0.238662 0.235014 0.230315 0.225755 0.225625 0.22539 0.226138 0.226931 0.22768 0.228529 0.229536 0.23075 0.232349 0.237802 0.244155 0.248572 0.254267 0.25613 0.249921
