Test_Spring_2018/01_18/Prec/20180118_000.txt
ncols	170
nrows	115
xllcorner	350000.000000
yllcorner	4445000.000000
cellsize	1000.000000
nodata_value	-9999.000000
[rows 32 to 63 of 115, columns 71 to 141 of 170]
0.644631 0.65131 0.660465 0.663621 0.667132 0.70866 0.741497 0.76842 0.774427 0.781887 0.791515 0.797931 0.804195 0.809746 0.82019 0.841451 0.861616 0.85988 0.866608 0.879819 0.878705 0.893371 0.917133 0.947135 0.948391 0.963054 0.991863 1.003 -9999 -9999 -9999 -9999 -9999 -9999 -9999 -9999 -9999 -9999 -9999 -9999 -9999 -9999 -9999 -9999 -9999 -9999 -9999 -9999 -9999 -9999 -9999 -9999 -9999 -9999 -9999 -9999 -9999 -9999 -9999 -9999 -9999 -9999 -9999 -9999 -9999 -9999 -9999 -9999 -9999 -9999 -9999
0.659721 0.667187 0.674668 0.675772 0.682691 0.709208 0.752431 0.782076 0.787729 0.794494 0.80215 0.809251 0.816251 0.825946 0.8377 0.856928 0.879243 0.889071 0.887478 0.894318 0.900932 0.914279 0.929531 0.94876 0.951745 0.959779 0.976266 1.00118 1.03955 -9999 -9999 -9999 -9999 -9999 -9999 -9999 -9999 -9999 -9999 -9999 -9999 -9999 -9999 -9999 -9999 -9999 -9999 -9999 -9999 -9999 -9999 -9999 -9999 -9999 -9999 -9999 -9999 -9999 -9999 -9999 -9999 -9999 -9999 -9999 -9999 -9999 -9999 -9999 -9999 -9999 -9999
0.676099 0.683898 0.695458 0.698593 0.702831 0.746601 0.795219 0.801459 0.801604 0.808482 0.815052 0.823874 0.831895 0.841223 0.853107 0.867708 0.884288 0.909233 0.903678 0.901141 0.908611 0.916963 0.929589 0.947581 0.949853 0.959678 0.973804 1.0253 1.04107 1.05202 -9999 -9999 -9999 -9999 -9999 -9999 -9999 -9999 -9999 -9999 -9999 -9999 -9999 -9999 -9999 -9999 -9999 -9999 -9999 -9999 -9999 -9999 -9999 -9999 -9999 -9999 -9999 -9999 -9999 -9999 -9999 -9999 -9999 -9999 -9999 -9999 -9999 -9999 -9999 -9999 -9999
0.693774 0.701176 0.713689 0.716688 0.718977 0.744854 0.789804 0.812228 0.817498 0.82257 0.829669 0.839149 0.853989 0.861232 0.867389 0.878967 0.897019 0.915105 0.924125 0.91617 0.918695 0.926614 0.931197 0.947088 0.952545 0.963575 0.97295 1.01064 1.03918 1.05146 1.06785 -9999 -9999 -9999 -9999 -9999 -9999 -9999 -9999 -9999 -9999 -9999 -9999 -9999 -9999 -9999 -9999 -9999 -9999 -9999 -9999 -9999 -9999 -9999 -9999 -9999 -9999 -9999 -9999 -9999 -9999 -9999 -9999 -9999 -9999 -9999 -9999 -9999 -9999 -9999 -9999
-9999 -9999 -9999 0.736643 0.760891 0.789618 0.805205 0.82595 0.831094 0.836201 0.843899 0.85686 0.866498 0.873154 0.883072 0.895615 0.905339 0.918474 0.931963 0.934333 0.92821 0.939932 0.93847 0.946935 0.953849 0.968688 1.00613 1.02285 1.04897 1.0608 1.07557 -9999 -9999 -9999 -9999 -9999 -9999 -9999 -9999 -9999 -9999 -9999 -9999 -9999 -9999 -9999 -9999 -9999 -9999 -9999 -9999 -9999 -9999 -9999 -9999 -9999 -9999 -9999 -9999 -9999 -9999 -9999 -9999 -9999 -9999 -9999 -9999 -9999 -9999 -9999 -9999
-9999 -9999 -9999 -9999 0.773639 0.803246 0.80372 0.839037 0.845788 0.849988 0.858136 0.86811 0.877067 0.88622 0.895535 0.906339 0.917222 0.929486 0.934922 0.932104 0.937183 0.94449 0.949636 0.952914 0.962032 0.974818 1.02035 1.03711 1.06533 1.08026 1.08722 1.09936 -9999 -9999 -9999 -9999 -9999 -9999 -9999 -9999 -9999 -9999 -9999 -9999 1.06932 -9999 -9999 -9999 -9999 -9999 -9999 -9999 -9999 -9999 -9999 -9999 -9999 -9999 -9999 -9999 -9999 -9999 -9999 -9999 -9999 0.940882 -9999 -9999 -9999 -9999 -9999
-9999 -9999 -9999 0.756209 0.804447 0.80926 0.813573 0.834237 0.858608 0.862939 0.871739 0.881695 0.891235 0.902242 0.909506 0.917979 0.929043 0.934698 0.936326 0.939328 0.942482 0.94671 0.953192 0.961567 0.971439 1.0018 1.01729 1.03105 1.04815 1.0746 1.09011 1.10887 1.12454 -9999 -9999 -9999 -9999 -9999 -9999 -9999 1.11345 1.10791 1.10051 1.08984 1.0741 1.0682 -9999 -9999 -9999 -9999 -9999 -9999 -9999 -9999 -9999 -9999 -9999 -9999 -9999 -9999 -9999 -9999 -9999 -9999 -9999 0.935135 0.938211 -9999 -9999 -9999 -9999
-9999 -9999 -9999 0.808752 0.811868 0.818691 0.824012 0.83209 0.868474 0.876785 0.884808 0.894112 0.904307 0.91459 0.920903 0.930326 0.937006 0.942399 0.942459 0.945204 0.950295 0.956376 0.963181 0.97387 0.982016 1.00681 1.02006 1.03694 1.05456 1.07823 1.10219 1.12546 1.14519 -9999 -9999 -9999 -9999 -9999 -9999 1.13117 1.12035 1.11006 1.10861 1.093 1.07696 1.06656 1.06209 -9999 -9999 -9999 -9999 -9999 -9999 -9999 -9999 -9999 -9999 -9999 -9999 -9999 -9999 0.912429 0.917375 0.930959 0.935434 0.935762 0.937913 -9999 -9999 -9999 -9999
-9999 -9999 -9999 0.817346 0.82008 0.826065 0.833522 0.844942 0.870857 0.888009 0.897553 0.907322 0.916404 0.924497 0.934364 0.940988 0.950376 0.948426 0.951327 0.955258 0.963385 0.969339 0.982982 0.993003 1.01555 1.01627 1.03105 1.05275 1.07801 1.11768 1.12057 1.13612 1.15568 -9999 -9999 -9999 -9999 -9999 -9999 1.14505 1.13294 1.11989 1.10937 1.10515 1.08326 1.07325 1.06388 1.05021 1.03108 1.01466 1.00113 0.973568 0.961081 0.953936 0.943158 -9999 -9999 -9999 -9999 0.917112 0.913558 0.910055 0.910223 0.925696 0.934441 0.94119 0.926503 -9999 -9999 -9999 -9999
-9999 -9999 -9999 0.819338 0.825217 0.83443 0.846465 0.856184 0.883366 0.899891 0.909984 0.920212 0.929153 0.936792 0.944086 0.951573 0.954458 0.957098 0.960573 0.972086 0.985609 0.98353 0.996012 1.03492 1.02494 1.02702 1.04317 1.06813 1.09618 1.12489 1.12801 1.14704 1.16441 -9999 -9999 -9999 1.18055 1.17267 1.16981 1.16261 1.14764 1.13242 1.11972 1.10388 1.10622 1.08022 1.06898 1.05811 1.03971 1.01362 0.996301 0.969969 0.956608 0.948734 0.933749 0.924616 0.918094 0.913751 0.911105 0.908405 0.90547 0.90295 0.90314 0.921243 0.926821 0.927993 0.912525 -9999 -9999 -9999 -9999
-9999 -9999 -9999 0.831799 0.838597 0.847463 0.855726 0.868991 0.880236 0.907107 0.921076 0.93129 0.943513 0.948671 0.954974 0.95976 0.963586 0.966729 0.97602 0.988315 1.00108 1.00865 1.02542 1.04032 1.038 1.04009 1.05649 1.07537 1.10227 1.11749 1.14381 1.16181 1.18617 -9999 -9999 1.21056 1.19806 1.18737 1.17913 1.17192 1.16357 1.14547 1.13225 1.10997 1.11069 1.09204 1.07315 1.06004 1.03923 1.0085 0.992107 0.970417 0.946597 0.935791 0.927771 0.919696 0.914504 0.910782 0.908063 0.90699 0.904301 0.901864 0.901154 0.910196 0.911959 0.905683 0.910173 -9999 -9999 -9999 -9999
-9999 -9999 -9999 0.838072 0.845046 0.853042 0.865712 0.876774 0.890392 0.920173 0.928661 0.94168 0.953337 0.962619 0.965619 0.969751 0.972381 0.973967 0.981961 0.991054 1.00529 1.01548 1.03757 1.04753 1.05473 1.06017 1.07173 1.08519 1.09696 1.11987 1.15172 1.17315 1.19369 1.21322 -9999 1.22611 1.22301 1.21036 1.19625 1.18294 1.17637 1.15593 1.14016 1.13213 1.11798 1.09385 1.06611 1.04717 1.02953 1.00631 0.984464 0.964469 0.949532 0.931717 0.922989 0.916195 0.911434 0.90815 0.905836 0.904224 0.902736 0.90117 0.899541 0.902048 0.897501 0.904852 0.910938 -9999 -9999 -9999 -9999
-9999 -9999 0.831126 0.841902 0.847003 0.857553 0.870024 0.883586 0.898043 0.924924 0.937166 0.948455 0.960816 0.974233 0.979406 0.98193 0.980412 0.980925 0.981113 0.985414 1.00198 1.01959 1.03228 1.04932 1.05689 1.06393 1.06627 1.07964 1.09998 1.12211 1.1557 1.1815 1.20434 1.22854 1.23779 1.23809 1.23705 1.22891 1.21206 1.19562 1.18112 1.16632 1.1579 1.13934 1.11335 1.08553 1.06579 1.04783 1.02817 1.00925 0.988338 0.967817 0.945675 0.932286 0.919349 0.912794 0.908359 0.905517 0.90375 0.902677 0.901865 0.900565 0.898588 0.89112 0.894396 0.901001 0.898488 -9999 -9999 -9999 -9999
-9999 -9999 -9999 0.846722 0.856099 0.869141 0.8829 0.8962 0.909542 0.933368 0.946387 0.956198 0.967155 0.980992 0.992023 0.990284 0.989524 0.98721 0.986027 0.985466 1.00637 1.01617 1.0262 1.04295 1.0427 1.0489 1.06048 1.07641 1.10445 1.1337 1.17359 1.20348 1.21969 1.24431 1.24791 1.2516 1.24368 1.23565 1.22891 1.21912 1.19398 1.18396 1.15847 1.13536 1.11929 1.08771 1.06851 1.04499 1.02384 1.00366 0.995486 0.966419 0.951379 0.932695 0.91852 0.909549 0.905517 0.903131 0.902066 0.901595 0.901247 0.900357 0.895476 0.886553 0.885812 0.904464 0.899589 -9999 -9999 -9999 -9999
-9999 -9999 -9999 -9999 -9999 0.875389 0.888862 0.904007 0.91856 0.939353 0.951216 0.962263 0.972564 0.982827 0.994543 0.998841 0.998615 1.00332 0.997264 0.993874 0.994969 0.99815 1.01472 1.02353 1.02532 1.03729 1.05884 1.08049 1.10381 1.13606 1.17289 1.20566 1.23377 1.24907 1.24866 1.24685 1.23915 1.23465 1.23491 1.22385 1.20574 1.18251 1.16037 1.14067 1.12365 1.09055 1.07209 1.04281 1.01976 1.00126 0.984159 0.963917 0.945659 0.932167 0.917393 0.909285 0.903173 0.901345 0.900743 0.900796 0.900879 0.896013 0.892693 0.88796 0.881983 0.901082 0.90389 -9999 -9999 -9999 -9999
-9999 -9999 -9999 -9999 -9999 0.883484 0.898116 0.911456 0.919743 0.943114 0.955097 0.967479 0.976916 0.986379 0.996642 1.00461 1.00991 1.0159 1.01184 1.00246 0.997897 0.999716 1.01485 1.01202 1.02214 1.03663 1.06131 1.08495 1.10626 1.13843 1.17696 1.20506 1.2363 1.24556 1.25174 1.25273 1.24386 1.23553 1.22758 1.22429 1.20787 1.18288 1.16391 1.1476 1.1242 1.0928 1.07563 1.04305 1.01748 0.997603 0.977234 0.958207 0.941784 0.927154 0.915475 0.907286 0.902875 0.900413 0.900178 0.900503 0.898891 0.897039 0.893665 0.888851 0.88261 0.89206 0.904812 -9999 -9999 -9999 -9999
-9999 -9999 -9999 -9999 -9999 -9999 0.906577 0.915417 0.92067 0.945564 0.959461 0.969089 0.978938 0.988998 0.996224 1.00504 1.01399 1.02965 1.02504 1.01646 1.00516 1.00125 1.00662 1.01307 1.02741 1.05294 1.07886 1.09529 1.11413 1.14257 1.17835 1.20769 1.21812 1.2263 1.23131 1.23681 1.24367 1.23672 1.22681 1.22204 1.20444 1.18202 1.16578 1.14587 1.12396 1.09281 1.0677 1.0427 1.01457 0.995887 0.973895 0.954043 0.938957 0.925514 0.914795 0.906802 0.902472 0.900505 0.900136 0.900243 0.899399 0.897499 0.894139 0.889212 0.882819 0.876508 0.875042 0.874088 -9999 -9999 -9999
-9999 -9999 -9999 -9999 -9999 -9999 0.915637 0.92805 0.930665 0.953908 0.960884 0.96923 0.978768 0.990177 0.99744 1.00997 1.01343 1.02789 1.03463 1.02909 1.03246 1.01827 1.00794 1.01401 1.05229 1.07356 1.0939 1.10647 1.12282 1.14345 1.18548 1.20734 1.20986 1.21605 1.22182 1.22605 1.23067 1.23221 1.21851 1.20931 1.19388 1.17884 1.15953 1.1435 1.12372 1.08631 1.06465 1.04089 1.0129 0.996015 0.971992 0.952927 0.939242 0.927158 0.915026 0.907881 0.903491 0.900779 0.90074 0.900958 0.89962 0.897399 0.89386 0.888895 0.882279 0.874506 0.858411 0.85617 0.848215 0.834152 -9999
-9999 -9999 -9999 -9999 -9999 -9999 -9999 0.94156 0.937965 0.956357 0.964175 0.968642 0.977077 0.990401 0.997749 1.009 1.01792 1.03115 1.046 1.05554 1.03306 1.01514 1.00899 1.01307 1.04615 1.06613 1.07871 1.08689 1.10752 1.12825 1.16587 1.18615 1.20709 1.21841 1.22535 1.22218 1.21975 1.21543 1.21196 1.20112 1.18703 1.17154 1.15251 1.13241 1.11056 1.08191 1.05412 1.03365 1.00961 0.989734 0.971582 0.953337 0.941799 0.927877 0.916911 0.909932 0.902929 0.901782 0.90136 0.901179 0.900711 0.896697 0.892923 0.887688 0.881125 0.873229 0.855191 0.845571 0.840025 0.836441 0.835193
-9999 -9999 -9999 -9999 -9999 -9999 -9999 0.951028 0.946545 0.964208 0.963881 0.976747 0.98135 0.986795 0.993481 1.00274 1.01446 1.02373 1.04085 1.05894 1.03631 1.0183 1.01105 1.01712 1.0416 1.04537 1.06161 1.07294 1.09634 1.11584 1.14338 1.16513 1.18675 1.21515 1.22299 1.21328 1.20891 1.20258 1.19612 1.18718 1.17547 1.16554 1.14461 1.13282 1.10564 1.07308 1.05078 1.02916 1.00822 0.988975 0.971559 0.953676 0.939944 0.930563 0.916613 0.907451 0.904472 0.902818 0.901966 0.901322 0.900291 0.898482 0.893109 0.885757 0.879176 0.871449 0.853287 0.843138 0.833136 0.824455 0.826614
-9999 -9999 -9999 -9999 -9999 -9999 -9999 0.977483 0.963078 0.979837 0.977318 0.976301 0.980048 0.984072 0.991905 0.997498 1.00664 1.01479 1.02669 1.04441 1.05649 1.04232 1.01972 1.0179 1.02146 1.03119 1.04741 1.06461 1.07882 1.09302 1.1224 1.15701 1.17971 1.18514 1.19855 1.19251 1.19485 1.19651 1.17904 1.17238 1.16314 1.15556 1.15051 1.13162 1.10918 1.07461 1.05789 1.0329 1.0094 0.989476 0.972596 0.955658 0.938298 0.928148 0.914069 0.909137 0.905903 0.903822 0.902366 0.901065 0.899535 0.897207 0.893732 0.885773 0.879576 0.869066 0.850846 0.841145 0.831588 0.82226 0.815042
-9999 -9999 -9999 -9999 -9999 -9999 -9999 0.988782 0.994062 0.983604 0.981303 0.976956 0.98035 0.981343 0.985951 0.991964 1.00054 1.01027 1.02077 1.03667 1.04957 1.04027 1.02889 1.02228 1.0197 1.03003 1.04025 1.0527 1.08008 1.09407 1.11744 1.13483 1.1448 1.16067 1.17759 1.16906 1.17087 1.17354 1.16329 1.15747 1.15927 1.15576 1.14246 1.12577 1.11285 1.08276 1.06032 1.03775 1.01014 0.991644 0.975101 0.954129 0.941309 0.92285 0.915802 0.910701 0.907034 0.90444 0.902325 0.900317 0.898184 0.895331 0.891582 0.886979 0.87646 0.869371 0.850722 0.838911 0.829843 0.821085 0.813144
-9999 -9999 -9999 -9999 -9999 -9999 -9999 0.997327 1.0001 0.990825 0.982436 0.976798 0.977571 0.978715 0.982587 0.989376 0.995018 1.00216 1.01209 1.01973 1.03199 1.04868 1.03132 1.03326 1.02864 1.04886 1.05228 1.06302 1.07717 1.10257 1.10994 1.10809 1.12588 1.13719 1.14885 1.14582 1.14856 1.14882 1.14642 1.15006 1.15463 1.15414 1.13369 1.12065 1.10589 1.087 1.05795 1.03226 1.01203 0.996433 0.985278 0.958435 0.934833 0.925071 0.917488 0.9117 0.907725 0.904407 0.901749 0.899154 0.896311 0.892998 0.888932 0.884087 0.878413 0.865943 0.847229 0.838569 0.826699 0.817761 0.808211
-9999 -9999 -9999 -9999 -9999 -9999 -9999 -9999 1.01987 1.00643 0.992686 0.98716 0.985026 0.985787 0.989427 0.994419 0.999377 1.00521 1.01377 1.0242 1.03945 1.05253 1.05258 1.0562 1.05596 1.05942 1.05539 1.06049 1.07667 1.11396 1.09976 1.09868 1.10722 1.11547 1.12243 1.12652 1.12969 1.13183 1.13554 1.15015 1.1474 1.14515 1.1323 1.12277 1.10406 1.07805 1.05209 1.03138 1.01368 1.00667 0.988117 0.952419 0.93805 0.929931 0.920424 0.912131 0.907594 0.903817 0.90058 0.897327 0.893909 0.890121 0.88521 0.879989 0.874028 0.860341 0.840769 0.832899 0.824802 0.817461 0.808417
-9999 -9999 -9999 -9999 -9999 -9999 -9999 -9999 1.02571 1.00971 0.991826 0.989613 0.986742 0.984304 0.987858 0.994082 0.999898 1.00572 1.01205 1.02423 1.03664 1.04931 1.05731 1.06178 1.0656 1.0656 1.05679 1.06196 1.07214 1.09364 1.10682 1.10092 1.09659 1.10178 1.10764 1.12421 1.12283 1.12938 1.13632 1.13402 1.1312 1.1312 1.11621 1.11075 1.09484 1.07257 1.05223 1.03462 1.01391 1.00725 0.991451 0.955561 0.94077 0.932166 0.919987 0.912257 0.90681 0.902388 0.898379 0.894529 0.890468 0.886182 0.881437 0.876159 0.870455 0.864563 0.851046 0.840329 0.832348 0.821984 0.812179
-9999 -9999 -9999 -9999 -9999 -9999 -9999 -9999 1.02257 1.01292 0.997247 0.986571 0.990201 0.986638 0.986377 0.992979 0.999785 1.00662 1.01146 1.02456 1.039 1.05195 1.06709 1.07117 1.07037 1.06172 1.05796 1.06345 1.07338 1.08547 1.08791 1.08494 1.08573 1.08916 1.09406 1.09939 1.10192 1.10632 1.10588 1.10863 1.11372 1.11021 1.09788 1.09937 1.08691 1.07014 1.05187 1.03037 1.01335 1.01005 0.971739 0.952524 0.938708 0.926679 0.917797 0.910996 0.904621 0.899891 0.895436 0.891131 0.886798 0.882195 0.877401 0.872149 0.867335 0.862604 0.864995 0.839399 0.831252 0.819909 0.809441
-9999 -9999 -9999 -9999 -9999 -9999 -9999 -9999 1.01952 1.01083 0.997492 0.990976 0.993317 0.988765 0.984838 0.989104 0.996147 1.00054 1.00778 1.01948 1.03237 1.04653 1.05615 1.07253 1.06766 1.0618 1.05893 1.06123 1.07122 1.08017 1.07923 1.07802 1.08003 1.07753 1.08042 1.08414 1.0933 1.09648 1.092 1.08962 1.08711 1.08784 1.07978 1.07537 1.06714 1.05818 1.04282 1.0264 1.01393 0.984825 0.961074 0.946516 0.934495 0.923781 0.916 0.908618 0.901587 0.896433 0.891673 0.887102 0.88246 0.877787 0.873167 0.868162 0.86452 0.86215 0.862674 0.843763 0.829088 0.814238 0.779026
-9999 -9999 -9999 -9999 -9999 -9999 -9999 -9999 1.02171 1.01154 1.0004 0.998157 1.00109 0.989426 0.983512 0.986868 0.991935 0.997301 1.01032 1.01332 1.0191 1.03218 1.04973 1.069 1.07319 1.06289 1.06061 1.06243 1.07539 1.08395 1.08522 1.0798 1.07489 1.06894 1.06873 1.07233 1.08596 1.09922 1.08984 1.0787 1.07354 1.06925 1.06905 1.06291 1.05576 1.05126 1.03763 1.027 1.0134 0.971395 0.957688 0.94306 0.930148 0.923766 0.915768 0.905495 0.897509 0.892158 0.887161 0.882288 0.877561 0.872823 0.868622 0.864241 0.860219 0.863921 0.863837 0.853307 0.825527 0.813627 0.752543
-9999 -9999 -9999 -9999 -9999 -9999 -9999 -9999 1.02622 1.01967 1.00875 1.00662 1.00062 0.989556 0.985742 0.985557 0.988848 0.993484 1.00115 1.00728 1.01618 1.0295 1.04656 1.06538 1.07966 1.08048 1.06591 1.05229 1.07783 1.08693 1.08358 1.07668 1.0645 1.05809 1.05827 1.05952 1.0619 1.07106 1.08137 1.07766 1.06646 1.06606 1.06555 1.05446 1.04671 1.04301 1.03747 1.01894 0.989618 0.969205 0.956773 0.941696 0.924649 0.915577 0.908685 0.898677 0.892606 0.887081 0.881828 0.876908 0.872092 0.867323 0.863031 0.859433 0.860393 0.860346 0.86227 0.857355 0.817376 0.7795 0.744352
-9999 -9999 -9999 -9999 -9999 -9999 -9999 -9999 1.03416 1.02514 1.01471 1.005 0.995822 0.988253 0.990555 0.987937 0.991034 0.9912 0.995337 1.00281 1.01081 1.02273 1.04321 1.0614 1.0811 1.08225 1.06307 1.06505 1.07538 1.09163 1.08068 1.06798 1.05624 1.05024 1.05682 1.05093 1.05067 1.05306 1.05821 1.06667 1.06206 1.06566 1.05985 1.04825 1.03902 1.03145 1.02555 1.00924 0.981475 0.963397 0.952729 0.93828 0.923189 0.908925 0.900647 0.892854 0.886783 0.881207 0.875906 0.870933 0.866239 0.861769 0.857642 0.857956 0.859104 0.857649 0.857469 0.852454 0.823583 0.772232 0.738344
-9999 -9999 -9999 -9999 -9999 -9999 -9999 -9999 -9999 1.02582 1.01447 1.00678 1.00689 1.0002 0.99788 0.996731 0.998757 0.99032 0.992863 0.998775 1.00634 1.01699 1.03341 1.04635 1.0652 1.08022 1.05987 1.0743 1.07322 1.07682 1.07291 1.06024 1.04653 1.04579 1.05574 1.05404 1.05108 1.04489 1.04472 1.05767 1.0618 1.06368 1.05304 1.04136 1.03282 1.02465 1.0172 0.981575 0.968419 0.951523 0.936771 0.926399 0.913375 0.902143 0.89392 0.886549 0.880349 0.874648 0.869438 0.864718 0.860137 0.856318 0.853498 0.854662 0.863971 0.858194 0.854408 0.853311 0.808254 0.744766 0.733442
-9999 -9999 -9999 -9999 -9999 -9999 -9999 -9999 -9999 1.03004 1.01596 1.01512 1.01803 1.02622 1.02621 1.00801 1.00653 0.9984 0.991043 0.99508 1.00249 1.01261 1.02396 1.03954 1.06 1.07727 1.08285 1.06492 1.05721 1.05654 1.05403 1.04656 1.04588 1.05624 1.06548 1.0598 1.05559 1.04201 1.03744 1.03661 1.04248 1.04895 1.04928 1.03608 1.0281 1.01994 1.01156 0.984924 0.961989 0.942524 0.928457 0.916146 0.905741 0.894784 0.886575 0.87952 0.873111 0.867537 0.862535 0.858203 0.854183 0.852001 0.850295 0.855504 0.85892 0.859057 0.86028 0.84044 0.800965 0.754584 0.728627
