Test_Spring_2018/01_18/Prec/20180111_013.txt
ncols	170
nrows	115
xllcorner	350000.000000
yllcorner	4445000.000000
cellsize	1000.000000
nodata_value	-9999.000000
[rows 31 to 61 of 115, columns 70 to 139 of 170]
0.151776 0.151678 0.151246 0.150177 0.149581 0.152372 0.13974 0.139791 0.139951 0.140231 0.14011 0.140321 0.140324 0.140063 0.140253 0.139588 0.136302 0.138194 0.139556 0.139509 0.141427 0.143941 0.144713 0.143901 0.144797 0.145149 0.150077 0.153513 0.154523 -9999 -9999 -9999 -9999 -9999 -9999 -9999 -9999 -9999 -9999 -9999 -9999 -9999 -9999 -9999 -9999 -9999 -9999 -9999 -9999 -9999 -9999 -9999 -9999 -9999 -9999 -9999 -9999 -9999 -9999 -9999 -9999 -9999 -9999 -9999 -9999 -9999 -9999 -9999 -9999 -9999
0.153244 0.152661 0.151841 0.150673 0.150583 0.150443 0.138973 0.14183 0.140194 0.140596 0.140668 0.140302 0.140453 0.140631 0.140978 0.140578 0.138462 0.136738 0.139045 0.140179 0.140507 0.143637 0.14437 0.143847 0.142532 0.146424 0.148186 0.151811 0.155226 -9999 -9999 -9999 -9999 -9999 -9999 -9999 -9999 -9999 -9999 -9999 -9999 -9999 -9999 -9999 -9999 -9999 -9999 -9999 -9999 -9999 -9999 -9999 -9999 -9999 -9999 -9999 -9999 -9999 -9999 -9999 -9999 -9999 -9999 -9999 -9999 -9999 -9999 -9999 -9999 -9999
0.153478 0.15322 0.152117 0.151106 0.151263 0.150455 0.152136 0.142281 0.140319 0.140856 0.141149 0.141247 0.141417 0.141607 0.141371 0.140857 0.139172 0.137119 0.137426 0.139944 0.141274 0.142928 0.143711 0.144451 0.14477 0.148125 0.15079 0.153484 0.157161 0.16009 -9999 -9999 -9999 -9999 -9999 -9999 -9999 -9999 -9999 -9999 -9999 -9999 -9999 -9999 -9999 -9999 -9999 -9999 -9999 -9999 -9999 -9999 -9999 -9999 -9999 -9999 -9999 -9999 -9999 -9999 -9999 -9999 -9999 -9999 -9999 -9999 -9999 -9999 -9999 -9999
0.15308 0.153278 0.152015 0.150213 0.149952 0.149564 0.154253 0.138829 0.139365 0.140927 0.141295 0.141687 0.141671 0.141794 0.141717 0.141255 0.140415 0.139364 0.137035 0.140176 0.14303 0.144413 0.145915 0.14695 0.147319 0.150633 0.152833 0.156805 0.160543 0.161427 0.162993 -9999 -9999 -9999 -9999 -9999 -9999 -9999 -9999 -9999 -9999 -9999 -9999 -9999 -9999 -9999 -9999 -9999 -9999 -9999 -9999 -9999 -9999 -9999 -9999 -9999 -9999 -9999 -9999 -9999 -9999 -9999 -9999 -9999 -9999 -9999 -9999 -9999 -9999 -9999
-9999 0.152785 0.151536 0.149526 0.149262 0.149206 0.151988 0.152138 0.139776 0.14053 0.141298 0.141691 0.141651 0.140676 0.141022 0.141588 0.141284 0.139961 0.138771 0.139324 0.143022 0.145153 0.146617 0.148931 0.149558 0.152232 0.154149 0.157687 0.161229 0.163498 0.164823 0.165241 -9999 -9999 -9999 -9999 -9999 -9999 -9999 -9999 -9999 -9999 -9999 -9999 -9999 -9999 -9999 -9999 -9999 -9999 -9999 -9999 -9999 -9999 -9999 -9999 -9999 -9999 -9999 -9999 -9999 -9999 -9999 -9999 -9999 -9999 -9999 -9999 -9999 -9999
-9999 -9999 -9999 -9999 0.14802 0.150597 0.148537 0.15147 0.139528 0.140386 0.141232 0.141601 0.141031 0.141008 0.141487 0.141411 0.14092 0.14099 0.140589 0.140288 0.142113 0.145648 0.146373 0.149663 0.151527 0.153929 0.155196 0.159297 0.160812 0.163674 0.165156 0.16594 -9999 -9999 -9999 -9999 -9999 -9999 -9999 -9999 -9999 -9999 -9999 -9999 -9999 -9999 -9999 -9999 -9999 -9999 -9999 -9999 -9999 -9999 -9999 -9999 -9999 -9999 -9999 -9999 -9999 -9999 -9999 -9999 -9999 -9999 -9999 -9999 -9999 -9999
-9999 -9999 -9999 -9999 -9999 0.150285 0.148142 0.149 0.139225 0.139894 0.140978 0.141339 0.141336 0.141459 0.141509 0.141512 0.14127 0.141068 0.140729 0.141725 0.144355 0.145879 0.147311 0.149435 0.152204 0.154271 0.157119 0.158518 0.159665 0.162811 0.163928 0.166231 0.167386 -9999 -9999 -9999 -9999 -9999 -9999 -9999 -9999 -9999 -9999 -9999 -9999 0.182042 -9999 -9999 -9999 -9999 -9999 -9999 -9999 -9999 -9999 -9999 -9999 -9999 -9999 -9999 -9999 -9999 -9999 -9999 -9999 -9999 0.186268 -9999 -9999 -9999
-9999 -9999 -9999 -9999 0.14825 0.148614 0.148781 0.149097 0.150877 0.139558 0.1407 0.141009 0.141043 0.141071 0.140774 0.141074 0.141151 0.140815 0.141507 0.143053 0.144586 0.146375 0.148309 0.150214 0.152162 0.154209 0.159153 0.160647 0.162554 0.16403 0.167197 0.168276 0.168524 0.168965 -9999 -9999 -9999 -9999 -9999 -9999 -9999 0.180214 0.180508 0.180862 0.181576 0.183017 0.182662 -9999 -9999 -9999 -9999 -9999 -9999 -9999 -9999 -9999 -9999 -9999 -9999 -9999 -9999 -9999 -9999 -9999 -9999 -9999 0.187421 0.185995 -9999 -9999
-9999 -9999 -9999 -9999 0.148035 0.148581 0.148558 0.148843 0.148679 0.139567 0.1401 0.140593 0.140757 0.140652 0.140424 0.1408 0.140598 0.140888 0.141492 0.143186 0.144666 0.146062 0.147666 0.149562 0.151217 0.153731 0.159496 0.161672 0.163367 0.164978 0.168991 0.168939 0.168714 0.168725 -9999 -9999 -9999 -9999 -9999 -9999 0.180953 0.182235 0.183065 0.182085 0.183331 0.184502 0.18461 0.187103 -9999 -9999 -9999 -9999 -9999 -9999 -9999 -9999 -9999 -9999 -9999 -9999 -9999 -9999 0.194346 0.192883 0.18987 0.188353 0.187465 0.186174 -9999 -9999
-9999 -9999 -9999 -9999 0.147314 0.148134 0.14844 0.148516 0.147911 0.136628 0.139789 0.140059 0.140142 0.140186 0.140252 0.139894 0.140029 0.139693 0.141408 0.142474 0.143647 0.144466 0.1461 0.146891 0.148811 0.154464 0.15889 0.161168 0.162429 0.163143 0.165154 0.168676 0.170149 0.170513 -9999 -9999 -9999 -9999 -9999 -9999 0.182349 0.183577 0.184565 0.184799 0.183714 0.18553 0.188591 0.187868 0.187898 0.188936 0.189617 0.192563 0.193536 0.193861 0.193505 0.194015 -9999 -9999 -9999 -9999 0.194568 0.194686 0.194788 0.194211 0.190915 0.188681 0.18668 0.186547 -9999 -9999
-9999 -9999 -9999 -9999 0.147462 0.147976 0.147932 0.147392 0.14722 0.136293 0.139207 0.141591 0.141382 0.141206 0.141089 0.14091 0.140646 0.141214 0.14196 0.142805 0.142603 0.14248 0.145541 0.145078 0.146193 0.153317 0.157882 0.160349 0.161508 0.162223 0.166532 0.170405 0.171692 0.172695 -9999 -9999 -9999 0.179752 0.181824 0.182341 0.18298 0.184419 0.185465 0.18601 0.186535 0.189078 0.188822 0.188091 0.187324 0.187947 0.190037 0.190793 0.194016 0.194351 0.194024 0.19638 0.196792 0.196999 0.197044 0.19697 0.197028 0.197192 0.197295 0.196887 0.191819 0.190159 0.18912 0.186973 -9999 -9999
-9999 -9999 -9999 -9999 0.150913 0.151572 0.151734 0.14931 0.14857 0.148033 0.138669 0.14088 0.140602 0.139741 0.139893 0.139698 0.1397 0.139908 0.140396 0.140107 0.139698 0.139703 0.141168 0.144901 0.146576 0.152465 0.157254 0.159195 0.162847 0.164033 0.167183 0.171537 0.172544 0.172694 -9999 -9999 0.177625 0.181267 0.183768 0.185057 0.185448 0.185422 0.186591 0.186555 0.187841 0.189666 0.18805 0.188409 0.18776 0.18849 0.192214 0.192645 0.196169 0.196883 0.196933 0.196814 0.197013 0.197003 0.196995 0.19702 0.196905 0.197148 0.197355 0.19721 0.195274 0.194446 0.193582 0.189713 -9999 -9999
-9999 -9999 -9999 -9999 0.152206 0.153198 0.153749 0.153208 0.152653 0.147245 0.137854 0.138297 0.139758 0.138854 0.138113 0.138283 0.138182 0.138392 0.138974 0.138781 0.138861 0.138618 0.139717 0.142287 0.145108 0.151055 0.155566 0.159342 0.163009 0.167071 0.16929 0.173041 0.174732 0.175101 0.175828 -9999 0.179389 0.18146 0.184247 0.186387 0.187582 0.186925 0.188123 0.188118 0.190613 0.190073 0.189117 0.191324 0.191569 0.191705 0.19296 0.193867 0.196737 0.196891 0.197043 0.196968 0.196916 0.196849 0.196825 0.196873 0.196971 0.197137 0.197325 0.197458 0.196746 0.196041 0.194021 0.189959 -9999 -9999
-9999 -9999 -9999 0.14727 0.151656 0.153273 0.1536 0.153226 0.15229 0.150839 0.142102 0.138064 0.137671 0.138191 0.136546 0.136128 0.136089 0.136815 0.137416 0.138456 0.139311 0.138687 0.140723 0.144021 0.145964 0.150706 0.155345 0.161147 0.165285 0.168341 0.171075 0.174569 0.17635 0.177559 0.176973 0.17894 0.181498 0.183264 0.185219 0.187683 0.189183 0.189589 0.189457 0.191128 0.191257 0.192695 0.192315 0.192315 0.192095 0.192305 0.192568 0.19339 0.196016 0.19692 0.197028 0.196914 0.196792 0.196686 0.196645 0.196694 0.19682 0.197003 0.197279 0.197595 0.197913 0.196855 0.19567 0.193334 -9999 -9999
-9999 -9999 -9999 -9999 0.151018 0.15217 0.152256 0.151765 0.1509 0.149593 0.141613 0.140504 0.139601 0.136478 0.135673 0.134043 0.134542 0.134958 0.135905 0.137088 0.138749 0.139822 0.141782 0.144488 0.146768 0.153173 0.158321 0.16291 0.167009 0.169149 0.171073 0.173763 0.174655 0.177304 0.178225 0.180708 0.182807 0.185802 0.187693 0.188282 0.18843 0.190412 0.19156 0.192956 0.19369 0.193007 0.193049 0.192677 0.193157 0.193381 0.193639 0.192061 0.195865 0.195724 0.196609 0.196868 0.196708 0.196547 0.196482 0.196498 0.196631 0.19686 0.197193 0.19758 0.199349 0.199159 0.195363 0.193522 -9999 -9999
-9999 -9999 -9999 -9999 -9999 -9999 0.151922 0.151548 0.150362 0.148777 0.14145 0.140401 0.139113 0.137629 0.135913 0.133648 0.132943 0.133128 0.132758 0.135123 0.138306 0.141054 0.144306 0.146079 0.150571 0.156271 0.160706 0.163873 0.167292 0.170563 0.172287 0.175713 0.176374 0.177205 0.179438 0.183413 0.186464 0.189449 0.190694 0.189979 0.190194 0.192145 0.193465 0.19414 0.194071 0.193337 0.193467 0.19275 0.194022 0.194387 0.19418 0.193984 0.196028 0.196308 0.196189 0.196757 0.196669 0.196473 0.196353 0.196359 0.196494 0.196753 0.197757 0.198495 0.199302 0.200085 0.196255 0.193161 -9999 -9999
-9999 -9999 -9999 -9999 -9999 -9999 0.151414 0.150863 0.149955 0.149366 0.14162 0.140404 0.13872 0.137213 0.135469 0.133485 0.131912 0.13106 0.130676 0.132671 0.136418 0.140225 0.143826 0.145989 0.152637 0.157071 0.161249 0.164054 0.167308 0.171107 0.173027 0.176272 0.177883 0.178304 0.181686 0.184605 0.187288 0.190456 0.19234 0.192965 0.192376 0.193025 0.194537 0.194543 0.19376 0.193997 0.193729 0.192659 0.194377 0.195061 0.194983 0.195249 0.196932 0.196806 0.196807 0.196785 0.196677 0.196437 0.19629 0.196278 0.196426 0.197 0.197655 0.198482 0.199376 0.200265 0.198143 0.193389 -9999 -9999
-9999 -9999 -9999 -9999 -9999 -9999 -9999 0.15046 0.150265 0.150105 0.142018 0.140333 0.138981 0.137265 0.1353 0.133748 0.132004 0.130518 0.128379 0.130496 0.134152 0.139182 0.143842 0.147759 0.152862 0.156623 0.158943 0.161572 0.1661 0.17035 0.172934 0.176652 0.178056 0.182074 0.185649 0.188772 0.190675 0.191137 0.192773 0.193906 0.193279 0.194109 0.195152 0.194658 0.194469 0.19442 0.194087 0.194358 0.194738 0.195833 0.195518 0.196032 0.197805 0.197411 0.197172 0.196954 0.196789 0.196524 0.196354 0.196349 0.196546 0.197048 0.197756 0.19863 0.199594 0.200555 0.201192 0.198927 0.197738 -9999
-9999 -9999 -9999 -9999 -9999 -9999 -9999 0.15014 0.14924 0.149437 0.141464 0.140853 0.139611 0.137858 0.135597 0.134234 0.131869 0.131291 0.129477 0.12957 0.132746 0.135275 0.141722 0.148342 0.153466 0.153026 0.155991 0.159475 0.164543 0.169083 0.172867 0.175392 0.177952 0.183213 0.187028 0.18994 0.192014 0.193054 0.193159 0.194983 0.195134 0.195641 0.195474 0.195581 0.194798 0.19446 0.195273 0.195024 0.195258 0.19639 0.195814 0.196719 0.19841 0.197794 0.19733 0.197355 0.197036 0.196765 0.196686 0.196613 0.196823 0.197322 0.198092 0.199012 0.200005 0.201031 0.201951 0.202219 0.201279 0.201062
-9999 -9999 -9999 -9999 -9999 -9999 -9999 -9999 0.148267 0.149443 0.14206 0.141206 0.140562 0.138959 0.137665 0.135662 0.133313 0.131877 0.130357 0.12932 0.129569 0.136561 0.143608 0.149415 0.154744 0.155015 0.157984 0.16256 0.168114 0.171624 0.175088 0.17816 0.180723 0.182563 0.185289 0.189196 0.191911 0.193645 0.194782 0.194893 0.195479 0.195808 0.195864 0.196086 0.19618 0.196378 0.195819 0.196804 0.196631 0.197227 0.197296 0.197297 0.199003 0.198093 0.198 0.197854 0.197511 0.197603 0.197271 0.197218 0.197447 0.197941 0.198695 0.199635 0.200668 0.201693 0.202653 0.203233 0.203612 0.203024
-9999 -9999 -9999 -9999 -9999 -9999 -9999 -9999 0.148235 0.149477 0.141918 0.1424 0.141958 0.14163 0.13993 0.138163 0.136286 0.134484 0.133743 0.132374 0.131616 0.136651 0.144861 0.150697 0.154889 0.156925 0.162364 0.165944 0.170564 0.173181 0.176432 0.180945 0.182879 0.184266 0.186034 0.187608 0.191435 0.193475 0.194988 0.195697 0.196087 0.196312 0.196323 0.19629 0.195202 0.196579 0.196904 0.197198 0.19746 0.197737 0.197892 0.197938 0.199827 0.199422 0.198639 0.198605 0.198977 0.198485 0.198195 0.198152 0.198382 0.19889 0.199631 0.20063 0.201578 0.202592 0.203532 0.204082 0.204607 0.204854
-9999 -9999 -9999 -9999 -9999 -9999 -9999 -9999 0.14554 0.148416 0.143315 0.143767 0.14507 0.143825 0.142521 0.140719 0.139631 0.138409 0.137955 0.13753 0.136814 0.137781 0.141305 0.14943 0.156391 0.161668 0.165671 0.168808 0.171935 0.17564 0.179293 0.183133 0.186003 0.186314 0.188933 0.189405 0.192481 0.19332 0.193486 0.1962 0.196361 0.196377 0.19562 0.194814 0.195367 0.195109 0.196036 0.195679 0.196818 0.197806 0.198324 0.198494 0.200536 0.200287 0.199815 0.200708 0.200137 0.19968 0.19942 0.199405 0.199653 0.20014 0.200863 0.201778 0.202891 0.20392 0.204628 0.205108 0.205616 0.205865
-9999 -9999 -9999 -9999 -9999 -9999 -9999 -9999 0.149134 0.142366 0.144558 0.146741 0.147175 0.146141 0.145535 0.144471 0.143478 0.142487 0.14184 0.141672 0.141211 0.141902 0.147027 0.149944 0.155662 0.161686 0.166768 0.170445 0.173867 0.178934 0.181958 0.186473 0.187882 0.190205 0.190663 0.190314 0.193685 0.194565 0.194589 0.196169 0.19637 0.194719 0.193547 0.19372 0.195049 0.194676 0.194999 0.194907 0.195954 0.197956 0.197889 0.198199 0.201327 0.201128 0.202525 0.202018 0.201528 0.201151 0.200939 0.200963 0.20123 0.201703 0.202395 0.203244 0.204153 0.205338 0.206238 0.206635 0.206775 0.207025
-9999 -9999 -9999 -9999 -9999 -9999 -9999 -9999 0.153266 0.143573 0.145532 0.148986 0.149761 0.149337 0.148883 0.148125 0.147155 0.146786 0.146644 0.146562 0.147434 0.14806 0.148446 0.155186 0.155636 0.161573 0.166879 0.171566 0.175042 0.177879 0.183068 0.186171 0.190879 0.191201 0.192146 0.192479 0.194755 0.195417 0.195888 0.196228 0.194982 0.193102 0.191703 0.193441 0.193663 0.194833 0.193505 0.195643 0.197387 0.198242 0.197654 0.197299 0.201837 0.203956 0.203754 0.203457 0.203153 0.202848 0.202734 0.202784 0.203053 0.20353 0.204178 0.204964 0.205814 0.206669 0.207838 0.208103 0.20856 0.209286
-9999 -9999 -9999 -9999 -9999 -9999 -9999 -9999 -9999 0.145693 0.150336 0.152644 0.15336 0.153435 0.153081 0.152427 0.151855 0.151703 0.151886 0.152127 0.152584 0.152729 0.153732 0.157411 0.157176 0.162034 0.16603 0.171446 0.175323 0.177234 0.179506 0.186766 0.190507 0.192177 0.193437 0.194418 0.195217 0.195744 0.195918 0.195309 0.19235 0.192129 0.191288 0.191985 0.191881 0.194082 0.194085 0.19625 0.197497 0.198261 0.197252 0.200989 0.204974 0.205425 0.20502 0.205107 0.204953 0.204778 0.20473 0.204825 0.20512 0.205588 0.2062 0.207237 0.208062 0.208896 0.210173 0.210296 0.210622 0.210795
-9999 -9999 -9999 -9999 -9999 -9999 -9999 -9999 -9999 0.149887 0.152879 0.155986 0.156263 0.156628 0.156998 0.156515 0.155849 0.155611 0.155787 0.156321 0.156302 0.156682 0.157423 0.159328 0.162148 0.161853 0.165943 0.171653 0.174972 0.177374 0.183022 0.184192 0.188354 0.191892 0.193394 0.194348 0.192998 0.19428 0.193727 0.192662 0.192779 0.192621 0.191665 0.193038 0.192562 0.193737 0.194314 0.195868 0.196932 0.19855 0.197792 0.2015 0.205751 0.206509 0.206381 0.207075 0.207224 0.207208 0.207241 0.207411 0.207727 0.20821 0.208805 0.209495 0.210233 0.210947 0.211554 0.212542 0.210584 0.210813
-9999 -9999 -9999 -9999 -9999 -9999 -9999 -9999 -9999 0.153766 0.155658 0.158442 0.160282 0.159652 0.160348 0.16064 0.159988 0.159605 0.159566 0.160244 0.159876 0.159641 0.160003 0.160287 0.162738 0.166235 0.167595 0.17194 0.174699 0.176641 0.18368 0.18628 0.189553 0.191876 0.193411 0.194326 0.194785 0.195332 0.195168 0.195462 0.194859 0.193541 0.193439 0.194636 0.193269 0.194172 0.195717 0.195646 0.197711 0.199009 0.197967 0.205949 0.20758 0.208401 0.209058 0.209337 0.209434 0.209642 0.209747 0.209971 0.210311 0.21076 0.211316 0.211918 0.212564 0.213057 0.213421 0.212416 0.212135 0.21246
-9999 -9999 -9999 -9999 -9999 -9999 -9999 -9999 -9999 0.157824 0.159524 0.161931 0.163119 0.162799 0.163756 0.164755 0.164547 0.164114 0.164429 0.164559 0.164232 0.164003 0.163837 0.164707 0.164625 0.168386 0.168566 0.172307 0.175163 0.18273 0.184002 0.186799 0.189422 0.191235 0.193544 0.194619 0.195229 0.194574 0.194628 0.195694 0.196107 0.196283 0.195672 0.196388 0.196318 0.196784 0.197284 0.197013 0.198507 0.199314 0.203011 0.20882 0.209898 0.210635 0.21126 0.211506 0.211821 0.212219 0.212432 0.212706 0.213055 0.213496 0.213988 0.214478 0.215005 0.215232 0.215149 0.214455 0.212912 0.214419
-9999 -9999 -9999 -9999 -9999 -9999 -9999 -9999 -9999 0.161109 0.163012 0.165035 0.165516 0.165141 0.167377 0.168753 0.168706 0.168575 0.16863 0.167616 0.168589 0.169333 0.16905 0.168208 0.167254 0.169053 0.173165 0.172607 0.175139 0.181943 0.182914 0.184989 0.188032 0.190773 0.193455 0.194895 0.19541 0.193926 0.192242 0.19421 0.196248 0.197038 0.197489 0.197072 0.197549 0.198091 0.198094 0.197162 0.198588 0.199863 0.209309 0.210422 0.211754 0.212862 0.21293 0.213374 0.214313 0.214963 0.21526 0.215589 0.215972 0.216384 0.216827 0.217176 0.217528 0.217765 0.216595 0.215991 0.21378 0.216733
-9999 -9999 -9999 -9999 -9999 -9999 -9999 -9999 -9999 0.164059 0.165261 0.167212 0.167669 0.168849 0.170994 0.172007 0.172543 0.172655 0.172728 0.172483 0.172714 0.172674 0.172069 0.171001 0.169786 0.169488 0.171615 0.172337 0.17903 0.181559 0.182119 0.184695 0.187727 0.191488 0.194056 0.195274 0.196089 0.196494 0.195512 0.194128 0.194973 0.196938 0.196884 0.196715 0.198263 0.199142 0.19925 0.199625 0.200247 0.204384 0.210455 0.211591 0.213229 0.215262 0.215982 0.216396 0.21742 0.217837 0.218226 0.218627 0.219016 0.219415 0.219817 0.220125 0.220283 0.219606 0.219044 0.218073 0.218214 0.219937
-9999 -9999 -9999 -9999 -9999 -9999 -9999 -9999 -9999 0.166417 0.167943 0.169747 0.17148 0.173189 0.174712 0.174639 0.175544 0.175606 0.176331 0.176539 0.176344 0.176229 0.175607 0.173665 0.17226 0.170714 0.172465 0.177262 0.181955 0.182115 0.181168 0.184805 0.18861 0.192093 0.194418 0.194397 0.196352 0.197157 0.197336 0.196876 0.195693 0.19663 0.196025 0.196939 0.198761 0.200099 0.201092 0.201753 0.201639 0.206347 0.212237 0.213297 0.215045 0.216944 0.218746 0.219562 0.220338 0.220859 0.22133 0.221779 0.222187 0.22255 0.222863 0.223094 0.222522 0.221762 0.2214 0.220766 0.220917 0.221513
