Test_Spring_2018/01_18/Prec/20180116_012.txt
ncols	170
nrows	115
xllcorner	350000.000000
yllcorner	4445000.000000
cellsize	1000.000000
nodata_value	-9999.000000
[rows 31 to 61 of 115, columns 71 to 141 of 170]
0.331595 0.334474 0.332919 0.335112 0.353186 0.36017 0.36329 0.369917 0.372879 0.37299 0.375356 0.375957 0.37422 0.375077 0.368986 0.343131 0.353232 0.358272 0.351881 0.358195 0.367424 0.362881 0.345813 0.339945 0.329323 0.337859 0.349451 0.341676 -9999 -9999 -9999 -9999 -9999 -9999 -9999 -9999 -9999 -9999 -9999 -9999 -9999 -9999 -9999 -9999 -9999 -9999 -9999 -9999 -9999 -9999 -9999 -9999 -9999 -9999 -9999 -9999 -9999 -9999 -9999 -9999 -9999 -9999 -9999 -9999 -9999 -9999 -9999 -9999 -9999 -9999 -9999
0.322673 0.324007 0.322821 0.329522 0.336125 0.347449 0.353632 0.363399 0.36697 0.36809 0.365875 0.367044 0.367942 0.369454 0.364872 0.347114 0.331173 0.34302 0.345296 0.34061 0.354805 0.350682 0.336488 0.315669 0.33135 0.331177 0.332154 0.324753 -9999 -9999 -9999 -9999 -9999 -9999 -9999 -9999 -9999 -9999 -9999 -9999 -9999 -9999 -9999 -9999 -9999 -9999 -9999 -9999 -9999 -9999 -9999 -9999 -9999 -9999 -9999 -9999 -9999 -9999 -9999 -9999 -9999 -9999 -9999 -9999 -9999 -9999 -9999 -9999 -9999 -9999 -9999
0.31221 0.312504 0.313332 0.32254 0.324944 0.33664 0.349519 0.356345 0.360741 0.363224 0.364042 0.365013 0.365666 0.36268 0.357019 0.342189 0.323827 0.321408 0.333805 0.336616 0.340672 0.337436 0.332891 0.324424 0.336936 0.34391 0.338121 0.333625 0.32964 -9999 -9999 -9999 -9999 -9999 -9999 -9999 -9999 -9999 -9999 -9999 -9999 -9999 -9999 -9999 -9999 -9999 -9999 -9999 -9999 -9999 -9999 -9999 -9999 -9999 -9999 -9999 -9999 -9999 -9999 -9999 -9999 -9999 -9999 -9999 -9999 -9999 -9999 -9999 -9999 -9999 -9999
0.29994 0.299821 0.295652 0.302466 0.308391 0.332079 0.33745 0.342008 0.353741 0.356673 0.35946 0.358931 0.358915 0.356903 0.351488 0.342642 0.331466 0.310259 0.327289 0.341271 0.343705 0.345979 0.343947 0.336244 0.348869 0.352886 0.339635 0.341174 0.334394 0.332965 -9999 -9999 -9999 -9999 -9999 -9999 -9999 -9999 -9999 -9999 -9999 -9999 -9999 -9999 -9999 -9999 -9999 -9999 -9999 -9999 -9999 -9999 -9999 -9999 -9999 -9999 -9999 -9999 -9999 -9999 -9999 -9999 -9999 -9999 -9999 -9999 -9999 -9999 -9999 -9999 -9999
0.285725 0.286156 0.280962 0.288215 0.296943 0.314653 0.329471 0.338006 0.34407 0.349923 0.352724 0.352003 0.344089 0.34508 0.347029 0.342039 0.32899 0.316051 0.314691 0.334898 0.34289 0.345099 0.352412 0.346734 0.354904 0.356994 0.351159 0.342885 0.344227 0.341018 0.331931 -9999 -9999 -9999 -9999 -9999 -9999 -9999 -9999 -9999 -9999 -9999 -9999 -9999 -9999 -9999 -9999 -9999 -9999 -9999 -9999 -9999 -9999 -9999 -9999 -9999 -9999 -9999 -9999 -9999 -9999 -9999 -9999 -9999 -9999 -9999 -9999 -9999 -9999 -9999 -9999
-9999 -9999 -9999 0.271484 0.289519 0.296751 0.318004 0.329944 0.336991 0.343592 0.346377 0.341973 0.340988 0.343036 0.340492 0.334284 0.33134 0.324178 0.316827 0.323724 0.341849 0.338808 0.353112 0.356226 0.362317 0.359554 0.346978 0.335305 0.340374 0.337982 0.331217 -9999 -9999 -9999 -9999 -9999 -9999 -9999 -9999 -9999 -9999 -9999 -9999 -9999 -9999 -9999 -9999 -9999 -9999 -9999 -9999 -9999 -9999 -9999 -9999 -9999 -9999 -9999 -9999 -9999 -9999 -9999 -9999 -9999 -9999 -9999 -9999 -9999 -9999 -9999 -9999
-9999 -9999 -9999 -9999 0.28155 0.287605 0.302199 0.322212 0.328258 0.336884 0.339898 0.339822 0.340128 0.339335 0.337572 0.333349 0.328626 0.322056 0.324089 0.336796 0.34048 0.342394 0.348139 0.35744 0.360755 0.350641 0.33695 0.331303 0.329006 0.323443 0.327047 0.323272 -9999 -9999 -9999 -9999 -9999 -9999 -9999 -9999 -9999 -9999 -9999 -9999 0.34169 -9999 -9999 -9999 -9999 -9999 -9999 -9999 -9999 -9999 -9999 -9999 -9999 -9999 -9999 -9999 -9999 -9999 -9999 -9999 -9999 0.225264 -9999 -9999 -9999 -9999 -9999
-9999 -9999 -9999 0.261985 0.277117 0.287289 0.298529 0.31282 0.321531 0.331011 0.334064 0.334648 0.334638 0.331711 0.332397 0.330744 0.325296 0.326268 0.332315 0.337129 0.342578 0.347819 0.351613 0.35453 0.35707 0.352015 0.348203 0.34711 0.335372 0.340832 0.334961 0.324082 0.31569 -9999 -9999 -9999 -9999 -9999 -9999 -9999 0.341693 0.339518 0.337648 0.338061 0.343251 0.335069 -9999 -9999 -9999 -9999 -9999 -9999 -9999 -9999 -9999 -9999 -9999 -9999 -9999 -9999 -9999 -9999 -9999 -9999 -9999 0.228203 0.214778 -9999 -9999 -9999 -9999
-9999 -9999 -9999 0.259984 0.272905 0.282109 0.293706 0.302058 0.318149 0.323824 0.328733 0.330763 0.330298 0.328331 0.329977 0.326683 0.325996 0.326508 0.333668 0.338018 0.34041 0.34289 0.346061 0.34617 0.351195 0.352061 0.351998 0.348238 0.343942 0.347411 0.332538 0.31752 0.305466 -9999 -9999 -9999 -9999 -9999 -9999 0.34395 0.34935 0.351553 0.340569 0.34511 0.348529 0.343654 0.323119 -9999 -9999 -9999 -9999 -9999 -9999 -9999 -9999 -9999 -9999 -9999 -9999 -9999 -9999 0.28147 0.26915 0.245586 0.232466 0.223479 0.211157 -9999 -9999 -9999 -9999
-9999 -9999 -9999 0.25191 0.266862 0.27881 0.289557 0.295582 0.305085 0.319657 0.323615 0.325692 0.3269 0.327603 0.324503 0.324052 0.319198 0.327862 0.330556 0.332565 0.330498 0.332673 0.327222 0.328329 0.330666 0.345984 0.345283 0.33703 0.324949 0.319183 0.323121 0.319391 0.309199 -9999 -9999 -9999 -9999 -9999 -9999 0.346345 0.352049 0.356015 0.35426 0.342483 0.350723 0.337151 0.325098 0.317882 0.317439 0.314156 0.308976 0.306447 0.302521 0.294173 0.292605 -9999 -9999 -9999 -9999 0.280258 0.279427 0.278689 0.273098 0.247852 0.229891 0.213149 0.200816 -9999 -9999 -9999 -9999
-9999 -9999 -9999 0.251046 0.26381 0.273625 0.280651 0.290721 0.29984 0.314404 0.316489 0.318229 0.319602 0.320586 0.320095 0.317725 0.319817 0.321528 0.322149 0.313421 0.303413 0.314436 0.315574 0.303564 0.322831 0.337637 0.336715 0.326148 0.312546 0.3217 0.327724 0.321683 0.308434 -9999 -9999 -9999 0.326011 0.336446 0.336744 0.338553 0.346336 0.351183 0.357422 0.357602 0.352134 0.336058 0.32351 0.310012 0.305924 0.311993 0.308384 0.304403 0.300025 0.291465 0.282467 0.281981 0.280559 0.278422 0.27574 0.27418 0.273421 0.272122 0.266957 0.249503 0.235948 0.226297 0.19429 -9999 -9999 -9999 -9999
-9999 -9999 -9999 0.248999 0.2618 0.273043 0.27782 0.284515 0.29326 0.299513 0.312512 0.314879 0.312437 0.31636 0.316613 0.316797 0.316713 0.316667 0.308951 0.298224 0.288341 0.286909 0.294603 0.290462 0.301295 0.316467 0.326101 0.3199 0.308934 0.312882 0.32267 0.311645 0.299475 -9999 -9999 0.307316 0.328078 0.342183 0.348734 0.349538 0.347582 0.353976 0.351147 0.356925 0.348652 0.323565 0.318554 0.309679 0.305649 0.295124 0.289493 0.291176 0.289996 0.285663 0.280882 0.279072 0.276364 0.274129 0.272434 0.26988 0.269855 0.269409 0.266153 0.249694 0.240769 0.223557 0.187433 -9999 -9999 -9999 -9999
-9999 -9999 -9999 0.24524 0.25902 0.272411 0.280431 0.290365 0.29015 0.293388 0.302236 0.311764 0.310197 0.308819 0.312608 0.31275 0.313079 0.313781 0.306501 0.298687 0.286163 0.280985 0.279806 0.282338 0.280726 0.292146 0.298331 0.304164 0.313629 0.32123 0.325568 0.321053 0.307947 0.301634 -9999 0.311068 0.32104 0.33783 0.351235 0.358597 0.352883 0.360152 0.358078 0.358642 0.349445 0.3292 0.310714 0.302857 0.294275 0.29399 0.293131 0.290695 0.286082 0.282137 0.277886 0.274574 0.271794 0.269783 0.268569 0.267771 0.267349 0.266814 0.265497 0.257684 0.243043 0.224447 0.186851 -9999 -9999 -9999 -9999
-9999 -9999 0.210601 0.24046 0.258258 0.270214 0.280183 0.288659 0.295326 0.300819 0.301664 0.30511 0.309832 0.303087 0.303607 0.304887 0.309301 0.310192 0.311448 0.308573 0.292408 0.289771 0.28514 0.278781 0.279481 0.290042 0.309091 0.316807 0.317736 0.317681 0.32074 0.324487 0.318316 0.301373 0.306316 0.318001 0.326261 0.337734 0.354201 0.364504 0.367136 0.365503 0.364807 0.361551 0.342979 0.325585 0.31543 0.303549 0.294866 0.286935 0.28361 0.280826 0.282159 0.278407 0.274009 0.270577 0.267928 0.266184 0.265294 0.264914 0.264716 0.264796 0.264664 0.259058 0.247344 0.213576 0.18681 -9999 -9999 -9999 -9999
-9999 -9999 -9999 0.234583 0.248583 0.258945 0.268767 0.27894 0.288245 0.297761 0.301411 0.306151 0.305109 0.301909 0.29463 0.300403 0.302947 0.306335 0.308314 0.310601 0.29664 0.292869 0.292108 0.286541 0.297959 0.310557 0.319458 0.325587 0.318829 0.312033 0.308699 0.298905 0.304288 0.303322 0.311654 0.320338 0.337867 0.349467 0.353149 0.35443 0.36896 0.369266 0.360407 0.357835 0.343939 0.329166 0.315656 0.308145 0.299004 0.290581 0.269749 0.275997 0.269696 0.271947 0.270839 0.267545 0.264959 0.263443 0.262618 0.262473 0.262639 0.263026 0.259791 0.254368 0.245185 0.20991 0.186059 -9999 -9999 -9999 -9999
-9999 -9999 -9999 -9999 -9999 0.254061 0.265297 0.274168 0.282852 0.29621 0.301681 0.305082 0.305977 0.303324 0.296414 0.294098 0.295259 0.289201 0.296503 0.306512 0.310272 0.314544 0.305777 0.304672 0.32006 0.326277 0.323838 0.324116 0.324639 0.315758 0.317317 0.30563 0.297932 0.30312 0.323588 0.341034 0.358885 0.366331 0.361166 0.363415 0.366166 0.370434 0.368459 0.359652 0.344817 0.330267 0.313675 0.311283 0.302704 0.29063 0.279502 0.273708 0.270677 0.26611 0.267643 0.265401 0.263027 0.26151 0.26088 0.260861 0.261204 0.257734 0.256193 0.253976 0.250864 0.214468 0.18102 -9999 -9999 -9999 -9999
-9999 -9999 -9999 -9999 -9999 0.24677 0.257131 0.268715 0.285548 0.295641 0.301045 0.302763 0.304586 0.302682 0.29619 0.289527 0.283426 0.276251 0.281945 0.295921 0.306477 0.312346 0.305397 0.319022 0.324404 0.327951 0.322224 0.320769 0.32466 0.316901 0.317056 0.312206 0.301691 0.315329 0.328505 0.342632 0.362714 0.375032 0.378449 0.371196 0.37214 0.377537 0.370393 0.356007 0.347606 0.329829 0.310218 0.310618 0.304016 0.292693 0.284844 0.276931 0.271316 0.268052 0.265844 0.263955 0.261712 0.260336 0.259765 0.259882 0.258698 0.257595 0.256009 0.253616 0.250421 0.225465 0.179559 -9999 -9999 -9999 -9999
-9999 -9999 -9999 -9999 -9999 -9999 0.24934 0.266409 0.286856 0.294832 0.297622 0.302489 0.303552 0.300684 0.297759 0.289717 0.279184 0.259709 0.266018 0.278947 0.29779 0.310717 0.315825 0.318011 0.318194 0.308151 0.301005 0.308622 0.315787 0.312926 0.316663 0.310619 0.326194 0.341526 0.356447 0.365231 0.365885 0.376568 0.383596 0.376805 0.378832 0.380559 0.369451 0.358897 0.348019 0.329466 0.31914 0.309714 0.305935 0.292905 0.286943 0.279995 0.272842 0.268307 0.265169 0.263324 0.261265 0.259979 0.259556 0.259107 0.258601 0.257405 0.255545 0.252958 0.249576 0.243731 0.215219 0.197643 -9999 -9999 -9999
-9999 -9999 -9999 -9999 -9999 -9999 0.24027 0.252273 0.275313 0.284958 0.295749 0.301734 0.302838 0.298102 0.295104 0.283375 0.279592 0.261564 0.254672 0.264012 0.264816 0.290475 0.314941 0.317308 0.287629 0.282524 0.281898 0.293847 0.303617 0.309898 0.305575 0.308349 0.333318 0.350764 0.364461 0.37462 0.377603 0.377827 0.389374 0.388316 0.387705 0.380406 0.373243 0.358081 0.344816 0.334261 0.320072 0.309551 0.306081 0.291337 0.288426 0.28101 0.272659 0.266928 0.26594 0.263338 0.261508 0.259703 0.259344 0.258827 0.258012 0.256844 0.25482 0.251917 0.248496 0.244221 0.233613 0.217627 0.208388 0.206965 -9999
-9999 -9999 -9999 -9999 -9999 -9999 -9999 0.236126 0.265702 0.280873 0.289788 0.299925 0.301974 0.299183 0.294593 0.283074 0.273037 0.25708 0.239432 0.232249 0.265266 0.295603 0.314748 0.319022 0.295258 0.291063 0.299179 0.315551 0.318891 0.323812 0.324114 0.32767 0.328749 0.33885 0.355774 0.367643 0.379539 0.386813 0.385703 0.386457 0.38556 0.379476 0.372812 0.363672 0.35406 0.333601 0.328286 0.31498 0.307871 0.298025 0.288992 0.281562 0.27146 0.268729 0.266814 0.26428 0.260031 0.259443 0.259071 0.258462 0.257327 0.255726 0.25352 0.250591 0.246882 0.242688 0.234316 0.227766 0.215956 0.202063 0.18614
-9999 -9999 -9999 -9999 -9999 -9999 -9999 0.224315 0.25347 0.269002 0.286946 0.295344 0.300044 0.300471 0.297026 0.288516 0.275685 0.265375 0.245658 0.225888 0.257571 0.293119 0.313429 0.320574 0.300592 0.315449 0.317797 0.328816 0.32705 0.331666 0.343162 0.343128 0.34168 0.338224 0.335192 0.361255 0.37486 0.384305 0.386958 0.385823 0.381738 0.377355 0.36893 0.351159 0.349952 0.335848 0.325787 0.315866 0.3068 0.297935 0.289615 0.283117 0.276918 0.269475 0.265247 0.260434 0.259549 0.258973 0.258365 0.257485 0.256197 0.254302 0.251786 0.248724 0.244926 0.240623 0.232288 0.22697 0.221352 0.214512 0.195154
-9999 -9999 -9999 -9999 -9999 -9999 -9999 0.191125 0.230783 0.2603 0.278324 0.2928 0.297701 0.299962 0.295466 0.292094 0.283232 0.27515 0.262724 0.244117 0.234188 0.25807 0.296288 0.320049 0.324682 0.330967 0.33182 0.333773 0.341341 0.350248 0.357877 0.353732 0.347061 0.343893 0.344438 0.364595 0.368973 0.368118 0.384522 0.381229 0.375251 0.362056 0.350918 0.3444 0.332786 0.323155 0.308746 0.305463 0.301879 0.296011 0.288975 0.28293 0.272291 0.268097 0.26148 0.259889 0.25875 0.257896 0.25708 0.256 0.25436 0.252259 0.249736 0.246093 0.24207 0.238185 0.229874 0.224788 0.219501 0.214389 0.207562
-9999 -9999 -9999 -9999 -9999 -9999 -9999 0.190355 0.224051 0.252993 0.271347 0.288021 0.293058 0.299107 0.298947 0.295655 0.28827 0.279082 0.269209 0.25355 0.243089 0.262076 0.285152 0.306279 0.316998 0.329557 0.336161 0.342015 0.346383 0.352808 0.366525 0.366076 0.353319 0.351924 0.346126 0.367759 0.371724 0.369145 0.376785 0.373259 0.354984 0.338627 0.330518 0.334021 0.319928 0.30554 0.296153 0.292616 0.296693 0.280124 0.274651 0.275176 0.271413 0.262555 0.260361 0.258635 0.257361 0.256232 0.255184 0.253904 0.252009 0.249719 0.246924 0.243432 0.239047 0.234558 0.225876 0.222073 0.217184 0.212396 0.207471
-9999 -9999 -9999 -9999 -9999 -9999 -9999 0.185745 0.215498 0.241562 0.26676 0.284314 0.292225 0.298056 0.299079 0.295349 0.292281 0.28707 0.278657 0.273829 0.264552 0.251509 0.282617 0.291541 0.303466 0.308181 0.32265 0.329745 0.333885 0.351016 0.36155 0.359363 0.355106 0.356923 0.355502 0.368632 0.370315 0.370218 0.368349 0.353972 0.333753 0.315642 0.318787 0.310079 0.312014 0.286157 0.282939 0.283794 0.279319 0.271275 0.26122 0.270517 0.261316 0.259549 0.258017 0.256749 0.255148 0.253985 0.252562 0.250959 0.248991 0.246504 0.243581 0.240145 0.236294 0.231185 0.222636 0.217714 0.205447 0.20093 0.198987
-9999 -9999 -9999 -9999 -9999 -9999 -9999 -9999 0.198439 0.231102 0.259356 0.275908 0.286801 0.292793 0.294122 0.29297 0.29141 0.288726 0.283057 0.275897 0.263974 0.256276 0.266477 0.273976 0.279189 0.290095 0.311932 0.323864 0.323102 0.319404 0.328885 0.347315 0.352658 0.356459 0.359218 0.363873 0.363888 0.36099 0.351747 0.324675 0.312419 0.297739 0.292934 0.281465 0.290491 0.274024 0.277691 0.275372 0.27054 0.254247 0.251743 0.250566 0.25165 0.247954 0.248627 0.25391 0.252313 0.25083 0.249149 0.247402 0.245304 0.242755 0.234671 0.230839 0.226675 0.220593 0.212052 0.206377 0.201249 0.195863 0.193618
-9999 -9999 -9999 -9999 -9999 -9999 -9999 -9999 0.194578 0.225799 0.258135 0.269879 0.281287 0.291129 0.292699 0.290341 0.288148 0.285938 0.283425 0.274367 0.266032 0.258647 0.258511 0.264371 0.262773 0.276546 0.302558 0.312382 0.316792 0.303201 0.301875 0.32362 0.342306 0.347524 0.349579 0.335496 0.340231 0.331401 0.318185 0.312491 0.303752 0.288214 0.288387 0.274506 0.271908 0.264686 0.264309 0.260942 0.262392 0.247919 0.243584 0.241686 0.244011 0.24118 0.245014 0.245214 0.243991 0.242379 0.240613 0.23852 0.236155 0.233243 0.229903 0.226179 0.221993 0.217202 0.208799 0.188617 0.184437 0.183816 0.18341
-9999 -9999 -9999 -9999 -9999 -9999 -9999 -9999 0.198989 0.220991 0.24952 0.270942 0.273797 0.284772 0.291025 0.288333 0.285158 0.281978 0.281558 0.271514 0.260637 0.252668 0.243206 0.248763 0.261705 0.274632 0.292819 0.300404 0.303065 0.297507 0.307055 0.322719 0.332695 0.337895 0.339233 0.337557 0.336446 0.329859 0.325931 0.314757 0.297543 0.288107 0.287123 0.267054 0.262752 0.262799 0.251054 0.254971 0.254117 0.237468 0.232486 0.238704 0.240423 0.242027 0.24163 0.240241 0.239522 0.23754 0.235557 0.233333 0.23076 0.2279 0.224511 0.220881 0.215948 0.210266 0.1953 0.180364 0.177384 0.178886 0.180084
-9999 -9999 -9999 -9999 -9999 -9999 -9999 -9999 0.203637 0.223094 0.247624 0.263038 0.266866 0.278667 0.289253 0.289405 0.286 0.285953 0.282672 0.27438 0.265331 0.255591 0.252484 0.242087 0.259083 0.26713 0.282805 0.292718 0.288836 0.28841 0.299975 0.311276 0.317618 0.328176 0.330307 0.329275 0.319076 0.313611 0.31484 0.310689 0.304034 0.290923 0.286549 0.275886 0.268576 0.261229 0.248222 0.24799 0.243419 0.230139 0.236431 0.237715 0.237675 0.237775 0.235846 0.23478 0.234323 0.232245 0.23003 0.227611 0.225041 0.222072 0.218478 0.214753 0.208761 0.200696 0.188689 0.164777 0.170747 0.17737 0.171222
-9999 -9999 -9999 -9999 -9999 -9999 -9999 -9999 0.202022 0.221965 0.24264 0.251849 0.25422 0.274298 0.28699 0.288061 0.287 0.28571 0.275255 0.277667 0.277264 0.268574 0.255198 0.240586 0.245513 0.258621 0.271577 0.280668 0.27019 0.26846 0.275415 0.290027 0.303098 0.316205 0.320699 0.318651 0.302156 0.28389 0.291298 0.29857 0.29619 0.290636 0.278138 0.271397 0.264615 0.253631 0.233842 0.234826 0.233194 0.230648 0.230053 0.232032 0.233396 0.228171 0.226318 0.228467 0.228729 0.226403 0.224027 0.221624 0.218943 0.216003 0.212012 0.207799 0.202697 0.187645 0.176976 0.159472 0.164998 0.168612 0.15196
-9999 -9999 -9999 -9999 -9999 -9999 -9999 -9999 0.197618 0.211768 0.231016 0.239101 0.251717 0.270415 0.280028 0.285133 0.286034 0.285486 0.281523 0.279929 0.275482 0.266225 0.253064 0.238447 0.23016 0.239161 0.255681 0.256515 0.254002 0.250118 0.261211 0.276059 0.29655 0.308804 0.311552 0.311432 0.308206 0.294729 0.277913 0.276467 0.28238 0.273118 0.262309 0.263132 0.258585 0.248082 0.239221 0.232034 0.219041 0.221053 0.219511 0.222414 0.229025 0.227054 0.223602 0.225085 0.222595 0.220111 0.217744 0.215201 0.212568 0.209752 0.2061 0.201271 0.19045 0.180539 0.167908 0.16355 0.164181 0.15984 0.149819
-9999 -9999 -9999 -9999 -9999 -9999 -9999 -9999 0.188944 0.20482 0.222284 0.238723 0.254391 0.268031 0.269488 0.277146 0.277943 0.282667 0.282879 0.279455 0.27592 0.26815 0.250425 0.236144 0.220561 0.228415 0.251112 0.250707 0.244407 0.230465 0.249679 0.270393 0.289061 0.299616 0.293431 0.301359 0.300856 0.295541 0.285194 0.269098 0.26752 0.25417 0.250947 0.253492 0.251888 0.247244 0.239803 0.226574 0.216375 0.215362 0.211958 0.214205 0.218342 0.2226 0.220576 0.218989 0.216177 0.21349 0.211012 0.208486 0.205788 0.20282 0.199298 0.190048 0.179465 0.171777 0.162206 0.158372 0.164957 0.156705 0.14486
