Test_Spring_2018/01_18/Prec/20180103_000.txt
ncols	170
nrows	115
xllcorner	350000.000000
yllcorner	4445000.000000
cellsize	1000.000000
nodata_value	-9999.000000
[rows 31 to 61 of 115, columns 70 to 139 of 170]
0 0 0 0 0 0 0 0 0.107743 0.108689 0.109299 0.110145 0.110783 0.111163 0.111853 0.11181 0.109625 0.111552 0.113031 0.11337 0.115283 0.117685 0.118714 0.118506 0.119698 0.120488 0.128841 0.136026 0.137491 -9999 -9999 -9999 -9999 -9999 -9999 -9999 -9999 -9999 -9999 -9999 -9999 -9999 -9999 -9999 -9999 -9999 -9999 -9999 -9999 -9999 -9999 -9999 -9999 -9999 -9999 -9999 -9999 -9999 -9999 -9999 -9999 -9999 -9999 -9999 -9999 -9999 -9999 -9999 -9999 -9999
0 0 0 0 0 0 0 0.101894 0.107073 0.10822 0.109074 0.109535 0.110361 0.111154 0.112027 0.112251 0.111055 0.110136 0.112418 0.113745 0.114423 0.117351 0.118376 0.118417 0.11785 0.121477 0.123425 0.13481 0.141654 -9999 -9999 -9999 -9999 -9999 -9999 -9999 -9999 -9999 -9999 -9999 -9999 -9999 -9999 -9999 -9999 -9999 -9999 -9999 -9999 -9999 -9999 -9999 -9999 -9999 -9999 -9999 -9999 -9999 -9999 -9999 -9999 -9999 -9999 -9999 -9999 -9999 -9999 -9999 -9999 -9999
0 0 0 0 0 0 0 0.101341 0.106283 0.107659 0.108795 0.109719 0.110639 0.111511 0.111978 0.112164 0.111364 0.110227 0.110948 0.113421 0.114934 0.116708 0.117795 0.118865 0.119617 0.122822 0.125495 0.132278 0.14343 0.147297 -9999 -9999 -9999 -9999 -9999 -9999 -9999 -9999 -9999 -9999 -9999 -9999 -9999 -9999 -9999 -9999 -9999 -9999 -9999 -9999 -9999 -9999 -9999 -9999 -9999 -9999 -9999 -9999 -9999 -9999 -9999 -9999 -9999 -9999 -9999 -9999 -9999 -9999 -9999 -9999
0 0 0 0 0 0 0 0.103059 0.104627 0.106964 0.108282 0.109546 0.110406 0.111299 0.111957 0.112239 0.11216 0.111864 0.110509 0.113509 0.116267 0.117845 0.119526 0.120847 0.121652 0.124835 0.127142 0.138499 0.147085 0.148522 0.150492 -9999 -9999 -9999 -9999 -9999 -9999 -9999 -9999 -9999 -9999 -9999 -9999 -9999 -9999 -9999 -9999 -9999 -9999 -9999 -9999 -9999 -9999 -9999 -9999 -9999 -9999 -9999 -9999 -9999 -9999 -9999 -9999 -9999 -9999 -9999 -9999 -9999 -9999 -9999
-9999 0 0 0 0 0 0 0 0.104083 0.105936 0.107714 0.109096 0.110035 0.110129 0.111191 0.112347 0.112736 0.112254 0.111834 0.112781 0.11623 0.11842 0.120083 0.122439 0.123463 0.126145 0.12824 0.135725 0.143515 0.150265 0.152042 0.153077 -9999 -9999 -9999 -9999 -9999 -9999 -9999 -9999 -9999 -9999 -9999 -9999 -9999 -9999 -9999 -9999 -9999 -9999 -9999 -9999 -9999 -9999 -9999 -9999 -9999 -9999 -9999 -9999 -9999 -9999 -9999 -9999 -9999 -9999 -9999 -9999 -9999 -9999
-9999 -9999 -9999 -9999 0 0 0 0 0.10306 0.10518 0.107177 0.108672 0.109293 0.110234 0.111465 0.112154 0.112425 0.113077 0.113301 0.11357 0.115523 0.11884 0.119916 0.123061 0.125085 0.127563 0.129154 0.137458 0.143175 0.150426 0.152328 0.153647 -9999 -9999 -9999 -9999 -9999 -9999 -9999 -9999 -9999 -9999 -9999 -9999 -9999 -9999 -9999 -9999 -9999 -9999 -9999 -9999 -9999 -9999 -9999 -9999 -9999 -9999 -9999 -9999 -9999 -9999 -9999 -9999 -9999 -9999 -9999 -9999 -9999 -9999
-9999 -9999 -9999 -9999 -9999 0 0 0 0.102065 0.10424 0.106603 0.108236 0.109426 0.11057 0.111519 0.11231 0.112801 0.113241 0.113512 0.11481 0.117397 0.119095 0.120732 0.122944 0.1257 0.127925 0.134692 0.136948 0.138738 0.149696 0.151304 0.153824 0.155395 -9999 -9999 -9999 -9999 -9999 -9999 -9999 -9999 -9999 -9999 -9999 -9999 0.181497 -9999 -9999 -9999 -9999 -9999 -9999 -9999 -9999 -9999 -9999 -9999 -9999 -9999 -9999 -9999 -9999 -9999 -9999 -9999 -9999 0.242519 -9999 -9999 -9999
-9999 -9999 -9999 -9999 0 0 0 0 0 0.103545 0.106147 0.107894 0.109235 0.110389 0.111118 0.112175 0.11293 0.113254 0.114329 0.116042 0.117723 0.119611 0.121633 0.123664 0.125767 0.127991 0.136662 0.138765 0.141204 0.146669 0.153828 0.15535 0.156158 0.157084 -9999 -9999 -9999 -9999 -9999 -9999 -9999 0.172523 0.174247 0.176237 0.178732 0.182013 0.184038 -9999 -9999 -9999 -9999 -9999 -9999 -9999 -9999 -9999 -9999 -9999 -9999 -9999 -9999 -9999 -9999 -9999 -9999 -9999 0.243421 0.244772 -9999 -9999
-9999 -9999 -9999 -9999 0 0 0 0 0 0.103264 0.105587 0.10765 0.10922 0.110354 0.111188 0.112325 0.112848 0.113647 0.114611 0.116397 0.117992 0.119527 0.121258 0.123265 0.125134 0.127746 0.137003 0.139697 0.142012 0.144245 0.155135 0.155725 0.156108 0.156625 -9999 -9999 -9999 -9999 -9999 -9999 0.171069 0.17338 0.175576 0.176577 0.179612 0.182824 0.185396 0.197219 -9999 -9999 -9999 -9999 -9999 -9999 -9999 -9999 -9999 -9999 -9999 -9999 -9999 -9999 0.240773 0.241284 0.240772 0.241699 0.243374 0.244958 -9999 -9999
-9999 -9999 -9999 -9999 0 0 0 0 0 0 0.105424 0.107483 0.109117 0.110455 0.111566 0.112121 0.11289 0.113141 0.114936 0.116155 0.117441 0.118461 0.120174 0.121274 0.123349 0.132066 0.136579 0.139405 0.141423 0.142985 0.148991 0.155331 0.157016 0.157737 -9999 -9999 -9999 -9999 -9999 -9999 0.171248 0.173521 0.175891 0.177955 0.179258 0.18316 0.194827 0.197507 0.200872 0.205048 0.20887 0.217044 0.224317 0.227014 0.228866 0.231122 -9999 -9999 -9999 -9999 0.238056 0.239396 0.240886 0.242054 0.241311 0.24171 0.242593 0.24905 -9999 -9999
-9999 -9999 -9999 -9999 0 0 0 0 0 0 0.105206 0.107605 0.109172 0.110468 0.111522 0.112261 0.112695 0.113599 0.114501 0.115387 0.115394 0.115472 0.118148 0.119985 0.121402 0.131158 0.13583 0.138859 0.140851 0.142464 0.150186 0.156519 0.15799 0.161212 -9999 -9999 -9999 0.167546 0.169678 0.170815 0.172347 0.174846 0.177372 0.178 0.180739 0.186721 0.194327 0.197305 0.200343 0.204494 0.209733 0.213738 0.225205 0.228008 0.22992 0.232109 0.233992 0.235447 0.236574 0.237486 0.238477 0.239621 0.240872 0.24195 0.24165 0.242557 0.24432 0.251032 -9999 -9999
-9999 -9999 -9999 -9999 0 0 0 0 0 0 0.102746 0.107657 0.109326 0.110179 0.111506 0.112238 0.112849 0.113393 0.113988 0.113851 0.113574 0.113642 0.114944 0.118081 0.119798 0.128245 0.133049 0.138046 0.144987 0.146956 0.150379 0.157392 0.160566 0.160738 -9999 -9999 0.164582 0.167631 0.169988 0.171669 0.172979 0.174341 0.177056 0.179195 0.182759 0.188244 0.194532 0.198586 0.200612 0.205179 0.210874 0.214782 0.223105 0.229175 0.231471 0.233243 0.234905 0.236085 0.237025 0.237845 0.238516 0.23955 0.24074 0.241925 0.242023 0.243405 0.247927 0.249857 -9999 -9999
-9999 -9999 -9999 -9999 0 0 0 0 0 0 0.102732 0.105658 0.109536 0.11046 0.111125 0.112152 0.112637 0.113099 0.113658 0.11347 0.113451 0.113196 0.114097 0.116233 0.11881 0.129842 0.134589 0.138788 0.142898 0.14728 0.152306 0.158617 0.160172 0.162184 0.162555 -9999 0.164974 0.166605 0.169064 0.171347 0.173279 0.174171 0.177004 0.179319 0.184911 0.187735 0.194658 0.199864 0.20403 0.208081 0.212922 0.2166 0.224527 0.22766 0.232398 0.234214 0.235622 0.236648 0.237422 0.238078 0.238725 0.239511 0.240526 0.241817 0.242837 0.246554 0.247686 0.249561 -9999 -9999
-9999 -9999 -9999 0 0 0 0 0 0 0.101406 0.105991 0.106349 0.108351 0.110949 0.11094 0.111498 0.111986 0.112777 0.113235 0.113902 0.114366 0.113675 0.115157 0.120152 0.122306 0.129572 0.134473 0.140352 0.144897 0.148522 0.15179 0.157775 0.16141 0.162305 0.162847 0.163989 0.16567 0.166895 0.168563 0.171029 0.173182 0.174963 0.176826 0.181205 0.184386 0.188879 0.196085 0.200308 0.204408 0.208815 0.213142 0.21771 0.225326 0.228787 0.231545 0.235028 0.23633 0.237219 0.237828 0.238304 0.238778 0.239389 0.240311 0.241626 0.245078 0.24653 0.244297 0.247131 -9999 -9999
-9999 -9999 -9999 -9999 0 0 0 0 0 0.101211 0.106234 0.108372 0.110215 0.110282 0.111239 0.110828 0.111705 0.11217 0.112798 0.113455 0.114434 0.116322 0.118094 0.120652 0.123067 0.131572 0.136927 0.14189 0.146455 0.149391 0.152041 0.157243 0.158323 0.160608 0.162359 0.164692 0.165837 0.167899 0.169403 0.170297 0.17135 0.174428 0.177741 0.181654 0.185425 0.188474 0.196115 0.200315 0.205247 0.209927 0.214496 0.217371 0.226028 0.229078 0.232441 0.234689 0.237022 0.237774 0.238229 0.238513 0.238814 0.239286 0.240097 0.242476 0.242973 0.244439 0.243604 0.246823 -9999 -9999
-9999 -9999 -9999 -9999 -9999 -9999 0 0 0 0.101171 0.106603 0.10895 0.110619 0.111602 0.111847 0.111333 0.111217 0.111435 0.110923 0.112921 0.115325 0.117503 0.120261 0.122046 0.128382 0.134101 0.138927 0.142795 0.14686 0.150738 0.153251 0.158934 0.159791 0.160561 0.162263 0.165231 0.16809 0.170024 0.17092 0.170717 0.171813 0.175157 0.178451 0.181808 0.185085 0.188266 0.196056 0.200196 0.205972 0.210968 0.215358 0.219514 0.226839 0.230333 0.232963 0.235565 0.237055 0.238287 0.238593 0.238738 0.238895 0.239244 0.239918 0.241018 0.242634 0.244794 0.243895 0.246083 -9999 -9999
-9999 -9999 -9999 -9999 -9999 -9999 0 0 0 0.101978 0.107018 0.109342 0.11079 0.111832 0.112106 0.111604 0.110922 0.110274 0.109839 0.111204 0.114013 0.116996 0.120005 0.122087 0.130093 0.134823 0.139474 0.143086 0.147051 0.151379 0.154065 0.159536 0.161126 0.161522 0.164087 0.166142 0.167959 0.170371 0.17172 0.172582 0.173125 0.175292 0.178798 0.181702 0.184506 0.188574 0.196095 0.200085 0.206346 0.211719 0.216327 0.220961 0.22804 0.231274 0.234046 0.236196 0.237665 0.238449 0.238898 0.238945 0.239017 0.239276 0.239852 0.240894 0.242462 0.24461 0.245015 0.245827 -9999 -9999
-9999 -9999 -9999 -9999 -9999 -9999 -9999 0 0 0.102566 0.107336 0.109334 0.111097 0.112017 0.11215 0.112019 0.111169 0.110037 0.108151 0.1096 0.112321 0.116272 0.120121 0.123609 0.130377 0.134583 0.137765 0.141258 0.146263 0.150966 0.154193 0.160024 0.161436 0.16469 0.167381 0.169567 0.17073 0.170802 0.172002 0.173277 0.173774 0.176106 0.179267 0.181804 0.185119 0.188993 0.196475 0.201571 0.20679 0.212519 0.21696 0.221814 0.228971 0.232006 0.234599 0.2366 0.238026 0.238784 0.239107 0.239175 0.239192 0.239417 0.239951 0.240932 0.242452 0.244558 0.247084 0.249824 0.252523 -9999
-9999 -9999 -9999 -9999 -9999 -9999 -9999 0 0 0.101662 0.106585 0.109424 0.111273 0.112173 0.112088 0.112414 0.110953 0.110543 0.108875 0.108869 0.111229 0.1132 0.1185 0.124169 0.131008 0.13186 0.135567 0.139752 0.145196 0.150137 0.154327 0.159239 0.16158 0.165835 0.168724 0.17075 0.172062 0.172654 0.172634 0.174334 0.175755 0.177836 0.180023 0.183023 0.185831 0.189428 0.197796 0.202403 0.207429 0.213111 0.217271 0.222372 0.229425 0.232245 0.234636 0.236826 0.238136 0.238909 0.239249 0.239323 0.239299 0.239633 0.24018 0.241138 0.242598 0.244659 0.247305 0.252 0.254799 0.258818
-9999 -9999 -9999 -9999 -9999 -9999 -9999 -9999 0 0.100944 0.106453 0.109015 0.111288 0.112282 0.11369 0.113032 0.111641 0.110611 0.109251 0.10814 0.108632 0.114229 0.120055 0.125109 0.132218 0.133643 0.137354 0.142411 0.14824 0.152354 0.156287 0.161724 0.164093 0.165641 0.167699 0.170699 0.172605 0.173724 0.17459 0.174971 0.176159 0.179011 0.181337 0.18436 0.187771 0.191672 0.198872 0.204293 0.208817 0.213896 0.218408 0.222636 0.229622 0.232117 0.234748 0.236778 0.23808 0.238847 0.239222 0.23938 0.239436 0.239531 0.240494 0.241447 0.242884 0.244854 0.247414 0.252284 0.255976 0.259532
-9999 -9999 -9999 -9999 -9999 -9999 -9999 -9999 0 0 0.105466 0.108959 0.11112 0.11453 0.114634 0.114208 0.113268 0.112039 0.111413 0.11015 0.109356 0.113979 0.121065 0.126195 0.130224 0.135388 0.141072 0.145324 0.150398 0.15379 0.157553 0.16428 0.166189 0.167434 0.169031 0.170204 0.172994 0.174457 0.175715 0.176649 0.17773 0.179138 0.182121 0.185847 0.188154 0.192808 0.200606 0.205215 0.209828 0.214398 0.218736 0.222777 0.229796 0.23256 0.234548 0.237606 0.237788 0.238589 0.239069 0.239324 0.239481 0.239681 0.240051 0.24075 0.243226 0.245111 0.247528 0.252305 0.255904 0.259892
-9999 -9999 -9999 -9999 -9999 -9999 -9999 -9999 0 0 0.105009 0.108445 0.114264 0.115179 0.115599 0.11519 0.114966 0.114316 0.114053 0.113688 0.113068 0.113869 0.117831 0.124814 0.131508 0.139416 0.143948 0.147837 0.151708 0.155968 0.160056 0.166424 0.169552 0.169954 0.172253 0.172489 0.174809 0.175436 0.175727 0.178353 0.179304 0.180556 0.18163 0.184977 0.188239 0.192811 0.200954 0.204721 0.209711 0.214534 0.218862 0.222725 0.229724 0.233962 0.235887 0.236145 0.237365 0.238218 0.238786 0.239163 0.239451 0.239754 0.240214 0.240952 0.242068 0.243617 0.247606 0.252273 0.255614 0.259318
-9999 -9999 -9999 -9999 -9999 -9999 -9999 -9999 0 0 0.104712 0.112169 0.11475 0.11577 0.11674 0.116964 0.116903 0.116561 0.116291 0.116292 0.116036 0.116764 0.121172 0.125205 0.130542 0.139348 0.145064 0.149384 0.153489 0.159221 0.162836 0.170051 0.171638 0.174043 0.174495 0.17422 0.176922 0.177722 0.178022 0.17983 0.180863 0.180783 0.181473 0.183625 0.189563 0.192212 0.199894 0.204902 0.209456 0.214734 0.219868 0.223541 0.231319 0.233754 0.234018 0.235623 0.236849 0.237765 0.238423 0.238921 0.239341 0.239757 0.240306 0.241076 0.242128 0.243675 0.245598 0.250187 0.255167 0.258553
-9999 -9999 -9999 -9999 -9999 -9999 -9999 -9999 0 0 0.104098 0.112824 0.115545 0.116978 0.118051 0.118557 0.118599 0.118879 0.119164 0.119398 0.120377 0.121214 0.121971 0.12797 0.130541 0.139488 0.145356 0.150606 0.154875 0.158557 0.167148 0.170387 0.175057 0.175676 0.176663 0.177088 0.179069 0.17984 0.180618 0.18152 0.181436 0.181162 0.181603 0.184883 0.187263 0.193751 0.19996 0.206325 0.211291 0.215509 0.219393 0.222209 0.230964 0.231402 0.233406 0.23503 0.236317 0.237261 0.238021 0.23861 0.239132 0.239664 0.240284 0.241084 0.242126 0.243476 0.245363 0.249872 0.252595 0.256325
-9999 -9999 -9999 -9999 -9999 -9999 -9999 -9999 -9999 0 0.109867 0.11405 0.116685 0.118517 0.119708 0.120373 0.120845 0.121438 0.122144 0.12281 0.123635 0.12426 0.125678 0.12938 0.131753 0.140247 0.144928 0.150791 0.155411 0.15839 0.164968 0.172066 0.175727 0.177572 0.178966 0.180069 0.180846 0.181649 0.182302 0.182521 0.181095 0.182445 0.183324 0.185723 0.187755 0.1955 0.202891 0.207741 0.211889 0.215622 0.217852 0.226333 0.227869 0.230508 0.232226 0.234071 0.235785 0.236772 0.237579 0.238243 0.238858 0.239473 0.240151 0.240967 0.242013 0.243325 0.245114 0.249737 0.252179 0.254967
-9999 -9999 -9999 -9999 -9999 -9999 -9999 -9999 -9999 0.106155 0.110876 0.115495 0.11763 0.119601 0.121336 0.122158 0.122624 0.12326 0.124106 0.125172 0.125789 0.126776 0.128146 0.130577 0.133882 0.140288 0.145103 0.151255 0.155483 0.158917 0.168916 0.170811 0.174945 0.178436 0.180185 0.181431 0.180824 0.182376 0.182568 0.182514 0.183605 0.1847 0.185388 0.188172 0.189693 0.192735 0.204417 0.208369 0.211956 0.215967 0.218012 0.226205 0.22725 0.229826 0.231505 0.233629 0.235082 0.236156 0.237025 0.237776 0.238458 0.239143 0.239864 0.24069 0.241673 0.242844 0.244214 0.245937 0.249559 0.252038
-9999 -9999 -9999 -9999 -9999 -9999 -9999 -9999 -9999 0.108483 0.112082 0.116244 0.119479 0.120555 0.122506 0.123954 0.124488 0.125107 0.125913 0.12725 0.127758 0.128425 0.129661 0.130952 0.134105 0.138219 0.146656 0.151798 0.155663 0.158819 0.170208 0.173381 0.176952 0.17963 0.181571 0.182947 0.183936 0.185024 0.18562 0.186701 0.187214 0.187324 0.188584 0.19106 0.191648 0.194205 0.197408 0.209114 0.2131 0.21646 0.217901 0.224405 0.227485 0.229795 0.23183 0.233395 0.23463 0.235759 0.236611 0.237376 0.238079 0.238762 0.23948 0.240251 0.241146 0.242075 0.243127 0.243359 0.24784 0.250048
-9999 -9999 -9999 -9999 -9999 -9999 -9999 -9999 -9999 0.110946 0.114162 0.117829 0.120392 0.121611 0.123715 0.125724 0.126654 0.127317 0.128525 0.129571 0.130275 0.13112 0.132108 0.134038 0.135324 0.139801 0.147646 0.152421 0.156482 0.168916 0.171308 0.174795 0.178009 0.180447 0.183176 0.184837 0.186087 0.186325 0.18717 0.188898 0.190205 0.191438 0.192164 0.194078 0.19548 0.197421 0.199484 0.21111 0.214253 0.216838 0.217169 0.225845 0.228134 0.230059 0.231785 0.233082 0.234295 0.235425 0.236256 0.236995 0.237674 0.238339 0.239 0.239668 0.240427 0.241064 0.241619 0.241897 0.245152 0.247968
-9999 -9999 -9999 -9999 -9999 -9999 -9999 -9999 -9999 0.11277 0.115931 0.119103 0.120949 0.122013 0.125075 0.127366 0.128451 0.129424 0.130531 0.130797 0.132701 0.134499 0.135577 0.136321 0.137093 0.140179 0.149195 0.153004 0.156962 0.169035 0.171359 0.174448 0.178181 0.181544 0.184743 0.186853 0.188159 0.187832 0.187343 0.189806 0.192374 0.194009 0.195446 0.196266 0.197876 0.199612 0.200979 0.206976 0.21482 0.217412 0.224262 0.226289 0.228438 0.230344 0.231337 0.23254 0.234038 0.235196 0.235962 0.236649 0.23729 0.237888 0.238475 0.238989 0.239546 0.240091 0.239628 0.239767 0.24283 0.245871
-9999 -9999 -9999 -9999 -9999 -9999 -9999 -9999 -9999 0.114293 0.116684 0.119615 0.121287 0.123479 0.12639 0.128356 0.129917 0.131138 0.132352 0.133362 0.134829 0.136179 0.137192 0.137959 0.138732 0.140351 0.143999 0.15314 0.161431 0.169526 0.171731 0.175432 0.179362 0.183737 0.187025 0.189115 0.190787 0.192059 0.192175 0.191948 0.193503 0.19597 0.196848 0.197667 0.199899 0.201635 0.202792 0.204195 0.216632 0.216429 0.224712 0.226404 0.228462 0.230793 0.232019 0.232939 0.23428 0.235061 0.235747 0.236373 0.236929 0.237447 0.237941 0.238357 0.238677 0.238377 0.238242 0.237873 0.238504 0.244236
-9999 -9999 -9999 -9999 -9999 -9999 -9999 -9999 -9999 0.115296 0.117744 0.120374 0.122908 0.125396 0.127717 0.128763 0.130612 0.131831 0.133648 0.135141 0.136423 0.137898 0.139106 0.1394 0.140261 0.141129 0.144732 0.154914 0.168587 0.170823 0.172073 0.176867 0.181648 0.186017 0.189303 0.190562 0.19327 0.194939 0.196012 0.196499 0.196354 0.197871 0.198134 0.199608 0.201814 0.203643 0.205212 0.206532 0.212759 0.217932 0.225678 0.226964 0.22878 0.230692 0.232495 0.233474 0.234384 0.235049 0.235633 0.236163 0.236626 0.237027 0.237373 0.237646 0.237285 0.236793 0.236652 0.236334 0.236694 0.242132
