Test_Spring_2018/01_18/Prec/20180120_012.txt
ncols	170
nrows	115
xllcorner	350000.000000
yllcorner	4445000.000000
cellsize	1000.000000
nodata_value	-9999.000000
[rows 31 to 61 of 115, columns 70 to 139 of 170]
0.673972 0.676639 0.676965 0.673355 0.673591 0.687358 0.712078 0.713706 0.695155 0.698268 0.699129 0.702365 0.704049 0.70345 0.704966 0.699494 0.674902 0.683084 0.685687 0.676764 0.67891 0.683097 0.673894 0.652629 0.64162 0.626133 0.61837 0.634022 0.620708 -9999 -9999 -9999 -9999 -9999 -9999 -9999 -9999 -9999 -9999 -9999 -9999 -9999 -9999 -9999 -9999 -9999 -9999 -9999 -9999 -9999 -9999 -9999 -9999 -9999 -9999 -9999 -9999 -9999 -9999 -9999 -9999 -9999 -9999 -9999 -9999 -9999 -9999 -9999 -9999 -9999
0.646919 0.648373 0.648015 0.645433 0.65043 0.655627 0.683796 0.679386 0.672 0.675293 0.676548 0.674845 0.676346 0.67751 0.679029 0.674511 0.657234 0.641112 0.650343 0.650048 0.642698 0.652486 0.644779 0.62738 0.603621 0.613867 0.609346 0.606374 0.584386 -9999 -9999 -9999 -9999 -9999 -9999 -9999 -9999 -9999 -9999 -9999 -9999 -9999 -9999 -9999 -9999 -9999 -9999 -9999 -9999 -9999 -9999 -9999 -9999 -9999 -9999 -9999 -9999 -9999 -9999 -9999 -9999 -9999 -9999 -9999 -9999 -9999 -9999 -9999 -9999 -9999
0.612869 0.61824 0.617654 0.617618 0.625495 0.627139 0.637539 0.658964 0.647968 0.651675 0.653693 0.654209 0.654869 0.655167 0.651939 0.646016 0.631276 0.612935 0.609142 0.618835 0.619242 0.6205 0.61468 0.607419 0.596334 0.60473 0.607913 0.589792 0.581774 0.561791 -9999 -9999 -9999 -9999 -9999 -9999 -9999 -9999 -9999 -9999 -9999 -9999 -9999 -9999 -9999 -9999 -9999 -9999 -9999 -9999 -9999 -9999 -9999 -9999 -9999 -9999 -9999 -9999 -9999 -9999 -9999 -9999 -9999 -9999 -9999 -9999 -9999 -9999 -9999 -9999
0.57635 0.586237 0.586 0.581958 0.58813 0.593423 0.610071 0.613442 0.617015 0.627232 0.629185 0.630959 0.629598 0.628675 0.625846 0.619792 0.610474 0.598907 0.577882 0.592442 0.604024 0.604681 0.605031 0.601201 0.59192 0.601472 0.602868 0.571208 0.565102 0.555532 0.551006 -9999 -9999 -9999 -9999 -9999 -9999 -9999 -9999 -9999 -9999 -9999 -9999 -9999 -9999 -9999 -9999 -9999 -9999 -9999 -9999 -9999 -9999 -9999 -9999 -9999 -9999 -9999 -9999 -9999 -9999 -9999 -9999 -9999 -9999 -9999 -9999 -9999 -9999 -9999
-9999 0.552479 0.553495 0.549159 0.556274 0.564545 0.575488 0.573013 0.595841 0.600432 0.604637 0.605855 0.603706 0.594829 0.594312 0.594788 0.588922 0.575683 0.562693 0.560628 0.578765 0.58551 0.586805 0.592755 0.58642 0.592823 0.593346 0.577641 0.547779 0.554151 0.548449 0.537209 -9999 -9999 -9999 -9999 -9999 -9999 -9999 -9999 -9999 -9999 -9999 -9999 -9999 -9999 -9999 -9999 -9999 -9999 -9999 -9999 -9999 -9999 -9999 -9999 -9999 -9999 -9999 -9999 -9999 -9999 -9999 -9999 -9999 -9999 -9999 -9999 -9999 -9999
-9999 -9999 -9999 -9999 0.522448 0.535497 0.522363 0.546185 0.571258 0.576427 0.580845 0.581469 0.575268 0.572271 0.572244 0.568178 0.561027 0.557302 0.550022 0.542909 0.549365 0.566466 0.563856 0.577376 0.580285 0.585732 0.582619 0.548408 0.530341 0.540307 0.535829 0.527104 -9999 -9999 -9999 -9999 -9999 -9999 -9999 -9999 -9999 -9999 -9999 -9999 -9999 -9999 -9999 -9999 -9999 -9999 -9999 -9999 -9999 -9999 -9999 -9999 -9999 -9999 -9999 -9999 -9999 -9999 -9999 -9999 -9999 -9999 -9999 -9999 -9999 -9999
-9999 -9999 -9999 -9999 -9999 0.511687 0.49791 0.511739 0.547598 0.551473 0.557275 0.557509 0.554706 0.5523 0.5491 0.5454 0.539939 0.534624 0.528213 0.530408 0.543034 0.547553 0.550569 0.557142 0.566859 0.570686 0.554599 0.52784 0.522182 0.519918 0.512917 0.514205 0.508407 -9999 -9999 -9999 -9999 -9999 -9999 -9999 -9999 -9999 -9999 -9999 -9999 0.490838 -9999 -9999 -9999 -9999 -9999 -9999 -9999 -9999 -9999 -9999 -9999 -9999 -9999 -9999 -9999 -9999 -9999 -9999 -9999 -9999 0.274521 -9999 -9999 -9999
-9999 -9999 -9999 -9999 0.479231 0.472247 0.482756 0.493421 0.510978 0.52919 0.535251 0.53488 0.532013 0.52866 0.522913 0.521102 0.517854 0.511919 0.512856 0.519343 0.525351 0.532427 0.539557 0.545357 0.550148 0.554224 0.530673 0.527863 0.527049 0.510882 0.520396 0.513154 0.500957 0.490902 -9999 -9999 -9999 -9999 -9999 -9999 -9999 0.497537 0.493092 0.488653 0.485994 0.487397 0.475903 -9999 -9999 -9999 -9999 -9999 -9999 -9999 -9999 -9999 -9999 -9999 -9999 -9999 -9999 -9999 -9999 -9999 -9999 -9999 0.275676 0.259543 -9999 -9999
-9999 -9999 -9999 -9999 0.440323 0.454498 0.464246 0.475206 0.48212 0.511001 0.512939 0.513622 0.511384 0.506913 0.501466 0.50012 0.495123 0.493666 0.494465 0.502531 0.508856 0.51399 0.519558 0.525831 0.529041 0.53641 0.520354 0.521734 0.519005 0.515132 0.518477 0.503129 0.487288 0.473981 -9999 -9999 -9999 -9999 -9999 -9999 0.495954 0.499101 0.499066 0.486418 0.487873 0.487829 0.479563 0.433534 -9999 -9999 -9999 -9999 -9999 -9999 -9999 -9999 -9999 -9999 -9999 -9999 -9999 -9999 0.335723 0.321607 0.29679 0.281468 0.269719 0.254563 -9999 -9999
-9999 -9999 -9999 -9999 0.419949 0.436316 0.448764 0.458888 0.463408 0.479679 0.494538 0.493626 0.490679 0.487042 0.48346 0.477218 0.474631 0.46929 0.47797 0.482387 0.487265 0.489139 0.495431 0.494709 0.499888 0.488077 0.5052 0.506656 0.500297 0.489604 0.488947 0.487334 0.482239 0.470826 -9999 -9999 -9999 -9999 -9999 -9999 0.492927 0.496656 0.498556 0.494783 0.481215 0.485822 0.448376 0.432745 0.421344 0.416074 0.408067 0.399937 0.388086 0.379797 0.367755 0.362456 -9999 -9999 -9999 -9999 0.337191 0.334221 0.331272 0.323622 0.297367 0.277593 0.258602 0.23313 -9999 -9999
-9999 -9999 -9999 -9999 0.407642 0.422247 0.43283 0.439438 0.447518 0.462094 0.47635 0.47014 0.46646 0.462553 0.458848 0.454745 0.450199 0.451335 0.453688 0.456492 0.451799 0.44681 0.461968 0.471232 0.452239 0.47145 0.488834 0.49074 0.482772 0.4711 0.484217 0.485434 0.478383 0.46345 -9999 -9999 -9999 0.472842 0.481156 0.480135 0.480564 0.486488 0.489453 0.493885 0.491643 0.469727 0.445291 0.428981 0.411479 0.402558 0.403035 0.39452 0.383084 0.374265 0.361975 0.351111 0.34733 0.343135 0.338684 0.33405 0.330675 0.328128 0.325022 0.318125 0.297477 0.281884 0.269503 0.224007 -9999 -9999
-9999 -9999 -9999 -9999 0.383238 0.397717 0.409672 0.424206 0.429001 0.43441 0.442778 0.454306 0.450505 0.442342 0.440765 0.436883 0.434444 0.433505 0.434419 0.429877 0.423955 0.41987 0.424283 0.425929 0.427577 0.44002 0.458184 0.473802 0.469754 0.460897 0.465103 0.477327 0.463113 0.450241 -9999 -9999 0.452504 0.470438 0.482356 0.487372 0.487078 0.484123 0.488725 0.484328 0.487447 0.464835 0.432428 0.423061 0.408912 0.39975 0.385329 0.374818 0.372258 0.363075 0.354684 0.346391 0.341419 0.336144 0.331788 0.328318 0.324293 0.32272 0.320683 0.315801 0.298245 0.287274 0.260212 0.220207 -9999 -9999
-9999 -9999 -9999 -9999 0.369755 0.385042 0.398915 0.406617 0.414916 0.422816 0.427248 0.429438 0.436257 0.428272 0.421174 0.420145 0.417395 0.41678 0.418555 0.414793 0.412149 0.406297 0.408004 0.403335 0.411838 0.413836 0.42891 0.43829 0.446463 0.457144 0.468161 0.475183 0.469876 0.454078 0.446608 -9999 0.452294 0.46029 0.474867 0.486451 0.492454 0.486159 0.491722 0.488136 0.476302 0.464164 0.436317 0.414374 0.401917 0.388563 0.38284 0.375345 0.36854 0.358969 0.34827 0.340436 0.3341 0.328875 0.324918 0.322142 0.320039 0.31839 0.316549 0.313718 0.304412 0.281645 0.260697 0.219243 -9999 -9999
-9999 -9999 -9999 0.325411 0.358184 0.377279 0.389852 0.399381 0.406287 0.41032 0.416819 0.420184 0.416589 0.417711 0.405122 0.400661 0.398732 0.40186 0.403922 0.408419 0.410831 0.402146 0.398428 0.401365 0.401933 0.406641 0.421433 0.443302 0.453668 0.456766 0.458057 0.463961 0.469205 0.462025 0.443156 0.446277 0.455794 0.462313 0.472053 0.486628 0.495505 0.497116 0.494463 0.484306 0.478074 0.456826 0.431916 0.417338 0.400829 0.387083 0.373925 0.36508 0.357611 0.352073 0.343678 0.333833 0.327422 0.322429 0.318901 0.316664 0.315222 0.314066 0.313072 0.31158 0.299435 0.285418 0.252231 0.221177 -9999 -9999
-9999 -9999 -9999 -9999 0.346617 0.36216 0.373257 0.38267 0.391178 0.397678 0.40746 0.405869 0.404859 0.402368 0.395418 0.383402 0.385487 0.386802 0.391254 0.396608 0.404134 0.392478 0.395475 0.401686 0.40339 0.418747 0.435852 0.448647 0.457908 0.454179 0.449496 0.44949 0.440061 0.44427 0.443469 0.448842 0.455673 0.470951 0.480909 0.483639 0.484174 0.496956 0.490648 0.479354 0.473599 0.456719 0.434221 0.416243 0.403545 0.389102 0.37522 0.349774 0.350403 0.338797 0.335733 0.329344 0.321929 0.317094 0.313937 0.311969 0.310989 0.310425 0.309958 0.302282 0.295989 0.284689 0.248403 0.220054 -9999 -9999
-9999 -9999 -9999 -9999 -9999 -9999 0.363437 0.374203 0.381569 0.387587 0.400733 0.400936 0.398754 0.394234 0.386888 0.378603 0.373041 0.373015 0.368652 0.379384 0.390706 0.399967 0.410613 0.409536 0.414445 0.435113 0.44654 0.449038 0.453133 0.456496 0.450156 0.454826 0.44388 0.436097 0.439992 0.458 0.473249 0.488921 0.495073 0.489595 0.491063 0.4895 0.49106 0.486253 0.474509 0.456569 0.434235 0.413162 0.405028 0.390899 0.373403 0.356822 0.345956 0.33725 0.327703 0.324598 0.318829 0.313104 0.310073 0.308451 0.307776 0.307577 0.302213 0.299258 0.295137 0.289552 0.252218 0.21491 -9999 -9999
-9999 -9999 -9999 -9999 -9999 -9999 0.352044 0.362044 0.37207 0.385888 0.396016 0.396418 0.39292 0.389495 0.38303 0.373173 0.364802 0.357974 0.35193 0.35992 0.377308 0.392849 0.404943 0.405554 0.424347 0.435756 0.444814 0.444401 0.447072 0.453802 0.44875 0.452255 0.447941 0.437764 0.449755 0.461127 0.47336 0.491246 0.501992 0.504507 0.495651 0.494533 0.497042 0.487289 0.470207 0.45814 0.432753 0.40872 0.403059 0.390651 0.37374 0.36011 0.347124 0.335922 0.327528 0.320894 0.315451 0.310623 0.307341 0.305878 0.30545 0.303326 0.301303 0.298413 0.294215 0.288616 0.261987 0.213069 -9999 -9999
-9999 -9999 -9999 -9999 -9999 -9999 -9999 0.350781 0.366104 0.383569 0.391991 0.390367 0.390232 0.386493 0.379461 0.373175 0.363276 0.35245 0.335063 0.34349 0.359713 0.382773 0.401234 0.412895 0.420891 0.427345 0.423672 0.421955 0.433174 0.443095 0.442795 0.449806 0.444613 0.459026 0.472815 0.485997 0.493375 0.493191 0.502422 0.507943 0.500063 0.499894 0.498905 0.485375 0.471797 0.45735 0.431217 0.415808 0.400944 0.391152 0.372635 0.36076 0.348657 0.336021 0.326445 0.318951 0.31356 0.308922 0.305932 0.304557 0.303493 0.302333 0.300294 0.297223 0.29292 0.287214 0.278482 0.245841 0.224499 -9999
-9999 -9999 -9999 -9999 -9999 -9999 -9999 0.338726 0.349533 0.369754 0.380208 0.386588 0.388056 0.384888 0.376575 0.370791 0.356904 0.352563 0.335843 0.332999 0.345594 0.351465 0.38143 0.410783 0.418604 0.396905 0.397643 0.401895 0.417122 0.429512 0.437852 0.437502 0.440748 0.464149 0.480119 0.492337 0.501128 0.502676 0.502339 0.512053 0.50953 0.506868 0.497422 0.487552 0.469664 0.453002 0.434341 0.415388 0.399581 0.390169 0.370153 0.36123 0.3488 0.335138 0.324521 0.319088 0.31302 0.308601 0.304879 0.303634 0.302611 0.30092 0.298924 0.29574 0.291198 0.285527 0.278341 0.262468 0.242693 0.228621
-9999 -9999 -9999 -9999 -9999 -9999 -9999 -9999 0.331365 0.35806 0.374298 0.379542 0.385535 0.383878 0.374982 0.368977 0.356908 0.346848 0.332058 0.31658 0.31703 0.352529 0.386358 0.41023 0.419301 0.40271 0.403966 0.416139 0.435352 0.441686 0.448782 0.452898 0.457038 0.458324 0.467625 0.480051 0.491558 0.502668 0.508923 0.50682 0.505939 0.503122 0.494825 0.485456 0.473251 0.460088 0.432216 0.421714 0.403491 0.39088 0.375642 0.361209 0.348998 0.333877 0.326203 0.320001 0.314046 0.30648 0.30441 0.303065 0.30187 0.30036 0.297079 0.293726 0.289196 0.283326 0.276315 0.262591 0.251775 0.235464
-9999 -9999 -9999 -9999 -9999 -9999 -9999 -9999 0.317377 0.344064 0.361359 0.375681 0.372865 0.377107 0.376069 0.371514 0.362541 0.350041 0.340561 0.323062 0.306307 0.343275 0.384943 0.409299 0.421537 0.406819 0.425433 0.43189 0.445875 0.447308 0.454071 0.468757 0.469658 0.468733 0.460313 0.458391 0.483267 0.495975 0.504266 0.505692 0.503072 0.4972 0.49183 0.479857 0.459714 0.454557 0.432683 0.418002 0.403211 0.38906 0.375031 0.361555 0.350549 0.339316 0.327441 0.315985 0.309389 0.306354 0.304196 0.302506 0.30092 0.299133 0.296758 0.292503 0.286746 0.280857 0.273858 0.260231 0.250769 0.240472
-9999 -9999 -9999 -9999 -9999 -9999 -9999 -9999 0.283427 0.320295 0.339345 0.356042 0.370565 0.374277 0.375407 0.370275 0.366415 0.357827 0.350505 0.339762 0.323923 0.316846 0.348939 0.388724 0.421143 0.428738 0.438866 0.443538 0.448766 0.458715 0.469375 0.480538 0.468575 0.464404 0.462802 0.464333 0.483661 0.487745 0.48643 0.500724 0.49614 0.488577 0.473819 0.462236 0.452946 0.436744 0.419129 0.400708 0.392452 0.383768 0.372894 0.360966 0.350797 0.330418 0.322601 0.313998 0.309675 0.306347 0.303824 0.301794 0.299854 0.297565 0.294842 0.291535 0.285276 0.279489 0.27119 0.257638 0.248638 0.238932
-9999 -9999 -9999 -9999 -9999 -9999 -9999 -9999 0.265002 0.302532 0.330078 0.349374 0.36476 0.369054 0.374165 0.373485 0.370029 0.363048 0.354807 0.346438 0.333227 0.32543 0.345646 0.379062 0.402635 0.415052 0.436643 0.446266 0.454808 0.448579 0.457791 0.475598 0.477521 0.467365 0.467455 0.462975 0.483626 0.487304 0.484391 0.490546 0.485819 0.466883 0.449313 0.439035 0.441232 0.424603 0.402448 0.387592 0.379476 0.378334 0.351109 0.341347 0.33806 0.330323 0.319398 0.314044 0.309622 0.306129 0.30325 0.300855 0.298549 0.295834 0.292758 0.289055 0.284393 0.276469 0.269715 0.255798 0.246218 0.237198
-9999 -9999 -9999 -9999 -9999 -9999 -9999 -9999 0.240109 0.291497 0.316651 0.343023 0.359634 0.367035 0.372363 0.373173 0.369636 0.366927 0.362538 0.355562 0.352386 0.345522 0.335588 0.367268 0.389105 0.402046 0.394354 0.411051 0.420968 0.428141 0.456217 0.468527 0.468569 0.466239 0.46918 0.468679 0.481327 0.482848 0.482267 0.479597 0.464832 0.444207 0.425164 0.425596 0.414609 0.415452 0.382664 0.368464 0.364573 0.355692 0.34279 0.329086 0.334374 0.322998 0.317771 0.313158 0.309218 0.305402 0.302407 0.299527 0.296746 0.293778 0.290341 0.286374 0.281668 0.276199 0.266729 0.252919 0.244608 0.228068
-9999 -9999 -9999 -9999 -9999 -9999 -9999 -9999 -9999 0.254848 0.290732 0.318732 0.335641 0.34705 0.353644 0.355657 0.355171 0.354192 0.352144 0.347391 0.34143 0.3313 0.325465 0.336739 0.357416 0.363854 0.376703 0.399911 0.413955 0.416153 0.41775 0.429592 0.448977 0.455818 0.460836 0.464451 0.47377 0.473708 0.470529 0.461035 0.434517 0.416705 0.400703 0.393549 0.37985 0.387284 0.36309 0.362359 0.355942 0.34715 0.327701 0.322348 0.318284 0.315498 0.30856 0.306053 0.308085 0.304278 0.300926 0.297692 0.294627 0.29137 0.287712 0.278727 0.273528 0.26769 0.256972 0.24292 0.23404 0.225255
-9999 -9999 -9999 -9999 -9999 -9999 -9999 -9999 -9999 0.251403 0.2824 0.314344 0.326908 0.338959 0.349331 0.351779 0.350395 0.349064 0.347693 0.346102 0.338551 0.331902 0.32643 0.328056 0.335631 0.348017 0.363235 0.390005 0.401725 0.408386 0.401084 0.401958 0.424131 0.443155 0.449267 0.452046 0.439349 0.443785 0.435118 0.421918 0.415321 0.405486 0.388941 0.386739 0.37113 0.365807 0.352883 0.348788 0.341806 0.339282 0.321914 0.315324 0.310949 0.309606 0.3037 0.304305 0.301828 0.298341 0.294793 0.291363 0.287828 0.284158 0.279999 0.275362 0.270187 0.264315 0.257537 0.244063 0.218528 0.210955
-9999 -9999 -9999 -9999 -9999 -9999 -9999 -9999 -9999 0.251757 0.27432 0.302875 0.324638 0.328881 0.340505 0.347536 0.346066 0.34405 0.342 0.342572 0.334277 0.325385 0.319443 0.312377 0.319618 0.334034 0.360574 0.379745 0.389063 0.393771 0.393794 0.40453 0.420757 0.431412 0.437308 0.439264 0.438047 0.436985 0.43043 0.425982 0.414407 0.396852 0.386244 0.383242 0.362171 0.3556 0.352901 0.33549 0.335688 0.331389 0.312351 0.306747 0.309152 0.307521 0.305987 0.302817 0.298972 0.296009 0.29211 0.288423 0.284674 0.280697 0.276472 0.271693 0.266547 0.25997 0.25242 0.235888 0.212194 0.206046
-9999 -9999 -9999 -9999 -9999 -9999 -9999 -9999 -9999 0.252123 0.272528 0.297547 0.313895 0.31924 0.331837 0.343124 0.344529 0.34252 0.343609 0.341706 0.335211 0.328152 0.320635 0.319528 0.311844 0.329958 0.352645 0.369224 0.380459 0.382127 0.383468 0.395845 0.407777 0.414843 0.425576 0.428146 0.427451 0.417876 0.412392 0.412833 0.407942 0.400418 0.386593 0.380677 0.368667 0.359593 0.350319 0.332096 0.328764 0.321336 0.306775 0.311128 0.30923 0.306228 0.303521 0.299105 0.295693 0.293052 0.289088 0.285163 0.281175 0.277122 0.272712 0.26767 0.262393 0.25483 0.245117 0.231474 0.1993 0.201787
-9999 -9999 -9999 -9999 -9999 -9999 -9999 -9999 -9999 0.246486 0.26761 0.289271 0.300047 0.304244 0.324777 0.338241 0.340714 0.341099 0.341224 0.332801 0.336451 0.337582 0.331125 0.320465 0.308836 0.315628 0.329521 0.357579 0.367843 0.36324 0.363166 0.371053 0.385902 0.399097 0.412082 0.416764 0.415064 0.399594 0.382187 0.388467 0.394351 0.390969 0.384385 0.371101 0.362995 0.354679 0.342294 0.315881 0.316211 0.311832 0.309348 0.305897 0.304931 0.3035 0.296048 0.291891 0.291626 0.289754 0.285611 0.281546 0.277549 0.273346 0.268908 0.263447 0.257688 0.250967 0.234791 0.222516 0.199498 0.198585
-9999 -9999 -9999 -9999 -9999 -9999 -9999 -9999 -9999 0.238156 0.254192 0.274802 0.284781 0.298772 0.318233 0.329027 0.335462 0.337864 0.338854 0.336648 0.336692 0.334154 0.327244 0.316829 0.305205 0.299636 0.310334 0.341591 0.345306 0.346755 0.344532 0.356149 0.371098 0.391111 0.403213 0.406202 0.406266 0.403178 0.39027 0.373999 0.37184 0.376326 0.366435 0.354908 0.354067 0.348061 0.336366 0.326101 0.313482 0.299598 0.300859 0.296797 0.296957 0.300669 0.296476 0.291017 0.290285 0.285959 0.281744 0.277725 0.273602 0.269425 0.265073 0.259901 0.253555 0.241512 0.230191 0.216192 0.209774 0.200181
-9999 -9999 -9999 -9999 -9999 -9999 -9999 -9999 -9999 0.225829 0.243854 0.263123 0.281183 0.29827 0.313226 0.316603 0.325597 0.328063 0.33412 0.335939 0.334385 0.332791 0.327338 0.312711 0.301427 0.289051 0.298661 0.321388 0.340995 0.336539 0.324846 0.343968 0.364322 0.382572 0.393038 0.387653 0.395214 0.394675 0.389416 0.379237 0.363479 0.361072 0.347487 0.343186 0.344116 0.341038 0.335012 0.326288 0.306109 0.297326 0.296053 0.290498 0.290286 0.29192 0.293757 0.289822 0.286387 0.28189 0.277579 0.273516 0.269436 0.265204 0.2607 0.255636 0.24516 0.233359 0.224166 0.213119 0.207332 0.206534
