Test_Spring_2018/01_18/Prec/20180117_006.txt
ncols	170
nrows	115
xllcorner	350000.000000
yllcorner	4445000.000000
cellsize	1000.000000
nodata_value	-9999.000000
[rows 35 to 69 of 115, columns 79 to 157 of 170]
0.240625 0.241857 0.242746 0.243306 0.243412 0.243872 0.244368 0.244578 0.244489 0.24451 0.245192 0.246999 0.248328 0.249458 0.250867 0.251673 0.253103 0.25419 0.251755 0.244991 0.254504 0.254099 0.253263 -9999 -9999 -9999 -9999 -9999 -9999 -9999 -9999 -9999 -9999 -9999 -9999 -9999 -9999 -9999 -9999 -9999 -9999 -9999 -9999 -9999 -9999 -9999 -9999 -9999 -9999 -9999 -9999 -9999 -9999 -9999 -9999 -9999 -9999 -9999 -9999 -9999 -9999 -9999 -9999 -9999 -9999 -9999 -9999 -9999 -9999 -9999 -9999 -9999 -9999 -9999 -9999 -9999 -9999 -9999 -9999
0.229306 0.230272 0.230784 0.230755 0.230772 0.23091 0.230905 0.230882 0.231228 0.231624 0.232266 0.233809 0.236066 0.237456 0.239719 0.241445 0.243232 0.244467 0.238097 0.236016 0.245447 0.245115 0.244337 -9999 -9999 -9999 -9999 -9999 -9999 -9999 -9999 -9999 -9999 -9999 -9999 -9999 -9999 -9999 -9999 -9999 -9999 -9999 -9999 -9999 -9999 -9999 -9999 -9999 -9999 -9999 -9999 -9999 -9999 -9999 -9999 -9999 -9999 -9999 -9999 -9999 -9999 -9999 -9999 -9999 -9999 -9999 -9999 -9999 -9999 -9999 -9999 -9999 -9999 -9999 -9999 -9999 -9999 -9999 -9999
0.218311 0.21908 0.219225 0.218975 0.218621 0.218234 0.217953 0.217824 0.218025 0.218536 0.21985 0.222022 0.224056 0.226194 0.228595 0.231136 0.233269 0.232679 0.228713 0.229665 0.236447 0.236022 0.235699 0.234752 -9999 -9999 -9999 -9999 -9999 -9999 -9999 -9999 -9999 -9999 -9999 -9999 0.221632 -9999 -9999 -9999 -9999 -9999 -9999 -9999 -9999 -9999 -9999 -9999 -9999 -9999 -9999 -9999 -9999 -9999 -9999 -9999 -9999 0.152287 -9999 -9999 -9999 -9999 -9999 -9999 -9999 -9999 -9999 -9999 -9999 -9999 -9999 -9999 -9999 -9999 -9999 -9999 -9999 -9999 -9999
0.207954 0.208474 0.208237 0.207577 0.206755 0.205847 0.205339 0.205104 0.205185 0.20612 0.207842 0.209999 0.212574 0.215398 0.218264 0.221052 0.223652 0.219185 0.220907 0.222317 0.221079 0.228966 0.228179 0.226811 0.225308 -9999 -9999 -9999 -9999 -9999 -9999 -9999 0.218716 0.218109 0.217454 0.216763 0.216089 0.214535 -9999 -9999 -9999 -9999 -9999 -9999 -9999 -9999 -9999 -9999 -9999 -9999 -9999 -9999 -9999 -9999 -9999 -9999 -9999 0.151907 0.148151 -9999 -9999 -9999 -9999 -9999 -9999 -9999 -9999 -9999 -9999 -9999 -9999 -9999 -9999 -9999 -9999 -9999 -9999 -9999 -9999
0.198423 0.198477 0.197935 0.196884 0.195563 0.194251 0.193415 0.192846 0.19304 0.194002 0.195984 0.198468 0.201363 0.204595 0.208006 0.211232 0.214477 0.211145 0.213407 0.214957 0.215912 0.222028 0.220809 0.219165 0.217364 -9999 -9999 -9999 -9999 -9999 -9999 0.21205 0.212116 0.212113 0.211466 0.211422 0.211112 0.210136 0.195915 -9999 -9999 -9999 -9999 -9999 -9999 -9999 -9999 -9999 -9999 -9999 -9999 -9999 -9999 0.164489 0.161616 0.158 0.154638 0.151228 0.14743 -9999 -9999 -9999 -9999 -9999 -9999 -9999 -9999 -9999 -9999 -9999 -9999 -9999 -9999 -9999 -9999 -9999 -9999 -9999 -9999
0.179886 0.189401 0.188416 0.186896 0.185157 0.183498 0.18204 0.181321 0.181182 0.182552 0.184514 0.187225 0.190368 0.194127 0.197716 0.201574 0.199599 0.203506 0.206118 0.207746 0.208521 0.215477 0.213811 0.21262 0.210781 -9999 -9999 -9999 -9999 -9999 -9999 0.205454 0.205843 0.206288 0.206477 0.206083 0.206409 0.194071 0.192642 0.191173 0.18978 0.188054 0.189593 0.183841 0.181551 0.179118 0.177098 -9999 -9999 -9999 -9999 0.167858 0.165994 0.163965 0.161485 0.157819 0.154209 0.150364 0.136981 -9999 -9999 -9999 -9999 -9999 -9999 -9999 -9999 -9999 -9999 -9999 -9999 -9999 -9999 -9999 -9999 -9999 -9999 -9999 -9999
0.172448 0.181138 0.176009 0.174282 0.172324 0.170435 0.16886 0.16784 0.167864 0.168806 0.170632 0.172861 0.175703 0.179988 0.188447 0.186803 0.192129 0.196477 0.199474 0.201298 0.202209 0.209422 0.208214 0.206847 0.201987 -9999 -9999 -9999 0.197337 0.197064 0.196691 0.196735 0.197327 0.197937 0.201513 0.202057 0.194858 0.190802 0.189583 0.188036 0.186669 0.185559 0.183831 0.181811 0.179662 0.177381 0.171086 0.16967 0.168256 0.166801 0.165248 0.163605 0.161794 0.159697 0.157121 0.157732 0.154295 0.150694 0.13264 -9999 -9999 -9999 -9999 -9999 -9999 -9999 -9999 -9999 -9999 -9999 -9999 -9999 -9999 -9999 -9999 -9999 -9999 -9999 -9999
0.158955 0.161999 0.168758 0.166672 0.164108 0.161933 0.160016 0.158827 0.15858 0.159409 0.160956 0.163336 0.166536 0.170669 0.170355 0.174632 0.180026 0.184551 0.193467 0.193006 0.194192 0.195317 0.200597 0.198587 0.196672 -9999 -9999 0.192407 0.192231 0.192145 0.192142 0.192277 0.192605 0.193523 0.194066 0.194932 0.188448 0.184516 0.183768 0.185581 0.184383 0.177337 0.175825 0.176999 0.173104 0.171557 0.170092 0.16885 0.167607 0.166363 0.165042 0.1635 0.16182 0.159805 0.157304 0.153812 0.150307 0.138604 0.129025 -9999 -9999 -9999 -9999 -9999 -9999 -9999 -9999 -9999 -9999 -9999 -9999 -9999 -9999 -9999 -9999 -9999 -9999 -9999 -9999
0.154088 0.156603 0.155576 0.160096 0.157191 0.154379 0.152277 0.150806 0.150402 0.151211 0.152851 0.15556 0.15893 0.163258 0.163388 0.168319 0.172008 0.176447 0.180114 0.183141 0.185658 0.191783 0.196463 0.19531 0.192955 0.191015 -9999 0.188246 0.187519 0.187555 0.187919 0.188457 0.188749 0.189887 0.190669 0.185887 0.185791 0.182431 0.176405 0.17524 0.173967 0.173048 0.174336 0.175296 0.173714 0.170448 0.169247 0.168175 0.167162 0.166141 0.165023 0.163697 0.16208 0.160084 0.157637 0.154457 0.144333 0.139386 0.129573 -9999 -9999 -9999 -9999 -9999 -9999 -9999 -9999 -9999 -9999 -9999 -9999 -9999 -9999 -9999 -9999 -9999 -9999 -9999 -9999
0.147586 0.1501 0.151262 0.149306 0.15151 0.148129 0.145575 0.143911 0.143527 0.144268 0.146334 0.149398 0.152808 0.153591 0.157407 0.161863 0.16742 0.17213 0.176705 0.180105 0.182481 0.184086 0.188663 0.19199 0.190275 0.187614 0.186109 0.185079 0.184231 0.183999 0.184521 0.185245 0.186013 0.186847 0.183338 0.183663 0.179059 0.175833 0.174702 0.173424 0.172258 0.171127 0.170246 0.171312 0.172258 0.171005 0.168542 0.167705 0.166926 0.166121 0.165185 0.163996 0.162451 0.160484 0.158035 0.150094 0.145517 0.136311 0.126842 -9999 -9999 -9999 -9999 -9999 -9999 -9999 -9999 -9999 -9999 -9999 -9999 -9999 -9999 -9999 -9999 -9999 -9999 -9999 -9999
0.144094 0.14668 0.14582 0.144356 0.14337 0.143393 0.14026 0.138616 0.137995 0.138761 0.140834 0.144181 0.144616 0.14873 0.153435 0.15809 0.16443 0.169476 0.173825 0.177402 0.179665 0.18119 0.18539 0.18479 0.18435 0.185148 0.183718 0.182526 0.182086 0.181838 0.181746 0.182051 0.183401 0.181178 0.178482 0.178156 0.177261 0.174268 0.172986 0.171961 0.170866 0.169846 0.168318 0.169875 0.168925 0.168491 0.169008 0.167395 0.166833 0.166225 0.165435 0.164351 0.162859 0.160887 0.15498 0.14857 0.143397 0.13669 0.127141 -9999 -9999 -9999 -9999 -9999 -9999 -9999 -9999 -9999 -9999 -9999 -9999 -9999 -9999 -9999 -9999 -9999 -9999 -9999 -9999
0.141221 0.143971 0.143315 0.141879 0.139911 0.137662 0.136885 0.13475 0.133955 0.134179 0.136387 0.138202 0.141881 0.146336 0.15067 0.156612 0.162261 0.167154 0.171145 0.174648 0.177471 0.179128 0.183566 0.183079 0.182202 0.181523 0.181344 0.18161 0.181183 0.18072 0.180182 0.180495 0.17814 0.177937 0.177489 0.176739 0.175698 0.172757 0.171306 0.170545 0.16955 0.168479 0.16757 0.168652 0.168075 0.167554 0.167416 0.167137 0.166786 0.166333 0.165666 0.164652 0.16318 0.157988 0.154041 0.149403 0.14423 0.137174 0.126984 -9999 -9999 -9999 -9999 -9999 -9999 -9999 -9999 -9999 -9999 -9999 -9999 -9999 -9999 -9999 -9999 -9999 -9999 -9999 -9999
0.139152 0.141823 0.141347 0.140005 0.13823 0.136128 0.133956 0.132457 0.131264 0.130995 0.132545 0.135578 0.139421 0.14381 0.148114 0.154703 0.159872 0.164676 0.168596 0.172147 0.175299 0.177212 0.18167 0.181731 0.180939 0.18085 0.180482 0.18008 0.18018 0.179938 0.179547 0.178186 0.177607 0.17729 0.176429 0.175259 0.174388 0.171278 0.169638 0.169012 0.168164 0.16723 0.16662 0.167711 0.167216 0.16697 0.166867 0.166798 0.166633 0.166312 0.165723 0.164745 0.161905 0.158659 0.154545 0.1497 0.144306 0.137567 0.126651 -9999 -9999 -9999 -9999 -9999 -9999 -9999 -9999 -9999 -9999 -9999 -9999 -9999 -9999 -9999 -9999 -9999 -9999 -9999 -9999
0.137326 0.140043 0.139677 0.138728 0.13715 0.135203 0.133345 0.131596 0.130302 0.129495 0.130934 0.133727 0.137733 0.142216 0.146858 0.152749 0.157538 0.161624 0.165461 0.169485 0.172899 0.175204 0.179974 0.180216 0.180893 0.181113 0.181022 0.180513 0.179646 0.179382 0.178977 0.177889 0.177221 0.176565 0.175341 0.174183 0.173051 0.169839 0.168575 0.167475 0.166794 0.165859 0.165456 0.166705 0.166312 0.166188 0.166215 0.166301 0.166265 0.16603 0.165481 0.164172 0.161852 0.158521 0.154288 0.149312 0.143782 0.137819 0.127644 0.12076 -9999 -9999 -9999 -9999 -9999 -9999 -9999 -9999 -9999 -9999 -9999 -9999 -9999 -9999 -9999 -9999 -9999 -9999 -9999
0.135096 0.138087 0.138358 0.137755 0.136476 0.134713 0.133065 0.130972 0.130101 0.128902 0.130451 0.13286 0.135742 0.140509 0.145739 0.151383 0.154521 0.158653 0.162681 0.16687 0.170441 0.173281 0.177854 0.178739 0.180107 0.180674 0.180749 0.180479 0.179354 0.178799 0.178443 0.177814 0.176902 0.175671 0.174469 0.172934 0.171547 0.168612 0.167103 0.165927 0.165275 0.164312 0.164136 0.165469 0.165153 0.165107 0.165359 0.165512 0.165558 0.16487 0.164519 0.163187 0.16082 0.157453 0.153174 0.14815 0.142595 0.136696 0.127363 0.120586 0.114435 0.109078 -9999 -9999 -9999 -9999 -9999 -9999 -9999 -9999 -9999 -9999 -9999 -9999 -9999 -9999 -9999 -9999 -9999
0.133065 0.136533 0.136982 0.136889 0.13599 0.132907 0.132056 0.130817 0.129757 0.128684 0.127922 0.131842 0.13593 0.140555 0.145152 0.150568 0.153647 0.157546 0.161784 0.166061 0.169294 0.172111 0.177099 0.178221 0.178704 0.179174 0.177853 0.177796 0.178291 0.178122 0.177182 0.176042 0.175898 0.174604 0.173288 0.171896 0.170553 0.16704 0.165885 0.164546 0.16372 0.16301 0.162591 0.16401 0.163695 0.163869 0.164143 0.164345 0.162487 0.16294 0.162546 0.161176 0.158789 0.155423 0.151169 0.146202 0.140715 0.134921 0.125776 0.119591 0.113471 0.10768 0.102303 -9999 -9999 -9999 -9999 -9999 -9999 -9999 -9999 -9999 -9999 -9999 -9999 -9999 -9999 -9999 -9999
0.130945 0.134646 0.135766 0.131998 0.132456 0.132318 0.131754 0.130855 0.129804 0.129065 0.128197 0.127727 0.131553 0.14058 0.144816 0.148748 0.152885 0.157343 0.161046 0.164887 0.167777 0.170557 0.176264 0.177377 0.177947 0.174868 0.17394 0.175692 0.176354 0.176354 0.175633 0.174417 0.172842 0.17321 0.171747 0.169841 0.168788 0.165459 0.164028 0.162812 0.161874 0.161204 0.160821 0.162342 0.162238 0.162212 0.159282 0.158718 0.159709 0.160056 0.159575 0.158156 0.155768 0.152457 0.149233 0.143498 0.138183 0.132587 0.123603 0.117726 0.112139 0.106907 0.101577 0 0 0 -9999 -9999 -9999 -9999 -9999 -9999 -9999 -9999 -9999 -9999 -9999 -9999 -9999
0.128313 0.126764 0.128984 0.130596 0.131242 0.13142 0.131039 0.130588 0.129885 0.129348 0.128846 0.128382 0.128713 0.13309 0.136793 0.148134 0.153097 0.156786 0.160114 0.163297 0.166471 0.169374 0.175071 0.170585 0.172017 0.170832 0.171942 0.173478 0.173779 0.173369 0.173359 0.172091 0.17046 0.168353 0.169188 0.167705 0.166212 0.16299 0.161312 0.160368 0.159654 0.159091 0.158733 0.160294 0.154516 0.155534 0.154142 0.155328 0.156114 0.156295 0.155707 0.154242 0.15187 0.148646 0.144686 0.141223 0.136243 0.12975 0.120992 0.115454 0.110193 0.105326 0.100836 0 0 0 0 -9999 -9999 -9999 -9999 -9999 -9999 -9999 -9999 -9999 -9999 -9999 -9999
0.121483 0.12469 0.127123 0.128849 0.129665 0.130221 0.130255 0.130008 0.129539 0.129063 0.128731 0.128388 0.12861 0.130575 0.135729 0.138748 0.143484 0.155403 0.158682 0.16179 0.156514 0.159864 0.166655 0.168764 0.166851 0.168296 0.169102 0.170734 0.171069 0.170648 0.170305 0.169105 0.166967 0.164772 0.162912 0.165202 0.163382 0.159764 0.158593 0.157598 0.157196 0.148371 0.148577 0.150947 0.151662 0.149282 0.150363 0.151271 0.151814 0.1518 0.151089 0.149585 0.147254 0.144157 0.140391 0.136084 0.132584 0.127611 0.118915 0.112837 0.107949 0.103416 0 0 0 0 0 0 -9999 -9999 -9999 -9999 -9999 -9999 -9999 -9999 -9999 -9999 -9999
0.119267 0.122261 0.125092 0.126924 0.127994 0.128699 0.128968 0.128877 0.128767 0.128595 0.128398 0.12857 0.128795 0.129149 0.131903 0.137055 0.141703 0.134384 0.13774 0.141031 0.144369 0.161048 0.16386 0.162176 0.16374 0.165246 0.166211 0.16744 0.167699 0.167455 0.166747 0.165132 0.163 0.160813 0.159561 0.157775 0.160658 0.156444 0.14655 0.145686 0.144998 0.14534 0.145152 0.147736 0.144454 0.145246 0.146039 0.146669 0.146936 0.146724 0.145879 0.144336 0.142074 0.139131 0.1356 0.131599 0.127271 0.123866 0.11548 0.110635 0.103886 0 0 0 0 0 0 0 0 -9999 -9999 -9999 -9999 -9999 -9999 -9999 -9999 -9999 -9999
0.105044 0.109665 0.112863 0.115268 0.117125 0.118449 0.119249 0.119652 0.119805 0.119748 0.119487 0.119194 0.11882 0.118885 0.120109 0.124691 0.129279 0.131903 0.135343 0.138558 0.141338 0.147728 0.147039 0.150272 0.152662 0.154654 0.156185 0.163529 0.163719 0.163392 0.162415 0.160302 0.152014 0.149663 0.147668 0.145378 0.148423 0.144631 0.143544 0.142507 0.141714 0.140749 0.142485 0.138726 0.139292 0.139753 0.140401 0.141617 0.141618 0.141193 0.140223 0.138659 0.136476 0.133708 0.129439 0.125592 0.121443 0.118184 0.109865 0.105222 0.100825 0 0 0 0 0 0 0 0 0 -9999 -9999 -9999 -9999 -9999 -9999 -9999 -9999 -9999
0.103803 0.10709 0.110274 0.112296 0.114076 0.115538 0.116364 0.116779 0.117014 0.11712 0.117161 0.116928 0.116851 0.117019 0.117796 0.119172 0.126842 0.129411 0.13281 0.135649 0.138366 0.140181 0.142278 0.145342 0.148062 0.149868 0.151169 0.1513 0.151866 0.151339 0.150173 0.148978 0.147335 0.145162 0.14362 0.141418 0.139842 0.141135 0.139884 0.138764 0.138169 0.137132 0.138506 0.134203 0.134502 0.134659 0.135112 0.13525 0.13505 0.134447 0.133366 0.131746 0.129583 0.126895 0.123752 0.120249 0.116487 0.112567 0.109371 0.100845 0 0 0 0 0 0 0 0 0 0 -9999 -9999 -9999 -9999 -9999 -9999 -9999 -9999 -9999
0.101844 0.10446 0.107261 0.109575 0.110839 0.112293 0.113332 0.113773 0.114047 0.114225 0.114497 0.114352 0.114272 0.114499 0.11488 0.116229 0.118209 0.127245 0.130071 0.132561 0.134925 0.136653 0.138953 0.141431 0.143463 0.145024 0.1461 0.146684 0.146914 0.146503 0.145848 0.144527 0.142657 0.140964 0.139562 0.137245 0.135729 0.13455 0.135982 0.135157 0.134347 0.133043 0.129679 0.129678 0.129627 0.129653 0.129572 0.129329 0.128897 0.128093 0.126905 0.125282 0.12321 0.120717 0.117846 0.114684 0.111265 0.107704 0.103685 0 0 0 0 0 0 0 0 0 0 0 -9999 -9999 -9999 -9999 -9999 -9999 -9999 -9999 -9999
0 0.102086 0.104499 0.106366 0.107552 0.108966 0.11018 0.110773 0.111096 0.111512 0.111761 0.111815 0.111927 0.112154 0.11288 0.113481 0.1156 0.124607 0.127147 0.129543 0.131293 0.132903 0.135027 0.13703 0.138638 0.140227 0.141159 0.141645 0.141382 0.141019 0.140662 0.139776 0.138543 0.136838 0.135438 0.133707 0.13216 0.130699 0.132352 0.131271 0.130168 0.124752 0.125524 0.125011 0.124565 0.124194 0.123721 0.123202 0.122543 0.121567 0.120286 0.118665 0.116699 0.114395 0.111782 0.108941 0.105835 0.102542 0 0 0 0 0 0 0 0 0 0 0 0 0 0 -9999 -9999 -9999 -9999 0 -9999 -9999
0 0 0.101538 0.102946 0.103931 0.105642 0.106906 0.107538 0.108006 0.108431 0.108434 0.10909 0.109706 0.110063 0.110361 0.110782 0.112308 0.117933 0.124017 0.126212 0.127289 0.128622 0.130298 0.132225 0.133925 0.135434 0.13631 0.136628 0.135999 0.135019 0.134987 0.134715 0.133793 0.132568 0.130912 0.129474 0.128031 0.126434 0.123556 0.126899 0.125803 0.121699 0.120689 0.119933 0.119251 0.118317 0.117546 0.116905 0.116059 0.11492 0.113563 0.111964 0.110103 0.107991 0.105619 0.103065 0.100344 0 0 0 0 0 0 0 0 0 0 0 0 0 0 0 0 0 0 0 0 -9999 -9999
0 0 0 0 0.10073 0.102271 0.103324 0.104118 0.104691 0.105198 0.105577 0.106132 0.10665 0.107064 0.107437 0.107894 0.1088 0.110658 0.120546 0.118833 0.123373 0.124434 0.126119 0.127863 0.129722 0.131016 0.131663 0.131958 0.131882 0.131101 0.129947 0.129318 0.128863 0.127555 0.126069 0.12506 0.123766 0.122195 0.120735 0.122864 0.117094 0.116802 0.115512 0.114528 0.113797 0.112716 0.111582 0.110655 0.109477 0.108195 0.106784 0.105207 0.103461 0.101544 0 0 0 0 0 0 0 0 0 0 0 0 0 0 0 0 0 0 0 0 0 0 0 -9999 -9999
0 0 0 0 0 0 0 0.100361 0.100922 0.101704 0.102337 0.102884 0.103534 0.104106 0.104344 0.104875 0.10547 0.107272 0.113709 0.118888 0.11978 0.120247 0.12217 0.124036 0.125655 0.126722 0.12682 0.127391 0.127373 0.12694 0.12609 0.124802 0.124044 0.122603 0.121528 0.120639 0.119495 0.118172 0.116705 0.114381 0.112846 0.111999 0.11038 0.109092 0.107954 0.106873 0.105529 0.104218 0.102836 0.101424 0 0 0 0 0 0 0 0 0 0 0 0 0 0 0 0 0 0 0 0 0 0 0 0 0 0 0 0 -9999
-9999 0 0 0 0 0 0 0 0 0 0 0 0.100193 0.10093 0.101488 0.102393 0.103081 0.10409 0.106814 0.114793 0.116262 0.117345 0.118714 0.120416 0.121979 0.122577 0.122333 0.122539 0.122592 0.122609 0.122058 0.120531 0.119313 0.11803 0.117294 0.116453 0.115284 0.11397 0.112517 0.106721 0.109066 0.107499 0.105864 0.104054 0.102491 0.100928 0 0 0 0 0 0 0 0 0 0 0 0 0 0 0 0 0 0 0 0 0 0 0 0 0 0 0 0 0 0 0 0 0
-9999 0 0 0 0 0 0 0 0 0 0 0 0 0 0 0 0.100051 0.10099 0.10226 0.108388 0.113694 0.114964 0.116162 0.117449 0.118131 0.117958 0.117636 0.117972 0.11802 0.118417 0.1181 0.117375 0.116074 0.114549 0.113194 0.11244 0.111206 0.109818 0.108296 0.102834 0.100946 0.10285 0.100891 0 0 0 0 0 0 0 0 0 0 0 0 0 0 0 0 0 0 0 0 0 0 0 0 0 0 0 0 0 0 0 0 0 0 0 0
-9999 -9999 -9999 -9999 -9999 -9999 0 0 0 0 0 0 0 0 0 0 0 0 0 0.105574 0.110654 0.112176 0.113244 0.114135 0.11442 0.114256 0.113721 0.114027 0.114515 0.114901 0.114421 0.113833 0.112792 0.111478 0.109492 0.108701 0.107358 0.105886 0.104193 0 0 0 0 0 0 0 0 0 0 0 0 0 0 0 0 0 0 0 0 0 0 0 0 0 0 0 0 0 0 0 0 0 0 0 0 0 0 0 -9999
-9999 -9999 -9999 -9999 -9999 -9999 0 0 0 0 0 0 0 0 0 0 0 0 0 0 0.107714 0.109122 0.110044 0.110396 0.110851 0.110601 0.110337 0.110952 0.111367 0.111615 0.111218 0.110527 0.109692 0.107946 0.106195 0.105035 0.103664 0.102202 0 0 0 0 0 0 0 0 0 0 0 0 0 0 0 0 0 0 0 0 0 0 0 0 0 0 0 0 0 0 0 0 0 0 0 0 0 -9999 -9999 -9999 -9999
-9999 -9999 -9999 -9999 -9999 -9999 -9999 0 0 0 0 0 0 0 0 0 0 0 0 0 0.101658 0.105993 0.107038 0.107187 0.107378 0.107695 0.107933 0.108309 0.108732 0.108859 0.108458 0.107184 0.106816 0.105691 0.104009 0.102261 0.100396 0 0 0 0 0 0 0 0 0 0 0 0 0 0 0 0 0 0 0 0 0 0 0 0 0 0 0 0 0 0 0 0 0 0 0 0 0 -9999 -9999 -9999 -9999 -9999
-9999 -9999 -9999 -9999 -9999 -9999 -9999 0 0 0 0 0 0 0 0 0 0 0 -9999 -9999 -9999 -9999 -9999 -9999 0.104726 0.106053 0.106772 0.106788 0.106794 0.10673 0.106213 0.104999 0.103621 0.10318 0.101788 0.100101 0 0 0 0 0 0 0 0 0 0 0 0 0 0 0 0 0 0 0 0 0 0 0 0 0 0 0 0 0 0 0 0 0 0 0 0 0 -9999 -9999 -9999 -9999 -9999 -9999
-9999 -9999 -9999 -9999 -9999 -9999 -9999 -9999 0 0 0 0 0 0 0 0 0 0 -9999 -9999 -9999 -9999 -9999 -9999 0.103947 0.104925 0.105529 0.105722 0.105501 0.105111 0.104445 0.102939 0.10154 0.100841 0 0 0 0 0 0 0 0 0 0 0 0 0 0 0 0 0 0 0 0 0 0 0 0 0 0 0 0 0 0 0 0 0 0 0 0 0 -9999 -9999 -9999 -9999 -9999 -9999 -9999 -9999
-9999 -9999 -9999 -9999 -9999 -9999 -9999 -9999 -9999 0 0 0 0 0 0 0 -9999 -9999 -9999 -9999 -9999 -9999 -9999 -9999 0.105086 0.106108 0.106544 0.106409 0.105892 0.105235 0.104584 0.103027 0.101971 0.100955 0 -9999 0 0 0 0 0 0 0 0 0 0 0 0 0 0 0 0 0 0 0 0 0 0 0 0 0 0 0 0 0 0 0 0 0 0 0 -9999 -9999 -9999 -9999 -9999 -9999 -9999 -9999
