Test_Spring_2018/01_18/Prec/20180115_006.txt
ncols	170
nrows	115
xllcorner	350000.000000
yllcorner	4445000.000000
cellsize	1000.000000
nodata_value	-9999.000000
[rows 31 to 61 of 115, columns 70 to 139 of 170]
0.135798 0.139939 0.143024 0.144189 0.147131 0.163163 0.171968 0.175576 0.189498 0.19259 0.194243 0.196778 0.198386 0.198839 0.200415 0.19883 0.188318 0.194219 0.19796 0.196685 0.201375 0.207599 0.207787 0.202497 0.202482 0.200476 0.211763 0.223341 0.223005 -9999 -9999 -9999 -9999 -9999 -9999 -9999 -9999 -9999 -9999 -9999 -9999 -9999 -9999 -9999 -9999 -9999 -9999 -9999 -9999 -9999 -9999 -9999 -9999 -9999 -9999 -9999 -9999 -9999 -9999 -9999 -9999 -9999 -9999 -9999 -9999 -9999 -9999 -9999 -9999 -9999
0.134355 0.137535 0.139914 0.141238 0.146218 0.151209 0.167976 0.176311 0.188511 0.191939 0.194138 0.194703 0.196693 0.19847 0.200466 0.19967 0.192909 0.187025 0.193844 0.196439 0.196017 0.204324 0.204482 0.200233 0.19313 0.202731 0.205246 0.216262 0.219229 -9999 -9999 -9999 -9999 -9999 -9999 -9999 -9999 -9999 -9999 -9999 -9999 -9999 -9999 -9999 -9999 -9999 -9999 -9999 -9999 -9999 -9999 -9999 -9999 -9999 -9999 -9999 -9999 -9999 -9999 -9999 -9999 -9999 -9999 -9999 -9999 -9999 -9999 -9999 -9999 -9999
0.129716 0.134437 0.136349 0.138596 0.14473 0.147842 0.161086 0.176342 0.187305 0.191194 0.194115 0.196173 0.198197 0.199982 0.200042 0.19884 0.193458 0.186486 0.186795 0.193899 0.196749 0.200278 0.200622 0.200502 0.198728 0.206589 0.212031 0.216255 0.223815 0.229581 -9999 -9999 -9999 -9999 -9999 -9999 -9999 -9999 -9999 -9999 -9999 -9999 -9999 -9999 -9999 -9999 -9999 -9999 -9999 -9999 -9999 -9999 -9999 -9999 -9999 -9999 -9999 -9999 -9999 -9999 -9999 -9999 -9999 -9999 -9999 -9999 -9999 -9999 -9999 -9999
0.123947 0.130502 0.13224 0.132245 0.137333 0.142102 0.164031 0.17865 0.182793 0.190126 0.193375 0.196456 0.197925 0.199522 0.200118 0.199094 0.196457 0.192735 0.184459 0.193566 0.201342 0.203954 0.206586 0.207368 0.205681 0.213322 0.21714 0.221248 0.233032 0.231957 0.233247 -9999 -9999 -9999 -9999 -9999 -9999 -9999 -9999 -9999 -9999 -9999 -9999 -9999 -9999 -9999 -9999 -9999 -9999 -9999 -9999 -9999 -9999 -9999 -9999 -9999 -9999 -9999 -9999 -9999 -9999 -9999 -9999 -9999 -9999 -9999 -9999 -9999 -9999 -9999
-9999 0.125642 0.127651 0.127233 0.132587 0.13872 0.152818 0.172337 0.18295 0.187854 0.192577 0.19581 0.197325 0.195452 0.197498 0.199869 0.198994 0.19439 0.189791 0.190432 0.200879 0.205826 0.208217 0.213011 0.212003 0.217374 0.220069 0.223351 0.230168 0.236623 0.236877 0.234391 -9999 -9999 -9999 -9999 -9999 -9999 -9999 -9999 -9999 -9999 -9999 -9999 -9999 -9999 -9999 -9999 -9999 -9999 -9999 -9999 -9999 -9999 -9999 -9999 -9999 -9999 -9999 -9999 -9999 -9999 -9999 -9999 -9999 -9999 -9999 -9999 -9999 -9999
-9999 -9999 -9999 -9999 0.126689 0.140799 0.151916 0.16879 0.181226 0.186755 0.191993 0.195382 0.195371 0.19676 0.19937 0.199742 0.198312 0.198244 0.196173 0.19396 0.198197 0.207549 0.207344 0.215088 0.217844 0.222046 0.222318 0.227003 0.227073 0.235053 0.235478 0.23385 -9999 -9999 -9999 -9999 -9999 -9999 -9999 -9999 -9999 -9999 -9999 -9999 -9999 -9999 -9999 -9999 -9999 -9999 -9999 -9999 -9999 -9999 -9999 -9999 -9999 -9999 -9999 -9999 -9999 -9999 -9999 -9999 -9999 -9999 -9999 -9999 -9999 -9999
-9999 -9999 -9999 -9999 -9999 0.138876 0.14946 0.15877 0.179602 0.18489 0.191251 0.19493 0.197042 0.199141 0.200543 0.201304 0.200758 0.199817 0.197902 0.199797 0.206488 0.209081 0.21091 0.21455 0.219898 0.222633 0.223262 0.223124 0.222059 0.23004 0.228852 0.231755 0.231233 -9999 -9999 -9999 -9999 -9999 -9999 -9999 -9999 -9999 -9999 -9999 -9999 0.256527 -9999 -9999 -9999 -9999 -9999 -9999 -9999 -9999 -9999 -9999 -9999 -9999 -9999 -9999 -9999 -9999 -9999 -9999 -9999 -9999 0.208723 -9999 -9999 -9999
-9999 -9999 -9999 -9999 0.125555 0.143447 0.150928 0.158995 0.172639 0.183915 0.190897 0.194802 0.197388 0.199475 0.199989 0.201888 0.20248 0.201128 0.202506 0.206054 0.208966 0.212146 0.215264 0.2178 0.220044 0.222235 0.229265 0.22887 0.229747 0.229175 0.236706 0.235151 0.23124 0.22838 -9999 -9999 -9999 -9999 -9999 -9999 -9999 0.248325 0.248907 0.249805 0.251909 0.256334 0.254817 -9999 -9999 -9999 -9999 -9999 -9999 -9999 -9999 -9999 -9999 -9999 -9999 -9999 -9999 -9999 -9999 -9999 -9999 -9999 0.210457 0.201387 -9999 -9999
-9999 -9999 -9999 -9999 0.133915 0.142751 0.150085 0.158635 0.165774 0.184429 0.189947 0.194925 0.198355 0.200374 0.201405 0.203761 0.203568 0.204279 0.205301 0.209169 0.211658 0.213226 0.214865 0.216901 0.217668 0.220809 0.229993 0.231194 0.230761 0.230093 0.239643 0.233857 0.227912 0.223225 -9999 -9999 -9999 -9999 -9999 -9999 0.246594 0.250444 0.253064 0.249918 0.254028 0.257814 0.257991 0.252029 -9999 -9999 -9999 -9999 -9999 -9999 -9999 -9999 -9999 -9999 -9999 -9999 -9999 -9999 0.245088 0.237635 0.224674 0.216072 0.208995 0.200092 -9999 -9999
-9999 -9999 -9999 -9999 0.131026 0.141073 0.149982 0.158503 0.16496 0.177226 0.190357 0.195152 0.198803 0.201724 0.204047 0.204262 0.205308 0.204016 0.208576 0.210217 0.211419 0.210729 0.211998 0.209903 0.210929 0.21987 0.227878 0.228706 0.226158 0.221884 0.223876 0.229392 0.228421 0.224419 -9999 -9999 -9999 -9999 -9999 -9999 0.246273 0.250264 0.253735 0.254878 0.251723 0.257881 0.255319 0.252253 0.251424 0.253665 0.254565 0.256415 0.255316 0.255315 0.253088 0.253675 -9999 -9999 -9999 -9999 0.249208 0.247745 0.245844 0.241261 0.227295 0.216199 0.205256 0.195441 -9999 -9999
-9999 -9999 -9999 -9999 0.131234 0.140603 0.148899 0.156118 0.164812 0.177186 0.190242 0.193938 0.197578 0.200678 0.203182 0.204575 0.204676 0.206398 0.207603 0.208055 0.204105 0.199518 0.204512 0.206086 0.204565 0.216975 0.224672 0.225334 0.221679 0.216661 0.22521 0.231298 0.229136 0.221017 -9999 -9999 -9999 0.230968 0.236309 0.237208 0.239002 0.24376 0.247463 0.255029 0.257453 0.261146 0.253918 0.250913 0.247538 0.248439 0.253904 0.25488 0.25543 0.255538 0.253508 0.249225 0.250304 0.250562 0.250037 0.248757 0.247441 0.245925 0.243601 0.23898 0.229953 0.220525 0.212414 0.191703 -9999 -9999
-9999 -9999 -9999 -9999 0.127943 0.137441 0.146592 0.156636 0.16403 0.172351 0.182923 0.19454 0.198684 0.20021 0.204139 0.205888 0.207093 0.207703 0.20793 0.204377 0.199274 0.194491 0.193589 0.199958 0.198271 0.206439 0.214176 0.220991 0.216569 0.212693 0.215609 0.223722 0.221677 0.216667 -9999 -9999 0.221323 0.231117 0.237998 0.241627 0.242887 0.243183 0.24759 0.24815 0.252955 0.25461 0.243727 0.24424 0.247146 0.248408 0.244866 0.245201 0.250284 0.250657 0.250939 0.250725 0.251491 0.251401 0.251001 0.250259 0.248494 0.247224 0.245114 0.241105 0.230525 0.22284 0.210686 0.188188 -9999 -9999
-9999 -9999 -9999 -9999 0.127299 0.137435 0.147765 0.155952 0.165208 0.173099 0.182491 0.190448 0.199775 0.201851 0.203458 0.206823 0.20795 0.208622 0.20901 0.205434 0.201412 0.195184 0.192346 0.19414 0.195347 0.195399 0.201202 0.204834 0.208476 0.213887 0.219758 0.225219 0.22387 0.220289 0.217742 -9999 0.222466 0.227233 0.235207 0.241837 0.245987 0.244525 0.24932 0.25026 0.255135 0.253829 0.24553 0.239011 0.238511 0.237842 0.241053 0.247703 0.251206 0.251959 0.251351 0.251719 0.252106 0.252233 0.252115 0.251686 0.250722 0.24918 0.246848 0.243456 0.236463 0.225763 0.212629 0.189015 -9999 -9999
-9999 -9999 -9999 0.106013 0.125327 0.137559 0.147556 0.156984 0.165963 0.174224 0.18485 0.192574 0.197866 0.204108 0.203351 0.205239 0.206822 0.209229 0.209533 0.209629 0.207625 0.199517 0.199729 0.195635 0.192426 0.195258 0.200601 0.210032 0.214515 0.216063 0.217246 0.221977 0.225592 0.22336 0.217383 0.219768 0.225168 0.229042 0.234486 0.242396 0.247791 0.250057 0.250788 0.254128 0.255263 0.249003 0.242239 0.240714 0.23865 0.238243 0.238331 0.240602 0.244375 0.251666 0.252861 0.252296 0.252931 0.253365 0.253546 0.25336 0.252589 0.251059 0.248827 0.245711 0.239523 0.229682 0.208786 0.18986 -9999 -9999
-9999 -9999 -9999 -9999 0.122801 0.133544 0.143092 0.152761 0.162845 0.172653 0.185302 0.191819 0.198367 0.203326 0.204936 0.203282 0.20685 0.208304 0.209597 0.209847 0.209998 0.203143 0.200558 0.1995 0.19651 0.203985 0.210189 0.21498 0.218736 0.216811 0.214969 0.216704 0.213125 0.216325 0.217125 0.221967 0.225921 0.233906 0.239306 0.241314 0.242527 0.250126 0.252872 0.25062 0.251963 0.248588 0.243277 0.240413 0.240562 0.24022 0.240401 0.23508 0.243283 0.244394 0.249139 0.253887 0.253971 0.254661 0.255109 0.255039 0.254379 0.252932 0.250674 0.246106 0.238972 0.229943 0.208499 0.190507 -9999 -9999
-9999 -9999 -9999 -9999 -9999 -9999 0.141385 0.15193 0.161677 0.171469 0.18601 0.193574 0.199703 0.204027 0.20592 0.205699 0.205549 0.206297 0.203195 0.205338 0.209499 0.210141 0.211062 0.206236 0.207151 0.214259 0.217515 0.21713 0.218225 0.21962 0.216866 0.220762 0.216356 0.213647 0.216635 0.226385 0.235155 0.24322 0.246658 0.244569 0.246141 0.248838 0.252345 0.253502 0.252037 0.248294 0.243272 0.239142 0.241789 0.241919 0.240701 0.24008 0.243096 0.246021 0.247997 0.252331 0.254368 0.255944 0.256525 0.256615 0.256012 0.254578 0.25025 0.245963 0.240526 0.233957 0.211683 0.189021 -9999 -9999
-9999 -9999 -9999 -9999 -9999 -9999 0.138442 0.148728 0.159855 0.173502 0.186647 0.194307 0.199781 0.204611 0.206897 0.20614 0.204437 0.201841 0.198223 0.200018 0.205307 0.208939 0.210489 0.206395 0.21386 0.216367 0.218369 0.216466 0.216768 0.219704 0.217486 0.220717 0.219451 0.215503 0.222358 0.228819 0.235527 0.244911 0.250516 0.252244 0.249683 0.251153 0.255116 0.253884 0.249865 0.249047 0.242656 0.237224 0.241242 0.24241 0.24171 0.242785 0.245042 0.247035 0.249846 0.252711 0.255109 0.256554 0.257536 0.257699 0.257158 0.2549 0.251652 0.247199 0.241504 0.234698 0.2174 0.188878 -9999 -9999
-9999 -9999 -9999 -9999 -9999 -9999 -9999 0.145437 0.159083 0.174401 0.186599 0.193095 0.200016 0.204513 0.206367 0.207229 0.204761 0.200205 0.190993 0.193045 0.197831 0.205188 0.2099 0.211235 0.213457 0.213568 0.209369 0.206801 0.211209 0.215632 0.215653 0.220514 0.218743 0.226679 0.234347 0.241637 0.245948 0.246403 0.251314 0.254736 0.25222 0.254117 0.256343 0.253239 0.250894 0.248901 0.242154 0.240933 0.240514 0.243014 0.241614 0.243647 0.246444 0.247871 0.250241 0.252812 0.255342 0.256958 0.257949 0.258241 0.257422 0.255472 0.25213 0.247483 0.24162 0.234642 0.225932 0.205232 0.190417 -9999
-9999 -9999 -9999 -9999 -9999 -9999 -9999 0.141302 0.152556 0.168952 0.181852 0.191895 0.199249 0.203703 0.204669 0.205257 0.201384 0.199898 0.191145 0.187684 0.190872 0.190067 0.200574 0.210702 0.213045 0.199586 0.197609 0.197978 0.204335 0.20993 0.214099 0.215334 0.217596 0.229838 0.238513 0.2453 0.250282 0.251912 0.252069 0.257417 0.257704 0.258344 0.256391 0.254982 0.250443 0.247265 0.244051 0.241 0.240024 0.242618 0.24041 0.243809 0.246384 0.247278 0.249119 0.252683 0.254884 0.256613 0.257343 0.257674 0.256754 0.254782 0.251456 0.24675 0.240769 0.233813 0.225871 0.213366 0.199356 0.188266
-9999 -9999 -9999 -9999 -9999 -9999 -9999 -9999 0.14475 0.163899 0.179187 0.188198 0.197278 0.202036 0.204053 0.20399 0.199904 0.195632 0.187905 0.17879 0.175878 0.189775 0.202475 0.210241 0.213571 0.202802 0.201228 0.205546 0.213886 0.216538 0.220069 0.223456 0.226094 0.227526 0.232916 0.241811 0.247346 0.252899 0.256308 0.25594 0.25654 0.257753 0.256267 0.254974 0.253037 0.251375 0.243484 0.244324 0.241946 0.242753 0.242635 0.243124 0.245571 0.245559 0.248658 0.251706 0.253856 0.254306 0.255604 0.255903 0.254941 0.252593 0.249576 0.244883 0.239021 0.232098 0.224381 0.213099 0.203609 0.191598
-9999 -9999 -9999 -9999 -9999 -9999 -9999 -9999 0.138588 0.15724 0.172523 0.185374 0.195093 0.199647 0.202599 0.203012 0.200309 0.194845 0.189808 0.179918 0.169598 0.184582 0.200649 0.209035 0.211666 0.204831 0.211904 0.213585 0.219464 0.219759 0.223115 0.231646 0.23266 0.232969 0.233256 0.232169 0.24434 0.250752 0.255217 0.256609 0.25638 0.255009 0.254561 0.253463 0.247462 0.249443 0.244197 0.242695 0.241655 0.241364 0.241472 0.242055 0.244704 0.246246 0.246999 0.248988 0.249512 0.251515 0.252724 0.252873 0.251801 0.249455 0.245814 0.242958 0.236364 0.229669 0.22221 0.211272 0.202708 0.193886
-9999 -9999 -9999 -9999 -9999 -9999 -9999 -9999 0.122453 0.145507 0.169142 0.181532 0.190655 0.196137 0.199788 0.199664 0.199307 0.195732 0.191859 0.185481 0.175923 0.1701 0.182527 0.198911 0.210687 0.215223 0.21841 0.219393 0.221119 0.225601 0.23085 0.237693 0.238501 0.236194 0.235174 0.235964 0.24554 0.247853 0.247725 0.255427 0.254265 0.252053 0.246826 0.243987 0.242721 0.24152 0.238027 0.234333 0.236065 0.238001 0.239185 0.240049 0.242601 0.241859 0.243883 0.243846 0.246065 0.247762 0.248719 0.248722 0.247588 0.245193 0.241649 0.237075 0.233944 0.227573 0.219532 0.209027 0.201033 0.192836
-9999 -9999 -9999 -9999 -9999 -9999 -9999 -9999 0.122909 0.146574 0.163938 0.174838 0.185915 0.191237 0.196454 0.198224 0.197913 0.1951 0.190889 0.185891 0.177925 0.172129 0.17966 0.192726 0.20168 0.209217 0.217081 0.220655 0.224107 0.22914 0.233086 0.242741 0.243331 0.238047 0.238108 0.236081 0.246403 0.248613 0.247787 0.251588 0.25038 0.24262 0.235958 0.233349 0.237822 0.233438 0.227409 0.227818 0.229173 0.234293 0.229758 0.231154 0.236513 0.238647 0.237681 0.239862 0.241737 0.243152 0.243841 0.243685 0.242505 0.240137 0.236742 0.232364 0.227028 0.223936 0.217233 0.206885 0.199019 0.19154
-9999 -9999 -9999 -9999 -9999 -9999 -9999 -9999 0.120169 0.140961 0.15669 0.170289 0.181478 0.187873 0.19283 0.195055 0.194549 0.193784 0.19154 0.187424 0.184632 0.179644 0.172899 0.186266 0.193803 0.202176 0.206665 0.213759 0.217715 0.220515 0.233937 0.239488 0.23904 0.237868 0.239411 0.239413 0.245937 0.247183 0.247564 0.247127 0.24106 0.232461 0.225016 0.227491 0.224919 0.229275 0.217787 0.21754 0.220771 0.221947 0.22376 0.222701 0.231632 0.230487 0.232849 0.234984 0.236768 0.237804 0.238331 0.237959 0.236691 0.234457 0.231239 0.227156 0.222273 0.216738 0.213747 0.203976 0.197014 0.184276
-9999 -9999 -9999 -9999 -9999 -9999 -9999 -9999 -9999 0.1325 0.149445 0.165568 0.176062 0.1836 0.188471 0.190747 0.191412 0.191426 0.190509 0.187891 0.184339 0.17847 0.174464 0.178623 0.186368 0.192088 0.197354 0.207766 0.213864 0.214365 0.216542 0.221546 0.230761 0.234046 0.2366 0.238619 0.242605 0.243152 0.242331 0.23862 0.226857 0.220721 0.214809 0.213622 0.209718 0.21736 0.209926 0.213821 0.215348 0.216045 0.211788 0.215012 0.217686 0.221354 0.222652 0.225606 0.231193 0.232006 0.232253 0.23173 0.230471 0.228359 0.225393 0.218152 0.213348 0.207961 0.205226 0.195783 0.188839 0.182064
-9999 -9999 -9999 -9999 -9999 -9999 -9999 -9999 -9999 0.127313 0.144709 0.162402 0.17047 0.17805 0.184537 0.18686 0.186983 0.186781 0.186209 0.185197 0.180985 0.176956 0.173297 0.172947 0.175407 0.183371 0.189937 0.202212 0.207293 0.21006 0.207678 0.2078 0.218448 0.22773 0.230888 0.23257 0.226868 0.229643 0.226208 0.220759 0.218747 0.215437 0.209188 0.210281 0.205263 0.205678 0.204279 0.206155 0.206969 0.210225 0.206456 0.208386 0.210486 0.21433 0.215647 0.219697 0.221699 0.222564 0.222685 0.222117 0.220763 0.218657 0.215714 0.212049 0.207758 0.202887 0.197451 0.194106 0.179865 0.17412
-9999 -9999 -9999 -9999 -9999 -9999 -9999 -9999 -9999 0.127277 0.140214 0.155925 0.168164 0.171684 0.178561 0.182944 0.182912 0.18232 0.181416 0.181503 0.177021 0.172023 0.168279 0.163855 0.166304 0.172209 0.187643 0.196326 0.200323 0.202207 0.203482 0.208451 0.216253 0.221506 0.224597 0.225917 0.225837 0.225976 0.223601 0.222428 0.218 0.210912 0.207488 0.208087 0.200255 0.199847 0.201697 0.198299 0.202213 0.204169 0.199112 0.200554 0.205907 0.209128 0.212122 0.213945 0.214972 0.21588 0.215734 0.215066 0.213751 0.211751 0.209127 0.20582 0.202021 0.197314 0.192019 0.182325 0.175242 0.170609
-9999 -9999 -9999 -9999 -9999 -9999 -9999 -9999 -9999 0.127362 0.138913 0.152591 0.161912 0.165715 0.172853 0.179139 0.180388 0.179732 0.180336 0.179246 0.175703 0.17169 0.167291 0.165882 0.161191 0.169 0.182667 0.19016 0.195139 0.197275 0.197544 0.203328 0.20905 0.212561 0.218007 0.219633 0.219817 0.21583 0.213991 0.215207 0.21403 0.211801 0.206769 0.20587 0.202319 0.200518 0.198939 0.194942 0.196807 0.196863 0.193639 0.19941 0.20223 0.204352 0.206373 0.207238 0.208194 0.209069 0.208804 0.208044 0.206749 0.20495 0.202563 0.199523 0.196105 0.191392 0.185525 0.177708 0.16734 0.167298
-9999 -9999 -9999 -9999 -9999 -9999 -9999 -9999 -9999 0.12465 0.136238 0.147991 0.154336 0.157344 0.168139 0.175322 0.17697 0.177404 0.177507 0.173254 0.174683 0.174715 0.170908 0.164939 0.158409 0.16078 0.171591 0.183305 0.187824 0.18692 0.186493 0.190072 0.197182 0.203639 0.210147 0.212772 0.212448 0.205587 0.197949 0.202008 0.206071 0.205849 0.204312 0.199779 0.198038 0.196473 0.193201 0.184149 0.188431 0.189654 0.191797 0.193572 0.196466 0.198977 0.198339 0.199021 0.20126 0.202341 0.201913 0.201109 0.199933 0.198278 0.196174 0.193293 0.190047 0.186175 0.177607 0.170889 0.160104 0.164405
-9999 -9999 -9999 -9999 -9999 -9999 -9999 -9999 -9999 0.120747 0.129573 0.140546 0.146257 0.153809 0.163894 0.169625 0.173083 0.174418 0.174899 0.173658 0.173349 0.171632 0.167652 0.161849 0.155363 0.151754 0.156015 0.174215 0.175491 0.177521 0.176 0.181329 0.188416 0.198115 0.204124 0.205866 0.206352 0.205479 0.200014 0.193106 0.193265 0.196874 0.193727 0.190028 0.191772 0.191247 0.188185 0.186022 0.184633 0.18158 0.184696 0.185875 0.189 0.193696 0.194343 0.194126 0.195924 0.195666 0.195137 0.194378 0.193251 0.191804 0.190009 0.187594 0.18443 0.178362 0.172556 0.165395 0.161902 0.16377
-9999 -9999 -9999 -9999 -9999 -9999 -9999 -9999 -9999 0.115012 0.124541 0.134617 0.144032 0.152889 0.160611 0.162592 0.167183 0.168469 0.171364 0.172056 0.170966 0.169718 0.166463 0.158627 0.152313 0.145386 0.14909 0.164675 0.173763 0.170978 0.164759 0.173632 0.183234 0.191961 0.197067 0.194643 0.198699 0.199015 0.19724 0.19329 0.18685 0.187131 0.182214 0.182044 0.184645 0.185512 0.185138 0.183613 0.177665 0.177876 0.179386 0.179605 0.182297 0.185722 0.18905 0.189348 0.189648 0.189181 0.188548 0.187786 0.186778 0.185475 0.183844 0.181773 0.17693 0.171334 0.166924 0.161559 0.158721 0.159821
