Test_Spring_2018/01_18/Prec/20180102_023.txt
ncols	170
nrows	115
xllcorner	350000.000000
yllcorner	4445000.000000
cellsize	1000.000000
nodata_value	-9999.000000
[rows 31 to 61 of 115, columns 70 to 139 of 170]
0 0 0 0 0 0.100173 0.103908 0.104357 0.111761 0.112104 0.112469 0.112816 0.113195 0.113627 0.114085 0.114685 0.115576 0.116237 0.117094 0.118232 0.119429 0.120794 0.122493 0.124511 0.126604 0.128905 0.133154 0.137128 0.1397 -9999 -9999 -9999 -9999 -9999 -9999 -9999 -9999 -9999 -9999 -9999 -9999 -9999 -9999 -9999 -9999 -9999 -9999 -9999 -9999 -9999 -9999 -9999 -9999 -9999 -9999 -9999 -9999 -9999 -9999 -9999 -9999 -9999 -9999 -9999 -9999 -9999 -9999 -9999 -9999 -9999
0 0 0 0 0 0 0.104171 0.108012 0.112133 0.112493 0.11288 0.11331 0.113728 0.114185 0.114688 0.115323 0.11618 0.117133 0.117948 0.119008 0.120304 0.121591 0.123238 0.125161 0.127315 0.129258 0.131476 0.137517 0.144862 -9999 -9999 -9999 -9999 -9999 -9999 -9999 -9999 -9999 -9999 -9999 -9999 -9999 -9999 -9999 -9999 -9999 -9999 -9999 -9999 -9999 -9999 -9999 -9999 -9999 -9999 -9999 -9999 -9999 -9999 -9999 -9999 -9999 -9999 -9999 -9999 -9999 -9999 -9999 -9999 -9999
0 0 0 0 0 0 0.100942 0.108312 0.112435 0.112801 0.113192 0.113614 0.11406 0.114547 0.115125 0.1158 0.116654 0.117653 0.118622 0.11959 0.120809 0.122181 0.123793 0.125584 0.127569 0.129486 0.131568 0.135846 0.145094 0.149692 -9999 -9999 -9999 -9999 -9999 -9999 -9999 -9999 -9999 -9999 -9999 -9999 -9999 -9999 -9999 -9999 -9999 -9999 -9999 -9999 -9999 -9999 -9999 -9999 -9999 -9999 -9999 -9999 -9999 -9999 -9999 -9999 -9999 -9999 -9999 -9999 -9999 -9999 -9999 -9999
0 0 0 0 0 0 0.104543 0.112365 0.11273 0.113028 0.113419 0.113827 0.114293 0.114794 0.115369 0.11605 0.116855 0.117791 0.118951 0.119879 0.120991 0.122379 0.123935 0.125695 0.127663 0.129565 0.131659 0.140915 0.147493 0.149911 0.152192 -9999 -9999 -9999 -9999 -9999 -9999 -9999 -9999 -9999 -9999 -9999 -9999 -9999 -9999 -9999 -9999 -9999 -9999 -9999 -9999 -9999 -9999 -9999 -9999 -9999 -9999 -9999 -9999 -9999 -9999 -9999 -9999 -9999 -9999 -9999 -9999 -9999 -9999 -9999
-9999 0 0 0 0 0 0.101441 0.108706 0.112844 0.113191 0.113544 0.11394 0.114395 0.114958 0.11549 0.116087 0.116844 0.117793 0.118871 0.119983 0.121044 0.122394 0.12397 0.125664 0.12764 0.129617 0.131762 0.13947 0.145419 0.150095 0.152427 0.1547 -9999 -9999 -9999 -9999 -9999 -9999 -9999 -9999 -9999 -9999 -9999 -9999 -9999 -9999 -9999 -9999 -9999 -9999 -9999 -9999 -9999 -9999 -9999 -9999 -9999 -9999 -9999 -9999 -9999 -9999 -9999 -9999 -9999 -9999 -9999 -9999 -9999 -9999
-9999 -9999 -9999 -9999 0 0.101351 0.105122 0.10882 0.112922 0.113243 0.113566 0.113933 0.11439 0.11485 0.115335 0.115942 0.116683 0.117513 0.118526 0.1197 0.120909 0.122189 0.123861 0.125542 0.127498 0.129571 0.131846 0.141557 0.145688 0.150428 0.152828 0.155143 -9999 -9999 -9999 -9999 -9999 -9999 -9999 -9999 -9999 -9999 -9999 -9999 -9999 -9999 -9999 -9999 -9999 -9999 -9999 -9999 -9999 -9999 -9999 -9999 -9999 -9999 -9999 -9999 -9999 -9999 -9999 -9999 -9999 -9999 -9999 -9999 -9999 -9999
-9999 -9999 -9999 -9999 -9999 0.101728 0.105346 0.105695 0.112929 0.113233 0.113499 0.113818 0.114179 0.114568 0.115022 0.115566 0.11624 0.117054 0.118043 0.119128 0.120302 0.12177 0.12346 0.125311 0.127311 0.129529 0.13724 0.141768 0.144565 0.150852 0.1534 0.155712 0.157926 -9999 -9999 -9999 -9999 -9999 -9999 -9999 -9999 -9999 -9999 -9999 -9999 0.176871 -9999 -9999 -9999 -9999 -9999 -9999 -9999 -9999 -9999 -9999 -9999 -9999 -9999 -9999 -9999 -9999 -9999 -9999 -9999 -9999 0.209421 -9999 -9999 -9999
-9999 -9999 -9999 -9999 0 0.105087 0.105487 0.105875 0.109398 0.113137 0.113344 0.113598 0.113879 0.114191 0.114584 0.115026 0.11561 0.11638 0.117269 0.118314 0.119595 0.121104 0.122849 0.124835 0.127038 0.129425 0.138757 0.141728 0.144676 0.148862 0.153723 0.156255 0.158637 0.160784 -9999 -9999 -9999 -9999 -9999 -9999 -9999 0.171673 0.173007 0.174462 0.176048 0.177757 0.179775 -9999 -9999 -9999 -9999 -9999 -9999 -9999 -9999 -9999 -9999 -9999 -9999 -9999 -9999 -9999 -9999 -9999 -9999 -9999 0.212271 0.212224 -9999 -9999
-9999 -9999 -9999 -9999 0.104898 0.105267 0.10568 0.106067 0.106474 0.112956 0.113136 0.113291 0.113464 0.113678 0.113958 0.114292 0.114805 0.115464 0.116321 0.117351 0.118669 0.120279 0.122159 0.124294 0.126697 0.129261 0.138545 0.141726 0.144942 0.148097 0.154218 0.156994 0.159534 0.161794 -9999 -9999 -9999 -9999 -9999 -9999 0.171076 0.172204 0.173483 0.175055 0.176675 0.178526 0.180688 0.189485 -9999 -9999 -9999 -9999 -9999 -9999 -9999 -9999 -9999 -9999 -9999 -9999 -9999 -9999 0.216188 0.215951 0.215742 0.215417 0.215103 0.214926 -9999 -9999
-9999 -9999 -9999 -9999 0.105127 0.105473 0.10586 0.106255 0.10668 0.110066 0.112851 0.112919 0.11298 0.113055 0.113184 0.113444 0.113825 0.114445 0.115174 0.11624 0.117616 0.119349 0.121356 0.123741 0.126338 0.135069 0.138324 0.141802 0.145344 0.148839 0.154297 0.157893 0.160454 0.162778 -9999 -9999 -9999 -9999 -9999 -9999 0.171664 0.172719 0.173947 0.175443 0.17729 0.179219 0.187452 0.190266 0.193217 0.196238 0.199364 0.207003 0.208094 0.210629 0.213009 0.215061 -9999 -9999 -9999 -9999 0.220051 0.219954 0.219599 0.219113 0.218728 0.218265 0.217862 0.219537 -9999 -9999
-9999 -9999 -9999 -9999 0.105295 0.105657 0.106063 0.106493 0.106871 0.110086 0.11255 0.114601 0.114409 0.114217 0.114086 0.114096 0.114318 0.114756 0.115509 0.116623 0.118196 0.120149 0.122249 0.123001 0.126746 0.134494 0.138075 0.14188 0.145761 0.149565 0.155062 0.158737 0.161462 0.166384 -9999 -9999 -9999 0.17156 0.172356 0.173235 0.174166 0.175183 0.176439 0.175817 0.177607 0.182869 0.187861 0.190972 0.194317 0.197735 0.201151 0.204676 0.210557 0.213431 0.216109 0.219067 0.220892 0.222326 0.223336 0.223915 0.224071 0.22386 0.223372 0.222734 0.221584 0.220878 0.220229 0.222568 -9999 -9999
-9999 -9999 -9999 -9999 0.108191 0.108584 0.10895 0.10931 0.109663 0.109896 0.112424 0.114105 0.113732 0.11339 0.113042 0.112871 0.112923 0.113281 0.114002 0.115207 0.11687 0.11895 0.121352 0.124616 0.127864 0.135491 0.13928 0.141975 0.149865 0.153762 0.157233 0.162243 0.165246 0.167469 -9999 -9999 0.171529 0.172187 0.172799 0.173476 0.174303 0.17534 0.176555 0.178176 0.180065 0.185197 0.190217 0.193468 0.195244 0.199038 0.204368 0.20812 0.215458 0.216957 0.219739 0.222189 0.224204 0.225763 0.226816 0.227357 0.227431 0.227068 0.226389 0.225528 0.224702 0.223818 0.224886 0.225118 -9999 -9999
-9999 -9999 -9999 -9999 0.110656 0.111178 0.111596 0.111927 0.112083 0.11004 0.112339 0.111933 0.113052 0.112502 0.112008 0.111619 0.11152 0.111765 0.112428 0.113638 0.115345 0.117583 0.120207 0.123682 0.12714 0.138652 0.142901 0.147134 0.15121 0.155005 0.158047 0.163173 0.165915 0.168386 0.170118 -9999 0.172229 0.172835 0.173257 0.173714 0.174351 0.175342 0.176519 0.178162 0.182439 0.185209 0.190335 0.195616 0.199364 0.203247 0.207107 0.209991 0.217523 0.220891 0.222508 0.225172 0.227364 0.22902 0.2301 0.230598 0.230554 0.230044 0.229181 0.228096 0.226979 0.227532 0.226745 0.226796 -9999 -9999
-9999 -9999 -9999 0.108403 0.110909 0.111427 0.111871 0.112169 0.112293 0.112236 0.114008 0.111695 0.111117 0.111653 0.111016 0.110477 0.110217 0.110317 0.110927 0.112064 0.113793 0.116196 0.119244 0.125902 0.130089 0.138079 0.142696 0.147137 0.151492 0.155626 0.159404 0.164395 0.166888 0.169145 0.171027 0.17214 0.17282 0.17328 0.173585 0.173857 0.174341 0.17517 0.176407 0.179766 0.182187 0.1869 0.192102 0.195981 0.200083 0.20429 0.208552 0.212749 0.220102 0.223059 0.226274 0.227908 0.230238 0.23197 0.233062 0.23351 0.233361 0.232704 0.23166 0.230375 0.230347 0.229239 0.22877 0.228589 -9999 -9999
-9999 -9999 -9999 -9999 0.111222 0.111814 0.112287 0.112572 0.112633 0.112471 0.11395 0.113037 0.111993 0.110078 0.110133 0.109507 0.109068 0.109093 0.109634 0.110774 0.112517 0.11724 0.12084 0.124908 0.129391 0.137461 0.142381 0.147217 0.151848 0.156276 0.160293 0.165375 0.168167 0.170225 0.171784 0.172788 0.173357 0.173568 0.173716 0.173973 0.174436 0.175081 0.177428 0.180738 0.183496 0.186838 0.192183 0.196362 0.200701 0.205197 0.209747 0.214392 0.221746 0.225387 0.228558 0.231172 0.232694 0.234478 0.235568 0.235967 0.235724 0.234939 0.233744 0.233285 0.232088 0.230908 0.230138 0.229804 -9999 -9999
-9999 -9999 -9999 -9999 -9999 -9999 0.112708 0.112964 0.112995 0.112766 0.114003 0.112928 0.111739 0.110548 0.10949 0.108721 0.108254 0.108219 0.10882 0.110722 0.112987 0.116059 0.119783 0.124163 0.131881 0.137038 0.142278 0.147456 0.152344 0.156863 0.161022 0.166065 0.168888 0.171041 0.172471 0.173225 0.173599 0.173675 0.173736 0.173971 0.174343 0.176334 0.178045 0.180384 0.18334 0.186862 0.192348 0.196776 0.201287 0.205999 0.210803 0.21556 0.223088 0.22683 0.230172 0.232951 0.235188 0.236414 0.237493 0.237846 0.23753 0.236652 0.235984 0.234681 0.233307 0.231994 0.231176 0.230852 -9999 -9999
-9999 -9999 -9999 -9999 -9999 -9999 0.113237 0.113489 0.113457 0.113089 0.114217 0.113032 0.111738 0.110416 0.109238 0.108354 0.107856 0.107848 0.108681 0.110189 0.112479 0.115602 0.119457 0.123983 0.131656 0.137093 0.142524 0.147878 0.1529 0.157475 0.161682 0.166724 0.169462 0.171595 0.172871 0.17361 0.173911 0.173878 0.173809 0.174008 0.174885 0.176093 0.177844 0.180317 0.183437 0.187025 0.192648 0.197253 0.201882 0.206714 0.211639 0.216483 0.22405 0.227879 0.231248 0.234085 0.236321 0.237913 0.238741 0.23906 0.238702 0.238044 0.236921 0.235585 0.234182 0.232848 0.231901 0.231662 -9999 -9999
-9999 -9999 -9999 -9999 -9999 -9999 -9999 0.114116 0.114004 0.113558 0.114647 0.11342 0.112024 0.11064 0.10941 0.108444 0.107929 0.107982 0.10887 0.110403 0.112755 0.115863 0.119726 0.124213 0.132054 0.13761 0.14323 0.148638 0.153593 0.158141 0.162287 0.167259 0.169959 0.171779 0.172977 0.173636 0.173936 0.174049 0.173975 0.174165 0.174934 0.176167 0.178007 0.180584 0.18374 0.187428 0.193113 0.197691 0.20247 0.207316 0.212286 0.217126 0.224663 0.228489 0.231844 0.234658 0.23686 0.238419 0.239313 0.239572 0.239274 0.238508 0.2374 0.23609 0.234719 0.233417 0.232313 0.231916 0.231563 -9999
-9999 -9999 -9999 -9999 -9999 -9999 -9999 0.114879 0.114802 0.114312 0.11541 0.114086 0.112664 0.11127 0.110056 0.109549 0.108855 0.108799 0.109706 0.11139 0.113795 0.117088 0.120824 0.125108 0.132955 0.138751 0.144262 0.149538 0.154376 0.158817 0.162791 0.167789 0.170328 0.171993 0.173121 0.173764 0.174042 0.174339 0.174334 0.174521 0.175289 0.176601 0.178579 0.18116 0.184392 0.188119 0.193723 0.198312 0.203058 0.20784 0.21275 0.217471 0.224956 0.228697 0.231971 0.234681 0.236824 0.238335 0.239305 0.239531 0.239324 0.238491 0.237452 0.236224 0.234941 0.233724 0.23268 0.232164 0.231836 0.231761
-9999 -9999 -9999 -9999 -9999 -9999 -9999 -9999 0.115774 0.115223 0.116379 0.115104 0.113682 0.112327 0.112337 0.111087 0.110457 0.110519 0.111445 0.113233 0.115768 0.118697 0.12231 0.126543 0.134326 0.139901 0.145234 0.150256 0.154885 0.159233 0.163074 0.167964 0.170402 0.172237 0.173406 0.174609 0.175072 0.174912 0.174927 0.175327 0.17615 0.177544 0.179553 0.182145 0.185303 0.188949 0.194588 0.198977 0.203613 0.208274 0.212963 0.217559 0.224958 0.22855 0.231644 0.234237 0.236285 0.238118 0.238841 0.239093 0.238942 0.238477 0.23714 0.236044 0.234896 0.23381 0.232879 0.232435 0.232076 0.232058
-9999 -9999 -9999 -9999 -9999 -9999 -9999 -9999 0.116873 0.116352 0.117693 0.116404 0.115216 0.115922 0.114406 0.113284 0.112741 0.112915 0.113829 0.115637 0.118221 0.119988 0.124441 0.128483 0.132982 0.141425 0.146314 0.151142 0.155587 0.159767 0.163418 0.168136 0.170503 0.172301 0.174611 0.176001 0.175875 0.175827 0.175955 0.176442 0.177385 0.178859 0.181024 0.183507 0.186691 0.190153 0.195614 0.19986 0.204248 0.208692 0.213119 0.217445 0.224731 0.228065 0.23101 0.234387 0.236152 0.237341 0.238064 0.238359 0.238289 0.237932 0.237381 0.236669 0.234649 0.233724 0.232934 0.232611 0.232316 0.232277
-9999 -9999 -9999 -9999 -9999 -9999 -9999 -9999 0.118364 0.117783 0.119554 0.118301 0.119892 0.118371 0.117042 0.116115 0.115672 0.115908 0.116844 0.118561 0.121051 0.1241 0.126105 0.129635 0.135058 0.143071 0.147723 0.152258 0.156506 0.160337 0.163725 0.168425 0.172405 0.173961 0.176294 0.176756 0.176836 0.177042 0.177431 0.177925 0.178998 0.180554 0.182671 0.185558 0.188667 0.191695 0.19695 0.200992 0.205041 0.209136 0.213226 0.217223 0.224394 0.22893 0.231447 0.233654 0.235229 0.236373 0.2371 0.237447 0.237469 0.237238 0.236832 0.236331 0.235702 0.235207 0.232886 0.232702 0.232487 0.232488
-9999 -9999 -9999 -9999 -9999 -9999 -9999 -9999 0.12009 0.122457 0.1214 0.123937 0.122533 0.121254 0.120124 0.119367 0.119092 0.119423 0.120409 0.122064 0.124416 0.127295 0.130371 0.132424 0.136194 0.14415 0.149516 0.153657 0.157556 0.163095 0.166247 0.170884 0.17287 0.176261 0.177172 0.177832 0.178063 0.178452 0.179029 0.179754 0.180932 0.182659 0.184796 0.187278 0.190566 0.193983 0.1993 0.202176 0.205917 0.209608 0.214865 0.218531 0.225674 0.228347 0.230927 0.232777 0.234249 0.235342 0.236073 0.236473 0.23659 0.236488 0.23623 0.235886 0.235522 0.235017 0.234744 0.234819 0.232605 0.232647
-9999 -9999 -9999 -9999 -9999 -9999 -9999 -9999 0.122191 0.124444 0.123533 0.126631 0.125466 0.124418 0.123541 0.122994 0.122896 0.123292 0.124271 0.125863 0.127983 0.130654 0.133789 0.136827 0.138974 0.146695 0.15246 0.156467 0.16029 0.163796 0.169525 0.171807 0.175973 0.17736 0.178337 0.179096 0.179579 0.180167 0.180885 0.181838 0.183211 0.184988 0.187111 0.189386 0.192112 0.195811 0.200998 0.205689 0.20938 0.213084 0.215073 0.218436 0.225423 0.228268 0.230272 0.231958 0.233317 0.234359 0.235088 0.235538 0.235746 0.235763 0.235645 0.235449 0.235227 0.235025 0.234656 0.234839 0.2349 0.237588
-9999 -9999 -9999 -9999 -9999 -9999 -9999 -9999 -9999 0.127408 0.131316 0.130299 0.129327 0.128446 0.127765 0.127399 0.12743 0.127922 0.128936 0.130509 0.132611 0.135229 0.138203 0.141314 0.143292 0.151134 0.154938 0.158511 0.161962 0.16524 0.170867 0.175849 0.177487 0.178869 0.179953 0.180828 0.181409 0.182177 0.183071 0.18421 0.185774 0.187832 0.189954 0.192299 0.195003 0.198772 0.203785 0.207055 0.21041 0.213747 0.217086 0.225026 0.227918 0.229933 0.231707 0.23315 0.232522 0.233506 0.23423 0.234719 0.235003 0.235126 0.235132 0.237076 0.237109 0.237145 0.237039 0.237311 0.237473 0.237674
-9999 -9999 -9999 -9999 -9999 -9999 -9999 -9999 -9999 0.135027 0.134333 0.133504 0.132829 0.1322 0.131725 0.131565 0.131766 0.132357 0.133382 0.134861 0.136842 0.139216 0.141922 0.144826 0.14786 0.154114 0.157533 0.160732 0.163907 0.166886 0.17563 0.177807 0.179398 0.180696 0.181863 0.182878 0.183954 0.184843 0.185949 0.187256 0.188704 0.190431 0.192488 0.194649 0.197183 0.199808 0.205624 0.208591 0.211601 0.21452 0.217496 0.225359 0.228054 0.229846 0.231446 0.232739 0.233833 0.234721 0.235412 0.23593 0.236305 0.236568 0.236752 0.236885 0.236993 0.237098 0.237219 0.237188 0.237677 0.237887
-9999 -9999 -9999 -9999 -9999 -9999 -9999 -9999 -9999 0.137922 0.137494 0.136913 0.136374 0.136065 0.1358 0.135784 0.136128 0.136805 0.137845 0.139237 0.14109 0.143289 0.145752 0.148463 0.151194 0.15395 0.160153 0.163134 0.166073 0.168855 0.177721 0.179724 0.181369 0.182801 0.184059 0.185199 0.186284 0.187354 0.188539 0.18982 0.191339 0.193112 0.195015 0.197037 0.199431 0.201829 0.204309 0.210212 0.212816 0.215423 0.218097 0.22654 0.228291 0.229889 0.231287 0.232503 0.233533 0.234373 0.235058 0.235595 0.236009 0.236327 0.236572 0.23677 0.236939 0.237106 0.237282 0.237558 0.237803 0.238016
-9999 -9999 -9999 -9999 -9999 -9999 -9999 -9999 -9999 0.140933 0.140687 0.140334 0.140062 0.139953 0.139876 0.139982 0.140417 0.141157 0.142163 0.143514 0.14522 0.147218 0.149473 0.151867 0.154485 0.15693 0.162941 0.165697 0.168398 0.177771 0.180079 0.182017 0.183711 0.185229 0.186518 0.187753 0.188939 0.190195 0.191441 0.192706 0.194146 0.195755 0.197582 0.199478 0.201576 0.203764 0.206049 0.211815 0.214147 0.216483 0.219844 0.227091 0.228669 0.230099 0.231362 0.232478 0.233424 0.234212 0.234876 0.235418 0.235856 0.236208 0.236497 0.236743 0.236959 0.237178 0.237411 0.237685 0.238024 0.23816
-9999 -9999 -9999 -9999 -9999 -9999 -9999 -9999 -9999 0.144075 0.143965 0.143816 0.143785 0.143871 0.143881 0.144105 0.144627 0.14539 0.146399 0.147752 0.149233 0.150982 0.153028 0.155304 0.157735 0.160073 0.16639 0.168407 0.170949 0.180498 0.182748 0.184709 0.186391 0.187897 0.18924 0.190541 0.191824 0.193212 0.194627 0.195838 0.197129 0.198614 0.200241 0.202047 0.203904 0.205854 0.207921 0.211689 0.215643 0.217671 0.22636 0.227875 0.229246 0.230492 0.231668 0.232674 0.233508 0.234234 0.23487 0.235403 0.235846 0.236217 0.236531 0.23681 0.23706 0.237298 0.237622 0.237899 0.238414 0.238321
-9999 -9999 -9999 -9999 -9999 -9999 -9999 -9999 -9999 0.147269 0.147335 0.147343 0.147479 0.147619 0.147782 0.148149 0.148708 0.149483 0.150466 0.15169 0.153102 0.154746 0.15663 0.158721 0.160967 0.163258 0.165445 0.171268 0.177243 0.183334 0.185571 0.187496 0.189213 0.190708 0.192135 0.193532 0.194864 0.196171 0.197557 0.198986 0.200302 0.201604 0.203125 0.204739 0.206318 0.208022 0.209844 0.211695 0.217136 0.220117 0.227494 0.228814 0.229996 0.231039 0.232056 0.232975 0.233737 0.234433 0.235032 0.235543 0.235979 0.236352 0.236674 0.236963 0.237232 0.23754 0.237825 0.23813 0.238352 0.238464
-9999 -9999 -9999 -9999 -9999 -9999 -9999 -9999 -9999 0.15048 0.150633 0.15078 0.150964 0.151202 0.151529 0.152066 0.152656 0.153449 0.154357 0.155477 0.156809 0.158321 0.16005 0.16204 0.164141 0.166374 0.168465 0.174266 0.183825 0.1862 0.188538 0.190418 0.192135 0.193721 0.195242 0.196798 0.198107 0.199416 0.200718 0.202041 0.203417 0.204671 0.206078 0.207435 0.208792 0.210248 0.211787 0.213397 0.216499 0.22145 0.228658 0.229816 0.230847 0.231779 0.23262 0.233432 0.234148 0.234789 0.235347 0.235828 0.236245 0.236607 0.236925 0.237212 0.237526 0.237833 0.238098 0.238373 0.238587 0.238871
