Test_Spring_2018/01_18/Prec/20180121_009.txt
ncols	170
nrows	115
xllcorner	350000.000000
yllcorner	4445000.000000
cellsize	1000.000000
nodata_value	-9999.000000
[rows 31 to 61 of 115, columns 70 to 139 of 170]
0.19927 0.201614 0.202561 0.201158 0.20156 0.2067 0.210489 0.210828 0.214493 0.214405 0.212867 0.212489 0.211251 0.208882 0.207895 0.203459 0.189071 0.192988 0.194385 0.190003 0.192052 0.19553 0.191937 0.181876 0.177361 0.170287 0.172326 0.173231 0.167353 -9999 -9999 -9999 -9999 -9999 -9999 -9999 -9999 -9999 -9999 -9999 -9999 -9999 -9999 -9999 -9999 -9999 -9999 -9999 -9999 -9999 -9999 -9999 -9999 -9999 -9999 -9999 -9999 -9999 -9999 -9999 -9999 -9999 -9999 -9999 -9999 -9999 -9999 -9999 -9999 -9999
0.197037 0.198337 0.198545 0.197388 0.200152 0.202794 0.205737 0.206246 0.21308 0.213447 0.212573 0.210022 0.209214 0.208303 0.207743 0.204133 0.193875 0.184564 0.189359 0.189286 0.185644 0.191516 0.188007 0.179283 0.167078 0.173266 0.171294 0.166173 0.167047 -9999 -9999 -9999 -9999 -9999 -9999 -9999 -9999 -9999 -9999 -9999 -9999 -9999 -9999 -9999 -9999 -9999 -9999 -9999 -9999 -9999 -9999 -9999 -9999 -9999 -9999 -9999 -9999 -9999 -9999 -9999 -9999 -9999 -9999 -9999 -9999 -9999 -9999 -9999 -9999 -9999
0.191482 0.19451 0.194211 0.194111 0.1982 0.198787 0.200477 0.205952 0.21149 0.212415 0.21238 0.211517 0.210752 0.209844 0.207106 0.20302 0.194282 0.183738 0.181251 0.186234 0.186288 0.186891 0.183698 0.179736 0.173674 0.178149 0.17972 0.174122 0.173465 0.168788 -9999 -9999 -9999 -9999 -9999 -9999 -9999 -9999 -9999 -9999 -9999 -9999 -9999 -9999 -9999 -9999 -9999 -9999 -9999 -9999 -9999 -9999 -9999 -9999 -9999 -9999 -9999 -9999 -9999 -9999 -9999 -9999 -9999 -9999 -9999 -9999 -9999 -9999 -9999 -9999
0.184913 0.189971 0.189458 0.186833 0.189739 0.192167 0.198368 0.205161 0.206278 0.211056 0.211395 0.211682 0.210305 0.209194 0.207064 0.203187 0.197531 0.190639 0.178588 0.185848 0.191464 0.191116 0.190574 0.187738 0.181919 0.186319 0.186278 0.182612 0.178173 0.173156 0.170925 -9999 -9999 -9999 -9999 -9999 -9999 -9999 -9999 -9999 -9999 -9999 -9999 -9999 -9999 -9999 -9999 -9999 -9999 -9999 -9999 -9999 -9999 -9999 -9999 -9999 -9999 -9999 -9999 -9999 -9999 -9999 -9999 -9999 -9999 -9999 -9999 -9999 -9999 -9999
-9999 0.184619 0.184353 0.181194 0.18433 0.188213 0.194637 0.201221 0.206348 0.20838 0.210347 0.210798 0.20948 0.20451 0.204032 0.203989 0.200351 0.192528 0.184645 0.182509 0.191177 0.193513 0.192782 0.194518 0.189557 0.191536 0.190369 0.191323 0.183603 0.179956 0.176769 0.170725 -9999 -9999 -9999 -9999 -9999 -9999 -9999 -9999 -9999 -9999 -9999 -9999 -9999 -9999 -9999 -9999 -9999 -9999 -9999 -9999 -9999 -9999 -9999 -9999 -9999 -9999 -9999 -9999 -9999 -9999 -9999 -9999 -9999 -9999 -9999 -9999 -9999 -9999
-9999 -9999 -9999 -9999 0.177722 0.184306 0.191055 0.197289 0.204368 0.207028 0.209524 0.210132 0.207114 0.205821 0.206024 0.203817 0.199638 0.196973 0.192005 0.186764 0.188573 0.195904 0.192337 0.19743 0.196732 0.197461 0.193648 0.19046 0.181433 0.179634 0.176759 0.171814 -9999 -9999 -9999 -9999 -9999 -9999 -9999 -9999 -9999 -9999 -9999 -9999 -9999 -9999 -9999 -9999 -9999 -9999 -9999 -9999 -9999 -9999 -9999 -9999 -9999 -9999 -9999 -9999 -9999 -9999 -9999 -9999 -9999 -9999 -9999 -9999 -9999 -9999
-9999 -9999 -9999 -9999 -9999 0.182062 0.188141 0.194867 0.202528 0.204812 0.208494 0.209393 0.208754 0.208297 0.207221 0.205545 0.202467 0.198945 0.194269 0.193728 0.198371 0.198219 0.196976 0.197513 0.199728 0.198818 0.196576 0.187091 0.182051 0.175287 0.170651 0.170839 0.167477 -9999 -9999 -9999 -9999 -9999 -9999 -9999 -9999 -9999 -9999 -9999 -9999 0.181655 -9999 -9999 -9999 -9999 -9999 -9999 -9999 -9999 -9999 -9999 -9999 -9999 -9999 -9999 -9999 -9999 -9999 -9999 -9999 -9999 0.176762 -9999 -9999 -9999
-9999 -9999 -9999 -9999 0.176682 0.185229 0.189646 0.194727 0.197758 0.203557 0.207839 0.208947 0.208844 0.208425 0.206451 0.206171 0.20451 0.20068 0.199831 0.201266 0.201789 0.202365 0.202601 0.201909 0.200627 0.19906 0.198761 0.194339 0.191371 0.182007 0.180455 0.17566 0.16854 0.162915 -9999 -9999 -9999 -9999 -9999 -9999 -9999 0.175141 0.175421 0.176247 0.178628 0.183825 0.182615 -9999 -9999 -9999 -9999 -9999 -9999 -9999 -9999 -9999 -9999 -9999 -9999 -9999 -9999 -9999 -9999 -9999 -9999 -9999 0.18304 0.177009 -9999 -9999
-9999 -9999 -9999 -9999 0.178987 0.18466 0.188594 0.193905 0.197738 0.20391 0.206437 0.208689 0.209537 0.209107 0.207824 0.208207 0.205844 0.204504 0.203432 0.205376 0.205543 0.204391 0.203 0.20173 0.198736 0.198131 0.200426 0.197617 0.193014 0.188265 0.184478 0.174892 0.165473 0.157812 -9999 -9999 -9999 -9999 -9999 -9999 0.174992 0.17886 0.181543 0.17799 0.182775 0.187451 0.188365 0.189995 -9999 -9999 -9999 -9999 -9999 -9999 -9999 -9999 -9999 -9999 -9999 -9999 -9999 -9999 0.214582 0.208222 0.196149 0.189501 0.185195 0.179531 -9999 -9999
-9999 -9999 -9999 -9999 0.176395 0.183056 0.188382 0.193306 0.196046 0.20292 0.206454 0.208438 0.209542 0.210197 0.210493 0.208661 0.207888 0.204523 0.207608 0.207236 0.206095 0.202496 0.200711 0.194785 0.191986 0.194191 0.198831 0.195375 0.188171 0.179158 0.171453 0.170237 0.166299 0.159363 -9999 -9999 -9999 -9999 -9999 -9999 0.175324 0.17948 0.183261 0.184666 0.181523 0.189072 0.193559 0.192258 0.193745 0.198904 0.202746 0.205696 0.209686 0.212722 0.213077 0.216316 -9999 -9999 -9999 -9999 0.219833 0.219469 0.21879 0.215464 0.202163 0.192721 0.184205 0.184683 -9999 -9999
-9999 -9999 -9999 -9999 0.177342 0.18284 0.187076 0.190152 0.195029 0.201798 0.205773 0.211107 0.212002 0.212714 0.21315 0.212672 0.210988 0.211243 0.210924 0.20964 0.203198 0.195711 0.198533 0.191425 0.181778 0.191894 0.195931 0.19201 0.183279 0.173144 0.172772 0.172377 0.166984 0.164439 -9999 -9999 -9999 0.167642 0.172747 0.173305 0.17525 0.180855 0.185591 0.185499 0.188807 0.191058 0.193255 0.192355 0.19135 0.19538 0.204695 0.209085 0.213085 0.216495 0.217258 0.224663 0.22752 0.229181 0.22976 0.229391 0.22901 0.228587 0.2276 0.224531 0.207527 0.199967 0.194765 0.18845 -9999 -9999
-9999 -9999 -9999 -9999 0.172844 0.17823 0.183199 0.194552 0.19773 0.202122 0.207324 0.210871 0.212246 0.211196 0.213296 0.213357 0.213107 0.21236 0.211204 0.205695 0.198185 0.190651 0.186991 0.188075 0.182287 0.187511 0.19163 0.187437 0.187408 0.178299 0.176792 0.176898 0.167422 0.158487 -9999 -9999 0.15651 0.166114 0.172994 0.176746 0.178318 0.179228 0.185096 0.186976 0.193871 0.195494 0.193042 0.196531 0.192494 0.197309 0.209495 0.213015 0.22079 0.224659 0.227225 0.228837 0.231162 0.232201 0.232658 0.232628 0.231513 0.231188 0.230341 0.227954 0.218943 0.213989 0.210733 0.195897 -9999 -9999
-9999 -9999 -9999 -9999 0.176079 0.182163 0.188374 0.19219 0.197293 0.201685 0.205335 0.209856 0.212359 0.211906 0.211474 0.213479 0.213342 0.212909 0.2122 0.206931 0.200867 0.191907 0.186208 0.18261 0.179985 0.183743 0.186142 0.185626 0.184707 0.185451 0.180502 0.177457 0.171556 0.161098 0.155049 -9999 0.155636 0.159556 0.167698 0.174949 0.179991 0.179257 0.185939 0.188665 0.194332 0.195067 0.195508 0.2032 0.20637 0.209049 0.215692 0.217965 0.224219 0.227824 0.229804 0.231883 0.233534 0.234521 0.234982 0.23501 0.234544 0.233745 0.232574 0.230911 0.226059 0.222792 0.213462 0.19766 -9999 -9999
-9999 -9999 -9999 0.162336 0.174445 0.18252 0.187999 0.192843 0.197283 0.201121 0.206185 0.21053 0.212432 0.213249 0.210222 0.210697 0.211256 0.212996 0.212456 0.211554 0.20799 0.197129 0.193119 0.191256 0.184695 0.184224 0.185983 0.191718 0.191406 0.187402 0.182716 0.178394 0.171841 0.164915 0.15268 0.152415 0.156212 0.159043 0.164382 0.173206 0.179888 0.183657 0.186201 0.190617 0.194222 0.200394 0.203063 0.205844 0.207701 0.210984 0.214322 0.219548 0.225555 0.229436 0.232855 0.233926 0.235544 0.236533 0.23699 0.236984 0.236495 0.235563 0.234465 0.233189 0.233064 0.226832 0.213172 0.202853 -9999 -9999
-9999 -9999 -9999 -9999 0.17206 0.178174 0.182848 0.187655 0.193024 0.198293 0.20543 0.208027 0.211266 0.213395 0.210881 0.20749 0.210421 0.2113 0.212102 0.211619 0.210697 0.203733 0.199395 0.196103 0.1899 0.194603 0.197237 0.197593 0.196169 0.187883 0.179324 0.171299 0.161179 0.158992 0.151704 0.152615 0.154582 0.1619 0.167202 0.169561 0.171811 0.181877 0.186015 0.19315 0.199044 0.19985 0.204437 0.206243 0.210975 0.214602 0.218176 0.214912 0.225803 0.228408 0.2344 0.236478 0.237274 0.238186 0.238597 0.23843 0.237858 0.236913 0.235797 0.235472 0.234348 0.229949 0.212719 0.203852 -9999 -9999
-9999 -9999 -9999 -9999 -9999 -9999 0.180759 0.18632 0.191084 0.196108 0.205211 0.208798 0.211424 0.212759 0.212157 0.209267 0.208149 0.208392 0.20447 0.207587 0.211483 0.21155 0.211385 0.204093 0.202292 0.206728 0.206029 0.200467 0.195835 0.190926 0.180925 0.174982 0.163427 0.154119 0.151809 0.157965 0.162717 0.170011 0.173119 0.171013 0.173887 0.181558 0.189387 0.195272 0.198642 0.199631 0.204846 0.205697 0.213562 0.217924 0.220005 0.221927 0.226884 0.231195 0.233689 0.238203 0.239732 0.239435 0.239678 0.239444 0.238783 0.237807 0.237221 0.23614 0.235029 0.233848 0.216203 0.202498 -9999 -9999
-9999 -9999 -9999 -9999 -9999 -9999 0.177271 0.182425 0.188608 0.19781 0.205261 0.208838 0.210627 0.212446 0.212236 0.209447 0.206237 0.20283 0.198695 0.200706 0.206538 0.210191 0.210969 0.204714 0.210383 0.209779 0.207705 0.200391 0.19473 0.191313 0.181599 0.174646 0.16619 0.155074 0.156685 0.158819 0.162469 0.170225 0.175744 0.178604 0.17768 0.18266 0.191459 0.195188 0.196233 0.200995 0.204963 0.204719 0.214364 0.220012 0.222669 0.226364 0.230284 0.23321 0.236228 0.238665 0.240173 0.24049 0.240185 0.239858 0.23919 0.23851 0.237526 0.23655 0.235514 0.234476 0.222818 0.20287 -9999 -9999
-9999 -9999 -9999 -9999 -9999 -9999 -9999 0.178551 0.187545 0.198595 0.204969 0.207201 0.210556 0.211951 0.211213 0.210202 0.206251 0.200619 0.190226 0.192638 0.198066 0.206076 0.210598 0.210619 0.210591 0.207451 0.198542 0.190518 0.189416 0.187564 0.180188 0.174887 0.165601 0.167482 0.16972 0.172535 0.173316 0.171303 0.175902 0.180425 0.179866 0.185606 0.192816 0.194846 0.198159 0.201976 0.205771 0.210458 0.215275 0.222442 0.224246 0.228841 0.233152 0.235108 0.237258 0.238988 0.240296 0.240519 0.240312 0.239914 0.239223 0.23851 0.237623 0.236697 0.235776 0.234858 0.233094 0.222078 0.215262 -9999
-9999 -9999 -9999 -9999 -9999 -9999 -9999 0.173867 0.18031 0.192666 0.199883 0.206117 0.209966 0.211297 0.209528 0.208869 0.202819 0.200539 0.19085 0.186731 0.190458 0.189472 0.200635 0.210668 0.210932 0.192801 0.186532 0.18192 0.183085 0.18259 0.179856 0.170459 0.165586 0.172159 0.175394 0.177521 0.178951 0.178607 0.177744 0.184802 0.186872 0.191385 0.194141 0.198299 0.199389 0.202086 0.209962 0.212674 0.216872 0.224077 0.224842 0.230766 0.234625 0.235684 0.236936 0.239487 0.240184 0.240363 0.24021 0.239682 0.239164 0.238205 0.237534 0.236759 0.23592 0.235211 0.234437 0.23262 0.226681 0.224286
-9999 -9999 -9999 -9999 -9999 -9999 -9999 -9999 0.171904 0.18755 0.197574 0.202775 0.208625 0.21032 0.210915 0.208423 0.202315 0.196841 0.188218 0.178554 0.174292 0.189797 0.203517 0.211061 0.212564 0.197637 0.192028 0.192038 0.195624 0.192032 0.18876 0.181867 0.177498 0.172047 0.171641 0.175563 0.179838 0.182964 0.185743 0.18642 0.190184 0.193374 0.196718 0.201067 0.205115 0.209529 0.212201 0.219171 0.221681 0.226734 0.229649 0.232111 0.235662 0.235471 0.237914 0.239712 0.240235 0.240615 0.240116 0.239659 0.239233 0.238855 0.237358 0.236747 0.236143 0.235506 0.234942 0.234363 0.233234 0.229493
-9999 -9999 -9999 -9999 -9999 -9999 -9999 -9999 0.165574 0.180977 0.191202 0.200892 0.20633 0.211301 0.211376 0.209404 0.204779 0.19787 0.192128 0.181468 0.170585 0.187959 0.202658 0.211003 0.212139 0.201503 0.205804 0.203145 0.204282 0.198375 0.195233 0.19433 0.188401 0.181917 0.175141 0.172971 0.181843 0.186034 0.190031 0.192642 0.195383 0.19852 0.200723 0.203476 0.202854 0.211193 0.21672 0.220842 0.224616 0.228217 0.231167 0.233532 0.23721 0.238597 0.238305 0.241244 0.241062 0.240736 0.240318 0.239875 0.239489 0.239238 0.239101 0.238064 0.236446 0.235948 0.235457 0.234966 0.234432 0.233743
-9999 -9999 -9999 -9999 -9999 -9999 -9999 -9999 0.148308 0.169015 0.187216 0.196768 0.207703 0.210092 0.211056 0.208513 0.206469 0.201569 0.196981 0.190077 0.179877 0.173857 0.188048 0.206079 0.212975 0.215161 0.215388 0.212276 0.209148 0.208337 0.207758 0.205342 0.198588 0.189568 0.189082 0.184219 0.190488 0.190281 0.189208 0.198808 0.200324 0.202238 0.201996 0.20094 0.206009 0.207148 0.214415 0.215742 0.222301 0.228115 0.232039 0.234539 0.238097 0.241101 0.241496 0.241833 0.241642 0.24125 0.240816 0.240438 0.240148 0.239919 0.239864 0.240001 0.238559 0.23847 0.236137 0.235678 0.235182 0.234526
-9999 -9999 -9999 -9999 -9999 -9999 -9999 -9999 0.148275 0.168059 0.183116 0.196969 0.205434 0.207893 0.210772 0.210424 0.208422 0.204289 0.199178 0.193633 0.185023 0.178861 0.187379 0.201834 0.210833 0.216623 0.216749 0.216887 0.216114 0.216038 0.214368 0.215317 0.209737 0.206395 0.200402 0.192903 0.2004 0.200328 0.19856 0.203715 0.204935 0.20027 0.197944 0.200872 0.207087 0.208269 0.213023 0.213487 0.219258 0.228332 0.231526 0.234128 0.240609 0.241967 0.24264 0.242765 0.242543 0.242191 0.241775 0.241465 0.241265 0.241085 0.241079 0.241177 0.241223 0.239447 0.239314 0.23893 0.235966 0.235341
-9999 -9999 -9999 -9999 -9999 -9999 -9999 -9999 0.147768 0.163356 0.176975 0.194927 0.203896 0.207859 0.210666 0.210952 0.208766 0.206867 0.20383 0.1991 0.196082 0.190646 0.183074 0.197604 0.205405 0.212068 0.215047 0.219423 0.219411 0.21731 0.217231 0.217818 0.221796 0.214717 0.211066 0.20643 0.210142 0.209288 0.20897 0.209293 0.204803 0.198765 0.19501 0.202994 0.205634 0.210697 0.208838 0.220164 0.228214 0.23282 0.22994 0.229737 0.240505 0.242368 0.243394 0.243852 0.243941 0.243558 0.243296 0.242979 0.242785 0.242706 0.242691 0.242761 0.242814 0.242815 0.240587 0.240104 0.239653 0.242057
-9999 -9999 -9999 -9999 -9999 -9999 -9999 -9999 -9999 0.156929 0.179593 0.194126 0.202577 0.208028 0.210893 0.21133 0.210479 0.209415 0.207778 0.204606 0.200614 0.194084 0.189501 0.193721 0.202075 0.205554 0.209033 0.217494 0.220374 0.216308 0.210096 0.221687 0.226475 0.224694 0.222477 0.220369 0.217683 0.216366 0.214819 0.211389 0.200242 0.200749 0.198541 0.202248 0.20321 0.211551 0.213994 0.223164 0.228846 0.232609 0.229774 0.235766 0.242742 0.245741 0.245517 0.246883 0.245753 0.245521 0.245266 0.244981 0.24485 0.244795 0.244781 0.24726 0.247431 0.247546 0.245183 0.244564 0.243693 0.242785
-9999 -9999 -9999 -9999 -9999 -9999 -9999 -9999 -9999 0.161065 0.177471 0.194286 0.200498 0.206396 0.211383 0.212093 0.210761 0.209486 0.208183 0.206695 0.201823 0.197205 0.192895 0.192021 0.193886 0.200627 0.205803 0.216717 0.218953 0.218021 0.219558 0.215258 0.222534 0.228335 0.227614 0.225844 0.216677 0.218049 0.213683 0.208309 0.207964 0.207204 0.203975 0.209499 0.208449 0.213441 0.216249 0.222588 0.227033 0.233377 0.230977 0.236007 0.242611 0.246186 0.246457 0.249567 0.250461 0.250441 0.250206 0.250018 0.249893 0.249909 0.249928 0.249965 0.249964 0.249789 0.249265 0.245446 0.238282 0.237554
-9999 -9999 -9999 -9999 -9999 -9999 -9999 -9999 -9999 0.163772 0.175771 0.190916 0.202285 0.204076 0.209851 0.213126 0.211789 0.210155 0.208476 0.208149 0.202868 0.197055 0.19256 0.1871 0.189 0.194343 0.208937 0.216197 0.217704 0.216372 0.223534 0.225474 0.230433 0.232592 0.232604 0.231131 0.228794 0.227576 0.224531 0.22385 0.220506 0.215046 0.21436 0.218633 0.213712 0.217081 0.222756 0.222574 0.230085 0.234733 0.230814 0.240076 0.24628 0.24953 0.252134 0.253251 0.25353 0.253963 0.25371 0.253529 0.25338 0.253249 0.253165 0.25297 0.252744 0.251871 0.250553 0.244383 0.238155 0.23772
-9999 -9999 -9999 -9999 -9999 -9999 -9999 -9999 -9999 0.166738 0.177772 0.1912 0.199818 0.20238 0.208827 0.214526 0.214826 0.213238 0.213282 0.211614 0.207318 0.202526 0.19724 0.195138 0.189121 0.196752 0.209659 0.215941 0.21901 0.22833 0.226035 0.229672 0.233133 0.23417 0.237589 0.237131 0.235618 0.230134 0.227827 0.229743 0.22976 0.229289 0.226236 0.228189 0.227382 0.228552 0.229824 0.228282 0.233152 0.235476 0.237473 0.248112 0.251731 0.254115 0.256065 0.256569 0.257201 0.257948 0.257789 0.257569 0.257321 0.257103 0.256789 0.256238 0.255651 0.253888 0.250988 0.245948 0.234762 0.238534
-9999 -9999 -9999 -9999 -9999 -9999 -9999 -9999 -9999 0.166685 0.178349 0.190188 0.196005 0.198149 0.209086 0.21611 0.217095 0.216876 0.216434 0.211241 0.212469 0.212152 0.207495 0.200305 0.19231 0.194031 0.20227 0.215417 0.218425 0.225582 0.223182 0.225098 0.230895 0.236006 0.241346 0.242644 0.241065 0.232697 0.224047 0.22908 0.234709 0.236078 0.236414 0.233718 0.234328 0.235188 0.234065 0.230229 0.233545 0.237021 0.248437 0.251561 0.255513 0.258681 0.258069 0.258792 0.261244 0.262523 0.262356 0.2621 0.261819 0.261412 0.260894 0.259846 0.258661 0.256962 0.250115 0.245359 0.237631 0.240211
-9999 -9999 -9999 -9999 -9999 -9999 -9999 -9999 -9999 0.165396 0.174567 0.186106 0.191749 0.199454 0.210017 0.21576 0.219027 0.219993 0.220072 0.218281 0.217563 0.215268 0.210404 0.203424 0.195567 0.190777 0.194612 0.212806 0.224176 0.224179 0.221195 0.225775 0.232287 0.24176 0.247233 0.248146 0.247945 0.246584 0.240495 0.23322 0.234263 0.239551 0.237617 0.235324 0.239286 0.2408 0.239476 0.239074 0.239579 0.241382 0.250863 0.253459 0.257928 0.263883 0.2651 0.265213 0.267523 0.267566 0.267416 0.267181 0.266752 0.266196 0.265478 0.264267 0.262377 0.257353 0.252681 0.246507 0.244401 0.244762
-9999 -9999 -9999 -9999 -9999 -9999 -9999 -9999 -9999 0.162142 0.172702 0.183818 0.194145 0.203802 0.212153 0.214061 0.218867 0.219968 0.222859 0.223281 0.221697 0.219916 0.21586 0.206641 0.19907 0.190746 0.194231 0.207342 0.229849 0.226117 0.218496 0.22771 0.237738 0.246826 0.251944 0.248769 0.253005 0.253264 0.251426 0.24741 0.240875 0.242108 0.237765 0.238935 0.243371 0.245992 0.247299 0.247345 0.245262 0.24738 0.255638 0.257331 0.261592 0.26648 0.271082 0.272153 0.273118 0.273158 0.27299 0.272691 0.272159 0.271358 0.270258 0.268732 0.264165 0.258798 0.254783 0.249706 0.247443 0.250471
