Test_Spring_2018/01_18/Prec/20180115_010.txt
ncols	170
nrows	115
xllcorner	350000.000000
yllcorner	4445000.000000
cellsize	1000.000000
nodata_value	-9999.000000
[rows 34 to 67 of 115, columns 76 to 151 of 170]
0.122543 0.127304 0.129009 0.134193 0.135166 0.136104 0.135485 0.135156 0.133912 0.131077 0.12664 0.121135 0.110853 0.119049 0.125835 0.127116 0.128377 0.127618 0.124177 0.130571 0.132854 0.125884 0.126312 0.123399 0.123041 -9999 -9999 -9999 -9999 -9999 -9999 -9999 -9999 -9999 -9999 -9999 -9999 -9999 -9999 -9999 -9999 -9999 -9999 -9999 -9999 -9999 -9999 -9999 -9999 -9999 -9999 -9999 -9999 -9999 -9999 -9999 -9999 -9999 -9999 -9999 -9999 -9999 -9999 -9999 -9999 -9999 -9999 -9999 -9999 -9999 -9999 -9999 -9999 -9999 -9999 -9999
0.116032 0.123036 0.129081 0.131658 0.134176 0.135265 0.134694 0.130691 0.131005 0.131803 0.129276 0.122882 0.116558 0.115834 0.125527 0.12937 0.130469 0.134074 0.131473 0.135595 0.136839 0.135369 0.130006 0.129978 0.128735 0.124648 -9999 -9999 -9999 -9999 -9999 -9999 -9999 -9999 -9999 -9999 -9999 -9999 -9999 -9999 -9999 -9999 -9999 -9999 -9999 -9999 -9999 -9999 -9999 -9999 -9999 -9999 -9999 -9999 -9999 -9999 -9999 -9999 -9999 -9999 -9999 -9999 -9999 -9999 -9999 -9999 -9999 -9999 -9999 -9999 -9999 -9999 -9999 -9999 -9999 -9999
0.10959 0.119242 0.127132 0.130298 0.133304 0.134519 0.132308 0.131767 0.132697 0.131409 0.128343 0.126829 0.123264 0.119594 0.122788 0.131402 0.129848 0.136694 0.138203 0.141211 0.14002 0.135903 0.128136 0.129963 0.129102 0.126143 -9999 -9999 -9999 -9999 -9999 -9999 -9999 -9999 -9999 -9999 -9999 -9999 -9999 -9999 -9999 -9999 -9999 -9999 -9999 -9999 -9999 -9999 -9999 -9999 -9999 -9999 -9999 -9999 -9999 -9999 -9999 -9999 -9999 -9999 -9999 -9999 -9999 -9999 -9999 -9999 -9999 -9999 -9999 -9999 -9999 -9999 -9999 -9999 -9999 -9999
0.106848 0.113785 0.125252 0.128043 0.132146 0.1336 0.133602 0.133802 0.133464 0.13263 0.130565 0.128204 0.124899 0.125692 0.131598 0.133149 0.133864 0.136465 0.140839 0.142405 0.13841 0.132817 0.130332 0.126294 0.123909 0.125971 0.124485 -9999 -9999 -9999 -9999 -9999 -9999 -9999 -9999 -9999 -9999 -9999 -9999 0.131014 -9999 -9999 -9999 -9999 -9999 -9999 -9999 -9999 -9999 -9999 -9999 -9999 -9999 -9999 -9999 -9999 -9999 -9999 -9999 -9999 0 -9999 -9999 -9999 -9999 -9999 -9999 -9999 -9999 -9999 -9999 -9999 -9999 -9999 -9999 -9999
0.108275 0.113664 0.120063 0.126637 0.131267 0.132865 0.13331 0.133474 0.132207 0.132626 0.131842 0.129141 0.129443 0.132111 0.134129 0.136426 0.138628 0.140172 0.141361 0.142457 0.141601 0.139865 0.139538 0.131717 0.134047 0.131585 0.126734 0.123073 -9999 -9999 -9999 -9999 -9999 -9999 -9999 0.135285 0.133676 0.132154 0.131701 0.133553 0.128995 -9999 -9999 -9999 -9999 -9999 -9999 -9999 -9999 -9999 -9999 -9999 -9999 -9999 -9999 -9999 -9999 -9999 -9999 -9999 0 0 -9999 -9999 -9999 -9999 -9999 -9999 -9999 -9999 -9999 -9999 -9999 -9999 -9999 -9999
0.107253 0.112873 0.117063 0.126707 0.129618 0.132231 0.133494 0.133553 0.132845 0.133798 0.132265 0.131864 0.131916 0.135062 0.136771 0.137492 0.138252 0.139382 0.139113 0.141316 0.143161 0.143184 0.141547 0.139762 0.138898 0.132154 0.125381 0.120035 -9999 -9999 -9999 -9999 -9999 -9999 0.138918 0.140987 0.141413 0.13542 0.13688 0.137814 0.134803 0.12562 -9999 -9999 -9999 -9999 -9999 -9999 -9999 -9999 -9999 -9999 -9999 -9999 -9999 -9999 0 0 0 0 0 0 -9999 -9999 -9999 -9999 -9999 -9999 -9999 -9999 -9999 -9999 -9999 -9999 -9999 -9999
0.107015 0.112279 0.115429 0.122752 0.129272 0.131545 0.132948 0.133923 0.134595 0.133331 0.133206 0.130802 0.134753 0.135688 0.136185 0.134657 0.13516 0.132027 0.132139 0.134369 0.141616 0.141292 0.137475 0.131946 0.129284 0.129261 0.128008 0.123649 -9999 -9999 -9999 -9999 -9999 -9999 0.142099 0.144246 0.145438 0.143801 0.137312 0.140492 0.134511 0.127959 0.123861 0.123172 0.12127 0.118048 0.114465 0.112704 0.108891 0.108359 -9999 -9999 -9999 -9999 0.101546 0.100261 0 0 0 0 0 0 -9999 -9999 -9999 -9999 -9999 -9999 -9999 -9999 -9999 -9999 -9999 -9999 -9999 -9999
0.105732 0.109252 0.114427 0.121608 0.12824 0.131177 0.132418 0.133467 0.134269 0.134256 0.133201 0.13414 0.13474 0.134674 0.13 0.124649 0.129417 0.127961 0.122577 0.131866 0.138814 0.138354 0.133414 0.127165 0.131793 0.133003 0.130727 0.127461 -9999 -9999 -9999 0.137021 0.14197 0.141869 0.142338 0.145549 0.147242 0.147002 0.14618 0.144953 0.135266 0.128446 0.121317 0.118894 0.121549 0.119724 0.115237 0.113412 0.109664 0.108121 0.108068 0.10746 0.106342 0.104745 0.10344 0.102256 0.100554 0 0 0 0 0 -9999 -9999 -9999 -9999 -9999 -9999 -9999 -9999 -9999 -9999 -9999 -9999 -9999 -9999
0.1018 0.110774 0.114352 0.119062 0.124641 0.130579 0.132198 0.13148 0.133757 0.134146 0.134345 0.134236 0.133967 0.129844 0.12415 0.118792 0.117489 0.121498 0.119033 0.124139 0.13126 0.134276 0.134394 0.129387 0.131645 0.136757 0.129865 0.124519 -9999 -9999 0.129434 0.139544 0.146267 0.149167 0.149125 0.147606 0.149997 0.147879 0.149885 0.147263 0.133292 0.130164 0.122256 0.119878 0.117509 0.114697 0.115312 0.112899 0.111129 0.10917 0.1086 0.107482 0.106406 0.105348 0.103592 0.102754 0.101418 0 0 0 0 0 -9999 -9999 -9999 -9999 -9999 -9999 -9999 -9999 -9999 -9999 -9999 -9999 -9999 -9999
0.104193 0.108385 0.113791 0.118614 0.122701 0.127443 0.131884 0.131643 0.131412 0.133537 0.133732 0.133821 0.133894 0.129947 0.125611 0.118927 0.115763 0.115371 0.116087 0.117607 0.123063 0.126088 0.129026 0.133786 0.136549 0.139071 0.137347 0.129794 0.127269 -9999 0.132536 0.137464 0.145485 0.151679 0.154776 0.151417 0.154194 0.1524 0.153706 0.14857 0.136955 0.12985 0.125573 0.121017 0.120542 0.117453 0.116181 0.114182 0.110904 0.109307 0.108121 0.107068 0.106187 0.105423 0.104548 0.103522 0.102113 0.100026 0 0 0 0 -9999 -9999 -9999 -9999 -9999 -9999 -9999 -9999 -9999 -9999 -9999 -9999 -9999 -9999
0.103791 0.108968 0.113753 0.117943 0.123356 0.128026 0.130204 0.132474 0.129685 0.130255 0.131006 0.13306 0.13321 0.133352 0.131365 0.122892 0.121581 0.120716 0.117448 0.117723 0.122779 0.132008 0.135853 0.136493 0.136707 0.138518 0.139754 0.137192 0.12816 0.130988 0.136926 0.141038 0.146501 0.154165 0.158669 0.159314 0.157784 0.15812 0.155871 0.148323 0.138338 0.13292 0.126715 0.122114 0.117953 0.116099 0.114534 0.113243 0.111768 0.10876 0.107602 0.106696 0.106017 0.10547 0.104836 0.103933 0.102808 0.101251 0 0 0 0 -9999 -9999 -9999 -9999 -9999 -9999 -9999 -9999 -9999 -9999 -9999 -9999 -9999 -9999
0 0.104002 0.109678 0.115235 0.122611 0.125521 0.128969 0.131347 0.129889 0.126705 0.12962 0.130769 0.132115 0.132596 0.133084 0.127301 0.125217 0.124627 0.121783 0.127232 0.133293 0.137645 0.140725 0.13765 0.134593 0.133303 0.128812 0.13161 0.13085 0.134344 0.138834 0.147411 0.152935 0.154441 0.1546 0.16098 0.161447 0.157953 0.156406 0.149379 0.140738 0.13373 0.129645 0.124824 0.120416 0.110107 0.112889 0.10976 0.110827 0.109268 0.107237 0.10642 0.105908 0.105443 0.104965 0.104264 0.103295 0.100636 0 0 0 0 -9999 -9999 -9999 -9999 -9999 -9999 -9999 -9999 -9999 -9999 -9999 -9999 -9999 -9999
0 0.102689 0.107799 0.113133 0.122379 0.126235 0.1291 0.130659 0.130309 0.128061 0.127069 0.127547 0.124343 0.12781 0.132598 0.13418 0.136034 0.13165 0.131028 0.138402 0.14142 0.140325 0.140587 0.141001 0.136907 0.137936 0.132472 0.128901 0.131498 0.141408 0.149315 0.158036 0.161556 0.158807 0.159448 0.161431 0.163321 0.162177 0.157712 0.15031 0.14186 0.133404 0.131802 0.127252 0.121065 0.115398 0.112352 0.110742 0.108469 0.109198 0.108145 0.106285 0.105805 0.105472 0.105093 0.104515 0.102288 0.100311 0 0 0 0 -9999 -9999 -9999 -9999 -9999 -9999 -9999 -9999 -9999 -9999 -9999 -9999 -9999 -9999
0 0 0.105396 0.11471 0.122397 0.12626 0.128345 0.130373 0.130395 0.127915 0.125088 0.122062 0.118505 0.121076 0.127634 0.13256 0.135259 0.131827 0.138358 0.140964 0.142733 0.140071 0.139494 0.141509 0.137913 0.138217 0.135973 0.130968 0.137559 0.143888 0.150638 0.160116 0.165978 0.167486 0.164024 0.164403 0.166924 0.163384 0.156326 0.152112 0.142185 0.132317 0.132083 0.128484 0.122636 0.118504 0.114391 0.11146 0.109737 0.108592 0.10765 0.106559 0.105685 0.105399 0.105119 0.104094 0.102705 0.100773 0 0 0 0 -9999 -9999 -9999 -9999 -9999 -9999 -9999 -9999 -9999 -9999 -9999 -9999 -9999 -9999
-9999 0 0.104312 0.115393 0.122073 0.124685 0.128287 0.12994 0.129484 0.128709 0.125129 0.120007 0.110513 0.113424 0.11954 0.128535 0.134718 0.137177 0.13826 0.138419 0.133678 0.13035 0.134138 0.137703 0.13642 0.138395 0.135497 0.142975 0.150301 0.157399 0.161521 0.161714 0.16674 0.170039 0.16673 0.167702 0.168542 0.16319 0.158076 0.152758 0.14252 0.137174 0.132232 0.129992 0.123296 0.120023 0.116319 0.112559 0.110129 0.108443 0.107442 0.10638 0.105699 0.105397 0.104926 0.104177 0.102814 0.100835 0 0 0 0 0 -9999 -9999 -9999 -9999 -9999 -9999 -9999 -9999 -9999 -9999 -9999 -9999 -9999
-9999 0 0 0.109664 0.117161 0.123607 0.127718 0.129356 0.127969 0.127366 0.121932 0.120031 0.111118 0.107985 0.112438 0.112821 0.125222 0.137089 0.13832 0.124147 0.121821 0.121649 0.127517 0.132308 0.135382 0.133421 0.134691 0.146612 0.154876 0.161315 0.166046 0.167523 0.167443 0.173046 0.172337 0.172104 0.168678 0.165317 0.158076 0.151694 0.145351 0.138194 0.13275 0.13066 0.123113 0.121261 0.117272 0.112841 0.109732 0.108978 0.107519 0.10649 0.105595 0.105267 0.104899 0.103805 0.102529 0.100566 0 0 0 0 0 0 0 -9999 -9999 -9999 -9999 -9999 -9999 -9999 -9999 -9999 -9999 -9999
-9999 -9999 0 0.104656 0.114834 0.120333 0.126392 0.128432 0.128815 0.126904 0.121467 0.116576 0.108704 0 0 0.113274 0.128007 0.137386 0.139587 0.128312 0.126456 0.130507 0.138498 0.140164 0.142537 0.142762 0.144337 0.144673 0.149327 0.157854 0.163508 0.168825 0.172141 0.171658 0.172297 0.171321 0.168551 0.165509 0.161249 0.156701 0.145598 0.142764 0.136005 0.132165 0.126957 0.12211 0.118062 0.112698 0.110932 0.109626 0.108099 0.106162 0.105583 0.105212 0.10479 0.104117 0.101853 0 0 0 0 0 0 0 0 0 -9999 -9999 -9999 -9999 -9999 -9999 -9999 -9999 -9999 -9999
-9999 -9999 0 0 0.108575 0.118368 0.124074 0.128337 0.129017 0.127658 0.123688 0.117491 0.112401 0.102719 0 0.110481 0.127226 0.137229 0.140908 0.131436 0.138783 0.140063 0.145468 0.144651 0.146839 0.152431 0.152217 0.151274 0.150391 0.149146 0.161104 0.167249 0.171616 0.172952 0.172689 0.171191 0.169217 0.164189 0.155831 0.155392 0.14733 0.14225 0.137145 0.132368 0.127617 0.123077 0.119442 0.115879 0.111751 0.109715 0.107222 0.106305 0.10567 0.105139 0.104558 0.103805 0.102714 0.100095 0 0 0 0 0 0 0 0 0 0 0 -9999 -9999 -9999 -9999 -9999 -9999 -9999
-9999 -9999 0 0 0.104437 0.11414 0.123749 0.126733 0.128295 0.126445 0.124985 0.120756 0.116816 0.11074 0.101685 0 0.111683 0.130515 0.141293 0.143682 0.146917 0.147483 0.148515 0.152177 0.156406 0.16013 0.159734 0.155924 0.154992 0.154557 0.163695 0.165412 0.164828 0.172791 0.171483 0.169061 0.163284 0.157946 0.155376 0.147943 0.141979 0.134837 0.132952 0.130822 0.127506 0.123559 0.120129 0.115238 0.112443 0.109099 0.107655 0.106553 0.105726 0.105042 0.104324 0.103376 0.102178 0.100676 0 0 0 0 0 0 0 0 0 0 0 0 -9999 -9999 -9999 -9999 -9999 -9999
-9999 -9999 0 0 0.100106 0.112154 0.120934 0.12399 0.127395 0.127667 0.126298 0.122853 0.11847 0.113726 0.106201 0.101217 0.110477 0.12595 0.136569 0.141941 0.146996 0.150338 0.153246 0.157927 0.160764 0.167299 0.166555 0.16142 0.16005 0.156611 0.166502 0.168051 0.166651 0.170391 0.168954 0.16058 0.153244 0.149929 0.151487 0.145174 0.136912 0.129704 0.127712 0.129281 0.122099 0.118786 0.118448 0.115807 0.111435 0.109575 0.108026 0.106812 0.105799 0.104949 0.104085 0.102973 0.101658 0.100016 0 0 0 0 0 0 0 0 0 0 0 0 0 -9999 -9999 -9999 -9999 -9999
-9999 -9999 0 0 0 0.109392 0.11862 0.123089 0.126428 0.127323 0.125815 0.124536 0.122169 0.118237 0.116042 0.111737 0.105668 0.120922 0.13043 0.136331 0.141845 0.149042 0.152518 0.154396 0.16127 0.165942 0.166306 0.163645 0.163899 0.162638 0.16849 0.168978 0.168793 0.167948 0.161261 0.15191 0.143675 0.145725 0.142047 0.14267 0.128716 0.128768 0.128988 0.126432 0.119001 0.113491 0.11744 0.112981 0.111283 0.109733 0.108385 0.106982 0.105909 0.104828 0.103754 0.102556 0.101103 0 0 0 0 0 0 0 0 0 0 0 0 0 0 0 -9999 -9999 -9999 -9999
-9999 -9999 -9999 0 0 0.107418 0.116129 0.122 0.125397 0.126451 0.126239 0.125792 0.124796 0.122381 0.119288 0.113951 0.1107 0.116112 0.126039 0.128604 0.134209 0.144951 0.150772 0.150324 0.148899 0.155188 0.163518 0.165473 0.166673 0.167423 0.168022 0.167755 0.166241 0.16184 0.149008 0.14473 0.138185 0.136444 0.131475 0.135573 0.125866 0.127616 0.126299 0.123583 0.115165 0.113723 0.112985 0.112528 0.109743 0.109091 0.108579 0.10716 0.105902 0.10465 0.103452 0.102134 0.100598 0 0 0 0 0 0 0 0 0 0 0 0 0 0 0 0 -9999 -9999 -9999
-9999 -9999 -9999 0 0 0.106322 0.112832 0.119067 0.124436 0.125727 0.125054 0.124417 0.123758 0.122964 0.119044 0.115511 0.112473 0.112956 0.116343 0.121936 0.128905 0.14166 0.146488 0.148574 0.144822 0.143857 0.153902 0.16241 0.164416 0.164936 0.15777 0.159797 0.155446 0.149147 0.146628 0.14277 0.135724 0.136283 0.130054 0.129192 0.122988 0.122756 0.120924 0.121246 0.113738 0.111569 0.110538 0.110756 0.108461 0.109397 0.108645 0.107305 0.105899 0.104543 0.10314 0.101682 0 0 0 0 0 0 0 0 0 0 0 0 0 0 0 0 0 -9999 -9999 -9999
-9999 -9999 -9999 0 0 0.101678 0.112988 0.115239 0.12129 0.12497 0.124266 0.123281 0.122269 0.122585 0.11828 0.113597 0.110339 0.106384 0.109671 0.116509 0.129347 0.138342 0.142122 0.143418 0.143821 0.148203 0.155442 0.159885 0.162009 0.162298 0.1612 0.160474 0.157231 0.1554 0.1502 0.14219 0.137995 0.137898 0.12859 0.12682 0.127048 0.118168 0.119832 0.119056 0.110535 0.1089 0.111138 0.111145 0.111068 0.110038 0.108574 0.107508 0.105924 0.104436 0.102914 0.101281 0 0 0 0 0 0 0 0 0 0 0 0 0 0 0 0 0 -9999 -9999 -9999
-9999 -9999 -9999 0 0 0.100308 0.108888 0.111765 0.118367 0.12428 0.125085 0.124116 0.12473 0.123769 0.120395 0.116666 0.112618 0.111778 0.107428 0.116267 0.12723 0.135033 0.139976 0.141544 0.14133 0.146798 0.152063 0.154888 0.159722 0.160508 0.159813 0.154771 0.152098 0.152744 0.150888 0.147898 0.141845 0.140018 0.135146 0.13184 0.12844 0.118805 0.118456 0.115901 0.109616 0.112953 0.112889 0.112131 0.111416 0.109725 0.108478 0.107576 0.105955 0.104334 0.102671 0.100968 0 0 0 0 0 0 0 0 0 0 0 0 0 0 0 0 0 0 0 -9999
-9999 -9999 -9999 0 0 0 0.1033 0.105654 0.11641 0.123494 0.124884 0.125174 0.125302 0.120983 0.122848 0.123353 0.11987 0.114134 0.107804 0.110882 0.117403 0.131267 0.135866 0.134481 0.13374 0.137107 0.144098 0.150299 0.156491 0.158531 0.157439 0.149427 0.140616 0.144232 0.14784 0.146844 0.144347 0.138512 0.135434 0.132299 0.127081 0.114641 0.11429 0.113163 0.113039 0.112203 0.112547 0.112553 0.10936 0.107787 0.108157 0.107645 0.105923 0.104211 0.102515 0.100694 0 0 0 0 0 0 0 0 0 0 0 0 0 0 0 0 0 0 0 0
-9999 -9999 -9999 0 0 0 0 0.104577 0.114849 0.120612 0.12409 0.125451 0.126042 0.124939 0.124948 0.123565 0.119861 0.114277 0.107996 0.104764 0.109854 0.125363 0.128354 0.1287 0.127031 0.132517 0.139758 0.149671 0.155584 0.156898 0.156828 0.155271 0.148794 0.140735 0.140104 0.143037 0.13867 0.133555 0.134028 0.131887 0.126836 0.122527 0.115288 0.109053 0.110826 0.109589 0.110454 0.113075 0.111542 0.109287 0.109409 0.107623 0.105848 0.104137 0.102338 0.10048 0 0 0 0 0 0 0 0 0 0 0 0 0 0 0 0 0 0 0 0
-9999 -9999 -9999 0 0 0 0 0.10618 0.114206 0.116207 0.121055 0.122481 0.125707 0.12669 0.125874 0.124979 0.122033 0.114292 0.10822 0.101531 0.10614 0.117187 0.128843 0.126168 0.119772 0.129304 0.139513 0.14869 0.153919 0.151047 0.154946 0.154762 0.152245 0.147293 0.139564 0.138822 0.1324 0.130845 0.132055 0.131247 0.128953 0.125288 0.115479 0.110136 0.110604 0.108526 0.109153 0.110674 0.11224 0.110765 0.109489 0.107608 0.105768 0.104005 0.102185 0.10024 0 0 0 0 0 0 0 0 0 0 0 0 0 0 0 0 0 0 0 0
-9999 -9999 -9999 -9999 0 0 0 0 0.105715 0.11031 0.114153 0.116116 0.124391 0.126263 0.126323 0.125638 0.123389 0.117978 0.11492 0.108587 0.104742 0.1075 0.12001 0.123844 0.124673 0.129672 0.139515 0.149532 0.151316 0.146171 0.147361 0.148658 0.151196 0.149442 0.139143 0.13336 0.128185 0.129766 0.131302 0.130358 0.128681 0.126159 0.114032 0.112515 0.113909 0.114328 0.112539 0.112803 0.112508 0.11093 0.10933 0.107462 0.105655 0.103826 0.101878 0 0 0 0 0 0 0 0 0 0 0 0 0 0 0 0 0 0 0 0 0
-9999 -9999 -9999 -9999 0 0 0 0 0 0 0.105724 0.10963 0.117604 0.125283 0.12639 0.125747 0.123763 0.121331 0.116641 0.109277 0.103979 0.106744 0.115562 0.130222 0.133416 0.13738 0.143914 0.145963 0.140944 0.136058 0.139494 0.141454 0.148372 0.149259 0.147232 0.140511 0.132721 0.127896 0.13045 0.129276 0.127656 0.125727 0.118486 0.112524 0.115484 0.115405 0.114662 0.113246 0.112671 0.110985 0.109125 0.107347 0.105474 0.103575 0.101492 0 0 0 0 0 0 0 0 0 0 0 0 0 0 0 0 0 0 0 0 0
-9999 -9999 -9999 -9999 -9999 -9999 -9999 -9999 -9999 0 0 0.105315 0.114264 0.124382 0.125905 0.125581 0.125061 0.120601 0.115646 0.116691 0.1113 0.108806 0.116947 0.130223 0.135999 0.138955 0.142009 0.140738 0.136675 0.130477 0.134405 0.141543 0.148847 0.148391 0.147944 0.143991 0.138463 0.127356 0.129939 0.128351 0.126987 0.124872 0.118196 0.112772 0.115739 0.113209 0.11342 0.114218 0.112571 0.110808 0.109002 0.107165 0.105207 0.103227 0.101109 0 0 0 0 0 0 0 0 0 0 0 0 0 0 0 0 0 0 0 0 0
-9999 -9999 -9999 -9999 -9999 -9999 -9999 -9999 -9999 0 0 0.103141 0.112773 0.121905 0.124676 0.124226 0.123228 0.121807 0.120014 0.116597 0.11285 0.108343 0.118831 0.129294 0.133457 0.134836 0.132591 0.133544 0.129213 0.126481 0.134261 0.14127 0.147654 0.148441 0.147222 0.145636 0.135959 0.127681 0.127127 0.126225 0.126343 0.118462 0.117126 0.116319 0.115876 0.115845 0.115164 0.113937 0.112479 0.110548 0.108723 0.106869 0.10483 0.102798 0.100714 0 0 0 0 0 0 0 0 0 0 0 0 0 0 0 0 0 0 0 0 0
-9999 -9999 -9999 -9999 -9999 -9999 -9999 -9999 -9999 -9999 0 0 0.109001 0.119388 0.123382 0.123927 0.1238 0.122723 0.120782 0.120278 0.117162 0.110189 0.112923 0.117703 0.127396 0.129593 0.12516 0.123585 0.125464 0.128393 0.134284 0.14191 0.147552 0.14872 0.141896 0.145485 0.142627 0.135678 0.129958 0.125214 0.125373 0.119571 0.116013 0.115191 0.113922 0.113176 0.114491 0.11194 0.112184 0.110208 0.108355 0.106475 0.104583 0.102566 0.100442 0 0 0 0 0 0 0 0 0 0 0 0 0 0 0 0 0 0 0 0 0
-9999 -9999 -9999 -9999 -9999 -9999 -9999 -9999 -9999 -9999 0 0 0.105925 0.115418 0.12187 0.123226 0.123614 0.124285 0.123699 0.125392 0.118755 -9999 -9999 -9999 -9999 -9999 -9999 0.118078 0.130488 0.13869 0.141317 0.14514 0.149278 0.14971 0.143959 0.137669 0.142441 0.139258 0.135242 0.12937 0.126044 0.116689 0.115613 0.11618 0.115778 0.112104 0.110955 0.112721 0.111766 0.109721 0.107865 0.105994 0.104199 0.102396 0.100262 0 0 0 0 0 0 0 0 0 0 0 0 0 0 0 0 0 0 0 0 0
