Test_Spring_2018/01_18/Prec/20180102_007.txt
ncols	170
nrows	115
xllcorner	350000.000000
yllcorner	4445000.000000
cellsize	1000.000000
nodata_value	-9999.000000
[rows 35 to 69 of 115, columns 77 to 153 of 170]
0.298456 0.299451 0.300276 0.301118 0.300652 0.298642 0.293361 0.292256 0.291597 0.287674 0.279927 0.272117 0.269543 0.276823 0.278238 0.276771 0.277483 0.271977 0.272748 0.270568 0.260759 0.245098 0.235096 0.230522 0.223373 -9999 -9999 -9999 -9999 -9999 -9999 -9999 -9999 -9999 -9999 -9999 -9999 -9999 -9999 -9999 -9999 -9999 -9999 -9999 -9999 -9999 -9999 -9999 -9999 -9999 -9999 -9999 -9999 -9999 -9999 -9999 -9999 -9999 -9999 -9999 -9999 -9999 -9999 -9999 -9999 -9999 -9999 -9999 -9999 -9999 -9999 -9999 -9999 -9999 -9999 -9999 -9999
0.29583 0.298457 0.299685 0.300865 0.300419 0.296752 0.294758 0.294213 0.291518 0.287055 0.283991 0.278805 0.273334 0.274264 0.280176 0.27601 0.279675 0.277927 0.277381 0.272577 0.257534 0.241919 0.233288 0.228781 0.222431 -9999 -9999 -9999 -9999 -9999 -9999 -9999 -9999 -9999 -9999 -9999 -9999 -9999 -9999 -9999 -9999 -9999 -9999 -9999 -9999 -9999 -9999 -9999 -9999 -9999 -9999 -9999 -9999 -9999 -9999 -9999 -9999 -9999 -9999 -9999 -9999 -9999 -9999 -9999 -9999 -9999 -9999 -9999 -9999 -9999 -9999 -9999 -9999 -9999 -9999 -9999 -9999
0.29529 0.297555 0.29825 0.300359 0.300053 0.298468 0.297166 0.295398 0.293155 0.289675 0.285804 0.280862 0.279662 0.283138 0.282122 0.279987 0.279351 0.280114 0.277877 0.265329 0.253314 0.246456 0.227937 0.221589 0.219734 0.214717 -9999 -9999 -9999 -9999 -9999 -9999 -9999 -9999 -9999 -9999 -9999 -9999 0.20008 -9999 -9999 -9999 -9999 -9999 -9999 -9999 -9999 -9999 -9999 -9999 -9999 -9999 -9999 -9999 -9999 -9999 -9999 -9999 -9999 0 -9999 -9999 -9999 -9999 -9999 -9999 -9999 -9999 -9999 -9999 -9999 -9999 -9999 -9999 -9999 -9999 -9999
0.296042 0.296261 0.29762 0.300112 0.299868 0.298681 0.297354 0.294728 0.293751 0.291569 0.28742 0.285984 0.286582 0.286249 0.28584 0.284967 0.283076 0.280469 0.277424 0.265462 0.258939 0.253682 0.237779 0.229107 0.22248 0.213849 0.206726 -9999 -9999 -9999 -9999 -9999 -9999 -9999 0.204147 0.202047 0.200075 0.199111 0.200293 0.195176 -9999 -9999 -9999 -9999 -9999 -9999 -9999 -9999 -9999 -9999 -9999 -9999 -9999 -9999 -9999 -9999 -9999 -9999 -9999 0 0 -9999 -9999 -9999 -9999 -9999 -9999 -9999 -9999 -9999 -9999 -9999 -9999 -9999 -9999 -9999 -9999
0.296085 0.297442 0.298368 0.299079 0.299755 0.299352 0.297968 0.295961 0.295603 0.292804 0.290971 0.289359 0.290436 0.289764 0.287725 0.285276 0.282726 0.278376 0.275992 0.266406 0.26105 0.253973 0.246742 0.23145 0.220226 0.209329 0.200235 -9999 -9999 -9999 -9999 -9999 -9999 0.204719 0.206314 0.206467 0.200473 0.201633 0.202181 0.198771 0.179554 -9999 -9999 -9999 -9999 -9999 -9999 -9999 -9999 -9999 -9999 -9999 -9999 -9999 -9999 0.133861 0.1258 0.112167 0.103066 0 0 -9999 -9999 -9999 -9999 -9999 -9999 -9999 -9999 -9999 -9999 -9999 -9999 -9999 -9999 -9999 -9999
0.296234 0.29631 0.298224 0.299231 0.299534 0.299289 0.298867 0.298315 0.295965 0.294682 0.291057 0.293312 0.292306 0.290446 0.286134 0.283249 0.276306 0.271954 0.263225 0.264511 0.258227 0.248423 0.236947 0.222194 0.21452 0.208498 0.199985 -9999 -9999 -9999 -9999 -9999 -9999 0.204106 0.206077 0.20729 0.205818 0.199609 0.20259 0.187597 0.18054 0.175695 0.174007 0.171054 0.161073 0.156682 0.154321 0.150021 0.148932 -9999 -9999 -9999 -9999 0.139567 0.137546 0.135145 0.130055 0.115408 0.103754 0 0 -9999 -9999 -9999 -9999 -9999 -9999 -9999 -9999 -9999 -9999 -9999 -9999 -9999 -9999 -9999 -9999
0.293939 0.295679 0.29736 0.298625 0.29721 0.297055 0.296999 0.296887 0.296056 0.294155 0.29398 0.29315 0.291245 0.284372 0.276268 0.277321 0.273302 0.26206 0.261158 0.261559 0.254495 0.242929 0.230072 0.22186 0.215138 0.207652 0.196529 -9999 -9999 -9999 0.194988 0.198666 0.197983 0.198248 0.201431 0.203295 0.206227 0.2058 0.200144 0.187047 0.179845 0.172155 0.168847 0.170322 0.167408 0.156781 0.154424 0.150264 0.14409 0.14386 0.143066 0.141701 0.139739 0.137869 0.135884 0.133133 0.128073 0.118448 0.108529 0 0 -9999 -9999 -9999 -9999 -9999 -9999 -9999 -9999 -9999 -9999 -9999 -9999 -9999 -9999 -9999 -9999
0.292585 0.292676 0.29428 0.29515 0.296981 0.297301 0.295716 0.297251 0.297055 0.296608 0.295634 0.294122 0.28838 0.280507 0.272279 0.267254 0.26581 0.258053 0.253164 0.253365 0.249763 0.236945 0.224924 0.220149 0.213219 0.199927 0.190121 -9999 -9999 0.185407 0.193536 0.199083 0.20152 0.201567 0.200487 0.203328 0.201829 0.204207 0.197734 0.181015 0.177435 0.17208 0.168858 0.159887 0.156232 0.151299 0.14884 0.147043 0.145129 0.144577 0.143461 0.142283 0.140951 0.138713 0.137074 0.134631 0.130277 0.119216 0.11114 0 0 -9999 -9999 -9999 -9999 -9999 -9999 -9999 -9999 -9999 -9999 -9999 -9999 -9999 -9999 -9999 -9999
0.29002 0.291785 0.293766 0.29325 0.29601 0.297392 0.296467 0.295832 0.297584 0.297402 0.296855 0.29585 0.29037 0.283805 0.274188 0.267152 0.261283 0.25617 0.241998 0.239901 0.235245 0.230438 0.227462 0.222178 0.212472 0.204851 0.19175 0.185182 -9999 0.184617 0.187834 0.194802 0.200652 0.204003 0.201444 0.204954 0.204047 0.202382 0.197699 0.183563 0.171046 0.166076 0.160842 0.159599 0.158135 0.151773 0.149816 0.146798 0.145428 0.144478 0.14361 0.142779 0.141852 0.140534 0.138723 0.136156 0.132529 0.125223 0.112175 0 0 -9999 -9999 -9999 -9999 -9999 -9999 -9999 -9999 -9999 -9999 -9999 -9999 -9999 -9999 -9999 -9999
0.290787 0.291734 0.292651 0.293639 0.2965 0.297415 0.29779 0.294943 0.295473 0.296101 0.29769 0.29694 0.295506 0.291211 0.279771 0.273935 0.262914 0.253011 0.242705 0.239604 0.240306 0.23575 0.228195 0.220483 0.210177 0.204046 0.196149 0.182663 0.182052 0.185413 0.187943 0.192613 0.200106 0.205073 0.206649 0.206271 0.204784 0.203207 0.19175 0.1792 0.173178 0.16636 0.161111 0.156366 0.153976 0.14804 0.148781 0.147649 0.145161 0.144446 0.143914 0.143444 0.142848 0.141828 0.14014 0.137787 0.134547 0.126642 0.116322 0 0 -9999 -9999 -9999 -9999 -9999 -9999 -9999 -9999 -9999 -9999 -9999 -9999 -9999 -9999 -9999 -9999
0.28607 0.287695 0.289813 0.292756 0.293893 0.296185 0.297991 0.295793 0.292958 0.295926 0.296862 0.297431 0.296417 0.294518 0.282272 0.274932 0.268026 0.258077 0.252362 0.249678 0.245121 0.239283 0.22762 0.21626 0.202755 0.19181 0.188789 0.182556 0.182346 0.184347 0.191288 0.196175 0.197922 0.198914 0.206247 0.205959 0.200397 0.198875 0.19188 0.180754 0.173183 0.168409 0.162972 0.158042 0.147582 0.146218 0.143803 0.145615 0.145927 0.144591 0.144336 0.144186 0.143782 0.142969 0.14147 0.139201 0.133527 0.126104 0.116684 0 0 -9999 -9999 -9999 -9999 -9999 -9999 -9999 -9999 -9999 -9999 -9999 -9999 -9999 -9999 -9999 -9999
0.284746 0.285695 0.287518 0.292322 0.294422 0.296254 0.297402 0.297122 0.294943 0.294342 0.294804 0.291113 0.291853 0.293296 0.290431 0.286639 0.275753 0.264829 0.263388 0.257331 0.247084 0.238106 0.229413 0.216687 0.205281 0.19318 0.18386 0.181559 0.187459 0.192262 0.199439 0.20252 0.200309 0.20192 0.202554 0.204684 0.203728 0.199373 0.191986 0.181116 0.172115 0.169728 0.164569 0.157976 0.152083 0.145415 0.144664 0.143473 0.14528 0.145344 0.144805 0.144826 0.144643 0.143966 0.142569 0.137692 0.133227 0.127558 0.120712 0 0 -9999 -9999 -9999 -9999 -9999 -9999 -9999 -9999 -9999 -9999 -9999 -9999 -9999 -9999 -9999 -9999
0.280934 0.283121 0.288749 0.292096 0.29425 0.29541 0.297116 0.297317 0.295321 0.292915 0.290101 0.285789 0.286331 0.28944 0.289669 0.286506 0.276308 0.27209 0.265763 0.258216 0.246185 0.236144 0.228764 0.216317 0.204156 0.195067 0.184311 0.185851 0.188318 0.192389 0.200169 0.205594 0.20733 0.204142 0.204897 0.207608 0.204292 0.197372 0.192995 0.180712 0.170306 0.169219 0.164992 0.158774 0.154446 0.146984 0.145131 0.144662 0.144855 0.14521 0.145231 0.145199 0.145128 0.144565 0.142142 0.138822 0.134251 0.128377 0.121339 0.103544 0 -9999 -9999 -9999 -9999 -9999 -9999 -9999 -9999 -9999 -9999 -9999 -9999 -9999 -9999 -9999 -9999
0.276987 0.281755 0.289101 0.291506 0.292492 0.295163 0.296558 0.296349 0.296044 0.292995 0.288125 0.278179 0.279014 0.281633 0.285699 0.28579 0.281158 0.271584 0.262782 0.248853 0.236095 0.230203 0.224279 0.214047 0.203529 0.193849 0.195195 0.19751 0.200787 0.202383 0.201326 0.20593 0.209335 0.206492 0.207754 0.208759 0.203596 0.198448 0.19291 0.180284 0.174188 0.168534 0.165627 0.158631 0.155204 0.148266 0.145746 0.144739 0.144554 0.144982 0.145136 0.145278 0.14526 0.144374 0.142404 0.139029 0.134305 0.128303 0.121131 0.112164 0 0 -9999 -9999 -9999 -9999 -9999 -9999 -9999 -9999 -9999 -9999 -9999 -9999 -9999 -9999 -9999
0.272128 0.274627 0.283238 0.286441 0.291152 0.294322 0.295694 0.294559 0.293702 0.289148 0.287411 0.278032 0.272808 0.273767 0.269484 0.275554 0.280001 0.270578 0.248017 0.23651 0.22691 0.22316 0.218573 0.212715 0.198512 0.193027 0.198819 0.202177 0.204925 0.207175 0.206977 0.206761 0.212398 0.21182 0.211797 0.208547 0.205163 0.197829 0.191147 0.182185 0.174285 0.168122 0.165362 0.157576 0.155573 0.148369 0.145283 0.143705 0.144499 0.144549 0.144781 0.144532 0.144569 0.143698 0.141466 0.138122 0.133357 0.127261 0.120137 0.111976 0 0 0 0 -9999 -9999 -9999 -9999 -9999 -9999 -9999 -9999 -9999 -9999 -9999 -9999 -9999
-9999 0.266289 0.278017 0.283791 0.287599 0.292619 0.294312 0.293015 0.291985 0.287269 0.28249 0.273978 0.263549 0.257151 0.267924 0.27631 0.278478 0.270104 0.250579 0.239795 0.234565 0.233179 0.225908 0.219713 0.207797 0.202891 0.197754 0.197828 0.201613 0.204388 0.208771 0.211741 0.211372 0.212234 0.210852 0.208057 0.20481 0.200198 0.195155 0.181472 0.177689 0.17023 0.165778 0.160265 0.155405 0.148026 0.144063 0.1438 0.144069 0.144051 0.142591 0.143095 0.143047 0.142085 0.13998 0.136065 0.131311 0.125341 0.118256 0.110334 0 0 0 0 0 -9999 -9999 -9999 -9999 -9999 -9999 -9999 -9999 -9999 -9999 -9999 -9999
-9999 0.259673 0.271302 0.277227 0.285175 0.289755 0.29036 0.291568 0.29082 0.287272 0.281005 0.274994 0.263556 0.250982 0.263273 0.27287 0.275863 0.27194 0.251723 0.250235 0.242776 0.239356 0.230161 0.224258 0.217738 0.211477 0.205419 0.198517 0.192801 0.202875 0.207971 0.211812 0.213012 0.21279 0.211357 0.208255 0.202864 0.194138 0.192927 0.182028 0.176029 0.170139 0.164773 0.159702 0.155144 0.147925 0.145666 0.143078 0.141386 0.139912 0.140554 0.140903 0.140625 0.139468 0.137281 0.133941 0.129266 0.122537 0.115675 0.10801 0 0 0 0 0 0 0 0 -9999 -9999 -9999 -9999 -9999 -9999 -9999 -9999 -9999
-9999 0.242811 0.259433 0.272549 0.280352 0.284085 0.286978 0.288742 0.287204 0.285769 0.281131 0.27602 0.267934 0.255971 0.247048 0.255552 0.26734 0.269707 0.261325 0.256394 0.248794 0.241716 0.237407 0.234028 0.225942 0.216988 0.208888 0.201529 0.1989 0.206205 0.206909 0.205794 0.213168 0.211693 0.209119 0.203203 0.195985 0.192667 0.184581 0.175551 0.167521 0.16471 0.16188 0.158178 0.154171 0.146804 0.14099 0.139977 0.137289 0.137596 0.137887 0.137909 0.137387 0.136056 0.133702 0.130343 0.126015 0.12002 0.113466 0.105184 0 0 0 0 0 0 0 0 0 -9999 -9999 -9999 -9999 -9999 -9999 -9999 -9999
-9999 0.241609 0.255196 0.267458 0.271625 0.279436 0.282112 0.285321 0.28548 0.283796 0.279624 0.273871 0.266954 0.256458 0.247501 0.251409 0.259506 0.262971 0.257573 0.254577 0.25026 0.245606 0.239777 0.235627 0.230295 0.224622 0.211357 0.207124 0.201613 0.209576 0.209977 0.207877 0.210941 0.209088 0.200519 0.192859 0.188958 0.187584 0.180433 0.168909 0.160985 0.158044 0.158758 0.148351 0.145107 0.140305 0.13907 0.134852 0.134658 0.134627 0.134599 0.134276 0.133488 0.131984 0.129516 0.126166 0.121898 0.116672 0.109711 0.102773 0 0 0 0 0 0 0 0 0 0 -9999 -9999 -9999 -9999 -9999 -9999 -9999
-9999 0.23956 0.249141 0.260124 0.266934 0.274948 0.278689 0.281491 0.281894 0.279737 0.27737 0.273359 0.267124 0.261785 0.253615 0.242981 0.252226 0.2538 0.249398 0.244984 0.244425 0.240429 0.235217 0.230245 0.229476 0.219913 0.213834 0.21126 0.207849 0.211833 0.21106 0.209929 0.208336 0.201172 0.191419 0.182672 0.183751 0.179214 0.176274 0.159127 0.154668 0.153729 0.150416 0.143343 0.13788 0.136647 0.131757 0.131416 0.131249 0.131149 0.130708 0.130151 0.129035 0.127307 0.124825 0.121496 0.117374 0.112466 0.106875 0 0 0 0 0 0 0 0 0 0 0 0 -9999 -9999 -9999 -9999 -9999 -9999
-9999 -9999 0.240909 0.24983 0.262251 0.269522 0.274319 0.276845 0.277056 0.275813 0.273945 0.271005 0.26605 0.259733 0.250528 0.242638 0.242473 0.244142 0.236649 0.235229 0.238745 0.237656 0.23081 0.216552 0.211114 0.215107 0.213632 0.212062 0.210611 0.211284 0.209628 0.207022 0.201778 0.188459 0.181251 0.173769 0.170836 0.164725 0.164262 0.150992 0.151285 0.14884 0.145321 0.136613 0.128357 0.126529 0.127039 0.125456 0.125952 0.127101 0.126411 0.125502 0.124127 0.122274 0.119762 0.116531 0.111534 0.106723 0.101312 0 0 0 0 0 0 0 0 0 0 0 0 0 -9999 -9999 -9999 -9999 -9999
-9999 -9999 0.230788 0.244245 0.258524 0.26344 0.268301 0.272409 0.272522 0.270536 0.268242 0.265466 0.262012 0.254944 0.247638 0.240221 0.235666 0.233456 0.227086 0.227576 0.233637 0.232178 0.228331 0.204612 0.199243 0.205092 0.210044 0.209266 0.207531 0.19877 0.199172 0.193613 0.186276 0.182614 0.177635 0.169527 0.1687 0.161285 0.159042 0.145636 0.14401 0.141037 0.140387 0.132458 0.122907 0.120542 0.121427 0.12002 0.121748 0.121744 0.120949 0.119756 0.118195 0.116123 0.113521 0.110243 0.106344 0.101866 0 0 0 0 0 0 0 0 0 0 0 0 0 0 -9999 -9999 -9999 -9999 -9999
-9999 -9999 0.229405 0.238657 0.251158 0.260495 0.261251 0.265731 0.267865 0.265592 0.262758 0.259513 0.257093 0.249715 0.241461 0.234087 0.225587 0.223688 0.22491 0.225339 0.228303 0.226346 0.222216 0.202033 0.202074 0.205377 0.206481 0.205815 0.203789 0.200764 0.198355 0.193694 0.190495 0.184085 0.17496 0.169486 0.167935 0.157477 0.154298 0.153091 0.136682 0.137045 0.135262 0.126242 0.11481 0.117184 0.117591 0.118029 0.117568 0.116611 0.115859 0.114344 0.112588 0.110427 0.107778 0.104653 0.100941 0 0 0 0 0 0 0 0 0 0 0 0 0 0 0 -9999 -9999 -9999 -9999 -9999
-9999 -9999 0.227942 0.236119 0.246792 0.253304 0.254437 0.259202 0.26325 0.262221 0.259242 0.257471 0.253806 0.247398 0.240219 0.232316 0.22712 0.218206 0.221752 0.220522 0.222782 0.222373 0.202265 0.197657 0.198937 0.20045 0.200035 0.201963 0.200343 0.197594 0.190885 0.186626 0.185673 0.182359 0.177965 0.17061 0.167319 0.161084 0.156373 0.151609 0.134093 0.132465 0.12888 0.119871 0.11475 0.114663 0.114062 0.113597 0.112218 0.111218 0.110422 0.108737 0.106803 0.104548 0.101967 0 0 0 0 0 0 0 0 0 0 0 0 0 0 0 0 0 0 0 -9999 -9999 -9999
-9999 -9999 0.223455 0.231997 0.240949 0.244594 0.245026 0.253595 0.258578 0.257947 0.256062 0.253762 0.246863 0.245586 0.242638 0.235484 0.225822 0.21529 0.213596 0.211965 0.216638 0.216229 0.192956 0.188031 0.18741 0.190652 0.193503 0.196699 0.196208 0.19297 0.183275 0.172972 0.174772 0.17663 0.17408 0.170093 0.162886 0.15834 0.153749 0.147177 0.131232 0.124902 0.122592 0.111045 0.109821 0.109888 0.109755 0.106622 0.10509 0.105412 0.104808 0.102908 0.100853 0 0 0 0 0 0 0 0 0 0 0 0 0 0 0 0 0 0 0 0 0 0 0 0
-9999 -9999 0.217644 0.223665 0.232065 0.23525 0.240473 0.248411 0.251968 0.253229 0.252295 0.250412 0.24664 0.243652 0.239013 0.231821 0.222513 0.212258 0.204718 0.20504 0.20827 0.197517 0.184675 0.178964 0.180446 0.18394 0.190342 0.193204 0.191926 0.189572 0.186001 0.177854 0.168305 0.166008 0.167201 0.161374 0.154834 0.153687 0.150016 0.143549 0.137823 0.122062 0.112892 0.104724 0.102903 0.103228 0.10535 0.103546 0.101096 0.100954 0 0 0 0 0 0 0 0 0 0 0 0 0 0 0 0 0 0 0 0 0 0 0 0 0 0 0
-9999 -9999 0.209908 0.216936 0.224657 0.231833 0.23855 0.244192 0.244009 0.246511 0.245597 0.246254 0.244536 0.240835 0.236783 0.230464 0.219235 0.209347 0.198634 0.198644 0.202037 0.186221 0.179366 0.169121 0.174496 0.180809 0.186429 0.188542 0.183128 0.184508 0.182175 0.177777 0.171175 0.161997 0.159627 0.151811 0.148702 0.148252 0.145839 0.141974 0.136777 0.123531 0.109934 0.100195 0 0 0 0 0 0 0 0 0 0 0 0 0 0 0 0 0 0 0 0 0 0 0 0 0 0 0 0 0 0 0 0 0
-9999 -9999 -9999 0.213059 0.220941 0.2266 0.227663 0.23252 0.234768 0.236259 0.235854 0.241409 0.240607 0.237835 0.234088 0.228554 0.219684 0.212807 0.202522 0.194434 0.181174 0.174748 0.174146 0.170814 0.17173 0.177588 0.183905 0.18258 0.174865 0.173539 0.172565 0.172999 0.169464 0.15781 0.150595 0.144007 0.143944 0.143815 0.141249 0.137922 0.133725 0.116635 0 0 0 0 0 0 0 0 0 0 0 0 0 0 0 0 0 0 0 0 0 0 0 0 0 0 0 0 0 0 0 0 0 0 0
-9999 -9999 -9999 0.207266 0.216377 0.217766 0.216908 0.212939 0.213636 0.224755 0.226252 0.231572 0.236449 0.234775 0.23116 0.225965 0.220035 0.211623 0.200351 0.190833 0.170848 0.17338 0.177255 0.17606 0.175821 0.178324 0.176797 0.168766 0.161184 0.161937 0.161551 0.166196 0.165225 0.161593 0.153531 0.144482 0.138287 0.139164 0.136365 0.133035 0.129299 0.118634 0.100925 0 0 0 0 0 0 0 0 0 0 0 0 0 0 0 0 0 0 0 0 0 0 0 0 0 0 0 0 0 0 0 0 0 0
-9999 -9999 -9999 -9999 -9999 -9999 -9999 -9999 0.209355 0.21107 0.21903 0.225374 0.2327 0.231522 0.228297 0.224573 0.216708 0.208023 0.204797 0.18601 0.170178 0.172029 0.174185 0.175251 0.173809 0.172733 0.167803 0.160526 0.15155 0.152698 0.157276 0.162308 0.160097 0.158075 0.152783 0.146015 0.13384 0.134793 0.131596 0.128457 0.12442 0.105252 0 0 0 0 0 0 0 0 0 0 0 0 0 0 0 0 0 0 0 0 0 0 0 0 0 0 0 0 0 0 0 0 0 0 0
-9999 -9999 -9999 -9999 -9999 -9999 -9999 -9999 0.197636 0.196095 0.21418 0.2213 0.227793 0.227924 0.224654 0.220503 0.215556 0.209846 0.202176 0.176782 0.167221 0.172012 0.170226 0.16942 0.166154 0.159688 0.156662 0.148933 0.143165 0.147957 0.152403 0.156598 0.155685 0.153051 0.150189 0.139559 0.130231 0.12823 0.12571 0.123946 0.112908 0.100477 0 0 0 0 0 0 0 0 0 0 0 0 0 0 0 0 0 0 0 0 0 0 0 0 0 0 0 0 0 0 0 0 0 0 0
-9999 -9999 -9999 -9999 -9999 -9999 -9999 -9999 -9999 0.188209 0.204629 0.21539 0.223237 0.224666 0.222429 0.219135 0.214467 0.208487 0.203422 0.178988 0.166668 0.163567 0.162022 0.160151 0.157302 0.148391 0.142647 0.140695 0.14025 0.14316 0.148219 0.151788 0.151388 0.143529 0.145857 0.141993 0.1341 0.127215 0.121018 0.119242 0.101556 0 0 0 0 0 0 0 0 0 0 0 0 0 0 0 0 0 0 0 0 0 0 0 0 0 0 0 0 0 0 0 0 0 0 0 -9999
-9999 -9999 -9999 -9999 -9999 -9999 -9999 -9999 -9999 0.187634 0.196386 0.210533 0.217688 0.22162 0.220241 0.217445 0.21438 0.209531 0.191019 0.178853 -9999 -9999 -9999 -9999 -9999 -9999 0.132772 0.140751 0.145255 0.144973 0.146411 0.14866 0.147745 0.141155 0.134199 0.137928 0.13386 0.128746 0.121505 0.107517 0 0 0 0 0 0 0 0 0 0 0 0 0 0 0 0 0 0 0 0 0 0 0 0 0 0 0 0 0 0 0 0 0 0 0 -9999 -9999
-9999 -9999 -9999 -9999 -9999 -9999 -9999 -9999 -9999 -9999 0.189553 0.201803 0.213299 0.218731 0.217098 0.215449 0.212163 0.203758 0.18384 0.181616 -9999 -9999 -9999 -9999 -9999 -9999 0.137446 0.141679 0.145057 0.146796 0.14644 0.146059 0.144354 0.135639 0.129343 0.131508 0.127667 0.122571 0.118052 0.102975 0 0 0 0 0 0 0 0 0 0 0 0 0 0 0 0 0 0 0 0 0 0 0 0 0 0 0 0 0 0 0 0 0 -9999 -9999 -9999 -9999
-9999 -9999 -9999 -9999 -9999 -9999 -9999 -9999 -9999 -9999 -9999 0.202313 0.202246 0.209897 0.208999 0.206237 0.20169 0.200197 -9999 -9999 -9999 -9999 -9999 -9999 -9999 -9999 0.131903 0.138203 0.141574 0.141537 0.1394 0.137115 0.135843 0.126498 0.123169 0.1216 0.118735 -9999 0.111989 0.103862 0 0 0 0 0 0 0 0 0 0 0 0 0 0 0 0 0 0 0 0 0 0 0 0 0 0 0 0 0 0 0 0 0 -9999 -9999 -9999 -9999
