Test_Spring_2018/01_18/Prec/20180117_010.txt
ncols	170
nrows	115
xllcorner	350000.000000
yllcorner	4445000.000000
cellsize	1000.000000
nodata_value	-9999.000000
[rows 32 to 63 of 115, columns 72 to 143 of 170]
0.658501 0.658909 0.661679 0.664855 0.687949 0.674106 0.68558 0.6872 0.688456 0.688967 0.690292 0.691282 0.691951 0.690356 0.68448 0.678071 0.677777 0.673893 0.667134 0.664292 0.65586 0.64414 0.63021 0.625438 0.616444 0.606898 0.580519 -9999 -9999 -9999 -9999 -9999 -9999 -9999 -9999 -9999 -9999 -9999 -9999 -9999 -9999 -9999 -9999 -9999 -9999 -9999 -9999 -9999 -9999 -9999 -9999 -9999 -9999 -9999 -9999 -9999 -9999 -9999 -9999 -9999 -9999 -9999 -9999 -9999 -9999 -9999 -9999 -9999 -9999 -9999 -9999 -9999
0.630809 0.632517 0.636529 0.638966 0.642278 0.651362 0.660473 0.6617 0.662494 0.662834 0.663092 0.663034 0.66168 0.659163 0.653694 0.646644 0.643001 0.642442 0.638642 0.634441 0.627687 0.620015 0.610854 0.606776 0.60104 0.579064 0.567369 0.540297 -9999 -9999 -9999 -9999 -9999 -9999 -9999 -9999 -9999 -9999 -9999 -9999 -9999 -9999 -9999 -9999 -9999 -9999 -9999 -9999 -9999 -9999 -9999 -9999 -9999 -9999 -9999 -9999 -9999 -9999 -9999 -9999 -9999 -9999 -9999 -9999 -9999 -9999 -9999 -9999 -9999 -9999 -9999 -9999
0.60294 0.604069 0.608013 0.61169 0.606625 0.632618 0.633465 0.636052 0.636223 0.636204 0.635151 0.634034 0.63217 0.629161 0.62496 0.619809 0.611666 0.613001 0.613074 0.609653 0.60568 0.600087 0.592549 0.589859 0.584594 0.550754 0.535349 0.526085 0.518421 -9999 -9999 -9999 -9999 -9999 -9999 -9999 -9999 -9999 -9999 -9999 -9999 -9999 -9999 -9999 -9999 -9999 -9999 -9999 -9999 -9999 -9999 -9999 -9999 -9999 -9999 -9999 -9999 -9999 -9999 -9999 -9999 -9999 -9999 -9999 -9999 -9999 -9999 -9999 -9999 -9999 -9999 -9999
0.575241 0.576789 0.581376 0.5861 0.580379 0.590054 0.609473 0.610095 0.610339 0.609515 0.607556 0.603571 0.601788 0.600192 0.596758 0.591192 0.58558 0.582836 0.58547 0.584637 0.581922 0.580078 0.574372 0.571751 0.567074 0.547235 0.511036 0.513229 0.505549 0.496475 -9999 -9999 -9999 -9999 -9999 -9999 -9999 -9999 -9999 -9999 -9999 -9999 -9999 -9999 -9999 -9999 -9999 -9999 -9999 -9999 -9999 -9999 -9999 -9999 -9999 -9999 -9999 -9999 -9999 -9999 -9999 -9999 -9999 -9999 -9999 -9999 -9999 -9999 -9999 -9999 -9999 -9999
-9999 -9999 0.554791 0.551678 0.557739 0.566087 0.585102 0.585514 0.585298 0.583694 0.57996 0.576989 0.574822 0.5716 0.567648 0.564795 0.561079 0.557467 0.557579 0.560483 0.557624 0.558842 0.556625 0.554575 0.549598 0.51031 0.494204 0.497121 0.489976 0.481679 -9999 -9999 -9999 -9999 -9999 -9999 -9999 -9999 -9999 -9999 -9999 -9999 -9999 -9999 -9999 -9999 -9999 -9999 -9999 -9999 -9999 -9999 -9999 -9999 -9999 -9999 -9999 -9999 -9999 -9999 -9999 -9999 -9999 -9999 -9999 -9999 -9999 -9999 -9999 -9999 -9999 -9999
-9999 -9999 -9999 0.529784 0.534589 0.539115 0.561798 0.561498 0.561167 0.558859 0.555439 0.552034 0.548484 0.54502 0.541395 0.538187 0.535031 0.534537 0.537072 0.537316 0.536918 0.537108 0.537629 0.535873 0.519351 0.491986 0.485829 0.479593 0.471828 0.466287 0.458851 -9999 -9999 -9999 -9999 -9999 -9999 -9999 -9999 -9999 -9999 -9999 -9999 0.411134 -9999 -9999 -9999 -9999 -9999 -9999 -9999 -9999 -9999 -9999 -9999 -9999 -9999 -9999 -9999 -9999 -9999 -9999 -9999 -9999 0.251668 -9999 -9999 -9999 -9999 -9999 -9999 -9999
-9999 -9999 0.511051 0.510697 0.515184 0.518821 0.525886 0.539255 0.538505 0.535441 0.53138 0.527121 0.522372 0.519097 0.515955 0.512669 0.511879 0.513109 0.514507 0.516275 0.517884 0.518713 0.518652 0.517632 0.484763 0.480249 0.475603 0.461641 0.46257 0.454533 0.445136 0.436532 -9999 -9999 -9999 -9999 -9999 -9999 -9999 0.411367 0.408819 0.406287 0.404107 0.402784 0.397518 -9999 -9999 -9999 -9999 -9999 -9999 -9999 -9999 -9999 -9999 -9999 -9999 -9999 -9999 -9999 -9999 -9999 -9999 -9999 0.250227 0.241904 -9999 -9999 -9999 -9999 -9999 -9999
-9999 -9999 0.484965 0.49167 0.496146 0.499876 0.501396 0.519347 0.516965 0.513609 0.509103 0.503946 0.498792 0.495317 0.491562 0.489619 0.489115 0.491313 0.49349 0.495513 0.497523 0.499295 0.499523 0.500016 0.470921 0.467777 0.462659 0.456511 0.451296 0.440786 0.430105 0.420324 -9999 -9999 -9999 -9999 -9999 -9999 0.401903 0.401929 0.401314 0.397226 0.39689 0.395809 0.392 0.348254 -9999 -9999 -9999 -9999 -9999 -9999 -9999 -9999 -9999 -9999 -9999 -9999 -9999 -9999 0.277579 0.27109 0.261333 0.253864 0.247008 0.238818 -9999 -9999 -9999 -9999 -9999 -9999
-9999 -9999 0.4662 0.473894 0.479333 0.482862 0.483566 0.494037 0.497847 0.493472 0.488158 0.482655 0.47754 0.472382 0.469173 0.466251 0.468257 0.46996 0.472406 0.474291 0.4773 0.477894 0.479343 0.454499 0.456873 0.453863 0.447705 0.439495 0.436193 0.426065 0.418023 0.40843 -9999 -9999 -9999 -9999 -9999 -9999 0.390909 0.39176 0.392402 0.39151 0.387703 0.388549 0.350132 0.344085 0.338817 0.334899 0.329938 0.32284 0.313531 0.308386 0.302308 0.298263 -9999 -9999 -9999 -9999 0.280761 0.277937 0.274941 0.270366 0.260267 0.251548 0.242588 0.220474 -9999 -9999 -9999 -9999 -9999 -9999
-9999 -9999 0.451094 0.458674 0.463815 0.466416 0.467985 0.476829 0.480226 0.465142 0.459739 0.454279 0.449251 0.444815 0.441199 0.440228 0.440638 0.442059 0.442007 0.442135 0.447741 0.459949 0.441177 0.44103 0.443645 0.440791 0.434078 0.425357 0.424999 0.415949 0.406964 0.388667 -9999 -9999 -9999 0.373629 0.373871 0.372431 0.37214 0.373896 0.3751 0.383733 0.383759 0.358554 0.345569 0.339533 0.332721 0.327891 0.325346 0.320078 0.309397 0.304182 0.298127 0.288762 0.285755 0.282792 0.279867 0.276925 0.274272 0.271687 0.268683 0.264275 0.259366 0.251778 0.244537 0.212457 -9999 -9999 -9999 -9999 -9999 -9999
-9999 -9999 0.425832 0.433377 0.439005 0.443041 0.443732 0.443375 0.447515 0.449926 0.4441 0.437089 0.432348 0.427776 0.424688 0.423235 0.423492 0.423248 0.423326 0.424224 0.42737 0.416802 0.417399 0.416256 0.419058 0.428511 0.412962 0.405042 0.400107 0.397998 0.386144 0.37618 -9999 -9999 0.361866 0.363906 0.365397 0.366003 0.365976 0.365797 0.368015 0.367744 0.369313 0.346175 0.331779 0.327705 0.329052 0.324224 0.31216 0.306585 0.301259 0.294378 0.289895 0.285639 0.282511 0.279476 0.276814 0.274423 0.271793 0.26964 0.26704 0.26323 0.255406 0.248866 0.228699 0.208157 -9999 -9999 -9999 -9999 -9999 -9999
-9999 -9999 0.406195 0.413572 0.419492 0.422543 0.424597 0.432073 0.434373 0.430451 0.430612 0.423372 0.416872 0.412952 0.409746 0.408474 0.409179 0.40946 0.410827 0.411647 0.41445 0.403789 0.40637 0.394525 0.395959 0.394925 0.392732 0.390528 0.393871 0.389711 0.381073 0.369407 0.361302 -9999 0.353682 0.353078 0.355539 0.358303 0.360441 0.359804 0.362779 0.363216 0.346422 0.342891 0.330197 0.317847 0.312496 0.306744 0.303029 0.304333 0.297955 0.292968 0.286428 0.282499 0.279216 0.276435 0.274125 0.272157 0.270259 0.268236 0.265779 0.262557 0.256964 0.239856 0.22923 0.208094 -9999 -9999 -9999 -9999 -9999 -9999
-9999 0.38484 0.39601 0.404566 0.410235 0.413892 0.41564 0.415481 0.418369 0.420508 0.41456 0.412463 0.404318 0.39938 0.396409 0.39626 0.397202 0.399995 0.403023 0.403332 0.395973 0.391194 0.390515 0.387494 0.388682 0.390946 0.389188 0.384704 0.379182 0.374912 0.374084 0.365095 0.353495 0.34916 0.347783 0.346887 0.348212 0.352089 0.355367 0.357305 0.358389 0.345783 0.344232 0.333923 0.322197 0.316448 0.309978 0.304154 0.298448 0.293969 0.288108 0.289238 0.284927 0.279491 0.27642 0.273947 0.271996 0.270396 0.268864 0.267107 0.26495 0.262093 0.250141 0.241722 0.222922 0.204442 -9999 -9999 -9999 -9999 -9999 -9999
-9999 -9999 0.386933 0.394543 0.399871 0.40359 0.405902 0.406569 0.410163 0.406275 0.402166 0.400101 0.395497 0.38849 0.386685 0.386107 0.387807 0.390946 0.395508 0.384909 0.3859 0.387266 0.386656 0.3866 0.388221 0.387782 0.385563 0.379059 0.371781 0.365649 0.356584 0.351634 0.348024 0.344362 0.342312 0.343975 0.345535 0.346339 0.347545 0.352842 0.345001 0.339374 0.337261 0.331806 0.32091 0.314163 0.308736 0.302749 0.296917 0.287951 0.28459 0.280134 0.27829 0.278107 0.274228 0.272034 0.27041 0.26908 0.267829 0.266334 0.264358 0.256002 0.247019 0.238446 0.222338 0.204332 -9999 -9999 -9999 -9999 -9999 -9999
-9999 -9999 -9999 -9999 0.392225 0.396403 0.398549 0.39929 0.403812 0.400716 0.396585 0.391787 0.386535 0.383068 0.379238 0.37835 0.377626 0.380866 0.381738 0.384443 0.387226 0.386227 0.384296 0.387498 0.387312 0.383842 0.380079 0.375494 0.36776 0.362868 0.353502 0.345373 0.34113 0.341698 0.343304 0.345211 0.345852 0.34451 0.346101 0.34143 0.341551 0.339763 0.335844 0.329963 0.319179 0.311495 0.307309 0.301435 0.294682 0.288313 0.28201 0.278611 0.275243 0.273897 0.271973 0.270674 0.269276 0.268199 0.267143 0.265807 0.258794 0.253867 0.247727 0.240412 0.223656 0.202915 -9999 -9999 -9999 -9999 -9999 -9999
-9999 -9999 -9999 -9999 0.384825 0.388852 0.391903 0.395073 0.398928 0.396292 0.392221 0.388137 0.38349 0.378453 0.374823 0.372095 0.369755 0.371825 0.376552 0.380624 0.383397 0.382455 0.384126 0.384454 0.383388 0.378975 0.374774 0.371165 0.363907 0.358798 0.351528 0.343015 0.341299 0.340284 0.340548 0.343663 0.345673 0.346372 0.342645 0.341946 0.342157 0.338801 0.333206 0.328782 0.317133 0.308539 0.305009 0.299645 0.293144 0.287738 0.281074 0.277231 0.274451 0.272392 0.270808 0.269417 0.268471 0.267543 0.266615 0.26318 0.259366 0.25428 0.247893 0.240316 0.226258 0.202105 -9999 -9999 -9999 -9999 -9999 -9999
-9999 -9999 -9999 -9999 -9999 0.382043 0.386732 0.391204 0.394898 0.392184 0.38956 0.385883 0.381507 0.377784 0.373663 0.369887 0.364621 0.366567 0.370618 0.376351 0.380437 0.38212 0.380476 0.379139 0.374349 0.369497 0.367704 0.365123 0.359419 0.355537 0.348405 0.347115 0.346278 0.346094 0.345262 0.343356 0.345033 0.34606 0.343376 0.342765 0.341789 0.337152 0.332304 0.327023 0.315081 0.308795 0.302685 0.298084 0.291234 0.286464 0.280229 0.276218 0.273349 0.27128 0.269913 0.268734 0.267836 0.267045 0.265573 0.26301 0.259096 0.253829 0.247259 0.239488 0.230238 0.210497 0.196729 -9999 -9999 -9999 -9999 -9999
-9999 -9999 -9999 -9999 -9999 0.375339 0.378924 0.384452 0.389115 0.389147 0.387523 0.384541 0.380271 0.376275 0.370968 0.369259 0.363629 0.363017 0.365691 0.366216 0.373039 0.379202 0.377178 0.367777 0.364082 0.36088 0.360317 0.358656 0.355688 0.350132 0.345821 0.347512 0.347732 0.347658 0.34749 0.345276 0.344632 0.346585 0.345552 0.344044 0.340482 0.336614 0.330336 0.324241 0.314239 0.306898 0.300514 0.296066 0.288899 0.285091 0.278888 0.274786 0.271821 0.2705 0.269085 0.268064 0.266438 0.265919 0.264325 0.261746 0.257775 0.252405 0.245701 0.237885 0.229029 0.213933 0.200629 0.188961 0.179381 -9999 -9999 -9999
-9999 -9999 -9999 -9999 -9999 -9999 0.370806 0.378395 0.385111 0.38534 0.385523 0.383492 0.374015 0.372871 0.36956 0.36626 0.361059 0.355065 0.35646 0.364805 0.372282 0.376539 0.374561 0.366403 0.362792 0.361857 0.362593 0.359559 0.356654 0.352782 0.349259 0.345344 0.344198 0.340107 0.341854 0.344544 0.34571 0.344294 0.342911 0.34216 0.338679 0.334711 0.329792 0.324489 0.311773 0.306731 0.299684 0.294403 0.28866 0.283451 0.277356 0.272998 0.270985 0.269559 0.268249 0.264164 0.264321 0.263708 0.262005 0.259014 0.255332 0.249906 0.24323 0.235417 0.226704 0.212294 0.201658 0.189569 0.177022 0.164187 -9999 -9999
-9999 -9999 -9999 -9999 -9999 -9999 0.363824 0.371625 0.379071 0.382284 0.372461 0.370951 0.371745 0.371115 0.368715 0.364719 0.360903 0.354197 0.347068 0.357078 0.369334 0.373419 0.373725 0.364356 0.365582 0.363195 0.36273 0.358693 0.356145 0.355678 0.351811 0.347825 0.334442 0.331624 0.338256 0.341399 0.343087 0.342559 0.340563 0.337331 0.336051 0.331523 0.324217 0.320991 0.309784 0.303567 0.2975 0.291856 0.286541 0.281706 0.275909 0.272727 0.269621 0.263173 0.260694 0.261168 0.261163 0.260343 0.258461 0.255369 0.250988 0.247325 0.239846 0.232192 0.223692 0.209494 0.199544 0.189451 0.179135 0.165818 0.154488 0.140642
-9999 -9999 -9999 -9999 -9999 -9999 0.351135 0.361917 0.35773 0.363744 0.364047 0.366554 0.368002 0.367245 0.366266 0.363322 0.360038 0.355117 0.348139 0.343031 0.352058 0.359419 0.370136 0.366955 0.365913 0.36322 0.360613 0.359321 0.358309 0.357313 0.337081 0.334848 0.33113 0.331292 0.336394 0.337115 0.336076 0.339036 0.336393 0.332584 0.326501 0.323989 0.319415 0.313757 0.303599 0.296363 0.292158 0.288102 0.283745 0.279425 0.273743 0.261759 0.260861 0.256762 0.257093 0.257257 0.256956 0.255902 0.25385 0.250625 0.246235 0.240736 0.236665 0.229257 0.220118 0.206206 0.196794 0.187282 0.177918 0.16835 0.15896 0.144315
-9999 -9999 -9999 -9999 -9999 -9999 0.327295 0.342297 0.351454 0.35206 0.357963 0.360583 0.363094 0.363532 0.362623 0.360082 0.3565 0.352202 0.345934 0.340632 0.342679 0.352492 0.35505 0.352834 0.361578 0.36049 0.35911 0.335566 0.335772 0.337971 0.337202 0.330083 0.329717 0.328203 0.333639 0.334194 0.332644 0.333273 0.330524 0.323502 0.3166 0.311556 0.313415 0.30671 0.29497 0.289997 0.285898 0.28401 0.266517 0.263453 0.259904 0.258649 0.252714 0.252637 0.25264 0.252482 0.251856 0.250548 0.248331 0.245025 0.240673 0.235293 0.228931 0.224715 0.216844 0.202848 0.193664 0.184817 0.176101 0.16758 0.153772 0.141112
-9999 -9999 -9999 -9999 -9999 -9999 0.296626 0.335011 0.343439 0.345192 0.351282 0.354626 0.357077 0.357827 0.356819 0.355413 0.352882 0.348986 0.345558 0.340605 0.334411 0.339504 0.346522 0.344733 0.31831 0.319006 0.318448 0.317807 0.331073 0.332894 0.327653 0.326355 0.326756 0.326295 0.329441 0.329324 0.328356 0.326484 0.320918 0.313424 0.306137 0.304115 0.29888 0.300908 0.286192 0.270472 0.267472 0.263611 0.261247 0.257042 0.255464 0.248263 0.247864 0.247664 0.247472 0.246928 0.246034 0.244441 0.242045 0.238732 0.234454 0.229276 0.223262 0.216547 0.2123 0.198707 0.190254 0.175859 0.167357 0.160417 0.153185 0.140378
-9999 -9999 -9999 -9999 -9999 -9999 -9999 0.299986 0.304869 0.314923 0.321907 0.32716 0.330652 0.332245 0.332353 0.331424 0.329264 0.325458 0.320532 0.313826 0.30789 0.306495 0.312176 0.309083 0.3086 0.311457 0.312318 0.310484 0.307275 0.305019 0.309815 0.311499 0.31288 0.313897 0.32297 0.322334 0.320585 0.31679 0.307969 0.294091 0.287227 0.282662 0.276265 0.279841 0.267466 0.265067 0.261502 0.257736 0.251483 0.245552 0.239427 0.23939 0.23838 0.238599 0.241624 0.240789 0.239569 0.237741 0.235239 0.231934 0.227795 0.21938 0.213339 0.206668 0.202583 0.188997 0.180636 0.172437 0.164334 0.157334 0.150513 0.133937
-9999 -9999 -9999 -9999 -9999 -9999 -9999 0.285739 0.295946 0.30658 0.311834 0.316768 0.320876 0.322254 0.3219 0.320804 0.318911 0.316203 0.311178 0.305877 0.300542 0.296995 0.295093 0.298962 0.299539 0.303717 0.304184 0.303752 0.293212 0.292301 0.297738 0.302617 0.304087 0.304657 0.300812 0.301483 0.298185 0.293252 0.289783 0.285097 0.278316 0.275398 0.268758 0.265094 0.260278 0.257144 0.253565 0.251616 0.245945 0.239231 0.232488 0.232561 0.231501 0.23223 0.231921 0.23099 0.229557 0.227559 0.224866 0.221444 0.217222 0.212268 0.206661 0.200473 0.193773 0.189315 0.172896 0.165557 0.159279 0.153303 0.14049 0.131934
-9999 -9999 -9999 -9999 -9999 -9999 -9999 0.279287 0.286695 0.295892 0.303195 0.305482 0.30952 0.311847 0.311268 0.309918 0.307915 0.306023 0.301124 0.295623 0.290637 0.285178 0.283675 0.284278 0.292993 0.295365 0.295385 0.294544 0.285629 0.287386 0.291029 0.29339 0.294583 0.294715 0.293882 0.292906 0.290148 0.287684 0.282953 0.276317 0.271435 0.268582 0.260725 0.257004 0.254551 0.248867 0.247431 0.245071 0.238946 0.226095 0.226744 0.226472 0.226317 0.225673 0.224675 0.223626 0.221907 0.219744 0.217007 0.213632 0.209633 0.204977 0.199796 0.193887 0.187482 0.178459 0.167492 0.161028 0.155842 0.150781 0.133759 0.129443
-9999 -9999 -9999 -9999 -9999 -9999 -9999 0.272499 0.278876 0.286623 0.291946 0.294088 0.298004 0.301211 0.301242 0.299837 0.298784 0.29641 0.292324 0.287728 0.282752 0.279413 0.274216 0.276255 0.284539 0.286459 0.287198 0.277967 0.276685 0.278813 0.281112 0.282281 0.284605 0.284706 0.283853 0.280408 0.277919 0.276866 0.274127 0.270484 0.264972 0.261605 0.256571 0.252449 0.248431 0.242934 0.240675 0.237535 0.226734 0.22197 0.221251 0.220365 0.219612 0.218338 0.217193 0.216009 0.214117 0.211823 0.209057 0.205801 0.201991 0.19759 0.192768 0.18703 0.180494 0.17275 0.160082 0.156447 0.15307 0.14356 0.130503 0.126362
-9999 -9999 -9999 -9999 -9999 -9999 -9999 0.263787 0.269961 0.276337 0.27967 0.281074 0.286831 0.290363 0.29052 0.28973 0.288484 0.284491 0.283515 0.281559 0.277287 0.271718 0.265832 0.265091 0.267638 0.276812 0.27743 0.266219 0.264523 0.265304 0.268252 0.270926 0.273668 0.274162 0.272877 0.267706 0.261891 0.262529 0.262931 0.260656 0.257426 0.252316 0.248677 0.245062 0.240445 0.229462 0.231998 0.229804 0.216385 0.214956 0.214354 0.213707 0.211405 0.209962 0.209465 0.208312 0.206251 0.203881 0.201165 0.198015 0.194431 0.190223 0.185634 0.180535 0.172628 0.165688 0.152343 0.151955 0.148216 0.130032 0.127087 0.123192
-9999 -9999 -9999 -9999 -9999 -9999 -9999 0.254159 0.258543 0.264219 0.266918 0.270654 0.275778 0.278313 0.279415 0.279143 0.278211 0.276126 0.274418 0.27178 0.267756 0.262637 0.257115 0.253258 0.253954 0.265601 0.26012 0.254799 0.252459 0.254157 0.256962 0.261327 0.263615 0.263452 0.262515 0.260703 0.256137 0.250594 0.248924 0.249063 0.245194 0.240882 0.239576 0.236905 0.232747 0.229098 0.225748 0.215206 0.208377 0.206732 0.206331 0.206951 0.205364 0.20336 0.20255 0.20057 0.198403 0.196032 0.193349 0.190355 0.18702 0.18318 0.178763 0.172549 0.166366 0.159316 0.154299 0.148626 0.140008 0.126858 0.12331 0.119468
-9999 -9999 -9999 -9999 -9999 -9999 -9999 0.243345 0.247926 0.252847 0.257403 0.261637 0.2652 0.265441 0.267114 0.266826 0.267374 0.266578 0.264679 0.262614 0.259337 0.253394 0.248288 0.242816 0.243419 0.249772 0.248029 0.244877 0.239832 0.243474 0.247591 0.251254 0.252876 0.2502 0.251207 0.250033 0.2476 0.243842 0.238568 0.237033 0.232429 0.230443 0.229955 0.228407 0.226098 0.223102 0.214815 0.209035 0.201322 0.199239 0.198653 0.198568 0.198499 0.196758 0.195051 0.192914 0.190661 0.188285 0.185693 0.182833 0.179669 0.176124 0.170863 0.16504 0.159772 0.153856 0.149304 0.143081 0.136288 0.122841 0.119372 0.115677
-9999 -9999 -9999 -9999 -9999 -9999 -9999 -9999 0.238874 0.243516 0.246864 0.247609 0.250447 0.251829 0.252806 0.252762 0.256092 0.255938 0.254754 0.2531 0.250518 0.246142 0.242933 0.237868 0.234055 0.232183 0.234689 0.234942 0.233601 0.234549 0.238171 0.24197 0.241435 0.237277 0.236637 0.236164 0.236463 0.234547 0.228116 0.224182 0.220628 0.220745 0.220859 0.219647 0.218038 0.215964 0.202308 0.196317 0.196155 0.195443 0.193517 0.192664 0.191472 0.189544 0.187547 0.185336 0.183075 0.180704 0.178154 0.175473 0.172394 0.168788 0.163654 0.155631 0.152162 0.147789 0.142324 0.136573 0.12079 0.11843 0.115335 0.111685
-9999 -9999 -9999 -9999 -9999 -9999 -9999 -9999 0.228794 0.233757 0.234359 0.233692 0.231314 0.231605 0.237809 0.238775 0.242015 0.245154 0.244778 0.243437 0.241309 0.238834 0.235005 0.229576 0.225089 0.215581 0.222087 0.229689 0.229407 0.229519 0.231039 0.230215 0.225702 0.221415 0.221791 0.22158 0.224253 0.223888 0.222145 0.218034 0.213465 0.210566 0.211666 0.21075 0.209549 0.208108 0.198919 0.186799 0.190156 0.189214 0.187823 0.185991 0.184545 0.182447 0.180213 0.177989 0.175682 0.173325 0.170823 0.168214 0.164933 0.161338 0.155299 0.149556 0.144556 0.138896 0.139699 0.132448 0.11685 0.114053 0.111012 0.107344
