Test_Spring_2018/01_18/Prec/20180121_018.txt
ncols	170
nrows	115
xllcorner	350000.000000
yllcorner	4445000.000000
cellsize	1000.000000
nodata_value	-9999.000000
[rows 31 to 61 of 115, columns 70 to 139 of 170]
1.45669 1.45324 1.44282 1.42154 1.40709 1.38414 1.37073 1.3544 1.26556 1.2515 1.23267 1.22012 1.20526 1.18677 1.17498 1.14924 1.08179 1.09142 1.09006 1.06374 1.06379 1.06905 1.04368 0.990275 0.959606 0.91766 0.889333 0.858599 0.821095 -9999 -9999 -9999 -9999 -9999 -9999 -9999 -9999 -9999 -9999 -9999 -9999 -9999 -9999 -9999 -9999 -9999 -9999 -9999 -9999 -9999 -9999 -9999 -9999 -9999 -9999 -9999 -9999 -9999 -9999 -9999 -9999 -9999 -9999 -9999 -9999 -9999 -9999 -9999 -9999 -9999
1.43171 1.4242 1.4111 1.39133 1.38733 1.38225 1.33719 1.28784 1.24487 1.23255 1.21611 1.1938 1.18001 1.16684 1.15603 1.13302 1.08238 1.03587 1.04872 1.04074 1.01725 1.03332 1.00925 0.962608 0.900764 0.916026 0.896607 0.816167 0.770353 -9999 -9999 -9999 -9999 -9999 -9999 -9999 -9999 -9999 -9999 -9999 -9999 -9999 -9999 -9999 -9999 -9999 -9999 -9999 -9999 -9999 -9999 -9999 -9999 -9999 -9999 -9999 -9999 -9999 -9999 -9999 -9999 -9999 -9999 -9999 -9999 -9999 -9999 -9999 -9999 -9999
1.39299 1.39306 1.37814 1.36312 1.36494 1.35135 1.31504 1.27187 1.22293 1.21248 1.19895 1.18299 1.16854 1.15454 1.13376 1.10808 1.06338 1.01143 0.993624 1.00727 0.999941 0.994604 0.972848 0.947385 0.912613 0.921844 0.918518 0.860958 0.784409 0.71319 -9999 -9999 -9999 -9999 -9999 -9999 -9999 -9999 -9999 -9999 -9999 -9999 -9999 -9999 -9999 -9999 -9999 -9999 -9999 -9999 -9999 -9999 -9999 -9999 -9999 -9999 -9999 -9999 -9999 -9999 -9999 -9999 -9999 -9999 -9999 -9999 -9999 -9999 -9999 -9999
1.35048 1.35936 1.34374 1.31819 1.315 1.309 1.25951 1.19648 1.18543 1.19045 1.17761 1.16555 1.14756 1.1318 1.11281 1.08742 1.05535 1.01871 0.960767 0.984472 1.00129 0.992837 0.983292 0.963687 0.931065 0.941073 0.931958 0.847145 0.748911 0.719076 0.701283 -9999 -9999 -9999 -9999 -9999 -9999 -9999 -9999 -9999 -9999 -9999 -9999 -9999 -9999 -9999 -9999 -9999 -9999 -9999 -9999 -9999 -9999 -9999 -9999 -9999 -9999 -9999 -9999 -9999 -9999 -9999 -9999 -9999 -9999 -9999 -9999 -9999 -9999 -9999
-9999 1.32295 1.30844 1.28056 1.27806 1.2777 1.2513 1.18664 1.17013 1.16247 1.15533 1.14281 1.12397 1.09098 1.07817 1.06839 1.04457 1.00404 0.964016 0.948722 0.979247 0.98311 0.973868 0.974669 0.946763 0.947572 0.934596 0.889609 0.789659 0.735512 0.714004 0.680719 -9999 -9999 -9999 -9999 -9999 -9999 -9999 -9999 -9999 -9999 -9999 -9999 -9999 -9999 -9999 -9999 -9999 -9999 -9999 -9999 -9999 -9999 -9999 -9999 -9999 -9999 -9999 -9999 -9999 -9999 -9999 -9999 -9999 -9999 -9999 -9999 -9999 -9999
-9999 -9999 -9999 -9999 1.23648 1.21241 1.16706 1.1568 1.14628 1.13983 1.13349 1.12024 1.09299 1.07444 1.06369 1.04429 1.01802 0.999418 0.972169 0.944568 0.947168 0.97322 0.953214 0.969339 0.960493 0.956986 0.933623 0.832446 0.769318 0.72243 0.702425 0.673873 -9999 -9999 -9999 -9999 -9999 -9999 -9999 -9999 -9999 -9999 -9999 -9999 -9999 -9999 -9999 -9999 -9999 -9999 -9999 -9999 -9999 -9999 -9999 -9999 -9999 -9999 -9999 -9999 -9999 -9999 -9999 -9999 -9999 -9999 -9999 -9999 -9999 -9999
-9999 -9999 -9999 -9999 -9999 1.1897 1.14215 1.14999 1.12328 1.11346 1.11038 1.09675 1.07811 1.06191 1.04494 1.02732 1.00562 0.983715 0.958365 0.951524 0.967234 0.963023 0.954111 0.95227 0.9568 0.947294 0.893968 0.806076 0.776018 0.693062 0.665703 0.658803 0.637203 -9999 -9999 -9999 -9999 -9999 -9999 -9999 -9999 -9999 -9999 -9999 -9999 0.603713 -9999 -9999 -9999 -9999 -9999 -9999 -9999 -9999 -9999 -9999 -9999 -9999 -9999 -9999 -9999 -9999 -9999 -9999 -9999 -9999 0.317628 -9999 -9999 -9999
-9999 -9999 -9999 -9999 1.2071 1.14008 1.13679 1.13548 1.11113 1.09117 1.08859 1.07399 1.05602 1.03874 1.01712 1.00496 0.989256 0.966512 0.958133 0.960764 0.960447 0.960741 0.959487 0.95378 0.944699 0.933302 0.852003 0.825256 0.803894 0.741635 0.696751 0.668783 0.631303 0.600536 -9999 -9999 -9999 -9999 -9999 -9999 -9999 0.60615 0.599924 0.594738 0.594653 0.604879 0.586526 -9999 -9999 -9999 -9999 -9999 -9999 -9999 -9999 -9999 -9999 -9999 -9999 -9999 -9999 -9999 -9999 -9999 -9999 -9999 0.329676 0.301644 -9999 -9999
-9999 -9999 -9999 -9999 1.12834 1.12941 1.12168 1.11876 1.10917 1.07579 1.06352 1.05168 1.03598 1.01732 0.997744 0.988004 0.969471 0.957831 0.949528 0.955635 0.955343 0.949948 0.94339 0.936641 0.921508 0.915024 0.84856 0.828615 0.800186 0.770485 0.704227 0.655934 0.608688 0.569364 -9999 -9999 -9999 -9999 -9999 -9999 0.605345 0.615691 0.619846 0.596206 0.605974 0.6134 0.603052 0.535939 -9999 -9999 -9999 -9999 -9999 -9999 -9999 -9999 -9999 -9999 -9999 -9999 -9999 -9999 0.449772 0.423108 0.372382 0.344107 0.324904 0.298896 -9999 -9999
-9999 -9999 -9999 -9999 1.11304 1.11581 1.11121 1.10374 1.08654 1.06421 1.04446 1.02927 1.0128 0.997319 0.983534 0.964153 0.95257 0.93315 0.943554 0.941402 0.937289 0.923322 0.916766 0.891864 0.878739 0.819822 0.832493 0.809702 0.770015 0.721916 0.650302 0.627501 0.603273 0.567045 -9999 -9999 -9999 -9999 -9999 -9999 0.601683 0.61374 0.622791 0.620028 0.596016 0.614815 0.564769 0.540543 0.526709 0.527418 0.522124 0.496014 0.493208 0.488088 0.473393 0.472954 -9999 -9999 -9999 -9999 0.454103 0.452235 0.450196 0.437559 0.382845 0.343825 0.307671 0.280865 -9999 -9999
-9999 -9999 -9999 -9999 1.11428 1.10944 1.09725 1.07881 1.06738 1.04179 1.02274 0.998059 0.980982 0.966297 0.953884 0.941165 0.926822 0.923792 0.920964 0.916005 0.89045 0.860836 0.874278 0.863323 0.790756 0.801931 0.812071 0.787111 0.740584 0.68723 0.646914 0.628566 0.598117 0.556079 -9999 -9999 -9999 0.556605 0.575395 0.574429 0.578258 0.596038 0.608319 0.620817 0.623562 0.591723 0.561729 0.537169 0.510593 0.50416 0.519478 0.51414 0.492871 0.4874 0.472808 0.464894 0.466244 0.465131 0.461975 0.457127 0.454175 0.452508 0.449373 0.437797 0.391466 0.361481 0.340139 0.276239 -9999 -9999
-9999 -9999 -9999 -9999 1.08484 1.07778 1.06696 1.05639 1.0363 1.02218 0.992658 0.978066 0.961502 0.938368 0.932476 0.922065 0.914297 0.908007 0.902953 0.881688 0.853223 0.824955 0.812466 0.791243 0.765687 0.75946 0.769861 0.760489 0.717454 0.668682 0.652093 0.618858 0.567821 0.525679 -9999 -9999 0.509613 0.548509 0.575698 0.588942 0.591692 0.589868 0.606755 0.604353 0.620438 0.586959 0.538235 0.530515 0.510306 0.50464 0.494944 0.48545 0.479101 0.478965 0.473123 0.465953 0.464676 0.46094 0.457619 0.454847 0.449671 0.449421 0.44792 0.440211 0.404236 0.384486 0.347582 0.274302 -9999 -9999
-9999 -9999 -9999 -9999 1.06853 1.06096 1.05264 1.03364 1.02018 1.00494 0.967323 0.957923 0.942805 0.921329 0.904419 0.902364 0.895698 0.891756 0.889898 0.871129 0.850287 0.817463 0.797665 0.760808 0.748896 0.709379 0.710749 0.69914 0.685517 0.678982 0.66021 0.615085 0.584607 0.532527 0.504521 -9999 0.504819 0.520845 0.554322 0.58307 0.600923 0.592296 0.612364 0.612891 0.602475 0.586723 0.549101 0.522597 0.509573 0.494588 0.496958 0.494968 0.481057 0.475293 0.469241 0.463418 0.459067 0.455243 0.452404 0.450602 0.449076 0.447837 0.445981 0.44225 0.424593 0.392865 0.352539 0.275674 -9999 -9999
-9999 -9999 -9999 1.06299 1.06198 1.05992 1.04562 1.02812 1.00917 0.988754 0.957536 0.944056 0.926513 0.909235 0.881225 0.873008 0.869962 0.876189 0.876275 0.877264 0.868308 0.828732 0.797794 0.767406 0.735528 0.70701 0.705091 0.719297 0.70781 0.680994 0.651969 0.604858 0.581194 0.548522 0.492434 0.491003 0.507452 0.520006 0.542631 0.578728 0.603895 0.614287 0.616569 0.60807 0.605892 0.579351 0.548984 0.532232 0.51125 0.496567 0.482982 0.478783 0.465253 0.469711 0.465544 0.458351 0.453808 0.450269 0.447959 0.446775 0.446039 0.445166 0.44451 0.443198 0.43057 0.404626 0.341454 0.288073 -9999 -9999
-9999 -9999 -9999 -9999 1.0521 1.0392 1.01899 0.998921 0.981617 0.965161 0.941729 0.922073 0.90951 0.895018 0.869407 0.845293 0.852938 0.856444 0.863224 0.867064 0.87029 0.820155 0.800734 0.783971 0.753145 0.746898 0.748045 0.739053 0.722505 0.677458 0.632145 0.570951 0.525524 0.515245 0.489082 0.491824 0.501719 0.534256 0.557602 0.567059 0.57383 0.610694 0.60882 0.601256 0.6026 0.579553 0.555581 0.532363 0.521305 0.50609 0.491774 0.45034 0.456931 0.447397 0.455638 0.454987 0.449821 0.446363 0.444461 0.443327 0.443013 0.442844 0.442788 0.43515 0.428912 0.409932 0.335378 0.288187 -9999 -9999
-9999 -9999 -9999 -9999 -9999 -9999 1.0056 0.986908 0.965432 0.946516 0.930849 0.914691 0.899175 0.883515 0.865377 0.842726 0.833935 0.835472 0.823077 0.837616 0.850242 0.850749 0.848561 0.814437 0.785294 0.794361 0.780862 0.746461 0.716112 0.685241 0.634015 0.582964 0.532355 0.493112 0.484967 0.513635 0.537563 0.570922 0.58573 0.576806 0.586334 0.596105 0.612171 0.615489 0.604336 0.580063 0.557235 0.52802 0.52838 0.514715 0.492819 0.472249 0.453653 0.451109 0.4447 0.450731 0.448075 0.443791 0.441782 0.440981 0.440878 0.441071 0.435909 0.433084 0.429033 0.423297 0.346601 0.27894 -9999 -9999
-9999 -9999 -9999 -9999 -9999 -9999 0.986436 0.965044 0.948731 0.946798 0.924113 0.907843 0.888926 0.875594 0.859508 0.838382 0.820867 0.807459 0.791508 0.802202 0.828093 0.843285 0.844502 0.814094 0.816296 0.803464 0.783647 0.741513 0.706683 0.682176 0.632468 0.578238 0.541563 0.4957 0.50514 0.517881 0.537371 0.573845 0.599285 0.609561 0.597513 0.605849 0.624913 0.617793 0.595323 0.585388 0.55614 0.520897 0.527558 0.518349 0.498183 0.484647 0.461809 0.453636 0.449855 0.447697 0.4456 0.44216 0.439867 0.439119 0.439295 0.437619 0.435752 0.433094 0.428974 0.423383 0.371446 0.277273 -9999 -9999
-9999 -9999 -9999 -9999 -9999 -9999 -9999 0.944112 0.939739 0.945848 0.919026 0.897645 0.885949 0.871449 0.853702 0.840525 0.820298 0.797354 0.755729 0.767783 0.791441 0.824326 0.840575 0.835862 0.813535 0.789457 0.740433 0.695111 0.679508 0.66182 0.622389 0.575818 0.536437 0.546222 0.559167 0.575554 0.583577 0.579131 0.600852 0.618099 0.608266 0.619162 0.630676 0.615408 0.601467 0.586556 0.555899 0.540737 0.526553 0.523471 0.499666 0.490103 0.469333 0.457685 0.450961 0.446574 0.444345 0.441109 0.439066 0.438505 0.437822 0.437199 0.435374 0.432438 0.428247 0.422601 0.411851 0.355053 0.319529 -9999
-9999 -9999 -9999 -9999 -9999 -9999 -9999 0.920447 0.906301 0.919019 0.896554 0.893182 0.884622 0.870758 0.849348 0.835179 0.806265 0.797938 0.75903 0.742505 0.7582 0.752302 0.795675 0.832366 0.810456 0.72278 0.684662 0.653692 0.647816 0.636196 0.616834 0.553213 0.533089 0.563302 0.581034 0.594981 0.606027 0.606136 0.605571 0.633035 0.634191 0.639403 0.631599 0.624776 0.601013 0.581043 0.567483 0.544072 0.527532 0.525063 0.497503 0.494327 0.472291 0.457832 0.448283 0.44823 0.444146 0.441222 0.438449 0.437814 0.4372 0.435866 0.434369 0.431409 0.426892 0.421507 0.414423 0.396112 0.364142 0.346286
-9999 -9999 -9999 -9999 -9999 -9999 -9999 -9999 0.869124 0.897548 0.88801 0.881887 0.883165 0.871942 0.846196 0.832387 0.805867 0.783497 0.748293 0.708206 0.688063 0.750697 0.803945 0.829371 0.811666 0.737266 0.701888 0.690548 0.695182 0.670944 0.649847 0.596471 0.578939 0.558854 0.561503 0.577691 0.596136 0.616301 0.630624 0.630727 0.637965 0.638338 0.632819 0.626769 0.61562 0.603229 0.568231 0.563604 0.54093 0.530506 0.513241 0.496782 0.474219 0.455731 0.452313 0.450013 0.445859 0.439515 0.438175 0.437557 0.436875 0.435609 0.432615 0.429581 0.425335 0.419647 0.41301 0.399671 0.387998 0.364695
-9999 -9999 -9999 -9999 -9999 -9999 -9999 -9999 0.841374 0.87115 0.86372 0.878442 0.863539 0.856882 0.850469 0.838565 0.817694 0.788418 0.764324 0.718911 0.671332 0.737112 0.795098 0.823225 0.819653 0.7465 0.75303 0.730724 0.72544 0.691928 0.671891 0.642932 0.619063 0.594734 0.560787 0.545425 0.591971 0.615763 0.63447 0.642155 0.644732 0.643328 0.636177 0.622908 0.592786 0.597903 0.576013 0.560865 0.545112 0.530229 0.51482 0.499662 0.478424 0.467987 0.45422 0.44715 0.44152 0.439491 0.438218 0.437198 0.436087 0.434689 0.432582 0.428696 0.423217 0.417595 0.41094 0.397835 0.388873 0.378839
-9999 -9999 -9999 -9999 -9999 -9999 -9999 -9999 0.767608 0.822443 0.826843 0.845592 0.853792 0.853536 0.850762 0.835964 0.825166 0.803319 0.782907 0.752107 0.706244 0.676506 0.724281 0.791977 0.815474 0.795709 0.785345 0.761518 0.738712 0.727161 0.718381 0.681713 0.637334 0.604999 0.588109 0.576992 0.611247 0.615322 0.611706 0.648223 0.645389 0.638986 0.618655 0.594497 0.588753 0.565589 0.552598 0.527656 0.525683 0.522178 0.512895 0.500249 0.479208 0.459656 0.452527 0.445536 0.442176 0.439672 0.437919 0.436599 0.435231 0.433256 0.430883 0.428111 0.422062 0.416567 0.408678 0.395716 0.387286 0.377962
-9999 -9999 -9999 -9999 -9999 -9999 -9999 -9999 0.741683 0.771541 0.811316 0.822476 0.844434 0.844661 0.849715 0.84354 0.831993 0.812244 0.788402 0.762115 0.721842 0.690571 0.71981 0.764612 0.792917 0.786407 0.781698 0.772014 0.759599 0.729111 0.717407 0.693501 0.673345 0.635258 0.617949 0.594057 0.631897 0.63515 0.627546 0.644698 0.64048 0.606714 0.578449 0.568629 0.572948 0.550055 0.526707 0.504547 0.50156 0.514062 0.482766 0.47323 0.465053 0.459287 0.450023 0.44579 0.442245 0.439599 0.437427 0.435791 0.434165 0.431798 0.429144 0.425883 0.421462 0.413913 0.4075 0.394103 0.385139 0.376654
-9999 -9999 -9999 -9999 -9999 -9999 -9999 -9999 0.725159 0.750129 0.785851 0.811666 0.836285 0.842919 0.847312 0.843103 0.829801 0.818333 0.802045 0.778057 0.760356 0.731342 0.692186 0.745188 0.758708 0.755502 0.73228 0.739768 0.730574 0.71474 0.688294 0.691514 0.675743 0.651307 0.642063 0.628391 0.648539 0.647014 0.644442 0.640644 0.612329 0.573306 0.540078 0.553082 0.541037 0.539354 0.490473 0.490274 0.496817 0.491016 0.467206 0.447678 0.457463 0.449753 0.447034 0.444349 0.441963 0.438823 0.436789 0.434549 0.432397 0.429998 0.426996 0.42349 0.419175 0.414099 0.404958 0.391728 0.383885 0.370488
-9999 -9999 -9999 -9999 -9999 -9999 -9999 -9999 -9999 0.705258 0.742745 0.788343 0.811508 0.824833 0.829511 0.825551 0.817063 0.807903 0.795971 0.776772 0.753068 0.717525 0.689143 0.697054 0.708478 0.690641 0.693687 0.718935 0.722277 0.698257 0.631893 0.640323 0.663482 0.660406 0.656084 0.651836 0.653294 0.648346 0.639555 0.619421 0.563111 0.5408 0.51393 0.508965 0.490114 0.50128 0.471647 0.484329 0.483544 0.476596 0.444296 0.427125 0.438288 0.44197 0.434794 0.436532 0.440655 0.43777 0.43529 0.432701 0.430397 0.427811 0.424708 0.418304 0.413707 0.408502 0.398225 0.3849 0.375634 0.36685
-9999 -9999 -9999 -9999 -9999 -9999 -9999 -9999 -9999 0.674715 0.72581 0.781533 0.795284 0.810104 0.823011 0.819262 0.807698 0.796604 0.785141 0.772282 0.744329 0.716551 0.689256 0.675823 0.673583 0.65434 0.665152 0.701203 0.702083 0.69126 0.610533 0.591918 0.623864 0.650787 0.650687 0.645801 0.608523 0.613653 0.591905 0.562762 0.551461 0.535102 0.505308 0.509852 0.484731 0.483802 0.458048 0.461454 0.457945 0.464099 0.435509 0.413967 0.424556 0.431124 0.426116 0.434991 0.435924 0.43386 0.431207 0.428622 0.425837 0.423003 0.419492 0.415462 0.410859 0.405345 0.398427 0.383026 0.34387 0.337035
-9999 -9999 -9999 -9999 -9999 -9999 -9999 -9999 -9999 0.675118 0.70844 0.757462 0.792874 0.78995 0.805478 0.811671 0.799143 0.785626 0.771783 0.763202 0.733123 0.700125 0.672062 0.639459 0.637628 0.650333 0.661819 0.68283 0.680765 0.668127 0.605546 0.611892 0.632394 0.642055 0.643033 0.637449 0.627222 0.62005 0.602977 0.593285 0.569609 0.534285 0.516584 0.517654 0.478318 0.472837 0.476553 0.439225 0.450886 0.451853 0.41849 0.408437 0.424172 0.429708 0.434529 0.434746 0.432684 0.43207 0.428933 0.426101 0.423145 0.419863 0.416355 0.41203 0.407382 0.400002 0.390927 0.361759 0.333205 0.328868
-9999 -9999 -9999 -9999 -9999 -9999 -9999 -9999 -9999 0.674754 0.704553 0.746496 0.770125 0.76998 0.787664 0.803278 0.79683 0.782743 0.775525 0.760827 0.734627 0.705852 0.674528 0.656264 0.621296 0.643867 0.646803 0.663921 0.668442 0.607081 0.592872 0.605032 0.617585 0.620693 0.634143 0.631025 0.622681 0.596298 0.581568 0.58259 0.573404 0.559966 0.533607 0.526586 0.50654 0.493867 0.48112 0.439562 0.442042 0.43488 0.420789 0.423339 0.428723 0.430792 0.432762 0.430103 0.429132 0.429442 0.426394 0.423268 0.419987 0.416694 0.412837 0.407877 0.402781 0.392876 0.378464 0.355432 0.307584 0.322334
-9999 -9999 -9999 -9999 -9999 -9999 -9999 -9999 -9999 0.660015 0.692744 0.727951 0.739463 0.737036 0.772991 0.793472 0.789211 0.78028 0.770532 0.740661 0.737609 0.727708 0.699166 0.659645 0.616538 0.614346 0.61847 0.642383 0.646495 0.57216 0.556487 0.56006 0.580873 0.599421 0.619211 0.621839 0.611794 0.572184 0.530085 0.544107 0.558949 0.554113 0.543286 0.518225 0.505908 0.493765 0.472735 0.430422 0.42026 0.419293 0.414688 0.416719 0.423829 0.429228 0.42019 0.4181 0.424399 0.426601 0.423303 0.420015 0.416847 0.413284 0.409363 0.403353 0.396971 0.388718 0.359138 0.3388 0.303707 0.318374
-9999 -9999 -9999 -9999 -9999 -9999 -9999 -9999 -9999 0.638668 0.660879 0.69457 0.704906 0.725345 0.759077 0.773518 0.778296 0.773888 0.76602 0.750333 0.739064 0.720936 0.691703 0.653271 0.610904 0.581324 0.588085 0.610749 0.600149 0.542185 0.522968 0.536417 0.558703 0.593993 0.612712 0.612211 0.606717 0.595723 0.56392 0.526025 0.521952 0.534462 0.515242 0.493299 0.496673 0.488873 0.46852 0.451742 0.420839 0.407882 0.401437 0.401642 0.41102 0.427997 0.426319 0.421223 0.426491 0.423148 0.419774 0.416672 0.41326 0.409751 0.405957 0.40047 0.39253 0.371804 0.353004 0.328319 0.321206 0.325545
-9999 -9999 -9999 -9999 -9999 -9999 -9999 -9999 -9999 0.607918 0.635671 0.667107 0.6966 0.724625 0.748397 0.746094 0.756894 0.752739 0.756565 0.750202 0.735416 0.719668 0.694084 0.646427 0.605382 0.560877 0.565941 0.591919 0.549994 0.525942 0.486011 0.517612 0.553194 0.585282 0.600981 0.581883 0.593979 0.589052 0.5748 0.550702 0.515151 0.511398 0.483133 0.477085 0.483827 0.482048 0.474022 0.46017 0.430539 0.409008 0.396807 0.393297 0.401615 0.413699 0.425769 0.424152 0.42325 0.419549 0.415986 0.412788 0.409445 0.405731 0.401457 0.396031 0.378392 0.357937 0.343687 0.325411 0.319376 0.33454
