Test_Spring_2018/01_18/Prec/20180113_004.txt
ncols	170
nrows	115
xllcorner	350000.000000
yllcorner	4445000.000000
cellsize	1000.000000
nodata_value	-9999.000000
[rows 31 to 61 of 115, columns 70 to 139 of 170]
0.124821 0.123085 0.122671 0.12448 0.124687 0.124795 0.124693 0.125303 0.126025 0.126892 0.129087 0.130185 0.13205 0.134933 0.136516 0.141276 0.155242 0.152306 0.151746 0.156597 0.155591 0.153373 0.157818 0.16838 0.173955 0.182038 0.18777 0.193146 0.200631 -9999 -9999 -9999 -9999 -9999 -9999 -9999 -9999 -9999 -9999 -9999 -9999 -9999 -9999 -9999 -9999 -9999 -9999 -9999 -9999 -9999 -9999 -9999 -9999 -9999 -9999 -9999 -9999 -9999 -9999 -9999 -9999 -9999 -9999 -9999 -9999 -9999 -9999 -9999 -9999 -9999
0.124951 0.124351 0.124796 0.126553 0.12474 0.123098 0.128242 0.129334 0.126722 0.127262 0.128926 0.132108 0.133643 0.135239 0.136482 0.140527 0.150716 0.160041 0.156356 0.157221 0.161456 0.156978 0.161272 0.170496 0.183047 0.178701 0.182 0.198886 0.205019 -9999 -9999 -9999 -9999 -9999 -9999 -9999 -9999 -9999 -9999 -9999 -9999 -9999 -9999 -9999 -9999 -9999 -9999 -9999 -9999 -9999 -9999 -9999 -9999 -9999 -9999 -9999 -9999 -9999 -9999 -9999 -9999 -9999 -9999 -9999 -9999 -9999 -9999 -9999 -9999 -9999
0.128123 0.126093 0.127183 0.128141 0.125275 0.125695 0.129664 0.128907 0.127529 0.127661 0.128641 0.130341 0.131904 0.133555 0.136859 0.141383 0.150195 0.160678 0.163729 0.15991 0.160698 0.161044 0.164975 0.1697 0.176451 0.17354 0.173387 0.186253 0.198235 0.205923 -9999 -9999 -9999 -9999 -9999 -9999 -9999 -9999 -9999 -9999 -9999 -9999 -9999 -9999 -9999 -9999 -9999 -9999 -9999 -9999 -9999 -9999 -9999 -9999 -9999 -9999 -9999 -9999 -9999 -9999 -9999 -9999 -9999 -9999 -9999 -9999 -9999 -9999 -9999 -9999
0.132206 0.128464 0.129933 0.13341 0.131824 0.130719 0.131485 0.131535 0.131656 0.128344 0.129082 0.129804 0.132003 0.133896 0.13668 0.14104 0.147019 0.15413 0.166018 0.160071 0.155682 0.156856 0.158267 0.161862 0.16828 0.165307 0.166491 0.182779 0.194471 0.200633 0.204184 -9999 -9999 -9999 -9999 -9999 -9999 -9999 -9999 -9999 -9999 -9999 -9999 -9999 -9999 -9999 -9999 -9999 -9999 -9999 -9999 -9999 -9999 -9999 -9999 -9999 -9999 -9999 -9999 -9999 -9999 -9999 -9999 -9999 -9999 -9999 -9999 -9999 -9999 -9999
-9999 0.131562 0.132989 0.137158 0.135559 0.133306 0.129904 0.131708 0.130892 0.130257 0.129604 0.130267 0.132484 0.137999 0.139292 0.140127 0.144245 0.152211 0.160225 0.162937 0.155683 0.154322 0.15584 0.155126 0.160651 0.159803 0.161893 0.168246 0.183649 0.193003 0.197242 0.204072 -9999 -9999 -9999 -9999 -9999 -9999 -9999 -9999 -9999 -9999 -9999 -9999 -9999 -9999 -9999 -9999 -9999 -9999 -9999 -9999 -9999 -9999 -9999 -9999 -9999 -9999 -9999 -9999 -9999 -9999 -9999 -9999 -9999 -9999 -9999 -9999 -9999 -9999
-9999 -9999 -9999 -9999 0.140423 0.137153 0.134498 0.134539 0.132048 0.130988 0.129972 0.130592 0.134455 0.136622 0.137316 0.140164 0.144777 0.147955 0.153245 0.158786 0.157826 0.151788 0.155862 0.151967 0.153463 0.153667 0.158088 0.169016 0.184468 0.191888 0.195648 0.201253 -9999 -9999 -9999 -9999 -9999 -9999 -9999 -9999 -9999 -9999 -9999 -9999 -9999 -9999 -9999 -9999 -9999 -9999 -9999 -9999 -9999 -9999 -9999 -9999 -9999 -9999 -9999 -9999 -9999 -9999 -9999 -9999 -9999 -9999 -9999 -9999 -9999 -9999
-9999 -9999 -9999 -9999 -9999 0.138315 0.136361 0.131901 0.133126 0.132588 0.130618 0.131078 0.132821 0.134266 0.136167 0.138526 0.142106 0.146046 0.151022 0.152169 0.148531 0.14935 0.151208 0.151453 0.150176 0.151806 0.160701 0.171265 0.177034 0.19445 0.199647 0.200291 0.204148 -9999 -9999 -9999 -9999 -9999 -9999 -9999 -9999 -9999 -9999 -9999 -9999 0.215275 -9999 -9999 -9999 -9999 -9999 -9999 -9999 -9999 -9999 -9999 -9999 -9999 -9999 -9999 -9999 -9999 -9999 -9999 -9999 -9999 0.292891 -9999 -9999 -9999
-9999 -9999 -9999 -9999 0.138987 0.136207 0.134213 0.131543 0.13466 0.133399 0.131031 0.131417 0.132748 0.134207 0.136958 0.138019 0.140262 0.144442 0.145826 0.145083 0.14519 0.145268 0.145692 0.147003 0.148884 0.151043 0.158578 0.163739 0.16749 0.18265 0.188916 0.193944 0.201024 0.206673 -9999 -9999 -9999 -9999 -9999 -9999 -9999 0.20534 0.207964 0.210493 0.211959 0.211145 0.216516 -9999 -9999 -9999 -9999 -9999 -9999 -9999 -9999 -9999 -9999 -9999 -9999 -9999 -9999 -9999 -9999 -9999 -9999 -9999 0.287999 0.295628 -9999 -9999
-9999 -9999 -9999 -9999 0.138573 0.135756 0.134517 0.13193 0.130594 0.132848 0.132272 0.131729 0.132267 0.133784 0.13591 0.136343 0.139195 0.141016 0.142539 0.141252 0.141614 0.143217 0.145073 0.14685 0.150246 0.151444 0.156345 0.159946 0.165117 0.17031 0.183546 0.192766 0.201705 0.208945 -9999 -9999 -9999 -9999 -9999 -9999 0.199373 0.198376 0.198992 0.205865 0.205474 0.205565 0.209443 0.222376 -9999 -9999 -9999 -9999 -9999 -9999 -9999 -9999 -9999 -9999 -9999 -9999 -9999 -9999 0.252976 0.260289 0.273025 0.280932 0.286892 0.294341 -9999 -9999
-9999 -9999 -9999 -9999 0.139724 0.136331 0.134139 0.13223 0.132205 0.130178 0.132356 0.132197 0.132587 0.133148 0.133822 0.136278 0.137609 0.141234 0.138833 0.139603 0.14109 0.144876 0.147021 0.153034 0.156183 0.16046 0.15719 0.161332 0.168826 0.177851 0.188893 0.195222 0.198805 0.205061 -9999 -9999 -9999 -9999 -9999 -9999 0.195225 0.194084 0.193908 0.196515 0.203853 0.201758 0.211521 0.218673 0.22329 0.224424 0.22657 0.233411 0.236004 0.237301 0.240547 0.240602 -9999 -9999 -9999 -9999 0.246509 0.248054 0.249915 0.254338 0.268175 0.278689 0.288634 0.29371 -9999 -9999
-9999 -9999 -9999 -9999 0.13767 0.135704 0.134872 0.135012 0.133329 0.13159 0.133243 0.132535 0.133007 0.133374 0.133764 0.134818 0.136859 0.137035 0.137715 0.1393 0.145692 0.153102 0.151029 0.155989 0.165475 0.162064 0.159321 0.163843 0.172677 0.182636 0.186538 0.191472 0.1961 0.201425 -9999 -9999 -9999 0.196971 0.192961 0.193839 0.194178 0.191891 0.191135 0.192461 0.194259 0.199417 0.209555 0.217 0.224585 0.227408 0.225099 0.22697 0.23383 0.235108 0.238205 0.236759 0.236498 0.236868 0.237857 0.239449 0.240896 0.242344 0.244387 0.248522 0.263872 0.272653 0.279614 0.296135 -9999 -9999
-9999 -9999 -9999 -9999 0.13963 0.137962 0.136671 0.134298 0.134341 0.132972 0.132247 0.133197 0.13327 0.135267 0.134081 0.134572 0.135206 0.136221 0.13759 0.143008 0.150326 0.157731 0.161616 0.161256 0.167193 0.167807 0.164971 0.167571 0.172828 0.181675 0.183184 0.18555 0.197346 0.204509 -9999 -9999 0.203493 0.194438 0.188578 0.186414 0.18714 0.189366 0.187857 0.190803 0.189774 0.195766 0.210149 0.213991 0.222709 0.225488 0.225091 0.227975 0.229923 0.231711 0.233029 0.23454 0.234759 0.235613 0.236563 0.237651 0.239572 0.240737 0.242489 0.245884 0.25571 0.262151 0.269896 0.29115 -9999 -9999
-9999 -9999 -9999 -9999 0.139113 0.137206 0.135086 0.135014 0.133529 0.134038 0.134836 0.132655 0.13375 0.135185 0.136294 0.134916 0.135359 0.135992 0.136862 0.141982 0.147904 0.156584 0.162322 0.166245 0.169237 0.174945 0.17392 0.175318 0.176757 0.176284 0.179097 0.183919 0.188286 0.199816 0.203829 -9999 0.200765 0.196646 0.189401 0.183905 0.181458 0.185373 0.183404 0.18597 0.187648 0.193692 0.205848 0.210922 0.215612 0.220457 0.221204 0.224563 0.228132 0.22967 0.232329 0.23347 0.234276 0.235062 0.235829 0.236647 0.237739 0.239126 0.240999 0.2436 0.249522 0.256441 0.26762 0.28973 -9999 -9999
-9999 -9999 -9999 0.145862 0.139892 0.136471 0.135341 0.134615 0.134015 0.133672 0.133257 0.132938 0.132836 0.134567 0.138025 0.137987 0.1377 0.136234 0.136865 0.137878 0.141434 0.151832 0.156021 0.161646 0.16876 0.174308 0.173923 0.169544 0.170368 0.17417 0.178151 0.18354 0.186801 0.191594 0.203563 0.20195 0.19698 0.193556 0.188688 0.181639 0.177706 0.177615 0.179748 0.181752 0.18497 0.19112 0.201534 0.207416 0.213975 0.218864 0.223207 0.225187 0.228815 0.229867 0.230856 0.233331 0.234113 0.234764 0.235344 0.235967 0.236844 0.238134 0.239757 0.241873 0.24489 0.252777 0.269896 0.286791 -9999 -9999
-9999 -9999 -9999 -9999 0.141569 0.14024 0.140125 0.139687 0.138462 0.137004 0.134769 0.134785 0.133744 0.134102 0.13799 0.141456 0.138896 0.138147 0.137467 0.138033 0.139103 0.14794 0.152992 0.15716 0.16401 0.16467 0.163527 0.164128 0.165935 0.173593 0.180992 0.189412 0.196922 0.196823 0.200577 0.199349 0.195731 0.187879 0.182853 0.181692 0.181879 0.176101 0.177283 0.180144 0.182277 0.189767 0.198852 0.206254 0.210735 0.215838 0.220435 0.23067 0.229941 0.232646 0.231224 0.23243 0.23408 0.234666 0.235102 0.235659 0.236394 0.237493 0.238967 0.24112 0.245068 0.251554 0.270466 0.286036 -9999 -9999
-9999 -9999 -9999 -9999 -9999 -9999 0.142192 0.14125 0.14076 0.139687 0.135705 0.134894 0.134477 0.134768 0.136391 0.14029 0.141409 0.141187 0.144821 0.142773 0.139857 0.140718 0.141974 0.14991 0.156071 0.153598 0.155584 0.161666 0.166402 0.170852 0.179449 0.18563 0.194218 0.200426 0.200076 0.192063 0.186173 0.178123 0.174973 0.177868 0.177494 0.175876 0.174425 0.176013 0.180898 0.188678 0.197538 0.206314 0.208358 0.213198 0.219542 0.225291 0.230163 0.231432 0.23331 0.232277 0.233039 0.234708 0.235139 0.23558 0.236219 0.237187 0.239272 0.241545 0.244446 0.248034 0.267454 0.287523 -9999 -9999
-9999 -9999 -9999 -9999 -9999 -9999 0.145667 0.145214 0.143518 0.138674 0.13626 0.135506 0.13589 0.135741 0.136994 0.140208 0.143557 0.146673 0.150695 0.149251 0.144567 0.142161 0.142606 0.149648 0.148877 0.151126 0.154419 0.16213 0.167792 0.1708 0.179031 0.185939 0.191485 0.199169 0.19499 0.190501 0.185073 0.176667 0.171193 0.169774 0.173422 0.173269 0.17111 0.174934 0.182252 0.186848 0.197096 0.207202 0.207892 0.211803 0.217837 0.22213 0.228019 0.230636 0.232048 0.232911 0.233628 0.23458 0.23544 0.235847 0.236381 0.237505 0.239123 0.241295 0.244159 0.247685 0.261666 0.287538 -9999 -9999
-9999 -9999 -9999 -9999 -9999 -9999 -9999 0.149187 0.144914 0.138379 0.136968 0.137462 0.136394 0.136628 0.138356 0.139913 0.143833 0.149063 0.158827 0.157035 0.152763 0.146377 0.143414 0.144707 0.149229 0.153861 0.163498 0.171869 0.173302 0.174831 0.180847 0.186141 0.192368 0.18794 0.183086 0.177881 0.175033 0.175526 0.170922 0.167845 0.171182 0.170387 0.169783 0.175284 0.180622 0.18621 0.196706 0.202363 0.20761 0.210192 0.217071 0.220568 0.226088 0.22959 0.231776 0.23325 0.234102 0.235087 0.235792 0.236229 0.236875 0.237802 0.23934 0.241495 0.244297 0.247767 0.252665 0.27031 0.281365 -9999
-9999 -9999 -9999 -9999 -9999 -9999 -9999 0.15393 0.151958 0.144161 0.141945 0.138699 0.137143 0.137412 0.140078 0.14173 0.147386 0.149481 0.158459 0.163083 0.160428 0.162404 0.153342 0.145415 0.149741 0.168243 0.175444 0.180663 0.179998 0.18027 0.181994 0.191121 0.193278 0.184528 0.178775 0.174235 0.17082 0.170087 0.17047 0.165002 0.166072 0.166407 0.169898 0.173386 0.180717 0.187264 0.193918 0.201289 0.206995 0.209423 0.217146 0.219299 0.225167 0.229406 0.232346 0.233006 0.23439 0.235408 0.23627 0.236785 0.237314 0.238548 0.239949 0.242025 0.244804 0.248122 0.252129 0.261297 0.27152 0.278714
-9999 -9999 -9999 -9999 -9999 -9999 -9999 -9999 0.16004 0.149083 0.144221 0.141855 0.138391 0.138289 0.139862 0.142458 0.148214 0.153322 0.161388 0.170542 0.176304 0.163069 0.151669 0.146062 0.149355 0.164877 0.171457 0.172399 0.169508 0.172673 0.174945 0.181932 0.183726 0.186217 0.183968 0.17796 0.173096 0.168663 0.165782 0.166277 0.165439 0.167403 0.170217 0.173341 0.177707 0.182402 0.193647 0.196762 0.203716 0.207837 0.213292 0.218392 0.22442 0.22965 0.231375 0.232666 0.234199 0.235811 0.236628 0.237195 0.237766 0.238546 0.240885 0.242895 0.245514 0.248786 0.252583 0.260626 0.266299 0.274609
-9999 -9999 -9999 -9999 -9999 -9999 -9999 -9999 0.166191 0.155292 0.150175 0.143556 0.140306 0.1392 0.139763 0.141937 0.146399 0.152926 0.158426 0.168599 0.179144 0.164897 0.153748 0.147397 0.147672 0.162684 0.160074 0.16348 0.162878 0.168241 0.170489 0.172229 0.175652 0.179312 0.183349 0.185299 0.17488 0.169688 0.165842 0.164628 0.164729 0.165871 0.168461 0.174704 0.183012 0.183654 0.191907 0.197165 0.202476 0.207492 0.212503 0.217323 0.223071 0.226621 0.230727 0.231784 0.234629 0.235857 0.236754 0.237487 0.238207 0.239042 0.240172 0.242793 0.246415 0.249557 0.253232 0.261201 0.266148 0.271433
-9999 -9999 -9999 -9999 -9999 -9999 -9999 -9999 0.182479 0.166479 0.153621 0.147116 0.141872 0.140704 0.140502 0.143288 0.14547 0.150254 0.154803 0.161614 0.171626 0.177927 0.167339 0.151795 0.148439 0.151715 0.152836 0.156657 0.160034 0.160767 0.160776 0.164303 0.16921 0.175374 0.17707 0.179166 0.171511 0.170674 0.171714 0.164126 0.165328 0.167449 0.172745 0.179068 0.181393 0.190826 0.197018 0.204243 0.206386 0.208802 0.212405 0.216653 0.222328 0.225452 0.228619 0.232381 0.234192 0.235624 0.236727 0.237619 0.23847 0.239485 0.240698 0.242189 0.245938 0.248765 0.253904 0.26184 0.266522 0.271514
-9999 -9999 -9999 -9999 -9999 -9999 -9999 -9999 0.18227 0.168815 0.157509 0.150845 0.144486 0.143292 0.141394 0.142256 0.144521 0.148726 0.153886 0.159556 0.168197 0.174709 0.167755 0.157537 0.150326 0.150502 0.153471 0.154286 0.155531 0.156438 0.157549 0.158441 0.161951 0.167763 0.171131 0.176114 0.167727 0.167091 0.16899 0.165599 0.167019 0.175032 0.181937 0.184887 0.184942 0.190968 0.199269 0.209044 0.211255 0.210039 0.214831 0.218635 0.221642 0.224635 0.229453 0.2317 0.233624 0.235177 0.236471 0.23753 0.238527 0.2397 0.241024 0.242645 0.244749 0.249476 0.252736 0.260879 0.266959 0.271622
-9999 -9999 -9999 -9999 -9999 -9999 -9999 -9999 0.182515 0.17355 0.163414 0.153446 0.146631 0.144101 0.142363 0.142756 0.145326 0.147604 0.150976 0.156008 0.159572 0.165486 0.173462 0.161046 0.157457 0.156976 0.156205 0.153129 0.15374 0.15588 0.160833 0.159262 0.15973 0.164601 0.16629 0.169099 0.164633 0.165055 0.165829 0.166982 0.17361 0.182675 0.190549 0.188362 0.19175 0.193091 0.206977 0.20399 0.203913 0.206705 0.21744 0.223328 0.222223 0.227138 0.229206 0.231138 0.232859 0.234593 0.235946 0.237235 0.238444 0.23971 0.241179 0.2429 0.244999 0.247513 0.253179 0.261377 0.265641 0.268506
-9999 -9999 -9999 -9999 -9999 -9999 -9999 -9999 -9999 0.179524 0.166546 0.155035 0.148787 0.144996 0.143339 0.143746 0.14524 0.146905 0.149136 0.152868 0.157458 0.164495 0.169809 0.167017 0.163503 0.16633 0.164369 0.157534 0.15554 0.159622 0.169053 0.164055 0.158607 0.159074 0.159952 0.160925 0.163906 0.165078 0.167191 0.171878 0.184576 0.186451 0.192617 0.194033 0.198579 0.196595 0.206436 0.204719 0.20611 0.209003 0.217587 0.221973 0.223485 0.224413 0.22766 0.228845 0.232037 0.233771 0.235298 0.236754 0.238094 0.239495 0.241071 0.240748 0.242802 0.245226 0.251176 0.259757 0.264268 0.268879
-9999 -9999 -9999 -9999 -9999 -9999 -9999 -9999 -9999 0.182646 0.169734 0.156116 0.151989 0.147873 0.144374 0.144667 0.146753 0.148755 0.150806 0.153088 0.158577 0.163907 0.169009 0.170957 0.170353 0.173781 0.170235 0.161159 0.159838 0.161155 0.170824 0.174416 0.167069 0.160964 0.160907 0.161997 0.170263 0.169275 0.17421 0.180782 0.18345 0.187244 0.194014 0.1933 0.199167 0.199825 0.208777 0.208975 0.210827 0.210694 0.218302 0.223348 0.22514 0.225313 0.227986 0.227538 0.228724 0.230438 0.232147 0.233721 0.235251 0.236755 0.238433 0.240317 0.242484 0.245061 0.248195 0.25581 0.270748 0.274849
-9999 -9999 -9999 -9999 -9999 -9999 -9999 -9999 -9999 0.181629 0.17278 0.160737 0.151913 0.151699 0.147599 0.145661 0.147896 0.150366 0.152883 0.15419 0.160131 0.166618 0.171926 0.17814 0.177528 0.173673 0.170477 0.164815 0.164255 0.166082 0.171473 0.169628 0.164807 0.162485 0.162174 0.163388 0.165685 0.167358 0.171229 0.173499 0.178849 0.186771 0.190854 0.190862 0.199795 0.201385 0.201058 0.212896 0.211288 0.212142 0.220634 0.225663 0.223684 0.223953 0.22436 0.225729 0.227524 0.228911 0.230757 0.232453 0.234121 0.235846 0.237657 0.239741 0.242041 0.245131 0.248813 0.257137 0.272416 0.275922
-9999 -9999 -9999 -9999 -9999 -9999 -9999 -9999 -9999 0.180578 0.172647 0.162254 0.156067 0.155258 0.150671 0.146634 0.147493 0.150047 0.15108 0.153712 0.158805 0.164391 0.17046 0.173593 0.180329 0.1744 0.173183 0.168474 0.166566 0.171104 0.17368 0.170581 0.167507 0.166609 0.163535 0.164173 0.166018 0.171864 0.175183 0.175068 0.177208 0.1803 0.186251 0.187997 0.192651 0.195754 0.198953 0.211675 0.211952 0.214442 0.221418 0.220819 0.220963 0.221854 0.222766 0.22467 0.226164 0.227324 0.229167 0.230984 0.232813 0.234658 0.236681 0.239046 0.241581 0.245348 0.250301 0.257349 0.277173 0.276488
-9999 -9999 -9999 -9999 -9999 -9999 -9999 -9999 -9999 0.182506 0.17406 0.165231 0.161751 0.161462 0.152865 0.147743 0.1481 0.149503 0.15108 0.157043 0.157079 0.15856 0.164071 0.171932 0.180527 0.180109 0.178856 0.172595 0.170852 0.178049 0.180971 0.179762 0.174866 0.170556 0.166057 0.165394 0.167569 0.176275 0.185559 0.182559 0.1794 0.180578 0.183094 0.188763 0.191677 0.194603 0.199538 0.212529 0.215275 0.216259 0.219837 0.220524 0.220137 0.220151 0.223345 0.225015 0.224836 0.225542 0.227441 0.229335 0.231221 0.233238 0.235412 0.238157 0.241126 0.244674 0.253083 0.259647 0.274194 0.276346
-9999 -9999 -9999 -9999 -9999 -9999 -9999 -9999 -9999 0.185746 0.179717 0.171295 0.168118 0.162835 0.154731 0.150931 0.149301 0.149711 0.150884 0.153755 0.155626 0.158959 0.164677 0.172363 0.180864 0.186521 0.184181 0.17882 0.176933 0.183827 0.187533 0.184148 0.178904 0.170887 0.166581 0.166558 0.167689 0.170075 0.177065 0.185423 0.186387 0.183737 0.18807 0.193025 0.192456 0.194372 0.19908 0.203049 0.213531 0.220311 0.220989 0.221921 0.220876 0.218192 0.219626 0.221832 0.221785 0.223649 0.22555 0.227434 0.229445 0.23156 0.233845 0.236634 0.240115 0.246568 0.252772 0.260434 0.264391 0.273632
-9999 -9999 -9999 -9999 -9999 -9999 -9999 -9999 -9999 0.190954 0.183798 0.175932 0.168591 0.161667 0.155759 0.15564 0.152698 0.153069 0.151701 0.152563 0.155251 0.158115 0.163093 0.172864 0.181136 0.190123 0.188204 0.182472 0.18183 0.186534 0.19477 0.187376 0.179177 0.171817 0.168122 0.172128 0.169353 0.170367 0.173473 0.178778 0.186626 0.187526 0.193824 0.195268 0.193923 0.194464 0.196393 0.199619 0.210036 0.218413 0.220109 0.221693 0.220708 0.218926 0.217182 0.218482 0.219675 0.221542 0.223453 0.225373 0.227433 0.2297 0.232234 0.235182 0.24098 0.247572 0.252974 0.259418 0.263312 0.26756
