Test_Spring_2018/01_18/Prec/20180117_009.txt
ncols	170
nrows	115
xllcorner	350000.000000
yllcorner	4445000.000000
cellsize	1000.000000
nodata_value	-9999.000000
[rows 33 to 65 of 115, columns 76 to 151 of 170]
0.432659 0.433098 0.429725 0.429525 0.42858 0.426991 0.425575 0.424069 0.420879 0.416394 0.407539 0.396885 0.393457 0.396702 0.395253 0.394152 0.389444 0.383941 0.376465 0.378654 0.378218 0.366013 0.356724 0.340579 -9999 -9999 -9999 -9999 -9999 -9999 -9999 -9999 -9999 -9999 -9999 -9999 -9999 -9999 -9999 -9999 -9999 -9999 -9999 -9999 -9999 -9999 -9999 -9999 -9999 -9999 -9999 -9999 -9999 -9999 -9999 -9999 -9999 -9999 -9999 -9999 -9999 -9999 -9999 -9999 -9999 -9999 -9999 -9999 -9999 -9999 -9999 -9999 -9999 -9999 -9999 -9999
0.409498 0.412213 0.411741 0.414642 0.413503 0.412367 0.409766 0.407479 0.404328 0.399639 0.393373 0.386011 0.373935 0.379573 0.383677 0.382263 0.380609 0.376774 0.370124 0.37277 0.371272 0.351534 0.338922 0.332263 0.328183 -9999 -9999 -9999 -9999 -9999 -9999 -9999 -9999 -9999 -9999 -9999 -9999 -9999 -9999 -9999 -9999 -9999 -9999 -9999 -9999 -9999 -9999 -9999 -9999 -9999 -9999 -9999 -9999 -9999 -9999 -9999 -9999 -9999 -9999 -9999 -9999 -9999 -9999 -9999 -9999 -9999 -9999 -9999 -9999 -9999 -9999 -9999 -9999 -9999 -9999 -9999
0.389272 0.390736 0.398657 0.39858 0.398379 0.396778 0.393601 0.387177 0.385026 0.383466 0.378824 0.370562 0.362452 0.359784 0.367148 0.36876 0.367553 0.368543 0.36327 0.364203 0.362067 0.351052 0.328687 0.326319 0.321282 0.313548 -9999 -9999 -9999 -9999 -9999 -9999 -9999 -9999 -9999 -9999 -9999 -9999 -9999 -9999 -9999 -9999 -9999 -9999 -9999 -9999 -9999 -9999 -9999 -9999 -9999 -9999 -9999 -9999 -9999 -9999 -9999 -9999 -9999 -9999 -9999 -9999 -9999 -9999 -9999 -9999 -9999 -9999 -9999 -9999 -9999 -9999 -9999 -9999 -9999 -9999
0.364856 0.375201 0.38393 0.383938 0.383637 0.381538 0.37615 0.372487 0.370438 0.366503 0.361143 0.357581 0.352303 0.34712 0.34867 0.355446 0.352273 0.356979 0.356207 0.356497 0.352314 0.327151 0.315393 0.314165 0.30932 0.302398 -9999 -9999 -9999 -9999 -9999 -9999 -9999 -9999 -9999 -9999 -9999 -9999 -9999 -9999 -9999 -9999 -9999 -9999 -9999 -9999 -9999 -9999 -9999 -9999 -9999 -9999 -9999 -9999 -9999 -9999 -9999 -9999 -9999 -9999 -9999 -9999 -9999 -9999 -9999 -9999 -9999 -9999 -9999 -9999 -9999 -9999 -9999 -9999 -9999 -9999
0.350785 0.354745 0.369746 0.368877 0.369039 0.366529 0.362639 0.359104 0.355342 0.351497 0.346929 0.342559 0.337726 0.337214 0.341871 0.342393 0.342011 0.343194 0.345696 0.344989 0.333762 0.31255 0.30658 0.298813 0.29224 0.289815 0.283954 -9999 -9999 -9999 -9999 -9999 -9999 -9999 -9999 -9999 -9999 -9999 -9999 0.26915 -9999 -9999 -9999 -9999 -9999 -9999 -9999 -9999 -9999 -9999 -9999 -9999 -9999 -9999 -9999 -9999 -9999 -9999 -9999 -9999 0.152704 -9999 -9999 -9999 -9999 -9999 -9999 -9999 -9999 -9999 -9999 -9999 -9999 -9999 -9999 -9999
0.341528 0.343656 0.350601 0.355224 0.355265 0.352226 0.348107 0.34394 0.338791 0.33582 0.332332 0.32767 0.326548 0.328237 0.329654 0.331488 0.333154 0.333892 0.33381 0.333016 0.313163 0.308426 0.30442 0.293157 0.290375 0.283148 0.273548 0.265222 -9999 -9999 -9999 -9999 -9999 -9999 -9999 0.259896 0.259096 0.258638 0.259295 0.262102 0.258511 -9999 -9999 -9999 -9999 -9999 -9999 -9999 -9999 -9999 -9999 -9999 -9999 -9999 -9999 -9999 -9999 -9999 -9999 -9999 0.15305 0.142792 -9999 -9999 -9999 -9999 -9999 -9999 -9999 -9999 -9999 -9999 -9999 -9999 -9999 -9999
0.330784 0.33277 0.332692 0.343705 0.341425 0.338674 0.33467 0.329796 0.324701 0.32192 0.317571 0.315197 0.31409 0.316663 0.318327 0.319252 0.32015 0.321068 0.320058 0.320676 0.304573 0.301501 0.296042 0.289743 0.283942 0.27207 0.260052 0.249534 -9999 -9999 -9999 -9999 -9999 -9999 0.249939 0.252906 0.254838 0.250898 0.254265 0.257029 0.255723 0.229172 -9999 -9999 -9999 -9999 -9999 -9999 -9999 -9999 -9999 -9999 -9999 -9999 -9999 -9999 0.190398 0.181879 0.167763 0.158131 0.150051 0.140068 -9999 -9999 -9999 -9999 -9999 -9999 -9999 -9999 -9999 -9999 -9999 -9999 -9999 -9999
0.321735 0.322985 0.321396 0.324044 0.329629 0.325843 0.321294 0.316701 0.312463 0.307231 0.304131 0.299914 0.30286 0.303747 0.304809 0.304191 0.305474 0.30285 0.302676 0.289134 0.293921 0.290424 0.282611 0.272302 0.262537 0.25824 0.250931 0.240745 -9999 -9999 -9999 -9999 -9999 -9999 0.240181 0.243887 0.247342 0.248468 0.245038 0.250836 0.229787 0.225379 0.222909 0.223258 0.221962 0.219338 0.215042 0.212683 0.208106 0.206545 -9999 -9999 -9999 -9999 0.194234 0.191796 0.189041 0.183627 0.168636 0.156593 0.144679 0.125165 -9999 -9999 -9999 -9999 -9999 -9999 -9999 -9999 -9999 -9999 -9999 -9999 -9999 -9999
0.312639 0.311791 0.311641 0.313127 0.31806 0.309514 0.304636 0.299983 0.295794 0.291767 0.287848 0.287025 0.286974 0.287194 0.283585 0.279599 0.2853 0.288864 0.2723 0.278519 0.283035 0.279267 0.270073 0.258629 0.255023 0.251534 0.242571 0.228348 -9999 -9999 -9999 0.220191 0.223514 0.223256 0.224734 0.229844 0.234207 0.241536 0.244466 0.23326 0.224401 0.22033 0.215468 0.214608 0.218102 0.216748 0.212258 0.210043 0.20569 0.198909 0.198109 0.196686 0.1947 0.192181 0.189846 0.187493 0.184451 0.179144 0.169526 0.159345 0.150472 0.120735 -9999 -9999 -9999 -9999 -9999 -9999 -9999 -9999 -9999 -9999 -9999 -9999 -9999 -9999
0.298587 0.300166 0.298234 0.296735 0.295338 0.299206 0.294137 0.287297 0.28417 0.280318 0.277568 0.275867 0.275275 0.272001 0.26792 0.264473 0.264833 0.259758 0.257311 0.260009 0.264644 0.26796 0.257118 0.246677 0.242497 0.238355 0.227167 0.215276 -9999 -9999 0.204112 0.210987 0.216088 0.218988 0.22041 0.221535 0.227263 0.229126 0.235139 0.224388 0.21226 0.212077 0.21193 0.211572 0.205275 0.203376 0.204313 0.202042 0.200127 0.197821 0.196705 0.19495 0.193142 0.191254 0.188567 0.186598 0.183924 0.1794 0.168177 0.159908 0.140111 0.116504 -9999 -9999 -9999 -9999 -9999 -9999 -9999 -9999 -9999 -9999 -9999 -9999 -9999 -9999
0.289741 0.289086 0.288805 0.289195 0.285681 0.283085 0.284724 0.277938 0.272091 0.269756 0.266996 0.265636 0.265664 0.262961 0.260659 0.256418 0.255441 0.247531 0.248266 0.242428 0.245083 0.24431 0.242409 0.241324 0.239753 0.232483 0.223331 0.211127 0.201942 -9999 0.196658 0.198402 0.204808 0.211122 0.215972 0.215852 0.222584 0.225451 0.220844 0.220098 0.211029 0.203176 0.201609 0.199384 0.200711 0.203379 0.202749 0.201211 0.198113 0.196384 0.194871 0.193347 0.191864 0.190362 0.188591 0.186463 0.183698 0.179953 0.172554 0.155473 0.141366 0.116623 -9999 -9999 -9999 -9999 -9999 -9999 -9999 -9999 -9999 -9999 -9999 -9999 -9999 -9999
0.284482 0.28444 0.283201 0.280731 0.278355 0.276684 0.271654 0.270653 0.26213 0.2582 0.25601 0.256702 0.257065 0.258652 0.259003 0.253425 0.247344 0.243283 0.239543 0.237693 0.239801 0.24479 0.243466 0.23804 0.231376 0.223384 0.218206 0.208075 0.194311 0.190872 0.191817 0.192666 0.196642 0.204567 0.211106 0.215298 0.2184 0.215297 0.217662 0.211613 0.204401 0.202466 0.199418 0.197532 0.195679 0.195677 0.195335 0.198653 0.197578 0.194744 0.193469 0.192261 0.191109 0.189908 0.188413 0.1864 0.183856 0.180523 0.16948 0.158739 0.136767 0.116838 -9999 -9999 -9999 -9999 -9999 -9999 -9999 -9999 -9999 -9999 -9999 -9999 -9999 -9999
0.275524 0.275173 0.274514 0.273096 0.272289 0.267822 0.2642 0.26049 0.255736 0.248168 0.248138 0.248099 0.249823 0.251983 0.254989 0.244676 0.243474 0.243099 0.239658 0.242794 0.245687 0.245741 0.243416 0.234106 0.223958 0.212641 0.20053 0.195653 0.188283 0.186872 0.186253 0.191344 0.195412 0.197528 0.200108 0.210164 0.209397 0.208464 0.211165 0.208665 0.203198 0.200028 0.199344 0.19758 0.195836 0.188026 0.192241 0.190797 0.193069 0.19446 0.192564 0.191619 0.190758 0.189714 0.188392 0.186542 0.184067 0.176138 0.168217 0.158328 0.135731 0.116769 -9999 -9999 -9999 -9999 -9999 -9999 -9999 -9999 -9999 -9999 -9999 -9999 -9999 -9999
0.269965 0.270105 0.268725 0.266954 0.267799 0.264221 0.260055 0.255355 0.249868 0.24478 0.241075 0.240508 0.237962 0.242285 0.245882 0.248433 0.250914 0.246719 0.245011 0.250148 0.249909 0.244502 0.239256 0.233119 0.221774 0.212527 0.199346 0.188207 0.183652 0.187199 0.190898 0.196108 0.198269 0.196354 0.199526 0.201016 0.206194 0.209036 0.209016 0.206281 0.201287 0.196915 0.198862 0.197622 0.194455 0.191451 0.19037 0.190754 0.19015 0.192089 0.191931 0.191293 0.190583 0.189729 0.188506 0.18672 0.18035 0.175277 0.169053 0.161696 0.138259 0.114518 -9999 -9999 -9999 -9999 -9999 -9999 -9999 -9999 -9999 -9999 -9999 -9999 -9999 -9999
0.263615 0.263273 0.263151 0.265229 0.264589 0.26115 0.256396 0.252332 0.247389 0.241322 0.236491 0.232619 0.228944 0.232007 0.239214 0.244808 0.247883 0.244365 0.24939 0.24971 0.24808 0.241009 0.234841 0.230176 0.219272 0.209321 0.199303 0.186849 0.186232 0.186397 0.188356 0.194742 0.199194 0.201279 0.198654 0.201468 0.207185 0.207649 0.205081 0.20541 0.199106 0.19345 0.196843 0.196696 0.194077 0.192817 0.190986 0.190416 0.190659 0.191082 0.191285 0.190883 0.190356 0.189593 0.188452 0.185068 0.181033 0.175796 0.169314 0.161721 0.143394 0.113651 -9999 -9999 -9999 -9999 -9999 -9999 -9999 -9999 -9999 -9999 -9999 -9999 -9999 -9999
-9999 0.256948 0.259488 0.263427 0.261994 0.257627 0.254639 0.250508 0.245364 0.241145 0.235543 0.2297 0.220458 0.223694 0.230244 0.239483 0.245611 0.247471 0.246999 0.244734 0.236658 0.228859 0.226897 0.22379 0.215246 0.207067 0.196657 0.196517 0.196857 0.197983 0.197569 0.194938 0.198655 0.202039 0.200151 0.203383 0.207293 0.205813 0.204937 0.204044 0.197386 0.19605 0.194907 0.196145 0.192835 0.192585 0.191346 0.19023 0.190051 0.190199 0.190558 0.190346 0.189931 0.189265 0.187655 0.184921 0.180793 0.175361 0.168711 0.160947 0.15143 0.12971 0.11397 -9999 -9999 -9999 -9999 -9999 -9999 -9999 -9999 -9999 -9999 -9999 -9999 -9999
-9999 0.250265 0.250662 0.256095 0.255765 0.255505 0.253419 0.249653 0.243922 0.239625 0.232031 0.229445 0.220374 0.218069 0.2227 0.223259 0.235018 0.245613 0.245022 0.228705 0.222848 0.218086 0.218226 0.216498 0.212447 0.200761 0.194786 0.199359 0.201004 0.201835 0.202263 0.200329 0.199371 0.204766 0.205517 0.207356 0.206862 0.206996 0.203757 0.201554 0.198447 0.195196 0.193467 0.194815 0.19071 0.191915 0.190494 0.1889 0.188249 0.189476 0.189549 0.189488 0.188538 0.188036 0.186389 0.18351 0.179401 0.173909 0.16714 0.1594 0.15067 0.137353 0.122436 0.110519 0.102189 -9999 -9999 -9999 -9999 -9999 -9999 -9999 -9999 -9999 -9999 -9999
-9999 -9999 0.241123 0.249969 0.252632 0.251948 0.252226 0.24928 0.241498 0.237983 0.231539 0.225982 0.217744 0.208652 0.207604 0.222822 0.236429 0.244256 0.244347 0.230653 0.225189 0.22457 0.226949 0.22251 0.218197 0.209019 0.203879 0.19781 0.196482 0.196308 0.198771 0.202285 0.204631 0.20407 0.205319 0.207061 0.206844 0.206893 0.206132 0.205319 0.197278 0.197936 0.194734 0.194256 0.192338 0.190634 0.189129 0.186707 0.187448 0.18824 0.188337 0.185919 0.186261 0.185722 0.184027 0.181035 0.1768 0.171322 0.164675 0.156965 0.148464 0.136395 0.126106 0.113237 0 0 -9999 -9999 -9999 -9999 -9999 -9999 -9999 -9999 -9999 -9999
-9999 -9999 0.233696 0.242771 0.246079 0.250078 0.244139 0.242981 0.241566 0.238642 0.233582 0.226634 0.220873 0.210625 0.200123 0.215544 0.234372 0.242455 0.24375 0.231671 0.235092 0.231926 0.232071 0.225625 0.221639 0.218097 0.211855 0.205178 0.19312 0.187981 0.197403 0.20184 0.20522 0.20633 0.206522 0.206089 0.205885 0.205676 0.200498 0.203208 0.197683 0.19583 0.193946 0.192342 0.190704 0.189185 0.187933 0.187227 0.185688 0.182443 0.18178 0.182714 0.182962 0.182262 0.180442 0.177435 0.173193 0.168679 0.161299 0.153818 0.145573 0.13385 0.1245 0.114889 0.10467 0 0 0 0 -9999 -9999 -9999 -9999 -9999 -9999 -9999
-9999 -9999 0.216291 0.230702 0.232174 0.237844 0.240549 0.241029 0.240565 0.237183 0.234474 0.229272 0.224395 0.217358 0.207206 0.200768 0.212842 0.228226 0.242154 0.241501 0.240997 0.237323 0.233558 0.23188 0.230417 0.225537 0.209783 0.202537 0.196872 0.194031 0.200938 0.201216 0.199828 0.207249 0.206241 0.204642 0.200234 0.196975 0.196476 0.19522 0.191255 0.187026 0.187918 0.188589 0.188103 0.186967 0.185656 0.177563 0.178292 0.176975 0.178032 0.178657 0.178644 0.177782 0.17588 0.172796 0.168619 0.163447 0.158161 0.151004 0.142177 0.130886 0.122108 0.113123 0.104186 0 0 0 0 0 -9999 -9999 -9999 -9999 -9999 -9999
-9999 -9999 0.203478 0.216549 0.227263 0.231191 0.237011 0.237689 0.239062 0.237708 0.234987 0.230371 0.224843 0.218839 0.209907 0.203095 0.209635 0.221557 0.228392 0.230219 0.239101 0.238324 0.236712 0.223316 0.221847 0.220654 0.216461 0.206035 0.202154 0.196672 0.204498 0.204717 0.202548 0.205799 0.204486 0.196876 0.190639 0.188622 0.192131 0.187904 0.181116 0.180296 0.180724 0.184646 0.171471 0.171412 0.173303 0.174147 0.17182 0.172777 0.173492 0.173831 0.173539 0.172501 0.170525 0.167433 0.163367 0.158346 0.152373 0.146649 0.13916 0.128025 0.119373 0.111108 0.10286 0 0 0 0 0 0 -9999 -9999 -9999 -9999 -9999
-9999 -9999 0.188152 0.210435 0.220123 0.227212 0.233609 0.235737 0.237064 0.236262 0.233289 0.230597 0.22681 0.221368 0.217372 0.211034 0.202636 0.214454 0.219963 0.222511 0.209299 0.211983 0.211203 0.209089 0.217644 0.218831 0.213153 0.207977 0.205941 0.202789 0.206874 0.206152 0.205156 0.203893 0.19734 0.18855 0.181154 0.183987 0.181564 0.184221 0.17154 0.163125 0.165394 0.165366 0.165386 0.162818 0.168271 0.165715 0.166829 0.167751 0.168383 0.168335 0.16787 0.16659 0.164494 0.161496 0.15756 0.152787 0.14722 0.140991 0.134956 0.124398 0.11665 0.103124 0 0 0 0 0 0 0 0 -9999 -9999 -9999 -9999
-9999 -9999 -9999 0.188872 0.1998 0.211575 0.218167 0.22229 0.22419 0.223872 0.222254 0.220215 0.217359 0.21278 0.207159 0.198984 0.192463 0.194002 0.198534 0.198243 0.199662 0.206094 0.207901 0.203849 0.194238 0.19444 0.200272 0.200285 0.199871 0.19928 0.206343 0.204951 0.202663 0.197884 0.18525 0.173017 0.166523 0.164904 0.160447 0.165366 0.15661 0.159655 0.160101 0.159533 0.15375 0.152965 0.154229 0.156641 0.156639 0.15838 0.162717 0.162439 0.161673 0.160213 0.15809 0.15517 0.151439 0.143539 0.138009 0.131891 0.125716 0.115488 0.107749 0.100182 0 0 0 0 0 0 0 0 0 -9999 -9999 -9999
-9999 -9999 -9999 0.181359 0.194306 0.208043 0.212396 0.216712 0.220328 0.220039 0.217786 0.215407 0.212767 0.209703 0.203298 0.196945 0.190772 0.187744 0.187323 0.189053 0.192085 0.20076 0.2019 0.200574 0.185136 0.181785 0.189388 0.195805 0.19621 0.195412 0.187382 0.188393 0.183376 0.176597 0.173594 0.16944 0.162376 0.162868 0.15705 0.156703 0.1514 0.15226 0.151887 0.153886 0.148573 0.146375 0.146982 0.149571 0.14959 0.152456 0.15329 0.153038 0.152112 0.150571 0.148307 0.145349 0.141592 0.137139 0.132069 0.126415 0.120177 0.11306 0 0 0 0 0 0 0 0 0 0 0 -9999 -9999 -9999
-9999 -9999 -9999 0.179955 0.188762 0.200809 0.209691 0.210007 0.214109 0.215951 0.213505 0.210657 0.20759 0.205568 0.198821 0.191447 0.185206 0.178078 0.177782 0.180806 0.189865 0.195173 0.195555 0.193701 0.181993 0.18393 0.188902 0.191438 0.191974 0.190948 0.18876 0.187081 0.183098 0.180594 0.174955 0.166733 0.162352 0.162117 0.1532 0.151812 0.152624 0.144781 0.14749 0.148086 0.141408 0.138366 0.142482 0.144416 0.146145 0.146721 0.146543 0.146319 0.145094 0.143414 0.141147 0.138244 0.134754 0.130604 0.125974 0.120426 0.114276 0.103605 0 0 0 0 0 0 0 0 0 0 0 -9999 -9999 -9999
-9999 -9999 -9999 0.178417 0.186208 0.196497 0.202634 0.203418 0.207896 0.211742 0.210616 0.207681 0.206123 0.202859 0.197055 0.190697 0.183831 0.179888 0.172415 0.177588 0.184984 0.189365 0.191079 0.17976 0.177104 0.180172 0.183284 0.184272 0.187419 0.186847 0.185015 0.179128 0.175655 0.175505 0.173057 0.16964 0.163409 0.161426 0.156691 0.15368 0.150803 0.142013 0.142513 0.141077 0.135728 0.137472 0.13895 0.139727 0.140435 0.140009 0.139738 0.139454 0.138076 0.136263 0.133969 0.131219 0.127914 0.123978 0.119679 0.114067 0.107276 0 0 0 0 0 0 0 0 0 0 0 0 0 0 -9999
-9999 -9999 -9999 0.173786 0.181988 0.190609 0.193938 0.194089 0.202446 0.207293 0.206623 0.204825 0.202762 0.196262 0.195575 0.193405 0.187217 0.178704 0.169494 0.169282 0.174575 0.182893 0.184436 0.170087 0.167 0.168081 0.172871 0.177106 0.18153 0.182125 0.17986 0.171056 0.161612 0.164297 0.167095 0.165573 0.162738 0.156829 0.153747 0.150787 0.145998 0.13433 0.134562 0.134224 0.131466 0.131805 0.1333 0.13443 0.132374 0.131727 0.13274 0.132635 0.131053 0.129153 0.126935 0.124281 0.121213 0.117384 0.113207 0.108405 0 0 0 0 0 0 0 0 0 0 0 0 0 0 0 0
-9999 -9999 -9999 0.16775 0.173459 0.181565 0.184477 0.18947 0.197242 0.200706 0.20197 0.201154 0.199525 0.196158 0.193742 0.189847 0.183571 0.175346 0.166332 0.160172 0.161992 0.174151 0.170054 0.161442 0.15749 0.160617 0.165621 0.173394 0.177488 0.177318 0.175976 0.173354 0.166123 0.157497 0.15618 0.158437 0.153775 0.148529 0.148824 0.146736 0.141981 0.13808 0.131359 0.125824 0.124616 0.124249 0.125905 0.129212 0.128421 0.126806 0.127326 0.125808 0.124082 0.122185 0.119972 0.117484 0.114684 0.111284 0.107143 0.100045 0 0 0 0 0 0 0 0 0 0 0 0 0 0 0 0
-9999 -9999 -9999 0.159699 0.166432 0.173878 0.180808 0.187323 0.192822 0.192566 0.195093 0.194314 0.195237 0.193929 0.190792 0.187468 0.182041 0.171858 0.163168 0.153781 0.155232 0.165608 0.160812 0.155761 0.147226 0.154218 0.162022 0.169003 0.172348 0.168048 0.170465 0.169109 0.16566 0.160015 0.151833 0.15054 0.143895 0.142081 0.143059 0.142201 0.140012 0.136588 0.127552 0.122513 0.119617 0.118152 0.119266 0.12119 0.123079 0.121935 0.120868 0.119089 0.117213 0.115272 0.113138 0.110757 0.108084 0.104995 0 0 0 0 0 0 0 0 0 0 0 0 0 0 0 0 0 0
-9999 -9999 -9999 -9999 0.162155 0.169764 0.175178 0.176035 0.180751 0.182933 0.184452 0.184186 0.190018 0.189629 0.187424 0.184407 0.179765 0.171942 0.166262 0.157298 0.150633 0.149107 0.148951 0.150152 0.148531 0.151052 0.158395 0.166071 0.165972 0.15937 0.159081 0.15909 0.160486 0.157916 0.147259 0.141121 0.135707 0.136943 0.138238 0.137222 0.135562 0.133129 0.122297 0.116332 0.118008 0.118694 0.117188 0.117599 0.117398 0.115888 0.114284 0.112358 0.11043 0.108429 0.106266 0.104058 0.101358 0 0 0 0 0 0 0 0 0 0 0 0 0 0 0 0 0 0 0
-9999 -9999 -9999 -9999 0.155851 0.164675 0.165796 0.164711 0.160572 0.161185 0.172331 0.173962 0.179555 0.184857 0.183762 0.180894 0.176616 0.171767 0.164586 0.154672 0.146618 0.135525 0.144779 0.152864 0.15341 0.154795 0.158791 0.158617 0.151802 0.145323 0.147102 0.147682 0.153275 0.153256 0.150618 0.14362 0.135738 0.130837 0.133151 0.131918 0.130278 0.128336 0.121905 0.112706 0.114764 0.114729 0.113966 0.112471 0.11172 0.109847 0.107774 0.105777 0.103701 0.101631 0 0 0 0 0 0 0 0 0 0 0 0 0 0 0 0 0 0 0 0 0 0
-9999 -9999 -9999 -9999 -9999 -9999 -9999 -9999 -9999 0.156102 0.157803 0.165883 0.172494 0.180252 0.179675 0.177232 0.174475 0.167752 0.16037 0.158597 0.14668 0.134465 0.142933 0.149378 0.15225 0.152476 0.152917 0.149346 0.14328 0.135385 0.137527 0.143038 0.148976 0.147674 0.146614 0.142367 0.136759 0.125877 0.128289 0.126696 0.125302 0.123127 0.112964 0.108669 0.110338 0.10771 0.107613 0.107982 0.105919 0.103714 0.101475 0 0 0 0 0 0 0 0 0 0 0 0 0 0 0 0 0 0 0 0 0 0 0 0 0
-9999 -9999 -9999 -9999 -9999 -9999 -9999 -9999 -9999 0.143372 0.141764 0.15995 0.167321 0.174251 0.175012 0.172576 0.169465 0.165755 0.161465 0.15537 0.138595 0.131076 0.137926 0.144999 0.146094 0.144563 0.139651 0.138002 0.131473 0.126757 0.132497 0.137812 0.142844 0.142777 0.141048 0.139197 0.129705 0.12168 0.121169 0.120315 0.120384 0.113663 0.107771 0.106802 0.105945 0.105515 0.104304 0.102444 0.100287 0 0 0 0 0 0 0 0 0 0 0 0 0 0 0 0 0 0 0 0 0 0 0 0 0 0 0
