Test_Spring_2018/01_18/Prec/20180104_008.txt
ncols	170
nrows	115
xllcorner	350000.000000
yllcorner	4445000.000000
cellsize	1000.000000
nodata_value	-9999.000000
[rows 31 to 61 of 115, columns 70 to 139 of 170]
0.227497 0.22697 0.229161 0.235735 0.239325 0.242509 0.249259 0.253111 0.27788 0.28155 0.28739 0.290799 0.295379 0.301684 0.305378 0.315096 0.342425 0.33764 0.337561 0.347997 0.347446 0.344733 0.35482 0.376598 0.388811 0.405674 0.408111 0.418661 0.432942 -9999 -9999 -9999 -9999 -9999 -9999 -9999 -9999 -9999 -9999 -9999 -9999 -9999 -9999 -9999 -9999 -9999 -9999 -9999 -9999 -9999 -9999 -9999 -9999 -9999 -9999 -9999 -9999 -9999 -9999 -9999 -9999 -9999 -9999 -9999 -9999 -9999 -9999 -9999 -9999 -9999
0.233972 0.235467 0.239139 0.24546 0.245074 0.245056 0.261761 0.278747 0.285672 0.288924 0.294034 0.30176 0.306089 0.310322 0.313729 0.322394 0.342753 0.361499 0.355502 0.358285 0.367598 0.360382 0.369956 0.388957 0.414282 0.407303 0.414786 0.437553 0.452561 -9999 -9999 -9999 -9999 -9999 -9999 -9999 -9999 -9999 -9999 -9999 -9999 -9999 -9999 -9999 -9999 -9999 -9999 -9999 -9999 -9999 -9999 -9999 -9999 -9999 -9999 -9999 -9999 -9999 -9999 -9999 -9999 -9999 -9999 -9999 -9999 -9999 -9999 -9999 -9999 -9999
0.246279 0.244915 0.249688 0.254376 0.251914 0.255818 0.265453 0.284173 0.293912 0.296648 0.300784 0.306059 0.31084 0.31557 0.32327 0.333149 0.351103 0.372181 0.37906 0.372839 0.375432 0.377215 0.385874 0.396076 0.410154 0.405795 0.406662 0.420992 0.447877 0.470689 -9999 -9999 -9999 -9999 -9999 -9999 -9999 -9999 -9999 -9999 -9999 -9999 -9999 -9999 -9999 -9999 -9999 -9999 -9999 -9999 -9999 -9999 -9999 -9999 -9999 -9999 -9999 -9999 -9999 -9999 -9999 -9999 -9999 -9999 -9999 -9999 -9999 -9999 -9999 -9999
0.260272 0.255526 0.260916 0.270341 0.270303 0.271352 0.286209 0.305453 0.308613 0.305109 0.309164 0.312989 0.319408 0.32501 0.33208 0.34194 0.354693 0.369444 0.393181 0.382812 0.375363 0.378512 0.38213 0.389956 0.403222 0.398639 0.402044 0.424974 0.458056 0.469814 0.47654 -9999 -9999 -9999 -9999 -9999 -9999 -9999 -9999 -9999 -9999 -9999 -9999 -9999 -9999 -9999 -9999 -9999 -9999 -9999 -9999 -9999 -9999 -9999 -9999 -9999 -9999 -9999 -9999 -9999 -9999 -9999 -9999 -9999 -9999 -9999 -9999 -9999 -9999 -9999
-9999 0.267396 0.272621 0.28333 0.283302 0.282275 0.291149 0.305258 0.314008 0.316005 0.317846 0.322021 0.328932 0.341869 0.346466 0.34989 0.359285 0.375746 0.392067 0.39809 0.384982 0.383055 0.386626 0.386 0.397386 0.396756 0.401891 0.416634 0.443942 0.464649 0.473089 0.48647 -9999 -9999 -9999 -9999 -9999 -9999 -9999 -9999 -9999 -9999 -9999 -9999 -9999 -9999 -9999 -9999 -9999 -9999 -9999 -9999 -9999 -9999 -9999 -9999 -9999 -9999 -9999 -9999 -9999 -9999 -9999 -9999 -9999 -9999 -9999 -9999 -9999 -9999
-9999 -9999 -9999 -9999 0.298318 0.306647 0.315753 0.316622 0.322984 0.324636 0.326289 0.330896 0.341445 0.348448 0.352282 0.359828 0.370338 0.377718 0.388779 0.400039 0.398701 0.387577 0.39574 0.388797 0.392306 0.393587 0.403183 0.436298 0.454047 0.471936 0.479918 0.491505 -9999 -9999 -9999 -9999 -9999 -9999 -9999 -9999 -9999 -9999 -9999 -9999 -9999 -9999 -9999 -9999 -9999 -9999 -9999 -9999 -9999 -9999 -9999 -9999 -9999 -9999 -9999 -9999 -9999 -9999 -9999 -9999 -9999 -9999 -9999 -9999 -9999 -9999
-9999 -9999 -9999 -9999 -9999 0.314218 0.324793 0.320944 0.331635 0.334827 0.33523 0.3401 0.347143 0.35325 0.359775 0.366667 0.375355 0.384207 0.394566 0.397233 0.390504 0.392137 0.395754 0.396425 0.39444 0.398338 0.416913 0.448522 0.461071 0.486109 0.49735 0.500083 0.508994 -9999 -9999 -9999 -9999 -9999 -9999 -9999 -9999 -9999 -9999 -9999 -9999 0.504752 -9999 -9999 -9999 -9999 -9999 -9999 -9999 -9999 -9999 -9999 -9999 -9999 -9999 -9999 -9999 -9999 -9999 -9999 -9999 -9999 0.546664 -9999 -9999 -9999
-9999 -9999 -9999 -9999 0.306213 0.324775 0.325789 0.325881 0.333196 0.343332 0.343611 0.348964 0.3558 0.362436 0.370981 0.375665 0.381929 0.39122 0.394571 0.393371 0.393446 0.393294 0.393809 0.396199 0.400013 0.404809 0.430458 0.441662 0.450674 0.468777 0.486481 0.498253 0.514054 0.527049 -9999 -9999 -9999 -9999 -9999 -9999 -9999 0.518445 0.518692 0.518146 0.515156 0.507603 0.51183 -9999 -9999 -9999 -9999 -9999 -9999 -9999 -9999 -9999 -9999 -9999 -9999 -9999 -9999 -9999 -9999 -9999 -9999 -9999 0.546678 0.555172 -9999 -9999
-9999 -9999 -9999 -9999 0.328636 0.328041 0.331009 0.33186 0.335421 0.348982 0.353378 0.35763 0.363569 0.370838 0.378588 0.382329 0.389851 0.39458 0.39799 0.395432 0.395597 0.397927 0.400764 0.403695 0.410146 0.412994 0.432942 0.44138 0.45345 0.466138 0.48549 0.50601 0.526167 0.543029 -9999 -9999 -9999 -9999 -9999 -9999 0.524947 0.518586 0.514362 0.521358 0.514027 0.507402 0.508027 0.526278 -9999 -9999 -9999 -9999 -9999 -9999 -9999 -9999 -9999 -9999 -9999 -9999 -9999 -9999 0.513317 0.521831 0.540117 0.548776 0.553482 0.56097 -9999 -9999
-9999 -9999 -9999 -9999 0.333933 0.33271 0.334437 0.337248 0.344037 0.355239 0.36066 0.366352 0.372646 0.37862 0.383994 0.391824 0.396504 0.404565 0.400235 0.401227 0.403089 0.409108 0.412047 0.422678 0.428394 0.445877 0.440652 0.450359 0.46724 0.487752 0.517729 0.520281 0.531099 0.546976 -9999 -9999 -9999 -9999 -9999 -9999 0.530824 0.52367 0.517247 0.515295 0.521835 0.510157 0.521574 0.527313 0.528799 0.52441 0.52284 0.527481 0.51553 0.515426 0.51981 0.518616 -9999 -9999 -9999 -9999 0.520636 0.519548 0.518124 0.520733 0.540588 0.553593 0.565211 0.569313 -9999 -9999
-9999 -9999 -9999 -9999 0.332502 0.334521 0.339471 0.346907 0.35131 0.363726 0.369105 0.378952 0.385534 0.391208 0.396045 0.401133 0.407026 0.408303 0.409597 0.411863 0.422806 0.435486 0.430176 0.4348 0.461658 0.454232 0.450119 0.460809 0.480652 0.503489 0.520599 0.522159 0.535884 0.557737 -9999 -9999 -9999 0.559463 0.55126 0.550818 0.54782 0.538422 0.530779 0.518876 0.513926 0.522122 0.526051 0.53153 0.537972 0.536237 0.525763 0.524381 0.518275 0.518408 0.522926 0.528736 0.527162 0.526791 0.527293 0.528376 0.528408 0.527552 0.526907 0.52938 0.541528 0.550596 0.55582 0.568222 -9999 -9999
-9999 -9999 -9999 -9999 0.342646 0.345603 0.350025 0.355753 0.363811 0.36929 0.382843 0.386762 0.393126 0.402337 0.404456 0.408603 0.411785 0.414482 0.416777 0.425948 0.4382 0.450415 0.456056 0.462178 0.473207 0.473354 0.469196 0.472865 0.495004 0.515998 0.523604 0.538097 0.55433 0.573041 -9999 -9999 0.582419 0.566449 0.554895 0.548607 0.546085 0.544839 0.535148 0.532962 0.522553 0.53191 0.543744 0.542074 0.540293 0.537862 0.541055 0.541225 0.538434 0.527988 0.528764 0.530597 0.530335 0.531311 0.532148 0.532617 0.533804 0.53253 0.531314 0.532216 0.544494 0.549601 0.559445 0.579089 -9999 -9999
-9999 -9999 -9999 -9999 0.349075 0.352269 0.355671 0.363446 0.368815 0.375999 0.392768 0.395938 0.400446 0.408954 0.415684 0.416349 0.419099 0.420859 0.421878 0.430079 0.439226 0.453438 0.462233 0.475383 0.480751 0.498146 0.498019 0.503382 0.509657 0.513042 0.521342 0.540967 0.554649 0.572575 0.585607 -9999 0.587581 0.581389 0.567365 0.55469 0.545882 0.547441 0.536306 0.532717 0.532894 0.534958 0.54192 0.550143 0.550643 0.552077 0.54647 0.538143 0.538435 0.538045 0.532089 0.533486 0.534698 0.535942 0.536833 0.537152 0.537047 0.536379 0.535448 0.534758 0.53938 0.547838 0.560941 0.582148 -9999 -9999
-9999 -9999 -9999 0.350755 0.351432 0.352321 0.358224 0.365374 0.373048 0.38127 0.395293 0.401148 0.407741 0.413579 0.424947 0.428196 0.429451 0.426991 0.427246 0.427244 0.431492 0.448612 0.459954 0.475488 0.489626 0.499741 0.501065 0.495704 0.501164 0.513117 0.526075 0.546621 0.55734 0.572053 0.593033 0.595038 0.589286 0.584734 0.575401 0.55975 0.547922 0.541501 0.537719 0.537718 0.534384 0.542267 0.546439 0.548165 0.551641 0.552587 0.553295 0.550404 0.550222 0.540765 0.540204 0.53699 0.538431 0.539755 0.540654 0.540956 0.540751 0.540133 0.538858 0.537259 0.538718 0.546121 0.571813 0.583928 -9999 -9999
-9999 -9999 -9999 -9999 0.355288 0.360697 0.369073 0.377303 0.384293 0.390864 0.401528 0.409122 0.413788 0.419774 0.429557 0.439458 0.436252 0.434955 0.432448 0.431302 0.430514 0.45206 0.460965 0.468827 0.482622 0.483611 0.483724 0.488139 0.495784 0.515431 0.535271 0.561802 0.581853 0.587225 0.599168 0.596861 0.594018 0.581258 0.57175 0.567338 0.563256 0.54576 0.543746 0.544013 0.539379 0.544421 0.545797 0.549942 0.548959 0.549803 0.55048 0.562831 0.554012 0.554184 0.547589 0.542974 0.5412 0.542637 0.543551 0.54404 0.543872 0.54316 0.541808 0.542311 0.543947 0.549002 0.576882 0.58658 -9999 -9999
-9999 -9999 -9999 -9999 -9999 -9999 0.37446 0.382117 0.390865 0.398478 0.40583 0.411963 0.417865 0.42391 0.431123 0.440337 0.444015 0.443557 0.449097 0.44405 0.438819 0.439368 0.441146 0.456361 0.467463 0.464282 0.47059 0.485695 0.499168 0.51293 0.535286 0.557629 0.579882 0.597406 0.601901 0.590916 0.580777 0.567776 0.561934 0.565292 0.560115 0.554353 0.544926 0.540081 0.54062 0.54608 0.546911 0.553363 0.54737 0.547307 0.550878 0.554207 0.555716 0.552697 0.552 0.546849 0.546091 0.544544 0.545627 0.546133 0.546055 0.545377 0.546772 0.546342 0.545826 0.545462 0.574311 0.592758 -9999 -9999
-9999 -9999 -9999 -9999 -9999 -9999 0.382316 0.391117 0.397725 0.398258 0.408527 0.414728 0.422069 0.427155 0.433517 0.442153 0.44946 0.455262 0.462293 0.458348 0.448201 0.442669 0.443095 0.456835 0.454951 0.460996 0.470003 0.488391 0.503774 0.514898 0.536632 0.560322 0.576739 0.597024 0.594155 0.589834 0.582546 0.567713 0.557476 0.552901 0.556937 0.551615 0.540997 0.540568 0.545869 0.545327 0.548841 0.557719 0.548961 0.546873 0.549527 0.549695 0.552804 0.551911 0.549902 0.547999 0.546877 0.547097 0.546994 0.547568 0.547499 0.547948 0.547899 0.547598 0.547305 0.54705 0.565674 0.59539 -9999 -9999
-9999 -9999 -9999 -9999 -9999 -9999 -9999 0.399779 0.401422 0.398628 0.410656 0.419036 0.423393 0.428997 0.436078 0.441404 0.449862 0.459647 0.477441 0.472951 0.463778 0.450894 0.445091 0.448144 0.456588 0.467392 0.488663 0.508416 0.515773 0.524044 0.541462 0.561926 0.57943 0.576379 0.571991 0.566098 0.563574 0.566059 0.557291 0.54984 0.552992 0.546691 0.539342 0.542439 0.544283 0.545918 0.550083 0.550587 0.550542 0.545844 0.549936 0.548323 0.550449 0.550842 0.549891 0.548758 0.547557 0.547597 0.54788 0.548145 0.548543 0.5486 0.5487 0.548714 0.548664 0.548642 0.55022 0.564453 0.574779 -9999
-9999 -9999 -9999 -9999 -9999 -9999 -9999 0.409622 0.415396 0.409886 0.420165 0.421071 0.424171 0.429557 0.438208 0.444276 0.456077 0.459764 0.476444 0.483906 0.478093 0.481473 0.464363 0.450138 0.458405 0.495858 0.512597 0.526361 0.529646 0.535359 0.544338 0.571883 0.581249 0.569561 0.563076 0.558114 0.554251 0.554832 0.555352 0.54385 0.542066 0.538253 0.539135 0.538874 0.545017 0.548958 0.546087 0.550192 0.551249 0.546371 0.552069 0.547777 0.550393 0.551869 0.551983 0.548906 0.548352 0.548146 0.548714 0.548934 0.549678 0.549402 0.549497 0.549704 0.550006 0.550106 0.550378 0.548619 0.557622 0.560622
-9999 -9999 -9999 -9999 -9999 -9999 -9999 -9999 0.430968 0.418945 0.423932 0.426063 0.425118 0.429463 0.439929 0.445633 0.456782 0.466362 0.481507 0.498905 0.508033 0.482762 0.461545 0.452057 0.458495 0.49042 0.506027 0.51158 0.510451 0.521405 0.53105 0.554233 0.56241 0.571648 0.571348 0.565453 0.558476 0.550456 0.544695 0.544621 0.541217 0.538262 0.538364 0.538 0.539116 0.540152 0.546409 0.542914 0.546767 0.54541 0.546952 0.548323 0.551205 0.554359 0.551856 0.549632 0.548995 0.550365 0.550066 0.550178 0.550875 0.552173 0.550517 0.550909 0.551302 0.551765 0.552098 0.54831 0.549052 0.554513
-9999 -9999 -9999 -9999 -9999 -9999 -9999 -9999 0.442615 0.430092 0.434344 0.42784 0.431866 0.4362 0.438774 0.443725 0.452548 0.465046 0.475563 0.495201 0.515946 0.49001 0.466048 0.455435 0.45813 0.487247 0.485323 0.495453 0.498446 0.513232 0.522364 0.535246 0.545957 0.556838 0.571919 0.579201 0.560145 0.550508 0.542841 0.539559 0.538109 0.537939 0.539631 0.539348 0.548693 0.542723 0.543674 0.544925 0.546203 0.547 0.548016 0.54905 0.551509 0.55137 0.553214 0.552552 0.553414 0.552487 0.55203 0.552171 0.552916 0.554154 0.55584 0.555581 0.552861 0.55352 0.554113 0.550207 0.550092 0.550241
-9999 -9999 -9999 -9999 -9999 -9999 -9999 -9999 0.47352 0.450582 0.447188 0.439479 0.438251 0.438282 0.439401 0.445623 0.450283 0.459713 0.468717 0.482255 0.502282 0.515732 0.497728 0.470768 0.460813 0.46743 0.472568 0.483317 0.493609 0.499155 0.503506 0.519532 0.539053 0.553101 0.56112 0.566127 0.552093 0.550599 0.552191 0.536799 0.537608 0.53957 0.546943 0.555271 0.555431 0.556588 0.553993 0.559738 0.555634 0.552029 0.550808 0.551078 0.553666 0.557083 0.556205 0.557264 0.556066 0.555256 0.554871 0.554979 0.555655 0.556962 0.558606 0.560371 0.559545 0.561327 0.556354 0.552293 0.552256 0.55238
-9999 -9999 -9999 -9999 -9999 -9999 -9999 -9999 0.480951 0.470361 0.453872 0.452016 0.442835 0.44275 0.440675 0.443364 0.4484 0.457002 0.467475 0.479141 0.49683 0.51091 0.499803 0.483385 0.472903 0.47378 0.474947 0.479759 0.485671 0.499543 0.505035 0.515641 0.524538 0.541531 0.549067 0.559307 0.543662 0.542411 0.545592 0.538252 0.539628 0.553071 0.563847 0.566473 0.562421 0.569397 0.571311 0.570465 0.567199 0.557296 0.565805 0.564928 0.562208 0.56037 0.562128 0.560688 0.559588 0.558787 0.558463 0.558539 0.559127 0.560389 0.56195 0.563748 0.565822 0.564137 0.565865 0.561899 0.55484 0.5549
-9999 -9999 -9999 -9999 -9999 -9999 -9999 -9999 0.488017 0.479446 0.464697 0.457148 0.446949 0.444278 0.442572 0.444523 0.450367 0.455562 0.462914 0.47364 0.48189 0.495014 0.512501 0.491518 0.488463 0.487713 0.498859 0.49657 0.501158 0.508407 0.518179 0.517297 0.525075 0.535575 0.539653 0.545526 0.537192 0.537855 0.538859 0.540238 0.551682 0.567351 0.580276 0.573478 0.576728 0.574773 0.587392 0.584868 0.577887 0.575747 0.574903 0.578583 0.568677 0.569653 0.567247 0.5653 0.563777 0.563165 0.562692 0.562866 0.563474 0.564525 0.566007 0.567704 0.569574 0.571444 0.569092 0.564672 0.565304 0.571733
-9999 -9999 -9999 -9999 -9999 -9999 -9999 -9999 -9999 0.498547 0.486733 0.467853 0.458345 0.452957 0.451215 0.453143 0.45705 0.461349 0.466941 0.475718 0.486527 0.502425 0.515444 0.513365 0.511504 0.516512 0.51614 0.506403 0.505734 0.516399 0.544899 0.542569 0.533107 0.534522 0.536382 0.538156 0.536046 0.538077 0.541628 0.549803 0.572946 0.583122 0.593502 0.594375 0.600654 0.593576 0.597774 0.588999 0.585491 0.58427 0.593461 0.595014 0.587494 0.581918 0.581204 0.577192 0.568808 0.568105 0.567754 0.56794 0.568423 0.569331 0.570624 0.577305 0.579363 0.581396 0.579091 0.573804 0.575193 0.575939
-9999 -9999 -9999 -9999 -9999 -9999 -9999 -9999 -9999 0.515399 0.494348 0.471341 0.465884 0.459983 0.454906 0.456846 0.462128 0.46731 0.472761 0.478921 0.491524 0.504176 0.51673 0.523565 0.525767 0.532972 0.529342 0.515085 0.515453 0.520608 0.556071 0.564229 0.551111 0.539989 0.540087 0.542119 0.557649 0.555382 0.564298 0.576216 0.580538 0.586791 0.598422 0.595386 0.604411 0.602926 0.605118 0.600555 0.598563 0.592271 0.600341 0.604259 0.597368 0.590972 0.589685 0.582952 0.579981 0.57876 0.578302 0.578312 0.578842 0.579728 0.581106 0.582763 0.584572 0.586537 0.588745 0.587548 0.591336 0.591492
-9999 -9999 -9999 -9999 -9999 -9999 -9999 -9999 -9999 0.515631 0.502125 0.482032 0.467625 0.46926 0.463196 0.461077 0.466854 0.473126 0.479632 0.484046 0.497566 0.512414 0.525294 0.540148 0.542178 0.538147 0.532132 0.524187 0.525817 0.531769 0.559764 0.557528 0.549248 0.545393 0.545075 0.547422 0.551641 0.554515 0.561457 0.565216 0.574696 0.58888 0.595472 0.593946 0.60902 0.609596 0.605973 0.612199 0.604194 0.600443 0.610906 0.611835 0.601838 0.596246 0.591175 0.58833 0.586803 0.585077 0.584831 0.584865 0.585309 0.586169 0.587296 0.588821 0.590416 0.592974 0.595966 0.607013 0.599074 0.598387
-9999 -9999 -9999 -9999 -9999 -9999 -9999 -9999 -9999 0.516155 0.504231 0.487211 0.477845 0.478428 0.471569 0.46561 0.468933 0.475521 0.47932 0.486343 0.498276 0.511384 0.525647 0.534519 0.550433 0.542301 0.539939 0.533667 0.532596 0.560336 0.5669 0.562311 0.557438 0.556401 0.550932 0.5523 0.555767 0.566697 0.57266 0.571928 0.575333 0.580354 0.590579 0.592477 0.599557 0.603266 0.60671 0.614759 0.610881 0.610857 0.614477 0.609681 0.604378 0.600584 0.59702 0.595639 0.593851 0.591854 0.591603 0.591709 0.592166 0.592848 0.593906 0.59547 0.59704 0.600482 0.605593 0.614037 0.613486 0.60499
-9999 -9999 -9999 -9999 -9999 -9999 -9999 -9999 -9999 0.522658 0.509617 0.495525 0.491338 0.492983 0.478582 0.470683 0.47318 0.47769 0.482614 0.49604 0.498334 0.503584 0.516717 0.534519 0.55388 0.55616 0.551303 0.544394 0.54358 0.5769 0.584181 0.583297 0.575082 0.567695 0.559673 0.558719 0.562961 0.579465 0.596899 0.590729 0.584073 0.585483 0.589209 0.598672 0.602568 0.606143 0.61319 0.622202 0.623275 0.620931 0.620298 0.616665 0.610966 0.606096 0.607429 0.606063 0.601427 0.598766 0.598671 0.598821 0.599139 0.599788 0.600689 0.602495 0.604415 0.607008 0.618359 0.625636 0.626702 0.610883
-9999 -9999 -9999 -9999 -9999 -9999 -9999 -9999 -9999 0.531889 0.523358 0.510007 0.506417 0.498597 0.485224 0.479943 0.478742 0.481434 0.485639 0.49319 0.498975 0.507717 0.521191 0.538592 0.557707 0.571523 0.570164 0.559479 0.565681 0.591577 0.600481 0.595612 0.586929 0.572681 0.565238 0.565707 0.568133 0.572726 0.585887 0.601448 0.602696 0.59683 0.604048 0.612201 0.609547 0.611356 0.61821 0.623381 0.626575 0.629859 0.629879 0.627282 0.620919 0.611489 0.610013 0.610144 0.606132 0.605926 0.605932 0.606006 0.606364 0.606875 0.607571 0.608989 0.611394 0.619062 0.625801 0.634851 0.636386 0.612449
-9999 -9999 -9999 -9999 -9999 -9999 -9999 -9999 -9999 0.545016 0.534276 0.521974 0.510469 0.49957 0.490453 0.49226 0.488616 0.491272 0.490649 0.494359 0.501675 0.509481 0.521493 0.542829 0.561478 0.581642 0.581116 0.566897 0.589496 0.600676 0.618424 0.606145 0.592085 0.579355 0.57334 0.581732 0.576912 0.579048 0.58491 0.594712 0.609117 0.610023 0.620985 0.622451 0.618369 0.617664 0.619405 0.623438 0.626659 0.633131 0.635948 0.635129 0.629455 0.622327 0.615347 0.614248 0.613009 0.613095 0.613265 0.613403 0.613696 0.614207 0.614979 0.616224 0.622538 0.62996 0.634694 0.641011 0.642102 0.620995
