Test_Spring_2018/01_18/Prec/20180114_010.txt
ncols	170
nrows	115
xllcorner	350000.000000
yllcorner	4445000.000000
cellsize	1000.000000
nodata_value	-9999.000000
[rows 31 to 61 of 115, columns 70 to 139 of 170]
0.170112 0.173715 0.176286 0.176893 0.178858 0.184048 0.172491 0.174227 0.185909 0.186467 0.185508 0.185267 0.184151 0.182028 0.181088 0.177414 0.16569 0.169434 0.171388 0.168846 0.171917 0.176396 0.175163 0.168642 0.166736 0.162651 0.165317 0.158792 0.155618 -9999 -9999 -9999 -9999 -9999 -9999 -9999 -9999 -9999 -9999 -9999 -9999 -9999 -9999 -9999 -9999 -9999 -9999 -9999 -9999 -9999 -9999 -9999 -9999 -9999 -9999 -9999 -9999 -9999 -9999 -9999 -9999 -9999 -9999 -9999 -9999 -9999 -9999 -9999 -9999 -9999
0.183468 0.185408 0.18655 0.186576 0.18979 0.192766 0.178765 0.183463 0.194552 0.195379 0.194978 0.193027 0.192419 0.19168 0.191252 0.18837 0.180102 0.17279 0.177379 0.178118 0.176068 0.182059 0.180362 0.174388 0.165534 0.171913 0.171449 0.158309 0.156953 -9999 -9999 -9999 -9999 -9999 -9999 -9999 -9999 -9999 -9999 -9999 -9999 -9999 -9999 -9999 -9999 -9999 -9999 -9999 -9999 -9999 -9999 -9999 -9999 -9999 -9999 -9999 -9999 -9999 -9999 -9999 -9999 -9999 -9999 -9999 -9999 -9999 -9999 -9999 -9999 -9999
0.194031 0.196656 0.196611 0.196775 0.200418 0.201116 0.200971 0.193085 0.203343 0.204523 0.204819 0.204354 0.203917 0.203335 0.201234 0.198042 0.191041 0.182612 0.180956 0.185584 0.186201 0.18734 0.185376 0.1828 0.178489 0.182913 0.184898 0.179471 0.167161 0.171431 -9999 -9999 -9999 -9999 -9999 -9999 -9999 -9999 -9999 -9999 -9999 -9999 -9999 -9999 -9999 -9999 -9999 -9999 -9999 -9999 -9999 -9999 -9999 -9999 -9999 -9999 -9999 -9999 -9999 -9999 -9999 -9999 -9999 -9999 -9999 -9999 -9999 -9999 -9999 -9999
0.203589 0.207189 0.206237 0.203603 0.205623 0.207305 0.211178 0.208047 0.209256 0.213532 0.21414 0.214712 0.213898 0.213293 0.211823 0.208878 0.20443 0.198931 0.189124 0.195331 0.20016 0.20003 0.199738 0.197546 0.192885 0.196719 0.196877 0.188113 0.18422 0.179936 0.17797 -9999 -9999 -9999 -9999 -9999 -9999 -9999 -9999 -9999 -9999 -9999 -9999 -9999 -9999 -9999 -9999 -9999 -9999 -9999 -9999 -9999 -9999 -9999 -9999 -9999 -9999 -9999 -9999 -9999 -9999 -9999 -9999 -9999 -9999 -9999 -9999 -9999 -9999 -9999
-9999 0.21679 0.215342 0.211585 0.213179 0.215542 0.220811 0.229409 0.219517 0.221419 0.223389 0.224186 0.223559 0.219902 0.219933 0.220248 0.217471 0.211095 0.204539 0.20263 0.209584 0.211201 0.210222 0.211271 0.20677 0.208065 0.206803 0.202443 0.202032 0.190523 0.187514 0.182196 -9999 -9999 -9999 -9999 -9999 -9999 -9999 -9999 -9999 -9999 -9999 -9999 -9999 -9999 -9999 -9999 -9999 -9999 -9999 -9999 -9999 -9999 -9999 -9999 -9999 -9999 -9999 -9999 -9999 -9999 -9999 -9999 -9999 -9999 -9999 -9999 -9999 -9999
-9999 -9999 -9999 -9999 0.219396 0.223478 0.235459 0.235888 0.22787 0.230212 0.232649 0.233684 0.231803 0.231368 0.232112 0.230722 0.227504 0.225316 0.220974 0.216174 0.217023 0.222301 0.218431 0.221707 0.220185 0.219907 0.215955 0.216404 0.205249 0.195174 0.192185 0.18761 -9999 -9999 -9999 -9999 -9999 -9999 -9999 -9999 -9999 -9999 -9999 -9999 -9999 -9999 -9999 -9999 -9999 -9999 -9999 -9999 -9999 -9999 -9999 -9999 -9999 -9999 -9999 -9999 -9999 -9999 -9999 -9999 -9999 -9999 -9999 -9999 -9999 -9999
-9999 -9999 -9999 -9999 -9999 0.231787 0.242888 0.247015 0.235979 0.237944 0.241412 0.242822 0.243101 0.24356 0.243419 0.242588 0.240316 0.237338 0.233045 0.231838 0.234631 0.233208 0.230722 0.229644 0.229969 0.227783 0.219342 0.218936 0.213091 0.19637 0.191694 0.191229 0.187981 -9999 -9999 -9999 -9999 -9999 -9999 -9999 -9999 -9999 -9999 -9999 -9999 0.184377 -9999 -9999 -9999 -9999 -9999 -9999 -9999 -9999 -9999 -9999 -9999 -9999 -9999 -9999 -9999 -9999 -9999 -9999 -9999 -9999 0.141757 -9999 -9999 -9999
-9999 -9999 -9999 -9999 0.240352 0.251919 0.253293 0.255751 0.252916 0.245987 0.250026 0.251772 0.252715 0.253443 0.252771 0.253253 0.252218 0.248933 0.247642 0.247778 0.246745 0.245433 0.243623 0.240942 0.237779 0.234485 0.235966 0.229986 0.225482 0.213399 0.204229 0.199497 0.193071 0.188053 -9999 -9999 -9999 -9999 -9999 -9999 -9999 0.191728 0.189831 0.188052 0.187257 0.188533 0.18427 -9999 -9999 -9999 -9999 -9999 -9999 -9999 -9999 -9999 -9999 -9999 -9999 -9999 -9999 -9999 -9999 -9999 -9999 -9999 0.14492 0.140146 -9999 -9999
-9999 -9999 -9999 -9999 0.258812 0.260241 0.260802 0.263149 0.264929 0.254756 0.257435 0.260326 0.262314 0.263308 0.263464 0.264689 0.26317 0.261932 0.260305 0.260583 0.258858 0.255621 0.251905 0.248152 0.242971 0.239898 0.242482 0.237392 0.231147 0.225151 0.211706 0.202886 0.194522 0.187849 -9999 -9999 -9999 -9999 -9999 -9999 0.197603 0.198833 0.198646 0.19287 0.193642 0.193999 0.190963 0.188574 -9999 -9999 -9999 -9999 -9999 -9999 -9999 -9999 -9999 -9999 -9999 -9999 -9999 -9999 0.167244 0.162354 0.152817 0.147805 0.14469 0.140345 -9999 -9999
-9999 -9999 -9999 -9999 0.265126 0.266879 0.268186 0.269908 0.270593 0.265654 0.265333 0.268222 0.270709 0.272915 0.274674 0.274292 0.274229 0.271324 0.273026 0.271126 0.267937 0.26219 0.257595 0.249384 0.243761 0.245605 0.245915 0.239829 0.231036 0.22119 0.20703 0.202742 0.198928 0.192928 -9999 -9999 -9999 -9999 -9999 -9999 0.202186 0.203475 0.203926 0.201905 0.195654 0.197884 0.19767 0.191637 0.187777 0.186925 0.18504 0.176175 0.175966 0.174775 0.171785 0.171664 -9999 -9999 -9999 -9999 0.168285 0.168097 0.167944 0.165793 0.155461 0.148341 0.141913 0.141284 -9999 -9999
-9999 -9999 -9999 -9999 0.273514 0.273819 0.273818 0.273702 0.275968 0.271622 0.27188 0.28179 0.284102 0.286389 0.288323 0.289134 0.288377 0.288519 0.287404 0.284719 0.277063 0.267985 0.267078 0.253157 0.250077 0.248555 0.247856 0.240925 0.230468 0.219376 0.211487 0.20788 0.20288 0.199667 -9999 -9999 -9999 0.202717 0.206408 0.205805 0.205765 0.208146 0.2092 0.20616 0.204821 0.206061 0.199239 0.192918 0.186333 0.183872 0.185861 0.183948 0.177027 0.175654 0.172589 0.173438 0.173493 0.173131 0.17244 0.171498 0.171025 0.170913 0.170628 0.168806 0.157624 0.152301 0.148829 0.139132 -9999 -9999
-9999 -9999 -9999 -9999 0.284041 0.284158 0.284533 0.286716 0.287419 0.289979 0.287052 0.287727 0.290678 0.291778 0.29537 0.296869 0.297472 0.296855 0.295008 0.288661 0.279857 0.270387 0.263675 0.268488 0.259802 0.254315 0.25349 0.24059 0.23506 0.224656 0.221209 0.215313 0.205153 0.197821 -9999 -9999 0.197411 0.205462 0.210783 0.212903 0.212523 0.210868 0.212613 0.21038 0.21171 0.211611 0.20085 0.197796 0.187806 0.185298 0.185167 0.182226 0.177833 0.177557 0.175915 0.174098 0.173525 0.172552 0.171754 0.171169 0.17023 0.170392 0.17045 0.169431 0.162994 0.159894 0.156638 0.141856 -9999 -9999
-9999 -9999 -9999 -9999 0.294757 0.295449 0.296793 0.296803 0.298597 0.293886 0.290263 0.295337 0.296254 0.298102 0.299851 0.303197 0.304071 0.303812 0.302334 0.296081 0.288273 0.277327 0.26856 0.268256 0.261892 0.252573 0.249931 0.245231 0.240665 0.238026 0.226349 0.218121 0.212794 0.202714 0.198299 -9999 0.200181 0.20376 0.210317 0.215445 0.217949 0.214821 0.217023 0.215168 0.218235 0.21343 0.204651 0.200154 0.196082 0.191613 0.190567 0.184872 0.178977 0.177094 0.175552 0.173868 0.172571 0.171484 0.170708 0.170267 0.170027 0.170003 0.170026 0.16985 0.167097 0.164308 0.157582 0.142328 -9999 -9999
-9999 -9999 -9999 0.295744 0.298072 0.300155 0.300619 0.301211 0.302199 0.303443 0.301068 0.299946 0.30339 0.303965 0.303773 0.306051 0.307668 0.309319 0.308012 0.305333 0.299466 0.286732 0.284803 0.276684 0.266591 0.256199 0.252637 0.252755 0.248356 0.241483 0.234693 0.225417 0.215013 0.209505 0.198878 0.199668 0.203746 0.206676 0.211108 0.217669 0.221564 0.222099 0.220684 0.222619 0.220591 0.21556 0.208254 0.203374 0.197599 0.193022 0.188638 0.186099 0.180043 0.176452 0.174855 0.172995 0.171542 0.170413 0.169669 0.169308 0.169213 0.169282 0.16959 0.169962 0.170269 0.166413 0.155885 0.145523 -9999 -9999
-9999 -9999 -9999 -9999 0.300049 0.30032 0.299899 0.300222 0.301731 0.303917 0.303468 0.305869 0.309366 0.309545 0.30818 0.307392 0.311109 0.312146 0.312011 0.309685 0.305956 0.298791 0.291112 0.283802 0.273784 0.267557 0.2644 0.259737 0.254119 0.243427 0.233203 0.220949 0.211455 0.209219 0.201061 0.202154 0.204961 0.211851 0.216446 0.21777 0.218035 0.223756 0.22551 0.223901 0.222917 0.216943 0.210824 0.204601 0.200671 0.195842 0.191132 0.18105 0.178841 0.175358 0.17549 0.172207 0.170681 0.169472 0.168741 0.168355 0.168341 0.168579 0.169063 0.169619 0.170053 0.16778 0.154663 0.145735 -9999 -9999
-9999 -9999 -9999 -9999 -9999 -9999 0.301226 0.301984 0.302765 0.3045 0.305749 0.308761 0.311571 0.313702 0.314386 0.311668 0.312099 0.312687 0.308704 0.308772 0.311142 0.307827 0.30358 0.292869 0.281936 0.279856 0.273703 0.263889 0.255372 0.247265 0.235649 0.225164 0.2144 0.206231 0.204455 0.210097 0.213668 0.220723 0.223656 0.221388 0.222228 0.225566 0.228021 0.227739 0.224378 0.218215 0.212296 0.204857 0.203098 0.198456 0.192096 0.185935 0.178644 0.176325 0.173362 0.173025 0.171215 0.168803 0.16799 0.167642 0.167675 0.16802 0.168559 0.169208 0.169852 0.170331 0.156936 0.144155 -9999 -9999
-9999 -9999 -9999 -9999 -9999 -9999 0.300994 0.301286 0.303056 0.308024 0.307834 0.310576 0.312445 0.314766 0.315615 0.314305 0.312152 0.309753 0.30594 0.306193 0.308646 0.308384 0.304972 0.295139 0.290459 0.284105 0.276692 0.265282 0.255756 0.248725 0.237192 0.225851 0.217562 0.207832 0.20929 0.211614 0.215391 0.22228 0.227315 0.228961 0.226804 0.228068 0.231245 0.229035 0.223557 0.2203 0.213133 0.204508 0.203949 0.200102 0.193964 0.189036 0.180794 0.177181 0.174551 0.172429 0.170583 0.168808 0.167506 0.167148 0.167246 0.167686 0.168298 0.169079 0.169821 0.170443 0.162032 0.144154 -9999 -9999
-9999 -9999 -9999 -9999 -9999 -9999 -9999 0.300376 0.304345 0.310644 0.309369 0.3107 0.313569 0.31526 0.315438 0.315437 0.312836 0.308491 0.299425 0.300103 0.302338 0.305825 0.30565 0.301139 0.291811 0.283389 0.270302 0.258269 0.25246 0.246637 0.236937 0.226894 0.217801 0.218758 0.220656 0.223489 0.224856 0.223867 0.228058 0.231348 0.229265 0.231144 0.232963 0.229283 0.225611 0.22148 0.214085 0.209449 0.204783 0.202103 0.195174 0.190924 0.182993 0.178552 0.175196 0.172499 0.17051 0.168687 0.167527 0.167123 0.167163 0.167667 0.168341 0.169134 0.169935 0.170617 0.170383 0.159921 0.154546 -9999
-9999 -9999 -9999 -9999 -9999 -9999 -9999 0.298669 0.300446 0.307673 0.306812 0.311158 0.314106 0.315418 0.314451 0.314139 0.310264 0.308586 0.300537 0.295022 0.295976 0.292167 0.297697 0.301693 0.2927 0.271991 0.261213 0.252082 0.248181 0.243466 0.237563 0.223997 0.218441 0.223153 0.225736 0.227865 0.229655 0.229903 0.229513 0.235096 0.234715 0.235564 0.233693 0.231803 0.226324 0.221314 0.217359 0.211163 0.206067 0.203513 0.19582 0.19278 0.18453 0.179445 0.175438 0.173502 0.171069 0.169248 0.168061 0.167564 0.167723 0.167909 0.168672 0.169487 0.170249 0.171003 0.171504 0.168601 0.163916 0.161945
-9999 -9999 -9999 -9999 -9999 -9999 -9999 -9999 0.295607 0.305466 0.306584 0.309776 0.314049 0.315319 0.317339 0.315098 0.310079 0.30562 0.298385 0.289945 0.281916 0.291991 0.29988 0.302064 0.294185 0.276394 0.266377 0.261247 0.259462 0.252227 0.245872 0.234221 0.228953 0.223515 0.222884 0.227476 0.230013 0.233066 0.235541 0.235697 0.237605 0.235877 0.234546 0.232917 0.230041 0.226641 0.218545 0.216134 0.209896 0.20582 0.200181 0.194534 0.186149 0.180237 0.177398 0.174979 0.172495 0.17057 0.169278 0.168776 0.168909 0.169527 0.169289 0.170074 0.170866 0.171529 0.172077 0.170055 0.169308 0.166198
-9999 -9999 -9999 -9999 -9999 -9999 -9999 -9999 0.292599 0.302215 0.303118 0.309772 0.318762 0.319346 0.318602 0.316545 0.312532 0.306697 0.301727 0.292394 0.282453 0.291909 0.2986 0.301739 0.298478 0.279714 0.278209 0.271095 0.267448 0.258397 0.25219 0.245319 0.238627 0.232147 0.228063 0.22356 0.231113 0.234788 0.238036 0.239602 0.240522 0.240858 0.236706 0.233015 0.226501 0.226655 0.22122 0.216832 0.212046 0.207171 0.201968 0.196639 0.188523 0.184221 0.179358 0.177358 0.174476 0.17249 0.171225 0.170635 0.170651 0.171189 0.172074 0.171106 0.171707 0.172301 0.172754 0.170606 0.170293 0.169689
-9999 -9999 -9999 -9999 -9999 -9999 -9999 -9999 0.280679 0.294711 0.310292 0.315382 0.319315 0.319796 0.319544 0.316754 0.314631 0.310242 0.306053 0.299723 0.290298 0.283877 0.288715 0.300598 0.299045 0.290996 0.286432 0.279213 0.272238 0.267562 0.263557 0.255217 0.251343 0.241935 0.236841 0.232428 0.237499 0.237204 0.235947 0.243073 0.242807 0.242046 0.238586 0.229514 0.228051 0.221528 0.217906 0.211688 0.209718 0.207187 0.203295 0.198565 0.190537 0.186988 0.18304 0.17968 0.177047 0.175032 0.173703 0.173043 0.172959 0.173296 0.174009 0.174988 0.172942 0.173468 0.173612 0.171258 0.170914 0.170311
-9999 -9999 -9999 -9999 -9999 -9999 -9999 -9999 0.293849 0.300262 0.309586 0.314512 0.319423 0.319777 0.320887 0.319662 0.317313 0.313314 0.308483 0.303124 0.294923 0.288355 0.293503 0.296745 0.300907 0.295696 0.287774 0.283537 0.278745 0.28035 0.275008 0.268701 0.261483 0.252023 0.245962 0.239039 0.244778 0.244241 0.242082 0.245251 0.244555 0.238245 0.233074 0.231443 0.226432 0.221363 0.21578 0.208731 0.206667 0.207406 0.203078 0.19876 0.193018 0.189396 0.185501 0.182512 0.179967 0.17801 0.176637 0.175902 0.175703 0.175849 0.176351 0.177047 0.177716 0.174652 0.174903 0.172183 0.171547 0.170947
-9999 -9999 -9999 -9999 -9999 -9999 -9999 -9999 0.306 0.299312 0.307535 0.315235 0.320468 0.321915 0.322759 0.321821 0.319061 0.316665 0.313328 0.308459 0.304768 0.298731 0.290513 0.300202 0.296396 0.29184 0.29707 0.29636 0.291961 0.285922 0.274298 0.271695 0.266524 0.258843 0.254451 0.249575 0.251813 0.250264 0.248978 0.247864 0.24224 0.234703 0.228369 0.231069 0.228644 0.221086 0.210453 0.213848 0.213714 0.210775 0.20227 0.196177 0.194154 0.190566 0.187872 0.18536 0.183185 0.181228 0.179925 0.179055 0.178675 0.178682 0.178936 0.179368 0.17982 0.180205 0.176131 0.173114 0.17259 0.172155
-9999 -9999 -9999 -9999 -9999 -9999 -9999 -9999 -9999 0.306725 0.31618 0.325163 0.329377 0.331443 0.331735 0.330382 0.328291 0.326278 0.323937 0.320341 0.315953 0.309215 0.303746 0.30516 0.301265 0.293397 0.292337 0.295248 0.293479 0.286019 0.272585 0.271598 0.272899 0.269194 0.265526 0.262262 0.256963 0.25468 0.252055 0.247562 0.236231 0.235595 0.230549 0.229779 0.226102 0.22039 0.213391 0.214887 0.213392 0.21036 0.202052 0.194847 0.194827 0.19338 0.189864 0.188273 0.186477 0.184669 0.183321 0.182361 0.181866 0.181692 0.181732 0.182377 0.182626 0.182834 0.177936 0.174507 0.173566 0.17262
-9999 -9999 -9999 -9999 -9999 -9999 -9999 -9999 -9999 0.307157 0.317636 0.328619 0.331032 0.333466 0.335452 0.334191 0.331506 0.329075 0.326738 0.324257 0.318863 0.313468 0.308028 0.305075 0.303993 0.289522 0.290037 0.295165 0.293045 0.288356 0.273111 0.266382 0.269643 0.272057 0.269393 0.26612 0.256866 0.256397 0.251065 0.244668 0.242099 0.238748 0.232845 0.233678 0.228527 0.227903 0.213191 0.212876 0.210914 0.210583 0.203172 0.195364 0.1953 0.194639 0.191761 0.191766 0.190434 0.18881 0.187418 0.186414 0.185744 0.185406 0.185225 0.185161 0.185128 0.18498 0.184552 0.178046 0.168828 0.168058
-9999 -9999 -9999 -9999 -9999 -9999 -9999 -9999 -9999 0.312712 0.319653 0.329342 0.336088 0.335112 0.337692 0.338441 0.335573 0.332618 0.329709 0.327916 0.321911 0.315275 0.309469 0.302545 0.301387 0.302747 0.293162 0.295379 0.292776 0.287869 0.276511 0.274898 0.276114 0.275324 0.273035 0.269736 0.265857 0.26294 0.25843 0.255696 0.250469 0.243125 0.239332 0.239218 0.231034 0.229326 0.229178 0.211269 0.212348 0.211098 0.202897 0.197234 0.198588 0.197925 0.19718 0.195657 0.193878 0.192633 0.191179 0.190095 0.189292 0.188705 0.188312 0.187936 0.187614 0.186806 0.185661 0.180508 0.168376 0.16789
-9999 -9999 -9999 -9999 -9999 -9999 -9999 -9999 -9999 0.318698 0.32493 0.333269 0.337775 0.337441 0.340529 0.343184 0.341516 0.338393 0.336672 0.333504 0.328051 0.322009 0.31532 0.310995 0.303121 0.306285 0.294442 0.295897 0.294647 0.284117 0.278643 0.278343 0.278173 0.276264 0.276577 0.273867 0.270404 0.263682 0.259544 0.258768 0.25619 0.252916 0.247163 0.245205 0.240594 0.237286 0.233767 0.214364 0.213669 0.210901 0.205935 0.203516 0.202998 0.201831 0.200702 0.198773 0.197337 0.196355 0.194945 0.193766 0.1928 0.192053 0.191381 0.190634 0.18995 0.188359 0.185878 0.181658 0.165105 0.168169
-9999 -9999 -9999 -9999 -9999 -9999 -9999 -9999 -9999 0.32237 0.329189 0.336266 0.338482 0.337804 0.344579 0.348246 0.347009 0.344839 0.342494 0.336152 0.335026 0.332442 0.326033 0.317265 0.307564 0.305674 0.299867 0.296281 0.294959 0.281968 0.276301 0.274437 0.276038 0.277315 0.279003 0.277516 0.27376 0.264416 0.25481 0.256458 0.258427 0.256628 0.253698 0.247952 0.244649 0.241267 0.235986 0.22476 0.212652 0.211164 0.206712 0.205696 0.20566 0.205304 0.202163 0.200486 0.200594 0.200056 0.198615 0.197365 0.196322 0.195368 0.194483 0.193289 0.192089 0.190548 0.184802 0.180845 0.170995 0.169074
-9999 -9999 -9999 -9999 -9999 -9999 -9999 -9999 -9999 0.325176 0.329962 0.336828 0.33893 0.342874 0.349313 0.351849 0.352394 0.351049 0.348939 0.345192 0.342198 0.337711 0.330868 0.322026 0.312208 0.304705 0.304166 0.295016 0.290349 0.280972 0.274655 0.274823 0.276824 0.281515 0.283099 0.281074 0.278254 0.274535 0.266891 0.258195 0.256275 0.257694 0.252895 0.247545 0.247129 0.244427 0.239147 0.234454 0.216213 0.211265 0.207595 0.206309 0.206836 0.208892 0.207334 0.205189 0.205191 0.203622 0.202179 0.200926 0.19974 0.198649 0.197596 0.196277 0.194515 0.190252 0.18636 0.181284 0.179633 0.172278
-9999 -9999 -9999 -9999 -9999 -9999 -9999 -9999 -9999 0.326469 0.332417 0.338958 0.344975 0.350557 0.355151 0.354461 0.356199 0.354838 0.354889 0.352767 0.34881 0.344482 0.33803 0.327044 0.317181 0.306473 0.305385 0.302693 0.290115 0.282787 0.272393 0.276182 0.280878 0.285029 0.286107 0.280491 0.281173 0.278646 0.274407 0.268328 0.260065 0.258105 0.251327 0.248904 0.248957 0.247269 0.244279 0.240068 0.230692 0.214848 0.210255 0.208303 0.208713 0.209915 0.211181 0.209829 0.208704 0.207117 0.205649 0.204338 0.203075 0.201805 0.200473 0.198947 0.195032 0.190562 0.187303 0.183231 0.181544 0.180714
